276847	0	9
276847	1	9
276847	2	9
276847	3	10
276847	4	9
276964	5	8
276964	6	6
276964	7	9
276964	8	9
276964	9	9
276964	10	10
276964	11	10
276964	12	10
276964	13	10
276964	14	9
277042	15	10
277042	16	10
277042	17	8
277042	18	9
277042	20	7
277157	22	10
277157	23	10
277157	24	10
277157	25	10
277157	26	10
277157	27	8
277157	29	10
277157	30	10
277157	31	10
277157	32	8
277157	33	10
277195	35	9
277195	36	10
277195	37	9
277195	38	9
277195	39	8
277195	40	10
277195	41	8
277195	42	10
277195	43	10
277203	44	9
277203	45	10
277203	46	10
277203	47	10
277203	48	9
277203	49	9
277378	50	5
277378	51	8
277378	52	8
277378	54	8
277378	55	9
277378	56	8
277427	57	10
277427	58	10
277427	59	7
277427	60	9
277427	61	8
277427	62	10
277427	63	8
277427	64	9
277427	65	10
277427	66	9
277427	67	10
277427	68	9
277427	69	9
277427	70	3
277427	71	9
277427	72	9
277427	73	10
277427	74	8
277427	75	9
277427	76	10
277427	77	7
277427	78	7
277427	79	10
277427	80	10
277427	81	10
277427	82	8
277427	83	10
277427	84	8
277427	85	10
277427	86	10
277427	87	10
277427	88	10
277427	89	9
277427	90	8
277427	91	9
277427	92	10
277427	93	10
277427	94	10
277427	95	10
277427	96	10
277427	97	9
277427	98	10
277427	99	8
277427	100	10
277427	101	9
277427	102	10
277427	103	9
277427	104	10
277427	105	9
277427	106	9
277427	107	9
277427	108	9
277427	109	8
277427	110	10
277427	111	9
277427	112	10
277427	113	10
277427	114	10
277427	115	9
277427	116	9
277427	117	10
277427	118	9
277427	119	10
277427	120	9
277427	121	9
277427	122	10
277427	123	9
277439	124	1
277439	125	9
277439	24	10
277439	126	9
277439	127	6
277478	128	10
277478	129	10
277478	130	10
277478	131	8
277478	132	10
277478	133	9
277523	134	8
277523	135	9
277523	136	10
277523	137	9
277523	138	10
277523	139	8
277523	140	9
277523	141	9
277523	142	10
277523	143	10
277523	144	10
277523	145	9
277523	146	9
277523	147	10
277523	148	10
277523	149	8
277523	150	10
277523	151	10
277523	152	9
277623	57	8
277623	153	10
277623	154	9
277623	155	10
277623	156	10
277623	157	9
277629	158	9
277629	159	10
277629	74	7
277629	161	10
277629	162	9
277629	163	10
277639	164	9
277639	165	6
277639	166	10
277639	167	10
277639	168	10
277639	169	6
277639	170	8
277639	171	9
277639	172	10
277639	173	10
277639	174	9
277639	175	10
277710	176	7
277710	177	10
277710	178	9
277710	146	8
277710	179	6
277744	181	10
277744	182	10
277744	183	7
277744	184	10
277744	185	9
277744	186	10
277744	187	10
277744	188	10
277873	189	9
277873	190	10
277873	191	9
277873	192	6
277873	193	10
277922	194	10
277922	195	7
277922	196	10
277922	197	8
277922	198	10
277928	199	9
277928	200	10
277928	201	9
277928	202	9
277928	203	10
277928	204	10
277928	205	10
277928	206	9
277937	207	7
277937	208	9
277937	209	10
277937	210	9
277937	211	10
277937	212	10
277937	213	9
277937	214	8
277945	215	10
277945	216	9
277945	217	10
277945	218	8
277945	219	9
277945	220	10
277945	221	9
277945	222	10
277945	223	9
277945	224	8
277945	225	9
277945	226	10
277959	227	8
277959	228	9
277959	229	9
277959	230	8
277959	231	9
277959	232	6
277965	233	10
277965	234	9
277965	235	6
277965	236	10
277965	237	9
277965	238	10
277965	239	9
277965	192	6
277965	240	8
277965	108	10
277965	241	9
277965	242	10
278007	243	6
278007	244	9
278007	245	10
278007	246	9
278007	247	10
278007	248	10
278026	59	6
278026	249	9
278026	250	10
278026	251	9
278026	252	10
278026	165	9
278026	253	10
278026	254	10
278026	255	9
278026	256	9
278026	257	9
278026	258	9
278026	259	9
278026	260	9
278026	261	10
278026	262	7
278026	263	10
278026	264	10
278026	265	9
278026	266	10
278026	267	9
278026	268	10
278026	151	9
278026	269	10
278026	270	10
278026	271	10
278137	272	10
278137	273	10
278137	274	6
278137	275	9
278137	276	10
278137	277	9
278137	278	9
278137	279	7
278137	280	10
278137	281	10
278137	282	10
278137	283	10
278137	284	9
278188	287	10
278188	288	10
278188	289	10
278188	290	10
278188	291	10
278188	292	9
278188	293	10
278188	195	9
278188	294	7
278188	295	10
278188	296	10
278188	297	10
278188	298	10
278188	299	10
278194	300	10
278194	301	9
278194	302	10
278194	303	10
278194	304	10
278194	305	9
278194	306	10
278194	307	9
278194	308	8
278194	309	10
278194	144	10
278194	310	10
278194	87	8
278194	311	9
278194	266	8
278194	312	9
278194	313	9
278194	314	9
278202	315	9
278202	316	9
278202	317	10
278202	318	9
278202	319	10
278202	320	7
278202	321	8
278202	322	10
278202	323	10
278202	324	10
278202	325	9
278202	326	9
278221	327	10
278221	328	10
278221	329	10
278221	330	10
278221	331	10
278221	285	7
278221	332	9
278356	333	10
278356	334	9
278356	335	10
278356	336	10
278356	337	9
278356	338	7
278356	339	7
278356	340	9
278356	341	8
278356	342	9
278390	343	10
278390	344	9
278390	345	10
278390	346	8
278390	347	9
278390	348	10
278390	349	9
278390	350	10
278390	127	5
278390	312	7
278390	351	9
278390	352	7
278418	353	10
278418	354	9
278418	355	10
278418	356	10
278418	357	9
278418	358	9
278418	359	9
278418	360	9
278418	361	9
278418	362	10
278418	363	10
278418	364	9
278418	365	9
278418	366	9
278418	265	8
278418	367	7
278418	368	10
278418	369	8
278418	370	8
278418	371	9
278418	372	10
278418	373	9
278418	374	10
278418	375	10
278535	250	9
278535	376	9
278535	377	9
278535	378	10
278535	16	10
278535	379	7
278535	17	8
278535	380	9
278535	381	10
278535	382	10
278535	383	10
278554	384	8
278554	385	10
278554	60	9
278554	386	10
278554	387	10
278554	388	9
278554	389	10
278554	390	10
278582	393	7
278582	394	9
278582	395	9
278582	396	9
278582	397	9
278582	252	9
278582	398	10
278582	399	10
278582	400	8
278582	401	9
278582	259	10
278582	402	9
278582	403	10
278582	404	7
278633	405	8
278633	406	10
278633	407	9
278633	408	10
278633	409	8
278633	410	8
278633	124	2
278633	411	10
278633	412	9
278633	413	10
278633	414	6
278633	415	9
278633	416	8
278633	417	8
278633	418	10
278633	419	10
278633	420	10
278633	421	9
278633	422	9
278633	423	9
278633	424	9
278633	425	9
278633	426	9
278633	427	9
278843	428	8
278843	429	10
278843	407	7
278843	409	7
278843	430	10
278843	431	8
278843	432	10
278843	433	10
278843	434	6
278843	435	9
278843	436	10
278843	241	10
99	317	10
99	437	10
99	438	10
99	439	9
99	440	9
114	441	10
114	443	10
114	444	9
114	445	10
114	127	6
243	446	8
243	447	10
243	243	6
243	61	7
243	411	10
243	448	10
243	449	9
243	450	10
243	451	4
243	452	9
243	453	9
243	257	10
243	454	10
243	455	9
243	456	8
244	447	8
244	457	8
244	458	9
244	459	9
244	460	9
244	456	9
244	152	10
254	461	10
254	462	9
254	463	10
254	464	7
254	465	4
254	466	10
254	467	10
254	468	8
254	469	9
254	470	8
254	431	9
254	471	10
254	338	6
254	472	8
254	339	9
254	473	8
254	474	9
254	475	9
254	476	9
254	477	8
254	478	8
254	479	10
254	480	8
254	481	10
254	482	8
254	41	7
254	192	6
254	483	9
254	484	10
388	485	10
388	486	7
388	487	9
388	488	9
388	350	10
388	489	10
388	490	10
446	491	10
446	492	10
446	493	8
446	494	9
446	495	10
503	496	9
503	497	10
503	498	10
503	500	8
503	501	9
505	502	9
505	503	10
505	504	10
505	505	9
505	506	10
505	507	10
507	508	8
507	509	9
507	510	10
507	465	6
507	511	9
507	512	10
507	513	10
507	514	10
507	515	10
507	191	9
507	516	10
507	517	9
507	518	10
507	519	10
507	520	10
507	521	10
507	522	9
507	523	9
507	524	8
507	525	9
507	526	10
507	527	8
507	528	10
638	529	10
638	530	9
638	531	10
638	124	2
638	532	8
638	136	9
638	533	7
638	61	5
638	535	9
638	537	8
638	538	8
638	539	10
638	70	1
638	540	8
638	541	9
638	542	10
638	543	10
638	544	10
638	546	10
638	547	9
638	548	9
638	549	9
638	550	8
638	552	8
638	553	10
638	554	9
638	555	10
638	556	8
643	557	10
643	558	10
643	88	9
643	559	9
643	560	9
643	561	10
643	562	10
643	563	10
643	564	8
651	565	10
651	566	10
651	567	9
651	568	9
651	569	9
651	570	10
709	571	10
709	572	10
709	573	8
709	574	9
735	575	9
735	576	10
735	577	8
735	578	10
735	579	10
805	580	8
805	581	3
805	582	10
805	583	9
805	585	9
805	227	7
805	587	10
805	588	9
805	589	10
805	591	10
805	592	8
805	593	10
805	594	10
834	595	10
834	596	9
834	597	9
834	598	10
834	556	10
882	599	9
882	600	10
882	601	9
882	602	10
882	158	10
882	70	3
882	603	10
882	604	9
882	185	8
882	579	9
882	605	9
882	606	9
882	607	10
882	608	10
882	609	9
882	610	10
882	611	7
882	612	10
882	613	9
882	614	7
882	192	5
882	106	10
929	615	10
929	616	10
929	617	10
929	618	9
929	619	9
929	620	9
929	621	9
929	622	8
929	623	10
929	624	10
929	625	10
1025	626	9
1025	581	5
1025	627	10
1025	628	9
1025	629	10
1025	630	10
1025	631	10
1025	632	9
1025	500	10
1025	426	9
1025	633	10
1075	465	6
1075	124	1
1075	634	9
1075	70	3
1075	635	10
1075	636	10
1075	637	8
1075	404	7
1116	638	9
1116	639	10
1116	640	10
1116	641	9
1116	642	9
1129	643	8
1129	316	9
1129	644	9
1129	645	10
1129	646	10
1131	207	8
1131	486	8
1131	647	9
1131	648	10
1131	649	10
1131	650	10
1131	651	10
1131	652	9
1131	653	8
1131	654	10
1131	655	10
1131	656	10
1131	657	7
1131	658	10
1131	659	10
1131	660	10
1131	661	9
1131	662	10
1131	663	10
1131	664	10
1131	665	6
1155	666	9
1155	667	10
1155	668	10
1155	669	10
1155	476	9
1155	670	10
1155	671	10
1167	672	9
1167	673	10
1167	674	10
1167	675	9
1167	676	10
1211	677	10
1211	678	8
1211	679	10
1211	680	9
1211	70	3
1211	132	9
1211	681	9
1211	682	9
1261	61	7
1261	683	9
1261	684	9
1261	590	7
1261	685	10
1409	686	9
1409	288	10
1409	505	10
1409	687	10
1409	688	9
1412	227	6
1412	689	9
1412	68	9
1412	690	9
1412	691	9
1424	692	9
1424	693	6
1424	176	10
1424	694	9
1424	695	10
1424	678	8
1424	696	10
1424	697	10
1424	698	10
1424	699	9
1424	700	10
1424	701	9
1424	702	9
1424	449	7
1424	703	9
1424	53	9
1424	704	8
1424	705	9
1424	637	10
1424	285	7
1435	446	7
1435	706	9
1435	707	9
1435	708	9
1435	709	9
1435	710	10
1435	711	9
1435	657	7
1435	712	10
1435	179	9
1435	713	10
1435	714	10
1435	715	8
1435	500	10
1435	716	8
1435	717	9
1435	352	9
1435	20	8
1435	456	9
1435	718	10
1548	719	10
1548	720	8
1548	721	10
1548	722	9
1548	723	9
1548	590	5
1548	724	10
1548	725	9
1585	727	10
1585	63	9
1585	728	10
1585	729	10
1585	730	10
1585	731	10
1585	732	10
1585	733	9
1585	7	10
1660	734	10
1660	736	9
1660	737	10
1660	738	9
1660	739	10
1674	740	10
1674	741	9
1674	742	7
1674	743	9
1674	744	8
1674	745	10
1674	746	10
1674	747	10
1674	748	9
1674	749	9
1674	750	10
1674	751	10
1674	752	9
1733	753	10
1733	651	9
1733	754	9
1733	755	9
1733	601	9
1733	756	8
1733	757	10
1733	758	9
1733	759	9
1733	760	10
1733	761	9
1733	762	10
1733	323	9
1733	763	8
1733	764	9
1733	765	9
1733	766	10
1733	767	9
1733	434	6
1733	768	10
1733	769	9
1733	770	10
1733	20	5
1733	771	10
1733	772	10
1733	773	10
1848	638	10
1848	227	7
1848	774	7
1848	775	10
1848	776	9
1848	777	5
1848	778	8
1848	620	7
1848	779	9
1848	780	10
1848	781	6
1848	782	9
1848	783	10
1848	784	6
1903	586	7
1903	785	10
1903	786	10
1903	787	10
1903	788	10
1903	789	9
1903	790	9
1903	791	9
1903	784	9
2010	792	9
2010	793	10
2010	794	10
2010	795	8
2010	796	9
2010	797	10
2010	798	10
2012	799	10
2012	800	7
2012	801	9
2012	802	10
2012	803	8
2012	804	9
2012	52	9
2012	805	10
2030	806	10
2030	807	10
2030	808	9
2030	810	10
2030	629	8
2030	811	9
2030	812	10
2030	814	10
2030	815	10
2033	816	10
2033	817	9
2033	818	10
2033	819	9
2033	820	9
2033	821	10
2033	627	9
2033	274	6
2033	822	10
2033	823	9
2033	824	9
2033	471	8
2033	472	7
2033	473	7
2033	341	5
2033	825	10
2033	826	9
2033	827	10
2033	828	9
2033	829	9
2033	830	10
2033	831	8
2033	480	7
2033	832	10
2033	833	9
2033	834	10
2033	835	10
2033	836	9
2033	837	8
2033	838	8
2033	839	8
2033	840	10
2033	841	10
2033	842	8
2033	843	10
2033	844	9
2033	845	9
2033	846	10
2033	847	10
2033	848	10
2033	849	9
2033	850	10
2033	851	8
2033	852	10
2033	853	10
2033	854	10
2033	855	9
2033	856	10
2033	857	10
2033	858	10
2041	67	10
2041	624	9
2041	860	10
2041	861	10
2110	862	8
2110	863	10
2110	458	8
2110	572	10
2110	864	9
2110	865	10
2110	866	10
2110	867	9
2110	868	10
2110	869	10
2110	870	10
2110	871	8
2110	688	9
2110	222	9
2110	403	10
2110	872	10
2110	434	6
2110	873	9
2110	874	9
2110	875	9
2110	876	10
2110	877	10
2110	878	9
2139	879	10
2139	880	8
2139	265	8
2139	605	9
2139	881	10
2139	882	10
2179	883	8
2179	884	9
2179	885	9
2179	70	3
2179	886	8
2179	477	10
2179	887	10
2179	480	7
2179	481	9
2179	888	10
2179	889	10
2287	890	9
2287	583	10
2287	891	10
2287	892	8
2287	893	10
2287	894	9
2288	649	8
2288	895	8
2288	896	9
2288	897	9
2288	898	10
2288	180	8
2313	899	9
2313	900	8
2313	901	10
2313	902	10
2313	903	9
2313	904	8
2313	905	8
2313	906	10
2313	907	10
2313	908	10
2313	909	10
2337	581	5
2337	405	10
2337	465	4
2337	910	10
2337	397	7
2337	540	8
2337	911	8
2337	912	10
2337	85	10
2337	324	9
2337	913	10
2358	914	9
2358	915	10
2358	396	9
2358	916	10
2358	917	9
2358	918	9
2358	919	10
2358	920	10
2358	921	10
2399	922	10
2399	274	8
2399	923	9
2399	924	10
2766	925	9
2766	926	10
2766	927	10
2766	124	2
2766	928	10
2766	929	10
2766	930	10
2766	360	10
2766	931	10
2766	432	10
2766	574	9
2766	378	9
2766	932	10
2766	933	9
2766	934	6
2766	935	8
2766	936	9
2766	937	10
2766	938	10
2766	803	8
2766	939	10
2766	940	10
2766	908	8
2766	202	10
2766	941	10
2766	100	9
2766	942	9
2766	637	9
2766	943	10
2766	120	8
2766	20	7
2766	133	7
2766	944	10
2891	945	10
2891	581	4
2891	465	5
2891	227	6
2891	946	10
2891	947	9
2891	903	9
2891	746	10
2891	69	10
2891	948	10
2891	749	8
2891	906	9
2891	949	9
2891	950	8
2891	592	7
2891	593	8
2891	951	10
2891	285	8
2891	952	9
2891	953	9
2891	954	9
2891	955	9
2891	956	9
2977	890	10
2977	696	10
2977	957	7
2977	958	8
2977	744	9
2977	959	10
2977	960	9
2977	961	8
2977	488	9
2977	590	5
2977	962	8
2977	963	10
2977	41	6
2977	964	10
2977	965	10
3145	966	10
3145	967	10
3145	968	10
3145	347	10
3145	969	9
3145	970	10
3145	971	7
3145	972	10
3145	973	8
3145	974	9
3145	729	9
3145	975	10
3145	976	10
3145	977	10
3145	978	8
3167	979	8
3167	980	10
3167	274	3
3167	981	9
3167	720	9
3167	628	9
3167	982	10
3167	574	10
3167	983	9
3167	984	9
3167	985	9
3167	986	10
3167	987	9
3167	988	8
3167	989	10
3167	990	10
3167	991	9
3167	784	7
3282	992	10
3282	993	10
3282	994	9
3282	996	10
3329	997	8
3329	369	10
3329	998	10
3329	999	10
3329	1000	9
3331	1001	10
3331	125	10
3331	1002	9
3331	1003	9
3331	328	10
3331	1004	8
3331	1005	9
3331	1006	10
3331	506	9
3346	508	8
3346	1007	9
3346	1008	9
3346	1009	8
3346	124	1
3346	1010	10
3346	1011	10
3346	1012	9
3346	469	8
3346	1013	10
3346	1014	8
3346	521	9
3346	522	10
3346	843	10
3346	844	8
3346	1015	10
3346	1016	10
3346	1017	10
3363	1018	9
3363	1019	9
3363	1020	9
3363	1021	9
3363	1022	10
3363	1023	10
3363	1024	10
3363	410	8
3363	567	9
3363	1025	10
3363	1026	8
3363	1027	10
3363	1028	9
3363	667	9
3363	1029	9
3363	1030	9
3363	1031	9
3363	668	9
3363	1032	9
3363	1033	9
3363	1034	10
3363	1035	8
3363	657	7
3363	476	10
3363	1036	9
3363	1037	9
3363	1038	9
3363	597	9
3363	202	9
3363	1039	10
3363	1040	9
3371	649	10
3371	1041	10
3371	290	10
3371	1042	10
3371	758	9
3371	1043	10
3371	1044	9
3371	1045	10
3371	1046	9
3371	414	6
3371	620	9
3371	1047	10
3371	1048	9
3371	1049	10
3371	1050	9
3371	1051	10
3371	1052	10
3371	676	9
3371	1040	9
3371	1053	10
3373	1001	10
3373	1054	8
3373	1055	6
3373	1056	10
3373	1057	10
3373	1058	6
3373	1059	9
3373	1060	10
3373	1061	9
3373	1002	9
3373	1062	10
3373	1063	9
3373	1064	8
3373	365	10
3373	380	7
3373	1065	9
3373	1066	10
3373	1067	9
3373	127	6
3373	1068	9
3373	1069	10
3556	70	2
3556	140	9
3556	1070	9
3556	1071	8
3556	127	4
3556	1072	10
3556	1073	9
3556	1074	8
3556	1075	10
3556	1076	10
3578	1078	10
3578	1079	10
3578	1081	9
3578	1082	9
3578	1083	10
3578	1084	10
3640	1085	8
3640	1086	9
3640	1087	10
3640	1088	9
3640	1089	9
3640	1090	9
3640	1091	8
3640	127	5
3640	1092	10
3719	1093	9
3719	1094	9
3719	1095	9
3719	1096	8
3719	1097	8
3719	1098	10
3719	1099	9
3719	1100	10
3719	1101	9
3817	1102	9
3817	1103	9
3817	1104	9
3817	1105	10
3817	1106	10
3827	1107	10
3827	1108	8
3827	1110	9
3827	1111	10
3827	1112	9
3827	1113	10
3827	1114	8
3827	901	9
3827	1116	10
3827	1117	9
3827	1118	9
3827	1011	9
3827	1119	10
3827	1120	10
3827	1121	9
3827	1122	10
3827	745	8
3827	747	10
3827	1124	10
3827	1125	9
3827	1126	10
3827	1127	9
3827	1128	10
3827	1129	9
3827	1130	9
3827	834	10
3827	54	8
3827	1132	10
3827	888	10
3827	1134	8
3840	1135	10
3840	1136	9
3840	1137	10
3840	140	9
3840	1138	10
3840	764	9
3840	1139	10
3840	1140	9
3840	1141	10
3917	1143	10
3917	1144	9
3917	1146	9
3917	655	10
3917	52	9
3917	1147	10
3917	1148	10
3917	1149	9
3917	1150	10
3917	1151	10
3917	1153	10
3917	1154	10
3923	1155	8
3923	643	9
3923	1156	8
3923	1157	9
3923	1158	8
3923	1159	9
3923	1160	10
3923	1161	10
3923	1162	8
3923	1163	9
3923	436	8
4017	1164	10
4017	1165	9
4017	429	9
4017	446	8
4017	1166	10
4017	1168	10
4017	1170	10
4017	1171	8
4017	582	10
4017	406	10
4017	407	8
4017	1143	8
4017	1173	10
4017	1174	9
4017	1175	10
4017	410	8
4017	124	2
4017	411	7
4017	1135	9
4017	1177	9
4017	1179	10
4017	1180	8
4017	1181	10
4017	1182	10
4017	1184	9
4017	958	10
4017	1185	10
4017	1186	8
4017	1187	10
4017	1188	10
4017	1189	8
4017	1190	9
4017	1191	8
4017	1192	10
4017	1193	8
4017	1194	10
4017	1195	9
4017	575	8
4017	1196	9
4017	1197	9
4017	1199	10
4017	934	7
4017	935	8
4017	1200	10
4017	1201	10
4017	906	9
4017	1202	10
4017	1203	10
4017	1204	9
4017	1206	8
4017	52	10
4017	421	8
4017	1208	9
4017	1209	9
4017	614	7
4017	192	4
4017	500	9
4017	1212	9
4017	1213	9
4017	313	10
4017	1214	9
4017	1052	10
4017	1215	9
4017	598	10
4017	1216	10
4017	1217	10
4017	1219	7
4098	1220	8
4098	1221	9
4098	1056	9
4098	70	2
4098	1222	9
4098	127	6
4157	883	5
4157	1223	10
4157	1224	10
4157	1225	9
4157	1104	7
4157	115	8
4197	1228	10
4197	26	10
4197	28	9
4197	1231	9
4197	1232	10
4197	1233	9
4221	1234	10
4221	1027	9
4221	1235	10
4221	667	10
4221	141	8
4221	1236	10
4221	1237	8
4221	1238	10
4221	501	7
4334	883	8
4334	1239	10
4334	1240	9
4334	870	9
4334	1241	9
4334	1242	10
4483	1166	10
4483	1243	7
4483	1244	10
4483	1245	9
4483	1246	10
4622	1247	10
4622	1168	10
4622	1248	8
4622	720	8
4622	1249	10
4622	1250	9
4622	1251	10
4785	487	9
4785	1253	9
4785	809	8
4785	1254	9
4785	1255	10
4785	1158	8
4785	1239	10
4785	1257	10
4785	1258	10
4795	883	8
4795	693	6
4795	458	9
4795	1259	9
4795	124	3
4795	1185	9
4795	886	8
4795	590	6
4795	501	7
4809	471	7
4809	472	8
4809	473	9
4809	1260	10
4809	480	8
4938	487	8
4938	503	8
4938	1261	7
4938	895	9
4938	358	9
4938	6	7
4938	1262	10
4938	1263	10
4938	1264	8
4938	1265	10
4938	1100	9
4938	1266	9
5037	1267	9
5037	169	8
5037	170	9
5037	414	8
5037	51	8
5037	1270	10
5037	1271	10
5037	1272	9
5037	1273	9
5209	1274	10
5209	1275	10
5209	1276	10
5209	1277	10
5209	1278	10
5385	1279	10
5385	981	6
5385	1280	9
5385	1281	9
5385	1282	7
5385	551	7
5439	581	5
5439	1284	9
5439	1285	10
5439	1286	10
5439	1287	8
5439	1288	10
5439	267	8
5439	1289	7
5439	1290	10
5476	1291	7
5476	410	9
5476	124	1
5476	1292	9
5476	1293	9
5476	1294	9
5476	1295	10
5476	70	3
5476	1296	10
5476	195	8
5476	1297	9
5476	1298	10
5476	1299	10
5476	962	10
5476	1300	9
5476	1301	9
5476	1302	10
5476	1303	10
5476	1304	9
5476	1305	9
5476	1076	10
5499	1306	9
5499	137	10
5499	1308	10
5499	141	8
5499	1310	9
5499	126	10
5499	1311	9
5499	1312	10
5499	1313	10
5499	1314	10
5499	1315	9
5499	1317	10
5539	1318	9
5539	465	4
5539	183	8
5539	1119	9
5539	1319	10
5539	1120	9
5539	1320	9
5539	262	9
5539	179	10
5539	1321	8
5539	1068	9
5539	1322	9
5539	1323	10
5582	1324	10
5582	1325	10
5582	1326	10
5582	407	9
5582	1253	7
5582	1327	10
5582	1328	9
5582	1329	9
5582	1330	10
5582	1331	8
5582	1118	8
5582	1332	10
5582	1119	10
5582	1333	9
5582	469	7
5582	1334	9
5582	1335	10
5582	669	9
5582	1336	10
5582	810	9
5582	1337	9
5582	1338	10
5582	1339	9
5582	1103	9
5582	1340	10
5582	1341	10
5582	1342	10
5582	982	9
5582	1343	9
5582	1344	7
5582	811	10
5582	1345	8
5582	1346	10
5582	1071	8
5582	1347	9
5582	912	9
5582	85	9
5582	1348	10
5582	1349	10
5582	1350	8
5582	1351	10
5582	1352	10
5582	1353	9
5582	1354	10
5582	1355	10
5582	1356	10
5582	1357	9
5582	1358	9
5582	1359	10
5582	1360	9
5582	1361	9
5582	1362	10
5582	1363	9
5582	1364	9
5582	1365	10
5582	1366	10
5582	1367	9
5582	1368	10
5582	1369	9
5582	952	9
5582	1370	8
5582	152	10
5582	1371	8
5665	1372	9
5665	1373	10
5665	1374	10
5665	605	8
5665	1375	9
5728	1376	9
5728	418	7
5728	1377	10
5728	1378	10
5728	1203	9
5728	1379	10
5728	1380	8
5741	249	10
5741	915	9
5741	1381	9
5741	262	9
5741	1065	9
5746	1382	7
5746	1383	10
5746	1384	10
5746	1385	10
5746	1386	10
5815	136	9
5815	1387	8
5815	540	6
5815	1388	10
5815	1389	10
5815	552	9
5903	1390	9
5903	1391	8
5903	1392	10
5903	69	9
5903	1393	10
5903	388	8
5903	730	10
5903	1394	10
5903	1395	10
5903	426	8
5903	1396	10
5903	1397	9
5903	1398	9
5963	583	10
5963	1399	10
5963	1400	10
5963	949	8
5963	1401	9
5963	1402	10
6073	890	9
6073	1403	9
6073	1404	9
6073	946	9
6073	1405	9
6073	1406	10
6073	1407	10
6073	1408	10
6073	959	8
6073	170	8
6073	1409	10
6073	1256	10
6073	1410	8
6073	1412	9
6073	1414	8
6073	1415	7
6073	1416	10
6073	1417	9
6073	436	9
6073	1082	8
6115	1419	10
6115	1420	10
6115	1421	9
6115	1422	9
6115	77	7
6115	259	10
6115	1423	10
6115	157	8
6238	1424	10
6238	1425	10
6238	1426	10
6238	1143	9
6238	1427	10
6238	822	10
6238	1428	8
6238	1429	9
6238	1177	9
6238	1430	9
6238	1431	10
6238	1432	10
6238	635	10
6238	1433	8
6238	1434	9
6238	1435	10
6238	1436	9
6323	1437	10
6323	1438	10
6323	1439	10
6323	734	10
6323	503	9
6323	1440	10
6323	1441	9
6323	1442	9
6323	1443	10
6323	1444	8
6323	1445	8
6323	432	8
6323	1268	9
6323	1446	10
6323	1447	10
6323	1448	9
6323	1449	9
6323	1450	10
6323	1451	9
6323	1452	10
6323	1453	8
6323	32	9
6323	1454	9
6323	1455	10
6323	1456	10
6323	1457	9
6323	1458	10
6333	643	7
6333	1459	10
6333	1460	10
6333	1461	10
6333	1462	10
6333	1463	10
6345	1464	9
6345	1465	9
6345	776	9
6345	712	9
6345	1466	9
6345	1356	10
6345	1467	10
6431	471	7
6431	472	9
6431	473	9
6431	341	6
6431	1470	9
6431	480	8
6431	1471	10
6431	20	6
6532	1472	9
6532	1146	10
6532	1473	10
6532	1474	10
6532	1475	9
6532	630	9
6532	1476	10
6532	1477	9
6532	1014	9
6532	1478	10
6532	1479	9
6532	1480	9
6532	1481	10
6532	1482	9
6532	88	9
6532	1483	10
6532	1484	10
6532	1485	10
6532	1486	10
6532	1487	10
6532	670	10
6532	1380	8
6532	784	8
6532	1488	10
6532	1489	10
6537	1490	8
6537	1491	8
6537	935	7
6537	657	7
6537	1492	10
6537	1493	10
6543	457	8
6543	59	8
6543	1494	9
6543	1495	9
6543	181	9
6543	1496	9
6543	1497	9
6543	316	10
6543	1498	10
6543	1499	9
6543	1500	10
6543	303	10
6543	1501	10
6543	465	6
6543	1502	9
6543	1503	10
6543	134	9
6543	1504	9
6543	1505	8
6543	1506	10
6543	391	8
6543	1507	9
6543	1508	10
6543	1509	9
6543	774	7
6543	1510	9
6543	1511	9
6543	1512	9
6543	947	10
6543	1513	8
6543	1514	9
6543	1515	8
6543	1516	10
6543	1189	8
6543	1517	9
6543	1518	10
6543	1519	10
6543	1520	10
6543	1521	10
6543	1522	10
6543	746	10
6543	1523	9
6543	1491	8
6543	1524	10
6543	1311	10
6543	1525	8
6543	1526	9
6543	1527	7
6543	728	10
6543	16	9
6543	379	7
6543	1528	10
6543	1529	9
6543	1530	10
6543	1288	10
6543	1531	9
6543	1532	9
6543	1533	9
6543	1534	10
6543	1535	9
6543	433	9
6543	1536	10
6543	1537	9
6543	93	10
6543	1538	9
6543	1539	10
6543	1540	9
6543	1541	10
6543	939	10
6543	1542	10
6543	1416	9
6543	1543	9
6543	1544	9
6543	1545	9
6543	1546	10
6543	232	9
6543	1547	9
6543	1548	9
6543	1549	10
6543	1151	9
6543	156	8
6543	157	9
6543	1550	8
6543	1551	9
6543	1552	10
6543	1219	8
6563	1553	10
6563	1554	7
6563	457	8
6563	1555	10
6563	1556	9
6563	1023	10
6563	1291	5
6563	1558	10
6563	1559	9
6563	1560	10
6563	880	9
6563	1561	9
6563	1562	10
6563	1563	10
6563	341	5
6563	1268	10
6563	1564	10
6563	414	6
6563	1565	10
6563	1566	10
6563	1567	9
6563	1568	9
6563	1569	10
6563	632	10
6563	1570	10
6563	1571	10
6563	41	7
6563	1572	7
6563	1573	9
6563	202	10
6563	1574	8
6563	1575	10
6563	665	7
6563	1576	10
6563	781	6
6563	241	9
6563	156	10
6563	286	10
6563	1579	9
6564	1580	10
6564	1581	8
6564	1582	9
6564	1583	9
6564	1584	10
6566	1585	9
6566	1586	10
6566	1587	10
6566	216	8
6566	1059	10
6566	1588	10
6566	1589	8
6566	1590	10
6566	179	9
6566	1591	10
6566	404	7
6577	1592	10
6577	982	10
6577	377	9
6577	1593	10
6577	1003	8
6577	1594	9
6577	614	7
6577	500	8
6577	214	7
6577	19	9
6577	1595	10
6611	1019	10
6611	1596	9
6611	1597	8
6611	1598	10
6611	1599	10
6611	1226	9
6611	1600	10
6611	435	10
6611	1357	10
6611	1601	9
6611	1602	9
6611	1603	7
6662	1604	10
6662	1605	9
6662	1343	10
6662	1606	10
6662	1607	9
6662	1608	10
6662	1609	10
6662	1610	10
6671	1611	10
6671	1612	10
6671	1613	10
6671	1614	9
6671	1615	9
6679	50	5
6679	1616	10
6679	657	6
6679	1617	9
6679	941	9
6769	1459	10
6769	1618	10
6769	1619	10
6769	1062	10
6769	1461	10
6769	1621	9
6772	428	10
6772	1622	10
6772	1104	7
6772	1623	10
6772	1624	10
6772	1237	9
6772	1625	9
6772	1626	6
6772	1627	7
6772	1628	10
6772	796	10
6772	1574	10
6772	1629	9
6772	206	10
6789	1630	9
6789	708	10
6789	1631	6
6789	414	9
6789	1632	10
6789	1633	10
6789	213	10
7082	59	7
7082	1634	9
7082	1635	9
7082	1636	8
7082	1328	7
7082	1637	10
7082	1638	9
7082	1639	8
7082	1640	9
7082	1354	9
7082	267	7
7082	1641	7
7082	1642	10
7105	1643	9
7105	1644	10
7105	1645	10
7105	465	5
7105	1646	9
7105	680	9
7105	631	10
7105	632	9
7105	1647	10
7105	20	6
7125	1648	10
7125	384	9
7125	1649	10
7125	1650	10
7125	693	6
7125	1253	8
7125	1651	9
7125	1652	9
7125	1653	10
7125	1654	10
7125	1655	10
7125	1656	10
7125	1657	8
7125	1658	10
7125	1058	8
7125	1659	9
7125	1660	8
7125	1336	10
7125	1661	8
7125	1662	10
7125	1663	10
7125	1664	9
7125	1665	10
7125	1666	8
7125	687	10
7125	180	9
7125	1541	10
7125	1667	10
7125	1668	9
7125	665	6
7125	1669	10
7125	1670	10
7125	34	8
7125	1671	8
7125	1398	9
7125	1251	8
7125	781	8
7125	1577	9
7125	1672	10
7125	157	8
7125	1673	10
7134	1494	9
7134	1674	10
7134	50	4
7134	1675	9
7134	1676	10
7134	1677	9
7134	1678	10
7134	404	10
7158	1679	10
7158	409	9
7158	1680	9
7158	1307	10
7158	1681	10
7158	1682	10
7158	1684	9
7158	1685	10
7158	1686	9
7158	1687	9
7158	1688	9
7158	545	9
7158	1689	10
7158	1626	5
7158	16	8
7158	51	7
7158	1691	10
7158	657	6
7158	1692	8
7158	1693	10
7158	1694	10
7158	421	10
7158	19	9
7158	1696	9
7158	456	9
7158	1697	10
7210	1698	9
7210	583	9
7210	1699	10
7210	1700	9
7210	1701	10
7210	1702	9
7210	1663	10
7210	1703	10
7210	1704	9
7210	624	9
7210	1705	9
7283	207	8
7283	457	8
7283	1706	10
7283	1291	6
7283	680	10
7283	1707	10
7283	1708	10
7283	1186	7
7283	70	5
7283	1709	9
7283	1491	8
7283	451	7
7283	1710	10
7283	1711	10
7283	1712	8
7283	1384	9
7283	988	10
7283	1713	8
7283	1714	10
7283	665	7
7283	1141	10
7286	774	10
7286	1715	10
7286	72	8
7286	1716	8
7286	1717	9
7286	932	10
7286	933	10
7286	1718	9
7286	1719	9
7286	877	9
7286	739	10
7312	1720	10
7312	1158	7
7312	1721	10
7312	1722	10
7312	31	9
7312	1723	9
7352	639	9
7352	1724	10
7352	1725	9
7352	1726	10
7352	997	8
7352	1727	10
7352	1728	9
7352	1729	8
7352	1730	10
7371	1731	8
7371	1732	10
7371	1733	10
7371	589	8
7371	1124	10
7371	1734	10
7371	612	10
7371	1735	9
7371	1736	9
7569	1737	9
7569	1738	8
7569	1739	8
7569	1740	9
7569	1741	9
7620	50	4
7620	1707	9
7620	1742	9
7620	169	7
7620	1269	8
7620	1743	8
7620	1744	10
7620	1212	9
7809	1634	9
7809	1745	10
7809	950	10
7809	434	6
7809	1746	10
7841	457	7
7841	1747	10
7841	1748	10
7841	533	6
7841	68	10
7841	911	10
7841	934	8
7841	1749	10
7841	1750	9
7841	1752	10
7841	1753	10
7841	1754	10
7860	170	7
7860	378	9
7860	657	7
7860	1755	10
7860	421	7
7864	1428	7
7864	1756	8
7864	801	9
7864	1757	10
7887	776	8
7887	1758	10
7887	1759	9
7887	1760	9
7887	1574	8
7887	1323	10
7887	1368	10
7887	501	9
7887	1761	8
7890	1762	10
7890	1235	7
7890	1763	10
7890	1764	9
7890	1765	9
7913	1622	9
7913	63	8
7913	1766	10
7913	1105	9
7913	1767	10
7913	312	10
7913	1768	9
7915	1769	10
7915	1770	8
7915	1651	9
7915	50	4
7915	1372	9
7915	1636	7
7915	1329	10
7915	391	10
7915	1771	10
7915	1772	9
7915	1558	10
7915	1773	8
7915	1774	10
7915	200	9
7915	70	2
7915	968	9
7915	589	10
7915	292	10
7915	414	8
7915	1779	10
7915	1238	9
7915	590	6
7915	1780	9
7915	1781	7
7915	18	10
7915	1433	8
7915	1782	10
7915	781	8
7958	1783	9
7958	1784	9
7958	1785	10
7958	1286	10
7958	388	10
7958	1786	10
7958	920	9
7958	1787	9
7958	1788	8
7958	285	7
7958	352	8
7958	1789	10
7958	54	9
7958	1790	10
8019	57	9
8019	1791	10
8019	1792	8
8019	1793	10
8019	1794	10
8019	1795	10
8019	6	7
8019	1796	9
8019	1534	10
8019	607	10
8019	608	10
8019	1797	10
8019	1798	10
8019	1799	9
8019	1800	10
8019	1801	10
8019	1802	10
8019	1803	10
8019	1804	10
8066	1630	7
8066	1805	10
8066	926	10
8066	1806	10
8066	1783	7
8066	465	6
8066	227	7
8066	650	8
8066	1807	10
8066	1808	8
8066	1809	10
8066	1810	8
8066	746	10
8066	451	6
8066	657	5
8066	1811	10
8066	1812	9
8066	999	10
8066	1753	9
8066	1813	10
8066	1814	10
8066	665	9
8066	1576	10
8066	1815	10
8066	1396	10
8066	232	9
8066	1816	8
8066	1817	10
8066	1818	8
8066	1084	6
8066	1819	10
8067	384	8
8067	59	9
8067	863	10
8067	407	8
8067	335	9
8067	1652	10
8067	1504	10
8067	1820	10
8067	1328	7
8067	1821	8
8067	1822	10
8067	391	6
8067	1823	8
8067	1824	8
8067	1586	9
8067	1587	9
8067	1654	8
8067	1825	8
8067	1659	8
8067	1826	9
8067	1827	9
8067	1828	9
8067	880	7
8067	673	8
8067	644	10
8067	361	9
8067	76	10
8067	1662	7
8067	279	7
8067	1744	10
8067	1829	10
8067	1830	10
8067	1831	10
8067	1832	10
8067	261	9
8067	1664	9
8067	1833	9
8067	1834	9
8067	1835	9
8067	1836	9
8067	1837	10
8067	1838	10
8067	1839	9
8067	1840	8
8067	1841	10
8067	267	9
8067	1614	10
8067	1842	9
8067	977	10
8067	1843	10
8067	1844	10
8067	373	9
8067	1577	10
8067	1845	10
8067	1846	10
8067	1847	9
8067	1848	10
8067	1849	10
8067	1850	10
8089	1045	10
8089	1852	9
8089	1853	9
8089	1854	10
8187	1636	10
8187	1328	8
8187	1821	7
8187	1329	9
8187	391	10
8187	393	9
8187	165	8
8187	1855	9
8187	267	7
8188	1284	7
8188	1143	7
8188	1574	7
8188	1856	9
8188	1857	9
8234	1823	10
8234	243	5
8234	1387	9
8234	1858	9
8234	1421	9
8234	1071	8
8234	1860	9
8234	1048	7
8234	1861	10
8234	662	9
8234	1862	10
8245	1864	9
8245	1554	8
8245	333	10
8245	1865	9
8245	1866	9
8245	1867	10
8245	1868	10
8245	1870	10
8245	696	8
8245	1872	8
8245	1023	10
8245	50	5
8245	1820	10
8245	215	10
8245	1391	8
8245	536	8
8245	1874	9
8245	1875	9
8245	689	10
8245	721	9
8245	1808	9
8245	1189	10
8245	1876	9
8245	1878	8
8245	1879	10
8245	307	8
8245	1491	9
8245	588	8
8245	703	9
8245	1388	9
8245	338	8
8245	291	9
8245	1881	9
8245	589	9
8245	77	8
8245	1882	7
8245	1883	9
8245	1884	10
8245	1886	9
8245	1887	9
8245	590	7
8245	1205	9
8245	87	9
8245	1888	10
8245	1854	8
8245	1889	9
8245	1890	9
8245	18	9
8245	421	7
8245	1891	9
8245	1213	9
8245	240	9
8245	425	10
8245	1302	9
8245	1892	9
8245	1765	8
8245	1578	9
8245	186	10
8253	35	9
8253	446	7
8253	581	6
8253	1893	10
8253	1166	10
8253	693	6
8253	447	8
8253	1894	9
8253	1895	10
8253	1896	10
8253	957	8
8253	243	6
8253	124	2
8253	1897	9
8253	1510	10
8253	1333	10
8253	1089	10
8253	1898	9
8253	634	10
8253	1159	9
8253	1899	10
8253	1900	9
8253	1320	9
8253	1901	10
8253	588	10
8253	1103	8
8253	1902	8
8253	971	6
8253	1702	9
8253	934	9
8253	1688	9
8253	546	9
8253	730	7
8253	1903	10
8253	1904	9
8253	480	9
8253	41	4
8253	53	10
8253	1905	10
8253	1272	6
8253	614	7
8253	192	6
8253	1906	9
8253	598	9
8253	1789	9
8253	1907	10
8253	1908	7
8253	489	8
8255	227	7
8255	689	10
8255	1909	9
8255	1910	10
8255	526	10
8255	1911	9
8284	176	8
8284	1587	9
8284	1912	9
8284	1913	9
8284	1914	10
8284	1915	10
8314	1916	10
8314	1882	8
8314	1917	8
8314	1918	9
8314	954	10
8314	1919	8
8323	1920	10
8323	288	10
8323	1921	9
8323	1922	10
8323	1923	10
8323	1375	10
8323	1924	9
8362	428	9
8362	1925	10
8362	412	8
8362	1926	10
8362	1927	10
8362	1928	10
8362	619	9
8362	1929	9
8362	542	10
8362	1930	9
8362	1205	8
8362	1931	10
8362	1932	7
8362	662	9
8362	422	10
8362	352	9
8454	1164	9
8454	1933	10
8454	1019	10
8454	1934	10
8454	1935	10
8454	447	9
8454	457	6
8454	862	8
8454	405	7
8454	1936	10
8454	1253	8
8454	809	8
8454	409	6
8454	1937	10
8454	465	5
8454	1938	10
8454	287	9
8454	1172	10
8454	1939	9
8454	227	7
8454	1940	10
8454	957	8
8454	243	6
8454	535	10
8454	1941	8
8454	1942	10
8454	1943	9
8454	1898	8
8454	1944	10
8454	449	7
8454	1901	10
8454	1945	10
8454	972	9
8454	1830	10
8454	1946	8
8454	1947	8
8454	1948	9
8454	1665	10
8454	1949	10
8454	1950	10
8454	1951	10
8454	1952	9
8454	98	10
8454	99	10
8454	192	6
8454	1953	9
8454	1954	10
8454	1955	9
8454	665	8
8454	1397	10
8454	1956	10
8454	1289	8
8454	1957	9
8454	954	9
8454	1958	10
8454	718	9
8454	1959	9
8487	1960	10
8487	160	9
8487	975	9
8487	1739	8
8487	1961	10
8529	808	10
8529	1253	8
8529	1962	10
8529	471	9
8529	613	7
8529	1963	9
8570	1166	10
8570	1066	7
8570	1964	7
8570	560	10
8570	1434	7
8570	1965	8
8680	925	8
8680	902	9
8680	1966	10
8680	1703	9
8680	1755	10
8680	1967	9
8680	1968	10
8680	752	9
8680	1969	9
8681	816	9
8681	1970	9
8681	1971	10
8681	465	6
8681	1174	10
8681	1175	9
8681	50	5
8681	1224	9
8681	397	9
8681	1972	9
8681	1089	10
8681	1973	9
8681	470	10
8681	1320	7
8681	1974	10
8681	959	10
8681	1975	10
8681	1976	9
8681	1977	10
8681	1978	9
8681	1979	10
8681	1980	8
8681	1981	9
8681	948	8
8681	1982	10
8681	1983	10
8681	1984	10
8681	459	9
8681	1985	10
8681	1986	9
8681	350	10
8681	611	8
8681	480	9
8681	481	9
8681	1386	9
8681	1433	8
8681	104	10
8681	1987	10
8681	1988	9
8681	1367	10
8681	1989	10
8681	1990	10
8681	1084	8
8681	1991	9
8695	1992	9
8695	1993	10
8695	1994	9
8695	1995	9
8695	1996	9
8695	1997	10
8695	1998	10
8695	970	10
8734	1999	9
8734	50	6
8734	2000	10
8734	2001	9
8734	470	9
8734	2002	10
8734	70	4
8734	2003	9
8734	730	10
8734	2004	9
8734	2005	7
8734	232	9
8734	2006	9
8734	2007	9
8734	739	7
8734	2008	9
8782	2009	9
8782	1504	9
8782	2010	9
8782	2011	9
8782	373	10
8782	781	7
8782	241	10
8782	1083	9
8782	2012	10
8801	457	7
8801	124	1
8801	533	7
8801	2013	10
8801	1432	10
8801	2014	10
8801	160	9
8801	1627	8
8801	2015	8
8801	127	5
8801	1360	10
8864	2016	9
8864	2017	10
8864	2018	10
8864	2019	9
8864	2020	10
8864	2021	10
8864	2022	10
8864	404	6
8870	496	9
8870	165	7
8870	2023	9
8870	1193	9
8870	70	3
8870	347	10
8870	2024	10
8870	1289	7
8872	957	9
8872	2025	10
8872	2026	6
8872	1691	9
8872	1855	10
8872	894	10
8872	1853	8
8872	86	9
8872	262	8
8872	2027	9
8872	2028	10
8872	2029	9
8872	2030	10
8930	316	8
8930	2031	7
8930	1498	10
8930	1499	10
8930	1500	9
8935	2032	10
8935	1527	9
8935	589	10
8935	1984	8
8935	611	7
8935	861	10
8936	2033	10
8936	1442	9
8936	1858	8
8936	1421	9
8936	2034	10
8936	2035	9
8936	892	9
8936	2036	9
8936	2037	9
8936	2038	9
8936	2039	8
8936	2040	9
8936	1861	9
8936	2041	10
8936	2042	10
8936	2043	10
8937	1938	9
8937	1680	9
8937	1941	9
8937	2044	10
8937	2045	9
8937	2046	10
8937	2047	10
8937	1207	10
8937	500	9
8937	2048	9
8937	2049	10
8937	2050	8
8971	1079	9
8971	1701	9
8971	713	10
8971	2052	10
8971	2053	10
8971	2054	9
9094	2055	9
9094	2056	9
9094	2058	9
9094	2059	9
9094	2060	9
9177	176	9
9177	2061	9
9177	2062	9
9177	2063	9
9177	1598	9
9177	2064	6
9177	88	9
9177	2065	10
9226	879	9
9226	884	8
9226	1055	8
9226	778	9
9226	2066	10
9227	2067	9
9227	777	6
9227	2068	10
9227	897	10
9227	2069	9
9227	2070	9
9227	2071	10
9227	2072	10
9227	96	10
9227	2073	10
9227	2074	10
9227	2075	10
9227	2076	9
9343	165	10
9343	70	3
9343	2077	9
9343	1233	10
9354	2078	10
9354	2079	10
9354	2080	10
9354	279	8
9354	2081	10
9354	2082	9
9354	220	9
9354	1739	9
9354	2083	10
9354	2084	10
9354	2085	10
9354	2086	10
9381	925	10
9381	2087	10
9381	2088	10
9381	2089	9
9381	2090	9
9381	2091	7
9381	2092	10
9381	389	10
9381	2093	10
9381	2094	10
9417	572	10
9417	1159	8
9417	1474	9
9417	2098	10
9417	2099	10
9417	2100	8
9417	364	10
9417	934	6
9417	2101	9
9417	2102	9
9417	2103	9
9417	180	10
9417	2105	10
9417	2106	9
9417	2107	8
9417	2108	8
9417	2109	9
9417	2110	9
9417	2111	10
9417	2112	9
9417	2113	10
9417	2114	8
9417	2115	10
9417	2116	9
9454	540	8
9454	1743	9
9454	2117	10
9454	262	8
9568	279	7
9568	2118	10
9568	403	10
9568	1841	10
9568	2119	7
9574	2120	10
9574	1821	9
9574	1329	9
9574	393	10
9574	1900	10
9574	553	9
9613	2121	9
9613	2122	9
9613	1343	10
9613	1606	10
9613	472	8
9613	2123	10
9613	2124	8
9613	2125	8
9613	2126	10
9613	1345	9
9613	1160	8
9613	2127	9
9613	2128	10
9613	2129	10
9613	2130	10
9613	2131	9
9613	2132	10
9613	2133	10
9613	2134	10
9613	2135	10
9613	2136	10
9747	1291	7
9747	2138	9
9747	2139	9
9747	2140	9
9747	2141	10
9747	51	8
9747	2142	10
9747	211	9
9747	367	9
9747	803	9
9747	434	8
9747	2143	8
9747	2144	10
9856	508	9
9856	2145	8
9856	1171	10
9856	821	9
9856	2146	10
9856	800	8
9856	1428	7
9856	2147	10
9856	277	8
9856	895	7
9856	2148	9
9856	339	9
9856	2149	9
9856	77	10
9856	2150	10
9856	2151	8
9856	2152	8
9856	329	9
9856	2153	9
9856	877	10
9856	2154	9
9856	202	8
9856	192	8
9856	522	8
9856	2155	10
9856	2156	9
9856	2157	10
9856	2158	10
9908	2033	10
9908	819	9
9908	2159	10
9908	2160	9
9908	1605	10
9908	2161	10
9908	2162	9
9908	2163	10
9908	339	7
9908	340	7
9908	341	8
9908	477	10
9908	2164	9
9908	579	9
9908	2165	10
9908	2166	9
9908	2167	10
9908	434	5
9908	1603	7
9908	2168	10
9908	122	9
10030	2169	10
10030	57	10
10030	2170	10
10030	2171	10
10030	2172	10
10030	1091	10
10030	1048	8
10030	1905	10
10030	2173	10
10030	2174	9
10030	456	9
10118	2175	10
10118	2023	8
10118	235	5
10118	2176	10
10118	2177	10
10118	2178	10
10118	127	7
10118	2179	10
10118	1956	8
10118	781	6
10118	490	9
10199	2180	9
10199	678	8
10199	2181	10
10199	2182	10
10199	696	8
10199	227	7
10199	124	1
10199	590	7
10199	210	8
10199	1647	9
10241	2183	9
10241	273	10
10241	308	9
10241	2184	10
10241	2185	10
10241	210	8
10314	2186	10
10314	496	9
10314	2187	10
10314	409	9
10314	1939	9
10314	50	7
10314	1506	9
10314	243	8
10314	61	8
10314	2189	9
10314	902	8
10314	2190	7
10314	2191	9
10314	2192	10
10314	1631	9
10314	2193	10
10314	2194	9
10314	2195	8
10314	1190	9
10314	1193	9
10314	2196	10
10314	1901	10
10314	934	7
10314	2197	9
10314	2198	10
10314	611	8
10314	2199	9
10314	550	9
10314	1210	9
10314	1212	7
10314	2119	9
10314	2200	10
10314	2201	10
10314	2202	9
10314	978	8
10315	2204	9
10315	2205	10
10315	1105	8
10315	2206	10
10315	2207	9
10354	2208	8
10354	2209	9
10354	616	9
10354	865	8
10354	357	9
10354	2210	9
10354	2211	10
10354	2212	9
10354	2213	9
10354	2214	10
10354	2215	8
10354	2216	9
10354	2217	9
10447	2218	8
10447	2219	9
10447	446	10
10447	1737	8
10447	581	4
10447	741	10
10447	486	7
10447	862	8
10447	316	10
10447	2031	9
10447	1651	8
10447	2220	9
10447	1503	8
10447	2221	10
10447	2222	10
10447	233	10
10447	2223	9
10447	2224	8
10447	2225	9
10447	2226	9
10447	1631	8
10447	653	10
10447	2227	10
10447	1660	10
10447	1195	10
10447	2228	9
10447	2229	9
10447	540	7
10447	2230	10
10447	2231	10
10447	730	9
10447	2232	10
10447	1389	8
10447	590	5
10447	87	7
10447	1949	9
10447	1571	9
10447	2233	8
10447	1212	8
10447	214	9
10447	1713	10
10447	103	8
10447	2234	7
10447	781	7
10447	2235	9
10447	2236	9
10447	456	10
10447	1579	9
10447	2237	10
10447	2238	9
10532	2239	10
10532	2240	10
10532	371	10
10532	2241	10
10560	1164	9
10560	740	10
10560	1970	10
10560	2242	10
10560	2243	9
10560	50	4
10560	2244	9
10560	124	3
10560	742	7
10560	2245	9
10560	1119	10
10560	1319	10
10560	2246	9
10560	2247	9
10560	2248	10
10560	1120	10
10560	1598	10
10560	2249	9
10560	1659	8
10560	2250	8
10560	2251	9
10560	746	9
10560	70	4
10560	2252	10
10560	1606	9
10560	338	6
10560	339	10
10560	340	6
10560	341	7
10560	2253	10
10560	993	10
10560	994	10
10560	2254	10
10560	2255	10
10560	2256	9
10560	1349	10
10560	1350	9
10560	1351	9
10560	87	10
10560	2257	10
10560	1161	10
10560	2258	10
10560	2259	9
10560	2260	9
10560	2261	9
10560	2262	10
10560	2263	9
10560	2264	10
10560	2265	10
10560	2266	9
10560	434	6
10560	127	6
10560	1359	10
10560	665	7
10560	2267	9
10560	2268	9
10560	835	10
10560	232	10
10607	227	6
10607	2269	9
10607	1491	9
10607	87	10
10607	2270	10
10668	2271	9
10668	1378	10
10668	2272	10
10668	2273	10
10668	2274	10
10668	2275	10
10668	2276	9
10668	2277	9
10668	2116	10
10699	2278	10
10699	2279	9
10699	2280	8
10699	2281	8
10699	179	10
10819	2282	10
10819	864	10
10819	2283	9
10819	2284	10
10819	2287	8
10819	2288	10
10819	2289	9
10819	1928	9
10819	2291	10
10819	2292	8
10819	2294	10
10819	2295	10
10819	2296	10
10819	2052	9
10819	2297	10
10819	2299	10
10819	2300	10
10819	2301	10
10819	1961	9
10819	2302	9
10946	2303	10
10946	2304	10
10946	2305	10
10946	2306	10
10946	375	10
10946	1845	8
10949	707	7
10949	2307	9
10949	2308	10
10949	892	9
10949	1268	9
10949	544	9
10949	2309	10
10949	2310	10
10949	2311	10
10949	1840	9
10949	2312	10
10949	2313	9
10949	1543	10
11070	2314	10
11070	303	10
11070	243	6
11070	2315	8
11070	2316	10
11120	1501	9
11120	438	9
11120	2317	10
11120	2318	9
11120	2319	8
11120	1303	10
11224	2320	10
11224	59	7
11224	2321	9
11224	2322	10
11224	2323	10
11224	124	1
11224	2324	8
11224	2325	9
11224	2326	10
11224	2327	10
11224	1444	7
11224	70	3
11224	2328	10
11224	2329	9
11224	6	6
11224	77	7
11224	997	7
11224	2330	10
11224	906	9
11224	1950	10
11224	898	8
11224	1412	7
11224	2331	10
11224	2015	9
11224	52	8
11224	1401	9
11224	34	10
11224	20	7
11224	456	8
11224	1579	9
11245	2332	10
11245	63	9
11245	2333	10
11245	2334	9
11245	2335	10
11245	2336	10
11245	2070	8
11245	144	8
11245	2337	10
11245	1728	9
11245	17	9
11245	2338	9
11245	2339	9
11245	1448	8
11245	2340	9
11245	2341	9
11245	2342	9
11245	2343	10
11245	2344	10
11245	2345	10
11245	1091	10
11245	1048	9
11245	2346	10
11245	1905	10
11245	1106	10
11245	1272	10
11245	2347	8
11245	2348	8
11362	1428	9
11362	2349	7
11362	2350	8
11362	605	10
11362	2351	9
11362	2352	9
11362	716	9
11362	2093	8
11400	925	7
11400	2353	9
11400	233	9
11400	2354	10
11400	2355	10
11400	2356	10
11400	1883	8
11400	2357	10
11400	665	7
11400	781	6
11400	2358	10
11529	2359	10
11529	2360	10
11529	307	10
11529	1760	10
11529	2362	9
11529	501	8
11601	446	6
11601	2363	9
11601	1284	9
11601	1706	9
11601	2364	10
11601	2365	10
11601	1391	10
11601	2366	9
11601	412	8
11601	356	10
11601	2367	9
11601	934	6
11601	2368	8
11601	2369	10
11601	2370	10
11601	2371	8
11601	2372	9
11601	2178	8
11601	2373	10
11601	2374	9
11601	2375	10
11601	2376	9
11601	268	9
11601	2377	10
11601	2378	9
11601	2379	10
11601	1219	8
11601	2380	8
11621	2381	10
11621	1594	7
11621	2382	10
11621	1543	10
11629	2384	10
11629	394	10
11629	775	10
11629	2385	10
11629	2386	9
11629	2387	9
11629	1608	10
11629	440	8
11629	2388	10
11629	2166	9
11629	2389	9
11629	1368	10
11638	1424	10
11638	1143	8
11638	1427	10
11638	1925	10
11638	2390	8
11638	1660	7
11638	1491	9
11638	2391	9
11657	2392	9
11657	405	9
11657	2393	9
11657	2394	8
11657	2395	10
11657	2396	9
11657	2397	10
11657	1948	10
11657	2398	9
11657	2399	10
11657	285	8
11657	2400	8
11687	35	10
11687	2401	10
11687	2402	9
11687	1809	10
11687	2403	10
11687	1103	9
11687	657	5
11687	2404	10
11687	1641	8
11687	240	8
11687	2405	10
11687	2406	10
11708	50	5
11708	1187	9
11708	2407	8
11708	685	9
11708	460	9
11718	2408	10
11718	492	10
11718	2409	9
11718	879	8
11718	1180	10
11718	2410	10
11718	2411	10
11718	2252	7
11718	1777	10
11718	1046	9
11718	2231	10
11718	451	6
11718	1202	10
11718	2412	9
11718	41	8
11718	779	10
11718	553	9
11718	2413	9
11718	214	9
11718	2414	9
11724	486	7
11724	2415	10
11724	712	9
11724	2416	10
11724	2038	10
11724	2417	8
11724	2418	9
11724	2419	10
11724	2420	10
11724	2421	10
11724	2422	9
11724	2423	9
11724	2172	10
11724	2424	10
11724	2425	9
11724	2426	10
11724	2427	10
11724	222	10
11724	2428	9
11724	1575	9
11724	2429	10
11724	2430	9
11724	739	9
11788	800	9
11788	981	7
11788	720	8
11788	623	9
11788	876	10
11788	2431	10
11832	1808	9
11832	2432	9
11832	2433	10
11832	2434	9
11832	513	9
11832	2343	9
11832	2378	9
11916	129	10
11916	468	9
11916	2435	10
11916	339	9
11916	483	10
11916	2436	9
11916	2437	10
11916	1289	8
11916	2438	10
11944	2439	10
11944	981	6
11944	707	8
11944	619	8
11944	481	10
11944	482	10
11944	2440	10
11944	2441	10
11993	2442	9
11993	2204	8
11993	1868	9
11993	2443	9
11993	2444	10
11993	2445	10
11993	2446	10
11993	2447	10
11993	2448	10
11993	2449	10
11993	2450	10
11993	2451	10
11993	2452	10
11993	2453	9
11993	2454	10
11993	1055	10
11993	1268	8
11993	170	8
11993	1321	10
11993	2455	9
11993	20	8
12100	2456	10
12100	2457	9
12100	1181	10
12100	430	10
12100	1198	9
12100	2458	10
12100	1982	8
12100	804	9
12100	2459	9
12100	312	10
12100	2460	10
12100	2461	9
12100	614	7
12100	2462	10
12100	1641	9
12100	2463	10
12100	2464	9
12123	2465	10
12123	410	8
12123	1708	10
12123	2466	10
12123	1301	9
12123	425	8
12123	426	8
12123	214	8
12154	2467	10
12154	727	10
12154	1942	9
12154	1286	9
12154	1186	9
12154	1193	8
12154	538	9
12154	2468	10
12154	41	6
12154	613	9
12154	781	5
12154	2469	9
12194	274	7
12194	2470	10
12194	2471	10
12194	2472	10
12194	1358	8
12194	2382	9
12194	1278	9
12272	2473	9
12272	2474	9
12272	2476	9
12272	2477	10
12272	2478	9
12272	794	9
12272	1014	9
12272	127	5
12272	101	9
12272	20	4
12316	721	9
12316	2479	9
12316	2480	10
12316	548	10
12316	592	8
12348	2481	10
12348	165	7
12348	459	10
12348	2482	10
12348	597	10
12348	941	10
12515	216	10
12515	2483	10
12515	2484	9
12515	2485	10
12515	2486	10
12515	2487	10
12515	579	10
12515	2488	10
12515	1613	9
12515	2489	9
12515	2490	10
12515	2491	8
12538	57	10
12538	446	8
12538	2492	10
12538	2493	10
12538	2494	10
12538	128	10
12538	50	6
12538	1822	9
12538	410	9
12538	2495	8
12538	2496	10
12538	2497	10
12538	2498	9
12538	2499	10
12538	628	9
12538	2500	9
12538	2501	9
12538	2502	9
12538	2503	10
12538	2504	10
12538	2505	10
12538	2271	10
12538	2506	9
12538	2507	10
12538	2508	10
12538	2509	9
12538	2510	8
12538	2511	9
12538	1238	9
12538	2512	10
12538	2513	10
12538	2514	8
12538	622	10
12538	2515	9
12538	1694	10
12538	41	7
12538	2516	9
12538	2517	7
12538	2518	9
12538	552	8
12538	2519	7
12538	522	10
12538	523	9
12538	2520	8
12538	2521	9
12538	2522	9
12538	2523	10
12538	2524	10
12538	1578	9
12538	2525	10
12538	2526	10
12538	2378	10
12538	2527	10
12538	2528	9
12538	2529	8
12538	2530	9
12538	2531	9
12538	2532	8
12538	2533	8
12538	2534	9
12538	2535	9
12538	2536	10
12538	2537	10
12538	2538	10
12538	133	9
12538	123	9
12569	1055	8
12569	1691	8
12569	937	9
12569	442	9
12569	2539	9
12569	2540	10
12569	2541	9
12569	2542	9
12569	285	8
12619	243	8
12619	2543	9
12619	2544	10
12619	160	8
12619	1380	10
12698	2545	10
12698	406	8
12698	1707	8
12698	2546	9
12698	971	7
12698	2471	9
12702	1179	8
12702	1638	9
12702	2547	10
12702	1640	9
12702	2548	9
12702	2373	8
12707	1428	8
12707	165	7
12707	1104	8
12707	1686	10
12707	2362	10
12784	1294	9
12784	1230	7
12784	2549	8
12784	723	8
12784	545	10
12784	2550	9
12784	2551	8
12784	2552	9
12784	2553	8
12811	2554	9
12811	2555	9
12811	1738	10
12811	590	5
12811	1835	10
12824	581	5
12824	2556	10
12824	2557	10
12824	2558	9
12824	2559	9
12824	2560	9
12824	2561	9
12824	571	10
12824	981	5
12824	1158	9
12824	449	9
12824	338	7
12824	339	8
12824	1104	8
12824	169	6
12824	675	9
12824	2562	8
12824	736	8
12824	2563	10
12824	2564	10
12824	2565	10
12824	2382	9
12824	1493	9
12824	2566	10
12824	2567	10
12824	556	8
12824	2074	10
12824	2075	10
12863	2568	10
12863	573	9
12863	2569	10
12863	2570	9
12863	1159	9
12863	1066	8
12863	2571	10
12917	1291	9
12917	1490	10
12917	2066	10
12917	2572	10
12917	2573	8
12917	1600	10
12917	2574	9
12917	2575	8
12917	2576	9
12917	2577	9
12917	2311	9
12917	2578	9
12917	2579	7
12917	214	7
12917	2532	8
12982	2580	10
12982	2581	8
12982	2582	9
12982	925	9
12982	2583	9
12982	2584	9
12982	2585	8
12982	2586	9
12982	2587	8
12982	1596	8
12982	981	6
12982	2588	10
12982	2589	9
12982	2590	9
12982	2591	8
12982	2592	10
12982	2593	9
12982	2594	9
12982	2595	10
12982	2596	10
12982	1733	10
12982	2597	10
12982	2598	9
12982	2599	10
12982	1335	10
12982	1043	10
12982	1877	10
12982	2600	10
12982	2161	10
12982	2601	10
12982	2602	10
12982	2603	8
12982	2604	8
12982	2605	10
12982	2606	10
12982	1104	8
12982	1269	8
12982	2607	10
12982	2608	10
12982	2609	10
12982	2610	9
12982	2611	8
12982	1242	8
12982	2612	8
12982	2613	9
12982	2614	10
12982	2615	9
12982	2616	10
12982	2617	9
12982	2618	10
12982	2167	9
12982	2619	10
12982	1375	8
12982	2620	9
12982	2621	10
12982	2622	9
12982	2623	10
12982	2389	8
12982	2624	10
12982	2376	9
12982	2625	10
12982	2626	9
12982	1435	10
12982	941	10
12982	676	9
12990	707	9
12990	2627	10
12990	2628	9
12990	91	8
12990	770	10
13080	2629	8
13080	2396	10
13080	2630	10
13080	835	10
13080	1988	9
13080	2535	10
13082	2631	9
13082	2494	8
13082	901	10
13082	628	10
13082	2632	9
13082	341	8
13082	2633	10
13082	2634	10
13082	2635	10
13093	2636	9
13093	1186	10
13093	2637	9
13093	2638	10
13093	2639	8
13093	2640	9
13094	2641	9
13094	2101	9
13094	2418	10
13094	1321	8
13094	2642	10
13126	36	8
13126	680	9
13126	2643	10
13126	2644	10
13126	2645	10
13126	51	7
13126	2646	9
13126	2647	9
13126	1757	10
13126	2648	10
13126	1963	9
13221	1554	9
13221	2649	10
13221	2650	10
13221	2651	9
13221	2653	10
13221	54	9
13221	20	5
13273	1107	10
13273	1805	9
13273	693	8
13273	2655	10
13273	1156	9
13273	2656	8
13273	1747	10
13273	316	8
13273	2657	9
13273	1770	9
13273	2658	10
13273	2659	10
13273	2660	9
13273	910	10
13273	1586	8
13273	243	8
13273	124	1
13273	2000	9
13273	532	8
13273	2661	8
13273	1182	10
13273	1943	10
13273	1158	10
13273	2662	8
13273	69	10
13273	2663	10
13273	70	4
13273	140	10
13273	1061	9
13273	2664	10
13273	473	7
13273	657	6
13273	1315	10
13273	2407	8
13273	1091	10
13273	127	5
13273	2665	9
13273	2376	9
13273	2666	9
13273	2667	10
13273	2668	9
13273	2669	10
13273	685	9
13273	2579	10
13273	2670	9
13273	780	8
13273	2671	10
13273	314	10
13273	206	9
13273	2672	8
13273	1040	9
13273	2673	10
13273	2674	10
13273	2675	10
13273	2676	9
13273	2533	10
13273	2677	10
13273	2678	9
13273	2679	9
13273	156	8
13273	2680	7
13273	2681	9
13279	2682	10
13279	696	9
13279	1178	10
13279	1943	10
13279	2683	10
13279	70	3
13279	1688	8
13279	2684	10
13279	2685	10
13279	2686	10
13331	2687	10
13331	169	5
13331	2340	10
13331	2688	10
13331	1277	10
13331	2689	9
13518	1421	7
13518	2690	8
13518	169	9
13518	2691	10
13518	2692	9
13518	1242	7
13518	2693	10
13518	2694	9
13518	2695	9
13518	2696	9
13518	2274	10
13518	2275	10
13518	2276	10
13518	2697	9
13551	2698	9
13551	2662	10
13551	1777	9
13551	2699	10
13551	2700	10
13551	2701	10
13551	2200	9
13551	1305	9
13551	2702	10
13582	2703	10
13582	2704	10
13582	124	1
13582	397	9
13582	2705	10
13582	2706	7
13582	823	9
13582	1900	10
13582	2709	10
13582	1962	10
13582	260	9
13582	2710	9
13582	2712	10
13582	2113	9
13582	2114	10
13582	2277	10
13582	2116	10
13582	1414	10
13582	2713	8
13582	2714	9
13582	2715	10
13582	2716	10
13600	2717	9
13600	802	9
13600	2718	8
13600	561	9
13604	236	9
13604	2719	9
13604	2720	10
13604	2721	10
13604	2722	10
13604	2077	9
13604	1455	10
13604	2723	10
13604	2724	10
13664	2725	8
13664	2080	6
13664	2727	9
13664	730	9
13664	2710	8
13664	1856	10
13664	2728	10
13664	1076	9
13666	63	10
13666	2729	10
13666	2730	10
13666	144	8
13666	180	10
13666	1714	10
13733	742	9
13733	2731	9
13733	90	10
13733	2732	10
13850	2545	8
13850	1630	8
13850	533	6
13850	2733	10
13850	536	10
13850	774	7
13850	2734	9
13850	2735	9
13850	2481	10
13850	2736	10
13850	2737	10
13850	2078	10
13850	235	9
13850	44	10
13850	47	9
13850	2738	9
13850	2739	9
13850	934	8
13850	442	9
13850	2740	9
13850	2741	10
13850	907	9
13850	479	8
13850	2742	9
13850	2743	9
13850	2383	10
13850	781	7
13850	2744	8
13850	2007	8
13850	739	8
13850	1961	9
13850	2745	10
13850	2746	10
13973	35	9
13973	2747	10
13973	407	8
13973	243	6
13973	41	5
13973	435	10
13973	2748	10
13973	456	8
13973	2749	10
13995	124	2
13995	533	7
13995	2750	9
13995	1898	8
13995	1193	6
13995	1647	9
13995	2751	10
13995	1641	7
13995	285	5
14049	1253	9
14049	746	10
14049	2752	10
14049	2315	10
14049	1207	8
14049	20	7
14049	2753	10
14180	2754	9
14180	800	8
14180	2755	10
14180	1313	9
14180	2756	10
14180	2757	10
14180	2758	10
14271	1338	8
14271	2759	10
14271	2760	10
14271	2761	9
14271	2762	9
14374	2763	10
14374	1185	8
14374	2764	9
14374	1625	7
14374	2765	9
14374	1888	10
14374	1411	8
14374	1289	6
14387	2766	10
14387	1643	10
14387	2767	10
14387	1490	9
14387	1428	8
14387	2768	10
14387	1058	9
14387	1193	9
14387	1268	9
14387	657	5
14387	1884	9
14387	2769	9
14387	1812	8
14387	404	8
14393	2770	10
14393	641	8
14393	2771	10
14393	2295	9
14393	2772	10
14393	2773	10
14422	2774	9
14422	581	5
14422	486	7
14422	249	10
14422	2775	10
14422	2776	9
14422	2777	10
14422	2779	9
14422	2780	10
14422	699	10
14422	243	6
14422	2781	10
14422	2324	9
14422	901	10
14422	1707	10
14422	1135	10
14422	2782	10
14422	1916	8
14422	2783	10
14422	2784	9
14422	1058	7
14422	2589	10
14422	2785	10
14422	2786	9
14422	1879	8
14422	1046	10
14422	1795	10
14422	2788	9
14422	185	8
14422	452	10
14422	1632	10
14422	1071	9
14422	2789	10
14422	2791	10
14422	1887	10
14422	1205	8
14422	2793	9
14422	2794	9
14422	2795	10
14422	90	10
14422	2761	10
14422	481	8
14422	435	9
14422	1232	9
14422	1433	9
14422	685	7
14422	665	7
14422	2798	8
14422	404	8
14422	456	9
14422	2800	10
14456	2801	8
14456	2802	10
14456	2803	9
14456	2365	9
14456	533	8
14456	503	7
14456	2804	10
14456	2805	10
14456	2806	10
14456	471	9
14456	472	6
14456	473	7
14456	1632	10
14456	2611	10
14456	2807	8
14456	2576	10
14456	481	9
14456	2808	10
14456	613	9
14456	1358	10
14456	2713	9
14456	1787	9
14456	2809	10
14456	110	10
14456	112	10
14456	1549	10
14456	844	10
14456	1015	10
14456	2810	9
14456	1016	9
14456	2811	9
14456	845	9
14456	2812	9
14456	2813	10
14456	846	10
14456	847	10
14456	2745	10
14461	2632	8
14461	2814	10
14461	795	9
14461	2565	10
14521	2815	9
14521	487	10
14521	2816	10
14521	643	9
14521	1248	9
14521	2817	10
14521	981	7
14521	2818	9
14521	1373	10
14521	70	4
14521	2819	10
14521	432	8
14521	1268	9
14521	1851	7
14521	415	9
14521	81	10
14521	761	10
14521	937	9
14521	2820	9
14521	2821	10
14521	986	9
14521	2822	10
14521	2482	10
14521	2823	9
14521	517	10
14521	875	10
14521	2696	10
14521	2824	9
14521	2469	9
14638	1468	10
14638	334	10
14638	1588	9
14638	2825	9
14638	2072	10
14638	2826	9
14638	2808	9
14638	2115	9
14638	2827	9
14638	490	9
14638	2828	9
14667	465	3
14667	2829	8
14667	136	9
14667	2830	9
14667	1293	10
14667	2831	8
14667	70	3
14667	141	9
14667	546	8
14667	1689	10
14667	2832	10
14667	2833	8
14667	2834	10
14667	2835	10
14698	2063	8
14698	1296	9
14698	674	9
14698	2836	10
14698	2837	10
14698	521	9
14698	955	9
14744	176	10
14744	800	8
14744	2486	9
14744	2066	9
14744	896	9
14744	2838	9
14744	196	10
14744	223	10
14744	1863	10
14744	2839	10
14768	1490	7
14768	124	2
14768	1027	10
14768	1186	9
14768	2840	10
14768	1268	9
14768	478	9
14768	2841	9
14768	1548	8
14768	2842	10
14768	555	7
14897	2843	10
14897	340	8
14897	2844	10
14897	192	7
14897	2845	10
15021	2846	9
15021	2847	8
15021	2848	8
15021	2849	10
15021	2850	10
15021	2772	10
15021	2852	9
15046	2853	10
15046	2854	9
15046	2855	9
15046	1264	9
15046	620	8
15046	2856	8
15049	2545	9
15049	2208	10
15049	1070	9
15049	2176	9
15049	608	9
15049	2857	9
15049	2858	8
15049	2859	9
15049	1149	10
15049	2005	10
15049	2860	10
15049	2861	8
15049	2862	10
15049	1602	7
15049	1603	9
15049	2532	7
15049	2863	10
15049	2864	9
15049	1074	10
15049	2168	9
15049	2865	9
15049	2866	10
15049	2007	8
15049	739	8
15049	2867	10
15049	2868	10
15049	2869	9
15049	2870	10
15144	2871	9
15144	254	10
15144	2873	9
15144	2874	9
15144	2876	9
15144	2877	10
15408	2392	10
15408	487	7
15408	2878	8
15408	1936	9
15408	128	10
15408	1391	8
15408	1224	9
15408	535	10
15408	2879	9
15408	2880	10
15408	2881	9
15408	2735	10
15408	2882	9
15408	1786	8
15408	2883	10
15408	477	9
15408	478	10
15408	2884	10
15408	38	10
15408	2885	10
15408	95	9
15408	2179	10
15408	2886	9
15408	2461	9
15408	2887	10
15408	716	9
15408	2888	10
15408	637	9
15408	1782	9
15408	2889	10
15408	2671	10
15408	2890	10
15408	2891	9
15408	1040	10
15408	109	9
15408	594	10
15418	2892	10
15418	2582	10
15418	2893	10
15418	809	8
15418	2894	9
15418	650	10
15418	391	10
15418	393	9
15418	2895	9
15418	2896	9
15418	573	9
15418	1408	10
15418	2124	9
15418	2125	10
15418	2897	10
15418	2610	9
15418	2898	9
15418	2899	10
15418	2900	10
15418	2901	9
15418	1477	10
15418	2902	10
15418	2903	10
15418	2297	9
15418	2904	9
15418	2233	9
15418	149	10
15418	2905	9
15418	2906	9
15418	2640	9
15418	2907	10
15418	2908	9
15418	2909	8
15497	1253	8
15497	2910	9
15497	2911	8
15497	2912	6
15497	2913	10
15497	2914	10
15497	2915	10
15602	809	8
15602	465	4
15602	2916	9
15602	2917	10
15602	1055	8
15602	2918	5
15602	1490	7
15602	124	2
15602	61	7
15602	1115	9
15602	744	9
15602	2194	8
15602	2919	7
15602	2912	8
15602	1249	10
15602	2663	9
15602	70	4
15602	2920	9
15602	1523	9
15602	787	9
15602	2921	9
15602	2922	9
15602	85	10
15602	2821	10
15602	597	10
15602	1788	8
15602	665	7
15602	2923	9
15651	2924	9
15651	2925	9
15651	2926	10
15651	618	8
15651	77	10
15651	2927	10
15651	2928	10
15651	2929	10
15651	1602	8
15651	1603	7
15654	2930	9
15654	1077	10
15654	2931	10
15654	904	10
15654	2932	10
15654	2933	9
15670	2934	10
15670	2935	9
15670	2936	10
15670	2937	9
15670	2938	9
15670	2939	9
15670	2940	10
15670	2941	10
15670	2942	10
15670	1188	10
15670	2717	10
15819	384	10
15819	2943	9
15819	2944	10
15819	2945	10
15819	399	9
15819	2946	8
15819	2420	10
15819	2947	8
15819	2421	10
15819	2948	8
15819	2949	9
15819	127	7
15845	1055	9
15845	61	7
15845	2044	9
15845	1064	8
15845	2950	10
15845	2951	7
15845	592	6
15845	2201	9
15945	1872	9
15945	1896	10
15945	2735	9
15945	1520	9
15945	1412	10
15945	2952	9
15957	2953	10
15957	672	10
15957	2954	9
15957	1055	9
15957	2919	7
15957	658	9
15957	2955	10
15957	2956	8
15957	2957	9
15957	831	9
15957	2958	10
16009	862	9
16009	2959	10
16009	536	8
16009	2960	10
16009	2912	8
16009	1249	8
16009	886	10
16009	310	9
16009	2962	9
16009	2119	10
16009	2963	10
16009	781	6
16009	2964	10
16010	759	10
16010	347	10
16010	2965	9
16010	294	9
16010	801	9
16010	259	8
16010	329	9
16036	775	10
16036	468	9
16036	2966	10
16036	1838	10
16036	1210	10
16046	2967	10
16046	2951	10
16046	2968	10
16046	2969	10
16046	1003	9
16046	2970	10
16106	457	7
16106	2971	10
16106	1086	9
16106	1651	8
16106	1291	7
16106	2278	9
16106	1512	9
16106	2972	9
16106	2973	10
16106	2226	8
16106	2974	9
16106	1030	9
16106	1186	7
16106	1715	9
16106	2975	9
16106	388	8
16106	190	10
16106	2976	9
16106	257	9
16106	2977	10
16106	1389	9
16106	2978	10
16106	2979	7
16106	2980	10
16106	127	5
16106	2981	10
16106	1415	10
16106	2982	9
16106	100	10
16106	2234	10
16106	2983	10
16106	1227	10
16106	2984	10
16106	404	6
16106	1140	9
16106	2985	10
16106	2986	9
16106	2746	9
16121	600	10
16121	809	8
16121	1586	10
16121	2480	9
16121	2919	8
16121	2987	10
16121	2988	10
16121	2989	9
16121	2990	10
16121	2991	9
16155	1428	9
16155	2080	8
16155	2992	9
16155	2993	7
16155	2826	9
16155	2994	10
16155	2319	10
16155	2995	10
16155	2996	10
16161	678	10
16161	2998	10
16161	950	9
16161	3000	10
16161	3001	9
16161	3002	10
16161	2093	8
16161	3003	10
16161	1697	10
16161	3004	9
16231	408	10
16231	880	8
16231	51	8
16231	2127	10
16231	3005	8
16231	3006	9
16246	3007	9
16246	3008	10
16246	1774	9
16246	1336	10
16246	1193	9
16246	414	7
16246	3009	10
16246	2217	7
16246	3010	9
16246	1251	9
16246	1436	10
16246	2203	8
16263	3011	9
16263	1183	10
16263	3012	10
16263	3013	8
16263	3014	10
16263	611	8
16263	3015	10
16263	3016	10
16263	421	9
16263	2049	10
16263	20	6
16383	3017	10
16383	3018	10
16383	3019	10
16383	2657	10
16383	3020	10
16383	2539	9
16488	446	8
16488	2445	10
16488	649	8
16488	3021	10
16488	708	10
16488	1777	10
16488	971	8
16488	1632	10
16488	279	7
16488	2823	10
16488	3022	9
16488	1273	8
16504	1630	8
16504	3018	10
16504	458	8
16504	800	9
16504	1159	9
16504	1103	8
16504	611	8
16504	3024	10
16504	3025	9
16504	3027	10
16510	3028	9
16510	2141	9
16510	1851	6
16510	3029	10
16510	3030	9
16510	3031	9
16545	3032	9
16545	2940	9
16545	3033	10
16545	680	9
16545	2293	8
16545	278	9
16545	3034	10
16545	1013	10
16545	3035	7
16545	2004	9
16545	1751	8
16545	2622	9
16545	2808	10
16545	2462	10
16545	3036	9
16545	3037	10
16545	3038	9
16551	693	8
16551	707	8
16551	777	7
16551	169	6
16551	3039	10
16551	1574	7
16599	1253	9
16599	274	7
16599	1115	7
16599	1117	7
16599	935	9
16599	3040	8
16599	3041	10
16599	3042	9
16599	908	9
16599	1363	9
16599	3043	10
16601	3044	10
16601	2586	10
16601	3045	9
16601	3046	10
16601	2127	10
16601	482	9
16601	3047	9
16601	2520	10
16601	3048	9
16601	2521	10
16666	777	8
16666	3049	10
16666	3050	9
16666	3051	10
16666	3052	8
16718	465	6
16718	3053	10
16718	3054	9
16718	2919	8
16718	1249	8
16718	3055	10
16718	1689	9
16718	1626	7
16718	2836	9
16718	2822	10
16718	3056	9
16718	3057	10
16718	1601	10
16718	2383	10
16718	665	8
16718	1397	9
16718	781	7
16718	241	9
16718	456	9
16718	2799	9
16721	273	10
16721	3058	10
16721	1042	9
16721	543	10
16721	265	10
16721	2429	10
16721	2653	10
16755	124	3
16755	3059	10
16755	3060	9
16755	3061	9
16755	3062	10
16755	3063	9
16777	1021	9
16777	3064	8
16777	1070	10
16777	3065	10
16777	3066	10
16777	3067	9
16781	3068	9
16781	1636	7
16781	3069	10
16781	158	9
16781	1064	9
16781	3070	10
16781	417	9
16781	3071	9
16781	205	10
16798	697	10
16798	335	10
16798	3072	10
16798	3073	10
16818	1586	9
16818	957	9
16818	411	8
16818	1773	8
16818	542	9
16818	1817	10
16877	164	9
16877	3074	9
16877	3075	9
16877	3076	10
16877	3077	10
16877	3078	9
16877	781	8
16908	3079	9
16908	3080	9
16908	158	9
16908	2731	10
16908	3081	9
16908	3082	10
16908	2961	9
16908	1923	10
16908	1739	10
16916	3083	6
16916	3084	10
16916	450	8
16916	170	7
16916	1851	7
16916	3085	10
16916	3086	10
16916	2578	10
16916	2624	8
16916	3087	10
16916	1602	8
16916	3088	9
16916	1603	8
16916	2532	8
16916	2863	9
16916	2864	8
16916	2168	10
16916	2865	8
16916	2533	10
16943	3089	10
16943	1114	7
16943	2170	10
16943	3090	9
16943	971	6
16949	3091	9
16949	3092	9
16949	744	8
16949	2064	8
16949	3093	10
16966	1168	10
16966	1745	9
16966	1023	10
16966	215	9
16966	1506	8
16966	3094	10
16966	1119	8
16966	3095	9
16966	3096	9
16966	982	9
16966	3097	10
16966	1532	10
16966	2152	10
16966	3098	9
16966	3099	9
16966	1129	10
16966	266	9
16966	3100	10
16966	834	10
16966	3101	10
16966	3102	9
16966	3103	10
16966	888	9
16996	57	10
16996	692	10
16996	3104	9
16996	2493	10
16996	3105	10
16996	1248	10
16996	3106	10
16996	651	10
16996	3107	10
16996	2919	7
16996	3108	10
16996	291	10
16996	2788	10
16996	415	9
16996	3109	10
16996	1207	7
16996	704	9
16996	3110	9
16996	3111	9
16996	3112	9
16996	332	10
16999	1895	9
16999	3113	9
16999	3114	9
16999	634	10
16999	1568	10
16999	2315	9
17003	1164	9
17003	883	9
17003	446	8
17003	2554	9
17003	3116	9
17003	3117	9
17003	1284	9
17003	3118	9
17003	879	8
17003	1223	10
17003	2918	8
17003	3119	10
17003	124	2
17003	61	8
17003	2733	10
17003	274	7
17003	3120	9
17003	2783	9
17003	1089	9
17003	1033	9
17003	1902	10
17003	886	9
17003	1202	10
17003	1947	10
17003	591	10
17003	3121	9
17003	3122	9
17003	3123	10
17003	3124	10
17003	2743	10
17003	312	8
17003	1753	9
17003	3125	10
17003	3126	10
17003	192	6
17003	1150	9
17003	3127	10
17003	3128	10
17003	2889	10
17003	285	9
17003	1789	7
17003	3129	10
17003	1367	10
17003	3130	9
17003	2800	10
17046	2854	10
17046	3131	9
17046	3132	9
17046	3133	9
17046	2627	10
17046	2335	9
17159	465	5
17159	3134	9
17159	2070	7
17159	1589	9
17177	2934	9
17177	2936	10
17177	469	8
17177	3137	10
17177	401	9
17177	2091	10
17177	3138	10
17177	3139	8
17177	3140	9
17177	2077	8
17183	3141	10
17183	3142	9
17183	2062	10
17183	2474	10
17183	533	8
17183	590	6
17183	87	8
17183	3143	10
17183	3144	10
17183	3145	10
17190	653	10
17190	3147	10
17190	1311	10
17190	1929	10
17190	423	10
17190	3148	9
17190	1602	8
17190	2532	8
17190	2168	8
17190	2865	8
17190	2533	10
17190	3149	10
17190	2677	8
17233	59	8
17233	393	10
17233	376	10
17233	545	10
17233	546	8
17233	3150	9
17233	2091	9
17233	3151	10
17282	58	10
17282	1586	10
17282	392	9
17282	216	8
17282	3152	10
17282	1611	9
17282	3153	10
17282	2014	10
17282	2163	10
17282	3154	9
17282	3155	7
17282	3156	10
17282	3157	10
17282	1848	9
17402	410	10
17402	1681	10
17402	2919	5
17402	1564	9
17402	3158	10
17402	612	8
17402	3159	10
17402	3160	8
17507	3161	9
17507	3162	9
17507	3163	10
17507	3164	9
17507	3067	8
17507	3165	8
17596	207	7
17596	1480	10
17596	3166	10
17596	3167	8
17596	2903	10
17596	3168	9
17667	1792	9
17667	643	9
17667	1652	8
17667	215	9
17667	1823	7
17667	534	10
17667	3169	10
17667	3170	10
17667	338	5
17667	933	10
17667	2126	10
17667	1886	9
17667	2254	10
17667	3171	9
17667	3172	10
17667	3173	10
17667	3174	9
17667	1101	10
17667	614	8
17667	1846	9
17761	59	8
17761	409	7
17761	360	9
17761	2117	8
17761	3175	8
17761	3176	8
17761	803	8
17761	3177	7
17761	1451	10
17761	18	9
17761	267	9
17761	665	6
17859	727	9
17859	3178	10
17859	1858	9
17859	2080	8
17859	2329	9
17859	1045	10
17859	2432	9
17859	801	9
17859	3179	9
17859	3180	9
17859	560	9
17859	3181	9
17859	2174	9
17859	3182	10
17894	3183	10
17894	971	5
17894	170	7
17894	1743	8
17894	3184	10
17894	2272	10
17894	1052	10
17894	1669	10
17906	3185	10
17906	619	9
17906	451	6
17906	1885	9
17906	41	8
17906	157	7
17950	643	7
17950	1156	8
17950	3186	10
17950	2682	9
17950	3187	10
17950	3188	10
17950	914	10
17950	3189	9
17950	927	10
17950	3190	10
17950	533	8
17950	1179	9
17950	3191	9
17950	2193	8
17950	1190	8
17950	1032	10
17950	2707	10
17950	3192	10
17950	3193	10
17950	504	10
17950	2066	9
17950	319	9
17950	235	7
17950	3194	9
17950	645	8
17950	320	9
17950	169	9
17950	1268	9
17950	934	8
17950	3195	9
17950	1071	7
17950	935	10
17950	1626	5
17950	51	7
17950	1205	7
17950	1633	10
17950	622	9
17950	3196	8
17950	3197	10
17950	1800	10
17950	3198	10
17950	1492	9
17950	2040	9
17950	3199	10
17950	3200	8
17950	2460	8
17950	2552	10
17950	192	6
17950	3201	10
17950	500	9
17950	1493	9
17950	7	9
17950	240	7
17950	3202	10
17950	3203	10
17950	3204	10
17950	833	10
17950	3205	10
17950	3206	8
17950	3048	8
17950	3207	10
17950	1789	10
17950	2996	9
17950	2799	10
17950	3208	10
17950	152	9
17970	1490	8
17970	194	10
17970	2044	10
17970	1662	10
17970	1691	9
17970	3209	9
17970	3210	10
18067	643	7
18067	3211	10
18067	2475	10
18067	1142	10
18067	2393	9
18067	957	8
18067	533	7
18067	3212	10
18067	1858	10
18067	2034	9
18067	3213	9
18067	414	6
18067	578	10
18067	2611	10
18067	3214	9
18067	3215	10
18067	3216	9
18067	3217	10
18067	268	10
18067	2093	9
18067	2996	10
18082	215	10
18082	928	10
18082	2361	9
18082	3108	10
18082	1269	8
18082	2064	7
18082	3219	9
18082	1626	7
18082	2026	8
18082	1691	9
18082	2820	10
18082	2342	10
18082	3221	9
18082	3222	9
18082	3223	9
18082	526	9
18082	991	9
18082	625	9
18095	409	9
18095	537	8
18095	3224	9
18095	3225	9
18095	3226	9
18095	3227	10
18095	2012	8
18096	3228	9
18096	3229	9
18096	3230	10
18096	1193	8
18096	3231	9
18155	2088	10
18155	503	10
18155	1515	10
18155	72	7
18155	3232	10
18155	613	8
18155	3233	10
18155	3234	9
18172	3235	8
18172	3236	8
18172	674	10
18172	1071	7
18172	2374	10
18172	2724	9
18176	1247	10
18176	227	7
18176	586	10
18176	3237	10
18203	581	7
18203	720	8
18203	1269	7
18203	1374	10
18203	1298	9
18203	3238	10
18311	303	10
18311	3239	9
18311	71	9
18311	3240	10
18311	2627	10
18311	3241	10
18311	3242	9
18311	3243	9
18311	614	7
18384	3244	10
18384	2580	10
18384	626	10
18384	2582	10
18384	811	9
18384	3245	9
18384	3246	10
18401	2588	10
18401	3247	10
18401	3248	9
18401	3249	9
18401	2720	10
18401	3250	9
18401	379	7
18401	2388	9
18401	3251	9
18401	3252	10
18401	3253	9
18401	2638	8
18401	3254	9
18401	2490	9
18439	3255	9
18439	409	8
18439	657	7
18439	1401	10
18439	716	9
18439	3256	8
18439	2054	9
18689	3257	10
18689	84	9
18689	2795	9
18689	1797	9
18689	3258	10
18979	3259	10
18979	3260	9
18979	1373	10
18979	3261	10
18979	361	9
18979	265	9
18979	3262	10
18979	3263	10
18979	3264	10
18979	881	10
18979	1730	8
18979	3265	10
19085	3257	10
19085	3266	9
19085	979	10
19085	3267	9
19085	2853	9
19085	2705	10
19085	3269	10
19085	3270	10
19085	1708	8
19085	1276	9
19085	3271	10
19085	3272	10
19085	3060	10
19085	167	9
19085	1250	10
19085	2848	10
19085	3273	10
19085	3050	10
19085	3134	10
19085	3274	10
19085	1447	9
19085	2037	9
19085	3275	9
19085	3276	8
19085	3278	10
19085	3279	9
19085	1964	7
19085	3280	9
19085	2757	10
19085	3281	10
19107	1259	7
19107	124	2
19107	98	10
19107	1212	8
19107	240	7
19145	883	9
19145	3282	10
19145	1332	10
19145	1105	10
19145	886	9
19145	620	9
19145	3283	10
19233	1971	10
19233	1143	9
19233	2251	10
19233	2329	9
19233	3284	10
19233	3122	10
19336	3285	10
19336	124	1
19336	774	8
19336	1408	10
19336	3286	9
19336	338	7
19336	3135	9
19336	934	8
19336	1781	9
19336	964	9
19336	3287	9
19362	3288	10
19362	2627	10
19362	892	9
19362	196	10
19362	764	9
19362	1401	9
19429	3289	10
19429	2034	10
19429	3286	8
19429	1045	10
19429	801	9
19429	259	8
19429	3290	8
19429	3181	10
19493	2918	9
19493	957	8
19493	124	2
19493	288	10
19493	3291	9
19493	3292	8
19493	412	9
19493	3293	10
19493	3294	9
19493	235	8
19493	3295	10
19493	3296	10
19493	211	10
19493	2794	9
19493	147	10
19493	1967	9
19493	2553	9
19493	3297	10
19493	3298	8
19493	3299	10
19493	1218	9
19503	2218	10
19503	879	8
19503	1293	10
19503	308	10
19503	3300	10
19503	613	8
19570	3301	10
19570	2121	10
19570	347	9
19570	3302	10
19570	1694	9
19570	2173	9
19570	3303	10
19571	1291	6
19571	1586	9
19571	61	7
19571	3304	10
19571	3305	10
19573	1731	8
19573	1555	10
19573	243	6
19573	2044	9
19573	3306	8
19573	451	7
19573	416	8
19573	590	3
19573	3307	10
19573	351	10
19573	157	9
19573	1818	9
19573	954	8
19659	581	6
19659	329	9
19659	2516	9
19659	3280	9
19664	2554	10
19664	486	8
19664	3308	10
19664	2220	9
19664	3309	9
19664	2479	9
19664	1631	9
19664	2919	8
19664	3310	10
19664	2699	8
19664	3312	10
19664	1626	6
19664	3313	10
19664	3315	10
19664	2024	10
19664	3127	9
19664	1396	9
19664	1305	10
19664	2380	9
19681	1490	7
19681	290	8
19681	3316	10
19681	2925	9
19681	2919	5
19681	1072	10
19681	1602	8
19711	3317	9
19711	1259	9
19711	1094	10
19711	23	10
19711	3318	9
19711	235	7
19711	3319	9
19711	29	8
19711	3320	10
19711	450	10
19711	3321	8
19711	3322	9
19711	970	10
19711	886	9
19711	1565	9
19711	3323	10
19711	2418	10
19711	2420	9
19711	3324	10
19711	3325	8
19711	3326	10
19711	1964	10
19711	1492	8
19711	3327	9
19711	3328	10
19711	3329	10
19711	1574	8
19711	3330	9
19711	3331	10
19760	774	9
19760	2498	10
19760	3332	10
19760	831	8
19760	3333	9
19842	581	6
19842	3334	10
19842	1555	10
19842	3335	10
19842	3336	10
19842	1587	10
19842	634	6
19842	1267	9
19842	291	10
19842	728	10
19842	995	9
19842	367	8
19842	2795	10
19842	191	9
19842	2233	10
19842	3337	9
19972	3338	10
19972	3339	10
19972	1909	9
19972	241	8
19972	3340	10
20005	3341	10
20005	1428	9
20005	538	8
20005	1411	8
20005	3342	10
20032	883	9
20032	3343	10
20032	3344	9
20032	1245	10
20032	1641	10
20034	227	8
20034	3090	8
20034	1962	10
20034	451	7
20034	590	5
20034	3345	9
20034	98	9
20034	3346	10
20060	21	10
20060	2121	9
20060	3069	9
20060	3348	9
20060	3351	10
20060	2632	9
20060	2605	10
20060	377	10
20060	347	8
20060	1795	10
20060	971	6
20060	3352	9
20060	619	8
20060	77	8
20060	185	9
20060	160	9
20060	3354	10
20060	17	9
20060	3355	10
20060	442	9
20060	3356	10
20060	3357	10
20060	3358	10
20060	1914	8
20060	454	9
20060	342	10
20060	1379	10
20060	3360	10
20060	3361	8
20060	2362	9
20060	1052	9
20060	1576	10
20060	3362	10
20060	3363	9
20106	581	5
20106	457	8
20106	1230	10
20106	1510	10
20106	1773	8
20106	414	7
20106	3364	9
20106	1744	9
20106	214	9
20115	316	10
20115	2031	9
20115	657	6
20115	229	10
20115	435	10
20119	1318	10
20119	648	10
20119	3011	9
20119	1268	8
20119	1851	9
20119	279	7
20119	3365	10
20119	329	9
20119	434	7
20119	152	9
20147	2193	8
20147	3366	10
20147	2373	10
20147	3367	10
20147	3368	10
20147	20	5
20149	2631	9
20149	185	10
20149	3369	10
20149	1099	10
20149	3370	9
20149	2491	9
20150	215	10
20150	1428	8
20150	1136	10
20150	1239	8
20150	1212	7
20150	3371	10
20172	925	9
20172	862	10
20172	3372	10
20172	1938	8
20172	698	9
20172	274	6
20172	3373	9
20172	1089	9
20172	2735	10
20172	3374	9
20172	3375	10
20172	3376	8
20172	70	3
20172	3377	10
20172	3378	10
20172	3379	10
20172	1346	10
20172	1263	9
20172	2512	9
20172	3380	9
20172	3022	10
20172	2837	9
20172	3381	9
20172	522	9
20172	598	10
20172	1816	8
20172	3382	9
20172	851	10
20172	3383	9
20180	1630	8
20180	581	4
20180	693	7
20180	819	10
20180	486	5
20180	176	8
20180	649	8
20180	407	9
20180	809	8
20180	50	6
20180	650	9
20180	1510	10
20180	2044	10
20180	778	10
20180	2546	10
20180	2291	9
20180	657	6
20180	3384	10
20180	258	10
20180	2628	9
20180	259	9
20180	620	9
20180	3385	9
20180	3175	9
20180	3176	9
20180	3177	10
20180	90	8
20180	1451	8
20180	2233	9
20180	192	6
20180	2119	7
20180	1714	9
20180	1219	9
20201	981	7
20201	1104	6
20201	1759	8
20201	514	10
20201	3386	10
20201	2563	10
20201	3387	10
20201	2524	10
20201	3389	9
20201	3390	9
20201	112	9
20201	844	9
20201	1016	9
20201	845	10
20201	2566	9
20245	3392	10
20245	158	9
20245	1104	7
20245	3393	10
20245	3394	10
20245	3395	9
20250	643	8
20250	183	8
20250	537	9
20250	2478	9
20250	2176	8
20250	3128	9
20250	2520	8
20265	446	7
20265	3396	9
20265	983	8
20265	1066	8
20265	420	10
20265	3397	10
20265	3398	10
20265	1434	9
20265	3399	10
20265	2538	10
20265	1084	10
20336	2940	9
20336	1291	8
20336	3400	10
20336	2064	6
20336	3401	10
20336	3402	10
20336	3231	9
20336	592	8
20336	3403	9
20336	3404	10
20336	2679	8
20347	626	10
20347	378	7
20347	3405	10
20347	3175	8
20347	1451	10
20347	3406	10
20388	35	10
20388	3021	10
20388	1984	10
20388	3407	9
20388	3408	8
20388	1735	10
20462	3409	10
20462	2218	10
20462	1494	9
20462	696	8
20462	615	10
20462	2918	7
20462	744	9
20462	3410	10
20462	1491	9
20462	604	10
20462	618	10
20462	169	7
20462	939	7
20462	1092	9
20462	1576	8
20462	3411	10
20462	1595	9
20484	1865	9
20484	755	10
20484	541	10
20484	937	7
20484	1955	9
20484	3160	8
20561	3413	9
20561	675	9
20561	1004	10
20561	3414	10
20561	3415	10
20561	311	10
20561	3416	10
20561	3338	9
20561	3417	10
20561	3418	10
20561	2678	10
20627	3419	8
20627	337	9
20627	1180	9
20627	1190	9
20629	3420	10
20629	1377	9
20629	3421	10
20629	1968	10
20629	3422	10
20680	1441	9
20680	1442	7
20680	892	9
20680	2080	8
20680	2992	10
20680	168	8
20680	450	8
20680	2329	7
20680	3423	10
20680	3424	10
20680	404	6
20703	457	7
20703	3425	10
20703	1511	10
20703	2980	8
20703	781	8
20703	3426	9
20703	157	7
20703	1550	9
20703	133	9
20794	3427	9
20794	1184	10
20794	891	9
20794	1122	10
20794	308	7
20794	3428	9
20961	3429	10
20961	469	8
20961	3430	10
20961	2968	10
20961	2969	10
20961	2970	8
20961	3199	9
20971	124	1
20971	2872	10
20971	3348	10
20971	1708	10
20971	1179	9
20971	3431	10
20971	3432	10
20971	675	8
20971	3433	9
20971	3434	8
20971	3414	10
20971	3435	10
20971	3436	10
20971	1106	9
21011	3437	10
21011	446	9
21011	925	10
21011	465	4
21011	227	6
21011	1055	9
21011	1259	9
21011	243	7
21011	3438	10
21011	2044	9
21011	1512	9
21011	1514	9
21011	1185	7
21011	2663	9
21011	3439	8
21011	3440	9
21011	223	9
21011	550	10
21011	98	10
21011	3441	10
21011	3424	10
21011	3442	7
21011	3443	10
21011	214	9
21011	3444	10
21011	3445	9
21011	1761	9
21011	2302	10
21011	2203	8
21014	1324	10
21014	1247	8
21014	446	7
21014	2554	10
21014	581	8
21014	492	8
21014	1731	7
21014	3446	10
21014	2204	10
21014	1868	9
21014	2443	9
21014	2444	10
21014	2445	9
21014	2446	10
21014	2447	10
21014	2448	10
21014	2208	8
21014	3447	10
21014	643	8
21014	649	9
21014	3448	9
21014	1248	10
21014	1895	8
21014	1253	8
21014	1109	8
21014	3032	9
21014	3449	10
21014	3450	9
21014	627	9
21014	879	8
21014	697	10
21014	304	9
21014	1503	10
21014	50	6
21014	1291	7
21014	2918	7
21014	2586	8
21014	3336	10
21014	1821	7
21014	1873	9
21014	754	8
21014	1490	8
21014	957	8
21014	2189	9
21014	2324	9
21014	1294	10
21014	1700	10
21014	233	10
21014	981	8
21014	3451	9
21014	708	7
21014	2881	8
21014	1183	9
21014	1631	8
21014	3452	10
21014	1185	9
21014	1186	7
21014	3114	9
21014	634	10
21014	2925	9
21014	1441	9
21014	2683	10
21014	3453	10
21014	1422	10
21014	1195	10
21014	2228	7
21014	2912	8
21014	3454	8
21014	538	9
21014	2663	9
21014	2549	9
21014	1491	8
21014	1033	9
21014	1980	10
21014	3455	10
21014	892	8
21014	2992	9
21014	1616	9
21014	450	8
21014	723	9
21014	3456	10
21014	338	7
21014	432	9
21014	1639	10
21014	292	10
21014	2961	8
21014	3457	10
21014	3458	9
21014	3232	10
21014	993	9
21014	620	10
21014	310	9
21014	590	5
21014	87	9
21014	3459	9
21014	3460	10
21014	3461	10
21014	3462	10
21014	621	10
21014	608	10
21014	2857	10
21014	1854	7
21014	3463	9
21014	622	10
21014	3464	9
21014	3465	10
21014	2407	9
21014	1091	10
21014	2233	10
21014	549	10
21014	1207	6
21014	704	9
21014	1301	10
21014	2701	9
21014	552	7
21014	2905	8
21014	3466	10
21014	614	7
21014	3467	9
21014	1906	8
21014	1233	10
21014	425	9
21014	3468	10
21014	1816	9
21014	3469	10
21014	3234	9
21014	2238	9
21014	3470	9
21014	2991	10
21031	649	8
21031	1634	7
21031	3471	9
21031	3472	8
21031	1042	10
21031	3473	10
21031	634	8
21031	1309	10
21031	3474	10
21031	3475	10
21031	793	8
21031	2064	9
21031	452	9
21031	935	9
21031	145	10
21031	3476	10
21031	3477	10
21031	3478	9
21031	3479	10
21031	2553	10
21031	3480	7
21031	34	10
21031	20	5
21049	3481	9
21049	135	9
21049	3295	10
21049	3482	8
21049	1576	8
21202	3483	10
21202	3484	10
21202	3485	10
21202	3486	8
21202	3487	9
21202	608	9
21202	2398	10
21207	2226	10
21207	3488	10
21207	3489	9
21207	2877	10
21207	545	9
21207	3490	8
21207	102	10
21229	1630	10
21229	1634	9
21229	1253	8
21229	533	7
21229	3491	9
21229	3492	9
21252	465	4
21252	1596	9
21252	1178	9
21252	3493	9
21252	1631	6
21252	1044	10
21252	356	10
21252	3494	10
21252	3495	9
21252	3496	10
21252	278	8
21252	2857	9
21252	2858	10
21252	3497	10
21356	315	9
21356	3498	10
21356	649	10
21356	884	9
21356	1259	7
21356	3499	10
21356	774	9
21356	3074	10
21356	3500	10
21356	3501	10
21356	3502	9
21356	1760	9
21356	1571	8
21356	1212	7
21356	3387	9
21356	2049	9
21356	1789	9
21356	3503	10
21364	3504	10
21364	581	4
21364	1055	8
21364	1391	9
21364	503	7
21364	3505	10
21364	2919	7
21364	2468	10
21364	655	10
21364	3506	9
21364	3313	9
21364	3507	8
21364	3508	10
21364	3509	9
21364	1305	9
21364	2866	9
21364	739	10
21404	3510	10
21404	581	5
21404	447	9
21404	2016	10
21404	643	9
21404	3186	10
21404	3044	10
21404	3511	9
21404	3092	8
21404	3512	10
21404	1177	9
21404	1186	8
21404	469	8
21404	1159	8
21404	1261	8
21404	381	10
21404	440	8
21404	3513	8
21404	1202	9
21404	3166	9
21404	1411	9
21404	611	8
21404	3464	9
21404	3514	10
21404	2155	9
21404	103	10
21404	2648	10
21404	54	10
21404	20	7
21404	3515	9
21404	390	8
21404	3516	10
21462	3117	10
21462	3517	9
21462	61	7
21462	3518	10
21462	906	7
21462	98	9
21484	3519	9
21484	3520	10
21484	774	10
21484	901	9
21484	3521	10
21484	880	7
21484	1928	10
21484	574	9
21484	3522	8
21484	1632	7
21484	3523	8
21484	3524	10
21484	434	5
21484	1416	10
21484	1788	8
21484	3525	10
21484	54	9
21484	2050	9
21484	2923	10
21540	2766	10
21540	1698	9
21540	347	9
21540	2217	8
21540	1574	9
21540	3207	10
21576	3527	9
21576	1630	7
21576	581	4
21576	3528	10
21576	1224	10
21576	774	10
21576	1179	8
21576	3529	10
21576	199	10
21576	3530	10
21576	1058	6
21576	2250	10
21576	3410	10
21576	235	8
21576	1196	10
21576	339	9
21576	340	9
21576	341	9
21576	934	5
21576	1744	10
21576	3531	10
21576	2741	10
21576	804	10
21576	3532	10
21576	592	7
21576	1641	10
21576	3533	10
21576	3534	10
21576	781	8
21576	3535	9
21576	3536	10
21576	157	9
21576	1550	6
21576	3537	10
21576	3538	9
21576	3539	8
21618	1737	7
21618	1939	9
21618	3113	9
21618	1940	9
21618	61	8
21618	534	9
21618	652	9
21618	3540	10
21618	2966	10
21618	2068	10
21618	3219	8
21618	3541	10
21618	3542	10
21618	1854	8
21618	127	5
21618	1251	10
21618	460	9
21659	3106	8
21659	3543	10
21659	1821	8
21659	3544	10
21659	644	8
21659	3545	10
21659	2329	10
21659	971	6
21659	170	6
21659	292	9
21659	195	8
21659	414	7
21659	973	9
21659	1071	7
21659	3546	10
21659	3547	9
21659	3548	9
21659	3549	8
21659	2514	9
21659	3550	8
21659	1492	10
21659	2272	9
21659	1842	10
21659	3551	10
21659	1051	10
21659	3552	10
21659	1212	8
21659	3553	9
21659	3554	9
21660	394	9
21660	70	4
21660	144	10
21660	1813	9
21660	2744	9
21708	1634	9
21708	3555	10
21708	3556	9
21708	3557	8
21708	206	9
21875	1934	10
21875	2656	8
21875	1011	8
21875	777	8
21875	1594	8
21875	3558	10
21875	803	7
21903	1490	7
21903	2044	9
21903	1973	9
21903	450	8
21903	414	9
21903	1663	9
21903	3559	9
21903	815	9
21912	3560	9
21912	1157	9
21912	3562	10
21912	3563	9
21912	3345	9
21930	617	9
21930	3564	10
21930	2148	10
21930	474	9
21930	2215	10
22045	777	9
22045	451	5
22045	3565	10
22045	2022	10
22045	737	9
22045	2345	10
22045	1091	10
22045	1048	10
22045	3566	9
22045	1272	10
22045	2347	8
22045	2376	10
22045	3567	8
22062	3568	8
22062	1033	10
22062	2337	7
22062	3569	10
22062	2905	9
22062	1289	8
22074	1630	7
22074	693	6
22074	50	7
22074	2332	8
22074	63	9
22074	3230	9
22074	1766	10
22074	1444	9
22074	2289	9
22074	1777	9
22074	3570	7
22074	3571	10
22074	541	10
22074	641	9
22074	170	7
22074	1269	9
22074	185	9
22074	2070	8
22074	451	6
22074	3433	10
22074	210	7
22074	3572	9
22074	147	10
22074	803	7
22074	3573	9
22074	267	8
22074	192	7
22074	1212	8
22074	3574	10
22074	637	8
22074	404	7
22089	2747	10
22089	3575	9
22089	3576	10
22089	3577	10
22089	620	8
22089	2077	9
22089	214	6
22107	3578	10
22107	649	9
22107	3579	9
22107	2586	9
22107	3580	10
22107	3581	10
22107	1201	9
22107	1946	9
22107	3582	9
22107	1577	9
22167	1648	8
22167	3583	9
22167	1055	9
22167	3584	10
22167	3585	9
22167	1398	9
22252	35	9
22252	809	8
22252	1291	6
22252	3580	9
22252	471	8
22252	472	7
22252	432	8
22252	474	10
22252	3586	9
22252	1529	9
22252	2635	10
22252	3587	9
22338	70	3
22338	546	10
22338	3588	10
22338	665	9
22338	2201	10
22338	3589	10
22338	2865	10
22365	2554	10
22365	581	7
22365	2320	10
22365	3590	10
22365	1088	10
22365	3591	8
22365	3592	9
22365	2349	10
22365	934	7
22365	938	10
22365	3593	10
22365	624	9
22464	3595	10
22464	660	10
22464	1347	10
22464	590	6
22464	3596	10
22464	3597	10
22495	3598	8
22495	3599	10
22495	1474	9
22495	1883	9
22495	3358	8
22495	3600	10
22495	3588	9
22503	1014	9
22503	1478	8
22503	3332	10
22503	921	9
22503	1396	10
22521	3602	10
22521	2145	10
22521	3594	10
22521	3603	9
22521	533	8
22521	774	8
22521	3604	10
22521	2569	10
22521	3605	9
22521	2570	10
22521	3606	10
22521	3607	9
22521	3135	9
22521	2611	10
22521	590	5
22521	1410	9
22521	1251	10
22521	3608	10
22521	2073	9
22521	3609	10
22625	3610	9
22625	693	7
22625	447	9
22625	405	8
22625	3335	10
22625	678	9
22625	696	8
22625	465	6
22625	2360	10
22625	2243	10
22625	3611	9
22625	1762	10
22625	3113	10
22625	243	4
22625	124	3
22625	533	7
22625	2324	8
22625	411	8
22625	183	8
22625	397	9
22625	708	8
22625	2044	8
22625	1179	9
22625	1181	10
22625	1182	10
22625	1809	10
22625	1773	9
22625	1058	8
22625	1190	8
22625	575	8
22625	235	7
22625	3074	10
22625	1491	9
22625	46	10
22625	1616	9
22625	723	9
22625	604	10
22625	471	8
22625	341	8
22625	2951	9
22625	3612	8
22625	440	9
22625	1066	8
22625	1205	9
22625	606	10
22625	3613	9
22625	2412	9
22625	2857	10
22625	635	10
22625	2904	10
22625	434	5
22625	421	9
22625	1433	10
22625	614	7
22625	192	7
22625	2724	10
22625	1906	8
22625	3256	8
22625	313	10
22625	214	9
22625	2028	9
22625	781	9
22625	3614	9
22625	1907	9
22625	3615	10
22695	408	9
22695	68	9
22695	1491	7
22695	662	9
22695	3442	8
22773	446	8
22773	2776	9
22773	3450	10
22773	2919	7
22773	2912	9
22773	340	9
22773	618	10
22813	3194	9
22813	170	8
22813	1743	9
22813	3616	8
22813	162	10
22813	1453	9
22813	3618	9
22818	3619	8
22818	59	6
22818	1674	9
22818	50	5
22818	3064	8
22818	2226	9
22818	3474	9
22818	3620	10
22818	3621	9
22818	3622	8
22818	3623	10
22818	1886	9
22818	3624	10
22818	3625	8
22818	434	5
22818	455	9
22818	3388	9
22818	3389	10
22912	2409	9
22912	274	8
22912	2063	10
22912	2786	10
22912	3354	10
22912	3626	10
22912	3627	9
22912	2376	10
22936	1045	8
22936	971	8
22936	574	7
22936	160	8
22936	434	7
22936	664	9
22936	118	10
22975	3628	10
22975	3629	9
22975	1320	9
22975	2685	10
22975	3630	9
22975	3631	10
23020	3632	9
23020	1875	10
23020	2879	10
23020	470	9
23020	1473	10
23020	3122	9
23020	1904	10
23020	3633	10
23128	1731	8
23128	486	8
23128	1055	7
23128	1093	9
23128	1724	10
23128	1828	8
23288	2444	9
23288	2286	10
23288	3634	9
23288	2508	9
23288	3635	9
23288	322	8
23288	3636	9
23288	3637	10
23288	3638	10
23288	3177	9
23288	3639	9
23288	3640	9
23459	1248	10
23459	640	10
23459	257	10
23459	3641	10
23459	3643	8
23511	457	8
23511	1858	9
23511	930	10
23511	1268	9
23511	6	8
23511	1269	8
23511	997	8
23511	2330	10
23511	543	9
23511	1728	8
23511	2026	10
23511	84	8
23511	257	8
23511	3644	10
23511	2398	9
23511	1571	10
23511	267	9
23511	3047	9
23511	3645	10
23547	3646	9
23547	1372	8
23547	1636	7
23547	1328	9
23547	1821	10
23547	1329	9
23547	3647	9
23547	2010	9
23547	394	10
23547	1519	9
23547	1239	9
23547	3648	9
23547	3649	10
23547	3051	9
23547	3650	9
23547	267	7
23547	977	10
23547	1251	9
23571	3651	10
23571	3652	8
23571	883	9
23571	2560	9
23571	463	8
23571	2450	10
23571	2451	9
23571	2452	10
23571	1171	10
23571	1971	10
23571	303	8
23571	50	5
23571	3653	10
23571	1472	10
23571	981	7
23571	3654	9
23571	2804	10
23571	3655	10
23571	3656	10
23571	235	6
23571	2805	10
23571	2968	9
23571	2970	9
23571	636	8
23571	3315	9
23571	1641	8
23571	1150	9
23571	525	9
23571	1367	10
23571	3657	10
23571	3658	9
23582	3659	9
23582	3455	9
23582	794	10
23582	3660	8
23582	3480	10
23619	1291	7
23619	3439	10
23619	34	10
23619	1818	9
23619	1141	10
23624	1011	8
23624	3661	9
23624	601	9
23624	1042	10
23624	2334	10
23624	361	10
23624	3662	10
23652	410	7
23652	3663	10
23652	1941	9
23652	3664	10
23652	1382	10
23652	3134	10
23652	1883	9
23652	1913	9
23652	2718	8
23652	3665	8
23652	1068	10
23652	3666	9
23659	3668	10
23659	3669	10
23659	3022	9
23659	3670	9
23659	3073	9
23680	1490	8
23680	3671	9
23680	3585	10
23680	144	8
23680	3672	10
23680	3673	10
23680	3323	10
23680	3355	9
23680	608	9
23680	3674	10
23680	2697	10
23680	2173	10
23680	913	10
23680	2681	9
23699	693	7
23699	465	5
23699	586	8
23699	3064	8
23699	537	9
23699	708	8
23699	244	10
23699	3675	10
23699	2608	10
23699	3676	8
23699	3677	9
23699	3678	10
23699	3048	7
23699	3679	10
23699	2991	9
23699	3066	9
23771	3680	10
23771	532	9
23771	209	9
23771	2604	9
23771	2080	7
23771	3137	10
23771	3681	10
23771	210	8
23771	1964	10
23771	3682	9
23771	3554	10
23847	721	8
23847	3683	10
23847	3684	9
23847	3685	10
23847	3686	9
23847	1572	7
23847	2798	9
23871	649	10
23871	3688	10
23871	3689	9
23871	200	10
23871	3690	10
23871	3325	9
23871	3692	8
23871	3693	8
23871	2685	10
23871	3694	10
23871	3695	10
23933	626	10
23933	1328	7
23933	1821	9
23933	2010	8
23933	3696	10
23933	2001	8
23933	2966	10
23933	1342	9
23933	1526	10
23933	1594	9
23933	3697	10
23933	685	10
23933	665	7
24052	1230	7
24052	2191	10
24052	1443	10
24052	1100	9
24052	2233	9
24090	457	7
24090	465	6
24090	2360	7
24090	3698	10
24090	614	6
24090	3699	10
24186	883	9
24186	1166	8
24186	1168	9
24186	628	9
24186	3700	9
24186	3701	9
24186	341	8
24186	1104	9
24186	2710	9
24186	676	7
24194	3702	10
24194	3703	10
24194	1868	10
24194	3704	10
24194	36	10
24194	2394	10
24194	2286	10
24194	3705	8
24194	72	8
24194	3706	9
24194	934	6
24194	920	9
24194	3707	9
24194	1948	8
24194	1781	10
24194	3042	9
24194	3550	9
24194	3708	10
24379	2554	10
24379	1523	9
24379	592	6
24379	3709	10
24379	247	10
24391	3710	8
24391	2662	7
24391	3711	10
24391	3132	10
24391	145	10
24391	3712	10
24427	533	7
24427	346	8
24427	1743	9
24427	1729	9
24427	2578	9
24433	1554	10
24433	3713	10
24433	3714	10
24433	693	8
24433	1731	7
24433	447	9
24433	695	10
24433	2971	10
24433	124	1
24433	1428	10
24433	1177	9
24433	1592	10
24433	3715	10
24433	469	6
24433	691	10
24433	3716	10
24433	2118	9
24433	1383	9
24433	1481	10
24433	2902	10
24433	37	8
24433	350	8
24433	1207	9
24433	613	9
24433	1211	8
24433	1266	9
24433	1956	10
24433	3717	10
24525	447	9
24525	2390	10
24525	3114	9
24525	1810	10
24525	451	7
24525	380	8
24525	3718	7
24525	1212	8
24525	1082	9
24525	3719	10
24627	2601	10
24627	44	10
24627	3720	9
24627	3721	8
24627	3722	10
24627	1071	9
24627	3724	9
24627	2822	10
24627	733	10
24627	3179	8
24627	1068	9
24641	1745	9
24641	3499	10
24641	3726	10
24641	3727	8
24641	3728	10
24641	1433	8
24641	3729	10
24733	3522	10
24733	544	9
24733	3434	10
24733	3414	10
24846	2219	9
24846	301	10
24846	1708	8
24846	744	6
24846	320	9
24846	499	10
24846	3730	10
24878	1554	9
24878	1429	9
24878	2044	9
24878	1688	10
24878	3732	10
24921	1307	10
24921	1183	8
24921	3733	9
24921	3376	9
24921	318	9
24921	3734	9
24921	3735	9
24921	2303	10
24921	3736	10
24921	195	7
24921	3737	10
24921	2691	10
24921	1689	10
24921	218	9
24921	3031	10
24933	1585	10
24933	3739	10
24933	22	9
24933	3740	10
24933	628	9
24933	710	10
24933	3741	9
24933	3488	9
24933	27	10
24933	1997	10
24933	3742	10
24933	3743	9
24933	762	9
24933	3744	9
24933	3745	8
24933	1690	9
24933	3238	7
24933	1722	10
24933	3357	10
24933	3746	10
24933	3747	10
24933	3748	10
24933	3749	10
24933	3750	10
24933	3751	9
24933	3752	10
24933	3753	10
24933	2047	10
24933	988	10
24933	3754	10
24933	3755	9
24934	693	7
24934	1250	10
24934	2913	10
24934	2961	8
24934	2419	10
24934	3756	10
24960	1275	9
24960	2690	9
24960	2070	8
24960	3757	9
24995	3758	10
24995	3334	10
24995	3472	8
24995	1063	10
24995	442	8
24995	3759	10
24995	3760	9
24995	127	7
24995	1068	8
25009	3761	10
25009	3586	7
25009	2957	10
25009	2526	9
25009	3762	10
25103	1158	6
25103	1977	10
25103	3763	8
25103	665	6
25103	3764	9
25109	1651	10
25109	124	1
25109	2841	10
25109	951	10
25109	718	10
25131	883	8
25131	411	9
25131	1179	7
25131	3530	10
25131	2458	9
25131	886	10
25131	1882	9
25131	417	10
25131	3380	8
25131	3765	9
25131	445	10
25131	2428	10
25131	882	10
25216	457	8
25216	1114	7
25216	1055	8
25216	2398	8
25216	41	5
25216	1082	10
25225	3766	9
25225	575	9
25225	3767	8
25225	1686	9
25225	1727	10
25225	3093	9
25225	2983	10
25253	3768	9
25253	1901	9
25253	1616	8
25253	1492	8
25253	592	7
25253	613	7
25253	192	4
25253	1212	8
25253	716	10
25253	240	7
25253	3769	10
25395	2698	10
25395	236	10
25395	1685	9
25395	3770	9
25395	971	7
25395	170	8
25395	1269	8
25395	3771	9
25395	3772	10
25395	3773	10
25395	935	8
25395	613	7
25410	316	10
25410	777	8
25410	3774	10
25410	937	9
25410	906	10
25410	210	8
25410	1100	9
25410	3775	10
25410	3712	9
25410	1956	10
25533	3776	10
25533	2476	9
25533	36	8
25533	2023	9
25533	3777	10
25533	1014	8
25533	624	9
25533	3779	8
25533	3391	6
25533	2158	8
25545	428	9
25545	3740	8
25545	1058	9
25545	67	9
25545	644	10
25545	3194	8
25545	320	10
25545	895	8
25545	550	10
25583	406	9
25583	5	9
25583	3766	10
25583	3780	10
25583	675	8
25583	451	5
25583	294	7
25583	3502	9
25583	3781	10
25583	3782	9
25583	2887	10
25583	20	4
25601	1971	10
25601	3783	9
25601	3784	10
25601	799	10
25601	532	9
25601	63	9
25601	3785	8
25601	3786	10
25601	3787	10
25601	2651	9
25601	3788	9
25601	1313	10
25601	3789	10
25601	872	9
25601	127	5
25601	3790	10
25601	3791	10
25601	3443	10
25601	3792	9
25711	581	7
25711	1291	6
25711	1297	8
25711	2949	8
25711	836	10
25804	1973	8
25804	691	8
25804	3793	8
25804	3794	9
25804	1362	10
25827	2363	9
25827	3795	7
25827	1169	10
25827	124	1
25827	3796	10
25827	3797	10
25827	2372	9
25827	2015	9
25827	52	8
25827	3798	10
25827	1954	10
25827	1134	9
25850	1634	9
25850	50	4
25850	1286	9
25850	338	6
25850	574	7
25850	2951	9
25850	3799	8
25850	433	9
25850	2316	9
25850	3800	9
25890	176	10
25890	139	9
25890	2725	7
25890	1526	10
25890	3801	10
25919	3802	10
25919	3803	10
25919	981	7
25919	3696	10
25919	3804	10
25919	3805	9
25919	276	10
25919	339	8
25919	340	10
25919	341	5
25919	434	5
25919	3806	9
25919	3280	8
25919	842	9
25930	3561	10
25930	1058	7
25930	3807	10
25930	3808	9
25930	794	10
25930	2416	8
25930	3809	8
25930	3459	9
25930	2857	9
25930	2859	10
25930	3810	10
25930	3811	10
25966	695	9
25966	209	10
25966	2194	9
25966	3812	9
25966	3813	8
25966	1564	8
25966	3775	9
25966	285	8
25966	784	7
25966	157	8
25966	3814	10
25996	446	10
25996	3815	10
25996	3453	10
25996	3816	8
25996	593	10
25996	781	7
26057	1554	10
26057	446	9
26057	2554	9
26057	1291	7
26057	981	9
26057	3604	10
26057	3817	10
26057	3365	10
26057	480	9
26057	482	10
26057	1394	10
26057	103	8
26057	3818	10
26057	3368	10
26084	2917	10
26084	2918	8
26084	1851	8
26084	934	6
26084	434	7
26084	41	7
26134	3820	8
26134	237	10
26134	1914	9
26134	2995	9
26134	3821	10
26134	3822	9
26134	424	10
26145	3823	10
26145	3824	9
26145	3825	10
26145	3268	10
26145	3826	10
26145	3827	10
26145	3828	10
26145	3131	9
26145	3829	9
26145	2500	9
26145	3830	8
26145	2501	9
26145	2313	10
26240	3831	10
26240	274	6
26240	2596	10
26240	997	6
26240	3832	8
26240	3136	10
26240	416	10
26240	2946	10
26240	2258	10
26240	3099	10
26240	1277	9
26240	3833	10
26240	1050	9
26240	704	9
26240	3834	10
26371	1821	8
26371	3218	10
26371	503	7
26371	3836	8
26371	3505	10
26371	3132	10
26371	3837	10
26371	1269	9
26371	3838	8
26371	178	9
26371	2897	9
26371	2548	10
26371	1322	9
26371	20	7
26374	1731	7
26374	1555	9
26374	1428	7
26374	1626	8
26487	486	7
26487	3839	10
26487	809	7
26487	3520	10
26487	3668	10
26487	3840	9
26487	3471	8
26487	216	8
26487	2325	10
26487	388	10
26487	3455	10
26487	3546	9
26487	658	10
26487	3841	10
26487	1886	10
26487	1887	9
26487	3533	10
26487	3538	8
26516	1553	10
26516	3687	9
26516	3842	10
26516	265	10
26516	224	10
26516	3180	8
26516	330	10
26516	3843	8
26517	1498	10
26517	243	5
26517	3844	9
26517	2504	10
26517	3720	9
26517	2329	10
26517	381	8
26517	3845	8
26517	2350	9
26517	1451	8
26521	1586	8
26521	3846	10
26521	536	8
26521	329	10
26521	297	10
26535	275	10
26535	757	10
26535	1631	9
26535	3847	10
26535	3848	9
26535	1828	9
26535	494	9
26535	401	10
26535	3849	10
26535	1265	9
26535	2424	10
26535	2948	9
26535	3850	10
26535	3851	9
26535	3852	10
26535	3853	9
26535	3854	10
26538	243	5
26538	1773	8
26538	3855	9
26538	501	8
26538	1761	9
26544	3856	10
26544	50	5
26544	1592	10
26544	1179	8
26544	290	10
26544	2555	10
26544	3374	10
26544	723	9
26544	1343	9
26544	2125	10
26544	3458	9
26544	1882	9
26544	3354	9
26544	657	7
26544	1389	9
26544	590	6
26544	3858	9
26544	3859	10
26544	1889	10
26544	3861	10
26544	3593	10
26544	3862	9
26544	3253	9
26544	1572	9
26544	3182	9
26544	3863	9
26544	3864	10
26544	3865	10
26544	3866	9
26544	3867	10
26553	3868	8
26553	1117	9
26553	3869	9
26553	2396	9
26553	3871	9
26553	2215	9
26553	3872	9
26553	1548	9
26553	3873	10
26583	1786	9
26583	2708	9
26583	312	10
26583	3342	10
26583	1812	10
26583	500	9
26583	716	8
26583	3539	8
26593	2919	7
26593	2912	9
26593	644	9
26593	494	10
26593	3874	10
26593	17	10
26593	258	10
26593	3875	9
26593	3214	10
26593	3175	8
26593	1451	10
26593	3876	10
26593	2173	7
26593	3877	10
26593	3645	9
26593	2531	10
26598	486	7
26598	316	9
26598	50	5
26598	1527	7
26598	1639	8
26598	1640	9
26598	3878	10
26598	1641	8
26611	1186	8
26611	1058	6
26611	1045	9
26611	1205	7
26615	3879	9
26615	3880	9
26615	2919	6
26615	588	8
26615	2978	9
26615	805	9
26620	2586	9
26620	1636	8
26620	1328	8
26620	1821	10
26620	3257	9
26620	3881	9
26620	391	10
26620	1724	9
26620	1587	9
26620	393	7
26620	3591	10
26620	3882	10
26620	3883	10
26620	3884	9
26620	2418	10
26620	688	10
26620	579	8
26620	736	10
26620	3885	10
26620	267	8
26621	3886	9
26621	581	6
26621	2937	10
26621	821	9
26621	1939	9
26621	503	9
26621	1158	9
26621	2919	7
26621	236	9
26621	3184	10
26621	3887	10
26621	87	9
26621	3888	9
26621	3600	10
26621	3889	10
26621	3890	10
26621	3891	9
26621	91	9
26621	93	10
26621	3892	9
26621	3893	10
26621	127	6
26621	2696	10
26621	2116	9
26621	665	5
26621	838	9
26621	121	9
26621	3894	8
26621	3895	9
26624	3896	10
26624	2150	9
26624	3897	10
26624	3898	9
26624	1788	8
26628	1896	10
26628	1136	9
26628	1616	8
26628	3900	9
26628	924	10
26664	2682	10
26664	1481	10
26664	2903	10
26664	131	10
26664	3901	9
26664	3902	9
26713	3594	9
26713	1895	10
26713	3119	10
26713	2973	10
26713	2806	9
26713	1599	10
26713	3903	10
26713	977	10
26756	3904	9
26756	1743	9
26756	3905	10
26756	3906	8
26756	3907	9
26782	3908	9
26782	1292	8
26782	3710	10
26782	3909	10
26782	974	9
26782	3910	10
26813	486	9
26813	3911	9
26813	3119	8
26813	2512	10
26813	3912	10
26883	883	7
26883	429	10
26883	3913	8
26883	3914	10
26883	2747	8
26883	3020	10
26883	2474	10
26883	3915	9
26883	227	8
26883	2780	10
26883	3916	9
26883	3917	9
26883	3918	10
26883	2943	10
26883	3919	10
26883	1116	9
26883	1026	9
26883	3920	10
26883	3598	10
26883	2782	9
26883	3921	10
26883	3922	10
26883	469	8
26883	3923	9
26883	3924	10
26883	3925	10
26883	340	8
26883	246	10
26883	1389	9
26883	310	10
26883	1098	9
26883	2760	10
26883	3057	10
26883	977	10
27091	2169	10
27091	3926	9
27091	3927	9
27091	3928	9
27091	2442	9
27091	3929	9
27091	776	9
27091	276	10
27091	278	10
27091	876	9
27140	3230	9
27140	431	10
27140	52	10
27140	282	8
27140	192	7
27140	3931	9
27140	206	9
27169	3932	9
27169	3933	9
27169	3934	8
27169	3935	9
27169	3936	9
27169	3937	10
27169	3690	9
27169	3938	8
27193	3939	9
27193	1336	8
27193	2171	10
27193	3581	10
27193	920	10
27193	1957	9
27204	3940	9
27204	3941	10
27204	3942	9
27204	3943	10
27204	3944	9
27265	407	8
27265	809	9
27265	3306	10
27265	590	7
27313	3946	9
27313	245	8
27313	51	7
27313	877	10
27317	1186	9
27317	2919	8
27317	3948	8
27317	737	9
27317	549	10
27317	1397	10
27352	2554	6
27352	693	7
27352	1731	8
27352	3949	9
27352	1121	10
27352	3098	9
27352	3950	8
27383	2545	9
27383	3951	10
27383	1927	10
27383	2662	10
27383	961	10
27383	3952	10
27383	3085	9
27383	3953	10
27462	3920	9
27462	3154	9
27462	911	10
27462	1626	6
27462	2109	10
27462	2696	10
27462	2274	10
27462	2275	10
27462	2276	10
27462	2542	10
27472	581	5
27472	3815	10
27472	2494	8
27472	3954	10
27472	2803	9
27472	3955	10
27472	3956	8
27472	1490	8
27472	124	2
27472	1094	10
27472	742	8
27472	3957	10
27472	245	10
27472	3958	10
27472	3959	9
27472	1159	9
27472	3960	9
27472	1928	10
27472	604	10
27472	1475	10
27472	971	5
27472	574	10
27472	1686	9
27472	3961	10
27472	2293	8
27472	934	8
27472	2019	8
27472	1626	6
27472	379	9
27472	3962	9
27472	3355	10
27472	3565	10
27472	3963	10
27472	1948	10
27472	499	9
27472	3964	9
27472	1932	9
27472	1854	9
27472	803	9
27472	1964	10
27472	1667	8
27472	624	10
27472	2808	9
27472	3965	9
27472	2665	8
27472	239	9
27472	614	7
27472	3424	10
27472	3966	10
27472	2579	8
27472	3967	10
27472	19	9
27472	2050	8
27472	2532	8
27472	3867	10
27472	3968	9
27472	3969	10
27573	1014	10
27573	3970	9
27573	88	8
27573	2903	10
27573	2753	10
27617	1698	10
27617	136	9
27617	1094	9
27617	3971	10
27617	3972	10
27617	236	10
27617	1795	10
27617	1688	8
27617	3973	9
27617	3974	9
27617	2955	9
27617	2957	10
27617	3975	10
27617	3976	10
27617	3977	8
27617	3978	9
27617	622	7
27617	514	10
27617	3979	10
27617	2040	9
27617	3421	10
27617	2579	9
27617	3078	10
27617	1543	10
27617	1398	10
27617	2132	10
27617	3399	9
27647	1580	9
27647	2494	9
27647	3980	10
27647	3018	9
27647	3020	10
27647	3632	9
27647	3981	10
27647	3982	10
27647	901	9
27647	1875	9
27647	1596	9
27647	1116	10
27647	3598	10
27647	1286	10
27647	1516	10
27647	3983	10
27647	70	2
27647	3984	9
27647	3985	10
27647	3986	10
27647	589	8
27647	1013	9
27647	3987	10
27647	3988	8
27647	3171	9
27647	3989	10
27647	3990	9
27647	1854	9
27647	2130	9
27647	3991	10
27647	3992	10
27647	3993	10
27647	3994	9
27647	3995	9
27647	404	7
27647	3996	10
27647	3894	10
27647	3997	10
27647	3470	9
27647	3895	10
27684	3520	7
27684	957	8
27684	997	6
27684	3998	8
27684	3999	10
27740	4000	9
27740	3831	10
27740	884	9
27740	3471	9
27740	1306	10
27740	1329	10
27740	2941	9
27740	3805	10
27740	24	10
27740	4001	9
27740	4002	10
27740	4003	9
27740	2663	8
27740	4004	9
27740	3488	10
27740	346	8
27740	4005	10
27740	4006	10
27740	126	10
27740	1525	8
27740	4007	10
27740	1738	9
27740	3459	9
27740	1730	10
27740	4008	9
27740	4009	10
27740	4010	10
27740	1693	9
27740	636	9
27740	2700	10
27740	1812	8
27740	3712	10
27740	4011	10
27740	4012	10
27740	1856	8
27740	4013	10
27812	4014	10
27812	1284	9
27812	3933	9
27812	1938	9
27812	2278	10
27812	4015	8
27812	4016	10
27812	159	9
27812	3518	8
27812	4017	10
27812	434	7
27812	2319	9
27812	2179	9
27812	3110	9
27812	3801	10
27812	3125	10
27812	3480	10
27812	4018	10
27813	667	9
27813	1042	10
27813	30	10
27813	4021	9
27813	1687	10
27813	4022	10
27813	2255	9
27813	3086	10
27813	3325	10
27813	3859	10
27813	147	10
27813	3650	10
27813	4023	10
27813	1050	10
27813	2697	8
27821	2291	10
27821	4025	9
27821	3039	9
27821	2212	10
27821	1242	8
27821	155	10
27875	59	8
27875	463	9
27875	2776	9
27875	4026	9
27875	1011	8
27875	2925	10
27875	4027	10
27875	1044	10
27875	657	7
27875	4028	9
27875	267	9
27875	4029	8
27875	4030	9
27875	685	10
27875	314	9
27875	1016	8
27875	4031	10
27888	4032	10
27888	3044	9
27888	4033	9
27888	2694	10
27888	1969	9
27891	4034	9
27891	246	8
27891	661	10
27891	4035	8
27891	3674	10
27891	3342	9
27891	192	7
27947	4036	9
27947	2545	9
27947	158	9
27947	730	10
27947	4037	9
27947	1410	9
27947	3423	9
27947	1602	7
27947	2868	9
27956	35	7
27956	1291	7
27956	2324	9
27956	1964	9
27956	3534	9
28016	581	4
28016	486	6
28016	405	10
28016	1171	8
28016	409	8
28016	2366	10
28016	928	7
28016	3439	10
28016	338	7
28016	339	7
28016	340	9
28016	1237	9
28016	4038	9
28016	2981	10
28016	2119	9
28076	1938	10
28076	1611	9
28076	4039	9
28076	4040	10
28076	4041	10
28076	4042	10
28091	4043	10
28091	244	9
28091	1600	10
28091	451	7
28091	3973	8
28091	20	6
28096	1865	10
28096	1555	8
28096	1586	8
28096	397	8
28096	971	5
28096	1268	5
28096	619	10
28139	689	9
28139	3133	9
28139	279	8
28139	4044	9
28139	3342	9
28144	4045	9
28144	2098	9
28144	4046	10
28144	1104	8
28144	2070	9
28144	451	6
28144	3789	9
28144	84	8
28144	2795	10
28144	3665	10
28150	2183	10
28150	227	7
28150	2393	9
28150	341	7
28150	2370	9
28150	4047	10
28150	1790	10
28177	1554	8
28177	693	8
28177	486	6
28177	447	10
28177	457	8
28177	487	8
28177	1555	9
28177	2381	9
28177	2449	9
28177	227	8
28177	1055	7
28177	721	9
28177	2224	10
28177	1631	9
28177	2193	10
28177	653	8
28177	958	10
28177	4048	9
28177	1186	7
28177	1058	8
28177	1122	9
28177	235	7
28177	308	9
28177	1033	10
28177	4049	10
28177	4050	10
28177	2064	8
28177	3612	10
28177	4051	9
28177	1567	7
28177	1377	8
28177	210	10
28177	3121	10
28177	4052	9
28177	715	8
28177	2233	10
28177	4053	9
28177	552	10
28177	1416	9
28177	705	9
28177	4054	9
28177	784	8
28177	501	9
28177	1218	9
28177	4055	9
28204	384	9
28204	4056	9
28204	287	10
28204	4057	9
28204	124	1
28204	3846	10
28204	4058	10
28204	2543	10
28204	3592	9
28204	2327	9
28204	1444	10
28204	381	9
28204	440	8
28204	1299	8
28204	444	10
28204	1265	10
28204	2421	9
28204	2423	10
28204	631	10
28204	4059	9
28204	90	9
28204	1452	10
28204	733	10
28204	3179	10
28204	4060	9
28204	2077	8
28204	127	7
28204	1466	10
28204	2346	9
28204	3557	8
28204	99	10
28204	285	7
28204	1959	10
28222	3913	8
28222	1291	7
28222	4061	9
28222	777	8
28222	2281	10
28222	257	8
28222	781	7
28222	3539	8
28255	2208	7
28255	154	10
28255	4062	9
28255	971	7
28255	4063	10
28255	592	6
28255	4064	9
28255	4065	10
28255	4066	9
28255	4067	10
28255	2753	10
28255	390	10
28255	4068	10
28257	235	7
28257	4069	10
28257	3883	10
28257	2026	8
28257	4070	10
28289	124	1
28289	70	2
28289	140	10
28289	4071	10
28289	505	10
28289	311	9
28289	3299	8
28360	3946	9
28360	1267	9
28360	1397	10
28360	3026	8
28448	2066	10
28448	3925	10
28448	937	9
28448	660	10
28448	622	8
28448	4074	10
28451	601	9
28451	4075	9
28451	289	9
28451	3261	10
28451	4076	10
28451	3688	9
28451	3857	9
28451	4077	8
28451	290	9
28451	4078	9
28451	4019	9
28451	4079	10
28451	4080	9
28451	30	10
28451	4081	9
28451	367	10
28451	4082	8
28451	764	9
28451	1834	10
28451	4083	10
28451	3264	10
28451	881	9
28451	2083	9
28454	1309	9
28454	3649	10
28454	1311	9
28454	1312	10
28454	970	10
28454	3942	10
28454	3424	9
28454	232	9
28492	4084	10
28492	4085	10
28492	1835	10
28492	2753	9
28523	581	4
28523	3106	10
28523	1291	7
28523	2411	9
28523	338	7
28523	618	10
28523	3644	10
28523	480	7
28523	3315	10
28523	2711	9
28523	4087	10
28523	3207	9
28523	3536	10
28523	2860	10
28523	2852	10
28543	153	10
28543	2938	9
28543	1103	10
28543	2052	9
28543	2297	9
28543	4088	9
28591	4089	10
28591	4090	10
28591	3471	10
28591	4091	9
28591	2001	10
28591	1235	10
28591	3316	10
28591	4092	8
28591	4093	10
28591	476	10
28591	2254	10
28591	4094	10
28591	2617	10
28591	3056	8
28591	4095	10
28591	1398	9
28591	20	6
28592	2467	10
28592	124	1
28592	1393	10
28592	388	8
28592	1952	8
28592	3368	10
28594	1732	9
28594	3092	8
28594	2246	10
28594	2247	9
28594	4096	10
28594	2072	10
28594	369	10
28594	4097	10
28594	4098	10
28594	434	7
28594	4099	10
28594	570	10
28619	3703	9
28619	287	10
28619	1172	10
28619	754	9
28619	2324	8
28619	1294	10
28619	235	6
28619	2690	9
28619	1071	7
28619	4100	10
28619	1966	9
28619	3724	10
28619	831	9
28619	4101	9
28619	4102	8
28619	192	4
28619	4103	10
28619	4104	10
28619	3367	10
28619	4105	9
28619	152	9
28619	4106	10
28619	4107	10
28634	407	8
28634	3543	9
28634	3083	6
28634	3918	10
28634	124	2
28634	5	10
28634	981	7
28634	2147	10
28634	4108	10
28634	2063	8
28634	2880	8
28634	2317	10
28634	1441	9
28634	1309	8
28634	4109	9
28634	4110	9
28634	2875	10
28634	896	8
28634	892	8
28634	2632	9
28634	4111	10
28634	1002	10
28634	4112	10
28634	3286	8
28634	3634	9
28634	505	10
28634	376	10
28634	1382	10
28634	4113	9
28634	347	9
28634	1104	8
28634	971	7
28634	169	7
28634	170	6
28634	6	7
28634	1269	8
28634	675	7
28634	1686	8
28634	451	8
28634	144	9
28634	1071	8
28634	543	9
28634	1882	8
28634	51	8
28634	1298	8
28634	3745	9
28634	1567	10
28634	4114	10
28634	3565	9
28634	3302	9
28634	3558	9
28634	3023	10
28634	3665	8
28634	4115	9
28634	3490	10
28634	2551	10
28634	2178	10
28634	715	8
28634	1006	10
28634	2233	10
28634	2108	10
28634	95	10
28634	2620	9
28634	1573	10
28634	1271	9
28634	3552	10
28634	500	9
28634	3256	8
28634	1574	6
28634	4116	10
28634	4117	9
28634	1052	10
28634	1669	9
28634	4118	9
28634	2043	10
28647	1229	10
28647	2785	9
28647	673	9
28647	4119	9
28647	665	10
28647	1218	10
28667	2183	10
28667	4120	10
28667	3946	9
28667	4121	10
28667	981	7
28667	1158	9
28667	4122	10
28667	2396	10
28667	3098	9
28667	4123	9
28667	552	9
28667	2073	10
28667	782	10
28700	2031	10
28700	1498	10
28700	3755	8
28700	4124	9
28700	1849	10
28709	957	10
28709	723	9
28709	442	8
28709	1949	8
28709	953	8
28731	2000	10
28731	4061	8
28731	2708	9
28731	811	8
28735	4125	8
28735	1643	10
28735	68	8
28735	2849	10
28735	4126	10
28735	20	6
28735	3658	9
28820	4127	8
28820	4128	10
28820	4129	9
28820	4130	10
28820	623	8
28820	4131	9
28865	1056	8
28865	2972	8
28865	70	4
28865	4132	10
28865	3274	10
28865	4133	8
28865	4134	10
28865	265	9
28865	605	10
28865	127	6
28865	4135	10
28865	4136	10
28938	4137	9
28938	4138	9
28938	3669	9
28938	573	10
28938	3492	9
28938	594	10
28938	20	6
28938	4139	10
28938	3516	9
28945	862	9
28945	3119	10
28945	1259	10
28945	938	8
28945	2430	10
29028	4140	9
29028	870	10
29028	4141	10
29028	4142	10
29028	4083	8
29028	4143	10
29028	2552	10
29028	1493	9
29056	1593	10
29056	2337	10
29056	4144	10
29056	1068	9
29056	4145	10
29094	3881	10
29094	2829	9
29094	4146	8
29094	3548	7
29101	638	10
29101	4147	8
29101	160	8
29101	256	10
29101	4148	10
29204	4149	8
29204	1581	10
29204	1059	10
29204	4150	10
29204	641	9
29204	3502	10
29204	1594	9
29204	4151	9
29204	266	8
29209	316	8
29209	696	9
29209	2269	10
29209	774	7
29209	4153	9
29209	141	9
29209	185	8
29209	322	10
29209	379	9
29209	4146	9
29209	4154	10
29209	1946	9
29209	3357	9
29209	3760	9
29209	87	9
29209	4155	10
29209	4156	9
29209	737	9
29209	4157	10
29209	4158	9
29209	4159	10
29209	314	8
29259	4160	10
29259	1630	8
29259	465	6
29259	503	9
29259	274	6
29259	3836	10
29259	981	7
29259	4161	10
29259	3740	7
29259	1858	8
29259	1421	9
29259	1599	9
29259	4162	10
29259	2725	9
29259	892	9
29259	2080	8
29259	4163	10
29259	971	6
29259	4164	10
29259	4130	10
29259	4165	10
29259	2117	10
29259	4166	9
29259	3781	10
29259	590	6
29259	4167	8
29259	3222	9
29259	1862	9
29259	4168	10
29259	2376	10
29259	4169	10
29259	4170	10
29259	941	8
29259	3822	10
29259	3877	9
29259	4171	10
29259	527	9
29259	2863	9
29259	2864	8
29259	1074	10
29259	2533	10
29259	3149	10
29259	4172	7
29259	2007	9
29259	739	8
29259	2867	10
29259	1961	9
29259	456	9
29259	152	8
29259	2749	10
29306	903	10
29306	892	9
29306	4173	9
29306	4174	10
29306	1923	9
29419	358	8
29419	279	10
29419	328	9
29419	1542	10
29419	4175	9
29419	2521	9
29424	1058	7
29424	3286	9
29424	2331	9
29424	4176	9
29424	4177	10
29497	4178	10
29497	3819	10
29497	391	9
29497	640	8
29497	1295	10
29497	2278	8
29497	347	9
29497	17	8
29497	1594	9
29497	4179	10
29526	1554	10
29526	1020	10
29526	4181	10
29526	1024	8
29526	50	6
29526	437	10
29526	689	9
29526	448	9
29526	4183	9
29526	4184	10
29526	4185	10
29526	469	7
29526	1878	9
29526	3107	10
29526	320	8
29526	4186	10
29526	540	9
29526	4187	8
29526	1960	10
29526	431	10
29526	471	9
29526	472	7
29526	473	8
29526	3055	10
29526	4190	10
29526	4094	9
29526	3613	9
29526	480	9
29526	3056	9
29526	2407	10
29526	4191	10
29526	2773	10
29526	1232	9
29526	4192	10
29526	4193	9
29526	3730	10
29526	1857	10
29526	4194	9
29526	4195	10
29526	4196	9
29526	1366	10
29526	43	9
29526	4197	9
29539	800	10
29539	981	8
29539	2063	7
29539	4198	10
29539	2823	8
29570	883	8
29570	2878	9
29570	533	8
29570	1116	10
29570	720	9
29570	2281	9
29570	232	9
29789	2308	9
29789	2367	10
29789	417	8
29789	4199	9
29789	560	7
29789	1289	8
29855	4200	9
29855	304	8
29855	1941	9
29855	2189	9
29855	2044	9
29855	1660	9
29855	3046	10
29855	1193	7
29855	538	8
29855	892	8
29855	1071	8
29855	4201	10
29855	2086	8
29855	560	8
29867	1373	10
29867	4078	10
29867	4203	10
29867	4204	10
29915	1649	10
29915	1942	10
29915	87	8
29915	4205	10
29915	4116	10
29915	4206	9
30022	2704	9
30022	2386	9
30022	1519	8
30022	4207	9
30022	3210	9
30029	181	9
30029	4208	10
30029	1866	10
30029	4209	9
30029	293	9
30029	257	9
30029	4210	9
30029	2091	10
30029	3139	9
30029	218	10
30029	4179	10
30029	3436	9
30029	2272	9
30029	3156	9
30029	4211	10
30035	59	8
30035	3951	10
30035	3301	10
30035	2494	8
30035	1636	8
30035	1329	7
30035	393	9
30035	2010	8
30035	4061	9
30035	4212	10
30035	2992	9
30035	347	9
30035	170	8
30035	4213	10
30035	2609	10
30035	1722	8
30035	2102	10
30035	4214	9
30052	4215	10
30052	1328	7
30052	1898	8
30052	4216	10
30052	4217	8
30052	4218	10
30052	4219	10
30052	1686	8
30052	4220	10
30052	3023	9
30052	592	8
30052	324	10
30052	193	10
30052	1084	9
30081	1253	8
30081	4221	10
30081	2817	9
30081	4222	10
30081	1058	7
30081	1190	8
30081	2919	6
30081	3170	10
30081	2318	8
30081	246	10
30081	417	7
30081	477	7
30081	1740	10
30081	1410	8
30081	1781	9
30081	4223	10
30081	1788	10
30081	1398	7
30120	4224	10
30120	4225	10
30120	4226	10
30120	30	9
30120	674	9
30120	501	9
30210	574	9
30210	185	8
30210	255	9
30210	228	10
30210	991	9
30210	206	8
30210	4227	9
30245	3080	10
30245	3060	9
30245	4228	9
30245	4229	9
30245	262	10
30245	2077	9
30245	149	10
30261	930	10
30261	4050	10
30261	1688	9
30261	596	10
30261	2313	10
30261	1856	8
30261	490	10
30273	643	9
30273	1770	10
30273	1230	10
30273	4230	10
30273	4231	9
30273	3920	10
30273	4232	10
30273	3598	10
30273	431	8
30273	1565	9
30273	1744	10
30273	1389	9
30273	1664	10
30273	1532	9
30273	476	9
30273	1755	9
30273	1300	10
30273	1208	9
30273	2119	9
30273	4233	9
30273	3534	10
30273	1848	10
30273	4234	9
30290	2381	9
30290	3505	10
30290	634	7
30290	4235	10
30290	3283	8
30319	1653	10
30319	2919	8
30319	2951	10
30319	4236	10
30319	3003	9
30319	490	9
30333	4237	9
30333	1927	9
30333	67	9
30333	645	10
30333	577	9
30333	2398	9
30333	2516	9
30333	3998	10
30333	352	9
30385	1390	10
30385	2089	10
30385	210	9
30385	3563	10
30385	426	9
30445	1156	8
30445	3186	10
30445	2682	10
30445	3106	10
30445	927	9
30445	3190	10
30445	4188	10
30445	341	6
30445	542	9
30445	1626	8
30461	4061	8
30461	4238	10
30461	2708	10
30461	4239	10
30461	3837	9
30461	4240	10
30461	4241	10
30487	502	9
30487	1284	7
30487	706	10
30487	1895	9
30487	1971	10
30487	2187	8
30487	1023	9
30487	50	5
30487	957	8
30487	1592	10
30487	448	10
30487	1559	8
30487	4242	9
30487	1809	8
30487	891	10
30487	4243	10
30487	3410	10
30487	1193	9
30487	2229	8
30487	4186	8
30487	3820	10
30487	2663	10
30487	588	10
30487	4244	10
30487	3185	10
30487	6	7
30487	195	8
30487	451	5
30487	938	8
30487	1462	10
30487	1949	10
30487	1492	8
30487	2885	10
30487	2015	9
30487	4245	9
30487	1207	7
30487	704	7
30487	4246	10
30487	4247	10
30487	2886	10
30487	483	10
30487	2436	10
30487	2437	9
30487	4248	10
30487	2888	10
30487	4249	8
30487	665	6
30487	2201	9
30487	3087	10
30487	705	10
30487	107	10
30487	1458	10
30487	1289	9
30487	4250	9
30495	273	10
30495	4251	9
30495	2494	10
30495	4252	9
30495	4253	10
30495	1158	7
30495	668	10
30495	2506	9
30495	2253	9
30495	2072	10
30495	725	9
30495	784	8
30531	3448	9
30531	971	7
30531	1268	8
30531	77	8
30531	1690	8
30531	620	9
30533	693	7
30533	3908	10
30533	2557	8
30533	4254	10
30533	2353	10
30533	316	10
30533	3450	10
30533	304	10
30533	3007	10
30533	3846	9
30533	774	8
30533	3561	10
30533	634	8
30533	1442	10
30533	539	10
30533	1261	9
30533	4255	10
30533	4256	10
30533	1062	10
30533	4257	10
30533	4258	10
30533	4259	9
30533	4260	10
30533	414	8
30533	997	8
30533	144	10
30533	3135	9
30533	4021	9
30533	178	9
30533	218	9
30533	3171	9
30533	2635	10
30533	3541	9
30533	1100	10
30533	4261	9
30533	4262	10
30533	1781	7
30533	4263	10
30533	4264	9
30533	1126	9
30533	434	5
30533	4265	10
30533	592	7
30533	421	10
30533	2700	10
30533	149	10
30533	202	10
30533	204	10
30533	3791	9
30533	1212	7
30533	3442	8
30533	4266	10
30533	637	9
30533	4267	10
30533	285	5
30533	54	8
30533	1436	10
30533	1227	10
30555	4268	10
30555	407	8
30555	1783	9
30555	4269	10
30555	3922	10
30555	2387	9
30555	546	8
30555	51	8
30555	3355	10
30555	265	10
30555	1860	9
30555	2347	10
30555	150	10
30594	2815	10
30594	1634	10
30594	4270	9
30594	4271	10
30594	4272	9
30594	451	5
30594	3621	10
30594	3622	10
30594	2029	10
30594	845	10
30607	3768	9
30607	1439	8
30607	262	8
30607	4273	10
30607	4274	9
30607	3362	9
30645	1372	8
30645	335	8
30645	910	8
30645	1504	8
30645	1444	9
30645	2662	9
30657	1442	8
30657	1446	8
30657	4093	9
30657	4275	10
30657	4148	10
30657	4276	10
30657	4277	9
30711	1630	7
30711	273	9
30711	600	10
30711	2449	9
30711	678	10
30711	4278	10
30711	4279	8
30711	3954	9
30711	4280	9
30711	4281	9
30711	1172	8
30711	3668	9
30711	4282	10
30711	36	8
30711	4283	9
30711	573	9
30711	4284	9
30711	4285	9
30711	1159	10
30711	4286	9
30711	2912	7
30711	4112	10
30711	471	8
30711	341	7
30711	2293	9
30711	4287	9
30711	1688	9
30711	657	9
30711	3897	9
30711	801	8
30711	210	9
30711	3086	9
30711	147	9
30711	2576	7
30711	3177	9
30711	4288	10
30711	482	8
30711	162	10
30711	4248	10
30711	4289	9
30711	2155	10
30711	2796	10
30711	426	8
30711	2267	10
30711	4290	9
30711	782	10
30711	783	10
30711	855	10
30711	3609	8
30711	501	7
30712	2062	10
30712	2657	10
30712	1504	10
30712	4291	9
30712	4292	10
30712	3161	8
30712	3162	9
30712	632	10
30712	4293	10
30712	1302	9
30712	3067	10
30712	3165	10
30716	695	10
30716	407	9
30716	595	9
30716	884	9
30716	1027	10
30716	1655	10
30716	1028	10
30716	4294	10
30716	4295	8
30716	3506	10
30716	658	9
30716	3556	9
30716	4296	10
30716	1397	9
30716	3835	9
30716	3299	10
30735	816	10
30735	1630	9
30735	1497	10
30735	649	9
30735	4297	9
30735	3520	10
30735	50	5
30735	1328	7
30735	1821	8
30735	395	10
30735	4298	10
30735	397	9
30735	652	10
30735	708	9
30735	1407	8
30735	4299	10
30735	4300	10
30735	235	6
30735	431	9
30735	346	9
30735	1061	9
30735	471	8
30735	338	8
30735	472	8
30735	473	9
30735	341	7
30735	618	9
30735	4301	10
30735	4302	9
30735	674	10
30735	3581	8
30735	4303	8
30735	4304	10
30735	2950	10
30735	3393	10
30735	258	10
30735	381	9
30735	259	10
30735	4305	10
30735	4306	10
30735	621	8
30735	608	10
30735	4307	10
30735	3175	10
30735	3176	8
30735	803	7
30735	3177	10
30735	90	9
30735	1451	8
30735	887	10
30735	1860	10
30735	480	8
30735	434	5
30735	4207	9
30735	41	8
30735	2995	10
30735	1968	9
30735	213	10
30735	2520	10
30735	3048	9
30735	836	9
30735	1789	10
30735	4211	10
30735	4308	9
30735	2732	10
30735	1457	10
30735	4309	10
30735	4310	9
30735	10	9
30749	1179	9
30749	3321	9
30749	2026	7
30749	4311	8
30749	1603	8
30749	2863	9
30770	227	6
30770	2918	8
30770	124	2
30770	4312	9
30770	1266	10
30770	247	9
30770	3406	9
30806	3846	10
30806	3229	9
30806	4313	10
30806	473	8
30806	3690	10
30806	3055	9
30806	912	8
30806	4314	10
30806	1803	9
30806	4315	9
30806	285	8
30806	4068	10
30810	4226	9
30810	2719	9
30810	4316	10
30810	1090	10
30810	1091	9
30810	1067	9
30810	2347	10
30810	2724	10
30810	4317	10
30824	1737	9
30824	2444	7
30824	2208	10
30824	4200	9
30824	4318	10
30824	4319	10
30824	1984	10
30824	521	10
30838	4320	10
30838	2524	9
30838	3388	8
30838	3389	9
30838	4321	10
30838	4322	10
30854	2944	10
30854	195	8
30854	4323	8
30854	592	6
30854	3156	7
30854	2665	10
30887	465	5
30887	4324	7
30887	1631	8
30887	2725	8
30887	4325	10
30887	3858	9
30887	2104	10
30887	192	6
30898	1437	10
30898	582	9
30898	775	9
30898	346	9
30898	4326	10
30898	1778	10
30898	2432	10
30898	1626	6
30898	3314	10
30898	991	9
30898	4327	9
30906	1108	9
30906	1747	10
30906	4328	9
30906	591	10
30906	3067	9
30939	4329	9
30939	1743	8
30939	3948	8
30939	514	10
30939	4330	10
30968	3909	9
30968	451	6
30968	546	10
30968	3899	9
30968	54	8
30972	581	4
30972	3908	10
30972	1783	7
30972	243	6
30972	4331	9
30972	4332	10
30972	1186	8
30972	1441	10
30972	2333	10
30972	358	8
30972	2992	9
30972	450	8
30972	1045	8
30972	971	6
30972	1851	6
30972	451	5
30972	1447	9
30972	16	8
30972	279	9
30972	1729	9
30972	4146	10
30972	4333	10
30972	1594	8
30972	1205	8
30972	4334	10
30972	2128	10
30972	419	9
30972	1854	9
30972	3180	10
30972	1048	10
30972	1067	10
30972	1379	10
30972	421	10
30972	2347	10
30972	20	6
30985	4335	9
30985	411	8
30985	4336	10
30985	4027	10
30985	1878	10
30985	1196	10
30985	3770	9
30985	4337	8
30985	3134	9
30985	170	7
30985	4164	9
30985	4338	10
30985	1567	10
30985	4339	9
30985	147	10
30985	4340	10
30985	2331	10
30985	2398	8
30985	1813	10
30985	4341	8
30985	2158	9
30989	4342	9
30989	1372	8
30989	1858	10
30989	3235	8
30989	1382	9
30989	291	10
30989	1298	8
30994	446	8
30994	3116	9
30994	693	7
30994	405	10
30994	2010	9
30994	777	5
30994	2496	9
30994	290	10
30994	653	8
30994	1186	7
30994	4343	8
30994	971	7
30994	589	10
30994	1639	10
30994	4344	10
30994	576	10
30994	451	7
30994	2020	9
30994	1728	9
30994	4345	9
30994	417	10
30994	1722	8
30994	4346	10
30994	2004	7
30994	2398	8
30994	3199	10
30994	421	9
30994	4347	9
30994	4202	8
30994	4348	10
30994	3243	10
30994	614	5
30994	3614	9
31006	4349	9
31006	1055	9
31006	2223	10
31006	2850	9
31006	4350	9
31008	4351	10
31008	1284	7
31008	1116	9
31008	3869	9
31008	1903	10
31008	2155	10
31008	4352	8
31008	4353	10
31040	1873	10
31040	4354	9
31040	708	10
31040	4355	10
31040	1332	10
31040	4356	9
31040	4357	8
31040	2838	10
31040	3612	9
31040	4167	8
31040	1305	9
31040	1602	8
31040	1603	10
31040	152	9
31040	286	9
31040	2237	10
31050	4358	9
31050	4359	10
31050	4360	9
31050	3848	10
31050	4361	10
31050	2590	9
31050	4362	10
31050	2598	8
31050	4363	10
31050	4364	10
31050	2877	9
31050	443	10
31050	3692	10
31050	3386	10
31050	4365	9
31050	4366	10
31050	2638	10
31050	4367	9
31050	2623	9
31050	4368	10
31094	1102	9
31094	1902	9
31094	1686	8
31094	2118	10
31094	258	7
31094	2628	10
31094	4369	10
31094	732	10
31094	2373	9
31094	2351	10
31094	312	9
31094	952	10
31144	4370	9
31144	4371	10
31144	2150	9
31144	3674	9
31144	771	10
31158	4372	10
31158	1938	9
31158	50	4
31158	1055	7
31158	1490	10
31158	657	7
31158	404	7
31226	3913	9
31226	2747	9
31226	4373	10
31226	4374	10
31226	1320	10
31226	4375	10
31226	4376	10
31229	3610	10
31229	925	9
31229	4377	10
31229	1143	9
31229	716	10
31229	4378	9
31229	2958	8
31250	405	7
31250	449	7
31250	4379	10
31250	4348	9
31250	4227	9
31250	2799	10
31256	1011	8
31256	3512	9
31256	1119	9
31256	4380	10
31256	1344	9
31256	4381	9
31256	2299	9
31256	3361	7
31256	4382	10
31256	4383	9
31343	4036	8
31343	4384	10
31343	1506	10
31343	135	9
31343	1187	10
31343	3059	10
31343	3194	9
31343	2662	9
31343	540	8
31343	4385	10
31343	1447	9
31343	2295	10
31343	2004	9
31391	405	10
31391	1706	10
31391	2393	9
31391	3783	10
31391	4386	9
31391	4387	10
31391	4388	9
31391	63	10
31391	634	9
31391	2386	10
31391	1662	10
31391	2124	9
31391	4389	10
31391	2125	8
31391	4390	8
31391	2126	8
31391	3832	9
31391	1345	9
31391	3136	8
31391	4391	9
31391	4392	9
31391	1160	10
31391	825	9
31391	826	10
31391	4393	10
31391	4394	10
31391	592	7
31391	665	6
31391	4395	10
31391	1907	9
31391	878	10
31391	12	10
31391	13	10
31391	14	9
31391	156	9
31393	35	10
31393	693	6
31393	492	9
31393	487	7
31393	1253	9
31393	465	5
31393	183	9
31393	1428	6
31393	1897	8
31393	1512	10
31393	1773	9
31393	1191	10
31393	4396	9
31393	4397	10
31393	1561	9
31393	4398	9
31393	449	10
31393	824	10
31393	2349	10
31393	338	7
31393	339	8
31393	2961	8
31393	1205	8
31393	2948	10
31393	221	10
31393	4082	10
31393	4264	9
31393	732	10
31393	4399	10
31393	2298	9
31393	3953	9
31393	4400	9
31393	434	7
31393	832	10
31393	3497	9
31393	4401	9
31393	4402	9
31393	1574	8
31393	637	9
31393	2672	9
31393	54	10
31393	4403	10
31393	4310	10
31412	4221	10
31412	2643	10
31412	684	7
31412	160	9
31412	657	6
31412	1068	9
31431	3578	8
31431	4404	9
31431	1046	10
31431	949	9
31431	1050	9
31431	4405	10
31446	4215	10
31446	4237	9
31446	1820	10
31446	410	7
31446	957	8
31446	17	9
31446	1964	8
31468	4406	10
31468	2647	9
31468	4407	10
31468	4408	9
31468	4409	9
31468	4410	10
31468	4411	10
31468	296	10
31471	1001	9
31471	1707	8
31471	3274	10
31471	1743	8
31471	2117	10
31471	2578	9
31471	332	10
31609	3610	9
31609	2918	8
31609	3119	8
31609	3529	10
31609	2412	9
31609	4412	10
31609	4413	10
31609	3145	10
31609	4414	10
31609	1153	10
31652	4415	10
31652	4416	9
31652	1655	9
31652	1099	9
31652	127	5
31652	4417	10
31681	4418	10
31681	4419	9
31681	4420	10
31681	4421	9
31681	4422	9
31681	4423	10
31681	4424	9
31681	4425	9
31688	1428	9
31688	1759	10
31688	2981	9
31688	2024	10
31688	103	9
31688	285	7
31714	1586	8
31714	2539	9
31714	4426	10
31714	1860	10
31714	3674	9
31714	1106	10
31740	1555	9
31740	4075	10
31740	744	9
31740	905	10
31740	1103	8
31740	2574	8
31740	1205	7
31740	1219	9
31846	2219	9
31846	4427	9
31846	2629	10
31846	957	9
31846	1682	9
31846	1136	10
31846	1420	10
31846	1190	8
31846	2752	10
31846	1661	10
31846	2759	10
31846	1200	10
31846	218	10
31846	4428	10
31846	3072	10
31846	4429	10
31846	3051	10
31846	3421	10
31846	4430	10
31846	3307	9
31846	614	7
31846	3337	10
31846	4431	10
31846	404	6
31860	1938	8
31860	1055	8
31860	2919	5
31860	1901	9
31860	4432	9
31860	4433	10
31860	1576	9
31860	352	9
31860	460	9
31860	404	7
31900	863	9
31900	821	9
31900	916	9
31900	4434	10
31900	4435	10
31900	4436	10
31919	883	8
31919	409	9
31919	4437	10
31919	292	9
31919	82	8
31919	886	10
31919	4438	10
31919	4439	10
31919	285	8
31919	4440	9
31948	649	10
31948	3194	9
31948	140	8
31948	1268	9
31948	543	10
31948	3693	10
31948	2047	9
31948	2700	9
31948	4441	9
32034	409	9
32034	3083	8
32034	4442	9
32034	1296	9
32034	1064	10
32034	79	9
32034	3581	10
32034	4314	10
32087	1554	10
32087	2189	8
32087	2191	9
32087	4443	10
32087	614	7
32122	4444	9
32122	341	6
32122	657	5
32122	4445	10
32122	4446	9
32122	1270	9
32122	2111	10
32122	2541	10
32122	4447	8
32122	4448	10
32122	2113	10
32122	1602	8
32122	1603	7
32122	2532	10
32148	59	8
32148	4449	10
32148	1636	10
32148	777	8
32148	4450	9
32148	1631	8
32148	1773	7
32148	3909	9
32148	880	10
32148	388	10
32148	279	7
32148	4451	9
32148	2718	8
32148	3023	10
32148	267	8
32148	1273	6
32148	2119	8
32188	777	8
32188	4452	10
32188	644	10
32188	320	8
32188	3074	8
32188	2662	9
32188	140	9
32188	1226	10
32188	127	6
32188	1322	10
32195	124	3
32195	981	8
32195	2080	9
32195	2992	8
32195	675	6
32195	2064	9
32195	4453	10
32195	894	10
32195	86	9
32195	4454	10
32195	4094	9
32195	802	10
32195	1047	10
32195	4455	10
32195	92	9
32195	2488	10
32195	4456	10
32195	4168	10
32244	2478	8
32244	4398	9
32244	745	10
32244	1786	9
32244	460	10
32250	581	5
32250	50	4
32250	2925	10
32250	1441	10
32250	1421	7
32250	892	8
32250	2992	6
32250	1686	7
32250	267	6
32250	2077	8
32275	3913	10
32275	1180	10
32275	4457	10
32275	4458	9
32275	1433	10
32275	781	8
32329	3260	9
32329	3842	9
32329	2595	10
32329	937	8
32329	1855	9
32329	4082	7
32329	764	9
32329	4459	9
32329	20	5
32440	3017	10
32440	4460	9
32440	4056	9
32440	4462	10
32440	3449	10
32440	465	6
32440	227	7
32440	700	9
32440	1329	10
32440	1944	10
32440	158	9
32440	1858	8
32440	1520	9
32440	3350	10
32440	903	10
32440	3705	10
32440	787	9
32440	357	10
32440	291	9
32440	3093	9
32440	1377	10
32440	590	5
32440	88	10
32440	3991	9
32440	2981	8
32440	98	10
32440	2713	8
32440	240	9
32440	4464	9
32440	4289	8
32440	637	8
32440	3048	10
32440	314	9
32440	2958	10
32440	3165	10
32440	4466	10
32516	2395	10
32516	4467	9
32516	169	6
32516	4468	9
32516	542	10
32516	3313	10
32516	127	7
32516	4105	10
32569	3427	10
32569	900	10
32569	1245	10
32569	4470	9
32569	2396	10
32569	1612	10
32569	4471	10
32569	433	8
32569	2233	8
32569	4472	10
32569	1548	9
32569	4473	10
32569	3873	9
32569	4474	9
32569	4475	10
32569	4476	9
32569	4477	9
32569	4478	8
32569	784	7
32569	1754	9
32599	1166	10
32599	4479	9
32599	774	9
32599	2706	9
32599	1245	10
32599	72	8
32599	1104	9
32599	4471	8
32599	1242	7
32599	2037	10
32599	1930	10
32599	477	10
32599	478	9
32599	2370	8
32599	3144	9
32599	2233	10
32599	1617	9
32599	2312	9
32599	1543	10
32599	3280	8
32627	1881	8
32627	488	9
32627	4165	9
32627	260	10
32627	3989	10
32627	4481	9
32627	2579	10
32627	4482	9
32627	3048	8
32627	4483	9
32627	782	9
32627	783	10
32627	4484	9
32627	8	9
32627	4485	10
32641	652	9
32641	3690	10
32641	1268	8
32641	6	7
32641	2961	10
32721	4486	9
32721	4487	8
32721	3560	10
32721	2088	9
32721	2747	10
32721	2649	10
32721	1159	8
32721	2329	7
32721	3290	9
32721	3778	9
32721	4241	10
32721	2398	10
32721	3514	8
32721	4488	10
32721	939	10
32721	3532	8
32721	4489	9
32721	97	10
32721	4074	10
32721	4490	9
32721	4491	10
32721	157	8
32773	300	9
32773	4492	9
32773	643	8
32773	1634	9
32773	316	9
32773	4493	10
32773	2409	9
32773	3285	10
32773	4494	10
32773	274	5
32773	774	8
32773	4495	10
32773	4496	9
32773	4497	9
32773	2806	10
32773	72	7
32773	4498	10
32773	1527	9
32773	589	7
32773	1639	10
32773	1640	8
32773	4325	10
32773	4499	9
32773	1124	9
32773	1160	8
32773	3483	8
32773	3484	10
32773	3485	10
32773	3486	9
32773	3487	10
32773	4500	10
32773	4501	9
32773	4502	10
32773	984	10
32773	2513	10
32773	1719	10
32773	4503	10
32773	4504	10
32773	4505	9
32773	4506	9
32773	4507	10
32773	1410	9
32773	2577	10
32773	2198	10
32773	3172	10
32773	434	5
32773	832	10
32773	624	10
32773	3315	10
32773	3899	10
32773	3073	10
32773	2460	10
32773	4489	10
32773	4508	9
32773	4509	10
32773	739	9
32773	3283	10
32802	2545	10
32802	4510	10
32802	2770	9
32802	1094	9
32802	194	10
32802	3069	10
32802	1421	9
32802	4511	10
32802	4512	8
32802	4513	10
32802	4514	9
32802	3737	10
32802	4515	8
32802	4516	8
32802	16	10
32802	379	8
32802	17	8
32802	4517	9
32802	1567	9
32802	3051	10
32802	3665	9
32802	4518	9
32802	2665	10
32802	4519	10
32991	4520	9
32991	4258	9
32991	942	9
32991	501	8
33004	18	9
33004	232	10
33004	4521	8
33004	1765	10
33004	4522	10
33036	4523	10
33036	4297	10
33036	4524	10
33036	730	8
33036	3567	9
33036	2866	10
33124	59	9
33124	4525	9
33124	21	9
33124	4108	10
33124	4526	10
33124	1296	9
33124	2875	8
33124	2708	8
33124	1445	7
33124	3767	10
33124	1341	9
33124	2720	10
33124	3321	9
33124	3250	10
33124	377	9
33124	3322	8
33124	1623	10
33124	4527	9
33124	1624	10
33124	1726	9
33124	3838	10
33124	2645	9
33124	4528	10
33124	1728	10
33124	4051	8
33124	4529	10
33124	4146	9
33124	4530	10
33124	4531	9
33124	4022	9
33124	3356	10
33124	1722	10
33124	86	10
33124	4532	10
33124	94	10
33124	3216	10
33124	3327	10
33124	19	9
33124	4533	7
33124	3207	9
33124	4534	9
33124	4159	10
33179	1897	6
33179	1995	9
33179	4112	8
33179	656	10
33179	2117	9
33179	440	9
33179	4536	10
33179	2262	9
33179	3022	9
33179	1711	10
33179	4537	10
33179	2676	10
33179	1603	7
33179	2532	9
33179	2863	9
33179	1074	9
33179	4538	10
33200	4539	10
33200	1557	10
33200	319	9
33200	4540	10
33200	4468	10
33200	4541	9
33200	1567	8
33200	4542	8
33200	456	9
33264	124	2
33264	1182	10
33264	140	9
33264	3132	10
33264	4543	10
33264	326	9
33264	4544	10
33264	4013	10
33270	4545	10
33270	469	7
33270	2544	10
33270	4546	9
33270	4547	10
33283	3918	9
33283	2195	10
33283	4548	10
33283	4549	9
33283	359	10
33283	2632	10
33283	3039	9
33283	4550	10
33283	3076	10
33283	3023	10
33283	4060	10
33283	2275	9
33283	4445	9
33283	4551	10
33283	2277	10
33283	9	9
33283	1696	10
33319	457	8
33319	2182	9
33319	5	10
33319	4552	10
33319	68	7
33319	542	10
33319	246	7
33319	3385	9
33319	2197	10
33319	4553	10
33319	1323	10
33319	2236	10
33461	3837	9
33461	1534	10
33461	996	10
33461	621	10
33461	4554	10
33461	4555	10
33461	4556	10
33461	4557	10
33491	3987	9
33491	4558	10
33491	2426	7
33491	520	10
33491	3048	8
33491	2076	10
33580	1170	10
33580	2220	10
33580	1056	10
33580	778	10
33580	4559	8
33580	657	7
33580	1568	7
33580	4560	9
33580	2955	9
33580	4561	10
33580	2956	10
33580	4562	10
33580	2957	10
33580	480	7
33580	127	7
33580	4563	9
33580	7	7
33580	1603	7
33580	570	10
33614	141	10
33614	3214	9
33614	2712	9
33614	1106	10
33614	1272	9
33614	2173	9
33614	4564	10
33656	4565	8
33656	2307	10
33656	2433	8
33656	2688	10
33656	3685	9
33656	4546	10
33681	1491	9
33681	588	9
33681	949	10
33681	1412	8
33681	192	6
33681	2732	10
33816	1284	8
33816	124	1
33816	3064	9
33816	1974	10
33816	3500	10
33816	4050	10
33816	451	7
33816	4566	10
33816	4567	10
33816	352	8
33818	1630	9
33818	2467	9
33818	3913	9
33818	4568	10
33818	1724	10
33818	243	6
33818	2781	8
33818	2649	10
33818	2973	8
33818	140	10
33818	169	9
33818	2064	8
33818	4569	10
33818	1264	9
33818	2922	9
33818	4570	10
33818	3973	10
33818	4560	10
33818	4571	8
33818	418	9
33818	2215	9
33818	4572	9
33818	2692	8
33818	4573	9
33818	2217	10
33818	3385	8
33818	660	10
33818	1914	10
33818	987	9
33818	1730	9
33818	445	9
33818	3876	9
33818	41	6
33818	670	10
33818	1617	9
33818	95	8
33818	4574	8
33818	1051	10
33818	552	7
33818	1714	10
33818	2362	10
33818	4575	10
33818	4576	10
33832	706	9
33832	2754	10
33832	4577	10
33832	777	8
33832	3452	9
33832	2848	9
33832	675	8
33832	1883	9
33832	2233	9
33862	581	4
33862	3951	10
33862	1181	10
33862	576	10
33862	1686	8
33862	51	9
33862	3279	9
33862	3361	9
33862	3160	9
33862	4578	10
33933	2283	10
33933	3392	9
33933	4579	9
33933	800	8
33933	2385	10
33933	1707	9
33933	4580	10
33933	1773	7
33933	1441	10
33933	2080	9
33933	1268	9
33933	170	8
33933	674	9
33933	2185	10
33933	3085	9
33933	2950	10
33933	2628	8
33933	989	10
33958	4581	10
33958	4582	8
33958	1109	8
33958	2918	5
33958	1185	9
33974	2924	10
33974	2447	10
33974	4583	8
33974	1328	8
33974	243	6
33974	3074	8
33974	4584	10
33974	3962	8
33974	246	8
33974	3897	10
33974	920	8
33974	4585	9
33974	2215	8
33974	87	9
33974	3175	10
33974	3177	8
33974	831	8
33974	738	10
33974	3567	7
33974	2455	10
33974	3159	10
33980	4586	10
33980	4587	10
33980	1022	9
33980	4588	10
33980	668	9
33980	4589	10
33999	457	9
33999	335	10
33999	395	10
33999	1056	8
33999	2781	10
33999	3194	8
33999	3455	10
33999	1071	8
33999	635	10
33999	266	9
33999	4590	10
33999	2552	10
33999	4591	9
33999	4414	10
34075	4592	9
34075	274	6
34075	4334	9
34075	996	9
34075	369	10
34075	3016	10
34075	4365	8
34075	1356	10
34075	999	8
34075	1433	8
34075	4477	9
34075	4478	9
34087	4593	10
34087	4427	9
34087	3194	9
34087	4594	8
34087	3236	8
34087	74	9
34087	4595	10
34087	4596	9
34087	4597	10
34087	3324	10
34087	4598	9
34087	3361	10
34115	1468	10
34115	4045	10
34115	4599	9
34115	1721	10
34115	3013	9
34115	1629	10
34115	1380	8
34215	1158	9
34215	4600	10
34215	4601	9
34215	88	9
34215	559	8
34215	1364	10
34215	4424	9
34300	1630	8
34300	879	9
34300	410	8
34300	4331	9
34300	720	9
34300	634	9
34300	1058	8
34300	929	10
34300	1190	9
34300	165	9
34300	4602	9
34300	2117	9
34300	2836	8
34300	4603	9
34300	1242	9
34300	2037	9
34300	3010	10
34300	1378	9
34300	4604	9
34300	4605	10
34300	4606	10
34300	592	8
34300	4607	10
34300	4608	10
34300	1211	10
34300	4609	9
34300	1302	10
34300	2362	8
34300	4610	10
34300	3422	9
34377	124	1
34377	601	10
34377	4258	10
34377	4612	9
34377	1566	10
34377	2350	8
34377	226	10
34377	738	9
34377	4613	10
34501	4614	10
34501	4615	9
34501	1851	9
34501	102	9
34501	3303	8
34526	4616	8
34526	678	9
34526	2474	9
34526	4617	9
34526	4618	9
34526	3581	7
34526	4619	9
34588	883	8
34588	316	10
34588	2031	9
34588	1498	9
34588	3784	10
34588	243	6
34588	1428	7
34588	3451	9
34588	1117	8
34588	720	9
34588	777	9
34588	235	7
34588	3074	10
34588	4620	10
34588	1993	9
34588	292	10
34588	17	9
34588	660	10
34588	4621	10
34588	737	8
34588	1206	8
34588	52	7
34588	1735	9
34588	1211	9
34588	103	8
34588	4309	8
34588	4310	9
34588	1602	8
34588	1816	10
34588	3615	9
34600	4622	10
34600	692	10
34600	695	9
34600	1587	10
34600	392	10
34600	216	9
34600	344	9
34600	936	10
34600	146	10
34600	770	10
34600	4623	10
34600	1436	9
34636	4624	9
34636	487	10
34636	2755	9
34636	2171	10
34636	1353	10
34636	1730	10
34636	4567	10
34752	581	5
34752	486	7
34752	1055	8
34752	586	9
34752	1011	9
34752	1089	9
34752	1381	10
34752	1876	10
34752	3107	9
34752	880	9
34752	4190	10
34752	1948	9
34752	1665	8
34752	1666	9
34752	882	10
34752	4625	8
34752	3534	9
34752	3818	9
34801	4626	9
34801	4627	9
34801	4628	9
34801	3602	10
34801	4592	10
34801	4629	10
34801	4630	8
34801	4631	10
34801	635	9
34801	4632	10
34840	503	7
34840	168	9
34840	2329	8
34840	3050	10
34840	3290	8
34932	697	10
34932	1858	9
34932	4633	9
34932	1261	8
34932	3770	10
34932	3500	9
34932	4133	9
34932	1624	9
34932	3202	10
34932	4634	8
34987	429	9
34987	4635	10
34987	657	5
34987	4201	10
34987	295	9
34987	4245	10
34987	4636	10
34987	2241	9
34987	3411	10
34988	3687	10
34988	1291	6
34988	2662	9
34988	4512	10
34988	605	9
34988	4637	9
35030	4638	10
35030	388	9
35030	4639	10
35030	912	9
35030	4640	10
35030	3480	9
35050	572	10
35050	4641	10
35050	1011	9
35050	3092	8
35050	3512	9
35050	4642	10
35050	4502	10
35050	984	9
35050	4643	8
35050	4644	8
35050	4645	9
35050	2155	10
35081	1407	8
35081	471	9
35081	2296	10
35081	4647	10
35081	4267	10
35081	784	10
35148	4003	10
35148	2387	8
35148	338	6
35148	339	8
35148	341	7
35148	434	5
35148	34	9
35179	4648	10
35179	4649	10
35179	4278	10
35179	2477	10
35179	3165	10
35188	1221	10
35188	4650	10
35188	316	9
35188	1526	9
35188	4651	8
35188	348	9
35188	4652	10
35233	1055	6
35233	1773	9
35233	4653	8
35233	2637	7
35233	4654	9
35233	4655	10
35233	4656	10
35233	549	10
35233	4657	9
35233	2455	10
35270	406	10
35270	169	8
35270	4658	9
35270	657	6
35270	2471	10
35320	4659	10
35320	384	10
35320	2801	10
35320	3309	10
35320	4294	10
35320	1320	8
35320	3705	10
35320	1974	9
35320	4062	8
35320	69	10
35320	3518	7
35320	4660	8
35320	3818	9
35424	1895	9
35424	957	8
35424	124	2
35424	1527	9
35424	87	8
35445	581	5
35445	4661	9
35445	774	7
35445	4662	10
35445	72	8
35445	4512	9
35445	4663	9
35445	4664	10
35445	4665	9
35445	4666	10
35445	3676	10
35445	265	8
35445	2539	9
35445	1433	8
35445	552	9
35445	133	9
35532	3011	9
35532	377	9
35532	4228	9
35532	81	10
35532	379	8
35631	35	9
35631	274	7
35631	448	9
35631	1286	10
35631	1773	8
35631	67	10
35704	883	8
35704	534	9
35704	535	10
35704	4001	9
35704	2386	10
35704	3701	9
35704	1522	9
35704	70	5
35704	2840	8
35704	4667	9
35704	4668	10
35704	960	10
35704	1126	9
35704	2518	10
35704	2933	10
35704	2889	9
35704	1289	9
35704	3101	10
35704	186	10
35707	3259	9
35707	4669	10
35707	3344	10
35707	1442	6
35707	451	6
35707	2176	10
35707	2902	9
35793	2942	7
35793	4222	10
35793	4247	9
35793	781	7
35793	1218	10
35836	4670	8
35836	4671	10
35836	1230	9
35836	274	5
35836	967	10
35836	165	9
35836	4673	9
35836	3599	10
35836	1474	9
35836	2271	8
35836	4549	9
35836	4674	10
35836	4675	10
35836	3183	10
35836	1446	10
35836	1565	9
35836	4676	8
35836	4596	10
35836	442	9
35836	4677	9
35836	4569	10
35836	894	9
35836	1569	9
35836	4679	10
35836	803	7
35836	4680	9
35836	2084	9
35836	3643	8
35836	31	10
35836	2233	7
35836	3361	9
35836	3757	10
35836	4681	9
35836	921	10
35836	4682	9
35836	784	8
35836	4683	9
35836	4684	9
35836	4685	10
35841	925	9
35841	1447	8
35841	3586	8
35841	1853	9
35841	2861	10
35841	2862	10
35845	2218	9
35845	1688	10
35845	4334	9
35845	732	10
35845	2343	9
35845	4686	9
35857	672	10
35857	4687	10
35857	4688	10
35857	3517	9
35857	1291	6
35857	1940	10
35857	243	6
35857	4689	10
35857	981	7
35857	707	9
35857	2225	10
35857	1179	8
35857	4690	10
35857	1286	8
35857	653	10
35857	412	8
35857	1773	7
35857	1058	8
35857	3972	9
35857	4691	10
35857	1926	10
35857	69	9
35857	3439	10
35857	4692	9
35857	1339	10
35857	3455	10
35857	72	10
35857	1743	7
35857	414	7
35857	4338	10
35857	937	9
35857	3394	8
35857	4693	10
35857	4346	9
35857	4443	10
35857	2826	10
35857	1048	8
35857	3754	9
35857	2621	10
35857	2697	10
35857	550	9
35857	1362	9
35857	151	8
35857	3297	10
35857	1909	10
35857	665	8
35857	4694	9
35857	2234	9
35857	2093	8
35857	2890	9
35857	2891	9
35857	3399	9
35857	1369	9
35857	739	10
35857	152	9
35865	1045	10
35865	4695	10
35865	1730	9
35865	180	10
35865	152	10
35909	727	10
35909	414	8
35909	3745	9
35909	4696	9
35909	2548	10
35909	1572	8
35918	1284	8
35918	4697	9
35918	4698	9
35918	2120	10
35918	3032	10
35918	1783	9
35918	458	10
35918	245	10
35918	1631	7
35918	2410	9
35918	3958	10
35918	1660	8
35918	497	9
35918	3960	9
35918	4699	10
35918	4700	9
35918	2466	10
35918	4701	9
35918	592	7
35918	1753	9
35918	3037	10
35918	2413	10
35918	1039	10
35918	4405	8
35918	2379	9
35918	3969	8
35922	3239	10
35922	290	9
35922	4702	10
35922	4703	9
35922	4704	10
35925	4162	8
35925	28	10
35925	2635	10
35925	240	8
35998	50	6
35998	414	7
35998	1205	7
35998	37	9
35998	127	4
36003	4705	9
36003	4461	10
36003	1253	6
36003	809	8
36003	3019	10
36003	2473	10
36003	4706	10
36003	3520	9
36003	4707	10
36003	3911	9
36003	533	8
36003	4708	9
36003	538	8
36003	1103	10
36003	471	8
36003	472	8
36003	473	9
36003	341	7
36003	414	6
36003	934	6
36003	3596	6
36003	4709	10
36003	480	9
36003	614	6
36003	3993	10
36003	404	8
36003	4031	10
36003	2749	10
36003	4710	10
36003	1154	10
36043	4178	9
36043	3430	9
36043	3134	9
36043	971	7
36043	3943	9
36103	1773	9
36103	4711	10
36103	804	8
36103	978	7
36135	2353	9
36135	316	9
36135	697	9
36135	1174	10
36135	2918	9
36135	754	9
36135	3007	8
36135	3115	9
36135	1993	9
36135	4255	10
36135	1269	7
36135	4021	10
36135	4712	10
36135	4713	10
36135	3541	9
36135	210	8
36135	4081	10
36135	4714	10
36135	419	10
36135	2015	9
36135	2347	10
36135	103	8
36135	1227	10
36141	925	9
36141	4715	9
36141	61	8
36141	1058	7
36157	1706	10
36157	4716	9
36157	946	10
36157	972	10
36157	4717	9
36157	977	10
36157	726	10
36256	1650	10
36256	581	6
36256	4718	9
36256	4719	9
36256	4720	9
36256	537	7
36256	4721	10
36256	70	3
36256	2149	9
36256	169	7
36256	480	8
36256	1466	9
36256	4131	10
36256	284	10
36256	4170	10
36256	1602	7
36256	2674	8
36256	2675	10
36256	2676	9
36256	3088	10
36256	2168	10
36256	2865	9
36256	2533	10
36256	2677	10
36256	2007	9
36256	4722	10
36299	4089	10
36299	572	10
36299	4723	9
36299	344	10
36299	4724	10
36299	4725	9
36299	4726	9
36299	961	10
36299	3722	8
36299	1343	9
36299	2124	9
36299	4389	9
36299	2125	8
36299	4390	9
36299	2126	10
36299	1346	10
36299	4392	9
36299	1160	8
36299	1448	9
36299	402	9
36299	4727	10
36299	2388	10
36299	2368	10
36299	4728	9
36299	459	8
36299	4546	8
36299	783	10
36299	1258	10
36299	4729	10
36299	4730	10
36299	4382	10
36299	3102	10
36299	4383	9
36307	22	8
36307	4731	9
36307	2481	10
36307	254	10
36307	1064	10
36326	2953	10
36326	695	8
36326	4732	10
36326	262	10
36326	906	9
36326	127	7
36326	1601	10
36326	4197	9
36327	508	10
36327	2493	9
36327	4707	10
36327	50	3
36327	4733	9
36327	684	10
36327	1512	7
36327	1773	10
36327	4734	9
36327	357	8
36327	1851	6
36327	3672	8
36327	1625	8
36327	3532	10
36327	521	10
36327	100	9
36327	2732	10
36327	3159	10
36327	456	9
36357	316	8
36357	1432	9
36357	634	7
36357	308	9
36357	592	6
36554	3409	10
36554	1554	9
36554	446	8
36554	2554	9
36554	3714	10
36554	4735	9
36554	4736	9
36554	1747	10
36554	4737	10
36554	654	10
36554	3683	10
36554	4738	10
36554	4739	10
36554	114	9
36554	4740	10
36562	3064	6
36562	537	9
36562	2478	8
36562	4133	8
36562	160	7
36568	864	10
36568	4741	9
36568	1344	8
36568	3502	9
36568	805	9
36609	1630	8
36609	2560	10
36609	571	9
36609	1023	10
36609	410	10
36609	124	1
36609	2830	9
36609	2479	10
36609	4184	10
36609	1659	8
36609	2250	9
36609	1520	10
36609	4742	10
36609	2078	10
36609	4743	10
36609	4744	9
36609	1830	8
36609	4745	9
36609	1833	8
36609	3042	9
36609	3686	10
36609	4746	10
36609	4748	10
36609	2915	9
36609	425	8
36609	3631	10
36609	2119	8
36609	3480	9
36609	3087	8
36609	4750	10
36609	4751	9
36609	3537	8
36638	3141	10
36638	405	8
36638	1174	9
36638	4753	9
36638	2684	10
36673	4754	9
36673	2973	9
36673	744	8
36673	1976	9
36673	127	7
36673	4755	9
36673	192	5
36673	4756	10
36693	1169	10
36693	3119	9
36693	1616	7
36693	2720	10
36693	4757	9
36715	4758	9
36715	2359	9
36715	1870	9
36715	2220	9
36715	533	7
36715	1332	10
36715	1473	9
36715	4759	9
36715	541	10
36715	1600	10
36715	2967	8
36715	3219	10
36715	4760	9
36715	3718	8
36715	949	8
36715	1355	9
36715	4506	10
36715	3196	10
36715	560	10
36715	1365	10
36715	1273	9
36715	4761	10
36715	991	10
36715	1907	9
36715	2133	10
36715	4762	8
36715	1084	10
36715	1991	9
36715	1723	10
36715	4763	9
36741	4764	9
36741	3083	9
36741	4765	10
36741	4766	10
36741	4767	10
36741	4768	10
36741	4769	10
36741	3444	10
36749	2830	10
36749	1135	9
36749	684	9
36749	1189	7
36749	1878	9
36749	4132	9
36749	4771	9
36749	3613	10
36749	3482	10
36749	3111	10
36749	4750	8
36749	4414	9
36749	4772	10
36749	4773	9
36801	4774	10
36801	1119	9
36801	1120	10
36801	1128	10
36801	1471	9
36807	816	9
36807	643	7
36807	1156	9
36807	3186	9
36807	4279	10
36807	409	8
36807	957	6
36807	124	2
36807	2225	9
36807	958	10
36807	1773	8
36807	1186	7
36807	319	10
36807	1686	10
36807	3581	10
36807	1764	9
36807	478	10
36807	3022	9
36807	421	10
36807	613	9
36807	1753	9
36807	3525	9
36811	4143	10
36811	1455	9
36811	3181	10
36811	2728	9
36811	20	6
36817	486	7
36817	457	7
36817	862	9
36817	3915	10
36817	1784	9
36817	651	9
36817	124	2
36817	4775	8
36817	4776	8
36817	1268	8
36817	4777	10
36817	1264	8
36817	1948	9
36817	715	10
36817	2346	10
36836	926	10
36836	4779	8
36836	1331	7
36836	1596	9
36836	4780	10
36836	1352	9
36836	3110	10
36836	1163	10
36836	522	10
36836	2464	9
36839	4781	10
36839	2138	9
36839	4513	9
36839	933	10
36839	4201	8
36839	3231	8
36839	4263	9
36907	883	10
36907	4782	10
36907	1791	10
36907	447	9
36907	405	9
36907	2208	8
36907	2893	8
36907	4279	10
36907	4783	10
36907	809	10
36907	4784	10
36907	627	9
36907	1770	9
36907	227	7
36907	1023	10
36907	650	9
36907	4785	10
36907	4786	10
36907	243	7
36907	4787	9
36907	1897	9
36907	1429	9
36907	573	7
36907	2569	10
36907	3605	9
36907	4788	10
36907	3438	10
36907	1177	10
36907	2881	10
36907	1407	8
36907	468	9
36907	235	7
36907	1320	9
36907	3705	9
36907	4062	10
36907	959	9
36907	4789	10
36907	1976	10
36907	4790	10
36907	3518	10
36907	4791	10
36907	4792	10
36907	472	9
36907	886	8
36907	4665	10
36907	1409	10
36907	1066	9
36907	482	8
36907	2440	10
36907	2441	10
36907	41	7
36907	4793	9
36907	4794	10
36907	1788	10
36907	1456	10
36907	214	8
36907	781	8
36907	2406	9
36907	285	7
36907	1789	9
36907	54	9
36907	4795	10
36907	490	10
36938	1107	10
36938	2554	10
36938	1731	8
36938	497	9
36938	2407	10
36938	4199	10
36938	4797	10
36978	2754	9
36978	533	8
36978	774	9
36978	1071	8
36978	4571	9
36978	4798	10
36978	560	9
36978	4538	10
37147	465	6
37147	458	9
37147	308	8
37147	1833	10
37147	4799	10
37168	1079	9
37168	4554	9
37168	4800	10
37168	2052	9
37168	2297	9
37168	4556	10
37168	4557	10
37208	4801	10
37208	4802	9
37208	1636	8
37208	1821	9
37208	1329	8
37208	391	8
37208	1586	9
37208	1587	10
37208	2661	10
37208	2025	10
37208	4653	10
37208	3272	10
37208	4803	10
37208	1335	8
37208	4804	9
37208	471	7
37208	4805	9
37208	2628	10
37208	3290	8
37208	4454	9
37208	4041	9
37208	4042	10
37208	4307	8
37208	3099	10
37208	4806	9
37208	2718	9
37208	1730	10
37208	4807	10
37208	480	9
37208	4808	10
37208	738	9
37208	3833	10
37208	2389	9
37208	637	10
37208	4809	9
37208	3695	8
37208	4810	10
37227	429	9
37227	581	3
37227	405	9
37227	4215	9
37227	316	9
37227	2031	8
37227	1498	10
37227	1499	9
37227	1500	10
37227	4811	9
37227	1428	10
37227	3581	10
37227	1568	8
37227	4812	10
37227	620	9
37227	3693	10
37227	41	6
37227	1436	10
37227	2235	9
37235	2180	8
37235	1169	10
37235	4813	10
37235	477	9
37235	4814	10
37235	3380	9
37235	941	10
37235	232	9
37239	4815	9
37239	2556	9
37239	4816	9
37239	777	7
37239	4219	10
37239	4817	9
37244	446	8
37244	492	10
37244	1895	8
37244	1937	9
37244	4242	10
37244	240	9
37293	2278	10
37293	4548	10
37293	4818	9
37293	3564	9
37293	3236	8
37293	3871	9
37293	1241	10
37293	4573	8
37293	608	8
37293	161	10
37293	330	10
37293	1617	8
37293	3567	10
37293	4819	8
37293	20	5
37310	3527	9
37310	649	10
37310	4820	9
37310	1428	7
37310	4821	10
37310	1071	9
37310	1433	9
37310	1416	10
37310	20	6
37311	3714	10
37311	1731	8
37311	4545	7
37311	243	6
37311	3846	10
37311	575	8
37311	3454	9
37311	1491	8
37311	3274	10
37311	4458	9
37311	195	8
37311	451	5
37311	578	10
37311	442	9
37400	4822	9
37400	4823	9
37400	1737	9
37400	4824	10
37400	3033	10
37400	1872	9
37400	533	7
37400	573	10
37400	3813	9
37400	3727	10
37400	934	7
37400	898	9
37400	4825	8
37400	2576	10
37400	1704	9
37400	4826	7
37400	591	10
37400	614	6
37400	4827	10
37400	1151	9
37400	4828	9
37400	4829	9
37426	993	9
37426	4830	10
37426	4831	10
37426	3588	10
37426	1615	10
37447	4832	9
37447	4833	10
37447	4834	9
37447	4771	9
37447	2627	10
37447	4658	10
37447	4835	10
37447	1797	10
37447	1798	9
37493	2582	9
37493	2780	10
37493	50	5
37493	1700	10
37493	1977	10
37493	3772	10
37493	1047	10
37493	2173	9
37512	4592	8
37512	1495	8
37512	1428	7
37512	3512	9
37512	1177	10
37512	3135	10
37512	1263	8
37512	4836	10
37512	2296	10
37512	2741	9
37512	834	9
37512	4837	10
37512	4838	10
37512	4839	10
37512	8	9
37512	1754	10
37512	4840	10
37538	4841	10
37538	4084	9
37538	1894	10
37538	1253	8
37538	1291	7
37538	533	8
37538	1897	9
37538	946	10
37538	3054	9
37538	306	8
37538	4842	10
37538	4843	10
37538	2966	10
37538	2919	6
37538	2912	7
37538	1249	9
37538	629	10
37538	2739	9
37538	2690	8
37538	414	5
37538	1071	8
37538	3906	10
37538	4844	10
37538	1384	10
37538	4126	9
37538	2994	10
37538	4029	9
37538	98	9
37538	4845	10
37538	4521	10
37538	1782	9
37538	2890	10
37538	569	10
37538	460	8
37538	2996	10
37538	20	6
37538	954	9
37538	4829	10
37538	501	7
37538	1154	10
37556	1284	8
37556	925	8
37556	1898	10
37556	190	10
37556	4305	9
37556	4443	9
37556	1781	9
37556	1415	8
37556	4846	10
37556	1578	10
37567	4847	9
37567	4461	9
37567	4848	10
37567	2657	10
37567	627	7
37567	4312	9
37567	1760	8
37567	4849	9
37571	245	8
37571	4850	10
37571	4325	10
37571	4506	10
37571	4851	10
37573	709	9
37573	339	10
37573	898	9
37573	1486	9
37573	2548	10
37573	3424	9
37584	3135	8
37584	2429	8
37584	157	7
37584	1550	10
37584	404	8
37605	862	8
37605	4525	9
37605	1858	9
37605	4852	9
37605	4853	10
37605	4854	9
37623	2829	10
37623	777	7
37623	1309	9
37623	1399	9
37623	1474	10
37623	1242	10
37623	3476	9
37623	4855	10
37623	2526	8
37623	4856	10
37623	4857	10
37623	114	10
37644	4858	9
37644	862	9
37644	273	9
37644	2585	10
37644	1021	10
37644	4859	9
37644	821	10
37644	1783	8
37644	2998	10
37644	533	7
37644	2283	10
37644	4386	10
37644	397	7
37644	2284	9
37644	4860	9
37644	2385	9
37644	2480	9
37644	1773	8
37644	1407	9
37644	1421	9
37644	654	10
37644	4122	10
37644	4861	9
37644	2293	10
37644	278	9
37644	1260	10
37644	4140	8
37644	2004	7
37644	2072	9
37644	725	9
37644	1751	10
37644	4862	10
37644	1385	10
37644	3315	10
37644	2711	10
37644	4863	10
37644	4864	9
37644	483	10
37644	2436	8
37644	2437	9
37644	2724	10
37644	1987	10
37644	2523	10
37644	1678	9
37644	1603	8
37644	2532	8
37644	2863	9
37644	2864	10
37644	1074	10
37644	3589	10
37644	2533	10
37644	3149	9
37644	4172	10
37644	4865	9
37644	4866	10
37691	3915	8
37691	1597	9
37691	3231	9
37691	2319	10
37712	3419	9
37712	4867	8
37712	3104	8
37712	207	9
37712	3702	10
37712	457	8
37712	1555	9
37712	649	9
37712	4868	9
37712	4869	10
37712	4279	10
37712	1895	7
37712	407	8
37712	1109	10
37712	2703	9
37712	465	3
37712	1651	10
37712	4121	9
37712	1259	8
37712	3904	10
37712	1597	8
37712	721	10
37712	1510	10
37712	4871	10
37712	2881	9
37712	2480	10
37712	1058	9
37712	65	8
37712	2014	10
37712	2251	8
37712	1392	10
37712	4872	9
37712	2387	10
37712	1974	10
37712	1978	10
37712	2663	10
37712	70	3
37712	449	10
37712	3518	10
37712	1523	8
37712	4589	10
37712	1527	10
37712	589	8
37712	1639	8
37712	1640	9
37712	415	8
37712	934	6
37712	1632	8
37712	886	10
37712	912	9
37712	590	7
37712	1949	8
37712	3231	9
37712	4438	9
37712	610	10
37712	127	7
37712	4874	10
37712	1207	8
37712	4875	9
37712	4876	9
37712	614	6
37712	2437	9
37712	1788	10
37712	1212	8
37712	425	7
37712	521	10
37712	523	9
37712	524	9
37712	4072	9
37712	460	10
37712	1907	10
37712	109	10
37712	4878	9
37712	528	10
37712	3657	10
37712	4879	9
37712	953	8
37712	2203	9
37790	1630	7
37790	486	8
37790	208	10
37790	503	7
37790	1115	8
37790	70	4
37817	176	9
37817	4880	10
37817	3155	9
37817	180	10
37817	4881	9
37822	1586	8
37822	124	1
37822	4048	10
37822	345	10
37822	1269	8
37874	3619	10
37874	706	9
37874	4208	9
37874	1248	10
37874	1440	8
37874	3318	8
37874	1122	9
37874	892	6
37874	2573	10
37874	1269	7
37874	4882	9
37874	3458	9
37874	379	10
37874	4883	10
37874	3175	9
37874	3315	9
37874	976	8
37968	774	9
37968	184	10
37968	1190	9
37968	2213	9
37968	4884	10
37968	1090	10
37968	4029	9
37968	2024	9
37974	1893	9
37974	4885	10
37974	809	9
37974	4495	10
37974	4489	10
37974	97	9
37974	4029	10
37974	4886	10
37974	2732	10
37974	157	8
37989	465	5
37989	458	9
37989	50	4
37989	208	8
37989	1307	9
37989	2881	7
37989	1631	8
37989	1898	8
37989	3170	10
37989	3115	10
37989	716	9
37989	1544	9
37989	954	9
38034	580	10
38034	1555	9
38034	1876	10
38034	4887	9
38034	51	7
38034	1744	9
38034	937	10
38034	2622	8
38034	4888	10
38034	4889	10
38034	4657	10
38034	1969	10
38081	4000	10
38081	1640	10
38081	3333	7
38081	7	8
38081	3078	7
38091	3239	10
38091	2240	9
38091	3548	8
38091	712	10
38091	2304	9
38091	4590	10
38091	3112	10
38176	2879	10
38176	4890	10
38176	3232	10
38176	704	9
38176	4892	10
38176	351	10
38250	376	10
38250	2070	8
38250	79	10
38250	442	10
38250	265	8
38250	4894	10
38250	174	10
38250	4895	10
38281	3255	8
38281	2894	10
38281	458	9
38281	3336	9
38281	124	1
38281	3373	8
38281	4896	10
38281	64	9
38281	2317	10
38281	471	10
38281	339	7
38281	341	9
38281	170	8
38281	440	8
38281	2511	9
38281	1410	8
38281	4897	9
38281	4898	10
38281	1277	10
38281	4412	9
38281	4473	10
38281	4475	10
38281	4477	8
38281	837	10
38281	838	10
38281	839	10
38281	4478	9
38281	840	10
38281	784	8
38281	4899	9
38281	842	9
38281	3246	10
38281	4900	9
38281	4901	10
38281	4902	9
38457	1230	9
38457	2483	10
38457	3711	9
38457	27	7
38457	4903	10
38457	490	8
38464	1253	6
38464	227	5
38464	3176	9
38464	4904	10
38464	4748	10
38464	2092	10
38464	3779	9
38464	2306	8
38464	2963	10
38464	2093	9
38464	3539	9
38482	2231	10
38482	1071	8
38482	2391	10
38482	4905	10
38544	2023	10
38544	645	8
38544	3488	9
38544	4906	9
38544	4907	9
38544	262	10
38544	179	9
38544	2368	10
38544	206	10
38544	4817	10
38556	4349	10
38556	493	9
38556	4486	9
38556	649	9
38556	3028	10
38556	2770	9
38556	4908	8
38556	275	9
38556	165	8
38556	3194	7
38556	195	7
38556	4381	10
38556	1448	9
38556	3622	10
38556	3070	10
38556	2820	10
38556	3963	9
38556	3300	10
38556	4191	8
38556	2653	10
38556	4685	10
38556	2800	10
38590	4910	10
38590	1061	9
38590	2664	9
38590	1527	9
38590	589	9
38590	1639	7
38590	1640	9
38590	225	9
38590	4911	10
38654	4912	9
38654	574	10
38654	917	8
38654	4850	10
38654	2109	10
38654	4913	10
38654	4445	9
38654	4914	10
38654	4915	9
38654	4916	10
38654	4917	10
38660	2556	8
38660	4918	9
38660	2878	9
38660	4919	10
38660	4209	10
38660	2147	10
38660	257	9
38660	4920	10
38660	4730	10
38660	4383	9
38660	3103	9
38661	2922	10
38661	2814	10
38661	4922	10
38661	477	9
38661	2923	10
38679	4026	9
38679	124	1
38679	411	9
38679	417	8
38679	3442	9
38703	446	8
38703	1737	9
38703	581	5
38703	465	6
38703	309	10
38703	4923	10
38703	1779	10
38703	4924	9
38703	624	8
38703	456	8
38703	1219	8
38718	1821	10
38718	981	6
38718	160	8
38718	2427	10
38718	4925	10
38718	2677	10
38781	4926	9
38781	2484	10
38781	4927	9
38781	4611	10
38781	4880	10
38781	4454	9
38781	4411	10
38781	4928	10
38802	3603	8
38802	3654	9
38802	2919	8
38802	4929	10
38802	2319	8
38802	1227	9
38818	2766	9
38818	36	8
38818	4699	10
38818	4499	9
38887	405	9
38887	697	9
38887	4930	10
38887	1383	10
38887	1207	8
38899	971	9
38899	1268	7
38899	2710	8
38899	4066	9
38899	285	7
38933	457	10
38933	862	8
38933	744	9
38933	4931	8
38933	1103	7
38933	589	10
38933	658	9
38933	2398	9
38933	882	9
38933	977	9
38933	1397	9
38933	1082	10
38950	124	1
38950	559	9
38950	1667	10
38950	2713	10
38991	4803	9
38991	997	8
38991	16	9
38991	4093	10
38991	265	8
38995	428	10
38995	1247	9
38995	486	5
38995	316	9
38995	465	6
38995	3904	10
38995	971	9
38995	2458	10
38995	1718	10
38995	560	10
38995	3422	10
38995	3234	10
38995	404	7
39087	465	4
39087	1045	9
39087	414	7
39087	1006	9
39087	2275	10
39159	4492	10
39159	4627	10
39159	2017	10
39159	1820	9
39159	1823	9
39159	651	9
39159	4932	9
39159	4144	8
39159	1788	8
39219	4146	9
39219	4933	10
39219	3573	9
39219	4144	10
39219	2413	10
39219	1303	9
39219	770	10
39219	4934	10
39219	4935	9
39219	4936	10
39219	2041	10
39227	4937	10
39227	4271	10
39227	194	10
39227	720	9
39227	4938	10
39227	1310	9
39227	3133	9
39227	3570	8
39227	4239	10
39227	1064	9
39227	4939	10
39227	4940	10
39227	4941	10
39227	95	9
39227	4729	9
39281	333	9
39281	3116	8
39281	1494	10
39281	4942	10
39281	1500	10
39281	2910	10
39281	1505	9
39281	754	10
39281	534	9
39281	3846	9
39281	4944	10
39281	1592	9
39281	1512	9
39281	653	9
39281	1058	6
39281	1421	8
39281	1618	8
39281	4397	10
39281	68	8
39281	70	3
39281	2504	9
39281	1309	8
39281	4945	10
39281	3455	8
39281	2664	10
39281	2847	10
39281	961	9
39281	2432	10
39281	2951	10
39281	442	9
39281	2970	10
39281	4946	10
39281	4947	9
39281	4948	9
39281	1201	9
39281	280	9
39281	765	10
39281	4214	10
39281	481	10
39281	1542	10
39281	162	9
39281	1968	10
39281	1456	8
39281	4949	10
39281	4116	10
39281	2728	9
39281	1713	10
39281	4950	9
39281	14	9
39281	4951	10
39281	1961	9
39281	490	9
39284	3257	9
39284	3266	9
39284	4952	10
39284	2063	7
39284	169	6
39284	127	6
39345	4953	10
39345	4200	9
39345	1770	9
39345	1094	9
39345	1421	8
39345	70	5
39345	1309	9
39345	450	9
39345	971	7
39345	6	9
39345	1269	8
39345	1743	7
39345	160	8
39345	1470	9
39345	762	10
39345	4453	10
39345	2434	10
39345	1589	8
39345	3963	10
39345	3750	9
39345	4954	10
39345	2398	9
39345	3751	9
39345	716	10
39353	2056	10
39353	4955	9
39353	4325	10
39353	4956	9
39353	2058	9
39353	2059	10
39372	4957	10
39372	361	10
39372	16	8
39372	17	9
39372	3415	10
39372	3051	9
39372	781	7
39374	124	1
39374	451	7
39374	2609	9
39374	2995	10
39374	3043	9
39396	2801	8
39396	4959	8
39396	4787	8
39396	434	5
39396	2319	9
39396	3467	10
39396	4960	9
39396	4961	10
39441	1490	7
39441	4962	9
39441	4963	10
39441	323	9
39441	2211	10
39441	2922	8
39441	2215	9
39441	4561	10
39441	2956	9
39441	2346	10
39441	1493	9
39441	188	10
39502	1042	9
39502	4964	9
39502	4965	10
39502	4966	8
39502	4551	9
39502	2624	10
39513	1526	9
39513	6	9
39513	1743	8
39513	160	7
39513	144	9
39513	2064	8
39513	4967	10
39513	4925	10
39513	3525	8
39513	4968	10
39616	4969	10
39616	4360	10
39616	2160	10
39616	1879	10
39616	4970	10
39616	4971	10
39616	471	9
39616	77	9
39616	4500	10
39616	4972	9
39616	4973	9
39616	3638	9
39616	480	8
39616	1050	10
39616	4974	9
39616	2623	10
39616	2389	9
39616	4975	10
39616	2639	9
39616	1416	9
39616	3792	10
39616	4976	10
39646	3419	9
39646	243	6
39646	4452	10
39646	1026	9
39646	2479	10
39646	4852	10
39646	70	3
39646	4978	9
39646	169	6
39646	4979	10
39646	4980	10
39646	4981	10
39646	1147	8
39646	1803	10
39646	2915	10
39646	232	10
39646	676	10
39662	70	4
39662	3616	10
39662	4982	10
39662	737	9
39662	329	9
39662	2345	10
39662	3156	9
39705	4983	10
39705	243	5
39705	2725	9
39705	279	9
39705	4621	10
39705	4176	10
39705	1139	9
39705	4564	9
39705	4984	9
39773	4985	10
39773	4986	9
39773	4919	9
39773	2247	9
39773	1522	10
39773	2003	8
39773	1851	8
39773	542	10
39773	51	8
39773	938	8
39773	4987	10
39773	4988	9
39773	4989	9
39773	998	9
39773	91	10
39773	93	10
39773	1162	10
39773	3775	9
39773	1321	7
39773	3738	10
39773	127	6
39773	4126	9
39773	1401	10
39773	2552	10
39773	1924	8
39773	101	8
39773	326	10
39773	34	10
39773	781	7
39773	752	8
39773	2532	9
39928	4615	9
39928	3736	10
39928	4990	10
39928	3056	9
40052	708	10
40052	1808	8
40052	3505	10
40052	1261	10
40052	905	9
40052	614	6
40110	2656	9
40110	4258	10
40110	931	8
40110	432	8
40110	378	10
40110	1914	9
40222	233	10
40222	645	9
40222	886	9
40222	1602	8
40222	1603	7
40299	124	1
40299	212	10
40299	665	7
40299	1463	9
40299	20	8
40330	4479	10
40330	865	9
40330	774	8
40330	566	9
40330	981	7
40330	868	10
40330	4991	9
40330	744	7
40330	72	9
40330	1103	10
40330	934	5
40330	2214	10
40330	1066	9
40330	949	7
40330	614	7
40330	4992	10
40330	1987	9
40415	4993	10
40415	4994	10
40415	1934	10
40415	458	8
40415	50	7
40415	136	8
40415	1089	10
40415	168	10
40415	2720	9
40415	1526	9
40415	341	5
40415	886	7
40415	578	9
40415	4154	9
40415	1594	10
40415	912	9
40415	1764	8
40415	4995	10
40466	3527	9
40466	649	9
40466	1104	9
40466	3581	10
40466	1547	10
40505	2586	10
40505	1025	9
40505	1336	10
40505	1102	9
40505	3456	9
40505	4258	9
40505	2513	9
40505	978	10
40511	4019	10
40511	1593	9
40511	4260	10
40511	3416	9
40511	4996	9
40511	1576	9
40511	4997	10
40553	4998	10
40553	4999	9
40553	5000	10
40553	3899	9
40553	285	8
40612	581	5
40612	4163	10
40612	657	8
40612	1066	8
40612	5001	10
40612	2173	9
40612	268	10
40612	2174	10
40612	3756	9
40640	457	5
40640	5002	10
40640	5003	10
40640	630	6
40640	1476	9
40640	1477	8
40640	1014	9
40640	1479	9
40772	2918	9
40772	1680	9
40772	5004	10
40772	5005	10
40772	691	9
40772	1523	10
40772	2252	10
40772	3084	10
40772	2093	8
40795	472	7
40795	473	7
40795	434	5
40795	483	9
40796	4937	10
40796	5006	10
40796	4354	10
40796	934	3
40796	3548	10
40796	2718	9
40798	3318	9
40798	1527	9
40798	348	10
40798	415	9
40798	1626	8
40798	4154	10
40798	367	9
40798	3370	10
40798	5007	10
40798	5008	10
40838	3419	10
40838	5009	10
40838	1809	9
40838	2184	8
40838	704	8
40838	3442	10
40838	404	6
40838	5010	9
40888	5011	9
40888	2141	10
40888	5012	10
40888	4612	9
40888	3883	10
40888	1447	10
40888	4596	9
40888	4345	9
40888	3745	7
40888	4154	10
40888	1567	8
40888	5013	10
40889	581	6
40889	5014	10
40889	3669	10
40889	2010	9
40889	2170	10
40889	183	6
40889	708	9
40889	777	7
40889	3688	9
40889	4852	10
40889	5015	9
40889	2387	10
40889	67	10
40889	235	9
40889	1523	10
40889	5016	10
40889	3183	10
40889	3735	10
40889	6	7
40889	2303	10
40889	3081	10
40889	77	9
40889	2280	10
40889	195	8
40889	1686	10
40889	1064	10
40889	5017	9
40889	933	9
40889	5018	10
40889	279	9
40889	937	10
40889	219	10
40889	1047	9
40889	220	9
40889	221	8
40889	3416	8
40889	1923	9
40889	3858	8
40889	265	10
40889	605	8
40889	2316	8
40889	2398	9
40889	2826	10
40889	174	9
40889	1321	10
40889	1492	8
40889	5019	10
40889	715	9
40889	3851	9
40889	2697	10
40889	5020	9
40889	1272	9
40889	1433	9
40889	4104	10
40889	5021	10
40889	5022	10
40889	5023	10
40889	1052	10
40889	331	10
40889	3048	8
40889	781	5
40889	5024	8
40889	3444	9
40889	5025	10
40889	739	10
40889	5026	10
40889	1370	10
40889	3503	10
40889	456	8
40889	2870	10
40889	286	9
40889	1761	9
40914	1864	10
40914	2465	10
40914	5027	9
40914	486	7
40914	59	10
40914	1253	10
40914	1174	10
40914	124	1
40914	1026	10
40914	3598	10
40914	1659	8
40914	2785	8
40914	319	10
40914	880	10
40914	2912	8
40914	217	10
40914	1760	8
40914	3056	10
40914	592	8
40914	1803	10
40914	1266	9
40914	790	9
40914	1953	10
40914	3112	10
40914	2963	10
40914	3534	10
40914	5028	10
40922	1054	10
40922	5029	10
40922	2034	10
40922	5030	9
40922	5031	9
40922	145	9
40922	1298	9
40922	4933	10
40922	5032	9
40922	2721	9
40922	765	10
40922	1629	10
40943	1495	10
40943	2204	9
40943	4404	10
40943	1007	9
40943	1022	9
40943	809	8
40943	1376	10
40943	1700	8
40943	3919	10
40943	4579	10
40943	2284	10
40943	4354	9
40943	3972	9
40943	4286	10
40943	2919	7
40943	5033	10
40943	388	9
40943	1044	10
40943	3108	9
40943	4007	10
40943	1717	10
40943	278	9
40943	1632	10
40943	3483	10
40943	3558	9
40943	724	10
40943	3231	8
40943	5034	10
40943	2795	9
40943	1751	10
40943	5035	9
40943	481	9
40943	3738	8
40943	592	7
40943	370	10
40943	5036	9
40943	5037	10
40943	5038	8
40943	4613	10
40943	4975	9
40943	5039	8
40943	552	7
40943	4030	9
40943	5040	9
40943	665	7
40943	4266	10
40943	331	10
40943	843	10
40943	5041	10
41058	414	6
41058	1298	10
41058	995	10
41058	3279	10
41058	1845	10
41080	5042	10
41080	720	9
41080	6	8
41080	185	9
41080	2070	7
41080	1212	8
41084	57	10
41084	181	10
41084	1497	10
41084	4919	8
41084	391	8
41084	2872	10
41084	1557	9
41084	800	9
41084	5	10
41084	981	9
41084	4061	7
41084	5043	9
41084	2690	8
41084	72	10
41084	1474	9
41084	5044	9
41084	3564	10
41084	3320	9
41084	4549	10
41084	4674	9
41084	5045	10
41084	3183	9
41084	166	10
41084	6	8
41084	5046	9
41084	728	10
41084	4530	10
41084	870	10
41084	5047	9
41084	2836	8
41084	2213	10
41084	3302	10
41084	5048	9
41084	5049	9
41084	3806	9
41084	2173	9
41084	613	8
41084	240	8
41084	561	10
41084	232	9
41084	155	9
41086	2194	9
41086	2281	10
41086	5050	9
41086	4203	9
41086	3422	10
41088	4964	10
41088	5011	10
41088	265	10
41088	3750	10
41111	1973	10
41111	414	7
41111	3198	10
41111	3397	10
41111	2040	8
41111	4876	9
41111	5051	10
41123	63	8
41123	3985	10
41123	3358	10
41123	2718	9
41123	4245	9
41123	4547	9
41177	1167	10
41177	1108	9
41177	465	5
41177	227	8
41177	1503	8
41177	775	10
41177	72	8
41177	1103	7
41177	4325	10
41177	1835	8
41177	939	8
41177	2625	10
41177	2206	9
41177	404	8
41245	5052	8
41245	862	9
41245	727	10
41245	2919	5
41245	2552	10
41364	4137	10
41364	405	9
41364	410	7
41364	1286	9
41364	4775	9
41364	4187	9
41364	2951	9
41364	886	9
41364	3765	10
41364	1289	6
41364	5053	10
41395	883	10
41395	5054	9
41395	50	5
41395	411	8
41395	2354	10
41395	787	10
41395	3724	9
41395	1955	9
41395	232	8
41403	5055	10
41403	5056	9
41403	5057	9
41403	438	10
41403	4890	10
41403	634	7
41403	5058	9
41403	421	7
41403	3395	9
41403	240	9
41425	447	9
41425	702	10
41425	5059	9
41425	1273	10
41449	3237	10
41449	3945	9
41449	1564	9
41449	3379	9
41449	3137	9
41449	590	5
41449	87	10
41449	3698	10
41449	127	6
41449	372	10
41449	5060	10
41450	5061	9
41450	2554	8
41450	5062	10
41450	3676	9
41450	3262	8
41450	2576	10
41455	1630	9
41455	1495	9
41455	3951	10
41455	5014	10
41455	3908	10
41455	50	6
41455	4045	10
41455	3846	10
41455	2854	8
41455	5	9
41455	1707	9
41455	2063	8
41455	1295	10
41455	5063	10
41455	1592	9
41455	165	9
41455	1928	10
41455	81	10
41455	974	8
41455	4051	9
41455	1568	9
41455	5064	10
41455	2947	10
41455	1751	9
41455	3953	10
41455	5065	9
41455	3660	9
41455	3279	8
41455	5066	10
41455	2109	10
41455	214	8
41455	2200	10
41455	2267	9
41455	2268	8
41455	5067	10
41455	991	10
41455	5068	8
41589	2332	10
41589	3133	7
41589	4147	8
41589	3224	8
41589	5069	10
41589	5070	10
41589	5071	9
41589	4113	9
41589	971	6
41589	1743	8
41589	4835	10
41589	258	9
41589	381	9
41589	3549	9
41589	3781	10
41589	5072	10
41589	1451	9
41589	1905	7
41589	285	7
41596	3590	9
41596	5073	9
41596	785	10
41596	871	10
41596	3241	10
41596	5074	10
41596	20	8
41634	274	8
41634	5075	10
41634	1447	9
41634	1882	10
41634	661	10
41634	1049	10
41634	2346	10
41634	662	8
41667	2361	9
41667	3288	10
41667	5076	10
41667	1269	8
41667	20	6
41676	511	9
41676	5077	10
41676	793	10
41676	444	9
41676	403	10
41676	5078	10
41757	5079	10
41757	4786	10
41757	5080	8
41757	3548	9
41757	4666	9
41757	4988	10
41757	608	10
41757	2858	10
41757	1048	9
41757	2376	9
41757	4543	10
41757	4544	10
41757	4819	10
41757	5081	9
41757	20	6
41760	777	8
41760	2687	9
41760	469	9
41760	3718	10
41760	1068	9
41760	5082	9
41760	3307	10
41781	207	7
41781	176	10
41781	5083	10
41781	3669	9
41781	1504	10
41781	3590	9
41781	3266	10
41781	1724	10
41781	124	1
41781	5084	10
41781	1295	10
41781	387	10
41781	2390	9
41781	929	10
41781	3107	10
41781	359	10
41781	177	10
41781	451	8
41781	84	8
41781	379	9
41781	4443	9
41781	4082	8
41781	605	9
41781	1483	10
41781	1836	9
41781	5085	10
41781	329	10
41781	1667	9
41781	3360	10
41781	2962	9
41781	1214	9
41781	781	6
41781	404	7
41841	2774	9
41841	1630	9
41841	5087	10
41841	1228	10
41841	1291	8
41841	411	10
41841	2063	9
41841	5088	9
41841	1179	10
41841	1186	8
41841	1058	7
41841	1158	6
41841	540	8
41841	812	10
41841	4434	9
41841	1702	10
41841	1626	8
41841	3662	10
41841	5089	10
41841	5090	9
41841	873	8
41841	2058	10
41841	988	8
41841	5091	10
41841	614	6
41841	5092	10
41841	5093	10
41911	1318	10
41911	503	8
41911	274	6
41911	1115	8
41911	1117	10
41911	1118	9
41911	1280	10
41911	3269	9
41911	72	7
41911	5094	9
41911	831	6
41911	5095	10
41985	3913	10
41985	1253	8
41985	1928	10
41985	3608	10
41985	2073	10
42093	1077	10
42093	59	8
42093	1770	9
42093	5096	9
42093	3981	9
42093	353	9
42093	1821	10
42093	1329	10
42093	5097	9
42093	469	8
42093	5098	9
42093	1159	8
42093	5099	10
42093	3984	9
42093	5100	9
42093	5101	10
42093	1160	8
42093	2053	9
42093	939	10
42093	267	7
42093	4158	9
42093	4877	10
42093	110	8
42093	3657	10
42099	487	10
42099	4698	9
42099	1748	9
42099	4998	9
42099	720	9
42099	72	7
42099	622	9
42323	5102	9
42323	511	10
42323	2025	7
42323	4299	10
42323	4217	10
42323	346	9
42323	1061	8
42323	934	8
42323	1297	10
42323	5103	9
42323	2832	10
42323	2721	10
42323	2722	9
42323	765	10
42323	3460	9
42323	3461	10
42323	1300	10
42323	2702	10
42372	509	9
42372	777	9
42372	450	8
42372	195	7
42372	5104	10
42372	4747	10
42408	2919	7
42408	2912	8
42408	2961	7
42408	218	8
42408	41	8
42408	5105	9
42410	5106	10
42410	249	10
42410	1055	8
42410	2918	7
42410	63	9
42410	2193	8
42410	634	6
42410	1338	10
42410	2987	9
42410	232	9
42410	5107	10
42419	1325	9
42419	1167	10
42419	5108	10
42419	124	2
42419	981	8
42419	668	9
42419	1320	9
42419	308	9
42419	665	7
42419	4350	9
42450	1895	10
42450	896	10
42450	1263	8
42450	1360	8
42450	5109	9
42450	10	10
42458	2770	10
42458	391	9
42458	3266	9
42458	4061	6
42458	5110	9
42458	289	9
42458	4360	10
42458	5111	10
42458	4724	9
42458	347	8
42458	4302	9
42458	4514	10
42458	674	8
42458	6	7
42458	5112	8
42458	1882	10
42458	1448	7
42458	5113	9
42458	2423	9
42458	4288	8
42458	2077	8
42458	3551	10
42466	1056	10
42466	2649	10
42466	3920	9
42466	2725	9
42466	1412	8
42466	1890	8
42466	1667	10
42466	2319	10
42573	3228	9
42573	4000	10
42573	493	10
42573	3908	10
42573	4486	10
42573	4467	10
42573	4319	10
42573	3621	9
42573	280	10
42573	2420	10
42573	2168	9
42573	2865	9
42597	465	4
42597	1291	5
42597	3949	10
42597	5114	9
42597	3114	9
42597	378	9
42597	451	6
42597	2173	9
42597	1380	9
42597	4637	8
42611	2945	10
42611	3616	10
42611	761	10
42611	3258	10
42611	5115	9
42611	637	8
42651	693	6
42651	1505	10
42651	1773	8
42651	2920	9
42651	4245	10
42651	20	8
42651	2203	9
42730	458	8
42730	4398	9
42730	5116	10
42730	592	9
42730	1415	8
42730	2313	10
42730	2520	10
42780	1586	8
42780	503	9
42780	5117	9
42780	3136	9
42780	4391	9
42798	3947	9
42798	917	9
42798	4850	9
42798	5119	10
42798	480	8
42847	1230	8
42847	3710	8
42847	1684	9
42847	254	10
42847	2663	9
42847	1990	9
42883	4510	10
42883	5120	10
42883	4133	10
42883	2293	8
42883	3065	10
42883	5121	10
42914	4032	10
42914	2409	9
42914	2817	10
42914	2147	9
42914	2063	7
42914	2763	9
42914	3957	9
42914	1146	9
42914	2602	10
42914	4920	10
42914	2634	10
42914	2710	8
42914	2692	8
42914	3976	8
42914	3556	7
42914	3435	8
42914	3231	9
42914	4989	10
42914	1751	9
42914	2808	10
42914	1695	10
42914	4031	10
42914	133	8
42914	4976	9
42948	185	10
42948	5122	9
42948	1885	9
42948	262	10
42948	552	8
42948	4018	9
43004	1165	9
43004	3472	9
43004	744	8
43004	1063	10
43004	266	9
43004	3682	9
43006	2829	10
43006	1185	9
43006	1158	9
43006	5117	10
43006	3034	10
43006	5123	10
43006	1160	9
43006	5124	10
43006	4558	8
43006	5125	8
43006	1888	10
43006	3893	10
43006	5126	10
43006	3000	9
43006	888	9
43006	1133	10
43021	2090	9
43021	5127	10
43021	4515	8
43021	16	9
43021	1298	10
43021	3569	10
43021	2050	7
43093	5130	10
43093	879	10
43093	5131	10
43093	169	7
43093	2367	10
43093	4922	10
43093	1219	8
43157	1634	10
43157	510	9
43157	5132	10
43157	2836	8
43157	5133	9
43157	4573	9
43157	2370	8
43157	1714	10
43163	3105	9
43163	1634	9
43163	3520	10
43163	465	5
43163	124	1
43163	1943	8
43163	2919	7
43163	3925	10
43163	657	6
43163	3222	10
43282	408	10
43282	1055	9
43282	1655	9
43282	2912	8
43282	1249	7
43282	5134	8
43282	41	8
43282	2119	9
43282	1603	7
43359	3083	8
43359	74	9
43359	169	7
43359	2052	10
43359	4426	10
43359	849	10
43359	2158	10
43436	5135	9
43436	338	6
43436	340	9
43436	3801	10
43436	4073	9
43436	242	10
43481	5136	10
43481	5137	10
43481	1866	10
43481	406	9
43481	409	8
43481	1430	10
43481	412	9
43481	958	9
43481	634	8
43481	1193	7
43481	3454	10
43481	2231	10
43481	1851	9
43481	1640	10
43481	2357	10
43481	1946	7
43481	402	10
43481	4316	9
43481	611	9
43481	5138	10
43481	592	7
43481	2665	9
43481	1212	7
43481	4459	10
43481	175	8
43595	4616	10
43595	437	8
43595	1058	7
43595	51	8
43595	1207	8
43595	1398	7
43619	5139	9
43619	693	6
43619	585	10
43619	3846	10
43619	1808	9
43619	653	8
43619	2785	10
43619	2080	9
43619	450	10
43619	723	9
43619	2303	10
43619	195	8
43619	2070	9
43619	160	8
43619	51	10
43619	3745	8
43619	657	6
43619	3313	9
43619	3724	10
43619	1694	9
43619	2516	9
43619	2347	9
43626	4650	10
43626	800	8
43626	3475	9
43626	2944	9
43626	2070	7
43626	4920	10
43626	2347	9
43639	3687	9
43639	432	10
43639	1851	9
43639	771	10
43639	4118	9
43687	176	10
43687	4583	9
43687	50	4
43687	1636	9
43687	394	9
43687	503	8
43687	274	5
43687	1115	9
43687	981	7
43687	1117	7
43687	1225	9
43687	4362	10
43687	1519	10
43687	608	7
43687	2857	8
43687	1411	8
43687	2858	10
43687	197	8
43687	267	8
43687	127	7
43687	1068	7
43687	624	9
43687	5140	9
43687	1434	8
43687	5107	10
43687	404	6
43698	5141	10
43698	496	10
43698	61	8
43698	4759	10
43698	4547	8
43806	2587	9
43806	1506	9
43806	2354	9
43806	928	10
43806	341	7
43806	2336	10
43806	2205	9
43806	4471	9
43806	5064	10
43806	2345	10
43806	670	10
43806	1052	8
43806	2144	10
43806	1761	9
43807	4638	10
43807	5142	10
43807	4480	10
43807	737	8
43807	5143	9
43807	2157	10
43842	818	10
43842	207	8
43842	1783	10
43842	3520	9
43842	1502	10
43842	335	7
43842	910	10
43842	1291	7
43842	3083	6
43842	391	9
43842	2010	8
43842	410	8
43842	2781	10
43842	411	9
43842	1428	9
43842	2325	10
43842	1512	8
43842	1653	10
43842	1028	10
43842	2191	10
43842	5144	10
43842	634	8
43842	1058	8
43842	1659	8
43842	2707	9
43842	2662	9
43842	5145	10
43842	3455	10
43842	1104	8
43842	2644	8
43842	279	8
43842	196	8
43842	937	9
43842	1764	8
43842	5032	10
43842	2350	8
43842	2315	7
43842	1627	10
43842	4746	10
43842	180	10
43842	31	9
43842	4598	10
43842	4608	9
43842	717	10
43842	5146	9
43842	1574	8
43842	3063	9
43842	3422	9
43842	991	9
43842	206	8
43842	1602	7
43842	3281	10
43842	1218	10
43842	4107	10
43852	4061	9
43852	1597	9
43852	2628	9
43852	4305	10
43852	3644	9
43852	831	9
43852	373	10
43901	451	6
43901	1313	9
43901	711	10
43901	2884	9
43901	781	7
43901	460	8
43910	4539	10
43910	35	8
43910	5147	10
43910	1168	9
43910	3839	10
43910	5148	9
43910	5149	9
43910	15	10
43910	3119	9
43910	531	8
43910	61	8
43910	586	8
43910	3663	9
43910	567	10
43910	1135	9
43910	4999	10
43910	1592	10
43910	1653	10
43910	3529	10
43910	138	8
43910	5150	9
43910	1559	8
43910	1658	10
43910	1973	8
43910	4617	10
43910	5151	9
43910	2966	9
43910	308	9
43910	2549	10
43910	141	9
43910	787	9
43910	3185	10
43910	321	10
43910	3455	10
43910	142	9
43910	1616	8
43910	723	8
43910	5152	9
43910	657	4
43910	1830	10
43910	1200	10
43910	3433	10
43910	2357	10
43910	5125	10
43910	3626	10
43910	3313	10
43910	5153	8
43910	3541	10
43910	3380	10
43910	420	9
43910	2990	9
43910	2407	8
43910	592	8
43910	5154	9
43910	3800	10
43910	552	9
43910	1788	8
43910	5155	10
43910	425	10
43910	1302	10
43910	4949	9
43910	5156	10
43910	2200	10
43910	665	7
43910	2201	10
43910	5157	10
43910	1397	9
43910	3112	9
43910	5158	10
43910	4234	9
43910	43	10
43910	4197	9
43910	2202	10
43910	1595	9
43910	2800	10
43910	1219	9
43910	3895	10
44089	5130	9
44089	5111	9
44089	5159	10
44089	5160	9
44089	2344	10
44252	5161	10
44252	50	4
44252	1328	8
44252	124	1
44252	1275	10
44252	4184	9
44252	4713	8
44252	3384	9
44252	1749	10
44252	1377	10
44252	5162	10
44252	1750	8
44252	5163	10
44252	477	10
44252	478	10
44252	4506	10
44252	2370	10
44252	267	8
44252	2713	10
44252	5164	9
44252	1364	10
44252	5165	9
44252	3256	10
44252	155	10
44252	991	10
44252	1761	9
44295	3836	7
44295	2470	9
44295	742	7
44295	2080	6
44295	30	10
44295	2472	9
44296	2449	10
44296	1248	10
44296	5166	10
44296	5167	8
44296	5036	10
44296	101	9
44296	2996	10
44296	4055	9
44297	1351	8
44297	1492	7
44297	2809	10
44297	20	7
44297	4099	10
44297	5168	9
44389	5169	10
44389	410	7
44389	4182	10
44389	3921	9
44389	3789	10
44389	2413	9
44389	248	10
44467	1056	10
44467	929	10
44467	4527	10
44467	5170	9
44467	513	10
44467	4023	10
44467	4935	9
44467	3145	9
44472	643	7
44472	1156	9
44472	3186	10
44472	2682	10
44472	3187	9
44472	3188	9
44472	5171	10
44472	3048	10
44535	581	5
44535	2925	10
44535	5172	9
44535	322	10
44535	608	9
44535	1751	8
44535	3403	10
44535	5173	9
44535	2749	8
44535	4976	9
44595	5174	10
44595	865	10
44595	130	9
44595	2416	9
44595	5175	9
44595	5176	10
44611	5177	10
44611	1490	8
44611	3440	9
44611	5153	10
44611	552	8
44611	4065	10
44611	352	9
44663	1387	10
44663	1229	10
44663	3194	9
44663	540	9
44663	997	9
44663	1882	9
44663	5039	9
44727	3348	8
44727	338	8
44727	258	8
44727	5179	10
44727	5180	8
44728	649	9
44728	3946	9
44728	5087	10
44728	1823	10
44728	3455	10
44728	4132	9
44728	1880	9
44728	168	9
44728	1691	9
44728	801	9
44728	1930	9
44728	1719	10
44728	4346	9
44728	3176	9
44728	803	9
44728	2578	9
44728	127	7
44728	2158	9
44743	1653	9
44743	4767	10
44743	319	10
44743	1901	7
44743	460	9
44756	5181	9
44756	5182	9
44756	475	10
44756	4174	10
44756	4408	9
44756	4094	8
44756	3086	8
44756	5183	9
44837	3886	9
44837	1896	9
44837	1490	8
44837	61	8
44837	5184	10
44837	1185	10
44837	1491	8
44842	5185	10
44842	124	1
44842	2327	10
44842	1309	10
44842	2252	9
44842	3056	8
44842	192	5
44842	665	7
44842	3480	8
44845	5052	9
44845	651	8
44845	3659	10
44845	5186	7
44845	165	8
44845	745	9
44845	4906	8
44845	2100	10
44845	660	9
44845	1348	9
44845	1300	8
44845	4365	10
44845	5019	10
44845	5189	10
44845	456	9
44852	693	7
44852	1144	10
44852	243	8
44852	1178	9
44852	2193	8
44852	412	10
44852	1406	9
44852	744	8
44852	4842	9
44852	792	10
44852	746	9
44852	449	9
44852	291	10
44852	1527	9
44852	589	8
44852	1640	10
44852	1064	10
44852	1882	10
44852	3219	9
44852	5190	10
44852	1692	9
44852	1641	10
44852	2469	9
44893	2408	10
44893	3118	9
44893	405	10
44893	2754	8
44893	181	9
44893	5191	9
44893	695	8
44893	409	6
44893	1502	9
44893	5192	10
44893	534	10
44893	4731	10
44893	3094	10
44893	4944	10
44893	3008	9
44893	2226	8
44893	5193	9
44893	1225	8
44893	1239	9
44893	1522	10
44893	2729	10
44893	498	9
44893	3378	10
44893	1263	9
44893	1663	10
44893	1568	9
44893	5194	10
44893	871	10
44893	4009	10
44893	1542	9
44893	5195	10
44893	4348	10
44893	7	10
44893	5196	9
44893	205	10
44893	5197	9
44893	4828	10
44893	5198	10
44893	5199	8
44893	1084	9
44893	978	9
44925	5200	9
44925	3914	9
44925	1407	8
44925	497	10
44925	5201	10
44925	3002	10
44932	210	9
44932	1484	10
44932	2550	10
44932	3479	10
44932	1714	10
44985	1432	10
44985	5202	9
44985	3613	10
44985	2459	9
44985	5203	10
44985	2462	10
44985	5204	9
45064	3083	9
45064	5205	9
45064	2988	10
45064	480	8
45064	31	10
45064	5206	10
45068	727	8
45068	1058	8
45068	1686	10
45068	2820	10
45068	4155	8
45068	4170	9
45078	755	10
45078	377	7
45078	4051	8
45078	17	9
45078	4151	10
45107	1190	10
45107	4513	10
45107	5207	9
45107	2100	10
45107	364	9
45107	5012	9
45107	2303	10
45107	2913	9
45107	2280	10
45107	3082	9
45107	3736	8
45107	4990	8
45107	421	9
45113	5208	10
45113	4486	10
45113	3412	9
45113	5209	10
45113	2099	9
45113	5210	10
45113	3772	9
45113	3859	9
45113	2762	9
45113	5211	10
45113	4117	10
45113	4637	9
45113	3160	8
45119	5212	10
45119	1606	10
45119	4390	9
45119	2257	8
45119	1161	8
45119	2261	9
45119	2265	9
45184	3244	10
45184	5027	10
45184	1649	9
45184	1286	8
45184	1973	8
45184	5213	10
45184	5214	8
45184	5215	9
45184	676	10
45255	2393	9
45255	575	10
45255	3788	9
45255	378	9
45255	5216	10
45255	4267	9
45305	3017	10
45305	2245	10
45305	5217	9
45305	4171	10
45315	1893	9
45315	693	6
45315	5218	10
45315	182	10
45315	755	10
45315	1431	10
45315	2481	10
45315	4977	10
45315	2736	10
45315	5219	10
45315	347	10
45315	5112	9
45315	729	10
45315	578	9
45315	975	9
45315	5220	9
45315	1448	8
45315	5221	10
45315	500	8
45315	232	10
45315	247	10
45340	3064	8
45340	276	9
45340	4589	8
45340	916	10
45340	4325	9
45340	934	7
45340	4379	9
45340	5222	9
45383	3687	10
45383	2470	9
45383	414	7
45383	592	9
45383	5224	9
45383	5225	10
45391	4182	9
45391	448	9
45391	4924	10
45391	939	10
45391	3532	10
45391	1414	10
45416	530	9
45416	1651	9
45416	1504	10
45416	1259	10
45416	1490	8
45416	4146	8
45416	2516	7
45416	1576	9
45416	5227	10
45418	532	8
45418	2698	9
45418	2327	10
45418	2662	9
45418	3940	10
45418	4776	8
45418	760	10
45418	5228	8
45418	4513	9
45418	2731	10
45418	5229	10
45418	4009	9
45418	613	9
45444	183	6
45444	2478	9
45444	5088	10
45444	68	8
45444	4007	8
45471	2120	10
45471	1253	7
45471	800	9
45471	4790	9
45557	1769	9
45557	649	9
45557	2910	9
45557	392	10
45557	1490	7
45557	1429	10
45557	1286	9
45557	158	10
45557	1192	10
45557	4326	9
45557	3108	8
45557	3925	10
45557	2838	10
45557	933	10
45557	439	10
45557	85	10
45557	1099	10
45557	4438	9
45557	622	8
45557	5230	10
45557	3588	10
45557	285	6
45557	352	10
45557	1789	9
45564	2734	10
45564	5231	10
45564	1491	7
45564	4353	9
45641	1822	10
45641	1808	10
45641	2838	10
45641	1528	9
45911	5232	9
45911	2038	9
45911	2844	10
45911	2418	10
45911	2947	10
45911	4277	8
45911	4309	10
45987	2219	10
45987	4662	10
45987	308	8
45987	4791	9
45987	5233	10
46099	4545	7
46099	1190	8
46099	2387	10
46099	246	8
46099	1264	9
46099	2037	8
46099	5234	9
46099	715	10
46099	3127	9
46099	2049	10
46145	2208	9
46145	408	9
46145	533	8
46145	4443	10
46145	2378	10
46145	1290	9
46154	502	9
46154	409	6
46154	4183	10
46154	744	9
46197	486	8
46197	124	1
46197	2902	9
46197	5235	10
46197	1963	10
46197	784	10
46197	5236	10
46258	3557	10
46258	923	10
46258	3382	9
46258	851	9
46258	3383	10
46258	2537	10
46269	5237	10
46269	1936	10
46269	5002	8
46269	800	9
46269	1612	10
46269	5238	10
46269	4897	10
46269	3912	10
46269	3757	9
46269	5239	10
46269	2797	8
46269	2996	9
46269	2523	9
46269	123	10
46293	2590	10
46293	2596	9
46293	2614	9
46293	2616	8
46293	2166	8
46293	2618	10
46293	5240	10
46293	5241	9
46293	4613	8
46293	4975	10
46293	2624	10
46295	176	8
46295	1056	9
46295	209	9
46295	77	7
46295	4516	9
46295	1625	9
46295	4532	10
46295	1068	10
46350	463	10
46350	2450	10
46350	2451	10
46350	2452	9
46350	2453	10
46350	4460	10
46389	997	8
46389	238	10
46389	1690	9
46389	2266	10
46389	1782	10
46417	136	9
46417	2662	10
46417	5122	9
46417	2026	7
46417	379	7
46417	5242	10
46417	3264	10
46417	2345	8
46443	446	8
46443	1731	7
46443	59	9
46443	2204	10
46443	2443	10
46443	1021	10
46443	1109	10
46443	1748	10
46443	465	6
46443	2784	10
46443	319	9
46443	1393	10
46443	388	9
46443	574	9
46443	1717	10
46443	5116	10
46443	1034	9
46443	5243	10
46443	2293	9
46443	934	8
46443	281	10
46443	2266	9
46443	1212	7
46443	5244	9
46443	784	8
46443	157	10
46443	5245	10
46461	3651	9
46461	4818	10
46461	477	9
46461	1856	9
46461	2864	10
46541	4449	10
46541	3952	8
46541	1625	10
46541	4151	10
46541	3885	9
46541	3362	10
46671	170	8
46671	6	8
46671	1743	9
46671	77	9
46671	195	9
46671	451	6
46671	2026	8
46690	1731	6
46690	4784	10
46690	3064	8
46690	2690	9
46690	2524	10
46892	5246	10
46892	5247	8
46892	981	6
46892	776	9
46892	1057	10
46892	720	8
46892	777	9
46892	1405	9
46892	4185	10
46892	3570	7
46892	5248	9
46892	5249	10
46892	3523	10
46892	991	10
46892	1804	10
46892	840	8
46892	924	10
46892	2400	9
46907	1291	6
46907	2189	9
46907	185	8
46907	543	10
46907	51	7
46907	5250	9
46907	1627	10
46907	239	10
46907	1991	9
46909	3028	10
46909	2659	9
46909	335	9
46909	910	9
46909	1504	9
46909	1587	9
46909	394	9
46909	3472	10
46909	1992	10
46909	3348	8
46909	63	7
46909	4015	10
46909	4969	9
46909	2025	10
46909	1658	10
46909	1858	9
46909	4971	10
46909	880	9
46909	5251	10
46909	5252	10
46909	5253	9
46909	377	9
46909	5254	10
46909	77	8
46909	5187	10
46909	5017	10
46909	1374	10
46909	973	10
46909	4882	8
46909	16	9
46909	4596	9
46909	2026	7
46909	4051	9
46909	416	9
46909	3897	10
46909	1886	9
46909	2792	10
46909	2350	9
46909	4911	9
46909	3370	9
46909	4400	10
46909	267	9
46909	1048	9
46909	2667	9
46909	1302	10
46909	5255	9
46909	3567	10
46909	331	10
47117	581	7
47117	971	8
47117	170	6
47117	2070	7
47117	83	10
47117	477	8
47117	977	9
47118	5256	10
47118	5257	10
47118	309	10
47118	4122	9
47118	4861	8
47118	3675	8
47118	2293	8
47118	5258	10
47127	2602	9
47127	414	8
47127	1573	10
47127	3965	10
47127	150	10
47127	2050	10
47128	1291	7
47128	532	9
47128	5144	9
47128	3183	10
47128	177	9
47128	5210	10
47128	4980	9
47128	3586	8
47128	3385	9
47128	4561	10
47128	2957	10
47128	3975	9
47128	2046	9
47152	243	6
47152	1186	9
47152	1058	7
47152	170	7
47152	84	8
47152	614	8
47152	188	9
47152	1219	9
47279	5259	9
47279	124	1
47279	5260	9
47279	3805	10
47279	540	8
47279	4812	10
47279	4679	10
47279	1968	9
47279	150	10
47279	2887	10
47316	2775	9
47316	1872	8
47316	5261	10
47316	5262	10
47316	393	7
47316	4153	10
47316	5263	10
47316	288	9
47316	2317	10
47316	5264	10
47316	896	9
47316	3225	10
47316	2945	10
47316	338	6
47316	1268	8
47316	1851	9
47316	1105	10
47316	4515	9
47316	17	9
47316	443	9
47316	1829	10
47316	3549	7
47316	2710	9
47316	5265	10
47316	5266	10
47316	5103	9
47316	3849	9
47316	5183	9
47316	5013	10
47316	223	10
47316	3875	10
47316	1410	9
47316	2857	10
47316	2858	10
47316	1914	10
47316	3665	9
47316	5066	9
47316	5267	10
47316	4115	9
47316	5268	10
47316	5269	8
47316	2345	10
47316	1667	8
47316	5195	10
47316	4851	10
47316	1629	10
47316	913	10
47316	1602	9
47316	2532	8
47316	2863	8
47316	2864	10
47316	5270	10
47316	404	6
47316	5026	10
47316	2907	10
47316	1958	10
47458	124	2
47458	937	9
47458	416	9
47458	614	7
47458	1304	10
47512	2892	10
47512	5271	8
47512	2662	9
47512	930	9
47512	4528	10
47512	2319	9
47512	103	8
47512	4827	10
47594	2354	10
47594	308	10
47594	431	9
47594	715	10
47609	4733	9
47609	3131	9
47609	5272	8
47609	4554	9
47609	4800	9
47609	1486	9
47609	2053	8
47609	4717	10
47609	940	10
47609	782	9
47609	5273	10
47609	8	10
47609	5274	10
47779	3928	10
47779	44	9
47779	3494	9
47779	47	10
47779	4955	7
47793	3116	10
47793	2971	9
47793	228	10
47793	4573	8
47793	2955	10
47793	2956	8
47793	2511	10
47793	621	9
47793	4307	9
47793	3397	10
47793	5222	10
47807	124	1
47807	4019	8
47807	723	7
47807	1853	9
47807	739	9
47807	4107	10
47856	696	9
47856	1143	9
47856	1025	9
47856	5275	9
47856	4184	9
47856	217	10
47856	2254	10
47856	5276	10
47856	2688	10
47856	4924	10
47856	1739	9
47856	2751	10
47856	834	10
47856	4483	10
47856	4817	9
47925	5277	7
47925	3933	10
47925	3742	10
47925	3365	9
47925	3403	10
47925	3328	10
47971	5278	9
47971	892	8
47971	5279	9
47971	2036	10
47971	934	7
47971	3042	7
47971	3953	9
47971	3660	9
47975	5280	8
47975	1743	8
47975	84	7
47975	4967	10
47975	613	7
48025	2871	10
48025	5281	9
48025	4224	9
48025	4127	8
48025	4832	9
48025	3083	7
48025	4284	10
48025	1708	8
48025	1916	9
48025	1058	8
48025	5282	10
48025	2098	9
48025	3564	9
48025	895	10
48025	2271	8
48025	3320	10
48025	5283	9
48025	4674	10
48025	4675	10
48025	358	9
48025	3183	10
48025	892	7
48025	4651	10
48025	5284	10
48025	2231	10
48025	1268	9
48025	6	8
48025	1593	10
48025	2961	8
48025	1064	10
48025	451	5
48025	3832	10
48025	4712	10
48025	3789	10
48025	2026	10
48025	2338	10
48025	442	8
48025	1855	8
48025	488	10
48025	257	8
48025	1004	9
48025	440	10
48025	1242	10
48025	1853	8
48025	5285	10
48025	3356	10
48025	5064	9
48025	1590	10
48025	5286	10
48025	5287	9
48025	3889	10
48025	3890	10
48025	5288	9
48025	3891	9
48025	1591	9
48025	5289	9
48025	5290	9
48025	173	10
48025	736	9
48025	5291	9
48025	5292	10
48025	4276	10
48025	4143	9
48025	5293	10
48025	1573	8
48025	5020	9
48025	5294	10
48025	19	9
48025	331	9
48025	5295	9
48025	4159	10
48025	4483	10
48025	2235	10
48037	5296	10
48037	1652	10
48037	124	1
48037	4027	10
48037	2014	8
48037	1962	10
48037	4096	9
48037	2993	9
48037	5297	9
48037	281	10
48037	5298	10
48037	1602	9
48046	1554	8
48046	35	8
48046	1284	8
48046	3560	9
48046	1502	10
48046	227	8
48046	1294	9
48046	503	9
48046	946	10
48046	744	8
48046	1159	9
48046	70	4
48046	1902	10
48046	5299	9
48046	2396	9
48046	1663	10
48046	1749	8
48046	1750	10
48046	1947	9
48046	736	10
48046	174	7
48046	197	10
48046	2040	9
48046	592	8
48046	1812	9
48046	1788	9
48046	3371	9
48046	2005	9
48046	103	10
48046	3280	9
48046	5300	10
48046	5301	10
48046	155	10
48046	1082	9
48046	489	10
48213	465	6
48213	1328	7
48213	3949	10
48213	3453	9
48213	4496	9
48213	473	9
48213	3197	10
48213	5258	10
48217	884	9
48217	194	9
48217	5272	10
48217	5172	9
48217	5302	9
48217	4467	10
48217	4319	10
48217	5304	10
48217	1524	10
48217	1743	8
48217	2575	8
48217	5305	10
48217	4472	10
48268	4959	10
48268	650	8
48268	386	10
48268	1186	8
48268	1491	6
48268	934	7
48268	1626	6
48268	1690	7
48268	5306	9
48268	3899	9
48268	5307	8
48355	5308	10
48355	5309	10
48355	5310	8
48355	3827	10
48355	4733	10
48355	3064	7
48355	3605	10
48355	786	10
48355	5311	9
48355	5312	10
48355	5142	10
48355	472	8
48355	3870	10
48355	400	10
48355	4987	10
48355	5313	10
48355	3172	10
48355	5314	10
48355	1538	9
48355	1466	9
48355	3173	8
48355	951	8
48355	5273	10
48382	5315	9
48382	5316	10
48382	4259	9
48382	425	9
48382	1289	8
48494	2208	8
48494	2055	8
48494	3347	9
48494	537	10
48494	777	7
48494	4075	10
48494	5317	10
48494	290	10
48494	448	10
48494	158	10
48494	5318	10
48494	5319	10
48494	5320	9
48494	3570	9
48494	4955	8
48494	2291	9
48494	4258	8
48494	971	8
48494	160	9
48494	279	9
48494	3910	10
48494	4022	10
48494	5321	10
48494	3415	10
48494	2793	8
48494	4408	8
48494	5322	9
48494	4094	10
48494	5323	9
48494	5324	9
48494	1923	9
48494	3858	10
48494	2857	8
48494	881	10
48494	3692	10
48494	192	7
48494	5325	9
48494	665	6
48494	3535	9
48494	5326	10
48494	352	9
48494	404	9
48494	4204	8
48494	456	7
48579	5327	9
48579	981	9
48579	2470	10
48579	1899	10
48579	338	7
48579	1071	8
48579	1759	8
48579	3586	9
48579	5328	9
48579	456	10
48579	152	10
48579	1217	10
48579	2753	10
48630	754	9
48630	2395	9
48630	449	8
48630	432	10
48630	1003	8
48630	4606	10
48630	665	7
48630	20	7
48743	124	1
48743	532	9
48743	3260	8
48743	1249	8
48743	185	10
48743	3737	10
48743	160	8
48743	3355	10
48743	1855	9
48743	657	6
48743	147	8
48743	1730	9
48743	3751	9
48743	5329	10
48743	3362	9
48743	1577	10
48743	5330	10
48911	997	9
48911	160	7
48911	2315	9
48911	1412	8
48911	1257	9
48911	286	9
48929	532	9
48929	5332	10
48929	2189	8
48929	125	9
48929	1524	10
48975	3335	8
48975	409	9
48975	3113	10
48975	1557	10
48975	1874	9
48975	5333	10
48975	5030	10
48975	5334	10
48975	3319	10
48975	5335	9
48975	3736	10
48975	935	10
48975	5336	9
48975	937	10
48975	2722	10
48975	4214	9
48975	4400	10
48975	5298	9
48975	2345	9
48975	4095	9
48975	5337	9
48975	5338	9
48975	1106	8
48975	231	10
48975	2041	9
48995	5339	9
48995	24	8
48995	494	9
48995	3078	8
48995	241	10
49061	1431	10
49061	4313	9
49061	1320	9
49061	1974	9
49061	2663	10
49061	588	10
49061	1395	8
49109	2051	8
49109	1230	8
49109	3268	10
49109	5340	10
49109	720	8
49109	140	8
49109	5334	10
49109	1061	9
49109	4962	10
49109	442	9
49109	1594	9
49109	2628	9
49109	2215	9
49109	5341	9
49109	1903	9
49109	5094	9
49109	5342	9
49109	2722	10
49109	3175	8
49109	1915	9
49154	5343	10
49154	5251	10
49154	2699	10
49154	5344	9
49154	730	9
49154	5345	10
49154	4082	10
49154	4904	10
49154	423	9
49155	4582	9
49155	5087	9
49155	388	8
49155	1626	7
49155	279	8
49155	1690	9
49155	622	9
49155	4293	9
49155	4425	10
49212	3447	10
49212	1896	9
49212	981	7
49212	2974	10
49212	2080	8
49212	1268	8
49212	4025	10
49212	3522	10
49212	1626	7
49212	3697	8
49212	5346	10
49212	733	10
49212	5126	10
49212	939	9
49212	5347	10
49212	5195	10
49212	4436	9
49212	834	10
49212	3048	10
49212	247	10
49212	404	6
49212	1219	8
49225	59	8
49225	2556	8
49225	4919	9
49225	183	8
49225	3064	8
49225	537	9
49225	777	7
49225	5348	10
49225	3049	9
49225	3977	9
49225	3435	10
49225	5349	9
49225	5350	10
49225	5351	8
49225	434	6
49225	3397	9
49225	2040	10
49225	2552	9
49225	3333	8
49225	19	9
49225	4136	9
49225	3146	10
49262	1407	6
49262	611	8
49262	5352	9
49262	1402	10
49262	232	9
49289	2655	9
49289	3306	9
49289	451	5
49289	2176	9
49289	2304	9
49289	3525	10
49300	581	4
49300	3498	10
49300	957	8
49300	1196	9
49300	657	6
49300	421	9
49300	3182	10
49313	3419	9
49313	315	10
49313	35	9
49313	5353	10
49313	536	10
49314	1259	10
49314	243	7
49314	2920	8
49314	1901	8
49314	5354	9
49314	3093	9
49314	4596	9
49314	5355	10
49314	1923	10
49314	1423	10
49314	4954	10
49314	4156	9
49314	1968	10
49324	4149	10
49324	1586	8
49324	3260	9
49324	1921	10
49324	5356	9
49324	1683	10
49392	5161	9
49392	774	8
49392	1428	9
49392	720	10
49392	1407	9
49392	5357	10
49392	2396	8
49392	284	10
49422	862	8
49422	3517	9
49422	884	8
49422	3119	8
49422	1391	9
49422	586	10
49422	534	7
49422	5358	9
49422	1032	9
49422	70	2
49422	1979	9
49422	3133	8
49422	3236	8
49422	74	8
49422	794	10
49422	1535	9
49422	5203	10
49422	988	8
49422	127	6
49422	2233	8
49422	1402	10
49422	3719	10
49423	5359	9
49423	5044	9
49423	3236	10
49423	4675	10
49423	2773	10
49460	862	9
49460	643	8
49460	1938	8
49460	5360	10
49460	3632	8
49460	182	9
49460	61	7
49460	586	8
49460	5361	10
49460	684	10
49460	4618	9
49460	1709	10
49460	5362	10
49460	4467	10
49460	4699	9
49460	378	9
49460	935	10
49460	3817	9
49460	2232	10
49460	5363	10
49460	513	9
49460	477	10
49460	478	9
49460	2823	10
49460	5364	8
49460	5143	10
49460	5365	10
49460	52	9
49460	1471	9
49460	3148	10
49460	2579	10
49460	2521	10
49460	4509	10
49460	1289	8
49460	1918	10
49460	3103	10
49460	954	10
49460	404	7
49526	5366	9
49526	2062	9
49526	1328	8
49526	1821	8
49526	1329	9
49683	124	2
49683	420	9
49683	4223	9
49683	569	10
49683	4951	10
49771	5102	10
49771	532	9
49771	3805	9
49771	5004	10
49771	165	6
49771	4217	9
49771	5367	9
49771	2125	8
49771	3832	9
49771	4517	9
49771	402	10
49771	4410	10
49771	829	7
49771	1692	9
49771	2382	9
49771	4013	10
49842	2775	10
49842	5368	9
49842	1261	9
49842	971	7
49842	2961	9
49842	3858	10
49842	367	9
49842	3588	10
49842	5369	10
49889	2937	10
49889	4026	9
49889	5370	10
49889	5371	10
49889	4725	9
49889	4642	8
49889	4946	10
49889	2172	9
49889	3460	8
49889	3241	8
49889	2621	10
49889	5372	10
49889	3539	10
49889	1290	10
49900	5373	10
49900	4983	10
49900	5171	10
49900	3848	10
49900	5374	10
49900	5375	9
49900	5376	10
49900	5377	9
49900	5241	10
49900	4888	10
49900	5378	9
49900	4613	9
49900	2389	10
49900	5379	10
49900	4657	10
49900	2624	10
49900	2639	10
49980	581	3
49980	5054	10
49980	1894	8
49980	274	7
49980	397	10
49980	1115	8
49980	1681	10
49980	1431	9
49980	2250	10
49980	70	3
49980	1066	9
49980	1947	8
49980	830	8
49980	4247	10
49980	3110	10
49980	2312	9
49980	285	7
49980	1958	9
49980	3539	9
50073	809	8
50073	287	9
50073	754	10
50073	124	1
50073	3348	9
50073	2278	7
50073	288	10
50073	2555	10
50073	2604	9
50073	3224	9
50073	292	8
50073	1726	10
50073	2511	10
50073	995	10
50073	605	8
50073	2368	10
50073	737	6
50073	5380	10
50073	5381	10
50073	4107	10
50098	1193	9
50098	4007	9
50098	3596	10
50098	1207	9
50098	3944	10
50129	5382	10
50129	5383	9
50129	4626	10
50129	1495	10
50129	2699	9
50129	2695	9
50129	2273	9
50129	5384	9
50129	1614	10
50129	5385	9
50129	5386	8
50129	5214	10
50129	1380	8
50129	1789	9
50130	2829	9
50130	1387	9
50130	605	9
50130	151	10
50130	2235	9
50141	4629	9
50141	5387	10
50141	3169	10
50141	2730	9
50141	178	9
50141	5388	10
50141	646	10
50141	180	9
50141	1322	10
50141	4175	10
50141	528	9
50193	5389	9
50193	1626	8
50193	2233	10
50193	1804	9
50193	390	10
50204	1897	10
50204	1177	10
50204	5390	10
50204	2369	8
50204	1695	10
50204	203	9
50204	285	7
50204	3516	10
50205	5391	10
50205	5392	10
50205	251	10
50205	957	7
50205	70	3
50205	3616	9
50205	5393	10
50205	5121	10
50205	2823	9
50225	5394	10
50225	925	10
50225	3595	9
50225	128	8
50225	317	8
50225	1114	9
50225	2222	10
50225	3119	10
50225	3590	8
50225	5395	9
50225	2000	10
50225	3373	10
50225	5396	10
50225	1774	10
50225	2023	9
50225	235	7
50225	1261	9
50225	414	7
50225	1446	10
50225	294	9
50225	17	9
50225	3012	9
50225	3290	10
50225	2391	10
50225	1530	10
50225	5397	10
50225	4921	9
50225	127	7
50225	98	10
50225	861	9
50225	5398	10
50225	1857	9
50225	1576	10
50225	5399	10
50504	5052	10
50504	384	9
50504	753	10
50504	634	8
50504	2194	10
50504	3480	10
50539	2063	7
50539	645	10
50539	3743	8
50539	348	10
50539	657	6
50612	486	7
50612	5400	10
50612	183	8
50612	1404	9
50612	2044	10
50612	4118	9
50615	3064	6
50615	537	8
50615	5402	10
50615	5403	10
50615	1543	9
50650	357	10
50650	5404	10
50650	1071	7
50650	2799	8
50650	5405	10
50681	4993	9
50681	3528	10
50681	533	7
50681	777	8
50681	68	8
50681	70	2
50681	5406	10
50681	5221	10
50681	2795	9
50681	1854	9
50681	5407	10
50730	5408	10
50730	437	10
50730	3766	9
50730	5409	10
50730	5410	9
50730	83	10
50730	453	10
50730	2948	9
50730	3262	10
50730	3177	9
50730	90	10
50730	4167	10
50730	1838	8
50730	1839	9
50730	3567	9
50730	665	7
50749	5226	10
50749	678	10
50749	5411	9
50749	2137	10
50749	1203	7
50749	4199	9
50749	790	10
50749	102	10
50749	1546	10
50823	4614	10
50823	2590	7
50823	2591	9
50823	2592	10
50823	2637	10
50823	4964	8
50823	5412	10
50823	2594	10
50823	4396	9
50823	4362	10
50823	1733	10
50823	2598	10
50823	5413	9
50823	2600	10
50823	2161	10
50823	2622	9
50849	2502	9
50849	3683	9
50849	2710	10
50849	3385	10
50849	5415	10
50849	5416	10
50849	1804	8
50849	2526	10
50859	816	9
50859	818	10
50859	4498	9
50859	5417	9
50859	5418	8
50859	1016	10
50859	3717	10
50859	5419	10
50895	409	8
50895	531	8
50895	124	2
50895	3934	10
50895	1808	8
50895	3696	10
50895	23	9
50895	5420	9
50895	137	10
50895	4969	9
50895	4075	9
50895	5421	10
50895	70	3
50895	141	10
50895	2726	9
50895	2664	10
50895	142	9
50895	982	8
50895	1344	8
50895	2945	9
50895	4228	10
50895	545	10
50895	145	10
50895	5422	10
50895	546	8
50895	1689	10
50895	3526	10
50895	3401	9
50895	2026	8
50895	3323	10
50895	4333	9
50895	1855	9
50895	1567	10
50895	5423	9
50895	4532	9
50895	5286	7
50895	4799	10
50895	4830	9
50895	5267	10
50895	3861	9
50895	5424	9
50895	148	8
50895	1068	9
50895	5215	10
50895	7	7
50895	33	10
50895	5425	9
50895	3006	10
50895	5426	10
50895	4756	10
50972	447	9
50972	1058	6
50972	575	9
50972	3812	9
50972	614	6
51071	492	9
51071	1292	9
51071	5427	9
51071	325	10
51071	326	9
51082	485	10
51082	334	8
51082	2719	10
51082	4945	9
51082	1602	7
51100	5428	10
51100	1146	9
51100	832	10
51100	5429	10
51100	5430	9
51100	2860	10
51100	2464	8
51207	2872	10
51207	5332	8
51207	2725	10
51207	2064	8
51207	5431	9
51207	1447	10
51207	3093	7
51207	16	10
51207	4051	8
51207	379	6
51207	17	6
51207	4193	9
51252	2170	8
51252	1707	7
51252	158	9
51252	2079	9
51252	5432	9
51252	2099	9
51252	5433	9
51252	971	7
51252	4527	10
51252	294	8
51252	2037	9
51252	1265	9
51252	606	10
51252	5434	10
51252	2563	9
51252	1357	10
51252	268	8
51350	4180	9
51350	4659	10
51350	384	10
51350	1868	10
51350	2445	10
51350	1328	8
51350	216	10
51350	5435	10
51350	5436	10
51350	1307	10
51350	4355	10
51350	684	10
51350	2001	10
51350	1826	10
51350	1518	9
51350	5437	9
51350	4406	9
51350	2992	8
51350	4741	10
51350	168	9
51350	2574	10
51350	5344	9
51350	1626	7
51350	5438	10
51350	4311	9
51350	2979	10
51350	1888	9
51350	829	10
51350	4402	10
51350	3480	9
51359	1772	9
51359	708	9
51359	2881	10
51359	1777	10
51359	3925	10
51359	192	6
51359	1212	8
51364	5439	10
51364	535	10
51364	308	9
51364	614	7
51364	1546	9
51364	5440	9
51365	176	10
51365	884	9
51365	3218	10
51365	4952	9
51365	532	10
51365	1875	9
51365	3293	8
51365	141	8
51365	2719	10
51365	2726	8
51365	1685	10
51365	897	10
51365	1226	9
51365	2367	10
51365	1829	10
51365	2551	10
51365	1068	8
51365	1049	10
51365	34	9
51365	781	6
51386	5346	9
51386	4913	10
51386	5441	8
51386	2378	8
51386	2678	8
51386	5442	10
51403	5443	10
51403	5444	9
51403	1268	10
51403	1743	7
51403	4345	9
51450	1630	8
51450	1253	7
51450	465	4
51450	1652	9
51450	1636	8
51450	1823	9
51450	3982	10
51450	135	8
51450	1307	10
51450	3261	10
51450	2483	9
51450	758	10
51450	5368	10
51450	5445	9
51450	2919	6
51450	3108	9
51450	4805	9
51450	379	8
51450	1529	10
51450	5341	10
51450	218	10
51450	3030	10
51450	367	8
51450	4082	9
51450	764	7
51450	4167	10
51450	1860	9
51450	4010	10
51450	148	10
51450	106	9
51450	2093	9
51450	5446	9
51450	1845	9
51511	3107	10
51511	2805	9
51511	1599	9
51511	1352	10
51511	1380	9
51511	155	10
51526	207	8
51526	4919	8
51526	1634	8
51526	879	9
51526	3119	7
51526	3499	10
51526	1940	9
51526	1941	9
51526	2734	10
51526	165	9
51526	5099	10
51526	340	8
51526	1702	9
51526	1242	8
51526	2856	8
51526	590	6
51526	1209	10
51526	1433	8
51526	5447	9
51526	1574	8
51526	5448	9
51526	1548	9
51526	978	10
51559	3839	9
51559	684	10
51559	165	7
51559	5077	10
51559	1577	9
51559	4106	10
51589	2656	10
51589	5449	10
51589	774	8
51589	1512	8
51589	3530	10
51589	1717	10
51589	932	9
51627	3824	9
51627	981	6
51627	5450	10
51627	992	10
51627	2534	10
51627	2535	9
51627	2536	10
51663	3934	10
51663	5084	10
51663	4958	10
51663	3300	8
51663	5451	10
51665	3193	9
51665	1061	8
51665	5452	10
51665	762	10
51665	5453	10
51665	5336	10
51665	4024	10
51665	2553	10
51665	5454	8
51742	1107	10
51742	1731	8
51742	584	9
51742	1783	9
51742	5455	10
51742	1510	9
51742	1184	10
51742	1898	9
51742	1432	10
51742	3420	10
51742	4016	8
51742	2481	10
51742	1195	10
51742	1320	7
51742	5456	9
51742	347	10
51742	5432	10
51742	5457	9
51742	5458	10
51742	258	9
51742	381	8
51742	801	8
51742	2628	8
51742	5459	9
51742	402	9
51742	5460	9
51742	5461	10
51742	3176	9
51742	803	6
51742	90	7
51742	4793	9
51742	2626	9
51742	1211	9
51742	103	10
51742	2270	9
51742	501	8
51803	616	10
51803	5462	10
51803	5463	9
51803	2097	9
51803	4818	9
51803	608	10
51803	2857	7
51803	2858	9
51803	2859	8
51803	2837	10
51803	2156	9
51803	5464	10
51803	4837	10
51803	4838	10
51803	5273	9
51803	4535	10
51803	8	10
51803	20	6
51805	3568	10
51805	3351	10
51805	1729	9
51805	3029	8
51805	2304	10
51826	1171	9
51826	786	9
51826	1631	8
51826	5465	10
51826	3728	9
51992	4687	10
51992	462	9
51992	3839	10
51992	649	8
51992	5466	9
51992	50	5
51992	957	9
51992	5467	10
51992	5468	10
51992	2225	10
51992	5469	10
51992	4027	8
51992	1102	10
51992	1922	10
51992	5304	10
51992	4301	9
51992	1729	8
51992	1377	7
51992	1203	10
51992	1207	8
51992	3477	9
51992	789	10
51992	1752	10
51992	1233	10
51992	7	9
51992	5197	9
51992	2093	9
51992	5470	9
52002	5102	10
52002	693	5
52002	4942	10
52002	50	5
52002	124	1
52002	5436	10
52002	2193	9
52002	70	2
52002	657	5
52011	463	9
52011	5471	9
52011	5472	10
52011	980	10
52011	2096	10
52011	5474	10
52011	5475	10
52011	5477	10
52011	5479	8
52011	5480	10
52011	467	9
52011	5312	9
52011	3700	10
52011	5481	10
52011	3707	10
52011	3057	8
52011	5482	9
52011	5273	10
52011	3389	8
52011	5483	9
52044	4985	10
52044	5033	9
52044	938	9
52044	1433	9
52141	4061	9
52141	3805	9
52141	3132	9
52141	4133	9
52141	1853	9
52141	4241	9
52159	4272	10
52159	1382	10
52159	77	8
52159	379	8
52159	1690	9
52159	17	9
52159	1855	9
52159	222	8
52159	2795	8
52159	1838	10
52159	2299	9
52159	665	8
52175	1165	9
52175	1699	9
52175	1143	9
52175	2587	10
52175	5484	10
52175	749	10
52175	1207	9
52175	5485	10
52175	5486	9
52175	3243	10
52175	1906	10
52175	5487	10
52175	121	8
52199	1872	9
52199	5488	10
52199	4723	10
52199	774	9
52199	3836	9
52199	707	9
52199	1333	10
52199	628	9
52199	5489	9
52199	2597	10
52199	5490	10
52199	4363	9
52199	2806	9
52199	1756	10
52199	258	9
52199	5491	9
52199	5492	10
52199	2039	10
52199	434	5
52199	2540	10
52199	2471	10
52199	435	10
52199	2472	10
52199	1357	10
52199	3210	9
52199	3903	10
52199	1359	9
52199	4483	9
52199	2135	10
52199	5493	9
52293	5086	9
52293	4493	9
52293	697	10
52293	2910	9
52293	3119	7
52293	18	8
52293	1541	10
52293	781	7
52350	2180	10
52350	2581	10
52350	1143	8
52350	3083	8
52350	2895	10
52350	5002	9
52350	537	9
52350	786	9
52350	2014	9
52350	472	9
52350	340	7
52350	5494	10
52350	1411	9
52350	480	8
52350	481	9
52350	482	8
52350	5495	9
52350	5496	8
52350	2810	10
52350	845	10
52350	5498	10
52350	847	10
52350	5499	10
52350	5483	10
52350	5419	10
52425	581	5
52425	124	3
52425	958	6
52425	1901	10
52425	2672	9
52425	20	6
52472	5500	10
52472	5011	9
52472	3081	9
52472	4214	10
52472	736	10
52472	514	9
52521	4045	9
52521	2122	9
52521	602	10
52521	1421	9
52521	4614	9
52521	2596	10
52521	5501	9
52521	892	9
52521	2080	7
52521	2329	9
52521	376	6
52521	77	7
52521	3369	10
52521	5112	8
52521	2350	9
52521	805	9
52532	1279	10
52532	581	4
52532	243	4
52532	1183	9
52532	5502	9
52584	57	9
52584	153	10
52584	3651	9
52584	429	9
52584	890	9
52584	5503	9
52584	1253	8
52584	3285	9
52584	1086	10
52584	243	6
52584	124	1
52584	3846	10
52584	1700	8
52584	5246	10
52584	652	10
52584	4999	10
52584	3049	9
52584	1026	9
52584	1943	10
52584	1973	8
52584	158	10
52584	1660	8
52584	5504	10
52584	1261	8
52584	1562	10
52584	1196	10
52584	4110	10
52584	5505	9
52584	675	8
52584	2644	9
52584	82	9
52584	279	7
52584	5506	10
52584	657	5
52584	1885	9
52584	2608	10
52584	4379	9
52584	2836	9
52584	4560	8
52584	2217	8
52584	2142	10
52584	2684	10
52584	4037	10
52584	1781	10
52584	3885	9
52584	18	9
52584	5507	10
52584	1266	9
52584	3256	9
52584	5508	10
52584	1574	7
52584	685	10
52584	665	7
52584	3207	8
52584	285	8
52584	352	10
52584	1305	8
52584	1789	10
52584	247	9
52584	2050	8
52584	4352	9
52614	1679	9
52614	2846	10
52614	3152	10
52614	5509	10
52614	2485	9
52614	5510	10
52614	3316	10
52614	3153	10
52614	5181	10
52614	5188	10
52614	5324	9
52614	5511	10
52614	4394	10
52614	1423	10
52614	5512	10
52614	4911	10
52614	4214	9
52614	5513	10
52614	4808	9
52614	738	10
52614	1139	10
52614	3252	10
52614	4657	8
52614	5514	10
52614	5515	10
52614	5516	9
52614	3938	10
52614	2491	8
52670	391	9
52670	3439	10
52670	892	9
52670	1593	10
52853	2219	10
52853	2384	10
52853	4520	9
52853	1873	10
52853	922	10
52853	4580	10
52853	4019	10
52853	3935	10
52853	3474	9
52853	4258	9
52853	1527	10
52853	1851	8
52853	1640	9
52853	1070	9
52853	5117	8
52853	1607	10
52853	3987	9
52853	5517	9
52853	5518	10
52853	5519	9
52853	367	8
52853	4082	10
52853	579	10
52853	3750	10
52853	1385	10
52853	5520	9
52853	5521	9
52853	5347	9
52853	192	8
52853	5522	10
52853	5523	8
52853	4864	10
52853	568	9
52853	5524	10
52853	4647	10
52853	4591	10
52853	5175	10
52853	3006	10
52887	1155	9
52887	3452	10
52887	3887	10
52887	3476	10
52887	1315	10
52917	5525	10
52917	581	6
52917	4545	10
52917	5526	9
52917	5527	9
52917	5528	10
52917	3334	10
52917	3259	10
52917	5529	10
52917	1971	9
52917	3646	9
52917	1086	9
52917	336	10
52917	4085	10
52917	708	8
52917	3544	10
52917	1405	9
52917	5110	8
52917	5530	10
52917	5531	10
52917	628	8
52917	5318	9
52917	5532	10
52917	1520	10
52917	5533	10
52917	5534	9
52917	160	8
52917	2764	9
52917	4303	10
52917	4658	10
52917	380	9
52917	5535	10
52917	730	10
52917	4379	9
52917	5536	10
52917	381	8
52917	3070	8
52917	2424	10
52917	3624	9
52917	3625	9
52917	3326	10
52917	2743	9
52917	5537	10
52917	5538	9
52917	285	8
52917	5539	8
52917	2094	10
52917	1016	10
52917	114	8
52917	2236	10
52917	5540	9
52917	4522	9
52994	981	7
52994	1743	8
52994	606	9
52994	192	8
52994	4483	10
53042	1405	8
53042	4515	10
53042	3765	8
53042	514	10
53042	20	5
53042	157	8
53042	1550	8
53069	643	8
53069	1156	9
53069	650	9
53069	774	9
53069	4790	8
53069	5541	9
53069	2983	9
53069	3811	9
53140	981	7
53140	777	7
53140	4347	10
53140	1576	8
53140	1141	10
53174	5542	9
53174	2451	9
53174	50	5
53174	3083	7
53174	243	5
53174	135	8
53174	2872	10
53174	136	10
53174	2324	8
53174	503	9
53174	537	9
53174	397	9
53174	1295	9
53174	5543	10
53174	777	10
53174	1119	10
53174	2192	9
53174	1186	8
53174	5544	10
53174	2698	10
53174	1196	9
53174	70	4
53174	2003	9
53174	1104	10
53174	1527	9
53174	589	10
53174	1640	10
53174	3457	10
53174	1702	9
53174	4939	10
53174	2064	7
53174	1626	6
53174	1691	8
53174	3586	10
53174	1352	9
53174	606	9
53174	2795	9
53174	1854	9
53174	5545	9
53174	5546	9
53174	3862	9
53174	3790	10
53174	1357	9
53174	3903	9
53174	552	7
53174	4878	10
53174	782	8
53174	2534	7
53174	2535	10
53174	2536	10
53174	5547	10
53174	1817	10
53174	3538	10
53174	5548	10
53220	4014	9
53220	5549	9
53220	493	10
53220	4593	10
53220	249	10
53220	639	9
53220	216	9
53220	4816	10
53220	3218	9
53220	4952	10
53220	3472	9
53220	2278	8
53220	2750	8
53220	5110	10
53220	3291	8
53220	1421	8
53220	3074	10
53220	1309	9
53220	5550	10
53220	4945	10
53220	5551	10
53220	3351	9
53220	5071	10
53220	5159	10
53220	4113	10
53220	347	10
53220	4069	10
53220	4133	10
53220	4612	10
53220	3743	8
53220	78	10
53220	1446	10
53220	2070	7
53220	160	8
53220	144	9
53220	5552	10
53220	893	10
53220	2064	8
53220	5152	9
53220	1565	9
53220	1447	10
53220	2020	8
53220	1882	9
53220	3093	10
53220	16	8
53220	4596	9
53220	1729	9
53220	3745	7
53220	379	7
53220	442	8
53220	1855	8
53220	1567	10
53220	4433	10
53220	1200	10
53220	381	8
53220	894	8
53220	4229	9
53220	4451	10
53220	3356	9
53220	4275	9
53220	179	10
53220	5553	10
53220	3176	10
53220	90	9
53220	1840	9
53220	516	9
53220	3643	8
53220	94	9
53220	342	10
53220	2762	9
53220	5554	10
53220	5555	10
53220	715	7
53220	4202	10
53220	4518	10
53220	1629	10
53220	4145	10
53220	5556	9
53220	4159	9
53220	5557	9
53241	925	9
53241	486	8
53241	862	8
53241	405	8
53241	5558	8
53241	4885	10
53241	50	5
53241	1490	9
53241	652	10
53241	1559	8
53241	5559	9
53241	723	8
53241	3232	10
53241	2357	8
53241	3313	10
53241	52	10
53241	3559	9
53241	5560	10
53241	5561	10
53241	2889	10
53241	3999	10
53241	54	9
53241	5562	10
53256	4720	9
53256	5563	10
53256	5564	8
53256	4096	9
53256	77	8
53256	4122	10
53256	4861	9
53256	3675	10
53256	2293	9
53256	886	10
53256	2217	10
53256	4643	9
53256	268	10
53256	1397	9
53256	2861	9
53256	2158	10
53265	2164	9
53265	2420	9
53265	2947	9
53265	2421	10
53265	2172	10
53265	2424	10
53265	2425	10
53265	2426	10
53278	1019	8
53278	3714	10
53278	581	4
53278	405	9
53278	643	9
53278	2682	10
53278	3188	10
53278	1698	10
53278	2009	10
53278	227	7
53278	5565	10
53278	901	9
53278	2975	10
53278	433	9
53278	2823	9
53278	5566	10
53278	1641	9
53278	5567	10
53278	2156	10
53278	5568	10
53278	1219	9
53278	3470	9
53278	564	9
53304	879	9
53304	335	10
53304	531	9
53304	1387	8
53304	1230	9
53304	1794	10
53304	70	1
53304	1198	8
53304	4945	9
53304	346	10
53304	2725	8
53304	5422	9
53304	3526	8
53304	3461	10
53304	5569	9
53304	4854	10
53304	5203	10
53304	4686	10
53304	4464	10
53304	2889	10
53365	432	10
53365	3565	8
53365	221	9
53365	3280	8
53365	2865	10
53365	5570	10
53392	581	5
53392	1118	9
53392	1510	7
53392	2480	10
53392	1185	10
53392	1058	6
53392	1191	9
53392	575	8
53392	691	9
53392	5571	10
53392	1200	10
53392	1241	10
53392	4572	10
53392	3613	10
53392	1961	8
53408	1166	10
53408	5572	10
53408	70	5
53408	477	10
53408	5573	10
53414	1247	10
53414	124	3
53414	4182	9
53414	2881	7
53414	1181	10
53414	3612	9
53414	2407	10
53414	3533	10
53414	2413	9
53414	2362	7
53418	581	6
53418	492	9
53418	727	9
53418	981	9
53418	777	6
53418	5574	10
53418	432	9
53418	1269	9
53418	1743	8
53418	657	6
53418	4507	10
53418	2577	10
53418	4438	10
53418	2795	8
53418	5575	9
53418	4591	9
53418	1789	8
53418	2007	10
53456	2918	7
53456	274	5
53456	3451	9
53456	5576	10
53456	5577	9
53456	2291	10
53456	730	9
53456	1946	10
53456	620	9
53456	912	8
53456	590	6
53456	1411	8
53456	127	7
53456	1068	8
53456	4905	10
53520	4045	10
53520	3743	9
53520	1727	8
53520	893	9
53520	1728	9
53520	4345	9
53520	5578	9
53520	161	8
53575	867	9
53575	707	8
53575	257	9
53575	784	8
53575	1961	9
53575	2745	10
53590	693	7
53590	406	7
53590	36	8
53590	1428	7
53590	2044	8
53590	1898	9
53590	3306	9
53590	413	10
53590	3518	9
53590	2834	9
53590	2015	10
53590	5579	9
53590	5580	10
53590	633	9
53590	495	9
53605	2801	9
53605	755	10
53605	4110	10
53605	2080	8
53605	279	8
53605	191	10
53605	3643	8
53605	342	10
53614	4084	7
53614	5581	10
53614	4221	10
53614	274	8
53614	3306	8
53614	1561	9
53614	3074	10
53614	2848	8
53614	4111	10
53614	971	8
53614	1743	8
53614	77	9
53614	2070	9
53614	17	8
53614	2215	10
53614	4573	10
53614	1983	9
53614	2345	8
53614	1067	10
53614	2113	9
53614	2713	8
53614	1434	9
53614	2579	10
53628	3019	10
53628	2473	9
53628	3020	9
53628	5582	9
53628	3512	10
53628	3493	9
53628	1158	9
53628	4423	10
53628	3345	10
53663	165	8
53663	1743	7
53663	144	9
53663	4333	10
53663	3502	9
53663	4678	10
53664	219	8
53664	220	10
53664	221	10
53664	3416	8
53664	3325	9
53664	3858	8
53664	2350	10
53664	5583	9
53664	3588	9
53664	5425	10
53664	1615	10
53729	5584	10
53729	2954	10
53729	5585	9
53729	5586	9
53729	227	7
53729	5587	9
53729	1504	10
53729	124	2
53729	4085	9
53729	3229	9
53729	70	3
53729	5588	10
53729	1460	9
53729	2458	10
53729	934	6
53729	2281	10
53729	1749	10
53729	5059	10
53729	630	9
53729	5589	9
53729	205	10
53846	428	10
53846	4942	10
53846	1771	10
53846	981	9
53846	5223	10
53846	5114	10
53846	431	9
53846	4134	10
53846	451	6
53846	2319	10
53846	213	9
53846	2200	9
53846	5590	10
53846	404	6
54072	1823	10
54072	1883	7
54072	3558	10
54072	1664	10
54072	2795	10
54072	4925	8
54193	1648	8
54193	4404	10
54193	407	9
54193	2919	7
54193	192	8
54193	2915	9
54193	3480	8
54193	5591	9
54206	5592	10
54206	5016	10
54206	3586	9
54206	5593	10
54206	989	10
54206	1911	9
54206	1134	10
54222	150	10
54222	1493	9
54222	717	9
54222	5594	9
54222	5595	10
54283	1554	9
54283	449	10
54283	5596	9
54283	999	10
54283	614	6
54283	1273	9
54290	4779	10
54290	1011	8
54290	1600	9
54290	477	9
54290	3765	8
54290	1082	10
54335	5597	10
54335	5598	10
54335	1056	9
54335	3934	10
54335	5599	9
54335	1683	10
54335	1373	10
54335	141	10
54335	4133	7
54335	1526	9
54335	341	7
54335	451	5
54335	144	10
54335	51	7
54335	1690	10
54335	256	10
54335	5048	10
54335	310	10
54335	5121	10
54335	224	10
54335	225	8
54335	4115	9
54335	5600	9
54335	127	5
54335	1068	9
54335	1714	9
54335	4756	10
54335	404	8
54335	5601	10
54374	3375	10
54374	2232	8
54374	831	10
54374	1642	10
54374	1844	9
54453	503	7
54453	1115	8
54453	1117	8
54453	4452	9
54453	5602	10
54453	4109	10
54453	5123	10
54453	5604	9
54453	5605	8
54453	20	6
54492	2676	10
54492	3088	10
54492	2863	9
54492	3589	10
54492	4172	10
54492	5606	8
54492	5607	10
54512	3335	9
54512	5608	9
54512	2103	10
54512	4831	10
54547	3334	8
54547	5609	10
54547	1382	10
54547	4541	9
54578	469	8
54578	5610	9
54578	2898	8
54578	3216	9
54578	1251	9
54605	1115	8
54605	4218	9
54605	610	10
54605	2344	10
54605	3361	9
54605	560	8
54605	285	5
54605	1789	9
54622	2583	10
54622	5611	9
54622	1387	9
54622	1229	9
54622	1707	9
54622	4452	8
54622	628	8
54622	4611	9
54622	1043	9
54622	5612	10
54622	3133	10
54622	195	6
54622	2064	8
54622	578	10
54622	2611	9
54622	1750	9
54622	5613	10
54622	3214	8
54622	3176	8
54622	5614	10
54622	2826	9
54622	4426	10
54622	2639	9
54624	4001	9
54624	113	8
54624	3717	10
54624	242	9
54624	1919	10
54652	5061	8
54652	360	9
54652	3134	8
54652	474	10
54652	2316	10
54652	611	9
54652	1714	10
54652	2158	9
54817	3089	10
54817	4373	8
54817	5615	10
54817	3562	9
54884	2080	8
54884	4219	9
54884	77	9
54884	5616	9
54884	414	6
54884	997	9
54884	4560	9
54884	613	7
54884	500	9
54884	716	10
54884	2579	7
54898	183	10
54898	3064	8
54898	537	8
54898	2478	10
54898	1638	10
54898	5617	9
54898	703	10
54898	589	8
54898	3885	8
54898	240	7
54898	1396	10
54898	1671	10
54898	2007	9
54911	879	8
54911	5618	10
54911	701	10
54911	5619	10
54911	621	8
54911	54	9
54968	5620	10
54968	2269	10
54968	1898	8
54968	744	9
54968	2912	8
54968	3666	10
54968	436	9
55006	1490	8
55006	243	5
55006	397	10
55006	1773	6
55006	2329	10
55006	1382	10
55006	589	9
55006	577	10
55006	738	10
55006	1746	9
55006	2413	6
55027	2384	8
55027	1055	8
55027	5348	10
55027	70	3
55027	140	9
55027	1309	10
55027	5076	8
55027	4320	8
55027	3132	10
55027	997	8
55027	451	7
55027	145	8
55027	781	7
55065	1094	9
55065	1441	10
55065	2084	10
55065	1006	9
55065	1380	9
55075	3504	10
55075	3117	9
55075	406	8
55075	534	9
55075	2224	10
55075	1186	8
55075	158	9
55075	702	9
55075	4552	9
55075	4286	10
55075	68	10
55075	1527	9
55075	5621	8
55075	380	9
55075	4558	10
55075	440	9
55075	1947	9
55075	2015	10
55075	5622	8
55075	4102	10
55075	5623	9
55075	5624	10
55075	2685	9
55097	800	6
55097	707	8
55097	2141	10
55097	5417	10
55097	5625	9
55142	4822	9
55142	2363	10
55142	4372	10
55142	643	8
55142	3840	8
55142	511	10
55142	1249	9
55142	3723	8
55142	3135	10
55142	688	9
55142	4717	9
55142	1360	8
55142	5626	10
55178	5627	9
55178	503	8
55178	689	10
55178	339	9
55178	340	7
55178	1226	10
55178	2897	10
55178	1264	10
55178	4693	10
55178	630	9
55178	1126	10
55178	1803	10
55178	1360	9
55178	5628	10
55178	2313	10
55178	1602	8
55178	3657	9
55187	1247	9
55187	1554	9
55187	2971	7
55187	808	10
55187	1085	10
55187	1634	7
55187	5296	10
55187	1872	8
55187	4181	8
55187	4283	9
55187	946	9
55187	2279	10
55187	3983	10
55187	1334	10
55187	2601	10
55187	1122	10
55187	72	7
55187	2847	10
55187	2788	8
55187	2510	10
55187	934	6
55187	5629	10
55187	2951	7
55187	379	9
55187	657	6
55187	2215	8
55187	1423	10
55187	1410	10
55187	2928	10
55187	2514	10
55187	1571	9
55187	267	9
55187	1433	10
55187	614	5
55187	103	9
55187	2362	9
55187	784	9
55187	4235	10
55187	20	8
55187	2469	9
55187	5570	10
55187	4086	9
55187	1141	9
55270	1597	8
55270	5630	8
55270	3431	10
55270	5631	10
55270	2035	10
55270	5632	9
55272	2359	10
55272	5633	10
55272	5634	9
55272	5635	10
55272	722	10
55272	5636	10
55272	2319	10
55272	285	7
55272	3005	10
55272	4837	9
55272	4139	10
55398	573	7
55398	720	8
55398	5637	10
55398	4571	9
55398	2037	8
55398	3010	10
55398	5216	10
55398	5638	9
55438	2031	9
55438	1499	10
55438	1500	10
55438	3669	10
55438	243	7
55438	124	2
55438	629	9
55438	3745	9
55438	4572	10
55438	5625	9
55438	3979	9
55438	612	10
55438	423	9
55438	1602	7
55438	2676	10
55438	1603	9
55438	5639	8
55438	1579	10
55441	124	1
55441	1196	9
55441	236	8
55441	2035	9
55441	4443	10
55441	425	10
55441	1219	8
55487	3932	10
55487	2848	8
55487	3634	9
55487	5640	10
55487	379	9
55487	4333	10
55487	4451	10
55487	262	9
55487	3660	9
55487	3216	9
55492	3928	9
55492	5641	9
55492	643	7
55492	2766	10
55492	1171	10
55492	2918	9
55492	1506	10
55492	3472	10
55492	5643	10
55492	5489	10
55492	158	9
55492	5644	9
55492	4970	9
55492	140	9
55492	1309	10
55492	388	9
55492	4651	8
55492	471	8
55492	472	9
55492	341	8
55492	1640	9
55492	1013	10
55492	3987	8
55492	1071	9
55492	886	8
55492	1831	10
55492	590	6
55492	2844	10
55492	280	10
55492	2423	9
55492	5645	9
55492	5646	10
55492	3231	9
55492	621	10
55492	2928	10
55492	5072	10
55492	1537	10
55492	434	6
55492	597	10
55492	1812	8
55492	4886	10
55492	5485	10
55492	2886	10
55492	3694	8
55492	2236	10
55492	2158	9
55493	666	9
55493	2934	10
55493	1172	10
55493	5647	9
55493	2829	9
55493	5184	9
55493	2649	10
55493	1773	7
55493	1058	7
55493	5649	10
55493	1159	9
55493	319	9
55493	2139	10
55493	2919	7
55493	5534	9
55493	2877	9
55493	3745	9
55493	246	8
55493	813	9
55493	1800	8
55493	877	9
55493	5651	10
55493	3031	9
55493	5652	9
55493	5164	10
55493	3202	10
55493	326	10
55493	780	9
55493	1765	10
55493	501	9
55493	152	9
55548	581	6
55548	1634	10
55548	465	5
55548	5463	9
55548	1079	10
55548	5653	10
55548	5654	10
55548	5655	8
55548	5656	9
55548	5124	10
55548	934	7
55548	2765	10
55548	2922	10
55548	3718	9
55548	2821	9
55548	2822	10
55548	2179	10
55548	112	10
55548	3331	8
55559	1296	9
55559	5658	10
55559	5659	10
55559	1696	9
55562	692	10
55562	3570	10
55562	1530	9
55562	1664	10
55607	5408	9
55607	1382	10
55607	4133	9
55607	414	7
55607	160	8
55607	2764	9
55607	801	10
55607	265	9
55607	715	10
55607	908	9
55631	1747	9
55631	2921	8
55631	2922	10
55631	1612	10
55631	3586	10
55631	2713	8
55631	1576	10
55631	4828	10
55655	1557	10
55655	1179	8
55655	613	7
55655	213	10
55655	314	10
55734	503	10
55734	274	4
55734	2226	8
55734	2594	9
55734	5660	9
55734	5551	10
55734	1382	8
55734	971	7
55734	1743	9
55734	2913	9
55734	4432	10
55734	2026	8
55734	5661	9
55734	5133	9
55734	3948	10
55734	831	9
55734	329	9
55734	2108	10
55751	315	10
55751	581	5
55751	3113	9
55751	243	6
55751	2324	10
55751	412	10
55751	1190	9
55751	319	10
55751	4040	9
55751	3055	10
55751	4531	9
55751	1205	8
55751	3415	10
55751	3775	10
55751	3198	10
55751	3442	8
55751	1816	10
55751	2679	9
55779	4776	10
55779	5011	8
55779	760	9
55779	5452	10
55779	1242	8
55779	2362	9
55787	428	8
55787	1554	9
55787	3775	8
55787	1968	10
55787	192	7
55787	1212	7
55787	2579	8
55787	1602	10
55789	50	6
55789	1942	9
55789	775	10
55789	981	6
55789	3269	9
55789	5662	10
55789	1407	8
55789	895	9
55789	170	8
55789	2692	8
55789	5663	10
55799	3520	10
55799	50	5
55799	391	8
55799	1428	8
55799	1183	9
55799	2279	9
55799	5550	10
55799	589	8
55799	1851	7
55799	937	10
55799	259	9
55799	2883	10
55799	41	7
55799	549	9
55799	2404	10
55799	4193	9
55799	1302	9
55799	1273	9
55799	5568	10
55799	2093	9
55799	991	9
55826	3427	9
55826	2044	9
55826	1103	10
55826	552	7
55826	3027	9
55858	6	10
55858	4432	10
55858	5665	10
55858	3093	8
55858	578	8
55858	2217	8
55858	5666	8
55858	1840	10
55858	516	9
55858	2103	10
55858	1572	10
55858	1909	10
55858	1251	10
55892	5641	10
55892	4342	10
55892	4487	10
55892	643	8
55892	3186	8
55892	2682	9
55892	2494	10
55892	5627	10
55892	458	8
55892	5633	10
55892	4952	9
55892	531	9
55892	4061	8
55892	1381	10
55892	1522	10
55892	1927	10
55892	69	10
55892	1393	10
55892	1060	10
55892	25	9
55892	3711	10
55892	896	9
55892	1743	8
55892	82	10
55892	886	8
55892	794	9
55892	2562	9
55892	5276	10
55892	606	10
55892	5351	10
55892	5364	10
55892	736	9
55892	5667	9
55892	1692	10
55892	4749	10
55892	5000	10
55892	5668	10
55892	1215	10
55892	155	9
55892	3708	10
55892	955	10
55892	5669	9
55927	1167	10
55927	4782	9
55927	5670	10
55927	486	6
55927	5671	9
55927	5672	10
55927	3317	10
55927	5673	10
55927	124	1
55927	901	10
55927	5468	9
55927	70	1
55927	1776	10
55927	4620	10
55927	5254	10
55927	1411	8
55927	622	9
55927	2266	9
55927	2540	9
55927	5298	10
55927	127	6
55927	614	6
55927	2005	9
55927	2119	9
55927	882	8
55927	3525	10
55927	5674	10
55927	1	10
55961	581	6
55961	707	9
55961	1268	8
55961	5675	9
55961	5676	8
56157	890	9
56157	5408	10
56157	2147	10
56157	3770	10
56157	1236	9
56157	3209	10
56157	3678	9
56157	1433	8
56246	3255	10
56246	5677	10
56246	4662	9
56246	588	9
56246	160	6
56246	5093	9
56246	978	10
56272	1940	10
56272	61	8
56272	1089	9
56272	1944	9
56272	1033	9
56272	5678	8
56272	4530	10
56272	5679	10
56272	4145	9
56307	176	10
56307	3783	9
56307	21	8
56307	1586	9
56307	216	9
56307	2001	8
56307	5680	10
56307	5681	10
56307	4672	10
56307	4150	9
56307	1526	10
56307	169	6
56307	195	8
56307	178	9
56307	3502	10
56307	256	8
56307	3086	9
56307	5682	10
56307	2304	9
56307	3650	9
56307	4241	10
56307	191	10
56307	3660	10
56307	519	8
56307	445	9
56307	5683	9
56307	770	7
56307	5684	10
56307	5659	9
56307	4936	9
56307	2134	9
56307	4637	10
56307	3864	9
56307	5685	10
56315	1555	10
56315	3050	9
56315	801	9
56315	259	8
56315	331	10
56315	4159	10
56369	4512	10
56369	4338	10
56369	1718	9
56369	4037	10
56391	581	5
56391	486	6
56391	59	8
56391	15	10
56391	182	8
56391	3701	10
56391	1978	10
56391	69	8
56391	4071	10
56391	787	9
56391	4218	10
56391	5283	8
56391	2579	9
56391	1069	9
56391	1322	9
56391	3151	10
56391	4197	8
56391	3719	10
56554	3141	8
56554	3142	9
56554	3244	10
56554	1390	9
56554	1253	8
56554	2188	7
56554	465	5
56554	1055	8
56554	4952	9
56554	1331	9
56554	1772	8
56554	1025	10
56554	1027	9
56554	2479	9
56554	4231	10
56554	3920	10
56554	1235	10
56554	1028	10
56554	667	10
56554	3598	8
56554	4780	9
56554	5186	10
56554	5150	9
56554	2782	9
56554	3921	10
56554	1656	9
56554	4295	9
56554	1657	10
56554	5687	9
56554	1029	9
56554	5688	10
56554	2159	9
56554	2785	10
56554	880	10
56554	2078	10
56554	140	8
56554	141	8
56554	1309	9
56554	1393	8
56554	388	8
56554	3235	9
56554	3084	9
56554	3564	8
56554	1563	10
56554	1689	9
56554	1626	4
56554	279	9
56554	620	8
56554	1759	10
56554	2692	7
56554	1589	10
56554	3415	10
56554	5689	9
56554	1315	9
56554	41	8
56554	5690	10
56554	685	10
56554	5425	9
56554	1857	9
56554	3480	8
56554	4625	9
56554	1397	9
56554	3112	10
56554	4196	9
56554	3534	9
56554	5691	9
56554	1673	9
56554	2680	9
56554	4118	10
56554	5692	9
56554	5591	8
56554	1959	9
56623	1630	8
56623	2478	8
56623	2662	9
56623	482	8
56623	5693	10
56625	2325	9
56625	169	5
56625	4979	10
56625	5321	10
56625	3729	9
56654	1586	9
56654	124	1
56654	1942	10
56654	1716	8
56654	1691	9
56654	4088	10
56654	3537	9
56654	3227	8
56661	695	10
56661	5694	10
56661	3108	10
56661	415	10
56661	2883	10
56661	5695	8
56661	4443	9
56661	607	10
56661	421	7
56661	298	10
56661	2144	8
56663	5696	10
56663	971	7
56663	169	7
56663	3690	10
56663	2788	9
56663	328	10
56804	3142	8
56804	581	3
56804	405	9
56804	407	6
56804	1174	10
56804	182	8
56804	1428	7
56804	2356	9
56804	308	9
56804	934	7
56804	657	6
56804	1887	10
56804	2792	10
56804	5697	10
56804	5698	10
56804	3991	10
56804	2404	10
56804	614	7
56804	54	10
56804	953	9
56804	978	10
56856	883	8
56856	5699	10
56856	4998	8
56856	5700	10
56856	4281	9
56856	533	6
56856	5563	9
56856	5701	10
56856	2925	10
56856	628	10
56856	2014	9
56856	72	7
56856	1236	9
56856	971	7
56856	170	8
56856	6	8
56856	1269	9
56856	1743	6
56856	77	10
56856	657	7
56856	4665	10
56856	712	8
56856	912	9
56856	5593	9
56856	5553	10
56856	2011	9
56856	5201	10
56856	1617	9
56856	1812	9
56856	3790	9
56856	2552	9
56856	3256	7
56856	240	6
56856	3207	10
56856	5702	8
56856	1552	8
56905	1011	9
56905	3322	8
56905	3135	9
56905	5388	10
56905	834	9
56917	5703	8
56917	2939	9
56917	776	9
56917	3661	9
56917	3727	9
56917	3135	10
56985	5002	10
56985	2123	9
56985	5704	10
56985	918	9
56985	919	9
56985	4897	10
57095	800	9
57095	5	8
57095	2063	8
57095	4061	9
57095	68	8
57095	974	9
57095	474	8
57095	2233	9
57105	428	10
57105	3815	10
57105	2918	9
57105	2269	10
57105	537	10
57105	1117	7
57105	70	2
57105	1616	7
57105	1226	9
57105	87	8
57105	4454	10
57105	367	9
57105	2119	9
57105	2007	10
57108	1806	9
57108	1109	8
57108	243	6
57108	1337	10
57108	68	9
57108	5705	9
57108	4770	9
57108	732	10
57108	2015	7
57124	884	8
57124	1652	9
57124	1682	10
57124	70	3
57124	102	10
57124	43	10
57200	5706	9
57200	3520	8
57200	2032	10
57200	5610	8
57200	196	10
57200	3558	10
57200	5707	10
57234	5708	9
57234	496	10
57234	5709	10
57234	891	9
57234	5592	9
57234	2373	10
57234	239	9
57234	3182	10
57234	1574	7
57234	637	8
57234	1084	9
57255	2063	9
57255	5711	10
57255	5712	9
57255	5335	9
57255	2947	10
57255	5713	10
57255	5714	10
57267	1898	8
57267	1185	8
57267	5629	10
57267	2019	9
57267	590	9
57269	1329	10
57269	754	10
57269	1941	8
57269	938	10
57269	1082	10
57302	981	7
57302	245	10
57302	4071	7
57302	4571	9
57302	1854	9
57302	2199	10
57369	59	7
57369	557	8
57369	4487	9
57369	1295	10
57369	5112	9
57398	1630	8
57398	581	3
57398	3064	8
57398	2478	9
57398	776	9
57398	742	7
57398	2706	6
57398	1042	10
57398	344	10
57398	4398	9
57398	892	10
57398	5715	9
57398	1002	9
57398	2329	9
57398	1045	10
57398	338	6
57398	4302	8
57398	432	9
57398	1527	9
57398	934	8
57398	4658	9
57398	3401	10
57398	5457	10
57398	3622	8
57398	3623	9
57398	3070	10
57398	3691	9
57398	4323	10
57398	3624	10
57398	221	9
57398	4973	10
57398	434	6
57398	1048	8
57398	5716	9
57398	1961	10
57398	2745	10
57449	227	6
57449	2296	9
57449	93	9
57449	5717	10
57449	4961	8
57599	1940	10
57599	727	10
57599	535	9
57599	5718	9
57599	1058	7
57599	235	7
57599	70	4
57599	363	10
57599	886	8
57599	2407	9
57599	592	7
57599	624	9
57599	1753	10
57599	716	7
57599	240	8
57620	741	8
57620	50	5
57620	5719	9
57620	2138	10
57620	235	9
57632	5720	10
57632	2819	10
57632	2848	7
57632	997	7
57632	3608	10
57713	4108	9
57713	5044	10
57713	4238	10
57713	3273	9
57713	1382	9
57713	2335	10
57713	5047	9
57713	5721	9
57725	5055	9
57725	4221	10
57725	124	1
57725	3373	9
57725	337	9
57725	2191	9
57725	5722	9
57725	538	9
57725	2663	9
57725	2504	10
57725	5710	10
57725	4873	10
57725	2885	9
57725	664	9
57725	425	10
57725	2685	10
57725	5723	9
57725	3482	10
57725	1673	10
57725	4250	10
57833	5316	10
57833	5724	9
57833	348	10
57833	379	9
57833	5725	9
57833	2345	10
57920	581	5
57920	4869	10
57920	3032	10
57920	1856	10
57920	5547	9
57920	2991	7
57935	358	10
57935	1795	10
57935	363	10
57935	5726	10
57935	5727	9
57935	1219	8
57959	5728	9
57959	1102	9
57959	74	7
57959	2951	10
57959	5729	9
57959	1000	10
57960	4127	10
57960	5730	10
57960	3973	9
57960	4571	9
57960	2579	10
57976	3584	8
57976	2000	9
57976	5335	9
57976	4407	10
57976	4532	10
57976	606	9
57976	4988	9
57976	996	8
57976	2857	10
57976	737	9
57976	518	10
57976	3775	7
57976	5650	10
57976	5554	10
57976	3588	8
57976	54	10
58062	1331	9
58062	4108	9
58062	2253	9
58062	2064	9
58062	4596	9
58062	5731	10
58062	2130	10
58062	4895	9
58062	3763	10
58142	720	10
58142	777	7
58142	3271	9
58142	5444	10
58142	2472	10
58142	5732	10
58151	1851	8
58151	2340	9
58151	2091	10
58151	5733	10
58151	175	8
58224	895	9
58224	2026	7
58224	379	8
58224	380	8
58224	179	7
58224	4606	10
58224	106	10
58224	2134	9
58255	3260	8
58255	4359	9
58255	5317	10
58255	4150	10
58255	5734	9
58255	1388	10
58255	3488	10
58255	340	9
58255	5735	10
58255	5229	9
58255	687	9
58255	5324	10
58255	219	10
58255	1923	8
58255	4082	9
58255	224	8
58255	225	9
58255	5736	10
58342	1372	8
58342	5737	10
58342	2720	10
58342	434	4
58342	157	7
58342	1818	10
58342	404	6
58351	777	9
58351	969	10
58351	2172	9
58351	4604	8
58351	3177	9
58351	3442	9
58389	446	8
58389	486	8
58389	124	1
58389	183	8
58389	1626	7
58389	3942	10
58389	203	10
58458	2946	10
58458	1479	9
58458	88	10
58458	4423	9
58458	3345	9
58458	2564	10
58458	4995	9
58497	79	9
58497	729	9
58497	263	10
58497	2077	8
58497	681	10
58529	463	10
58529	2450	10
58529	2451	9
58529	2452	10
58529	2453	9
58529	2454	8
58529	1186	7
58529	5397	10
58529	1355	10
58529	4604	8
58529	4170	9
58529	953	9
58594	1495	9
58594	3259	9
58594	1634	8
58594	2918	9
58594	3766	8
58594	4015	10
58594	1443	10
58594	344	8
58594	1158	10
58594	1520	10
58594	748	10
58594	360	9
58594	5738	9
58594	5739	10
58594	1446	9
58594	3641	9
58594	5276	10
58594	3556	9
58594	5740	9
58594	5603	10
58594	222	10
58594	3015	9
58594	5741	9
58594	3862	10
58594	5742	10
58594	613	7
58594	5743	10
58594	5227	9
58594	5626	10
58594	888	10
58594	1084	9
58612	3348	9
58612	3848	8
58612	5744	10
58612	3286	10
58612	2961	10
58612	2070	7
58612	4903	10
58612	605	9
58612	962	9
58612	2928	10
58612	3998	8
58612	1761	10
58708	5745	9
58708	1996	10
58708	3322	10
58708	1269	10
58708	2898	9
58768	5191	9
58768	3761	9
58768	4913	10
58768	4445	10
58768	4446	9
58768	2113	10
58768	5539	8
58768	5595	9
58792	5746	10
58792	4841	9
58792	1938	9
58792	4318	9
58792	578	10
58792	3712	10
58792	4534	10
58792	1990	9
58877	4816	9
58877	3500	10
58877	5159	10
58877	641	9
58877	4133	10
58877	1883	9
58877	2022	10
58877	2071	10
58877	5747	9
58911	1259	9
58911	124	1
58911	4183	9
58911	141	8
58911	4007	10
58911	459	9
58911	3223	10
58911	5748	10
58961	5749	9
58961	3825	10
58961	3131	10
58961	4818	10
58961	4642	10
58961	5750	10
58961	5751	10
58961	5752	9
58961	5753	9
58961	5754	8
58961	3173	10
58961	921	10
58961	117	9
58964	5755	10
58964	1679	9
58964	2354	7
58964	1744	9
58964	1540	10
58964	404	8
58964	3539	8
59038	2445	10
59038	1248	10
59038	3669	10
59038	971	8
59038	169	5
59038	1268	8
59038	170	7
59038	2691	9
59038	934	7
59038	2929	10
59038	34	10
59038	456	10
59059	5756	9
59059	5477	9
59059	4027	8
59059	4096	10
59059	4122	10
59059	3109	8
59059	3524	9
59059	1410	9
59059	4862	10
59059	1385	9
59059	5757	9
59059	107	10
59059	3388	9
59150	2545	8
59150	2583	8
59150	3946	9
59150	533	7
59150	2387	8
59150	432	10
59150	1527	8
59150	1268	8
59150	1743	7
59150	5758	9
59150	5759	9
59150	1038	9
59150	2823	7
59150	831	8
59150	1492	8
59150	4606	10
59150	2751	10
59150	3256	10
59150	206	9
59150	4227	8
59172	5760	10
59172	1556	9
59172	3543	10
59172	2323	9
59172	777	8
59172	3049	9
59172	3192	9
59172	5762	10
59172	4971	10
59172	5763	10
59172	4046	10
59172	5283	9
59172	4549	10
59172	5764	10
59172	4212	8
59172	896	8
59172	2632	10
59172	4343	10
59172	2605	9
59172	3571	9
59172	1778	9
59172	760	10
59172	5766	8
59172	3734	10
59172	5767	10
59172	3082	10
59172	934	8
59172	3195	10
59172	4213	9
59172	762	9
59172	3093	9
59172	3942	9
59172	2211	10
59172	1264	8
59172	2341	9
59172	418	9
59172	3974	10
59172	3302	10
59172	474	9
59172	1759	8
59172	4572	8
59172	2217	9
59172	2814	10
59172	265	9
59172	367	8
59172	5768	10
59172	1751	10
59172	5605	10
59172	198	9
59172	661	10
59172	2110	10
59172	4574	9
59172	1270	9
59172	2808	10
59172	4447	10
59172	1271	10
59172	1842	10
59172	1668	10
59172	3552	9
59172	506	10
59172	4845	9
59172	5769	9
59172	5770	9
59172	5771	10
59172	858	10
59172	270	9
59180	4268	10
59180	5057	9
59180	5772	9
59180	5773	10
59180	129	10
59180	2881	9
59180	4222	9
59180	308	7
59180	1562	10
59180	39	10
59180	193	10
59189	5251	10
59189	1341	9
59189	1342	10
59189	2253	9
59189	3355	10
59189	803	8
59189	4214	10
59189	239	10
59189	5774	9
59189	5775	9
59189	4204	10
59189	5198	9
59189	5776	9
59206	36	10
59206	1898	10
59206	291	10
59206	3168	10
59206	3779	9
59209	5777	9
59209	776	9
59209	169	6
59209	1268	7
59209	1743	7
59209	1205	9
59209	2620	9
59209	2932	9
59209	2362	9
59209	1418	10
59209	352	8
59209	2744	8
59209	5638	10
59209	2749	9
59209	4469	10
59267	1253	10
59267	4252	10
59267	3425	10
59267	3260	9
59267	931	9
59267	451	7
59267	2357	10
59267	5778	10
59267	1738	9
59267	4206	10
59267	1849	9
59269	580	10
59269	627	7
59269	3654	8
59269	5033	9
59269	3457	9
59269	1071	6
59269	3483	9
59269	3484	9
59269	3485	10
59269	3486	10
59269	4560	8
59269	3753	10
59269	2697	10
59269	2712	10
59269	2665	10
59269	2376	9
59269	2348	9
59269	1493	9
59269	326	10
59269	151	10
59269	2749	8
59269	1217	10
59269	5779	10
59305	1108	10
59305	406	10
59305	2750	9
59305	4780	9
59305	1058	6
59305	1686	9
59305	552	8
59305	5780	10
59305	665	7
59390	59	8
59390	536	8
59390	1441	7
59390	1442	10
59390	5781	9
59390	2726	9
59390	1525	9
59390	1382	9
59390	1626	8
59390	279	9
59390	3354	9
59390	3589	9
59499	409	7
59499	754	10
59499	2023	9
59499	1901	7
59499	3232	10
59499	1289	8
59499	495	9
59499	4829	7
59504	566	9
59504	868	10
59504	5782	10
59504	4991	8
59504	3374	9
59504	241	10
59504	3535	10
59554	3652	9
59554	165	9
59554	5783	10
59554	41	7
59612	693	8
59612	586	9
59612	1773	8
59612	1186	9
59612	1064	7
59612	912	8
59612	552	9
59612	2362	9
59612	2991	6
59656	153	10
59656	891	10
59656	235	6
59656	25	10
59656	3874	8
59656	2129	10
59656	2368	10
59656	18	9
59656	1541	10
59656	241	7
59656	5784	10
59656	4840	10
59656	4722	10
59727	2919	7
59727	1902	10
59727	5785	10
59727	3136	9
59727	1447	10
59727	4676	10
59727	1264	9
59727	4571	8
59727	2214	8
59727	5786	9
59727	478	9
59727	1353	10
59727	5787	9
59727	646	10
59727	3197	10
59727	5788	10
59727	5789	10
59727	3814	10
59770	5086	9
59770	1228	10
59770	2121	10
59770	184	10
59770	1179	8
59770	2707	9
59820	274	7
59820	1115	8
59820	1117	7
59820	1118	8
59820	246	8
59820	5790	10
59820	5498	8
59895	5791	10
59895	50	5
59895	4980	9
59895	5792	10
59895	1713	9
59912	227	5
59912	4230	10
59912	4388	9
59912	1875	10
59912	5793	10
59912	5794	9
59912	1203	7
59912	949	8
59912	3765	10
59912	3643	9
59912	518	10
59912	434	6
59912	483	10
59933	5795	10
59933	981	7
59933	707	10
59933	3169	10
59933	4668	7
59933	886	7
59933	1128	10
59971	1284	7
59971	1645	10
59971	61	6
59971	1287	10
59971	4646	9
59971	805	7
59971	784	8
59971	1369	10
59971	4099	9
59971	5796	8
60029	50	5
60029	4615	10
60029	2171	8
60029	1375	9
60029	1272	10
60029	213	10
60029	4441	9
60040	2129	9
60040	151	9
60040	3422	10
60040	152	8
60040	4031	9
60050	502	7
60050	1291	8
60050	410	7
60050	4673	10
60050	3940	10
60050	2271	10
60050	723	9
60050	4978	10
60050	414	7
60050	1071	9
60050	2165	9
60050	480	9
60050	5600	10
60050	665	8
60050	4819	10
60050	1380	7
60050	5797	10
60050	20	7
60050	954	8
60079	4919	10
60079	1620	10
60079	3194	9
60079	5798	10
60079	4009	9
60079	2233	9
60079	4518	10
60079	1968	10
60079	1863	10
60130	2327	8
60130	3770	10
60130	971	6
60130	1743	8
60130	77	7
60140	335	8
60140	531	10
60140	4002	9
60140	2726	6
60140	733	10
60157	1895	8
60157	5318	9
60157	1336	10
60157	3807	10
60157	5799	8
60157	3581	8
60157	3220	10
60157	5337	10
60157	3588	9
60168	3783	9
60168	1707	9
60168	3058	10
60168	5801	9
60168	1104	6
60168	144	9
60168	1888	9
60168	2077	10
60211	693	7
60211	1179	8
60211	1181	8
60211	1196	8
60211	730	9
60253	428	8
60253	5802	9
60253	1230	7
60253	4119	10
60253	1924	10
60263	5803	9
60263	1056	8
60263	774	5
60263	4387	10
60263	1158	8
60263	5649	10
60263	1521	10
60263	70	2
60263	2212	9
60263	2213	10
60263	4550	10
60263	4263	10
60263	2052	10
60263	369	9
60263	434	5
60263	5804	10
60263	2516	10
60263	670	10
60263	3417	9
60263	103	9
60263	4478	10
60278	5805	10
60278	3549	9
60278	749	9
60278	3332	10
60278	4317	10
60307	2044	10
60307	2912	9
60307	3724	9
60307	2884	10
60307	3222	10
60307	3110	10
60307	5806	10
60307	2029	10
60307	55	9
60307	56	10
60319	1920	10
60319	2283	10
60319	4043	9
60319	904	9
60319	4818	8
60319	5801	10
60319	5807	10
60319	1712	8
60319	2373	8
60319	4227	10
60319	4473	9
60319	625	8
60319	4879	9
60336	409	9
60336	1309	10
60336	2963	8
60336	3764	10
60336	5197	9
60337	883	9
60337	1737	9
60337	4137	10
60337	1169	9
60337	465	7
60337	410	9
60337	1701	9
60337	2403	10
60337	3074	10
60337	5808	9
60337	1103	8
60337	5809	9
60337	4980	10
60337	1947	7
60337	2004	9
60337	3459	8
60337	610	10
60337	4293	10
60337	5810	9
60337	613	9
60337	4053	9
60337	663	9
60337	314	8
60337	5595	9
60392	1490	8
60392	5559	9
60392	1880	10
60392	1851	7
60392	2212	10
60392	3078	8
60412	5696	10
60412	905	8
60412	5195	10
60412	1358	10
60412	2382	9
60427	5811	9
60427	820	10
60427	2087	10
60427	5812	10
60427	5813	9
60427	1631	7
60427	1103	9
60427	2329	10
60427	5814	10
60427	3175	9
60427	3463	9
60427	5815	10
60427	4703	7
60427	266	9
60427	4748	10
60427	2428	10
60427	1861	10
60427	2092	9
60427	2306	10
60427	2093	8
60427	4466	10
60445	914	9
60445	3189	10
60445	4732	9
60445	340	8
60445	169	7
60445	1729	8
60445	84	10
60445	3502	9
60445	620	9
60445	2827	8
60475	3301	10
60475	5816	9
60475	1527	9
60475	2788	9
60475	1743	8
60475	937	10
60475	5817	9
60475	4201	9
60475	147	10
60475	2760	10
60475	514	10
60475	1628	8
60546	1230	10
60546	2278	8
60546	3711	10
60546	2064	6
60546	1298	9
60546	5336	9
60546	17	9
60546	474	9
60546	2215	9
60546	620	9
60546	3144	10
60546	1714	10
60569	5818	9
60569	651	10
60569	540	8
60569	1268	9
60569	3023	10
60569	5129	10
60569	3535	10
60583	465	4
60583	2457	10
60583	124	1
60583	2324	10
60583	448	9
60583	2068	10
60583	195	9
60583	1003	7
60583	1884	9
60583	1200	10
60583	1411	7
60583	2837	9
60583	2015	9
60583	5726	10
60583	1789	9
60621	753	10
60621	910	9
60621	1328	8
60621	391	10
60621	5599	8
60621	5029	10
60621	2945	10
60621	1526	8
60621	1851	9
60621	294	9
60621	3681	10
60621	3290	8
60621	2857	8
60621	90	9
60621	3665	9
60621	5819	10
60621	267	7
60621	781	6
60703	1253	7
60703	124	1
60703	4185	9
60703	4071	9
60703	5028	10
60797	4582	10
60797	36	9
60797	628	8
60797	5117	9
60797	5126	9
60797	5789	10
60858	2754	10
60858	4278	9
60858	1942	10
60858	3239	10
60858	3580	10
60858	362	9
60858	4259	10
60858	3457	9
60858	5820	9
60858	2977	9
60858	4570	10
60858	4507	9
60858	4070	10
60858	284	9
60858	2376	10
60858	5684	9
60858	2524	10
60905	4084	9
60905	1709	8
60905	1573	9
60905	781	7
60905	2996	10
60977	3257	9
60977	5821	9
60977	5104	10
60977	4193	8
60977	5822	10
60977	5823	10
61028	5208	10
61028	4045	8
61028	3941	9
61028	2875	10
61028	1563	9
61028	2573	10
61028	169	6
61028	870	10
61028	5047	9
61028	3385	10
61028	1099	8
61028	3889	10
61028	517	10
61028	2107	9
61028	5824	10
61028	2115	9
61028	2173	10
61028	20	5
61038	1938	9
61038	5825	9
61038	1286	10
61038	4048	10
61038	70	5
61038	5011	10
61038	4513	9
61038	2606	10
61038	5207	10
61038	3296	9
61038	364	10
61038	2141	9
61038	4777	8
61038	5826	9
61038	3735	10
61038	3081	10
61038	2913	10
61038	4385	9
61038	293	9
61038	935	9
61038	3065	8
61038	2426	10
61038	4438	7
61038	2373	8
61038	716	9
61038	1574	8
61038	240	8
61042	461	9
61042	862	9
61042	3804	10
61042	3869	8
61042	5533	10
61042	3135	9
61042	2851	9
61146	643	7
61146	1156	7
61146	4926	9
61146	4295	9
61146	3900	10
61146	3136	8
61147	176	9
61147	2208	9
61147	2055	10
61147	183	8
61147	1701	9
61147	800	9
61147	5246	10
61147	4271	9
61147	776	8
61147	5340	9
61147	3311	10
61147	4337	10
61147	5827	8
61147	5553	7
61147	477	7
61147	3209	9
61147	1401	9
61211	2324	9
61211	3008	10
61211	746	10
61211	3882	10
61211	1625	9
61211	3942	8
61211	2532	8
61211	5828	10
61257	1284	8
61257	2366	10
61257	744	8
61257	2840	9
61257	72	9
61257	3135	8
61257	1702	7
61257	912	9
61257	477	7
61257	3022	8
61257	1364	9
61257	1000	10
61257	1152	8
61283	503	7
61283	1331	9
61283	4962	10
61283	1694	10
61348	3913	10
61348	1171	8
61348	5829	10
61348	3813	10
61348	912	9
61348	85	9
61348	3022	9
61348	2571	10
61354	1960	8
61354	3770	9
61354	3133	9
61354	641	9
61354	749	10
61427	3713	10
61427	1109	10
61427	5830	10
61427	2225	9
61427	1193	9
61427	2919	8
61427	449	9
61427	723	7
61427	2230	10
61427	1716	9
61427	931	10
61427	5832	10
61427	416	9
61427	5833	9
61427	2053	10
61427	3196	10
61427	421	8
61427	1212	7
61427	991	9
61427	206	10
61427	4227	9
61427	1132	10
61619	575	10
61619	1045	9
61619	1851	8
61619	417	8
61619	197	8
61668	1596	9
61668	194	10
61668	1158	8
61668	2205	9
61668	2373	8
61704	2218	10
61704	1427	10
61704	2318	9
61704	1880	10
61704	5834	10
61704	2699	9
61704	2951	7
61704	665	7
61704	3368	10
61759	61	6
61759	1516	9
61759	2840	10
61759	831	8
61759	1154	7
61798	5332	10
61798	3084	9
61798	5835	9
61798	2708	10
61798	2832	9
61798	2721	9
61798	3209	10
61798	3944	10
61798	613	8
61798	789	10
61798	999	9
61835	409	8
61835	4552	10
61835	3612	9
61835	2995	10
61835	214	8
61845	2596	8
61845	4923	9
61845	766	10
61845	2617	9
61845	2166	8
61845	5240	8
61845	4203	9
61854	5696	10
61854	486	7
61854	1291	6
61854	533	7
61854	707	8
61854	958	8
61854	3599	10
61854	3320	8
61854	359	9
61854	5836	10
61854	5837	10
61854	4021	10
61854	5838	10
61854	5181	10
61854	5839	9
61854	3772	9
61854	2789	10
61854	2037	9
61854	803	8
61854	5512	10
61854	767	8
61854	2618	9
61854	1840	10
61854	2695	10
61854	2516	9
61854	2621	10
61854	2808	9
61854	2697	9
61888	254	10
61888	934	6
61888	938	10
61888	232	10
61888	2889	9
61888	2093	10
61888	490	10
61901	1873	10
61901	5840	9
61901	235	6
61901	5841	10
61901	1298	8
61901	3875	8
61901	813	10
61901	1860	9
61901	3665	10
61901	480	7
61901	636	9
61901	1379	10
61901	3998	10
61901	3216	10
61901	423	10
61901	2887	10
61901	4116	10
61901	2383	9
61901	951	9
61901	1052	10
61901	1669	9
61901	34	10
61901	3764	10
61901	3422	10
61901	781	7
61901	5842	9
61910	4919	8
61910	2147	10
61910	4108	10
61910	1475	10
61910	2730	10
61910	5843	10
61910	3625	10
61910	3809	10
61910	2398	10
61910	174	9
61910	5291	10
61910	3314	10
61910	161	10
61910	127	5
61910	3899	8
61910	5844	10
61910	3333	9
62150	1698	9
62150	4558	10
62150	4074	10
62150	2648	10
62172	5845	9
62172	533	6
62172	3092	9
62172	622	9
62172	1222	9
62172	5306	10
62239	981	5
62239	2056	10
62239	933	10
62239	5846	9
62239	2058	10
62239	2059	10
62272	3028	9
62272	1636	7
62272	1821	9
62272	394	9
62272	2872	10
62272	1557	10
62272	4364	9
62272	4781	10
62272	3192	10
62272	1060	10
62272	5847	10
62272	2140	10
62272	5766	10
62272	2100	10
62272	2731	10
62272	5848	10
62272	2141	8
62272	5826	9
62272	3735	10
62272	975	9
62272	1833	10
62272	4679	9
62272	267	8
62272	1572	8
62272	268	9
62272	3822	10
62272	1493	9
62272	3404	10
62272	2042	10
62303	2061	9
62303	4735	9
62303	1244	10
62303	5849	10
62303	1645	10
62303	5850	10
62303	5851	10
62303	5852	10
62303	2904	9
62303	3563	10
62303	5853	10
62303	5854	9
62316	439	9
62316	3765	8
62316	5855	10
62316	5856	9
62316	241	7
62316	4055	9
62464	581	4
62464	1747	9
62464	533	8
62464	2226	9
62464	1058	8
62464	4016	9
62464	278	10
62464	5695	10
62464	478	9
62464	3613	9
62464	3597	10
62464	5580	10
62464	614	7
62464	1417	10
62464	4223	10
62464	1989	10
62471	782	8
62471	4837	9
62471	783	9
62471	5273	10
62471	8	9
62542	405	9
62542	1504	8
62542	1387	9
62542	1229	10
62542	70	4
62542	1523	8
62542	379	9
62542	1855	7
62542	179	8
62542	210	10
62542	5857	10
62542	3063	10
62542	3443	8
62542	157	7
62542	4772	9
62542	2870	9
62558	5858	8
62558	2817	9
62558	469	9
62558	1102	8
62558	5319	9
62558	1296	8
62558	3570	10
62558	2293	8
62558	5160	9
62558	4389	9
62558	2126	8
62558	1160	10
62558	3040	10
62558	590	5
62558	5859	9
62558	38	9
62558	2518	10
62558	175	10
62558	594	10
62582	5681	9
62582	3844	10
62582	4080	9
62582	1858	9
62582	1047	10
62582	225	8
62582	805	9
62582	2490	9
62688	4161	10
62688	4505	10
62688	5861	9
62688	5499	10
62688	3026	10
62688	5862	10
62716	2509	9
62716	983	8
62716	5119	9
62716	1617	9
62755	2920	7
62755	5864	10
62755	4546	10
62755	3337	10
62755	1856	8
62755	5865	10
62755	4684	10
62862	581	3
62862	693	8
62862	1555	9
62862	406	9
62862	696	7
62862	1871	10
62862	50	4
62862	3956	8
62862	1291	7
62862	4324	9
62862	124	2
62862	1942	10
62862	3846	10
62862	2394	10
62862	1179	10
62862	891	9
62862	1058	7
62862	1858	7
62862	1192	9
62862	2919	7
62862	5866	10
62862	1196	8
62862	1523	9
62862	1901	8
62862	5016	10
62862	160	7
62862	1690	9
62862	657	6
62862	659	10
62862	3507	9
62862	1839	10
62862	805	10
62862	127	5
62862	2669	9
62862	3730	9
62862	3442	9
62862	1397	8
62862	3367	8
62862	3368	9
62862	1304	10
62862	5867	10
62862	5868	9
62862	2983	7
62862	1219	9
62862	490	9
62881	3946	8
62881	3348	8
62881	169	7
62881	170	7
62881	870	10
62881	2216	10
62881	3385	9
62881	3644	10
62881	4241	10
62881	3573	10
62881	1964	7
62881	1617	10
62891	2169	8
62891	487	9
62891	1248	8
62891	407	7
62891	5237	10
62891	4661	10
62891	124	1
62891	800	7
62891	776	8
62891	707	10
62891	1707	9
62891	1027	9
62891	5869	9
62891	1102	8
62891	675	8
62891	1105	8
62891	4141	10
62891	4471	9
62891	4922	10
62891	1760	9
62891	5238	9
62891	2946	10
62891	5759	10
62891	987	9
62891	3110	10
62891	1414	9
62891	2713	10
62891	4223	9
62891	240	8
62891	2860	10
62891	752	10
62891	3426	9
62891	1761	8
62891	5399	10
62895	491	10
62895	5871	10
62895	5872	9
62895	3020	10
62895	651	10
62895	1387	9
62895	5643	9
62895	2649	10
62895	1115	9
62895	3438	9
62895	147	10
62895	4874	10
62895	1550	8
62895	4086	9
62958	3448	10
62958	5471	10
62958	4939	10
62958	5874	10
62958	3315	10
62958	3390	9
62958	2050	9
62958	3391	10
62958	3382	10
62966	1648	9
62966	883	9
62966	5875	10
62966	884	10
62966	3920	10
62966	1235	8
62966	4232	10
62966	667	9
62966	3598	10
62966	4780	9
62966	5876	10
62966	4294	9
62966	5186	9
62966	3921	10
62966	4295	8
62966	5687	10
62966	1058	6
62966	1659	10
62966	2356	10
62966	5697	8
62966	127	6
62966	1068	9
62966	665	9
62966	4625	9
62966	2963	10
62966	5877	10
62966	5878	10
62966	4840	10
62968	4815	9
62968	2707	10
62968	5533	10
62968	1102	10
62968	5351	10
63004	1731	9
63004	650	9
63004	5879	10
63004	1008	10
63004	243	4
63004	1286	10
63004	1190	8
63004	449	10
63004	834	10
63360	3083	9
63360	503	8
63360	274	7
63360	3064	8
63360	2706	10
63360	1118	8
63360	4708	10
63360	4573	9
63360	2814	10
63360	481	10
63360	5880	9
63360	3146	10
63389	2554	10
63389	693	7
63389	4824	10
63389	1253	7
63389	903	8
63389	2752	9
63389	590	6
63389	552	8
63394	457	8
63394	1115	10
63394	3836	9
63394	4332	10
63394	4027	9
63394	5881	9
63394	72	7
63394	5132	10
63394	5882	10
63394	5409	10
63394	1160	9
63394	1690	9
63394	4573	10
63394	2217	8
63394	2807	8
63394	2946	10
63394	3143	10
63394	1627	10
63394	803	7
63394	5883	9
63394	3899	9
63394	4917	9
63394	5022	9
63394	2048	9
63394	1548	9
63452	5884	9
63452	574	8
63452	3718	9
63452	116	10
63452	2749	9
63452	1761	10
63506	5885	10
63506	367	8
63506	3885	8
63506	3015	9
63506	266	10
63507	487	8
63507	5528	10
63507	5137	10
63507	4885	9
63507	708	8
63507	5662	9
63507	1407	9
63507	1688	9
63507	611	9
63507	3643	10
63595	5886	9
63595	2818	8
63595	5888	10
63595	601	10
63595	5356	10
63595	5889	10
63595	1373	9
63595	1605	10
63595	2487	10
63595	5890	9
63595	5374	10
63595	5891	9
63595	5892	10
63595	328	9
63595	5893	9
63595	5894	10
63595	5583	10
63595	5896	9
63595	2489	9
63595	5157	9
63595	5451	9
63595	5026	8
63625	3913	9
63625	4278	9
63625	821	10
63625	1872	9
63625	4181	9
63625	208	8
63625	2293	10
63625	934	7
63625	51	9
63625	2795	10
63625	1797	9
63625	3258	8
63625	103	10
63625	782	8
63625	784	8
63625	5897	10
63625	4086	10
63625	1141	9
63854	3933	10
63854	910	10
63854	3823	10
63854	1636	7
63854	1328	7
63854	1821	8
63854	1329	8
63854	1680	9
63854	124	1
63854	4358	10
63854	3425	10
63854	5898	9
63854	5852	9
63854	141	8
63854	494	10
63854	2874	10
63854	1061	10
63854	2726	9
63854	5899	9
63854	3456	9
63854	4443	9
63854	1951	9
63854	2046	10
63854	2077	9
63854	1453	9
63854	41	7
63854	1735	10
63854	3071	10
63854	2983	10
63854	4414	8
63865	181	10
63865	1499	9
63865	1500	10
63865	4811	10
63865	1328	8
63865	971	7
63865	160	10
63865	267	10
63923	2585	10
63923	4707	8
63923	246	9
63923	2808	10
63923	1356	9
63938	35	7
63938	1783	9
63938	1939	10
63938	243	8
63938	1058	8
63938	3306	7
63938	691	10
63938	1523	8
63938	3236	9
63938	3462	10
63938	1434	10
63938	4609	10
63938	214	9
63956	883	8
63956	1634	10
63956	1391	10
63956	183	9
63956	397	9
63956	5900	9
63956	5901	8
63956	3705	7
63956	2951	10
63956	2101	10
63956	3035	9
63956	5663	10
63956	1066	9
63956	5902	9
63956	2315	8
63956	3022	9
63956	1356	10
63956	4590	10
63956	1273	10
63956	5903	10
63956	843	9
63956	5790	9
63956	1549	10
63956	5497	9
63956	5498	7
63956	5904	10
64075	4512	10
64075	3572	10
64075	1572	7
64075	1856	9
64075	3151	9
64220	4372	9
64220	5408	9
64220	305	10
64220	3910	9
64220	805	9
64241	3913	9
64241	2036	10
64241	5905	9
64241	5575	10
64241	5906	10
64241	5167	10
64241	2519	9
64241	2964	9
64241	456	9
64241	2469	10
64270	696	9
64270	1651	10
64270	1510	8
64270	634	7
64270	1810	9
64270	1491	7
64270	5810	10
64270	212	10
64270	3442	9
64270	426	10
64270	665	8
64270	4936	10
64270	3234	9
64270	718	8
64270	978	8
64271	346	9
64271	2732	10
64271	3088	10
64271	1603	8
64271	2532	10
64310	777	8
64310	2139	9
64310	4540	10
64310	3060	9
64310	1061	9
64310	1382	10
64310	5848	9
64310	4615	10
64310	5907	9
64310	451	6
64310	160	8
64310	3522	10
64310	16	9
64310	4844	10
64310	1231	9
64310	2693	9
64310	4904	9
64310	5289	10
64310	5908	10
64310	5909	9
64310	2347	9
64316	2953	10
64316	589	10
64316	1647	9
64316	1546	8
64316	1278	10
64396	5910	10
64396	3092	8
64396	3512	10
64396	1185	9
64396	5911	8
64396	3319	8
64396	1062	9
64396	17	10
64396	4156	9
64396	1401	9
64435	2218	9
64435	1971	8
64435	5449	9
64435	3407	10
64435	4207	8
64435	5912	9
64435	789	10
64435	240	10
64436	5746	10
64436	1648	9
64436	1630	7
64436	207	8
64436	59	7
64436	879	9
64436	1224	10
64436	901	7
64436	1428	7
64436	721	10
64436	684	9
64436	1179	9
64436	1773	9
64436	634	9
64436	1520	9
64436	3074	9
64436	540	7
64436	1309	10
64436	1662	10
64436	439	9
64436	416	6
64436	476	9
64436	939	10
64436	370	9
64436	1397	10
64436	2093	10
64436	3468	10
64436	2852	10
64436	156	9
64436	157	7
64449	2329	8
64449	1045	9
64449	4516	8
64449	4034	10
64449	1095	10
64449	1049	8
64449	5913	10
64449	1629	10
64535	503	9
64535	1115	9
64535	2470	10
64535	1280	9
64535	3273	9
64535	6	10
64535	1743	8
64535	997	7
64535	1588	9
64535	1589	8
64535	3031	9
64535	5914	9
64679	207	8
64679	5672	10
64679	316	7
64679	1498	10
64679	1500	9
64679	2918	9
64679	5915	9
64679	308	9
64679	5916	9
64679	5917	10
64679	1688	7
64679	5833	10
64679	978	7
64846	581	7
64846	61	8
64846	1592	8
64846	5593	10
64846	1289	8
64946	4449	10
64946	4688	10
64946	3788	9
64946	5918	10
64946	2383	9
64946	4475	10
64946	4476	9
64946	5919	8
64946	4899	10
64946	115	9
64946	117	9
65032	5920	10
65032	600	10
65032	3106	9
65032	574	9
65032	478	8
65032	434	6
65032	779	8
65068	1870	9
65068	4004	10
65068	1344	10
65068	3222	10
65068	5921	9
65068	3297	10
65145	5922	10
65145	5246	10
65145	2338	9
65145	1802	10
65145	1401	9
65145	20	4
65183	1011	10
65183	653	8
65183	5358	10
65183	1519	10
65183	4589	10
65183	2505	10
65208	5923	10
65208	1650	9
65208	207	9
65208	5237	8
65208	5149	10
65208	1715	10
65208	4003	10
65208	127	6
65208	5204	10
65208	5156	9
65228	487	10
65228	4061	9
65228	2278	8
65228	63	10
65228	4511	10
65228	5924	10
65228	1997	10
65228	974	9
65228	83	9
65228	3502	9
65228	1855	8
65228	4311	10
65228	5925	10
65228	3362	8
65238	61	5
65238	1407	9
65238	3198	9
65238	3333	8
65238	3445	10
65258	5926	8
65258	1020	10
65258	316	10
65258	5927	9
65258	409	8
65258	1490	9
65258	1793	10
65258	183	8
65258	1274	9
65258	4354	10
65258	355	10
65258	776	8
65258	1275	9
65258	3096	9
65258	1660	9
65258	1071	8
65258	4210	10
65258	127	6
65258	2275	9
65258	789	10
65258	3256	9
65258	2669	10
65258	103	10
65258	5928	10
65258	20	7
65370	1063	9
65370	5291	9
65370	1068	8
65370	4623	10
65370	20	6
65484	5805	10
65484	1445	9
65484	759	8
65484	377	7
65484	5929	10
65484	1855	7
65484	764	10
65484	1315	9
65484	1629	10
65487	5930	9
65487	465	4
65487	61	7
65487	2503	9
65487	473	8
65497	707	9
65497	3350	10
65497	3599	10
65497	3940	10
65497	1064	8
65497	1588	10
65584	4014	9
65584	1649	9
65584	4983	10
65584	176	10
65584	392	9
65584	651	9
65584	63	8
65584	1708	8
65584	755	9
65584	5420	10
65584	4015	10
65584	5931	9
65584	1657	10
65584	1660	9
65584	5932	8
65584	3350	9
65584	1249	9
65584	540	8
65584	4111	10
65584	4219	8
65584	1475	9
65584	4512	10
65584	2730	10
65584	5933	9
65584	1104	8
65584	1269	7
65584	675	8
65584	5640	10
65584	5571	10
65584	1237	7
65584	4038	10
65584	5344	10
65584	3039	10
65584	2856	10
65584	995	10
65584	2027	10
65584	179	9
65584	4778	8
65584	5934	10
65584	4190	10
65584	2630	10
65584	226	10
65584	3850	9
65584	174	7
65584	197	9
65584	180	9
65584	4709	8
65584	445	9
65584	5291	10
65584	3816	9
65584	5819	9
65584	282	10
65584	2345	9
65584	612	10
65584	1068	6
65584	4314	10
65584	5684	10
65584	4330	10
65584	5935	9
65584	3818	10
65584	2134	10
65584	5936	8
65584	4751	8
65584	1849	10
65663	4919	9
65663	1109	9
65663	5332	10
65663	1700	8
65663	800	8
65663	776	7
65663	2063	10
65663	930	10
65663	1626	8
65663	5937	10
65663	2609	10
65663	2883	10
65663	608	10
65663	2857	10
65663	2858	10
65663	5938	9
65665	5585	9
65665	2145	9
65665	562	10
65665	5880	10
65769	5845	9
65769	630	7
65769	2576	10
65769	5940	10
65769	3172	10
65769	434	7
65791	693	7
65791	182	10
65791	63	9
65791	3192	10
65791	68	10
65791	4186	10
65791	2719	9
65791	3773	9
65791	938	9
65791	1205	8
65791	4119	10
65817	1119	10
65817	2646	9
65817	5941	10
65817	878	9
65817	5942	10
65817	5943	9
65837	5169	10
65837	4182	10
65837	5944	10
65837	528	9
65837	4417	9
65837	4197	9
65877	3839	10
65877	4512	8
65877	931	9
65877	1690	7
65877	937	10
65877	402	10
65877	5945	9
65877	218	8
65877	262	9
65877	1760	10
65877	3885	7
65877	2345	10
65877	1006	10
65877	3588	8
65877	3303	9
65877	1052	10
65877	4936	9
65877	3265	10
65877	1991	9
65913	5620	10
65913	626	10
65913	1720	8
65913	2167	9
65913	3279	9
65913	1889	10
65913	1322	10
65913	5946	10
65946	3059	10
65946	5320	10
65946	5505	9
65946	3356	10
65946	3948	10
65946	2982	10
65946	705	10
66055	1309	8
66055	2819	8
66055	451	6
66055	544	10
66055	1694	9
66055	704	10
66055	507	9
66073	50	6
66073	742	6
66073	1118	10
66073	5947	9
66073	1407	10
66073	4775	10
66073	5948	10
66073	1491	5
66073	2101	9
66073	1983	10
66073	3524	10
66073	5949	9
66073	1358	9
66073	2382	7
66073	2312	9
66073	192	5
66073	5743	9
66100	1234	9
66100	1249	10
66100	2920	10
66100	1755	10
66100	2201	10
66100	1398	9
66100	133	10
66323	1253	7
66323	50	5
66323	1295	9
66323	1943	9
66323	2193	10
66323	70	3
66323	5950	8
66323	1626	6
66323	621	10
66323	5951	10
66323	2373	10
66323	5952	10
66323	5953	9
66323	5954	10
66323	1761	8
66387	4149	10
66387	1858	9
66387	1421	10
66387	3599	9
66387	1045	8
66387	6	7
66387	1743	9
66387	997	8
66387	3353	10
66387	5955	8
66443	1234	10
66443	3141	9
66443	4582	10
66443	5956	9
66443	2181	10
66443	5957	9
66443	465	6
66443	3336	10
66443	2570	8
66443	4110	10
66443	1269	7
66443	414	6
66443	268	10
66443	665	8
66473	540	7
66473	1626	8
66473	279	7
66473	1690	8
66473	1617	8
66483	5958	10
66483	1	10
66483	2	10
66483	3	8
66483	4	10
66485	2000	10
66485	5619	10
66485	2648	9
66485	5959	10
66485	1963	10
66487	458	10
66487	533	7
66487	1103	7
66487	472	7
66487	473	7
66487	1641	8
66487	784	7
66487	1754	8
66518	316	9
66518	2503	9
66518	1475	9
66518	3093	8
66518	5064	9
66518	3359	10
66518	550	9
66518	3442	9
66533	2554	7
66533	207	8
66533	5960	8
66533	2354	8
66533	412	9
66533	5961	8
66556	4141	10
66556	2955	10
66556	2956	8
66556	2957	9
66556	3975	10
66574	1167	9
66574	1326	9
66574	1747	9
66574	1523	9
66574	787	9
66574	1979	10
66574	72	8
66574	3770	8
66574	3236	9
66574	246	8
66574	3976	9
66574	1947	9
66574	3977	9
66574	3597	9
66574	5962	9
66574	1414	9
66574	1434	9
66574	1252	10
66574	1000	10
66574	954	8
66574	1153	9
66574	1991	7
66574	978	10
66574	5963	9
66574	5601	9
66591	3274	9
66591	442	8
66591	440	10
66591	1839	10
66591	3885	10
66591	1841	8
66640	465	5
66640	216	8
66640	208	10
66640	2829	10
66640	136	7
66640	4871	9
66640	165	8
66640	5022	9
66640	2728	10
66680	5964	9
66680	1866	9
66680	4200	10
66680	2973	9
66680	1185	10
66680	1190	10
66680	4742	8
66680	5504	10
66680	2662	9
66680	540	8
66680	449	8
66680	236	10
66680	2034	9
66680	2035	10
66680	494	9
66680	5965	9
66680	2875	9
66680	723	9
66680	2573	9
66680	3634	9
66680	1045	7
66680	377	8
66680	4228	7
66680	5966	8
66680	935	7
66680	5152	10
66680	937	8
66680	2836	8
66680	1264	9
66680	3385	10
66680	2955	9
66680	4561	10
66680	2956	10
66680	4562	8
66680	2957	10
66680	3975	10
66680	2004	7
66680	1483	9
66680	3948	7
66680	3639	10
66680	2563	9
66680	2086	10
66680	2040	9
66680	5690	10
66680	613	7
66680	2348	10
66680	268	9
66680	1493	8
66680	5967	10
66680	151	10
66680	3303	10
66680	3717	9
66680	5206	10
66680	4124	10
66680	1218	9
66789	5696	10
66789	884	8
66789	5968	10
66789	3634	10
66789	442	9
66789	5355	8
66789	157	7
66797	2403	10
66797	3728	9
66797	368	10
66797	2373	9
66853	5910	9
66853	1465	8
66853	1563	10
66853	170	8
66853	452	10
66853	3258	8
66878	3929	10
66878	1737	9
66878	465	6
66878	2829	9
66878	1557	9
66878	2286	10
66878	5970	9
66878	588	9
66878	2068	10
66878	3706	10
66878	3581	8
66878	442	10
66878	4339	10
66878	803	8
66878	1251	10
66878	5971	10
66878	501	6
66942	1019	10
66942	405	9
66942	3211	9
66942	5972	8
66942	2778	10
66942	4279	9
66942	5237	9
66942	465	4
66942	3083	6
66942	124	1
66942	1331	8
66942	981	8
66942	1429	10
66942	4737	10
66942	2193	8
66942	1159	8
66942	1102	9
66942	903	7
66942	3984	9
66942	3491	10
66942	338	6
66942	472	8
66942	473	7
66942	341	7
66942	675	8
66942	934	8
66942	474	9
66942	4836	10
66942	434	7
66942	2233	9
66942	613	8
66942	2886	10
66942	5447	10
66942	3256	9
66942	5973	10
66942	155	10
66942	3508	9
66942	285	6
66942	4855	9
66942	1603	7
66942	501	8
66942	978	9
66953	1442	8
66953	1421	8
66953	538	10
66953	450	9
66953	2329	9
66953	1045	9
66960	1619	9
66960	5975	9
66960	1269	7
66960	144	10
66960	4325	8
66960	801	7
66960	2628	10
66960	4933	9
66960	5388	10
67079	630	8
67079	1476	10
67079	1477	10
67079	1478	10
67079	1479	9
67079	1480	9
67079	1481	10
67079	3970	8
67079	2902	9
67079	3166	10
67079	3167	10
67079	2903	10
67079	5235	10
67079	5873	8
67079	131	9
67079	5976	10
67079	3406	10
67085	503	10
67085	274	2
67085	2961	8
67085	2897	10
67085	2548	9
67085	1453	10
67085	5294	10
67085	1789	9
67174	1783	8
67174	5905	9
67174	1704	10
67174	1126	10
67174	3005	9
67174	3382	10
67176	1758	9
67176	3882	10
67176	5600	9
67176	1006	10
67176	1380	8
67178	1094	10
67178	4674	8
67178	896	8
67178	974	8
67178	1241	9
67178	1264	9
67198	5002	8
67198	183	7
67198	537	9
67198	2478	9
67198	5564	10
67198	5977	10
67198	2706	10
67198	1597	8
67198	338	7
67198	1719	8
67198	834	10
67198	835	9
67198	2714	9
67198	2716	10
67198	5978	10
67198	5979	10
67198	5981	10
67198	5982	10
67198	5983	9
67270	1109	9
67270	1114	9
67270	5984	10
67270	1319	10
67270	1405	10
67270	4496	9
67270	70	3
67270	1470	9
67270	83	9
67270	1264	7
67270	5985	9
67270	2412	10
67270	611	7
67270	2625	10
67270	2991	10
67288	243	8
67288	135	8
67288	136	9
67288	3364	9
67288	5986	9
67288	379	9
67288	5388	10
67288	3816	10
67288	3490	10
67288	2143	10
67296	2147	10
67296	2063	10
67296	2334	10
67296	166	10
67296	170	6
67296	974	9
67296	1588	10
67296	3748	9
67354	5131	10
67354	5987	10
67354	5401	10
67354	2856	9
67354	1378	9
67354	41	6
67354	2233	8
67354	5988	9
67402	2655	9
67402	1771	9
67402	5989	9
67402	4966	8
67402	434	5
67402	5337	9
67402	3361	8
67402	4199	10
67402	716	9
67403	5821	9
67403	1121	10
67403	3898	10
67403	3765	9
67403	1486	9
67403	3005	10
67415	4014	9
67415	649	7
67415	442	6
67415	3548	8
67415	5990	9
67415	20	5
67487	533	5
67487	997	9
67487	3221	8
67487	611	7
67487	5555	9
67487	4881	10
67515	884	9
67515	5821	9
67515	1382	8
67515	1104	7
67515	440	10
67515	5991	9
67515	1277	10
67515	372	10
67515	20	6
67544	957	7
67544	243	5
67544	3306	8
67544	5841	9
67544	5992	10
67547	1770	10
67547	50	6
67547	2660	10
67547	2221	10
67547	1391	9
67547	1510	9
67547	5993	10
67547	4222	10
67547	5994	9
67547	2683	9
67547	673	10
67547	3924	10
67547	5995	8
67547	5617	10
67547	4259	10
67547	1884	9
67547	3684	10
67547	477	9
67547	5153	10
67547	5996	10
67547	2982	9
67547	1545	10
67547	665	9
67547	4431	10
67547	5997	10
67547	1989	9
67591	741	10
67591	1077	8
67591	1326	10
67591	1941	8
67591	1897	9
67591	1186	8
67591	4791	10
67591	657	6
67591	2397	9
67591	2646	9
67591	18	9
67591	41	8
67591	715	9
67591	3998	8
67591	2932	10
67591	2933	10
67591	98	9
67591	99	9
67591	4402	10
67591	3574	10
67591	5067	10
67591	4827	10
67591	5870	8
67627	640	9
67627	4128	9
67627	4112	10
67627	5071	10
67627	3321	10
67627	4113	9
67627	451	7
67627	5112	8
67627	2550	8
67627	3855	10
67627	3149	9
67627	4538	9
67627	2469	10
67663	3527	10
67663	5185	10
67663	4871	10
67663	234	9
67663	3373	8
67663	4016	10
67663	165	9
67663	2663	9
67663	2549	10
67663	5617	9
67663	2252	10
67663	3232	10
67663	4346	10
67663	636	9
67663	3307	9
67663	1415	8
67663	5204	8
67663	3482	8
67663	3764	10
67663	1289	7
67663	2270	8
67663	1988	9
67663	3539	9
67663	1141	9
67677	1921	10
67677	1683	10
67677	1373	9
67677	5999	9
67677	4958	8
67677	4050	9
67677	4531	10
67677	3367	8
67693	971	6
67693	5215	9
67693	4446	10
67693	2111	10
67693	6000	10
67693	2112	9
67840	3758	9
67840	672	10
67840	4593	10
67840	5281	9
67840	3908	9
67840	3568	10
67840	639	10
67840	2631	9
67840	6001	10
67840	6002	10
67840	1586	9
67840	2121	10
67840	6003	10
67840	1631	9
67840	165	8
67840	6004	10
67840	1158	8
67840	4803	10
67840	470	10
67840	6005	10
67840	70	2
67840	3319	10
67840	2726	10
67840	29	10
67840	1993	8
67840	1994	10
67840	4255	10
67840	5253	10
67840	5219	9
67840	4256	10
67840	2720	9
67840	3322	10
67840	5738	9
67840	6006	10
67840	969	8
67840	3154	9
67840	6007	10
67840	78	10
67840	5122	9
67840	84	9
67840	1567	8
67840	439	8
67840	938	9
67840	3641	8
67840	262	7
67840	1532	10
67840	2850	9
67840	444	10
67840	179	10
67840	2978	8
67840	4409	10
67840	4894	10
67840	5906	10
67840	2761	10
67840	3816	10
67840	18	10
67840	1541	9
67840	5380	9
67840	1321	8
67840	3753	9
67840	2015	8
67840	1667	9
67840	738	10
67840	6008	10
67840	1050	10
67840	5955	9
67840	4608	9
67840	2092	10
67840	1322	10
67840	4266	9
67840	6009	10
67840	1549	9
67840	404	6
67840	3864	9
67840	1915	10
67840	1140	10
67910	755	10
67910	3570	10
67910	3273	8
67910	4097	9
67910	1486	10
67910	5555	10
67910	175	10
67910	1919	9
67930	2493	10
67930	5433	7
67930	2303	10
67930	3081	9
67930	2280	10
67930	3883	9
67930	3620	9
67930	330	10
67930	3588	9
67930	1862	8
68000	3032	10
68000	4325	8
68000	3706	9
68000	5007	9
68000	3048	10
68081	1764	7
68081	2142	9
68081	552	7
68081	4194	9
68081	20	6
68128	1166	9
68128	3083	9
68128	533	7
68128	61	8
68128	5463	9
68128	4733	10
68128	4344	10
68128	675	8
68128	1702	9
68128	6010	8
68128	5397	10
68128	477	10
68128	907	9
68128	1486	9
68128	5313	10
68128	6011	10
68128	4426	10
68128	1277	10
68128	6012	10
68128	2689	8
68128	5844	9
68128	4567	10
68128	1641	10
68128	6013	10
68156	6014	10
68156	1055	8
68156	1428	8
68156	1102	8
68156	3235	10
68156	1382	10
68156	440	8
68156	2022	10
68156	2850	9
68156	3781	10
68156	3859	10
68156	197	8
68156	4277	9
68156	192	6
68156	4417	10
68185	457	8
68185	1651	10
68185	1490	9
68185	743	9
68185	3700	9
68185	1158	9
68185	6015	8
68185	70	3
68185	5710	9
68185	895	7
68185	896	9
68185	5117	10
68185	3987	9
68185	2608	10
68185	5346	10
68185	2210	9
68185	2684	10
68185	611	10
68185	963	9
68185	5743	10
68185	5990	9
68185	4899	8
68185	6016	9
68185	4773	10
68249	272	9
68249	643	7
68249	6017	10
68249	3240	8
68249	971	6
68249	2987	10
68249	3962	10
68249	3910	10
68249	525	9
68249	1366	10
68256	407	9
68256	2175	10
68256	61	7
68256	4999	9
68256	4187	9
68256	338	6
68256	472	7
68256	340	8
68256	2691	10
68256	657	4
68256	52	9
68256	241	8
68256	186	10
68256	489	9
68309	1495	10
68309	1345	8
68309	13	10
68309	2534	10
68309	2535	10
68344	4388	9
68344	4641	10
68344	6020	10
68344	6021	10
68383	464	9
68383	3669	9
68383	5572	10
68383	70	1
68383	6022	10
68383	481	10
68383	1321	10
68383	4537	9
68383	625	10
68383	739	9
68436	1166	9
68436	1472	9
68436	5463	9
68436	4733	10
68436	537	9
68436	2478	9
68436	774	10
68436	1079	9
68436	776	8
68436	6023	10
68436	5357	9
68436	4938	10
68436	1146	9
68436	4872	10
68436	1702	10
68436	1263	10
68436	6010	9
68436	912	6
68436	6024	10
68436	1534	10
68436	5864	10
68436	6025	10
68436	2370	9
68436	1712	9
68436	2052	9
68436	2297	10
68436	1126	9
68436	5037	10
68436	5844	10
68436	6026	10
68436	5305	8
68436	6027	10
68436	5638	9
68436	3994	9
68447	6028	8
68447	3448	9
68447	4297	10
68447	1364	10
68447	5447	10
68447	1252	9
68465	2240	7
68465	1661	10
68465	1841	9
68465	4936	10
68465	3755	8
68537	5246	10
68537	5	9
68537	6029	9
68537	5253	10
68537	6030	9
68537	997	8
68537	2022	10
68537	2850	10
68568	3669	10
68568	1388	8
68568	3295	10
68568	2632	10
68568	1758	9
68568	5292	9
68568	2962	10
68568	781	7
68568	3287	10
68581	492	10
68581	4541	10
68581	3056	9
68581	3181	10
68581	6018	9
68615	5420	10
68615	4969	10
68615	288	9
68615	1620	9
68615	146	8
68615	1302	9
68700	5130	9
68700	2035	10
68700	75	10
68700	5978	10
68700	5979	9
68700	5980	9
68729	358	10
68729	3816	9
68729	2711	10
68729	5008	9
68729	6031	10
68760	6032	9
68760	2557	8
68760	2558	10
68760	2559	9
68760	2560	9
68760	2561	10
68760	571	9
68760	3828	10
68760	354	10
68760	3348	8
68760	602	9
68760	471	8
68760	473	7
68760	2070	8
68760	660	8
68760	1569	9
68760	1628	10
68760	434	6
68760	4598	9
68760	1396	10
68760	843	9
68767	3266	10
68767	2786	10
68767	2709	8
68767	6033	9
68767	2022	10
68768	3412	9
68768	3079	9
68768	3080	9
68768	5890	10
68768	2345	8
68768	3867	9
68768	3265	9
68846	1155	10
68846	6034	10
68846	1651	10
68846	1779	10
68846	592	7
68846	192	7
68846	1163	10
68846	5024	10
68846	4197	8
68886	800	7
68886	3120	8
68886	67	9
68886	5320	8
68886	3288	8
68886	6035	9
68886	3236	8
68886	170	7
68886	6036	10
68886	3790	9
68943	1318	10
68943	4716	10
68943	4944	10
68943	5209	9
68943	1441	8
68943	168	8
68943	170	6
68943	6037	10
68943	6038	9
68943	5989	8
68943	1798	9
68943	3258	9
68943	6039	9
68943	4169	10
68984	883	7
68984	183	6
68984	981	5
68984	70	1
68984	2690	8
68984	432	10
68984	5363	10
68984	265	8
68984	3692	9
68984	127	6
68984	2841	10
68984	3207	10
68984	991	9
68984	206	9
68984	285	6
68984	1603	9
68984	2532	9
68984	2864	8
68984	1074	8
68984	3589	9
68984	4172	10
68984	5606	10
68984	5607	9
68984	4538	10
68984	3287	9
69012	4433	10
69012	938	9
69012	704	8
69012	214	9
69012	1713	10
69023	774	8
69023	1203	8
69023	6040	10
69023	1321	10
69023	2566	10
69042	2282	10
69042	800	9
69042	5	10
69042	776	9
69042	328	10
69042	4680	9
69042	2859	10
69089	2583	10
69089	3570	10
69089	4133	8
69089	3910	9
69089	256	10
69089	1963	10
69156	1169	9
69156	59	7
69156	2658	10
69156	3028	10
69156	2659	10
69156	1372	9
69156	335	10
69156	910	9
69156	1504	8
69156	5096	9
69156	1636	10
69156	3053	9
69156	6041	9
69156	2308	9
69156	70	3
69156	1606	10
69156	341	8
69156	1123	10
69156	1607	10
69156	5989	9
69156	803	8
69156	3177	8
69156	90	10
69156	1207	9
69156	2666	10
69156	3443	10
69156	4472	10
69188	1109	8
69188	6042	9
69188	3840	9
69188	128	10
69188	3985	10
69188	6043	8
69188	3098	9
69188	18	8
69188	4886	9
69188	6044	10
69211	407	9
69211	6045	10
69211	4816	8
69211	800	9
69211	720	9
69211	2662	9
69211	2603	8
69211	3570	8
69211	2848	8
69211	6046	9
69211	6047	10
69211	2335	9
69211	1475	9
69211	3134	10
69211	339	8
69211	1104	7
69211	1929	10
69211	1728	10
69211	4345	10
69211	3483	9
69211	4946	8
69211	4947	10
69211	92	8
69211	5747	10
69211	3361	10
69211	1069	10
69211	6009	10
69232	1683	10
69232	158	9
69232	3192	9
69232	3193	9
69232	4776	10
69232	364	10
69232	169	6
69232	5826	8
69232	3735	10
69232	1851	7
69232	6048	10
69232	6049	10
69232	1071	9
69232	4963	9
69232	1885	10
69232	2213	9
69232	2613	9
69232	225	9
69232	4340	8
69232	5512	10
69232	5513	10
69252	6050	9
69252	6051	10
69252	6	9
69252	5724	9
69252	160	7
69252	974	9
69252	4556	10
69355	1318	9
69355	5542	9
69355	807	9
69355	2444	10
69355	1634	9
69355	1748	9
69355	1285	10
69355	3049	9
69355	1514	10
69355	691	8
69355	1198	10
69355	5145	9
69355	505	9
69355	5836	9
69355	3413	10
69355	5284	10
69355	4333	9
69355	730	10
69355	6052	10
69355	5457	10
69355	1264	8
69355	4536	9
69355	3241	10
69355	5287	10
69355	3600	10
69355	3889	10
69355	5289	9
69355	5290	10
69355	3765	7
69355	329	10
69355	40	10
69355	1816	8
69355	6053	8
69355	4522	9
69355	4773	10
69378	4993	10
69378	2218	9
69378	462	8
69378	2557	10
69378	582	10
69378	1253	9
69378	1502	9
69378	1055	9
69378	61	6
69378	1042	10
69378	2881	9
69378	3949	8
69378	1193	7
69378	4187	7
69378	5362	10
69378	190	10
69378	6054	10
69378	5279	10
69378	6055	9
69378	4746	9
69378	4749	9
69378	3466	10
69378	5092	10
69378	5060	10
69378	4984	10
69378	6027	9
69378	20	5
69378	1818	10
69378	3539	8
69389	6056	10
69389	5525	10
69389	35	9
69389	6057	9
69389	1372	8
69389	335	9
69389	910	9
69389	2918	6
69389	1504	8
69389	1636	9
69389	1328	7
69389	1821	9
69389	1329	8
69389	1680	9
69389	957	9
69389	2354	10
69389	1199	8
69389	346	8
69389	471	9
69389	472	7
69389	473	8
69389	341	7
69389	911	9
69389	3364	10
69389	379	9
69389	3039	7
69389	2922	10
69389	4570	9
69389	2212	9
69389	2214	9
69389	4585	9
69389	5786	10
69389	4142	9
69389	6058	10
69389	6059	10
69389	3231	8
69389	4989	10
69389	6060	8
69389	1036	10
69389	5034	8
69389	382	10
69389	383	10
69389	6061	9
69389	3175	10
69389	3176	9
69389	803	10
69389	3177	10
69389	90	10
69389	1451	10
69389	480	8
69389	3979	10
69389	3397	10
69389	40	9
69389	267	8
69389	1106	8
69389	550	10
69389	2348	10
69389	268	10
69389	4368	9
69389	3798	9
69389	7	10
69389	554	10
69389	5227	10
69389	116	9
69389	1072	9
69389	1073	9
69389	2532	8
69389	6062	9
69405	3017	8
69405	5696	10
69405	720	9
69405	1880	10
69405	5444	9
69405	4239	10
69405	6063	9
69405	4776	10
69405	5766	9
69405	1851	9
69405	5210	10
69405	2877	10
69405	367	10
69405	764	9
69405	632	10
69405	5072	10
69405	4911	10
69405	2620	10
69405	2773	10
69405	1266	10
69405	3367	9
69410	1873	9
69410	3788	9
69410	3458	9
69410	2850	8
69460	447	9
69460	5850	10
69460	6064	10
69460	745	10
69512	16	10
69512	379	7
69512	1722	10
69512	3660	8
69512	1069	9
69512	4159	8
69684	6065	10
69684	1077	10
69684	6066	10
69684	182	10
69684	534	9
69684	901	9
69684	1428	7
69684	1011	7
69684	1405	8
69684	5357	9
69684	1774	9
69684	1261	7
69684	5135	10
69684	4438	10
69684	1904	10
69684	3395	10
69684	1435	9
69684	6067	9
69684	1671	10
69684	784	10
69709	1581	10
69709	3472	9
69709	4633	9
69709	143	10
69709	3641	9
69709	6068	10
69709	737	9
69709	3490	9
69709	4934	9
69721	3255	10
69721	463	9
69721	4200	9
69721	6014	10
69721	1144	9
69721	2478	8
69721	2879	10
69721	1407	7
69721	1520	9
69721	5101	10
69721	6069	9
69721	2611	10
69721	1127	10
69721	3209	10
69721	726	10
69721	110	9
69721	6070	9
69721	1552	10
69749	2415	9
69749	6071	10
69749	5234	9
69749	2949	9
69749	312	9
69749	4553	9
69749	4064	10
69749	6072	10
69775	2067	9
69775	1474	10
69775	2632	10
69775	1445	10
69775	4142	9
69775	6073	9
69775	2108	10
69775	4551	10
69775	852	10
69775	857	9
69790	5139	9
69790	2953	10
69790	1630	7
69790	678	10
69790	1055	8
69790	2918	8
69808	4373	10
69808	708	8
69808	4378	10
69808	4073	10
69808	193	9
69929	1581	9
69929	707	9
69929	777	9
69929	4147	10
69933	3671	10
69933	6005	9
69933	237	10
69933	2080	8
69933	6074	10
69933	414	8
69933	4515	9
69933	453	10
69933	3416	9
69933	3325	8
69933	2331	9
69933	3665	7
69933	4807	10
69933	3753	10
69933	4368	10
69933	150	9
69933	4879	9
69971	1494	10
69971	465	5
69971	227	6
69971	1896	8
69971	3119	10
69971	6075	9
69971	6076	9
69971	901	8
69971	1011	9
69971	3512	9
69971	777	8
69971	387	10
69971	2225	10
69971	3304	9
69971	2226	9
69971	2480	10
69971	4185	10
69971	3096	8
69971	4931	10
69971	1195	10
69971	2387	10
69971	68	9
69971	2504	9
69971	1491	9
69971	1756	10
69971	4651	9
69971	1527	9
69971	451	5
69971	1702	9
69971	886	10
69971	4305	9
69971	5459	10
69971	1347	9
69971	459	7
69971	2053	10
69971	5667	10
69971	3172	9
69971	2130	10
69971	6077	10
69971	2517	10
69971	1208	10
69971	633	9
69971	285	7
69971	352	9
69971	1789	10
69971	4477	10
69971	5919	10
69971	841	9
69971	157	8
70014	5120	10
70014	391	9
70014	2278	10
70014	2333	7
70014	338	8
70014	340	7
70014	2140	10
70014	81	10
70014	2850	10
70014	3876	10
70014	805	9
70014	1006	10
70052	3017	9
70052	409	8
70052	124	1
70052	4269	10
70052	1181	10
70052	6078	9
70052	6079	10
70052	168	8
70052	170	7
70052	327	10
70052	1851	8
70052	3838	10
70052	2064	8
70052	452	9
70052	5336	10
70052	657	4
70052	4558	9
70052	730	10
70052	825	10
70052	1203	8
70052	2262	10
70052	736	8
70052	2077	9
70052	3998	8
70052	6080	9
70052	5338	9
70052	671	10
70052	704	9
70052	5233	10
70052	5792	10
70052	1924	10
70052	6081	10
70052	3764	10
70052	2156	9
70052	285	8
70052	352	10
70052	54	9
70052	888	9
70065	776	10
70065	168	9
70065	1045	10
70065	347	8
70065	2336	9
70065	185	9
70065	728	9
70065	2628	10
70065	4550	10
70065	5163	10
70065	1265	9
70065	1476	10
70065	1014	9
70065	1478	9
70065	6082	9
70065	2902	10
70065	131	10
70065	5619	10
70065	4798	8
70065	5547	8
70065	2236	10
70065	2909	9
70183	3083	7
70183	503	7
70183	274	5
70183	1596	10
70183	2763	8
70183	1333	10
70183	5947	10
70183	4767	10
70183	1104	10
70183	5882	10
70183	5409	10
70183	4768	10
70183	4569	10
70183	870	10
70183	1352	10
70183	4770	10
70183	6083	8
70183	4563	8
70183	5962	9
70183	1357	10
70183	3903	9
70183	6084	9
70183	6085	10
70189	1851	6
70189	619	9
70189	2310	10
70189	2859	9
70189	3775	9
70189	2516	10
70192	4396	10
70192	2097	9
70192	2794	9
70192	2053	10
70192	1305	8
70222	3913	9
70222	5534	10
70222	79	9
70222	5239	10
70222	20	5
70302	5672	10
70302	1408	10
70302	4376	10
70302	3790	9
70302	593	10
70379	1021	10
70379	4998	10
70379	5572	9
70379	4653	9
70379	2195	10
70379	339	7
70379	932	10
70379	1760	7
70379	5804	10
70379	501	8
70379	1761	9
70401	6086	10
70401	3920	9
70401	5152	9
70401	3160	9
70401	4578	10
70401	2681	10
70402	207	9
70402	1939	10
70402	5772	9
70402	1225	8
70402	5178	10
70402	604	10
70402	3440	8
70402	938	9
70402	314	8
70402	54	10
70415	4539	10
70415	50	5
70415	957	8
70415	2324	9
70415	5602	10
70415	3972	10
70415	4187	8
70415	5433	10
70415	5847	9
70415	760	9
70415	4258	10
70415	2432	10
70415	4499	10
70415	2950	10
70415	5453	10
70415	4541	10
70415	3906	9
70415	4835	10
70415	2771	10
70415	1811	10
70415	6052	10
70415	4948	9
70415	801	8
70415	259	10
70415	4989	10
70415	736	9
70415	661	10
70415	662	9
70415	192	6
70415	3756	10
70415	2579	10
70415	1577	9
70415	5771	9
70415	4976	8
70435	1230	8
70435	2191	10
70435	3194	9
70435	320	9
70435	185	10
70435	3821	10
70448	503	8
70448	274	7
70448	1115	7
70448	3607	9
70541	1166	8
70541	1243	10
70541	2581	8
70541	6088	10
70541	586	7
70541	1116	9
70541	4442	9
70541	468	10
70541	2014	10
70541	1103	8
70541	4570	10
70541	2610	9
70541	2215	10
70541	6089	10
70541	5059	10
70541	4262	9
70541	646	9
70541	611	6
70541	1413	9
70541	1084	10
70541	1153	9
70541	1991	9
70541	978	10
70594	1165	8
70594	4565	10
70594	5972	10
70594	5054	8
70594	1086	10
70594	317	10
70594	5647	10
70594	6090	8
70594	5259	10
70594	1056	10
70594	6091	10
70594	981	6
70594	3605	10
70594	4061	9
70594	5574	10
70594	5960	10
70594	6092	10
70594	1520	8
70594	4931	9
70594	1522	10
70594	70	2
70594	2873	10
70594	5730	10
70594	140	10
70594	141	10
70594	1309	9
70594	6093	9
70594	2349	9
70594	3635	10
70594	1448	10
70594	3718	10
70594	2197	9
70594	2832	9
70594	459	9
70594	2833	10
70594	5615	10
70594	5138	9
70594	1539	9
70594	127	5
70594	1092	9
70594	6094	9
70594	5418	8
70594	4893	9
70594	3346	10
70594	4013	9
70594	2430	10
70594	4405	9
70594	4412	10
70594	6095	10
70594	2964	10
70594	157	9
70594	1550	10
70594	404	8
70594	5562	9
70594	6096	8
70594	1083	10
70594	3539	8
70628	5027	10
70628	2187	10
70628	1431	10
70628	3249	7
70628	6097	9
70628	1887	9
70628	312	10
70628	5935	8
70649	6098	9
70649	1806	9
70649	2747	9
70649	334	10
70649	4146	9
70649	1690	10
70649	433	9
70649	2316	10
70649	5234	10
70649	2994	10
70649	3127	10
70649	5255	10
70649	1396	10
70649	241	10
70649	20	5
70649	1140	9
70666	6056	10
70666	6099	8
70666	487	9
70666	250	9
70666	3628	10
70666	533	7
70666	800	9
70666	5246	8
70666	4732	10
70666	981	7
70666	776	10
70666	707	9
70666	1707	7
70666	5340	9
70666	4061	10
70666	720	7
70666	2698	8
70666	235	7
70666	3770	9
70666	74	10
70666	2271	8
70666	358	8
70666	4112	10
70666	5071	10
70666	169	6
70666	1268	7
70666	1269	8
70666	1743	7
70666	788	10
70666	195	8
70666	997	10
70666	2070	8
70666	294	9
70666	1626	6
70666	1883	8
70666	936	10
70666	1729	9
70666	84	8
70666	4379	9
70666	3973	9
70666	2214	10
70666	712	7
70666	2216	10
70666	4825	10
70666	2514	8
70666	3550	10
70666	622	10
70666	4156	10
70666	2516	9
70666	2179	10
70666	3694	10
70666	1782	10
70666	373	10
70666	991	9
70666	186	9
70703	6100	10
70703	1644	9
70703	6101	9
70703	5872	10
70703	4848	9
70703	2473	10
70703	2474	9
70703	2475	9
70703	4706	10
70703	6102	9
70703	4377	10
70703	5360	10
70703	3284	10
70772	5212	9
70772	709	10
70772	630	10
70772	1476	10
70772	1478	9
70864	884	9
70864	3803	9
70864	1261	8
70864	2921	9
70864	4255	10
70864	168	9
70864	360	10
70864	6030	8
70864	3402	10
70864	6103	10
70864	1957	9
70878	5226	10
70878	693	6
70878	723	10
70878	1100	10
70878	3201	10
70878	4064	9
70918	1291	8
70918	3727	7
70918	1768	10
70918	6104	10
70918	6105	10
70931	1708	10
70931	4294	9
70931	1029	10
70931	356	10
70931	474	7
70931	2037	9
70931	2856	9
70931	2511	8
70931	795	10
70931	5048	10
70931	716	9
70931	1493	10
70931	240	8
70931	3614	10
71102	883	7
71102	1220	9
71102	4336	10
71102	885	9
71102	2823	10
71102	3022	10
71102	988	10
71102	2932	10
71102	1360	10
71102	860	9
71102	1641	9
71102	4881	10
71162	1507	10
71162	6106	8
71162	6107	10
71162	6108	10
71162	6109	9
71162	20	5
71162	1083	9
71181	2323	10
71181	3906	10
71181	1690	10
71181	831	7
71183	1320	8
71183	3705	9
71183	2026	8
71183	2311	8
71183	193	10
71193	6015	10
71193	6110	10
71193	3884	9
71193	381	9
71193	205	10
71193	5470	10
71207	4180	9
71207	1115	9
71207	2176	9
71207	1071	9
71207	3612	10
71207	4118	10
71207	152	8
71207	2870	10
71223	1994	10
71223	5017	9
71223	4990	9
71223	2489	9
71223	1289	9
71234	4919	8
71234	1684	9
71234	2805	8
71234	1310	9
71234	4990	10
71234	4114	10
71234	2211	9
71234	1738	10
71234	5632	10
71234	174	9
71234	737	8
71234	1692	10
71234	1315	9
71234	3078	10
71234	1543	10
71234	5300	9
71234	2671	9
71234	3281	10
71490	384	10
71490	2770	10
71490	274	6
71490	800	8
71490	707	8
71490	6111	10
71490	5044	9
71490	3941	10
71490	4549	9
71490	2699	10
71490	1626	9
71490	51	9
71490	825	7
71490	2688	8
71490	2296	9
71490	197	9
71490	434	7
71490	5524	10
71490	19	10
71490	834	7
71490	1578	7
71522	6112	10
71522	3761	9
71522	6113	10
71522	3694	10
71587	706	9
71587	465	5
71587	1114	8
71587	4048	10
71587	3237	10
71587	70	2
71587	6114	9
71587	2504	9
71587	4071	9
71587	2690	9
71587	2950	10
71587	3744	10
71587	3684	9
71587	5868	10
71628	21	10
71628	5950	9
71628	83	10
71628	4345	10
71628	4333	9
71628	1448	7
71628	894	10
71628	86	10
71628	94	10
71628	5806	10
71662	5172	10
71662	5302	10
71662	2419	10
71662	4176	10
71662	3643	10
71662	6115	10
71712	57	9
71712	2409	9
71712	696	10
71712	533	8
71712	6116	10
71712	1118	10
71712	3269	8
71712	1773	8
71712	5278	10
71712	675	9
71712	6117	8
71712	4550	10
71712	6118	9
71712	3891	10
71712	2712	9
71712	102	9
71752	809	8
71752	3520	8
71752	274	5
71752	1115	8
71752	981	8
71752	720	9
71752	1597	10
71752	5947	9
71752	1184	9
71752	1851	7
71752	983	8
71752	4569	9
71752	2634	7
71752	4862	9
71752	2516	7
71752	1617	9
71786	3116	9
71786	465	5
71786	4618	10
71786	449	10
71786	1103	8
71786	3885	8
71786	2015	9
71786	592	5
71786	3998	10
71786	455	10
71800	4200	9
71800	957	7
71800	3493	10
71800	5569	9
71800	2851	10
71800	1678	9
71831	2208	10
71831	3378	10
71831	4922	9
71831	6119	8
71831	2749	9
71853	6120	10
71853	6121	10
71853	4869	10
71853	534	7
71853	1897	7
71853	1429	9
71853	4216	9
71853	339	8
71853	6	8
71853	2684	10
71853	597	7
71853	6122	9
71853	1361	9
71853	1753	9
71853	1433	9
71853	436	9
71853	1084	9
71900	6123	8
71900	1586	9
71900	5940	10
71900	4095	10
71900	4314	10
71900	3157	10
71900	5241	10
71900	6124	9
71900	6125	9
71900	1549	9
71900	2810	9
71902	819	9
71902	397	10
71902	683	10
71902	1686	10
71902	420	10
71902	5078	10
71902	552	7
72099	4237	9
72099	1490	8
72099	6126	8
72099	3082	10
72099	414	8
72099	285	7
72100	301	9
72100	486	7
72100	695	9
72100	3438	10
72100	653	8
72100	1193	10
72100	1686	10
72100	451	6
72100	1728	10
72100	4760	9
72100	592	7
72100	5856	10
72183	1292	9
72183	2329	8
72183	2026	7
72183	1842	10
72183	789	10
72190	3710	10
72190	140	10
72190	4320	9
72190	6127	10
72190	6128	9
72190	637	8
72190	232	8
72214	446	7
72214	4149	10
72214	2971	9
72214	124	2
72214	1011	9
72214	5576	10
72214	4016	10
72214	4186	9
72214	1199	10
72214	1061	8
72214	4428	10
72214	829	9
72214	224	9
72214	225	9
72214	6129	9
72214	4205	10
72214	5792	10
72214	4053	10
72214	2915	10
72214	861	8
72214	5628	9
72214	3424	9
72214	2999	10
72214	3000	9
72214	4459	10
72214	4610	10
72214	4694	9
72214	232	10
72214	3810	9
72214	119	9
72214	2538	9
72214	6130	9
72238	3831	9
72238	2781	9
72238	3648	9
72238	5437	9
72238	3634	9
72238	377	10
72238	361	9
72238	4311	8
72238	4094	9
72238	3416	8
72238	3051	10
72287	22	9
72287	274	6
72287	5031	8
72287	3213	9
72287	5284	9
72287	3891	10
72287	173	10
72296	1055	7
72296	1119	9
72296	617	10
72296	2037	9
72296	2258	9
72296	2259	9
72296	2260	10
72296	2261	10
72296	2265	10
72352	6131	9
72352	4020	10
72352	2597	9
72352	4962	10
72352	5452	9
72352	5410	9
72352	6132	9
72352	4366	10
72368	2208	8
72368	4859	10
72368	657	5
72368	4989	7
72368	382	8
72368	1751	9
72368	2515	10
72368	6133	8
72418	640	10
72418	3061	9
72418	2874	10
72418	144	10
72418	4345	10
72418	2342	10
72418	269	9
72418	5008	10
72451	6134	9
72451	4648	10
72451	1478	9
72451	1479	10
72451	1482	9
72451	5235	9
72451	5619	10
72451	6135	10
72451	6136	10
72470	2108	10
72470	4551	10
72470	6137	10
72470	1271	10
72470	3280	9
72523	5	9
72523	1707	8
72523	1880	9
72523	723	10
72523	2329	8
72523	432	9
72523	971	6
72523	3093	7
72523	4835	9
72523	3621	9
72523	3622	8
72523	3623	10
72523	712	8
72523	3624	9
72523	6138	9
72523	1273	7
72530	447	10
72530	807	9
72530	2938	10
72530	2939	10
72530	5772	10
72530	744	10
72530	4398	8
72530	4325	7
72530	4146	7
72530	939	10
72530	3993	9
72530	6139	9
72575	3301	10
72575	1724	10
72575	6140	9
72575	135	10
72575	5063	10
72575	4977	9
72575	70	2
72575	1525	10
72575	4333	10
72575	578	9
72575	3532	10
72575	127	5
72575	5021	10
72601	5872	8
72601	3020	10
72601	2474	9
72601	4706	10
72601	6102	9
72601	1273	10
72601	352	9
72601	4960	10
72636	776	9
72636	6141	9
72636	3180	9
72636	6142	10
72636	990	9
72636	552	8
72636	1133	10
72707	1166	9
72707	6143	9
72707	62	10
72707	2013	9
72707	1159	9
72707	88	9
72707	2521	10
72742	2349	9
72742	1716	10
72742	241	10
72742	784	8
72742	5779	9
72785	5161	10
72785	2415	8
72785	655	10
72785	4620	9
72785	730	9
72785	5325	10
72785	6144	10
72990	448	10
72990	4775	10
72990	6145	10
72990	3170	8
72990	4673	10
72990	338	7
72990	339	7
72990	6058	9
72990	434	5
72990	5155	10
72990	230	10
72990	6146	9
72990	4485	10
73003	5549	10
73003	2726	9
73003	2664	9
73003	1689	10
73003	1398	8
73022	1382	8
73022	414	7
73022	3405	10
73022	2791	10
73022	86	8
73022	311	9
73022	93	10
73022	4365	10
73022	2672	9
73044	693	7
73044	5079	10
73044	316	10
73044	809	7
73044	465	5
73044	879	10
73044	50	4
73044	1055	8
73044	2918	9
73044	243	4
73044	1428	8
73044	721	9
73044	6147	10
73044	4871	10
73044	1179	8
73044	4821	10
73044	2973	9
73044	1190	8
73044	1660	7
73044	235	8
73044	930	10
73044	1033	9
73044	2068	9
73044	3440	10
73044	3581	8
73044	51	8
73044	416	9
73044	1203	10
73044	1411	7
73044	18	9
73044	2015	9
73044	421	7
73044	192	5
73044	685	10
73044	2270	10
73044	1218	9
73044	2991	9
73056	581	6
73056	59	8
73056	1636	8
73056	124	3
73056	6148	9
73056	1684	10
73056	1064	9
73056	590	5
73056	2272	10
73056	267	8
73056	1813	10
73056	1543	10
73056	2200	9
73056	5023	10
73056	108	10
73056	2093	9
73056	2702	10
73330	491	10
73330	4858	10
73330	925	9
73330	2208	8
73330	2120	9
73330	1745	10
73330	700	9
73330	651	8
73330	5993	10
73330	2974	9
73330	1431	10
73330	4216	9
73330	467	9
73330	1226	10
73330	1527	9
73330	938	7
73330	1946	9
73330	3122	10
73330	1384	10
73330	4053	10
73330	1415	10
73330	6149	10
73330	3895	10
73363	2971	10
73363	1253	7
73363	387	10
73363	185	8
73363	98	10
73394	5526	10
73394	183	8
73394	708	8
73394	1659	10
73394	1421	9
73394	388	10
73394	1474	10
73394	3940	9
73394	1445	9
73394	2755	9
73394	4678	10
73394	6141	9
73394	191	10
73394	4008	10
73394	3056	9
73394	4277	10
73394	5040	9
73394	101	10
73394	3128	10
73394	5295	10
73394	781	7
73394	5776	10
73398	410	7
73398	4690	10
73398	1300	10
73398	1380	9
73398	6150	10
73548	2951	9
73548	2004	9
73548	6151	9
73548	6152	8
73548	2348	9
73588	3212	9
73588	1707	9
73588	1117	8
73588	4284	9
73588	3239	9
73588	358	8
73588	2603	10
73588	359	10
73588	450	9
73588	5752	10
73588	258	10
73588	1096	10
73588	259	8
73588	6153	10
73588	4981	10
73588	894	9
73588	2989	10
73588	6059	10
73588	3175	9
73588	3177	10
73588	1126	7
73588	3436	10
73588	5742	9
73588	6154	10
73622	253	10
73622	1104	6
73622	5571	10
73622	6155	10
73622	5600	10
73622	1379	10
73622	2677	9
73651	1022	8
73651	684	8
73651	2818	9
73651	1512	9
73651	3260	8
73651	4075	9
73651	4079	10
73651	3844	9
73651	4080	10
73651	1059	10
73651	1192	8
73651	3570	9
73651	5712	10
73651	6156	10
73651	4726	8
73651	1062	9
73651	4514	9
73651	2294	10
73651	5123	10
73651	218	9
73651	3416	7
73651	3325	9
73651	3858	9
73651	265	9
73651	367	9
73651	4082	8
73651	764	9
73651	2316	10
73681	4581	10
73681	2892	10
73681	2183	10
73681	302	10
73681	925	9
73681	1464	10
73681	6157	10
73681	1894	10
73681	1762	10
73681	227	9
73681	5998	9
73681	6064	9
73681	2704	9
73681	5246	9
73681	1858	8
73681	3945	9
73681	3306	10
73681	5831	9
73681	307	10
73681	70	2
73681	1491	8
73681	2080	7
73681	2992	9
73681	4219	10
73681	1382	10
73681	471	9
73681	472	8
73681	340	9
73681	546	9
73681	4034	10
73681	6158	10
73681	2897	10
73681	1377	9
73681	474	9
73681	1759	8
73681	2692	8
73681	3385	9
73681	1983	9
73681	6159	8
73681	6160	10
73681	2857	8
73681	2823	9
73681	2858	9
73681	2859	10
73681	480	7
73681	4265	10
73681	2516	9
73681	1272	8
73681	2319	10
73681	1433	9
73681	1434	10
73681	192	5
73681	5165	10
73681	3333	8
73681	6161	10
73681	285	6
73681	120	10
73681	3234	10
73681	4047	10
73741	3083	7
73741	1507	10
73741	6106	9
73741	922	10
73741	274	6
73741	3770	10
73741	541	10
73741	381	9
73741	620	10
73795	4120	10
73795	50	5
73795	2961	8
73795	1260	10
73795	1735	10
73837	3568	10
73837	395	9
73837	6162	9
73837	1975	10
73837	5995	10
73837	1199	10
73837	2699	10
73923	1020	9
73923	2239	10
73923	1253	9
73923	465	5
73923	1259	9
73923	410	9
73923	2829	8
73923	5993	10
73923	4374	10
73923	1560	10
73923	5901	9
73923	2975	10
73923	745	10
73923	1337	9
73923	2920	9
73923	1616	9
73923	1104	6
73923	1237	9
73923	2821	9
73923	1752	10
73923	4738	10
73923	193	10
73923	1671	9
73923	3729	10
73923	6163	10
73923	1672	9
74026	273	9
74026	4268	10
74026	5803	10
74026	6164	10
74026	5256	8
74026	1793	9
74026	6165	10
74026	3766	9
74026	4015	9
74026	3131	9
74026	469	8
74026	3869	10
74026	1123	9
74026	6166	9
74026	3745	9
74026	2714	10
74026	2715	8
74026	2716	10
74026	782	9
74026	783	10
74026	4477	9
74026	4899	8
74056	134	10
74056	1586	8
74056	1587	8
74056	392	10
74056	216	10
74056	4033	10
74056	6167	8
74056	3376	10
74056	1031	9
74056	2919	6
74056	2912	8
74056	4743	10
74056	3705	10
74056	472	8
74056	473	7
74056	341	6
74056	5018	9
74056	543	9
74056	5238	9
74056	1410	9
74056	1572	7
74056	4073	10
74056	4195	10
74056	2889	10
74056	5540	10
74093	1715	10
74093	691	7
74093	932	10
74093	4584	10
74093	2129	9
74106	3667	10
74106	3080	8
74106	6168	10
74106	4677	10
74106	3747	9
74106	329	10
74175	406	10
74175	651	8
74175	124	1
74175	1193	7
74175	1389	8
74175	500	9
74185	405	10
74185	182	9
74185	124	2
74185	4788	9
74185	1598	10
74185	1684	10
74185	1660	7
74185	3705	7
74185	2873	8
74185	341	8
74185	363	10
74185	1986	10
74185	2413	10
74274	5811	10
74274	1042	9
74274	450	8
74274	1589	8
74286	409	8
74286	465	5
74286	530	9
74286	3917	10
74286	1506	10
74286	533	8
74286	411	10
74286	1179	7
74286	412	9
74286	2925	10
74286	2926	10
74286	1616	8
74286	451	4
74286	3943	10
74286	1764	8
74286	2004	9
74286	1205	8
74286	2821	9
74286	1627	10
74286	1412	10
74286	1492	10
74286	4245	10
74286	592	7
74286	214	7
74286	2028	9
74286	6169	10
74328	6170	10
74328	809	8
74328	465	6
74328	6004	10
74328	5646	9
74356	4977	9
74356	880	8
74356	4063	9
74356	4346	9
74356	5424	10
74356	4435	8
74453	3118	10
74453	410	8
74453	2403	10
74453	4602	8
74453	70	2
74453	2873	9
74453	5899	10
74453	4007	9
74453	938	8
74453	6171	10
74453	2670	9
74453	4544	10
74453	1396	10
74453	4013	10
74453	3729	10
74487	4460	10
74487	4779	10
74487	6172	9
74487	4862	10
74487	5407	10
74493	3260	9
74493	3935	10
74493	2599	10
74493	6173	9
74493	219	9
74493	220	9
74493	223	9
74493	6174	10
74571	6175	10
74571	4959	10
74571	1158	9
74571	469	8
74571	597	9
74630	708	8
74630	987	9
74630	6176	10
74630	41	6
74630	1617	7
74630	2108	9
74630	550	9
74630	192	5
74630	2156	9
74630	2985	10
74665	1144	8
74665	1925	9
74665	338	6
74665	339	8
74665	1946	9
74665	5949	9
74665	434	7
74665	939	10
74665	4886	9
74665	1671	10
74665	285	8
74687	1510	8
74687	2138	10
74687	1610	8
74687	1862	10
74687	5769	10
74689	3651	9
74689	719	10
74689	4303	9
74689	6177	10
74689	858	10
74691	6178	10
74691	227	8
74691	3668	10
74691	6179	10
74691	2918	8
74691	957	9
74691	4217	10
74691	430	10
74691	2663	10
74691	5484	10
74691	1949	10
74691	6180	10
74691	5569	9
74691	1301	10
74743	3745	10
74743	548	9
74743	665	7
74743	1397	8
74758	4280	10
74758	5006	10
74758	215	10
74758	1823	8
74758	1025	9
74758	6181	8
74758	414	8
74758	1262	9
74758	6182	10
74758	5753	10
74758	1626	7
74758	367	7
74758	764	9
74758	877	10
74758	5522	10
74758	5523	9
74758	568	9
74758	6183	10
74833	384	8
74833	1634	9
74833	1770	9
74833	2197	10
74833	6080	10
74833	5300	8
74833	460	8
74849	3272	10
74849	4615	9
74849	5012	9
74849	5767	7
74849	3883	10
74849	4990	10
74911	3918	9
74911	3374	10
74911	659	9
74911	831	9
74911	3056	9
74911	501	8
75013	486	7
75013	3780	9
75013	4955	9
75013	794	9
75013	2058	10
75028	124	1
75028	3715	10
75028	1709	9
75028	3518	8
75028	1851	8
75028	1946	9
75081	1806	10
75081	486	8
75081	2239	9
75081	6184	9
75081	2830	10
75081	1391	10
75081	169	7
75081	279	9
75081	1389	8
75081	1781	8
75081	40	10
75081	592	8
75081	2006	10
75081	6053	10
75089	4919	9
75089	1056	10
75089	124	2
75089	4108	10
75089	1196	9
75089	896	9
75089	2432	10
75089	3961	9
75089	1123	10
75089	657	7
75089	444	10
75089	2989	10
75089	1574	7
75089	2728	10
75115	6185	9
75115	4877	10
75115	3657	10
75115	1488	9
75115	4960	10
75115	5717	9
75119	1164	10
75119	3680	10
75119	538	8
75119	2914	10
75119	1207	7
75119	1433	10
75149	2408	9
75149	1166	8
75149	693	7
75149	207	8
75149	1248	10
75149	465	6
75149	287	9
75149	1172	10
75149	227	6
75149	2917	10
75149	6090	9
75149	1940	9
75149	243	6
75149	1224	10
75149	1176	8
75149	1516	10
75149	588	10
75149	1527	9
75149	590	6
75149	2412	10
75149	5486	10
75149	6187	10
75149	5903	9
75149	157	8
75149	1550	10
75149	954	9
75149	404	7
75149	1991	9
75330	957	8
75330	533	6
75330	3144	10
75330	1359	7
75330	1150	10
75429	6188	9
75429	2401	10
75429	5360	9
75429	1188	9
75429	934	6
75429	6189	9
75485	1220	10
75485	4026	10
75485	503	9
75485	1115	6
75485	3671	9
75485	1026	8
75485	5994	9
75485	1058	9
75485	1407	9
75485	4185	9
75485	1927	9
75485	70	1
75485	4724	9
75485	3320	10
75485	886	9
75485	1264	9
75485	477	8
75485	6190	10
75485	5351	9
75485	789	9
75485	4949	7
75485	373	10
75485	4309	10
75485	1908	8
75491	1293	9
75491	1510	9
75491	538	9
75491	1071	8
75491	51	6
75491	657	6
75491	5140	10
75491	214	9
75491	2156	10
75551	616	10
75551	3094	10
75551	5247	10
75551	5577	9
75551	4643	9
75551	3098	10
75551	6191	9
75551	6192	9
75551	855	10
75701	1553	10
75701	4603	10
75701	3507	9
75701	2850	9
75701	6193	10
75701	3099	10
75701	6194	9
75762	6195	9
75762	3642	10
75762	6196	10
75762	6197	10
75777	458	8
75777	3632	10
75777	4713	9
75777	1946	9
75777	5973	10
75787	6198	9
75787	6199	9
75787	2718	8
75787	715	8
75787	2552	10
75809	3133	8
75809	74	9
75809	2334	8
75809	5444	10
75809	6156	10
75809	4112	9
75809	2335	10
75809	5494	10
75819	5147	10
75819	4919	9
75819	1056	8
75819	124	1
75819	533	8
75819	775	10
75819	776	10
75819	1440	9
75819	2942	8
75819	628	8
75819	1444	9
75819	5099	9
75819	3074	10
75819	70	2
75819	4071	9
75819	1309	10
75819	2847	10
75819	471	8
75819	473	7
75819	341	7
75819	1104	9
75819	997	8
75819	2070	9
75819	1763	9
75819	4381	10
75819	912	9
75819	3718	9
75819	2832	10
75819	6025	9
75819	92	10
75819	480	8
75819	2233	9
75819	1401	10
75819	2552	10
75819	239	9
75819	5146	9
75819	6200	10
75819	3078	9
75819	4623	9
75819	34	10
75819	637	10
75819	1892	9
75819	781	8
75819	5868	10
75819	242	10
75860	6201	9
75860	1586	9
75860	1025	10
75860	469	8
75860	1927	10
75860	6202	10
75860	1392	10
75860	5730	8
75860	414	6
75860	1662	10
75860	5817	10
75860	1984	9
75860	1398	10
75860	924	10
75860	625	10
76001	4554	7
76001	4800	10
76001	4556	10
76001	4557	10
76001	805	9
76019	2843	9
76019	1643	10
76019	287	9
76019	2089	10
76019	2283	10
76019	2641	10
76019	4579	10
76019	4283	9
76019	4354	10
76019	2385	9
76019	355	10
76019	6203	10
76019	722	10
76019	5275	10
76019	5124	9
76019	4423	10
76019	3345	9
76019	2523	10
76019	878	9
76019	1550	8
76102	1001	10
76102	5528	10
76102	1158	6
76102	68	10
76102	2876	10
76102	3321	8
76102	377	9
76102	4311	10
76102	1065	10
76102	3462	10
76102	420	8
76102	736	9
76102	3180	8
76102	624	9
76105	487	10
76105	4061	10
76105	3078	9
76105	3005	8
76151	2658	10
76151	3028	10
76151	2659	9
76151	317	10
76151	5647	10
76151	335	10
76151	910	9
76151	1652	9
76151	3471	9
76151	1504	10
76151	5006	9
76151	391	10
76151	5435	10
76151	957	7
76151	4952	10
76151	531	9
76151	124	1
76151	1557	10
76151	5212	8
76151	2248	9
76151	2325	10
76151	1120	10
76151	24	8
76151	5412	10
76151	3293	10
76151	254	10
76151	235	8
76151	3074	10
76151	540	9
76151	3488	10
76151	321	9
76151	3489	10
76151	5251	10
76151	27	10
76151	3295	10
76151	2664	8
76151	5100	10
76151	1606	9
76151	5117	10
76151	1160	10
76151	255	10
76151	3353	10
76151	5518	10
76151	2647	10
76151	3415	9
76151	3637	9
76151	4173	10
76151	4174	10
76151	4201	9
76151	311	10
76151	1609	9
76151	2257	9
76151	1161	10
76151	2258	10
76151	2259	10
76151	2260	10
76151	2261	10
76151	2263	10
76151	2264	10
76151	2265	10
76151	5768	10
76151	1854	9
76151	2614	8
76151	766	8
76151	2615	8
76151	2616	10
76151	2166	10
76151	2618	9
76151	5240	9
76151	2085	10
76151	5035	10
76151	2167	10
76151	2619	10
76151	518	9
76151	519	9
76151	2551	10
76151	1316	9
76151	2047	10
76151	6205	10
76151	5513	10
76151	4808	10
76151	612	10
76151	3754	10
76151	6206	10
76151	549	10
76151	2700	9
76151	4366	9
76151	3852	9
76151	2622	10
76151	3833	10
76151	2638	10
76151	4367	10
76151	5377	8
76151	6207	10
76151	3853	9
76151	4347	10
76151	3157	10
76151	5038	9
76151	5241	10
76151	4888	9
76151	5378	9
76151	4613	10
76151	2389	10
76151	2241	9
76151	6208	8
76151	5379	10
76151	4975	9
76151	5707	10
76151	614	7
76151	2666	10
76151	6209	10
76151	2667	8
76151	4368	10
76151	1493	9
76151	7	10
76151	326	9
76151	2579	9
76151	3078	8
76151	2728	10
76151	5425	9
76151	3404	9
76151	4610	10
76151	4330	10
76151	3298	9
76151	4018	9
76151	1131	10
76151	1370	10
76151	1849	9
76151	1915	10
76168	6099	9
76168	774	8
76168	981	6
76168	4398	9
76168	451	5
76168	2507	10
76168	2293	9
76168	6210	9
76168	2822	8
76168	609	9
76168	988	10
76168	4916	9
76168	1788	9
76173	3334	9
76173	5598	10
76173	2627	10
76173	3286	10
76173	4240	10
76173	2335	9
76173	377	9
76173	4069	10
76173	674	10
76173	160	8
76173	2026	7
76173	2338	10
76173	1448	8
76173	1853	8
76173	5103	10
76173	147	8
76173	4807	9
76173	163	9
76218	5159	10
76218	1447	9
76218	5180	10
76218	6211	9
76218	2516	8
76218	2233	7
76218	3790	10
76223	153	9
76223	4919	9
76223	4848	10
76223	3020	9
76223	2918	8
76223	5002	10
76223	183	8
76223	397	10
76223	981	7
76223	1707	9
76223	471	7
76223	472	8
76223	340	9
76223	1104	7
76223	1702	8
76223	658	7
76223	4585	10
76223	2101	10
76223	6159	9
76223	88	10
76223	3172	9
76223	480	8
76223	3056	10
76223	1401	8
76223	5981	10
76223	782	9
76223	4837	8
76223	783	9
76223	4838	10
76223	5273	10
76223	4839	10
76223	4535	10
76223	8	9
76223	5274	10
76223	2566	10
76223	6212	9
76223	2642	10
76223	3996	9
76223	5483	10
76223	3997	10
76351	3074	10
76351	2662	8
76351	140	9
76351	2844	9
76351	764	8
76351	2795	9
76351	1797	10
76351	3264	10
76351	1730	9
76351	1541	9
76351	133	9
76351	4976	10
76352	446	8
76352	3713	9
76352	2554	9
76352	3116	10
76352	207	8
76352	774	8
76352	6213	10
76352	3696	9
76352	3847	8
76352	5312	9
76352	28	10
76352	6214	9
76352	6215	8
76352	4531	10
76352	3220	10
76352	2823	9
76352	1486	10
76352	1602	8
76352	5081	9
76352	3695	10
76352	2799	9
76352	152	7
76352	5405	10
76352	2870	8
76352	4710	9
76352	133	9
76352	1217	10
76352	4575	9
76482	1770	10
76482	6216	10
76482	2393	9
76482	50	5
76482	2918	8
76482	777	8
76482	947	9
76482	4050	9
76482	590	5
76482	352	8
76482	501	8
76483	428	9
76483	6217	9
76483	6218	9
76483	957	8
76483	4495	9
76483	5186	10
76483	5033	10
76483	235	7
76483	2806	9
76483	338	8
76483	1205	9
76483	2165	9
76483	2578	9
76483	1812	9
76483	3790	10
76483	941	10
76483	1789	10
76483	1368	9
76483	133	9
76483	2207	10
76483	4055	10
76530	883	9
76530	3619	10
76530	176	9
76530	3632	9
76530	6091	10
76530	3766	9
76530	5468	10
76530	4071	10
76530	6093	10
76530	4646	10
76530	4925	8
76530	6220	10
76530	434	7
76530	636	10
76530	3407	8
76530	3712	9
76530	4116	10
76530	1545	8
76530	956	10
76532	1737	9
76532	465	6
76532	5737	10
76532	3803	10
76532	5186	10
76532	4818	10
76532	1984	9
76532	1818	10
76576	2445	10
76576	5327	10
76576	537	8
76576	4033	10
76576	916	10
76576	4122	8
76576	4850	10
76576	3379	10
76576	4561	10
76576	2956	10
76576	2514	9
76576	6119	8
76576	5990	9
76576	991	9
76576	5639	10
76710	2467	9
76710	2816	10
76710	5528	10
76710	3831	10
76710	910	8
76710	1504	8
76710	1587	8
76710	392	9
76710	236	8
76710	2726	7
76710	6221	9
76710	1691	10
76710	1590	10
76710	4933	10
76710	4346	9
76710	4082	8
76741	1490	9
76741	1092	8
76741	4892	10
76741	2377	10
76741	6222	10
76803	1747	10
76803	2220	10
76803	1684	9
76803	5299	10
76803	1565	7
76803	2026	7
76803	1203	8
76803	2576	10
76803	5364	9
76803	1209	10
76803	552	7
76812	1731	9
76812	1411	8
76812	664	10
76812	637	8
76815	5174	9
76815	1330	9
76815	3742	10
76815	5132	10
76815	5785	9
76815	3556	10
76815	6223	10
76818	1630	8
76818	2449	10
76818	2450	8
76818	1745	9
76818	4221	8
76818	1821	10
76818	1329	8
76818	393	9
76818	394	8
76818	208	9
76818	183	9
76818	2325	10
76818	673	9
76818	1102	9
76818	3495	10
76818	4692	10
76818	75	9
76818	1702	7
76818	6224	9
76818	1632	7
76818	4665	10
76818	5459	10
76818	1530	9
76818	2635	9
76818	5250	9
76818	2398	8
76818	3931	10
76818	6225	9
76818	5470	9
76818	285	7
76818	1578	8
76818	5053	9
76873	5596	10
76873	4136	10
76873	1547	9
76873	6226	10
76873	625	10
76888	1166	10
76888	503	8
76888	274	6
76888	1117	6
76888	1118	9
76888	6227	9
76888	1977	9
76888	5730	9
76888	1979	10
76888	72	7
76888	418	10
76888	1378	10
76888	477	10
76888	2516	8
76888	3280	9
76888	1548	10
76888	2640	9
76942	1585	10
76942	5073	10
76942	957	6
76942	5749	10
76942	865	10
76942	5275	9
76942	702	10
76942	5280	10
76942	3500	10
76942	4050	10
76942	1382	9
76942	619	9
76942	185	10
76942	2967	9
76942	488	10
76942	259	9
76942	88	10
76942	4940	10
76942	2859	10
76942	1891	10
76942	4681	10
76942	2744	9
76942	855	10
76976	4092	8
76976	4296	10
76976	1068	7
76976	5377	10
76976	6183	9
77039	6064	10
77039	2013	8
77039	2297	10
77039	4412	9
77039	1489	8
77052	2631	10
77052	124	2
77052	2872	10
77052	5765	8
77052	6228	10
77052	3327	10
77181	207	7
77181	486	8
77181	334	10
77181	4121	10
77181	1259	9
77181	124	1
77181	3237	10
77181	235	8
77181	70	3
77181	6113	10
77181	4713	10
77181	906	8
77181	1751	9
77181	3022	8
77181	18	9
77181	4739	10
77181	4223	10
77181	2828	10
77261	2044	9
77261	451	6
77261	313	9
77261	665	7
77261	4761	10
77261	5107	9
77261	4403	9
77273	531	8
77273	387	10
77273	4691	8
77273	310	9
77273	1841	10
77273	685	8
77307	1221	10
77307	235	6
77307	70	5
77307	912	8
77307	85	9
77307	597	7
77359	4127	10
77359	697	10
77359	4183	10
77359	744	9
77359	2884	9
77359	156	8
77383	6229	10
77383	3267	10
77383	2853	10
77383	3268	10
77383	6230	10
77383	3827	10
77383	2854	10
77383	5473	9
77383	1404	10
77383	5635	10
77383	6231	10
77383	5359	10
77383	5475	10
77383	5480	10
77383	4380	10
77383	2500	10
77383	2501	10
77383	2502	10
77383	827	10
77383	725	10
77383	6191	10
77383	5143	9
77383	4072	10
77383	782	9
77383	924	9
77383	3388	9
77383	6232	10
77383	848	10
77383	849	9
77383	858	10
77480	3839	9
77480	800	8
77480	1428	8
77480	902	10
77480	967	9
77480	4217	9
77480	644	9
77480	5319	9
77480	2148	7
77480	4674	10
77480	6234	9
77480	2171	10
77480	3635	10
77480	4051	10
77480	379	9
77480	442	9
77480	380	8
77480	172	9
77480	1886	10
77480	4094	10
77480	2459	9
77480	180	10
77480	1801	9
77480	3944	10
77480	3223	10
77480	5921	7
77480	952	8
77480	2852	10
77480	20	5
77480	2986	9
77491	396	10
77491	1428	9
77491	1898	10
77491	4343	10
77491	2124	9
77491	2125	9
77491	3832	10
77491	1345	9
77491	1160	9
77491	2516	10
77491	1466	9
77499	1018	9
77499	2846	10
77499	6235	10
77499	5888	10
77499	6236	9
77499	3750	10
77499	4296	10
77517	5542	10
77517	3977	9
77517	3435	9
77517	5349	9
77517	5350	8
77517	127	5
77585	50	5
77585	774	9
77585	777	8
77585	3049	8
77585	2387	8
77585	235	7
77724	3021	9
77724	3632	9
77724	1056	9
77724	1280	10
77724	5110	9
77724	6227	9
77724	5901	10
77724	5202	9
77724	6237	9
77724	4375	10
77724	4129	10
77724	3962	10
77724	3782	10
77724	1277	9
77724	2689	10
77724	637	9
77724	4829	10
77772	816	9
77772	2180	10
77772	1748	10
77772	618	8
77772	4325	9
77772	434	7
77809	3419	10
77809	509	9
77809	581	4
77809	4318	10
77809	884	10
77809	2244	9
77809	5096	9
77809	124	2
77809	2830	10
77809	4420	8
77809	1510	9
77809	1715	9
77809	5948	9
77809	67	10
77809	2920	10
77809	2504	9
77809	4674	8
77809	590	6
77809	622	9
77809	40	9
77809	2047	9
77809	41	6
77809	6238	8
77809	5707	9
77809	435	10
77809	3790	10
77809	999	10
77809	6239	10
77809	3798	9
77809	5624	9
77809	1642	10
77809	5244	10
77809	4290	10
77816	21	9
77816	905	10
77816	451	6
77816	1448	10
77816	151	10
77860	2269	9
77860	449	9
77860	971	7
77860	3665	9
77860	4773	9
77868	4351	9
77868	1519	10
77868	1520	7
77868	1281	10
77868	4829	9
77940	6240	10
77940	6241	10
77940	4173	10
77940	3051	10
77940	2618	10
77940	3862	9
77940	5189	10
77940	4819	9
77940	6242	10
77960	492	10
77960	584	8
77960	2307	9
77960	6243	9
77960	5624	10
78007	1432	10
78007	4796	10
78007	6011	9
78007	127	6
78007	5537	8
78015	6244	10
78015	1555	8
78015	5137	10
78015	124	1
78015	5184	10
78015	1428	9
78015	1118	7
78015	1183	9
78015	4183	9
78015	1254	10
78015	449	9
78015	4699	10
78015	1564	10
78015	657	7
78015	716	10
78229	68	10
78229	308	10
78229	70	5
78229	3407	10
78229	98	8
78328	5471	10
78328	5472	10
78328	980	10
78328	2096	10
78328	274	6
78328	5473	9
78328	1115	7
78328	5474	9
78328	5477	10
78328	1117	7
78328	5480	10
78328	1118	10
78328	6227	10
78328	2119	7
78328	878	10
78440	6245	10
78440	922	9
78440	4580	9
78440	1042	9
78440	70	3
78440	2162	9
78440	6246	10
78440	5933	9
78440	5807	10
78440	2185	10
78440	2026	7
78440	2665	10
78448	428	9
78448	487	10
78448	649	8
78448	2120	8
78448	124	2
78448	3846	9
78448	5	9
78448	2879	10
78448	5543	10
78448	3957	10
78448	2387	10
78448	235	7
78448	3240	9
78448	3770	8
78448	74	10
78448	2148	10
78448	3213	9
78448	4238	10
78448	359	10
78448	1758	9
78448	2329	10
78448	77	8
78448	185	9
78448	3458	8
78448	5297	10
78448	906	8
78448	2795	9
78448	6247	10
78448	6248	10
78448	1411	9
78448	1633	9
78448	92	10
78448	6129	10
78448	1379	9
78448	5338	9
78448	2518	10
78448	2808	10
78448	614	5
78448	3256	10
78448	3999	9
78471	1470	9
78471	805	9
78471	1861	10
78471	149	10
78471	5769	9
78496	67	9
78496	3564	7
78496	4046	10
78496	4906	10
78496	3889	8
78496	5288	10
78496	1591	10
78496	2274	9
78496	2275	9
78496	2276	10
78496	6249	10
78545	6	9
78545	577	10
78545	442	9
78545	2173	9
78545	331	10
78564	6028	10
78564	774	9
78564	4284	10
78564	2044	9
78564	1655	8
78564	6250	10
78564	2158	10
78573	693	7
78573	1464	8
78573	6079	9
78573	416	8
78573	5163	9
78573	704	10
78589	5762	10
78589	5815	10
78589	614	8
78589	2174	8
78589	6251	9
78719	2803	10
78719	3092	9
78719	3727	10
78719	918	9
78719	2946	10
78719	6109	9
78719	2296	9
78719	1548	10
78778	1648	10
78778	3583	10
78778	496	9
78778	406	9
78778	1939	9
78778	1055	7
78778	1656	9
78778	669	9
78778	2391	10
78778	218	10
78778	6252	9
78778	2235	10
78783	3116	10
78783	5875	8
78783	862	8
78783	1253	7
78783	4870	9
78783	208	10
78783	124	1
78783	5840	10
78783	1135	10
78783	1179	7
78783	1512	10
78783	1611	10
78783	3316	10
78783	1421	9
78783	5686	10
78783	1660	9
78783	1912	10
78783	1194	10
78783	2919	6
78783	2912	9
78783	1249	9
78783	449	9
78783	892	9
78783	450	8
78783	2329	9
78783	3286	9
78783	1526	9
78783	2163	9
78783	589	10
78783	1851	7
78783	1640	9
78783	4695	10
78783	2961	9
78783	1690	10
78783	5188	10
78783	801	9
78783	3548	9
78783	3549	10
78783	417	8
78783	440	8
78783	1288	9
78783	1760	9
78783	6253	9
78783	5238	10
78783	4660	10
78783	6211	9
78783	4703	9
78783	2619	10
78783	6254	10
78783	3588	10
78783	3851	10
78783	1139	10
78783	3998	10
78783	1572	9
78783	1573	10
78783	814	9
78783	3333	9
78783	1574	8
78783	5418	9
78783	3442	8
78783	526	9
78783	3422	9
78783	3679	10
78783	2744	10
78783	2732	10
78783	1289	9
78783	6255	10
78783	739	10
78783	501	8
78783	1761	9
78783	1219	9
78834	6256	10
78834	580	10
78834	818	8
78834	719	10
78834	2494	10
78834	6257	10
78834	1999	10
78834	5500	10
78834	407	7
78834	1936	8
78834	4718	8
78834	1937	10
78834	1259	9
78834	6184	10
78834	533	6
78834	61	7
78834	586	9
78834	3803	10
78834	6258	10
78834	1431	8
78834	653	9
78834	1659	10
78834	1407	9
78834	1254	9
78834	1255	9
78834	4524	10
78834	2356	10
78834	1337	9
78834	4620	9
78834	3185	9
78834	72	6
78834	1880	10
78834	341	6
78834	2633	10
78834	5637	8
78834	972	9
78834	886	10
78834	2765	10
78834	1946	9
78834	912	9
78834	478	10
78834	6253	10
78834	3197	9
78834	2058	10
78834	5757	10
78834	284	9
78834	1572	10
78834	3899	10
78834	1434	8
78834	5372	10
78834	2579	8
78834	1856	10
78834	5541	10
78834	3764	10
78834	3048	9
78834	2093	9
78834	569	10
78834	5770	10
78834	2891	9
78834	1548	8
78834	843	10
78834	4683	9
78834	4352	10
78834	6259	9
78834	6260	10
78834	5548	10
78834	6261	9
78834	6262	9
78834	6263	9
78841	406	8
78841	243	8
78841	4182	9
78841	1773	6
78841	1901	7
78841	906	9
78841	2383	9
78846	316	7
78846	4811	10
78846	2243	10
78846	50	3
78846	4962	9
78846	6	8
78846	938	10
78846	590	7
78846	2173	10
78846	6264	10
78846	3822	9
78846	1642	9
78846	1908	10
78846	6265	9
78846	6266	9
78901	1171	9
78901	3980	9
78901	3580	10
78901	2980	10
78901	1677	10
78901	6268	9
79009	2846	9
79009	274	7
79009	1115	8
79009	6227	10
79009	2249	10
79009	3155	10
79009	2124	10
79009	4389	9
79009	2125	9
79009	4390	10
79009	3556	9
79009	2257	10
79009	2262	10
79009	834	10
79009	835	10
79009	3444	9
79055	930	9
79055	5437	10
79055	144	9
79055	4907	9
79055	1956	9
79089	1254	10
79089	1255	10
79089	6269	10
79089	6270	10
79089	5665	9
79089	4554	10
79089	4556	10
79089	5757	10
79089	1767	10
79089	2047	9
79172	405	10
79172	1941	8
79172	1332	8
79172	2002	9
79172	5566	9
79172	4064	10
79182	778	10
79182	1269	8
79182	179	8
79182	155	9
79182	4756	10
79186	3449	10
79186	616	10
79186	167	10
79186	471	8
79186	339	9
79186	4573	8
79186	2536	10
79215	1872	9
79215	4045	9
79215	4525	9
79215	533	7
79215	5599	8
79215	4003	8
79215	2873	10
79215	4517	10
79215	5220	10
79215	6153	10
79266	6201	9
79266	5263	10
79266	3249	10
79266	1828	10
79266	6271	10
79266	6168	9
79266	1744	9
79266	6273	10
79266	258	9
79266	381	9
79266	2628	9
79266	259	10
79266	1780	8
79266	224	8
79266	225	7
79266	3175	10
79266	90	9
79266	1451	10
79266	2299	10
79266	4966	10
79266	3618	9
79266	2638	10
79266	5379	10
79266	2305	9
79266	4752	9
79266	3503	9
79266	3265	10
79285	457	7
79285	287	10
79285	3846	10
79285	6274	10
79285	1772	10
79285	786	10
79285	4374	10
79285	4713	9
79285	2053	10
79285	6275	9
79285	6276	10
79285	550	10
79285	2889	9
79285	718	9
79366	5648	10
79366	160	5
79366	144	9
79366	5552	10
79366	1615	9
79556	678	10
79556	5642	10
79556	6277	10
79556	2719	10
79556	3778	10
79556	3123	9
79556	1364	10
79556	4490	10
79724	4427	8
79724	1720	8
79724	1382	9
79724	77	6
79724	1888	10
79724	3650	9
79724	3692	10
79724	6278	10
79724	4088	9
79736	1630	10
79736	1634	9
79736	465	4
79736	2854	9
79736	652	9
79736	6279	9
79736	432	9
79736	433	9
79736	5072	9
79740	3766	8
79740	4602	10
79740	70	2
79740	4329	10
79740	3050	9
79740	997	8
79740	3547	9
79740	1389	10
79740	219	10
79740	311	9
79740	3086	10
79740	5183	10
79740	881	10
79740	2083	10
79740	174	10
79740	41	6
79740	4314	9
79740	3252	9
79740	2347	8
79740	5557	10
79747	5057	9
79747	410	9
79747	1286	9
79747	1523	8
79747	546	9
79747	3670	9
79747	4441	10
79747	4431	10
79754	2434	10
79754	1068	9
79754	3878	10
79754	6009	10
79923	1497	9
79923	6281	9
79923	742	8
79923	5311	9
79923	1158	8
79923	885	9
79923	1159	9
79923	4818	10
79923	1104	6
79923	5306	10
79923	1812	10
79942	4418	9
79942	1747	9
79942	6282	9
79942	1377	8
79942	440	8
79942	1101	9
79942	460	8
79942	2050	10
79942	4465	10
79942	1489	10
79942	4466	8
79958	1999	10
79958	809	7
79958	957	7
79958	3425	10
79958	451	6
79958	1947	8
79961	6051	10
79961	1373	10
79961	4929	9
79961	3365	9
79961	6283	10
79961	2489	10
79961	977	10
79961	6284	8
79977	6285	9
79977	532	9
79977	3805	9
79977	320	8
79977	140	10
79977	5076	9
79977	27	9
79977	3133	9
79977	74	10
79977	3570	8
79977	546	8
79977	657	7
79977	1797	8
79977	3264	8
79977	3258	10
79977	3366	9
79977	1695	10
79977	3256	9
79977	1908	10
79977	3159	9
80036	486	7
80036	3669	10
80036	50	6
80036	3745	10
80036	1568	6
80036	127	5
80071	1166	10
80071	6286	9
80071	61	8
80071	5612	10
80071	1786	10
80071	189	9
80071	477	10
80071	481	10
80071	482	8
80071	2440	8
80071	2441	10
80071	1414	9
80071	436	10
80075	6287	8
80075	70	3
80075	801	10
80075	2897	7
80075	1569	9
80105	650	10
80105	235	7
80105	6158	8
80105	624	9
80105	54	9
80105	556	10
80105	2207	9
80203	883	6
80203	1428	8
80203	2354	9
80203	71	10
80203	2967	10
80203	210	9
80203	1854	10
80203	1068	9
80203	5912	10
80203	3243	10
80203	2413	9
80203	285	8
80234	3929	9
80234	6288	10
80234	183	8
80234	5246	10
80234	2097	9
80234	4555	10
80266	4268	8
80266	532	8
80266	4214	8
80266	6283	10
80323	584	10
80323	2881	8
80323	3170	10
80323	79	9
80323	5817	9
80323	1212	8
80453	776	9
80453	1011	9
80453	3179	10
80453	5545	10
80453	988	10
80453	782	8
80453	5273	9
80453	784	8
80453	6289	8
80453	856	10
80516	4090	9
80516	1183	10
80516	449	8
80516	590	5
80516	592	6
80516	127	4
80516	1765	9
80538	57	9
80538	2180	7
80538	4581	10
80538	2655	10
80538	486	7
80538	6290	10
80538	3448	9
80538	2657	10
80538	227	9
80538	1114	10
80538	2918	6
80538	124	2
80538	5643	10
80538	1596	8
80538	3604	10
80538	2569	10
80538	777	7
80538	1286	10
80538	4842	10
80538	1254	9
80538	1159	10
80538	1491	8
80538	3986	10
80538	3040	8
80538	1203	9
80538	590	6
80538	3231	8
80538	610	10
80538	6291	10
80538	3532	10
80538	5824	9
80538	6292	8
80538	100	9
80538	3992	10
80538	132	10
80538	2236	9
80538	120	9
80538	3996	10
80555	678	8
80555	274	6
80555	5348	10
80555	5312	10
80555	2215	8
80555	611	6
80555	988	9
80555	2399	9
80555	940	9
80555	835	9
80555	569	10
80555	3382	9
80555	850	10
80555	851	10
80555	854	10
80555	6293	10
80555	857	7
80555	20	5
80555	1488	10
80642	1236	10
80642	794	9
80642	3238	9
80642	2710	10
80642	474	8
80642	4703	9
80642	4891	10
80642	3566	10
80642	5195	10
80642	4202	8
80642	2413	9
80642	784	6
80661	1427	9
80661	3632	10
80661	243	7
80661	2974	9
80661	1491	7
80661	6294	10
80683	4718	10
80683	61	7
80683	2170	9
80683	3374	9
80683	617	10
80683	72	10
80683	3727	9
80683	4665	9
80683	6295	9
80683	477	9
80683	1066	7
80683	3380	9
80683	5787	9
80683	5167	10
80683	875	10
80683	2711	9
80683	2460	9
80683	4704	10
80683	1360	9
80683	552	7
80683	614	7
80683	285	9
80683	4067	10
80684	901	9
80684	3059	9
80684	2185	10
80684	3581	10
80684	1800	10
80684	41	8
80690	1872	10
80690	901	10
80690	5246	10
80690	2014	10
80690	350	8
80690	4053	10
80690	665	7
80810	4335	10
80810	3946	9
80810	227	7
80810	981	7
80810	2496	10
80810	2497	10
80810	2361	10
80810	6296	9
80810	6297	9
80810	5280	10
80810	68	9
80810	2034	10
80810	4945	10
80810	3648	9
80810	2148	10
80810	1045	9
80810	1460	9
80810	1104	8
80810	195	10
80810	933	9
80810	983	9
80810	3093	9
80810	4114	9
80810	4093	9
80810	5183	10
80810	3051	10
80810	2262	8
80810	3650	9
80810	1711	9
80810	6298	10
80810	3643	10
80810	3665	8
80810	4807	9
80810	5230	9
80810	6299	10
80810	2460	10
80810	3331	9
80810	3864	10
80810	6300	10
80810	501	10
80820	2392	10
80820	3520	8
80820	1259	8
80820	1940	10
80820	2830	8
80820	4842	10
80820	1659	9
80820	246	9
80820	226	8
80820	1578	10
80826	1554	7
80826	1428	8
80826	1177	9
80826	4183	10
80826	2663	10
80826	3040	10
80826	483	10
80826	2436	9
80826	2437	9
80826	4158	9
80837	5136	9
80837	1171	10
80837	6301	9
80837	4114	10
80837	1764	9
80837	1066	9
80837	5288	9
80837	2398	10
80837	953	9
80929	6302	8
80929	4779	10
80929	1253	9
80929	5246	9
80929	3283	9
80945	5584	9
80945	4919	9
80945	6303	9
80945	5529	9
80945	3646	10
80945	1504	9
80945	6281	9
80945	129	10
80945	1438	10
80945	734	9
80945	394	9
80945	124	3
80945	800	9
80945	1707	10
80945	4153	9
80945	1619	9
80945	2875	8
80945	1002	8
80945	360	10
80945	1268	8
80945	1623	10
80945	5724	9
80945	1726	9
80945	144	8
80945	4882	9
80945	794	8
80945	3093	8
80945	4596	7
80945	4051	10
80945	4517	10
80945	1448	10
80945	5814	9
80945	2795	8
80945	1797	9
80945	2693	9
80945	6304	10
80945	3258	9
80945	3885	10
80945	5783	10
80945	1379	8
80945	1068	9
80945	3360	10
80945	3443	8
80945	5659	10
80954	3347	10
80954	416	9
80954	875	9
80954	3333	9
80954	2827	9
80996	3739	10
80996	4355	10
80996	505	10
80996	1882	10
80996	3752	10
81015	5671	8
81015	1634	8
81015	1008	9
81015	1607	9
81015	1705	10
81015	852	10
81015	5943	10
81015	3995	9
81045	1737	9
81045	6305	10
81045	1056	9
81045	930	10
81045	3570	10
81045	6306	9
81045	1729	9
81045	2426	10
81064	4046	10
81064	5837	10
81064	4979	8
81064	611	8
81064	4426	9
81064	20	6
81088	6126	10
81088	3518	9
81088	1901	8
81088	590	8
81088	614	7
81088	192	6
81088	1364	10
81088	3205	9
81088	3679	10
81088	954	9
81088	1723	10
81121	4823	9
81121	6307	10
81121	6308	9
81121	5585	10
81121	2018	9
81121	533	6
81121	946	9
81121	72	9
81121	971	5
81121	4129	10
81121	1702	7
81121	2396	10
81121	2165	9
81121	1712	8
81121	5859	9
81121	1126	10
81121	3782	9
81121	3421	9
81121	1788	8
81121	6309	8
81121	3129	10
81136	4108	9
81136	777	7
81136	2819	10
81136	4238	9
81136	451	7
81136	1264	8
81136	474	10
81136	712	9
81136	5290	10
81136	1964	8
81207	1166	8
81207	615	9
81207	680	9
81207	2014	10
81207	308	9
81207	1491	9
81207	5741	9
81207	2319	10
81207	1414	8
81207	500	7
81207	561	10
81207	2891	9
81207	6310	10
81207	4902	9
81216	465	5
81216	2360	10
81216	2394	10
81216	1249	8
81216	654	10
81216	388	9
81216	505	9
81216	294	10
81216	379	8
81216	2084	10
81216	40	10
81216	1601	9
81216	4877	10
81216	109	10
81216	3657	9
81249	3141	10
81249	3142	9
81249	1336	9
81249	1415	10
81249	6044	8
81249	1154	8
81249	978	10
81263	693	6
81263	2940	9
81263	124	1
81263	1011	10
81263	3092	9
81263	3512	10
81263	2942	10
81263	746	8
81263	4122	9
81263	3675	9
81263	6311	10
81263	1410	9
81263	3231	8
81263	4989	9
81263	6060	10
81263	1036	10
81263	5034	9
81263	382	10
81263	383	9
81263	6061	10
81263	4436	10
81263	4289	10
81263	1754	10
81263	156	9
81263	6312	7
81274	457	9
81274	6313	10
81274	1777	10
81274	341	8
81274	730	10
81274	4423	10
81274	3345	8
81274	5952	10
81274	2796	9
81298	243	6
81298	1058	7
81298	2387	9
81298	6314	10
81298	4468	10
81298	2045	10
81298	3581	8
81298	478	10
81298	1617	9
81298	3993	10
81298	1603	9
81298	2532	9
81298	2863	9
81298	2864	10
81298	1074	10
81298	2168	10
81298	2865	9
81298	2533	10
81298	1217	10
81298	5779	10
81298	2158	10
81298	2207	9
81298	489	10
81303	4969	10
81303	3564	9
81303	1268	7
81303	2280	10
81303	4612	10
81303	3354	8
81303	1744	9
81303	6207	10
81303	3031	10
81303	4997	9
81318	581	2
81318	486	7
81318	809	8
81318	884	9
81318	957	7
81318	124	2
81318	1230	10
81318	70	3
81318	546	7
81318	1689	10
81318	1691	8
81318	937	9
81318	6158	10
81318	2398	10
81318	5961	10
81318	1394	9
81318	3156	10
81318	127	7
81318	3315	9
81318	1397	9
81318	3112	10
81318	2963	9
81318	1463	9
81324	3113	9
81324	124	2
81324	3059	10
81324	2961	9
81324	4008	10
81324	4012	9
81333	3671	10
81333	937	9
81333	416	8
81333	1048	9
81333	5211	10
81368	1936	10
81368	1770	9
81368	6315	10
81368	5358	10
81368	165	8
81368	4672	9
81368	70	5
81368	1269	9
81368	938	9
81368	4727	9
81368	4546	9
81368	3550	9
81368	434	5
81368	2005	8
81368	781	5
81368	4683	10
81368	943	10
81368	954	7
81434	6316	10
81434	533	5
81434	1261	9
81434	1065	9
81434	2459	8
81434	1617	10
81459	2925	10
81459	4776	8
81459	6317	10
81459	1614	10
81459	770	9
81484	777	8
81484	5660	8
81484	70	2
81484	2920	9
81484	341	9
81484	6158	9
81484	127	6
81484	1068	9
81484	192	4
81484	205	10
81492	3667	10
81492	6201	10
81492	1291	6
81492	2846	10
81492	1823	9
81492	410	8
81492	124	2
81492	3064	7
81492	774	7
81492	777	8
81492	1025	10
81492	4231	9
81492	3935	9
81492	2783	10
81492	469	9
81492	5610	8
81492	2683	9
81492	540	7
81492	2504	10
81492	338	7
81492	3155	9
81492	1744	8
81492	2388	10
81492	5324	9
81492	5183	10
81492	5645	10
81492	434	4
81492	6205	8
81492	5707	9
81492	6318	10
81492	552	7
81492	5668	10
81492	665	7
81492	834	9
81492	1765	8
81492	4683	10
81492	5702	10
81492	1075	10
81492	3331	8
81492	3159	9
81492	133	10
81492	5591	9
81578	2147	9
81578	3194	9
81578	2992	10
81578	169	6
81578	170	8
81597	124	1
81597	274	5
81597	1441	9
81597	1421	9
81597	2698	8
81597	5029	8
81597	5333	9
81597	1296	10
81597	5965	10
81597	2875	10
81597	4329	10
81597	2876	8
81597	892	8
81597	2080	8
81597	2573	9
81597	2329	7
81597	3771	10
81597	5181	8
81597	5839	9
81597	2877	10
81597	5344	10
81597	3401	9
81597	6319	10
81597	5758	10
81597	4083	10
81597	3948	9
81597	3490	8
81597	4035	10
81597	2346	8
81597	1905	8
81597	2697	10
81597	2712	9
81597	3965	9
81597	1106	9
81597	2347	9
81597	2173	10
81597	614	5
81597	192	6
81597	1455	8
81597	2348	9
81597	268	10
81597	1924	10
81597	2174	8
81597	4368	9
81597	1574	7
81597	151	8
81597	1863	10
81609	2916	10
81609	3543	9
81609	3237	9
81609	972	9
81609	3759	10
81609	4778	10
81609	5507	9
81609	5878	9
81672	315	10
81672	4963	10
81672	962	10
81672	5769	9
81682	5052	9
81682	407	7
81682	1586	9
81682	1587	10
81682	216	10
81682	395	10
81682	775	9
81682	1026	9
81682	1027	9
81682	653	9
81682	412	9
81682	634	8
81682	1336	9
81682	2912	8
81682	432	10
81682	1626	6
81682	381	8
81682	3548	8
81682	2628	9
81682	3685	10
81682	1755	10
81682	803	9
81682	3112	9
81682	1251	9
81682	456	9
81771	2456	10
81771	492	9
81771	649	10
81771	227	6
81771	50	4
81771	2918	9
81771	438	10
81771	2226	8
81771	2480	10
81771	6320	10
81771	4497	9
81771	788	9
81771	1281	10
81771	1947	10
81771	3328	10
81771	423	10
81771	1574	7
81771	665	9
81771	2007	9
81771	739	8
81848	1498	9
81848	3668	10
81848	2829	9
81848	136	8
81848	1292	9
81848	183	5
81848	3064	9
81848	1659	9
81848	4743	9
81848	2327	9
81848	539	8
81848	2504	10
81848	3060	10
81848	3319	10
81848	1061	9
81848	3132	10
81848	2726	10
81848	450	8
81848	3273	10
81848	3286	8
81848	2335	9
81848	6	7
81848	1851	7
81848	2950	10
81848	546	8
81848	1565	10
81848	6321	10
81848	1612	9
81848	5133	10
81848	1423	9
81848	1798	9
81848	2619	10
81848	2550	9
81848	4010	10
81848	4636	10
81848	2835	10
81848	1397	9
81848	3112	10
81848	2732	9
81848	4413	9
81848	1602	6
81848	4414	10
81855	3017	10
81855	5136	9
81855	6322	10
81855	6323	9
81855	6324	10
81855	3345	10
81855	127	5
81855	20	4
81865	1869	10
81865	3196	9
81865	434	5
81865	4405	8
81865	1083	9
81865	2991	8
81927	5246	10
81927	169	7
81927	4585	10
81927	5195	10
81950	6325	10
81950	4959	9
81950	1616	8
81950	5438	9
81950	630	8
81950	1478	8
81950	1836	9
81950	2199	10
81950	1207	8
81950	6326	10
81950	20	5
81950	2908	10
81977	883	8
81977	447	8
81977	643	8
81977	1008	9
81977	124	3
81977	743	9
81977	2415	10
81977	1159	10
81977	70	4
81977	6328	10
81977	749	9
81977	906	9
81977	2072	10
81977	887	9
81977	6329	9
81977	6330	9
81977	2436	9
81977	1212	6
81977	1213	8
81977	726	9
81977	836	10
81977	1305	9
81977	4877	10
81977	5870	9
81977	1754	10
81977	6130	10
82164	59	8
82164	1186	8
82164	1527	10
82164	144	9
82164	1626	7
82164	328	10
82164	85	10
82164	2235	10
82164	6031	10
82391	168	8
82391	2036	10
82391	16	9
82391	3650	10
82391	4830	8
82407	3510	9
82407	3427	10
82407	1896	10
82407	61	8
82407	1011	8
82407	3473	10
82407	1898	9
82407	4243	10
82407	1442	9
82407	1193	8
82407	5794	10
82407	3925	9
82407	1527	7
82407	1676	10
82407	3232	8
82407	3524	10
82407	5814	10
82407	591	9
82407	434	5
82407	6331	9
82407	614	7
82407	3467	10
82407	665	6
82407	4378	8
82407	6332	10
82407	2414	10
82407	1227	8
82407	1083	9
82407	6016	10
82407	6261	10
82497	4802	9
82497	1707	9
82497	5816	10
82497	288	9
82497	466	10
82497	4803	9
82497	5445	9
82497	5490	10
82497	6240	9
82497	2161	9
82497	4675	10
82497	5444	9
82497	5715	8
82497	347	9
82497	451	8
82497	160	8
82497	144	10
82497	2337	9
82497	2764	10
82497	6334	10
82497	379	7
82497	3502	9
82497	3641	8
82497	1722	9
82497	2989	9
82497	4334	10
82497	6335	9
82497	1923	9
82497	367	9
82497	4179	10
82497	2039	9
82497	2311	9
82497	4954	10
82497	2718	9
82497	5951	10
82497	4928	10
82497	94	8
82497	4709	9
82497	6194	9
82497	4159	10
82497	4204	10
82497	3160	10
82497	2491	10
82511	6126	10
82511	412	8
82511	4370	10
82511	6228	10
82511	542	10
82511	1626	5
82511	3313	10
82511	3781	10
82511	4155	10
82511	6336	9
82511	2331	9
82511	1300	10
82511	1207	8
82511	1576	9
82608	1020	10
82608	1253	9
82608	4181	9
82608	3430	10
82608	637	9
82608	1957	9
82628	4149	10
82628	684	10
82628	1808	9
82628	1303	10
82628	2983	9
82673	776	9
82673	707	9
82673	72	8
82673	3121	10
82673	3196	10
82673	833	10
82699	6337	9
82699	169	7
82699	1268	7
82699	6	6
82699	2644	10
82699	2653	10
82720	4953	8
82720	1230	8
82720	2662	10
82720	896	9
82720	2345	9
82751	5054	10
82751	979	10
82751	6338	9
82751	901	9
82751	1736	10
82808	153	9
82808	981	8
82808	2611	9
82808	4814	9
82808	6176	10
82808	3206	10
82808	6339	9
82825	3594	10
82825	535	10
82825	3131	10
82825	189	10
82825	3050	10
82825	641	9
82825	338	6
82825	3179	10
82825	3280	8
82825	2521	10
82825	6340	10
82831	4707	10
82831	5099	9
82831	2725	8
82831	432	7
82831	6314	10
82831	916	10
82831	660	10
82831	3888	10
82831	6341	9
82831	370	10
82831	1266	9
82831	103	9
82831	2996	10
82831	6342	9
82831	20	5
82831	6259	10
82831	6343	9
82831	1579	10
82831	5548	8
82831	6261	8
82831	1290	9
82841	3687	8
82841	4969	10
82841	6344	10
82841	253	10
82841	6345	9
82841	6125	9
82841	4118	10
82893	979	9
82893	4719	9
82893	5756	9
82893	5474	10
82893	5475	10
82893	5476	9
82893	5477	10
82893	5478	9
82893	6346	10
82893	70	2
82893	6214	9
82893	1105	9
82893	439	9
82893	1694	10
82893	127	7
82893	4819	9
82893	5454	9
82893	3038	9
82893	2566	9
82893	6212	10
82893	6084	10
82901	581	7
82901	486	8
82901	5662	9
82901	456	8
82901	4710	10
82942	3913	9
82942	4885	9
82942	6348	10
82942	6349	9
82942	1207	8
82942	1401	10
82942	2133	9
82955	6350	8
82955	2690	9
82955	6351	10
82955	3280	8
82955	913	9
82955	1697	9
83069	6352	10
83069	4713	8
83069	3532	9
83069	110	9
83069	1911	10
83109	4302	10
83109	4433	10
83109	401	10
83109	3681	9
83109	5438	8
83109	2423	10
83109	6353	9
83109	1836	8
83109	1837	10
83109	3328	10
83109	1416	9
83109	4159	10
83110	4707	10
83110	5400	10
83110	2146	9
83110	2249	8
83110	2726	10
83135	981	6
83135	1612	9
83135	2004	9
83135	4023	9
83135	350	9
83135	285	7
83166	227	6
83166	1055	10
83166	124	1
83166	431	9
83166	781	7
83166	6354	10
83166	2870	10
83235	800	7
83235	5	10
83235	2288	9
83235	971	9
83235	1665	10
83235	1450	9
83235	665	6
83239	4000	10
83239	1284	9
83239	651	9
83239	3481	10
83239	5960	10
83239	4763	10
83252	6355	10
83252	1055	7
83252	2918	7
83252	3949	9
83252	2194	9
83252	3062	9
83287	493	9
83287	557	10
83287	1054	10
83287	4298	10
83287	63	8
83287	5577	10
83287	2543	8
83287	3592	8
83287	1899	9
83287	746	9
83287	1261	8
83287	4319	10
83287	5404	10
83287	347	9
83287	4302	9
83287	130	9
83287	674	9
83287	2064	8
83287	379	9
83287	4146	9
83287	3502	9
83287	1594	8
83287	4946	10
83287	801	9
83287	3548	10
83287	2628	8
83287	259	9
83287	3365	9
83287	2254	9
83287	2425	10
83287	5342	10
83287	803	9
83287	90	10
83287	6356	10
83287	4214	9
83287	5713	9
83287	3573	9
83287	3014	10
83287	3885	8
83287	174	7
83287	1694	10
83287	3073	9
83287	2962	10
83287	5690	10
83287	150	10
83287	665	8
83287	6144	10
83287	6357	10
83287	6358	10
83287	1369	9
83287	2158	9
83306	5586	9
83306	5966	9
83306	6359	9
83306	3307	8
83306	156	9
83306	4118	9
83383	394	8
83383	22	10
83383	532	9
83383	1314	9
83383	4966	10
83383	6360	10
83390	3522	10
83390	1632	8
83390	6361	10
83390	3101	8
83390	5176	10
83431	176	10
83431	4735	10
83431	1244	10
83431	774	8
83431	946	9
83431	4015	10
83431	3922	10
83431	6362	9
83431	3310	10
83431	144	9
83431	178	10
83431	146	10
83431	1750	10
83431	1347	10
83431	4597	9
83431	3707	10
83431	2370	10
83431	6347	10
83431	127	8
83431	2713	10
83431	860	9
83431	5164	10
83431	6363	9
83431	3146	9
83443	6364	9
83443	6140	10
83443	135	8
83443	1308	9
83443	70	2
83443	3084	10
83443	3649	9
83443	1311	9
83443	1312	9
83443	2726	10
83443	5835	9
83443	2162	10
83443	6246	10
83443	6365	10
83443	2832	10
83443	2833	10
83443	2551	10
83443	4010	10
83443	148	10
83443	33	10
83443	6366	10
83443	4544	9
83443	2835	10
83443	6095	9
83443	5199	8
83496	428	10
83496	463	9
83496	2452	10
83496	2453	10
83496	4460	10
83496	573	9
83496	792	10
83496	1336	9
83496	4325	9
83496	2792	9
83496	2576	10
83496	482	10
83561	1008	9
83561	6182	10
83561	3121	10
83561	6367	8
83561	4740	10
83637	6368	10
83637	3714	10
83637	581	4
83637	1806	10
83637	3839	10
83637	2934	10
83637	2935	10
83637	2936	10
83637	1867	9
83637	3021	10
83637	3911	10
83637	1875	10
83637	4253	9
83637	1659	10
83637	6369	9
83637	6370	10
83637	5612	10
83637	654	9
83637	905	10
83637	2690	10
83637	75	10
83637	4965	10
83637	471	8
83637	1779	10
83637	2951	9
83637	4273	9
83637	4757	10
83637	1100	10
83637	3022	8
83637	281	10
83637	5545	9
83637	3885	10
83637	3892	9
83637	4854	10
83637	1572	10
83637	204	10
83637	1257	10
83637	240	9
83637	2235	10
83637	4440	9
83646	581	4
83646	5353	10
83646	215	10
83646	2785	10
83646	1249	9
83646	360	10
83646	432	7
83646	5335	10
83646	84	9
83646	2692	10
83646	2790	10
83646	103	9
83646	3112	10
83646	2380	9
83671	5597	10
83671	581	5
83671	486	7
83671	457	5
83671	2320	10
83671	1792	9
83671	2450	9
83671	2451	10
83671	2452	9
83671	2453	8
83671	6170	10
83671	1327	9
83671	3396	9
83671	1331	10
83671	3094	8
83671	397	10
83671	5701	9
83671	1596	8
83671	5564	9
83671	742	7
83671	1117	8
83671	2705	9
83671	2706	9
83671	1597	8
83671	946	8
83671	1118	8
83671	5662	10
83671	5212	9
83671	3957	10
83671	2248	10
83671	5948	10
83671	1343	9
83671	3742	10
83671	589	9
83671	1639	9
83671	2124	10
83671	4389	9
83671	2125	9
83671	4390	10
83671	2126	9
83671	3832	9
83671	1345	10
83671	1346	10
83671	5654	8
83671	1160	7
83671	5248	10
83671	906	9
83671	4924	10
83671	2297	7
83671	1986	8
83671	3172	9
83671	2548	10
83671	2382	10
83754	3079	9
83754	3937	10
83754	1877	10
83754	5841	10
83754	5608	9
83754	4357	9
83754	4979	10
83754	4191	10
83754	4192	10
83775	59	8
83775	1643	10
83775	1636	9
83775	684	9
83775	267	8
83775	1433	8
83775	1819	10
83842	6120	9
83842	6101	10
83842	4568	9
83842	2473	10
83842	593	9
83971	2183	9
83971	447	8
83971	650	9
83971	1490	7
83971	533	7
83971	536	9
83971	4205	9
83971	614	5
83971	2686	9
84024	249	10
84024	181	9
84024	557	10
84024	1636	9
84024	1821	9
84024	1329	9
84024	1507	10
84024	3696	10
84024	1393	8
84024	388	9
84024	3741	10
84024	27	9
84024	2876	10
84024	1445	9
84024	376	10
84024	811	10
84024	812	8
84024	1882	9
84024	2026	9
84024	3323	10
84024	379	9
84024	6371	10
84024	1855	9
84024	1568	10
84024	380	9
84024	3290	8
84024	6372	10
84024	3948	10
84024	4167	9
84024	6373	9
84024	4435	10
84024	3359	10
84024	1207	8
84024	6072	10
84024	1457	9
84126	3177	9
84126	2059	10
84126	3992	8
84126	6374	10
84126	6375	8
84146	680	9
84146	5984	10
84146	2879	10
84146	6376	9
84146	3100	9
84146	96	8
84146	6377	10
84146	3226	10
84178	1731	9
84178	1172	9
84178	1680	8
84178	6378	9
84178	1095	8
84178	2391	10
84178	3345	9
84178	614	8
84178	664	10
84201	3829	10
84201	4642	10
84201	5750	10
84201	5752	10
84201	4601	10
84427	465	6
84427	5504	10
84427	45	10
84427	892	9
84427	590	7
84427	285	7
84479	900	10
84479	471	8
84479	472	8
84479	473	10
84479	341	7
84479	5678	9
84479	5740	8
84479	480	7
84479	6176	9
84479	2153	9
84479	4917	10
84479	4472	8
84479	4475	10
84479	4476	10
84479	784	9
84479	1754	10
84479	2050	7
84479	842	9
84523	207	8
84523	5108	10
84523	708	9
84523	744	8
84523	1795	10
84523	1686	9
84523	4165	10
84523	912	9
84523	1711	10
84523	4607	10
84523	421	9
84523	3217	9
84523	5294	8
84523	4521	9
84523	5828	9
84729	1724	10
84729	2987	8
84729	6379	9
84729	328	10
84729	1065	8
84729	445	10
84729	1453	10
84729	2235	10
84729	6124	9
84795	2941	10
84795	3472	9
84795	531	9
84795	532	8
84795	2278	10
84795	138	9
84795	3084	10
84795	2726	10
84795	1685	10
84795	6380	9
84795	142	10
84795	2945	10
84795	399	10
84795	255	10
84795	729	10
84795	3358	10
84795	5934	10
84795	264	10
84795	4799	10
84795	736	8
84795	3180	8
84795	514	10
84795	3643	9
84795	2578	10
84795	4115	9
84795	5819	10
84795	5268	10
84795	148	10
84795	33	10
84795	3443	10
84795	4544	9
84795	2728	8
84795	4145	10
84795	6381	9
84795	2134	9
84795	528	10
84820	3932	9
84820	5205	10
84820	2807	9
84820	5094	9
84820	5494	10
84866	3913	10
84866	6382	10
84866	5643	10
84866	3935	10
84866	132	10
84882	2586	9
84882	1429	10
84882	1177	9
84882	1430	9
84882	3452	10
84882	1773	8
84882	1122	10
84882	3813	9
84882	3273	8
84882	1527	9
84882	589	8
84882	1639	7
84882	195	6
84882	2070	7
84882	2717	9
84882	2217	10
84882	2955	9
84882	4561	10
84882	2956	10
84882	4562	8
84882	2957	10
84882	3975	10
84882	5833	9
84882	4438	9
84882	830	10
84882	6383	10
84882	1091	10
84882	5733	10
84882	4761	10
84897	207	7
84897	1555	9
84897	1109	9
84897	465	6
84897	458	8
84897	1898	9
84897	4356	10
84897	1491	8
84897	704	9
84900	63	9
84900	165	9
84900	159	10
84900	2079	10
84900	2605	10
84900	1686	9
84900	2026	7
84900	6384	10
84900	995	9
84900	5632	10
84900	4008	10
84900	5690	10
84900	422	9
84910	2853	10
84910	3268	8
84910	3826	10
84910	3827	9
84910	3131	9
84910	3829	9
85033	3255	10
85033	6126	10
85033	1749	10
85033	5013	9
85033	4623	10
85043	6385	10
85043	3583	9
85043	5703	10
85043	6086	9
85043	3913	9
85043	2432	10
85043	246	9
85043	507	9
85043	6386	10
85256	3632	10
85256	3846	8
85256	1631	7
85256	4980	10
85256	1205	7
85256	214	7
85367	816	9
85367	154	9
85367	5002	8
85367	6387	10
85367	5564	10
85367	5977	10
85367	5088	10
85367	1715	8
85367	471	6
85367	472	8
85367	473	8
85367	341	6
85367	6024	10
85367	434	6
85367	456	10
85367	2749	9
85367	3227	10
85367	6388	9
85426	643	8
85426	1156	9
85426	2682	10
85426	3188	9
85426	3189	9
85426	3044	10
85426	2494	9
85426	1938	9
85426	227	8
85426	1327	10
85426	3083	7
85426	774	5
85426	1332	8
85426	1681	8
85426	1631	7
85426	1186	7
85426	1407	9
85426	4552	9
85426	5881	8
85426	2919	7
85426	1104	9
85426	920	10
85426	2315	9
85426	37	10
85426	434	6
85426	2106	9
85426	5224	10
85426	1753	7
85426	192	6
85426	779	10
85426	4564	10
85426	241	10
85426	247	10
85426	6389	10
85426	3389	10
85426	1988	9
85426	152	10
85426	6390	10
85426	3811	9
85433	3211	10
85433	1011	7
85433	3092	9
85433	2505	10
85433	934	8
85433	1797	10
85433	2437	10
85433	0	9
85433	6375	10
85455	3323	10
85455	4904	10
85455	1005	10
85455	1091	10
85455	1106	9
85502	689	8
85502	2044	10
85502	3107	9
85502	70	3
85502	1616	10
85502	657	7
85502	3790	9
85502	1212	8
85526	1166	8
85526	4858	9
85526	693	7
85526	4782	10
85526	925	8
85526	4545	9
85526	3913	9
85526	464	10
85526	6391	9
85526	4885	8
85526	4783	10
85526	5237	9
85526	4688	10
85526	4416	10
85526	1503	9
85526	50	5
85526	3161	10
85526	652	9
85526	634	7
85526	628	7
85526	4789	8
85526	449	9
85526	1523	8
85526	4702	9
85526	5617	9
85526	6392	9
85526	588	8
85526	1071	8
85526	886	8
85526	6393	9
85526	590	6
85526	608	8
85526	1207	10
85526	1803	9
85526	1080	9
85526	5414	9
85526	5652	9
85526	6276	8
85526	3794	10
85526	2179	10
85526	4053	10
85526	4876	10
85526	192	6
85526	941	9
85526	5447	8
85526	500	10
85526	101	9
85526	6394	10
85526	5093	9
85526	5568	9
85526	5067	10
85526	4066	10
85526	1736	10
85526	241	9
85526	991	8
85526	6395	9
85526	109	10
85526	2133	9
85526	6396	10
85526	3657	9
85526	594	10
85526	625	10
85526	1083	10
85526	2986	10
85554	3619	10
85554	59	8
85554	409	8
85554	1941	9
85554	3786	8
85554	1776	10
85554	3542	10
85554	4267	9
85587	5120	10
85587	2770	10
85587	6162	10
85587	3592	10
85587	950	8
85587	6397	10
85587	3665	8
85587	1301	10
85587	6398	10
85656	1865	10
85656	5671	8
85656	1820	10
85656	2853	10
85656	1732	9
85656	3392	9
85656	922	10
85656	2284	9
85656	707	8
85656	1308	9
85656	2925	10
85656	1441	8
85656	1877	9
85656	5172	10
85656	5282	10
85656	896	9
85656	5890	9
85656	5374	9
85656	5892	10
85656	1608	9
85656	5355	10
85656	1264	9
85656	3029	10
85656	6399	9
85656	725	9
85656	733	10
85656	3326	8
85656	642	8
85656	6138	8
85656	6400	10
85656	1380	9
85656	3363	9
85656	6401	10
85656	6342	10
85656	6402	10
85656	4352	9
85656	4997	9
85656	6242	9
85656	6263	8
85701	800	7
85701	1707	9
85701	5543	10
85701	1421	10
85701	2035	8
85701	360	10
85701	3961	10
85701	5934	9
85701	221	10
85701	265	10
85757	502	10
85757	883	9
85757	3510	10
85757	486	7
85757	5439	10
85757	595	10
85757	6316	9
85757	3343	8
85757	1291	6
85757	2918	6
85757	2221	10
85757	5993	9
85757	1825	10
85757	1785	10
85757	1684	9
85757	3090	10
85757	744	10
85757	2194	9
85757	1225	9
85757	2912	8
85757	4003	10
85757	4071	10
85757	1523	9
85757	3896	10
85757	658	8
85757	3626	10
85757	1462	10
85757	636	10
85757	3876	9
85757	127	6
85757	2625	10
85757	99	9
85757	614	6
85757	1856	10
85757	3764	10
85757	1911	10
85757	718	9
85757	2991	9
85757	3539	9
85757	1141	9
85833	974	8
85833	5950	9
85833	4154	9
85833	3623	10
85833	2117	9
85833	1798	9
85851	5620	10
85851	2912	10
85851	3518	8
85851	4792	9
85851	5362	9
85851	4753	10
85851	476	10
85851	3056	9
85851	5516	10
85872	883	9
85872	5677	9
85872	5396	10
85872	2958	10
85872	3539	8
85962	3713	8
85962	3714	10
85962	2120	10
85962	5860	10
85962	1774	10
85962	1103	8
85962	3034	9
85962	6404	10
85962	1480	10
85962	3902	9
85962	4793	9
85992	981	7
85992	4734	9
85992	3236	9
85992	2506	10
85992	4325	9
85992	54	7
85992	2206	7
85993	5262	10
85993	1307	10
85993	4209	8
85993	3229	10
85993	1442	9
85993	1858	8
85993	254	10
85993	139	10
85993	320	7
85993	3896	10
85993	5029	10
85993	5145	10
85993	143	10
85993	1296	10
85993	5965	10
85993	2875	10
85993	4329	10
85993	2876	10
85993	5501	8
85993	2632	10
85993	1475	10
85993	471	9
85993	472	9
85993	473	8
85993	341	6
85993	1104	8
85993	77	8
85993	5453	9
85993	1688	8
85993	3816	8
85993	148	10
85993	434	7
85993	3056	9
85993	6405	10
85993	2272	10
85993	4608	9
85993	33	10
85993	781	8
85993	3340	10
85993	3281	10
85993	6406	9
86033	1597	7
86033	3166	10
86033	31	9
86033	4073	9
86033	4074	10
86033	1757	8
86033	2648	9
86033	1963	9
86033	6407	10
86033	389	10
86033	782	9
86051	5755	10
86051	1943	8
86051	1880	8
86051	971	7
86051	1091	7
86051	614	7
86093	1823	9
86093	2479	10
86093	2792	8
86093	1100	9
86093	434	6
86093	351	10
86093	4249	10
86093	3071	9
86093	6183	10
86123	582	9
86123	1144	10
86123	5643	7
86123	68	10
86123	70	2
86123	781	6
86123	2952	10
86123	20	6
86145	176	8
86145	3018	10
86145	5073	10
86145	5310	10
86145	2496	10
86145	5711	10
86145	3940	10
86145	3870	10
86145	3988	9
86145	2019	10
86145	379	10
86145	3962	10
86145	1448	8
86145	4114	10
86145	3697	9
86145	5536	9
86145	440	7
86145	3963	9
86145	1288	10
86145	2152	10
86145	5636	10
86145	3572	9
86145	996	10
86145	1355	10
86145	2072	9
86145	725	10
86145	733	7
86145	197	9
86145	1964	10
86145	1068	8
86145	1667	10
86145	5742	9
86145	6408	10
86145	285	6
86145	4405	9
86145	6409	8
86145	1848	10
86145	5862	10
86170	5394	10
86170	3113	9
86170	5303	10
86170	4467	10
86170	5304	10
86170	1524	10
86189	428	10
86189	2456	9
86189	4545	9
86189	4736	9
86189	316	10
86189	1498	10
86189	4783	10
86189	465	5
86189	1939	8
86189	227	9
86189	3347	10
86189	1175	9
86189	2222	10
86189	124	2
86189	1875	10
86189	6410	10
86189	2881	8
86189	2013	10
86189	1089	10
86189	1058	7
86189	307	10
86189	2318	10
86189	5319	10
86189	971	5
86189	1527	9
86189	589	10
86189	1639	9
86189	5335	8
86189	5117	9
86189	417	8
86189	513	9
86189	3691	10
86189	350	10
86189	2914	10
86189	425	9
86189	2685	10
86189	2119	10
86189	1544	9
86189	3411	10
86189	3101	10
86202	2953	9
86202	3802	10
86202	1630	8
86202	862	9
86202	600	10
86202	3594	10
86202	5803	10
86202	3915	10
86202	1291	8
86202	3919	10
86202	668	9
86202	2919	8
86202	70	3
86202	1491	8
86202	388	9
86202	3136	10
86202	886	9
86202	3093	9
86202	6411	10
86202	730	8
86202	1098	9
86202	590	7
86202	210	9
86202	3177	9
86202	2233	10
86202	500	8
86202	2796	10
86202	1273	8
86202	781	6
86202	157	9
86202	404	7
86242	1077	10
86242	1872	9
86242	800	9
86242	777	10
86242	759	10
86242	5553	9
86242	2823	8
86242	4701	9
86242	1068	9
86243	3017	10
86243	57	9
86243	6308	10
86243	6170	8
86243	5972	10
86243	4493	9
86243	227	7
86243	4785	9
86243	391	9
86243	1465	10
86243	6412	10
86243	5310	9
86243	1116	9
86243	2643	9
86243	5131	9
86243	6413	9
86243	6362	10
86243	1260	9
86243	2057	10
86243	5752	9
86243	3989	9
86243	1066	8
86243	6211	9
86243	6135	10
86243	3231	8
86243	2296	10
86243	1413	7
86243	6414	10
86243	2005	10
86243	4308	10
86243	20	5
86243	3406	9
86243	123	10
86368	2278	9
86368	253	10
86368	5924	10
86368	451	7
86368	4154	10
86392	1284	8
86392	1158	8
86392	2023	9
86392	3973	10
86392	418	10
86392	4572	9
86392	6415	9
86392	6298	9
86392	480	8
86392	4992	8
86392	1258	10
86392	5601	10
86392	6406	9
86408	1165	10
86408	4125	9
86408	3611	10
86408	6416	10
86408	535	10
86408	6417	10
86408	960	9
86408	2149	10
86408	6069	9
86408	1902	9
86408	1236	10
86408	3577	9
86408	6418	10
86408	3727	9
86408	6419	10
86408	5855	10
86408	6420	10
86408	2904	9
86408	2466	10
86408	1812	10
86408	206	8
86419	6421	10
86419	5910	10
86419	262	9
86419	3216	10
86419	6062	10
86489	5057	10
86489	274	7
86489	158	9
86489	1193	8
86489	5559	10
86489	160	10
86489	3402	10
86489	1854	10
86489	5908	10
86489	1433	9
86489	1211	9
86489	3442	8
86548	408	9
86548	5872	9
86548	2473	9
86548	4706	8
86548	4651	9
86548	3042	8
86555	2545	8
86555	684	10
86555	2549	8
86555	177	9
86555	545	10
86555	2700	9
86555	6422	10
86641	3096	10
86641	2506	10
86641	4940	9
86641	5037	10
86641	4476	10
86720	1630	6
86720	164	9
86720	2190	10
86720	5630	10
86720	6092	9
86720	1059	10
86720	5371	10
86720	6423	10
86720	5899	10
86720	3050	9
86720	1064	9
86720	79	10
86720	632	10
86720	3436	10
86720	3370	9
86720	3660	10
86720	6373	9
86720	1730	8
86720	6424	9
86720	4314	9
86720	1667	10
86720	5659	8
86819	581	4
86819	1336	10
86819	417	9
86819	4170	9
86819	5222	8
86819	4466	10
86835	2545	10
86835	2959	9
86835	1291	7
86835	2244	10
86835	124	1
86835	1773	7
86835	6425	10
86835	1660	8
86835	2395	10
86835	6426	10
86835	657	7
86835	608	8
86835	2857	9
86835	37	10
86835	5537	10
86835	5082	10
86835	5538	10
86906	2554	9
86906	70	3
86906	449	10
86906	6427	9
86906	240	8
86906	4158	9
86932	910	10
86932	2281	9
86932	2007	8
86932	739	10
86932	456	8
86932	6300	10
86959	1008	9
86959	6281	10
86959	397	10
86959	469	8
86959	1520	10
86959	1263	7
86959	887	10
86959	6223	8
86959	1289	9
86969	227	8
86969	3235	10
86969	997	8
86969	4664	9
86969	17	9
86969	1855	10
86969	1448	9
86969	518	8
86969	1694	10
86969	127	4
86969	2376	10
87051	409	9
87051	2973	10
87051	2190	9
87051	1193	8
87051	5817	10
87051	1964	8
87051	1617	10
87051	2579	8
87051	2673	9
87051	1761	7
87108	2218	8
87108	2219	10
87108	3945	10
87108	1661	9
87108	5448	10
87108	6428	9
87108	2202	10
87108	3615	8
87155	4661	10
87155	136	7
87155	5071	10
87155	51	8
87155	3792	9
87302	4221	9
87302	1680	8
87302	1311	10
87302	1401	9
87302	4440	10
87302	5748	10
87351	4268	10
87351	5177	9
87351	1143	8
87351	3091	8
87351	1428	8
87351	1180	10
87351	469	9
87351	3440	10
87351	4400	10
87351	4747	9
87351	3407	9
87401	3450	10
87401	395	10
87401	1280	9
87401	3483	10
87401	593	10
87401	3368	10
87540	5097	10
87540	3715	10
87540	68	7
87540	4630	10
87540	6429	10
87540	3814	8
87540	4047	9
87555	883	7
87555	4492	10
87555	1284	8
87555	3913	9
87555	4824	9
87555	5055	9
87555	3520	10
87555	409	8
87555	3053	10
87555	5777	10
87555	535	9
87555	503	7
87555	274	7
87555	183	6
87555	1701	10
87555	1115	9
87555	742	9
87555	1117	8
87555	6258	10
87555	1181	9
87555	4285	9
87555	1225	8
87555	430	10
87555	235	6
87555	69	9
87555	2663	10
87555	4548	10
87555	1250	10
87555	473	8
87555	730	9
87555	1749	8
87555	477	9
87555	1947	7
87555	3728	9
87555	459	9
87555	3380	9
87555	2370	10
87555	2741	10
87555	622	10
87555	482	8
87555	2440	10
87555	2441	10
87555	3123	10
87555	6430	10
87555	5883	10
87555	3903	10
87555	1746	10
87555	6309	8
87555	1396	10
87555	3764	10
87555	5561	10
87555	6431	10
87555	4405	9
87555	4235	8
87579	354	10
87579	1631	8
87579	2690	9
87579	279	8
87579	5596	10
87579	614	6
87579	1574	10
87688	2195	9
87688	711	9
87688	6432	10
87688	5424	8
87688	175	9
87712	405	9
87712	4270	10
87712	3918	9
87712	6433	10
87712	208	10
87712	4588	8
87712	2044	10
87712	2354	8
87712	1973	8
87712	1193	8
87712	45	10
87712	5637	10
87712	3082	9
87712	414	8
87712	6434	10
87712	1237	9
87712	911	9
87712	5018	9
87712	2151	10
87712	4433	9
87712	1764	9
87712	995	10
87712	3180	10
87712	198	9
87712	4008	8
87712	480	9
87712	6435	10
87712	41	8
87712	192	5
87712	326	8
87712	3729	10
87712	1761	8
87820	2934	10
87820	1442	9
87820	3046	9
87820	2336	10
87820	2164	9
87820	1265	9
87820	2424	10
87820	5546	10
87820	1272	8
87820	149	8
87820	855	10
87911	1166	9
87911	3702	9
87911	1655	10
87911	4027	10
87911	2919	6
87911	4850	9
87911	4861	9
87911	3675	8
87911	934	8
87911	622	7
87911	597	8
87911	6436	10
87911	3037	10
87911	2749	9
87929	4705	10
87929	2910	8
87929	503	8
87929	292	10
87929	619	8
87929	77	9
87929	1071	6
87929	552	9
87929	1364	10
87929	2406	10
87929	6130	9
87938	4659	10
87938	384	9
87938	4586	10
87938	447	7
87938	2937	10
87938	463	10
87938	2450	8
87938	2451	8
87938	2452	9
87938	2453	9
87938	2454	9
87938	4460	10
87938	6170	10
87938	227	7
87938	5259	9
87938	6281	8
87938	6387	8
87938	3269	9
87938	5734	10
87938	2912	8
87938	1249	9
87938	4743	9
87938	2148	8
87938	339	8
87938	340	10
87938	341	7
87938	1237	9
87938	6135	10
87938	434	5
87938	3345	10
87938	3514	7
87938	4488	10
87938	482	8
87938	2440	10
87938	2441	9
87938	4265	10
87948	1229	9
87948	892	9
87948	379	8
87948	2131	10
87948	6077	9
87949	2816	9
87949	3831	10
87949	1942	10
87949	183	9
87949	2147	9
87949	1883	8
87949	4146	10
87949	2718	9
87949	3279	9
87949	3088	9
87949	2168	10
87949	3589	9
87949	2533	10
87949	3149	10
87949	4538	9
87949	1761	10
87964	1284	9
87964	6437	10
87964	5383	10
87964	2063	9
87964	2481	9
87964	5358	10
87964	357	9
87964	4147	10
87964	574	9
87964	4122	8
87964	4861	10
87964	2884	10
87964	2368	9
87964	514	10
87964	3279	8
87964	1148	10
87964	3682	9
87964	1397	10
87964	2414	9
87964	6169	10
87964	456	9
87964	1217	8
87974	6438	8
87974	4285	9
87974	1159	9
87974	5231	10
87974	5156	10
87974	2996	9
88029	707	8
88029	1707	7
88029	720	10
88029	86	9
88029	2022	10
88122	533	8
88122	183	7
88122	708	10
88122	72	7
88122	3236	10
88122	74	7
88122	75	10
88122	2335	10
88122	471	8
88122	472	7
88122	473	8
88122	1260	10
88122	2396	8
88122	1749	8
88122	3597	10
88122	480	7
88122	941	9
88170	6201	9
88170	2226	8
88170	2976	8
88170	280	10
88170	3380	6
88187	465	6
88187	292	10
88187	657	8
88187	6439	10
88187	592	8
88187	1006	9
88187	4309	10
88229	5791	9
88229	465	6
88229	410	8
88229	243	6
88229	124	2
88229	4182	9
88229	1186	7
88229	165	10
88229	308	9
88229	657	7
88229	41	7
88229	5912	9
88229	2517	10
88229	613	8
88229	1414	10
88229	1212	9
88229	5567	9
88229	3762	9
88229	2867	10
88248	1182	10
88248	1620	9
88248	5975	10
88248	449	9
88248	3893	10
88283	1018	10
88283	883	8
88283	5391	10
88283	3189	10
88283	3044	9
88283	1022	10
88283	4056	10
88283	809	9
88283	4493	10
88283	6185	9
88283	6440	10
88283	1055	7
88283	6441	10
88283	4588	10
88283	6442	10
88283	668	10
88283	2919	7
88283	2912	9
88283	1249	10
88283	4743	9
88283	745	9
88283	747	9
88283	2752	10
88283	588	9
88283	2252	9
88283	1268	10
88283	6314	9
88283	1717	8
88283	6328	10
88283	6443	10
88283	3817	10
88283	6444	8
88283	1203	10
88283	4862	10
88283	1385	10
88283	704	9
88283	5788	9
88283	1302	10
88283	2005	9
88283	6013	10
88288	2659	9
88288	1774	10
88288	68	8
88288	5135	10
88288	3286	9
88288	4167	9
88288	1856	9
88299	3104	9
88299	708	10
88299	6445	7
88299	330	9
88299	2158	8
88330	6446	9
88330	5503	10
88330	1408	9
88330	657	6
88330	5596	9
88330	1360	10
88330	4509	9
88389	5136	9
88389	2324	8
88389	412	7
88389	5318	9
88389	1192	9
88389	70	3
88389	1743	9
88389	4979	10
88389	2951	7
88389	3612	10
88389	1626	5
88389	279	8
88412	6447	7
88412	3504	9
88412	2766	10
88412	5054	10
88412	4868	10
88412	5611	10
88412	2409	9
88412	6448	10
88412	3819	10
88412	409	6
88412	274	6
88412	1428	9
88412	1276	9
88412	2097	10
88412	2855	9
88412	5695	10
88412	949	10
88412	2516	9
88412	283	10
88412	613	8
88412	1789	10
88412	3067	9
88416	485	9
88416	5763	10
88416	5764	10
88416	6449	10
88416	5721	10
88416	3014	9
88416	2994	10
88435	4653	9
88435	318	9
88435	338	7
88435	339	8
88435	340	9
88435	341	9
88435	5297	10
88435	434	6
88435	6450	9
88435	6451	10
88574	723	9
88574	2550	10
88574	1907	7
88574	2702	10
88605	5706	9
88605	3259	10
88605	5463	8
88605	1475	10
88605	5458	10
88605	3039	10
88605	4378	10
88620	649	9
88620	3119	9
88620	5144	10
88620	1946	9
88620	6452	10
88620	4463	10
88620	6453	10
88620	3907	10
88620	3872	10
88620	1956	10
88620	2744	9
88620	2235	8
88620	954	9
88620	2238	10
88620	3470	9
88620	3895	10
88652	2320	10
88652	4624	10
88652	3908	10
88652	5120	10
88652	2629	10
88652	1110	10
88652	3647	9
88652	3094	9
88652	1420	10
88652	3715	10
88652	3240	10
88652	3474	10
88652	1526	8
88652	3697	10
88652	6455	9
88652	3625	10
88652	5519	10
88652	1550	9
88693	1554	9
88693	35	9
88693	4994	10
88693	447	8
88693	1865	10
88693	3568	9
88693	4919	10
88693	6028	10
88693	1634	8
88693	583	9
88693	2778	9
88693	6350	10
88693	5611	10
88693	1175	9
88693	50	6
88693	1291	8
88693	3632	9
88693	233	9
88693	5463	10
88693	3512	9
88693	1807	10
88693	1119	9
88693	1405	9
88693	684	10
88693	6456	10
88693	3373	10
88693	2942	9
88693	6457	10
88693	1559	8
88693	3949	10
88693	2191	10
88693	1809	10
88693	634	9
88693	1102	9
88693	746	10
88693	4186	9
88693	308	7
88693	70	2
88693	1709	7
88693	1033	10
88693	5916	10
88693	3494	9
88693	588	8
88693	5437	8
88693	4406	8
88693	6458	10
88693	6459	10
88693	4741	10
88693	1002	9
88693	6460	10
88693	1340	10
88693	4651	10
88693	4025	7
88693	544	9
88693	3789	10
88693	5112	9
88693	1625	8
88693	1448	10
88693	3290	9
88693	2213	10
88693	6461	9
88693	590	5
88693	1205	8
88693	6335	9
88693	829	9
88693	1755	9
88693	2832	10
88693	6462	10
88693	3964	10
88693	2795	10
88693	2296	10
88693	591	10
88693	2823	10
88693	3463	10
88693	5895	10
88693	1613	10
88693	6171	9
88693	6463	9
88693	592	5
88693	1091	10
88693	127	5
88693	3790	8
88693	1301	10
88693	1401	10
88693	4348	10
88693	614	8
88693	6464	10
88693	193	9
88693	6072	9
88693	2430	9
88693	1754	10
88693	1603	7
88693	186	10
88693	3554	10
88693	20	5
88693	157	9
88693	1818	8
88738	3334	10
88738	1920	9
88738	532	8
88738	708	8
88738	3696	10
88738	1102	8
88738	5254	10
88738	6465	8
88738	938	10
88738	5438	9
88738	733	9
88738	4167	10
88738	3326	9
88738	2331	9
88738	1836	10
88738	1838	9
88738	3885	8
88738	267	8
88738	342	9
88738	4277	8
88793	2465	10
88793	5027	10
88793	1650	9
88793	59	6
88793	1022	10
88793	1109	8
88793	1680	9
88793	61	8
88793	586	8
88793	534	9
88793	1942	8
88793	4588	9
88793	6442	10
88793	1681	9
88793	1512	9
88793	3452	9
88793	4216	10
88793	744	9
88793	1876	10
88793	1663	9
88793	2004	9
88793	1833	9
88793	4746	9
88793	4748	9
88793	1213	9
88793	685	8
88793	3480	8
88793	232	9
88793	1227	10
88793	157	8
88793	1550	10
88793	404	9
88793	4440	10
88793	1790	10
88937	2554	8
88937	581	4
88937	4125	9
88937	2204	9
88937	4885	10
88937	274	6
88937	3064	9
88937	775	9
88937	1058	7
88937	2504	8
88937	2650	10
88937	3311	10
88937	77	8
88937	195	7
88937	2755	10
88937	1702	10
88937	4338	10
88937	1448	10
88937	657	6
88937	730	10
88937	1256	10
88937	5651	9
88937	1434	9
88937	313	10
88937	784	7
88976	1261	7
88976	72	10
88976	498	9
88976	5306	10
88976	5955	10
88993	2289	10
88993	4239	9
88993	4906	10
88993	6	7
88993	5344	10
88993	1298	10
88993	1797	10
89014	6056	9
89014	1291	8
89014	2587	10
89014	410	7
89014	3836	10
89014	1032	8
89014	1309	8
89014	3506	10
89014	794	10
89014	1884	10
89014	478	9
89014	5902	10
89014	2579	10
89014	4405	10
89014	4795	8
89057	465	4
89057	1587	9
89057	1224	9
89057	935	9
89057	590	6
89057	6466	10
89192	2088	10
89192	6467	9
89192	1429	9
89192	1177	9
89192	5898	9
89192	5852	9
89192	975	10
89192	1204	9
89192	5615	9
89192	631	10
89207	4461	10
89207	4462	10
89207	6372	10
89207	3970	10
89207	3167	10
89207	5235	9
89207	131	10
89207	5619	10
89207	2158	10
89207	6374	10
89307	1587	8
89307	1373	9
89307	5367	8
89307	5267	10
89307	3843	10
89307	6468	10
89307	4637	10
89391	437	8
89391	1093	10
89391	1586	9
89391	5315	10
89391	5152	9
89391	3099	10
89391	3490	9
89391	4606	10
89391	5156	9
89391	43	10
89507	1970	9
89507	3472	9
89507	4015	9
89507	880	10
89507	1565	9
89507	3759	9
89507	963	10
89507	4116	10
89507	5216	9
89507	5454	9
89551	57	9
89551	1933	10
89551	565	10
89551	154	10
89551	3668	10
89551	70	4
89551	4725	9
89551	4726	9
89551	1356	9
89551	779	9
89551	1856	9
89551	6222	10
89551	155	9
89551	6469	10
89851	1634	9
89851	1291	7
89851	397	7
89851	412	10
89851	920	9
89851	1617	10
89851	2413	9
89851	285	7
89851	6470	9
89851	489	10
89852	581	7
89852	457	8
89852	862	9
89852	1094	9
89852	896	9
89852	2210	9
89852	1759	9
89867	1497	10
89867	4375	9
89867	1264	8
89867	1749	10
89867	621	9
89867	5058	9
89867	6220	10
89867	20	9
89874	536	7
89874	3705	7
89874	70	3
89874	934	6
89874	1749	9
89874	6444	9
89874	127	6
89874	3004	10
89913	5052	8
89913	1234	10
89913	1055	7
89913	417	10
89913	2015	8
89945	2278	9
89945	538	10
89945	170	6
89945	327	10
89945	5608	9
90049	1077	10
90049	3282	10
90049	408	9
90049	1428	10
90049	1309	10
90049	451	6
90049	3697	9
90049	2823	8
90049	715	10
90049	921	9
90049	3794	10
90049	1574	8
90049	2413	10
90049	882	9
90049	5601	9
90075	2631	9
90075	2829	9
90075	1660	9
90075	3401	10
90075	1739	9
90075	2832	9
90075	1316	10
90075	4686	9
90137	1328	9
90137	1329	9
90137	742	8
90137	3054	9
90137	1031	9
90137	73	10
90137	4554	10
90137	779	9
90137	6187	10
90174	1032	10
90174	341	6
90174	1535	10
90174	861	10
90174	241	9
90174	5942	10
90198	1331	10
90198	1115	9
90198	800	8
90198	1596	8
90198	776	9
90198	1707	9
90198	1117	9
90198	2763	10
90198	2848	9
90198	169	8
90198	170	9
90198	84	8
90198	712	8
90198	4501	10
90198	1352	10
90198	3215	10
90198	5019	10
90198	1379	9
90198	4598	10
90198	4608	9
90198	5146	9
90198	1629	10
90198	1488	10
90232	2586	10
90232	2858	10
90232	2859	9
90232	3300	9
90232	3464	10
90322	4284	9
90322	1946	9
90322	803	7
90322	4035	10
90322	3674	9
90322	2173	9
90322	149	10
90391	2655	10
90391	649	7
90391	227	6
90391	2221	10
90391	3119	9
90391	1592	10
90391	1916	10
90391	307	10
90391	1339	9
90391	1528	9
90391	6471	8
90391	590	5
90391	6211	9
90391	5337	8
90391	6081	10
90391	2093	9
90391	1577	10
90391	1816	9
90417	581	5
90417	957	8
90417	243	6
90417	531	9
90417	2189	10
90417	1186	9
90417	4299	9
90417	1901	10
90417	2349	10
90417	169	8
90417	170	7
90417	414	8
90417	279	9
90417	6472	8
90417	2232	9
90417	218	9
90417	3858	8
90417	367	10
90417	2199	10
90417	3729	8
90417	1602	8
90417	1603	9
90467	4252	10
90467	5821	10
90467	2627	8
90467	619	8
90467	3093	9
90467	5285	9
90467	4307	10
90467	3567	9
90517	2392	9
90517	243	7
90517	2129	8
90517	1854	10
90517	592	8
90517	5537	9
90517	3073	8
90614	957	8
90614	140	8
90614	1309	9
90614	4515	10
90614	453	9
90614	578	9
90614	4010	10
90614	1316	9
90614	2274	9
90616	35	9
90616	227	7
90616	5149	9
90616	22	9
90616	124	1
90616	536	9
90616	786	9
90616	6473	9
90616	3805	10
90616	24	10
90616	137	10
90616	138	9
90616	6474	10
90616	2663	10
90616	1033	10
90616	346	10
90616	1061	10
90616	4132	10
90616	79	10
90616	749	9
90616	480	7
90616	1068	10
90616	2983	8
90616	5381	9
90616	4211	10
90616	4308	10
90616	1457	9
90616	4309	10
90616	4310	8
90653	1330	9
90653	5881	9
90653	338	6
90653	1357	10
90653	1397	8
90653	54	10
90653	4475	10
90653	4476	10
90653	837	8
90653	1754	9
90653	4899	9
90653	842	10
90657	3236	8
90657	2848	9
90657	3050	9
90657	3832	9
90657	2081	10
90657	4176	10
90657	197	8
90657	737	9
90657	6138	10
90657	6398	10
90657	4478	8
90657	5823	10
90766	6352	9
90766	4419	10
90766	1622	9
90766	2803	10
90766	5467	9
90766	2890	10
90766	3679	10
90776	3947	8
90776	387	10
90776	468	9
90776	3601	10
90776	6079	10
90776	6089	8
90776	1147	9
90776	3674	10
90776	2375	8
90776	1768	10
90793	5849	10
90793	182	9
90793	6090	9
90793	3119	9
90793	533	7
90915	1177	9
90915	2080	9
90915	415	10
90915	51	9
90915	2888	10
91002	5964	10
91002	1465	9
91002	319	10
91002	2632	9
91002	2950	9
91002	4541	9
91002	4679	9
91002	1483	10
91002	3397	8
91002	2040	10
91002	6238	9
91002	789	8
91002	1493	8
91017	1387	8
91017	3971	10
91017	344	10
91017	4219	10
91017	2945	10
91017	144	9
91017	4596	9
91017	3745	9
91017	578	9
91017	3861	10
91017	2565	9
91017	4598	10
91017	3252	10
91017	5921	10
91058	2219	10
91058	1503	10
91058	61	6
91058	1773	6
91058	5762	10
91058	645	9
91058	540	8
91058	3518	9
91058	1198	10
91058	5302	9
91058	1344	10
91058	4541	10
91058	829	10
91058	225	9
91058	18	9
91058	1952	9
91058	127	7
91058	4310	10
91058	157	7
91058	1550	9
91103	487	9
91103	406	9
91103	408	8
91103	1490	7
91103	124	2
91103	1179	7
91103	1916	10
91103	2354	9
91103	1190	9
91103	1422	9
91103	1196	9
91103	540	6
91103	6475	10
91103	1616	9
91103	971	7
91103	3690	10
91103	2788	10
91103	1851	8
91103	293	10
91103	1686	10
91103	2961	9
91103	144	9
91103	1071	8
91103	935	10
91103	2020	10
91103	2608	10
91103	1612	10
91103	3029	8
91103	2850	10
91103	1950	9
91103	41	5
91103	2233	10
91103	2552	8
91103	614	7
91103	5867	8
91103	1218	9
91113	3142	9
91113	3244	10
91113	5923	10
91113	3117	9
91113	1168	10
91113	1731	7
91113	457	8
91113	4427	10
91113	5308	9
91113	647	9
91113	809	7
91113	4318	8
91113	1770	10
91113	1111	9
91113	1112	9
91113	1113	10
91113	227	7
91113	50	5
91113	1896	10
91113	1820	10
91113	5006	9
91113	215	10
91113	651	9
91113	393	9
91113	6476	10
91113	410	7
91113	397	10
91113	1428	6
91113	1429	9
91113	1119	10
91113	2248	9
91113	1708	9
91113	1120	10
91113	778	10
91113	3373	10
91113	1183	10
91113	634	9
91113	2194	9
91113	2386	10
91113	165	9
91113	1239	9
91113	1336	10
91113	1249	8
91113	1523	8
91113	1901	9
91113	5100	10
91113	3925	10
91113	3134	10
91113	4651	10
91113	3742	9
91113	589	10
91113	1269	7
91113	4389	10
91113	1345	10
91113	3136	9
91113	4391	10
91113	4392	10
91113	1160	9
91113	6273	10
91113	1568	8
91113	1946	8
91113	1853	8
91113	2254	9
91113	2255	9
91113	2256	9
91113	1352	10
91113	605	9
91113	5944	9
91113	37	9
91113	2053	10
91113	93	10
91113	1162	9
91113	3893	10
91113	6477	9
91113	329	9
91113	6405	10
91113	4207	8
91113	31	10
91113	6238	10
91113	4717	10
91113	5095	10
91113	1433	10
91113	5155	9
91113	214	7
91113	977	9
91113	1131	9
91113	1397	8
91113	1398	10
91113	6478	10
91113	1289	8
91113	4475	10
91113	5919	10
91113	784	8
91113	4730	10
91113	4382	9
91113	3102	10
91113	4383	10
91113	3103	10
91113	888	9
91113	1133	9
91113	3299	9
91113	1370	10
91113	6479	10
91113	978	10
91113	4773	9
91119	2855	8
91119	1240	10
91119	4569	10
91119	870	9
91119	2836	10
91119	6480	10
91119	4935	10
91130	4268	10
91130	1636	9
91130	1586	10
91130	3544	9
91130	5530	10
91130	1559	9
91130	5630	9
91130	3235	10
91130	5518	9
91130	5369	9
91130	4846	10
91130	6103	10
91130	2746	9
91165	3700	9
91165	1158	8
91165	3034	10
91165	3232	8
91165	622	9
91165	3326	10
91165	6436	10
91184	5795	10
91184	6481	9
91184	3913	7
91184	1085	9
91184	4885	9
91184	5718	10
91184	64	10
91184	235	6
91184	629	10
91184	2690	9
91184	471	8
91184	339	7
91184	478	8
91184	6482	10
91184	5072	9
91184	4223	9
91184	2093	8
91184	2406	10
91184	2525	10
91184	843	10
91184	111	10
91184	4491	9
91184	1016	9
91184	2812	10
91184	117	9
91184	2530	9
91184	2136	10
91203	3142	10
91203	883	7
91203	693	6
91203	4418	10
91203	4419	9
91203	1644	9
91203	6483	10
91203	3218	9
91203	1230	8
91203	62	10
91203	4285	10
91203	2920	9
91203	160	8
91203	6484	10
91203	3112	10
91263	2242	10
91263	3118	9
91263	1752	9
91263	1753	8
91263	1433	9
91342	486	8
91342	4427	10
91342	181	10
91342	1824	9
91342	5793	10
91342	3585	10
91342	4077	9
91342	290	10
91342	3316	9
91342	399	10
91342	2730	10
91342	6485	10
91342	2993	9
91342	2070	7
91342	1205	9
91342	3416	8
91342	3325	8
91342	1734	10
91342	4082	9
91342	579	10
91342	605	10
91342	829	9
91342	224	8
91342	5894	8
91342	5944	10
91342	612	10
91342	41	9
91342	1573	10
91342	2915	10
91342	456	9
91425	407	9
91425	61	6
91425	192	5
91425	6268	10
91425	4425	9
91428	643	7
91428	534	8
91428	1948	10
91428	6486	8
91449	1169	8
91449	573	9
91449	2387	10
91449	1526	8
91449	259	9
91449	632	10
91449	426	7
91491	5801	10
91491	167	10
91491	5444	9
91491	4239	10
91491	4112	10
91491	2944	9
91491	4133	10
91491	630	7
91576	677	9
91576	3886	10
91576	5694	9
91576	4420	10
91576	1225	9
91576	1301	10
91631	458	9
91631	1773	8
91631	1407	9
91631	413	10
91631	3888	10
91631	3738	10
91631	6343	9
91631	5548	9
91631	6261	9
91634	696	9
91634	1259	8
91634	6417	9
91634	6487	10
91634	2975	10
91634	540	9
91634	451	7
91634	932	10
91634	417	8
91634	4346	9
91634	2407	7
91634	3342	10
91634	240	7
91634	20	6
91634	954	9
91647	1553	9
91647	5027	9
91647	5063	10
91647	4969	9
91647	419	10
91647	733	9
91647	4167	9
91647	3573	10
91647	3326	9
91647	6488	10
91647	6489	10
91647	4925	10
91647	4954	9
91647	4966	10
91647	6428	10
91647	4459	10
91647	1843	10
91685	4372	9
91685	3568	9
91685	6157	8
91685	1057	10
91685	3690	9
91761	446	7
91761	6286	10
91761	1731	8
91761	5503	9
91761	1185	9
91761	1688	9
91761	4606	10
91761	592	7
91761	6490	10
91761	1397	9
91761	2049	9
91832	207	8
91832	486	4
91832	6257	9
91832	3947	9
91832	1183	8
91832	3518	10
91832	5484	10
91832	144	10
91832	1070	9
91832	2509	10
91832	6491	10
91832	6119	10
91832	831	8
91832	3899	8
91832	1360	10
91832	202	10
91832	2744	8
91832	2526	10
91832	4856	10
91832	4857	10
91832	3762	10
91832	6255	9
91875	957	9
91875	124	2
91875	532	10
91875	3593	10
91875	4704	10
91875	2579	10
91931	1622	9
91931	6492	9
91931	2840	10
91931	1491	9
91931	4791	10
91931	6493	10
91931	592	7
91931	4064	9
91931	1736	10
91931	3234	10
92132	2182	10
92132	6494	10
92132	77	8
92132	195	8
92132	4599	10
92132	5194	10
92132	4323	9
92132	3845	10
92132	3858	9
92132	4411	10
92132	3264	10
92152	5139	10
92152	4736	9
92152	6495	10
92152	6179	10
92152	2044	8
92152	2480	10
92152	634	9
92152	3232	9
92152	4988	10
92152	3395	10
92152	3467	9
92152	192	5
92152	5997	9
92152	404	7
92156	2871	10
92156	4200	10
92156	1895	9
92156	957	7
92156	586	9
92156	1058	8
92156	4398	10
92156	414	8
92156	5596	9
92156	715	8
92156	460	9
92184	140	10
92184	3405	10
92184	1690	10
92184	4368	10
92184	4414	10
92215	57	9
92215	153	10
92215	5581	10
92215	5851	10
92215	1159	8
92215	2293	9
92215	88	8
92215	6310	8
92278	4355	10
92278	1295	10
92278	451	5
92278	657	4
92278	1574	8
92316	774	7
92316	3986	9
92316	6496	9
92316	3855	10
92316	2300	10
92398	3049	9
92398	2707	8
92398	67	9
92398	645	9
92398	2217	10
92398	1205	9
92398	5864	10
92398	4008	10
92398	5306	10
92405	1020	10
92405	5136	9
92405	465	5
92405	1504	10
92405	1586	8
92405	1992	10
92405	4969	10
92405	2122	10
92405	1618	9
92405	1225	9
92405	1158	9
92405	5588	9
92405	6063	10
92405	973	10
92405	3771	10
92405	5839	10
92405	441	10
92405	3323	8
92405	196	10
92405	3355	10
92405	3394	10
92405	4323	9
92405	5324	10
92405	224	10
92405	225	8
92405	226	10
92405	988	8
92405	3360	9
92405	1396	10
92405	6497	9
92405	2490	9
92405	20	8
92498	447	10
92498	1895	9
92498	4783	9
92498	6440	10
92498	227	6
92498	5149	10
92498	1259	9
92498	1428	10
92498	3629	10
92498	307	10
92498	4790	9
92498	1675	10
92498	5194	9
92498	1203	9
92498	6324	10
92498	3593	9
92498	5537	10
92498	6331	10
92498	614	8
92498	2414	10
92524	1634	10
92524	274	6
92524	3311	10
92524	6498	10
92524	3370	9
92524	5195	10
92547	1279	10
92547	3519	9
92547	6188	8
92547	1872	9
92547	80	10
92547	2508	10
92547	3796	10
92547	6499	10
92547	4989	9
92547	5034	10
92547	382	7
92547	3338	8
92547	2837	8
92547	4131	10
92547	1891	10
92547	4029	8
92547	4739	10
92547	3201	9
92547	1642	8
92547	5326	10
92547	1602	7
92547	1603	9
92547	2532	8
92547	2863	9
92547	2168	10
92547	2865	9
92547	2677	10
92547	2678	10
92547	2007	8
92547	739	8
92547	2867	10
92648	3096	9
92648	6423	10
92648	3138	10
92648	3950	10
92648	6500	10
92652	6056	10
92652	487	9
92652	4764	10
92652	3147	10
92652	962	8
92652	6496	10
92652	1206	10
92652	423	10
92652	2887	10
92652	5227	8
92652	5594	7
92652	373	10
92652	791	10
92652	6501	10
92652	6105	10
92652	4840	10
92652	4424	8
92658	1094	7
92658	1660	9
92658	895	9
92658	936	9
92658	197	8
92658	737	9
92658	5776	9
92693	183	8
92693	1715	9
92693	3377	10
92693	339	9
92696	2031	8
92696	1499	10
92696	5901	10
92696	5372	10
92696	5868	10
92696	4431	9
92804	1630	8
92804	2368	10
92804	3337	9
92804	2890	10
92804	1458	10
92810	6502	9
92810	5408	9
92810	4593	9
92810	5922	10
92810	6032	10
92810	1054	10
92810	2658	9
92810	5802	10
92810	1329	8
92810	3739	10
92810	708	9
92810	3069	10
92810	3671	10
92810	777	9
92810	244	10
92810	2191	10
92810	6504	9
92810	2481	9
92810	165	6
92810	5631	10
92810	70	3
92810	3787	9
92810	1060	9
92810	1344	8
92810	3672	10
92810	2877	9
92810	1003	8
92810	794	10
92810	4844	10
92810	3745	9
92810	1690	10
92810	257	10
92810	3642	10
92810	1066	8
92810	6505	10
92810	1449	9
92810	1839	10
92810	3660	9
92810	5268	9
92810	5600	9
92810	127	5
92810	1068	7
92810	4598	8
92810	3361	9
92810	6138	10
92810	2841	9
92810	4893	9
92810	4934	10
92810	2890	10
92810	5556	10
92810	4159	10
92853	6506	8
92853	5926	10
92853	678	10
92853	2843	9
92853	1643	10
92853	1108	10
92853	2476	10
92853	5813	10
92853	36	8
92853	4340	9
92853	3243	10
92853	3466	10
92853	1417	9
92853	3164	10
92853	1546	9
92853	633	8
92853	781	8
92853	3165	9
92853	6507	10
92861	2392	10
92861	1674	8
92861	1291	7
92861	3654	9
92861	282	10
92861	2994	10
92861	5414	9
92861	1209	10
92861	4845	10
92861	4439	10
92861	1958	9
92861	1154	9
92861	6268	10
92861	4350	8
92861	4107	8
92979	446	7
92979	3725	10
92979	6508	9
92979	2175	9
92979	958	9
92979	1773	8
92979	430	9
92979	1193	5
92979	723	9
92979	1779	9
92979	1071	7
92979	39	9
92979	6509	9
92979	240	8
92979	1219	9
93018	1482	10
93018	3970	10
93018	2903	9
93018	5235	9
93018	5873	10
93018	5619	9
93018	3901	10
93018	6323	9
93018	2909	9
93034	883	8
93034	4056	10
93034	4462	10
93034	5577	9
93034	655	10
93034	2281	10
93034	1409	9
93034	3718	9
93034	6510	10
93034	1641	9
93034	5854	10
93046	2219	9
93046	5586	10
93046	50	7
93046	2394	9
93046	452	7
93046	1946	9
93046	3408	10
93046	3553	10
93046	404	7
93046	1134	9
93085	487	9
93085	6315	10
93085	1442	8
93085	3238	10
93085	2217	9
93085	3196	9
93085	186	9
93092	492	10
93092	1806	10
93092	405	8
93092	2208	9
93092	2493	10
93092	463	9
93092	406	9
93092	6511	10
93092	409	7
93092	879	9
93092	386	10
93092	708	9
93092	5574	9
93092	1269	9
93092	77	9
93092	3082	10
93092	5018	9
93092	886	9
93092	279	9
93092	5937	10
93092	937	8
93092	5517	9
93092	3039	10
93092	3644	9
93092	1781	9
93092	1627	8
93092	41	6
93092	4875	8
93092	1803	10
93092	4851	10
93092	1856	7
93092	1909	10
93092	2890	9
93092	2799	9
93092	489	10
93105	6333	10
93105	4154	9
93105	6512	10
93105	2362	9
93130	1508	9
93130	3824	9
93130	3825	9
93130	2853	9
93130	3268	9
93130	3826	9
93130	3827	10
93130	2763	9
93130	158	10
93141	4434	10
93141	4584	10
93141	6189	10
93141	352	8
93141	6513	10
93147	6483	10
93147	36	9
93147	1116	10
93147	6514	10
93147	6411	10
93147	2904	9
93147	3563	9
93179	2456	10
93179	5361	10
93179	3396	10
93179	1707	9
93179	1521	10
93179	159	8
93179	2819	10
93179	4238	10
93179	2604	10
93179	971	6
93179	451	6
93179	5249	10
93179	3012	10
93179	2210	8
93179	1097	10
93179	3238	10
93179	4166	8
93179	1241	9
93179	440	8
93179	994	9
93179	712	9
93179	2850	10
93179	606	9
93179	2575	9
93179	6515	9
93179	621	8
93179	881	10
93179	2859	9
93179	3948	8
93179	4214	10
93179	3180	9
93179	5729	10
93179	2311	9
93179	2552	10
93179	5381	9
93179	2732	10
93241	957	8
93241	2044	9
93241	199	8
93241	4071	9
93241	938	9
93241	590	5
93241	480	7
93308	4958	10
93308	5933	9
93308	223	10
93308	224	8
93308	5944	9
93355	2033	9
93355	4092	9
93355	2487	10
93355	5376	10
93355	6497	9
93358	5148	9
93358	6233	10
93358	2829	9
93358	5467	10
93358	3604	10
93358	4978	10
93358	2884	9
93358	592	6
93358	4509	9
93358	2686	10
93358	490	8
93363	3927	10
93363	2442	9
93363	6288	9
93363	3669	10
93363	6516	10
93363	4043	10
93363	4386	10
93363	867	8
93363	5	10
93363	1254	10
93363	6033	10
93363	1268	8
93363	2070	8
93363	379	7
93363	1037	10
93363	1038	9
93363	6517	10
93363	4176	10
93363	4177	10
93363	805	8
93363	5971	9
93363	913	9
93363	1602	8
93363	2674	10
93363	2675	9
93363	2676	9
93363	3088	9
93363	1603	10
93363	2865	10
93363	5974	8
93363	3287	10
93363	4722	9
93364	580	9
93364	405	9
93364	510	10
93364	183	9
93364	3604	10
93364	6127	10
93364	3718	9
93364	3644	10
93364	2233	8
93364	875	10
93364	1434	9
93364	6518	9
93364	5307	9
93364	5668	10
93364	5870	9
93364	2378	9
93421	486	7
93421	5436	9
93421	2189	10
93421	4226	9
93421	140	8
93426	1234	10
93426	384	9
93426	6519	9
93426	3520	9
93426	1501	10
93426	6520	10
93426	3659	10
93426	1025	10
93426	1027	9
93426	4231	10
93426	4294	10
93426	1657	10
93426	669	9
93426	2785	9
93426	880	9
93426	3311	10
93426	4122	9
93426	3675	10
93426	6097	10
93426	3905	10
93426	3841	9
93426	1098	10
93426	1887	10
93426	3858	9
93426	5511	9
93426	6521	9
93426	1453	8
93426	612	10
93426	2352	10
93426	1641	10
93426	1397	10
93426	3112	10
93426	3818	10
93426	4533	10
93426	1847	9
93426	3539	10
93453	727	10
93453	1292	9
93453	1230	10
93453	2044	8
93453	4075	9
93453	3291	10
93453	5734	10
93453	3294	10
93453	140	9
93453	3183	10
93453	2877	10
93453	1691	10
93453	1855	8
93453	1567	9
93453	590	5
93453	329	9
93453	229	10
93453	6008	9
93453	5921	10
93453	1603	7
93513	2644	10
93513	6522	10
93513	5344	10
93513	3750	8
93518	51	8
93518	4529	9
93518	5265	10
93518	6523	10
93518	271	10
93562	251	9
93562	2010	9
93562	6485	10
93562	1567	7
93562	4954	9
93562	5065	9
93562	2718	8
93565	649	8
93565	208	9
93565	6457	10
93565	1407	10
93565	1520	9
93565	1522	9
93565	4524	9
93565	70	4
93565	938	10
93565	1409	10
93565	6524	10
93565	4028	8
93565	222	10
93565	403	10
93565	6219	10
93565	6525	10
93565	127	7
93565	2905	8
93565	3931	9
93565	781	6
93565	1804	10
93565	6526	10
93615	250	9
93615	3060	10
93615	4168	10
93615	3694	10
93615	373	9
93629	6447	10
93629	6527	10
93629	4349	10
93629	5271	9
93629	1054	7
93629	1866	10
93629	2493	10
93629	1895	9
93629	2409	10
93629	2170	8
93629	5563	8
93629	1331	8
93629	981	10
93629	1707	8
93629	5800	10
93629	158	9
93629	3959	10
93629	6503	9
93629	6078	9
93629	70	4
93629	540	7
93629	5278	10
93629	710	10
93629	2068	8
93629	2149	10
93629	1104	9
93629	170	8
93629	365	10
93629	974	10
93629	3085	10
93629	3581	9
93629	2968	10
93629	5346	9
93629	730	10
93629	6132	10
93629	1097	9
93629	2211	8
93629	4639	10
93629	368	9
93629	4369	10
93629	6528	9
93629	2198	8
93629	5733	10
93629	3200	10
93629	1081	10
93629	214	10
93630	487	10
93630	136	10
93630	4541	9
93630	4305	9
93631	2656	9
93631	649	10
93631	3972	8
93631	1686	9
93631	414	6
93631	3796	10
93631	5018	10
93631	934	7
93631	5575	10
93631	2885	10
93631	52	9
93631	4913	10
93631	6529	10
93636	800	9
93636	742	7
93636	1117	7
93636	2706	9
93636	6445	10
93636	1158	9
93636	5364	10
93698	4271	10
93698	1428	9
93698	4768	10
93698	3998	10
93698	3614	10
93698	1804	10
93698	978	9
93732	1176	9
93732	5975	10
93732	469	9
93732	2787	10
93732	2883	10
93732	5268	8
93732	214	7
93770	6382	10
93770	4791	10
93770	1103	9
93770	3314	10
93770	1667	8
93800	3561	10
93800	1058	6
93800	2279	10
93800	1593	9
93800	997	8
93871	1382	8
93871	5799	10
93871	6485	9
93871	195	6
93871	84	9
93871	2331	10
93985	5680	10
93985	5362	10
93985	5835	10
93985	3353	10
93985	4009	9
93985	3609	8
94023	5382	9
94023	6308	10
94023	3089	10
94023	4847	10
94023	1481	9
94023	5958	9
94023	6323	9
94023	559	10
94023	632	10
94023	6324	10
94023	613	8
94094	1731	8
94094	1179	8
94094	1191	10
94094	1320	10
94094	3459	10
94213	2881	8
94213	5631	9
94213	6294	9
94213	711	10
94213	6509	9
94242	2892	10
94242	628	9
94242	1158	7
94242	1927	10
94242	618	10
94242	726	9
94242	6531	10
94263	2559	8
94263	2561	8
94263	2449	10
94263	2450	10
94263	2451	9
94263	6140	10
94263	533	8
94263	6474	9
94263	254	10
94263	859	10
94263	70	1
94263	141	9
94263	77	10
94263	160	8
94263	1788	9
94334	6532	9
94334	4001	9
94334	6504	10
94334	729	10
94334	5636	10
94334	3816	9
94334	5659	9
94362	207	9
94362	914	10
94362	536	9
94362	902	10
94362	1003	8
94362	232	10
94362	5868	10
94366	1807	9
94366	6533	9
94366	2329	7
94366	1382	10
94366	4051	8
94366	1811	10
94376	272	10
94376	1581	10
94376	503	8
94376	274	5
94376	2070	7
94376	1277	10
94376	500	8
94385	3667	9
94385	1088	10
94385	432	8
94385	293	9
94385	5945	10
94396	5271	8
94396	776	7
94396	4337	10
94396	2064	8
94396	2026	8
94396	5784	9
94494	1284	7
94494	879	9
94494	1940	10
94494	208	8
94494	880	9
94494	2387	8
94494	3546	10
94494	1626	6
94494	2883	10
94494	5461	10
94494	2397	9
94494	1203	8
94494	590	6
94494	610	10
94494	4875	10
94494	1765	10
94494	4976	10
94495	335	8
94495	1056	8
94495	531	10
94495	135	8
94495	1185	8
94495	141	10
94495	2726	10
94519	451	6
94519	2037	10
94519	6384	10
94519	2516	9
94519	155	10
94529	406	9
94529	723	8
94529	2293	9
94529	3055	9
94529	3184	10
94529	3476	10
94529	6329	9
94529	1964	9
94529	52	8
94630	1495	9
94630	5821	9
94630	6515	10
94630	2837	9
94630	267	8
94630	5537	9
94730	3089	8
94730	61	6
94730	6516	10
94730	691	8
94730	189	9
94730	597	9
94730	2932	9
94730	1152	10
94787	1169	10
94787	862	10
94787	3602	10
94787	394	8
94787	2546	8
94787	3351	10
94787	1382	10
94787	1461	9
94787	341	6
94787	3401	10
94787	1096	9
94787	4883	10
94787	2037	9
94787	2856	10
94787	2511	10
94787	267	7
94787	1617	9
94818	6216	9
94818	410	8
94818	245	9
94818	1159	7
94818	1709	8
94818	3048	9
94843	1527	10
94843	589	9
94843	1639	9
94843	704	9
94923	3826	9
94923	3827	10
94923	707	10
94923	1295	10
94923	2226	10
94923	2737	10
94923	4263	10
94923	803	7
94923	875	10
94923	117	10
94923	5499	9
94923	6139	9
94923	4417	10
94951	4626	10
94951	4628	9
94951	2017	9
94951	6308	9
94951	2145	10
94951	2018	10
94951	3341	10
94951	4128	9
94951	5463	10
94951	1158	9
94951	469	9
94951	4129	10
94951	2396	8
94951	6010	8
94951	730	9
94951	3989	10
94951	1712	10
94951	4555	10
94951	1485	10
94951	1126	10
94951	6376	9
94951	3100	8
94951	5844	9
94951	96	9
94951	3226	8
94951	2824	9
94951	4475	8
94951	374	10
94951	5919	10
94951	841	7
94951	570	9
94952	487	10
94952	3591	10
94952	4912	9
94952	974	9
94952	1530	10
94952	3014	10
94952	988	10
94965	4952	9
94965	135	8
94965	3247	10
94965	1268	8
94965	379	7
94965	5385	10
94965	99	9
94965	5580	10
94965	2906	10
94985	2580	10
94985	3083	7
94985	3918	10
94985	274	4
94985	774	7
94985	397	9
94985	5917	10
94985	3522	10
94985	1071	8
94985	5113	10
94985	440	10
94985	2612	9
94985	590	6
94985	3056	8
94985	4447	8
94985	149	8
94985	3246	10
94985	4900	10
94985	6536	10
94997	1706	9
94997	3372	10
94997	3270	9
94997	6523	10
94997	5940	9
95010	6157	10
95010	6537	9
95010	6538	9
95010	946	10
95010	5764	10
95010	1902	10
95010	6418	9
95010	1268	8
95010	3943	9
95010	3644	9
95010	5250	9
95010	1891	10
95010	5962	9
95010	3877	10
95010	2523	9
95010	1754	10
95025	6527	10
95025	1893	10
95025	693	6
95025	6441	10
95025	1089	8
95025	6071	10
95025	1715	9
95025	70	2
95025	713	9
95025	6309	9
95025	3048	10
95025	6539	9
95025	20	6
95043	1934	9
95043	6244	10
95043	1158	9
95043	5283	9
95043	4381	8
95043	1128	9
95043	4485	9
95173	384	8
95173	1165	10
95173	883	8
95173	2492	10
95173	465	5
95173	2089	9
95173	2000	10
95173	61	7
95173	1916	10
95173	1631	10
95173	2735	10
95173	1520	10
95173	1261	8
95173	2920	8
95173	938	9
95173	1853	9
95173	6540	10
95173	2883	9
95173	977	10
95173	157	7
95173	404	6
95226	580	9
95226	2373	9
95226	2743	10
95226	991	9
95226	456	9
95226	5331	9
95226	4031	10
95226	4710	10
95250	2467	9
95250	3611	10
95250	227	8
95250	3668	10
95250	3663	10
95250	3518	9
95250	3115	10
95250	1104	7
95250	3613	9
95250	1435	10
95250	954	7
95250	6526	9
95250	1911	10
95250	3615	10
95261	5411	9
95261	1465	9
95261	886	10
95261	4646	10
95261	4729	10
95301	1869	10
95301	62	10
95301	3988	10
95301	6535	9
95301	3970	9
95301	5235	9
95301	6541	8
95301	5971	10
95301	2749	10
95316	5079	10
95316	1871	10
95316	532	9
95316	1941	8
95316	274	6
95316	3957	10
95316	1775	10
95316	6542	9
95316	6543	10
95316	6544	9
95316	3349	10
95316	982	9
95316	1902	9
95316	6110	10
95316	5410	10
95316	441	9
95316	3745	7
95316	17	7
95316	1096	9
95316	1832	10
95316	1854	8
95316	4954	10
95316	2077	8
95316	3359	10
95316	1667	9
95316	624	7
95316	1547	9
95316	5198	10
95353	6515	9
95353	241	9
95353	5497	9
95353	2012	10
95353	6545	9
95360	397	10
95360	2763	10
95360	1261	8
95360	2459	10
95360	41	8
95360	192	5
95360	1273	8
95360	352	8
95393	59	7
95393	1114	9
95393	1055	8
95393	1328	6
95393	1821	9
95393	1329	8
95393	393	8
95393	2398	9
95393	95	9
95393	781	7
95452	458	8
95452	2974	10
95452	1715	9
95452	4003	9
95452	5901	10
95452	459	10
95452	3346	10
95506	2554	8
95506	693	6
95506	2494	8
95506	3018	8
95506	1872	9
95506	5773	9
95506	2918	8
95506	4629	9
95506	4842	10
95506	1320	10
95506	825	8
95506	6160	9
95506	1385	10
95506	5520	9
95506	2625	10
95506	633	10
95506	3048	10
95506	1816	9
95509	1459	8
95509	1775	9
95509	4320	10
95509	452	9
95509	1728	9
95509	2254	8
95509	1471	9
95525	6546	10
95525	4281	9
95525	6538	8
95525	5850	10
95525	2476	10
95525	1245	9
95525	6547	10
95525	1788	9
95525	682	9
95574	3472	8
95574	531	9
95574	3805	9
95574	70	3
95574	4212	9
95574	5765	10
95574	2708	10
95574	6548	8
95574	4343	9
95574	4686	10
95574	991	10
95574	4227	9
95781	457	8
95781	2974	9
95781	5397	10
95781	5623	9
95781	6284	10
95903	1155	10
95903	50	6
95903	2587	8
95903	3949	8
95903	4146	9
95903	2825	10
95903	3434	9
95903	3414	9
95903	3586	8
95903	2955	9
95903	2956	8
95903	2957	9
95903	608	10
95903	5289	8
95903	737	7
95903	4008	10
95903	2233	9
95903	326	9
95903	4564	10
95903	1251	10
95903	4899	10
95903	2007	10
95907	1554	8
95907	883	8
95907	862	9
95907	2480	10
95907	3518	9
95907	4639	10
95907	1414	8
95907	5623	10
95921	5585	10
95921	3089	9
95921	1055	9
95921	1636	9
95921	2328	10
95921	1460	10
95921	379	8
95921	440	10
95921	590	8
95921	559	10
95921	3177	10
95921	5589	9
95921	4876	9
95921	426	8
95921	1576	9
95921	2870	9
95923	6549	10
95923	5673	9
95923	1291	7
95923	6550	10
95923	5412	10
95923	1605	10
95923	4398	9
95923	6475	10
95923	2633	10
95923	3888	10
95923	6119	9
95923	434	8
95923	6551	9
95923	552	9
95923	556	9
95923	6261	10
95932	3886	10
95932	3104	9
95932	581	5
95932	862	10
95932	487	10
95932	2204	9
95932	2447	10
95932	2448	9
95932	5818	10
95932	4943	10
95932	1087	10
95932	1088	10
95932	727	9
95932	4774	10
95932	6552	9
95932	61	6
95932	1941	9
95932	503	9
95932	3094	8
95932	4209	9
95932	6213	10
95932	742	8
95932	6553	10
95932	6554	10
95932	1407	8
95932	4775	9
95932	469	8
95932	1159	10
95932	1879	10
95932	3491	10
95932	5080	9
95932	3742	10
95932	971	6
95932	170	7
95932	5616	9
95932	2293	10
95932	1346	10
95932	3136	10
95932	6555	9
95932	938	10
95932	730	8
95932	2562	8
95932	1242	9
95932	5778	10
95932	1066	9
95932	5604	9
95932	606	10
95932	198	9
95932	1321	10
95932	715	7
95932	3144	10
95932	1207	9
95932	1081	10
95932	665	8
95932	1278	9
95932	5997	8
95991	1720	9
95991	3908	9
95991	4486	10
95991	1707	9
95991	6556	10
95991	1254	9
95991	6557	9
95991	1776	10
95991	3770	8
95991	2289	9
95991	2627	10
95991	4133	9
95991	169	7
95991	3085	10
95991	3884	10
95991	3393	10
95991	6558	9
95991	258	10
95991	381	10
95991	801	10
95991	259	10
95991	4757	10
95991	6159	10
95991	2948	8
95991	1583	9
95991	4263	9
95991	3177	9
95991	560	10
95991	780	9
95991	6381	10
95991	3207	9
95991	2400	8
95991	156	9
95991	157	7
95991	1550	8
95991	1818	10
95991	4139	10
96019	2088	10
96019	36	8
96019	680	10
96019	631	10
96019	6324	10
96019	3562	8
96053	2725	9
96053	541	10
96053	1064	9
96053	1160	10
96053	1914	8
96053	519	10
96053	4606	10
96054	1630	6
96054	808	9
96054	4462	10
96054	124	2
96054	774	8
96054	338	8
96054	657	9
96054	5537	9
96054	3243	9
96054	5022	10
96055	581	5
96055	1636	7
96055	1328	8
96055	391	9
96055	936	10
96194	2080	8
96194	1447	9
96194	4515	8
96194	2026	7
96194	1298	9
96194	4166	9
96320	1630	7
96320	5083	9
96320	2992	8
96320	971	8
96320	170	7
96320	2070	8
96320	452	9
96320	1664	9
96320	3751	10
96320	665	6
96335	2283	9
96335	3531	10
96335	1904	9
96335	3677	8
96335	6149	10
96335	3103	9
96357	429	10
96357	581	6
96357	4698	8
96357	4736	10
96357	1971	10
96357	5185	9
96357	243	6
96357	533	7
96357	981	8
96357	776	10
96357	1707	10
96357	1405	8
96357	5396	9
96357	5315	9
96357	449	10
96357	72	8
96357	2068	10
96357	363	10
96357	1851	6
96357	619	9
96357	3905	10
96357	2064	6
96357	2176	9
96357	2969	10
96357	279	9
96357	5249	10
96357	912	9
96357	4825	10
96357	6547	9
96357	2823	10
96357	3022	10
96357	5575	10
96357	611	8
96357	4245	10
96357	2374	9
96357	6559	10
96357	3243	10
96357	1788	8
96357	285	9
96357	460	9
96357	1602	9
96440	2545	9
96440	2801	10
96440	457	7
96440	862	10
96440	915	10
96440	1938	9
96440	4121	9
96440	5471	9
96440	5472	9
96440	980	9
96440	2096	10
96440	5473	10
96440	1333	10
96440	1186	9
96440	744	10
96440	628	7
96440	1519	10
96440	1287	9
96440	2163	9
96440	812	10
96440	4663	10
96440	3135	9
96440	4713	7
96440	2281	9
96440	2296	9
96440	2015	8
96440	5883	10
96440	5486	8
96440	1434	9
96440	726	10
96440	3048	9
96440	6312	9
96444	3831	10
96444	5114	10
96444	5029	9
96444	3135	8
96444	3073	10
96448	3928	10
96448	457	9
96448	862	7
96448	3044	10
96448	2494	10
96448	4587	10
96448	2938	9
96448	927	10
96448	4386	9
96448	2641	9
96448	4283	10
96448	981	7
96448	720	9
96448	276	10
96448	65	10
96448	5264	9
96448	5116	10
96448	6328	10
96448	3796	9
96448	6443	8
96448	2844	9
96448	2422	9
96448	4506	10
96448	3231	8
96448	3855	10
96448	4435	10
96448	6560	10
96448	560	10
96448	1788	9
96448	3037	10
96448	103	9
96448	1289	8
96474	3193	10
96474	4046	9
96474	6087	10
96474	5207	10
96474	1946	9
96474	2836	10
96474	2710	9
96474	87	7
96474	3891	9
96474	1207	8
96493	358	10
96493	5752	10
96493	1263	8
96493	1476	10
96493	1477	9
96493	1014	10
96493	2464	9
96493	4424	10
96521	1284	7
96521	5984	10
96521	5735	10
96521	1384	10
96521	6518	9
96521	3382	10
96521	852	10
96521	857	7
96554	465	5
96554	227	7
96554	573	10
96554	4450	10
96554	1159	10
96554	1975	10
96554	414	7
96554	1064	9
96554	590	5
96554	3718	9
96554	5234	10
96554	102	10
96554	5561	10
96554	2908	10
96554	1084	9
96554	3615	8
96679	1234	10
96679	1630	7
96679	6561	9
96679	4671	8
96679	1490	8
96679	6562	9
96679	1949	9
96679	4446	10
96744	183	10
96744	3064	8
96744	537	9
96744	2478	9
96744	1875	9
96744	70	4
96744	2289	10
96744	2334	10
96744	2627	8
96744	3500	10
96744	971	6
96744	1269	8
96744	1743	9
96744	5452	9
96744	2644	9
96744	761	10
96744	4213	9
96744	6151	7
96744	872	10
96744	608	8
96744	2760	10
96744	3258	10
96744	127	4
96744	956	10
96744	4900	10
96744	4902	10
96771	1268	8
96771	974	9
96771	4051	10
96771	3284	10
96771	2795	10
96771	4554	9
96771	1068	9
96869	2582	10
96869	3083	7
96869	2637	9
96869	4964	10
96869	2593	10
96869	2600	10
96869	5621	10
96869	941	9
96869	4901	10
96880	581	4
96880	1094	10
96880	742	8
96880	3565	10
96880	4210	10
96880	6499	10
96880	6563	10
96880	19	7
96900	4420	10
96900	5522	9
96900	568	8
96900	5524	10
96936	4427	9
96936	3498	8
96936	4979	10
96936	414	7
96936	6564	10
96936	265	10
96936	5267	10
96936	5583	10
96936	5426	10
96954	777	9
96954	4834	10
96954	4792	10
96954	1600	8
96954	2064	9
96954	657	5
96954	5771	9
96970	446	7
96970	2554	7
96970	492	9
96970	2321	10
96970	1143	10
96970	61	6
96970	2415	10
96970	4216	10
96970	4356	6
96970	588	9
96970	2635	10
96970	590	6
96970	635	9
96970	1207	6
96970	614	7
96989	1167	9
96989	4716	9
96989	465	5
96989	61	8
96989	2228	9
96989	538	10
96989	5239	10
97160	5598	10
97160	6565	9
97160	6566	10
97160	6567	8
97160	688	9
97179	2644	10
97179	6522	9
97179	5929	9
97179	3195	9
97179	2645	10
97179	2607	10
97179	1470	10
97179	762	10
97179	4516	10
97179	5937	9
97179	6022	10
97179	1647	10
97208	884	8
97208	6568	9
97208	1294	10
97208	2044	8
97208	1766	10
97208	1943	10
97208	5387	10
97208	3170	10
97208	144	9
97208	4175	9
97208	953	7
97290	3946	10
97290	6216	10
97290	335	9
97290	910	8
97290	1504	8
97290	391	9
97290	2942	10
97290	29	9
97290	341	5
97290	6569	10
97290	5460	10
97290	4757	10
97290	1410	10
97290	1931	10
97324	6570	10
97324	447	10
97324	1171	8
97324	6157	9
97324	6088	10
97324	627	10
97324	698	9
97324	5998	9
97324	2918	8
97324	6571	10
97324	72	8
97324	3245	9
97324	6572	10
97324	1360	10
97324	551	10
97324	1433	10
97324	5623	10
97324	2626	10
97324	5165	10
97423	727	10
97423	3766	8
97423	237	10
97423	892	8
97423	1729	7
97423	3480	10
97515	3628	10
97515	1592	10
97515	3629	10
97515	3540	9
97515	4062	10
97515	1946	9
97515	2407	9
97515	3234	10
97587	2332	10
97587	1858	8
97587	975	10
97587	829	9
97587	224	8
97587	225	10
97587	180	10
97587	5946	10
97694	5755	9
97694	6352	9
97694	61	8
97694	1592	8
97694	2479	10
97694	2920	9
97694	4071	10
97694	3286	9
97694	144	9
97694	657	7
97694	3029	10
97694	1948	10
97694	2345	8
97694	3112	9
97694	352	9
97721	1020	8
97721	695	9
97721	2971	8
97721	1253	9
97721	3940	10
97721	2271	8
97721	359	9
97721	896	7
97721	6379	10
97721	195	8
97721	2070	7
97721	4391	9
97721	3962	9
97721	1589	9
97721	329	9
97754	3118	10
97754	3839	10
97754	5922	10
97754	6032	10
97754	1770	9
97754	3956	10
97754	1114	10
97754	1224	10
97754	6573	8
97754	6456	10
97754	1684	8
97754	2960	10
97754	634	8
97754	1775	10
97754	1618	10
97754	1619	9
97754	1620	10
97754	5975	9
97754	4356	10
97754	1637	10
97754	2327	10
97754	1337	10
97754	1062	9
97754	3882	10
97754	1686	10
97754	185	9
97754	1966	10
97754	2574	7
97754	2789	8
97754	4713	9
97754	246	9
97754	1946	10
97754	3676	10
97754	4229	8
97754	6384	9
97754	3177	8
97754	1540	10
97754	5537	9
97754	192	8
97754	1813	10
97754	665	7
97754	2201	10
97754	3633	10
97754	2798	9
97754	1082	10
97754	2732	10
97754	4234	10
97754	5199	10
97754	3811	10
97754	490	8
97848	124	2
97848	6078	10
97848	1102	10
97848	4007	10
97972	1142	9
97972	3493	9
97972	6322	9
97972	4708	9
97972	3205	10
98026	5283	9
98026	3735	10
98026	3883	10
98026	4569	10
98026	179	9
98026	3600	10
98026	6176	9
98026	2059	9
98026	2516	9
98026	6574	9
98026	3866	10
98159	5106	9
98159	6123	9
98159	4058	10
98159	1011	10
98159	2951	8
98159	4664	9
98159	5470	10
98263	3116	9
98263	649	9
98263	1253	7
98263	4181	9
98263	2044	7
98263	1179	10
98263	1186	8
98263	2785	9
98263	1193	9
98263	2395	9
98263	4791	10
98263	4702	9
98263	824	9
98263	657	7
98263	3724	10
98263	906	10
98263	1947	10
98263	2004	8
98263	1207	8
98263	5537	10
98263	5414	10
98263	614	8
98263	1212	10
98263	240	7
98263	833	10
98263	2007	10
98263	2867	9
98263	4951	8
98263	404	8
98263	6575	9
98263	1959	10
98297	5642	10
98297	6282	9
98297	3020	10
98297	3162	9
98297	1793	9
98297	5564	10
98297	983	10
98297	4989	9
98297	5034	9
98297	4425	9
98320	1268	9
98320	6	9
98320	160	7
98320	3093	8
98320	2346	10
98320	456	9
98322	2992	9
98322	5678	9
98322	1836	10
98322	4383	10
98322	3895	10
98344	1324	9
98344	533	9
98344	5869	9
98344	4798	9
98344	2751	10
98344	6400	9
98356	6257	10
98356	274	6
98356	1115	8
98356	5564	10
98356	5977	9
98356	5348	8
98356	5202	9
98356	2396	9
98356	5363	9
98356	2978	10
98356	2420	10
98356	4028	9
98356	5978	10
98356	285	6
98356	4484	10
98356	848	9
98356	850	9
98356	888	8
98422	3586	8
98422	18	10
98422	1039	10
98422	111	9
98422	5790	8
98440	227	6
98440	533	8
98440	866	9
98440	6576	9
98440	3661	10
98440	1407	9
98440	2411	9
98440	2069	9
98440	5735	10
98440	4096	9
98440	80	10
98440	3097	10
98440	1105	9
98440	983	10
98440	6577	9
98440	934	7
98440	6578	9
98440	4571	8
98440	2217	10
98440	2296	8
98440	481	10
98440	1361	8
98440	941	10
98440	5943	9
98440	3995	10
98484	4823	10
98484	3594	10
98484	6579	9
98484	3715	8
98484	4734	10
98484	1225	8
98484	2691	10
98484	934	7
98484	1583	9
98484	1584	10
98484	941	9
98484	285	7
98484	1990	9
98525	6580	9
98525	463	10
98525	920	10
98525	2482	10
98525	1752	10
98525	1753	9
98525	2005	9
98547	5875	8
98547	1652	10
98547	3471	10
98547	1093	10
98547	5435	10
98547	1656	10
98547	3316	10
98547	3153	8
98547	2403	8
98547	6581	10
98547	5610	8
98547	6272	10
98547	2035	10
98547	494	10
98547	3649	10
98547	1525	10
98547	217	9
98547	439	9
98547	5128	10
98547	4022	9
98547	6582	10
98547	5322	10
98547	5183	9
98547	4660	10
98547	3650	10
98547	4095	10
98547	3253	9
98547	6583	9
98547	1386	10
98547	3480	10
98547	1397	7
98547	5946	9
98547	2043	10
98547	1915	9
98547	3539	10
98574	2872	10
98574	1229	10
98574	2019	10
98574	3809	9
98574	688	10
98574	4028	9
98574	1359	10
98575	1728	8
98575	6132	9
98575	3973	7
98575	4632	9
98575	4086	10
98628	4014	10
98628	3947	10
98628	5262	10
98628	208	9
98628	1490	9
98628	3663	10
98628	70	5
98628	399	10
98628	6443	10
98628	1626	7
98628	1913	10
98628	2347	8
98628	2728	9
98628	5023	9
98628	528	8
98628	20	5
98628	1761	10
98647	6584	10
98647	6522	10
98647	1882	7
98647	3745	9
98647	6399	9
98647	382	9
98647	3750	10
98647	2616	10
98647	5938	10
98647	2861	10
98686	2442	8
98686	3766	9
98686	63	8
98686	1102	9
98686	5456	10
98686	892	9
98686	168	7
98686	1268	6
98686	5882	10
98686	1160	9
98686	4887	10
98686	5423	9
98686	995	9
98686	5596	10
98686	5768	10
98686	4179	10
98686	6383	9
98686	4925	10
98686	1800	9
98686	5000	10
98686	312	10
98686	3899	9
98686	3708	10
98686	3159	9
98722	2320	9
98722	777	7
98722	4596	10
98722	2026	7
98722	178	10
98722	5423	9
98722	712	10
98722	4532	10
98722	6587	8
98723	317	10
98723	335	9
98723	1587	9
98723	1611	9
98723	5602	9
98723	2919	7
98723	2920	10
98723	255	10
98723	5817	10
98723	2792	10
98723	1833	9
98723	6236	10
98723	3175	9
98723	803	8
98723	592	6
98723	3674	10
98723	2712	8
98723	6209	9
98723	665	8
98723	1398	8
98723	2745	9
98723	2991	9
98741	816	10
98741	580	8
98741	818	9
98741	536	7
98741	2912	7
98741	3817	10
98741	5040	9
98741	6588	10
98741	1366	10
98741	3048	9
98741	1017	9
98741	2865	9
98741	6402	10
98741	6260	9
98741	6261	10
98741	4469	9
98758	6195	9
98758	6589	10
98758	2587	10
98758	61	7
98758	5260	9
98758	4618	10
98758	540	8
98758	3785	9
98758	710	8
98758	4724	10
98758	3564	8
98758	2271	10
98758	4674	9
98758	166	10
98758	2709	8
98758	5715	10
98758	788	9
98758	4559	10
98758	82	8
98758	3093	10
98758	442	8
98758	658	7
98758	4711	8
98758	4569	9
98758	6295	9
98758	4560	9
98758	1612	10
98758	2215	9
98758	3586	8
98758	2692	9
98758	2217	8
98758	264	10
98758	3569	10
98758	3196	10
98758	611	7
98758	1767	10
98758	5365	9
98758	6192	10
98758	1453	8
98758	6590	10
98758	3876	10
98758	715	10
98758	4574	10
98758	4202	9
98758	2713	9
98758	796	10
98758	1493	8
98758	1471	10
98758	3418	10
98758	6591	10
98758	1546	9
98758	5300	10
98758	4509	9
98758	5626	9
98758	4729	9
98758	113	10
98783	503	9
98783	1331	9
98783	274	6
98783	3064	9
98783	1115	9
98783	1117	8
98783	2706	10
98783	1348	8
98783	2296	9
98783	4481	9
98783	519	8
98783	6592	10
98783	2488	10
98783	4115	10
98783	5347	10
98783	5844	9
98783	3993	9
98787	5052	10
98787	945	9
98787	207	9
98787	600	8
98787	6593	9
98787	2997	10
98787	6594	10
98787	3308	9
98787	5627	9
98787	1587	9
98787	410	8
98787	61	8
98787	62	9
98787	1897	8
98787	708	9
98787	573	9
98787	1026	8
98787	2960	10
98787	235	7
98787	308	8
98787	449	8
98787	388	9
98787	3286	9
98787	414	7
98787	5665	9
98787	886	9
98787	258	8
98787	2511	9
98787	3177	10
98787	90	8
98787	3765	9
98787	5853	10
98787	2233	9
98787	2796	10
98787	6595	10
98787	4074	10
98787	3205	9
98787	4064	10
98787	54	9
98787	953	9
98787	157	10
98787	1551	10
98787	6062	10
98787	4353	10
98861	640	10
98861	3266	10
98861	3502	9
98861	5427	10
98861	6596	9
98887	1108	10
98887	5009	10
98887	5654	9
98887	5655	10
98887	5656	9
98887	6224	10
98887	1277	9
98887	6012	10
98887	1788	9
98904	1769	10
98904	1630	8
98904	1093	10
98904	957	7
98904	124	2
98904	1330	9
98904	3212	10
98904	2063	10
98904	1421	7
98904	1660	9
98904	237	9
98904	73	10
98904	2992	8
98904	347	10
98904	341	7
98904	658	8
98904	380	9
98904	3548	10
98904	259	10
98904	3290	9
98904	4569	8
98904	2634	9
98904	1264	9
98904	2922	8
98904	4142	9
98904	3586	10
98904	4572	10
98904	2692	8
98904	1242	9
98904	4573	9
98904	1589	10
98904	3476	9
98904	3385	9
98904	3751	9
98904	5230	9
98904	715	9
98904	671	10
98904	1358	9
98904	500	9
98904	1380	10
98904	332	8
98923	4858	10
98923	4834	9
98923	997	9
98923	1749	9
98923	1400	10
98923	2577	9
98923	2823	10
98923	5195	8
98923	5844	10
98930	692	10
98930	5672	9
98930	6188	10
98930	410	7
98930	1115	6
98930	5246	9
98930	2415	10
98930	1089	10
98930	5970	9
98930	6037	9
98930	6444	10
98930	6597	9
98930	1890	10
98930	3056	10
98943	1793	10
98943	3826	9
98943	2096	9
98943	2854	9
98943	1404	10
98943	5257	8
98943	5480	9
98943	3131	10
98943	3829	9
98943	4818	10
98958	1895	9
98958	5618	9
98958	1708	9
98958	5720	9
98958	4345	10
98958	1202	10
98958	210	8
98958	1397	10
98958	1789	8
98988	957	9
98988	79	10
98988	3506	9
98988	417	8
98988	1781	10
98988	1956	9
98988	952	10
99026	4592	9
99026	1331	10
99026	3150	9
99026	2091	10
99026	3138	10
99026	5217	9
99026	3139	10
99026	3765	9
99026	20	6
99032	2186	9
99032	809	8
99032	2470	9
99032	742	9
99032	1597	10
99032	70	5
99032	3136	9
99032	6598	9
99068	2912	7
99068	1978	9
99068	3112	8
99068	2963	9
99068	3368	10
99102	1329	10
99102	3230	10
99102	1808	9
99102	3473	10
99102	6599	10
99102	416	8
99102	2672	10
99146	6600	10
99146	1259	8
99146	4668	10
99146	6601	10
99146	1281	8
99146	844	9
99193	1382	7
99193	1526	9
99193	6049	9
99193	1138	9
99193	1536	10
99193	770	9
99193	1289	9
99204	4188	10
99204	2329	9
99204	3690	10
99204	379	8
99204	4925	10
99204	3567	9
99222	1176	10
99222	634	8
99222	2847	9
99222	4301	8
99222	3099	8
99222	3834	9
99222	2679	9
99252	327	10
99252	160	8
99252	934	7
99252	279	7
99252	2028	10
99252	4578	10
99312	463	8
99312	2451	10
99312	2453	9
99312	4460	10
99312	2532	10
99312	2864	8
99312	1074	9
99312	2533	10
99312	2469	9
99313	465	5
99313	1055	7
99313	1320	9
99313	2729	10
99313	4713	9
99313	2884	10
99313	1303	10
99313	1576	10
99314	957	9
99314	4027	10
99314	449	8
99314	3799	10
99314	3563	10
99322	2616	9
99322	2619	10
99322	5338	9
99322	4367	10
99322	6207	9
99322	4889	9
99322	5379	10
99347	5760	10
99347	5618	10
99347	1820	9
99347	651	10
99347	2044	7
99347	667	10
99347	2193	8
99347	1779	9
99347	5001	10
99347	6430	9
99347	1572	8
99347	214	9
99347	4819	10
99347	1846	9
99347	1370	9
99347	1915	9
99347	5405	10
99347	2012	7
99347	6545	9
99441	5746	10
99441	5708	10
99441	2803	10
99441	2931	10
99441	4665	10
99441	4601	10
99441	6393	9
99441	3524	10
99441	3380	10
99441	6525	10
99441	591	10
99441	804	9
99441	3121	10
99441	3122	10
99441	5569	10
99441	5203	10
99441	6602	9
99441	1364	10
99441	5854	10
99441	6603	10
99441	2952	8
99523	2480	10
99523	1186	9
99523	1190	10
99523	1193	6
99523	308	10
99523	292	7
99523	657	6
99523	1434	9
99523	614	9
99523	2024	9
99616	2208	9
99616	6604	10
99616	5119	10
99616	2171	10
99616	4798	10
99616	552	7
99630	1027	10
99630	1058	8
99630	4666	9
99630	2315	10
99630	1006	10
99630	614	7
99630	861	9
99630	4405	10
99630	6130	10
99630	4107	10
99720	5818	9
99720	6579	9
99720	1194	10
99720	540	10
99720	338	6
99720	340	8
99720	341	8
99720	1104	8
99720	675	7
99720	1688	10
99720	544	9
99720	545	10
99720	546	9
99720	434	5
99720	202	10
99720	423	9
99720	5051	9
99720	1813	10
99720	5508	10
99720	214	9
99720	2200	9
99955	580	9
99955	6605	10
99955	2009	10
99955	3190	9
99955	3946	9
99955	865	10
99955	3530	10
99955	6346	10
99955	5660	10
99955	880	9
99955	2349	8
99955	2699	10
99955	2019	9
99955	1626	7
99955	4167	9
99955	1835	9
99955	1836	9
99955	1839	10
99955	3885	10
99955	6560	10
99955	6133	10
99955	4207	7
99955	4914	10
99955	614	8
99955	1493	10
99955	2005	8
99955	4233	9
99955	5024	10
99955	2136	10
99955	6513	10
99955	2749	10
99955	5748	9
99996	5014	10
99996	6257	10
99996	2649	10
99996	4050	9
99996	185	9
99996	451	5
99996	160	9
99996	5506	10
99996	4760	10
99996	590	7
99996	3885	8
99996	5195	10
99996	5091	9
99996	2653	10
99996	4968	10
99996	3679	9
99997	124	1
99997	1179	9
99997	4662	9
99997	1764	10
99997	5568	9
100004	3064	9
100004	4319	9
100004	3770	9
100004	338	7
100004	434	7
100009	883	8
100009	1630	8
100009	1220	9
100009	6233	10
100009	3266	9
100009	734	9
100009	2278	10
100009	3239	10
100009	1102	10
100009	70	4
100009	2070	8
100009	1702	8
100009	5008	9
100053	3119	9
100053	533	6
100053	653	10
100053	1675	9
100053	1360	10
100053	552	8
100066	6606	10
100066	2803	9
100066	6216	10
100066	1491	9
100066	2983	10
100088	6506	9
100088	2545	9
100088	5620	10
100088	4460	10
100088	5443	9
100088	5956	10
100088	4706	10
100088	2476	10
100088	2269	10
100088	386	8
100088	3412	10
100088	70	2
100088	4615	10
100088	6	6
100088	4570	10
100088	474	10
100088	4585	10
100088	2215	9
100088	3586	9
100088	622	7
100088	3144	10
100088	877	10
100088	5222	10
100115	428	8
100115	2690	8
100115	3690	9
100115	5554	10
100115	6607	8
100115	781	8
100223	5137	10
100223	233	9
100223	320	9
100223	1298	7
100223	6608	9
100223	995	7
100223	4874	10
100227	1715	10
100227	235	7
100227	471	9
100227	472	9
100227	473	8
100227	341	7
100227	3325	9
100227	434	5
100227	6451	10
100227	352	9
100227	1016	9
100227	846	9
100264	1055	7
100264	1328	9
100264	1329	8
100264	395	10
100264	2138	10
100264	1927	9
100264	4971	9
100264	6609	10
100264	318	10
100264	2139	9
100264	5011	10
100264	5207	9
100264	2100	9
100264	451	8
100264	5453	10
100264	1447	10
100264	4596	8
100264	6151	9
100264	873	7
100264	149	10
100264	4634	9
100361	879	9
100361	4842	10
100361	3095	10
100361	5297	10
100361	5874	10
100361	4646	10
100361	6220	9
100361	6610	10
100361	2440	9
100361	1641	9
100361	882	10
100393	5484	8
100393	5071	10
100393	2335	8
100393	4164	10
100393	5254	10
100393	997	6
100393	3685	10
100393	1462	9
100393	2346	8
100393	2697	9
100393	2347	8
100393	2173	7
100393	192	5
100393	1273	9
100454	5308	10
100454	4764	8
100454	742	8
100454	6021	10
100454	4917	10
100454	3470	10
100459	1247	9
100459	1554	9
100459	883	10
100459	5353	9
100459	2208	10
100459	409	8
100459	287	9
100459	1871	8
100459	3113	9
100459	6611	10
100459	2269	10
100459	411	10
100459	680	9
100459	183	9
100459	1808	9
100459	3710	10
100459	1181	10
100459	2354	8
100459	958	10
100459	1058	8
100459	1442	8
100459	1858	8
100459	1421	9
100459	469	8
100459	1660	9
100459	2503	9
100459	3807	10
100459	320	9
100459	1196	9
100459	449	8
100459	1599	10
100459	3564	9
100459	2080	7
100459	2992	10
100459	169	6
100459	934	7
100459	974	10
100459	2064	7
100459	2951	8
100459	1882	8
100459	453	10
100459	3724	10
100459	513	10
100459	1930	9
100459	906	8
100459	1066	9
100459	1205	9
100459	3979	10
100459	1800	9
100459	3397	10
100459	282	10
100459	41	8
100459	421	7
100459	3944	9
100459	3790	10
100459	2648	10
100459	1963	10
100459	2049	10
100459	54	9
100459	1367	9
100459	2869	9
100460	61	4
100460	982	9
100460	86	10
100460	519	10
100471	243	5
100471	1179	8
100471	1773	9
100471	1058	5
100471	235	7
100471	3074	9
100471	41	8
100578	5812	8
100578	2940	9
100578	1112	10
100578	1113	10
100578	5360	9
100578	537	9
100578	691	9
100578	357	9
100578	1886	9
100578	192	7
100578	3834	10
100578	4877	9
100578	1678	9
100578	2958	8
100578	3657	8
100578	6289	9
100594	1294	10
100594	742	7
100594	2706	9
100594	1597	9
100594	5414	10
100594	5568	10
100594	2654	10
100594	54	10
100610	6612	10
100610	2044	7
100610	3401	10
100610	3549	8
100610	3625	10
100644	565	10
100644	2682	10
100644	573	8
100644	1158	6
100644	5043	9
100644	68	9
100644	70	5
100644	1526	8
100644	6379	9
100644	3549	9
100644	3290	9
100644	3625	10
100644	5619	10
100644	4463	9
100644	3175	9
100644	6613	10
100644	94	10
100644	3361	8
100644	2713	9
100644	151	9
100644	2553	8
100644	331	9
100644	6326	10
100644	6614	9
100648	581	7
100648	4858	10
100648	207	9
100648	2208	10
100648	4221	10
100648	5466	9
100648	1055	7
100648	721	10
100648	787	10
100648	576	9
100648	592	7
100648	3559	9
100648	3509	9
100694	1077	9
100694	981	8
100694	2063	9
100694	478	8
100694	1364	9
100782	5166	10
100782	4420	10
100782	6615	9
100782	3705	7
100782	5117	10
100782	246	9
100782	4210	10
100782	1479	9
100782	6616	8
100782	3912	10
100782	6617	10
100782	6618	10
100815	581	6
100815	2918	7
100815	727	9
100815	469	7
100815	6291	10
100815	329	8
100815	1207	8
100815	614	7
100846	335	9
100846	1636	9
100846	1329	10
100846	216	9
100846	395	9
100846	3846	8
100846	5885	10
100846	2223	10
100846	777	8
100846	4450	8
100846	3229	10
100846	412	9
100846	1186	9
100846	3780	10
100846	3074	9
100846	70	2
100846	346	8
100846	1061	9
100846	4744	10
100846	2633	10
100846	2149	10
100846	414	7
100846	5354	8
100846	3744	9
100846	3353	8
100846	1625	10
100846	1883	7
100846	441	8
100846	380	10
100846	659	10
100846	5458	7
100846	2425	10
100846	2722	9
100846	6247	10
100846	6619	9
100846	3550	7
100846	2298	9
100846	434	7
100846	592	7
100846	127	6
100846	5379	10
100846	192	6
100846	3822	8
100846	1843	10
100846	5515	10
100846	373	9
100846	5381	9
100846	1672	10
100903	5137	9
100903	2329	10
100903	414	7
100903	3962	9
100903	1566	10
100903	2413	10
100984	504	10
100984	1603	8
100984	2532	8
100984	2864	9
101035	215	10
101035	651	8
101035	634	7
101035	546	9
101035	476	9
101035	3145	10
101035	3503	10
101041	176	10
101041	776	10
101041	2965	10
101041	1728	8
101041	379	8
101041	1855	10
101081	2359	10
101081	410	7
101081	622	9
101081	6407	9
101081	389	10
101081	781	6
101091	696	8
101091	1766	10
101091	3402	8
101091	157	8
101091	5010	10
101141	1724	10
101141	2726	9
101141	897	9
101141	3274	10
101141	6110	10
101141	3548	10
101141	5103	10
101141	2772	9
101141	163	9
101196	4822	10
101196	406	10
101196	935	9
101196	2884	9
101196	2577	10
101196	1627	9
101196	592	8
101214	6391	10
101214	6569	10
101214	762	10
101214	2836	9
101214	4263	9
101304	6178	10
101304	22	10
101304	6140	10
101304	135	9
101304	536	8
101304	6573	10
101304	6620	9
101304	24	10
101304	137	9
101304	138	9
101304	140	9
101304	2726	8
101304	6380	9
101304	4134	10
101304	3789	10
101304	5112	9
101304	1448	8
101304	1423	10
101304	1316	8
101304	2756	9
101305	1165	10
101305	207	8
101305	447	8
101305	487	9
101305	3021	10
101305	4869	10
101305	407	8
101305	696	9
101305	1699	9
101305	2366	10
101305	1185	9
101305	4048	10
101305	634	9
101305	5533	8
101305	5901	9
101305	4398	9
101305	308	10
101305	5730	9
101305	2328	10
101305	5484	9
101305	1663	9
101305	938	10
101305	4531	10
101305	417	8
101305	459	9
101305	1411	7
101305	1207	8
101305	2319	10
101305	909	10
101305	664	10
101305	192	6
101305	5416	10
101305	240	8
101305	1576	9
101305	4893	9
101305	1082	9
101305	2679	10
101336	1173	10
101336	533	8
101336	3949	10
101336	3629	10
101336	1071	7
101336	18	9
101422	59	8
101422	929	10
101422	2919	7
101422	1046	10
101422	293	9
101422	3885	10
101422	4250	10
101513	6477	10
101513	4314	10
101513	3216	10
101513	3160	10
101513	6062	9
101517	3372	10
101517	3266	9
101517	4853	9
101517	5128	10
101517	3390	9
101550	274	6
101550	4922	10
101550	6349	10
101550	6622	8
101606	5106	10
101606	581	5
101606	486	8
101606	1008	10
101606	503	8
101606	274	7
101606	1117	9
101606	2705	10
101606	6021	9
101606	1405	7
101606	2942	9
101606	5531	10
101606	2966	9
101606	4147	10
101606	641	8
101606	656	9
101606	728	9
101606	3502	10
101606	657	5
101606	3384	10
101606	1096	9
101606	5613	9
101606	1730	9
101606	988	9
101606	4598	9
101606	6276	10
101606	3790	10
101606	999	8
101606	1414	9
101606	1364	10
101606	941	9
101606	6623	9
101606	6624	9
101606	2520	10
101606	3048	10
101606	1467	9
101606	4484	10
101606	2851	10
101606	1603	7
101606	2532	8
101606	2863	10
101606	3657	9
101606	1084	8
101606	1152	10
101606	978	8
101606	2991	10
101620	59	9
101620	407	7
101620	809	9
101620	1636	6
101620	1328	7
101620	1821	9
101620	1329	9
101620	391	10
101620	2588	9
101620	2637	9
101620	1733	9
101620	4363	10
101620	2662	10
101620	3599	9
101620	895	10
101620	2079	10
101620	169	7
101620	77	5
101620	451	6
101696	4335	10
101696	742	7
101696	2213	10
101696	5645	10
101696	3694	10
101696	3383	10
101731	2242	10
101731	4545	8
101731	1634	8
101731	4718	9
101731	774	7
101731	6369	9
101731	4931	10
101731	1522	10
101731	5389	8
101731	4050	10
101731	932	10
101731	3943	10
101731	1891	10
101731	614	7
101731	1989	9
101874	3639	9
101874	1889	9
101874	6625	10
101874	5451	9
101874	3865	10
101874	4124	9
101876	2169	7
101876	35	9
101876	5120	10
101876	3021	8
101876	1634	8
101876	6626	10
101876	5791	10
101876	129	9
101876	243	5
101876	3472	9
101876	1700	9
101876	503	8
101876	1428	7
101876	4331	9
101876	4450	10
101876	3230	10
101876	1430	10
101876	4945	10
101876	4699	10
101876	347	9
101876	5735	10
101876	2759	9
101876	4025	10
101876	2171	9
101876	452	7
101876	1071	7
101876	3393	10
101876	3093	10
101876	1626	6
101876	1883	10
101876	84	10
101876	3745	8
101876	3626	10
101876	3290	8
101876	1759	8
101876	262	8
101876	6341	10
101876	5675	10
101876	2741	10
101876	90	9
101876	1067	8
101876	41	8
101876	2351	9
101876	3200	10
101876	614	10
101876	500	8
101876	2362	10
101876	2533	9
101887	288	10
101887	3965	9
101887	2665	10
101887	5189	10
101887	3159	10
102019	707	9
102019	5950	9
102019	4831	10
102019	20	5
102032	207	9
102032	2360	10
102032	6413	10
102032	1260	10
102032	3256	10
102117	6446	9
102117	3224	10
102117	294	9
102117	1690	7
102117	3973	10
102117	41	7
102117	4793	9
102129	4358	10
102129	451	6
102129	3353	9
102129	5658	10
102129	1889	10
102129	1667	9
102129	3866	10
102130	6627	9
102130	4844	9
102130	5783	10
102130	5556	10
102130	269	10
102154	698	9
102154	4877	9
102154	109	10
102154	3426	10
102189	3536	10
102189	1305	7
102189	2676	10
102189	1603	7
102189	2863	8
102220	176	8
102220	3083	9
102220	1724	10
102220	3671	10
102220	74	9
102220	3273	9
102220	675	10
102220	77	9
102220	2070	9
102220	160	6
102220	1447	8
102220	380	10
102220	4261	10
102220	4598	10
102275	1085	9
102275	316	10
102275	2031	9
102275	1498	9
102275	1499	9
102275	1500	7
102275	4811	9
102275	2188	9
102275	2223	9
102275	63	10
102275	3936	10
102275	4771	10
102275	2604	8
102275	4302	10
102275	348	9
102275	78	10
102275	3354	8
102275	2026	7
102275	3323	10
102275	1855	9
102275	3549	9
102275	403	10
102275	3948	9
102275	1841	10
102275	3643	9
102275	3156	9
102275	2351	10
102275	1905	10
102275	685	8
102275	5683	10
102275	3006	9
102275	20	6
102275	6628	10
102284	4449	9
102284	6201	10
102284	4228	9
102284	179	9
102284	2129	8
102359	5660	9
102359	45	10
102359	47	9
102359	3495	9
102359	3147	10
102359	2738	10
102359	710	9
102359	2690	8
102359	2334	9
102359	2123	9
102359	3483	10
102359	620	8
102359	6159	10
102359	3976	9
102359	1066	10
102359	5434	10
102359	3753	9
102359	5143	9
102359	5625	9
102359	2563	10
102359	3979	9
102359	1800	10
102359	2086	9
102359	6430	9
102359	3198	8
102359	2110	10
102359	5909	8
102359	4446	10
102359	1270	8
102359	2111	10
102359	4739	10
102359	1892	10
102359	5595	10
102375	5872	10
102375	6630	10
102375	6185	10
102375	497	9
102375	691	10
102375	2315	10
102375	1627	8
102375	5667	10
102375	4490	8
102375	562	10
102375	1546	10
102375	1418	10
102375	2753	9
102430	1193	9
102430	1194	8
102430	3457	8
102430	1066	10
102430	898	10
102564	6631	10
102564	531	10
102564	1230	10
102564	1308	9
102564	262	10
102564	265	9
102564	4082	9
102564	1739	9
102564	3303	9
102564	3764	9
102571	6529	10
102571	1576	10
102571	206	9
102571	456	10
102581	2147	9
102581	3320	8
102581	4674	7
102581	166	10
102581	2079	8
102581	1589	9
102581	197	9
102642	1284	8
102642	1731	7
102642	5177	10
102642	2937	9
102642	2938	10
102642	2939	9
102642	6170	10
102642	6632	10
102642	6633	10
102642	784	7
102647	2320	10
102647	4650	10
102647	250	10
102647	128	9
102647	21	10
102647	394	10
102647	4225	8
102647	1010	8
102647	5635	10
102647	6634	9
102647	6231	9
102647	5359	10
102647	1428	9
102647	707	10
102647	4355	9
102647	1459	10
102647	2014	8
102647	540	6
102647	3564	7
102647	167	9
102647	1758	8
102647	4147	9
102647	3837	10
102647	5924	10
102647	471	7
102647	472	6
102647	341	8
102647	971	6
102647	169	6
102647	1268	8
102647	170	9
102647	6	8
102647	916	10
102647	1269	8
102647	1743	7
102647	576	9
102647	195	8
102647	5987	9
102647	5401	10
102647	6635	10
102647	1260	10
102647	2057	10
102647	2510	10
102647	6234	10
102647	6636	10
102647	934	8
102647	974	9
102647	2064	8
102647	936	10
102647	2026	8
102647	1729	8
102647	3623	9
102647	6153	10
102647	5047	9
102647	2081	10
102647	4570	9
102647	3586	9
102647	6637	9
102647	6471	10
102647	2038	9
102647	985	9
102647	2420	9
102647	2422	10
102647	2426	10
102647	688	9
102647	2427	10
102647	4028	10
102647	1591	10
102647	2344	9
102647	4954	9
102647	2299	9
102647	1321	10
102647	267	8
102647	1617	6
102647	1049	9
102647	662	8
102647	1272	10
102647	506	10
102647	560	9
102647	2724	10
102647	6019	9
102647	3280	10
102647	4482	10
102647	1305	9
102647	1132	10
102647	5008	9
102668	5052	10
102668	3520	10
102668	910	9
102668	1660	9
102668	2919	7
102668	79	9
102668	3371	10
102668	151	10
102676	2663	10
102676	624	10
102676	525	9
102676	3810	9
102676	594	9
102702	2846	8
102702	6476	9
102702	6235	9
102702	3152	9
102702	5212	9
102702	2496	9
102702	2497	10
102702	2248	9
102702	1120	10
102702	5509	9
102702	2484	8
102702	2485	10
102702	4927	7
102702	5510	10
102702	3247	10
102702	4343	10
102702	471	7
102702	472	6
102702	473	8
102702	170	7
102702	3736	10
102702	3620	8
102702	544	10
102702	279	8
102702	51	8
102702	6638	8
102702	6295	10
102702	1349	9
102702	1350	10
102702	1351	9
102702	3746	10
102702	3747	10
102702	3275	9
102702	4503	10
102702	3276	10
102702	3277	9
102702	3278	9
102702	6639	8
102702	5511	10
102702	4394	10
102702	3263	10
102702	6640	10
102702	5902	9
102702	434	5
102702	2797	10
102702	6641	9
102702	3254	9
102702	2490	9
102702	3363	9
102702	5774	10
102702	5775	10
102702	6642	10
102702	6125	9
102702	5516	10
102702	2135	10
102702	5493	9
102702	6242	10
102705	1731	8
102705	1871	10
102705	50	5
102705	243	5
102705	411	8
102705	2044	9
102705	2973	9
102705	1190	9
102705	746	10
102705	292	10
102705	657	5
102705	1410	10
102705	3998	9
102705	3793	10
102705	1574	7
102705	6031	10
102705	555	10
102719	2227	9
102719	1124	10
102719	400	10
102719	6643	10
102772	5630	9
102772	5719	9
102772	1604	10
102772	6644	9
102772	5100	10
102772	6459	10
102772	1341	10
102772	1344	9
102772	4407	10
102772	4532	10
102772	1739	9
102772	6521	10
102772	2077	10
102945	1630	9
102945	6002	10
102945	3520	9
102945	3083	8
102945	4284	8
102945	6645	8
102945	6646	10
102945	79	10
102945	5682	9
102967	6647	10
102967	3578	10
102967	301	9
102967	5745	10
102967	6648	10
102967	1498	10
102967	1109	9
102967	5400	10
102967	1291	8
102967	4943	9
102967	1087	10
102967	2189	10
102967	5563	8
102967	4043	9
102967	707	9
102967	5502	9
102967	1185	9
102967	1031	10
102967	3306	10
102967	235	6
102967	6569	10
102967	1795	10
102967	971	5
102967	2231	10
102967	2788	10
102967	5254	9
102967	5243	9
102967	4584	10
102967	415	10
102967	2253	10
102967	82	10
102967	5621	10
102967	1690	8
102967	4381	10
102967	4987	9
102967	4140	9
102967	1982	10
102967	6649	10
102967	6650	8
102967	5604	10
102967	6528	9
102967	2857	8
102967	6177	9
102967	1106	8
102967	2347	7
102967	4793	9
102967	614	9
102967	6436	10
102967	192	6
102967	3181	10
102967	500	8
102967	3330	9
102967	942	10
102967	1289	9
103251	68	8
103251	4113	10
103251	641	9
103251	3150	10
103251	2358	9
103277	5027	9
103277	4867	10
103277	3956	9
103277	1592	10
103277	5810	10
103304	1679	10
103304	1058	7
103304	5617	10
103304	3500	10
103304	2951	9
103304	5833	10
103304	18	8
103304	3698	10
103304	2472	10
103315	1333	10
103315	140	9
103315	6	8
103315	146	9
103315	5786	10
103315	2216	10
103315	6651	10
103315	152	9
103336	692	8
103336	581	3
103336	693	8
103336	486	7
103336	6290	10
103336	957	8
103336	1331	7
103336	274	6
103336	397	9
103336	184	10
103336	5662	9
103336	684	8
103336	4871	10
103336	449	8
103336	2805	9
103336	2367	9
103336	1071	9
103336	544	10
103336	310	10
103336	590	7
103336	6652	10
103336	3765	9
103336	2471	8
103336	4876	9
103336	192	8
103336	240	8
103336	1576	9
103336	314	8
103445	6530	10
103445	3570	10
103445	3134	10
103445	641	9
103445	3354	10
103445	4166	10
103445	5786	10
103445	1450	10
103467	5802	9
103467	244	10
103467	1445	10
103467	376	10
103467	4596	8
103467	2991	9
103496	4178	10
103496	6002	9
103496	391	9
103496	347	9
103496	196	10
103496	17	10
103496	3357	9
103496	6596	10
103541	4470	10
103541	341	6
103541	6535	10
103541	5958	9
103541	6653	8
103541	3901	10
103541	6323	9
103541	3902	9
103541	2065	9
103541	434	6
103541	1757	10
103541	2648	9
103577	3091	10
103577	338	6
103577	339	9
103577	4007	10
103577	6180	10
103577	2823	10
103656	4492	10
103656	5708	9
103656	3911	10
103656	1407	10
103656	1704	10
103656	3121	10
103811	50	5
103811	124	3
103811	1684	9
103811	744	8
103811	1193	9
103811	1589	9
103811	2407	9
103811	549	10
103811	5301	10
103935	469	9
103935	6297	9
103935	3321	9
103935	1448	7
103935	6654	9
103935	2769	10
103935	3643	9
103935	19	8
104051	1056	8
104051	6474	10
104051	3074	10
104051	1685	8
104051	328	8
104051	1315	9
104051	267	6
104051	127	6
104051	5690	9
104051	3333	9
104051	5867	10
104058	57	8
104058	693	7
104058	6147	10
104058	684	9
104058	4467	10
104058	5304	8
104058	72	7
104058	6411	9
104058	101	10
104058	3207	10
104058	4405	10
104058	889	10
104058	625	9
104058	2236	9
104098	3703	10
104098	5984	10
104098	6585	10
104098	3421	10
104098	3000	8
104098	4469	9
104113	1164	10
104113	446	8
104113	5708	10
104113	457	6
104113	6537	10
104113	5192	9
104113	6655	10
104113	208	8
104113	1490	7
104113	533	7
104113	5777	9
104113	2817	9
104113	730	9
104113	5731	8
104113	5759	10
104113	4507	10
104113	2514	10
104113	3022	9
104113	421	9
104113	6656	10
104113	2154	10
104113	4916	10
104113	1414	10
104113	552	9
104113	5164	10
104113	1788	9
104113	6657	10
104113	352	8
104113	54	9
104113	3146	9
104123	1700	9
104123	1604	9
104123	4111	9
104123	5221	10
104123	3143	9
104144	59	8
104144	1318	10
104144	4449	10
104144	4268	10
104144	686	10
104144	1873	9
104144	2223	10
104144	2063	9
104144	4078	9
104144	6280	10
104144	5911	9
104144	575	7
104144	4771	10
104144	5712	10
104144	399	9
104144	4930	10
104144	4301	10
104144	1624	10
104144	1374	10
104144	3155	10
104144	3581	9
104144	2026	9
104144	379	7
104144	6439	9
104144	5285	10
104144	402	10
104144	4346	10
104144	4429	9
104144	2979	9
104144	1353	10
104144	4621	10
104144	2039	10
104144	1914	9
104144	515	9
104144	2103	10
104144	3279	9
104144	518	9
104144	519	10
104144	445	10
104144	5019	9
104144	5600	8
104144	3361	9
104144	3071	9
104144	1629	10
104144	5877	10
104144	953	9
104144	4637	10
104144	2043	10
104211	1421	8
104211	4742	10
104211	3545	10
104211	5965	9
104211	4329	10
104211	5501	9
104211	5715	10
104211	450	10
104211	2573	9
104211	3634	9
104211	377	9
104211	4228	10
104211	4651	9
104211	1063	10
104211	4325	9
104211	2764	9
104211	5552	8
104211	893	9
104211	452	10
104211	4515	8
104211	1728	8
104211	3745	9
104211	379	8
104211	3910	8
104211	1855	8
104211	1567	10
104211	3549	10
104211	219	8
104211	1047	9
104211	226	9
104211	3177	8
104211	329	8
104211	3979	8
104211	3047	10
104211	4891	9
104211	31	9
104211	6345	8
104243	1291	7
104243	3260	10
104243	3235	9
104243	5720	9
104243	3060	10
104243	5367	10
104243	6658	9
104243	3295	10
104243	892	9
104243	4532	9
104243	161	10
104243	3674	10
104243	6559	10
104243	5352	9
104243	20	6
104268	61	6
104268	2602	10
104268	749	8
104268	795	10
104268	5679	10
104268	4423	8
104268	5441	10
104268	5690	9
104268	5418	9
104268	5822	10
104268	5928	9
104268	20	6
104278	5886	9
104278	3152	10
104278	5510	10
104278	1334	10
104278	4092	10
104278	1912	10
104278	2163	10
104278	4730	10
104278	6659	9
104278	5878	10
104311	5052	10
104311	1087	10
104311	776	9
104311	3722	10
104311	2091	8
104311	4190	10
104311	1948	9
104311	1665	10
104311	5013	9
104311	1364	10
104311	4519	10
104311	2991	10
104334	5887	9
104334	2231	10
104334	576	10
104334	1691	10
104334	4167	9
104334	3639	10
104334	3861	9
104334	404	7
104334	6660	9
104334	6661	10
104362	4919	8
104362	755	10
104362	1158	8
104362	469	9
104362	4668	10
104362	5501	10
104362	341	6
104362	3681	9
104362	87	10
104362	5291	10
104362	40	10
104362	1911	10
104399	2208	7
104399	6648	10
104399	3946	10
104399	274	5
104399	355	7
104399	44	9
104399	45	10
104399	1044	10
104399	356	9
104399	46	10
104399	3494	9
104399	47	10
104399	3147	10
104399	3491	10
104399	2738	10
104399	2739	8
104399	3940	10
104399	2604	10
104399	1002	9
104399	4219	10
104399	6033	9
104399	1475	9
104399	897	9
104399	471	8
104399	339	6
104399	6443	9
104399	2950	10
104399	1240	9
104399	4571	8
104399	2214	10
104399	1612	10
104399	5786	10
104399	4471	10
104399	2215	8
104399	1242	8
104399	6190	10
104399	1751	9
104399	737	8
104399	198	10
104399	2516	9
104399	5306	10
104399	2541	10
104399	2808	9
104399	2542	10
104399	2113	10
104399	2114	10
104399	2277	10
104399	3903	9
104399	6360	10
104399	6662	8
104413	4938	10
104413	5142	10
104413	3095	10
104413	4646	10
104413	1486	10
104413	5870	10
104413	783	9
104413	5547	10
104429	818	10
104429	1630	9
104429	4335	10
104429	1498	9
104429	3669	9
104429	2361	8
104429	169	7
104429	170	5
104429	2691	10
104429	1626	9
104429	657	7
104429	5297	10
104429	226	10
104429	4537	9
104429	3201	9
104429	3256	9
104429	5326	10
104429	3038	10
104429	5639	9
104429	501	8
104437	1527	10
104437	589	9
104437	1639	7
104437	608	10
104437	4448	10
104447	601	9
104447	1527	10
104447	687	10
104447	2346	9
104505	2456	10
104505	486	7
104505	6244	9
104505	2641	10
104505	2248	10
104505	1880	8
104505	1343	9
104505	4389	10
104505	2125	9
104505	4390	10
104505	1124	9
104505	1125	10
104505	1345	10
104505	1346	9
104505	1702	8
104505	4395	10
104550	153	10
104550	4706	10
104550	6102	10
104550	477	10
104550	514	8
104550	3643	7
104550	2566	10
104569	135	9
104569	126	10
104569	2726	8
104569	5835	10
104569	4891	10
104569	6366	10
104604	2439	10
104604	6355	10
104604	6071	10
104604	3169	10
104604	5098	10
104604	4536	10
104604	3022	9
104604	2952	10
104604	4828	9
104657	3802	8
104657	643	8
104657	3594	9
104657	1745	9
104657	227	7
104657	2044	8
104657	628	10
104657	2919	7
104657	2912	7
104657	1717	9
104657	934	8
104657	6663	9
104657	2976	10
104657	5134	10
104657	831	9
104657	1812	8
104657	4169	10
104657	784	8
104657	1754	10
104657	5498	8
104657	1969	9
104665	59	9
104665	463	9
104665	6076	10
104665	5073	8
104665	1636	9
104665	410	6
104665	616	9
104665	800	5
104665	981	9
104665	868	10
104665	5782	9
104665	1179	8
104665	1421	10
104665	5283	10
104665	4674	8
104665	358	10
104665	3183	10
104665	168	9
104665	5069	9
104665	971	8
104665	169	5
104665	170	6
104665	1743	9
104665	6074	10
104665	451	7
104665	1105	10
104665	6522	10
104665	1071	8
104665	3942	10
104665	5843	9
104665	870	10
104665	1612	9
104665	620	8
104665	1759	10
104665	2692	9
104665	712	9
104665	3476	8
104665	2859	8
104665	3643	10
104665	1730	9
104665	434	5
104665	3465	10
104665	592	8
104665	3144	9
104665	5023	8
104665	1741	10
104665	188	10
104665	4685	10
104705	1048	9
104705	1067	10
104705	1049	9
104705	2173	9
104705	5255	9
104759	533	7
104759	5163	9
104759	3022	9
104759	3177	8
104759	6252	10
104796	1851	7
104796	619	10
104796	1066	9
104796	985	9
104812	4628	9
104812	774	8
104812	901	10
104812	6632	10
104812	467	10
104812	1407	9
104812	6362	9
104812	6664	10
104812	668	10
104812	3606	10
104812	341	8
104880	1248	8
104880	124	2
104880	183	9
104880	537	8
104880	2478	9
104880	3681	10
104880	1222	9
104880	999	10
104880	3763	9
104880	240	8
104880	2133	10
104883	4942	10
104883	303	10
104883	749	10
104883	4893	10
104883	5440	10
104925	176	8
104925	3259	9
104925	4133	9
104925	1063	9
104925	578	9
104925	178	10
104925	146	10
104925	3759	10
104925	5291	9
104925	3566	10
105028	1933	9
105028	405	10
105028	2016	8
105028	2017	10
105028	6308	9
105028	5443	10
105028	583	10
105028	3018	9
105028	5237	9
105028	2473	10
105028	3020	9
105028	2474	10
105028	5582	9
105028	3083	8
105028	5259	8
105028	1115	8
105028	800	7
105028	981	7
105028	707	9
105028	786	9
105028	6021	9
105028	947	9
105028	1559	8
105028	6369	9
105028	6615	10
105028	2023	10
105028	72	7
105028	1103	10
105028	338	9
105028	169	7
105028	1268	9
105028	675	7
105028	77	8
105028	3135	9
105028	3522	9
105028	1632	8
105028	1447	8
105028	3789	10
105028	279	6
105028	4571	8
105028	4550	9
105028	5786	9
105028	4471	10
105028	5133	9
105028	1759	9
105028	3586	10
105028	2692	8
105028	4573	9
105028	3385	9
105028	2037	7
105028	1721	9
105028	434	8
105028	988	8
105028	2153	10
105028	4914	9
105028	6665	9
105028	923	10
105028	1380	8
105028	3206	9
105028	1436	10
105028	175	10
105028	2862	10
105028	116	9
105028	2530	10
105028	2136	10
105054	463	9
105054	2450	8
105054	2451	8
105054	2452	10
105054	2453	10
105054	2454	10
105054	4460	9
105054	3211	10
105054	2063	10
105054	4654	10
105054	2805	10
105054	471	8
105054	1104	7
105054	1564	9
105054	414	7
105054	2849	10
105054	886	8
105054	4666	10
105054	2211	10
105054	474	9
105054	4573	9
105054	6666	9
105054	4680	9
105054	480	8
105054	715	8
105054	4095	9
105054	5955	10
105054	5020	8
105054	2524	9
105054	2566	9
105054	4865	10
105058	5014	10
105058	5332	10
105058	981	8
105058	720	7
105058	1186	7
105058	1193	9
105058	4970	8
105058	6667	10
105058	3832	9
105058	3745	9
105058	17	8
105058	912	8
105058	6196	10
105058	2884	9
105058	3264	9
105058	3215	9
105058	6329	10
105058	5267	10
105058	31	10
105058	1401	9
105058	2362	8
105058	19	9
105058	5568	10
105101	233	8
105101	1135	9
105101	4187	8
105101	329	9
105101	665	7
105108	57	9
105108	153	10
105108	1325	10
105108	1171	9
105108	410	7
105108	357	10
105108	6668	10
105108	1433	8
105108	1578	10
105115	1372	8
105115	346	8
105115	1471	10
105115	2732	9
105115	4310	9
105115	4469	9
105214	1247	9
105214	862	9
105214	411	9
105214	1331	8
105214	3049	9
105214	1943	8
105214	3971	9
105214	1089	10
105214	538	6
105214	4699	9
105214	4122	9
105214	3675	9
105214	2293	10
105214	1663	10
105214	3684	10
105214	1066	10
105214	6524	10
105214	5989	9
105214	3569	9
105214	3765	8
105214	3342	10
105214	1301	8
105214	3110	10
105214	4793	10
105214	483	9
105214	3333	10
105214	7	8
105214	1856	8
105214	1380	8
105214	2640	10
105214	6669	10
105221	643	7
105221	1156	8
105221	3186	8
105221	2682	9
105221	3187	10
105221	3188	9
105221	914	8
105221	3189	10
105221	3044	9
105221	3511	9
105221	5002	9
105221	183	9
105221	3064	7
105221	537	8
105221	2478	8
105221	1715	9
105221	471	8
105221	472	7
105221	473	9
105221	341	7
105221	618	9
105221	932	9
105221	5243	9
105221	1945	10
105221	983	8
105221	480	8
105221	3048	8
105221	6539	9
105221	5540	10
105317	405	8
105317	3189	10
105317	409	7
105317	243	5
105317	5559	9
105335	6670	10
105335	5552	8
105335	442	8
105335	1484	9
105335	516	10
105335	6671	9
105335	550	9
105374	1737	8
105374	3510	10
105374	1284	8
105374	807	9
105374	1086	10
105374	2660	10
105374	3396	10
105374	2402	10
105374	1033	7
105374	886	9
105374	4745	9
105374	622	9
105374	592	6
105374	2949	10
105374	6671	10
105374	6484	10
105374	3467	9
105374	1365	9
105476	1143	9
105476	6387	9
105476	4061	10
105476	6427	9
105476	2117	10
105476	482	9
105476	4900	9
105476	6536	7
105536	1166	9
105536	2581	10
105536	741	10
105536	2494	9
105536	6346	9
105536	3601	10
105536	934	8
105536	51	9
105536	1704	9
105536	433	10
105536	1752	8
105536	285	7
105572	3815	10
105572	1284	6
105572	6673	9
105572	6674	9
105572	3380	8
105576	428	10
105576	1247	9
105576	2924	9
105576	6675	9
105576	1788	8
105627	36	10
105627	1520	10
105627	1061	8
105627	730	10
105627	3290	10
105627	1704	9
105627	1090	9
105627	1068	9
105627	4310	9
105627	564	9
105627	682	10
105874	431	10
105874	4258	10
105874	2004	8
105874	1705	9
105874	3368	10
105937	3116	9
105937	50	5
105937	2918	10
105937	1259	9
105937	1292	9
105937	4269	10
105937	720	9
105937	744	7
105937	2683	10
105937	68	8
105937	1491	8
105937	2252	10
105937	16	9
105937	3232	9
105937	949	8
105937	4504	10
105937	803	8
105937	3177	9
105937	90	9
105937	614	6
105937	34	9
105937	2798	9
105937	4856	9
105937	2527	8
105937	4857	10
105937	115	10
105937	2530	8
105937	6676	10
105968	4801	10
105968	1605	9
105968	5375	10
105968	4411	7
105968	579	10
105968	766	9
105968	4709	10
105968	20	7
105968	1846	9
105979	3141	10
105979	816	10
105979	446	8
105979	3713	9
105979	693	6
105979	486	7
105979	695	8
105979	1253	9
105979	2009	10
105979	3520	10
105979	1291	6
105979	3119	10
105979	410	7
105979	243	6
105979	124	1
105979	233	10
105979	1428	8
105979	1707	8
105979	3438	9
105979	3304	10
105979	947	10
105979	2881	8
105979	1183	9
105979	1286	10
105979	653	8
105979	1189	10
105979	1193	8
105979	2912	8
105979	673	10
105979	235	5
105979	1261	9
105979	70	5
105979	6677	10
105979	1491	8
105979	388	9
105979	5550	9
105979	723	10
105979	5834	8
105979	2230	10
105979	6584	9
105979	971	7
105979	1268	7
105979	170	6
105979	1269	8
105979	1743	9
105979	997	7
105979	160	8
105979	934	7
105979	886	9
105979	3817	10
105979	279	7
105979	4713	9
105979	657	6
105979	658	9
105979	258	10
105979	1389	8
105979	2635	8
105979	4873	10
105979	6678	10
105979	2795	8
105979	1751	9
105979	6679	10
105979	1571	10
105979	592	7
105979	1068	8
105979	6680	8
105979	4797	10
105979	4793	10
105979	1753	9
105979	192	6
105979	1212	8
105979	3631	8
105979	6146	9
105979	665	7
105979	3480	10
105979	1576	8
105979	3729	9
105979	781	6
105979	5107	9
105979	3536	10
105979	298	10
105979	4405	9
105979	2984	10
106007	883	8
106007	5708	10
106007	486	7
106007	6681	9
106007	4953	10
106007	1635	10
106007	1327	10
106007	391	10
106007	727	10
106007	5002	10
106007	901	7
106007	6387	10
106007	6534	9
106007	777	6
106007	2415	10
106007	5948	10
106007	6145	8
106007	66	10
106007	1121	9
106007	470	10
106007	811	8
106007	1104	7
106007	1743	9
106007	3706	10
106007	2292	8
106007	5117	9
106007	1013	10
106007	3987	10
106007	3988	10
106007	3905	10
106007	2020	10
106007	794	9
106007	1728	9
106007	1729	9
106007	937	9
106007	975	9
106007	4987	10
106007	2210	9
106007	3973	10
106007	6415	10
106007	2101	10
106007	2807	10
106007	3041	10
106007	3325	10
106007	1984	10
106007	3638	10
106007	6061	10
106007	3098	10
106007	732	8
106007	1129	9
106007	191	9
106007	2769	9
106007	517	9
106007	519	10
106007	592	7
106007	715	7
106007	1415	8
106007	676	10
106007	206	10
106007	54	8
106007	1467	10
106007	6149	10
106007	1988	9
106007	6682	10
106007	390	10
106059	5965	10
106059	2573	10
106059	982	10
106059	1344	10
106059	361	10
106059	2945	10
106059	399	10
106059	1662	9
106078	57	10
106078	496	10
106078	5238	10
106078	41	6
106078	489	10
106114	486	6
106114	407	7
106114	503	6
106114	684	9
106114	1631	7
106114	654	9
106114	415	9
106114	2634	8
106114	1389	9
106131	1770	8
106131	6140	10
106131	535	8
106131	3237	9
106131	210	9
106131	18	9
106208	447	9
106208	158	9
106208	880	9
106208	5335	8
106208	2961	10
106208	1626	6
106208	279	7
106208	1719	10
106208	3245	9
106208	4889	10
106208	192	7
106225	1390	9
106225	1555	10
106225	648	10
106225	5130	10
106225	1109	7
106225	465	5
106225	3113	10
106225	1490	7
106225	124	2
106225	536	8
106225	866	9
106225	3268	9
106225	4641	10
106225	755	10
106225	2354	7
106225	3591	10
106225	669	10
106225	235	8
106225	2662	9
106225	3555	8
106225	2080	9
106225	1962	10
106225	6	9
106225	793	9
106225	2070	9
106225	451	6
106225	2717	10
106225	5843	10
106225	2212	9
106225	440	8
106225	590	7
106225	3597	10
106225	6247	9
106225	6356	9
106225	4167	9
106225	3885	10
106225	939	10
106225	5415	8
106225	4401	9
106225	6292	9
106225	1574	8
106225	1303	8
106225	665	7
106225	2889	10
106225	5770	10
106225	2809	10
106225	6401	10
106225	3762	10
106225	4685	10
106225	6343	8
106225	4197	8
106225	2991	8
106280	1737	9
106280	6327	9
106280	243	7
106280	503	8
106280	274	7
106280	5809	10
106280	5248	10
106280	3587	9
106280	5561	10
106280	6669	8
106282	2584	9
106282	4781	9
106282	170	9
106282	6683	10
106282	1854	8
106294	1895	9
106294	6306	10
106294	2064	8
106294	4596	9
106294	2026	8
106294	1096	10
106294	4532	10
106294	4261	10
106294	3326	9
106294	4248	8
106294	2200	8
106294	637	10
106294	6684	10
106294	4466	8
106302	1459	10
106302	4002	10
106302	3774	9
106302	3882	9
106302	6365	9
106302	5416	10
106331	2774	10
106331	2554	9
106331	3116	10
106331	301	10
106331	741	10
106331	862	8
106331	3113	10
106331	3846	9
106331	4157	9
106331	2654	8
106331	2029	10
106331	56	10
106331	5822	10
106331	2030	10
106369	381	8
106369	801	9
106369	3548	7
106369	2628	9
106369	259	9
106369	3175	9
106369	3176	8
106369	803	7
106369	3177	8
106369	1451	9
106388	407	8
106388	414	8
106388	1572	10
106388	2461	10
106388	4538	9
106406	465	6
106406	2190	10
106406	544	9
106406	6317	10
106406	6119	9
106406	685	8
106406	5971	10
106553	6369	9
106553	1239	10
106553	2003	9
106553	3685	10
106553	3765	10
106768	4919	7
106768	3971	9
106768	1146	10
106768	2546	10
106768	3813	10
106768	6033	10
106768	338	7
106768	339	7
106768	473	8
106768	3727	9
106768	1104	7
106768	3039	10
106768	3973	10
106768	4550	10
106768	2217	10
106768	5048	10
106768	3977	9
106768	5349	10
106768	5350	9
106768	1401	9
106768	2579	9
106768	6685	9
106768	1543	10
106816	926	10
106816	1071	8
106816	2316	9
106816	999	8
106816	6484	10
106816	427	7
106845	1731	8
106845	2583	9
106845	2243	9
106845	4015	10
106845	308	9
106845	937	10
106845	87	9
106845	5989	10
106845	222	10
106845	6686	10
106846	124	1
106846	1185	9
106846	3306	8
106846	2961	8
106846	2070	8
106849	1230	9
106849	2147	9
106849	742	8
106849	4754	8
106849	1442	8
106849	1858	9
106849	2361	10
106849	237	10
106849	5044	10
106849	3940	10
106849	4674	10
106849	166	9
106849	2079	9
106849	892	10
106849	2080	8
106849	450	8
106849	2329	8
106849	1855	10
106849	1589	10
106849	2037	9
106849	6687	9
106849	2084	9
106849	173	8
106849	737	8
106849	2516	9
106849	715	9
106849	2373	9
106849	3756	10
106849	1863	10
106849	6688	9
106849	5842	10
106849	490	9
106862	1679	10
106862	5218	8
106862	4358	8
106862	947	10
106862	1064	10
106862	1289	6
106893	5871	8
106893	6593	10
106893	3018	10
106893	2568	10
106893	742	7
106893	3493	10
106893	5898	9
106893	3167	10
106893	3778	10
106893	6614	10
106893	1418	10
106893	633	10
106946	1284	8
106946	5672	10
106946	4727	10
106946	2370	10
106946	614	8
106946	436	10
106946	285	9
106950	4579	8
106950	2284	8
106950	4860	10
106950	355	9
106950	5543	10
106950	6204	9
106950	5807	9
106950	2185	9
106950	4287	10
106950	1447	9
107021	1328	8
107021	1821	8
107021	1329	10
107021	391	9
107021	1823	8
107021	651	9
107021	4163	9
107021	5891	10
107021	5892	9
107021	1662	10
107021	3401	10
107021	1744	9
107021	221	10
107021	3650	9
107021	2398	8
107021	202	10
107021	2666	9
107044	1274	10
107044	3493	10
107044	5202	9
107044	1477	9
107044	1014	8
107044	6312	10
107099	1612	10
107099	6488	9
107099	6436	10
107099	2888	9
107099	1289	6
107109	720	8
107109	6	8
107109	3365	10
107109	1765	9
107244	800	8
107244	1707	9
107244	4577	10
107244	4061	8
107244	1043	9
107244	3320	10
107244	1469	10
107244	971	5
107244	169	6
107244	195	8
107244	84	8
107244	5438	10
107244	2164	10
107244	5675	10
107244	3175	10
107244	803	7
107244	3177	10
107244	5667	9
107244	1091	10
107244	3965	10
107244	4763	10
107258	1291	6
107258	124	1
107258	2572	10
107258	2849	10
107258	1066	9
107258	1781	8
107258	2298	8
107258	592	5
107258	593	9
107258	3442	9
107258	1039	9
107258	20	7
107288	2763	8
107288	5947	10
107288	1351	8
107288	352	9
107288	456	9
107301	6506	10
107301	3619	8
107301	486	7
107301	2204	10
107301	2444	10
107301	678	8
107301	6689	10
107301	287	9
107301	1055	8
107301	3493	10
107301	6417	9
107301	235	6
107301	6690	8
107301	2349	9
107301	258	10
107301	381	9
107301	801	9
107301	259	8
107301	3549	8
107301	3290	9
107301	2421	9
107301	2901	10
107301	630	9
107301	1411	10
107301	3176	9
107301	3177	9
107301	1451	9
107301	3197	9
107301	4793	9
107301	2915	9
107301	1212	7
107301	2380	9
107324	492	10
107324	227	8
107324	5533	10
107324	1526	9
107324	3459	10
107324	1212	8
107324	1816	10
107326	1404	10
107326	397	8
107326	744	7
107326	6691	10
107326	469	9
107326	81	8
107326	912	8
107326	2101	9
107326	1983	9
107326	1433	9
107326	2983	10
107326	527	10
107326	11	9
107326	375	10
107326	6692	8
107326	5081	10
107326	6693	10
107326	4099	9
107326	6694	9
107326	6695	8
107326	5796	9
107326	6070	10
107326	6696	9
107326	6697	9
107326	5168	9
107326	1595	10
107453	3904	10
107453	2470	10
107453	4445	10
107453	2110	10
107453	4446	9
107453	2113	10
107453	2114	10
107453	5788	10
107453	5674	10
107510	6157	10
107510	5073	10
107510	2147	10
107510	5720	10
107510	3475	9
107510	2148	10
107510	2604	10
107510	6698	9
107510	5047	9
107510	6699	10
107523	59	8
107523	2710	10
107523	4571	9
107523	418	8
107523	474	9
107523	620	9
107523	1759	8
107865	288	10
107865	1137	10
107865	5966	10
107865	4880	10
107865	3620	10
107865	3773	10
107865	2350	8
107865	6236	9
107865	6700	10
107865	3692	9
107865	3298	10
107865	2134	10
107865	5714	9
107865	5330	8
107889	599	9
107889	5586	10
107889	3735	9
107889	2836	9
107889	474	10
107889	5351	10
107889	6012	10
107889	1617	8
107921	742	8
107921	6701	8
107921	6702	10
107921	294	10
107921	259	9
107921	3549	10
108005	35	9
108005	458	7
108005	1651	10
108005	3373	8
108005	2390	9
108005	2707	7
108005	3454	8
108005	540	7
108005	5016	10
108005	2731	9
108005	2961	9
108005	886	9
108005	4146	9
108005	1100	10
108005	3177	8
108005	6668	9
108005	1571	10
108005	6207	10
108005	423	10
108005	7	10
108005	214	7
108005	1843	10
108005	436	9
108005	781	7
108005	836	10
108005	241	8
108005	3535	10
108005	4431	10
108005	954	9
108005	772	10
108005	1218	9
108104	4919	10
108104	6703	10
108104	531	9
108104	3295	10
108104	3458	8
108104	2680	9
108104	4773	9
108143	176	8
108143	3727	10
108143	6	6
108143	77	9
108143	997	7
108143	160	8
108143	6636	10
108143	870	10
108143	4585	10
108155	1284	8
108155	1109	10
108155	4661	9
108155	465	5
108155	2192	10
108155	2193	8
108155	1407	8
108155	5881	9
108155	1046	9
108155	1881	9
108155	2231	9
108155	3690	10
108155	2512	9
108155	2004	8
108155	3042	8
108155	6298	9
108155	592	7
108158	1504	9
108158	124	2
108158	1293	9
108158	28	10
108158	938	10
108197	643	9
108197	2451	10
108197	4620	10
108197	340	10
108197	4325	9
108197	3516	10
108213	925	9
108213	3956	10
108213	6179	10
108213	774	7
108213	308	9
108213	3428	9
108243	471	7
108243	472	8
108243	473	9
108243	341	7
108243	480	9
108243	2797	9
108243	2714	8
108243	2715	9
108243	2716	9
108243	5978	9
108243	5979	10
108243	5980	9
108243	5981	9
108243	5982	9
108243	5983	10
108261	2831	9
108261	5421	10
108261	3293	9
108261	1730	10
108261	1300	9
108261	150	10
108267	3710	9
108267	3971	9
108267	4183	9
108267	3711	10
108267	2664	9
108267	4686	10
108285	6647	10
108285	3766	10
108285	2925	10
108285	2604	9
108285	971	6
108285	1743	9
108285	80	10
108285	3109	8
108285	3526	10
108285	2026	8
108285	4059	9
108285	3436	10
108285	3359	9
108285	3899	9
108285	3200	9
108336	2183	10
108336	600	9
108336	573	9
108336	1103	8
108336	4941	10
108336	6414	9
108336	6139	9
108352	2774	10
108352	627	10
108352	1055	10
108352	4785	9
108352	533	6
108352	5630	10
108352	1146	10
108352	5835	10
108352	4257	10
108352	983	10
108352	5827	10
108352	4379	9
108352	622	7
108352	127	5
108352	5912	10
108352	1753	10
108352	1788	8
108352	1641	8
108352	3367	10
108352	5867	10
108352	110	10
108392	487	9
108392	538	9
108392	1071	9
108392	592	7
108392	613	8
108392	239	9
108405	3951	10
108405	1585	9
108405	124	1
108405	5004	9
108405	288	9
108405	5356	10
108405	3291	10
108405	3261	9
108405	4077	10
108405	4360	9
108405	4079	9
108405	1186	7
108405	2707	9
108405	237	10
108405	5609	10
108405	376	8
108405	1475	10
108405	4512	9
108405	347	8
108405	1374	10
108405	5344	10
108405	4844	10
108405	6273	9
108405	3942	10
108405	1004	10
108405	2142	10
108405	3357	9
108405	219	8
108405	3845	10
108405	764	8
108405	881	8
108405	4911	10
108405	3370	9
108405	5938	10
108405	454	10
108405	737	8
108405	1006	9
108405	3360	10
108405	3566	8
108405	6080	10
108405	6490	10
108405	4116	9
108405	4206	9
108405	5454	9
108405	460	9
108405	2235	10
108405	2758	10
108480	288	10
108480	5100	10
108480	4406	9
108480	6458	8
108480	6459	10
108480	4741	10
108480	361	9
108480	2945	10
108480	3030	10
108480	6704	10
108480	1888	10
108480	687	9
108480	5324	9
108480	3325	9
108480	605	8
108480	829	10
108480	2083	10
108480	4911	10
108480	767	10
108480	6254	10
108480	4400	10
108480	6705	10
108481	2345	9
108481	612	10
108481	1067	9
108481	805	7
108481	2347	9
108481	231	10
108485	1630	8
108485	409	9
108485	651	8
108485	1773	7
108485	6320	10
108485	2250	10
108485	2785	9
108485	657	7
108485	3384	9
108485	3365	10
108485	3686	9
108485	18	7
108485	41	7
108485	206	8
108535	207	8
108535	643	8
108535	1253	8
108535	465	5
108535	50	5
108535	5149	10
108535	70	2
108535	1064	9
108535	4325	8
108535	2064	8
108535	350	10
108535	5622	9
108535	1302	10
108535	326	9
108535	3062	8
108563	6589	9
108563	6045	10
108563	5283	10
108563	1538	10
108563	1964	9
108563	6706	10
108622	3446	9
108622	1971	9
108622	1938	8
108622	3973	9
108622	2119	10
108700	5408	10
108700	2916	10
108700	144	7
108700	403	10
108700	5668	10
108752	1872	8
108752	448	8
108752	237	9
108752	3099	9
108752	2718	9
108752	3023	9
108752	1730	10
108752	3665	9
108752	5066	10
108752	3751	9
108752	805	9
108752	2104	10
108752	1233	10
108752	3877	10
108752	241	9
108753	707	9
108753	5649	10
108753	1743	7
108753	675	8
108753	6198	10
108753	2064	7
108753	5603	9
108753	4115	10
108763	1279	10
108763	170	8
108763	1083	10
108763	6707	10
108763	501	9
108773	1468	9
108773	3419	10
108773	238	9
108773	631	10
108773	3765	9
108773	3367	10
108799	1864	10
108799	3602	9
108799	4592	9
108799	1495	9
108799	2145	9
108799	1055	9
108799	901	9
108799	2783	9
108799	4184	10
108799	2227	10
108799	1519	9
108799	6533	9
108799	504	9
108799	5404	10
108799	3456	10
108799	3321	8
108799	2124	10
108799	4389	10
108799	2125	9
108799	4390	10
108799	2126	9
108799	3832	10
108799	1345	9
108799	1346	10
108799	3136	9
108799	4391	7
108799	1160	9
108799	2574	10
108799	794	10
108799	2026	9
108799	442	9
108799	1831	10
108799	1948	10
108799	1126	10
108799	2345	9
108799	1401	10
108799	4623	10
108799	1397	9
108799	2671	9
108799	6684	9
108799	495	10
108799	5936	9
108799	3503	9
108827	934	7
108827	6540	9
108827	2635	10
108827	1704	9
108827	420	8
108827	552	7
108950	409	10
108950	957	8
108950	5709	9
108950	411	9
108950	1058	5
108950	5900	10
108950	235	6
108950	1196	8
108950	723	8
108950	657	7
108950	6493	9
108950	2369	9
108950	3729	10
108950	3287	10
109013	2139	10
109013	1071	8
109013	3644	9
109013	5417	10
109013	4604	10
109013	4095	8
109013	5909	8
109014	144	8
109014	1567	9
109014	4807	9
109014	1714	9
109014	4756	10
109084	2656	10
109084	1938	9
109084	645	10
109084	2725	8
109084	87	9
109084	4314	9
109084	240	7
109107	1245	10
109107	2711	10
109107	4949	9
109107	20	7
109107	5779	10
109122	2997	9
109122	50	4
109122	2976	10
109122	6708	9
109122	4773	10
109135	692	10
109135	465	5
109135	3064	6
109135	537	7
109135	653	10
109135	1191	10
109135	590	5
109135	3256	8
109276	316	9
109276	1593	8
109276	3716	9
109276	938	8
109276	2119	10
109287	447	8
109287	1198	10
109287	2968	9
109287	552	8
109287	3442	8
109287	1152	10
109349	1328	7
109349	376	9
109349	16	9
109349	801	9
109349	259	9
109349	3549	9
109349	2466	9
109349	5554	9
109349	4095	9
109349	3071	10
109349	705	8
109357	2655	10
109357	407	9
109357	1291	9
109357	3985	9
109357	1882	9
109357	1273	10
109357	2991	9
109388	3116	10
109388	800	8
109388	3010	9
109388	985	9
109388	1781	9
109388	41	6
109403	6709	10
109403	1144	9
109403	5752	10
109403	2932	9
109403	5568	9
109427	1041	10
109427	4926	10
109427	3842	8
109427	6710	10
109427	4805	10
109427	1099	9
109427	5019	10
109427	6208	10
109427	4863	8
109461	741	9
109461	3118	10
109461	2478	8
109461	742	9
109461	5722	10
109461	1407	9
109461	6346	8
109461	794	9
109461	2459	10
109461	5815	10
109461	4797	9
109461	1433	8
109461	888	10
109461	5828	10
109491	5888	9
109491	4075	9
109491	4360	9
109491	2502	9
109491	880	8
109491	3224	10
109491	4776	9
109491	2606	9
109491	2140	8
109491	5207	10
109491	3734	10
109491	4884	8
109491	3416	10
109491	265	9
109491	367	8
109491	4082	8
109491	4911	9
109491	5815	10
109491	3386	9
109491	3850	9
109491	5230	10
109502	50	3
109502	1291	5
109502	15	8
109502	1219	9
109516	744	7
109516	658	8
109516	1711	10
109516	420	10
109516	6000	10
109516	2115	8
109519	6712	8
109519	6713	10
109519	756	10
109519	2082	10
109519	1099	8
109519	3416	9
109519	3858	9
109519	5736	8
109562	6002	9
109562	6029	8
109562	4343	10
109562	3571	10
109562	999	9
109574	2774	9
109574	4986	8
109574	581	6
109574	486	8
109574	3105	9
109574	464	10
109574	6621	10
109574	915	10
109574	2457	9
109574	2918	8
109574	1521	9
109574	691	8
109574	5080	10
109574	2291	10
109574	1105	10
109574	3522	10
109574	1632	10
109574	3458	9
109574	488	9
109574	6714	10
109574	2836	8
109574	2217	8
109574	3385	8
109574	5465	10
109574	2233	8
109574	1891	10
109574	3899	9
109574	1812	8
109574	6490	9
109574	1574	9
109574	1909	10
109574	247	9
109574	5236	10
109574	114	10
109574	3537	9
109574	6716	10
109605	1156	9
109605	5471	9
109605	5472	10
109605	742	8
109605	3092	9
109605	3661	10
109605	2979	10
109605	5050	10
109605	5521	10
109741	6717	10
109741	2474	9
109741	2475	10
109741	6102	9
109741	6718	9
109741	6374	10
109741	4961	8
109779	6305	10
109779	533	6
109779	901	9
109779	981	6
109779	6269	10
109779	469	6
109779	2546	10
109779	1268	6
109779	2509	9
109779	983	9
109779	5297	10
109779	2211	9
109779	3973	8
109779	418	10
109779	474	9
109779	5786	10
109779	2692	10
109779	2955	10
109779	4561	9
109779	2956	10
109779	4562	10
109779	2957	10
109779	3975	9
109779	477	8
109779	1246	9
109779	6719	9
109779	3550	10
109779	1987	10
109779	783	10
109779	4838	9
109779	8	10
109779	4321	10
109779	2566	9
109779	6212	10
109783	883	7
109783	2766	10
109783	6546	10
109783	1055	7
109783	3992	9
109783	6407	9
109783	389	9
109864	1999	10
109864	1109	6
109864	1942	9
109864	2225	10
109864	2194	9
109864	1058	7
109864	70	3
109864	930	10
109864	1205	7
109864	214	9
109864	991	10
109864	206	9
109899	1253	8
109899	4221	9
109899	800	9
109899	412	10
109899	1928	9
109899	5433	10
109899	1743	7
109899	6049	8
109899	4325	10
109899	578	8
109899	6153	9
109899	1099	9
109899	3858	10
109899	764	10
109899	3221	10
109899	1905	9
109901	176	9
109901	6028	10
109901	3021	10
109901	1643	10
109901	3448	9
109901	4270	10
109901	1248	9
109901	5009	10
109901	1942	9
109901	1708	9
109901	3420	9
109901	1225	10
109901	5588	9
109901	4110	10
109901	378	8
109901	2064	8
109901	3039	9
109901	1264	9
109901	4570	10
109901	4560	9
109901	4571	10
109901	418	8
109901	1377	9
109901	474	9
109901	1612	10
109901	4585	9
109901	2215	10
109901	620	9
109901	1759	8
109901	3586	8
109901	2692	7
109901	1242	9
109901	4573	9
109901	2217	10
109901	2037	8
109901	2856	9
109901	5864	10
109901	1964	8
109901	5434	10
109901	3397	10
109901	715	8
109901	3144	9
109901	5306	10
109901	1617	8
109901	1493	9
109901	2579	9
109901	3078	7
109901	5023	10
109901	5222	10
109901	1380	9
109901	637	9
109901	1910	10
109901	781	8
109901	676	9
109901	1804	7
109901	5601	9
109955	3142	9
109955	3244	10
109955	6621	10
109955	396	10
109955	6720	10
109955	5150	10
109955	2480	10
109955	5370	10
109955	1422	10
109955	2912	8
109955	1249	9
109955	3722	9
109955	3930	10
109955	6722	9
109955	2900	9
109955	5596	10
109955	6247	9
109955	6248	10
109955	4455	10
109955	4264	9
109955	4399	10
109955	6356	10
109955	2298	9
109955	5713	10
109955	3222	10
109955	3931	9
110029	1167	9
110029	1284	8
110029	5939	10
110029	5633	9
110029	274	6
110029	6723	10
110029	668	10
110029	669	10
110029	2961	10
110029	380	10
110029	801	10
110029	259	9
110029	6724	8
110029	4619	9
110029	281	10
110029	4551	10
110029	671	9
110029	2542	10
110029	3226	10
110029	2007	9
110029	157	8
110029	3864	9
110029	5008	9
110029	3895	10
110029	6507	9
110040	5781	9
110040	1309	8
110040	72	7
110040	1236	10
110040	365	10
110040	937	9
110040	6472	9
110040	232	8
110076	4252	9
110076	2223	10
110076	1367	9
110076	594	9
110110	2581	10
110110	6725	10
110110	5777	9
110110	4872	10
110110	3727	9
110110	6329	9
110112	1508	10
110112	4673	9
110112	3940	10
110112	3564	10
110112	3941	10
110112	2602	10
110112	338	7
110112	2127	10
110112	782	8
110112	978	10
110160	2044	10
110160	126	10
110160	261	9
110160	733	10
110160	2347	10
110160	2553	10
110160	3298	9
110165	2183	10
110165	486	9
110165	405	10
110165	6440	8
110165	50	5
110165	905	10
110165	2646	9
110165	434	7
110165	3442	8
110208	4943	10
110208	864	9
110208	800	8
110208	2063	8
110208	1778	8
110208	1676	9
110208	991	8
110214	1510	8
110214	6664	10
110214	6726	10
110214	5544	9
110214	2068	10
110214	5559	10
110214	2821	10
110214	5667	8
110214	1799	9
110214	5625	10
110214	2563	10
110214	3979	10
110308	1461	10
110308	3621	10
110308	5545	9
110308	3477	8
110308	6194	10
110308	4395	10
110317	6727	9
110317	1387	10
110317	1094	9
110317	1031	9
110317	5863	9
110317	246	9
110317	2310	10
110317	1569	10
110317	3215	9
110317	3005	8
110361	5746	10
110361	207	8
110361	6495	10
110361	4416	9
110361	879	9
110361	1651	9
110361	6057	10
110361	6416	10
110361	1056	8
110361	3007	9
110361	744	9
110361	6691	10
110361	6426	10
110361	3984	9
110361	6601	10
110361	144	9
110361	5991	9
110361	5936	10
110361	954	10
110361	4829	10
110361	978	10
110373	3255	8
110373	487	8
110373	3347	10
110373	6045	10
110373	274	7
110373	1707	7
110373	5720	10
110373	5030	9
110373	74	9
110373	2627	10
110373	2080	9
110373	1995	10
110373	6046	10
110373	1045	10
110373	1743	9
110373	414	8
110373	974	8
110373	452	9
110373	3548	10
110373	3549	8
110373	6132	8
110373	2022	10
110373	5721	10
110373	3258	10
110373	736	9
110373	6039	9
110373	4807	10
110373	456	9
110373	6300	10
110382	428	9
110382	429	9
110382	6348	9
110382	208	8
110382	1941	10
110382	233	9
110382	274	7
110382	634	8
110382	2947	9
110382	2345	9
110382	4135	9
110382	298	9
110440	316	9
110440	1267	9
110440	3271	10
110440	644	10
110440	140	9
110440	357	9
110440	5335	9
110440	1564	9
110440	3405	9
110440	1064	10
110440	1071	9
110440	6439	9
110440	590	6
110440	988	10
110440	5384	9
110440	5429	9
110440	521	8
110440	4054	10
110440	1844	10
110440	791	9
110440	1957	10
110483	2282	10
110483	4638	10
110483	1732	9
110483	922	10
110483	2284	9
110483	6729	10
110483	2385	10
110483	355	9
110483	2285	9
110483	823	9
110483	2737	10
110483	5370	10
110483	885	10
110483	6730	9
110483	3250	10
110483	4389	8
110483	2125	9
110483	4599	9
110483	2126	10
110483	1345	10
110483	4287	9
110483	4642	10
110483	6166	10
110483	1160	9
110483	3987	9
110483	3897	10
110483	827	10
110483	2257	9
110483	5545	10
110483	6731	10
110483	5085	10
110483	1539	10
110483	2399	10
110483	990	9
110483	5118	10
110483	2472	10
110483	4290	9
110483	6409	9
110483	3382	10
110483	3383	9
110483	6293	9
110493	2278	9
110493	729	10
110493	3355	8
110493	442	10
110493	516	10
110493	3816	9
110558	947	10
110558	70	2
110558	997	9
110558	5929	9
110558	1625	10
110558	5336	10
110558	3748	10
110558	605	9
110558	1152	10
110609	6709	10
110609	6221	9
110609	1411	9
110609	20	6
110700	785	10
110700	775	9
110700	981	8
110700	776	9
110700	4061	10
110700	720	9
110700	777	9
110746	35	8
110746	4418	10
110746	6516	10
110746	657	5
110746	4214	9
110746	1266	9
110746	4553	10
110746	6732	10
110746	3539	10
110887	5922	10
110887	5218	9
110887	5184	9
110887	1186	9
110887	449	9
110887	5916	9
110887	432	10
110887	578	7
110887	4433	10
110887	310	10
110887	2085	10
110887	5325	8
110887	3368	10
110912	428	9
110912	1247	10
110912	1554	10
110912	883	9
110912	3116	9
110912	581	6
110912	1731	7
110912	486	6
110912	2557	9
110912	4885	9
110912	407	8
110912	1109	8
110912	50	6
110912	884	6
110912	134	10
110912	1259	9
110912	2010	10
110912	1056	9
110912	243	6
110912	1292	10
110912	1387	8
110912	233	9
110912	4252	10
110912	1428	9
110912	1094	10
110912	1916	9
110912	6733	10
110912	3505	10
110912	6425	10
110912	1190	10
110912	1519	9
110912	4618	10
110912	235	7
110912	2662	8
110912	1491	7
110912	3896	10
110912	431	10
110912	29	10
110912	2573	9
110912	471	8
110912	473	7
110912	362	10
110912	414	6
110912	4712	9
110912	1447	10
110912	379	9
110912	1855	9
110912	6734	10
110912	730	8
110912	1569	10
110912	5657	9
110912	1984	10
110912	608	9
110912	2857	10
110912	3300	10
110912	2372	10
110912	1835	10
110912	516	9
110912	174	10
110912	5783	8
110912	1315	10
110912	5589	8
110912	2077	8
110912	31	9
110912	127	6
110912	1891	10
110912	1212	7
110912	717	10
110912	6360	9
110912	6200	10
110912	240	6
110912	6623	10
110912	637	8
110912	1671	9
110912	781	5
110912	4483	9
110912	352	8
110912	54	9
110912	157	8
110912	1550	7
110912	404	6
110912	1083	9
111133	235	8
111133	5759	10
111133	3944	9
111133	2552	10
111133	500	7
111133	2383	10
111133	6735	9
111133	133	8
111133	1219	9
111133	2827	9
111166	341	5
111166	3290	9
111166	3507	9
111166	6590	9
111166	4054	10
111174	1554	9
111174	492	10
111174	3913	9
111174	61	7
111174	274	8
111174	2223	10
111174	194	10
111174	742	9
111174	684	9
111174	1512	9
111174	3373	9
111174	1225	9
111174	1522	10
111174	2683	10
111174	3074	9
111174	69	9
111174	4071	10
111174	1491	7
111174	619	9
111174	4122	8
111174	6371	9
111174	4201	10
111174	3898	9
111174	1354	9
111174	3022	9
111174	2316	9
111174	3639	8
111174	1207	6
111174	6389	10
111190	6285	10
111190	50	5
111190	391	8
111190	1823	10
111190	3053	9
111190	3957	9
111190	1631	9
111190	669	10
111190	3286	8
111190	4528	9
111190	3401	9
111190	3354	10
111190	4529	10
111190	711	10
111190	4154	10
111190	2027	10
111190	4967	10
111190	4903	10
111190	1740	9
111190	1410	9
111190	1781	9
111190	3885	8
111190	2621	10
111190	6429	10
111190	4694	10
111241	487	8
111241	1783	8
111241	393	9
111241	960	10
111241	3570	8
111241	77	7
111241	4981	10
111241	41	8
111241	1052	7
111261	3842	10
111261	70	4
111261	2806	10
111261	5764	10
111261	339	9
111261	764	7
111261	3016	9
111286	1731	9
111286	457	8
111286	584	9
111286	303	10
111286	3373	9
111286	1058	7
111286	5901	9
111286	2119	9
111286	1289	9
111286	5451	9
111390	1659	10
111390	3506	10
111390	4573	8
111390	3314	10
111390	232	9
111390	4315	10
111438	5602	10
111438	1060	10
111438	931	10
111438	1738	9
111438	6685	10
111536	1094	6
111536	1631	7
111536	451	5
111536	84	9
111536	4022	10
111578	1007	9
111578	4919	9
111578	879	9
111578	2918	7
111578	5860	10
111578	2282	10
111578	3091	9
111578	2285	9
111578	5948	10
111578	70	4
111578	189	10
111578	3474	8
111578	2690	8
111578	3711	9
111578	5801	9
111578	78	10
111578	2233	8
111578	5082	10
111578	192	6
111578	6736	9
111578	841	8
111634	6737	9
111634	2961	10
111634	4989	10
111634	1036	10
111634	382	9
111634	1602	9
111637	4867	10
111637	3632	9
111637	2324	10
111637	721	10
111637	4048	9
111637	1810	9
111637	3374	10
111637	1194	10
111637	1901	9
111637	210	8
111637	2914	9
111637	1550	7
111637	1818	9
111637	1989	10
111733	3710	10
111733	3059	10
111733	367	6
111733	2795	8
111816	3908	9
111816	512	10
111816	1062	10
111816	4302	10
111816	576	7
111816	2423	9
111816	4264	9
111816	1906	10
111847	4076	10
111847	3688	10
111847	6738	9
111847	5869	10
111847	3413	10
111847	2070	7
111847	2825	8
111847	3414	8
111847	5350	10
111847	4884	9
111847	5393	10
111847	1047	9
111847	2342	8
111847	173	8
111847	2769	10
111847	3751	9
111847	751	10
111847	1800	10
111847	3198	9
111847	2516	9
111847	3333	9
111847	4310	9
111847	2043	10
111847	5570	10
111888	3590	9
111888	1428	8
111888	1429	10
111888	6633	9
111888	4147	10
111924	4384	9
111924	6739	9
111924	4540	10
111924	1339	9
111924	4651	10
111924	4146	10
111924	3071	9
111924	1303	10
111938	2384	9
111938	4600	9
111938	6180	8
111938	5569	10
111938	3903	10
111944	866	10
111944	6230	10
111944	867	10
111944	774	9
111944	1404	10
111944	5635	10
111944	6634	9
111944	6534	9
111944	6020	10
111944	2500	10
111944	3830	9
111944	2501	10
111944	2502	10
111944	3272	10
111944	2546	9
111944	400	10
111944	2634	9
111944	2217	10
111944	477	8
111944	478	10
111944	4504	10
111944	3550	9
111944	1484	9
111944	2312	8
111944	5109	10
111944	2400	10
111944	1678	10
111944	3382	8
111944	851	10
111944	3383	10
111947	4280	9
111947	1117	7
111947	3049	9
111947	72	7
111947	2819	10
111947	6740	10
111947	1104	7
111947	2210	10
111947	5133	10
111947	3556	10
111947	6528	10
111947	174	10
111947	3057	9
111947	6741	10
111947	4683	10
112026	446	10
112026	124	2
112026	4588	10
112026	3696	9
112026	4231	10
112026	1336	9
112026	2356	10
112026	3082	10
112026	972	10
112026	258	9
112026	1533	10
112026	1627	8
112026	1451	9
112026	5961	9
112026	2407	7
112026	1617	8
112026	6080	10
112026	614	7
112026	1574	8
112026	6401	9
112026	6574	10
112026	1761	10
112083	4492	9
112083	407	7
112083	124	1
112083	573	8
112083	2394	10
112083	2690	10
112083	414	9
112083	1703	10
112083	477	10
112083	478	9
112083	4131	10
112083	284	10
112083	876	9
112083	5883	10
112083	4376	9
112083	192	6
112083	240	8
112088	1631	8
112088	2912	9
112088	1249	8
112088	1686	10
112088	1237	10
112088	404	6
112093	5488	10
112093	503	6
112093	274	5
112093	3721	10
112093	3722	10
112093	3723	10
112093	169	7
112093	997	7
112093	3378	10
112093	5438	9
112093	590	5
112093	4507	9
112093	803	8
112093	4167	9
112093	1536	10
112093	1838	10
112093	1839	8
112093	1323	9
112093	1278	10
112093	3003	10
112109	1001	9
112109	5551	8
112109	3321	10
112109	6118	9
112109	4925	10
112109	3944	9
112148	1893	10
112148	558	9
112148	5565	8
112148	1058	7
112148	2524	10
112148	5936	10
112173	981	6
112173	3770	8
112173	3133	9
112173	74	8
112173	2334	10
112199	6620	9
112199	902	10
112199	167	10
112199	3735	9
112199	894	10
112199	3463	10
112199	6353	10
112199	4925	8
112199	5138	9
112240	4486	10
112240	6742	10
112240	5885	9
112240	5432	9
112240	1160	7
112240	5754	10
112298	5056	10
112298	1178	9
112298	5730	10
112298	1355	10
112298	3964	10
112298	611	9
112298	5164	10
112298	1154	9
112298	2991	8
112401	5585	9
112401	4127	10
112401	2586	10
112401	469	7
112401	253	10
112401	886	10
112401	3547	8
112401	6319	9
112401	1477	10
112401	1574	10
112401	954	9
112402	502	9
112402	2016	9
112402	6305	10
112402	2018	8
112402	3520	10
112402	3680	9
112408	532	10
112408	5332	10
112408	4633	10
112408	141	9
112408	4945	9
112408	3564	8
112408	4799	9
112408	3756	9
112408	3204	10
112408	781	6
112507	4165	10
112507	5072	10
112507	3125	10
112507	500	9
112507	206	8
112512	3913	8
112512	533	8
112512	4387	10
112512	743	8
112512	5649	10
112512	5617	8
112512	6398	10
112541	1253	8
112541	2894	10
112541	4908	10
112541	1773	8
112541	4361	10
112541	5882	10
112541	3135	7
112541	5344	9
112541	196	9
112541	4154	10
112541	3963	10
112541	4652	9
112541	91	9
112541	6205	9
112559	1253	7
112559	533	6
112559	6581	10
112559	3455	10
112559	2336	10
112559	3735	9
112559	1626	6
112559	2793	10
112559	5323	10
112559	3862	10
112559	4551	10
112559	2173	9
112559	186	10
112590	777	6
112590	453	8
112590	4345	9
112590	711	10
112590	3910	10
112590	380	8
112590	1096	9
112590	3290	10
112598	581	5
112598	486	8
112598	1559	10
112598	338	6
112598	292	8
112598	434	7
112598	685	9
112672	2408	10
112672	207	7
112672	2924	8
112672	6550	10
112672	3295	9
112672	1411	10
112672	3366	9
112672	2701	9
112761	4721	8
112761	3857	9
112761	4039	8
112761	4927	10
112761	6710	10
112761	3772	10
112761	1744	10
112761	3858	10
112761	4394	10
112761	767	9
112761	2618	9
112761	3386	10
112761	6254	8
112761	5938	8
112761	5008	9
112761	6479	10
112765	4705	10
112765	883	8
112765	3913	8
112765	2080	10
112765	4030	10
112818	1942	9
112818	1011	9
112818	1407	9
112818	442	10
112818	657	7
112818	41	8
112818	625	9
112845	5664	10
112845	3570	10
112845	2080	9
112845	450	9
112845	5122	9
112845	1852	10
112845	1729	8
112845	262	9
112845	3180	8
112881	1630	10
112881	5391	9
112881	457	8
112881	2208	10
112881	1698	9
112881	5673	9
112881	2912	8
112881	3462	9
112881	6318	9
112881	1788	10
112881	285	6
112881	4750	9
112881	6575	9
112914	272	10
112914	2215	9
112914	4925	10
112914	670	10
112914	3078	8
112914	6744	10
112914	4879	9
112953	5858	9
112953	1171	9
112953	4735	10
112953	6441	10
112953	2881	10
112953	748	10
112953	6745	10
112953	629	9
112953	1749	8
112953	478	9
112953	6746	9
112953	1677	9
112953	2713	9
112953	552	10
112953	4197	8
112953	1084	8
112953	1153	10
112953	1991	9
112953	6268	10
112979	4398	9
112979	1099	9
112979	120	10
112979	3160	10
113030	3768	9
113030	1077	10
113030	3703	9
113030	1171	9
113030	5339	10
113030	1144	10
113030	124	1
113030	533	10
113030	1897	10
113030	4497	9
113030	1891	9
113030	2933	10
113030	1705	9
113030	3798	9
113030	1671	10
113030	1549	9
113030	5497	10
113030	3717	10
113030	1083	9
113259	2781	10
113259	1691	9
113259	3910	10
113259	2345	8
113259	214	7
113259	3234	10
113270	57	9
113270	3409	10
113270	6631	9
113270	446	8
113270	3714	10
113270	693	6
113270	207	7
113270	405	9
113270	6747	9
113270	4885	9
113270	406	8
113270	316	6
113270	2031	9
113270	1498	9
113270	1499	9
113270	1500	10
113270	4811	9
113270	124	1
113270	1293	10
113270	1294	9
113270	1700	8
113270	4689	9
113270	536	8
113270	1135	9
113270	684	8
113270	2044	10
113270	1512	10
113270	1513	7
113270	1559	9
113270	1809	10
113270	2480	10
113270	6550	9
113270	6279	9
113270	2361	10
113270	1190	10
113270	2503	10
113270	1261	8
113270	1309	9
113270	449	8
113270	6675	9
113270	4882	10
113270	543	10
113270	1003	9
113270	546	9
113270	51	9
113270	6371	10
113270	657	6
113270	3523	10
113270	4873	10
113270	608	10
113270	2857	8
113270	2859	8
113270	3300	10
113270	3948	10
113270	4214	10
113270	3180	10
113270	2578	8
113270	5268	8
113270	3693	10
113270	6484	10
113270	1416	10
113270	614	9
113270	716	8
113270	6623	10
113270	2024	9
113270	665	5
113270	3482	9
113270	4984	10
113270	6252	10
113270	1289	7
113270	1074	9
113270	5606	10
113270	5270	10
113270	157	9
113270	404	7
113279	1185	9
113279	2176	10
113279	474	8
113279	5034	10
113279	1964	9
113279	662	9
113279	2905	9
113292	446	7
113292	6495	10
113292	1512	10
113292	1276	9
113334	5564	10
113334	6604	8
113334	2032	8
113334	3291	9
113334	2122	8
113334	1044	8
113334	356	9
113334	5333	9
113334	3767	10
113334	1045	9
113334	3321	8
113334	4470	10
113334	983	9
113334	1883	9
113334	6199	10
113334	5242	10
113334	4455	9
113334	3099	9
113334	3016	9
113334	5513	10
113334	4808	10
113334	2516	8
113334	1379	9
113334	1803	10
113334	4533	8
113334	5870	9
113364	806	10
113364	2465	9
113364	809	9
113364	1291	8
113364	606	10
113364	102	9
113364	4440	10
113435	59	8
113435	6532	10
113435	5275	9
113435	1858	8
113435	1660	9
113435	2019	8
113435	3978	10
113435	610	10
113435	1416	9
113435	6684	9
113435	5557	9
113435	5877	10
113435	156	8
113475	1391	9
113475	5709	10
113475	45	10
113475	3494	10
113475	2970	9
113519	1107	10
113519	2655	10
113519	925	9
113519	890	10
113519	695	9
113519	649	9
113519	406	8
113519	303	9
113519	2188	9
113519	458	8
113519	60	10
113519	50	4
113519	6703	10
113519	124	1
113519	1179	6
113519	1512	9
113519	2973	10
113519	4737	9
113519	2415	10
113519	4222	10
113519	6492	9
113519	1785	10
113519	5193	10
113519	1773	8
113519	1186	7
113519	2279	9
113519	4356	9
113519	1422	10
113519	1561	7
113519	1900	9
113519	746	10
113519	603	10
113519	2787	10
113519	905	9
113519	6748	9
113519	5335	7
113519	934	7
113519	1035	9
113519	657	6
113519	6158	9
113519	749	9
113519	3685	9
113519	590	6
113519	87	9
113519	6073	10
113519	5555	10
113519	421	9
113519	3998	10
113519	6749	10
113519	2319	9
113519	5082	10
113519	1416	9
113519	614	8
113519	192	8
113519	861	10
113519	5487	10
113519	2669	10
113519	240	8
113519	4267	10
113519	2093	8
113519	285	9
113519	6750	9
113519	1961	10
113519	2745	10
113519	456	9
113519	2799	9
113519	1218	8
113519	6716	9
113531	1720	10
113531	316	9
113531	3212	10
113531	289	9
113531	494	10
113531	1445	10
113531	1593	8
113531	451	7
113531	323	9
113531	1855	10
113531	4214	10
113531	3816	9
113602	4015	9
113602	4228	10
113602	5966	10
113602	894	10
113602	4933	9
113624	446	7
113624	5395	8
113624	3647	9
113624	5420	9
113624	513	9
113624	6751	8
113624	5026	10
113657	4208	9
113657	1253	8
113657	1663	9
113657	1626	6
113657	1612	10
113657	2856	10
113657	5095	9
113657	3256	9
113657	7	9
113657	501	9
113661	1895	8
113661	2917	9
113661	1510	9
113661	1432	10
113661	1900	9
113661	3518	9
113661	3581	8
113661	6564	9
113661	1411	7
113661	2046	9
113663	699	9
113663	5488	9
113663	466	8
113663	6131	10
113663	3935	10
113663	1442	10
113663	5766	10
113663	3771	9
113663	6522	9
113663	3195	9
113663	2607	9
113663	2020	9
113663	4596	9
113663	2341	10
113663	2215	8
113663	2108	10
113663	1572	8
113663	6137	9
113663	4024	10
113663	19	8
113752	57	10
113752	153	9
113752	2829	9
113752	5648	10
113752	1561	10
113752	416	9
113752	6493	10
113752	3459	10
113752	5156	10
113752	3444	8
113804	4427	9
113804	2631	10
113804	432	9
113804	2961	10
113804	936	9
113804	3156	10
113817	5703	8
113817	6438	10
113817	70	2
113817	6363	10
113817	1954	9
113817	2133	9
113904	3651	9
113904	806	9
113904	693	7
113904	6511	9
113904	4937	10
113904	2495	10
113904	274	7
113904	1280	10
113904	4003	10
113904	691	8
113904	168	10
113904	1851	8
113904	414	7
113904	657	8
113904	2727	10
113904	1796	10
113904	2128	9
113904	3948	10
113904	4456	10
113904	1207	10
113904	613	7
113904	5204	8
113904	3999	9
113944	4766	10
113944	183	7
113944	1267	10
113944	1382	10
113944	472	8
113944	2508	10
113944	1764	9
113944	263	10
113944	3948	10
113944	1860	10
113944	6752	10
113944	4921	9
113944	506	9
113955	2055	8
113955	5400	9
113955	3449	7
113955	65	9
113955	357	7
113955	2506	9
113955	4122	10
113955	4434	10
113955	3706	9
113955	3675	10
113955	2293	9
113955	2133	10
113955	2964	10
113966	3570	9
113966	1589	10
113966	6191	10
113966	5314	9
113966	5464	9
113983	3068	10
113983	6338	10
113983	3512	9
113983	1475	10
113983	1883	7
113983	84	7
113983	262	8
113983	241	9
113983	3535	10
113983	2642	9
113983	456	8
114007	5106	10
114007	1171	8
114007	3604	10
114007	2569	10
114007	896	8
114007	6069	8
114007	1104	7
114007	2965	10
114007	2727	7
114007	2748	10
114075	581	5
114075	691	10
114075	931	10
114075	5815	10
114075	2015	8
114085	4032	9
114085	1170	10
114085	183	8
114085	5564	9
114085	5977	9
114085	2217	8
114085	6199	10
114085	3707	9
114085	6058	9
114085	1602	9
114085	2532	8
114085	2863	9
114085	2864	9
114085	1074	10
114085	3589	10
114085	2865	10
114089	2603	10
114089	5452	10
114089	440	8
114089	6637	10
114089	6515	8
114089	1273	8
114089	839	10
114178	1284	9
114178	1011	10
114178	1158	7
114178	473	7
114178	1600	8
114178	160	8
114178	3635	9
114178	218	8
114178	5697	10
114178	5034	10
114178	5314	10
114178	5883	10
114178	4196	10
114178	2378	8
114200	5343	9
114200	2483	9
114200	1441	10
114200	195	8
114200	3623	9
114200	2082	9
114200	220	9
114200	3416	8
114200	1067	10
114200	6422	10
114216	1618	10
114216	5280	9
114216	3405	10
114216	279	8
114216	5536	8
114216	258	10
114216	3549	8
114216	440	9
114216	2416	9
114216	5240	10
114216	1667	9
114217	5237	10
114217	165	9
114217	169	7
114217	1743	6
114217	1963	10
114217	285	7
114217	352	8
114217	54	9
114217	4327	10
114258	4036	10
114258	5572	9
114258	1183	9
114258	5637	9
114258	934	5
114258	2005	7
114265	2063	9
114265	2611	9
114265	2272	9
114265	4236	10
114265	506	9
114265	3479	9
114265	1602	8
114279	3017	9
114279	5200	9
114279	6753	9
114279	5439	10
114279	209	9
114279	6632	10
114279	590	7
114279	5741	10
114279	4423	10
114279	633	8
114279	6396	9
114306	2779	9
114306	1428	8
114306	629	10
114306	3638	10
114306	1084	10
114306	1991	8
114378	4384	8
114378	6543	9
114378	974	10
114378	279	9
114378	2426	10
114414	3928	9
114414	1648	10
114414	4841	9
114414	4152	10
114414	3044	10
114414	3511	10
114414	3579	9
114414	5647	9
114414	4588	10
114414	3604	10
114414	4232	9
114414	3909	8
114414	1033	8
114414	2068	10
114414	1103	9
114414	2699	10
114414	1045	9
114414	971	8
114414	2507	10
114414	934	6
114414	2309	10
114414	3586	10
114414	2692	9
114414	2883	10
114414	179	9
114414	6461	10
114414	1888	8
114414	433	9
114414	2563	10
114414	2110	9
114414	1768	10
114414	3854	9
114414	2839	10
114444	862	8
114444	5542	10
114444	6244	10
114444	124	2
114444	503	8
114444	774	10
114444	1897	9
114444	1117	8
114444	3270	9
114444	1773	8
114444	5617	10
114444	4673	9
114444	5044	7
114444	3236	10
114444	2271	9
114444	4549	9
114444	358	10
114444	1563	10
114444	3634	9
114444	1064	7
114444	6049	10
114444	1070	10
114444	893	10
114444	1470	9
114444	4569	10
114444	3973	8
114444	5133	10
114444	6650	10
114444	2257	10
114444	6587	10
114444	2459	10
114444	3023	10
114444	661	9
114444	3421	10
114444	2697	10
114444	2579	9
114444	665	7
114444	1602	8
114446	1284	8
114446	4626	9
114446	2145	10
114446	643	8
114446	1646	9
114446	124	2
114446	5474	10
114446	341	6
114446	1104	6
114446	2011	10
114446	630	9
114446	1477	9
114446	1014	8
114446	3970	10
114446	88	8
114446	131	8
114446	6541	10
114446	6653	8
114446	1647	9
114446	1627	9
114446	3345	9
114446	3123	8
114446	563	10
114446	633	10
114446	109	10
114446	495	9
114452	1897	9
114452	958	9
114452	4123	9
114452	1788	8
114452	1991	9
114483	5620	9
114483	5012	9
114483	2303	10
114483	5767	10
114483	3082	10
114498	70	3
114498	338	7
114498	339	9
114498	5203	9
114498	434	6
114544	5620	9
114544	581	4
114544	693	6
114544	4687	10
114544	3702	9
114544	405	9
114544	1555	8
114544	406	9
114544	407	8
114544	3336	10
114544	410	8
114544	1490	10
114544	243	5
114544	411	8
114544	947	10
114544	1631	7
114544	5576	10
114544	1185	10
114544	1773	9
114544	1186	8
114544	4216	10
114544	634	9
114544	1058	8
114544	2356	10
114544	1196	8
114544	449	9
114544	2334	9
114544	1616	10
114544	723	10
114544	291	10
114544	1881	10
114544	1564	7
114544	4357	9
114544	1686	9
114544	414	6
114544	451	6
114544	246	8
114544	657	8
114544	1764	8
114544	5991	10
114544	1098	10
114544	2004	9
114544	1205	8
114544	829	8
114544	3639	10
114544	2398	7
114544	1952	10
114544	41	7
114544	421	10
114544	4205	9
114544	2620	10
114544	4104	10
114544	3442	9
114544	3303	10
114544	4610	9
114544	3729	10
114544	298	10
114544	54	10
114544	501	8
114581	4659	10
114581	5900	8
114581	1393	10
114581	338	7
114581	340	8
114581	931	10
114581	432	8
114581	2788	10
114581	378	6
114581	2961	9
114581	218	8
114581	310	10
114581	434	6
114581	4508	9
114634	809	7
114634	1115	8
114634	742	8
114634	1117	8
114634	573	10
114634	2569	10
114643	6620	10
114643	1421	10
114643	2080	8
114643	168	9
114643	5364	9
114662	5818	10
114662	257	9
114662	3041	10
114662	1357	9
114742	1596	8
114742	2763	10
114742	777	8
114742	3705	6
114742	4585	7
114742	350	9
114813	883	8
114813	6302	9
114813	4868	10
114813	50	4
114813	884	9
114813	2496	10
114813	2497	10
114813	160	9
114813	1068	8
114868	5139	8
114868	883	10
114868	446	7
114868	1284	7
114868	695	8
114868	1868	8
114868	3447	9
114868	407	8
114868	1783	6
114868	595	9
114868	652	10
114868	2881	10
114868	1186	7
114868	1145	10
114868	1660	8
114868	2919	8
114868	1249	8
114868	4003	10
114868	1444	9
114868	654	9
114868	1974	10
114868	4062	10
114868	70	3
114868	388	8
114868	971	6
114868	1743	9
114868	4432	9
114868	4887	10
114868	886	9
114868	1884	10
114868	1830	9
114868	3483	9
114868	3484	8
114868	3486	8
114868	3487	8
114868	4500	10
114868	4305	10
114868	5194	10
114868	635	10
114868	1860	10
114868	4747	10
114868	52	9
114868	592	7
114868	3047	10
114868	1803	10
114868	5566	8
114868	6094	10
114868	3967	10
114868	1546	10
114868	5067	10
114868	4877	9
114868	3657	8
114868	3968	9
114868	3969	9
114893	2181	9
114893	5957	10
114893	3493	10
114893	347	9
114893	1594	9
114893	1812	10
114893	1317	8
115002	3667	10
115002	5886	10
115002	2033	8
115002	2089	10
115002	1587	10
115002	392	8
115002	393	9
115002	4991	10
115002	3848	10
115002	2637	9
115002	6168	10
115002	4804	10
115002	2163	10
115002	2253	9
115002	5839	8
115002	1744	8
115002	3746	9
115002	3747	10
115002	4503	10
115002	1888	10
115002	4660	9
115002	2614	9
115002	6705	8
115002	2621	10
115002	4347	10
115002	6283	10
115002	5446	10
115002	6125	10
115003	1165	8
115003	4705	8
115003	446	9
115003	2554	8
115003	4125	10
115003	2802	9
115003	447	9
115003	457	9
115003	59	8
115003	585	9
115003	303	10
115003	696	9
115003	4416	8
115003	2360	9
115003	2243	10
115003	227	7
115003	6355	10
115003	3939	8
115003	699	10
115003	2658	9
115003	50	4
115003	1896	10
115003	1178	9
115003	684	8
115003	2226	7
115003	2784	10
115003	1631	9
115003	1773	7
115003	3880	9
115003	634	9
115003	3306	9
115003	1193	6
115003	5901	9
115003	903	9
115003	746	10
115003	3074	8
115003	70	4
115003	1523	9
115003	1491	8
115003	6754	9
115003	1717	8
115003	1568	9
115003	6715	10
115003	1529	8
115003	1983	10
115003	1947	10
115003	1205	7
115003	87	7
115003	950	10
115003	3593	10
115003	267	6
115003	592	6
115003	41	6
115003	4202	10
115003	1434	9
115003	976	10
115003	1210	9
115003	6755	9
115003	685	10
115003	5538	9
115003	2413	9
115003	214	9
115003	1082	8
115003	4483	10
115003	1289	7
115003	6688	10
115003	157	9
115003	6388	9
115003	1959	9
115097	3918	10
115097	3131	10
115097	4189	10
115097	4337	10
115097	52	9
115097	2376	9
115120	6549	8
115120	1822	9
115120	6126	10
115120	1179	9
115120	3935	9
115120	2926	9
115120	673	10
115120	68	9
115120	4771	10
115120	973	10
115120	1095	10
115120	2979	9
115120	202	9
115120	3411	9
115120	4773	10
115150	492	10
115150	227	8
115150	1559	9
115150	2625	10
115150	1816	9
115180	176	10
115180	1117	7
115180	3242	10
115180	642	10
115180	3814	10
115224	1169	10
115224	486	7
115224	2941	10
115224	2516	9
115224	192	6
115224	954	10
115435	1164	10
115435	1166	10
115435	461	9
115435	447	9
115435	457	8
115435	583	10
115435	4869	10
115435	4885	9
115435	3947	10
115435	1425	10
115435	6355	9
115435	5309	10
115435	957	9
115435	2817	10
115435	586	9
115435	2879	10
115435	743	10
115435	777	7
115435	902	10
115435	2193	9
115435	958	8
115435	1773	8
115435	587	9
115435	1899	10
115435	3170	10
115435	1261	8
115435	3074	10
115435	2097	9
115435	960	10
115435	892	10
115435	3985	10
115435	1104	9
115435	3870	9
115435	2396	10
115435	6578	9
115435	379	8
115435	4713	9
115435	246	10
115435	3907	10
115435	2165	10
115435	37	10
115435	2741	9
115435	5364	10
115435	3765	10
115435	3122	9
115435	1127	10
115435	6329	10
115435	805	10
115435	2233	9
115435	875	10
115435	2932	10
115435	1081	10
115435	6484	10
115435	4845	10
115435	5305	10
115435	4087	10
115435	3633	9
115435	1547	10
115435	2463	10
115435	6389	8
115435	4250	9
115435	3658	10
115490	5858	8
115490	6368	8
115490	1094	8
115490	2706	10
115490	6756	9
115490	3374	9
115490	5489	10
115490	617	9
115490	1599	9
115490	4724	10
115490	3634	10
115490	360	9
115490	339	7
115490	5116	10
115490	6328	10
115490	246	9
115490	730	8
115490	1947	9
115490	2833	9
115490	4306	9
115490	5698	10
115490	1781	9
115490	831	7
115490	5230	9
115490	2273	9
115490	5214	10
115490	5224	8
115490	1270	10
115490	2277	9
115490	552	10
115490	1988	9
115490	1323	10
115503	5237	10
115503	1421	9
115503	2034	9
115503	2719	9
115503	3235	9
115503	2035	9
115503	1045	7
115503	5299	9
115537	158	8
115537	292	10
115537	1691	8
115537	6186	10
115537	5593	10
115537	210	10
115537	2266	10
115537	1219	10
115552	3053	10
115552	2063	9
115552	68	9
115552	1261	6
115552	6	7
115552	2341	10
115552	6678	9
115552	2542	8
115552	1803	9
115572	5699	10
115572	693	8
115572	2208	9
115572	600	10
115572	3447	9
115572	2559	10
115572	2561	10
115572	2449	10
115572	2450	10
115572	2451	9
115572	2453	10
115572	3603	10
115572	50	4
115572	5002	9
115572	274	6
115572	537	7
115572	2478	8
115572	397	9
115572	778	9
115572	357	8
115572	471	9
115572	472	7
115572	340	8
115572	341	5
115572	4122	9
115572	3675	10
115572	2293	10
115572	1262	9
115572	81	10
115572	1632	10
115572	657	5
115572	2101	7
115572	6159	9
115572	1740	10
115572	6060	9
115572	1036	10
115572	383	10
115572	480	6
115572	481	9
115572	482	8
115572	6757	10
115572	3492	9
115679	135	9
115679	800	9
115679	3696	9
115679	6079	9
115679	1032	8
115679	578	9
115679	3738	9
115692	487	10
115692	4525	9
115692	2829	7
115692	136	9
115692	1307	9
115692	3805	10
115692	138	10
115692	2925	10
115692	2707	9
115692	1422	10
115692	645	10
115692	2662	9
115692	237	10
115692	1960	9
115692	3060	10
115692	4945	10
115692	3061	10
115692	4162	10
115692	3132	10
115692	2726	7
115692	2334	8
115692	505	9
115692	4612	10
115692	323	8
115692	145	9
115692	127	8
115692	1270	9
115692	6758	9
115692	4193	9
115692	4012	9
115692	3062	9
115692	1543	10
115692	1816	10
115700	292	10
115700	934	7
115700	2836	10
115700	1389	9
115700	6461	10
115700	2646	7
115700	192	5
115700	1084	10
115759	2121	9
115759	6609	10
115759	1568	9
115759	4988	8
115759	5594	10
115833	5177	10
115833	1405	9
115833	469	9
115833	2023	10
115833	787	10
115833	939	9
115874	1014	7
115874	1478	10
115874	88	10
115874	2903	9
115874	3901	10
115874	4463	10
115907	1109	10
115907	3803	9
115907	3384	10
115907	2646	10
115907	312	8
115929	3934	10
115929	3412	10
115929	3079	8
115929	3080	10
115929	5890	9
115929	516	9
115929	2345	9
115929	6628	9
115929	3867	9
115929	3265	10
115953	4735	10
115953	2044	8
115953	319	10
115953	4481	9
115953	1323	8
115953	6617	10
115956	4015	9
115956	3349	10
115956	3743	10
115956	1536	10
115963	3266	10
115963	3321	9
115963	674	10
115963	6759	9
115963	1593	9
115963	6209	9
115971	608	10
115971	2857	9
115971	2858	10
115971	2859	9
115971	3775	8
115971	1321	10
115997	825	10
115997	826	10
115997	5740	10
115997	1349	9
115997	4819	10
115998	6760	10
115998	2707	10
115998	759	9
115998	4114	10
115998	257	9
115998	1693	10
116005	176	9
116005	4592	10
116005	6305	9
116005	901	10
116005	2912	8
116005	3984	10
116005	1237	9
116005	1702	8
116005	4836	8
116005	630	10
116005	6499	10
116005	1803	10
116005	1601	10
116005	1434	9
116005	614	8
116005	3791	10
116005	4067	10
116005	3067	10
116090	1731	9
116090	6742	10
116090	5738	10
116090	971	7
116090	5571	10
116090	160	8
116090	3732	9
116122	6076	10
116122	2051	10
116122	867	9
116122	5348	10
116122	4600	10
116122	474	10
116122	6415	10
116122	3171	10
116122	2471	9
116122	5690	10
116122	5307	10
116123	492	10
116123	2656	10
116123	5574	9
116123	449	10
116123	657	6
116123	481	10
116123	4591	9
116123	1816	9
116183	4986	10
116183	890	8
116183	3913	8
116183	696	8
116183	5901	10
116183	4398	8
116183	4791	10
116183	1103	9
116183	39	10
116183	1082	8
116249	3704	10
116249	981	7
116249	2060	10
116249	991	10
116249	206	8
116301	4822	9
116301	5760	10
116301	1737	10
116301	4787	10
116301	980	10
116301	5474	10
116301	5477	10
116301	72	9
116301	730	7
116301	1256	10
116301	2482	9
116301	1711	10
116313	3696	10
116313	2972	10
116313	127	5
116313	331	9
116395	153	10
116395	1291	9
116395	243	4
116395	3803	9
116395	6674	8
116395	938	9
116395	5580	8
116395	500	9
116395	1212	9
116428	207	8
116428	6302	10
116428	6753	10
116428	165	6
116428	4672	8
116428	6487	10
116428	6318	9
116428	1673	9
116428	5041	10
116433	6149	10
116433	1678	10
116433	2525	9
116433	1015	9
116433	846	10
116521	1630	8
116521	2554	9
116521	2706	6
116521	2605	9
116521	5655	10
116521	3942	10
116521	2856	10
116521	192	6
116521	2267	10
116537	4823	8
116537	5586	8
116537	5083	9
116537	1444	10
116537	4040	10
116537	971	6
116537	6461	9
116537	3360	10
116537	3399	9
116549	3118	9
116549	465	6
116549	5149	9
116549	2228	10
116549	938	9
116549	192	7
116549	107	10
116582	3628	10
116582	5185	9
116582	1411	10
116582	592	7
116582	490	9
116599	6648	10
116599	2474	10
116599	1010	8
116599	6131	10
116599	4078	8
116599	1611	10
116599	5847	10
116599	760	9
116599	5228	9
116599	4323	10
116599	1888	9
116599	605	9
116599	3692	7
116599	48	9
116599	49	10
116758	693	7
116758	5926	9
116758	5042	10
116758	1937	10
116758	879	9
116758	4181	9
116758	50	4
116758	1490	7
116758	5777	10
116758	411	7
116758	1186	8
116758	744	8
116758	1659	8
116758	1190	10
116758	2229	10
116758	1884	8
116758	417	10
116758	1764	8
116758	1205	7
116758	2466	10
116758	592	7
116758	5140	9
116758	6762	9
116758	214	5
116758	4984	10
116758	1397	10
116816	1387	8
116816	2601	10
116816	2662	10
116816	167	10
116816	192	6
116816	5921	9
116866	6066	9
116866	1144	10
116866	4702	10
116866	635	10
116866	3359	10
116866	1207	6
116866	2932	10
116866	2812	9
116866	404	5
116897	1320	10
116897	3235	10
116897	542	10
116897	4246	10
116897	1434	9
116904	1554	9
116904	3498	9
116904	4715	10
116904	124	2
116904	1942	9
116904	4450	9
116904	5263	10
116904	3074	9
116904	3925	10
116904	723	10
116904	604	9
116904	471	9
116904	472	7
116904	473	8
116904	341	8
116904	1691	10
116904	730	9
116904	1569	10
116904	3550	10
116904	480	8
116904	1601	10
116904	2119	10
116904	1911	10
116904	2827	9
116931	3419	10
116931	6042	9
116931	4121	9
116931	981	7
116931	2262	10
116931	2059	9
116931	1488	10
117092	272	10
117092	2332	9
117092	6	6
117092	1538	10
117092	1667	10
117111	411	7
117111	2854	10
117111	684	9
117111	5681	10
117111	1042	8
117111	1186	8
117111	2308	10
117111	1743	8
117111	77	7
117111	414	8
117111	3900	10
117111	144	8
117111	6670	9
117111	4432	10
117111	761	10
117111	886	9
117111	1626	6
117111	4130	10
117111	500	9
117111	490	7
117115	446	8
117115	3116	10
117115	3135	10
117115	1588	10
117115	621	10
117115	2517	10
117132	4969	9
117132	4075	9
117132	3291	10
117132	4019	9
117132	5762	9
117132	5251	10
117132	5609	9
117132	5766	8
117132	2838	9
117132	6049	8
117132	3620	9
117132	3369	10
117132	5453	10
117132	4963	10
117132	543	10
117132	937	10
117132	1780	10
117132	3263	10
117132	2345	10
117132	232	9
117132	4310	10
117132	2042	10
117251	1553	10
117251	3141	9
117251	4858	10
117251	1791	10
117251	486	7
117251	5277	10
117251	3955	9
117251	1820	10
117251	1940	10
117251	901	10
117251	2225	10
117251	6147	10
117251	1512	8
117251	1025	10
117251	1194	9
117251	3924	9
117251	1568	10
117251	6411	9
117251	4711	10
117251	1535	8
117251	3042	9
117251	1986	10
117251	1571	10
117251	5230	10
117251	3899	8
117251	2932	9
117251	1210	9
117251	1788	9
117251	1302	8
117251	3525	7
117251	781	9
117251	1305	9
117251	1367	10
117251	6312	10
117251	978	7
117255	1109	10
117255	5469	10
117255	1365	10
117255	2672	9
117256	3972	10
117256	3060	10
117256	1565	9
117256	4516	9
117256	5937	9
117256	5336	10
117256	106	9
117318	50	4
117318	1196	10
117318	2961	10
117318	2070	7
117318	4023	10
117318	2046	10
117318	613	6
117384	2545	8
117384	3104	9
117384	487	7
117384	6014	10
117384	2803	9
117384	235	7
117384	6007	10
117384	414	8
117384	6763	8
117384	5163	9
117384	714	9
117384	6311	10
117384	5129	10
117384	48	10
117384	49	10
117384	241	9
117384	1602	10
117384	2676	10
117384	3088	9
117384	1603	7
117384	2532	9
117384	2863	9
117384	2865	8
117384	122	10
117384	2827	10
117396	3427	9
117396	6419	7
117396	675	7
117396	4883	9
117396	552	8
117489	5527	10
117489	1001	9
117489	2662	10
117489	540	7
117489	195	9
117539	1872	9
117539	5135	10
117539	459	10
117539	1207	7
117539	614	7
117539	991	10
117539	1289	9
117553	2044	9
117553	185	9
117553	543	10
117553	736	9
117553	2744	10
117557	981	6
117557	4061	9
117557	2707	8
117557	4147	10
117557	6298	10
117577	6438	9
117577	1291	6
117577	2354	10
117577	1190	9
117577	2919	8
117577	2912	8
117577	1249	9
117577	414	7
117577	934	8
117594	1144	8
117594	388	9
117594	1743	8
117594	5596	9
117594	2369	8
117594	831	8
117594	2548	8
117594	832	10
117594	665	7
117594	3207	10
117594	3539	10
117594	427	10
117683	6287	9
117683	6514	9
117683	5741	9
117683	3001	10
117683	4439	10
117700	706	9
117700	586	9
117700	3237	10
117700	5866	10
117700	654	10
117700	3896	9
117700	4651	10
117738	3321	7
117738	1624	10
117738	3743	10
117738	5242	9
117738	1667	10
117873	2218	10
117873	1284	8
117873	696	9
117873	1023	10
117873	61	8
117873	5396	9
117873	1180	10
117873	3949	9
117873	1431	10
117873	5178	10
117873	4071	10
117873	6690	10
117873	6754	10
117873	2252	10
117873	5016	9
117873	451	8
117873	5857	10
117873	3223	10
117873	1954	9
117873	665	7
117873	1227	7
117873	1988	9
117873	953	9
117873	121	9
117925	35	8
117925	2121	10
117925	1926	9
117925	2707	10
117925	1444	8
117925	5362	10
117925	723	10
117925	240	7
117963	4342	9
117963	3266	9
117963	3971	10
117963	6035	9
117963	4345	9
117963	1590	10
117963	5416	10
117963	2757	9
118101	124	1
118101	1293	9
118101	3710	10
118101	2662	8
118101	4119	10
118135	6290	10
118135	4282	9
118135	5564	10
118135	2569	10
118135	3605	10
118135	590	6
118135	2571	9
118135	1435	9
118135	6310	10
118135	3066	10
118228	883	7
118228	176	8
118228	653	9
118228	5016	9
118228	2281	8
118228	614	6
118228	2049	10
118228	314	9
118228	4235	10
118228	1219	7
118228	3539	8
118275	6621	10
118275	6494	9
118275	6764	9
118275	4911	10
118275	5895	9
118275	5376	10
118275	1613	10
118275	4095	10
118275	6583	10
118275	3503	9
118320	4386	8
118320	160	7
118320	3039	9
118320	1264	8
118320	474	10
118320	3586	10
118320	6180	10
118320	804	10
118320	2015	8
118320	41	5
118344	1054	9
118344	1594	10
118344	2295	9
118344	4311	9
118344	1065	9
118414	4164	10
118414	3353	9
118414	2295	10
118414	3551	8
118414	613	8
118422	680	9
118422	3777	9
118422	4421	9
118422	2015	7
118422	426	9
118434	678	10
118434	4231	10
118434	1760	10
118434	18	10
118434	1546	9
118434	501	9
118434	1152	9
118484	6502	10
118484	4953	10
118484	4919	9
118484	1874	9
118484	981	7
118484	6646	10
118484	2848	7
118484	2699	10
118484	1593	9
118484	728	8
118484	1729	9
118484	1448	8
118484	3086	8
118484	2718	9
118489	3667	9
118489	1284	9
118489	1938	8
118489	1331	9
118489	689	10
118489	218	6
118489	2792	10
118489	5321	10
118489	5989	10
118528	809	8
118528	1937	10
118528	431	8
118528	1930	10
118528	3582	10
118528	4197	10
118533	4160	9
118533	176	7
118533	61	8
118533	5781	9
118533	471	9
118533	3400	10
118533	473	8
118533	480	7
118533	6765	10
118533	6124	8
118533	5570	8
118628	3255	8
118628	5701	10
118628	5728	10
118628	1520	10
118628	1977	10
118628	2840	9
118628	3235	10
118628	1045	9
118628	2215	10
118628	2011	9
118628	4800	10
118628	3122	10
118628	5569	10
118628	750	9
118628	1486	9
118628	329	8
118628	1695	9
118628	1768	9
118628	3763	10
118628	5158	10
118654	5845	9
118654	1631	8
118654	784	8
118654	1754	10
118654	20	5
118659	458	9
118659	182	9
118659	124	2
118659	997	9
118677	409	8
118677	3846	10
118677	1190	10
118677	2662	9
118677	17	9
118677	1205	9
118677	191	10
118677	214	9
118677	456	10
118881	883	9
118881	4292	10
118881	4001	9
118881	459	10
118881	1364	8
118955	1115	7
118955	3133	10
118955	2334	9
118955	3500	10
118955	2692	9
118955	6358	9
119027	4993	10
119027	2390	10
119027	1810	10
119027	5640	9
119027	938	9
119027	444	10
119248	2151	9
119248	280	10
119248	5007	8
119248	2177	8
119248	5269	9
119248	5846	10
119248	2861	10
119326	3286	9
119326	5406	10
119326	619	10
119326	1298	10
119326	1781	8
119418	4108	9
119418	3219	10
119418	279	7
119418	2883	9
119418	4227	10
119446	2919	7
119446	367	9
119446	764	9
119446	605	10
119446	2077	9
119446	5115	10
119505	5226	10
119505	6437	10
119505	4592	9
119505	6307	10
119505	1407	8
119505	416	9
119505	6160	9
119505	6453	10
119505	3778	10
119505	4475	10
119505	842	9
119517	6201	10
119517	684	10
119517	1512	9
119517	1943	9
119517	3910	10
119517	2310	9
119517	265	7
119517	1739	9
119517	2350	9
119517	5736	10
119517	4911	10
119517	2144	10
119517	3160	10
119517	1849	9
119575	4952	9
119575	2872	10
119575	1229	10
119575	1294	9
119575	36	9
119575	274	6
119575	397	9
119575	1117	9
119575	4641	9
119575	5480	9
119575	1280	10
119575	6021	8
119575	3270	8
119575	3661	10
119575	2032	10
119575	2919	7
119575	6730	9
119575	2875	8
119575	505	10
119575	1071	8
119575	3354	10
119575	3745	9
119575	3323	8
119575	1855	7
119575	1448	9
119575	3485	9
119575	3487	10
119575	5047	9
119575	1664	10
119575	2071	9
119575	3953	9
119575	6077	10
119575	3660	10
119575	6359	10
119575	1272	10
119575	4686	10
119575	4011	9
119575	665	8
119575	2201	10
119575	2050	9
119575	3129	10
119575	3865	10
119575	4124	9
119575	1849	10
119590	4624	8
119590	557	9
119590	409	6
119590	304	8
119590	124	1
119590	4354	9
119590	1773	6
119590	1032	10
119590	1193	8
119590	417	9
119590	3262	9
119590	1712	10
119590	1601	10
119590	203	9
119590	1212	7
119590	313	8
119590	2406	9
119590	2237	10
119594	1630	8
119594	1021	10
119594	464	10
119594	2401	9
119594	1783	9
119594	412	9
119594	1225	8
119594	2919	7
119594	5665	10
119594	6119	9
119594	6671	9
119594	299	10
119594	4997	10
119631	4577	10
119631	195	8
119631	4528	9
119631	257	9
119631	5725	10
119631	3357	10
119631	3023	10
119654	3989	9
119654	1126	9
119654	3390	10
119654	11	9
119654	375	10
119654	6692	9
119671	3437	9
119671	465	5
119671	5449	9
119671	1078	10
119671	1510	9
119671	1925	10
119671	3505	10
119671	2975	10
119671	2668	9
119671	6766	10
119725	57	10
119725	883	8
119725	2145	10
119725	3089	8
119725	4582	9
119725	1407	8
119725	1158	6
119725	469	9
119725	6767	10
119725	4939	10
119725	3476	9
119725	4601	10
119725	6024	10
119725	5059	9
119725	5645	9
119725	1476	10
119725	1481	10
119725	3970	10
119725	2903	10
119725	5235	10
119725	131	10
119725	2795	9
119725	1413	9
119725	3168	10
119725	5954	9
119725	3779	9
119725	495	8
119725	6768	10
119749	817	10
119749	6769	10
119749	4956	10
119749	48	10
119749	49	10
119806	536	8
119806	644	9
119806	3648	9
119806	3416	9
119806	231	9
119806	326	10
119858	4669	10
119858	471	9
119858	473	7
119858	6770	9
119858	478	10
119858	1066	9
119858	6291	9
119858	482	9
119858	923	9
119858	241	8
119963	487	9
119963	1973	8
119963	259	9
119963	2398	9
119963	715	9
120030	4360	10
120030	3416	10
120030	3325	10
120030	3858	8
120030	3180	10
120080	3017	10
120080	4568	10
120080	6771	10
120080	679	10
120080	6655	10
120080	410	7
120080	386	8
120082	184	10
120082	1045	9
120082	4664	9
120082	440	9
120082	2692	9
120082	614	6
120093	3652	9
120093	2451	9
120093	2453	8
120093	5489	9
120093	5869	10
120093	5501	9
120093	897	10
120093	4595	8
120093	364	10
120093	169	9
120093	327	9
120093	82	10
120093	5929	9
120093	2789	9
120093	3697	10
120093	4017	9
120093	1097	10
120093	4570	10
120093	4560	10
120093	2341	9
120093	6404	10
120093	1633	9
120093	3144	9
120093	5306	9
120093	6208	9
120093	5294	10
120093	6762	9
120093	5416	10
120093	1788	10
120093	6019	9
120137	6481	9
120137	2456	8
120137	583	9
120137	4885	9
120137	6537	9
120137	6717	9
120137	5718	10
120155	981	7
120155	339	7
120155	2576	10
120155	2795	9
120155	434	6
120155	1258	10
120178	4670	9
120178	447	9
120178	1587	8
120178	4720	10
120178	1662	9
120178	4696	10
120178	5985	10
120178	1571	10
120178	1068	8
120178	3657	10
120181	1893	10
120181	6772	10
120181	1901	9
120181	210	8
120332	3619	10
120332	6417	10
120332	451	7
120332	160	8
120332	4333	10
120332	5182	8
120332	3572	10
120332	637	9
120333	3520	8
120333	2920	9
120333	3627	10
120333	4806	8
120333	148	9
120333	3729	9
120345	316	9
120345	2031	10
120345	1498	10
120345	1499	10
120345	2335	9
120345	4511	7
120396	4593	10
120396	4388	9
120396	6720	10
120396	3230	8
120396	3805	9
120396	6773	10
120396	1618	10
120396	1620	9
120396	2481	9
120396	4977	10
120396	2736	10
120396	3289	10
120396	892	9
120396	2080	10
120396	2992	10
120396	2944	10
120396	6047	10
120396	376	8
120396	576	10
120396	3616	10
120396	997	8
120396	3900	10
120396	5937	8
120396	1729	8
120396	3745	9
120396	659	10
120396	5458	9
120396	6482	10
120396	4241	9
120396	6489	10
120396	3370	10
120396	611	9
120396	3639	10
120396	516	10
120396	1730	8
120396	6477	10
120396	5292	10
120396	5337	10
120396	5338	10
120396	681	9
120548	698	10
120548	3083	7
120548	540	8
120548	2611	10
120548	3040	10
120548	635	8
120548	2040	10
120565	4084	9
120565	1622	10
120565	5055	10
120565	3317	10
120565	3161	10
120565	5468	9
120565	364	10
120565	3716	10
120565	3672	7
120565	1671	10
120565	110	9
120598	2031	8
120598	5	9
120598	1181	9
120598	412	10
120598	5319	10
120598	1616	7
120598	3634	9
120598	505	8
120598	4612	9
120598	5112	9
120598	1626	6
120598	1298	9
120598	2820	10
120598	6471	8
120598	5179	8
120598	2398	9
120598	454	10
120598	3222	10
120598	3552	10
120598	4537	9
120598	2174	9
120598	1908	10
120610	6350	10
120610	5309	10
120610	50	4
120610	3318	10
120610	631	10
120610	633	9
120610	4482	10
120610	5976	10
120696	5332	10
120696	3710	10
120696	5304	9
120696	544	10
120696	3744	10
120696	4799	9
120696	2835	10
120696	3729	10
120735	3783	8
120735	1441	7
120735	450	9
120735	1568	9
120735	1738	9
120735	1947	8
120807	1503	8
120807	4926	10
120807	2013	9
120807	255	9
120807	920	8
120807	1066	9
120807	612	10
120828	154	10
120828	3032	10
120828	534	10
120828	4842	10
120828	2318	10
120828	4668	9
120828	5397	9
120828	2684	10
120828	597	7
120828	665	6
120828	3128	9
120828	1398	9
120828	3422	10
120829	2854	10
120829	5099	9
120829	2118	10
120829	2836	9
120829	670	9
120829	5109	10
120829	5010	10
120860	1169	10
120860	2250	9
120860	810	7
120860	340	8
120860	5833	10
120860	1890	8
120860	4103	10
120873	1228	10
120873	411	9
120873	1177	9
120873	1058	6
120873	51	8
120873	4156	9
120873	2046	8
120873	3127	10
120873	665	6
120873	2828	10
120908	581	6
120908	207	8
120908	1253	9
120908	1652	9
120908	3981	10
120908	3120	9
120908	1921	10
120908	4359	10
120908	289	10
120908	290	10
120908	1611	9
120908	2192	9
120908	1517	8
120908	2919	7
120908	2912	8
120908	70	2
120908	1388	9
120908	414	7
120908	3620	9
120908	1626	7
120908	1760	9
120908	590	7
120908	3858	7
120908	1572	8
120908	3424	10
120908	1545	10
120908	665	7
120908	4233	9
120908	232	9
120908	569	9
120908	1289	9
120908	6342	9
120985	5271	9
120985	4061	10
120985	6702	8
120985	1855	9
120985	4155	10
121065	3661	10
121065	6755	10
121065	19	9
121065	5274	10
121083	1328	9
121083	5551	10
121083	2099	10
121083	2303	9
121083	3081	10
121083	5767	8
121083	2280	10
121083	3736	10
121093	457	7
121093	209	9
121093	1773	9
121093	5092	9
121093	664	10
121093	1856	7
121135	3260	9
121135	2661	10
121135	6774	9
121135	2635	9
121135	1006	10
121166	5057	10
121166	6508	10
121166	387	10
121166	2080	8
121166	6775	10
121166	6428	9
121167	1748	10
121167	6579	10
121167	4938	9
121167	5099	10
121167	6776	9
121167	75	10
121167	1263	9
121167	4198	10
121170	1970	9
121170	1019	9
121170	1167	10
121170	925	9
121170	706	10
121170	457	9
121170	862	9
121170	6302	10
121170	6561	10
121170	2776	9
121170	1109	9
121170	465	4
121170	2918	7
121170	336	10
121170	533	7
121170	61	7
121170	3663	10
121170	1293	9
121170	1942	10
121170	3846	8
121170	3091	9
121170	6258	9
121170	1027	7
121170	2479	10
121170	1631	9
121170	3521	10
121170	744	8
121170	4243	10
121170	1660	8
121170	3869	9
121170	1392	8
121170	1261	7
121170	1491	7
121170	4187	9
121170	3887	10
121170	620	9
121170	590	7
121170	2795	9
121170	715	10
121170	832	10
121170	6762	9
121170	2915	10
121170	4223	10
121170	1365	9
121170	2669	10
121170	1302	10
121170	230	10
121170	214	8
121170	665	8
121170	3280	10
121170	4233	10
121170	5300	10
121170	1289	7
121170	6163	9
121170	1467	10
121170	3305	10
121170	6312	9
121170	1991	8
121170	978	10
121170	2991	8
121251	1284	8
121251	4919	8
121251	777	8
121251	3169	10
121251	886	9
121251	477	9
121251	2197	9
121251	1127	10
121251	1128	9
121251	1129	8
121251	6500	10
121264	4841	9
121264	6057	10
121264	1119	10
121264	6473	10
121264	1431	8
121264	634	9
121264	1519	9
121264	885	9
121264	1197	10
121264	4818	9
121264	4305	10
121264	1946	9
121264	1533	9
121264	2884	10
121264	636	9
121264	1301	10
121264	6239	9
121264	4395	10
121264	569	9
121264	2845	9
121264	4473	9
121264	3873	10
121264	4474	9
121264	4477	10
121264	4478	9
121264	6744	10
121405	289	9
121405	367	8
121405	4082	9
121405	764	10
121405	2350	9
121547	465	4
121547	2918	8
121547	6416	9
121547	3949	8
121547	3439	10
121547	1753	8
121547	1814	10
121592	2219	8
121592	2655	10
121592	4487	10
121592	3856	10
121592	2426	10
121592	352	9
121594	4449	8
121594	5395	9
121594	1520	9
121594	540	8
121594	1542	10
121594	5723	9
121594	1039	9
121594	1816	9
121606	4802	9
121606	2183	10
121606	6201	8
121606	2775	10
121606	1895	8
121606	316	10
121606	2031	8
121606	50	4
121606	215	9
121606	1823	10
121606	1586	10
121606	4182	9
121606	4654	9
121606	5368	10
121606	431	8
121606	1749	8
121606	592	7
121606	3421	10
121606	1415	8
121606	214	8
121606	5446	10
121606	6693	10
121606	4099	7
121606	5796	9
121606	6070	10
121606	6696	10
121606	6697	9
121606	5168	10
121620	627	9
121620	1193	7
121620	2035	10
121620	5335	9
121620	6755	8
121620	3533	9
121817	304	10
121817	1055	9
121817	233	10
121817	1179	8
121817	4242	10
121817	1194	10
121817	619	9
121817	77	9
121817	1071	8
121817	590	4
121817	87	9
121817	4023	10
121817	1492	10
121817	592	8
121817	704	9
121986	862	10
121986	3498	10
121986	3068	9
121986	1178	10
121986	165	9
121986	307	10
121986	5908	10
121986	4793	9
121986	2362	9
121986	1670	10
122045	6506	10
122045	1114	10
122045	4842	9
122045	6160	10
122045	1477	10
122045	5235	9
122045	6541	10
122045	3562	10
122045	132	9
122096	2554	10
122096	3543	10
122096	1707	9
122096	1429	9
122096	5577	9
122096	5917	9
122096	5820	10
122096	5190	9
122321	879	10
122321	44	10
122321	45	10
122321	3143	8
122321	6435	9
122321	5155	10
122321	20	6
122386	708	9
122386	73	10
122386	897	10
122386	2965	9
122386	893	10
122386	1617	9
122386	5407	9
122418	803	8
122418	1537	10
122418	6590	10
122418	4598	10
122418	662	10
122418	2376	10
122429	3928	10
122429	5923	10
122429	1805	9
122429	486	5
122429	5208	10
122429	3259	10
122429	1643	10
122429	3308	10
122429	3603	10
122429	409	7
122429	1291	8
122429	1681	9
122429	5469	9
122429	5994	10
122429	1515	8
122429	1898	9
122429	3090	9
122429	3655	10
122429	966	9
122429	2919	6
122429	6114	10
122429	1523	7
122429	3984	9
122429	356	10
122429	451	7
122429	4325	9
122429	983	8
122429	6294	10
122429	544	9
122429	2340	9
122429	201	10
122429	4022	10
122429	5134	9
122429	459	8
122429	3778	10
122429	635	10
122429	4956	10
122429	239	9
122429	1906	9
122429	1212	7
122429	1213	9
122429	2024	9
122429	1856	9
122429	781	7
122429	5107	10
122429	112	10
122429	2958	10
122429	2952	9
122429	5590	10
122429	3657	10
122429	2984	10
122429	953	9
122429	121	9
122429	6016	10
122429	5399	10
122440	883	8
122440	50	6
122440	727	10
122440	1421	9
122440	1743	8
122440	3838	9
122440	997	9
122440	451	6
122440	6670	10
122440	886	9
122440	4677	10
122440	2210	9
122440	3238	10
122440	4569	9
122440	2710	9
122440	474	9
122440	620	8
122440	1759	9
122440	2037	9
122440	5614	10
122440	2983	9
122440	3207	9
122440	3426	10
122506	6066	10
122506	274	5
122506	396	9
122506	6243	10
122506	2361	10
122506	3320	10
122506	4480	9
122506	5786	10
122506	4471	10
122506	620	9
122506	3586	9
122506	2398	9
122506	4170	10
122506	6777	10
122506	1369	9
122542	3904	10
122542	1058	8
122542	2293	9
122542	912	10
122542	435	10
122643	465	6
122643	2918	7
122643	4146	9
122643	4205	9
122643	54	9
122671	3118	8
122671	2016	8
122671	1606	9
122671	2433	8
122671	4119	9
122716	3083	9
122716	4075	10
122716	4077	10
122716	928	10
122716	1527	9
122716	589	8
122716	1639	9
122716	1632	8
122716	1930	10
122716	4989	9
122716	6060	9
122716	1036	9
122716	382	8
122716	1037	9
122716	1038	10
122716	6061	10
122716	5666	9
122716	434	6
122716	192	7
122716	2008	10
122782	428	9
122782	4545	9
122782	1499	10
122782	628	9
122782	2056	9
122782	415	10
122782	6715	9
122782	2421	9
122782	3231	9
122784	5246	9
122784	1250	9
122784	5929	9
122784	4516	10
122784	1625	8
122784	2117	9
122784	5556	10
122793	6778	10
122793	4957	10
122793	753	10
122793	6519	10
122793	4384	10
122793	1172	10
122793	50	4
122793	4766	10
122793	1506	9
122793	1942	9
122793	3304	9
122793	4091	9
122793	2354	10
122793	2193	9
122793	1186	9
122793	1190	10
122793	1194	9
122793	1616	9
122793	1966	10
122793	1689	10
122793	1447	8
122793	3906	10
122793	1691	10
122793	246	8
122793	1568	9
122793	730	7
122793	4501	9
122793	4443	10
122793	5833	10
122793	2901	9
122793	1314	10
122793	1412	10
122793	2331	10
122793	516	10
122793	1889	10
122793	4288	10
122793	6668	10
122793	5019	10
122793	5337	9
122793	4831	9
122793	3588	10
122793	3342	9
122793	3552	10
122793	506	10
122793	2652	9
122793	423	10
122793	1212	9
122793	3798	10
122793	214	8
122793	3303	10
122793	1615	9
122793	1214	10
122793	5157	10
122793	781	7
122793	285	8
122793	6779	8
122793	4685	10
122793	152	8
122793	2870	9
122801	672	10
122801	1731	8
122801	1634	8
122801	1938	9
122801	1428	9
122801	634	9
122801	2504	10
122801	2725	8
122801	658	9
122801	730	10
122801	1141	10
122802	1490	6
122802	1187	9
122802	5989	9
122802	1751	9
122802	425	9
122802	3574	9
122867	5114	9
122867	2002	10
122867	6392	10
122867	6734	9
122867	550	9
122867	953	10
122867	157	6
122867	404	6
122883	616	9
122883	5247	10
122883	566	9
122883	868	9
122883	5782	8
122883	4991	10
122901	2816	10
122901	1510	10
122901	728	10
122901	18	10
122901	6309	9
122958	821	8
122958	4661	10
122958	124	1
122958	540	7
122958	2288	9
122958	1928	10
122958	473	9
122958	5739	9
122958	597	8
122958	285	8
122958	1789	9
123056	1630	9
123056	6780	10
123056	5042	10
123056	5218	9
123056	6516	9
123056	3375	9
123056	2975	10
123056	1197	10
123056	4326	10
123056	960	9
123056	1382	9
123056	971	7
123056	3378	10
123056	1594	9
123056	948	10
123056	3549	10
123056	749	10
123056	2418	10
123056	3778	9
123056	4369	10
123056	887	10
123056	6731	9
123056	5167	10
123056	52	9
123056	1667	10
123056	6332	10
123056	285	6
123056	6781	10
123056	1907	9
123056	3470	10
123056	4795	10
123066	5435	8
123066	3845	10
123066	1610	10
123066	4755	9
123066	6125	10
123066	2491	10
123094	6218	10
123094	649	9
123094	6076	10
123094	1009	10
123094	3761	10
123094	6107	9
123094	6108	10
123094	6433	10
123094	503	8
123094	274	6
123094	1115	7
123094	1117	10
123094	5653	9
123094	3847	9
123094	2601	10
123094	617	10
123094	67	10
123094	644	10
123094	2291	10
123094	1632	8
123094	3662	9
123094	4769	9
123094	2821	8
123094	1812	10
123094	2626	10
123094	6755	10
123094	4073	9
123094	5959	9
123094	4837	10
123094	965	9
123094	112	10
123094	5176	10
123094	186	10
123094	889	8
123094	2236	9
123095	458	10
123095	2918	7
123095	4182	8
123095	1179	6
123095	1559	8
123095	4285	9
123095	634	8
123095	1058	7
123095	4691	9
123095	1195	10
123095	358	9
123095	3183	9
123095	3735	9
123095	546	10
123095	3906	10
123095	1626	8
123095	657	5
123095	3394	10
123095	1533	8
123095	2418	9
123095	1265	10
123095	2947	10
123095	419	9
123095	4028	8
123095	6668	9
123095	3056	10
123095	4101	7
123095	2093	10
123095	1304	10
123095	1602	8
123095	1603	9
123095	2532	10
123095	2863	7
123095	2864	10
123095	1074	10
123095	2679	10
123095	5595	9
123095	2144	10
123095	5405	10
123095	978	9
123095	2827	9
123095	427	10
123115	4622	10
123115	379	8
123115	1855	8
123115	367	9
123115	314	10
123143	4659	10
123143	533	7
123143	70	2
123143	3989	10
123143	3718	9
123143	88	8
123143	3894	9
123154	2651	9
123154	169	6
123154	6635	9
123154	2510	10
123154	6234	10
123154	1751	9
123154	1075	10
123160	1269	8
123160	2070	9
123160	1105	10
123160	2198	10
123160	1891	10
123160	152	7
123203	411	8
123203	319	9
123203	2035	10
123203	3581	7
123203	2769	10
123203	4749	10
123203	6136	9
123203	944	9
123215	1634	8
123215	4230	10
123215	1405	8
123215	3410	9
123215	4861	10
123215	5704	10
123215	1983	10
123215	4306	10
123215	527	9
123215	853	9
123228	3785	10
123228	25	10
123228	3648	9
123228	2832	10
123228	1692	9
123228	4013	10
123257	273	9
123257	5671	9
123257	2494	9
123257	407	7
123257	5462	10
123257	6230	9
123257	3830	9
123257	2502	9
123257	4188	9
123257	471	6
123257	473	9
123257	341	6
123257	3457	10
123257	3378	9
123257	1105	10
123257	983	8
123257	4989	10
123257	6547	10
123257	1385	8
123257	4747	9
123257	5384	9
123257	597	8
123257	2107	9
123257	2109	9
123257	2275	10
123257	4551	9
123257	2110	10
123257	1270	9
123257	1271	8
123257	2112	9
123257	2113	9
123257	2116	9
123257	192	5
123298	533	7
123298	653	8
123298	4325	8
123298	477	10
123298	977	10
123298	232	9
123430	2846	8
123430	4970	10
123430	70	3
123430	997	10
123430	2064	9
123430	452	9
123430	3502	10
123430	1065	9
123430	4081	9
123430	3751	10
123430	6596	9
123430	6381	10
123430	6625	10
123433	4470	8
123433	5248	8
123433	6415	10
123433	3171	9
123433	1258	10
123460	5746	9
123460	61	7
123460	274	8
123460	1707	9
123460	720	9
123460	6691	8
123460	3700	9
123460	3984	9
123460	3236	9
123460	169	6
123460	1743	7
123460	1124	9
123460	6782	10
123460	4528	10
123460	3361	7
123460	1548	9
123460	5464	9
123468	581	6
123468	486	6
123468	1228	9
123468	4005	8
123468	5091	9
123468	5792	10
123510	2878	9
123510	3049	8
123510	1444	9
123510	3545	9
123510	5076	9
123510	3060	9
123510	1758	9
123510	4198	10
123510	4528	9
123510	3662	9
123510	606	10
123510	127	7
123510	3790	10
123515	486	8
123515	1636	8
123515	1328	8
123515	27	10
123515	4980	10
123515	4443	10
123515	267	6
123515	1602	8
123515	6130	10
123543	450	8
123543	1382	9
123543	3085	10
123543	2064	7
123543	2026	7
123543	4664	10
123543	3302	10
123543	3076	9
123543	2578	9
123543	1048	8
123543	1106	8
123544	2409	10
123544	865	8
123544	1115	9
123544	800	8
123544	5	10
123544	981	7
123544	2063	7
123544	1407	8
123544	3310	9
123544	971	8
123544	169	9
123544	6	10
123544	1702	10
123544	730	10
123544	1240	9
123544	870	10
123544	2634	9
123544	1264	10
123544	4570	9
123544	3973	9
123544	418	9
123544	5786	8
123544	4471	9
123544	2215	9
123544	1759	10
123544	2955	9
123544	4561	9
123544	2956	9
123544	4562	9
123544	2957	8
123544	3975	10
123544	477	10
123544	478	9
123544	6622	9
123544	6783	10
123544	4643	10
123544	4644	10
123544	1411	9
123544	4645	10
123544	907	9
123544	3550	7
123544	624	9
123544	1572	10
123544	1356	9
123544	10	10
123597	3458	9
123597	622	9
123597	2404	10
123597	1574	9
123597	4065	10
123608	627	10
123608	243	5
123608	471	10
123608	1686	9
123608	2755	9
123608	5160	9
123608	6663	10
123608	657	6
123608	480	9
123608	1487	10
123608	421	7
123608	1891	10
123608	4199	10
123608	858	10
123625	2181	10
123625	5957	10
123625	385	8
123625	4977	10
123625	896	9
123625	3616	10
123625	3135	9
123625	5269	10
123625	5381	10
123649	3713	9
123649	1253	7
123649	410	8
123649	1681	8
123649	6492	10
123649	3726	9
123649	376	9
123649	3353	10
123649	5034	10
123649	6784	10
123649	213	9
123676	3587	8
123676	1812	8
123676	3078	10
123676	3631	10
123676	1990	10
123724	3910	9
123724	4836	10
123724	2630	9
123724	20	7
123732	304	10
123732	1023	10
123732	3580	10
123732	416	9
123732	5255	10
123744	5543	10
123744	3213	10
123744	4219	10
123744	339	8
123744	1226	10
123744	3290	8
123744	3176	8
123744	1451	8
123744	91	10
123744	93	10
123744	1162	9
123744	3893	10
123744	1539	9
123744	2110	9
123744	6785	10
123744	5523	9
123744	568	9
123744	5524	8
123744	4647	10
123744	5674	9
123744	1602	9
123744	133	10
123790	6385	10
123790	509	10
123790	862	7
123790	2919	6
123790	2163	10
123790	675	8
123790	4619	10
123790	592	8
123790	552	8
123790	781	8
123790	782	8
123790	5273	10
123790	2007	9
123790	2867	10
123801	1573	10
123801	4103	10
123801	1397	8
123801	1816	7
123825	4449	9
123825	6382	9
123825	5079	10
123825	727	9
123825	3178	10
123825	1897	8
123825	708	8
123825	3452	9
123825	1261	8
123825	4791	10
123825	2080	7
123825	2329	9
123825	5799	9
123825	4164	10
123825	292	9
123825	1851	7
123825	1686	9
123825	6670	10
123825	2064	8
123825	4596	9
123825	4051	9
123825	2609	9
123825	2117	9
123825	6649	10
123825	6540	10
123825	2850	10
123825	1352	10
123825	4201	10
123825	5250	9
123825	3221	10
123825	1411	9
123825	5650	9
123825	41	7
123825	3998	8
123825	1803	9
123825	2413	10
123825	4064	10
123867	315	10
123867	183	6
123867	1094	9
123867	777	7
123867	3049	8
123867	3564	9
123867	759	10
123867	2877	10
123867	2037	8
123867	174	9
123867	1964	8
123867	267	9
123867	3158	10
123867	1617	9
123867	1924	10
123867	4949	9
123867	326	9
123867	2923	10
123981	6502	8
123981	2222	10
123981	3083	8
123981	6315	9
123981	61	7
123981	4298	10
123981	3212	7
123981	5800	9
123981	2147	9
123981	1094	8
123981	5063	9
123981	2044	9
123981	1659	9
123981	1441	10
123981	1858	9
123981	1660	10
123981	3349	8
123981	3564	9
123981	3320	9
123981	1296	10
123981	3213	10
123981	6740	10
123981	2604	9
123981	2848	9
123981	1445	9
123981	450	8
123981	4219	10
123981	6419	10
123981	4258	10
123981	6221	10
123981	77	9
123981	1470	9
123981	762	10
123981	1632	10
123981	3364	10
123981	3789	10
123981	5112	8
123981	3745	10
123981	1608	10
123981	381	9
123981	6132	9
123981	6786	10
123981	5047	10
123981	1264	10
123981	4471	9
123981	2692	9
123981	1242	7
123981	1589	9
123981	2956	10
123981	4562	10
123981	3975	10
123981	2856	10
123981	1047	10
123981	264	9
123981	5798	10
123981	5996	8
123981	281	10
123981	2053	10
123981	3436	9
123981	4925	10
123981	611	8
123981	6373	10
123981	198	10
123981	2272	10
123981	661	10
123981	4143	8
123981	1049	9
123981	5883	10
123981	2173	9
123981	506	9
123981	149	10
123981	6252	10
123981	5797	10
123981	2158	8
123988	4823	9
123988	301	9
123988	1330	10
123988	1186	9
123988	1245	10
123988	1103	7
123988	6525	8
123988	1363	9
123988	4223	10
123988	941	10
123988	5165	9
124048	6589	9
124048	5212	10
124048	6	8
124048	379	8
124048	1855	7
124048	2870	10
124048	4575	10
124066	1620	9
124066	2070	8
124066	4022	10
124066	3086	10
124066	1914	10
124066	2305	10
124066	614	7
124066	6628	9
124066	3866	10
124078	6600	9
124078	3602	10
124078	6561	9
124078	2384	10
124078	6281	10
124078	865	9
124078	274	5
124078	397	7
124078	6787	8
124078	3904	10
124078	4991	7
124078	4641	9
124078	1089	10
124078	469	9
124078	668	9
124078	3742	9
124078	5785	8
124078	3897	10
124078	4571	9
124078	434	6
124078	96	9
124078	2797	9
124078	3387	9
124078	6249	9
124078	1436	10
124078	4909	9
124078	924	10
124078	2524	10
124078	3388	10
124078	3389	10
124078	4322	9
124078	4849	8
124078	6617	9
124078	3382	10
124078	851	9
124078	3383	9
124078	852	9
124078	20	5
124078	6085	10
124079	158	9
124079	1122	9
124079	72	7
124079	4630	10
124079	6333	10
124079	5615	9
124079	41	6
124079	6684	10
124079	20	5
124079	6262	9
124175	50	5
124175	6297	9
124175	1193	7
124175	938	9
124175	52	10
124175	592	8
124175	5440	10
124207	1441	9
124207	3351	8
124207	1002	10
124207	1045	9
124207	2233	9
124259	639	10
124259	1429	10
124259	3564	10
124259	1268	7
124259	378	9
124259	4198	8
124259	1565	10
124259	6215	9
124259	3177	6
124259	4167	9
124259	1836	9
124259	1211	10
124298	1490	8
124298	411	9
124298	6425	9
124298	235	7
124298	160	7
124298	51	7
124298	1066	9
124298	2407	9
124298	3442	10
124298	3071	9
124298	781	5
124298	2983	9
124298	1074	8
124298	3589	10
124298	1816	9
124310	4622	9
124310	3758	9
124310	395	10
124310	1660	8
124310	2919	7
124310	5016	9
124310	729	10
124310	178	10
124310	1829	10
124310	439	10
124310	4044	10
124310	4830	10
124310	445	9
124310	1006	9
124310	4314	10
124310	4755	9
124310	3800	10
124310	1362	10
124310	6755	10
124310	4623	9
124310	1322	10
124310	1576	10
124310	4440	10
124310	6716	10
124322	1108	10
124322	1103	10
124322	3467	10
124322	4819	9
124322	6284	10
124363	6302	9
124363	2494	7
124363	649	9
124363	2409	10
124363	465	6
124363	3982	9
124363	5821	10
124363	3049	9
124363	3213	9
124363	4051	7
124363	172	10
124363	2955	9
124363	1710	10
124363	6678	10
124363	433	10
124363	517	9
124363	1964	9
124363	3862	10
124363	2108	10
124363	4895	10
124363	4489	10
124363	97	9
124363	4909	9
124363	5008	10
124474	2690	9
124474	2035	10
124474	895	9
124474	4211	10
124474	4310	10
124474	3088	9
124474	1603	8
124474	2168	8
124474	1908	10
124487	4993	9
124487	2320	10
124487	5706	10
124487	6788	9
124487	6045	10
124487	1057	10
124487	3766	9
124487	1807	10
124487	3058	10
124487	4958	9
124487	6542	8
124487	3350	9
124487	5205	8
124487	5551	10
124487	3183	10
124487	3570	8
124487	5968	9
124487	450	9
124487	2720	10
124487	6047	10
124487	377	9
124487	641	9
124487	4228	10
124487	2788	9
124487	589	9
124487	3154	9
124487	576	10
124487	619	8
124487	6074	8
124487	6048	10
124487	414	6
124487	997	7
124487	2070	7
124487	4515	10
124487	794	9
124487	279	7
124487	936	9
124487	1729	8
124487	380	9
124487	1796	9
124487	2898	10
124487	179	9
124487	3748	10
124487	4714	10
124487	4903	10
124487	3324	9
124487	3416	10
124487	3325	9
124487	3858	9
124487	4369	10
124487	3258	9
124487	5736	10
124487	174	8
124487	3279	10
124487	197	8
124487	3665	9
124487	4143	10
124487	6207	9
124487	4567	10
124487	202	9
124487	4534	9
124488	1994	10
124488	294	9
124488	1883	9
124488	936	10
124488	4664	10
124597	208	10
124597	6245	10
124597	1010	10
124597	922	10
124597	274	5
124597	4579	9
124597	2385	10
124597	355	9
124597	981	7
124597	2737	9
124597	5534	10
124597	6730	10
124597	341	8
124597	1269	8
124597	3009	10
124597	4287	10
124597	1265	9
124597	4507	8
124597	281	10
124597	3179	9
124597	41	7
124597	1705	10
124597	2652	9
124597	1434	9
124597	19	8
124597	352	9
124597	1789	9
124597	3101	10
124597	10	9
124597	5176	10
124688	4419	10
124688	6391	9
124688	2181	10
124688	6630	10
124688	6355	10
124688	4463	10
124688	6043	9
124688	4293	9
124688	6616	10
124688	4466	10
124720	4583	10
124720	1056	9
124720	2327	10
124720	644	9
124720	70	3
124720	1061	8
124720	6334	10
124720	1542	10
124720	3038	10
124732	883	8
124732	1284	10
124732	1177	9
124732	1916	9
124732	449	9
124747	1164	9
124747	3913	10
124747	627	9
124747	124	2
124747	684	10
124747	1198	8
124747	6789	10
124747	2518	10
124747	4247	10
124769	1708	9
124769	1774	10
124769	2795	9
124769	175	10
124769	4235	10
124852	411	9
124852	5371	8
124852	541	10
124852	1415	9
124874	35	9
124874	693	8
124874	807	10
124874	3520	8
124874	458	10
124874	50	6
124874	533	7
124874	1941	8
124874	1942	10
124874	1011	10
124874	3092	9
124874	684	9
124874	1773	8
124874	2386	10
124874	469	8
124874	235	5
124874	3518	8
124874	1901	10
124874	2951	10
124874	238	10
124874	591	10
124874	350	10
124874	1571	9
124874	1492	9
124874	592	7
124874	4199	9
124874	613	7
124874	4348	10
124874	2437	10
124874	685	8
124876	5699	10
124876	565	9
124876	6121	10
124876	463	9
124876	3632	10
124876	1119	9
124876	2496	8
124876	2248	10
124876	3971	8
124876	469	7
124876	1473	9
124876	1343	8
124876	471	8
124876	472	8
124876	473	9
124876	5116	10
124876	6328	9
124876	2292	10
124876	2124	8
124876	4389	10
124876	2125	9
124876	4390	10
124876	2126	9
124876	3832	10
124876	1345	8
124876	1346	10
124876	6790	10
124876	6166	10
124876	1160	10
124876	1377	9
124876	5403	10
124876	6528	8
124876	2857	9
124876	2072	8
124876	725	9
124876	2858	10
124876	2859	8
124876	2130	9
124876	2131	10
124876	6077	10
124876	480	7
124876	3775	8
124876	3464	9
124876	482	9
124876	2440	9
124876	2441	10
124876	4052	10
124876	5434	9
124876	5306	10
124876	483	10
124876	2437	10
124876	1456	10
124876	3333	10
124876	2135	9
124876	5601	9
124888	981	8
124888	6756	10
124888	4471	10
124888	814	10
124888	1435	10
124915	35	9
124915	692	8
124915	581	4
124915	458	9
124915	2919	7
124915	1070	10
124915	41	7
124915	1212	10
124915	5568	10
124942	2034	10
124942	3570	10
124942	1045	10
124942	1268	8
124942	170	6
124942	3743	10
124942	2607	9
124942	3085	10
124942	4453	9
124942	3355	8
124942	3548	9
124942	3643	9
124942	5554	9
124942	5555	9
124942	3216	9
124942	6596	10
124942	4192	10
124942	298	8
124983	2465	8
124983	581	6
124983	1291	6
124983	411	9
124983	3545	9
124983	6093	9
124983	759	10
124983	4850	10
124983	1238	10
124983	4807	9
124983	445	9
124983	2108	10
124983	909	10
124983	3280	7
124983	2677	10
124983	4197	10
124989	5208	9
124989	1921	9
124989	5889	8
124989	5999	10
124989	289	9
124989	6791	9
124989	5343	10
124989	1042	9
124989	4958	10
124989	30	9
124989	5345	10
124989	1047	10
124989	3416	8
124989	3858	8
124989	367	7
124989	1739	10
124989	764	9
124989	225	9
124989	5944	10
124989	3750	9
124989	4911	10
124989	6711	9
124993	6726	10
124993	4631	10
124993	4059	9
124993	4632	8
124993	4368	10
125031	35	10
125031	4351	10
125031	2655	9
125031	409	7
125031	227	7
125031	1651	10
125031	1055	8
125031	1438	9
125031	651	8
125031	3291	9
125031	634	9
125031	3454	10
125031	1526	9
125031	6667	10
125031	729	9
125031	1567	9
125031	1884	10
125031	5583	10
125031	1615	10
125031	4459	10
125031	1398	9
125031	5607	10
125031	404	8
125031	5330	10
125031	270	10
125039	457	6
125039	5130	10
125039	4859	10
125039	1156	8
125039	1895	10
125039	572	10
125039	6792	10
125039	2879	10
125039	1267	10
125039	1158	9
125039	66	10
125039	1239	10
125039	2505	10
125039	5243	9
125039	2294	10
125039	2950	9
125039	3055	10
125039	544	10
125039	660	10
125039	825	10
125039	630	9
125039	4989	9
125039	5034	9
125039	382	10
125039	6061	9
125039	3550	9
125039	6654	9
125039	6643	10
125039	3172	10
125039	1385	10
125039	5520	9
125039	1386	10
125039	192	7
125039	4864	9
125039	522	10
125039	523	10
125039	524	9
125039	103	8
125039	6161	8
125039	4315	10
125060	243	6
125060	1135	10
125060	1559	8
125060	1561	10
125060	2230	9
125060	1071	8
125060	543	9
125060	545	9
125060	2407	8
125060	231	10
125060	2200	10
125063	6382	10
125063	4284	10
125063	3972	10
125063	4258	9
125063	5132	9
125063	1743	8
125063	1593	9
125063	2019	9
125063	3565	9
125063	5535	10
125063	5754	10
125063	4328	10
125063	4656	10
125063	2857	9
125063	3175	9
125063	6254	9
125063	4519	9
125133	4033	10
125133	381	8
125133	3290	9
125133	2427	10
125133	5676	8
125171	675	8
125171	4051	8
125171	456	8
125171	152	8
125171	1579	8
125203	5139	10
125203	3105	10
125203	1253	8
125203	3946	8
125203	533	9
125203	2225	10
125203	1158	8
125203	6443	10
125203	6037	10
125203	4141	10
125203	3462	9
125203	4989	10
125203	1036	10
125203	5034	10
125203	382	10
125203	383	10
125203	6061	9
125203	6351	9
125203	3048	10
125203	2749	8
125203	1217	9
125203	682	9
125216	1330	9
125216	1631	7
125216	931	10
125216	2303	9
125216	2913	10
125216	1071	7
125216	3556	10
125216	670	10
125217	5177	10
125217	1111	10
125217	1112	10
125217	1113	10
125217	2140	10
125217	5937	9
125217	1617	8
125287	486	7
125287	3520	10
125287	61	8
125287	1177	8
125287	5889	10
125287	744	9
125287	1774	10
125287	4978	9
125287	5299	10
125287	4695	9
125287	2759	9
125287	1626	6
125287	3685	10
125287	6707	9
125396	5130	10
125396	2546	10
125396	2634	9
125396	478	8
125396	3640	10
125411	581	3
125411	1898	8
125411	903	8
125411	4187	9
125411	918	9
125411	1201	8
125411	906	8
125411	1205	7
125411	6073	9
125411	1571	10
125411	1753	8
125411	5628	10
125411	54	8
125411	2469	10
125514	1284	7
125514	809	7
125514	1338	10
125514	604	8
125514	1663	10
125514	6793	10
125514	2319	9
125514	665	7
125519	5161	10
125519	3651	10
125519	3141	10
125519	5620	9
125519	531	10
125519	532	9
125519	136	8
125519	1229	9
125519	5800	10
125519	3074	7
125519	2662	10
125519	2328	9
125519	2690	9
125519	971	7
125519	1268	7
125519	170	8
125519	5406	10
125519	6	5
125519	77	9
125519	195	7
125519	997	7
125519	451	7
125519	2064	10
125519	1447	8
125519	3093	9
125519	16	10
125519	3745	10
125519	379	8
125519	442	9
125519	439	10
125519	4542	9
125519	3358	9
125519	4334	10
125519	4903	10
125519	6073	9
125519	2832	10
125519	1781	9
125519	5065	9
125519	3816	9
125519	3056	9
125519	1048	9
125519	3674	9
125519	5537	10
125519	662	10
125519	2665	9
125519	2347	9
125519	3328	10
125519	1360	9
125519	4169	10
125519	4521	9
125519	1251	10
125519	6501	10
125519	2890	10
125519	2810	10
125519	2236	10
125519	456	9
125519	2799	9
125519	2749	9
125519	490	10
125519	4107	10
125538	1185	9
125538	2926	10
125538	4496	10
125538	2387	10
125538	1527	9
125538	589	9
125538	327	10
125538	1639	10
125538	3588	9
125538	212	10
125538	4763	8
125692	384	8
125692	1253	9
125692	4742	9
125692	2919	7
125692	6794	10
125692	1102	10
125692	3133	8
125692	2875	10
125692	1616	9
125692	4007	9
125692	2176	10
125692	279	9
125692	258	9
125692	1389	10
125692	4532	9
125692	2368	10
125692	3644	9
125692	6789	10
125692	6275	10
125692	3328	9
125692	552	9
125692	665	9
125692	991	9
125692	3866	10
125692	6259	10
125692	6016	9
125701	710	9
125701	4007	8
125701	5625	10
125701	3397	10
125701	2666	10
125701	2667	10
125736	1167	9
125736	1022	9
125736	5777	9
125736	6442	10
125736	668	9
125736	2919	4
125736	2912	8
125736	4187	8
125736	1393	10
125736	934	7
125736	1347	10
125736	282	9
125779	288	10
125779	1683	10
125779	5317	10
125779	3585	10
125779	4958	10
125779	4433	9
125779	1885	9
125779	5229	10
125779	4407	10
125779	226	10
125779	5451	10
125779	5426	10
125779	2491	10
125808	581	7
125808	6483	9
125808	1504	10
125808	1569	9
125808	6242	10
125878	809	7
125878	634	10
125878	440	9
125878	665	7
125878	1790	10
125878	4576	10
125892	4786	10
125892	573	9
125892	3604	9
125892	1407	9
125892	2411	9
125892	934	7
125892	5593	9
125892	784	9
125928	2169	10
125928	957	9
125928	1180	10
125928	2068	8
125928	4675	10
125928	2692	9
125928	4023	9
125928	949	9
125928	2822	9
125928	2795	10
125928	1207	7
125928	1573	10
125928	614	8
125928	1765	9
125928	285	9
126053	3928	9
126053	124	2
126053	533	6
126053	3727	10
126053	4025	10
126053	597	10
126072	1293	10
126072	1003	8
126072	151	9
126072	6354	10
126072	2469	9
126149	5920	9
126149	3913	9
126149	1333	10
126149	587	8
126149	3656	9
126149	930	10
126149	1981	10
126149	4096	10
126149	974	9
126149	5950	9
126149	6159	9
126149	2821	9
126149	5195	10
126149	1322	10
126196	405	9
126196	5503	9
126196	1501	10
126196	1502	9
126196	437	10
126196	2918	9
126196	2189	9
126196	4690	9
126196	1058	7
126196	1459	10
126196	1618	10
126196	1619	8
126196	1620	9
126196	165	8
126196	4003	10
126196	3170	8
126196	1062	10
126196	6063	9
126196	451	8
126196	1885	9
126196	659	10
126196	2117	9
126196	5134	9
126196	1755	10
126196	3860	9
126196	6359	9
126196	3023	9
126196	3052	10
126196	3665	8
126196	4807	9
126196	1889	8
126196	5583	10
126196	445	10
126196	3751	9
126196	2407	7
126196	4095	9
126196	738	10
126196	2413	10
126196	3297	10
126196	214	8
126196	1303	9
126196	3303	8
126196	2143	10
126196	6595	8
126196	1322	9
126196	4196	10
126196	3818	8
126196	2093	9
126196	404	7
126196	6628	10
126196	4637	10
126196	5026	9
126196	270	10
126196	3160	10
126232	6230	10
126232	6231	10
126232	2079	9
126232	1603	8
126232	2168	10
126240	2408	9
126240	1428	8
126240	1874	10
126240	708	8
126240	929	10
126240	691	8
126240	5505	9
126240	4443	10
126240	1854	9
126240	636	10
126240	952	10
126240	4250	8
126296	5052	9
126296	3913	9
126296	678	10
126296	5642	9
126296	809	7
126296	1114	8
126296	124	1
126296	36	8
126296	4061	9
126296	3512	10
126296	1808	9
126296	1898	10
126296	691	8
126296	4651	10
126296	6796	10
126296	1446	10
126296	1064	10
126296	451	6
126296	4325	10
126296	2026	9
126296	440	10
126296	90	8
126296	4423	9
126296	3345	10
126296	716	8
126296	665	6
126296	460	9
126296	2050	7
126298	5549	10
126298	124	3
126298	1809	10
126298	5334	9
126298	6206	9
126388	1284	7
126388	3083	8
126388	5002	9
126388	183	8
126388	3064	8
126388	537	9
126388	2478	9
126388	5	10
126388	981	8
126388	776	8
126388	1707	9
126388	1182	10
126388	320	7
126388	3711	8
126388	4110	9
126388	2079	10
126388	340	8
126388	1104	7
126388	4768	9
126388	1264	10
126388	4471	9
126388	1529	9
126388	3718	10
126388	329	8
126388	3756	10
126388	326	10
126388	2362	9
126388	784	8
126388	1000	9
126388	2534	10
126388	2535	9
126388	2536	8
126395	486	5
126395	465	4
126395	1636	9
126395	1328	9
126395	1821	9
126395	1329	8
126395	394	9
126395	3153	10
126395	4007	9
126395	328	10
126395	6797	10
126395	2697	10
126395	3287	10
126487	2145	9
126487	4253	10
126487	4709	9
126487	1617	9
126487	2860	10
126492	581	5
126492	1166	9
126492	3334	10
126492	6032	10
126492	643	7
126492	1156	7
126492	2682	10
126492	3188	10
126492	914	9
126492	5647	8
126492	1472	8
126492	3083	7
126492	503	10
126492	274	6
126492	1115	9
126492	1094	7
126492	742	7
126492	1117	8
126492	2705	10
126492	164	8
126492	4284	10
126492	1118	9
126492	3348	9
126492	1280	8
126492	3269	8
126492	3049	9
126492	1598	9
126492	2249	10
126492	3971	10
126492	1444	9
126492	67	9
126492	644	10
126492	3194	10
126492	2662	9
126492	140	9
126492	141	8
126492	1309	8
126492	5016	8
126492	72	6
126492	3133	10
126492	1104	8
126492	971	7
126492	169	8
126492	1268	9
126492	170	6
126492	1269	8
126492	675	8
126492	2070	9
126492	1855	9
126492	870	9
126492	6786	10
126492	2836	7
126492	2211	9
126492	2634	10
126492	2710	9
126492	3039	10
126492	1264	9
126492	4570	9
126492	4571	8
126492	474	8
126492	1612	9
126492	620	9
126492	1759	10
126492	2692	9
126492	1853	8
126492	6512	9
126492	368	9
126492	6515	10
126492	2795	9
126492	1450	9
126492	4241	9
126492	4179	9
126492	6489	9
126492	4954	10
126492	4052	10
126492	3752	9
126492	3979	9
126492	1800	10
126492	3198	10
126492	3397	8
126492	2040	10
126492	41	7
126492	2516	7
126492	715	10
126492	3144	9
126492	2233	8
126492	5789	9
126492	3210	10
126492	1358	9
126492	2382	8
126492	6758	9
126492	1641	8
126492	1471	9
126492	798	10
126492	2579	8
126492	3078	7
126492	1543	10
126492	19	9
126492	6539	10
126492	5601	9
126585	581	5
126585	3570	8
126585	4111	9
126585	6670	10
126585	1449	10
126585	6798	10
126585	1804	9
126585	1152	10
126604	6799	9
126604	35	10
126604	883	8
126604	1019	10
126604	5708	9
126604	2581	10
126604	1284	7
126604	1326	9
126604	1156	8
126604	407	9
126604	1144	10
126604	50	5
126604	1490	7
126604	1224	9
126604	5816	10
126604	1405	9
126604	2415	10
126604	6457	10
126604	2318	10
126604	3984	10
126604	4713	10
126604	488	9
126604	938	8
126604	1528	9
126604	3365	9
126604	4873	10
126604	6025	9
126604	1767	10
126604	4749	9
126604	2933	9
126604	1415	9
126604	192	6
126604	637	9
126604	1396	10
126604	6252	10
126604	4405	10
126604	6284	10
126693	693	7
126693	176	10
126693	3519	10
126693	1330	9
126693	601	10
126693	1921	10
126693	5356	10
126693	757	10
126693	2122	10
126693	1032	10
126693	1261	7
126693	5389	10
126693	3320	10
126693	4219	10
126693	4695	9
126693	160	7
126693	1071	9
126693	590	6
126693	5759	10
126693	1099	8
126693	2369	10
126693	1633	8
126693	3816	7
126693	1803	9
126693	5051	9
126693	20	7
126693	6479	9
126693	5053	9
126697	338	8
126697	3596	9
126697	5894	10
126697	3284	10
126697	1781	8
126697	434	7
126697	6125	10
126697	1602	7
126697	1603	7
126726	1285	10
126726	3590	9
126726	1094	10
126726	1058	8
126726	449	9
126726	359	10
126726	4499	10
126726	1632	7
126726	2765	9
126726	2257	9
126726	4156	10
126726	3361	9
126726	2523	9
126736	3929	9
126736	1720	9
126736	6285	8
126736	652	10
126736	1057	9
126736	2063	9
126736	4284	10
126736	3710	9
126736	3235	8
126736	4945	10
126736	896	8
126736	2848	8
126736	1382	7
126736	338	7
126736	1268	6
126736	6	6
126736	1743	8
126736	6800	10
126736	1447	8
126736	4051	9
126736	3565	10
126736	2216	9
126736	6089	10
126736	5759	10
126736	6801	9
126736	2084	9
126736	3180	9
126736	611	7
126736	5267	10
126736	434	5
126736	661	9
126736	5338	10
126736	2346	7
126736	2712	10
126736	2519	10
126736	5300	9
126736	6124	9
126736	2158	7
126803	3723	10
126803	3774	10
126803	6567	9
126803	2420	10
126803	4028	10
126803	3022	9
126810	648	10
126810	243	7
126810	6748	10
126810	2944	8
126810	5069	10
126810	4744	10
126810	4923	8
126810	2357	9
126810	3944	10
126810	351	9
126810	455	9
126812	755	10
126812	6627	10
126812	414	7
126812	1071	9
126812	658	9
126812	5138	10
126812	2516	9
126812	4874	10
126812	560	7
126812	3478	10
126812	4464	9
126814	503	7
126814	274	5
126814	338	8
126814	2038	9
126814	2844	10
126814	2417	10
126814	2164	10
126814	2418	10
126814	280	9
126814	1265	9
126814	2419	9
126814	6802	10
126814	2420	9
126814	2947	10
126814	2422	9
126814	2424	10
126814	2425	10
126814	1321	8
126814	2471	10
126814	5716	8
126814	1323	9
126814	6803	10
126814	4849	10
126814	3003	10
126814	1368	9
126814	6804	8
126824	5254	10
126824	991	10
126824	206	9
126824	2864	9
126827	1421	8
126827	892	10
126827	2961	8
126827	3992	10
126827	1398	10
126860	446	7
126860	649	7
126860	4775	9
126860	5948	10
126860	1195	10
126860	2821	10
126860	6491	10
126860	420	10
126903	649	8
126903	409	8
126903	124	2
126903	6805	10
126903	6544	8
126903	2327	9
126903	78	9
126903	82	10
126903	1626	7
126903	5754	9
126903	803	7
126903	1412	10
126903	2345	9
126907	3273	9
126907	5159	10
126907	3749	9
126907	871	9
126907	2299	9
126985	5185	9
126985	946	10
126985	1600	9
126985	2961	8
126985	1886	10
126985	2462	10
126985	1082	9
127024	3266	9
127024	5361	9
127024	6	7
127024	4345	8
127024	3681	10
127024	1106	9
127024	20	7
127036	6424	10
127036	4060	10
127036	3314	10
127036	1617	9
127049	1247	9
127049	1284	10
127049	447	9
127049	1259	8
127049	1293	9
127049	1179	9
127049	744	6
127049	1520	10
127049	235	7
127049	1261	9
127049	70	4
127049	574	8
127049	5593	10
127049	1215	10
127113	945	10
127113	5390	9
127113	3467	10
127113	3615	10
127122	1876	10
127122	3416	9
127122	3325	9
127122	3858	6
127122	4167	9
127129	5394	8
127129	487	9
127129	4593	10
127129	1506	9
127129	411	8
127129	6806	9
127129	1772	10
127129	2044	9
127129	5420	10
127129	2025	10
127129	6078	10
127129	931	10
127129	432	9
127129	3672	10
127129	4146	8
127129	937	8
127129	6010	10
127129	4311	10
127129	444	10
127129	518	9
127129	421	9
127129	1207	8
127129	4031	10
127131	1938	9
127131	36	10
127131	2853	10
127131	3268	9
127131	3826	10
127131	3827	10
127131	2854	10
127131	3131	9
127131	3829	10
127131	1249	9
127131	4840	10
127131	2753	9
127168	925	9
127168	4695	10
127168	4516	9
127168	613	8
127168	1765	9
127168	4829	10
127171	6807	10
127171	1879	10
127171	4970	10
127171	3564	7
127171	4055	10
127190	2829	9
127190	320	9
127190	1309	9
127190	1060	10
127190	25	9
127190	3711	10
127190	1685	10
127190	3320	9
127190	2085	10
127190	1315	9
127190	148	9
127190	326	10
127190	2553	9
127190	3755	10
127200	4349	10
127200	4372	8
127200	3259	9
127200	6476	9
127200	6106	10
127200	4387	10
127200	4388	10
127200	3260	9
127200	6808	10
127200	1518	9
127200	1928	10
127200	3718	9
127200	871	8
127200	2427	9
127200	3196	8
127200	831	7
127200	434	5
127200	1067	9
127200	3872	10
127200	1413	10
127200	202	8
127200	6431	9
127200	2132	10
127200	4491	10
127200	2236	10
127200	152	9
127200	944	10
127203	1893	10
127203	1041	10
127203	288	10
127203	3842	9
127203	4080	10
127203	4873	10
127203	1131	9
127203	888	8
127203	1133	10
127203	2749	9
127233	3142	10
127233	6098	10
127233	5923	10
127233	1018	9
127233	5027	10
127233	486	7
127233	407	9
127233	50	4
127233	5259	10
127233	2137	10
127233	5816	10
127233	2479	9
127233	1028	8
127233	6726	10
127233	1249	10
127233	540	8
127233	1309	8
127233	1033	10
127233	2725	10
127233	5404	10
127233	3770	8
127233	3236	8
127233	341	8
127233	1662	8
127233	3457	9
127233	2026	7
127233	2883	10
127233	3558	9
127233	1833	10
127233	4155	9
127233	6211	9
127233	1740	10
127233	18	10
127233	4747	10
127233	3903	10
127233	423	9
127233	3424	9
127233	3128	10
127233	5935	10
127233	1396	10
127233	3534	10
127233	2522	10
127233	2144	9
127233	5199	10
127233	6809	10
127359	4659	10
127359	384	9
127359	2493	10
127359	6143	9
127359	2776	10
127359	6350	10
127359	316	9
127359	696	10
127359	1871	10
127359	1646	9
127359	1505	10
127359	1822	10
127359	1680	9
127359	4952	10
127359	2278	8
127359	4526	10
127359	6410	10
127359	1027	9
127359	1029	10
127359	2286	10
127359	2361	10
127359	3318	9
127359	2912	8
127359	320	10
127359	1491	8
127359	4218	10
127359	1060	9
127359	3711	10
127359	3311	10
127359	2349	9
127359	4329	10
127359	5501	10
127359	6810	10
127359	5918	10
127359	3352	9
127359	6434	10
127359	2961	10
127359	3135	8
127359	6117	10
127359	728	10
127359	938	9
127359	5423	10
127359	912	8
127359	2978	10
127359	6073	9
127359	6743	10
127359	608	9
127359	1985	9
127359	4747	8
127359	3559	9
127359	312	9
127359	5623	9
127359	2999	10
127359	2005	8
127359	1545	10
127359	3480	9
127359	4625	9
127359	1547	9
127359	1289	9
127359	6779	10
127359	594	10
127359	2136	10
127359	4740	9
127359	1915	9
127359	944	10
127384	905	10
127384	6710	9
127384	898	9
127384	1846	9
127389	5340	9
127389	2063	8
127389	4146	7
127389	712	9
127389	6081	10
127404	4593	10
127404	243	6
127404	1030	10
127404	4154	10
127404	4597	9
127404	1433	8
127417	457	9
127417	1331	9
127417	3473	10
127417	6811	9
127432	1636	8
127432	1328	8
127432	1821	9
127432	1329	10
127432	391	9
127432	267	8
127438	3784	9
127438	6712	10
127438	1042	10
127438	6812	10
127481	5755	10
127481	5392	10
127481	2191	10
127481	1058	8
127481	235	5
127481	416	10
127481	1781	9
127481	2652	9
127481	1892	10
127481	781	5
127481	507	9
127481	3811	9
127564	207	9
127564	1498	10
127564	165	7
127564	4790	9
127564	1743	8
127564	6222	10
127564	5683	10
127564	4413	10
127621	3498	10
127621	1631	7
127621	165	8
127621	2387	9
127621	5303	10
127621	347	9
127621	451	6
127621	328	10
127648	63	8
127648	4228	10
127648	3274	9
127648	1623	10
127648	3743	10
127648	348	9
127648	1531	9
127648	5798	9
127782	1172	9
127782	1943	9
127782	1716	9
127782	1003	8
127782	218	9
127782	3693	10
127782	6129	10
127782	953	9
127826	1555	8
127826	3018	10
127826	3704	9
127826	458	9
127826	1144	10
127826	1700	8
127826	3664	10
127826	5794	8
127826	1928	10
127826	1046	8
127826	1881	10
127826	971	6
127826	2788	10
127826	1743	7
127826	5335	9
127826	1564	10
127826	77	9
127826	1568	9
127826	3622	9
127826	218	9
127826	2424	10
127826	420	9
127826	281	10
127826	614	6
127826	4949	10
127826	101	9
127826	2744	9
127826	4475	10
127826	6386	10
127826	2958	10
127826	3657	9
127826	6750	10
127893	407	8
127893	1253	7
127893	650	9
127893	1055	8
127893	1186	10
127893	1851	10
127914	1731	7
127914	2227	10
127914	1239	10
127914	1777	9
127914	3906	9
127914	1377	8
127914	2740	10
127914	907	9
127914	1398	7
127914	3729	10
127970	1230	9
127970	125	10
127970	3490	9
127970	1316	10
128014	5805	10
128014	982	8
128014	2217	10
128014	174	9
128014	1453	9
128014	3280	8
128033	3911	9
128033	1429	9
128033	1513	10
128033	4458	9
128033	2764	9
128033	2850	10
128033	3781	10
128033	6755	10
128033	6018	10
128033	3330	10
128033	3362	10
128033	6813	10
128033	2464	9
128040	4774	10
128040	243	6
128040	1626	6
128040	1711	10
128040	1909	9
128045	50	4
128045	124	4
128045	902	10
128045	1185	8
128045	619	7
128045	3588	10
128045	1415	8
128045	3071	9
128045	187	9
128045	490	8
128060	3595	10
128060	1793	9
128060	1404	9
128060	6576	10
128060	5635	10
128060	6634	10
128060	6231	9
128060	5359	10
128060	2737	8
128060	971	7
128060	2883	9
128060	2826	10
128060	989	10
128060	1360	8
128060	941	10
128060	3442	8
128060	2383	9
128060	2890	10
128085	581	4
128085	6001	9
128085	5879	9
128085	1056	10
128085	3348	10
128085	63	8
128085	5821	8
128085	1510	8
128085	3373	9
128085	744	9
128085	253	9
128085	3059	10
128085	70	2
128085	25	10
128085	376	9
128085	377	9
128085	619	9
128085	2396	9
128085	5431	9
128085	379	7
128085	4114	10
128085	5190	10
128085	730	10
128085	4305	9
128085	5265	10
128085	1853	10
128085	5064	9
128085	5596	9
128085	3179	9
128085	5679	9
128085	5230	10
128085	5600	10
128085	127	6
128085	1068	9
128085	3361	10
128085	6080	10
128085	875	9
128085	6480	10
128085	4518	10
128085	32	10
128085	2267	9
128085	2268	8
128085	637	8
128085	2132	8
128085	1603	7
128085	2863	8
128085	1074	10
128085	4172	10
128085	6814	8
128119	287	10
128119	3668	9
128119	650	9
128119	1636	8
128119	1328	7
128119	1821	9
128119	1329	8
128119	391	9
128119	957	7
128119	947	10
128119	653	9
128119	478	9
128119	2669	9
128119	1789	9
128119	1578	10
128119	4855	10
128119	2378	8
128119	3717	10
128119	2813	9
128122	601	9
128122	4359	9
128122	4360	10
128122	5469	10
128122	6271	10
128122	543	10
128122	322	10
128122	1626	9
128122	441	10
128122	3858	9
128122	1730	10
128122	3665	7
128122	3751	9
128122	547	9
128122	772	10
128122	1847	10
128122	773	10
128122	6809	9
128122	3287	10
128208	3879	10
128208	755	9
128208	1659	9
128208	3194	8
128208	968	9
128208	359	10
128208	2633	10
128208	1268	7
128208	77	7
128208	886	10
128208	657	7
128208	2635	10
128208	1450	10
128208	5856	9
128208	4029	10
128208	4739	8
128208	3609	10
128208	122	9
128214	3604	10
128214	1382	8
128214	4157	9
128214	815	9
128257	3068	10
128257	6438	9
128257	449	9
128257	292	8
128257	3480	10
128276	1179	8
128276	902	9
128276	634	7
128276	5831	9
128276	3439	9
128276	2625	10
128276	192	6
128276	1456	10
128276	214	8
128276	1991	10
128325	300	9
128325	3913	9
128325	465	5
128325	6815	9
128325	1684	9
128325	235	9
128325	934	6
128325	3612	9
128325	4146	10
128325	6564	10
128325	1703	9
128325	18	10
128325	2428	10
128325	1301	10
128325	2119	9
128325	781	9
128325	157	8
128331	2939	10
128331	503	8
128331	4185	10
128331	3169	8
128331	3518	9
128331	5995	10
128331	37	9
128331	804	8
128331	552	8
128331	5896	10
128331	1789	9
128331	495	7
128332	2467	10
128332	227	9
128332	137	9
128332	1631	9
128332	966	10
128332	6380	10
128332	3321	10
128332	1343	10
128332	127	5
128332	4175	9
128332	6409	10
128332	20	6
128332	156	9
128406	1679	9
128406	169	8
128406	3716	9
128406	2823	8
128406	552	7
128406	1961	10
128434	862	10
128434	1502	9
128434	61	7
128434	6023	9
128434	1245	10
128434	473	9
128434	341	7
128434	4504	10
128434	1986	10
128434	3122	10
128434	6249	10
128434	1488	10
128622	301	8
128622	2785	10
128622	934	6
128622	657	6
128622	459	8
128693	2180	10
128693	2242	10
128693	1674	9
128693	2767	10
128693	3344	10
128693	6816	10
128696	1805	10
128696	581	6
128696	407	8
128696	4784	10
128696	1086	10
128696	3083	9
128696	701	8
128696	1916	10
128696	2974	9
128696	3580	9
128696	4398	8
128696	1408	10
128696	1491	7
128696	3495	9
128696	2019	9
128696	803	8
128696	3177	8
128696	434	6
128696	4797	10
128696	2625	10
128696	5485	10
128696	1433	9
128696	3256	8
128696	2796	9
128696	460	8
128696	2984	10
128696	1152	10
128696	6268	10
128696	3658	10
128732	4108	10
128732	2190	9
128732	358	10
128732	6548	10
128732	759	9
128732	414	7
128732	2692	8
128732	995	10
128732	803	8
128732	1840	9
128732	737	9
128732	877	9
128790	630	10
128790	1478	10
128790	6082	10
128790	1481	10
128790	3970	10
128790	5235	8
128790	6452	8
128790	6453	10
128790	4423	10
128915	136	8
128915	2725	8
128915	379	7
128915	3565	10
128915	174	6
128915	197	10
128915	6817	10
128962	5565	8
128962	1261	8
128962	3273	10
128962	3681	10
129008	3511	8
129008	2223	10
129008	684	6
129008	1512	7
129008	1261	6
129008	4790	10
129008	5172	9
129008	618	10
129008	1728	10
129008	1568	9
129008	2417	9
129008	5985	9
129008	6731	10
129008	4632	9
129008	1233	10
129008	1856	10
129008	4145	9
129008	175	10
129084	1731	8
129084	4545	10
129084	465	4
129084	3083	7
129084	800	7
129084	777	6
129084	1421	10
129084	5911	10
129084	6114	10
129084	414	8
129084	1702	10
129084	4021	9
129084	5838	10
129084	5181	9
129084	6710	10
129084	1447	10
129084	3354	8
129084	1095	9
129084	5355	10
129084	6155	9
129084	4451	9
129084	5731	10
129084	1205	7
129084	3636	10
129084	3415	9
129084	6704	9
129084	1888	10
129084	4081	10
129084	219	9
129084	367	8
129084	764	9
129084	6666	9
129084	3098	9
129084	4800	9
129084	3643	7
129084	41	7
129084	1207	8
129084	6367	9
129084	1789	9
129338	1253	7
129338	800	8
129338	3521	9
129338	3564	8
129338	3941	9
129338	5283	9
129338	4674	9
129338	2602	9
129338	359	9
129338	166	10
129338	1475	9
129338	5863	10
129338	983	10
129338	1589	9
129338	1964	9
129338	737	9
129338	2862	9
129338	1000	9
129358	288	9
129358	4076	10
129358	3412	9
129358	2592	10
129358	2159	10
129358	5412	9
129358	1604	9
129358	4363	10
129358	3275	9
129358	3276	9
129358	3277	9
129358	3278	9
129358	2793	10
129358	3416	9
129358	3325	10
129358	5241	9
129368	5703	10
129368	1674	10
129368	1253	7
129368	1055	9
129368	1941	9
129368	1972	10
129368	538	8
129368	1408	10
129368	4738	9
129368	313	10
129373	581	4
129373	243	8
129373	1773	9
129373	5630	9
129373	6544	10
129373	6763	10
129373	1004	10
129389	5688	10
129389	929	9
129389	1261	7
129389	2362	9
129389	1961	9
129393	2449	10
129393	36	10
129393	6534	10
129393	2023	10
129393	2319	10
129393	2524	10
129393	954	9
129393	564	10
129399	5237	9
129399	3438	9
129399	3842	10
129399	1195	10
129399	319	10
129399	3456	9
129399	590	6
129399	2461	10
129399	5454	10
129465	5256	10
129465	5932	9
129465	5720	10
129465	2848	8
129465	3321	8
129465	5891	9
129465	4894	9
129465	829	9
129465	224	10
129465	2615	9
129465	2167	9
129465	1068	10
129465	3539	9
129474	1291	8
129474	124	1
129474	3458	9
129474	41	9
129474	285	9
129489	4832	9
129489	1057	9
129489	708	9
129489	4945	9
129489	3475	10
129489	2148	10
129489	1296	10
129489	2819	10
129489	4238	10
129489	3351	10
129489	2604	9
129489	6698	10
129489	2848	10
129489	1002	10
129489	4219	10
129489	6033	10
129489	4164	9
129489	257	8
129489	5047	10
129489	3370	10
129494	3032	10
129494	45	9
129494	1044	9
129494	47	10
129494	2739	9
129503	1783	8
129503	2917	10
129503	1286	10
129503	2601	10
129503	1103	9
129503	4630	10
129503	6189	9
129503	2513	10
129503	6414	10
129503	1414	9
129503	2119	9
129505	6075	10
129505	1511	10
129505	451	4
129505	5583	10
129505	552	8
129505	1615	10
129690	4687	8
129690	5927	9
129690	5463	10
129690	1708	10
129690	1760	10
129690	6317	8
129690	2613	10
129690	4201	9
129690	295	10
129690	41	5
129690	5508	10
129690	2005	10
129690	2531	10
129690	286	7
129690	1761	8
129725	6066	10
129725	409	9
129725	2354	9
129725	5093	10
129725	953	9
129851	457	7
129851	487	7
129851	4251	10
129851	6438	9
129851	1224	10
129851	274	6
129851	742	7
129851	3540	8
129851	2214	9
129851	1299	9
129851	4745	10
129851	6818	10
129851	5300	9
129851	1289	9
129851	4865	10
129851	20	7
129851	3145	10
129883	6100	10
129883	809	8
129883	1938	9
129883	50	5
129883	2013	8
129883	1631	8
129883	1249	8
129883	590	8
129883	3423	10
129883	3307	10
130166	634	9
130166	165	6
130166	340	9
130166	5021	9
130166	54	9
130166	501	7
130168	4240	10
130168	2280	10
130168	16	8
130168	17	9
130168	2772	10
130168	4808	10
130258	2269	9
130258	3260	8
130258	6048	10
130258	4889	10
130258	2207	10
130438	2208	8
130438	2354	8
130438	165	7
130438	1191	10
130438	6548	9
130438	5047	9
130438	514	8
130438	421	10
130438	1957	10
130474	6819	10
130474	3472	8
130474	531	7
130474	532	9
130474	136	8
130474	6820	9
130474	4078	9
130474	3971	10
130474	6280	9
130474	2138	10
130474	6202	10
130474	6609	10
130474	5734	9
130474	2139	9
130474	5421	9
130474	3294	10
130474	2698	10
130474	645	7
130474	141	7
130474	1742	10
130474	3489	10
130474	5251	10
130474	5367	9
130474	5609	8
130474	6683	9
130474	763	10
130474	225	10
130474	2575	9
130474	1483	10
130474	6141	10
130474	180	10
130474	4456	10
130474	2550	10
130474	4009	9
130474	2551	8
130474	1315	9
130474	2700	9
130474	4119	10
130474	2579	9
130482	4000	10
130482	3255	9
130482	458	9
130482	2917	10
130482	3575	10
130482	744	9
130482	6608	9
130482	4017	9
130482	5346	10
130482	4379	10
130482	1781	8
130482	6679	10
130482	3441	10
130482	1819	10
130502	3334	10
130502	1504	8
130502	4045	9
130502	4226	9
130502	185	8
130502	3685	10
130543	742	8
130543	831	9
130543	2713	10
130543	991	10
130543	1723	10
130570	3667	10
130570	1587	10
130570	5681	10
130570	3260	9
130570	6821	8
130570	668	10
130570	1912	9
130570	6764	9
130570	5075	10
130570	3154	10
130570	2070	8
130570	6678	10
130570	6038	10
130570	4115	10
130570	3252	9
130570	2728	10
130570	102	9
130570	4459	10
130571	1247	10
130571	3437	9
130571	6502	10
130571	207	8
130571	457	7
130571	59	8
130571	5887	10
130571	1867	10
130571	1896	9
130571	1585	9
130571	5261	10
130571	124	2
130571	136	10
130571	5184	9
130571	6742	10
130571	5816	10
130571	6573	10
130571	1808	9
130571	755	9
130571	2480	10
130571	1185	9
130571	1773	8
130571	3114	10
130571	1459	9
130571	3318	10
130571	5686	10
130571	4852	10
130571	3350	10
130571	253	9
130571	4497	9
130571	68	8
130571	1261	9
130571	4186	9
130571	3074	10
130571	2034	8
130571	26	10
130571	2875	10
130571	1062	9
130571	6569	10
130571	1046	9
130571	378	10
130571	415	10
130571	4303	10
130571	6449	10
130571	4345	9
130571	1690	9
130571	4713	10
130571	657	6
130571	6822	10
130571	259	9
130571	402	10
130571	3140	10
130571	2004	9
130571	4082	9
130571	1451	10
130571	4703	10
130571	3196	10
130571	6489	10
130571	4316	9
130571	2077	7
130571	549	10
130571	4247	9
130571	6490	10
130571	716	9
130571	5448	10
130571	6823	9
130571	1863	10
130571	4533	9
130571	108	9
130571	781	8
130571	1289	10
130571	2679	7
130571	1154	10
130571	6266	10
130571	5041	10
130581	3472	9
130581	532	10
130581	1292	9
130581	1387	9
130581	1229	10
130581	5332	10
130581	5436	10
130581	6337	9
130581	2064	8
130581	4840	9
130636	573	9
130636	3095	8
130636	1853	9
130636	477	8
130636	5095	9
130658	5361	10
130658	6824	9
130658	2226	8
130658	2661	10
130658	3306	9
130658	6033	9
130658	6810	10
130658	1269	9
130658	195	8
130658	144	7
130658	1298	8
130658	3910	10
130658	2339	10
130658	1567	8
130658	179	9
130658	1065	9
130658	4081	10
130658	4894	9
130658	4426	10
130658	4144	10
130658	4755	9
130658	5921	10
130658	4637	10
130705	5746	10
130705	5620	10
130705	4841	8
130705	1934	9
130705	2314	10
130705	6285	10
130705	5586	10
130705	5927	10
130705	385	10
130705	809	8
130705	2409	10
130705	3520	8
130705	1937	10
130705	6825	9
130705	4788	9
130705	744	7
130705	1927	7
130705	291	8
130705	432	9
130705	3789	7
130705	2684	10
130705	3215	10
130705	909	10
130705	1434	10
130705	5164	9
130705	6363	10
130705	6657	9
130705	426	9
130705	633	8
130705	4829	10
130784	755	10
130784	288	9
130784	77	9
130784	997	8
130784	1099	8
130784	3639	10
130784	2718	10
130784	6359	10
130784	5115	9
130792	4650	10
130792	4255	10
130792	5839	10
130792	1729	10
130792	5758	9
130792	1067	10
130792	662	10
130837	300	9
130837	6327	10
130837	2394	10
130837	958	9
130837	2736	9
130837	1190	10
130837	934	6
130837	417	9
130837	5676	10
130837	4169	10
130837	913	9
130847	6086	10
130847	4335	10
130847	124	1
130847	4284	10
130847	72	10
130847	1626	6
130847	3556	9
130847	2369	10
130847	5693	8
130847	5154	10
130847	561	9
130847	2006	10
130847	2236	10
130847	489	10
130866	1720	9
130866	3668	9
130866	1683	10
130866	1185	9
130866	4843	10
130866	2373	8
130866	241	9
130950	958	6
130950	158	9
130950	2707	9
130950	3564	10
130950	3597	9
130950	127	4
130950	1271	9
130950	716	9
130950	2669	9
130950	1323	10
130961	1871	9
130961	6179	10
130961	2000	10
130961	1293	9
130961	4747	10
130961	1069	10
130961	4935	9
130978	1253	10
130978	1393	10
130978	388	7
130978	478	9
130978	1251	8
131027	816	10
131027	6143	10
131027	4291	9
131027	3336	10
131027	2974	7
131027	4398	10
131027	3988	9
131027	3581	8
131027	6535	10
131027	2296	10
131027	6826	10
131027	3197	10
131027	2932	10
131027	2313	10
131027	6765	9
131027	991	9
131027	4227	10
131027	6149	9
131032	6792	10
131032	5450	9
131032	1529	9
131032	2421	10
131032	2424	9
131032	2427	10
131032	222	10
131032	6012	10
131032	2689	10
131032	2267	9
131032	2537	9
131046	5696	10
131046	2682	10
131046	134	10
131046	1636	6
131046	1328	7
131046	1821	10
131046	1586	10
131046	2478	8
131046	2763	10
131046	70	3
131046	141	9
131046	1312	10
131046	29	10
131046	3286	8
131046	2487	10
131046	886	9
131046	5238	10
131046	3851	8
131046	1909	8
131046	4413	10
131046	2527	9
131046	6255	10
131046	2530	8
131046	3539	9
131099	6050	10
131099	36	9
131099	3311	10
131099	630	10
131099	1477	10
131099	1482	9
131099	5883	9
131099	6741	10
131099	6768	9
131126	2580	9
131126	2892	9
131126	458	8
131126	1280	10
131126	4238	10
131126	474	9
131126	4471	9
131126	1242	8
131126	5402	9
131126	5403	10
131126	433	8
131126	610	9
131126	2713	10
131126	4902	9
131154	4626	10
131154	1580	9
131154	464	10
131154	183	7
131154	3064	8
131154	2478	9
131154	3429	9
131154	5371	10
131154	2509	8
131154	6127	10
131154	937	10
131154	4379	10
131154	1347	10
131154	85	9
131154	1903	10
131154	871	10
131154	1410	10
131154	1162	9
131154	2300	10
131154	6757	9
131154	285	8
131154	1602	8
131154	2532	9
131154	2864	9
131154	5607	10
131182	405	8
131182	407	8
131182	287	8
131182	243	7
131182	657	6
131182	1579	9
131202	1597	9
131202	166	10
131202	715	10
131202	2696	9
131202	2276	10
131238	471	7
131238	472	10
131238	473	7
131238	434	6
131238	873	10
131238	874	8
131317	5308	10
131317	3049	10
131317	669	10
131317	950	9
131317	91	10
131317	5306	10
131317	1467	10
131363	6305	9
131363	5585	10
131363	2145	10
131363	2018	9
131363	713	8
131363	1480	8
131363	1481	10
131363	1482	9
131363	3970	9
131363	2909	10
131402	677	9
131402	5052	10
131402	945	9
131402	446	9
131402	59	9
131402	464	10
131402	4461	10
131402	4462	10
131402	2409	10
131402	5087	9
131402	696	8
131402	6827	10
131402	4058	10
131402	3162	10
131402	4821	9
131402	1526	10
131402	1532	10
131402	4293	10
131402	18	9
131402	1541	9
131402	562	10
131402	594	9
131402	4465	9
131402	3165	9
131402	4107	10
131437	2393	10
131437	1510	9
131437	2411	9
131437	1340	9
131437	3416	8
131437	5736	9
131437	3480	9
131437	4773	9
131510	2803	10
131510	1407	8
131510	1444	9
131510	70	5
131510	189	9
131510	127	4
131594	3926	10
131594	447	8
131594	3021	10
131594	6425	10
131594	1061	9
131594	338	8
131594	3673	9
131594	5539	10
131594	5497	9
131594	115	10
131594	117	10
131594	20	7
131597	684	8
131597	576	10
131597	2339	10
131597	657	6
131597	3650	10
131597	329	10
131617	2478	9
131617	2604	10
131617	6046	10
131617	162	10
131617	2756	10
131622	227	8
131622	6828	9
131622	274	7
131622	6078	10
131622	2289	10
131622	2627	10
131622	675	7
131622	4375	9
131622	1702	10
131622	3029	10
131622	4307	9
131622	1964	10
131622	192	8
131622	6685	9
131655	1167	9
131655	1245	10
131655	934	8
131655	1781	9
131655	1788	10
131655	5300	10
131657	3352	10
131657	77	8
131657	160	8
131657	1728	9
131657	5658	9
131657	4903	9
131657	6684	10
131686	581	6
131686	1490	7
131686	124	2
131686	1330	10
131686	1875	10
131686	2247	10
131686	4667	10
131686	4643	10
131686	4644	10
131686	4645	10
131686	3258	10
131686	1803	8
131686	3790	10
131686	1741	10
131686	1723	10
131686	2753	10
131837	5271	10
131837	4638	9
131837	6728	10
131837	4580	10
131837	5172	10
131837	4370	10
131837	5302	8
131837	5303	10
131837	983	9
131837	3623	10
131837	872	10
131837	724	10
131837	831	8
131837	833	9
131837	112	9
131837	2007	8
131855	5200	10
131855	2953	9
131855	6134	10
131855	4649	10
131855	334	8
131855	2401	9
131855	6629	9
131855	5813	10
131855	36	8
131855	1330	9
131855	708	7
131855	3194	9
131855	1477	9
131855	2539	10
131855	6336	9
131855	6324	9
131855	3175	10
131855	6616	10
131855	2377	9
131855	103	9
131855	3002	10
131855	1956	8
131855	6136	10
131974	3488	10
131974	1837	10
131974	1841	10
131974	4966	8
131974	3303	9
131974	5331	9
131974	152	10
131974	4031	10
132007	3845	10
132007	1610	10
132007	2119	10
132007	6125	9
132007	2491	10
132083	1895	10
132083	1143	10
132083	6216	10
132083	684	7
132083	70	3
132083	3612	10
132083	1568	10
132083	5817	8
132083	1949	9
132083	1673	10
132171	5387	10
132171	1058	8
132171	1443	10
132171	2023	9
132171	4325	8
132171	6166	9
132171	5820	10
132171	1594	10
132171	5460	10
132171	590	4
132171	2198	9
132173	884	9
132173	129	10
132173	4932	10
132173	3045	10
132173	5960	10
132173	5821	10
132173	1041	9
132173	3261	10
132173	2122	10
132173	4076	10
132173	3688	10
132173	3857	10
132173	3058	10
132173	6738	8
132173	5510	9
132173	4803	9
132173	2873	10
132173	5075	10
132173	5715	9
132173	1662	10
132173	5863	9
132173	4658	9
132173	1569	10
132173	2794	10
132173	2900	10
132173	2350	9
132173	3264	10
132173	3750	9
132173	1621	10
132173	5626	10
132173	2490	8
132173	6526	9
132173	6711	10
132173	4204	9
132188	253	10
132188	4594	10
132188	4163	10
132188	5112	8
132188	4946	9
132188	5725	10
132188	5072	9
132188	1272	9
132188	506	9
132188	425	9
132188	3732	10
132199	465	4
132199	3956	10
132199	4359	9
132199	1042	10
132199	308	7
132199	2064	9
132199	3056	8
132199	6194	9
132199	3362	10
132199	4535	10
132199	4197	9
132199	3895	10
132203	36	7
132203	6243	10
132203	5786	10
132203	620	9
132203	3778	10
132203	1951	10
132282	1708	10
132282	896	10
132282	1264	9
132282	1377	9
132282	474	8
132282	3586	8
132282	4573	8
132282	2511	10
132282	4778	10
132282	150	10
132282	1380	9
132282	3280	10
132282	781	8
132282	5601	10
132290	2465	9
132290	6806	10
132290	1428	8
132290	5133	9
132290	480	8
132290	1541	10
132375	207	6
132375	957	7
132375	1942	8
132375	776	9
132375	1808	8
132375	1631	7
132375	2543	9
132375	3454	9
132375	3194	8
132375	2411	10
132375	3286	9
132375	1461	9
132375	6379	10
132375	2644	10
132375	893	8
132375	452	9
132375	16	8
132375	17	10
132375	416	8
132375	1594	9
132375	938	9
132375	417	10
132375	5758	10
132375	6829	10
132375	3641	9
132375	3477	9
132375	1433	10
132375	5487	9
132375	554	9
132375	1069	10
132375	637	9
132375	1956	10
132375	1289	7
132375	20	6
132375	3305	9
132375	771	9
132375	4118	8
132382	1291	7
132382	4187	10
132382	4726	8
132382	3201	10
132392	3815	10
132392	1731	9
132392	774	7
132392	397	9
132392	777	8
132392	1808	8
132392	634	7
132392	6362	10
132392	235	8
132392	1205	8
132392	907	9
132392	592	6
132572	3784	10
132572	5643	10
132572	1465	9
132572	2307	10
132572	1442	9
132572	2387	9
132572	4702	10
132572	4941	8
132572	1453	9
132572	5115	9
132616	3773	9
132616	4963	10
132616	542	8
132616	2789	10
132616	5051	8
132624	650	9
132624	777	8
132624	1807	10
132624	1341	10
132624	5299	10
132663	649	8
132663	4692	10
132663	6830	10
132663	4542	10
132663	6022	9
132663	4879	10
132663	133	9
132663	490	8
132684	6245	9
132684	3727	10
132684	477	9
132684	5925	9
132684	6180	10
132684	2072	10
132684	750	8
132684	6831	9
132684	4223	9
132716	1102	10
132716	1261	8
132716	2967	9
132716	6010	10
132716	882	9
132786	462	9
132786	4181	7
132786	4182	10
132786	4931	10
132786	2699	9
132786	3300	10
132786	1911	9
132836	6316	9
132836	3347	10
132836	4026	9
132836	869	10
132836	1459	10
132836	47	10
132836	6776	9
132836	4467	10
132836	5304	10
132836	656	9
132836	4663	10
132836	1288	9
132836	2421	9
132836	4028	9
132836	6484	10
132836	6762	10
132836	3181	10
132836	525	8
132836	4762	7
132836	2526	10
132836	2236	10
132851	408	10
132851	981	8
132851	3570	10
132851	6010	9
132851	3950	10
132851	6832	10
132851	5521	10
132851	990	10
132851	4640	10
132851	1961	10
132901	1318	9
132901	5096	9
132901	1343	10
132901	341	6
132901	4389	10
132901	4502	10
132901	828	9
132901	5287	10
132909	493	10
132909	557	8
132909	4487	8
132909	2939	10
132909	3392	10
132909	4580	10
132909	4380	10
132909	1261	9
132909	3135	9
132909	870	10
132909	5519	9
132909	6356	9
132909	6833	9
132930	3409	10
132930	446	8
132930	1731	8
132930	2088	9
132930	1622	10
132930	227	7
132930	1177	9
132930	4222	9
132930	4216	8
132930	744	8
132930	1103	9
132930	2357	9
132930	620	10
132930	1066	9
132930	590	6
132930	2539	10
132930	4156	8
132930	5195	10
132930	2625	10
132930	1416	10
132930	1266	8
132930	2413	9
132930	247	9
132930	4795	10
132981	2554	8
132981	2224	10
132981	1593	9
132981	658	8
132981	715	8
133041	2918	7
133041	721	10
133041	4016	8
133041	1517	10
133041	781	6
133041	241	8
133041	1789	9
133166	3275	10
133166	4503	10
133166	3276	9
133166	3277	9
133166	1161	10
133166	2259	10
133166	2262	9
133166	223	10
133166	226	10
133192	5581	10
133192	3191	9
133192	1014	8
133192	1478	10
133192	1479	10
133192	1481	9
133192	3970	9
133192	2903	8
133192	131	10
133192	6541	10
133192	3901	9
133192	2065	10
133192	4073	10
133192	4074	10
133192	2648	9
133225	4698	9
133225	2182	9
133225	5973	10
133225	2406	10
133258	446	8
133258	1731	9
133258	753	10
133258	50	5
133258	3113	10
133258	6737	10
133258	243	6
133258	1176	10
133258	1523	9
133258	5019	10
133284	734	10
133284	1057	10
133284	6041	9
133284	3880	10
133284	1421	9
133284	3046	9
133284	2329	8
133284	379	8
133284	2791	10
133284	5032	10
133284	1854	10
133284	2769	10
133284	1904	9
133284	342	10
133284	664	10
133296	465	6
133296	4723	10
133296	6476	10
133296	6235	9
133296	3218	9
133296	4596	9
133296	4051	9
133296	4229	10
133296	2257	9
133296	1161	9
133296	2258	8
133296	2259	10
133296	2260	9
133296	2261	10
133296	2262	10
133296	2263	9
133296	2264	10
133296	2265	10
133296	605	10
133296	6731	10
133296	2548	10
133296	180	10
133296	2695	9
133296	5384	8
133296	768	10
133296	3588	10
133296	2105	10
133296	5214	9
133296	5224	9
133296	5215	9
133296	2109	9
133296	2696	9
133296	2274	7
133296	2275	10
133296	2276	10
133296	4445	9
133296	4551	8
133296	2110	9
133296	4446	8
133296	1270	10
133296	2111	10
133296	2808	10
133296	2542	10
133296	6137	10
133296	1271	10
133296	6834	10
133296	4448	8
133296	6480	10
133296	2113	10
133296	2114	9
133296	2277	8
133296	2116	9
133296	5788	10
133296	1714	10
133296	5225	10
133296	4459	10
133296	4018	10
133296	4118	9
133416	6516	8
133416	2726	8
133416	2080	9
133416	1045	10
133416	3735	10
133416	3620	10
133416	2026	6
133416	1855	9
133416	4981	9
133416	6802	10
133416	871	10
133416	3099	10
133416	1840	10
133416	2718	8
133416	2103	10
133416	3660	9
133416	3279	9
133416	3023	9
133416	3816	9
133416	2077	9
133416	1453	7
133416	3359	9
133416	4277	10
133416	3552	9
133416	2723	10
133416	4817	10
133418	800	8
133418	3770	8
133418	73	10
133418	6770	8
133418	1797	10
133418	1401	9
133557	2992	8
133557	1526	9
133557	2064	6
133557	4151	10
133557	3177	9
133557	149	8
133571	59	9
133571	3956	9
133571	3268	8
133571	274	5
133571	1428	7
133571	1596	9
133571	3090	9
133571	3700	9
133571	3591	9
133571	2501	10
133571	5272	10
133571	431	10
133571	4238	9
133571	3727	10
133571	4258	10
133571	2396	9
133571	6335	10
133571	1354	10
133571	2296	9
133571	2980	10
133571	2697	9
133571	6450	9
133571	1232	10
133571	5416	8
133571	2400	10
133571	404	8
133682	194	10
133682	6156	9
133682	971	8
133682	4585	10
133682	6637	9
133689	4659	9
133689	6086	8
133689	463	10
133689	227	5
133689	727	9
133689	243	5
133689	124	1
133689	3936	8
133689	3292	10
133689	4552	10
133689	2919	7
133689	235	7
133689	3564	8
133689	1928	9
133689	2290	8
133689	1758	9
133689	2099	9
133689	5228	9
133689	2100	9
133689	5848	10
133689	364	9
133689	1527	9
133689	3735	10
133689	1626	7
133689	51	9
133689	1744	8
133689	4570	10
133689	2214	10
133689	620	8
133689	3586	9
133689	4167	10
133689	4966	9
133689	3198	8
133689	6115	9
133689	4202	9
133689	552	8
133689	192	8
133689	214	7
133689	4196	8
133689	4553	10
133689	2654	10
133689	6386	9
133689	2865	9
133689	3149	10
133689	6354	10
133706	4161	9
133706	4452	10
133706	1858	8
133706	1421	9
133706	308	10
133706	2725	9
133706	2080	9
133706	2992	7
133706	450	8
133706	2329	9
133706	3286	9
133706	1045	9
133706	1382	8
133706	377	9
133706	971	9
133706	6	9
133706	77	7
133706	997	6
133706	16	10
133706	1095	10
133706	379	8
133706	2684	10
133706	1410	8
133706	5913	10
133738	2894	10
133738	3083	7
133738	1261	7
133738	895	9
133738	2922	10
133738	1903	10
133738	1739	9
133738	5306	10
133738	5824	9
133738	3048	9
133747	428	9
133747	1745	10
133747	496	10
133747	3018	10
133747	4998	8
133747	1783	9
133747	595	10
133747	1291	7
133747	2918	9
133747	438	10
133747	1509	10
133747	2394	9
133747	1026	10
133747	947	10
133747	1916	10
133747	4896	10
133747	3505	10
133747	4016	10
133747	6425	10
133747	3249	10
133747	2919	5
133747	1261	7
133747	2650	10
133747	4759	10
133747	4188	10
133747	72	9
133747	2068	9
133747	415	10
133747	6054	10
133747	3548	8
133747	3707	9
133747	906	10
133747	802	10
133747	3907	8
133747	2296	10
133747	4747	8
133747	1067	10
133747	877	10
133747	1362	10
133747	6331	10
133747	5429	9
133747	5398	10
133747	5448	10
133747	3112	9
133747	1765	10
133747	991	10
133747	1305	9
133747	460	8
133747	4405	9
133747	2842	9
133747	1816	9
133747	2984	9
133747	6669	10
133747	1152	10
133846	1168	10
133846	6626	10
133846	1291	6
133846	586	8
133846	192	7
133905	1630	7
133905	1700	8
133905	2960	10
133905	690	9
133905	3342	10
133905	781	7
133905	404	8
133935	4592	10
133935	6348	10
133935	3784	8
133935	537	9
133935	2478	8
133935	1274	10
133935	6579	9
133935	2707	9
133935	2126	8
133935	440	9
133935	4471	9
133935	477	9
133935	2713	9
133935	3078	8
133935	6835	10
133935	5216	10
133957	3064	9
133957	537	9
133957	2478	8
133957	4890	10
133957	3169	9
133957	2625	8
133957	240	8
134005	486	8
134005	447	10
134005	5237	9
134005	15	10
134005	1700	10
134005	3803	10
134005	1011	8
134005	3092	10
134005	307	9
134005	279	9
134005	4693	10
134005	590	5
134005	434	5
134005	592	5
134029	3248	9
134029	4933	10
134029	219	9
134029	220	9
134029	221	10
134029	223	10
134029	3816	8
134118	300	10
134118	3092	8
134118	1268	9
134118	3199	10
134118	560	10
134118	2640	10
134120	602	10
134120	5763	9
134120	4219	9
134120	505	9
134120	180	10
134120	2301	9
134225	397	9
134225	420	10
134225	1415	9
134225	2728	10
134225	6150	9
134247	1261	8
134247	2987	9
134247	3617	9
134247	195	7
134247	79	10
134247	160	8
134247	1852	10
134247	3502	8
134247	256	10
134264	4460	9
134264	774	9
134264	4114	10
134264	5126	10
134264	614	7
134264	4538	9
134311	2010	9
134311	3807	10
134311	1269	8
134311	451	7
134311	160	7
134311	279	8
134311	2955	9
134311	4561	9
134311	2956	10
134311	4562	10
134311	2957	9
134311	3975	10
134311	2119	8
134311	5567	9
134311	4936	9
134311	2991	7
134347	400	10
134347	4471	10
134347	1529	8
134347	459	10
134347	2296	9
134347	6836	10
134403	2169	9
134403	1284	9
134403	1872	9
134403	1011	10
134403	3092	9
134403	911	9
134403	983	10
134403	4504	8
134403	98	10
134403	99	10
134403	192	6
134403	2437	10
134434	6570	10
134434	1166	10
134434	678	9
134434	1171	9
134434	6088	10
134434	6017	10
134434	6325	9
134434	227	7
134434	3632	10
134434	182	10
134434	3083	8
134434	2817	9
134434	537	8
134434	1897	10
134434	708	7
134434	2840	8
134434	2921	10
134434	1268	6
134434	1269	9
134434	675	6
134434	451	7
134434	886	10
134434	5201	8
134434	2612	9
134434	1887	10
134434	907	9
134434	4156	10
134434	1414	9
134434	2713	8
134434	2886	9
134434	6363	10
134434	1252	9
134434	3509	10
134434	784	9
134434	1754	10
134434	4197	8
134434	6268	9
134434	2991	10
134434	682	9
134434	3246	10
134434	4900	10
134434	6536	10
134483	1437	9
134483	2456	10
134483	2220	9
134483	1901	8
134483	906	9
134483	2980	10
134483	3872	9
134483	861	10
134483	1471	9
134483	2313	9
134483	1216	9
134483	404	5
134483	4197	9
134508	1056	9
134508	505	10
134508	6177	10
134508	6353	10
134508	4703	10
134508	4316	10
134508	1628	9
134508	5138	10
134508	266	10
134508	127	6
134556	1254	8
134556	1255	10
134556	6269	8
134556	6270	10
134556	70	4
134556	4375	9
134556	5654	9
134556	5655	10
134556	1702	10
134556	6224	7
134630	777	9
134630	6297	9
134630	6033	10
134630	1883	10
134630	1591	10
134684	1442	8
134684	2080	7
134684	168	8
134684	2329	10
134684	1382	9
134684	414	7
134684	1691	9
134684	1398	10
134694	4415	9
134694	353	10
134694	470	10
134694	5282	9
134694	3975	10
134761	5283	9
134761	5431	10
134761	379	8
134761	17	9
134761	6838	8
134761	3973	9
134761	418	9
134761	4572	10
134761	4573	10
134761	1378	9
134761	737	10
134761	2345	8
134761	738	9
134784	6123	9
134784	5185	10
134784	3710	10
134784	4374	10
134784	2040	9
134784	1266	7
134797	4802	10
134797	1823	9
134797	754	10
134797	124	2
134797	1700	10
134797	2973	10
134797	2025	10
134797	971	8
134797	3082	10
134797	997	9
134797	185	6
134797	3369	10
134797	546	10
134797	4596	7
134797	659	8
134797	5893	10
134797	4339	10
134797	3573	10
134797	3860	9
134797	6477	10
134797	5267	9
134797	5583	9
134797	3156	9
134797	5115	9
134797	5896	9
134797	5157	9
134797	6708	9
134797	1053	10
134797	5516	10
134797	1072	10
134797	1603	8
134797	2144	10
134797	5026	10
134797	3865	9
134797	4124	10
134837	6313	9
134837	3776	9
134837	2401	10
134837	4568	10
134837	3019	9
134837	2657	9
134837	4377	10
134837	2477	10
134837	1872	8
134837	558	9
134837	199	10
134837	1104	7
134837	1071	8
134837	729	10
134837	4619	9
134837	4288	10
134837	1574	9
134837	352	9
134837	3159	9
134837	2964	10
134837	5639	10
134837	6268	10
134863	1783	8
134863	997	8
134863	261	10
134863	1739	9
134863	2827	9
134900	243	6
134900	6609	10
134900	2951	7
134900	657	6
134900	41	7
135043	465	3
135043	135	9
135043	5076	9
135043	1960	10
135043	3061	10
135043	4162	10
135043	6505	10
135043	1231	8
135043	3573	9
135043	31	10
135043	1401	9
135043	3478	10
135043	4192	10
135043	150	10
135045	1630	9
135045	581	7
135045	1636	6
135045	1328	7
135045	1821	10
135045	1680	10
135045	5749	9
135045	5472	9
135045	1596	8
135045	981	7
135045	2147	9
135045	5340	9
135045	164	9
135045	720	9
135045	6147	10
135045	2974	9
135045	1522	10
135045	4398	9
135045	1102	7
135045	3564	8
135045	895	7
135045	3941	8
135045	3320	10
135045	5283	9
135045	2602	8
135045	2632	10
135045	1104	8
135045	971	6
135045	169	6
135045	1851	7
135045	619	8
135045	5046	9
135045	728	8
135045	730	7
135045	4571	7
135045	5786	9
135045	1853	7
135045	1532	10
135045	6678	10
135045	2821	10
135045	6798	9
135045	434	7
135045	715	8
135045	623	9
135045	284	9
135045	4608	9
135045	192	7
135045	4289	9
135045	4949	10
135045	1696	10
135045	6096	9
135045	6343	10
135141	2629	9
135141	3881	10
135141	5738	10
135141	6	8
135141	1451	9
135329	3714	10
135329	2187	9
135329	962	8
135329	4892	10
135329	1550	8
135329	3165	9
135351	457	7
135351	3602	9
135351	643	9
135351	1156	7
135351	3186	10
135351	2777	10
135351	1783	9
135351	465	7
135351	3916	10
135351	124	2
135351	2284	10
135351	4354	9
135351	573	8
135351	722	9
135351	2226	9
135351	6454	10
135351	388	9
135351	1524	9
135351	4713	8
135351	3137	10
135351	3150	9
135351	2091	10
135351	3138	10
135351	5217	10
135351	5113	9
135351	6651	9
135351	2427	10
135351	1480	9
135351	1839	10
135351	267	7
135351	1067	10
135351	670	10
135351	3965	10
135351	1272	9
135351	4171	10
135351	157	10
135351	1818	10
135360	1894	9
135360	6185	10
135360	4221	9
135360	6807	10
135360	6412	9
135360	183	7
135360	5468	10
135360	6003	10
135360	469	9
135360	538	9
135360	2920	9
135360	6645	9
135360	6839	8
135360	1098	10
135360	3556	10
135360	1411	10
135360	1207	8
135360	3200	10
135360	1433	8
135360	1212	7
135360	6624	10
135360	637	8
135360	1988	8
135360	965	10
135367	3235	10
135367	1264	10
135367	2037	10
135367	1	10
135367	2	8
135367	3	9
135367	4	9
135376	1587	9
135376	4774	10
135376	6552	10
135376	4061	9
135376	1119	10
135376	2248	9
135376	5100	9
135376	1343	9
135376	1606	10
135376	2124	9
135376	4389	9
135376	2125	8
135376	4390	10
135376	2126	10
135376	3832	9
135376	1345	10
135376	1346	10
135376	1160	8
135376	762	9
135376	3416	7
135376	3325	10
135376	3858	10
135376	367	6
135376	4082	9
135376	6559	10
135376	1919	8
135398	6605	10
135398	4279	10
135398	70	4
135398	912	10
135398	85	10
135398	3539	8
135411	1164	9
135411	1731	8
135411	405	10
135411	1193	7
135411	2356	10
135411	1320	10
135411	308	7
135411	590	4
135411	3307	10
135411	404	7
135458	3667	10
135458	207	8
135458	1495	10
135458	5618	9
135458	274	6
135458	2496	9
135458	5263	9
135458	6808	9
135458	3489	10
135458	1527	10
135458	589	9
135458	1639	10
135458	1640	9
135458	2396	9
135458	6782	10
135458	2053	10
135458	6191	10
135458	3172	10
135458	5314	10
135458	480	6
135458	481	10
135458	482	10
135458	4378	10
135458	2714	10
135458	6840	10
135458	3388	9
135458	3389	8
135458	4321	8
135458	4322	9
135458	6409	10
135458	5936	9
135458	4817	8
135460	2924	10
135460	2230	9
135460	5152	10
135460	1201	10
135460	1140	10
135609	4545	8
135609	487	8
135609	3301	8
135609	2364	9
135609	3285	10
135609	243	7
135609	775	10
135609	1808	8
135609	4226	10
135609	1193	7
135609	320	9
135609	5135	10
135609	5080	10
135609	4244	9
135609	6035	8
135609	5182	10
135609	4597	10
135609	5859	10
135609	1628	10
135609	266	10
135653	2545	9
135653	2182	9
135653	5002	10
135653	3377	10
135653	2512	10
135653	2311	10
135653	1321	10
135653	4341	8
135653	6251	10
135665	863	10
135665	274	6
135665	3606	9
135665	1013	10
135665	3987	9
135673	643	7
135673	1156	8
135673	3186	9
135673	2682	10
135673	3187	9
135673	3188	10
135673	3211	9
135673	503	9
135673	274	6
135673	5728	10
135673	1014	8
135673	1478	10
135673	1480	8
135673	1482	10
135673	3970	10
135673	88	10
135673	3167	9
135673	2903	10
135673	5235	10
135673	131	10
135673	5619	8
135673	5958	9
135673	608	10
135673	2857	8
135673	2858	9
135673	2859	8
135673	3300	10
135673	2052	10
135673	1413	9
135673	784	8
135681	4418	10
135681	6841	9
135681	1186	7
135681	6796	10
135681	6842	9
135681	4421	10
135681	632	10
135681	1546	9
135703	153	10
135703	5746	10
135703	5643	10
135703	5480	10
135703	305	10
135703	2919	8
135703	6012	9
135703	6616	9
135703	205	10
135703	2520	8
135703	2521	10
135703	4483	8
135703	374	10
135703	6500	9
135703	157	9
135703	1550	9
135736	335	8
135736	1328	8
135736	822	9
135736	3093	9
135736	16	9
135736	1594	9
135736	19	9
135753	1630	8
135753	227	6
135753	4971	10
135753	6609	9
135753	4109	10
135753	2632	9
135753	177	10
135753	1851	9
135753	6049	10
135753	5324	10
135753	3416	8
135753	4082	9
135753	764	7
135768	6843	10
135768	1586	9
135768	1709	9
135768	6006	10
135768	4093	10
135768	5286	10
135768	459	8
135776	5226	10
135776	6844	10
135776	6145	9
135776	3786	10
135776	1160	8
135776	440	10
135776	4261	10
135776	18	9
135776	5579	10
135776	1402	9
135799	3306	9
135799	3564	8
135799	2876	10
135799	5724	10
135799	1882	9
135799	4051	9
135799	3660	8
135799	1967	10
135799	48	10
135799	2119	9
135831	465	4
135831	50	5
135831	2918	7
135831	689	10
135831	1631	9
135831	1773	8
135831	6690	10
135831	1205	8
135831	2053	9
135831	1416	10
135831	240	7
135831	1302	10
135831	313	9
135831	103	9
135869	387	10
135869	6246	10
135869	2253	9
135869	2164	10
135869	6802	9
135869	91	10
135873	1649	10
135873	316	10
135873	2031	10
135873	1500	9
135873	1269	9
135873	1760	10
135873	1205	8
135873	3845	10
135895	572	8
135895	5737	10
135895	616	9
135895	1980	10
135895	543	10
135895	731	10
135895	4179	10
135895	2981	8
135895	19	9
135965	1873	8
135965	218	9
135965	2995	10
135965	3525	10
135965	5451	10
135996	67	8
135996	2992	10
135996	4147	10
135996	450	8
135996	3224	10
135996	5070	9
135996	1729	8
135996	4151	10
135996	2347	8
136010	59	8
136010	5174	9
136010	392	9
136010	2010	8
136010	1490	8
136010	531	8
136010	1115	8
136010	742	9
136010	305	9
136010	3239	8
136010	967	10
136010	5005	10
136010	589	9
136010	4559	7
136010	2026	8
136010	3565	10
136010	2955	9
136010	4561	10
136010	2956	10
136010	2957	9
136010	2254	10
136010	280	9
136010	2128	10
136010	3600	10
136010	3889	10
136010	3890	9
136010	5289	10
136010	5578	8
136010	6424	8
136010	518	10
136010	3198	10
136010	6706	10
136010	4598	9
136010	717	10
136010	6685	9
136010	1380	9
136010	5790	9
136010	112	10
136010	1549	8
136010	5497	9
136010	844	10
136010	1015	10
136010	2811	10
136010	845	10
136010	2812	10
136010	1723	10
136011	6116	10
136011	993	10
136011	2164	9
136011	2948	10
136011	3300	9
136011	527	9
136011	5176	10
136014	2169	9
136014	1630	8
136014	465	6
136014	1237	9
136014	6686	9
136071	3419	10
136071	1940	9
136071	3842	10
136071	290	10
136071	891	9
136071	320	10
136071	5481	9
136071	26	10
136071	5251	9
136071	6658	9
136071	29	9
136071	197	10
136071	283	9
136071	3712	9
136071	1753	8
136071	716	9
136071	2888	10
136071	4194	9
136104	581	6
136104	486	8
136104	1942	10
136104	2838	9
136104	657	7
136104	1739	9
136104	98	10
136104	5093	10
136136	536	9
136136	2278	9
136136	1758	9
136136	4304	10
136136	4515	9
136136	329	8
136136	664	9
136139	3437	10
136139	4869	10
136139	1783	8
136139	5572	10
136139	1055	8
136139	3119	8
136139	1808	9
136139	1653	9
136139	6457	9
136139	2193	9
136139	2194	9
136139	2386	9
136139	165	8
136139	1519	10
136139	6845	10
136139	2066	9
136139	2139	10
136139	5015	9
136139	2196	9
136139	2877	10
136139	246	8
136139	948	8
136139	1202	10
136139	962	10
136139	3158	10
136139	613	7
136139	550	8
136139	1917	9
136139	3441	10
136139	2668	10
136139	3333	9
136139	2377	8
136139	3798	9
136139	232	7
136139	20	7
136139	2202	9
136139	6766	10
136139	2302	10
136193	2218	10
136193	2189	8
136193	2881	9
136193	3629	10
136193	1684	8
136193	4048	10
136193	70	4
136193	3185	8
136193	4936	9
136193	1816	8
136193	953	10
136205	6847	10
136205	5382	7
136205	6437	9
136205	4626	9
136205	463	10
136205	2451	9
136205	5054	10
136205	465	5
136205	3846	10
136205	1158	9
136205	1660	8
136205	1102	9
136205	930	8
136205	603	10
136205	3960	10
136205	5076	9
136205	346	9
136205	5075	9
136205	5968	10
136205	5715	10
136205	1445	10
136205	1639	9
136205	3961	10
136205	934	6
136205	1663	9
136205	1666	10
136205	2418	9
136205	2420	10
136205	1483	10
136205	6141	9
136205	1412	8
136205	2077	9
136205	1695	10
136205	6429	10
136205	5258	10
136205	6478	10
136205	206	10
136205	4309	8
136205	2673	9
136237	358	9
136237	2140	10
136237	4060	10
136237	2362	8
136237	206	10
136237	20	7
136240	457	7
136240	4449	10
136240	3317	10
136240	4787	10
136240	708	8
136240	4639	9
136240	224	8
136240	225	10
136240	3172	10
136240	1433	8
136240	6161	10
136252	487	9
136252	4224	9
136252	557	9
136252	3913	8
136252	4032	10
136252	1170	10
136252	3347	9
136252	274	8
136252	3348	9
136252	869	9
136252	3270	8
136252	3909	10
136252	5801	8
136252	339	8
136252	5409	10
136252	675	9
136252	349	10
136252	3434	10
136252	3976	10
136252	803	7
136252	6613	10
136252	6191	9
136252	6654	9
136252	4488	10
136252	1359	10
136252	2234	10
136252	1289	9
136252	5175	10
136252	120	9
136252	6809	10
136255	2545	8
136255	1630	8
136255	1938	9
136255	1527	10
136255	1349	9
136255	1350	10
136255	1351	10
136255	2673	10
136255	2674	10
136255	2675	10
136255	2676	10
136255	3088	10
136255	2168	10
136255	2865	9
136255	2533	10
136255	5607	10
136255	5702	10
136255	6586	8
136291	5860	10
136291	4386	9
136291	2641	10
136291	4283	10
136291	1708	10
136291	1357	10
136313	2545	9
136313	1630	10
136313	2003	10
136313	1035	9
136313	996	10
136313	4989	9
136313	621	10
136326	59	8
136326	1372	10
136326	335	9
136326	910	7
136326	1291	8
136326	1636	9
136326	1328	10
136326	1821	9
136326	1329	6
136326	3011	10
136326	3805	9
136326	3971	8
136326	6228	10
136326	6141	10
136326	4177	10
136326	5291	9
136326	1692	10
136326	3752	9
136326	3979	10
136326	6430	9
136326	267	8
136326	1359	10
136326	717	9
136326	156	8
136326	157	7
136326	1849	10
136348	4659	10
136348	2218	9
136348	4858	10
136348	1109	10
136348	696	9
136348	458	10
136348	1896	9
136348	3113	9
136348	1636	7
136348	800	8
136348	689	9
136348	1135	10
136348	1592	9
136348	4871	9
136348	1512	9
136348	3696	10
136348	5004	9
136348	6848	10
136348	6632	9
136348	6557	9
136348	6092	10
136348	5151	10
136348	2920	9
136348	431	9
136348	4212	10
136348	3720	9
136348	168	8
136348	4260	10
136348	3789	9
136348	1568	10
136348	4433	9
136348	1830	10
136348	3394	10
136348	5266	10
136348	4678	9
136348	5934	10
136348	4443	10
136348	91	10
136348	5578	10
136348	4966	9
136348	547	10
136348	6849	9
136348	1300	10
136348	2407	9
136348	267	8
136348	3754	10
136348	4314	9
136348	2700	9
136348	704	10
136348	2352	10
136348	1968	10
136348	2915	9
136348	1233	9
136348	3148	8
136348	151	9
136348	2553	10
136348	33	9
136348	3063	10
136348	2119	8
136348	2728	10
136348	3482	9
136348	1397	10
136348	1577	10
136348	5068	8
136348	2379	9
136348	156	8
136348	157	8
136348	2144	9
136382	693	8
136382	4427	10
136382	1720	9
136382	4254	9
136382	1636	9
136382	1328	9
136382	1821	9
136382	1329	10
136382	391	10
136382	393	10
136382	395	10
136382	5479	8
136382	3604	8
136382	1773	7
136382	158	9
136382	1660	8
136382	67	10
136382	159	10
136382	540	8
136382	1756	9
136382	2003	9
136382	5744	10
136382	5437	10
136382	4406	10
136382	6458	10
136382	6459	9
136382	2291	10
136382	195	7
136382	2036	10
136382	400	9
136382	379	8
136382	1690	9
136382	4700	10
136382	3897	10
136382	3963	9
136382	1764	9
136382	3556	10
136382	985	10
136382	2164	10
136382	2423	8
136382	2082	10
136382	688	9
136382	222	10
136382	1854	8
136382	803	7
136382	91	9
136382	3893	10
136382	5600	10
136382	4095	10
136382	3862	9
136382	192	6
136382	3424	9
136382	19	8
136382	108	10
136382	2524	10
136382	3388	10
136382	3389	9
136382	3390	10
136382	4321	9
136382	4538	10
136382	878	10
136382	12	10
136382	13	10
136382	14	8
136382	3995	9
136382	888	10
136382	6575	9
136382	3968	9
136396	4442	10
136396	471	10
136396	4560	9
136396	1242	8
136396	5690	10
136396	1602	9
136465	4931	9
136465	6800	9
136465	624	10
136465	3315	10
136465	1547	10
136491	465	5
136491	2917	10
136491	533	6
136491	503	8
136491	274	6
136491	1115	8
136491	343	9
136491	1631	7
136491	1185	8
136491	5881	9
136491	4003	10
136491	70	4
136491	1309	8
136491	471	9
136491	472	7
136491	473	8
136491	341	6
136491	169	8
136491	574	9
136491	934	7
136491	3897	10
136491	3943	9
136491	1347	10
136491	4220	10
136491	590	6
136491	3597	10
136491	6349	10
136491	6622	10
136491	2741	9
136491	480	7
136491	4862	10
136491	1385	9
136491	5520	10
136491	751	8
136491	5693	10
136491	624	9
136491	1414	7
136491	593	10
136491	1788	10
136491	3931	8
136491	1641	9
136491	1911	10
136491	3539	8
136561	3527	10
136561	486	8
136561	862	10
136561	6568	9
136561	2918	8
136561	4689	10
136561	274	7
136561	4269	9
136561	538	9
136561	4023	9
136561	550	9
136561	6249	10
136735	910	8
136735	6140	9
136735	531	8
136735	138	9
136735	29	9
136735	142	10
136735	4799	10
136735	6200	9
136747	3188	9
136747	319	9
136747	3197	10
136747	791	10
136747	1602	8
136747	1603	8
136829	2335	7
136829	2217	9
136829	6505	10
136829	5143	10
136829	1812	9
136829	5967	8
136829	3078	10
136829	2362	10
136916	2325	10
136916	3858	9
136916	367	8
136916	764	7
136916	6464	10
136916	1303	9
136916	3503	8
136943	4324	9
136943	1177	9
136943	685	9
136943	665	7
136943	1289	6
137118	21	10
137118	183	8
137118	3064	9
137118	2478	9
137118	2486	10
137118	3306	10
137118	320	9
137118	6850	10
137118	3321	10
137118	906	9
137118	4679	10
137118	1627	10
137118	1840	9
137118	661	10
137118	49	10
137134	6348	10
137134	5332	8
137134	3789	10
137134	4345	10
137134	4935	9
137137	1793	10
137137	183	8
137137	4061	9
137137	896	10
137137	1702	10
137137	973	10
137137	974	10
137137	1728	8
137137	2836	8
137137	5940	8
137137	5824	7
137143	160	9
137143	5950	9
137143	728	10
137143	16	9
137143	17	8
137190	4616	9
137190	5871	10
137190	4582	10
137190	2893	9
137190	5849	8
137190	2062	10
137190	6313	9
137190	3579	8
137190	6325	8
137190	5677	10
137190	5087	10
137190	2779	10
137190	36	9
137190	3778	10
137190	1647	10
137190	6339	10
137190	6389	10
137190	157	8
137211	581	5
137211	4918	9
137211	4298	10
137211	800	8
137211	1875	9
137211	5257	10
137211	70	5
137211	5145	10
137211	2847	10
137211	4112	9
137211	3522	10
137211	2064	8
137211	3290	8
137211	1451	9
137211	2173	7
137211	241	9
137222	922	9
137222	1013	9
137222	3987	10
137222	6577	8
137222	940	10
137222	1802	10
137222	5495	9
137222	6161	10
137222	6357	10
137222	5175	9
137222	5081	10
137336	865	10
137336	6230	10
137336	183	9
137336	6231	9
137336	6020	10
137336	1702	9
137336	608	9
137336	3775	9
137336	837	10
137336	4535	10
137336	3390	10
137336	10	9
137336	1817	10
137336	4031	8
137336	133	8
137397	6689	10
137397	3739	10
137397	4423	9
137397	3345	10
137397	5674	9
137434	883	7
137434	3288	9
137434	5076	10
137434	3172	10
137434	1401	10
137434	5547	10
137437	2912	8
137437	450	9
137437	4930	10
137437	6452	9
137437	4463	9
137437	6453	9
137524	1630	8
137524	2766	10
137524	406	9
137524	4058	10
137524	3004	10
137587	5811	10
137587	406	9
137587	6165	9
137587	3581	8
137587	906	8
137587	4288	9
137587	312	9
137587	3342	9
137587	1753	10
137588	1109	10
137588	4520	10
137588	50	6
137588	2191	9
137588	6557	10
137588	3350	10
137588	1196	8
137588	1922	9
137588	237	10
137588	2330	10
137588	2038	10
137588	5603	9
137588	2257	10
137588	1755	10
137588	91	9
137588	3307	10
137588	6264	10
137588	6345	9
137588	3160	10
137588	718	10
137589	428	7
137589	1630	8
137589	581	4
137589	693	7
137589	1020	10
137589	4270	10
137589	1872	8
137589	651	8
137589	2931	10
137589	774	8
137589	1179	8
137589	1773	7
137589	2308	9
137589	538	9
137589	2327	10
137589	235	6
137589	645	8
137589	320	10
137589	5808	9
137589	340	8
137589	971	7
137589	309	10
137589	2788	9
137589	1268	9
137589	170	6
137589	378	10
137589	195	8
137589	4873	10
137589	5949	9
137589	5465	9
137589	2646	10
137589	1755	9
137589	3380	8
137589	1535	9
137589	1751	9
137589	610	10
137589	622	9
137589	3686	9
137589	40	10
137589	2620	9
137589	2711	10
137589	614	6
137589	285	8
137589	4235	10
137620	1284	9
137620	2660	9
137620	1764	7
137620	262	9
137620	750	9
137620	951	8
137620	525	9
137620	1289	8
137627	503	9
137627	274	8
137627	1115	8
137627	3432	8
137627	5283	8
137627	1377	10
137627	5143	10
137627	1357	10
137627	374	9
137684	6002	9
137684	5550	9
137684	3322	9
137684	451	5
137684	442	9
137684	1594	8
137684	1048	9
137684	1049	10
137684	2665	10
137684	6345	9
137684	331	10
137688	925	8
137688	176	10
137688	6580	10
137688	643	9
137688	5558	10
137688	5627	10
137688	774	6
137688	1875	10
137688	3008	10
137688	1898	10
137688	1188	9
137688	1827	10
137688	3923	9
137688	1392	10
137688	5456	10
137688	277	9
137688	3727	9
137688	5124	10
137688	442	9
137688	1855	9
137688	6052	10
137688	5438	9
137688	2101	9
137688	1665	9
137688	3613	10
137688	898	10
137688	2343	10
137688	6353	10
137688	3180	8
137688	3056	8
137688	31	9
137688	1207	9
137688	2431	10
137688	6852	9
137688	3798	8
137688	3443	9
137688	2119	8
137688	214	9
137688	525	9
137688	1629	9
137688	108	10
137688	3657	9
137688	6804	8
137742	4359	9
137742	2122	10
137742	6821	10
137742	5932	10
137742	6494	9
137742	1388	9
137742	472	7
137742	341	6
137742	1744	8
137742	3275	10
137742	3278	10
137742	367	7
137742	4082	9
137742	764	10
137742	829	8
137742	480	5
137742	4488	8
137742	751	10
137742	5693	10
137803	6672	10
137803	6655	8
137803	478	8
137803	3143	9
137803	6854	8
137803	6375	10
137816	1171	9
137816	2747	9
137816	1144	9
137816	4842	8
137816	70	5
137816	2840	10
137816	3576	9
137816	1979	10
137816	2482	8
137816	6363	9
137816	1216	10
137816	3509	10
137816	1152	10
137816	978	7
137968	3530	10
137968	4457	9
137968	3225	9
137968	4133	9
137968	4310	10
137986	809	7
137986	3984	9
137986	2068	10
137986	2684	9
137986	426	9
138010	2465	10
138010	405	10
138010	4336	10
138010	744	6
138010	1660	9
138010	1876	10
138010	2356	9
138010	880	9
138010	67	10
138010	70	3
138010	711	8
138010	476	10
138010	4350	10
138018	2360	10
138018	182	9
138018	4026	10
138018	343	10
138018	1491	9
138018	4651	9
138018	214	9
138045	4542	8
138045	5667	10
138045	4921	10
138045	4574	9
138045	2827	8
138073	6771	9
138073	5813	10
138073	1476	8
138073	3970	10
138073	5815	10
138097	4545	8
138097	1333	10
138097	6633	9
138097	6548	10
138097	3942	10
138097	2955	9
138097	4561	10
138097	2956	8
138097	4562	9
138097	2957	10
138097	3975	10
138097	478	10
138097	6238	9
138097	4608	9
138097	3210	9
138097	6223	10
138097	5300	10
138097	2845	10
138100	2558	9
138100	2560	9
138100	2561	10
138100	6003	9
138100	4503	9
138100	2007	9
138124	4718	9
138124	5872	8
138124	5360	10
138124	1582	9
138124	4576	6
138138	6003	8
138138	4356	10
138138	5404	10
138138	1263	8
138138	6855	9
138138	2119	8
138176	2193	8
138176	1196	9
138176	723	9
138176	292	9
138176	3364	10
138176	6749	10
138176	6150	10
138176	4750	10
138176	6300	9
138189	3527	10
138189	581	5
138189	2918	7
138189	1185	8
138189	1190	8
138189	1626	7
138189	51	8
138189	5991	10
138189	4655	9
138189	1048	8
138193	1443	9
138193	931	9
138193	6856	9
138193	6478	9
138193	4685	10
138198	384	8
138198	447	9
138198	2243	10
138198	6857	9
138198	6787	10
138198	800	7
138198	745	10
138198	3883	8
138198	1105	9
138198	3612	10
138198	2922	10
138198	906	7
138198	2397	10
138198	1948	10
138198	1205	9
138198	4408	9
138198	2350	9
138198	1904	10
138198	519	10
138198	2516	9
138198	624	10
138198	6161	9
138198	6858	9
138198	991	9
138198	285	7
138198	2537	9
138198	6105	10
138198	4763	10
138202	4525	9
138202	1858	9
138202	2035	9
138202	3837	10
138202	178	8
138202	1448	8
138202	1811	9
138202	3220	10
138202	5355	8
138202	1841	10
138202	2697	8
138202	1106	8
138239	5083	10
138239	2014	10
138239	1962	9
138239	5101	10
138239	657	7
138239	730	9
138239	2165	10
138239	3931	8
138239	991	9
138239	4773	10
138307	778	9
138307	5785	10
138307	671	9
138307	5222	10
138307	3003	8
138330	776	8
138330	1102	8
138330	6839	8
138330	4156	10
138330	1082	9
138379	693	7
138379	1320	10
138379	588	10
138379	451	6
138379	590	7
138379	4123	9
138379	1765	10
138382	2031	8
138382	2694	9
138382	5269	8
138382	456	10
138382	2008	9
138425	2364	9
138425	1702	9
138425	6859	9
138425	5090	10
138425	1453	8
138441	696	10
138441	410	8
138441	386	10
138441	5681	9
138441	5132	9
138441	3607	10
138441	5188	9
138441	1780	10
138441	5775	10
138441	5493	9
138441	1278	9
138441	1368	10
138441	1847	9
138441	3755	9
138515	4449	9
138515	1291	8
138515	4515	8
138515	1694	9
138515	1572	8
138515	5225	10
138515	6586	10
138529	407	8
138529	5831	9
138529	5917	8
138529	4379	10
138529	210	10
138543	693	8
138543	3815	10
138543	643	9
138543	3186	10
138543	1109	9
138543	2703	10
138543	3520	9
138543	503	8
138543	5002	10
138543	1331	8
138543	3064	7
138543	537	9
138543	2478	9
138543	1115	7
138543	1596	8
138543	1117	8
138543	2763	7
138543	2706	10
138543	720	10
138543	1118	8
138543	1280	9
138543	4442	9
138543	6227	10
138543	2480	9
138543	2250	10
138543	65	10
138543	4027	9
138543	3376	10
138543	6172	9
138543	5505	9
138543	6054	9
138543	934	6
138543	1691	10
138543	5663	10
138543	4463	10
138543	4989	9
138543	6060	9
138543	1036	9
138543	5034	9
138543	382	8
138543	1037	10
138543	6061	8
138543	2741	10
138543	421	10
138543	941	9
138543	1788	9
138543	2005	10
138543	214	8
138543	6428	10
138543	352	9
138578	1247	9
138578	6056	8
138578	5525	10
138578	6600	10
138578	6594	10
138578	124	1
138578	532	9
138578	136	10
138578	1387	8
138578	4284	10
138578	4999	10
138578	3805	9
138578	5144	10
138578	958	8
138578	6774	9
138578	1193	7
138578	1195	10
138578	4498	10
138578	675	8
138578	6663	10
138578	238	10
138578	4980	10
138578	546	10
138578	4381	10
138578	657	4
138578	2142	10
138578	262	10
138578	6493	9
138578	5596	9
138578	3197	9
138578	41	8
138578	5140	8
138578	3424	10
138578	3442	7
138578	241	8
138578	943	10
138578	4879	8
138578	133	10
138602	816	10
138602	2282	10
138602	503	8
138602	3392	10
138602	4386	10
138602	2641	10
138602	3836	10
138602	5479	10
138602	5348	10
138602	5970	10
138602	2911	10
138602	472	7
138602	341	7
138602	2961	9
138602	932	9
138602	3796	10
138602	933	8
138602	6577	10
138602	605	10
138602	872	9
138602	4072	10
138602	782	9
138602	4837	10
138602	783	10
138602	4838	9
138602	5273	10
138602	4839	10
138602	4535	9
138602	8	10
138602	5274	9
138647	1554	10
138647	134	8
138647	6246	9
138647	142	10
138647	6365	8
138647	3573	10
138647	192	6
138647	882	10
138647	54	10
138674	972	9
138674	4542	9
138674	5049	9
138674	3196	10
138674	1891	9
138674	241	8
138777	446	10
138777	1731	8
138777	4545	10
138777	2443	10
138777	5633	10
138777	50	6
138777	61	7
138777	449	10
138777	1070	9
138777	2171	10
138777	938	9
138777	906	9
138777	434	6
138813	3632	9
138813	6214	9
138813	4898	9
138813	3172	10
138813	5314	10
138826	1999	9
138826	235	7
138826	2343	8
138826	1955	10
138826	1576	9
138844	6056	10
138844	693	7
138844	1806	9
138844	457	9
138844	643	9
138844	6769	10
138844	406	10
138844	251	10
138844	957	8
138844	243	5
138844	1391	10
138844	411	9
138844	4182	9
138844	2044	10
138844	2193	10
138844	653	8
138844	1773	8
138844	1186	8
138844	1058	8
138844	1190	9
138844	1660	10
138844	2912	8
138844	1249	9
138844	449	10
138844	1616	10
138844	723	8
138844	1686	9
138844	258	8
138844	1205	8
138844	2418	10
138844	3898	9
138844	1354	10
138844	3459	10
138844	1492	9
138844	2046	10
138844	592	6
138844	421	8
138844	4590	10
138844	214	10
138844	6777	10
138844	20	6
138844	404	7
138844	152	9
138849	4525	10
138849	4343	10
138849	1624	10
138849	1448	7
138849	381	8
138867	5311	10
138867	2255	10
138867	2256	9
138867	6500	10
138867	3814	8
138906	1022	10
138906	6042	10
138906	696	8
138906	668	9
138906	1705	9
138954	301	10
138954	1866	9
138954	1937	9
138954	3956	9
138954	2194	9
138954	704	9
138954	685	10
138955	1966	10
138955	3072	10
138955	4606	10
138955	613	8
138955	192	4
138995	487	9
138995	176	8
138995	6002	10
138995	616	9
138995	183	8
138995	3064	10
138995	537	9
138995	2478	9
138995	2334	8
138995	2847	8
138995	5100	10
138995	339	6
138995	2633	10
138995	1070	10
138995	2185	10
138995	1690	10
138995	3039	10
138995	4571	8
138995	1711	9
138995	92	10
138995	434	8
138995	127	8
138995	6588	10
138995	3387	9
138995	5482	9
138995	3388	10
138995	3389	10
138995	3390	8
138995	4321	8
138995	4322	10
138995	6342	10
138995	6259	10
138995	6260	8
139070	582	10
139070	1895	9
139070	2803	10
139070	2779	9
139070	3632	8
139070	1224	10
139070	3654	9
139070	4767	9
139070	744	6
139070	3539	8
139126	5472	10
139126	2096	10
139126	3661	9
139126	1321	8
139126	3387	10
139126	6357	10
139126	2524	10
139126	3389	9
139126	3390	9
139126	4321	9
139126	5175	10
139126	4322	10
139141	5356	10
139141	1683	9
139141	4958	10
139141	6296	10
139141	3248	9
139141	6344	10
139141	6271	9
139141	6240	9
139141	3030	10
139141	6592	10
139141	5650	10
139141	2621	9
139141	4996	10
139141	297	9
139206	4785	10
139206	1631	8
139206	5907	9
139206	6797	10
139206	2093	10
139206	2491	9
139243	1934	9
139243	303	10
139243	1939	9
139243	50	6
139243	1898	8
139243	3306	10
139243	3059	9
139243	6444	10
139243	3765	10
139243	6044	10
139287	153	10
139287	408	9
139287	1695	8
139287	6360	9
139287	3877	9
139359	3913	10
139359	409	8
139359	3611	10
139359	1259	9
139359	1680	8
139359	124	1
139359	3007	10
139359	634	7
139359	2194	9
139359	2504	10
139359	1491	8
139359	2968	10
139359	4713	9
139359	714	8
139359	1781	7
139359	5589	9
139359	6860	10
139359	213	10
139359	665	7
139359	1305	10
139359	1289	8
139376	338	7
139376	4770	9
139376	434	5
139376	6414	10
139376	6398	10
139376	784	9
139387	581	5
139387	1634	7
139387	510	10
139387	50	3
139387	124	1
139387	61	5
139387	1428	8
139387	708	8
139387	1058	8
139387	1193	8
139387	388	9
139387	5234	10
139387	715	7
139387	2404	9
139387	3256	8
139421	1104	8
139421	2212	10
139421	474	8
139421	2516	10
139421	1617	10
139462	6101	10
139462	1285	9
139462	3888	9
139462	1481	10
139462	3345	10
139462	1417	10
139467	4545	10
139467	1771	9
139467	1809	9
139467	575	9
139467	5299	9
139467	6435	10
139467	3466	8
139548	432	7
139548	451	6
139548	18	9
139548	613	8
139548	2744	8
139575	3610	9
139575	2803	10
139575	3524	9
139575	192	6
139575	5105	10
139586	3528	10
139586	586	9
139586	534	9
139586	3787	9
139586	960	10
139586	4600	10
139586	6525	10
139586	1355	9
139607	2243	9
139607	431	9
139607	730	8
139607	3459	10
139607	1457	9
139706	274	6
139706	3280	10
139706	6803	10
139706	501	7
139706	1761	9
139742	6446	10
139742	5586	10
139742	6788	10
139742	2494	8
139742	1698	10
139742	50	6
139742	1330	10
139742	5840	10
139742	5993	10
139742	1027	10
139742	2354	9
139742	1431	10
139742	1186	8
139742	2355	10
139742	540	7
139742	6584	10
139742	1269	9
139742	619	10
139742	5890	8
139742	1883	9
139742	4146	10
139742	218	10
139742	421	8
139742	6115	10
139742	4518	9
139742	2652	9
139742	5239	9
139742	5067	10
139742	2654	10
139742	6575	10
139827	6201	10
139827	394	10
139827	2282	10
139827	981	7
139827	5821	7
139827	2736	10
139827	541	9
139827	1124	10
139827	6010	10
139827	4883	10
139827	5682	9
139827	5342	8
139827	2262	10
139827	949	9
139827	6304	10
139827	3242	9
139827	5065	10
139827	1860	9
139827	18	8
139827	3361	8
139827	3362	9
139828	1630	8
139828	4953	9
139828	2934	8
139828	2935	9
139828	465	5
139828	1135	9
139828	2687	10
139828	1618	9
139828	5719	9
139828	27	10
139828	378	9
139828	3743	9
139828	348	9
139828	6599	9
139828	2877	9
139828	3219	9
139828	6465	8
139828	3760	9
139828	4082	9
139828	5121	10
139828	4646	9
139828	5580	10
139828	5440	10
139828	6813	10
139913	4593	8
139913	249	10
139913	1555	10
139913	5411	8
139913	458	9
139913	124	2
139913	1942	8
139913	252	9
139913	5263	10
139913	1179	9
139913	290	9
139913	1042	10
139913	1183	8
139913	1684	9
139913	4398	10
139913	141	10
139913	346	9
139913	5505	10
139913	1626	8
139913	6638	10
139913	1200	10
139913	380	9
139913	659	10
139913	258	10
139913	381	10
139913	801	10
139913	3548	8
139913	3290	9
139913	4022	10
139913	5285	8
139913	4093	8
139913	590	7
139913	2038	10
139913	2421	10
139913	4094	9
139913	367	8
139913	4082	8
139913	3175	8
139913	3177	10
139913	90	8
139913	1451	9
139913	4925	10
139913	516	9
139913	2718	9
139913	2103	10
139913	3023	10
139913	2407	9
139913	425	9
139913	33	10
139913	781	8
139913	569	10
139913	1457	10
139913	3006	10
139913	1075	8
139913	4772	8
139913	3160	10
139934	5467	9
139934	3530	10
139934	71	10
139934	5216	9
139934	3792	10
140000	3017	9
140000	4090	10
140000	207	7
140000	5383	10
140000	696	10
140000	1328	9
140000	394	9
140000	243	7
140000	124	1
140000	1942	9
140000	3092	10
140000	689	10
140000	5468	10
140000	1510	8
140000	684	8
140000	2044	8
140000	3191	9
140000	3922	9
140000	1406	10
140000	1186	6
140000	3420	10
140000	744	10
140000	1973	10
140000	1459	9
140000	66	7
140000	253	10
140000	1193	8
140000	903	9
140000	1901	7
140000	3240	9
140000	5362	10
140000	3985	10
140000	4163	10
140000	6	9
140000	6378	10
140000	1882	8
140000	657	5
140000	2771	10
140000	2511	9
140000	5985	10
140000	3177	9
140000	18	9
140000	1395	9
140000	127	6
140000	4095	10
140000	4314	9
140000	1667	10
140000	1208	9
140000	435	10
140000	2724	10
140000	6360	9
140000	4543	9
140000	790	10
140000	1544	9
140000	665	7
140000	4378	10
140000	2093	9
140000	1907	9
140000	6358	10
140000	4413	8
140000	1602	9
140000	156	9
140000	4440	10
140000	1848	9
140005	693	7
140005	3344	10
140005	2881	9
140005	6756	9
140005	4701	9
140005	3123	10
140036	2774	10
140036	4628	10
140036	4593	10
140036	533	6
140036	5987	9
140036	2928	9
140036	6837	10
140036	4854	10
140036	2272	8
140036	4739	10
140036	6823	10
140036	5022	8
140036	1669	10
140036	5971	10
140036	206	10
140036	3492	10
140036	4538	10
140036	5198	10
140036	2469	9
140036	4522	10
140069	5308	9
140069	1086	9
140069	66	9
140069	1121	10
140069	5753	9
140069	5704	10
140069	918	10
140069	919	10
140069	3098	10
140069	3950	9
140069	2053	9
140069	5883	10
140069	6518	9
140069	101	10
140069	6332	9
140069	1736	9
140080	5087	10
140080	20	6
140080	6374	10
140080	0	8
140087	2013	10
140087	811	10
140087	1418	9
140087	132	8
140087	2236	9
140167	4627	9
140167	4628	9
140167	3602	9
140167	2018	10
140167	5257	10
140167	2067	10
140167	4792	8
140167	77	8
140196	1243	10
140196	925	10
140196	124	2
140196	1146	8
140196	6861	10
140223	1630	8
140223	6034	10
140223	5171	9
140223	3083	7
140223	1428	7
140223	981	6
140223	244	10
140223	1407	9
140223	4033	10
140223	2737	9
140223	1261	7
140223	2097	10
140223	811	10
140223	5785	10
140223	2214	9
140223	1932	9
140223	2928	10
140223	433	9
140223	2741	10
140223	3042	10
140223	479	9
140223	3196	10
140223	875	9
140223	991	9
140223	784	7
140223	1154	8
140255	1109	10
140255	2240	10
140255	2387	9
140255	4385	10
140255	5787	10
140255	1627	10
140255	41	6
140255	2665	10
140255	861	10
140294	6456	10
140294	167	9
140294	440	8
140294	3463	9
140294	6177	9
140294	611	9
140294	2550	10
140340	581	4
140340	487	7
140340	1428	6
140340	451	5
140340	4676	9
140340	2420	10
140340	2459	10
140340	1730	8
140340	192	7
140340	241	10
140340	2235	8
140340	2732	10
140410	581	5
140410	532	9
140410	1405	8
140410	667	9
140410	16	7
140410	611	9
140451	5948	9
140451	611	9
140451	2578	9
140451	4202	8
140451	214	10
140555	1737	8
140555	6120	9
140555	1773	8
140555	5901	9
140555	2002	10
140555	6328	10
140555	2004	9
140555	1486	10
140555	5313	9
140555	6011	9
140555	861	10
140555	1212	7
140555	285	8
140555	1789	9
140662	1630	8
140662	405	8
140662	1253	8
140662	3520	10
140662	1093	10
140662	2044	8
140662	1773	9
140662	1827	9
140662	5368	10
140662	934	6
140662	2064	5
140662	545	10
140662	1626	6
140662	279	7
140662	51	6
140662	1690	9
140662	937	10
140662	4907	10
140662	3558	10
140662	1005	10
140662	4400	9
140662	6477	10
140662	41	6
140662	552	8
140662	5255	9
140662	103	9
140662	1847	10
140662	4327	8
140662	2746	10
140763	2554	9
140763	1895	7
140763	465	6
140763	410	7
140763	3109	8
140763	1789	9
140863	5923	10
140863	4706	10
140863	3161	9
140863	559	9
140879	4858	9
140879	565	8
140879	3766	8
140879	2023	9
140879	5182	9
140879	1855	10
140879	1530	9
140879	262	8
140879	590	4
140879	2832	9
140879	5619	9
140879	954	8
140879	404	9
141010	243	6
141010	124	2
141010	4331	10
141010	2098	9
141010	4219	9
141010	3093	8
141010	17	8
141010	3665	9
141010	4807	10
141010	426	8
141010	977	10
141010	247	10
141010	4088	10
141010	1152	8
141047	1247	8
141047	6828	10
141047	6047	7
141047	674	10
141047	6862	10
141065	4957	10
141065	185	7
141065	328	9
141065	265	10
141065	1615	10
141065	4459	9
141070	471	8
141070	472	8
141070	1105	10
141070	477	9
141070	2315	10
141070	480	8
141070	3144	9
141070	671	10
141089	1408	9
141089	6156	9
141089	4112	10
141089	4379	10
141089	4328	8
141089	5663	9
141089	750	10
141089	6680	10
141089	2312	10
141109	581	5
141109	2473	10
141109	2779	9
141109	5587	9
141109	6807	10
141109	246	8
141109	5853	10
141109	1150	9
141109	5880	10
141127	1382	10
141127	6649	9
141127	265	8
141127	367	9
141127	5944	10
141201	4952	10
141201	2705	9
141201	3561	10
141201	1103	8
141201	711	10
141210	5443	9
141210	2849	10
141210	440	7
141210	2857	8
141210	5717	10
141309	565	9
141309	651	8
141309	1941	9
141309	4702	10
141309	2458	10
141309	312	10
141310	2815	9
141310	901	9
141310	1254	10
141310	1928	10
141310	2151	10
141310	5427	10
141310	5301	8
141444	1806	9
141444	2954	9
141444	4998	10
141444	1783	8
141444	409	9
141444	458	10
141444	2587	10
141444	6737	10
141444	1490	8
141444	124	3
141444	183	9
141444	707	7
141444	5800	10
141444	2063	8
141444	4577	9
141444	1135	9
141444	1177	9
141444	1514	9
141444	1058	8
141444	2403	10
141444	1441	10
141444	2308	9
141444	1194	9
141444	4792	10
141444	5705	8
141444	5559	10
141444	2079	10
141444	892	9
141444	1340	7
141444	3456	9
141444	1104	9
141444	169	8
141444	1268	7
141444	656	8
141444	1269	9
141444	577	10
141444	973	10
141444	5552	9
141444	974	9
141444	1688	8
141444	1447	10
141444	3547	9
141444	4528	10
141444	279	8
141444	657	5
141444	5438	9
141444	2692	9
141444	3748	9
141444	3613	10
141444	1854	7
141444	2316	8
141444	1838	10
141444	1839	9
141444	2077	9
141444	805	10
141444	2516	8
141444	1301	9
141444	2713	9
141444	1416	10
141444	1212	8
141444	6451	9
141444	5022	9
141444	665	8
141444	942	8
141444	193	10
141444	155	9
141444	54	8
141444	2744	8
141444	1219	10
141491	2545	8
141491	35	8
141491	693	7
141491	4152	9
141491	465	5
141491	5467	10
141491	4182	9
141491	1183	9
141491	1773	8
141491	5504	10
141491	745	9
141491	540	7
141491	1901	10
141491	6110	10
141491	2070	8
141491	1238	9
141491	3156	9
141491	6860	10
141491	331	10
141491	4519	9
141491	1602	8
141491	1603	8
141491	5331	9
141493	6863	8
141493	2465	9
141493	693	8
141493	1169	9
141493	5671	9
141493	1253	8
141493	50	5
141493	1291	7
141493	1820	10
141493	1510	8
141493	1592	9
141493	1512	8
141493	2190	10
141493	1235	10
141493	1249	9
141493	5444	10
141493	6566	10
141493	971	8
141493	1269	7
141493	77	8
141493	1717	10
141493	185	10
141493	365	9
141493	3093	9
141493	1626	8
141493	453	9
141493	4140	9
141493	5517	10
141493	4346	9
141493	609	10
141493	2772	10
141493	592	7
141493	2345	9
141493	3156	9
141493	612	10
141493	163	9
141493	2346	8
141493	149	10
141493	6484	8
141493	5857	10
141493	2888	10
141493	4851	10
141493	3037	10
141493	4459	10
141493	781	8
141493	913	10
141493	1602	9
141493	1603	7
141493	4538	9
141493	1908	9
141493	3159	10
141493	404	7
141493	501	8
141493	1761	9
141511	1934	10
141511	1783	10
141511	1086	10
141511	754	10
141511	124	2
141511	533	8
141511	1942	9
141511	1194	10
141511	3170	8
141511	341	8
141511	5987	9
141511	5401	8
141511	6635	10
141511	1260	10
141511	2057	8
141511	1207	9
141511	3966	10
141511	2983	7
141511	2463	10
141600	3118	10
141600	5275	9
141600	3493	9
141600	4646	8
141600	5936	10
141600	5976	10
141704	72	9
141704	1981	10
141704	6822	10
141704	108	10
141704	285	8
141710	428	8
141710	1630	9
141710	4736	10
141710	1895	9
141710	2917	8
141710	5633	9
141710	50	6
141710	1822	9
141710	5709	9
141710	1941	8
141710	1700	9
141710	233	10
141710	3373	9
141710	1180	9
141710	3949	9
141710	4398	9
141710	1261	7
141710	1777	10
141710	1928	10
141710	3213	10
141710	451	5
141710	4305	10
141710	2883	9
141710	5833	10
141710	3241	9
141710	6482	9
141710	3175	9
141710	803	7
141710	3177	8
141710	1451	10
141710	5733	10
141710	3243	10
141710	240	10
141710	1273	9
141710	232	8
141710	6252	9
141710	157	8
141710	404	6
141710	1141	9
141719	693	7
141719	3520	9
141719	274	6
141719	3512	9
141719	3074	8
141719	1776	10
141719	2725	9
141719	5243	10
141719	5496	9
141719	637	10
141719	1132	10
141805	5926	10
141805	1624	10
141805	441	10
141805	2046	9
141805	2724	10
141819	2492	10
141819	4278	10
141819	128	10
141819	5646	10
141819	6743	10
141819	41	8
141819	4729	10
141819	6864	10
141819	20	6
141871	1555	10
141871	251	10
141871	3348	10
141871	5734	10
141871	6856	8
141871	6829	10
141871	214	9
141871	2907	10
141888	6143	8
141888	235	7
141888	338	5
141888	340	8
141888	246	8
141901	2892	9
141901	1731	9
141901	409	8
141901	1942	8
141901	4821	10
141901	2193	8
141901	6320	10
141901	4016	10
141901	3306	9
141901	903	10
141901	747	10
141901	2034	10
141901	77	9
141901	935	8
141901	3789	8
141901	2004	9
141901	210	9
141901	3177	10
141901	4293	9
141901	4157	10
141901	2174	9
141901	6428	10
141901	633	10
141902	124	1
141902	536	8
141902	6456	9
141902	1773	9
141902	1442	10
141902	6548	9
141902	2329	9
141902	279	9
141902	657	5
141902	4114	9
141902	2883	8
141902	5731	9
141902	1138	10
141902	5537	9
141902	2413	8
141902	5896	10
141902	1603	8
141902	952	10
141902	2469	8
141958	4014	8
141958	1643	9
141958	385	10
141958	1938	10
141958	3083	7
141958	1821	9
141958	1329	9
141958	4821	10
141958	6865	10
141958	6544	10
141958	1104	9
141958	1446	8
141958	246	9
141958	5814	9
141958	4982	8
141958	4261	9
141958	5985	9
141958	2428	10
141958	1861	10
141958	4623	9
141958	6816	8
142005	1619	9
142005	4673	10
142005	4939	10
142005	3581	9
142005	622	8
142005	4483	10
142017	5302	10
142017	6846	9
142017	3976	10
142017	2071	10
142017	3660	8
142017	3279	9
142062	446	8
142062	1168	10
142062	1942	10
142062	6620	10
142062	2196	9
142062	603	9
142062	4326	10
142062	1527	9
142062	589	7
142062	1639	8
142062	1640	9
142062	4967	10
142062	590	6
142062	2459	9
142062	1986	10
142062	876	9
142121	693	7
142121	492	10
142121	862	7
142121	176	9
142121	1253	9
142121	1086	10
142121	1770	7
142121	3632	10
142121	1259	8
142121	393	9
142121	1940	10
142121	586	8
142121	1428	8
142121	4495	9
142121	2402	10
142121	3971	10
142121	4931	10
142121	3807	9
142121	2920	7
142121	3564	9
142121	2293	9
142121	3136	10
142121	4391	10
142121	4392	9
142121	6866	10
142121	2253	8
142121	6449	8
142121	2951	8
142121	657	6
142121	440	10
142121	3781	10
142121	1931	9
142121	636	10
142121	4701	10
142121	3381	10
142121	127	7
142121	6330	9
142121	5733	8
142121	192	7
142121	500	9
142121	1550	10
142121	1818	9
142134	1247	10
142134	2193	7
142134	4667	9
142134	6776	9
142134	2330	10
142134	3407	9
142143	910	7
142143	1403	10
142143	1898	9
142143	2690	10
142143	1946	7
142143	1528	10
142143	481	9
142143	2890	10
142212	1585	10
142212	3783	9
142212	5110	9
142212	2481	7
142212	4977	9
142212	2736	10
142212	4852	10
142212	4853	10
142212	3634	10
142212	3321	9
142212	4511	9
142212	4527	9
142212	31	10
142212	1379	10
142212	3361	9
142212	6478	10
142253	4671	9
142253	627	10
142253	6441	9
142253	934	7
142253	1271	10
142256	3419	8
142256	2871	9
142256	405	10
142256	5811	10
142256	227	6
142256	208	8
142256	5084	10
142256	2354	8
142256	1190	8
142256	3247	10
142256	3453	9
142256	1196	9
142256	449	9
142256	6548	10
142256	361	10
142256	4651	10
142256	2056	10
142256	5826	10
142256	3735	10
142256	185	9
142256	2205	10
142256	82	9
142256	5929	8
142256	3612	9
142256	3093	9
142256	2026	7
142256	2883	10
142256	590	4
142256	1205	8
142256	4151	10
142256	2857	8
142256	4307	8
142256	1627	7
142256	342	9
142256	5115	9
142256	5195	10
142256	3031	10
142256	4968	9
142256	781	5
142256	2207	10
142256	1218	10
142398	244	8
142398	5335	10
142398	3550	6
142398	3573	9
142398	1370	9
142442	5475	10
142442	5476	10
142442	5477	10
142442	5478	9
142442	452	10
142442	6294	10
142442	1763	10
142479	693	7
142479	5083	10
142479	6100	10
142479	583	9
142479	4479	10
142479	2360	9
142479	1871	9
142479	1172	10
142479	4715	10
142479	2393	10
142479	50	5
142479	243	6
142479	1176	9
142479	634	8
142479	4062	10
142479	6690	9
142479	130	10
142479	674	10
142479	2789	9
142479	488	9
142479	4770	10
142479	1752	10
142479	1417	10
142479	192	6
142479	2669	10
142479	313	9
142479	20	7
142479	1990	9
142565	5063	9
142565	1179	10
142565	3273	9
142565	2070	10
142565	2859	8
142565	2398	7
142579	6778	10
142579	1824	9
142579	1586	10
142579	4526	10
142579	6867	10
142579	5763	9
142579	3286	8
142579	3321	7
142579	3789	10
142579	5112	9
142579	1883	8
142579	196	9
142579	379	9
142579	3355	10
142579	4022	9
142579	4428	9
142579	2027	9
142579	2850	10
142579	147	10
142579	4400	9
142579	3751	9
142579	2376	10
142579	6345	10
142579	5775	9
142579	6628	10
142579	1847	10
142579	1848	9
142584	693	6
142584	1330	9
142584	1263	10
142584	2064	7
142584	16	9
142584	4051	8
142584	17	8
142584	3973	8
142584	418	10
142584	3315	10
142584	551	10
142584	2362	9
142600	1494	10
142600	3882	10
142600	2091	10
142600	1449	9
142600	6177	9
142600	1628	10
142600	20	6
142600	157	8
142600	404	7
142623	6868	10
142623	446	9
142623	4858	10
142623	2776	10
142623	2494	9
142623	5141	9
142623	533	7
142623	586	10
142623	3064	7
142623	6632	10
142623	1146	10
142623	3518	10
142623	629	10
142623	2505	9
142623	2849	10
142623	2740	9
142623	3765	9
142623	4169	10
142623	3810	9
142661	6629	10
142661	1510	8
142661	1071	8
142661	266	10
142661	1211	10
142661	6735	10
142661	3165	10
142671	5335	9
142671	1603	7
142671	2863	8
142671	1074	10
142671	3589	10
142671	5606	9
142672	537	8
142672	2478	9
142672	4897	10
142672	482	9
142672	5239	10
142680	806	9
142680	6606	10
142680	486	7
142680	5353	10
142680	2817	9
142680	1942	8
142680	708	10
142680	2479	9
142680	1190	9
142680	1347	10
142680	1416	10
142680	1578	10
142715	5052	10
142715	581	4
142715	6568	10
142715	124	1
142715	1179	8
142715	653	10
142715	958	10
142715	1560	10
142715	414	8
142715	543	10
142715	145	9
142715	5986	9
142715	657	6
142715	2955	8
142715	1205	7
142715	4746	10
142715	3210	10
142715	425	10
142715	2119	8
142715	3480	9
142715	2143	9
142745	3141	10
142745	3244	10
142745	2145	10
142745	2936	9
142745	3914	9
142745	678	8
142745	1285	10
142745	1055	7
142745	6869	10
142745	744	8
142745	634	8
142745	5559	10
142745	5335	10
142745	2961	9
142745	218	10
142745	6043	10
142745	3359	9
142745	426	8
142745	5854	10
142745	460	9
142745	1436	8
142745	6401	10
142745	5963	10
142801	5700	10
142801	774	8
142801	934	7
142801	877	9
142801	1073	9
142817	701	8
142817	3472	9
142817	3649	10
142817	1063	10
142817	4116	9
142817	5425	9
142823	1108	10
142823	2434	10
142823	285	6
142823	4473	10
142823	527	10
142823	594	9
142861	3879	10
142861	1055	7
142861	2356	10
142861	6097	8
142861	1219	8
143009	1230	9
143009	2662	10
143009	27	9
143009	2550	10
143009	151	9
143011	1164	10
143011	740	10
143011	1679	10
143011	3114	9
143011	3055	9
143011	832	9
143103	6375	10
143103	1	10
143103	3	10
143103	4	10
143134	153	10
143134	628	10
143134	703	10
143134	997	8
143134	160	8
143134	144	8
143134	3300	10
143134	737	10
143134	481	10
143163	581	5
143163	4764	10
143163	3350	10
143163	67	10
143163	3925	9
143163	341	7
143163	4007	8
143163	1626	5
143163	279	8
143163	51	9
143163	1690	8
143163	2217	9
143163	1853	9
143163	6055	9
143163	2315	9
143163	622	9
143163	5667	9
143163	3753	9
143163	40	10
143163	31	10
143163	1379	10
143163	4598	10
143163	2110	10
143163	4246	9
143163	1753	8
143163	3243	10
143163	4992	8
143163	833	10
143163	1629	9
143163	4623	8
143163	241	9
143163	991	10
143163	6777	10
143163	2745	9
143163	501	8
143163	2749	8
143211	4919	10
143211	2854	9
143211	981	7
143211	4253	10
143211	2190	10
143211	1441	9
143211	6773	10
143211	3289	9
143211	66	10
143211	4397	9
143211	1045	9
143211	3774	10
143211	3789	10
143211	294	10
143211	1625	9
143211	2053	10
143211	41	7
143211	1396	8
143211	1397	10
143211	841	10
143253	4160	9
143253	3105	10
143253	407	7
143253	3032	10
143253	392	8
143253	124	2
143253	6787	10
143253	2122	9
143253	2066	10
143253	3960	8
143253	432	8
143253	51	8
143253	937	10
143253	4501	9
143253	5731	10
143253	3640	9
143253	1614	9
143253	5385	9
143253	5386	9
143253	2108	10
143253	2153	10
143253	4551	10
143253	6137	9
143253	6665	10
143253	2154	10
143253	192	7
143253	423	10
143253	5446	10
143253	2531	10
143253	1072	10
143253	1073	10
143294	5262	9
143294	135	9
143294	4091	10
143294	2543	10
143294	379	8
143294	6638	9
143294	4214	10
143294	1914	10
143294	98	9
143294	3363	9
143294	5774	9
143294	5775	10
143302	457	9
143302	4545	8
143302	698	10
143302	533	6
143302	987	9
143302	1574	6
143302	5105	10
143388	17	10
143388	937	9
143388	3307	10
143388	4157	10
143388	314	10
143388	54	8
143400	409	8
143400	3724	10
143400	1205	7
143400	2981	10
143400	214	7
143415	6647	10
143415	3610	10
143415	446	9
143415	2554	7
143415	4858	10
143415	6327	9
143415	447	9
143415	2816	9
143415	1001	10
143415	2409	8
143415	4688	10
143415	5466	9
143415	3632	8
143415	774	8
143415	4495	8
143415	4580	9
143415	2394	9
143415	1135	8
143415	1943	9
143415	1684	9
143415	2555	10
143415	2390	9
143415	6632	8
143415	3700	10
143415	5151	10
143415	2387	8
143415	308	10
143415	6701	9
143415	5031	8
143415	1686	8
143415	4844	10
143415	1855	9
143415	1830	10
143415	948	9
143415	417	10
143415	2391	10
143415	4796	8
143415	749	9
143415	3072	9
143415	1948	10
143415	1854	9
143415	830	8
143415	3670	9
143415	6129	10
143415	3582	9
143415	5082	10
143415	4863	10
143415	3243	9
143415	2119	8
143415	2201	9
143415	3482	10
143415	6394	10
143415	285	6
143415	6252	10
143415	773	9
143415	1140	9
143415	1152	10
143415	1141	8
143415	4773	9
143427	6870	9
143427	2070	8
143427	6399	10
143427	3650	10
143427	4636	10
143497	883	10
143497	4867	10
143497	1109	8
143497	1501	10
143497	1770	10
143497	287	10
143497	615	8
143497	50	7
143497	6075	10
143497	3440	9
143497	160	8
143497	614	7
143497	5936	10
143715	1164	10
143715	1651	9
143715	3632	6
143715	534	9
143715	6807	9
143715	5718	9
143715	3170	10
143715	2650	10
143715	4257	9
143715	5859	10
143715	1415	9
143715	1954	10
143715	6818	10
143715	2119	10
143715	5196	10
143715	1367	10
143715	6139	9
143715	6268	10
143743	3528	9
143743	412	9
143743	1190	8
143743	575	10
143743	4713	9
143743	4812	9
143743	3125	9
143792	5920	10
143792	581	4
143792	1284	8
143792	1156	9
143792	1783	9
143792	4588	10
143792	6871	9
143792	1520	9
143792	1975	10
143792	1977	10
143792	2435	8
143792	1600	10
143792	246	8
143792	657	6
143792	6158	10
143792	3991	10
143792	18	7
143792	6225	10
143792	3679	9
143792	6389	9
143792	6872	10
143809	446	8
143809	3520	9
143809	4183	10
143809	1186	7
143809	1158	7
143809	538	9
143809	4759	9
143809	1205	10
143809	5589	9
143809	1207	7
143809	1415	10
143809	4892	9
143837	3714	8
143837	394	8
143837	4614	9
143837	1102	8
143837	3720	10
143837	3721	8
143837	2080	9
143837	2992	10
143837	2329	10
143837	340	6
143837	4007	10
143837	4513	10
143837	6763	10
143837	380	8
143837	801	8
143837	3549	9
143837	4408	9
143837	736	9
143837	991	8
143837	5381	9
143909	6570	10
143909	301	10
143909	926	9
143909	901	8
143909	628	10
143909	1225	10
143909	1159	10
143909	4589	10
143909	6569	10
143909	1945	9
143909	933	10
143909	2692	10
143909	2713	8
143909	6757	10
143909	6292	10
143909	1963	10
143939	1808	9
143939	169	6
143939	77	8
143939	997	8
143939	3797	10
143939	1836	10
143939	1211	10
143964	1156	10
143964	3495	10
143964	471	9
143964	5417	10
143964	2046	9
143964	1602	7
143964	3088	8
143964	1603	9
143964	2532	9
143964	2863	9
143964	2864	8
143964	2168	10
143964	2865	10
143964	2533	10
143964	1369	9
143964	133	9
143964	555	10
143964	2469	8
143965	5280	9
143965	1981	9
143965	3384	10
143965	730	8
143965	2609	10
143965	3416	8
143965	3325	10
143965	3858	9
143968	1935	9
143968	496	10
143968	407	8
143968	2188	8
143968	1291	7
143968	1490	10
143968	1391	10
143968	3120	9
143968	3373	9
143968	1516	10
143968	617	10
143968	2919	6
143968	548	9
143968	5810	10
143968	5415	10
143968	552	7
143968	423	10
143968	6292	9
143968	3424	9
143968	1953	9
143968	3111	10
143968	2744	9
143968	4840	9
144017	865	10
144017	2755	10
144017	934	7
144017	2634	10
144017	2714	10
144038	1737	7
144038	2554	10
144038	3116	7
144038	3714	10
144038	693	6
144038	862	8
144038	6302	10
144038	2457	10
144038	3956	10
144038	2918	10
144038	1259	9
144038	957	8
144038	3604	9
144038	2569	9
144038	2750	8
144038	6410	10
144038	1431	9
144038	634	8
144038	2317	9
144038	3059	10
144038	4050	10
144038	3727	9
144038	1568	9
144038	938	10
144038	4262	10
144038	2620	9
144038	239	10
144038	1414	10
144038	3709	10
144038	5092	8
144038	192	6
144038	2669	9
144038	313	9
144038	285	8
144038	1988	10
144062	2360	9
144062	1259	9
144062	3194	10
144062	1002	9
144062	997	8
144062	3243	9
144062	716	9
144151	4661	10
144151	6442	10
144151	774	9
144151	6632	10
144151	478	9
144151	4794	10
144151	6225	8
144151	285	7
144194	1291	8
144194	1773	8
144194	5987	10
144194	4989	10
144194	5034	10
144194	383	10
144194	1397	10
144194	4405	10
144223	6792	9
144223	3224	10
144223	1269	8
144223	5401	10
144223	568	9
144223	4640	9
144223	3387	9
144229	1869	9
144229	4098	10
144229	5464	10
144229	4838	9
144229	2524	10
144229	4839	8
144241	3757	8
144241	6836	9
144241	4681	9
144241	372	9
144241	4682	10
144255	883	9
144255	5271	9
144255	4418	10
144255	50	6
144255	534	10
144255	2568	9
144255	1177	10
144255	6869	10
144255	2327	10
144255	1444	9
144255	67	9
144255	3194	7
144255	170	8
144255	77	9
144255	997	7
144255	6306	10
144255	2070	7
144255	934	7
144255	3353	10
144255	2717	9
144255	794	9
144255	6715	10
144255	1853	8
144255	590	5
144255	210	8
144255	1667	8
144255	5652	10
144255	3443	10
144255	6732	10
144255	404	6
144255	3470	10
144315	883	8
144315	2936	10
144315	1291	5
144315	218	10
144315	1048	9
144318	1636	9
144318	1328	7
144318	1821	9
144318	1329	9
144318	391	9
144318	393	10
144318	394	8
144318	411	8
144318	3766	7
144318	3696	9
144318	6272	10
144318	140	9
144318	5075	9
144318	347	8
144318	5284	10
144318	1881	10
144318	6455	9
144318	5843	8
144318	1241	9
144318	2710	9
144318	4323	10
144318	5689	8
144318	3416	7
144318	1854	9
144318	803	9
144318	3177	9
144318	5290	9
144318	3692	10
144318	1914	10
144318	1730	9
144318	1694	10
144318	267	7
144318	5230	8
144318	3588	10
144318	6595	10
144318	3280	9
144318	3695	8
144455	2317	8
144455	3133	10
144455	5968	9
144455	5517	9
144455	6190	9
144455	174	10
144455	3790	10
144455	5771	10
144455	2469	8
144478	2545	9
144478	3083	8
144478	1701	9
144478	800	8
144478	164	9
144478	4834	9
144478	5801	9
144478	2079	10
144478	4112	10
144478	341	9
144478	170	5
144478	6	9
144478	2064	9
144478	4596	9
144478	4165	10
144478	712	9
144478	4451	10
144478	736	10
144478	514	9
144478	329	9
144478	5583	10
144478	192	6
144478	4459	10
144516	486	7
144516	405	10
144516	406	8
144516	809	8
144516	6075	9
144516	243	6
144516	2324	7
144516	2394	9
144516	5387	9
144516	1058	7
144516	1193	8
144516	1616	7
144516	723	7
144516	604	10
144516	6186	10
144516	210	10
144531	1553	9
144531	3795	9
144531	1166	9
144531	1169	9
144531	1555	8
144531	1867	9
144531	910	7
144531	1636	8
144531	5259	10
144531	391	8
144531	1586	9
144531	394	9
144531	243	6
144531	124	1
144531	1027	9
144531	6805	10
144531	2591	8
144531	1517	10
144531	1518	10
144531	6873	10
144531	345	10
144531	4743	9
144531	140	9
144531	3720	10
144531	77	10
144531	2293	10
144531	5410	9
144531	4812	9
144531	6802	10
144531	219	9
144531	1100	10
144531	367	7
144531	4911	10
144531	267	8
144531	738	9
144531	5211	10
144531	214	7
144531	665	6
144531	1398	10
144531	2963	10
144531	2744	9
144531	978	8
144531	3895	10
144555	1805	9
144555	492	9
144555	243	7
144555	124	1
144555	5332	9
144555	708	8
144555	6041	10
144555	2044	7
144555	3983	10
144555	1441	8
144555	3318	9
144555	1195	9
144555	3634	10
144555	1104	9
144555	6	8
144555	675	7
144555	3072	10
144555	590	5
144555	1985	9
144555	5230	9
144555	5952	9
144555	151	9
144555	1052	10
144555	285	6
144619	250	10
144619	1938	8
144619	1707	10
144619	2063	8
144619	720	9
144619	2354	8
144619	159	9
144619	644	9
144619	645	10
144619	2034	9
144619	4699	9
144619	3180	8
144619	4400	8
144619	3862	10
144619	2552	10
144619	188	10
144632	2191	10
144632	141	8
144632	6658	8
144632	2337	10
144632	3461	10
144667	5383	10
144667	3591	10
144667	1524	9
144667	3321	9
144667	3135	7
144667	330	10
144667	2808	10
144667	4686	9
144667	268	10
144707	1229	9
144707	4910	8
144707	1527	10
144707	589	8
144707	1639	9
144707	1640	8
144707	4676	9
144707	3360	10
144727	5044	10
144727	2064	8
144727	379	9
144727	4621	10
144727	6563	10
144727	2109	10
144828	486	6
144828	1747	9
144828	1177	8
144828	1104	8
144828	85	9
144828	3029	9
144828	2823	8
144828	3588	10
144828	2744	9
144828	4729	8
144899	5529	10
144899	3059	9
144899	540	8
144899	3232	10
144899	6436	10
144899	4195	10
144899	3729	9
144910	2557	10
144910	2558	8
144910	2561	9
144910	571	10
144910	50	5
144910	6756	10
144910	5949	10
144910	608	8
144910	4438	10
144910	3765	10
144910	2199	10
144925	5901	10
144925	1626	8
144925	6444	10
144925	210	8
144925	41	9
144925	836	8
144953	532	9
144953	1447	9
144953	3093	9
144953	379	6
144953	146	10
144997	957	8
144997	3836	10
144997	538	9
144997	5459	9
144997	3556	10
144997	1931	10
145003	4351	8
145003	1701	10
145003	4600	10
145003	2396	8
145003	4826	9
145109	5563	10
145109	4733	10
145109	274	4
145109	1079	9
145109	3429	10
145109	5248	9
145109	6838	10
145109	2011	9
145109	5402	9
145109	5403	8
145109	6517	10
145109	4475	9
145109	784	7
145165	59	8
145165	3311	9
145165	1271	10
145165	2796	8
145165	2648	9
145165	3779	10
145165	157	9
145165	1550	10
145165	404	8
145218	227	8
145218	2784	10
145218	1225	9
145218	5640	10
145218	3085	9
145369	2545	10
145369	532	9
145369	1292	10
145369	1387	10
145369	1229	10
145369	5332	9
145369	6850	10
145369	2604	9
145369	338	7
145369	2064	8
145369	543	9
145369	1447	9
145369	3506	10
145369	3093	10
145369	4596	8
145369	1760	9
145369	501	7
145369	1761	8
145449	447	10
145449	2959	10
145449	5148	9
145449	6316	10
145449	910	9
145449	3632	9
145449	1587	10
145449	393	10
145449	6874	10
145449	6875	10
145449	6106	10
145449	3761	10
145449	6107	10
145449	6108	10
145449	1490	7
145449	6403	10
145449	5947	8
145449	634	7
145449	4618	9
145449	3294	9
145449	4398	7
145449	5362	10
145449	5334	9
145449	341	7
145449	2141	9
145449	130	10
145449	934	7
145449	5827	10
145449	3546	10
145449	2717	9
145449	975	10
145449	1096	10
145449	5646	10
145449	6311	9
145449	517	10
145449	636	9
145449	3464	10
145449	3465	10
145449	3381	9
145449	2889	9
145449	4509	10
145449	4211	8
145449	4310	9
145449	752	9
145449	848	10
145449	850	10
145449	854	10
145449	157	8
145449	404	7
145449	1219	9
145543	1055	9
145543	1259	9
145543	61	8
145543	1916	10
145543	2920	10
145543	1205	7
145543	3729	9
145619	50	5
145619	4057	10
145619	1307	10
145619	6821	9
145619	414	8
145619	937	9
145619	2513	9
145619	3099	10
145619	3639	10
145619	3861	10
145619	4115	8
145619	6206	10
145619	3360	10
145619	3853	10
145619	5038	10
145619	2624	10
145619	102	9
145619	781	8
145641	428	7
145641	883	8
145641	2871	10
145641	693	7
145641	59	7
145641	1253	7
145641	4998	10
145641	2659	9
145641	243	6
145641	683	10
145641	1773	9
145641	235	7
145641	3074	10
145641	1776	9
145641	278	9
145641	1626	6
145641	6383	9
145641	4956	10
145641	5380	10
145641	267	9
145641	592	6
145641	3222	10
145641	421	10
145641	4030	8
145641	2413	10
145641	1671	10
145641	991	9
145641	1219	8
145644	4461	10
145644	4462	10
145644	4848	10
145644	36	10
145644	390	10
145737	1247	9
145737	5503	9
145737	595	10
145737	50	5
145737	3956	8
145737	243	5
145737	2324	9
145737	3425	10
145737	1898	7
145737	634	9
145737	2078	9
145737	68	9
145737	6524	10
145737	963	9
145737	425	9
145737	2413	9
145737	4762	9
145861	4036	9
145861	464	10
145861	1745	10
145861	1365	10
145861	3367	9
145861	6470	10
145861	5748	10
145887	1179	7
145887	1519	10
145887	4931	10
145887	5600	10
145959	2324	10
145959	2044	7
145959	6298	9
145959	6150	10
145959	2235	10
146057	6863	10
146057	5910	9
146057	3257	9
146057	6233	10
146057	5532	9
146057	5371	10
146057	346	9
146057	4725	9
146057	4726	10
146057	961	9
146057	6566	10
146057	3952	10
146057	6558	9
146057	3290	10
146057	1100	8
146057	419	10
146057	4455	10
146057	6356	10
146078	3472	8
146078	1308	9
146078	966	9
146078	1309	8
146078	142	10
146078	5966	10
146078	145	10
146078	218	10
146078	1238	10
146078	174	8
146078	4116	10
146078	5971	9
146078	6395	9
146083	4000	8
146083	4952	10
146083	3656	9
146083	329	9
146083	6293	10
146083	5199	10
146113	59	8
146113	3932	10
146113	2188	10
146113	1285	10
146113	4181	10
146113	50	5
146113	1504	9
146113	1328	7
146113	1821	9
146113	1329	9
146113	393	10
146113	536	9
146113	3267	10
146113	6230	10
146113	5420	8
146113	1559	10
146113	628	9
146113	1421	8
146113	6369	10
146113	2502	8
146113	1826	10
146113	6873	10
146113	1828	10
146113	2633	9
146113	4371	9
146113	309	9
146113	451	5
146113	322	10
146113	728	9
146113	1744	9
146113	1831	10
146113	5341	10
146113	3849	10
146113	4094	9
146113	1734	9
146113	2722	10
146113	90	8
146113	4167	10
146113	1837	10
146113	1838	10
146113	5115	10
146113	2696	9
146113	3252	10
146113	4445	10
146113	202	10
146113	6823	10
146113	4949	9
146113	4310	9
146113	248	10
146113	6265	8
146113	1850	10
146113	1959	10
146175	4774	10
146175	124	1
146175	358	9
146175	2336	10
146175	4114	8
146175	1321	10
146175	1106	10
146175	192	6
146175	2469	8
146207	3951	9
146207	1042	9
146207	77	9
146207	1004	10
146207	3692	10
146207	4214	10
146207	736	9
146207	3643	9
146207	2173	8
146230	4624	8
146230	4593	9
146230	557	9
146230	4486	9
146230	600	10
146230	316	10
146230	4452	9
146230	3349	10
146230	3431	10
146230	645	9
146230	2690	8
146230	896	10
146230	471	8
146230	291	9
146230	292	10
146230	1686	9
146230	2508	10
146230	5665	10
146230	934	8
146230	3358	9
146230	5163	10
146230	3948	10
146230	3207	9
146230	298	10
146230	1053	9
146266	2191	8
146266	644	10
146266	896	9
146266	995	10
146266	5632	8
146266	5605	8
146266	2550	10
146266	716	10
146298	5348	9
146298	4150	10
146298	3276	10
146298	3278	10
146298	3992	9
146345	4565	10
146345	649	8
146345	4514	9
146345	2717	10
146345	6822	9
146345	2551	9
146345	4199	10
146345	2553	9
146345	4819	9
146348	817	10
146348	6123	9
146348	5086	10
146348	3106	10
146348	1872	9
146348	61	7
146348	586	9
146348	235	8
146348	645	9
146348	4980	10
146348	3549	7
146348	4796	10
146348	803	6
146348	5667	10
146348	1767	9
146348	6330	9
146348	5726	10
146348	6598	10
146348	4797	10
146348	2886	8
146348	4401	10
146348	5326	10
146348	460	8
146348	5790	10
146348	844	9
146348	1015	9
146348	846	9
146348	594	10
146348	5595	10
146348	119	9
146348	3227	10
146386	3687	10
146386	532	10
146386	4359	9
146386	5343	10
146386	758	8
146386	5734	9
146386	1388	9
146386	3488	10
146386	4615	10
146386	379	9
146386	5229	10
146386	3746	10
146386	3747	10
146386	1923	10
146386	224	8
146386	225	9
146386	1091	10
146386	3398	8
146421	1221	9
146421	696	9
146421	1651	9
146421	3119	9
146421	2296	9
146421	6614	10
146421	2744	10
146530	1291	8
146530	124	1
146530	234	10
146530	70	2
146530	145	10
146530	1883	9
146530	5393	9
146530	3424	9
146530	6669	9
146530	3027	10
146564	6612	7
146564	2190	8
146564	1627	8
146564	3665	8
146564	4701	10
146564	2272	10
146573	693	7
146573	1620	10
146573	3060	8
146573	1702	9
146573	1363	9
146573	1697	9
146641	4349	8
146641	493	9
146641	6371	10
146641	483	9
146699	3236	8
146699	971	7
146699	77	7
146699	4165	10
146699	162	10
146778	465	5
146778	1114	9
146778	1428	9
146778	2974	10
146778	831	7
146778	6671	9
146803	3409	9
146803	1247	8
146803	1248	10
146803	465	5
146803	335	9
146803	2010	9
146803	1490	9
146803	1558	10
146803	24	8
146803	2327	10
146803	1444	9
146803	67	9
146803	159	10
146803	3194	8
146803	645	9
146803	320	10
146803	70	2
146803	1709	10
146803	236	10
146803	3235	10
146803	5362	9
146803	4945	9
146803	341	5
146803	498	8
146803	4929	9
146803	6512	10
146803	4643	10
146803	2084	9
146803	6359	10
146803	4296	10
146803	1315	9
146803	434	7
146803	6758	9
146803	2723	10
146803	1856	10
146803	3480	9
146803	5896	10
146803	5775	10
146803	5381	10
146803	1457	9
146803	5784	9
146803	5878	10
146803	1370	9
146855	2169	8
146855	1253	7
146855	3603	9
146855	124	2
146855	1771	9
146855	451	6
146855	730	7
146855	5663	9
146855	590	5
146874	384	8
146874	1823	9
146874	2854	10
146874	4920	10
146874	3480	9
146932	4492	10
146932	3713	10
146932	1893	10
146932	2655	10
146932	486	8
146932	3595	10
146932	1635	9
146932	615	9
146932	774	8
146932	2307	10
146932	634	7
146932	6111	9
146932	657	7
146932	658	9
146932	1749	9
146932	4141	10
146932	1066	10
146932	4504	10
146932	6311	8
146932	3550	6
146932	4794	10
146932	1252	10
147045	1247	9
147045	3955	10
147045	50	4
147045	2503	9
147045	590	6
147141	581	3
147141	1284	7
147141	457	7
147141	5177	10
147141	643	9
147141	1156	10
147141	6143	9
147141	1872	10
147141	124	1
147141	503	9
147141	274	5
147141	1115	6
147141	1597	8
147141	2386	9
147141	4931	10
147141	338	9
147141	339	7
147141	341	7
147141	2765	10
147141	605	8
147141	434	5
147141	6019	10
147141	4233	9
147141	241	10
147141	1017	10
147141	625	8
147224	2408	9
147224	1634	8
147224	3628	9
147224	4318	10
147224	227	10
147224	3091	10
147224	1177	10
147224	1559	9
147224	1943	10
147224	4016	9
147224	4398	9
147224	3074	10
147224	2068	10
147224	1777	9
147224	949	10
147224	6679	9
147224	312	9
147224	3424	10
147224	230	10
147224	5568	10
147224	1958	9
147307	1770	10
147307	290	10
147307	291	9
147307	2788	10
147307	5335	7
147307	2961	9
147307	605	9
147307	226	10
147307	2618	10
147307	2167	8
147307	5583	10
147307	5895	10
147307	5338	9
147385	1973	8
147385	934	6
147385	5986	9
147385	41	7
147385	4968	10
147420	4985	10
147420	4858	10
147420	124	1
147420	1407	10
147420	628	9
147420	235	7
147420	5559	10
147420	3522	10
147420	995	9
147420	1627	7
147420	624	10
147420	1788	10
147420	5023	10
147420	5867	10
147451	1284	10
147451	2777	10
147451	6157	10
147451	5366	10
147451	2657	10
147451	61	7
147451	4292	9
147451	2943	9
147451	3162	8
147451	2768	10
147451	66	9
147451	1520	7
147451	669	9
147451	6392	9
147451	6796	9
147451	4421	10
147451	2070	10
147451	2396	9
147451	88	10
147451	635	10
147451	2053	10
147451	3991	9
147451	4423	10
147451	127	6
147451	1106	8
147451	523	9
147451	2155	9
147451	106	9
147451	3002	9
147451	5561	8
147451	6469	10
147451	1084	8
147451	3406	9
147451	6507	9
147528	429	10
147528	2770	9
147528	754	10
147528	1942	9
147528	2225	10
147528	5093	9
147678	1164	10
147678	1934	10
147678	809	9
147678	61	7
147678	1026	10
147678	3540	9
147678	378	9
147678	2933	10
147678	2888	10
147678	4405	9
147678	111	10
147686	1652	9
147686	1636	7
147686	6369	8
147686	1239	9
147686	6181	10
147686	4451	9
147686	459	9
147686	267	8
147686	6026	10
147686	1213	10
147686	6518	9
147686	5307	10
147686	665	6
147686	1398	8
147686	5301	9
147686	5691	9
147686	3331	9
147752	2879	10
147752	4589	10
147752	2003	9
147752	341	7
147752	195	8
147752	2898	9
147752	5636	9
147752	5180	10
147752	1435	8
147752	5780	10
147803	385	10
147803	1938	8
147803	1646	10
147803	6723	10
147803	1944	9
147803	70	2
147803	6323	10
147839	465	5
147839	531	10
147839	1292	8
147839	2324	9
147839	5114	9
147839	2194	9
147839	5900	10
147839	3194	9
147839	168	9
147839	347	8
147839	451	6
147839	2330	9
147839	3744	9
147839	322	10
147839	196	8
147839	763	10
147839	6877	10
147839	4009	10
147839	2119	9
147839	3554	9
147851	1158	7
147851	1981	10
147851	4685	10
147851	270	9
147851	4576	10
147900	1748	9
147900	5834	10
147900	4051	10
147900	3548	9
147900	2046	9
147900	1132	9
147900	6300	10
147947	4149	9
147947	4919	9
147947	6878	8
147947	391	10
147947	3838	9
147947	451	8
147947	5817	9
147947	590	5
147947	3359	10
147947	5115	10
147965	1699	9
147965	1770	9
147965	1332	9
147965	1901	9
147965	1852	10
147965	2391	9
147965	3948	9
147965	518	10
147965	4921	10
147965	1360	10
147965	1816	8
147965	20	8
147965	4685	10
147965	5206	10
147965	3866	9
147965	3867	9
148028	183	6
148028	3064	8
148028	812	10
148028	675	7
148028	2064	8
148028	3613	10
148028	1641	9
148028	2362	8
148030	207	8
148030	183	10
148030	5063	9
148030	165	7
148030	5178	9
148030	3882	10
148121	3498	9
148121	2971	8
148121	1429	10
148121	218	9
148121	906	10
148121	1923	10
148121	404	6
148124	457	7
148124	1185	9
148124	433	9
148124	4245	9
148124	1207	7
148124	313	9
148124	1154	9
148142	4616	9
148142	6506	10
148142	5027	9
148142	3579	9
148142	6483	10
148142	5935	10
148157	6281	10
148157	3629	10
148157	1058	9
148157	2052	8
148191	6316	10
148191	644	10
148191	3194	10
148191	2662	8
148191	5780	10
148191	554	10
148191	20	7
148199	4071	9
148199	75	9
148199	2992	8
148199	168	9
148199	4050	10
148199	339	7
148199	170	6
148199	674	10
148199	5243	10
148199	92	9
148199	1415	9
148199	4378	10
148199	4856	10
148199	4865	10
148199	3792	9
148199	3515	9
148199	3539	9
148239	2545	10
148239	1284	7
148239	5062	10
148239	641	10
148239	1594	9
148239	162	10
148239	3801	10
148258	3017	8
148258	1164	10
148258	2545	9
148258	571	10
148258	678	8
148258	3980	10
148258	3317	8
148258	6879	9
148258	3911	9
148258	5097	10
148258	2974	9
148258	1925	10
148258	2975	8
148258	1491	7
148258	1198	10
148258	3115	10
148258	6674	8
148258	6793	10
148258	663	10
148258	2383	10
148258	5204	9
148258	4521	10
148258	6607	10
148258	2890	9
148258	6053	10
148258	490	10
148263	457	8
148263	124	3
148263	1514	10
148263	1773	7
148263	4842	7
148263	2367	9
148263	938	9
148263	2156	10
148263	5867	9
148263	2744	9
148314	693	7
148314	957	7
148314	5246	8
148314	652	10
148314	71	10
148314	619	7
148314	51	8
148314	1690	10
148314	657	7
148314	2883	9
148314	5991	9
148314	1205	8
148314	2620	10
148314	624	9
148314	552	9
148314	103	10
148344	3815	10
148344	3336	8
148344	5950	10
148344	379	7
148586	1592	9
148586	6370	10
148586	3780	10
148586	1859	9
148586	3885	9
148586	5683	9
148586	4459	10
148586	6880	10
148590	59	8
148590	249	10
148590	6303	9
148590	1503	10
148590	393	9
148590	2010	9
148590	3846	10
148590	2480	10
148590	4326	9
148590	2992	9
148590	292	10
148590	1568	9
148590	226	9
148590	3180	8
148590	514	10
148590	1840	9
148590	2103	9
148590	3816	9
148590	3252	10
148590	2701	10
148632	1220	10
148632	586	8
148632	2750	9
148632	6554	10
148632	1980	9
148632	597	9
148662	2871	9
148662	457	8
148662	3186	10
148662	2031	7
148662	1498	8
148662	1626	7
148662	657	8
148662	3693	8
148662	2028	10
148712	1553	10
148712	303	10
148712	465	6
148712	4189	10
148712	6228	9
148712	144	9
148712	578	10
148712	381	10
148712	259	9
148712	3175	9
148712	6356	9
148712	1273	9
148712	1457	9
148712	20	6
148744	207	9
148744	5745	10
148744	649	9
148744	2364	9
148744	316	9
148744	2031	9
148744	2010	8
148744	124	2
148744	183	6
148744	2366	10
148744	2973	9
148744	1631	8
148744	6504	10
148744	5686	8
148744	1190	8
148744	1193	8
148744	2503	8
148744	6882	10
148744	3060	9
148744	72	9
148744	6584	10
148744	971	8
148744	4434	9
148744	2293	10
148744	4663	10
148744	3458	9
148744	5535	10
148744	3681	10
148744	381	9
148744	6455	9
148744	5817	10
148744	1066	10
148744	2038	8
148744	2164	9
148744	1265	10
148744	2427	8
148744	5645	9
148744	3231	9
148744	1837	9
148744	6560	10
148744	1492	10
148744	3056	10
148744	715	10
148744	3398	10
148744	6811	10
148744	204	10
148744	192	4
148744	3878	10
148744	1212	10
148744	991	9
148744	2528	10
148744	2813	10
148744	1602	9
148744	152	10
148744	4710	10
148744	1579	10
148744	4840	10
148744	555	9
148744	1219	9
148798	1781	9
148798	5454	10
148798	781	5
148798	5639	9
148798	5331	10
148798	286	9
148804	3244	9
148804	1023	10
148804	1291	7
148804	4285	10
148804	2919	6
148804	2912	7
148804	4743	9
148804	930	10
148804	6158	10
148804	1542	10
148804	1575	10
148804	326	9
148804	2553	10
148804	33	9
148804	1956	9
148804	781	9
148804	20	7
148863	3117	10
148863	684	9
148863	1684	8
148863	1336	9
148863	1238	10
148863	425	9
148863	3480	9
148863	3087	10
148863	5591	10
148898	124	1
148898	1307	10
148898	4588	8
148898	536	9
148898	1179	8
148898	2920	10
148898	5367	9
148898	2699	10
148898	543	10
148898	6782	10
148898	5986	9
148898	1689	9
148898	1626	6
148898	2233	9
148898	552	7
148898	781	7
148898	4124	9
148929	6274	10
148929	2191	10
148929	1925	10
148929	2002	10
148929	6690	9
148929	5173	9
148934	5057	8
148934	4284	10
148934	6720	10
148934	1514	9
148934	1516	10
148934	41	8
148934	6602	7
148934	156	8
148962	2278	9
148962	4834	10
148962	1994	8
148962	5253	9
148962	4615	10
148962	5187	10
148962	1447	8
148966	4926	10
148966	5100	9
148966	6639	10
148966	6582	10
148966	6479	10
149069	315	9
149069	816	10
149069	1630	8
149069	136	9
149069	1387	9
149069	1229	9
149069	448	10
149069	2707	9
149069	320	6
149069	3074	9
149069	4498	10
149069	2349	10
149069	452	8
149069	5127	10
149069	6215	10
149069	4596	7
149069	2026	8
149069	6058	10
149069	2038	10
149069	2418	9
149069	688	10
149069	2901	10
149069	803	7
149069	5369	10
149069	5293	10
149069	149	9
149069	1283	10
149069	3333	8
149069	4949	10
149069	373	9
149071	465	5
149071	5256	9
149071	411	9
149071	3972	10
149071	3082	10
149071	2961	10
149071	3737	10
149071	6667	10
149071	6049	9
149071	1374	10
149071	1626	7
149071	51	8
149071	4146	10
149071	3415	9
149071	687	9
149071	500	9
149071	4809	10
149084	207	8
149084	5392	10
149084	2919	7
149084	70	3
149084	3050	9
149084	341	6
149084	611	8
149084	6484	8
149084	2119	9
149084	4893	10
149084	4905	8
149120	50	5
149120	1183	9
149120	1773	8
149120	1058	5
149120	1196	9
149120	997	7
149120	1035	10
149120	3691	10
149120	6038	9
149120	4889	10
149120	2639	9
149120	5051	9
149120	313	10
149140	6713	9
149140	1421	10
149140	1447	8
149140	801	10
149140	3548	8
149140	795	9
149204	1328	9
149204	1680	10
149204	2830	9
149204	5831	10
149204	6129	8
149204	685	10
149231	693	6
149231	1499	9
149231	410	10
149231	61	8
149231	1428	9
149231	2960	9
149231	2390	9
149231	235	8
149231	70	2
149231	1571	10
149259	1318	9
149259	689	10
149259	777	6
149259	5821	9
149259	2268	10
149483	183	7
149483	3064	8
149483	537	9
149483	2478	10
149483	1079	9
149483	397	8
149483	800	7
149483	707	9
149483	4599	9
149483	1702	8
149483	1263	8
149483	988	8
149483	3557	9
149483	4881	10
149483	175	8
149483	784	10
149661	1630	8
149661	1169	8
149661	465	6
149661	2384	10
149661	4520	10
149661	5633	9
149661	1391	8
149661	4358	10
149661	1180	10
149661	746	9
149661	5335	9
149661	3232	9
149661	5001	9
149661	2914	9
149661	2015	9
149661	192	5
149661	6044	9
149690	227	6
149690	243	7
149690	62	10
149690	4354	10
149690	72	7
149690	4726	10
149690	3581	10
149690	2331	9
149690	965	9
149843	5544	10
149843	3976	9
149843	3977	10
149843	2563	10
149843	3979	10
149843	6430	9
149843	3198	10
149843	3397	9
149843	2040	8
149843	1493	10
149843	3333	9
149907	599	9
149907	1896	9
149907	6457	9
149907	1189	10
149907	3786	10
149907	1197	9
149907	4498	10
149907	38	9
149907	1415	10
149907	5429	10
149907	4401	9
149907	4413	9
149907	594	9
149934	1553	10
149934	557	9
149934	647	9
149934	3021	10
149934	1895	7
149934	2324	9
149934	1027	9
149934	1058	7
149934	5062	10
149934	5644	9
149934	3807	10
149934	905	10
149934	1928	10
149934	3616	10
149934	4100	9
149934	3364	10
149934	6578	10
149934	2020	9
149934	1626	7
149934	6455	10
149934	1201	9
149934	5183	9
149934	5032	9
149934	6801	10
149934	6304	8
149934	5078	9
149934	4157	10
149934	192	5
149934	3480	8
149934	6478	9
150000	3099	10
150000	2718	10
150000	1730	8
150000	1574	9
150000	1602	7
150124	3669	10
150124	183	6
150124	3377	10
150124	1751	9
150124	1487	10
150124	1909	10
150124	1602	9
150124	2676	10
150124	3088	10
150124	1603	8
150124	2532	8
150124	2863	9
150124	2865	10
150124	2533	8
150124	3149	10
150124	2677	10
150124	5842	9
150327	1875	10
150327	3235	10
150327	169	7
150327	6294	10
150327	3697	9
150327	4948	10
150327	1609	9
150327	3279	9
150327	2235	8
150498	649	10
150498	1230	10
150498	67	8
150498	4540	10
150498	77	9
150498	195	7
150498	2047	10
150498	149	10
150498	560	10
150498	3944	10
150498	175	9
150554	4587	10
150554	1022	10
150554	1508	9
150554	981	8
150554	5273	9
150561	2545	8
150561	3819	9
150561	1586	9
150561	288	10
150561	3291	10
150561	289	10
150561	3261	8
150561	4079	9
150561	3844	9
150561	2588	10
150561	1521	9
150561	2080	8
150561	4111	10
150561	505	9
150561	4512	10
150561	4375	10
150561	5654	9
150561	5655	9
150561	5656	9
150561	6319	10
150561	6699	10
150561	2081	8
150561	6089	9
150561	1719	9
150561	1047	9
150561	4082	10
150561	764	10
150561	1789	9
150587	6819	9
150587	693	6
150587	3823	9
150587	1620	10
150587	3170	10
150587	1062	9
150587	1233	8
150657	1318	10
150657	1103	8
150657	2336	10
150657	1964	8
150657	2346	7
150657	6642	8
150657	20	7
150661	600	9
150661	1636	7
150661	394	9
150661	124	2
150661	183	10
150661	6093	10
150661	5501	10
150661	2573	9
150661	339	7
150661	4978	10
150661	144	9
150661	2293	9
150661	3973	7
150661	418	9
150661	4585	9
150661	4572	10
150661	434	6
150661	18	8
150661	267	7
150661	1891	9
150661	1402	10
150661	6735	9
150661	4197	8
150663	4687	9
150663	1144	10
150663	4291	9
150663	2974	10
150663	356	9
150663	3495	9
150663	3147	9
150663	3491	9
150663	6687	10
150663	4169	10
150663	4877	9
150663	109	9
150663	3657	8
150663	1371	9
150663	3539	9
150762	4493	7
150762	2322	10
150762	2401	9
150762	6717	10
150762	2409	8
150762	2703	10
150767	3820	10
150767	2725	9
150767	5654	10
150767	2834	10
150767	3368	10
150767	2798	9
150890	2193	9
150890	1979	9
150890	72	7
150890	85	8
150890	784	7
150890	2985	9
150894	5315	10
150894	2662	8
150894	3015	10
150894	5105	10
150896	5923	10
150896	862	8
150896	2556	10
150896	2878	9
150896	4868	9
150896	3285	10
150896	5582	10
150896	3064	9
150896	2014	10
150896	1444	10
150896	3133	8
150896	338	8
150896	4375	10
150896	5654	10
150896	5656	10
150896	4379	10
150896	660	9
150896	3627	8
150896	2902	10
150896	949	10
150896	1282	9
150896	4989	7
150896	2795	9
150896	2015	8
150896	5824	10
150896	1788	9
150896	955	9
150932	5734	9
150932	6812	9
150932	2606	9
150932	6048	10
150932	4612	10
150966	409	7
150966	799	10
150966	1682	10
150966	4517	10
150966	421	10
150968	2465	10
150968	2871	9
150968	879	10
150968	1871	8
150968	6875	9
150968	3291	10
150968	5502	9
150968	6202	10
150968	2435	9
150968	47	10
150968	710	10
150968	5609	10
150968	2337	9
150968	2950	10
150968	546	9
150968	5506	10
150968	6321	10
150968	6432	9
150968	4339	8
150968	4655	9
150968	434	5
150968	3156	9
150968	2352	10
150968	552	7
150968	5508	10
150968	6428	9
150968	4196	10
150968	569	10
150968	2680	10
150968	3865	10
150968	6105	9
150979	57	7
150979	153	10
150979	4986	10
150979	1247	10
150979	301	9
150979	207	8
150979	1077	10
150979	457	8
150979	2055	10
150979	643	8
150979	1634	8
150979	1748	10
150979	5218	10
150979	1872	9
150979	1144	9
150979	4870	8
150979	410	8
150979	1680	10
150979	533	5
150979	744	8
150979	1659	9
150979	1193	9
150979	691	9
150979	388	8
150979	44	9
150979	1044	9
150979	2738	10
150979	4955	10
150979	2633	8
150979	169	8
150979	574	9
150979	292	9
150979	1269	9
150979	1743	9
150979	1686	9
150979	983	10
150979	2064	9
150979	3506	9
150979	5817	9
150979	590	8
150979	211	10
150979	3644	9
150979	6826	9
150979	5667	9
150979	2058	10
150979	18	6
150979	2015	10
150979	623	9
150979	2994	8
150979	3678	9
150979	552	7
150979	240	9
150979	5258	10
150979	3631	9
150979	6339	10
150979	633	8
150979	1396	10
150979	5594	9
150979	2798	9
150979	1789	8
150979	1015	8
150979	2007	8
150979	739	8
150979	1961	10
150979	6343	9
150979	501	8
150979	2469	10
151002	6778	9
151002	1808	9
151002	2280	10
151002	3736	9
151002	5616	9
151002	3394	10
151002	1886	10
151002	5337	10
151002	3674	9
151002	1303	10
151002	772	9
151002	1218	8
151043	5052	10
151043	51	8
151043	246	9
151043	6158	10
151043	4747	9
151043	552	6
151043	3127	9
151043	489	10
151098	2656	9
151098	409	6
151098	567	8
151098	1177	9
151098	6774	10
151098	1530	10
151098	1764	9
151098	421	8
151098	202	10
151098	1212	7
151098	4936	10
151101	1055	7
151101	391	9
151101	393	8
151101	2919	9
151101	1249	10
151101	6097	9
151101	380	10
151101	2304	10
151101	4028	9
151101	3885	7
151101	1841	10
151101	5085	10
151101	1541	8
151104	493	10
151104	879	8
151104	1490	9
151104	2872	10
151104	1942	8
151104	3846	8
151104	1631	7
151104	6774	9
151104	165	7
151104	2788	10
151104	160	8
151104	1625	9
151104	2646	10
151104	1923	10
151104	2884	9
151104	3303	10
151107	428	8
151107	410	7
151107	6867	9
151107	417	9
151107	1201	9
151107	1207	8
151107	1140	9
151122	2781	10
151122	1293	10
151122	5184	10
151122	6871	8
151122	614	6
151139	2935	10
151139	1747	9
151139	1291	7
151139	1586	9
151139	1490	8
151139	680	8
151139	684	8
151139	4969	8
151139	601	10
151139	4075	10
151139	3844	9
151139	1189	9
151139	2251	10
151139	1261	7
151139	3813	10
151139	6563	10
151139	5239	9
151139	3931	10
151139	685	9
151139	2798	9
151143	1729	8
151143	1265	9
151143	688	10
151143	2427	10
151143	1835	8
151262	1893	10
151262	1490	10
151262	1407	8
151262	5874	10
151262	3964	10
151262	2915	10
151262	2842	9
151263	316	10
151263	957	8
151263	2881	8
151263	338	9
151263	3458	8
151263	4972	10
151263	4028	10
151370	338	7
151370	3765	9
151370	4341	9
151370	456	8
151370	3208	10
151479	3289	10
151479	6627	9
151479	5799	9
151479	3369	9
151479	6883	9
151479	5736	9
151483	218	9
151483	1841	9
151483	266	9
151483	6205	10
151483	5115	10
151503	1115	9
151503	5782	9
151503	4991	8
151503	2911	10
151503	341	7
151503	1071	8
151503	4307	10
151503	989	9
151503	4476	9
151503	4478	10
151503	2531	10
151503	6586	9
151503	4722	10
151537	1328	7
151537	394	9
151537	5263	10
151537	3489	8
151537	1205	8
151537	214	8
151537	2732	10
151537	1457	10
151589	207	8
151589	5237	10
151589	3032	9
151589	5737	9
151589	4292	10
151589	4182	6
151589	338	8
151589	3138	9
151589	5536	10
151589	5546	10
151589	4519	8
151589	6781	10
151589	456	9
151608	487	9
151608	5191	9
151608	1428	7
151608	4226	10
151608	6015	9
151608	4791	10
151608	4702	8
151608	3135	9
151608	4381	9
151608	4558	10
151608	2883	9
151608	5091	10
151608	6332	8
151608	6409	10
151643	414	7
151643	416	6
151643	257	9
151643	3718	8
151643	152	10
151653	394	9
151653	289	10
151653	4741	8
151653	347	9
151653	399	10
151653	367	7
151653	4082	10
151653	1739	9
151653	764	10
151653	2350	8
151653	3650	10
151653	226	10
151653	5583	8
151653	127	5
151653	5008	9
151738	1971	10
151738	124	2
151738	183	6
151738	777	8
151738	70	3
151780	2323	9
151780	1636	8
151780	3626	10
151780	267	10
151780	1433	10
151790	6188	9
151790	5016	10
151790	2149	10
151790	6210	10
151790	4601	10
151800	5686	9
151800	792	10
151800	2955	10
151800	2114	8
151800	5156	10
151824	50	5
151824	4820	9
151824	534	9
151824	4725	8
151824	4726	10
151824	961	10
151824	2720	9
151824	1998	9
151824	5316	10
151824	1624	9
151824	1297	10
151824	2980	10
151824	5095	9
151846	4844	10
151846	3782	10
151846	3993	10
151846	404	6
151846	6768	10
151991	4351	9
151991	4582	10
151991	4669	9
151991	6392	9
151991	338	6
151991	731	10
151991	434	7
151991	1415	10
151991	5954	10
152016	124	1
152016	4842	10
152016	1600	9
152016	983	10
152016	2634	10
152016	20	6
152016	5936	10
152036	1071	7
152036	4564	10
152036	501	9
152036	1761	10
152036	1219	9
152082	243	6
152082	6720	10
152082	3230	10
152082	3518	10
152082	2625	10
152082	54	7
152099	6772	10
152099	273	9
152099	503	6
152099	922	9
152099	4386	10
152099	2641	9
152099	774	9
152099	6145	10
152099	469	7
152099	1287	10
152099	895	8
152099	2836	8
152099	1264	8
152099	4560	10
152099	3586	9
152099	2856	9
152099	630	9
152099	592	7
152099	2516	9
152099	876	9
152099	3872	9
152099	5914	10
152099	5522	9
152099	568	8
152099	4647	10
152099	4640	9
152099	782	10
152099	3382	10
152099	2076	10
152136	5920	9
152136	5218	10
152136	5038	9
152136	1434	10
152136	6509	10
152186	5526	10
152186	6112	10
152186	1868	10
152186	5558	10
152186	3918	9
152186	1506	10
152186	1586	9
152186	2010	10
152186	124	3
152186	1117	9
152186	720	8
152186	5530	9
152186	4001	10
152186	3350	10
152186	346	8
152186	3084	10
152186	1777	9
152186	3286	10
152186	3727	9
152186	6337	10
152186	1726	8
152186	4768	10
152186	1281	10
152186	6608	10
152186	258	10
152186	3290	8
152186	2609	9
152186	3974	10
152186	5814	9
152186	1410	9
152186	4605	10
152186	3180	8
152186	5679	9
152186	1206	10
152186	6192	8
152186	3806	9
152186	41	5
152186	95	10
152186	4551	9
152186	1856	7
152186	3769	9
152186	6814	9
152186	390	9
152186	4576	9
152309	207	8
152309	465	6
152309	410	6
152309	5387	10
152309	1900	10
152309	1901	7
152309	1491	7
152309	588	9
152309	1886	10
152309	636	10
152309	4245	10
152345	1600	10
152345	2967	10
152345	2396	9
152345	1240	10
152345	6128	10
152354	5964	9
152354	1920	9
152354	2138	10
152354	3074	7
152354	4540	10
152354	1686	9
152354	2838	10
152354	1288	10
152354	5369	10
152354	1050	10
152354	1801	10
152409	693	7
152409	1253	9
152409	1055	7
152409	1179	6
152409	1686	8
152409	5739	10
152409	5364	9
152409	52	8
152409	1415	9
152409	1965	8
152409	5743	10
152409	3048	9
152409	2006	10
152409	1084	9
152409	5010	9
152428	565	9
152428	811	9
152428	5958	10
152428	5844	10
152428	3630	10
152428	1856	10
152435	6412	9
152435	2707	8
152435	6418	10
152435	3312	10
152435	4261	10
152435	2102	10
152435	3573	10
152435	3209	8
152435	3329	10
152435	7	10
152435	1549	9
152435	5497	10
152435	4857	8
152435	1741	10
152468	2160	9
152468	471	8
152468	472	9
152468	480	9
152468	2623	9
152468	4996	10
152483	447	9
152483	1171	10
152483	5581	10
152483	2895	9
152483	3306	9
152514	6047	9
152514	5112	8
152514	3548	10
152514	6685	9
152514	2050	9
152579	1167	10
152579	2801	10
152579	405	9
152579	227	7
152579	4719	10
152579	235	6
152579	1103	10
152579	912	9
152579	477	9
152579	1627	10
152579	592	7
152579	2933	8
152579	4694	10
152579	5963	9
152605	957	6
152605	140	9
152605	2920	10
152605	613	9
152605	1401	10
152617	2659	9
152617	1372	8
152617	3332	9
152617	4856	9
152645	5871	9
152645	1896	10
152645	183	8
152645	3091	9
152645	742	8
152645	5003	9
152645	469	7
152645	1519	10
152645	1102	10
152645	748	9
152645	2149	10
152645	1981	10
152645	631	10
152645	3550	9
152645	3125	10
152645	1396	10
152645	5867	10
152645	5936	9
152645	1084	8
152651	465	3
152651	1682	9
152651	6553	9
152651	1186	8
152651	4216	10
152651	70	3
152651	1776	9
152651	414	7
152651	2961	8
152651	1003	9
152651	379	7
152651	2015	10
152651	500	9
152651	716	9
152651	781	9
152696	3301	9
152696	6532	9
152696	2278	9
152696	63	9
152696	3351	10
152696	78	10
152696	1626	6
152696	17	8
152696	3355	10
152696	3759	9
152696	737	8
152696	2173	9
152696	6884	9
152742	428	9
152742	2494	9
152742	1259	9
152742	394	10
152742	1491	9
152742	4728	10
152742	1051	10
152742	4401	10
152742	4508	9
152770	6812	10
152770	6739	10
152770	544	9
152770	3858	7
152770	3665	10
152770	229	9
152770	325	10
152770	3404	9
152770	3006	9
152770	739	8
152942	4581	10
152942	6286	10
152942	5002	9
152942	2193	8
152942	1779	8
152942	590	6
152942	3022	8
152942	2438	10
152946	3926	9
152946	3928	9
152946	3929	9
152946	6288	10
152946	899	10
152946	153	9
152946	2180	10
152946	207	8
152946	4669	10
152946	809	7
152946	696	9
152946	50	4
152946	2222	10
152946	5984	9
152946	1286	10
152946	3983	9
152946	668	8
152946	1159	10
152946	1561	8
152946	6571	9
152946	1203	9
152946	590	7
152946	1014	9
152946	3231	8
152946	4989	9
152946	3099	10
152946	963	10
152946	4623	10
152946	1789	9
152946	978	9
153042	684	9
153042	1491	8
153042	6839	9
153042	620	10
153042	6253	9
153042	3380	10
153042	4289	10
153042	5997	10
153054	4545	7
153054	3187	10
153054	1680	8
153054	208	9
153054	774	7
153054	2023	10
153054	2725	7
153054	341	7
153054	3706	9
153054	246	8
153054	3524	10
153054	5094	10
153054	1704	9
153054	2482	9
153054	4897	10
153054	2119	8
153054	1713	9
153054	104	9
153054	5990	10
153054	4899	10
153054	842	10
153054	4413	10
153054	1083	10
153091	6157	8
153091	6088	10
153091	6440	9
153091	5772	9
153091	5153	10
153091	5575	8
153091	5566	10
153091	6389	9
153174	1308	10
153174	5005	10
153174	6658	9
153174	2726	9
153174	6246	10
153174	29	9
153174	2945	8
153174	6365	9
153174	5388	10
153174	6095	10
153211	1707	10
153211	2063	10
153211	4061	10
153211	3306	9
153211	3564	7
153211	414	7
153211	831	9
153211	988	8
153211	206	10
153211	285	7
153283	59	6
153283	1853	9
153283	5345	10
153283	6859	9
153283	3176	10
153283	3386	9
153283	267	9
153283	4310	8
153322	3947	9
153322	397	10
153322	2410	10
153322	2334	10
153322	3925	9
153322	916	10
153322	642	10
153322	6225	10
153322	848	10
153342	3937	10
153342	6370	8
153342	4812	10
153342	3623	9
153342	661	10
153342	5909	10
153361	50	5
153361	4396	10
153361	5413	10
153361	5766	10
153361	169	7
153361	2615	9
153361	2616	9
153361	5614	10
153361	2167	9
153361	4636	10
153361	2389	9
153513	1169	10
153513	457	6
153513	643	8
153513	701	9
153513	533	7
153513	6806	10
153513	274	5
153513	5469	10
153513	1773	7
153513	4398	8
153513	690	9
153513	1777	9
153513	997	9
153513	4713	9
153513	3463	9
153513	41	6
153513	664	10
153513	460	10
153653	981	9
153653	1707	9
153653	1261	9
153653	3770	9
153653	3133	8
153653	811	9
153653	675	7
153653	452	8
153653	2021	10
153653	5492	9
153653	4481	9
153653	6831	9
153718	3520	9
153718	134	9
153718	2846	10
153718	1119	8
153718	6713	10
153718	756	9
153718	757	10
153718	289	10
153718	2483	8
153718	1042	9
153718	3844	10
153718	4080	10
153718	6885	8
153718	1344	8
153718	2945	10
153718	338	7
153718	340	7
153718	971	8
153718	170	8
153718	1262	10
153718	5410	9
153718	1071	7
153718	1688	8
153718	544	10
153718	51	9
153718	1205	8
153718	1888	9
153718	2082	9
153718	219	8
153718	220	10
153718	221	10
153718	3858	9
153718	1739	10
153718	2257	9
153718	1161	10
153718	2258	9
153718	2260	10
153718	2262	10
153718	2263	10
153718	2265	10
153718	605	8
153718	226	9
153718	6248	10
153718	434	5
153718	805	8
153718	2991	10
153719	4723	10
153719	6273	8
153719	5375	10
153719	829	9
153719	5896	10
153719	3864	9
153723	6296	9
153723	3749	9
153723	4394	10
153723	764	9
153723	766	9
153723	5035	9
153723	4347	10
153723	4657	9
153723	6242	10
153797	4867	9
153797	1490	7
153797	124	1
153797	274	5
153797	5577	10
153797	5761	9
153797	235	7
153797	1562	8
153797	70	4
153797	140	9
153797	1309	10
153797	6	9
153797	414	4
153797	2961	10
153797	1071	9
153797	1377	10
153797	994	9
153797	41	7
153797	1573	10
153797	1812	9
153797	614	7
153797	117	9
153797	1816	7
153797	944	10
153865	2121	10
153865	1422	10
153865	2967	9
153865	1702	10
153865	2950	9
153865	186	10
153865	4352	10
153950	5139	10
153950	1143	8
153950	2918	7
153950	2733	9
153950	512	10
153950	23	10
153950	3529	10
153950	5993	10
153950	5502	10
153950	3169	9
153950	1491	8
153950	3635	10
153950	218	9
153950	2635	9
153950	211	8
153950	3892	9
153950	963	10
153950	202	10
154021	57	8
154021	1900	9
154021	1071	9
154021	843	10
154021	4197	10
154070	883	5
154070	1630	8
154070	3956	9
154070	5634	9
154070	1821	10
154070	1506	9
154070	124	2
154070	288	9
154070	3260	7
154070	3960	10
154070	5406	9
154070	675	10
154070	6886	10
154070	3860	10
154070	3861	10
154070	3593	9
154070	41	7
154070	614	6
154126	303	10
154126	50	4
154126	912	8
154126	2350	9
154126	435	10
154126	3903	9
154126	4686	10
154126	4119	9
154126	313	10
154137	5018	10
154137	5517	8
154137	6861	10
154137	2005	9
154137	5040	8
154137	3993	9
154176	4735	9
154176	2349	10
154176	477	9
154176	5652	10
154176	1283	8
154269	2080	9
154269	675	8
154269	5119	9
154269	715	8
154269	4157	10
154345	3886	10
154345	207	7
154345	2934	10
154345	2935	10
154345	600	10
154345	6352	10
154345	1622	10
154345	1644	10
154345	4783	9
154345	6467	9
154345	615	9
154345	5773	10
154345	2244	9
154345	182	8
154345	2781	10
154345	708	10
154345	4734	10
154345	6887	8
154345	3923	9
154345	747	10
154345	2752	9
154345	70	5
154345	1491	9
154345	588	9
154345	6759	10
154345	590	5
154345	5364	10
154345	2980	10
154345	2312	10
154345	6264	9
154345	2571	9
154345	3164	10
154345	4073	9
154345	5197	9
154345	1988	10
154345	1153	10
154345	1991	8
154346	1171	8
154346	1089	9
154346	6111	10
154346	400	10
154346	2461	8
154354	461	9
154354	5358	10
154354	3564	9
154354	971	6
154354	4713	10
154354	2756	10
154354	5623	9
154354	3005	10
154469	392	9
154469	735	8
154469	2122	9
154469	2594	10
154469	3247	10
154469	159	9
154469	2726	9
154469	4046	10
154469	1296	10
154469	2875	10
154469	4212	9
154469	4329	9
154469	5501	9
154469	1445	9
154469	450	9
154469	3634	9
154469	971	7
154469	170	6
154469	195	8
154469	3838	10
154469	4432	9
154469	6888	10
154469	3085	10
154469	2064	8
154469	5453	10
154469	4515	9
154469	4596	8
154469	2026	7
154469	4051	9
154469	1298	9
154469	3745	9
154469	3323	8
154469	1691	9
154469	443	8
154469	3039	9
154469	1589	9
154469	2217	10
154469	2793	9
154469	5322	10
154469	4094	9
154469	5183	10
154469	736	9
154469	2311	10
154469	1667	10
154469	6705	10
154469	2305	10
154469	1695	9
154469	4031	9
154487	6179	9
154487	3632	10
154487	590	7
154487	1836	9
154487	1361	9
154529	4919	9
154529	2998	10
154529	6045	9
154529	1078	10
154529	1428	8
154529	5530	10
154529	4843	9
154529	254	10
154529	1756	9
154529	3616	10
154529	4422	10
154529	1064	9
154529	498	10
154529	1727	10
154529	5552	9
154529	3501	8
154529	3353	10
154529	1728	9
154529	1883	8
154529	178	10
154529	4517	10
154529	5220	8
154529	620	9
154529	1378	9
154529	5991	7
154529	5682	9
154529	2795	9
154529	4052	9
154529	127	7
154529	5195	10
154529	3346	10
154529	784	8
154543	2930	10
154543	3120	10
154543	1663	10
154543	6619	9
154543	4749	10
154543	999	8
154543	1601	10
154543	192	8
154543	500	9
154543	1574	8
154543	1576	10
154543	1579	10
154553	5587	9
154553	2780	10
154553	3949	10
154553	477	8
154553	1583	10
154553	1584	10
154553	3765	10
154553	6298	9
154553	5855	10
154553	3792	10
154627	1259	9
154627	588	10
154627	2070	7
154627	3613	10
154675	3427	9
154675	1205	7
154675	1583	8
154675	6680	10
154675	1050	9
154675	456	10
154730	2219	10
154730	486	8
154730	227	8
154730	1329	8
154730	3945	10
154730	319	10
154730	70	3
154730	1777	9
154730	4050	9
154730	997	9
154730	2045	9
154730	210	8
154730	636	10
154730	331	8
154730	4172	10
154781	4487	10
154781	5120	9
154781	5631	10
154781	2690	9
154781	613	8
154781	1847	9
154781	4031	9
154791	5671	9
154791	465	6
154791	244	9
154791	5688	9
154791	6627	9
154791	4604	10
154844	503	9
154844	274	7
154844	1115	8
154844	3132	9
154844	3236	10
154844	74	10
154844	812	10
154844	5160	10
154844	983	10
154844	620	8
154844	3586	9
154844	2109	10
154844	4681	9
154844	48	8
154844	2566	10
154844	6212	9
154844	6084	10
154844	5897	10
154844	2567	10
154844	5270	9
154944	4078	10
154944	895	8
154944	6	7
154944	3379	10
154944	379	9
154944	6488	10
154944	5928	10
154944	1072	10
154944	2677	10
154944	2207	10
154975	693	8
154975	2848	8
154975	6517	10
154975	5844	9
154975	192	5
154975	3256	10
154975	3071	10
154975	285	7
154975	352	9
154975	1789	10
154975	3469	8
154981	1247	9
154981	227	8
154981	124	2
154981	5389	10
154981	2578	8
154992	6868	10
154992	5755	10
154992	4758	9
154992	754	10
154992	1176	10
154992	684	8
154992	1032	10
154992	413	10
154992	1688	9
154992	1751	9
154992	5007	10
154992	2694	10
154992	5269	7
154992	2373	10
154992	1266	10
154992	240	8
154992	6428	9
154992	501	6
154992	1761	9
155000	3696	10
155000	1296	10
155000	1269	7
155000	6074	10
155000	934	7
155000	4051	8
155000	2744	9
155000	2235	10
155014	599	10
155014	2208	7
155014	2493	10
155014	1644	10
155014	50	4
155014	1506	9
155014	533	8
155014	274	6
155014	537	9
155014	707	9
155014	6445	10
155014	1441	8
155014	469	9
155014	885	10
155014	253	9
155014	5781	10
155014	5202	10
155014	5834	10
155014	1104	7
155014	169	7
155014	4850	9
155014	1626	6
155014	3548	8
155014	2628	10
155014	2710	10
155014	1589	9
155014	6155	10
155014	2814	9
155014	1531	10
155014	608	8
155014	2857	10
155014	5250	9
155014	420	10
155014	3176	9
155014	3326	10
155014	1537	9
155014	623	10
155141	384	7
155141	1224	10
155141	274	6
155141	2911	10
155141	6181	10
155141	1533	8
155141	434	7
155141	5398	9
155141	2963	10
155141	3534	10
155141	1289	9
155147	153	10
155147	446	8
155147	301	9
155147	207	7
155147	6600	9
155147	2208	9
155147	3021	10
155147	1223	9
155147	50	3
155147	6552	9
155147	2282	9
155147	2498	10
155147	6362	8
155147	4398	9
155147	449	9
155147	432	8
155147	5629	10
155147	657	6
155147	730	8
155147	5604	10
155147	4989	9
155147	1854	9
155147	2482	10
155147	624	8
155147	4563	9
155147	999	10
155147	991	9
155219	1864	10
155219	4659	10
155219	2031	8
155219	1253	8
155219	1783	8
155219	3915	10
155219	4221	10
155219	1291	7
155219	1135	9
155219	684	10
155219	5993	10
155219	1028	10
155219	1657	9
155219	1916	8
155219	4242	10
155219	1684	9
155219	2555	10
155219	2355	9
155219	2734	10
155219	1884	9
155219	6793	9
155219	2416	10
155219	1886	10
155219	1300	10
155219	127	7
155219	351	10
155219	2201	8
155219	5935	9
155219	107	9
155219	1398	10
155219	2234	10
155219	1672	10
155219	4751	9
155219	3609	8
155306	227	8
155306	3941	8
155306	359	9
155306	4646	10
155306	3215	8
155343	707	9
155343	2706	10
155343	4571	9
155343	2790	9
155343	2037	9
155376	409	7
155376	4318	10
155376	1259	10
155376	4984	10
155376	1910	10
155376	1550	9
155376	404	5
155444	5408	10
155444	5888	8
155444	5317	8
155444	4721	9
155444	4958	10
155444	5031	9
155444	1065	10
155444	5345	10
155444	219	10
155444	224	10
155495	3106	9
155495	3064	7
155495	537	8
155495	2478	9
155495	3733	10
155495	5781	10
155495	44	10
155495	917	10
155495	3124	10
155495	2005	7
155495	858	10
155495	286	10
155580	4919	9
155580	3632	7
155580	651	10
155580	2941	9
155580	799	10
155580	124	1
155580	61	8
155580	2324	8
155580	1294	9
155580	3696	10
155580	6410	9
155580	1308	9
155580	1523	10
155580	6505	10
155580	592	7
155580	1402	10
155580	192	6
155580	34	9
155580	1317	10
155680	823	9
155680	5654	9
155680	1702	8
155680	1014	7
155680	1150	10
155743	1296	9
155743	3134	10
155743	4133	10
155743	83	10
155743	1448	8
155743	3099	10
155743	5138	10
155743	737	9
155743	2077	8
155771	775	10
155771	6839	10
155771	3380	9
155771	5158	8
155771	4235	10
155778	3244	10
155778	1390	10
155778	207	9
155778	50	7
155778	6410	10
155778	1916	10
155778	141	9
155778	338	7
155778	3177	9
155778	1835	10
155778	3693	9
155778	127	9
155778	5329	9
155778	665	6
155778	4195	9
155778	156	9
155807	5972	10
155807	1439	10
155807	5110	10
155807	4844	10
155807	578	9
155807	3843	10
155807	4413	10
155810	6520	9
155810	786	10
155810	1261	7
155810	4071	8
155810	935	9
155810	4288	10
155810	1357	10
155810	3729	8
155913	3527	10
155913	1970	9
155913	862	9
155913	6302	10
155913	1634	9
155913	534	9
155913	2251	9
155913	1979	10
155913	338	7
155913	6790	10
155913	794	7
155913	127	5
155913	1402	10
155913	1397	9
155913	4197	8
155913	3719	10
155989	1230	9
155989	6542	10
155989	4945	9
155989	5112	10
155989	3326	8
155989	6489	10
155989	3078	8
156163	1164	9
156163	1177	10
156163	3373	8
156163	3629	10
156163	3022	8
156214	4565	10
156214	5922	10
156214	6364	9
156214	1230	9
156214	137	10
156214	1308	10
156214	4690	9
156214	1775	10
156214	4002	10
156214	3084	9
156214	3649	10
156214	1311	10
156214	29	9
156214	143	10
156214	1525	9
156214	4675	9
156214	166	9
156214	675	7
156214	5986	8
156214	4596	9
156214	4009	9
156214	2551	8
156214	148	10
156214	2835	10
156214	2535	10
156214	6095	9
156300	1279	9
156300	1442	9
156300	3320	10
156300	5283	9
156300	4549	9
156300	4674	7
156300	358	9
156300	166	10
156300	3273	8
156300	1475	10
156300	1691	10
156300	3138	8
156300	3139	9
156300	1964	7
156300	4101	10
156300	991	10
156300	2532	8
156300	2863	9
156300	6545	10
156342	1978	8
156342	144	10
156342	4220	9
156342	3442	8
156342	3127	10
156342	1398	9
156432	1284	8
156432	5042	10
156432	6671	9
156432	858	9
156432	5440	9
156483	226	10
156483	5286	9
156483	5267	10
156483	5895	8
156483	5376	10
156510	2194	9
156510	1442	9
156510	6280	9
156510	6439	10
156510	4202	9
156510	2652	8
156534	2061	9
156534	3311	10
156534	2904	10
156534	633	10
156534	4424	10
156584	2580	10
156584	884	9
156584	6140	9
156584	70	2
156584	5995	7
156584	1661	9
156584	1526	8
156584	1064	10
156584	3789	9
156584	84	9
156584	1594	9
156584	6160	9
156584	4148	10
156584	3569	9
156584	3482	10
156584	954	10
156706	774	8
156706	898	9
156706	4435	10
156706	1694	9
156706	877	10
156837	4847	10
156837	5588	10
156837	6117	9
156837	6323	9
156837	3175	8
156837	5815	10
157083	1058	7
157083	18	9
157083	4194	10
157083	953	8
157127	5117	10
157127	6535	9
157127	605	10
157127	3618	10
157127	2158	8
157163	6065	8
157163	2282	10
157163	2283	10
157163	4354	9
157163	355	9
157163	4369	9
157163	1584	8
157163	591	10
157163	5364	10
157163	940	10
157163	1802	10
157252	5420	10
157252	5207	9
157252	3735	10
157252	5767	9
157252	2070	7
157252	1004	9
157252	459	8
157252	3071	10
157252	781	7
157273	2774	8
157273	883	6
157273	4137	10
157273	862	8
157273	6580	10
157273	2353	10
157273	4942	9
157273	3028	10
157273	2659	10
157273	1372	9
157273	335	10
157273	910	9
157273	1504	8
157273	4026	8
157273	124	1
157273	1700	10
157273	6387	10
157273	6203	10
157273	1592	10
157273	3373	9
157273	4183	9
157273	1187	8
157273	4775	10
157273	5371	10
157273	2919	7
157273	70	3
157273	3555	9
157273	5304	9
157273	338	5
157273	5132	10
157273	972	10
157273	2124	10
157273	3135	7
157273	4760	10
157273	1594	9
157273	381	10
157273	3626	10
157273	2101	10
157273	688	9
157273	6889	10
157273	5417	10
157273	3175	8
157273	3177	9
157273	1451	9
157273	434	6
157273	3056	7
157273	6765	9
157273	5626	8
157273	285	7
157273	1578	10
157273	5176	8
157273	1219	8
157273	490	8
157281	3570	9
157281	6046	9
157281	4007	9
157281	675	7
157281	3093	10
157281	4596	10
157281	4051	9
157380	4444	9
157380	1171	8
157380	742	10
157380	4618	9
157380	3430	10
157380	450	8
157380	6770	10
157380	5095	10
157380	1252	10
157380	739	8
157543	5468	8
157543	3108	8
157543	6674	10
157543	3112	10
157543	3422	8
157594	4791	9
157594	77	8
157594	1612	9
157594	2156	9
157625	3710	10
157625	141	7
157625	1309	9
157625	6701	10
157625	5076	8
157625	3134	10
157625	1955	10
157655	1496	10
157655	5869	10
157655	5080	9
157655	1882	9
157655	4515	7
157655	4051	9
157655	1298	9
157655	379	9
157655	4567	10
157660	653	9
157660	4617	9
157660	575	9
157660	6890	10
157660	611	9
157660	2233	8
157799	6448	10
157799	6315	10
157799	4766	10
157799	124	1
157799	1700	8
157799	4635	9
157799	675	10
157799	657	7
157799	4603	9
157799	2856	10
157799	1066	9
157799	1947	8
157799	592	8
157799	4236	9
157799	4446	10
157799	3327	10
157799	1574	9
157811	883	9
157811	1737	7
157811	5083	10
157811	915	10
157811	5439	9
157811	2659	8
157811	3827	10
157811	2705	10
157811	4380	9
157811	3169	10
157811	5533	9
157811	2662	8
157811	2725	8
157811	3577	9
157811	912	9
157811	4201	9
157811	6859	8
157811	4438	10
157811	988	9
157811	5726	9
157811	4793	8
157811	1471	10
157811	1892	9
157811	3130	10
157811	3539	10
158033	6605	10
158033	742	10
158033	71	8
158033	4988	9
158033	191	10
158033	3751	10
158033	6785	10
158033	3203	9
158033	6187	10
158034	4335	10
158034	755	10
158034	1269	8
158034	803	8
158034	2094	9
158034	2813	10
158043	3555	10
158043	3745	10
158043	5346	10
158043	1964	9
158043	4807	9
158043	715	9
158103	4650	10
158103	4224	10
158103	5527	9
158103	1054	10
158103	6503	9
158103	3770	9
158103	3093	9
158103	4051	10
158103	1738	10
158103	3588	10
158104	465	6
158104	6815	9
158104	124	1
158104	2318	9
158104	404	8
158226	1166	10
158226	2581	9
158226	461	10
158226	6308	10
158226	5585	10
158226	698	8
158226	3911	8
158226	3981	10
158226	4932	8
158226	2879	9
158226	137	9
158226	64	9
158226	1421	9
158226	6362	10
158226	165	10
158226	1158	7
158226	469	7
158226	1159	8
158226	4003	10
158226	70	4
158226	5995	9
158226	1245	10
158226	1103	10
158226	6427	10
158226	3727	8
158226	3135	9
158226	973	10
158226	4034	9
158226	4148	9
158226	4262	10
158226	1476	9
158226	1477	9
158226	1014	10
158226	1478	9
158226	1479	9
158226	1480	10
158226	1482	10
158226	3970	10
158226	2902	10
158226	3167	9
158226	5235	9
158226	5873	10
158226	6541	9
158226	6653	10
158226	3901	10
158226	6323	9
158226	3902	10
158226	5940	9
158226	1222	10
158226	5291	7
158226	1693	9
158226	1315	9
158226	127	5
158226	1068	10
158226	4598	10
158226	2625	10
158226	5623	10
158226	5165	10
158226	5913	10
158226	6854	9
158226	4828	10
158226	5499	9
158226	6531	8
158226	6693	10
158226	3145	10
158226	4099	9
158226	6694	9
158226	3024	9
158226	6696	9
158226	6697	9
158226	5168	10
158226	5483	10
158226	3997	9
158226	1552	10
158226	4353	8
158226	4425	10
158226	2909	10
158254	4705	10
158254	581	6
158254	693	7
158254	1731	8
158254	485	10
158254	6483	10
158254	227	6
158254	1223	10
158254	533	6
158254	274	7
158254	4495	10
158254	1510	9
158254	1898	9
158254	2194	9
158254	1973	7
158254	628	8
158254	2919	8
158254	6404	10
158254	3072	9
158254	1947	9
158254	1203	8
158254	3245	9
158254	18	9
158254	1541	10
158254	4704	10
158254	4797	9
158254	4609	10
158254	2983	9
158254	285	7
158254	119	9
158361	1165	10
158361	5218	9
158361	6891	9
158361	2373	9
158361	2905	9
158385	6520	9
158385	6843	10
158385	70	3
158385	2920	10
158385	5156	8
158385	665	7
158385	34	9
158385	781	6
158385	2677	9
158385	3340	10
158433	4178	8
158433	487	7
158433	4510	10
158433	2239	9
158433	6045	10
158433	640	9
158433	4816	10
158433	800	9
158433	707	8
158433	2067	9
158433	1094	8
158433	4108	10
158433	164	10
158433	1407	9
158433	2501	9
158433	67	10
158433	1261	9
158433	3599	9
158433	4675	9
158433	2847	10
158433	359	10
158433	3570	10
158433	896	10
158433	2079	9
158433	5444	10
158433	2632	8
158433	4147	8
158433	6046	10
158433	6702	10
158433	971	7
158433	1268	9
158433	6	7
158433	1269	7
158433	160	5
158433	1447	9
158433	5046	10
158433	418	10
158433	3586	8
158433	4572	10
158433	2692	8
158433	4573	9
158433	1589	9
158433	2217	8
158433	5991	10
158433	3781	10
158433	6058	10
158433	3799	10
158433	1483	9
158433	608	9
158433	433	8
158433	5721	8
158433	611	8
158433	174	8
158433	3397	10
158433	2516	8
158433	875	9
158433	6154	10
158433	2981	9
158433	3790	9
158433	2923	10
158506	1171	8
158506	4735	10
158506	4284	10
158506	3429	9
158506	72	9
158506	478	9
158506	609	9
158506	611	8
158606	5120	9
158606	4520	9
158606	6421	9
158606	981	6
158606	3133	10
158606	6228	8
158606	363	9
158606	4164	10
158606	5190	10
158606	6073	9
158606	6515	10
158606	5721	9
158606	3200	10
158606	613	7
158606	5595	10
158714	5332	9
158714	2848	9
158714	4600	10
158714	5656	10
158714	3219	9
158714	5492	10
158774	4858	9
158774	862	8
158774	3868	9
158774	407	6
158774	3309	9
158774	61	6
158774	5472	9
158774	469	9
158774	971	9
158774	934	7
158774	1749	8
158774	1147	8
158774	5164	10
158846	304	8
158846	6364	10
158846	2063	9
158846	1491	8
158846	1237	9
158846	794	9
158846	1729	7
158846	4345	10
158846	4933	9
158846	41	8
158846	1487	10
158846	5195	10
158846	3552	9
158846	1956	10
158846	1140	9
158984	1586	9
158984	358	8
158984	1568	10
158984	4928	10
158984	4365	10
158984	2621	9
158984	4029	9
159004	6892	10
159004	744	7
159004	193	8
159004	676	10
159033	5795	10
159033	925	8
159033	706	10
159033	2917	9
159033	5395	10
159033	2063	9
159033	4737	10
159033	6269	9
159033	6270	9
159033	70	3
159033	5272	10
159033	2690	9
159033	5016	8
159033	2367	10
159033	934	6
159033	4948	10
159033	2172	8
159033	2424	10
159033	2948	9
159033	688	8
159033	4028	9
159033	222	10
159033	6059	7
159033	433	10
159033	127	5
159033	2107	8
159033	3403	10
159033	1401	9
159033	99	10
159033	423	10
159033	1576	9
159033	232	9
159033	6252	10
159033	2958	10
159033	6470	10
159033	2236	10
159033	2144	10
159033	4773	9
159044	4622	10
159044	6006	9
159044	178	10
159044	5684	9
159044	1322	10
159137	207	9
159137	6243	10
159137	2555	10
159137	3169	10
159137	4259	9
159137	5698	9
159283	5871	8
159283	2766	8
159283	5872	9
159283	6655	10
159455	4356	10
159455	1380	9
159455	2983	10
159455	404	8
159506	2584	9
159506	5443	9
159506	1248	9
159506	5009	10
159506	4297	10
159506	627	8
159506	1372	10
159506	1329	9
159506	183	8
159506	3064	9
159506	537	9
159506	2478	9
159506	774	7
159506	775	8
159506	2147	9
159506	2063	9
159506	720	9
159506	158	9
159506	3169	8
159506	1146	10
159506	2097	10
159506	2847	9
159506	3321	8
159506	338	7
159506	340	8
159506	341	5
159506	5884	9
159506	363	10
159506	971	8
159506	1268	9
159506	6	10
159506	195	9
159506	997	8
159506	2396	9
159506	1727	8
159506	5249	10
159506	2611	7
159506	3586	10
159506	912	8
159506	6652	10
159506	4340	9
159506	2740	9
159506	433	8
159506	907	10
159506	4263	10
159506	4646	9
159506	5058	10
159506	4555	9
159506	1485	9
159506	6893	8
159506	5089	10
159506	5090	10
159506	6083	10
159506	6220	10
159506	6610	8
159506	434	5
159506	1767	10
159506	1788	8
159506	5447	9
159506	5514	9
159506	1804	10
159647	3274	10
159647	442	8
159647	605	9
159647	331	10
159647	285	7
159720	6495	10
159720	6572	10
159720	500	9
159720	4378	10
159720	20	6
159720	3539	9
159732	5620	10
159732	335	8
159732	910	10
159732	1636	9
159732	216	10
159732	2385	9
159732	2784	10
159732	5636	10
159732	1066	9
159732	3718	9
159732	6652	10
159732	202	10
159732	1212	8
159732	352	9
159732	1367	10
159754	141	9
159754	3235	6
159754	4512	9
159754	1743	10
159754	3771	10
159754	4115	9
159817	5394	10
159817	1554	10
159817	405	10
159817	1253	8
159817	290	10
159817	1058	6
159817	2919	6
159817	540	8
159817	5389	9
159817	3648	9
159817	3558	9
159817	6700	9
159817	6529	9
159817	1574	10
159817	3006	10
159822	1586	9
159822	2829	8
159822	124	3
159822	536	10
159822	4743	10
159822	4512	10
159822	3743	9
159822	937	9
159822	442	9
159822	219	10
159822	221	10
159822	3588	9
159822	665	7
159822	3818	10
159834	6350	8
159834	5309	9
159834	1094	8
159834	742	7
159834	6020	10
159834	6894	9
159834	5088	10
159834	2335	10
159834	339	9
159834	2291	7
159834	4129	9
159834	3487	10
159834	1739	8
159834	764	9
159834	1359	10
159834	2669	9
159834	834	10
159834	837	9
159834	4839	10
159834	1969	10
159854	2554	10
159854	3807	10
159854	235	7
159854	18	9
159854	1417	10
159854	6716	9
159858	3840	10
159858	3761	9
159858	1793	9
159858	800	7
159858	777	6
159858	5530	10
159858	3591	9
159858	469	8
159858	253	9
159858	68	9
159858	1064	9
159858	3135	10
159858	4713	10
159858	2608	9
159858	6895	9
159858	4094	10
159858	5104	10
159858	93	9
159858	4177	10
159858	4156	10
159858	6405	9
159858	6595	10
159858	2050	8
159858	118	8
159860	274	5
159860	742	9
159860	1117	9
159860	3903	10
159860	2133	10
159863	3017	10
159863	6325	10
159863	2951	8
159863	4619	10
159863	6324	10
159863	633	10
159863	3864	10
159868	4910	10
159868	3930	9
159868	5438	9
159868	4273	10
159868	222	10
159868	4167	9
159868	1536	10
159868	1835	10
159868	1836	9
159868	1837	9
159868	1838	9
159868	1839	9
159868	1860	9
159946	1999	9
159946	1158	9
159946	590	5
159946	1082	8
159946	2158	9
159977	6606	9
159977	4787	10
159977	1058	7
159977	1236	8
159977	3502	10
159977	4305	10
159977	2215	7
159977	1203	10
160154	6527	10
160154	6286	10
160154	6547	9
160154	5129	9
160154	3466	10
160154	1548	9
160180	431	10
160180	937	10
160180	330	9
160180	6154	10
160180	314	8
160200	3169	8
160200	630	10
160200	1476	9
160200	1477	9
160200	1014	10
160200	6414	10
160200	4475	8
160200	4476	8
160200	1754	8
160200	2054	10
160200	5976	9
160231	274	6
160231	1117	8
160231	2705	10
160231	2706	9
160231	1597	6
160231	1333	10
160231	2471	8
160231	3903	10
160295	890	10
160295	862	9
160295	1156	8
160295	50	2
160295	469	7
160295	4887	10
160295	6674	9
160295	3587	10
160295	6826	10
160295	192	4
160295	6094	9
160295	1815	10
160295	3444	9
160295	2842	9
160295	4055	10
160334	2802	9
160334	3425	10
160334	3454	9
160334	1197	10
160334	590	6
160334	614	8
160344	1773	7
160344	2080	7
160344	168	7
160344	2329	10
160344	1382	10
160344	1289	7
160378	4802	10
160378	5688	8
160378	5428	10
160378	2068	10
160378	2755	9
160378	2488	10
160381	461	10
160381	3519	10
160381	378	10
160381	3135	9
160381	4220	9
160393	57	10
160393	4688	8
160393	338	7
160393	339	8
160393	340	10
160401	2209	8
160401	4279	10
160401	128	9
160401	2000	10
160401	136	8
160401	1942	10
160401	4128	10
160401	1430	9
160401	3375	9
160401	5044	9
160401	3320	8
160401	2099	9
160401	5847	9
160401	3734	10
160401	2838	10
160401	1064	9
160401	1263	9
160401	6663	9
160401	4980	10
160401	920	9
160401	1760	9
160401	4151	10
160401	1739	9
160401	2514	10
160401	5855	10
160401	3156	10
160401	5952	10
160401	2109	10
160401	4445	10
160401	5020	10
160401	1210	9
160401	326	10
160401	1543	9
160401	2093	9
160401	1789	9
160401	1602	9
160401	1603	9
160401	2863	9
160401	1074	10
160401	2865	9
160401	1761	10
160434	2363	10
160434	3064	7
160434	537	7
160434	708	8
160434	6113	10
160434	473	7
160434	3445	10
160548	485	9
160548	124	2
160548	933	10
160548	5494	10
160548	6094	10
160548	1789	10
160548	1289	7
160548	6262	9
160558	2169	10
160558	693	7
160558	1284	7
160558	176	8
160558	6878	9
160558	4869	9
160558	707	9
160558	1707	9
160558	3575	9
160558	1631	8
160558	3505	10
160558	930	10
160558	2546	10
160558	4379	10
160558	2855	10
160558	2211	10
160558	1264	10
160558	2212	9
160558	474	10
160558	2611	10
160558	4585	10
160558	2215	9
160558	3586	10
160558	1242	9
160558	2217	9
160558	2955	10
160558	4561	10
160558	2956	9
160558	4562	10
160558	2957	10
160558	3975	9
160558	5553	10
160558	3065	9
160558	478	9
160558	2684	10
160558	3231	10
160558	4989	10
160558	6060	10
160558	1036	9
160558	1037	9
160558	1038	10
160558	2859	10
160558	642	9
160558	434	7
160558	3899	9
160558	1471	9
160558	5562	9
160571	207	10
160571	465	3
160571	458	9
160571	1939	9
160571	1055	8
160571	182	9
160571	2830	9
160571	586	9
160571	1177	10
160571	684	8
160571	5114	10
160571	5722	10
160571	1186	9
160571	744	9
160571	2194	9
160571	575	9
160571	442	8
160571	657	7
160571	4797	10
160571	4694	10
160571	1578	10
160571	3657	10
160571	3234	10
160571	156	9
160571	157	8
160571	404	7
160571	2202	9
160574	6217	10
160574	1867	10
160574	2872	9
160574	1387	8
160574	1229	10
160574	5648	9
160574	2078	10
160574	1444	9
160574	3874	9
160574	3093	10
160574	3231	10
160681	4200	10
160681	124	1
160681	5563	9
160681	865	10
160681	3726	9
160681	4049	9
160681	6214	8
160681	931	9
160681	1881	10
160681	1268	7
160681	378	9
160681	4375	9
160681	6250	10
160681	477	8
160681	283	10
160681	54	9
160681	4321	10
160681	20	5
160735	1586	9
160735	233	10
160735	5762	10
160735	318	10
160735	5734	10
160735	5826	9
160735	2303	10
160735	5767	9
160735	3082	9
160735	4612	9
160735	3883	8
160735	3736	9
160735	997	7
160735	4201	10
160735	5213	10
160735	5215	9
160735	297	10
160746	23	10
160746	6380	10
160746	255	8
160746	145	10
160746	1689	10
160746	6236	10
160803	4149	10
160803	3647	10
160803	1059	10
160803	688	10
160803	266	10
160803	155	9
160819	3141	9
160819	2363	10
160819	1893	10
160819	4545	7
160819	809	7
160819	409	7
160819	696	10
160819	1055	7
160819	2044	10
160819	1512	9
160819	1773	9
160819	1058	6
160819	1660	9
160819	47	10
160819	2252	9
160819	3727	10
160819	1237	10
160819	1718	10
160819	5128	10
160819	1764	9
160819	1389	9
160819	6564	10
160819	1205	8
160819	2834	10
160819	2015	9
160819	4607	10
160819	506	9
160819	552	9
160819	1817	9
160819	1550	9
160819	5570	10
160878	581	6
160878	2793	10
160878	4407	10
160878	4409	9
160878	1734	10
160881	337	10
160881	2840	8
160881	1902	9
160881	6180	10
160881	4483	10
160994	5184	10
160994	536	10
160994	1058	7
160994	1540	10
160994	1617	10
160994	5082	9
160994	6388	8
161037	981	6
161037	6853	10
161037	5283	9
161037	5837	9
161037	6007	8
161037	1241	10
161037	6424	9
161037	5295	10
161037	4809	10
161037	4810	9
161039	465	5
161039	3049	8
161039	5544	10
161039	70	2
161039	691	8
161039	3085	10
161039	2968	8
161039	2692	10
161039	2217	9
161039	5351	9
161039	2563	10
161039	3979	10
161039	3397	10
161039	2040	9
161039	1803	10
161039	7	10
161039	564	9
161041	1166	9
161041	3448	10
161041	3308	10
161041	6879	9
161041	627	8
161041	698	10
161041	1762	9
161041	3939	10
161041	2220	10
161041	72	8
161041	6341	10
161041	898	10
161041	3245	10
161041	1704	9
161041	2711	10
161041	5789	9
161041	1360	9
161041	1414	10
161041	551	10
161041	5623	7
161041	2626	10
161041	941	10
161041	5165	8
161041	4827	9
161041	6603	10
161041	682	9
161200	2487	9
161200	310	10
161200	475	10
161200	6068	9
161200	5323	10
161200	2614	9
161200	5240	10
161200	2619	10
161200	6521	9
161200	1670	8
161234	1071	6
161234	7	9
161234	1602	8
161234	1603	8
161234	2532	10
161234	2863	9
161234	2864	7
161234	1074	10
161234	3589	9
161234	4172	10
161234	5606	9
161234	5607	10
161250	1328	8
161250	6	8
161250	442	9
161250	1567	10
161250	4947	9
161250	2948	8
161252	70	3
161252	1661	10
161252	3718	8
161252	882	10
161252	1289	8
161265	583	10
161265	2918	7
161265	4374	9
161265	1491	7
161265	6822	10
161265	3943	10
161265	611	7
161265	3466	7
161265	6266	10
161299	4525	10
161299	1328	8
161299	1821	7
161299	1061	9
161299	3322	9
161299	3136	9
161299	728	10
161299	1852	8
161299	1855	7
161299	1739	8
161299	3569	10
161299	605	9
161299	3650	9
161299	4144	9
161299	4115	9
161299	103	9
161299	6625	9
161299	4773	9
161326	696	9
161326	50	5
161326	1291	8
161326	3518	10
161326	588	9
161326	2983	8
161348	720	8
161348	5965	10
161348	4329	10
161348	3634	10
161348	1269	7
161348	936	9
161348	4333	9
161348	2300	8
161373	4069	9
161373	4458	10
161373	279	8
161373	434	6
161373	1397	9
161373	3614	9
161385	3266	10
161385	777	7
161385	2848	10
161385	3258	10
161385	768	10
161391	59	7
161391	1022	10
161391	1745	10
161391	1876	10
161391	2915	10
161391	1578	9
161467	1387	10
161467	1229	10
161467	1557	9
161467	5436	10
161467	634	6
161467	2138	9
161467	6701	8
161467	5815	9
161467	32	10
161467	3821	9
161467	716	7
161467	5329	9
161467	33	10
161476	487	8
161476	4281	9
161476	533	8
161476	1447	9
161476	1240	10
161533	457	9
161533	6427	10
161533	6359	8
161533	4205	10
161533	3442	8
161533	5570	9
161662	2846	9
161662	651	8
161662	2245	10
161662	4231	10
161662	5150	10
161662	2920	9
161662	3489	10
161662	4443	9
161662	224	8
161662	225	9
161677	457	9
161677	652	10
161677	1118	8
161677	903	10
161677	604	10
161677	950	9
161744	3956	9
161744	744	5
161744	3350	9
161744	379	8
161744	3361	10
161744	5557	9
161750	1720	8
161750	6201	9
161750	5892	9
161750	3673	10
161750	579	9
161750	3650	9
161750	3052	10
161750	2488	10
161750	4018	9
161750	1603	9
161750	2532	8
161752	1636	7
161752	775	10
161752	6054	9
161752	3988	9
161752	4407	10
161752	4411	10
161752	267	9
161752	6831	10
161752	4118	9
161755	6825	10
161755	3064	8
161755	2717	10
161755	1101	9
161755	4845	9
161831	3937	10
161831	5283	9
161831	2730	10
161831	5046	10
161831	174	9
161831	180	9
161831	5605	10
161831	5291	10
161831	3144	9
161870	997	8
161870	1263	10
161870	989	10
161870	1908	10
161870	2866	10
161880	1554	9
161880	5226	9
161880	645	8
161880	5362	9
161880	1947	8
161880	6187	9
161882	692	9
161882	1495	10
161882	3259	9
161882	720	8
161882	4015	10
161882	235	7
161882	160	9
161882	2338	10
161882	729	9
161882	5423	10
161882	5414	10
161882	122	10
161903	1888	10
161903	764	8
161903	350	9
161903	5545	9
161903	6586	9
161936	678	7
161936	6594	10
161936	6467	10
161936	696	9
161936	3918	10
161936	2975	9
161936	1901	9
161936	1851	8
161936	4379	10
161936	4542	9
161936	478	10
161936	590	4
161936	632	8
161936	1492	10
161936	3899	8
161936	3428	9
161936	1212	8
161936	501	8
161974	4659	9
161974	1939	8
161974	3956	9
161974	957	7
161974	1193	6
161974	168	10
161974	4965	9
161974	2844	10
161974	5833	9
161974	425	9
161974	2983	9
162001	4137	9
162001	1499	10
162001	696	9
162001	50	4
162001	6116	9
162001	3871	10
162001	1779	9
162001	4438	10
162001	4940	10
162001	202	10
162014	4372	10
162014	6269	9
162014	992	10
162014	5307	10
162019	1502	10
162019	2919	7
162019	2912	7
162019	1249	9
162019	434	7
162019	5167	10
162019	2697	10
162019	665	6
162030	5696	10
162030	227	8
162030	1174	9
162030	182	8
162030	393	10
162030	3438	10
162030	634	8
162030	5686	10
162030	1461	10
162030	451	5
162030	4346	10
162030	459	7
162030	18	9
162030	3574	9
162030	1397	9
162030	953	8
162121	3583	9
162121	1026	10
162121	1773	7
162121	3286	10
162121	1382	10
162121	4102	9
162155	4670	9
162155	59	9
162155	1327	10
162155	252	9
162155	1420	10
162155	6454	10
162155	1631	8
162155	1157	10
162155	2253	10
162155	3748	9
162155	646	9
162155	2373	9
162219	2038	9
162219	2844	7
162219	2417	10
162219	985	10
162219	2164	10
162219	280	8
162219	2419	10
162219	2420	10
162219	2947	10
162264	4697	10
162264	3959	8
162264	1660	8
162264	4700	9
162264	3968	9
162264	3969	10
162311	957	9
162311	124	1
162311	1981	10
162311	4850	10
162311	3796	9
162311	3135	9
162311	728	9
162311	794	8
162311	975	10
162311	2177	10
162311	20	6
162376	1893	9
162376	457	9
162376	695	9
162376	4885	9
162376	465	4
162376	533	8
162376	1428	8
162376	3373	9
162376	6243	10
162376	2194	9
162376	70	3
162376	3841	10
162376	6547	9
162376	425	10
162376	2119	9
162376	1713	10
162376	404	7
162380	1868	9
162380	158	9
162380	2387	10
162380	414	8
162380	4639	10
162380	1462	9
162380	5561	10
162380	5591	10
162538	1284	8
162538	124	1
162538	3581	9
162538	546	10
162538	210	9
162538	1544	9
162538	3367	10
162538	781	7
162562	4208	10
162562	1253	6
162562	2966	10
162562	2356	10
162562	2912	8
162562	1249	9
162562	432	10
162562	1268	8
162562	658	9
162562	1884	10
162562	2178	10
162562	41	7
162562	95	9
162562	3899	9
162562	206	10
162562	1672	10
162590	643	8
162590	863	10
162590	407	8
162590	5872	10
162590	2555	9
162590	1245	10
162590	675	8
162590	520	10
162590	5040	9
162590	4158	9
162590	2983	10
162590	352	7
162610	3257	10
162610	5110	10
162610	6423	10
162610	1450	10
162610	3151	9
162626	274	7
162626	5474	10
162626	2068	9
162626	211	9
162626	608	9
162626	923	10
162626	240	9
162662	645	10
162662	1616	8
162662	1483	10
162662	241	9
162671	692	9
162671	319	10
162671	1393	9
162671	388	8
162671	5608	8
162671	3009	9
162671	1237	8
162671	4038	10
162671	1035	10
162671	443	10
162671	328	8
162671	4400	9
162671	41	8
162671	597	8
162671	6008	9
162671	4591	10
162671	1574	7
162671	2005	10
162671	4206	9
162738	4823	10
162738	1737	10
162738	181	9
162738	4268	10
162738	1253	8
162738	4661	10
162738	4416	10
162738	227	8
162738	215	10
162738	4952	10
162738	1230	9
162738	3064	7
162738	537	8
162738	2478	9
162738	6760	10
162738	1512	7
162738	755	10
162738	2783	8
162738	1089	10
162738	5043	9
162738	4300	9
162738	70	2
162738	5456	9
162738	4673	9
162738	2329	9
162738	971	7
162738	169	7
162738	5132	9
162738	170	8
162738	1269	8
162738	675	7
162738	1064	8
162738	5665	10
162738	546	8
162738	1568	9
162738	3973	8
162738	1299	9
162738	3586	9
162738	2955	8
162738	6199	9
162738	86	10
162738	6528	10
162738	4307	10
162738	3175	8
162738	3176	9
162738	2053	10
162738	1301	9
162738	5429	8
162738	1471	10
162738	5255	10
162738	1546	9
162738	6588	9
162738	791	10
162738	1577	10
162738	4405	9
162738	6744	10
162738	6401	10
162738	4684	10
162738	6669	10
162738	1488	9
162762	1291	8
162762	1701	8
162762	707	9
162762	1749	9
162762	3523	10
162762	6491	9
162780	3141	10
162780	2000	10
162780	1941	7
162780	1293	9
162780	3094	10
162780	1626	8
162780	279	10
162780	3885	10
162780	2980	10
162780	3709	8
162780	1212	8
162780	425	10
162780	54	8
162780	156	8
162780	157	8
162780	1141	10
162827	2320	9
162827	6612	10
162827	227	6
162827	215	8
162827	4232	10
162827	320	10
162827	5242	10
162827	310	8
162827	224	10
162827	1412	10
162827	2347	8
162827	5870	10
162827	2842	9
162827	1370	10
162840	360	9
162840	5285	10
162840	3572	9
162840	434	7
162840	1579	10
162849	3714	10
162849	6520	9
162849	5899	9
162849	5820	10
162849	1594	7
162849	5822	10
162886	1291	7
162886	618	10
162886	2253	10
162886	658	10
162886	1394	10
162886	2541	9
162886	4447	10
162886	4448	10
163169	707	10
163169	3601	10
163169	432	10
163169	1260	10
163169	1626	7
163169	3993	10
163194	4993	10
163194	2629	9
163194	303	10
163194	195	7
163194	997	7
163194	4157	9
163202	3083	8
163202	503	7
163202	3521	10
163202	3169	10
163202	1978	10
163202	5730	10
163202	3377	10
163202	2097	10
163202	2604	9
163202	4375	10
163202	6224	10
163202	4939	10
163202	872	9
163202	1485	10
163202	987	10
163202	784	8
163202	5499	10
163202	6531	8
163202	6693	9
163202	4099	10
163202	6695	10
163202	5796	10
163302	3766	8
163302	340	8
163302	974	8
163302	4686	10
163302	7	10
163302	2991	9
163307	2314	10
163307	4661	10
163307	3294	9
163307	4513	10
163307	6087	9
163307	2731	10
163307	5012	10
163307	2303	8
163307	1564	8
163307	2508	8
163307	2205	10
163307	1760	9
163307	5996	9
163307	5787	9
163307	433	10
163307	501	8
163307	1761	7
163319	1869	10
163319	5849	10
163319	558	9
163319	4833	8
163319	1928	10
163319	5754	10
163319	6439	9
163319	4646	8
163319	6177	10
163319	5058	9
163319	369	9
163319	5861	9
163319	4097	9
163319	6036	9
163319	6040	9
163319	3172	10
163319	842	10
163326	1896	10
163326	6794	10
163326	308	9
163326	1776	9
163326	414	8
163326	3724	9
163326	2822	10
163326	421	8
163326	2620	9
163326	1305	8
163329	1772	10
163329	3518	10
163329	279	7
163329	1991	9
163335	861	10
163335	5628	7
163335	2999	9
163335	6736	9
163335	2538	10
163335	6130	10
163358	2801	10
163358	1622	10
163358	5261	9
163358	5327	10
163358	5246	10
163358	4332	10
163358	709	9
163358	5901	9
163358	5801	10
163358	2334	10
163358	5316	10
163358	82	10
163358	3219	8
163358	258	8
163358	3290	9
163358	5658	10
163358	1389	10
163358	2022	9
163358	2646	10
163358	552	9
163358	2519	10
163415	4661	10
163415	658	8
163415	4922	10
163415	3462	9
163415	1414	9
163415	2982	10
163419	4868	10
163419	3512	10
163419	4505	9
163419	6484	10
163419	2824	10
163430	777	9
163430	452	8
163430	6896	8
163430	547	8
163430	2110	10
163430	435	10
163430	3204	10
163430	1602	8
163433	2401	8
163433	465	5
163433	4787	9
163433	901	9
163433	823	10
163433	6601	10
163433	4909	10
163443	4945	10
163443	1625	10
163443	4314	9
163443	4686	10
163443	2724	9
163443	151	10
163467	429	10
163467	5315	8
163467	1046	9
163467	3736	9
163467	41	7
163467	330	9
163467	1668	9
163488	3815	10
163488	5391	10
163488	4404	9
163488	2803	10
163488	1055	8
163488	533	6
163488	680	9
163488	3341	9
163488	5310	10
163488	274	6
163488	397	10
163488	5193	9
163488	604	8
163488	1691	9
163488	1764	10
163488	2576	9
163488	3964	9
163488	6498	8
163488	1627	9
163488	1126	8
163488	592	8
163488	624	10
163488	2460	9
163488	4029	10
163488	552	7
163488	2462	10
163488	6408	10
163488	4065	10
163488	6409	10
163488	3038	10
163534	4418	9
163534	4254	10
163534	4648	10
163534	2766	10
163534	6593	9
163534	1644	10
163534	5812	8
163534	4282	9
163534	5852	9
163534	20	7
163570	4937	9
163570	2872	10
163570	1582	10
163570	6229	10
163570	708	10
163570	305	10
163570	1405	10
163570	3971	9
163570	3591	9
163570	968	9
163570	1599	10
163570	4162	10
163570	2725	10
163570	73	10
163570	2546	10
163570	1226	9
163570	169	6
163570	170	7
163570	5248	9
163570	452	8
163570	3874	9
163570	1929	10
163570	146	10
163570	3662	10
163570	5190	10
163570	5346	10
163570	2634	9
163570	1264	9
163570	3973	9
163570	2214	9
163570	418	10
163570	474	8
163570	4550	10
163570	5786	10
163570	3586	7
163570	1242	10
163570	4573	8
163570	4229	10
163570	2217	8
163570	3010	9
163570	3977	10
163570	5494	10
163570	1423	10
163570	6563	10
163570	5729	10
163570	611	8
163570	3660	8
163570	3397	9
163570	162	10
163570	2516	8
163570	2756	9
163570	3790	9
163570	1401	8
163570	3078	9
163570	1380	10
163570	2671	9
163579	288	9
163579	70	3
163579	3273	9
163579	2524	10
163579	3388	10
163579	4321	9
163579	1602	10
163600	1018	10
163600	3058	10
163600	4079	10
163600	1632	9
163600	367	7
163600	4082	10
163612	5209	10
163612	4615	10
163612	2280	10
163612	657	7
163612	3637	9
163612	6193	10
163612	763	8
163612	41	6
163612	423	10
163612	5508	10
163612	913	10
163612	2469	10
163676	1055	8
163676	1229	9
163676	2662	9
163676	2329	10
163676	472	7
163676	434	6
163676	501	9
163759	3842	9
163759	2122	10
163759	3688	10
163759	6836	10
163759	4997	9
163761	5931	10
163761	6296	10
163761	2594	9
163761	3746	10
163761	4411	10
163761	2761	10
163761	4365	10
163796	135	10
163796	237	9
163796	1310	10
163796	2728	10
163804	753	10
163804	1555	10
163804	3831	10
163804	6594	10
163804	465	6
163804	3840	9
163804	2659	9
163804	1372	9
163804	4045	10
163804	1328	8
163804	393	10
163804	394	8
163804	3472	7
163804	531	10
163804	124	1
163804	6824	8
163804	4332	9
163804	1179	8
163804	165	8
163804	1043	10
163804	235	7
163804	449	9
163804	905	10
163804	3711	7
163804	27	10
163804	1296	10
163804	5075	9
163804	5968	10
163804	1563	8
163804	2573	9
163804	1064	8
163804	79	10
163804	3771	10
163804	5552	10
163804	893	10
163804	6710	10
163804	1071	9
163804	2309	8
163804	6471	10
163804	6897	10
163804	894	10
163804	2955	9
163804	4561	10
163804	2956	8
163804	4562	10
163804	2957	9
163804	3975	10
163804	3356	8
163804	825	10
163804	2004	9
163804	4155	10
163804	687	10
163804	4532	9
163804	3325	10
163804	1609	9
163804	5032	9
163804	419	10
163804	5049	10
163804	1854	8
163804	1627	10
163804	519	8
163804	2551	10
163804	1492	8
163804	4606	9
163804	267	8
163804	592	7
163804	5555	9
163804	6596	9
163804	704	10
163804	6860	10
163804	4686	10
163804	685	8
163804	4685	10
163804	3864	10
163804	2681	8
163804	490	7
163851	243	8
163851	4337	10
163851	971	6
163851	2231	10
163851	1268	8
163851	170	6
163851	1269	8
163851	440	9
163851	5786	10
163851	1529	9
163851	2217	10
163851	6666	8
163851	5289	10
163851	1492	8
163851	2346	9
163876	50	6
163876	6213	10
163876	4760	10
163876	1710	9
163876	192	6
163973	4384	10
163973	3068	10
163973	2586	10
163973	2323	9
163973	6898	10
163973	1087	10
163973	6737	9
163973	1873	8
163973	1596	8
163973	6742	10
163973	5800	9
163973	5816	10
163973	6573	9
163973	6620	10
163973	3230	10
163973	3958	10
163973	1441	9
163973	1442	10
163973	1858	9
163973	1421	9
163973	3289	10
163973	3236	9
163973	5965	10
163973	2847	10
163973	4771	10
163973	2080	8
163973	450	10
163973	3286	8
163973	4256	10
163973	347	10
163973	5432	10
163973	6569	10
163973	4258	10
163973	931	10
163973	4301	10
163973	4164	10
163973	6759	9
163973	3352	10
163973	5254	10
163973	1726	9
163973	6881	10
163973	2759	10
163973	2019	8
163973	974	8
163973	5820	9
163973	4515	9
163973	1728	10
163973	4051	10
163973	1095	9
163973	258	9
163973	381	6
163973	801	10
163973	2628	9
163973	2022	9
163973	2082	10
163973	687	9
163973	5324	10
163973	3325	8
163973	265	8
163973	2350	9
163973	3175	9
163973	6248	10
163973	3463	10
163973	90	9
163973	2343	9
163973	2344	10
163973	3436	9
163973	6489	10
163973	4954	10
163973	4316	10
163973	5138	10
163973	4095	10
163973	5337	10
163973	3360	10
163973	3559	10
163973	6705	9
163973	296	10
163973	2665	10
163973	5774	10
163973	2732	10
163973	5877	10
164027	384	9
164027	693	6
164027	1634	10
164027	1253	8
164027	410	8
164027	2919	7
164027	235	8
164027	1851	10
164027	18	8
164027	5380	9
164096	3017	10
164096	3928	8
164096	3929	10
164096	899	10
164096	57	10
164096	4669	10
164096	5581	10
164096	4568	8
164096	6879	8
164096	2365	10
164096	1114	8
164096	36	9
164096	66	10
164096	2612	10
164096	5853	9
164096	127	8
164096	875	10
164096	1418	9
164096	3993	9
164096	2236	9
164096	3066	10
164096	4424	10
164105	405	10
164105	1490	7
164105	243	5
164105	2927	10
164105	592	7
164301	1865	9
164301	647	10
164301	6788	10
164301	309	10
164301	4769	9
164301	5242	10
164323	883	6
164323	429	10
164323	3619	9
164323	6382	10
164323	1698	10
164323	1745	10
164323	3946	9
164323	6057	9
164323	1055	7
164323	124	1
164323	2817	7
164323	3803	10
164323	981	7
164323	4061	10
164323	3726	9
164323	2919	7
164323	2912	7
164323	1249	10
164323	655	10
164323	1526	7
164323	2149	10
164323	1236	10
164323	6418	9
164323	6419	9
164323	971	7
164323	169	9
164323	170	8
164323	5335	8
164323	1564	9
164323	2961	8
164323	451	7
164323	144	10
164323	3581	8
164323	657	4
164323	1884	10
164323	380	9
164323	1594	8
164323	258	9
164323	381	9
164323	801	7
164323	3548	9
164323	2628	9
164323	259	9
164323	3549	10
164323	218	9
164323	310	10
164323	5163	10
164323	478	9
164323	1355	10
164323	3175	8
164323	907	10
164323	3176	8
164323	803	8
164323	3177	10
164323	90	9
164323	1451	7
164323	622	10
164323	41	8
164323	127	7
164323	1434	8
164323	3967	9
164323	6222	9
164323	1576	8
164323	637	10
164323	6858	9
164323	2744	9
164323	404	7
164323	1154	10
164323	978	9
164323	2991	8
164323	6262	10
164323	4795	10
164425	465	4
164425	1510	10
164425	1880	10
164425	3440	10
164425	1602	7
164480	925	9
164480	5237	10
164480	1249	9
164480	1261	9
164480	3440	9
164480	938	10
164480	5985	10
164480	232	9
164492	3119	9
164492	532	10
164492	2191	10
164492	140	7
164492	4006	10
164492	1061	10
164492	3501	10
164492	1423	10
164492	1322	10
164518	4182	9
164518	414	6
164518	2838	10
164518	6158	10
164518	592	5
164518	426	9
164533	3911	10
164533	6355	10
164533	3091	10
164533	477	9
164533	433	8
164533	635	10
164533	5623	10
164533	6861	7
164533	682	10
164533	4902	10
164549	1520	9
164549	5015	10
164549	3194	9
164549	6114	10
164549	1101	9
164549	5010	10
164581	2582	10
164581	3868	10
164581	4127	8
164581	70	3
164581	471	10
164581	472	8
164581	937	10
164581	590	7
164581	622	8
164581	480	8
164581	1911	9
164584	437	9
164584	3632	9
164584	182	9
164584	1490	8
164584	6274	8
164584	411	8
164584	1179	7
164584	6473	10
164584	6553	10
164584	70	3
164584	2699	8
164584	5817	9
164584	590	8
164584	1300	9
164584	4831	9
164584	1433	9
164584	1273	8
164584	460	10
164584	6252	10
164675	6045	8
164675	777	7
164675	3521	10
164675	3169	9
164675	3984	9
164675	5705	9
164675	1725	9
164675	1993	10
164675	3273	8
164675	3616	9
164675	1702	9
164675	2717	10
164675	5346	9
164675	6789	9
164675	4898	8
164675	951	10
164675	525	10
164675	1918	8
164728	4487	9
164728	5611	9
164728	2478	10
164728	1707	8
164728	3239	10
164728	3133	8
164728	3236	8
164728	75	9
164728	167	9
164728	4112	9
164728	6046	10
164728	3273	9
164728	3225	9
164728	451	5
164728	5112	9
164728	1409	9
164728	2883	9
164728	6722	10
164728	477	7
164728	1203	8
164728	265	9
164728	2275	8
164728	5300	10
164728	501	7
164775	2324	10
164775	233	8
164775	3194	10
164775	5381	10
164775	20	4
164828	2483	9
164828	290	9
164828	5509	10
164828	4039	9
164828	4927	10
164828	6581	9
164828	2593	9
164828	6853	10
164828	2598	10
164828	5490	10
164828	6764	10
164828	2644	10
164828	3195	10
164828	2645	9
164828	6888	9
164828	761	10
164828	4213	8
164828	762	8
164828	4453	9
164828	475	10
164828	6068	10
164828	687	10
164828	5323	9
164828	5511	9
164828	5894	10
164828	1375	10
164828	6592	10
164828	4203	10
164828	769	9
164828	5967	9
164828	3202	10
164828	6641	9
164828	3254	10
164828	5516	9
164828	4204	10
164828	3938	9
164870	696	9
164870	2360	9
164870	1190	8
164870	3455	9
164870	906	8
164906	2961	9
164906	2692	8
164906	2389	10
164906	19	9
164926	183	8
164926	720	9
164926	3230	9
164926	540	8
164926	4162	10
164926	1962	10
164926	5243	9
164926	1945	9
164926	477	10
164926	611	9
164926	434	7
164926	1402	10
164926	847	8
164926	3537	10
164926	2469	8
164926	6251	10
165073	3802	10
165073	3594	10
165073	5956	8
165073	2181	9
165073	5957	10
165073	6768	9
165183	693	8
165183	3528	9
165183	486	8
165183	6747	9
165183	5237	10
165183	465	4
165183	243	5
165183	652	9
165183	1135	9
165183	684	9
165183	448	9
165183	1559	8
165183	3530	9
165183	958	8
165183	1773	10
165183	5688	10
165183	1193	8
165183	903	8
165183	746	9
165183	1616	9
165183	1568	9
165183	1411	9
165183	6275	10
165183	18	8
165183	5001	8
165183	6436	9
165183	2413	10
165183	2744	10
165232	5262	10
165232	2661	8
165232	5893	9
165232	3251	10
165232	2046	10
165232	3867	10
165232	1849	10
165267	4061	10
165267	6820	8
165267	1102	10
165267	1996	9
165267	453	10
165267	737	10
165267	1401	8
165268	1720	9
165268	6788	10
165268	337	10
165268	2326	10
165268	968	10
165268	169	7
165268	6049	10
165268	6482	10
165268	1854	8
165268	4637	9
165308	508	10
165308	5052	10
165308	4659	10
165308	2545	9
165308	6899	8
165308	581	5
165308	4782	9
165308	1731	8
165308	457	7
165308	862	9
165308	59	7
165308	5277	9
165308	643	7
165308	2494	8
165308	407	10
165308	1109	9
165308	50	6
165308	1504	10
165308	1490	6
165308	1942	9
165308	2247	10
165308	1025	9
165308	4359	10
165308	1026	9
165308	1235	10
165308	1028	9
165308	4232	10
165308	4780	10
165308	5876	10
165308	602	10
165308	4360	10
165308	2499	9
165308	1030	9
165308	1773	9
165308	1058	8
165308	4184	9
165308	2286	9
165308	5970	9
165308	792	9
165308	5062	10
165308	1876	10
165308	3059	8
165308	3454	9
165308	540	9
165308	3491	10
165308	338	7
165308	340	9
165308	2303	10
165308	451	6
165308	4850	9
165308	4325	8
165308	3675	9
165308	5863	10
165308	4887	9
165308	1003	8
165308	3817	9
165308	596	9
165308	4573	10
165308	4190	9
165308	2082	9
165308	687	9
165308	219	7
165308	1047	10
165308	3325	10
165308	764	9
165308	1755	8
165308	5417	10
165308	3056	9
165308	4207	10
165308	5522	9
165308	5523	8
165308	4864	10
165308	5524	10
165308	4647	10
165308	522	10
165308	5040	10
165308	5255	10
165308	5225	10
165308	3534	10
165308	314	8
165308	4936	10
165308	4750	10
165308	4088	8
165308	2991	10
165319	1284	10
165319	600	9
165319	6448	10
165319	1111	9
165319	1112	9
165319	1113	7
165319	227	7
165319	884	10
165319	3823	9
165319	4128	10
165319	5563	8
165319	2853	10
165319	3268	10
165319	3826	10
165319	1509	9
165319	3091	8
165319	6403	10
165319	869	10
165319	3661	9
165319	2499	9
165319	1516	10
165319	1058	6
165319	6632	10
165319	1407	8
165319	276	9
165319	3375	9
165319	5131	10
165319	6413	9
165319	6615	10
165319	1158	7
165319	469	8
165319	2228	10
165319	5744	10
165319	3286	9
165319	3322	9
165319	1526	9
165319	4651	10
165319	6601	10
165319	3727	9
165319	2458	9
165319	983	9
165319	1260	10
165319	2057	9
165319	4375	9
165319	4129	10
165319	5655	8
165319	1263	8
165319	3384	10
165319	6770	10
165319	1589	8
165319	6415	9
165319	6900	10
165319	1066	8
165319	1349	9
165319	590	4
165319	5049	10
165319	6587	10
165319	4897	10
165319	1485	10
165319	950	8
165319	5089	10
165319	5090	9
165319	5545	10
165319	1384	9
165319	1277	10
165319	482	10
165319	1571	10
165319	162	10
165319	4236	10
165319	989	10
165319	2517	10
165319	2518	9
165319	2773	8
165319	1360	9
165319	6331	9
165319	500	10
165319	1471	9
165319	6081	10
165319	2060	10
165319	523	10
165319	3036	10
165319	2983	10
165319	5024	10
165319	56	10
165319	6358	10
165319	784	8
165319	6682	9
165319	5025	10
165319	2157	9
165319	848	10
165319	849	10
165319	850	10
165319	851	9
165319	6312	9
165319	1552	9
165319	5669	9
165319	5862	8
165319	4522	9
165345	3714	10
165345	4858	9
165345	693	6
165345	1731	7
165345	409	8
165345	5466	10
165345	1941	10
165345	653	10
165345	6808	10
165345	1058	7
165345	308	9
165345	6111	10
165345	1880	10
165345	417	10
165345	2391	10
165345	311	8
165345	1207	7
165345	1572	9
165345	102	10
165345	1761	10
165425	3951	10
165425	5122	10
165425	3549	9
165425	3023	9
165425	1048	9
165425	4518	9
165512	809	7
165512	36	10
165512	620	9
165512	1413	10
165512	2713	10
165516	811	10
165516	41	8
165516	6588	10
165516	6682	9
165516	4866	10
165576	4048	9
165576	1928	10
165576	6746	10
165576	2751	10
165576	1789	9
165576	5942	10
165576	856	10
165582	57	9
165582	406	10
165582	742	9
165582	1117	7
165582	2605	9
165582	6	8
165582	6215	9
165582	1626	7
165582	41	6
165582	2413	9
165582	991	9
165582	206	9
165582	739	9
165669	6391	9
165669	1472	8
165669	274	4
165669	4398	8
165669	4791	10
165669	2362	10
165758	6799	10
165758	643	9
165758	1156	9
165758	3186	10
165758	2682	8
165758	3632	8
165758	2051	9
165758	865	8
165758	3803	10
165758	4336	10
165758	1117	7
165758	708	9
165758	5479	10
165758	1405	9
165758	3971	10
165758	5533	10
165758	5550	10
165758	2097	10
165758	2546	10
165758	75	10
165758	3273	10
165758	2335	8
165758	473	8
165758	1902	10
165758	1064	8
165758	3135	8
165758	5752	10
165758	4939	10
165758	488	9
165758	2212	10
165758	474	10
165758	4471	10
165758	2217	7
165758	2856	10
165758	85	10
165758	3976	9
165758	3977	10
165758	3569	9
165758	4506	10
165758	1781	8
165758	433	8
165758	611	9
165758	5757	10
165758	3198	9
165758	2040	10
165758	3903	10
165758	3333	8
165758	1543	10
165758	4087	10
165758	4483	10
165758	924	9
165758	1154	8
165769	243	6
165769	1186	8
165769	414	7
165769	657	3
165769	1573	10
165769	501	10
165806	677	10
165806	2088	10
165806	3019	9
165806	6403	10
165806	3493	10
165806	4931	8
165806	1637	10
165806	4470	10
165806	4696	9
165806	4711	10
165806	1014	9
165806	2904	9
165806	3563	8
165806	6765	10
165806	352	9
165806	6103	9
165806	3406	10
165866	1555	10
165866	957	8
165866	243	6
165866	5544	9
165866	2210	9
165866	4570	10
165866	2214	9
165866	418	10
165866	6058	10
165866	1984	10
165866	5351	10
165866	3753	9
165866	2563	10
165866	3979	10
165866	1800	9
165866	3198	9
165866	3397	9
165866	2040	10
165866	1493	8
165866	7	10
165866	4197	9
165884	3766	10
165884	4834	9
165884	6280	10
165884	6542	10
165884	2079	10
165884	5437	10
165884	4111	10
165884	3986	9
165884	793	9
165884	1726	8
165884	997	9
165884	761	8
165884	1447	9
165884	3548	9
165884	5347	8
165884	999	8
165884	6684	10
165914	4486	10
165914	4487	9
165914	3273	8
165914	4658	10
165914	728	9
165914	380	7
165914	3548	8
165914	3290	9
165914	803	8
165987	4221	9
165987	2010	8
165987	1664	9
165987	1149	9
165987	6876	9
166017	1934	9
166017	708	9
166017	306	10
166017	2612	10
166017	6525	10
166017	5912	10
166017	3111	9
166017	2133	10
166030	1373	10
166030	1565	10
166030	518	10
166030	2665	10
166030	2173	9
166123	1706	10
166123	5366	9
166123	1372	10
166123	5261	9
166123	5332	10
166123	4733	9
166123	3178	9
166123	183	6
166123	2478	9
166123	4298	9
166123	6116	9
166123	5478	10
166123	1119	10
166123	1319	10
166123	5172	10
166123	6730	10
166123	346	10
166123	72	8
166123	1460	10
166123	376	10
166123	1343	9
166123	6210	10
166123	2124	9
166123	4389	10
166123	2125	10
166123	4390	8
166123	6635	10
166123	2126	8
166123	3832	10
166123	1345	10
166123	4287	10
166123	1346	10
166123	3364	10
166123	442	10
166123	439	8
166123	2628	8
166123	6471	9
166123	6901	10
166123	3175	8
166123	4644	9
166123	516	9
166123	1621	10
166123	2440	10
166123	5037	9
166123	6758	8
166123	783	10
166123	4839	9
166123	5274	10
166123	6212	9
166123	2567	8
166123	11	10
166123	12	9
166123	375	9
166123	2536	9
166123	5442	9
166123	5008	10
166141	4254	9
166141	2766	10
166141	1622	9
166141	6448	10
166141	5694	9
166141	680	10
166141	1647	10
166141	4423	10
166141	3345	10
166291	4138	10
166291	1168	10
166291	78	9
166291	1568	9
166291	681	10
166327	2189	9
166327	2324	8
166327	2193	10
166327	2951	9
166327	434	5
166327	108	9
166391	2829	8
166391	532	10
166391	1292	10
166391	1387	9
166391	1230	8
166391	2698	10
166391	1444	8
166391	3194	9
166391	2662	7
166391	140	9
166391	1309	8
166391	997	8
166391	1447	7
166391	453	10
166391	1298	9
166391	3038	10
166409	4495	10
166409	449	9
166409	730	9
166409	2628	9
166409	3380	9
166409	1838	10
166409	5819	9
166409	2319	9
166409	1816	9
166409	1219	10
166492	1430	8
166492	3136	9
166492	4391	9
166492	5123	8
166492	4392	10
166492	6866	8
166492	2130	10
166492	2131	9
166492	1904	9
166492	1130	9
166596	890	10
166596	2445	10
166596	1698	10
166596	6088	9
166596	5633	9
166596	243	7
166596	2223	10
166596	3949	10
166596	2354	10
166596	744	9
166596	929	10
166596	3807	10
166596	654	9
166596	497	10
166596	449	9
166596	1777	10
166596	3812	10
166596	1616	9
166596	1527	10
166596	2788	10
166596	6007	10
166596	1594	9
166596	3662	9
166596	5536	9
166596	417	8
166596	1528	10
166596	513	10
166596	1832	10
166596	87	8
166596	4148	10
166596	3893	10
166596	3738	9
166596	4101	8
166596	5600	10
166596	6400	10
166596	1546	10
166596	1418	10
166596	285	8
166596	247	9
166596	3708	9
166596	1132	8
166596	2528	9
166596	5025	10
166596	5068	10
166639	446	8
166639	1055	6
166639	1235	10
166639	4027	9
166639	3185	9
166639	1955	9
166646	3913	8
166646	1179	7
166646	1808	8
166646	4100	10
166646	3380	10
166646	5107	10
166753	3568	9
166753	250	9
166753	158	8
166753	367	7
166753	192	6
166758	61	8
166758	535	9
166758	575	8
166758	68	9
166758	2945	8
166758	1946	9
166758	2345	9
166758	3798	10
166824	5083	10
166824	6245	10
166824	2641	9
166824	4580	9
166824	5303	10
166824	6485	10
166824	5890	10
166824	3506	10
166824	6399	10
166824	2979	10
166824	6038	9
166824	3852	10
166824	3872	10
166824	2622	10
166824	4996	10
166824	521	8
166825	124	2
166825	1684	10
166825	6078	9
166825	2308	10
166825	77	8
166825	657	5
166825	993	10
166825	994	10
166825	3156	9
166825	1968	9
166825	404	8
166828	3064	8
166828	901	9
166828	2500	10
166828	3830	9
166828	2501	10
166828	5752	10
166830	4140	8
166830	2275	10
166830	4446	10
166830	1270	10
166830	2111	10
166830	6000	9
166830	2113	10
166830	2114	10
166830	5788	9
166830	456	8
166891	2892	10
166891	405	9
166891	615	10
166891	5688	10
166891	3459	9
166922	6385	10
166922	2061	10
166922	2088	10
166922	6546	10
166922	6313	9
166922	5237	10
166922	6672	10
166922	3019	9
166922	2474	9
166922	6630	10
166922	208	8
166922	628	7
166922	886	9
166922	476	10
166922	624	9
166922	4563	10
166922	4576	9
167038	997	8
167038	3910	10
167038	2342	9
167038	20	6
167052	1027	8
167052	6055	10
167052	6491	9
167052	1627	9
167052	6470	9
167176	2636	10
167176	3766	10
167176	3056	9
167176	560	9
167176	2669	9
167189	1934	9
167189	1981	10
167189	620	9
167189	2217	10
167189	1207	8
167189	241	8
167189	5326	9
167272	1586	8
167272	4969	10
167272	2628	8
167272	1862	10
167272	2348	9
167272	1670	10
167327	1291	7
167327	5006	9
167327	1825	10
167327	2250	9
167327	2963	9
167327	1915	9
167349	1586	9
167349	1597	9
167349	4834	10
167349	1119	10
167349	3286	9
167349	3930	10
167349	2124	10
167349	4389	10
167349	2125	7
167349	4390	10
167349	4882	9
167349	4345	9
167349	2977	10
167349	1379	9
167349	1068	8
167349	1629	10
167389	916	10
167389	1717	10
167389	2045	10
167389	983	9
167389	501	9
167471	59	8
167471	1086	10
167471	1587	8
167471	124	1
167471	5825	10
167471	776	9
167471	5110	9
167471	1520	10
167471	68	9
167471	2873	10
167471	5111	8
167471	6514	10
167471	2396	10
167471	886	10
167471	4844	10
167471	3357	10
167471	1205	8
167471	1412	9
167471	2372	10
167471	3660	7
167471	41	7
167471	805	9
167471	1803	10
167471	2552	10
167471	1273	9
167471	6345	10
167471	2156	10
167471	1252	10
167471	1789	9
167471	187	10
167471	6096	10
167478	6673	9
167478	678	9
167478	4885	7
167478	1898	10
167478	6869	9
167478	702	9
167478	903	10
167478	949	7
167478	6859	10
167494	2068	10
167494	1104	8
167494	6210	10
167494	1264	8
167494	3196	9
167494	560	10
167494	3243	10
167494	991	8
167494	2050	8
167494	1219	8
167507	5956	10
167507	2181	10
167507	5830	10
167507	6235	9
167507	2922	10
167507	4463	10
167507	1647	9
167507	5741	9
167507	390	9
167517	407	7
167517	410	8
167517	124	1
167517	6723	9
167517	3885	8
167517	1082	8
167517	752	10
167517	404	6
167521	6308	10
167521	678	10
167521	6621	9
167521	6050	9
167521	6689	10
167521	5956	10
167521	3020	9
167521	5087	10
167521	2568	9
167521	36	10
167521	744	7
167521	4422	10
167521	886	9
167521	4463	10
167521	631	10
167521	5234	9
167521	6094	9
167521	4439	8
167521	563	10
167556	407	9
167556	5332	10
167556	2707	8
167556	1071	8
167556	6136	10
167562	3713	10
167562	1731	7
167562	4885	9
167562	50	7
167562	1179	9
167562	3473	8
167562	2859	8
167562	908	10
167587	409	8
167587	410	7
167587	124	1
167587	532	8
167587	5648	10
167587	542	9
167587	546	9
167587	3817	9
167587	1744	9
167587	217	9
167587	1764	9
167587	197	8
167587	5329	10
167587	2201	10
167587	3422	9
167611	243	5
167611	1631	8
167611	1014	9
167611	4463	9
167611	6453	9
167611	5624	8
167614	3409	10
167614	1247	10
167614	1630	8
167614	1055	9
167614	233	10
167614	274	6
167614	1927	9
167614	2919	6
167614	1881	10
167614	378	8
167614	1851	9
167614	6333	9
167614	3243	9
167614	665	7
167678	6303	9
167678	5529	10
167678	3646	10
167678	465	5
167678	335	9
167678	5006	10
167678	215	9
167678	469	7
167678	2787	10
167678	160	9
167678	2343	9
167678	18	8
167678	1846	7
167678	1370	10
167722	2656	10
167722	901	9
167722	397	7
167722	184	10
167722	1983	9
167722	2030	10
167746	5027	9
167746	4823	10
167746	1428	9
167746	3049	9
167746	24	9
167746	1773	9
167746	344	9
167746	70	4
167746	5808	10
167746	1527	9
167746	3581	9
167746	5422	10
167746	5986	9
167746	4051	10
167746	349	10
167746	5397	9
167746	3221	10
167746	2298	10
167746	2398	8
167746	3643	10
167746	2199	8
167746	240	7
167746	4317	10
167746	6428	10
167746	3146	10
167761	6256	9
167761	4659	10
167761	4586	10
167761	883	9
167761	1532	9
167761	4752	10
167782	3119	8
167782	2840	9
167782	1946	10
167782	1380	9
167782	1910	10
167800	3886	10
167800	1285	10
167800	2324	10
167800	6728	10
167800	6729	10
167800	4580	10
167800	2285	10
167800	3291	10
167800	1333	9
167800	2596	9
167800	2599	9
167800	1335	10
167800	6272	9
167800	859	10
167800	45	10
167800	356	10
167800	6730	9
167800	338	7
167800	472	9
167800	2633	10
167800	414	5
167800	442	8
167800	4323	9
167800	311	10
167800	3325	9
167800	225	10
167800	3850	9
167800	988	9
167800	296	10
167800	4367	8
167800	5377	10
167800	20	6
167800	6261	9
167812	692	10
167812	1109	7
167812	697	8
167812	1291	8
167812	410	8
167812	3053	9
167812	124	2
167812	2194	9
167812	2002	10
167812	3518	9
167812	1901	9
167812	935	8
167812	1688	9
167812	544	10
167812	1690	8
167812	416	8
167812	3394	9
167812	1781	9
167812	3366	8
167812	592	7
167812	6484	10
167812	1814	8
167812	6469	10
167812	943	8
167844	818	10
167844	1523	8
167844	2690	6
167844	1751	10
167844	1385	10
167844	2015	9
167844	4608	10
167844	1214	10
167844	4194	10
168016	6049	10
168016	3771	10
168016	1840	10
168016	516	10
168016	4115	10
168029	5171	10
168029	6271	8
168029	4806	10
168029	3850	10
168029	4928	9
168029	6707	9
168034	5063	10
168034	3045	9
168034	3350	10
168034	1445	10
168034	4301	9
168034	5629	9
168034	1625	8
168034	1728	9
168034	1883	9
168034	6775	10
168034	6883	9
168034	1264	9
168034	2304	10
168034	6700	10
168034	5651	10
168034	54	10
168036	6605	10
168036	774	7
168036	5428	10
168036	6633	10
168036	6748	8
168036	2336	9
168036	973	10
168036	2740	10
168036	2741	10
168036	907	9
168036	6902	10
168036	1016	9
168036	2812	8
168036	846	10
168047	6447	10
168047	3504	9
168047	1325	10
168047	457	7
168047	2585	10
168047	5054	8
168047	465	6
168047	2636	10
168047	2220	9
168047	5488	10
168047	4937	10
168047	1286	10
168047	1254	10
168047	6269	10
168047	6270	9
168047	4300	10
168047	471	9
168047	472	9
168047	473	8
168047	932	10
168047	1105	8
168047	934	7
168047	3365	9
168047	87	8
168047	2412	10
168047	4973	10
168047	3638	9
168047	420	10
168047	3098	10
168047	3342	10
168047	614	7
168047	4949	10
168047	3699	8
168047	6864	10
168047	4139	10
168064	3116	9
168064	4545	9
168064	4208	10
168064	1700	10
168064	5489	9
168064	1239	9
168064	1320	9
168064	1033	8
168064	1199	9
168064	2271	10
168064	4046	9
168064	3183	10
168064	414	7
168064	983	10
168064	4453	10
168064	5066	10
168064	636	9
168064	1048	9
168064	2347	10
168064	5091	10
168064	1705	10
168064	3126	9
168064	5239	10
168064	3048	9
168064	781	8
168064	1289	10
168064	2809	10
168064	4750	10
168064	6401	9
168064	6402	10
168144	446	7
168144	301	9
168144	207	6
168144	447	9
168144	1503	9
168144	774	7
168144	1011	10
168144	3092	9
168144	1517	10
168144	4971	10
168144	170	6
168144	201	9
168144	4346	9
168144	609	9
168144	4830	10
168144	157	6
168144	1818	10
168216	5073	10
168216	2147	10
168216	5734	10
168216	2831	9
168216	6812	10
168216	5015	10
168216	6739	9
168216	139	10
168216	5929	10
168216	2423	10
168216	1091	10
168216	6680	10
168216	4682	8
168216	5732	10
168387	2446	9
168387	4885	9
168387	1556	9
168387	4082	8
168387	1949	10
168387	2539	10
168387	3156	9
168387	127	5
168387	5036	9
168387	613	7
168387	5189	9
168387	2958	10
168388	5703	9
168388	2000	10
168388	4930	10
168388	4302	10
168388	1064	9
168388	794	8
168388	4051	9
168388	379	8
168388	1594	9
168388	3177	8
168388	4703	10
168388	5138	9
168388	2015	8
168388	715	9
168388	5091	10
168388	19	9
168464	1170	8
168464	643	8
168464	2911	9
168464	4434	10
168464	1073	10
168500	809	9
168500	1512	7
168500	744	10
168500	3185	10
168500	3440	10
168500	501	7
168642	5755	10
168642	3118	10
168642	316	10
168642	5927	10
168642	1253	7
168642	809	8
168642	3119	9
168642	392	10
168642	4549	9
168642	2602	9
168642	166	10
168642	646	10
168642	4738	9
168642	3931	10
168642	5495	10
168642	781	6
168763	2218	9
168763	3419	10
168763	3446	8
168763	696	10
168763	2767	10
168763	431	9
168763	87	9
168805	2719	9
168805	2035	8
168805	935	9
168805	2723	10
168805	4211	10
168805	4310	8
168816	4280	9
168816	60	10
168816	227	7
168816	124	1
168816	4364	10
168816	1444	9
168816	1491	7
168816	588	9
168816	2070	10
168816	1071	9
168816	1203	10
168816	3397	10
168816	3056	9
168816	624	10
168816	2460	10
168816	4950	9
168816	456	9
168954	5923	9
168954	1893	9
168954	207	8
168954	5671	10
168954	1022	9
168954	4885	8
168954	4279	9
168954	1783	9
168954	1938	9
168954	533	7
168954	2943	9
168954	3919	9
168954	1025	10
168954	1026	9
168954	634	9
168954	70	3
168954	1901	9
168954	1393	10
168954	388	7
168954	341	8
168954	618	10
168954	1268	8
168954	6	9
168954	1851	9
168954	542	10
168954	1744	9
168954	6158	10
168954	1389	9
168954	6650	10
168954	590	7
168954	3542	10
168954	1492	9
168954	6225	10
168954	436	10
168954	2963	9
168954	2463	10
168971	251	10
168971	1056	9
168971	5550	10
168971	167	10
168971	5070	10
168971	348	9
168971	144	10
168971	1590	10
168985	5141	9
168985	5917	10
168985	1749	9
168985	1704	10
168985	3329	9
168985	6854	10
168999	1055	7
168999	2918	9
168999	1259	7
168999	2919	5
168999	2912	8
168999	1249	10
169006	1185	9
169006	5608	10
169006	3384	10
169006	3973	9
169006	418	9
169006	3586	9
169006	2346	10
169006	1106	10
169043	3824	9
169043	644	9
169043	4673	10
169043	1474	8
169043	5284	10
169043	6190	9
169057	5964	10
169057	59	8
169057	3028	9
169057	1372	8
169057	1055	8
169057	1329	7
169057	393	8
169057	395	9
169057	4515	10
169057	4596	8
169057	1298	10
169057	1691	9
169057	442	9
169057	146	9
169192	471	8
169192	472	8
169192	473	8
169192	480	9
169192	3775	8
169192	2389	8
169223	2029	10
169223	55	10
169223	2030	10
169223	924	10
169223	2566	8
169223	6084	10
169233	6385	10
169233	696	8
169233	458	10
169233	5488	9
169233	1875	10
169233	707	9
169233	1511	10
169233	1631	8
169233	1527	9
169233	442	9
169233	1572	9
169233	1573	10
169233	552	8
169233	313	10
169233	1227	10
169249	303	8
169249	1631	9
169249	5612	10
169249	338	8
169249	339	7
169249	340	9
169249	1851	8
169249	619	7
169249	78	9
169249	3506	10
169249	434	6
169282	1511	10
169282	958	10
169282	1401	9
169282	4440	10
169309	250	10
169309	4329	10
169309	2992	10
169309	578	9
169309	1448	9
169309	4241	10
169309	4214	9
169309	2578	10
169309	4756	10
169310	428	8
169310	1135	9
169310	684	10
169310	3082	10
169310	1003	7
169310	545	10
169310	1830	10
169310	606	9
169310	4988	10
169310	3111	10
169400	2001	10
169400	3745	10
169400	1855	9
169400	146	10
169400	712	8
169400	3816	8
169400	2235	10
169403	2465	10
169403	4689	10
169403	6456	10
169403	412	8
169403	4664	10
169403	4157	9
169438	3500	10
169438	3837	9
169438	843	9
169438	6735	8
169450	653	10
169450	824	9
169450	2625	10
169450	5868	10
169450	2469	8
169465	169	7
169465	170	7
169465	662	7
169465	613	9
169465	1816	9
169492	5114	10
169492	4049	10
169492	636	9
169492	240	9
169492	5156	9
169600	1166	8
169600	2954	10
169600	698	10
169600	471	8
169600	472	8
169600	340	8
169600	480	7
169663	1674	8
169663	3669	10
169663	1896	10
169663	6843	10
169663	243	5
169663	6456	10
169663	3373	9
169663	1180	10
169663	5097	10
169663	1185	9
169663	2355	9
169663	4016	9
169663	538	9
169663	70	4
169663	2504	10
169663	1523	10
169663	1491	7
169663	5016	10
169663	4955	7
169663	365	7
169663	973	10
169663	728	10
169663	5128	10
169663	1833	8
169663	611	8
169663	5424	8
169663	3360	9
169663	1301	10
169663	614	7
169663	5448	9
169663	460	8
169663	2438	9
169663	1140	10
169663	6266	9
169682	1737	9
169682	4782	8
169682	4479	10
169682	5500	10
169682	6511	10
169682	5633	9
169682	616	9
169682	865	9
169682	5247	7
169682	566	10
169682	5977	8
169682	868	10
169682	5782	9
169682	4991	10
169682	6604	10
169682	786	10
169682	3521	8
169682	1408	9
169682	338	6
169682	339	9
169682	341	7
169682	1981	10
169682	5654	10
169682	5655	10
169682	1702	10
169682	5656	10
169682	6224	10
169682	906	10
169682	3380	8
169682	5969	9
169682	1277	9
169682	6012	9
169682	2689	10
169682	434	5
169682	1321	10
169682	6680	9
169682	4974	10
169682	593	10
169682	5727	10
169692	1476	9
169692	1014	8
169692	2902	9
169692	5873	9
169692	5958	9
169692	6653	9
169699	6217	9
169699	1555	9
169699	4418	8
169699	50	5
169699	5781	10
169699	2468	10
169699	376	9
169699	195	6
169699	1688	9
169699	1035	10
169699	311	9
169699	2198	7
169699	3180	10
169699	3196	9
169699	624	8
169699	6122	9
169699	2460	9
169699	1302	10
169699	3148	10
169699	4117	9
169699	108	8
169699	6183	10
169699	2491	10
169727	227	6
169727	70	4
169727	426	7
169727	781	8
169727	4773	9
169735	457	10
169735	4342	8
169735	5672	9
169735	465	4
169735	2586	9
169735	2830	9
169735	3425	9
169735	1808	9
169735	1513	9
169735	1249	8
169735	308	10
169735	1523	9
169735	1491	10
169735	1296	10
169735	2876	9
169735	347	10
169735	1344	8
169735	1268	7
169735	6	6
169735	160	6
169735	144	7
169735	938	9
169735	749	10
169735	6572	10
169735	909	10
169735	2982	10
169735	107	10
169735	676	10
169735	1918	8
169735	2679	10
169779	901	7
169779	800	8
169779	5246	10
169779	5825	10
169779	2308	9
169779	1743	7
169779	974	9
169779	5754	10
169779	381	10
169779	2628	10
169779	259	10
169779	803	7
169779	5364	9
169779	6613	10
169779	369	10
169779	5861	10
169779	4097	10
169779	1485	10
169779	6040	9
169779	6893	10
169779	998	10
169779	3731	8
169779	5464	10
169779	2158	10
169781	866	10
169781	70	1
169781	1045	8
169781	1382	7
169781	1260	10
169781	3035	10
169824	4593	10
169824	61	7
169824	2095	8
169824	5756	9
169824	3825	10
169824	800	7
169824	573	8
169824	6740	9
169824	6838	10
169824	6010	10
169824	5555	9
169824	4223	9
169824	4472	10
169824	4476	10
169824	842	10
170012	2770	8
170012	129	10
170012	1475	9
170012	4529	10
170012	6340	10
170054	1999	9
170054	5042	9
170054	6071	9
170054	948	10
170054	749	9
170073	5584	9
170073	4084	10
170073	36	10
170073	680	10
170073	1992	10
170073	4184	9
170073	6156	9
170073	4240	10
170073	5159	9
170073	6074	10
170073	1446	10
170073	2026	10
170073	191	9
170077	686	10
170077	4525	10
170077	4452	10
170077	5960	10
170077	4242	10
170077	1660	8
170077	792	8
170077	3350	9
170077	3050	10
170077	5335	8
170077	675	9
170077	1686	9
170077	2961	9
170077	4658	9
170077	1914	9
170154	2180	9
170154	1875	10
170154	4061	9
170154	5003	10
170154	4259	9
170154	1401	9
170154	562	10
170154	633	9
170154	6310	10
170154	3996	9
170155	2287	8
170155	5194	9
170155	3497	10
170155	5568	9
170155	156	9
170184	6506	10
170184	4084	10
170184	5939	10
170184	410	7
170184	6857	9
170184	1225	7
170184	691	10
170184	1446	9
170184	4044	9
170184	3175	10
170184	3643	9
170184	3699	10
170184	2648	10
170184	6375	9
170227	5643	9
170227	448	9
170227	1631	8
170227	628	8
170227	630	9
170227	4608	10
170227	3130	10
170227	5976	10
170255	2360	10
170255	4221	10
170255	227	9
170255	2683	10
170255	1491	7
170255	87	8
170256	1731	8
170256	233	10
170256	3616	9
170256	1453	9
170256	127	6
170256	1667	9
170256	1273	9
170256	4175	10
170256	4413	9
170264	124	1
170264	3512	10
170264	3940	9
170264	5243	10
170264	1945	9
170264	342	9
170264	5676	10
170264	192	7
170372	1428	8
170372	708	9
170372	3716	10
170372	1415	9
170372	5580	10
170401	243	6
170401	720	8
170401	4528	9
170401	6515	10
170401	3948	8
170415	457	8
170415	2444	10
170415	124	2
170415	1793	9
170415	6403	10
170415	1973	9
170415	2735	10
170415	886	8
170415	657	6
170415	3232	10
170415	2929	10
170415	2716	8
170415	120	9
170493	581	6
170493	207	10
170493	1731	8
170493	124	3
170493	586	9
170493	1430	10
170493	590	7
170493	5691	10
170499	3419	10
170499	5620	9
170499	693	6
170499	1025	10
170499	70	2
170499	983	9
170499	51	6
170499	4693	10
170499	3597	10
170499	5601	10
170509	2419	10
170509	2426	10
170509	265	9
170509	6278	10
170509	6707	9
170513	457	9
170513	1326	9
170513	695	10
170513	2971	10
170513	3105	10
170513	4460	10
170513	4885	10
170513	927	9
170513	2910	8
170513	183	7
170513	800	7
170513	5246	10
170513	742	9
170513	2763	10
170513	1405	9
170513	3049	9
170513	2317	10
170513	6423	10
170513	2707	7
170513	1261	10
170513	70	3
170513	3896	9
170513	5278	10
170513	4692	10
170513	3183	10
170513	338	7
170513	472	9
170513	473	8
170513	451	5
170513	4325	9
170513	80	10
170513	749	9
170513	620	7
170513	2037	8
170513	907	10
170513	479	9
170513	3765	9
170513	3052	9
170513	434	8
170513	4956	9
170513	2059	9
170513	3912	9
170513	18	10
170513	2980	9
170513	1434	8
170513	192	6
170513	3203	10
170513	6903	10
170513	3078	9
170513	4483	10
170513	6013	10
170513	6777	10
170513	1602	8
170513	1961	10
170513	3146	9
170518	4520	8
170518	1874	9
170518	158	9
170518	893	9
170518	2511	9
170518	2672	10
170522	3942	10
170522	6649	9
170522	517	8
170522	3665	9
170522	5066	10
170522	5780	9
170522	1714	10
170527	4953	10
170527	2829	10
170527	3530	9
170527	5715	10
170527	377	9
170527	6155	10
170527	3660	8
170527	519	10
170527	5819	7
170527	4934	9
170527	6124	8
170575	1820	10
170575	5263	8
170575	824	10
170575	3156	8
170575	2352	9
170575	2007	9
170595	1773	8
170595	2786	10
170595	376	8
170595	3013	10
170595	1693	10
170595	5380	10
170595	2105	10
170595	4817	10
170634	6123	10
170634	316	10
170634	927	10
170634	3450	9
170634	645	8
170634	703	9
170634	471	7
170634	472	9
170634	473	8
170634	341	6
170634	4422	9
170634	6663	10
170634	1691	8
170634	2058	9
170634	3640	8
170634	108	9
170634	241	9
170634	6688	10
170634	456	8
170634	152	8
170634	286	10
170634	3227	10
170634	5245	10
170693	4079	10
170693	3844	10
170693	4080	10
170693	5552	9
170693	3416	8
170693	3325	8
170724	1942	8
170724	1700	9
170724	536	9
170724	4364	10
170724	5761	10
170724	3192	9
170724	6609	9
170724	5734	8
170724	2831	10
170724	6812	10
170724	5421	9
170724	6739	9
170724	4776	10
170724	5847	9
170724	5228	9
170724	6087	9
170724	5207	10
170724	3296	10
170724	4980	8
170724	3031	9
170724	507	10
170724	3938	10
170742	362	10
170742	5228	10
170742	364	10
170742	995	10
170742	3618	10
170742	102	10
170762	1586	8
170762	1441	9
170762	4110	10
170762	2080	7
170762	2992	10
170762	1045	9
170762	5552	10
170762	178	8
170762	380	10
170762	258	9
170762	381	9
170762	3548	8
170762	259	9
170762	6196	8
170762	3216	9
170762	6596	9
170762	2305	10
170792	3733	10
170792	2911	10
170792	235	6
170792	2662	9
170792	4956	8
170792	103	9
170810	5586	10
170810	628	8
170810	6074	10
170810	6424	10
170810	41	7
170845	581	7
170845	2793	9
170845	4409	10
170845	1734	10
170850	2829	8
170850	2191	9
170850	70	2
170850	3362	10
170861	1651	9
170861	3668	10
170861	531	9
170861	2830	10
170861	1193	8
170861	70	3
170861	1997	9
170861	451	6
170861	310	10
170861	5060	10
170861	1576	9
170866	581	4
170866	693	10
170866	2148	8
170866	2699	10
170866	107	9
170869	2249	9
170869	5504	9
170869	6097	8
170869	1542	8
170869	425	8
170869	1302	10
170869	781	7
170947	4957	10
170947	2918	8
170947	3847	10
170947	1794	9
170947	1444	8
170947	67	9
170947	971	7
170947	1268	7
170947	4514	10
170947	674	9
170947	1269	8
170947	546	10
170947	279	8
170947	3849	9
170947	685	10
170947	193	9
170947	3299	10
170947	6574	9
170966	1858	9
170966	2848	9
170966	4512	10
170966	3734	10
170966	3643	9
170966	4518	10
171007	1648	9
171007	6098	9
171007	1307	9
171007	1653	10
171007	1025	10
171011	4280	9
171011	338	8
171011	339	9
171011	473	6
171011	341	7
171011	4007	10
171045	3053	9
171045	4238	10
171045	4111	10
171045	2329	9
171045	3273	9
171045	3250	9
171045	1884	10
171045	4334	9
171045	2071	10
171045	5195	9
171050	344	10
171050	3941	10
171050	1690	9
171050	1855	10
171050	6897	10
171050	3660	9
171050	3816	10
171055	879	10
171055	1176	10
171055	4910	10
171055	589	8
171055	1640	9
171078	2079	10
171078	4903	9
171078	733	10
171078	4176	10
171078	4288	9
171078	1273	10
171082	3857	9
171082	4019	10
171082	1137	8
171082	6738	10
171082	367	9
171082	3650	10
171082	6751	9
171082	3865	9
171082	6174	9
171082	4118	10
171082	4124	10
171096	1291	6
171096	1942	10
171096	4146	9
171096	416	10
171295	6218	10
171295	5174	8
171295	6904	9
171295	1634	9
171295	510	10
171295	3064	8
171295	6787	9
171295	776	10
171295	1707	10
171295	617	10
171295	4300	8
171295	4759	9
171295	3576	10
171295	3312	10
171295	5162	10
171295	3531	10
171295	3513	10
171295	906	9
171295	1066	7
171295	1355	10
171295	6267	9
171295	420	10
171295	3550	9
171295	480	9
171295	2015	10
171295	2552	9
171295	1151	10
171359	3584	10
171359	937	7
171359	4714	9
171359	3750	9
171359	3588	9
171359	106	10
171389	3560	10
171389	2895	8
171389	5807	9
171389	5619	10
171389	192	4
171389	5236	9
171444	244	9
171444	3548	9
171444	1451	9
171444	2347	9
171444	1991	8
171445	465	4
171445	1055	8
171445	1490	8
171445	1701	10
171445	5318	10
171445	1760	10
171445	1462	10
171445	4037	9
171445	5940	9
171445	4156	10
171445	5973	9
171445	1396	10
171445	352	9
171445	4413	10
171445	1988	10
171445	501	9
171445	1761	9
171445	4197	8
171475	3632	8
171475	124	1
171475	2579	9
171475	5702	10
171602	57	8
171602	1497	10
171602	6898	10
171602	1600	10
171602	418	8
171602	2692	9
171602	1242	9
171602	2956	8
171602	3975	10
171602	2316	9
171602	174	8
171602	2178	10
171602	5962	8
171602	5590	9
171638	2121	9
171638	3260	10
171638	5371	8
171638	3293	10
171638	70	4
171638	4132	9
171638	1685	9
171638	505	9
171638	255	10
171638	178	10
171638	4154	10
171638	1664	8
171638	605	8
171638	224	8
171638	225	9
171638	518	9
171638	18	9
171638	3156	9
171638	2700	10
171638	1322	9
171638	6660	9
171818	1791	9
171818	1077	9
171818	1867	10
171818	6143	9
171818	1622	10
171818	3579	10
171818	653	8
171818	3655	10
171818	1709	10
171818	1491	8
171818	6645	10
171818	3232	10
171818	6010	9
171818	89	10
171818	949	9
171818	1411	10
171818	1127	10
171818	704	10
171818	192	7
171818	1289	7
171818	1084	10
171846	4648	10
171846	678	8
171846	5939	9
171846	1465	10
171846	36	9
171846	680	9
171846	633	9
171846	1488	9
171846	4576	9
171904	5237	9
171904	474	6
171904	2037	8
171904	2856	10
171904	2022	10
171904	4901	10
171967	50	4
171967	2586	9
171967	397	9
171967	3643	10
171968	580	9
171968	818	10
171968	124	2
171968	533	7
171968	3475	8
171968	895	8
171968	737	10
171968	5066	9
171968	592	7
171968	2313	10
171968	3048	9
171968	4290	8
171968	6431	9
171968	2132	8
171968	4905	10
171970	1648	10
171970	2187	10
171970	458	8
171970	182	9
171970	5455	10
171970	234	9
171970	653	10
171970	1898	8
171970	1520	9
171970	5866	9
171970	3430	10
171970	2663	9
171970	2792	9
171970	1984	10
171970	5537	10
171970	861	9
171970	2685	10
171970	1578	10
171986	1459	10
171986	803	7
171986	3177	9
171986	4703	10
171986	267	9
171986	784	8
171986	3539	8
171999	1190	9
171999	2064	8
171999	1690	7
171999	1965	9
171999	1991	8
172010	5171	10
172010	503	9
172010	274	7
172010	1115	9
172010	1117	9
172010	1118	8
172010	6617	10
172030	6648	10
172030	1596	8
172030	2911	10
172030	1031	9
172030	2819	10
172030	2848	8
172030	364	10
172030	933	9
172030	5210	9
172030	4480	8
172030	4560	8
172030	2692	9
172030	6639	8
172030	2368	10
172030	2621	10
172030	6480	10
172030	2115	10
172030	6642	9
172048	6561	8
172048	209	9
172048	3452	8
172048	6524	9
172048	613	9
172048	2986	9
172061	50	5
172061	6737	8
172061	2278	9
172061	3726	9
172061	6821	10
172061	3664	9
172061	2572	10
172061	3930	10
172061	1268	8
172061	414	6
172061	278	9
172061	6166	10
172061	3987	8
172061	3522	10
172061	417	9
172061	1831	10
172061	3029	9
172061	3035	10
172061	3073	9
172061	4738	10
172061	1843	10
172061	4352	8
172061	299	8
172061	4997	10
172061	1850	10
172091	1504	10
172091	6504	10
172091	6092	10
172091	6865	10
172091	6005	10
172091	68	8
172091	968	9
172091	6221	8
172091	1779	10
172091	712	10
172091	3718	9
172091	5351	9
172091	329	10
172091	3752	10
172091	3753	10
172091	3397	9
172119	1234	10
172119	1390	10
172119	1731	6
172119	862	8
172119	1055	8
172119	341	6
172119	417	9
172119	1205	7
172119	3156	9
172119	4845	9
172119	3256	8
172119	4117	9
172180	1476	10
172180	1477	10
172180	1478	10
172180	1482	10
172180	3970	10
172180	3167	7
172180	2903	9
172180	5235	9
172180	5873	9
172180	3902	9
172180	6682	9
172192	1388	10
172192	3185	10
172192	4686	10
172192	665	7
172192	2133	9
172203	1468	9
172203	2554	10
172203	1941	10
172203	3958	9
172203	1399	9
172203	3770	10
172203	2334	10
172203	1616	8
172203	2951	10
172203	1816	10
172203	944	10
172215	692	10
172215	1700	7
172215	82	10
172215	417	9
172215	590	6
172215	1412	8
172215	1207	8
172215	1212	7
172216	41	7
172216	6693	9
172216	4099	10
172216	6695	10
172216	5796	10
172216	6070	10
172216	6696	9
172216	6697	10
172216	5168	10
172331	3504	9
172331	4568	10
172331	3826	10
172331	6021	9
172331	3065	9
172331	7	9
172374	1973	10
172374	2735	10
172374	934	7
172374	1855	9
172374	1471	9
172512	581	5
172512	486	6
172512	465	4
172512	6795	10
172512	124	1
172512	536	7
172512	3598	9
172512	880	10
172512	3705	8
172512	4187	9
172512	338	8
172512	340	7
172512	169	8
172512	451	7
172512	279	8
172512	4987	9
172512	258	10
172512	440	10
172512	1451	10
172512	434	5
172512	6361	9
172512	4637	9
172539	3770	10
172539	451	6
172539	498	9
172539	1688	9
172539	2026	10
172539	440	8
172539	621	10
172539	434	4
172613	3335	9
172613	3913	7
172613	4256	10
172613	1450	9
172613	6374	10
172613	0	9
172676	5373	10
172676	2145	10
172676	2803	10
172676	1404	10
172676	2589	10
172676	4614	10
172676	2590	10
172676	2591	10
172676	2592	10
172676	2637	10
172676	2159	9
172676	4964	10
172676	5412	9
172676	2593	10
172676	2594	9
172676	4396	10
172676	2595	10
172676	4362	8
172676	6853	9
172676	2596	10
172676	6821	9
172676	1733	10
172676	4654	10
172676	2598	10
172676	2599	10
172676	6867	10
172676	3689	10
172676	5368	9
172676	5445	9
172676	6644	8
172676	1605	10
172676	6344	9
172676	5413	9
172676	2161	9
172676	4363	10
172676	4601	9
172676	6082	10
172676	1128	9
172676	2312	9
172676	2489	9
172676	2757	9
172700	2023	10
172700	892	8
172700	2329	10
172700	3070	10
172700	1240	10
172700	1127	9
172700	283	10
172700	560	9
172700	187	9
172760	5542	9
172760	6244	10
172760	1634	9
172760	5956	10
172760	6538	10
172760	1504	9
172760	5310	7
172760	774	9
172760	3091	8
172760	1596	8
172760	470	10
172760	1159	10
172760	4470	9
172760	4141	10
172760	6219	9
172760	2740	10
172760	5499	10
172760	20	6
172760	3024	10
172760	6545	7
173111	2186	10
173111	581	8
173111	925	8
173111	3671	9
173111	3054	10
173111	1876	10
173111	235	7
173111	1950	9
173111	1860	10
173111	3670	9
173111	1416	10
173111	3441	10
173111	3630	10
173111	5204	10
173111	781	9
173111	4414	9
173131	2183	10
173131	600	10
173131	1659	7
173131	6562	10
173131	4140	10
173131	478	9
173131	611	9
173131	4123	9
173131	5639	9
173190	901	9
173190	2735	10
173190	1576	10
173190	20	6
173190	4055	10
173225	2730	10
173225	4605	9
173225	516	10
173225	2103	10
173225	1572	8
173225	3233	10
173291	3928	10
173291	57	8
173291	2925	9
173291	1407	9
173291	4912	10
173291	540	7
173291	3925	10
173291	1062	9
173291	278	10
173291	2951	8
173291	3556	10
173291	5740	10
173291	1350	8
173291	6905	9
173291	887	7
173291	1730	9
173291	1617	9
173291	2153	9
173291	6656	10
173291	4914	9
173291	6906	10
173291	4915	9
173291	2154	9
173291	4917	10
173291	6450	10
173291	6817	10
173291	2862	10
173291	4684	10
173291	3003	10
173291	3024	10
173291	3025	10
173343	1247	9
173343	2218	10
173343	183	9
173343	3064	7
173343	537	10
173343	2478	8
173343	1117	7
173343	540	7
173343	2315	10
173343	435	10
173343	4704	10
173343	5022	7
173343	2406	10
173415	6647	10
173415	2218	8
173415	3619	10
173415	3795	9
173415	207	8
173415	5527	9
173415	2584	10
173415	4404	9
173415	6257	10
173415	1745	10
173415	5056	9
173415	1872	9
173415	3632	10
173415	3653	10
173415	1636	8
173415	1328	9
173415	5802	9
173415	1490	9
173415	124	1
173415	5816	9
173415	1597	10
173415	3348	9
173415	2278	10
173415	63	8
173415	1653	9
173415	1513	10
173415	2974	10
173415	1225	8
173415	1520	10
173415	1977	9
173415	6677	10
173415	2840	10
173415	3518	9
173415	787	10
173415	5592	10
173415	1979	10
173415	2806	8
173415	5278	10
173415	3310	10
173415	236	10
173415	2034	10
173415	3235	8
173415	3133	10
173415	3440	10
173415	338	6
173415	1236	9
173415	6759	9
173415	6379	10
173415	3617	10
173415	79	8
173415	2293	9
173415	1281	10
173415	2849	10
173415	2019	9
173415	1568	9
173415	4835	10
173415	5778	10
173415	1531	9
173415	949	9
173415	1355	10
173415	6489	10
173415	4925	10
173415	3197	10
173415	1904	10
173415	434	6
173415	2990	10
173415	52	8
173415	267	8
173415	95	10
173415	624	8
173415	6367	9
173415	3582	10
173415	1358	8
173415	3329	10
173415	1454	9
173415	4794	10
173415	2824	9
173415	2748	10
173415	665	7
173415	3480	9
173415	1418	10
173415	1396	10
173415	1397	8
173415	1082	10
173415	6103	8
173415	3411	10
173415	5158	10
173415	2842	9
173415	6255	9
173415	2136	9
173415	501	8
173415	2237	9
173415	4547	10
173481	2587	10
173481	1820	10
173481	2543	10
173481	5205	10
173481	5219	9
173481	3250	9
173481	170	7
173481	292	10
173481	1269	8
173481	5335	8
173481	195	7
173481	160	8
173481	973	10
173481	2064	7
173481	1882	9
173481	1690	9
173481	937	10
173481	4114	9
173481	712	10
173481	4339	10
173481	2575	9
173481	4214	10
173481	3180	10
173481	3643	9
173481	661	10
173481	1067	10
173481	4236	10
173481	662	9
173481	2347	9
173481	2376	10
173486	1056	10
173486	1292	9
173486	2499	10
173486	1606	9
173486	4259	10
173486	2294	9
173486	3136	10
173486	4391	10
173486	4392	10
173486	3662	9
173486	2262	10
173486	213	9
173486	6358	10
173511	824	10
173511	1003	10
173511	2007	9
173511	739	8
173511	2867	10
173517	1284	10
173517	696	8
173517	1939	10
173517	410	6
173517	3283	10
173650	2903	9
173650	4646	9
173650	6220	9
173650	2233	9
173650	4436	10
173650	3048	10
173679	883	9
173679	1166	10
173679	2801	10
173679	447	10
173679	6028	10
173679	2747	10
173679	6157	9
173679	1999	9
173679	533	7
173679	586	9
173679	5489	10
173679	1225	9
173679	469	8
173679	1159	8
173679	5432	10
173679	794	10
173679	478	9
173679	713	10
173679	622	7
173679	3765	10
173679	1222	9
173679	52	8
173679	239	10
173679	1433	8
173679	1416	10
173679	1641	9
173679	637	9
173679	3026	10
173679	1084	9
173679	5963	9
173684	467	10
173684	1407	9
173684	932	10
173684	1260	10
173684	2057	10
173684	3523	10
173684	3338	10
173684	5454	9
173684	6539	10
173684	206	10
173728	1291	6
173728	233	9
173728	5062	10
173728	880	9
173728	431	9
173728	476	10
173728	2015	9
173728	2889	10
173773	1220	9
173773	533	7
173773	1404	10
173773	4003	9
173773	3727	9
173773	6	7
173773	886	10
173773	894	10
173773	459	8
173835	2659	9
173835	3336	9
173835	392	9
173835	4552	10
173835	5303	10
173835	1061	9
173835	2992	8
173835	1045	9
173835	219	7
173835	4310	10
173860	405	10
173860	409	9
173860	287	10
173860	1871	10
173860	1172	9
173860	243	6
173860	2000	9
173860	1941	9
173860	1293	10
173860	2324	10
173860	1294	9
173860	411	9
173860	2044	8
173860	449	10
173860	1205	8
173860	41	7
173860	614	7
173860	1955	10
173860	214	7
173860	2049	9
173860	1218	10
173951	2242	9
173951	5773	10
173951	958	9
173951	1186	8
173951	588	10
173951	1947	10
173951	2889	10
174034	5845	10
174034	3257	10
174034	1441	9
174034	892	10
174034	2080	9
174034	3837	10
174034	2628	9
174034	2672	9
174062	6885	9
174062	6566	9
174062	4443	10
174062	2721	9
174062	1214	9
174072	3116	9
174072	486	7
174072	650	9
174072	1490	8
174072	1874	9
174072	6492	9
174072	1561	10
174072	2196	10
174072	3722	9
174072	5457	10
174072	6171	10
174072	421	8
174072	798	8
174072	298	10
174072	456	9
174092	4648	9
174092	820	9
174092	2087	10
174092	5812	9
174092	227	7
174092	50	6
174092	3823	8
174092	124	2
174092	684	7
174092	3425	9
174092	1512	8
174092	1631	9
174092	6887	10
174092	1525	10
174092	3311	9
174092	4725	9
174092	6567	9
174092	3777	9
174092	6842	8
174092	1594	9
174092	5324	10
174092	1755	9
174092	630	8
174092	1480	10
174092	6323	10
174092	704	9
174092	1788	8
174092	2092	9
174092	6509	8
174092	2377	10
174092	1302	10
174092	685	10
174092	2362	9
174092	2306	10
174092	2093	8
174092	3145	10
174092	2203	10
174092	4763	9
174151	543	9
174151	937	9
174151	2836	9
174151	1603	8
174151	2532	10
174151	2863	8
174151	2864	9
174151	1074	10
174151	2168	9
174151	2865	9
174151	2533	10
174151	3149	10
174151	4538	9
174179	6792	10
174179	3064	9
174179	235	5
174179	1002	10
174179	3607	9
174179	2117	10
174179	2072	10
174179	784	8
174195	6302	10
174195	3092	9
174195	4257	9
174195	1104	8
174195	6378	9
174195	5243	9
174195	4572	10
174195	5222	9
174216	57	9
174216	446	7
174216	582	10
174216	2353	9
174216	1506	9
174216	651	8
174216	1940	10
174216	1700	9
174216	233	9
174216	6126	10
174216	684	10
174216	3529	9
174216	2683	10
174216	5390	9
174216	3820	10
174216	2719	10
174216	2070	9
174216	2507	9
174216	3905	9
174216	1589	9
174216	607	9
174216	3256	8
174216	798	10
174216	5022	10
174216	2093	8
174216	1458	9
174216	1602	6
174216	1723	8
174322	1504	9
174322	4742	10
174322	2662	10
174322	4006	9
174322	451	7
174326	3419	10
174326	693	7
174326	405	8
174326	316	10
174326	409	8
174326	1490	7
174326	233	9
174326	3934	10
174326	5084	10
174326	2354	7
174326	2193	9
174326	1058	7
174326	2925	9
174326	1190	10
174326	1660	9
174326	1196	9
174326	449	10
174326	6087	10
174326	971	8
174326	3883	10
174326	657	6
174326	1066	10
174326	421	9
174326	1080	8
174326	614	6
174326	192	5
174326	2049	10
174334	5939	10
174334	4725	9
174334	961	10
174334	6566	10
174334	4429	9
174367	3301	10
174367	4512	8
174367	379	7
174367	3502	10
174367	3355	10
174367	3665	10
174367	6124	9
174375	1933	10
174375	862	9
174375	971	6
174375	1071	7
174375	1728	10
174375	1617	10
174375	860	10
174428	2554	10
174428	1284	7
174428	182	9
174428	957	6
174428	1179	7
174428	1916	10
174428	653	8
174428	1058	7
174428	540	7
174428	657	5
174428	6524	10
174428	592	7
174501	1284	9
174501	244	10
174501	1777	10
174501	4325	10
174501	3231	8
174501	4430	9
174503	301	9
174503	533	5
174503	2733	9
174503	657	6
174503	5153	10
174503	2156	10
174503	5561	9
174503	4064	10
174534	5130	10
174534	1771	9
174534	5762	9
174534	1305	10
174534	943	10
174590	693	7
174590	50	5
174590	1179	9
174590	653	10
174590	1185	9
174596	2456	9
174596	581	7
174596	1284	9
174596	3913	9
174596	643	7
174596	1156	8
174596	809	8
174596	5400	10
174596	1652	8
174596	5006	9
174596	1823	10
174596	1707	8
174596	1058	7
174596	2481	9
174596	4977	10
174596	4852	10
174596	4853	9
174596	165	7
174596	6664	9
174596	6726	10
174596	2023	10
174596	746	9
174596	5231	10
174596	341	8
174596	971	7
174596	590	7
174596	1854	9
174596	6668	10
174596	4126	8
174596	3307	9
174596	5352	9
174596	2552	9
174596	1360	10
174596	1816	9
174596	1552	10
174615	57	10
174615	3913	9
174615	3137	9
174615	417	9
174615	4101	10
174615	2625	8
174615	4892	8
174615	5051	10
174615	1961	9
174625	5226	9
174625	5339	9
174625	534	10
174625	1598	9
174625	779	10
174625	1641	10
174633	1496	10
174633	589	10
174633	574	9
174633	1066	9
174633	1781	9
174633	732	10
174633	622	8
174692	6129	10
174692	5019	9
174692	4831	10
174692	4810	8
174700	124	1
174700	4061	9
174700	63	9
174700	5630	10
174700	1858	9
174700	3591	10
174700	1726	9
174700	451	7
174700	1853	8
174700	5115	9
174700	5792	10
174726	1821	8
174726	61	7
174726	1269	8
174726	195	9
174726	2070	9
174726	160	8
174726	144	8
174726	4038	9
174726	1625	9
174726	1811	10
174726	6384	10
174726	5461	10
174726	3324	10
174726	3572	9
174726	2795	9
174726	2345	9
174726	41	6
174726	3073	9
174726	2173	9
174726	2235	10
174738	4823	10
174738	1250	10
174738	4807	10
174738	1861	10
174738	6741	8
174827	5435	10
174827	601	10
174827	5368	10
174827	4150	8
174827	5610	9
174827	2945	8
174827	543	9
174827	4503	10
174827	1610	10
174830	346	8
174830	1795	10
174830	985	8
174830	3175	10
174830	3177	9
174830	90	8
174830	6226	10
174830	5381	10
174830	4211	9
174830	4308	10
174830	2732	10
174830	1457	10
174830	4309	10
174830	4310	10
174834	1442	10
174834	3306	10
174834	77	8
174834	2070	8
174834	955	8
174848	3044	10
174848	2872	9
174848	199	9
174848	235	7
174848	2729	10
174848	6882	10
174848	935	8
174848	3124	9
174848	4877	10
174848	5771	9
174848	3657	9
174848	404	5
174851	2099	10
174851	5847	8
174851	5766	10
174851	2100	10
174851	5733	10
174892	4120	10
174892	6002	10
174892	316	8
174892	1372	9
174892	136	7
174892	1292	7
174892	1387	7
174892	1295	9
174892	3239	10
174892	6805	10
174892	1619	9
174892	344	7
174892	6005	10
174892	4299	10
174892	345	9
174892	6850	9
174892	4005	10
174892	27	9
174892	4219	10
174892	1340	10
174892	377	9
174892	1344	8
174892	5826	10
174892	3808	9
174892	3743	9
174892	4599	9
174892	4287	9
174892	2717	9
174892	3354	10
174892	937	9
174892	3433	9
174892	5265	10
174892	3641	10
174892	4652	10
174892	2418	10
174892	1265	10
174892	6802	9
174892	5342	9
174892	6700	10
174892	516	10
174892	517	10
174892	3665	10
174892	519	10
174892	5690	9
174892	664	10
174892	4011	10
174892	4543	10
174892	6466	10
174892	1847	9
174892	3866	10
174892	6062	8
174914	1630	9
174914	1893	10
174914	1167	10
174914	486	8
174914	695	10
174914	533	6
174914	653	8
174914	1898	8
174914	1647	9
174914	5589	9
174914	2796	10
174914	665	8
174914	119	8
174918	884	9
174918	6820	9
174918	141	10
174918	1763	10
174918	3404	10
174918	781	9
175003	471	7
175003	472	8
175003	340	10
175003	341	6
175003	480	8
175003	434	4
175003	241	10
175003	456	7
175003	3227	8
175052	1737	8
175052	207	8
175052	2393	10
175052	3011	9
175052	3807	10
175052	538	10
175052	1261	8
175052	3050	10
175052	1526	9
175052	1998	10
175052	2231	10
175052	5335	9
175052	2293	9
175052	488	10
175052	1594	9
175052	3150	9
175052	3139	10
175052	5113	10
175052	6699	10
175052	5945	10
175052	3625	9
175052	3572	8
175052	1781	10
175052	1836	10
175052	1839	9
175052	2578	9
175052	434	6
175052	18	8
175052	3698	10
175052	1492	9
175052	3931	10
175052	232	9
175052	1789	7
175052	1436	9
175052	2744	8
175052	4031	9
175070	5421	10
175070	3293	10
175070	141	9
175070	340	8
175070	341	9
175070	224	8
175070	225	8
175070	3264	9
175070	2863	9
175070	4172	10
175100	5147	10
175100	5281	10
175100	6907	9
175100	6828	10
175100	6338	8
175100	5463	9
175100	720	8
175100	74	8
175100	3570	9
175100	2627	10
175100	3500	10
175100	3134	10
175100	5249	9
175100	5346	10
175100	620	10
175100	4340	10
175100	1486	10
175100	5313	10
175100	5037	10
175101	1620	9
175101	645	9
175101	2847	10
175101	5501	8
175101	1563	10
175101	5069	10
175101	4258	9
175101	5675	10
175101	5270	9
175117	57	9
175117	1405	9
175117	68	10
175117	4071	10
175117	711	9
175117	4433	10
175117	5195	10
175117	4274	10
175117	1574	8
175205	2641	9
175205	6805	9
175205	6885	10
175205	982	10
175205	1344	10
175205	4930	9
175205	4301	8
175205	4082	10
175254	183	8
175254	3064	9
175254	537	10
175254	2478	8
175254	1619	10
175254	4633	10
175254	1743	6
175254	6110	10
175254	160	7
175254	1625	9
175254	3354	10
175254	127	5
175254	20	6
175271	405	8
175271	2189	8
175271	575	8
175271	657	7
175271	1800	9
175271	1812	8
175271	614	9
175271	1132	10
175278	1708	10
175278	1709	9
175278	3870	9
175278	1263	9
175278	6838	10
175278	1713	8
175287	2554	9
175287	649	8
175287	821	9
175287	1941	7
175287	1942	7
175287	472	7
175287	278	9
175287	4665	10
175287	268	10
175463	1602	8
175463	1603	9
175463	2532	9
175463	2863	8
175463	2864	10
175529	1177	10
175529	3900	10
175529	2644	9
175529	2423	10
175529	2424	10
175529	221	10
175529	4082	9
175529	764	9
175529	1956	9
175529	404	6
175536	534	8
175536	2250	8
175536	3177	10
175536	3361	10
175536	3001	9
175536	5381	8
175636	2585	10
175636	774	9
175636	1407	9
175636	338	5
175636	1640	10
175636	5832	9
175636	2510	9
175636	4528	10
175636	6432	9
175636	434	7
175636	41	6
175636	31	10
175636	1017	10
175794	3325	9
175794	3858	9
175794	3217	10
175794	2362	10
175794	54	9
175978	4592	9
175978	5585	10
175978	2145	10
175978	2018	8
175978	274	6
175978	344	10
175978	6730	10
175978	895	9
175978	3925	9
175978	3380	6
175978	5126	9
175978	853	10
176094	2556	9
176094	355	9
176094	1104	8
176094	3586	7
176094	2072	10
176094	5306	10
176102	753	10
176102	957	7
176102	2231	10
176102	3323	10
176102	1100	9
176102	5337	10
176102	1436	9
176214	4801	9
176214	4802	10
176214	5887	9
176214	2829	7
176214	4370	10
176214	1388	9
176214	347	9
176214	6558	10
176214	3910	10
176214	2427	9
176214	579	9
176214	3775	9
176214	5625	10
176214	3979	9
176214	988	9
176214	797	10
176214	4936	8
176214	1602	7
176214	5493	9
176256	1230	9
176256	542	10
176256	543	9
176256	1003	8
176256	545	10
176256	546	9
176348	4919	10
176348	124	1
176348	5260	9
176348	5730	9
176348	2840	10
176348	27	10
176348	5285	10
176348	7	9
176348	426	9
176348	1548	9
176348	2679	9
176459	2169	10
176459	6447	9
176459	695	8
176459	244	9
176459	2032	9
176459	590	5
176459	3175	10
176459	2077	8
176459	41	6
176459	108	10
176459	2985	10
176459	4197	8
176481	4779	10
176481	5660	9
176481	2184	9
176481	1799	10
176481	6367	9
176481	1574	8
176481	5025	10
176526	5718	10
176526	4896	9
176526	750	10
176526	1396	10
176526	1958	10
176576	2408	9
176576	3520	8
176576	50	4
176576	243	6
176576	1515	10
176576	1972	10
176597	5271	10
176597	800	7
176597	4284	10
176597	1977	10
176597	5884	8
176597	6862	9
176597	1126	10
176597	611	8
176597	1127	9
176597	1384	9
176597	95	10
176597	2983	8
176656	3668	10
176656	124	2
176656	4871	9
176656	1956	10
176656	3539	9
176667	4801	9
176667	6870	10
176667	3667	10
176667	4969	9
176667	6168	10
176667	6764	9
176667	1608	10
176667	1610	8
176667	1780	10
176667	4709	10
176667	1667	9
176785	1680	10
176785	1230	8
176785	4182	10
176785	1058	7
176785	3639	10
176785	41	6
176853	50	6
176853	68	10
176853	1902	9
176853	3732	10
176853	4829	10
176875	59	7
176875	1156	8
176875	679	9
176875	1114	8
176875	4085	10
176875	3090	9
176875	3580	8
176875	1901	9
176875	4392	10
176875	5615	9
176875	3175	10
176875	5941	10
176875	3332	10
176875	6616	10
176875	267	6
176875	988	9
176875	3173	9
176875	1548	9
176879	2320	8
176879	3392	9
176879	6494	8
176879	1527	9
176879	1639	9
176879	4314	10
176879	4330	10
176879	5896	10
176879	3865	9
176887	626	8
176887	465	6
176887	6057	10
176887	208	7
176887	4325	7
176887	552	8
176887	2463	10
176887	404	7
176887	501	8
176902	465	5
176902	2912	9
176902	4743	10
176902	2124	10
176902	3177	8
176902	552	7
176902	569	10
176902	6395	10
176902	5936	9
176902	1846	9
176903	1554	10
176903	4868	10
176903	1179	8
176903	4574	10
176903	108	10
176903	953	7
176903	152	8
177040	1419	10
177040	1056	10
177040	2941	10
177040	3236	10
177040	82	8
177040	6522	9
177040	2064	9
177040	5453	10
177040	1882	8
177040	4516	9
177040	1451	8
177040	1840	9
177040	3397	10
177040	404	5
177072	1783	9
177072	1501	7
177072	4494	10
177072	391	9
177072	393	9
177072	243	7
177072	3472	9
177072	5840	8
177072	3451	10
177072	6126	9
177072	4015	10
177072	1183	9
177072	1442	9
177072	344	10
177072	1517	10
177072	1826	9
177072	3664	10
177072	2966	9
177072	2387	10
177072	2726	10
177072	5437	10
177072	6365	9
177072	169	7
177072	1268	7
177072	170	7
177072	6	9
177072	160	9
177072	4213	10
177072	17	8
177072	1855	8
177072	6896	8
177072	3684	10
177072	260	8
177072	6637	10
177072	5423	10
177072	2790	10
177072	261	10
177072	1288	9
177072	763	9
177072	4443	10
177072	295	9
177072	5492	9
177072	93	10
177072	5600	10
177072	1668	9
177072	2319	9
177072	1401	10
177072	5541	10
177072	1303	9
177072	103	9
177072	2028	10
177072	3207	10
177072	3509	10
177072	1789	8
177072	4936	10
177072	2842	10
177072	2527	9
177072	4857	10
177072	6255	9
177072	1602	8
177072	1603	7
177072	2532	9
177072	2864	8
177072	2168	10
177072	2865	8
177072	2533	9
177072	1369	9
177072	2236	9
177072	157	7
177072	6096	9
177072	6343	9
177072	6262	10
177073	1240	10
177073	3238	9
177073	6295	10
177073	1853	7
177073	4173	10
177073	4236	10
177073	2107	10
177073	4551	9
177073	2007	8
177090	1630	8
177090	1328	9
177090	391	9
177090	1490	7
177090	288	10
177090	5437	10
177090	1341	9
177090	1344	8
177090	361	10
177090	2945	10
177090	3771	9
177090	4760	10
177090	801	8
177090	2647	9
177090	4082	8
177090	6801	9
177090	223	10
177090	224	7
177090	3264	10
177090	614	7
177090	4206	10
177090	5714	10
177091	1630	9
177091	1328	8
177091	3049	9
177091	5975	8
177091	5532	7
177091	5719	10
177091	1879	9
177091	2253	9
177091	2434	9
177091	218	9
177091	2721	10
177091	1839	10
177091	5783	10
177091	1694	10
177091	2233	9
177091	1401	10
177091	483	10
177091	2436	9
177091	2437	8
177091	213	10
177091	5684	9
177091	4175	10
177091	5626	9
177157	4427	9
177157	1895	9
177157	343	10
177157	367	7
177157	829	8
177157	224	9
177157	225	10
177157	592	4
177157	1601	9
177157	3368	9
177157	781	6
177186	5801	10
177186	2819	10
177186	2140	10
177186	1264	10
177186	3586	8
177186	372	10
177186	1101	8
177186	5429	10
177186	102	10
177195	5171	10
177195	72	8
177195	577	8
177195	3550	9
177195	6657	9
177233	4659	10
177233	6899	8
177233	3285	8
177233	3309	9
177233	4231	9
177233	1656	10
177233	2919	7
177233	2912	8
177233	1249	9
177233	673	10
177233	574	8
177233	5018	10
177233	596	10
177233	4042	10
177233	3371	10
177233	3112	10
177233	1398	8
177233	3818	10
177233	1765	9
177237	5137	8
177237	4512	9
177237	4678	10
177237	3303	8
177237	3006	9
177237	1761	10
177262	5858	9
177262	6121	10
177262	573	8
177262	1781	10
177277	2777	10
177277	4254	10
177277	678	10
177277	5443	10
177277	583	10
177277	6325	10
177277	1328	8
177277	5898	10
177277	66	10
177277	88	7
177277	2619	9
177277	1418	8
177284	50	5
177284	61	7
177284	3949	8
177284	4134	10
177284	472	7
177284	2630	8
177284	2261	10
177284	90	9
177284	480	7
177284	3482	10
177284	107	10
177284	5865	9
177284	6804	9
177284	4773	10
177295	207	8
177295	4885	9
177295	61	8
177295	411	10
177295	684	10
177295	1808	9
177295	6808	10
177295	306	8
177295	634	8
177295	6320	10
177295	319	10
177295	68	8
177295	54	10
177295	1672	10
177349	6712	9
177349	3260	10
177349	601	10
177349	6713	10
177349	756	9
177349	602	8
177349	3058	10
177349	4360	10
177349	6711	8
177374	4723	9
177374	6712	9
177374	756	9
177374	757	8
177374	4359	9
177374	2122	9
177374	4076	10
177374	3857	10
177374	290	10
177374	602	9
177374	1042	9
177374	4360	10
177374	4019	10
177374	2160	10
177374	1388	10
177374	5251	10
177374	5437	10
177374	4406	10
177374	4741	9
177374	398	10
177374	6460	10
177374	6885	10
177374	472	9
177374	473	9
177374	4007	9
177374	4880	10
177374	3155	9
177374	4323	10
177374	1888	10
177374	4454	8
177374	4081	9
177374	3325	7
177374	3858	10
177374	367	7
177374	4082	10
177374	4394	9
177374	1834	8
177374	1838	10
177374	4365	9
177374	3158	10
177374	1050	9
177374	3854	10
177375	753	10
177375	1555	10
177375	394	8
177375	2269	10
177375	1631	8
177375	1773	7
177375	634	9
177375	3454	9
177375	540	7
177375	3274	9
177375	338	6
177375	339	8
177375	473	8
177375	5767	10
177375	185	9
177375	2337	10
177375	544	10
177375	938	9
177375	2316	9
177375	329	9
177375	434	7
177375	704	8
177375	3709	9
177375	6464	10
177375	770	9
177375	105	10
177375	5157	9
177375	314	9
177375	1436	10
177375	2012	10
177451	5488	10
177451	5965	10
177451	5501	10
177451	3837	9
177451	3634	10
177451	1269	8
177492	3735	9
177492	5767	9
177492	3231	9
177492	3160	10
177569	1464	10
177569	1292	10
177569	3289	10
177569	3350	10
177569	4675	10
177569	1852	8
177569	178	10
177569	591	10
177569	3370	10
177569	3361	9
177569	1436	10
177569	2758	10
177590	1498	9
177590	1499	10
177590	3669	10
177590	1557	10
177590	158	8
177590	3693	10
177590	1542	10
177590	6129	10
177590	3222	10
177590	2673	9
177590	2676	10
177590	3088	9
177590	2532	8
177590	2863	10
177590	2168	10
177590	2865	10
177590	2533	10
177590	2677	10
177590	2566	8
177590	2469	10
177683	6178	9
177683	23	10
177683	1310	10
177683	126	10
177683	3084	10
177683	6221	9
177683	145	10
177683	349	10
177683	4273	9
177683	1067	9
177683	2728	10
177683	6095	9
177690	4225	9
177690	1042	9
177690	4080	10
177690	2596	10
177690	5490	10
177690	1876	9
177690	70	3
177690	3369	10
177690	3845	9
177690	5938	10
177690	3850	9
177690	4518	9
177690	6707	10
177690	3863	10
177690	4817	10
177690	5776	8
177690	3755	10
177690	6062	10
177862	3696	10
177862	2662	10
177862	377	9
177862	4228	10
177862	5012	10
177862	5689	10
177862	2718	7
177862	3333	10
177862	564	10
177876	5373	10
177876	1388	10
177876	1344	8
177876	3814	10
178035	3842	10
178035	2992	9
178035	1045	9
178035	169	7
178035	77	7
178035	379	8
178035	258	8
178035	3549	9
178035	3650	10
178035	6515	10
178035	5078	10
178035	4378	10
178035	4533	10
178035	188	9
178058	4226	10
178058	892	10
178058	4512	10
178058	3370	10
178058	1889	10
178058	5338	9
178079	5120	9
178079	335	10
178079	216	10
178079	1056	8
178079	136	10
178079	5232	10
178079	2637	9
178079	2730	10
178079	6063	10
178079	498	10
178079	737	9
178079	5291	9
178079	4686	9
178079	1714	10
178079	4685	10
178093	1585	9
178093	3369	10
178093	729	10
178093	3418	10
178093	6591	10
178130	5373	10
178130	2615	10
178130	2617	10
178130	1375	10
178130	2362	9
178130	4018	8
178130	3149	9
178130	2677	10
178130	6688	10
178151	1179	8
178151	540	7
178151	619	10
178151	3765	8
178151	4246	10
178151	5622	9
178151	1433	10
178151	192	9
178151	500	10
178199	883	8
178199	2815	10
178199	4342	10
178199	176	8
178199	406	10
178199	407	7
178199	879	8
178199	1143	8
178199	1376	10
178199	3119	9
178199	6045	10
178199	3472	8
178199	2829	9
178199	6441	10
178199	3766	9
178199	1807	10
178199	1178	9
178199	1179	9
178199	5114	10
178199	1631	8
178199	165	7
178199	2333	7
178199	1876	10
178199	70	3
178199	4005	10
178199	160	8
178199	4939	10
178199	1263	8
178199	3458	9
178199	1763	10
178199	658	10
178199	6674	10
178199	2117	10
178199	2304	10
178199	5121	10
178199	5768	9
178199	3948	9
178199	988	8
178199	2382	9
178199	4119	10
178199	614	7
178199	717	9
178199	3280	10
178199	1576	8
178199	6249	10
178199	1577	10
178201	2218	9
178201	741	10
178201	1895	9
178201	1253	7
178201	958	9
178201	1186	9
178201	3420	10
178201	6277	10
178201	4016	10
178201	1194	10
178201	3170	9
178201	2318	9
178201	308	9
178201	3820	10
178201	6475	10
178201	1527	9
178201	938	9
178201	590	6
178201	3086	10
178201	592	7
178201	4508	9
178201	665	7
178201	107	9
178201	404	6
178223	3857	9
178223	235	7
178223	6253	10
178223	737	10
178223	2233	9
178223	4809	8
178223	3695	10
178223	4810	10
178240	1585	9
178240	274	6
178240	164	10
178240	2588	10
178240	6445	9
178240	2481	9
178240	644	9
178240	1776	10
178240	5016	9
178240	450	9
178240	169	7
178240	6	8
178240	657	5
178240	5661	9
178240	2857	8
178240	2858	9
178240	2859	9
178240	2700	10
178240	3477	10
178322	428	9
178322	1165	10
178322	1291	7
178322	1943	7
178322	1684	8
178322	1286	10
178322	5335	10
178322	1690	9
178322	311	9
178322	1837	8
178458	2226	8
178458	1881	10
178458	4323	10
178458	3858	9
178458	605	9
178522	315	9
178522	35	10
178522	4650	10
178522	1054	10
178522	2829	9
178522	2872	10
178522	136	9
178522	1292	9
178522	1387	10
178522	1229	9
178522	5332	10
178522	1557	8
178522	5648	10
178522	6611	10
178522	5436	9
178522	1230	10
178522	4252	9
178522	3530	9
178522	6503	10
178522	3289	10
178522	6865	10
178522	2707	9
178522	539	9
178522	644	9
178522	68	10
178522	3194	7
178522	5029	10
178522	5333	10
178522	2034	9
178522	3741	10
178522	1922	10
178522	3235	8
178522	5030	10
178522	237	10
178522	1060	10
178522	25	9
178522	4004	9
178522	4005	10
178522	27	8
178522	414	8
178522	1071	8
178522	322	10
178522	2877	9
178522	1883	10
178522	6321	10
178522	4275	10
178522	813	10
178522	6700	10
178522	4177	10
178522	1840	10
178522	2103	9
178522	3360	10
178522	5369	8
178522	5909	10
178522	6152	10
178522	1862	9
178522	4168	9
178522	6490	9
178522	239	10
178522	4119	10
178522	2723	9
178522	3181	10
178522	2724	8
178522	2348	9
178522	268	10
178522	1924	9
178522	3756	10
178522	4368	9
178522	150	10
178522	5967	10
178522	3202	9
178522	5921	10
178522	4634	9
178522	5769	9
178522	4317	10
178522	3204	9
178522	424	9
178522	326	10
178522	151	10
178522	815	10
178587	1079	9
178587	2335	9
178587	641	7
178587	912	8
178587	6908	8
178597	862	9
178597	1699	10
178597	3473	9
178597	1884	9
178597	1950	9
178597	4876	10
178597	954	8
178667	1630	7
178667	2892	9
178667	1284	9
178667	2359	9
178667	3520	10
178667	465	6
178667	1114	8
178667	2918	9
178667	394	9
178667	536	10
178667	2044	9
178667	4969	10
178667	4075	9
178667	2354	10
178667	2735	10
178667	1660	9
178667	2139	10
178667	4300	9
178667	588	9
178667	72	9
178667	5283	9
178667	4674	8
178667	5437	9
178667	1269	8
178667	451	8
178667	3905	10
178667	4980	10
178667	1447	10
178667	5046	9
178667	870	9
178667	6321	10
178667	474	9
178667	2856	10
178667	218	10
178667	1066	9
178667	2635	9
178667	2792	10
178667	4655	8
178667	265	9
178667	367	8
178667	3644	10
178667	6905	10
178667	3176	8
178667	2858	9
178667	3979	10
178667	1800	10
178667	5000	10
178667	4101	10
178667	330	10
178667	1572	9
178667	1272	10
178667	150	9
178667	106	10
178667	3048	9
178667	4865	9
178667	1219	8
178667	3811	10
178733	2608	9
178733	4569	9
178733	1759	10
178733	3586	9
178733	670	9
178797	1114	10
178797	1391	9
178797	5643	10
178797	680	10
178797	2569	10
178797	3605	9
178797	2013	10
178797	1159	9
178797	1561	9
178797	1205	5
178797	6602	9
178914	5191	10
178914	5348	7
178914	3971	10
178914	2354	10
178914	5869	10
178914	2805	10
178914	494	10
178914	3977	10
178914	5351	10
178914	3056	10
178914	423	10
178914	7	10
178914	3078	9
178920	3504	10
178920	3419	8
178920	5760	9
178920	1284	8
178920	643	8
178920	2917	9
178920	244	9
178920	538	9
178920	1900	9
178920	1393	10
178920	431	9
178920	3577	10
178920	2821	10
178920	4826	10
178920	1985	9
178920	610	9
178920	52	8
178920	624	9
178920	1752	10
178920	1857	10
178920	6607	9
178920	352	9
178920	6031	9
178961	557	8
178961	4487	10
178961	2246	10
178961	6	9
178961	782	8
178961	4535	10
179019	1166	10
179019	1419	10
179019	176	10
179019	2393	10
179019	5360	10
179019	336	9
179019	136	8
179019	2478	8
179019	1428	6
179019	2879	10
179019	5260	9
179019	2191	9
179019	6848	9
179019	344	10
179019	1408	9
179019	1261	9
179019	308	7
179019	2504	9
179019	1309	9
179019	5808	10
179019	2034	9
179019	3648	10
179019	3727	8
179019	170	9
179019	3616	10
179019	3501	10
179019	453	9
179019	3745	9
179019	2692	8
179019	478	9
179019	6505	10
179019	3380	9
179019	2576	10
179019	1535	9
179019	420	10
179019	3948	10
179019	611	9
179019	41	8
179019	2724	10
179019	3330	8
179019	3631	10
179019	455	9
179019	781	9
179075	487	8
179075	5879	10
179075	1631	8
179075	5205	10
179075	674	10
179075	2951	9
179075	1626	6
179075	730	9
179075	606	10
179075	2837	8
179075	594	9
179118	906	9
179118	1203	8
179118	2004	8
179118	3042	10
179118	5973	10
179118	5074	10
179147	3619	10
179147	243	7
179147	5827	10
179147	6687	10
179147	3395	9
179147	3371	9
179147	436	9
179147	1671	9
179147	5867	10
179147	676	9
179147	2379	8
179288	487	8
179288	2443	10
179288	1698	10
179288	243	6
179288	184	10
179288	6909	9
179288	2317	9
179288	5660	10
179288	2367	10
179288	1530	10
179288	3407	10
179288	976	9
179288	6451	9
179288	313	9
179321	410	8
179321	958	10
179321	2919	8
179321	1338	9
179321	4501	9
179327	1166	9
179327	1284	8
179327	5930	8
179327	5673	9
179327	1490	9
179327	2513	10
179327	477	9
179327	6900	9
179327	2233	9
179433	59	8
179433	1494	9
179433	2704	8
179433	1636	8
179433	1328	7
179433	1821	8
179433	1329	10
179433	391	8
179433	5825	10
179433	5275	10
179433	4186	10
179433	6759	9
179433	3135	10
179433	728	9
179433	975	9
179433	1530	10
179433	4261	10
179433	267	7
179433	3047	10
179433	1453	8
179433	5292	10
179433	2762	10
179433	127	5
179433	4276	10
179433	6429	10
179433	3798	9
179433	4117	10
179433	6835	9
179433	5988	10
179433	5074	10
179532	1284	9
179532	4872	10
179532	1491	9
179532	3896	10
179534	5705	9
179534	656	8
179534	3209	9
179534	614	6
179534	5992	8
179688	5648	10
179688	6426	9
179688	4164	10
179688	4345	10
179688	2850	10
179688	1856	9
179688	781	5
179718	648	10
179718	3335	8
179718	1376	10
179718	2222	9
179718	1636	8
179718	1328	9
179718	1823	9
179718	532	9
179718	503	8
179718	1115	7
179718	1117	8
179718	1280	10
179718	1421	9
179718	6865	8
179718	5644	9
179718	1876	9
179718	5015	10
179718	5421	8
179718	6739	9
179718	673	9
179718	3489	10
179718	1061	8
179718	4674	7
179718	2875	10
179718	2876	10
179718	5501	10
179718	5968	10
179718	2992	9
179718	1344	10
179718	4371	10
179718	2336	9
179718	322	10
179718	545	9
179718	1882	8
179718	5344	10
179718	3093	10
179718	4596	10
179718	3973	8
179718	418	9
179718	1377	8
179718	4572	10
179718	1378	8
179718	5064	8
179718	1664	10
179718	1265	10
179718	2420	10
179718	2421	10
179718	2425	10
179718	4201	10
179718	2832	8
179718	3264	10
179718	4214	9
179718	736	10
179718	3180	9
179718	2311	10
179718	1840	10
179718	6477	9
179718	1091	9
179718	6142	9
179718	2696	10
179718	3674	10
179718	1905	10
179718	2113	8
179718	2114	8
179718	662	9
179718	2173	10
179718	2116	10
179718	5788	10
179718	3297	10
179718	3480	9
179718	1843	10
179718	6817	10
179718	6479	10
179718	1140	10
179730	3856	9
179730	2204	10
179730	2494	9
179730	3520	9
179730	696	9
179730	1055	7
179730	6910	10
179730	589	10
179730	2124	10
179730	4389	10
179730	1160	10
179730	620	7
179730	825	9
179730	826	10
179730	2548	10
179730	434	6
179730	2564	9
179730	3965	10
179730	5743	10
179730	6358	9
179730	6340	9
179730	1132	10
179730	1015	10
179730	6911	9
179730	1323	9
179730	3003	9
179730	1368	9
179733	407	7
179733	1027	9
179733	3924	8
179733	2303	10
179733	3620	9
179733	657	6
179733	2513	8
179733	4949	10
179733	3112	8
179733	6390	10
179734	57	9
179734	2208	9
179734	643	7
179734	1156	9
179734	3186	10
179734	2682	10
179734	3187	10
179734	3188	10
179734	914	10
179734	3189	10
179734	407	6
179734	2478	6
179734	1654	10
179734	1027	9
179734	628	9
179734	2911	10
179734	2912	10
179734	3924	9
179734	471	7
179734	472	6
179734	340	9
179734	341	7
179734	5207	10
179734	3296	10
179734	4385	10
179734	3082	10
179734	3883	9
179734	5017	10
179734	5907	10
179734	3620	10
179734	1237	8
179734	2507	10
179734	6578	10
179734	657	6
179734	478	9
179734	1948	10
179734	480	9
179734	482	8
179734	5693	10
179734	3112	9
179734	3048	10
179734	6539	10
179734	6911	9
179734	1323	10
179734	1278	9
179734	6617	10
179734	3003	10
179734	5692	10
179739	463	9
179739	2450	10
179739	2451	9
179739	2452	9
179739	2453	10
179739	2454	10
179739	4460	10
179739	4579	9
179739	355	9
179739	2185	10
179739	5655	10
179739	2241	10
179739	4459	10
179739	4018	9
179739	5245	9
179741	6437	9
179741	3472	9
179741	70	4
179741	1311	8
179741	975	10
179741	6095	10
179744	3856	9
179744	583	10
179744	3946	10
179744	4540	10
179744	4514	10
179744	2064	8
179744	5874	10
179744	2576	10
179744	4875	9
179744	2677	10
179744	594	10
179772	5525	9
179772	5014	10
179772	1634	9
179772	233	10
179772	70	2
179772	2163	8
179772	1527	10
179772	4338	9
179772	439	9
179772	2995	10
179772	4103	10
179772	4104	10
179772	1697	9
179772	490	10
179791	5699	10
179791	1166	10
179791	1419	10
179791	4919	8
179791	5700	10
179791	4281	8
179791	3450	9
179791	3343	10
179791	1582	10
179791	4085	10
179791	4386	9
179791	4354	10
179791	1707	7
179791	777	7
179791	712	9
179791	477	8
179791	1903	9
179791	630	8
179791	1476	10
179791	1014	8
179791	1480	9
179791	5235	10
179791	6541	9
179791	6653	10
179791	6323	10
179791	2065	9
179791	559	8
179791	631	10
179791	5298	10
179791	614	8
179791	941	7
179791	186	9
179791	20	5
179826	3913	10
179826	1938	9
179826	227	6
179826	50	2
179826	2918	8
179826	124	2
179826	2496	9
179826	2497	10
179826	3493	9
179826	6322	8
179826	5898	9
179826	1125	10
179826	2433	10
179826	1480	10
179826	5235	10
179826	6653	10
179826	3256	9
179826	2119	10
179826	5903	8
179826	3895	9
179843	1581	10
179843	777	7
179843	224	9
179843	737	9
179843	2041	10
179857	2526	9
179857	4856	9
179857	5539	10
179857	2378	10
179857	4857	8
179857	113	10
179857	114	9
179857	3762	9
179857	2528	10
179857	1017	10
179857	6255	10
179857	116	10
179885	586	9
179885	1570	10
179885	41	5
179885	1132	9
179885	490	9
179906	1867	9
179906	3742	10
179906	500	10
179906	1397	9
179906	6251	10
180032	1706	10
180032	1869	10
180032	4370	10
180032	939	10
180032	5856	10
180032	2399	10
180032	520	10
180032	2523	10
180032	527	10
180032	2534	9
180042	883	8
180042	581	5
180042	486	8
180042	50	4
180042	650	8
180042	124	2
180042	5781	9
180042	319	10
180042	4398	9
180042	169	6
180042	1268	7
180042	77	7
180042	3458	9
180042	592	6
180042	41	7
180042	2712	9
180042	4168	10
180042	3794	9
180042	2156	10
180042	6858	10
180042	108	10
180042	952	10
180042	6096	9
180348	3152	9
180348	124	2
180348	503	8
180348	2590	10
180348	6581	10
180348	5412	10
180348	2595	10
180348	2600	9
180348	2786	8
180348	70	3
180348	6710	9
180348	3849	10
180348	2793	8
180348	4407	10
180348	3086	9
180348	3845	9
180348	1610	10
180348	3262	10
180348	5894	10
180348	517	10
180348	6521	10
180348	518	10
180348	3816	7
180348	1068	9
180348	6206	9
180348	192	7
180348	4030	10
180348	6497	10
180348	2048	10
180348	6422	9
180348	5330	8
180348	4817	9
180378	864	10
180378	2283	8
180378	5463	9
180378	4733	9
180378	4579	10
180378	6728	10
180378	2385	9
180378	6203	10
180378	6204	10
180378	2317	9
180378	3726	10
180378	5544	10
180378	3871	10
180378	6010	10
180378	2072	10
180378	725	9
180378	6011	8
180378	6397	10
180378	5742	8
180378	5129	9
180378	2156	10
180378	991	10
180378	2523	9
180378	846	10
180378	2236	10
180495	4427	10
180495	759	8
180495	897	10
180495	5826	10
180495	1851	7
180495	185	10
180495	543	10
180495	4621	10
180495	881	10
180495	4347	10
180495	4459	10
180495	5714	9
180580	4627	9
180580	3602	9
180580	4712	9
180580	2717	10
180580	6371	9
180580	2372	9
180586	6670	9
180586	82	9
180586	2710	8
180586	6590	9
180586	665	8
180586	1218	10
180591	2878	9
180591	6066	10
180591	5829	9
180591	471	8
180591	339	9
180591	340	7
180591	341	7
180591	811	9
180591	434	8
180591	805	10
180591	5495	9
180591	5496	10
180651	2953	10
180651	1630	8
180651	3619	9
180651	207	7
180651	2183	10
180651	1284	9
180651	2766	10
180651	2061	8
180651	6621	10
180651	6325	10
180651	6175	10
180651	6630	9
180651	2917	10
180651	5587	9
180651	1439	10
180651	22	9
180651	124	1
180651	4908	10
180651	4085	10
180651	3230	10
180651	1898	10
180651	4843	9
180651	6745	9
180651	2080	7
180651	3286	7
180651	2547	10
180651	1045	10
180651	4050	9
180651	6379	10
180651	972	10
180651	1676	10
180651	379	8
180651	1951	9
180651	6177	9
180651	4925	9
180651	5741	9
180651	1570	10
180651	5115	9
180651	6671	9
180651	5953	9
180651	4793	10
180651	593	10
180651	909	10
180651	4402	10
180651	1233	10
180651	426	9
180651	6676	10
180651	1084	10
180651	3539	9
180801	1821	8
180801	1662	8
180801	217	10
180801	2978	10
180801	5685	10
180840	3954	10
180840	2725	9
180840	2899	10
180840	4973	10
180840	1282	10
180840	6547	7
180840	939	10
180840	3532	10
180840	3339	10
180860	4387	9
180860	2608	10
180860	3662	10
180860	4173	9
180860	6193	9
180860	621	10
180860	2761	10
180925	533	6
180925	386	10
180925	652	10
180925	5389	10
180925	3009	10
180957	6892	9
180957	5443	10
180957	6825	8
180957	5463	9
180957	6723	10
180957	4668	9
180957	2726	7
180957	948	9
180957	4812	8
180957	4941	10
180957	1384	10
180957	665	6
180957	991	9
180957	3234	10
180957	1818	10
180957	954	8
181076	6056	10
181076	4149	9
181076	6107	10
181076	6162	10
181076	1249	9
181076	5481	8
181076	4771	10
181076	76	10
181076	2091	10
181076	1532	9
181077	3282	9
181077	800	8
181077	5246	10
181077	1715	10
181077	70	3
181077	4379	9
181077	1097	10
181077	3781	9
181077	1797	10
181077	4555	10
181077	1485	8
181077	1955	8
181077	2073	10
181077	4866	7
181103	2208	9
181103	276	10
181103	65	10
181103	3728	9
181103	4915	10
181165	3510	9
181165	6808	10
181165	5252	10
181165	2699	8
181165	1205	6
181165	4263	10
181165	1266	8
181165	3658	10
181176	5670	9
181176	487	9
181176	5281	10
181176	3032	10
181176	4688	10
181176	536	9
181176	774	7
181176	800	8
181176	2763	10
181176	720	9
181176	4284	10
181176	3438	9
181176	1520	9
181176	1522	8
181176	2387	8
181176	4398	8
181176	126	10
181176	2730	10
181176	471	7
181176	472	8
181176	934	7
181176	1626	6
181176	6721	9
181176	5494	8
181176	4825	10
181176	1410	7
181176	329	9
181176	434	8
181176	6706	10
181176	5726	10
181176	624	9
181176	1891	9
181176	6429	9
181176	2824	10
181176	4949	10
181176	6351	10
181176	1380	10
181176	2757	10
181176	1696	10
181212	3505	10
181212	6167	10
181212	5911	10
181212	4726	10
181212	811	10
181212	893	10
181212	4566	10
181212	1272	9
181212	3201	10
181212	685	9
181212	1850	9
181223	406	10
181223	3049	9
181223	1193	9
181223	449	7
181223	4256	8
181223	1996	10
181223	3402	9
181223	2883	9
181223	590	5
181223	3582	9
181436	885	10
181436	710	9
181436	3979	10
181436	1800	9
181436	2516	8
181436	5538	10
181436	1602	8
181452	183	9
181452	3064	8
181452	800	9
181452	981	6
181452	776	9
181452	707	9
181452	720	9
181473	1007	9
181473	388	8
181473	51	8
181473	6133	10
181473	5674	10
181687	384	7
181687	207	9
181687	1109	9
181687	2360	10
181687	50	5
181687	650	10
181687	1291	8
181687	1505	9
181687	2010	9
181687	754	10
181687	410	8
181687	61	6
181687	689	9
181687	2225	10
181687	755	9
181687	1916	9
181687	2194	10
181687	1660	7
181687	5151	9
181687	669	9
181687	5504	10
181687	2919	9
181687	254	9
181687	2912	7
181687	235	9
181687	2920	8
181687	2068	10
181687	2280	9
181687	1686	8
181687	2070	8
181687	451	6
181687	1688	8
181687	4980	9
181687	246	9
181687	1568	9
181687	257	10
181687	6900	10
181687	6678	10
181687	4747	10
181687	2015	9
181687	6784	9
181687	500	7
181687	1909	9
181687	214	9
181687	977	9
181687	1397	9
181687	781	5
181687	953	9
181687	1218	10
181687	1134	10
181691	6385	9
181691	1685	9
181691	1064	9
181691	937	9
181691	92	10
181691	5573	10
181691	54	8
181714	903	9
181714	541	10
181714	4096	10
181714	5863	9
181714	737	10
181714	483	9
181714	2436	9
181714	1471	9
181736	4581	10
181736	4885	10
181736	1519	9
181736	212	10
181736	1576	9
181796	1044	10
181796	2738	10
181796	1922	10
181796	5609	9
181796	30	9
181796	1344	8
181796	399	10
181796	219	10
181796	220	10
181796	1099	10
181796	3325	10
181796	4082	9
181796	6687	10
181796	4911	8
181796	434	7
181796	5337	9
181896	391	8
181896	1914	10
181896	3023	10
181896	6477	10
181896	3751	10
181896	3566	9
181896	2638	10
181948	2545	9
181948	140	9
181948	4895	10
181948	3130	10
181948	858	10
181956	4735	9
181956	1331	9
181956	68	9
181956	1719	10
181956	3245	10
181956	1252	10
181995	6308	9
181995	5574	8
181995	3135	10
181995	3048	10
181995	6232	10
181995	6174	10
182053	816	9
182053	4160	10
182053	2208	10
182053	1023	9
182053	6795	8
182053	503	10
182053	274	8
182053	742	8
182053	6514	9
182053	2927	10
182053	3644	10
182053	1246	10
182053	4506	9
182053	2824	9
182053	2520	10
182053	3048	9
182053	4855	9
182053	2206	10
182086	4802	10
182086	651	9
182086	5004	8
182086	3935	9
182086	5209	10
182086	5891	8
182086	5892	10
182086	5839	9
182086	228	10
182086	3323	10
182086	1744	9
182086	6241	9
182086	4655	10
182086	3415	10
182086	6193	10
182086	4656	9
182086	4201	10
182086	295	10
182086	499	9
182086	3264	10
182086	2311	10
182086	3643	9
182086	3158	9
182086	4203	10
182086	1050	10
182086	5039	9
182086	5211	9
182086	231	9
182086	5896	9
182086	6840	7
182086	2491	9
182086	3867	10
182086	5685	10
182088	5480	10
182088	5117	10
182088	1124	10
182088	6166	10
182088	6832	8
182088	4640	9
182088	4730	9
182088	6289	10
182088	888	10
182088	2438	9
182117	1292	8
182117	2124	10
182117	4389	10
182117	2125	8
182117	4390	10
182117	2126	10
182117	3832	10
182117	1345	10
182180	410	7
182180	957	9
182180	1183	10
182180	5966	10
182180	4038	10
182180	1297	10
182180	937	8
182180	781	9
182180	3865	9
182202	6899	10
182202	1018	8
182202	581	4
182202	643	9
182202	1156	9
182202	3186	10
182202	3947	10
182202	1291	7
182202	4588	10
182202	6442	10
182202	2912	8
182202	4187	10
182202	338	6
182202	339	8
182202	544	10
182202	481	7
182202	6861	7
182202	3966	10
182202	2520	9
182275	6853	10
182275	2922	10
182275	3887	8
182275	3973	8
182275	2212	9
182275	418	10
182275	1617	10
182334	883	8
182334	5755	9
182334	2183	10
182334	4182	7
182334	6845	10
182334	3923	9
182334	746	9
182334	590	6
182334	3858	8
182334	2052	9
182334	1546	9
182334	2983	8
182334	6252	8
182334	1015	9
182334	1016	10
182334	2811	10
182334	845	8
182334	2812	10
182334	115	9
182393	3392	9
182393	1012	9
182393	1486	9
182393	5313	10
182393	5427	9
182393	6011	10
182393	6397	10
182393	551	10
182403	1441	8
182403	1442	9
182403	2707	10
182403	236	9
182403	2719	10
182403	3235	9
182403	237	10
182403	4945	10
182403	1569	10
182403	2723	10
182403	3181	10
182403	2724	10
182414	800	9
182414	4033	10
182414	1389	8
182414	718	10
182442	3447	10
182442	1634	7
182442	1428	9
182442	1897	8
182442	634	8
182442	3540	10
182442	3315	10
182442	1360	10
182442	664	10
182442	3536	10
182459	581	5
182459	1496	9
182459	533	7
182459	5184	8
182459	537	10
182459	2478	10
182459	2705	10
182459	1708	8
182459	5282	10
182459	5559	9
182459	169	6
182459	1268	7
182459	279	8
182459	1377	7
182459	590	4
182459	434	6
182459	2516	9
182459	5095	9
182459	560	8
182459	192	5
182459	1574	8
182459	1273	9
182459	19	9
182459	4710	9
182506	862	8
182506	2381	10
182506	1420	10
182506	2250	10
182506	3454	9
182506	4104	10
182527	5102	10
182527	4384	10
182527	536	8
182527	4182	8
182527	601	9
182527	5421	10
182527	6739	9
182527	4540	9
182527	1339	8
182527	4004	9
182527	1045	9
182527	4695	9
182527	79	9
182527	1728	8
182527	3354	10
182527	1729	9
182527	4146	9
182527	6236	10
182527	6498	10
182527	2929	9
182527	2046	10
182527	3754	10
182527	231	9
182527	3071	10
182527	1303	10
182527	285	8
182527	772	9
182599	3396	9
182599	274	6
182599	1269	7
182599	77	6
182599	2070	7
182599	160	7
182746	5696	10
182746	1419	8
182746	6519	10
182746	777	7
182746	602	10
182746	3058	10
182746	540	6
182746	292	8
182746	997	7
182746	442	9
182746	2028	10
182838	2245	10
182838	2247	10
182838	6894	10
182838	4555	10
182838	369	9
182838	5861	10
182838	4097	10
182838	4098	10
182838	6036	9
182838	1485	10
182838	5090	10
182838	998	10
182838	481	8
182838	3280	8
182847	6737	9
182847	981	8
182847	720	10
182847	471	7
182847	472	8
182847	473	8
182847	341	8
182847	279	7
182847	4393	10
182847	480	8
182847	6169	10
182931	2183	9
182931	5054	9
182931	2361	10
182931	2123	10
182931	1574	9
182969	945	9
182969	465	6
182969	243	6
182969	61	7
182969	2968	9
182969	6073	10
182969	481	9
182969	482	8
182969	2440	10
182969	2441	10
182969	3209	10
182969	1492	7
182969	1207	7
182969	2625	10
182969	664	10
182969	1212	8
182969	314	9
182969	1289	9
182969	843	9
182969	845	9
182969	5498	10
182969	846	10
182993	1553	10
182993	4659	8
182993	3879	10
182993	581	2
182993	1326	10
182993	879	10
182993	317	10
182993	1291	6
182993	3309	9
182993	1652	10
182993	3659	10
182993	957	9
182993	6473	9
182993	3529	9
182993	5680	8
182993	165	10
182993	2707	8
182993	2919	7
182993	6474	7
182993	254	10
182993	2920	10
182993	5710	9
182993	4955	10
182993	2987	10
182993	292	8
182993	3617	10
182993	6198	10
182993	5986	10
182993	1200	10
182993	2142	9
182993	5814	9
182993	516	10
182993	41	8
182993	6142	10
182993	6784	10
182993	5021	8
182993	2553	9
182993	2728	9
182993	5723	10
182993	2201	9
182993	2835	9
182993	3482	10
182993	4195	9
182993	1956	9
182993	5295	9
182993	2048	9
182993	1673	9
182993	4752	9
183046	1495	10
183046	6313	8
183046	50	6
183046	391	8
183046	216	10
183046	2010	8
183046	243	7
183046	2781	10
183046	4420	9
183046	866	9
183046	1011	10
183046	2555	9
183046	2386	10
183046	1826	10
183046	5077	9
183046	1159	9
183046	1103	8
183046	5637	10
183046	5217	10
183046	5438	10
183046	2899	7
183046	1098	10
183046	6372	10
183046	2947	10
183046	2424	10
183046	2425	9
183046	2426	10
183046	688	10
183046	2343	10
183046	6177	10
183046	6353	8
183046	611	10
183046	1837	9
183046	1838	9
183046	1839	9
183046	6837	10
183046	1628	10
183046	1860	10
183046	5365	9
183046	267	7
183046	1453	10
183046	6880	9
183046	3048	9
183046	4877	9
183046	109	10
183046	1578	8
183046	4538	10
183046	2958	9
183046	3657	8
183046	6768	10
183061	6894	8
183061	3804	9
183061	2690	9
183061	338	5
183061	339	8
183061	340	7
183061	341	7
183061	4007	9
183061	1035	9
183061	546	9
183061	1760	7
183061	4098	9
183061	751	10
183061	4265	10
183061	6855	10
183061	2429	9
183061	4073	10
183061	501	8
183061	1761	9
183088	1155	8
183088	4668	10
183088	471	7
183088	472	8
183088	473	8
183088	6237	10
183088	5654	9
183088	5656	10
183088	4898	9
183088	480	8
183088	5010	10
183101	4782	10
183101	486	7
183101	2056	8
183101	4955	9
183101	4596	9
183101	4051	8
183101	5506	9
183101	1567	8
183101	1719	10
183101	6905	9
183101	6267	9
183101	180	9
183101	5520	10
183101	2059	10
183101	3303	10
183101	1380	10
183101	781	6
183101	6013	10
183134	1587	9
183134	392	10
183134	4969	8
183134	4411	9
183134	1961	9
183142	503	9
183142	274	6
183142	1115	9
183142	1117	8
183142	2706	9
183142	3903	10
183142	1359	10
183178	1895	8
183178	410	8
183178	1631	9
183178	745	10
183178	1980	9
183178	1991	10
183187	4061	10
183187	3770	9
183187	3133	9
183187	3236	8
183187	74	9
183187	1993	9
183187	2335	9
183187	970	10
183187	170	6
183187	2611	10
183187	1854	7
183187	5250	10
183187	161	8
183187	2756	10
183187	2552	9
183187	6884	10
183187	4424	9
183196	3341	9
183196	397	8
183196	2284	10
183196	4354	10
183196	2385	8
183196	5348	10
183196	6894	9
183196	722	10
183196	1773	9
183196	3870	10
183196	2152	10
183196	6855	9
183196	6408	10
183196	2642	9
183277	303	10
183277	2226	10
183277	3880	10
183277	68	9
183277	1261	7
183277	3240	9
183277	4267	10
183284	4243	8
183284	668	9
183284	338	7
183284	339	7
183284	473	7
183284	51	6
183284	2515	9
183284	434	6
183284	6133	10
183284	637	9
183284	1910	10
183284	232	9
183284	6718	10
183347	5620	9
183347	5802	10
183347	1056	9
183347	158	8
183347	165	8
183347	2068	10
183347	4109	10
183347	2604	8
183347	442	9
183347	2081	9
183347	2471	10
183347	2724	9
183347	2869	9
183436	6127	9
183436	192	6
183436	570	10
183436	2074	9
183436	2075	9
183537	5886	10
183537	5931	10
183537	4092	10
183537	1605	10
183537	2288	10
183537	77	9
183537	3125	9
183540	50	5
183540	3585	10
183540	1137	10
183540	160	10
183540	4884	9
183540	5925	10
183540	4846	9
183572	1291	6
183572	1680	8
183572	124	2
183572	3904	10
183572	3903	8
183572	3424	10
183572	781	7
183740	981	6
183740	707	8
183740	5800	10
183740	2576	10
183753	5849	8
183753	3668	10
183753	1291	7
183753	2919	6
183753	2662	9
183753	70	4
183753	886	8
183753	6411	10
183753	4177	9
183753	426	10
183832	4744	10
183832	3433	10
183832	434	4
183832	425	9
183832	2024	10
183883	3021	10
183883	2917	10
183883	4630	10
183883	3727	10
183883	127	8
183883	716	9
183883	1574	8
183931	2228	10
183931	307	10
183931	3986	10
183931	1533	10
183931	4196	10
183952	1731	6
183952	650	9
183952	1942	8
183952	5084	10
183952	1058	6
183952	377	10
183952	3355	9
183952	4428	10
183952	2407	10
183952	192	7
183952	5727	10
183952	3666	10
183952	314	8
183958	5811	9
183958	4669	10
183958	3840	9
183958	2459	10
183958	3164	9
183958	1576	8
183958	1323	9
183963	5850	8
183963	4743	10
183963	4228	9
183963	1626	9
183963	178	10
183963	2727	10
183963	605	9
183963	2832	9
183963	5065	10
183963	3660	9
183963	4314	10
183963	1705	9
183963	20	7
183963	4685	9
184121	1468	10
184121	465	6
184121	710	9
184121	2951	8
184121	3752	9
184121	1602	10
184121	6876	10
184196	638	10
184196	250	10
184196	2631	9
184196	1636	6
184196	1328	8
184196	3247	10
184196	147	10
184196	2795	9
184196	3665	8
184196	2863	8
184202	5630	9
184202	2419	10
184202	2426	9
184202	6278	10
184202	5651	10
184202	782	10
184202	5919	9
184223	414	7
184223	4146	8
184223	2217	9
184223	1572	8
184223	1493	8
184270	4362	10
184270	4791	10
184270	5826	10
184270	2639	10
184270	5233	9
184279	6868	10
184279	3652	9
184279	59	9
184279	6672	10
184279	5360	10
184279	183	9
184279	3271	10
184279	4759	8
184279	3905	9
184279	4017	9
184279	1036	10
184279	907	10
184279	2991	7
184299	1468	10
184299	457	7
184299	2853	10
184299	4043	10
184299	3827	10
184299	5701	9
184299	573	10
184299	1681	10
184299	5728	9
184299	4938	9
184299	3131	10
184299	3829	10
184299	5794	9
184299	1977	10
184299	1979	10
184299	895	8
184299	2602	10
184299	3570	10
184299	3837	10
184299	2045	9
184299	3135	10
184299	5654	10
184299	5655	9
184299	1702	9
184299	81	9
184299	934	6
184299	4569	9
184299	1264	8
184299	418	9
184299	1377	9
184299	4550	9
184299	4471	10
184299	4572	10
184299	2217	9
184299	2856	9
184299	3989	9
184299	5351	10
184299	803	9
184299	6517	8
184299	4800	10
184299	5859	9
184299	950	8
184299	482	8
184299	715	9
184299	1617	10
184299	623	9
184299	1714	10
184299	19	10
184299	4837	8
184299	783	10
184299	5273	10
184299	8	9
184299	784	8
184299	3719	10
184299	1084	8
184310	2324	9
184310	2881	9
184310	1309	10
184310	3489	10
184310	3295	9
184310	6667	10
184310	229	9
184310	1049	10
184310	5425	9
184354	1011	9
184354	472	8
184354	2103	8
184354	1397	8
184354	3818	10
184365	678	8
184365	4278	10
184365	879	9
184365	6874	10
184365	1009	10
184365	6433	10
184365	6562	9
184365	3675	9
184365	5863	10
184365	2150	8
184365	1412	8
184365	592	5
184365	2405	10
184365	214	8
184365	2406	9
184365	112	9
184365	5497	9
184365	847	10
184401	740	10
184401	3427	10
184401	693	8
184401	3259	9
184401	2918	7
184401	3266	8
184401	184	9
184401	2394	10
184401	497	10
184401	3518	9
184401	2725	9
184401	185	9
184401	451	7
184401	3353	10
184401	886	9
184401	4531	10
184401	5661	9
184401	4261	10
184401	4151	10
184401	2350	9
184401	403	8
184401	2884	10
184401	4156	10
184401	5268	10
184401	1067	9
184401	3256	9
184401	4235	10
184401	953	9
184424	2467	10
184424	302	10
184424	4237	9
184424	6483	9
184424	407	8
184424	465	4
184424	287	10
184424	227	7
184424	3119	9
184424	2324	9
184424	3671	10
184424	947	10
184424	958	10
184424	3505	10
184424	6887	10
184424	1190	10
184424	1145	10
184424	1660	10
184424	1196	10
184424	2328	9
184424	3900	8
184424	1003	8
184424	3612	10
184424	279	7
184424	328	10
184424	419	10
184424	2884	9
184424	6275	10
184424	1952	9
184424	3588	10
184424	421	9
184424	1207	9
184424	6367	10
184424	614	8
184424	5992	10
184424	351	9
184424	3442	9
184424	213	9
184424	1251	9
184424	1816	8
184424	20	7
184424	4197	9
184424	2800	9
184424	5591	8
184465	4718	10
184465	6913	10
184465	750	10
184465	1127	7
184465	1128	10
184465	4135	10
184465	637	9
184465	2158	9
184479	6416	9
184479	1808	10
184479	2735	9
184479	1238	9
184479	1780	10
184479	4793	10
184479	665	7
184479	1397	10
184479	3368	10
184513	6446	10
184513	5526	9
184513	1865	9
184513	6788	8
184513	6737	10
184513	1820	10
184513	1512	10
184513	4821	9
184513	5502	9
184513	1058	6
184513	4691	10
184513	1827	8
184513	3249	10
184513	6867	9
184513	3689	10
184513	1444	9
184513	159	10
184513	644	10
184513	3194	9
184513	6584	10
184513	3154	9
184513	452	10
184513	3635	10
184513	1883	8
184513	379	8
184513	1240	10
184513	6319	10
184513	3558	8
184513	4443	10
184513	6914	10
184513	3099	10
184513	3665	9
184513	4430	10
184513	5369	10
184513	4024	9
184513	4368	9
184513	5560	9
184513	3202	10
184513	5921	9
184513	4634	10
184513	5769	10
184513	424	9
184513	248	9
184513	6628	9
184513	6751	10
184513	1958	10
184532	4032	9
184532	5830	9
184532	3106	9
184532	927	10
184532	3918	10
184532	5004	8
184532	3971	10
184532	3820	9
184532	2546	9
184532	5834	10
184532	338	7
184532	339	8
184532	473	7
184532	2291	9
184532	4850	9
184532	2507	10
184532	2710	9
184532	3039	9
184532	3887	9
184532	4570	10
184532	1377	9
184532	474	8
184532	4585	9
184532	5786	8
184532	4471	10
184532	1759	8
184532	2692	10
184532	4573	7
184532	2217	9
184532	3385	10
184532	4656	10
184532	1923	9
184532	367	7
184532	6329	9
184532	434	6
184532	1800	10
184532	2040	10
184532	4095	8
184532	4314	9
184532	670	9
184532	3862	9
184532	3144	10
184532	3252	10
184532	2711	10
184532	6583	9
184532	7	9
184532	3078	10
184532	6265	9
184562	17	9
184562	1914	10
184562	2085	10
184562	515	9
184562	3279	10
184562	1629	10
184629	1895	10
184629	316	9
184629	1093	10
184629	4015	8
184629	657	6
184629	6901	10
184629	4081	9
184629	3845	10
184629	1207	7
184629	1212	9
184629	1574	6
184684	883	10
184684	183	8
184684	3064	7
184684	537	10
184684	1411	9
184789	581	4
184789	1169	8
184789	124	1
184789	742	9
184789	1058	6
184789	3430	9
184789	71	10
184789	589	10
184789	983	9
184789	1947	10
184789	350	9
184789	1371	10
184890	1823	8
184890	957	9
184890	450	10
184890	3808	9
184890	3884	8
184890	3290	9
184890	4167	8
184890	1730	8
184904	5120	10
184904	4661	8
184904	533	8
184904	503	7
184904	274	5
184904	1115	7
184904	1355	9
184904	6719	10
184904	434	8
184904	3899	8
184918	707	9
184918	720	10
184918	1593	10
184918	5297	10
184918	715	7
184985	4813	9
184985	1424	9
184985	6905	10
184985	2626	10
184990	5643	9
184990	1465	10
184990	630	9
184990	1476	9
184990	3878	9
185011	5544	10
185011	710	9
185011	83	10
185011	1799	9
185011	3753	10
185011	2563	9
185011	7	10
185011	2748	10
185011	6027	10
185011	3608	9
185071	136	8
185071	1230	7
185071	6820	9
185071	4543	9
185071	2093	9
185087	1247	8
185087	406	9
185087	320	10
185087	935	9
185087	2574	9
185087	6038	10
185087	5645	10
185087	3210	9
185087	550	10
185087	716	6
185087	240	8
185087	6388	9
185140	4994	10
185140	6879	9
185140	5618	9
185140	533	8
185140	2705	10
185140	1158	8
185140	3941	10
185140	1104	9
185140	3508	10
185147	3116	10
185147	4486	10
185147	4487	9
185147	901	9
185147	1320	10
185147	794	7
185147	5438	10
185147	1347	10
185147	6405	10
185154	5383	9
185154	6772	10
185154	6307	10
185154	6178	9
185154	5910	10
185154	1598	10
185154	3134	10
185154	3149	9
185176	706	9
185176	643	9
185176	1156	9
185176	3187	9
185176	3188	9
185176	914	10
185176	3189	10
185176	3044	10
185176	3511	10
185176	1114	9
185176	859	9
185176	2327	9
185176	67	9
185176	644	9
185176	6530	10
185176	5076	9
185176	5550	9
185176	1960	8
185176	3788	9
185176	4133	8
185176	471	9
185176	472	7
185176	473	9
185176	341	7
185176	5613	9
185176	636	10
185176	482	7
185176	163	10
185176	1207	8
185176	613	6
185176	4193	9
185176	4401	9
185176	4893	10
185176	4866	10
185254	1041	10
185254	5317	8
185254	4721	9
185254	4323	9
185254	6704	8
185254	1888	10
185254	5324	10
185254	1923	10
185254	367	8
185254	4082	7
185254	764	9
185254	2350	9
185254	226	10
185254	803	10
185275	4919	9
185275	3947	10
185275	465	7
185275	1180	8
185275	68	10
185275	4071	8
185275	1639	9
185275	6856	9
185275	711	10
185275	256	10
185275	2628	9
185275	2113	10
185275	285	7
185275	270	10
185288	1244	10
185288	809	6
185288	555	9
185288	2986	9
185296	6303	10
185296	3646	10
185296	6140	10
185296	4844	10
185296	178	10
185296	5220	10
185296	1454	9
185296	5743	9
185308	5584	9
185308	678	10
185308	5166	10
185308	458	9
185308	4045	9
185308	6841	10
185308	4312	10
185308	2649	10
185308	5588	10
185308	4421	9
185308	218	9
185308	4703	10
185308	4891	10
185308	1667	9
185308	426	9
185308	460	8
185384	5670	10
185384	2204	10
185384	2009	10
185384	3450	8
185384	864	10
185384	276	9
185384	360	10
185384	451	6
185384	5279	9
185384	5034	9
185384	6435	10
185384	2093	9
185384	6876	10
185384	2469	8
185384	6809	10
185450	67	8
185450	159	9
185450	644	7
185450	3194	9
185450	170	7
185450	2070	6
185468	4181	9
185468	124	3
185468	5662	9
185468	1191	10
185468	110	10
185497	3947	10
185497	884	10
185497	1709	9
185497	2921	10
185497	127	6
185514	2893	9
185514	1973	9
185514	2919	7
185514	388	8
185538	6101	10
185538	3493	9
185538	6322	10
185538	5741	10
185634	4622	9
185634	6532	9
185634	3334	10
185634	216	9
185634	136	8
185634	3882	10
185634	77	9
185634	6888	9
185634	761	10
185634	937	10
185634	3697	9
185634	4947	10
185634	3070	10
185634	4155	8
185634	2794	10
185634	6886	10
185634	3809	10
185634	1162	9
185634	1572	9
185634	1573	10
185634	4543	10
185634	2414	9
185671	3939	10
185671	1058	7
185671	3410	9
185671	2787	10
185671	3378	10
185671	730	10
185671	4569	10
185671	1205	9
185677	4545	9
185677	4628	9
185677	6307	9
185677	6534	9
185677	2246	10
185677	5311	8
185677	744	8
185677	1158	8
185677	469	8
185677	2662	9
185677	1245	9
185677	5202	10
185677	6237	10
185677	2396	10
185677	1483	10
185677	3346	9
185722	4492	9
185722	2803	9
185722	3935	10
185722	3936	9
185722	3292	9
185722	1474	9
185722	895	8
185722	4674	10
185722	1758	8
185722	546	9
185722	1689	9
185722	1626	4
185722	279	8
185722	6127	8
185722	3673	10
185722	51	9
185722	1690	8
185722	937	7
185722	3184	10
185722	2511	9
185722	2807	10
185722	6666	10
185722	3197	9
185722	247	9
185771	6288	10
185771	6915	9
185771	1517	9
185771	3621	9
185771	2928	10
185771	5824	10
185771	3931	9
185771	5928	8
186032	809	10
186032	3520	7
186032	1176	10
186032	1564	10
186032	6394	10
186039	2474	9
186039	1009	10
186039	5931	10
186039	5970	10
186039	1662	10
186312	59	10
186312	2223	10
186312	2326	9
186312	2848	9
186312	4219	10
186312	1530	10
186312	2422	9
186312	1905	10
186312	815	10
186312	427	10
186527	5271	10
186527	2364	9
186527	71	10
186527	1399	10
186527	3320	9
186527	3183	9
186527	3681	8
186527	2232	10
186527	1854	9
186527	1493	9
186527	3535	10
186527	175	9
186533	1117	8
186533	5577	10
186533	620	10
186533	611	8
186533	3417	10
186547	5462	10
186547	800	8
186547	777	9
186547	2211	10
186547	4193	10
186570	806	10
186570	5108	9
186570	124	2
186570	533	6
186570	3827	10
186570	776	10
186570	1117	9
186570	5662	9
186570	3958	10
186570	3959	9
186570	452	10
186570	3672	10
186570	1729	9
186570	2152	10
186570	1932	10
186570	2858	9
186570	4898	9
186570	1126	10
186570	4608	10
186570	3342	9
186570	4567	9
186570	3424	9
186570	6085	10
186570	3969	10
186762	4705	9
186762	3913	7
186762	4885	10
186762	1143	9
186762	2307	10
186762	469	8
186762	3410	10
186762	3170	10
186762	1103	9
186762	831	9
186784	1490	7
186784	3705	9
186784	1393	10
186784	341	7
186784	5961	8
186784	425	10
186807	274	7
186807	742	8
186807	961	10
186807	3012	10
186807	5341	8
186807	3201	10
186807	6818	10
186807	1040	9
186837	2545	9
186837	136	8
186837	1771	9
186837	2394	8
186837	6457	10
186837	4216	8
186837	1858	10
186837	1044	9
186837	1045	10
186837	1104	8
186837	170	6
186837	3943	10
186837	2625	10
186837	1817	10
186848	1777	9
186848	723	10
186848	3616	9
186848	552	9
186848	1417	10
186848	2302	9
186899	41	6
186899	1549	10
186899	1015	8
186899	2810	9
186899	845	10
187029	6	8
187029	607	9
187029	6247	10
187029	803	9
187029	4399	10
187065	59	6
187065	4736	10
187065	1636	8
187065	1328	8
187065	1821	9
187065	391	9
187065	1515	9
187065	1058	8
187065	6301	10
187065	1620	8
187065	1193	7
187065	6675	10
187065	292	9
187065	6578	10
187065	2717	10
187065	279	8
187065	4904	10
187065	5569	9
187065	3885	10
187065	18	10
187065	267	8
187065	624	10
187065	500	7
187065	1212	8
187065	6340	9
187065	3695	10
187145	5392	9
187145	6605	10
187145	1679	8
187145	6100	9
187145	5927	10
187145	530	9
187145	2439	8
187145	4715	9
187145	6179	10
187145	3083	7
187145	1680	9
187145	233	10
187145	6807	9
187145	774	8
187145	1510	10
187145	2226	9
187145	2881	10
187145	1559	7
187145	958	9
187145	1773	6
187145	1186	7
187145	4842	10
187145	6362	10
187145	5428	10
187145	6633	9
187145	2601	9
187145	345	10
187145	1194	10
187145	1196	10
187145	2504	10
187145	4548	10
187145	72	8
187145	2291	9
187145	971	7
187145	6856	10
187145	934	7
187145	1632	8
187145	920	9
187145	4560	9
187145	4571	8
187145	6024	9
187145	3596	10
187145	2646	10
187145	459	7
187145	6877	10
187145	4770	9
187145	608	9
187145	3221	10
187145	2741	8
187145	907	8
187145	6902	10
187145	479	9
187145	1537	10
187145	2103	9
187145	3979	10
187145	3407	10
187145	2980	10
187145	2272	10
187145	2949	9
187145	53	9
187145	1812	8
187145	999	10
187145	1414	10
187145	4793	10
187145	552	9
187145	4223	10
187145	3878	9
187145	500	9
187145	1212	7
187145	240	7
187145	3339	10
187145	4158	10
187145	882	9
187145	2671	10
187145	6732	9
187145	1816	9
187145	1957	10
187145	20	4
187170	5462	9
187170	167	9
187170	5069	10
187170	2981	10
187170	1278	10
187256	2554	9
187256	581	7
187256	492	9
187256	1867	10
187256	1109	8
187256	696	10
187256	465	4
187256	50	5
187256	1490	8
187256	243	6
187256	4952	10
187256	124	1
187256	800	8
187256	2278	8
187256	5530	9
187256	2973	8
187256	2543	8
187256	6544	10
187256	4397	10
187256	320	10
187256	3074	8
187256	70	3
187256	2840	10
187256	1060	10
187256	4945	9
187256	2725	7
187256	2709	10
187256	982	10
187256	760	8
187256	4930	9
187256	6667	10
187256	6761	9
187256	415	10
187256	3581	10
187256	3458	9
187256	4963	9
187256	2330	9
187256	294	8
187256	1626	7
187256	3673	9
187256	4333	10
187256	1855	8
187256	4433	8
187256	2791	10
187256	311	10
187256	630	10
187256	6141	9
187256	1450	9
187256	2858	9
187256	1837	9
187256	4156	10
187256	1730	10
187256	518	10
187256	2550	10
187256	2046	10
187256	2516	9
187256	1466	10
187256	96	9
187256	1401	9
187256	2552	10
187256	1753	9
187256	716	8
187256	6018	9
187256	2579	8
187256	942	9
187256	3207	9
187256	54	9
187256	2744	9
187256	1289	8
187256	784	7
187256	2758	10
187256	20	5
187256	3866	10
187256	2681	10
187256	5669	10
187410	1630	8
187410	958	9
187410	3524	8
187410	5494	10
187410	713	10
187410	1753	9
187410	1788	10
187410	500	10
187425	584	10
187425	1184	9
187425	4620	10
187425	2171	10
187425	3524	10
187425	4430	8
187425	2319	10
187463	4725	10
187463	988	8
187463	127	7
187463	6486	10
187463	1273	10
187517	1650	9
187517	879	9
187517	227	7
187517	1820	10
187517	243	5
187517	1701	10
187517	6131	10
187517	6791	10
187517	2484	10
187517	2485	10
187517	3935	9
187517	2354	9
187517	1459	9
187517	1190	9
187517	1193	8
187517	5302	9
187517	321	10
187517	5251	10
187517	5965	9
187517	168	8
187517	4304	10
187517	3546	9
187517	5112	9
187517	6215	10
187517	5046	10
187517	4516	9
187517	1885	10
187517	257	8
187517	381	8
187517	6895	10
187517	2310	9
187517	6253	10
187517	3890	10
187517	4167	8
187517	3360	10
187517	560	10
187517	4686	9
187517	3428	9
187517	5560	9
187517	4317	9
187517	4012	10
187517	6684	9
187517	1696	10
187517	2042	10
187517	5198	10
187517	3866	9
187517	1848	10
187517	1218	9
187520	6780	10
187520	678	7
187520	2779	10
187520	1582	9
187520	630	9
187520	6336	9
187520	4619	9
187520	665	8
187520	113	10
187520	6741	10
187574	4014	10
187574	3913	8
187574	465	4
187574	3696	10
187574	1443	10
187574	3322	9
187574	2070	6
187574	416	10
187574	260	9
187574	1590	10
187574	444	10
187574	4757	9
187574	403	10
187574	1402	9
187613	4539	9
187613	2554	7
187613	1284	9
187613	2220	10
187613	50	5
187613	1337	9
187613	1320	9
187613	574	10
187613	1070	10
187613	2064	10
187613	730	10
187613	5596	10
187624	981	7
187624	3049	8
187624	5544	10
187624	72	7
187624	1045	7
187624	472	7
187624	5655	8
187624	379	6
187624	1855	9
187624	6770	10
187624	803	8
187624	1277	9
187624	6855	9
187624	3899	9
187624	4682	9
187624	5628	9
187624	2362	7
187624	782	9
187624	4838	9
187624	2524	10
187624	5274	10
187747	581	5
187747	3512	10
187747	5243	8
187747	1945	9
187747	730	8
187747	5740	10
187747	834	9
187761	4280	10
187761	3632	9
187761	183	7
187761	3064	9
187761	537	8
187761	2478	7
187761	901	8
187762	883	9
187762	6229	9
187762	4731	10
187762	2641	10
187762	742	9
187762	1117	7
187762	2706	9
187762	1597	8
187762	4380	10
187762	744	8
187762	170	7
187762	1446	9
187762	3135	9
187762	6838	10
187762	1377	8
187762	2217	10
187762	2037	10
187762	2856	10
187762	5048	9
187762	5427	10
187762	1617	7
187762	5955	9
187762	4608	9
187762	5023	10
187762	2714	9
187762	2715	9
187762	2716	10
187762	5978	10
187762	5979	10
187762	5980	10
187762	5982	9
187762	5983	10
187762	2640	10
187762	5497	8
187762	113	9
187762	1016	10
187763	628	10
187763	3656	10
187763	6724	10
187763	3765	9
187763	1767	9
187763	113	9
187801	458	9
187801	3475	10
187801	2080	8
187801	450	9
187801	1526	9
187801	971	7
187801	380	9
187801	1861	8
187801	2347	9
187822	4885	9
187822	1079	10
187822	744	6
187822	634	9
187822	628	8
187822	1158	8
187822	68	10
187822	1917	9
187822	5305	9
187822	4475	9
187822	841	9
187822	4899	9
187835	5063	9
187835	2278	9
187835	744	9
187835	4692	9
187835	2338	10
187835	6489	10
187835	3370	10
187835	404	7
187835	501	7
187863	4823	9
187863	649	9
187863	406	9
187863	50	6
187863	411	10
187863	742	8
187863	2044	9
187863	4242	10
187863	1773	8
187863	3983	9
187863	449	9
187863	723	9
187863	3905	10
187863	935	10
187863	1688	8
187863	1749	8
187863	474	8
187863	2215	9
187863	1529	10
187863	3196	10
187863	1964	9
187863	592	7
187863	2516	8
187863	1106	8
187863	4876	10
187863	716	9
187863	1574	9
187904	2456	10
187904	1737	9
187904	581	5
187904	2282	8
187904	6756	10
187904	1190	8
187904	3540	10
187904	1902	8
187904	6418	10
187904	6419	9
187904	451	6
187904	3458	8
187904	4053	10
187981	1022	9
187981	668	8
187981	4287	10
187981	4135	10
187981	2375	9
187981	119	10
187990	59	7
187990	1636	9
187990	1328	7
187990	1821	7
187990	1329	9
187990	267	8
188010	925	9
188010	1806	10
188010	3913	9
188010	1253	9
188010	1783	8
188010	503	7
188010	1115	9
188010	653	9
188010	5531	9
188010	3909	10
188010	1660	9
188010	2919	7
188010	74	9
188010	4768	9
188010	51	9
188010	657	7
188010	590	6
188010	3718	10
188010	6597	10
188010	5072	10
188010	3750	10
188010	4245	10
188010	1356	10
188010	5051	9
188010	4949	10
188010	6614	10
188010	1546	10
188010	991	9
188010	1289	7
188010	1016	8
188010	2157	10
188010	152	10
188022	640	9
188022	1056	10
188022	3696	10
188022	167	10
188022	5444	7
188022	6156	10
188022	1382	9
188022	2335	8
188022	4113	10
188022	2544	10
188022	5924	9
188022	4069	9
188022	4133	10
188022	5676	10
188022	5554	9
188022	3216	9
188022	6596	10
188022	2525	8
188022	111	8
188022	115	10
188022	4685	9
188022	270	10
188027	981	8
188027	1261	7
188027	2690	7
188027	2725	7
188027	5075	10
188027	1714	10
188027	3762	10
188038	1328	7
188038	5315	9
188038	4611	10
188038	1726	9
188038	3323	10
188038	1567	9
188038	5603	7
188038	4807	10
188038	1380	10
188106	1823	10
188106	1586	9
188106	6543	10
188106	167	10
188106	4712	10
188106	2948	9
188171	4182	9
188171	653	8
188171	5660	9
188171	1196	9
188171	7	9
188171	2579	7
188273	5137	10
188273	287	10
188273	1172	9
188273	4820	8
188273	1636	8
188273	1328	9
188273	1821	8
188273	1329	8
188273	2010	9
188273	394	9
188273	2781	9
188273	2269	10
188273	1941	9
188273	1700	9
188273	1176	10
188273	4222	9
188273	1631	6
188273	235	7
188273	1776	9
188273	327	10
188273	1755	10
188273	3639	10
188273	3860	10
188273	6359	10
188273	1889	10
188273	6477	9
188273	3861	10
188273	267	9
188280	58	9
188280	4919	10
188280	3957	9
188280	2847	10
188280	2838	9
188369	6916	10
188369	3715	10
188369	3596	10
188369	5155	9
188369	563	9
188369	2463	10
188379	1268	7
188379	5753	10
188379	4263	10
188379	4267	9
188379	3994	9
188379	11	9
188379	375	9
188379	6692	9
188483	1284	8
188483	6032	10
188483	3348	7
188483	1742	9
188483	1064	8
188483	1855	10
188483	419	8
188483	2316	10
188483	2345	9
188483	2233	10
188483	3552	10
188483	5451	10
188483	5702	10
188484	3493	10
188484	3542	10
188484	3778	9
188484	5854	9
188484	2380	10
188484	6872	10
188490	1169	10
188490	465	4
188490	2223	10
188490	1925	10
188490	4672	10
188490	1660	8
188490	213	8
188490	781	7
188490	314	9
188513	693	10
188513	6416	10
188513	902	10
188513	5681	10
188513	1459	10
188513	1619	10
188513	3247	10
188513	3882	9
188513	4260	10
188513	3744	9
188513	6128	10
188513	4429	8
188513	265	8
188513	1739	8
188513	6837	9
188513	2119	10
188513	1969	10
188518	4061	8
188518	2848	7
188518	6033	10
188518	1068	9
188518	4475	9
188583	565	9
188583	1158	9
188583	469	9
188583	1692	10
188583	4476	10
188583	784	7
188583	4899	10
188589	1088	10
188589	6499	9
188589	1036	10
188589	6906	10
188589	6665	8
188589	285	8
188589	1789	10
188659	207	6
188659	1731	6
188659	1178	9
188659	2224	9
188659	2044	9
188659	2193	8
188659	1927	9
188659	5005	9
188659	1563	10
188659	4844	9
188659	246	8
188659	590	6
188659	5985	10
188659	636	10
188659	1301	9
188659	5727	8
188659	2119	10
188659	953	8
188659	6284	10
188676	6307	9
188676	957	8
188676	236	8
188676	2254	10
188676	87	8
188676	4924	10
188676	155	10
188696	59	8
188696	124	3
188696	1292	9
188696	3805	10
188696	540	9
188696	494	10
188696	195	6
188696	4303	10
188696	4304	9
188696	3393	9
188796	2803	9
188796	628	10
188796	629	10
188796	4700	10
188796	941	10
188796	3130	10
188799	806	10
188799	1167	10
188799	1634	8
188799	5283	10
188799	1690	10
188799	657	8
188799	2718	9
188799	434	7
188799	613	9
188799	5329	10
188878	3831	9
188878	1442	8
188878	4512	9
188878	3070	9
188878	3809	10
188951	572	9
188951	3131	9
188951	932	10
188951	4599	10
188951	1751	9
188951	230	10
188951	781	8
188951	6545	9
189005	3481	9
189005	2698	10
189005	3488	9
189005	1626	8
189005	6152	9
189080	4200	10
189080	533	8
189080	1275	9
189080	2193	9
189080	3237	10
189080	540	9
189080	2651	10
189080	2035	10
189080	1382	10
189080	3176	8
189080	6752	10
189080	2108	10
189080	1788	10
189080	1924	10
189080	3078	10
189080	1216	9
189080	1436	9
189080	1603	6
189104	301	9
189104	1028	9
189104	1003	10
189104	5324	10
189104	367	8
189104	764	10
189104	225	9
189104	226	10
189115	1869	9
189115	643	7
189115	503	8
189115	274	7
189115	1115	9
189115	1117	10
189115	2881	8
189115	1520	9
189115	4620	10
189115	5254	10
189115	732	10
189115	6833	10
189115	551	9
189139	5749	9
189139	4043	10
189139	6576	10
189139	981	8
189139	707	9
189139	5821	9
189139	5312	8
189139	3700	10
189139	2500	10
189139	4955	9
189139	2090	10
189139	5863	10
189139	3379	10
189139	6577	10
189139	5047	9
189139	6649	10
189139	6528	8
189139	621	10
189139	2858	9
189139	4554	10
189139	2859	9
189139	1574	8
189139	524	10
189151	2815	10
189151	4624	9
189151	557	10
189151	4487	10
189151	4939	10
189235	4000	9
189235	1372	9
189235	1297	10
189235	4544	8
189320	1115	9
189320	720	9
189320	4398	10
189320	6846	10
189320	2929	9
189320	2990	9
189320	2431	8
189392	3427	9
189392	3282	9
189392	227	8
189392	5773	10
189392	6403	10
189392	2415	10
189392	6733	10
189392	1520	8
189392	1522	10
189392	2504	10
189392	3684	10
189392	4727	9
189392	4893	9
189392	4950	7
189474	4919	8
189474	227	9
189474	1055	9
189474	777	9
189474	4944	10
189474	930	8
189474	160	7
189474	3502	9
189474	4154	8
189474	1665	10
189474	6429	10
189474	3843	10
189516	865	8
189516	3270	10
189516	601	10
189516	4076	10
189516	4360	8
189516	1858	7
189516	3570	8
189516	3721	10
189516	2080	7
189516	576	9
189516	1624	10
189516	992	10
189516	379	8
189516	380	10
189516	2423	8
189516	367	9
189516	4082	8
189516	1739	10
189516	764	8
189516	2102	10
189516	4519	10
189516	4171	10
189541	6681	10
189541	1309	10
189541	6885	10
189541	185	10
189541	6505	10
189541	5065	10
189558	4342	9
189558	3831	8
189558	2587	8
189558	4225	9
189558	4161	10
189558	1442	8
189558	1858	10
189558	1296	10
189558	5965	9
189558	2875	9
189558	1725	10
189558	5075	10
189558	4329	10
189558	2876	10
189558	1469	9
189558	5501	10
189558	2627	10
189558	5968	9
189558	2080	9
189558	5715	10
189558	168	10
189558	1445	9
189558	2573	9
189558	1045	9
189558	4651	10
189558	675	8
189558	974	9
189558	3085	9
189558	1565	10
189558	3789	10
189558	4515	10
189558	379	8
189558	2310	10
189558	4933	8
189558	5729	10
189558	3326	10
189558	3436	9
189558	6798	9
189558	92	10
189558	3566	9
189558	6009	9
189558	5877	10
189655	4545	8
189655	3348	8
189655	5334	10
189655	997	8
189655	4940	10
189678	407	7
189678	1631	7
189678	4743	10
189678	2367	10
189678	226	10
189678	5442	8
189747	720	9
189747	3770	9
189747	169	7
189747	144	9
189747	5427	9
189789	190	10
189789	2968	9
189789	6749	10
189789	3873	10
189789	1969	10
189855	883	8
189855	446	8
189855	3714	10
189855	2000	9
189855	586	7
189855	628	8
189855	3943	10
189855	610	10
189855	5364	9
189855	6291	10
189855	2824	8
189855	1212	9
189891	1708	9
189891	6761	9
189891	17	8
189891	442	8
189973	407	8
189973	809	9
189973	650	10
189973	243	6
189973	1391	10
189973	652	9
189973	5063	9
189973	721	9
189973	684	9
189973	6556	9
189973	1179	8
189973	4611	10
189973	346	9
189973	1616	10
189973	414	6
189973	657	7
189973	4812	10
189973	513	10
189973	5778	9
189973	1948	10
189973	1665	10
189973	1666	7
189973	3415	9
189973	311	10
189973	265	8
189973	608	8
189973	2857	8
189973	3463	10
189973	803	7
189973	2343	9
189973	6177	9
189973	2859	9
189973	4167	8
189973	6353	10
189973	4703	10
189973	3860	9
189973	6837	10
189973	1628	10
189973	4996	10
189973	5378	8
189973	98	9
189973	1415	8
189973	5211	9
189973	5325	10
189973	1396	9
189973	2525	9
189973	111	8
189973	2094	10
189973	114	10
189973	2813	9
189973	117	9
189973	9	8
189973	6354	8
190080	2063	10
190080	2604	10
190080	4512	10
190080	971	6
190080	414	7
190080	4130	9
190080	2084	10
190185	6447	8
190185	3259	10
190185	5086	10
190185	4733	9
190185	5246	10
190185	6566	9
190185	1743	8
190185	5344	10
190185	218	8
190185	737	10
190185	3822	10
190185	115	10
190350	153	8
190350	5011	10
190350	3806	10
190350	5943	8
190350	857	9
190374	1731	8
190374	4649	9
190374	2031	9
190374	1498	10
190374	1499	9
190374	1500	9
190374	5677	9
190374	1174	10
190374	50	7
190374	243	6
190374	1176	9
190374	1773	8
190374	5389	9
190374	1064	9
190374	1688	9
190374	657	5
190374	1568	8
190374	1453	9
190374	421	9
190374	1601	8
190374	2890	10
190409	4614	10
190409	6344	10
190409	77	9
190409	5187	10
190409	295	10
190422	2219	10
190422	2656	10
190422	1503	8
190422	1809	10
190422	1947	9
190422	2686	10
190448	397	8
190448	3453	10
190448	471	7
190448	472	8
190448	473	8
190448	480	9
190448	1463	10
190459	406	9
190459	227	8
190459	124	2
190459	2973	9
190459	2961	8
190459	2217	9
190459	2883	9
190459	1764	10
190459	3180	9
190459	2316	9
190459	592	8
190459	41	8
190459	1602	10
190459	501	8
190479	580	10
190479	124	1
190479	61	7
190479	1058	6
190479	6554	8
190479	1193	7
190479	500	10
190480	2243	10
190480	4452	10
190480	3799	10
190480	1413	10
190480	1380	10
190533	5800	9
190533	2037	8
190533	996	10
190533	2858	9
190533	2867	8
190708	6112	10
190708	3933	10
190708	648	10
190708	1022	10
190708	4080	9
190708	3972	9
190708	2240	9
190708	668	10
190708	235	6
190708	1309	8
190708	6740	10
190708	6548	8
190708	1475	10
190708	341	8
190708	327	9
190708	6314	9
190708	916	9
190708	675	8
190708	4979	10
190708	3796	10
190708	3458	8
190708	6786	8
190708	402	9
190708	1664	10
190708	4655	9
190708	3636	9
190708	3415	9
190708	3637	9
190708	763	10
190708	4201	7
190708	1854	8
190708	1315	10
190708	5230	10
190708	127	6
190708	2108	10
190708	4551	10
190708	1801	10
190708	4054	9
190708	3535	10
190708	2522	10
190708	815	9
190708	6809	8
190708	4106	10
190741	207	8
190741	4593	10
190741	3568	10
190741	3933	9
190741	1783	9
190741	1873	10
190741	4691	10
190741	3518	9
190741	431	8
190741	1035	10
190741	4034	10
190741	379	6
190741	1530	9
190741	4967	10
190741	3892	8
190741	3674	9
190741	96	10
190741	240	8
190741	6586	9
190789	2924	10
190789	4284	10
190789	1626	6
190789	3662	10
190789	2977	10
190831	1791	10
190831	808	10
190831	50	7
190831	1490	8
190831	865	10
190831	1428	8
190831	4662	10
190831	2318	9
190831	1977	9
190831	2840	8
190831	1979	9
190831	440	10
190831	6637	10
190831	6089	10
190831	1574	8
190831	5567	10
190831	1956	9
190831	4553	9
190831	2521	9
190844	5964	10
190844	672	8
190844	4716	9
190844	2221	10
190844	2226	10
190844	2662	9
190844	4675	9
190844	2992	8
190844	1298	9
190844	2721	9
190844	3660	8
190844	2550	10
190844	3979	10
190844	1068	8
190844	2376	8
190885	3611	9
190885	3506	10
190885	4760	10
190885	223	9
190885	5969	10
190885	2015	9
190885	6903	8
190885	206	7
190885	594	9
190885	20	4
190885	1961	9
190885	2745	10
190885	2799	9
190885	501	6
190885	3227	9
190923	5528	9
190923	5083	10
190923	4200	10
190923	2657	9
190923	5108	9
190923	335	10
190923	2478	9
190923	3429	10
190923	702	10
190923	1441	9
190923	140	10
190923	3236	9
190923	2334	10
190923	971	6
190923	3085	9
190923	1632	9
190923	1883	9
190923	3910	9
190923	2611	10
190923	3461	9
190923	608	7
190923	2857	7
190923	6498	10
190923	4646	10
190923	5441	9
190923	5770	10
190923	6342	9
190923	6402	9
190923	6261	9
191014	4492	10
191014	5141	10
191014	1428	7
191014	931	9
191014	2961	10
191014	912	9
191014	3462	10
191014	4438	10
191014	1781	10
191014	2199	8
191014	1433	10
191014	790	8
191093	250	10
191093	1344	9
191093	196	9
191093	2416	9
191093	5338	10
191165	50	5
191165	1055	8
191165	233	10
191165	2044	8
191165	1973	10
191165	1320	7
191165	4338	10
191165	1855	8
191165	2281	10
191165	4471	10
191165	434	6
191166	5108	9
191166	1094	7
191166	4560	10
191166	2004	10
191166	1965	10
191166	1364	10
191188	6917	8
191188	336	10
191188	5099	9
191188	3133	7
191188	6	9
191188	675	8
191188	1355	10
191188	5575	9
191188	6755	9
191523	3334	9
191523	3248	9
191523	1729	10
191523	1004	10
191523	5725	9
191523	1609	8
191523	3263	10
191523	6801	9
191523	4115	9
191523	3816	8
191523	738	10
191523	2275	9
191560	5394	10
191560	319	9
191560	2787	8
191560	6701	10
191560	5609	10
191560	1492	10
191560	5909	9
191560	268	10
191560	2174	10
191575	540	6
191575	382	7
191575	2378	10
191575	1908	10
191575	3159	9
191575	4722	10
191638	2392	9
191638	3947	9
191638	1291	6
191638	1289	9
191716	1468	10
191716	335	9
191716	1058	7
191716	235	7
191716	4186	10
191716	4791	10
191716	381	8
191716	801	9
191716	259	9
191716	3875	10
191716	3175	8
191716	3176	9
191716	1451	10
191716	5369	9
191716	4168	10
191716	4402	10
191716	4591	10
191716	3404	9
191716	2744	10
191716	2133	10
191761	124	1
191761	5184	10
191761	3107	10
191761	2318	10
191761	6294	10
191761	717	10
191775	168	10
191775	450	10
191775	3290	8
191775	5322	9
191775	764	8
191803	1553	9
191803	1912	9
191803	321	10
191803	1666	9
191803	4984	7
191803	1304	10
191803	404	9
191841	1999	9
191841	2031	9
191841	708	10
191841	1898	8
191841	344	9
191841	6813	10
191875	666	8
191875	1381	10
191875	3705	7
191875	4034	10
191875	4367	9
191875	3203	10
191883	6034	9
191883	50	7
191883	708	8
191883	3550	7
191883	941	8
191883	3148	10
192093	6368	10
192093	3815	10
192093	1502	10
192093	124	1
192093	2817	10
192093	1193	7
192093	5612	10
192093	657	7
192093	192	6
192093	500	9
192093	3525	10
192093	285	6
192093	4936	8
192093	1289	6
192093	2050	9
192093	3043	9
192093	564	10
192119	1284	7
192119	4919	9
192119	2147	9
192119	4712	8
192119	2717	10
192119	712	8
192119	4601	9
192119	2513	10
192119	2684	8
192119	174	10
192119	127	5
192119	1068	8
192119	2933	9
192119	999	9
192119	4761	9
192119	2430	10
192121	2095	9
192121	5471	10
192121	980	10
192121	4939	10
192121	3531	8
192121	4307	10
192158	3142	10
192158	50	6
192158	910	10
192158	1329	6
192158	391	9
192158	1336	8
192158	880	8
192176	316	8
192176	6297	9
192176	1384	10
192176	174	9
192176	4819	9
192176	2268	9
192185	35	9
192185	5184	10
192185	6148	10
192185	69	10
192185	5817	9
192185	4605	10
192185	1493	9
192185	1367	10
192191	237	9
192191	160	8
192191	2877	10
192191	1447	8
192191	1602	9
192211	581	4
192211	2239	9
192211	3312	9
192211	935	10
192211	1966	10
192211	764	8
192211	962	10
192211	3214	10
192211	18	9
192211	6777	10
192211	1369	10
192211	2236	8
192211	187	9
192211	5405	10
192211	1761	10
192244	693	6
192244	486	6
192244	586	10
192244	1224	10
192244	1773	9
192244	1261	8
192244	1104	7
192244	4712	10
192244	794	9
192244	658	9
192244	1205	9
192244	2669	10
192244	456	9
192244	152	10
192244	5010	10
192245	5073	9
192245	243	7
192245	5332	10
192245	1557	9
192245	194	10
192245	1186	10
192245	3350	10
192245	3711	10
192245	376	10
192245	4228	10
192245	169	7
192245	16	8
192245	379	9
192245	17	7
192245	5689	9
192245	1099	10
192245	1923	9
192245	1602	8
192353	1171	9
192353	4188	9
192353	72	8
192353	1851	8
192353	934	7
192353	2951	9
192353	2281	8
192353	368	10
192353	5447	8
192353	6150	9
192353	285	7
192353	1289	8
192428	4782	10
192428	136	9
192428	4331	9
192428	4853	8
192428	165	8
192428	3767	10
192428	360	9
192428	6110	10
192428	1003	10
192428	4676	9
192428	379	7
192428	416	10
192428	2310	8
192428	2004	9
192428	642	8
192428	2299	9
192428	3665	10
192428	2578	8
192428	2550	9
192428	6009	10
192460	3974	10
192460	766	10
192460	2616	10
192460	2617	10
192460	3099	10
192462	3918	10
192462	6738	10
192462	4804	9
192462	4979	10
192462	3030	8
192462	5323	10
192462	3861	9
192462	1669	9
192462	3694	10
192462	3363	9
192462	6661	10
192479	1630	9
192479	1823	7
192479	777	7
192479	1298	8
192479	440	9
192479	5183	10
192479	3650	10
192479	1730	9
192479	3775	10
192479	6200	9
192479	326	10
192492	6495	8
192492	744	8
192492	1158	9
192492	5493	9
192492	4382	10
192492	1133	10
192696	4224	9
192696	1808	8
192696	379	7
192696	1433	8
192696	2889	9
192710	1866	9
192710	227	8
192710	4520	8
192710	3113	10
192710	2881	9
192710	3170	9
192710	723	10
192710	1881	10
192710	378	10
192710	1851	9
192710	293	9
192710	1755	10
192710	6560	9
192710	52	9
192710	421	9
192710	2413	8
192710	1289	8
192710	1140	10
192727	1428	7
192727	592	5
192727	3582	9
192727	614	6
192727	1397	8
192733	1555	8
192733	754	10
192733	1943	10
192733	1212	8
192733	4158	9
192914	3266	9
192914	251	9
192914	4153	9
192914	4526	10
192914	5924	10
192914	257	9
193106	465	5
193106	5030	10
193106	590	7
193106	953	9
193106	2827	10
193131	1220	9
193131	1221	9
193131	2145	10
193131	3311	10
193131	6514	9
193131	4675	10
193131	1589	7
193131	3205	10
193156	1995	10
193156	5924	10
193156	6030	8
193156	3324	10
193156	661	8
193350	4614	10
193350	3432	8
193350	16	9
193350	2424	10
193350	2426	9
193350	6488	10
193350	2039	9
193350	1835	9
193350	2305	10
193412	1247	6
193412	227	7
193412	6843	8
193412	69	10
193412	140	9
193412	6493	10
193412	1543	10
193412	2679	9
193412	5328	8
193428	1630	8
193428	4090	10
193428	1884	10
193428	325	10
193428	833	10
193428	4984	10
193448	3304	10
193448	4244	8
193448	4620	10
193448	5560	10
193448	5992	10
193458	463	8
193458	2450	9
193458	2451	10
193458	2452	10
193458	2453	8
193458	2454	9
193458	4460	10
193458	6594	10
193458	809	9
193458	6175	10
193458	3019	9
193458	2657	9
193458	465	5
193458	1144	10
193458	3517	10
193458	957	8
193458	2189	9
193458	3161	9
193458	3803	9
193458	1428	8
193458	5793	8
193458	1177	10
193458	5653	10
193458	4398	8
193458	1599	10
193458	1388	10
193458	6033	10
193458	2605	10
193458	3355	10
193458	257	8
193458	3681	9
193458	1264	9
193458	620	8
193458	1759	10
193458	3385	8
193458	906	9
193458	4438	8
193458	329	8
193458	1617	9
193458	1812	7
193458	613	8
193458	5300	10
193458	3769	9
193458	1789	9
193458	247	10
193458	2136	10
193458	564	9
193458	4763	10
193458	4086	9
193469	183	10
193469	3064	8
193469	537	9
193469	2478	9
193469	338	7
193469	339	7
193469	341	8
193469	4007	9
193469	5655	10
193469	1759	10
193469	2814	10
193469	5905	9
193469	2795	9
193469	1797	7
193470	3117	10
193470	3446	10
193470	1293	9
193470	684	10
193470	3529	8
193470	880	9
193470	1238	10
193470	5325	8
193470	3480	8
193470	705	10
193470	5591	10
193482	1792	10
193482	5704	10
193482	918	9
193482	919	10
193482	1486	10
193482	1988	10
193499	5373	10
193499	1253	8
193499	1938	9
193499	910	7
193499	2221	9
193499	391	10
193499	1586	9
193499	216	9
193499	393	8
193499	124	1
193499	3766	8
193499	1319	10
193499	6565	8
193499	2226	10
193499	3153	10
193499	3949	10
193499	1773	6
193499	691	6
193499	905	8
193499	473	9
193499	1902	9
193499	4502	9
193499	984	10
193499	5985	10
193499	2257	8
193499	605	10
193499	6889	10
193499	329	8
193499	18	10
193499	5380	10
193499	3532	10
193499	2345	9
193499	612	10
193499	127	4
193499	1232	10
193499	483	10
193499	2436	10
193499	2437	10
193499	4459	10
193499	5946	9
193499	3866	9
193499	1141	10
193529	4252	10
193529	2067	10
193529	2147	10
193529	194	10
193529	3766	8
193529	3133	9
193529	359	10
193529	4219	10
193529	4259	9
193529	195	7
193529	997	10
193529	6439	10
193529	3238	10
193529	2215	9
193529	2692	9
193529	1242	10
193529	4573	8
193529	513	10
193529	5778	10
193529	1530	10
193529	1738	10
193529	6877	8
193529	2693	9
193529	2516	10
193529	940	8
193529	1106	10
193610	1443	9
193610	6344	9
193610	2172	10
193610	4201	9
193610	5546	10
193612	581	7
193612	1253	6
193612	1109	9
193612	61	8
193612	5810	10
193612	1434	8
193612	1154	8
193676	581	6
193676	486	6
193676	2314	10
193676	3703	9
193676	1556	10
193676	2894	9
193676	1376	10
193676	3193	10
193676	2387	9
193676	540	8
193676	471	7
193676	339	8
193676	340	9
193676	432	9
193676	4385	10
193676	414	8
193676	934	6
193676	3522	8
193676	2176	9
193676	3458	8
193676	657	5
193676	1377	9
193676	434	5
193676	592	5
193676	2516	9
193676	1283	9
193676	192	7
193676	1436	10
193676	501	10
193738	4121	8
193738	3214	10
193738	4904	9
193738	2761	9
193738	5614	9
193738	1955	7
193740	2320	10
193740	3594	9
193740	1058	7
193740	604	10
193740	597	8
193750	5597	10
193750	4545	8
193750	4919	10
193750	1724	9
193750	1520	9
193750	3986	10
193750	1313	10
193750	2850	10
193750	179	9
193750	459	9
193750	127	6
193750	1804	10
193769	3116	9
193769	693	8
193769	695	8
193769	243	7
193769	2781	9
193769	1293	10
193769	2044	9
193769	1691	8
193769	419	10
193769	4637	10
193778	59	5
193778	1858	10
193778	1421	9
193778	1517	10
193778	1826	10
193778	1518	9
193778	5077	10
193778	3664	10
193778	4397	9
193778	2287	10
193778	6873	10
193778	5711	10
193778	5370	9
193778	5644	10
193778	3074	9
193778	3721	10
193778	892	10
193778	2080	7
193778	2992	8
193778	450	7
193778	2329	8
193778	5101	10
193778	1045	7
193778	1382	9
193778	3723	10
193778	1626	7
193778	6439	10
193778	4165	10
193778	6651	10
193778	871	10
193778	3460	10
193778	4455	9
193778	6356	9
193778	4167	10
193778	5713	7
193778	1536	8
193778	1835	10
193778	1836	9
193778	1837	9
193778	1838	10
193778	1839	8
193778	1860	9
193778	4966	9
193778	805	8
193778	1861	10
193798	5886	10
193798	5671	10
193798	4859	9
193798	1007	9
193798	651	10
193798	503	8
193798	5753	9
193798	1917	10
193798	834	10
193798	835	9
193819	4952	9
193819	1308	10
193819	140	9
193819	141	8
193819	1960	10
193819	4464	9
193819	3078	9
193898	4622	10
193898	5549	10
193898	3301	10
193898	1001	10
193898	2918	7
193898	1329	10
193898	3218	10
193898	4355	9
193898	3069	9
193898	3348	8
193898	2032	9
193898	792	9
193898	4633	9
193898	254	10
193898	159	10
193898	2719	10
193898	4945	8
193898	3319	10
193898	6658	10
193898	126	10
193898	3084	10
193898	1312	10
193898	2726	8
193898	3320	10
193898	892	9
193898	5252	10
193898	5968	10
193898	377	8
193898	3322	10
193898	4302	9
193898	1624	10
193898	997	8
193898	348	10
193898	5950	10
193898	1929	9
193898	2877	9
193898	3353	10
193898	1297	10
193898	4528	10
193898	6558	9
193898	1883	8
193898	1729	9
193898	17	8
193898	1855	8
193898	6734	10
193898	2341	9
193898	6335	10
193898	4631	10
193898	996	10
193898	1914	9
193898	517	9
193898	3665	7
193898	3751	7
193898	1048	10
193898	3359	10
193898	6206	9
193898	6080	10
193898	5338	10
193898	1106	9
193898	1272	10
193898	202	10
193898	4464	10
193898	681	10
193898	4159	9
193898	1789	10
193898	6124	9
193898	6095	10
193898	3863	9
193966	6504	9
193966	1855	9
193966	3781	9
193966	6837	10
194027	3113	9
194027	2226	8
194027	811	10
194027	2118	10
194172	6819	10
194172	5391	10
194172	1506	9
194172	2881	8
194172	2919	7
194172	4753	9
194172	2391	10
194172	3593	9
194172	239	10
194172	552	9
194172	500	8
194172	2852	9
194205	4919	8
194205	5332	9
194205	1045	10
194205	6880	10
194273	6609	9
194273	2848	8
194273	170	7
194273	1851	8
194273	451	6
194287	1115	8
194287	4020	9
194287	5437	10
194287	3277	9
194287	3278	9
194287	2258	9
194287	2259	10
194287	2261	9
194287	2262	10
194287	2263	10
194425	650	10
194425	6754	9
194425	4220	10
194425	590	5
194425	1415	10
194514	57	8
194514	486	7
194514	2317	8
194514	3899	7
194514	561	10
194556	649	9
194556	5063	9
194556	1840	10
194556	2756	10
194556	3567	9
194600	3437	10
194600	5641	9
194600	301	10
194600	925	9
194600	6747	10
194600	2494	7
194600	3018	10
194600	3032	10
194600	4493	9
194600	2803	10
194600	5449	9
194600	287	9
194600	1172	10
194600	1114	9
194600	1291	7
194600	4786	10
194600	2175	10
194600	124	1
194600	1942	9
194600	3846	10
194600	1700	8
194600	411	8
194600	536	8
194600	1330	10
194600	4871	10
194600	1808	10
194600	1027	9
194600	4232	10
194600	2193	9
194600	2355	9
194600	5688	10
194600	929	10
194600	1190	9
194600	2919	7
194600	4743	9
194600	1199	9
194600	4675	9
194600	896	9
194600	4699	9
194600	292	10
194600	378	8
194600	3009	9
194600	4468	9
194600	3458	9
194600	2357	10
194600	712	10
194600	4190	10
194600	4745	10
194600	590	7
194600	4443	9
194600	4728	9
194600	6135	9
194600	3380	8
194600	881	10
194600	1627	8
194600	6826	10
194600	18	9
194600	2885	9
194600	2046	9
194600	549	9
194600	4430	9
194600	1572	10
194600	3342	10
194600	1803	10
194600	1212	7
194600	2005	10
194600	2200	10
194600	4984	9
194600	1546	10
194600	1289	8
194600	4905	10
194600	2358	10
194600	501	8
194600	3615	10
194600	5041	10
194605	2687	8
194605	778	10
194605	3453	10
194605	1444	9
194605	3132	10
194605	1639	9
194605	2877	10
194605	2338	10
194605	1855	9
194605	3760	10
194605	147	10
194605	3665	8
194605	4317	8
194605	5784	9
194606	693	7
194606	1186	6
194606	1851	10
194606	590	7
194614	1807	10
194614	1444	7
194614	971	7
194614	2951	10
194614	2970	10
194614	6068	10
194614	1355	9
194614	608	9
194614	2857	8
194614	4940	10
194614	434	7
194614	613	9
194614	2362	9
194614	2006	10
194614	1000	10
194636	4919	7
194636	3680	10
194636	2879	10
194636	975	10
194636	6585	10
194636	5626	10
194636	20	6
194639	1247	7
194639	2397	10
194639	1412	9
194639	3775	9
194639	5001	10
194646	820	10
194646	6050	10
194646	5611	8
194646	6629	10
194646	2539	10
194646	4763	10
194669	3815	9
194669	4221	10
194669	3260	9
194669	2912	8
194669	70	2
194669	1530	10
194669	477	10
194669	5001	10
194669	1788	10
194669	268	10
194669	4683	10
194669	2852	9
194676	215	9
194676	4969	10
194676	3260	9
194676	5889	10
194676	4958	9
194676	2597	10
194676	3940	9
194676	3564	9
194676	4674	10
194676	339	7
194676	1588	9
194676	4502	10
194676	6582	9
194676	219	9
194676	220	10
194676	221	10
194676	3416	7
194676	3858	7
194676	1780	10
194676	2350	7
194676	3263	10
194676	4660	9
194676	6666	8
194676	4070	9
194676	3264	10
194676	6304	10
194676	1591	8
194676	2615	9
194676	6563	10
194676	4095	9
194676	4314	10
194676	2389	10
194676	4330	9
194676	6183	10
194699	1737	10
194699	61	6
194699	3552	10
194699	3631	10
194699	1397	7
194877	2219	9
194877	3945	10
194877	1637	9
194877	70	1
194877	2034	9
194877	18	9
194974	6100	10
194974	3841	10
194974	4103	9
194974	5482	9
194974	3388	9
195041	397	9
195041	4860	10
195041	2385	9
195041	5479	10
195041	5550	10
195041	6692	9
195049	4919	8
195049	140	8
195049	2574	9
195049	3353	10
195049	2718	9
195049	1692	9
195049	2579	10
195079	883	7
195079	2967	10
195079	5243	9
195079	973	10
195079	1354	10
195079	4263	8
195100	2917	9
195100	721	10
195100	307	10
195100	1561	10
195100	4186	10
195100	3744	10
195100	417	10
195100	2995	10
195116	6050	10
195116	4848	9
195116	6630	9
195116	6185	9
195116	3846	9
195116	1972	8
195116	2768	10
195116	5588	9
195116	370	10
195116	943	10
195116	6911	10
195116	1323	10
195116	3003	10
195182	335	9
195182	910	10
195182	134	8
195182	1636	8
195182	1328	7
195182	1821	8
195182	1329	9
195182	2010	10
195247	6771	10
195247	630	9
195247	1014	10
195247	5741	10
195247	563	9
195374	6552	10
195374	472	8
195374	473	8
195374	912	8
195374	3231	9
195374	1799	9
195374	241	10
195374	847	10
195386	3266	10
195386	165	8
195386	5070	9
195386	2335	8
195386	347	10
195386	641	9
195386	4133	9
195386	2070	8
195386	2064	9
195386	17	8
195386	3502	10
195386	5285	10
195386	2850	10
195386	329	7
195386	1380	9
195469	818	10
195469	3448	9
195469	227	8
195469	3472	8
195469	1261	6
195469	6418	10
195469	934	8
195469	2482	10
195469	3765	9
195469	41	7
195469	2319	10
195469	1788	8
195469	5025	9
195469	956	10
195694	1970	10
195694	581	5
195694	463	9
195694	2450	10
195694	4460	10
195694	1596	7
195694	742	8
195694	1280	10
195694	1119	9
195694	1319	10
195694	1659	9
195694	2637	10
195694	4912	9
195694	2805	9
195694	3136	10
195694	4391	10
195694	4392	10
195694	6866	10
195694	1160	8
195694	1632	9
195694	2955	8
195694	2956	10
195694	2957	9
195694	3746	8
195694	2257	10
195694	1161	8
195694	2259	10
195694	803	8
195694	2728	9
195694	6817	10
195694	5865	9
195694	2238	10
195770	693	8
195770	1253	7
195770	503	7
195770	246	10
195770	1386	10
195770	1736	10
195904	35	9
195904	207	8
195904	406	9
195904	465	5
195904	957	10
195904	6162	10
195904	1179	10
195904	337	10
195904	4242	10
195904	4217	9
195904	575	9
195904	70	4
195904	4724	10
195904	346	9
195904	473	8
195904	341	8
195904	6275	10
195904	613	8
195904	3243	9
195904	2174	10
195904	716	9
195904	954	9
195943	1732	8
195943	2641	10
195943	743	9
195943	784	8
195943	849	10
195943	5942	10
195943	2749	9
195943	133	8
195965	6819	10
195965	5102	10
195965	2872	8
195965	1229	10
195965	320	8
195965	237	10
195965	4945	10
195965	1401	8
195965	6360	10
196018	981	7
196018	1707	9
196018	5390	10
196018	6800	10
196018	611	6
196018	6752	10
196018	6835	10
196031	530	9
196031	3344	10
196031	36	9
196031	397	7
196031	5202	10
196031	6237	10
196031	6191	10
196031	6654	10
196031	5936	10
196031	404	8
196047	496	10
196047	394	8
196047	5530	9
196047	2325	9
196047	2973	9
196047	1190	9
196047	1616	8
196047	971	8
196047	169	6
196047	5505	10
196047	576	10
196047	195	7
196047	451	6
196047	160	8
196047	1729	9
196047	4428	9
196047	4652	9
196047	4334	9
196047	3587	10
196047	94	9
196047	4809	10
196050	1086	9
196050	4071	10
196050	3240	8
196050	313	8
196050	5538	10
196052	176	9
196052	5002	8
196052	70	1
196052	177	9
196052	341	6
196052	451	5
196052	2339	9
196052	605	10
196052	6918	9
196052	180	10
196052	5291	9
196052	751	9
196052	331	10
196052	6617	10
196052	20	8
196053	2581	10
196053	461	9
196053	3913	9
196053	533	7
196053	6412	10
196053	469	8
196053	3727	8
196053	934	6
196053	2899	8
196053	2692	6
196053	2015	9
196053	1617	8
196053	6232	10
196053	5716	9
196077	3141	8
196077	1630	9
196077	581	6
196077	1866	9
196077	2494	8
196077	3018	9
196077	407	9
196077	1783	9
196077	1143	8
196077	50	5
196077	1291	7
196077	1505	9
196077	4324	10
196077	1093	10
196077	391	10
196077	393	9
196077	3982	9
196077	1490	8
196077	124	1
196077	535	10
196077	775	10
196077	708	9
196077	3766	8
196077	1183	10
196077	2192	10
196077	1773	8
196077	1188	10
196077	5003	10
196077	2481	9
196077	2736	10
196077	1518	10
196077	6873	10
196077	1336	9
196077	880	9
196077	2752	9
196077	140	9
196077	449	9
196077	3518	10
196077	604	9
196077	5884	10
196077	2303	10
196077	4850	10
196077	5665	9
196077	1565	10
196077	4051	7
196077	1691	8
196077	4753	8
196077	258	9
196077	3549	10
196077	6472	9
196077	2611	8
196077	1299	9
196077	3586	10
196077	4501	10
196077	5242	9
196077	3642	8
196077	1738	9
196077	1947	9
196077	590	6
196077	1833	10
196077	5632	9
196077	3231	9
196077	767	9
196077	6758	10
196077	192	6
196077	3181	10
196077	425	9
196077	685	9
196077	3036	9
196077	3148	9
196077	3128	10
196077	4087	9
196077	5300	10
196077	2889	9
196077	2983	9
196077	3207	10
196077	4856	9
196077	5236	9
196077	114	10
196077	3469	10
196077	2236	10
196077	739	8
196077	6750	9
196077	6804	9
196077	2238	10
196085	2189	10
196085	4360	10
196085	4411	10
196085	3263	9
196085	421	10
196099	5353	9
196099	407	9
196099	2918	10
196099	61	6
196099	1183	8
196099	1773	8
196099	1862	10
196108	6538	8
196108	6874	9
196108	6875	10
196108	6106	10
196108	6107	10
196108	785	10
196108	6559	9
196108	2525	10
196108	5790	10
196108	5497	10
196108	844	9
196108	1015	9
196108	113	9
196108	2811	9
196108	3717	10
196108	5025	10
196108	2813	10
196108	846	10
196108	115	10
196108	847	9
196108	117	9
196113	1509	9
196113	1225	10
196113	3541	9
196113	989	10
196137	1720	8
196137	393	9
196137	755	10
196137	5931	10
196137	3816	10
196137	5515	9
196137	6497	10
196137	4685	10
196137	4817	10
196146	6593	10
196146	6709	10
196146	4312	10
196146	1104	10
196146	20	6
196146	956	10
196148	6518	10
196148	5307	10
196148	843	10
196148	5790	9
196148	112	10
196148	5497	10
196148	844	9
196148	1015	9
196148	1016	9
196148	2811	10
196148	845	9
196148	2812	9
196148	5498	10
196148	846	10
196148	847	9
196149	678	7
196149	2473	9
196149	3020	10
196149	6630	9
196149	3083	8
196149	3883	10
196149	1071	9
196149	4924	10
196160	3651	10
196160	4372	9
196160	5174	9
196160	6391	10
196160	4200	9
196160	394	6
196160	6229	10
196160	1732	10
196160	1010	10
196160	3392	10
196160	922	10
196160	2495	8
196160	183	8
196160	537	9
196160	5359	10
196160	2385	10
196160	573	9
196160	2570	10
196160	2500	10
196160	3430	10
196160	3675	10
196160	2293	8
196160	5863	9
196160	5119	10
196160	5750	9
196160	3870	10
196160	5752	10
196160	5248	9
196160	2026	8
196160	975	10
196160	5661	10
196160	2692	10
196160	2955	10
196160	4561	10
196160	3975	10
196160	1378	8
196160	6024	9
196160	3977	9
196160	6783	9
196160	2740	10
196160	479	8
196160	174	9
196160	329	10
196160	1692	10
196160	434	7
196160	3979	8
196160	6680	9
196160	6154	9
196160	940	10
196160	5441	10
196160	4376	10
196160	5914	10
196160	1802	8
196160	96	10
196160	3333	10
196160	6351	8
196160	5023	9
196160	2400	10
196160	111	10
196160	2812	9
196160	2075	10
196187	6795	10
196187	3183	9
196187	174	9
196187	501	9
196191	183	7
196191	574	9
196191	1476	8
196191	1478	9
196191	131	10
196191	6541	9
196191	6653	10
196191	907	9
196191	4897	10
196191	5089	10
196191	5090	10
196191	998	10
196228	465	6
196228	1198	10
196228	340	8
196228	1003	10
196228	3424	8
196228	4106	9
196253	59	9
196253	50	4
196253	1407	10
196253	2395	10
196253	1491	7
196253	2176	10
196253	267	9
196253	1574	8
196253	4413	10
196282	742	7
196282	2706	9
196282	1597	9
196282	3261	10
196282	5785	9
196282	1269	8
196282	1743	9
196282	162	9
196282	95	10
196282	5295	9
196282	5978	10
196282	5979	10
196282	5980	10
196317	2467	10
196317	3114	10
196317	5122	10
196317	590	6
196457	2545	10
196457	5830	10
196457	287	10
196457	4761	10
196457	5867	9
196457	1017	10
196466	862	10
196466	4859	10
196466	2321	10
196466	585	10
196466	1871	9
196466	1896	8
196466	3119	9
196466	754	10
196466	410	8
196466	124	1
196466	1773	7
196466	5630	9
196466	68	9
196466	540	8
196466	3785	8
196466	1616	9
196466	1686	9
196466	6449	10
196466	657	5
196466	439	10
196466	2391	9
196466	920	9
196466	6890	9
196466	2038	9
196466	5815	9
196466	3156	10
196466	314	9
196466	3509	9
196466	3468	10
196492	4226	10
196492	4273	10
196492	1951	10
196492	5486	8
196502	428	9
196502	862	10
196502	408	10
196502	1330	8
196502	1119	10
196502	5468	10
196502	4027	9
196502	5832	10
196502	278	10
196502	4100	10
196502	620	7
196502	6404	9
196502	3541	10
196502	4201	10
196502	6493	10
196502	3056	8
196502	2373	8
196502	6852	10
196502	663	10
196502	665	6
196502	2050	9
196502	3399	8
196502	4740	10
196502	1847	10
196621	4000	9
196621	1581	10
196621	194	10
196621	160	9
196621	3502	9
196621	2609	10
196621	404	6
196738	4523	9
196738	2587	10
196738	1329	8
196738	2332	10
196738	1056	9
196738	800	7
196738	5701	9
196738	5664	9
196738	5800	9
196738	1094	7
196738	1057	9
196738	4272	10
196738	1295	10
196738	4834	8
196738	2271	10
196738	4238	8
196738	2627	10
196738	5444	10
196738	1250	9
196738	6601	9
196738	339	7
196738	340	8
196738	4007	10
196738	2069	10
196738	1104	7
196738	6007	10
196738	6888	10
196738	761	9
196738	5552	9
196738	2965	10
196738	974	7
196738	4712	10
196738	1882	7
196738	84	8
196738	1096	10
196738	2117	10
196738	6649	10
196738	2634	10
196738	1264	10
196738	2610	10
196738	2795	8
196738	1798	9
196738	3242	9
196738	6039	10
196738	3731	10
196738	5747	9
196738	1694	8
196738	127	5
196738	1068	9
196738	2567	9
196775	3527	10
196775	6285	10
196775	4649	10
196775	1428	8
196775	4295	10
196775	1520	8
196775	1444	6
196775	236	10
196775	2034	8
196775	144	9
196775	37	10
196775	98	10
196775	192	5
196775	3181	9
196775	2724	9
196775	2174	8
196775	4484	10
196775	1988	10
196886	2872	10
196886	16	8
196886	379	9
196886	17	9
196886	4491	10
196886	112	10
196886	845	10
196886	846	10
196891	693	8
196891	5670	10
196891	5633	10
196891	2067	9
196891	6579	9
196891	4078	10
196891	416	10
196891	6895	10
196891	4429	8
196891	3180	8
196891	2311	9
197000	2456	9
197000	3713	9
197000	809	9
197000	811	9
197000	1932	9
197000	3223	9
197206	529	10
197206	581	4
197206	3913	9
197206	3846	10
197206	1179	7
197206	2881	10
197206	4183	10
197206	744	8
197206	1660	8
197206	3074	9
197206	1196	10
197206	449	10
197206	1045	8
197206	3760	10
197206	1205	9
197206	5022	10
197364	4297	10
197364	2803	10
197364	3955	10
197364	1897	8
197364	3348	10
197364	2278	9
197364	63	9
197364	3049	10
197364	4015	9
197364	1188	9
197364	2468	9
197364	604	10
197364	971	8
197364	3496	9
197364	3905	10
197364	657	5
197364	870	9
197364	1531	10
197364	1703	9
197364	5874	8
197364	1947	7
197364	6499	10
197364	6349	10
197364	1931	10
197364	6783	10
197364	1854	9
197364	1751	7
197364	4241	10
197364	5364	9
197364	4179	10
197364	3573	8
197364	3326	8
197364	6435	9
197364	592	7
197364	1207	8
197364	624	9
197364	6361	9
197364	2622	10
197364	3328	9
197364	352	9
197364	6013	10
197364	1154	9
197410	2186	10
197410	3610	10
197410	626	9
197410	2777	9
197410	3018	9
197410	3020	9
197410	530	10
197410	3917	10
197410	291	9
197410	4805	10
197410	310	8
197410	1203	9
197410	5985	10
197410	4307	10
197410	665	7
197410	6339	9
197410	232	9
197410	978	8
197424	3565	10
197424	2216	9
197424	2516	7
197424	1602	9
197424	1603	7
197424	2532	8
197424	2863	10
197424	2864	8
197424	1074	9
197424	3589	9
197424	4172	10
197424	5606	10
197425	3244	10
197425	2801	10
197425	246	9
197425	1647	9
197425	3022	9
197502	2554	8
197502	1893	9
197502	4268	10
197502	182	8
197502	708	10
197502	811	10
197502	3797	9
197502	1130	10
197502	5990	9
197502	352	9
197502	5109	10
197502	3129	10
197664	2079	10
197664	6	6
197664	4130	9
197664	3624	10
197664	5732	9
197687	3928	9
197687	2450	9
197687	5664	10
197687	3935	8
197687	3936	10
197687	3292	9
197687	5686	10
197687	3837	9
197687	574	8
197687	2967	10
197687	3484	8
197687	6902	8
197687	4851	10
197687	2520	10
197727	1634	9
197727	2182	10
197727	1490	9
197727	708	9
197727	3675	9
197727	6267	8
197727	1574	8
197775	6385	9
197775	807	7
197775	809	9
197775	36	8
197775	5327	9
197775	6	9
197775	246	8
197775	5094	10
197775	1352	9
197775	3613	10
197775	3231	10
197775	420	9
197775	831	10
197775	5234	9
197775	560	9
197775	552	7
197775	1397	10
197866	3447	8
197866	4020	9
197866	2597	10
197866	4122	10
197866	6008	10
197866	5430	10
197866	2007	8
197866	739	9
197913	5061	10
197913	4869	9
197913	5412	10
197913	5413	9
197913	3545	9
197913	1203	10
197913	609	9
197939	316	9
197939	2659	9
197939	1897	7
197939	244	9
197939	5630	10
197939	3581	8
197939	18	9
197939	2234	9
197939	1457	10
197942	573	9
197942	1193	8
197942	449	8
197942	284	10
197942	2431	10
197942	313	10
197997	4108	10
197997	3564	10
197997	2632	10
197997	4070	10
197997	848	10
197997	849	10
197997	853	8
197997	854	10
198011	1725	9
198011	5159	9
198011	2335	10
198011	451	6
198011	294	10
198011	3012	10
198011	440	9
198011	5555	10
198012	2930	10
198012	2445	9
198012	6257	10
198012	6216	10
198012	6108	10
198012	3770	9
198012	5283	9
198012	730	9
198012	3507	10
198012	1711	8
198012	3077	10
198012	5434	9
198012	3209	10
198012	3752	10
198012	768	9
198012	41	7
198012	5507	10
198012	1471	10
198012	4315	9
198012	844	8
198012	846	9
198012	2529	9
198046	3913	8
198046	50	4
198046	1055	6
198046	1506	9
198046	4057	10
198046	1680	9
198046	124	1
198046	4091	10
198046	653	9
198046	2194	9
198046	1320	10
198046	997	8
198046	949	10
198046	4214	10
198046	1904	10
198046	445	10
198046	1570	9
198046	127	7
198046	5233	10
198046	550	10
198046	1289	9
198114	2830	9
198114	2249	9
198114	1916	8
198114	744	9
198114	431	9
198114	2407	10
198114	665	7
198213	6385	10
198213	581	5
198213	3946	10
198213	1596	7
198213	1011	9
198213	1193	7
198213	3074	10
198213	414	8
198213	1071	7
198213	657	5
198213	5201	9
198213	41	6
198213	637	9
198213	1577	9
198216	3387	8
198216	5482	10
198216	3388	10
198216	3390	10
198216	4321	10
198216	4322	8
198355	22	10
198355	63	10
198355	2044	9
198355	2311	9
198355	152	9
198483	1094	8
198483	6004	10
198483	5044	10
198483	3941	9
198483	166	10
198483	1758	10
198483	997	7
198483	657	6
198483	2217	8
198483	3890	9
198507	3530	9
198507	320	9
198507	1950	10
198507	150	10
198507	404	7
198557	3951	10
198557	532	10
198557	140	10
198557	141	9
198557	4675	10
198557	2516	10
198557	2362	8
198557	781	7
198726	1512	9
198726	2973	9
198726	5335	8
198726	218	10
198726	590	5
198726	6335	10
198726	419	10
198726	1540	9
198726	127	6
198726	5021	8
198726	3145	10
198726	6266	9
198767	5106	9
198767	5488	9
198767	896	9
198767	160	7
198767	6862	8
198767	2795	9
198767	1452	10
198767	624	9
198767	6009	10
198781	6600	10
198781	1938	9
198781	2641	9
198781	70	3
198781	724	9
198781	34	10
198840	533	8
198840	72	6
198840	3706	10
198840	6793	10
198840	478	10
198840	2471	8
198840	5244	10
198930	5174	8
198930	643	8
198930	3594	10
198930	464	9
198930	3519	9
198930	1259	8
198930	4291	8
198930	503	9
198930	2641	10
198930	981	9
198930	1158	8
198930	1159	7
198930	340	10
198930	1260	9
198930	2057	9
198930	192	7
198930	835	9
198930	285	8
198930	570	9
198982	1644	9
198982	5642	10
198982	5850	8
198982	2649	8
198982	5234	10
198983	3689	10
198983	6764	9
198983	1610	9
198983	6801	8
198983	2305	9
198983	285	6
198996	1769	10
198996	465	6
198996	1631	9
198996	319	9
198996	2951	9
198996	542	10
198996	613	8
198996	192	7
199016	2918	8
199016	1636	9
199016	5015	9
199016	2992	8
199016	16	8
199016	4051	9
199016	3745	8
199016	1836	10
199016	1838	10
199025	4661	10
199025	5915	10
199025	4302	9
199025	169	5
199025	5535	10
199025	920	9
199025	1886	9
199025	3964	9
199025	108	9
199041	1253	8
199041	809	7
199041	3520	8
199041	465	4
199041	6874	10
199041	1793	9
199041	4230	10
199041	2641	8
199041	6213	9
199041	1177	8
199041	70	3
199041	3115	10
199041	3770	9
199041	1778	10
199041	934	6
199041	2091	8
199041	1983	10
199041	6582	9
199041	4430	9
199041	1148	10
199041	3391	10
199092	5439	10
199092	227	7
199092	2279	9
199092	997	8
199092	934	5
199092	246	9
199092	171	10
199092	3205	10
199092	1671	9
199092	2996	9
199092	954	8
199095	3320	8
199095	4512	8
199095	451	5
199095	1000	10
199095	625	10
199178	2917	9
199178	4283	10
199178	2044	8
199178	5913	10
199178	2463	8
199178	20	7
199178	3470	10
199178	978	8
199209	227	6
199209	183	8
199209	4641	10
199209	70	4
199209	338	7
199209	341	8
199209	439	9
199209	6022	10
199209	6024	10
199209	127	5
199209	5982	10
199416	35	9
199416	3481	10
199416	2829	9
199416	1292	9
199416	5436	9
199416	536	9
199416	337	10
199416	3971	10
199416	3591	8
199416	2481	9
199416	6474	9
199416	2328	9
199416	4006	10
199416	6763	10
199416	3672	9
199416	1003	10
199416	4972	9
199416	5180	9
199416	6505	10
199416	5768	10
199416	1081	9
199416	422	10
199416	4632	10
199416	5352	10
199416	550	9
199416	32	9
199416	5780	10
199416	5021	9
199416	4308	10
199416	1076	10
199515	272	9
199515	4487	10
199515	4032	10
199515	503	9
199515	1331	10
199515	274	7
199515	1115	7
199515	1117	8
199515	1597	10
199515	5543	9
199515	1405	9
199515	2848	10
199515	2967	9
199515	83	10
199515	4596	9
199515	4051	10
199515	379	8
199515	6714	9
199515	440	10
199515	3586	8
199515	2692	8
199515	5740	10
199515	280	10
199515	3143	9
199515	2772	9
199515	163	10
199515	6908	10
199772	643	10
199772	1086	10
199772	5467	10
199772	3429	10
199772	5396	9
199772	2974	9
199772	1925	9
199772	5016	10
199772	4713	9
199772	6073	10
199772	1856	7
199772	2119	7
199772	5541	9
199772	2984	9
199795	3561	9
199795	2687	10
199795	252	10
199795	6565	9
199795	2340	10
199871	6307	10
199871	15	10
199871	1055	8
199871	3896	10
199871	3135	10
199871	1409	9
199871	6025	10
199981	468	10
199981	1562	9
199981	1527	8
199981	589	9
199981	1639	9
199981	267	8
200009	4697	8
200009	5174	9
200009	1706	10
200009	1897	10
200009	3958	9
200009	1660	10
200009	2432	9
200009	4700	10
200009	1350	9
200009	6486	10
200009	3969	10
200196	1555	8
200196	1293	10
200196	4226	10
200196	2726	9
200196	5179	10
200196	86	9
200196	148	10
200206	4525	9
200206	2879	10
200206	5885	10
200206	1058	8
200206	4256	8
200206	2720	9
200206	3250	9
200206	1997	9
200206	291	10
200206	1564	9
200213	1391	9
200213	537	9
200213	590	6
200213	4936	9
200245	6847	9
200245	316	8
200245	2031	10
200245	1499	9
200245	1500	9
200245	900	10
200245	800	8
200245	5821	9
200245	4555	10
200245	1485	10
200245	6893	8
200245	1964	8
200245	4489	10
200245	1362	10
200245	2267	9
200245	4881	10
200245	1015	9
200245	115	8
200248	6086	10
200248	1269	8
200248	4021	10
200248	4806	9
200248	2389	9
200252	5894	9
200252	518	9
200252	2489	10
200252	528	9
200323	6446	8
200323	3104	9
200323	183	9
200323	831	10
200323	434	8
200323	3227	10
200402	3758	10
200402	1490	6
200402	1061	9
200402	1525	10
200402	1104	8
200402	997	7
200402	938	7
200402	6886	9
200402	3078	7
200422	2467	10
200422	4821	10
200422	3074	9
200422	2336	8
200422	1104	9
200422	761	10
200422	546	9
200422	1004	8
200422	3416	8
200422	5138	10
200422	1694	9
200422	6205	10
200422	5214	10
200422	1049	10
200422	1272	9
200422	5769	10
200493	165	9
200493	2698	10
200493	453	9
200493	127	8
200493	157	8
200493	1550	7
200508	581	4
200508	4885	9
200508	1870	10
200508	727	10
200508	421	7
200508	685	8
200568	3955	10
200568	15	10
200568	3433	10
200568	5269	8
200568	873	10
200568	874	10
200568	3158	9
200568	1396	10
200585	4661	9
200585	679	8
200585	1142	10
200585	5002	10
200585	2504	10
200585	1245	10
200585	6745	9
200607	581	5
200607	5489	10
200607	3767	10
200607	6564	9
200643	1167	9
200643	1747	9
200643	407	9
200643	3285	10
200643	2919	5
200643	2912	8
200643	1249	9
200643	1978	9
200643	140	8
200643	1979	10
200643	2604	10
200643	1946	8
200643	52	10
200643	3315	10
200643	2374	9
200643	1788	7
200643	2005	10
200643	1397	9
200643	1765	10
200643	1548	9
200674	3083	8
200674	1387	8
200674	274	5
200674	2876	9
200674	1268	6
200674	2064	8
200674	2026	9
200674	993	10
200674	994	9
200674	420	9
200674	3692	10
200674	516	9
200674	2769	10
200674	4574	8
200674	1668	10
200674	422	9
200772	1437	9
200772	2655	10
200772	1747	10
200772	3846	9
200978	1622	10
200978	6417	9
200978	4930	10
200978	4301	10
200978	3581	9
200978	84	9
200978	6332	10
200978	781	8
200978	3234	10
200993	4127	10
200993	4254	10
200993	6270	10
200993	6896	9
200993	5619	10
201017	2545	10
201017	883	7
201017	6648	10
201017	1373	10
201017	602	10
201017	4033	9
201017	1616	9
201017	5134	9
201017	3231	9
201017	6275	8
201017	2107	10
201017	4895	8
201017	6834	10
201017	2007	8
201017	739	7
201017	4417	10
201017	6813	9
201036	1109	9
201036	2044	10
201036	6690	10
201036	1688	8
201036	4796	10
201036	6540	10
201036	3394	8
201036	1886	8
201036	590	6
201036	4831	10
201036	1303	10
201036	3087	10
201042	5858	9
201042	1164	10
201042	4492	10
201042	4823	10
201042	6481	10
201042	2456	9
201042	6561	10
201042	4885	7
201042	3604	9
201042	1408	9
201042	1491	7
201042	2882	10
201042	5617	9
201042	2149	9
201042	4600	10
201042	3581	10
201042	4665	10
201042	1947	9
201042	3380	9
201042	1246	8
201042	591	9
201042	5364	9
201042	1986	10
201042	3121	10
201042	3765	10
201042	646	10
201042	3991	8
201042	623	10
201042	4131	8
201042	284	9
201042	4123	8
201042	1148	10
201042	6603	9
201058	5137	9
201058	3113	10
201058	5631	10
201058	3741	10
201058	4110	9
201058	4675	10
201058	5444	10
201058	1269	9
201058	3743	10
201058	3357	9
201058	6700	9
201058	2345	9
201058	1667	8
201141	491	10
201141	5411	10
201141	6568	9
201141	4057	8
201141	2504	9
201141	1491	8
201141	4187	9
201141	912	10
201141	2397	10
201141	635	8
201141	646	9
201141	5414	9
201141	5568	8
201141	781	7
201290	3437	8
201290	1893	9
201290	2581	10
201290	2582	9
201290	447	10
201290	2954	9
201290	1865	8
201290	5700	10
201290	1424	10
201290	1426	10
201290	3911	10
201290	2780	10
201290	6064	10
201290	5718	9
201290	800	9
201290	4732	10
201290	720	8
201290	777	8
201290	1180	9
201290	4842	10
201290	3945	8
201290	3306	9
201290	1159	8
201290	307	9
201290	2919	7
201290	2912	9
201290	6571	9
201290	3475	10
201290	2819	9
201290	4238	7
201290	2604	8
201290	339	8
201290	473	8
201290	4301	10
201290	4777	10
201290	6888	8
201290	279	8
201290	51	7
201290	1690	8
201290	657	6
201290	6158	9
201290	6699	10
201290	1389	9
201290	4190	9
201290	2857	9
201290	1411	9
201290	3514	10
201290	4488	9
201290	4035	10
201290	2711	9
201290	1812	10
201290	2438	10
201323	565	10
201323	6302	10
201323	1263	8
201323	4570	10
201323	41	8
201323	1305	9
201447	1291	7
201447	1820	10
201447	5063	10
201447	4871	9
201447	4015	10
201447	1654	9
201447	667	9
201447	5781	9
201447	2919	7
201447	2729	9
201447	5710	10
201447	1662	10
201447	974	7
201447	1297	8
201447	657	6
201447	5457	10
201447	5047	9
201447	1106	10
201447	1272	9
201447	3822	10
201447	2174	9
201447	4317	9
201447	5683	9
201447	3112	9
201447	156	10
201447	954	8
201447	1991	10
201475	693	10
201475	2387	9
201475	338	6
201475	1246	10
201475	4246	8
201521	2541	10
201521	1271	10
201521	2113	10
201521	1323	10
201521	20	6
201526	2009	10
201526	3285	10
201526	533	9
201526	4386	10
201526	183	8
201526	774	6
201526	355	10
201526	4580	10
201526	4398	8
201526	72	7
201526	3675	8
201526	2396	9
201526	934	8
201526	4328	10
201526	3513	9
201526	1947	7
201526	3524	10
201526	6109	9
201526	996	10
201526	949	9
201526	622	9
201526	624	8
201526	1752	10
201526	2060	10
201526	2156	9
201526	2464	10
201557	3500	10
201557	1104	9
201557	4768	9
201557	6555	10
201557	2790	10
201557	1574	8
201557	1000	10
201568	344	10
201568	892	9
201568	4512	8
201568	347	9
201568	4333	10
201593	3528	10
201593	3341	9
201593	1429	9
201593	4826	10
201593	1207	8
201641	465	5
201641	50	4
201641	319	10
201641	5609	10
201641	971	9
201641	1268	8
201641	1686	9
201641	1833	10
201641	221	10
201641	4402	9
201641	1574	8
201641	285	6
201641	112	10
201641	5028	8
201674	884	9
201674	1652	9
201674	1328	7
201674	1821	10
201674	1329	9
201674	391	9
201674	532	6
201674	136	9
201674	1292	9
201674	5931	10
201674	1657	10
201674	1519	10
201674	5413	8
201674	2919	7
201674	388	8
201674	2632	9
201674	4219	10
201674	1626	7
201674	4034	10
201674	441	8
201674	442	9
201674	4082	9
201674	764	8
201674	605	9
201674	6914	8
201674	459	10
201674	1964	9
201674	5679	10
201674	4509	9
201674	1368	9
201674	5540	9
201677	1247	10
201677	3419	10
201677	2219	10
201677	5136	9
201677	5137	9
201677	1143	10
201677	50	6
201677	3113	9
201677	2586	9
201677	1294	10
201677	1180	10
201677	6003	10
201677	2354	9
201677	6553	9
201677	1773	8
201677	1189	10
201677	70	2
201677	2920	8
201677	1777	9
201677	542	8
201677	590	7
201677	1755	10
201677	2015	9
201677	6784	10
201677	425	8
201677	313	8
201677	3087	10
201677	34	10
201677	3769	9
201677	2686	10
201677	1911	10
201684	249	9
201684	2447	10
201684	5671	10
201684	463	10
201684	3704	8
201684	2384	10
201684	335	10
201684	1821	10
201684	4026	9
201684	1010	10
201684	800	8
201684	4033	10
201684	6167	10
201684	3271	10
201684	165	6
201684	2506	10
201684	195	9
201684	933	7
201684	5807	10
201684	992	10
201684	3988	9
201684	974	9
201684	3483	9
201684	712	8
201684	3365	10
201684	4989	9
201684	267	8
201684	1360	10
201684	977	10
201684	2267	9
201684	2983	9
201684	2007	9
201684	739	10
201684	1134	10
201697	429	8
201697	3879	8
201697	809	10
201697	2479	8
201697	1028	10
201697	934	7
201697	2951	8
201697	658	10
201697	1352	9
201697	5234	9
201697	5091	9
201697	1434	9
201697	4157	10
201697	4350	9
201725	227	7
201725	50	4
201725	70	3
201725	590	6
201725	1415	10
201751	808	10
201751	2840	10
201751	3048	8
201751	4290	10
201751	2521	10
201760	1248	10
201760	6229	10
201760	928	9
201760	1264	8
201760	3586	9
201760	941	10
201768	274	5
201768	4331	9
201768	5599	9
201768	968	10
201768	3475	10
201768	450	7
201768	1268	8
201768	675	7
201768	3871	10
201768	3874	10
201768	4530	9
201768	712	10
201768	3215	10
201768	3397	9
201768	5676	9
201768	4274	10
201768	2671	9
201768	241	9
201776	3083	8
201776	800	8
201776	1875	9
201776	707	8
201776	5340	10
201776	2063	10
201776	4061	9
201776	720	8
201776	305	10
201776	971	7
201776	169	5
201776	170	8
201776	1743	8
201776	1851	9
201776	488	9
201776	2611	10
201776	4922	9
201776	2653	10
201776	991	9
201776	206	8
201783	816	10
201783	649	9
201783	1444	10
201783	44	10
201783	3495	9
201783	471	8
201783	472	8
201783	473	8
201783	341	6
201783	971	7
201783	278	10
201783	2036	9
201783	6765	10
201783	3148	10
201783	2094	9
201783	113	9
201792	508	10
201792	521	10
201792	522	10
201792	524	9
201792	842	10
201792	2054	10
201829	800	7
201829	707	8
201829	338	7
201829	6674	10
201829	1068	8
201923	3141	10
201923	1291	6
201923	3920	10
201923	1926	10
201923	6351	10
201923	193	9
201969	4510	10
201969	6532	9
201969	392	10
201969	4577	10
201969	5530	9
201969	755	10
201969	4226	10
201969	1059	9
201969	3984	9
201969	4370	10
201969	4212	9
201969	5501	10
201969	2709	9
201969	2573	10
201969	3321	9
201969	377	10
201969	4344	10
201969	6767	9
201969	3672	9
201969	5112	10
201969	578	10
201969	2339	9
201969	1855	10
201969	5754	9
201969	2628	8
201969	3642	9
201969	3357	10
201969	264	9
201969	5013	8
201969	4151	10
201969	90	9
201969	4179	9
201969	736	8
201969	5138	10
201969	5578	9
201969	5600	9
201969	3361	10
201969	1092	10
201969	2347	7
201969	5093	10
201969	3151	10
201969	4159	10
201969	3362	9
201969	20	6
201969	6545	10
202000	694	10
202000	6035	10
202000	6	6
202000	1263	7
202000	4211	10
202000	2133	9
202036	4450	10
202036	3045	9
202036	4091	10
202036	6006	9
202036	323	10
202036	4637	8
202063	5002	9
202063	4398	7
202063	6214	7
202063	665	6
202063	4751	10
202127	2586	9
202127	1179	9
202127	6562	10
202127	4027	9
202127	2293	8
202127	934	7
202127	1272	9
202127	206	10
202127	752	9
202147	6	8
202147	1269	6
202147	3085	10
202147	3354	10
202147	4177	10
202173	6570	10
202173	4847	10
202173	1056	10
202173	3605	10
202173	70	1
202173	6757	8
202173	2640	9
202182	3947	7
202182	2514	8
202182	433	8
202182	420	10
202182	1488	9
202195	2026	8
202195	475	10
202195	4174	9
202195	4094	9
202195	3650	10
202195	2166	9
202195	2311	9
202195	2769	9
202195	4807	10
202195	3751	10
202195	612	10
202212	4491	10
202212	112	10
202212	1015	10
202212	845	10
202212	2812	9
202212	847	9
202277	6385	10
202277	429	8
202277	581	4
202277	59	8
202277	1555	9
202277	809	9
202277	4221	10
202277	4181	10
202277	3119	9
202277	1329	9
202277	1056	9
202277	4057	8
202277	1874	10
202277	981	7
202277	2225	9
202277	2973	10
202277	929	10
202277	1976	10
202277	5712	9
202277	2291	10
202277	3841	10
202277	4190	10
202277	4429	10
202277	2979	10
202277	5050	9
202277	688	10
202277	222	10
202277	803	9
202277	3177	9
202277	90	8
202277	98	8
202277	99	9
202277	4018	8
202277	526	10
202277	1251	10
202277	2798	10
202277	404	8
202277	6259	9
202324	1490	7
202324	1186	9
202324	1900	10
202324	432	8
202324	1789	9
202346	243	6
202346	3353	8
202346	2832	10
202346	1455	10
202346	2723	9
202346	3181	10
202353	649	8
202353	1773	9
202353	744	7
202353	3909	10
202353	1035	9
202353	592	7
202353	1082	8
202353	352	9
202358	2183	10
202358	5930	10
202358	5009	10
202358	4813	10
202358	6879	9
202358	6871	8
202358	1901	9
202358	2823	10
202381	1328	8
202381	394	8
202381	4002	10
202381	5422	10
202381	2388	9
202381	6505	9
202381	1315	9
202381	3822	10
202462	4833	10
202462	1441	8
202462	1442	8
202462	3133	9
202462	74	10
202462	2847	10
202462	2627	9
202462	2080	9
202462	3837	10
202462	450	8
202462	6046	9
202462	5069	9
202462	5070	8
202462	4240	9
202462	971	4
202462	6	7
202462	1269	8
202462	5452	10
202462	2064	8
202462	5179	10
202462	127	7
202462	5862	10
202532	4209	10
202532	2483	10
202532	4080	9
202532	200	10
202532	931	10
202532	3565	10
202532	6193	9
202532	5689	9
202532	764	8
202553	1027	9
202553	3921	10
202553	5003	9
202553	70	3
202553	3366	9
202553	1765	9
202553	6669	10
202564	6287	10
202564	6467	10
202564	5087	10
202564	5898	10
202564	632	10
202564	1546	9
202564	1418	10
202564	6407	10
202564	389	10
202564	2156	9
202564	2093	9
202564	2958	8
202706	3652	10
202706	464	10
202706	5544	10
202706	3977	10
202706	3435	9
202706	2837	10
202706	2440	10
202706	2441	9
202711	4108	10
202711	164	10
202711	6760	9
202711	540	7
202711	3432	10
202711	3545	10
202711	5044	10
202711	5283	9
202711	4674	8
202711	897	10
202711	4679	8
202711	174	10
202711	329	10
202711	5962	10
202885	4969	10
202885	2417	10
202885	2164	10
202885	2418	9
202885	1265	9
202885	1854	10
202885	161	10
202942	1720	10
202942	22	9
202942	70	3
202942	3321	7
202942	2026	9
202942	938	10
202942	127	5
202942	2983	8
202963	4558	9
202963	1947	8
202963	5902	10
202963	3964	9
202963	2461	10
202963	5156	9
203017	1166	10
203017	6218	9
203017	124	1
203017	981	6
203017	5577	9
203017	2951	8
203017	2969	9
203017	439	10
203017	2059	10
203017	1782	9
203044	1164	9
203044	3619	9
203044	862	9
203044	5055	10
203044	5339	10
203044	615	10
203044	124	2
203044	689	10
203044	1431	9
203044	2555	10
203044	2355	10
203044	2734	9
203044	6369	10
203044	4356	8
203044	5697	10
203044	1210	10
203044	1302	9
203044	1910	9
203044	4694	10
203044	4795	10
203058	4492	10
203058	5192	10
203058	3742	9
203058	1226	10
203058	5028	7
203075	4160	10
203075	1166	9
203075	1167	10
203075	6184	10
203075	2402	10
203075	3249	9
203075	471	8
203075	472	8
203075	473	9
203075	2633	10
203075	3727	9
203075	211	8
203075	2807	9
203075	2821	10
203075	480	8
203075	597	8
203075	4169	10
203075	5770	10
203075	6401	10
203075	5419	9
203075	6263	9
203161	5885	10
203161	707	8
203161	720	8
203161	1045	9
203161	988	9
203161	805	9
203161	2669	10
203213	1253	8
203213	3956	8
203213	705	10
203213	285	7
203240	3928	9
203240	6123	10
203240	581	5
203240	4782	10
203240	447	10
203240	862	10
203240	2557	8
203240	2561	8
203240	2451	10
203240	649	9
203240	1895	8
203240	1253	8
203240	1109	8
203240	821	9
203240	465	4
203240	227	7
203240	2660	10
203240	2244	9
203240	2222	10
203240	5006	10
203240	1490	8
203240	6274	9
203240	720	9
203240	4182	9
203240	684	8
203240	1179	7
203240	2499	9
203240	6148	10
203240	1684	10
203240	5193	10
203240	653	8
203240	5576	10
203240	634	8
203240	1973	8
203240	3374	9
203240	2410	10
203240	6279	10
203240	1660	10
203240	1520	8
203240	1522	10
203240	6794	10
203240	1901	9
203240	4187	8
203240	4667	8
203240	357	9
203240	812	10
203240	414	7
203240	2967	10
203240	4861	9
203240	2293	9
203240	2509	10
203240	983	8
203240	937	10
203240	749	10
203240	5050	10
203240	2419	10
203240	4094	8
203240	3086	10
203240	5183	10
203240	4041	9
203240	3859	10
203240	1354	9
203240	5417	9
203240	6496	10
203240	6060	9
203240	2514	10
203240	383	10
203240	1411	8
203240	2837	9
203240	6832	9
203240	5521	10
203240	5380	10
203240	1300	10
203240	4636	9
203240	3158	9
203240	6551	10
203240	5379	10
203240	3678	10
203240	1753	8
203240	192	7
203240	5040	9
203240	1856	8
203240	665	8
203240	6779	9
203240	6183	10
203240	6816	10
203240	2302	9
203280	643	9
203280	227	6
203280	6615	10
203280	3175	10
203280	3176	8
203280	5743	9
203280	6823	10
203280	5255	10
203280	3254	10
203280	110	10
203380	649	10
203380	316	9
203380	4374	10
203380	632	10
203380	1781	8
203380	5398	9
203392	50	5
203392	392	10
203392	2010	8
203392	1564	7
203392	1670	9
203401	5964	10
203401	335	9
203401	4015	10
203401	4255	10
203401	6683	9
203401	4963	10
203401	2877	9
203401	323	10
203401	1852	9
203401	256	10
203401	6897	9
203401	2304	8
203401	2071	9
203401	2693	9
203401	6489	10
203401	2769	10
203401	2666	9
203401	6813	10
203422	16	9
203422	2026	9
203422	379	8
203422	1690	8
203422	17	9
203422	417	9
203422	6177	10
203441	981	7
203441	4108	10
203441	4673	8
203441	2098	10
203441	3236	9
203441	4337	8
203441	2210	10
203441	2233	9
203506	384	10
203506	6899	8
203506	1291	6
203506	6456	10
203506	448	10
203506	2966	10
203506	3074	10
203506	1749	9
203506	5156	7
203506	3509	10
203598	1490	7
203598	2662	9
203598	4006	10
203598	451	7
203598	1690	8
203598	4114	9
203598	5945	10
203598	5329	9
203598	2579	9
203598	665	6
203603	1011	8
203603	1124	10
203603	1125	10
203603	4646	10
203603	1126	10
203603	1127	10
203603	988	10
203603	2518	10
203603	3994	10
203621	3690	10
203621	1269	8
203621	1851	7
203621	1401	9
203621	352	7
203621	1458	10
203742	2415	8
203742	6015	10
203742	6896	9
203742	4166	9
203742	614	8
203764	21	9
203764	233	10
203764	1707	8
203764	2063	8
203764	4061	8
203764	720	8
203764	1186	7
203764	702	9
203764	3318	9
203764	3734	10
203764	2123	9
203764	974	8
203764	452	8
203764	1883	9
203764	4664	10
203764	84	8
203764	6465	9
203764	6883	8
203764	6052	9
203764	5457	10
203764	4948	10
203764	712	8
203764	4201	10
203764	4241	10
203764	4179	8
203764	3326	10
203764	4954	9
203764	4314	9
203799	6034	10
203799	5463	10
203799	289	10
203799	2483	9
203799	6296	10
203799	6581	10
203799	2719	10
203799	5334	10
203799	2148	10
203799	4675	9
203799	2080	8
203799	1269	10
203799	1262	8
203799	4658	8
203799	794	8
203799	3012	10
203799	201	10
203799	4972	9
203799	985	10
203799	1352	9
203799	3636	10
203799	3748	10
203799	4454	10
203799	3859	9
203799	3051	10
203799	764	7
203799	147	9
203799	3650	9
203799	3014	10
203799	3326	9
203799	197	9
203799	180	10
203799	5679	9
203799	2639	10
203799	2666	10
203799	1924	8
203799	6067	10
203799	424	10
203799	3404	10
203799	133	8
203805	2070	7
203805	3522	9
203805	6704	8
203805	1888	10
203805	687	9
203805	5324	10
203805	4082	10
203805	764	7
203805	1162	9
203844	6258	10
203844	68	10
203844	1261	7
203844	5456	10
203844	4438	10
203844	4315	9
203877	2208	8
203877	1021	9
203877	1110	8
203877	5400	10
203877	4187	9
203900	5237	9
203900	2587	10
203900	6445	10
203900	4398	9
203900	1102	9
203900	362	9
203900	3577	9
203900	1600	10
203900	2293	10
203900	2611	8
203900	921	9
203900	560	10
203910	1167	10
203910	2937	10
203910	2473	10
203910	4959	10
203910	394	10
203910	5777	10
203910	3512	10
203910	3494	9
203910	5044	10
203910	2945	10
203910	6434	9
203910	2293	9
203910	2150	8
203910	6443	8
203910	5987	9
203910	5401	10
203910	6635	9
203910	2510	9
203910	794	10
203910	51	9
203910	349	10
203910	949	8
203910	803	7
203910	1452	10
203910	6133	9
203910	3144	10
203910	6361	10
203910	5222	8
203918	3947	9
203918	1490	7
203918	6443	10
203918	1913	10
203918	1761	9
203973	1284	8
203973	1259	8
203973	1545	10
203973	1396	10
203973	1289	8
204040	754	10
204040	4019	10
204040	758	10
204040	3247	10
204040	4546	10
204167	2588	10
204167	2590	10
204167	2159	9
204167	5891	10
204167	2185	9
204167	3772	9
204167	5941	8
204167	6656	9
204167	4914	9
204167	2154	10
204167	188	9
204167	3695	8
204179	812	10
204179	2967	10
204179	5655	9
204179	2281	10
204179	3557	9
204255	581	4
204255	6787	9
204255	5804	10
204255	6104	10
204255	1217	10
204333	1263	9
204333	2233	10
204333	3201	9
204333	3442	9
204359	3187	9
204359	3188	8
204359	407	7
204359	1331	8
204359	968	9
204359	472	8
204359	2171	10
204359	1377	8
204359	4262	10
204359	4679	9
204359	52	10
204359	5154	8
204359	2374	10
204359	4856	9
204359	2964	8
204393	581	5
204393	2776	9
204393	2494	9
204393	129	8
204393	1490	9
204393	5617	10
204393	41	6
204393	671	8
204393	1257	10
204393	1397	9
204393	1602	8
204393	2674	9
204393	1603	9
204393	2863	9
204393	2864	9
204393	1074	10
204393	3589	10
204393	4172	9
204448	4766	9
204448	1587	7
204448	2912	8
204448	4571	10
204448	1006	10
204452	1630	8
204452	3880	10
204452	1033	10
204452	4433	10
204452	2459	10
204455	3235	9
204455	237	9
204455	494	10
204455	6651	10
204457	5137	9
204457	1679	10
204457	2916	10
204457	287	8
204457	4820	9
204457	1636	9
204457	1328	8
204457	1821	9
204457	1329	9
204457	394	9
204457	2269	10
204457	1941	10
204457	233	9
204457	1230	7
204457	4821	9
204457	5502	10
204457	5193	9
204457	1421	8
204457	6773	9
204457	1775	10
204457	1618	9
204457	6557	10
204457	6005	8
204457	70	2
204457	540	7
204457	1776	9
204457	3235	10
204457	6748	9
204457	1461	9
204457	1998	9
204457	170	8
204457	6599	9
204457	3290	9
204457	1530	8
204457	4059	10
204457	2721	9
204457	267	7
204457	592	5
204457	3047	10
204457	4168	10
204457	3756	10
204457	5329	10
204457	1816	8
204470	696	9
204470	4182	9
204470	4222	9
204470	2555	9
204470	1395	9
204474	1284	7
204474	1392	10
204474	6724	8
204474	241	8
204474	4440	10
204474	2799	10
204571	6143	9
204571	6282	10
204571	1031	9
204571	6337	10
204571	3378	10
204571	1262	10
204571	2744	9
204571	43	10
204591	391	9
204591	800	8
204591	1707	8
204591	4061	6
204591	1319	10
204591	1120	10
204591	5004	9
204591	1334	10
204591	5678	9
204591	5655	9
204591	379	6
204591	1853	8
204591	5266	10
204591	2807	9
204591	6639	10
204591	2388	9
204591	2794	9
204591	2900	9
204591	265	9
204591	3051	10
204591	4393	9
204591	1834	8
204591	829	8
204591	224	8
204591	225	9
204591	3099	10
204591	2311	10
204591	6919	10
204591	3643	8
204591	1730	10
204591	4115	10
204591	5819	10
204591	3862	10
204591	6318	9
204591	4330	10
204591	5515	9
204619	3956	9
204619	70	2
204619	3487	9
204619	6560	9
204619	6133	9
204619	2236	10
204622	4782	10
204622	1502	8
204622	3644	10
204622	127	7
204622	781	7
204622	2827	9
204660	1867	9
204660	124	2
204660	1631	9
204660	2690	9
204660	18	9
204676	1166	9
204676	774	8
204676	5637	10
204676	4122	9
204676	3675	8
204676	85	10
204676	907	10
204676	3979	10
204696	176	10
204696	2018	9
204696	5120	10
204696	3939	10
204696	800	9
204696	932	9
204696	4051	9
204696	975	10
204696	6789	9
204696	3361	10
204696	2758	9
204698	4138	10
204698	1897	9
204698	6487	10
204698	5731	9
204698	6724	10
204790	2606	10
204790	5841	10
204790	1855	9
204790	440	10
204790	2346	9
204790	4817	10
204804	5336	9
204804	5324	9
204804	2718	10
204804	3023	10
204804	1730	8
204804	1091	9
204804	1048	10
204804	4035	10
204804	5338	10
204804	2347	9
204804	1075	9
204813	2408	10
204813	316	8
204813	6879	10
204813	465	5
204813	1938	10
204813	134	9
204813	1680	8
204813	4969	9
204813	1373	10
204813	5576	9
204813	3114	10
204813	4016	10
204813	70	3
204813	5609	10
204813	3295	8
204813	4726	9
204813	1064	9
204813	545	9
204813	546	8
204813	1689	10
204813	6334	10
204813	3290	8
204813	829	9
204813	229	10
204813	127	7
204813	5118	9
204813	781	8
204822	742	8
204822	5266	8
204822	1760	10
204822	2676	10
204822	2532	10
204822	2168	10
204844	1179	8
204844	3736	10
204844	451	5
204844	2427	10
204844	6477	10
204844	3207	9
204909	502	10
204909	5920	8
204909	1253	8
204909	1291	8
204909	1472	10
204909	6041	10
204909	1181	10
204909	1183	10
204909	4216	9
204909	6015	9
204909	4390	10
204909	4980	10
204909	1066	8
204909	1359	10
204909	1397	10
204929	5202	9
204929	2335	9
204929	144	10
204929	2396	8
204929	5917	10
204936	465	5
204936	1872	9
204936	721	10
204936	1631	9
204936	1185	9
204936	3518	10
204936	1033	10
204936	931	10
204936	378	10
204936	401	10
204936	380	9
204936	2091	10
204936	1384	9
204946	2089	10
204946	5396	9
204946	1530	10
204946	631	9
204946	1227	10
204946	4067	10
204946	3406	10
204964	2974	10
204964	788	10
204964	400	10
204964	1947	8
204964	1349	10
204964	1350	10
204964	1351	10
204964	6905	10
204964	1126	10
204964	1358	10
204964	4073	9
204964	4074	9
204964	2648	9
204964	5959	10
204964	2842	8
205085	581	5
205085	540	7
205085	51	8
205085	657	8
205085	4201	9
205085	996	10
205085	5019	9
205145	4581	9
205145	693	6
205145	5825	10
205145	1254	9
205145	3718	8
205145	4770	10
205145	98	10
205145	1576	9
205197	510	10
205197	6915	8
205197	61	4
205197	1145	9
205197	469	7
205197	1902	9
205197	5739	9
205197	1663	9
205197	3903	9
205197	6811	10
205281	3032	10
205281	2662	8
205281	1689	9
205281	1626	6
205281	2866	7
205281	739	9
205285	1391	10
205285	3473	8
205285	575	10
205285	235	7
205285	3797	9
205285	1205	6
205285	2686	10
205285	4055	7
205383	6175	10
205383	5087	9
205383	410	10
205383	386	10
205383	4843	10
205383	497	10
205383	5588	9
205383	172	10
205383	6324	10
205383	3562	10
205383	560	10
205383	1546	10
205383	2093	9
205383	3165	10
205426	457	8
205426	6786	9
205426	2634	9
205426	5996	9
205426	3144	9
205473	1247	10
205473	5174	10
205473	2557	9
205473	2560	10
205473	571	9
205473	1329	6
205473	391	8
205473	393	7
205473	394	10
205473	1465	10
205473	5212	9
205473	235	7
205473	1756	8
205473	472	8
205473	5132	9
205473	5785	9
205473	5882	10
205473	2123	9
205473	5409	8
205473	4381	10
205473	349	9
205473	4812	10
205473	88	7
205473	6619	10
205473	6383	10
205473	611	9
205473	3892	10
205473	5507	9
205473	1418	9
205473	6768	10
205473	4547	10
205487	6308	10
205487	2145	10
205487	2493	9
205487	643	7
205487	4784	10
205487	2517	10
205520	68	9
205520	1261	8
205520	3734	10
205520	1743	10
205520	4211	10
205538	3334	9
205538	695	9
205538	2649	9
205538	2543	10
205538	5571	10
205538	4934	8
205554	183	8
205554	1715	8
205554	5577	10
205554	2233	10
205554	4851	10
205554	1548	9
205608	2037	9
205608	1348	10
205608	6207	9
205608	3174	9
205735	2394	10
205735	466	10
205735	6131	9
205735	3935	8
205735	45	9
205735	1044	10
205735	338	8
205735	339	8
205735	473	8
205735	434	7
205735	41	6
205735	6330	10
205735	2696	10
205735	1573	9
205735	1579	8
205765	3653	8
205765	2918	9
205765	228	10
205765	657	5
205765	219	9
205765	1812	10
205765	3339	10
205765	2728	9
205765	3814	9
205843	2087	8
205843	1253	9
205843	589	9
205843	1639	9
205843	1640	10
205843	3943	10
205843	4748	10
205843	6657	9
205843	3666	10
205843	3206	9
205843	2306	10
205843	2093	9
205843	2203	8
205878	50	6
205878	4325	9
205878	3484	9
205878	3487	10
205878	4500	10
205878	4063	10
205919	3427	10
205919	3021	10
205919	274	5
205919	4269	9
205919	742	9
205919	468	10
205919	5831	9
205919	1071	9
205919	2357	10
205919	597	7
205919	613	6
205919	6197	10
205919	1768	7
205919	3048	9
205919	1219	7
205943	6915	8
205943	2998	10
205943	946	9
205943	6803	9
205943	4849	10
205943	3003	9
205963	70	3
205963	641	10
205963	3274	9
205963	997	8
205963	3137	10
205967	1794	9
205967	345	9
205967	1310	9
205967	145	9
205967	6700	9
205967	4456	9
205967	6171	8
205967	4543	10
205967	6095	10
205979	6841	8
205979	5396	9
205979	2768	9
205979	4423	10
205979	3345	10
205979	4490	10
205979	2958	9
205980	5052	9
205980	6612	8
205980	3856	10
205980	2997	10
205980	6878	9
205980	3917	10
205980	1329	9
205980	3064	8
205980	1684	8
205980	1058	7
205980	628	8
205980	5264	9
205980	5688	10
205980	1225	10
205980	1560	8
205980	931	10
205980	292	10
205980	5704	10
205980	1886	9
205980	590	6
205980	4028	10
205980	4306	8
205980	5667	10
205980	3775	9
205980	3674	10
205980	119	10
205980	5399	9
205992	6178	10
205992	1344	9
205992	2692	9
205992	2832	9
205992	5291	10
205992	108	9
206016	572	8
206016	6229	10
206016	2641	10
206016	6576	10
206016	5359	10
206016	2284	9
206016	1897	8
206016	4354	10
206016	4860	10
206016	2385	10
206016	4580	9
206016	2285	10
206016	722	9
206016	3830	9
206016	5450	9
206016	5117	10
206016	5807	9
206016	992	10
206016	6577	10
206016	5170	10
206016	1476	10
206016	1478	10
206016	88	10
206016	5619	10
206016	6452	10
206016	4463	8
206016	6453	9
206016	3950	10
206016	6011	9
206016	1129	9
206016	2523	9
206016	2400	9
206016	4722	8
206058	4587	10
206058	2409	9
206058	274	5
206058	5378	10
206058	2744	8
206074	5760	9
206074	2454	9
206074	465	5
206074	1587	9
206074	3934	9
206074	6604	9
206074	777	9
206074	1708	9
206074	778	8
206074	3049	8
206074	5999	10
206074	3248	9
206074	72	9
206074	177	10
206074	5254	9
206074	6038	10
206074	4409	10
206074	2515	10
206074	3640	9
206074	6133	10
206074	19	8
206074	6468	9
206074	4817	10
206074	6479	9
206074	501	8
206074	556	10
206074	5779	9
206107	405	8
206107	465	5
206107	1428	8
206107	1897	10
206107	575	8
206107	294	10
206107	938	8
206109	6915	8
206109	503	8
206109	1115	8
206109	1117	9
206109	1225	8
206109	6172	10
206109	5444	10
206109	6156	9
206109	2335	8
206109	349	9
206109	803	7
206109	500	9
206202	6123	9
206202	2930	10
206202	6847	10
206202	5382	10
206202	6437	10
206202	3602	10
206202	1495	10
206202	2017	10
206202	6308	9
206202	1580	10
206202	5585	10
206202	2145	10
206202	2018	10
206202	2209	10
206202	3064	7
206202	5348	9
206202	5357	8
206202	1260	9
206202	6790	10
206202	620	9
206202	1014	10
206202	1479	10
206202	2902	9
206202	4897	9
206202	1767	8
206219	3602	9
206219	6387	10
206219	1875	10
206219	1117	7
206219	3269	10
206219	305	9
206219	3500	8
206219	3767	10
206219	1962	9
206219	2217	8
206219	5048	8
206219	6587	10
206219	163	9
206219	2886	10
206219	3078	9
206219	6908	9
206219	5081	9
206249	355	10
206249	6041	8
206249	2248	9
206249	4775	10
206249	5948	9
206249	6145	10
206249	1343	8
206249	2254	10
206249	825	9
206249	826	10
206249	5636	8
206249	827	9
206249	828	9
206249	5941	9
206249	2130	8
206249	2131	10
206249	6077	10
206249	3775	8
206249	854	10
206249	6289	10
206249	2158	10
206305	693	4
206305	287	9
206305	3669	8
206305	50	6
206305	2918	8
206305	1056	9
206305	243	4
206305	1684	9
206305	1058	7
206305	1193	9
206305	1523	7
206305	1616	8
206305	3440	9
206305	2788	9
206305	1686	9
206305	906	9
206305	2635	9
206305	5194	9
206305	590	6
206305	1205	8
206305	1412	9
206305	6668	10
206305	1571	9
206305	127	6
206305	421	9
206305	614	5
206305	500	9
206305	1212	8
206305	716	8
206305	214	8
206305	3525	9
206305	953	10
206305	157	7
206305	1550	7
206305	404	7
206305	2202	9
206393	6894	9
206393	2512	10
206393	4800	10
206393	4555	9
206393	1485	10
206393	6040	10
206393	6893	9
206393	2312	9
206393	3798	9
206393	6531	10
206423	4816	10
206423	1056	9
206423	3050	9
206423	3274	10
206423	4458	10
206423	997	7
206423	160	10
206423	256	10
206423	380	9
206423	1594	10
206423	3290	8
206423	4894	9
206423	6397	10
206423	2718	9
206423	3279	10
206423	1730	8
206423	2077	9
206423	1068	8
206423	4175	9
206438	5246	10
206438	1707	10
206438	5348	10
206438	3973	8
206438	1377	9
206438	2955	10
206438	4561	9
206438	2956	8
206438	4562	9
206438	2957	10
206438	3975	10
206438	478	10
206534	6256	10
206534	1155	10
206534	207	7
206534	461	9
206534	6327	8
206534	486	8
206534	2493	10
206534	4404	9
206534	463	9
206534	496	9
206534	4568	10
206534	3947	8
206534	4932	10
206534	1078	9
206534	3396	10
206534	3230	10
206534	5396	10
206534	1182	10
206534	4016	10
206534	469	7
206534	66	8
206534	470	10
206534	617	9
206534	4071	10
206534	5592	8
206534	6584	10
206534	3727	9
206534	1281	10
206534	2849	9
206534	82	9
206534	3232	9
206534	4571	10
206534	3507	8
206534	6177	10
206534	4316	10
206534	1904	10
206534	1570	9
206534	4921	10
206534	2517	10
206534	3582	9
206534	4793	9
206534	909	9
206534	5628	10
206534	1574	9
206534	101	8
206534	3001	8
206534	4439	10
206534	4893	10
206534	108	10
206534	1458	9
206534	114	10
206534	1017	9
206534	6255	9
206534	156	9
206534	5105	9
206534	6809	10
206534	4547	10
206563	35	7
206563	581	6
206563	447	8
206563	650	10
206563	1114	8
206563	1183	7
206563	3960	8
206563	346	8
206563	5045	10
206563	2603	10
206563	432	9
206563	675	7
206563	451	6
206563	1690	9
206563	380	10
206563	801	8
206563	3290	9
206563	5179	10
206563	1205	7
206563	1797	9
206563	3177	8
206563	1451	9
206563	3258	10
206563	6039	9
206563	3643	8
206563	2413	9
206563	2362	9
206563	4308	9
206563	4055	9
206567	1864	10
206567	5525	10
206567	5875	9
206567	486	7
206567	457	7
206567	5277	9
206567	3933	10
206567	2959	9
206567	4215	10
206567	4237	10
206567	1253	9
206567	1144	9
206567	1291	7
206567	5455	10
206567	6844	10
206567	1026	10
206567	1030	6
206567	1393	10
206567	170	6
206567	6599	9
206567	658	8
206567	1831	9
206567	6384	10
206567	5740	9
206567	1350	9
206567	2684	10
206567	2932	9
206567	4249	10
206567	4936	10
206567	6169	10
206675	1868	9
206675	2443	10
206675	2444	10
206675	2445	10
206675	2447	10
206675	2209	10
206675	463	9
206675	4587	10
206675	4280	9
206675	357	9
206675	5116	9
206675	5085	10
206675	2515	10
206675	5524	9
206691	774	8
206691	74	7
206691	5801	10
206691	167	10
206691	2627	10
206691	5444	10
206691	6156	10
206691	4239	10
206691	5786	9
206691	3977	10
206691	2516	8
206764	4149	10
206764	1137	10
206764	1689	10
206764	416	9
206764	1542	9
206764	4459	9
206764	6595	10
206775	1646	10
206775	1490	8
206775	4514	9
206775	6336	9
206775	4423	10
206775	4073	10
206775	4074	10
206775	1757	10
206775	1963	8
206877	2829	8
206877	1058	7
206877	4062	10
206877	2330	9
206877	3357	10
206891	600	10
206891	2690	9
206891	439	10
206891	5815	9
206891	832	9
206891	5430	10
206891	2007	10
206891	1961	10
206891	122	9
206944	1893	8
206944	4858	10
206944	693	8
206944	4120	10
206944	809	8
206944	1376	10
206944	1055	8
206944	533	6
206944	947	9
206944	653	8
206944	412	9
206944	4257	10
206944	938	8
206944	2883	10
206944	590	7
206944	3888	10
206944	1627	8
206944	5537	10
206944	192	6
206944	1788	9
206944	3525	10
206944	1576	8
206944	3112	8
206944	3729	8
206944	285	8
206944	352	10
206944	4403	9
206944	6402	9
206944	5548	8
206959	2774	9
206959	4279	9
206959	6808	10
206959	4110	9
206959	911	10
206959	3378	10
206959	2513	10
206959	6329	10
206959	500	9
206959	2028	9
207134	4815	10
207134	2354	10
207134	1773	8
207134	235	7
207134	613	9
207134	4247	10
207148	6673	9
207148	1698	9
207148	287	9
207148	2918	8
207148	2000	9
207148	652	9
207148	2325	10
207148	3949	10
207148	2919	9
207148	903	8
207148	291	9
207148	5505	10
207148	1662	10
207148	5321	9
207148	1100	10
207148	419	8
207148	3251	10
207148	5337	9
207148	3071	10
207148	4685	9
207246	1806	9
207246	6034	9
207246	5563	10
207246	183	7
207246	3064	9
207246	5532	10
207246	70	3
207246	72	7
207246	1103	8
207246	934	6
207246	6763	10
207246	6578	8
207246	3681	10
207246	3524	9
207246	6341	10
207246	1751	9
207246	3550	10
207246	127	6
207246	1574	7
207246	4405	8
207246	2852	10
207259	487	9
207259	4427	9
207259	2063	9
207259	4355	10
207259	777	8
207259	5630	9
207259	3235	10
207259	2079	8
207259	892	8
207259	4239	10
207259	3273	8
207259	505	10
207259	3134	10
207259	971	8
207259	170	7
207259	577	9
207259	185	8
207259	2717	9
207259	4528	10
207259	1883	9
207259	5937	10
207259	4130	10
207259	2311	9
207259	1668	9
207259	352	9
207275	925	9
207275	6438	10
207275	227	8
207275	1159	10
207275	538	9
207275	5234	9
207275	552	7
207275	3048	9
207275	460	7
207275	842	9
207275	5976	9
207291	1895	9
207291	6664	9
207291	70	5
207291	3175	8
207291	3176	10
207339	693	7
207339	1555	9
207339	5237	10
207339	696	9
207339	5633	10
207339	215	10
207339	124	1
207339	708	10
207339	4577	10
207339	3452	9
207339	5688	9
207339	1103	9
207339	3433	9
207339	440	9
207339	2022	10
207339	2850	10
207339	590	5
207339	2197	9
207339	3014	10
207339	6509	10
207339	500	10
207339	3442	8
207339	3367	9
207341	3218	9
207341	358	10
207341	5159	9
207341	169	8
207341	130	10
207341	3808	10
207341	144	8
207341	4432	10
207341	5422	9
207341	418	9
207341	6505	10
207341	4067	10
207349	3667	9
207349	4427	8
207349	4723	8
207349	3842	10
207349	4077	8
207349	4611	8
207349	1604	10
207349	6494	9
207349	3488	9
207349	5251	8
207349	5837	9
207349	3275	9
207349	5324	10
207349	219	8
207349	1047	9
207349	220	9
207349	221	8
207349	5689	9
207349	1099	9
207349	3325	8
207349	499	10
207349	4082	7
207349	6640	10
207349	4083	10
207349	736	8
207349	3755	10
207350	50	5
207350	886	9
207350	280	8
207350	2427	10
207350	459	8
207385	3239	10
207385	3829	9
207385	3096	9
207385	1593	10
207385	3135	10
207385	4229	10
207385	4502	9
207450	2661	9
207450	5189	10
207450	771	10
207450	3695	10
207450	6174	10
207494	1634	10
207494	3257	9
207494	1280	10
207494	5662	10
207494	1012	9
207494	4938	9
207494	5532	10
207494	5371	10
207494	703	9
207494	1296	10
207494	5965	10
207494	75	9
207494	2604	7
207494	472	8
207494	2125	7
207494	4390	10
207494	6851	10
207494	4939	10
207494	6881	10
207494	6558	10
207494	6838	9
207494	5128	8
207494	1277	9
207494	1207	9
207494	5118	10
207494	6398	10
207494	4839	10
207494	4535	10
207494	784	8
207494	6920	10
207499	3228	10
207499	135	9
207499	1442	9
207499	1858	9
207499	1459	10
207499	1618	8
207499	6627	9
207499	6544	10
207499	67	8
207499	645	9
207499	5302	10
207499	5304	10
207499	1524	9
207499	6246	9
207499	2080	9
207499	3882	10
207499	170	7
207499	1743	7
207499	3085	10
207499	1447	8
207499	1882	9
207499	1855	9
207499	6465	10
207499	6775	9
207499	3549	8
207499	6141	10
207499	5072	9
207499	1451	8
207499	2841	8
207563	2146	10
207563	5396	9
207563	4910	9
207563	2549	8
207563	3295	10
207563	192	5
207563	5425	10
207563	3128	10
207563	5878	9
207563	5692	9
207616	5052	10
207616	3419	9
207616	5102	10
207616	4090	10
207616	925	10
207616	2656	9
207616	910	10
207616	1291	6
207616	1820	8
207616	651	9
207616	22	9
207616	4952	10
207616	136	10
207616	1292	9
207616	1942	8
207616	1294	10
207616	1230	9
207616	2325	10
207616	2191	10
207616	3107	10
207616	2662	8
207616	140	8
207616	3185	10
207616	4319	10
207616	27	9
207616	2874	10
207616	6093	9
207616	126	10
207616	3084	10
207616	3744	10
207616	3401	10
207616	1884	9
207616	222	10
207616	4456	10
207616	3490	10
207616	4891	10
207616	6142	10
207616	5146	10
207616	6466	10
207616	2670	10
207616	4234	9
207616	978	9
207686	274	6
207686	742	8
207686	3069	10
207686	1071	8
207686	2713	7
207782	6034	9
207782	407	8
207782	458	8
207782	5360	10
207782	734	10
207782	410	8
207782	2872	9
207782	3825	10
207782	5257	10
207782	1117	9
207782	4641	8
207782	2763	10
207782	1708	8
207782	2194	10
207782	1407	7
207782	4912	10
207782	3059	10
207782	3183	9
207782	4699	10
207782	2069	10
207782	170	7
207782	160	7
207782	983	9
207782	886	8
207782	4515	9
207782	16	9
207782	4051	9
207782	6372	9
207782	590	5
207782	3172	9
207782	5314	10
207782	1964	8
207782	1321	9
207782	5676	10
207782	127	6
207782	2106	8
207782	1617	10
207782	2275	10
207782	6656	10
207782	6906	9
207782	4915	10
207782	2154	9
207782	1714	9
207782	3482	10
207782	11	10
207782	375	10
207782	6692	10
207782	2491	10
207825	2584	10
207825	4298	9
207825	1117	8
207825	4944	10
207825	5132	9
207825	130	10
207825	4514	10
207825	4304	10
207825	1781	10
207825	1485	8
207825	5007	10
207825	6680	10
207825	6906	10
207825	2154	10
207825	814	10
207835	250	10
207835	695	9
207835	2971	9
207835	134	9
207835	1587	9
207835	6380	10
207835	1525	9
207835	3321	10
207835	451	5
207835	380	10
207835	2833	9
207835	6209	10
207835	2200	10
207835	156	8
207860	3842	10
207860	290	10
207860	1099	9
207860	3325	8
207860	1048	8
207924	3430	10
207924	5481	10
207924	982	9
207924	3245	9
207924	6789	10
207924	6018	10
207924	991	10
207965	1110	10
207965	304	9
207965	4890	10
207965	2480	9
207965	357	10
207965	378	10
207965	3612	8
207965	416	7
207965	2884	10
207965	1751	8
207971	1772	9
207971	1564	9
207971	6443	10
207971	452	8
207971	1447	9
207971	4453	8
207971	4051	10
207971	3180	9
207971	514	10
207971	3063	9
207971	460	10
207971	6718	9
208019	4033	10
208019	2690	9
208019	6548	10
208019	1716	10
208019	2694	9
208019	1572	9
208019	5372	8
208019	3717	9
208019	1969	7
208019	2852	9
208019	2469	10
208019	6251	10
208058	3702	9
208058	1700	9
208058	6632	10
208058	5593	8
208058	6595	10
208077	5887	10
208077	3918	9
208077	3260	9
208077	414	7
208077	1138	10
208077	4408	8
208077	1889	10
208077	3156	8
208077	149	9
208077	4578	10
208095	2587	10
208095	4525	8
208095	1382	8
208095	1883	9
208095	1729	10
208095	712	10
208095	324	9
208095	1574	8
208095	54	9
208112	1155	9
208112	15	10
208112	1823	9
208112	3079	10
208112	1604	9
208112	673	9
208112	4022	8
208112	3051	8
208112	3650	10
208112	1889	10
208112	1091	9
208112	4347	10
208112	204	9
208112	3798	10
208141	5339	10
208141	183	9
208141	471	8
208141	472	7
208141	473	9
208141	341	6
208141	4711	10
208141	871	10
208141	4973	10
208141	480	7
208141	1788	10
208141	1953	9
208141	6351	10
208141	2526	9
208141	4856	10
208141	2528	10
208141	846	10
208141	5974	10
208147	5887	10
208147	1636	7
208147	1821	9
208147	391	9
208147	393	10
208147	3659	9
208147	243	6
208147	755	10
208147	3696	10
208147	5343	10
208147	3249	8
208147	451	5
208147	3357	10
208147	4652	10
208147	1205	7
208147	738	9
208147	685	9
208147	214	8
208147	665	9
208147	352	7
208147	54	10
208147	4810	9
208147	3160	10
208147	773	9
208147	1848	10
208236	1373	10
208236	4674	9
208236	3253	10
208236	2111	10
208251	4811	9
208251	573	9
208251	381	8
208251	592	6
208251	4236	10
208251	5429	10
208251	1789	10
208251	4341	10
208302	2917	10
208302	4731	10
208302	2387	8
208302	2755	10
208302	1484	9
208367	1731	8
208367	1897	10
208367	4108	10
208367	412	10
208367	5414	10
208367	1789	8
208376	576	10
208376	1966	9
208376	6455	7
208376	2724	9
208376	2041	10
208378	169	6
208378	1269	7
208378	6250	10
208378	2789	10
208378	3354	10
208378	1838	10
208382	59	8
208382	391	9
208382	1115	7
208382	3766	8
208382	5960	10
208382	5530	9
208382	5219	9
208382	674	9
208382	619	8
208382	3180	9
208382	3073	9
208382	3362	10
208406	1019	10
208406	4137	10
208406	5745	10
208406	3064	8
208406	800	7
208406	981	8
208406	1117	9
208406	6021	9
208406	902	9
208406	2308	10
208406	6474	10
208406	1261	7
208406	2882	9
208406	339	7
208406	473	8
208406	341	7
208406	2927	9
208406	4712	10
208406	16	9
208406	17	10
208406	3414	10
208406	2634	9
208406	4044	10
208406	3989	10
208406	2688	10
208406	3597	9
208406	1797	10
208406	3022	9
208406	3177	9
208406	4555	10
208406	1485	9
208406	2440	8
208406	4131	10
208406	5154	10
208406	2756	10
208406	875	10
208406	4191	7
208406	6833	10
208406	1891	10
208406	1601	10
208406	4193	10
208406	5981	9
208406	2757	10
208406	5025	10
208406	115	9
208406	2529	10
208406	2677	10
208406	2566	9
208406	6084	9
208406	1369	8
208410	36	9
208410	680	10
208410	972	9
208410	6653	10
208410	6407	8
208410	564	10
208415	925	10
208415	2360	10
208415	879	8
208415	1114	9
208415	124	1
208415	3949	9
208415	1684	9
208415	431	8
208415	3455	8
208415	1201	10
208415	1377	10
208415	214	9
208451	4249	8
208451	6823	9
208451	1603	9
208451	2532	10
208451	2168	10
208451	2865	9
208468	6035	10
208468	89	8
208468	4679	10
208468	4192	10
208468	4193	8
208555	2204	10
208555	2443	10
208555	1007	10
208555	463	7
208555	4460	9
208555	2402	10
208555	65	10
208555	916	10
208555	5832	9
208555	3483	10
208555	6225	9
208555	5270	10
208555	5442	9
208568	181	9
208568	183	8
208568	6314	9
208568	911	9
208568	2045	10
208568	2965	9
208568	4140	8
208568	4894	9
208568	3180	10
208568	4807	10
208568	5386	10
208568	1629	10
208568	842	9
208568	3863	10
208591	1684	8
208591	140	9
208591	4249	10
208591	3087	10
208591	705	10
208600	6045	9
208600	901	9
208600	6168	9
208600	3155	9
208600	6127	9
208600	1347	10
208600	609	9
208600	1627	8
208600	2233	8
208605	4545	9
208605	1259	10
208605	4284	9
208605	5390	10
208605	1249	10
208605	358	7
208605	2231	10
208605	574	8
208605	1686	10
208605	6736	10
208605	247	9
208620	451	7
208620	4198	10
208620	3731	10
208620	4426	10
208620	161	9
208620	6559	9
208645	409	7
208645	124	1
208645	2750	10
208645	592	8
208645	214	9
208645	6708	9
208668	50	6
208668	3472	9
208668	673	10
208668	3518	9
208668	4651	10
208668	5064	9
208668	3750	10
208668	732	9
208668	2578	8
208668	3801	10
208668	192	7
208668	665	7
208668	3480	8
208668	20	6
208671	6647	9
208671	57	8
208671	816	9
208671	817	9
208671	580	9
208671	818	9
208671	3956	10
208671	3590	10
208671	957	9
208671	5184	8
208671	1230	9
208671	4834	10
208671	3239	9
208671	1179	7
208671	5900	8
208671	46	9
208671	895	8
208671	2303	10
208671	1564	9
208671	1688	8
208671	1003	8
208671	4980	9
208671	1691	10
208671	801	9
208671	3548	10
208671	259	9
208671	3290	9
208671	3075	10
208671	6058	10
208671	3858	10
208671	3898	10
208671	2368	7
208671	6496	10
208671	2857	9
208671	3176	8
208671	3177	9
208671	1451	7
208671	1967	10
208671	192	7
208671	2301	10
208671	3822	10
208671	500	8
208671	1266	10
208671	781	8
208671	6144	10
208671	2133	10
208671	5025	9
208671	6255	10
208671	1602	7
208671	2675	10
208671	1603	8
208671	2863	9
208671	2864	10
208671	1074	10
208671	3589	10
208671	2865	9
208671	3159	10
208671	4905	9
208671	5328	10
208671	4105	9
208671	501	7
208671	5405	9
208671	4031	10
208671	2749	9
208671	1761	9
208671	3227	10
208671	4840	9
208671	6388	10
208671	4575	10
208671	6876	10
208671	2469	9
208683	465	6
208683	258	10
208683	381	8
208683	801	9
208683	3548	9
208683	2628	8
208683	259	10
208683	3290	8
208683	3176	10
208683	803	7
208683	1451	9
208683	4310	9
208700	3116	8
208700	1943	9
208700	1058	7
208700	3705	8
208700	1743	8
208700	414	7
208700	420	10
208788	1171	9
208788	1158	9
208788	51	8
208788	1364	10
208815	533	6
208815	338	7
208815	339	7
208815	340	8
208815	341	6
208815	434	5
208815	1602	8
208815	1603	9
208815	2532	10
208815	2863	8
208815	2864	9
208815	1074	9
208815	3589	9
208815	3149	9
208815	4172	10
208815	5606	10
208815	2677	10
208815	3340	10
208829	692	7
208829	581	3
208829	3301	10
208829	1698	10
208829	6257	10
208829	2918	8
208829	958	10
208829	1773	7
208829	1441	9
208829	3972	9
208829	2386	10
208829	165	8
208829	67	10
208829	644	9
208829	3705	10
208829	320	9
208829	2549	10
208829	1491	9
208829	1033	10
208829	3235	9
208829	237	10
208829	3727	10
208829	1268	8
208829	170	8
208829	2691	10
208829	6294	10
208829	937	9
208829	257	6
208829	3724	10
208829	1240	10
208829	712	10
208829	513	10
208829	5593	10
208829	1721	10
208829	5183	10
208829	764	8
208829	2369	10
208829	608	8
208829	2795	8
208829	480	9
208829	5676	9
208829	1705	10
208829	4246	10
208829	1302	10
208829	6401	10
208829	1602	8
208829	4809	10
208829	5041	10
208877	4859	10
208877	2278	9
208877	380	9
208877	1052	10
208877	122	8
208897	5344	10
208897	3354	9
208897	441	9
208897	3745	8
208897	196	10
208897	1829	8
208897	1590	10
208897	516	9
208897	2103	10
208897	3660	9
208897	5224	9
208897	1573	10
208897	6468	10
208897	1846	10
208897	2907	10
208897	1370	10
208907	1284	9
208907	5141	10
208907	3727	8
208907	5906	10
208907	1283	10
208907	1364	10
208907	3708	10
208907	840	10
208936	6055	8
208936	1627	9
208936	1412	9
208936	3099	10
208936	206	8
208936	4227	9
208960	692	10
208960	696	8
208960	124	2
208960	4284	9
208960	684	9
208960	421	8
208960	832	10
208960	3631	9
208960	1305	9
209059	800	8
209059	776	9
209059	707	9
209059	4061	8
209059	359	9
209147	447	9
209147	1634	8
209147	1999	10
209147	1407	9
209147	1902	10
209147	6328	9
209147	4893	10
209156	2324	9
209156	2193	9
209156	1826	10
209156	308	10
209156	4346	10
209156	5041	10
209160	2088	9
209160	6028	9
209160	4885	10
209160	3448	9
209160	4270	10
209160	3946	10
209160	3285	9
209160	2283	9
209160	5563	10
209160	1079	8
209160	1897	9
209160	1430	10
209160	6417	9
209160	4789	10
209160	2546	10
209160	971	7
209160	934	6
209160	801	9
209160	259	10
209160	2011	9
209160	724	9
209160	2821	10
209160	1282	10
209160	4507	10
209160	592	7
209160	1360	10
209160	4065	9
209160	676	8
209160	4424	9
209163	512	10
209163	237	10
209163	2884	9
209163	483	10
209163	3048	9
209174	1253	10
209174	4688	10
209174	243	7
209174	2000	9
209174	1942	10
209174	5184	9
209174	1179	6
209174	1773	8
209174	1186	7
209174	3505	10
209174	880	9
209174	246	10
209174	658	8
209174	712	8
209174	1389	8
209174	1641	10
209174	500	10
209174	1397	9
209174	6718	9
209229	1284	6
209229	457	8
209229	678	9
209229	465	6
209229	2326	10
209229	6015	10
209229	1102	8
209229	1639	9
209229	440	9
209229	6637	10
209229	5778	10
209229	1530	10
209229	1738	10
209229	93	9
209229	3931	10
209229	1366	9
209229	2520	10
209238	1679	9
209238	1041	10
209238	1876	10
209238	504	10
209238	3364	10
209238	1744	9
209238	937	9
209238	6722	10
209238	3416	10
209238	3325	9
209238	3858	8
209238	367	8
209238	4082	9
209238	2413	9
209238	2362	9
209265	36	7
209265	6643	9
209265	2130	10
209265	2131	9
209265	4102	9
209265	4477	10
209265	4478	10
209373	581	5
209373	6112	9
209373	2829	10
209373	981	7
209373	2063	10
209373	720	9
209373	3348	10
209373	684	10
209373	3971	10
209373	2317	9
209373	319	10
209373	70	1
209373	2546	9
209373	170	8
209373	195	10
209373	1446	10
209373	160	7
209373	870	10
209373	86	9
209373	4481	10
209373	803	8
209373	3370	10
209373	3198	10
209373	2040	10
209373	2516	8
209373	127	6
209373	3361	9
209373	4913	10
209373	232	10
209373	2050	9
209373	501	8
209458	581	4
209458	2253	9
209458	85	9
209458	5347	9
209464	3802	10
209464	3594	9
209464	2843	8
209464	901	8
209464	5477	10
209464	2705	9
209464	5739	9
209464	3607	10
209464	932	10
209464	6210	10
209486	2204	10
209486	183	9
209486	3064	8
209486	537	7
209486	63	9
209486	1031	9
209486	278	8
209486	5517	10
209486	1347	10
209486	2837	8
209486	3821	9
209486	20	6
209536	2801	9
209536	5383	9
209536	2017	10
209536	6325	9
209536	1117	10
209536	1146	10
209536	1902	9
209536	949	8
209536	988	8
209563	5795	8
209563	706	10
209563	3530	9
209563	67	10
209563	5710	8
209563	6850	10
209563	1035	9
209563	3231	10
209625	5218	8
209625	4723	9
209625	981	7
209625	6125	9
209625	1154	9
209631	1247	9
209631	2170	10
209631	469	8
209631	4789	8
209631	388	8
209631	3378	10
209631	246	9
209631	6109	7
209631	887	9
209631	5337	9
209631	1273	8
209631	1907	10
209684	707	8
209684	5282	9
209684	5044	9
209684	3564	8
209684	4674	8
209684	4675	10
209756	3141	10
209756	486	7
209756	2493	10
209756	1007	10
209756	4868	10
209756	3449	9
209756	3083	7
209756	5006	9
209756	411	10
209756	4653	9
209756	4673	10
209756	1716	10
209756	292	9
209756	5335	10
209756	293	9
209756	675	9
209756	5374	10
209756	3884	10
209756	5410	10
209756	730	7
209756	6895	10
209756	3365	8
209756	218	10
209756	1947	7
209756	5833	9
209756	3858	9
209756	1755	9
209756	5675	10
209756	732	9
209756	2620	10
209756	4793	9
209756	1433	8
209756	1212	8
209756	6400	10
209756	6595	10
209756	781	4
209756	3005	10
209756	4936	9
209756	2526	10
209756	1369	9
209756	2158	10
209765	573	10
209765	3604	9
209765	2569	10
209765	3605	10
209765	3380	10
209765	6484	10
209817	4822	10
209817	1737	9
209817	6121	10
209817	1077	10
209817	862	9
209817	4444	9
209817	4815	9
209817	6904	9
209817	227	8
209817	5649	9
209817	6240	8
209817	1795	9
209817	363	10
209817	5162	10
209817	1534	7
209817	2684	10
209817	434	6
209817	1435	10
209817	192	7
209817	110	9
209833	165	9
209833	177	10
209833	1526	9
209833	77	7
209833	6884	10
209875	4919	7
209875	6604	10
209875	1598	10
209875	1715	10
209875	1268	8
209875	1269	6
209875	3871	10
209875	729	8
209875	4941	10
209875	6036	10
209875	127	7
209875	1068	9
209875	613	8
209875	2520	9
209875	2521	10
209875	507	10
209875	783	9
209875	6500	10
209875	4839	9
209875	8	10
209875	5274	10
209875	12	9
209875	13	10
209875	14	9
209974	2554	9
209974	1731	8
209974	457	9
209974	407	9
209974	2189	9
209974	5387	10
209974	451	7
209974	3910	9
209974	938	8
209974	5194	9
209974	2102	10
209974	3243	10
209974	1433	9
209974	1416	8
209974	3729	10
209974	943	10
209974	718	9
209985	2655	8
209985	1114	8
209985	3306	8
209985	1411	10
209985	3359	10
210035	777	9
210035	4614	7
210035	2600	10
210035	3973	9
210035	4572	10
210035	174	10
210035	197	10
210035	4974	9
210077	1247	8
210077	320	10
210077	2602	9
210077	4261	8
210077	2693	10
210077	7	10
210077	4464	8
210097	1291	8
210097	744	9
210097	5304	10
210097	6731	9
210097	2407	8
210097	4158	10
210168	3343	9
210168	934	7
210168	477	8
210168	478	10
210168	987	10
210168	1148	10
210168	1154	10
210168	978	7
210168	2991	9
210174	809	7
210174	3020	10
210174	1428	9
210174	4842	10
210174	501	9
210261	3498	10
210261	896	7
210261	5113	9
210261	3290	9
210261	985	10
210261	454	10
210261	6359	9
210261	548	10
210315	409	9
210315	2193	9
210315	1058	9
210315	1193	9
210315	5421	9
210315	931	10
210315	2231	10
210315	4979	10
210315	1205	7
210315	5689	10
210315	739	10
210315	2203	10
210317	2219	10
210317	35	9
210317	207	9
210317	2193	10
210317	4016	9
210317	5017	9
210317	5907	8
210317	906	8
210317	1739	9
210317	6784	10
210317	5487	9
210317	5211	10
210317	20	6
210481	4983	10
210481	1259	9
210481	6565	10
210481	5895	10
210481	5376	9
210485	4867	10
210485	2655	10
210485	1284	8
210485	862	8
210485	4418	10
210485	585	10
210485	316	8
210485	1253	9
210485	465	6
210485	60	10
210485	5057	8
210485	6508	10
210485	134	9
210485	3119	8
210485	5073	10
210485	393	8
210485	410	8
210485	124	1
210485	3267	10
210485	6230	9
210485	183	7
210485	4387	10
210485	901	10
210485	3828	9
210485	1115	9
210485	6634	10
210485	6165	9
210485	981	5
210485	707	10
210485	684	9
210485	1708	8
210485	1512	9
210485	3857	8
210485	1773	7
210485	6417	9
210485	1058	6
210485	6691	10
210485	1659	9
210485	276	10
210485	1442	10
210485	2500	9
210485	2501	10
210485	5043	10
210485	3807	10
210485	1249	8
210485	538	9
210485	3074	7
210485	70	3
210485	2504	9
210485	759	10
210485	4512	10
210485	5918	8
210485	971	8
210485	414	8
210485	3097	9
210485	3988	10
210485	1625	9
210485	439	10
210485	6010	10
210485	4920	10
210485	2211	10
210485	3973	9
210485	1389	10
210485	5461	9
210485	3977	10
210485	1203	9
210485	4190	9
210485	87	9
210485	2807	9
210485	221	9
210485	5646	10
210485	6211	9
210485	5351	10
210485	6452	10
210485	4463	8
210485	6453	9
210485	996	8
210485	6055	10
210485	1751	10
210485	1412	9
210485	5815	8
210485	4293	9
210485	18	10
210485	1571	10
210485	592	6
210485	2345	9
210485	1617	9
210485	875	10
210485	876	9
210485	1572	10
210485	4202	10
210485	685	9
210485	6818	10
210485	525	10
210485	3418	10
210485	6591	10
210485	241	9
210485	314	10
210485	2235	9
210485	4476	10
210485	924	10
210485	2524	8
210485	6232	10
210485	186	9
210485	5442	9
210485	2868	10
210485	157	9
210485	1550	8
210485	1818	9
210485	404	7
210485	456	9
210485	3539	9
210493	5013	9
210493	4621	9
210493	5684	9
210493	781	6
210493	5446	9
210493	3865	9
210573	1631	10
210573	6773	10
210573	6280	10
210573	165	8
210573	892	10
210573	2080	8
210573	451	5
210573	4515	9
210573	1811	10
210573	6482	9
210587	3758	10
210587	4090	8
210587	1306	9
210587	3119	10
210587	124	1
210587	2781	10
210587	2830	10
210587	1653	10
210587	1235	10
210587	5114	10
210587	1420	9
210587	6454	9
210587	2194	9
210587	1926	9
210587	140	9
210587	141	10
210587	1901	9
210587	4132	9
210587	5640	10
210587	6608	9
210587	938	9
210587	87	8
210587	5134	10
210587	3569	9
210587	2832	10
210587	2833	9
210587	1394	10
210587	5021	9
210587	665	7
210587	1765	8
210587	1550	8
210587	404	8
210597	227	6
210597	182	10
210597	61	7
210597	786	8
210597	902	10
210597	469	9
210597	1146	10
210597	235	6
210597	6093	10
210597	5697	10
210597	3121	10
210597	2983	8
210597	1918	10
210599	4520	10
210599	2586	8
210599	2992	10
210599	4258	10
210599	5012	10
210599	5767	10
210599	6048	9
210599	1905	9
210599	4309	9
210627	580	10
210627	61	6
210627	1897	10
210627	3576	9
210627	4827	9
210685	4593	9
210685	3260	10
210685	2122	10
210685	2483	9
210685	327	9
210685	414	7
210685	196	10
210685	5397	8
210685	3325	8
210685	1739	8
210685	2821	10
210685	3300	10
210685	3692	10
210685	329	9
210685	161	10
210685	2516	9
210685	3674	10
210685	1106	9
210685	1615	9
210685	2714	10
210717	6747	10
210717	1293	8
210717	5412	9
210717	4398	9
210717	5433	9
210717	5207	10
210717	169	6
210717	997	8
210717	2977	10
210717	3548	9
210717	6319	9
210717	3586	10
210717	5265	10
210717	2617	10
210717	6613	10
210717	2272	9
210717	3551	9
210738	806	10
210738	2364	10
210738	3604	9
210738	2569	9
210738	1032	10
210738	1600	10
210738	713	9
210738	3284	10
210738	2375	10
210738	117	10
210738	1323	10
210791	1742	10
210791	414	7
210791	1048	9
210791	268	10
210791	1397	9
210822	3766	7
210822	3696	8
210822	6148	8
210822	3289	9
210822	3350	10
210822	79	10
210822	2950	10
210822	4051	7
210822	4381	9
210822	763	10
210822	6119	10
210822	434	6
210822	97	8
210822	739	9
210874	3141	8
210874	384	9
210874	581	4
210874	465	4
210874	1026	9
210874	1058	7
210874	2919	6
210874	2912	6
210874	1704	10
210874	2932	10
210874	552	7
210874	665	6
210874	2963	8
210874	5963	9
210921	502	10
210921	407	8
210921	650	7
210921	3678	10
210921	1305	9
210923	2659	9
210923	392	8
210923	3671	10
210923	6280	9
210923	2022	8
210923	4966	8
210923	5591	10
210959	1636	8
210959	6875	10
210959	3761	10
210959	6108	10
210959	124	1
210959	800	8
210959	1089	10
210959	5531	7
210959	6280	10
210959	1520	10
210959	1146	10
210959	1977	9
210959	655	10
210959	3813	9
210959	3577	10
210959	1240	10
210959	2836	9
210959	4601	9
210959	6219	9
210959	6192	9
210959	3872	8
210959	1051	10
210959	1695	10
210959	1917	9
210959	3682	10
210959	2713	8
210959	6026	10
210959	5227	9
210959	791	9
210959	1548	8
210959	6854	10
211041	1630	8
211041	160	8
211041	179	9
211041	4807	9
211041	155	10
211041	2134	9
211041	4817	10
211041	152	9
211098	1328	8
211098	1821	9
211098	1329	10
211098	391	8
211098	4320	9
211098	3586	10
211098	98	9
211098	2579	10
211098	1289	8
211137	2320	10
211137	3856	10
211137	6848	10
211137	2651	10
211137	6578	9
211137	6826	9
211152	809	5
211152	227	8
211152	5572	9
211152	1055	7
211152	3705	9
211152	2690	9
211152	416	8
211152	6291	10
211152	3442	10
211152	3574	10
211152	373	10
211152	1892	10
211152	5074	9
211152	5570	10
211152	6390	10
211176	586	10
211176	1224	9
211176	338	8
211176	340	8
211176	3675	9
211176	4265	10
211176	203	9
211231	800	9
211231	1094	9
211231	573	10
211231	70	3
211231	3213	10
211231	896	9
211231	6646	9
211231	1964	10
211231	329	8
211231	662	9
211288	2708	9
211288	170	8
211288	2710	7
211288	5721	8
211288	2344	10
211288	2837	9
211288	6152	9
211288	1862	10
211288	1924	9
211288	103	9
211288	6607	10
211303	1971	10
211303	533	8
211303	5661	9
211303	2884	9
211303	2373	7
211303	4686	10
211303	240	8
211344	1155	10
211344	1630	7
211344	1791	8
211344	486	5
211344	303	9
211344	3450	9
211344	1291	7
211344	1157	9
211344	5142	9
211344	1121	10
211344	3923	10
211344	1122	9
211344	540	8
211344	3896	9
211344	72	7
211344	4259	10
211344	278	9
211344	2045	10
211344	983	8
211344	4713	10
211344	3684	9
211344	6295	10
211344	3098	10
211344	611	9
211344	1129	10
211344	5846	10
211344	52	8
211344	127	5
211344	624	9
211344	2312	10
211344	3243	9
211344	1163	10
211344	436	9
211344	3048	9
211344	3994	8
211344	1578	10
211351	3068	10
211351	346	8
211351	3735	10
211351	1851	9
211351	1034	10
211351	3905	10
211351	657	7
211351	4530	9
211351	4307	9
211351	4008	9
211351	2563	9
211351	3201	9
211360	135	9
211360	3289	7
211360	141	9
211360	1315	10
211360	5424	8
211360	3775	8
211360	4686	10
211426	4160	9
211426	2183	10
211426	485	9
211426	3118	8
211426	695	8
211426	4669	10
211426	1634	10
211426	4279	10
211426	510	8
211426	1109	8
211426	2803	9
211426	1651	9
211426	2365	9
211426	1896	9
211426	1329	8
211426	533	6
211426	503	8
211426	274	7
211426	1404	9
211426	1115	7
211426	6534	10
211426	1117	8
211426	573	10
211426	1118	8
211426	6051	9
211426	4183	10
211426	3733	10
211426	2410	10
211426	2279	10
211426	5131	9
211426	5544	10
211426	2387	8
211426	356	10
211426	3495	9
211426	471	9
211426	472	7
211426	5616	9
211426	794	9
211426	4677	10
211426	2836	8
211426	3973	10
211426	2212	9
211426	418	9
211426	4141	9
211426	4572	9
211426	5397	9
211426	5695	10
211426	3072	10
211426	3976	10
211426	3977	9
211426	590	7
211426	996	9
211426	1355	9
211426	3964	10
211426	6783	9
211426	4307	8
211426	3022	10
211426	2859	9
211426	611	9
211426	480	7
211426	3775	9
211426	1321	10
211426	3752	10
211426	2563	9
211426	6430	9
211426	2040	9
211426	2199	10
211426	624	9
211426	1752	8
211426	1788	9
211426	500	9
211426	3256	10
211426	5222	10
211426	991	7
211426	352	9
211430	207	9
211430	409	8
211430	50	6
211430	653	8
211430	634	7
211430	1032	10
211430	538	8
211430	2387	10
211430	1974	9
211430	4187	9
211430	2968	10
211430	350	9
211430	192	8
211430	107	9
211430	4968	10
211430	1289	8
211430	6574	10
211500	1172	10
211500	243	6
211500	1058	5
211500	1190	9
211500	1878	10
211770	35	10
211770	695	9
211770	1428	8
211770	947	9
211770	1186	9
211770	2327	9
211770	6341	10
211770	2370	9
211770	3899	9
211770	2348	10
211919	818	9
211919	819	10
211919	463	9
211919	243	8
211919	533	6
211919	4332	9
211919	6632	10
211919	4617	7
211919	5686	10
211919	2690	9
211919	1600	10
211919	4499	9
211919	983	9
211919	1626	8
211919	3433	9
211919	2684	10
211919	5833	10
211919	1395	10
211919	597	8
211919	861	10
211919	665	7
211919	4877	10
211919	109	9
211919	6864	9
211919	3657	9
211919	5974	10
211937	4867	9
211937	274	6
211937	6227	10
211937	1249	7
211937	893	10
211937	3852	10
211944	644	8
211944	2070	7
211944	451	6
211944	770	10
211944	6422	8
211961	1868	10
211961	2443	10
211961	2444	10
211961	2445	8
211961	2446	10
211961	2447	10
211961	2448	9
211961	50	4
211961	1305	9
212088	458	10
212088	338	6
212088	472	7
212088	340	9
212088	341	7
212088	4960	9
212109	883	6
212109	3423	9
212109	3709	10
212109	3408	10
212109	240	9
212109	2202	9
212130	3941	10
212130	3320	9
212130	4675	9
212130	359	9
212130	2604	10
212130	1589	10
212130	5657	10
212130	1591	9
212142	3437	10
212142	1933	10
212142	457	8
212142	695	7
212142	3447	10
212142	809	8
212142	3803	10
212142	6891	9
212142	66	9
212142	3945	9
212142	538	8
212142	3170	10
212142	69	9
212142	291	10
212142	812	10
212142	2967	8
212142	3716	8
212142	1830	10
212142	5459	10
212142	1755	8
212142	4306	10
212142	1968	10
212142	2155	10
212142	1550	9
212142	1818	8
212252	1505	10
212252	5947	9
212252	2919	8
212252	2912	10
212252	2806	10
212252	1599	9
212252	2884	10
212252	2471	9
212252	2472	10
212252	3903	9
212252	1358	10
212252	5196	8
212260	816	10
212260	600	10
212260	235	6
212260	2690	9
212260	72	10
212260	360	9
212260	574	10
212260	1626	8
212260	1412	9
212260	3328	10
212260	2749	9
212328	50	4
212328	4943	10
212328	3803	8
212328	2284	10
212328	4354	9
212328	1254	10
212328	968	8
212328	4792	10
212328	3943	9
212328	2127	9
212328	3597	9
212328	5167	9
212328	940	10
212328	6351	9
212328	6144	9
212328	1015	10
212328	1323	10
212328	5904	9
212385	5054	8
212385	1707	10
212385	5764	9
212385	166	9
212385	3085	10
212385	5950	10
212385	4114	10
212385	1588	9
212385	3184	10
212385	4920	8
212385	2825	9
212385	3434	10
212385	5290	10
212385	2398	8
212385	1305	8
212411	3239	9
212411	1181	10
212411	69	10
212411	256	9
212411	146	10
212411	3759	10
212427	895	8
212427	2026	8
212427	5351	9
212427	4631	10
212427	1453	10
212427	552	9
212439	1464	10
212439	4355	10
212439	4754	10
212439	896	9
212439	2632	10
212439	936	10
212439	3549	9
212439	2216	10
212467	4334	9
212467	3279	10
212467	3023	10
212467	3252	10
212467	424	9
212467	456	9
212467	2799	10
212467	5331	10
212467	3208	10
212467	152	10
212467	4031	9
212467	2870	10
212467	286	10
212467	4710	9
212467	133	10
212467	1217	9
212467	1579	8
212467	4840	9
212467	6388	9
212467	555	10
212467	4575	10
212467	4976	10
212467	5974	9
212467	1697	9
212467	4327	10
212568	6556	10
212568	3074	9
212568	6567	10
212568	4344	10
212568	3962	9
212568	4148	10
212568	403	10
212628	4043	9
212628	2854	9
212628	5701	9
212628	5044	10
212628	3500	10
212628	1702	9
212628	6224	8
212628	3039	10
212628	1749	9
212628	1535	9
212628	4481	10
212628	6517	10
212628	875	10
212628	3315	9
212631	487	8
212631	1619	10
212631	1336	9
212631	28	10
212631	3882	9
212631	4458	10
212697	1188	8
212697	4063	10
212697	609	10
212697	5846	9
212697	3674	10
212719	641	9
212719	16	8
212719	17	9
212719	620	10
212719	163	10
212797	2546	9
212797	897	9
212797	338	7
212797	4114	10
212797	1588	10
212797	2562	9
212797	2210	10
212797	3973	6
212797	2692	10
212797	1242	8
212797	2217	10
212797	2037	10
212797	2856	10
212797	1378	9
212797	2511	9
212797	795	9
212797	6523	9
212797	3976	9
212797	6118	9
212797	1591	9
212797	197	9
212797	329	8
212797	2516	6
212797	715	10
212797	3387	9
212849	446	9
212849	6815	9
212849	3049	8
212849	4458	10
212849	6761	10
212849	2337	10
212849	794	8
212849	6371	10
212849	4883	10
212849	5402	10
212849	1627	8
212849	1321	10
212849	1493	9
212849	3333	7
212849	1219	8
212859	4650	8
212859	5528	10
212859	1177	9
212859	5960	10
212859	3617	10
212859	6198	10
212859	6155	9
212859	1065	10
212859	4933	10
212859	6304	9
212923	6631	9
212923	581	6
212923	207	10
212923	486	9
212923	1109	10
212923	1056	8
212923	1428	8
212923	5876	10
212923	448	10
212923	4374	8
212923	1286	10
212923	1775	9
212923	1191	10
212923	6557	9
212923	1392	9
212923	1709	10
212923	1901	9
212923	1491	7
212923	3440	10
212923	6198	10
212923	3581	9
212923	657	7
212923	730	10
212923	3548	9
212923	1760	9
212923	579	9
212923	4954	10
212923	5605	9
212923	127	7
212923	3423	10
212923	1416	9
212923	203	9
212923	2744	8
212923	2235	9
212923	1550	9
212923	1818	8
212923	1219	8
213064	1421	9
213064	892	7
213064	2080	8
213064	1264	9
213064	1759	8
213064	2077	8
213064	3359	9
213066	3928	10
213066	4583	10
213066	5207	9
213066	911	10
213066	1072	10
213066	1073	10
213066	4710	9
213119	5930	9
213119	1635	9
213119	61	6
213119	774	8
213119	1408	9
213119	886	9
213119	1982	10
213119	3196	10
213119	6598	9
213119	6484	10
213119	5561	10
213119	3792	10
213126	4351	9
213126	3602	8
213126	5972	9
213126	2777	10
213126	496	10
213126	1939	10
213126	1291	6
213126	61	8
213126	742	7
213126	2063	9
213126	777	7
213126	2194	9
213126	1159	10
213126	1491	7
213126	1033	9
213126	2098	9
213126	5117	9
213126	246	9
213126	1568	8
213126	993	9
213126	6849	10
213126	2980	10
213126	1574	8
213126	5723	9
213126	4610	7
213126	6624	10
213126	6389	10
213126	3411	9
213126	157	7
213126	1550	7
213126	1141	10
213150	1170	9
213150	2188	10
213150	4324	9
213150	1587	10
213150	392	10
213150	774	8
213150	5888	9
213150	4958	9
213150	3271	9
213150	2327	10
213150	6475	10
213150	5444	9
213150	5011	10
213150	3081	10
213150	1743	7
213150	6667	9
213150	3620	10
213150	1071	8
213150	5937	9
213150	379	8
213150	5506	10
213150	6153	10
213150	6193	10
213150	1100	9
213150	829	10
213150	224	9
213150	225	9
213150	3214	10
213150	3196	10
213150	2046	9
213150	4368	10
213150	685	7
213150	373	10
213150	4105	10
213150	1579	10
213191	689	9
213191	1898	10
213191	1158	8
213191	4189	10
213191	258	7
213191	950	10
213191	2015	9
213197	5320	10
213197	3813	9
213197	4531	9
213197	1485	9
213197	875	10
213197	1401	9
213255	6546	10
213255	5366	9
213255	3579	10
213255	50	5
213255	1429	10
213255	308	9
213255	6392	9
213255	2725	8
213255	730	9
213255	3778	9
213255	3424	9
213255	2958	8
213312	580	10
213312	6120	10
213312	235	6
213312	38	8
213312	1016	10
213312	5590	9
213316	5061	10
213316	4251	9
213316	4419	10
213316	5939	9
213316	4959	9
213316	627	9
213316	458	9
213316	4161	10
213316	3740	9
213316	1491	7
213316	3443	9
213316	5301	10
213316	20	8
213369	2245	9
213369	6227	10
213369	1708	9
213369	1309	9
213369	1714	10
213410	1510	9
213410	1523	8
213410	3320	8
213410	5299	9
213410	1779	10
213410	1533	9
213410	3637	10
213410	1047	9
213410	5908	9
213523	5006	9
213523	6701	9
213523	294	8
213523	196	10
213523	4393	10
213523	3264	10
213523	881	9
213523	736	9
213523	6919	7
213523	516	10
213531	5528	9
213531	5706	10
213531	4832	9
213531	4091	10
213531	289	8
213531	4721	10
213531	1442	8
213531	6710	10
213531	3093	8
213531	3745	8
213531	578	10
213531	1811	9
213531	3302	9
213531	2794	10
213531	367	7
213531	4082	8
213531	764	9
213531	881	9
213531	3750	8
213531	1694	10
213531	1272	9
213531	2347	8
213531	6711	10
213531	5206	10
213625	530	10
213625	703	9
213625	541	10
213625	1269	7
213625	1743	8
213625	192	7
213625	6104	9
213628	274	4
213628	800	7
213628	473	7
213628	341	7
213628	5535	10
213628	2634	10
213628	1127	10
213628	434	6
213628	5347	9
213628	4192	10
213628	3994	9
213628	6744	10
213628	2136	10
213628	6265	9
213638	1276	9
213638	1103	8
213638	338	7
213638	1703	9
213638	434	6
213638	921	10
213641	5136	10
213641	1866	10
213641	410	7
213641	124	1
213641	5062	10
213641	1422	10
213641	432	7
213641	3883	10
213641	2357	10
213641	3313	9
213641	366	10
213641	218	10
213641	2742	10
213664	3599	10
213664	160	8
213664	257	10
213664	3731	10
213664	1629	10
213708	4294	10
213708	1657	10
213708	5687	10
213708	1029	10
213708	880	9
213708	70	3
213708	5425	10
213708	3482	10
213708	4773	10
213760	57	10
213760	4815	9
213760	2878	10
213760	2918	8
213760	2516	10
213760	1572	9
213760	192	8
213760	665	7
213760	1397	10
213760	157	9
213760	1550	9
213839	5102	10
213839	4540	10
213839	4673	10
213839	4109	10
213839	1002	10
213839	1045	8
213839	79	10
213839	803	8
213851	290	10
213851	3093	8
213851	1853	8
213851	514	9
213851	1048	9
213851	2077	9
213851	3360	10
213851	4598	8
213972	1001	10
213972	2080	8
213972	450	9
213972	3734	10
213972	1840	10
213972	3252	10
214042	17	9
214042	1590	9
214042	6505	9
214042	1453	9
214042	3359	9
214102	5309	10
214102	786	10
214102	1899	8
214102	3034	9
214102	3232	10
214138	3058	10
214138	5799	10
214138	5841	9
214138	327	8
214138	195	8
214138	6173	10
214138	2838	10
214138	5966	9
214138	160	8
214138	144	9
214138	1567	9
214138	657	6
214138	219	8
214138	220	8
214138	221	8
214138	1099	10
214138	223	10
214138	829	7
214138	224	9
214138	225	8
214138	881	10
214138	5650	9
214138	3156	9
214138	297	9
214138	1615	10
214138	4459	10
214138	331	10
214138	2839	9
214212	4487	9
214212	1443	10
214212	6544	8
214212	4256	9
214212	1045	9
214212	3322	9
214212	3526	10
214212	4652	10
214244	679	10
214244	691	7
214244	4439	10
214244	4960	8
214244	4961	10
214272	1745	9
214272	6806	9
214272	1772	9
214272	5916	10
214272	5334	8
214272	1795	9
214272	4379	9
214272	5465	8
214272	2514	10
214272	4029	9
214272	5594	9
214315	5320	9
214315	3288	10
214315	6035	9
214315	5076	10
214315	6224	9
214315	3753	9
214315	2563	10
214315	3979	9
214315	1800	9
214315	6430	10
214315	3198	10
214315	3397	10
214315	2040	10
214315	1493	10
214315	3333	10
214315	7	9
214315	3078	8
214315	1543	9
214348	288	10
214348	5356	9
214348	4371	9
214348	2913	10
214348	1047	10
214436	5006	10
214436	3316	10
214436	6272	10
214436	5839	10
214436	6840	9
214436	4578	9
214686	6780	9
214686	4919	9
214686	5304	9
214686	1297	10
214686	6300	10
214686	152	9
214686	6105	7
214786	3768	10
214786	4993	9
214786	5382	10
214786	5383	9
214786	4592	10
214786	2016	9
214786	6308	9
214786	6305	10
214786	1580	9
214786	2145	9
214786	1747	10
214786	3632	9
214786	3083	8
214786	2587	10
214786	274	6
214786	800	7
214786	1897	10
214786	2067	10
214786	2063	9
214786	4061	9
214786	777	10
214786	1405	10
214786	244	10
214786	6023	9
214786	1473	9
214786	70	5
214786	5705	8
214786	1296	10
214786	1994	10
214786	6646	8
214786	4255	10
214786	4147	9
214786	3837	8
214786	5219	10
214786	3224	8
214786	4256	10
214786	360	9
214786	376	10
214786	4113	10
214786	377	8
214786	3322	10
214786	2544	9
214786	5738	10
214786	4007	8
214786	1998	10
214786	6069	9
214786	77	9
214786	997	8
214786	6851	10
214786	1447	9
214786	294	8
214786	1728	8
214786	17	8
214786	1567	9
214786	870	9
214786	1264	10
214786	474	10
214786	1529	10
214786	5402	10
214786	2102	10
214786	1355	10
214786	1854	8
214786	5250	10
214786	751	10
214786	2233	8
214786	2431	9
214786	5733	9
214786	6831	8
214786	6598	10
214786	6811	10
214786	1364	10
214786	436	9
214879	1167	10
214879	3946	10
214879	4377	10
214879	1938	8
214879	243	6
214879	124	1
214879	981	8
214879	169	5
214879	246	9
214879	660	8
214879	592	6
214879	1266	10
214920	5947	8
214920	6571	10
214920	2961	9
214920	843	10
214920	4901	10
215006	581	7
215006	4868	10
215006	1391	9
215006	1773	9
215006	1193	8
215006	6487	10
215006	70	1
215006	1945	9
215006	3581	10
215006	1383	10
215006	1535	10
215006	4749	9
215006	5001	9
215006	5416	10
215006	5743	9
215006	5903	8
215006	6252	10
215006	1367	9
215006	3130	9
215071	693	7
215071	3815	9
215071	3668	9
215071	70	3
215071	2549	8
215071	6754	10
215071	91	10
215071	5239	9
215071	5524	10
215139	487	10
215139	6778	9
215139	6712	9
215139	758	10
215139	6644	10
215139	4007	9
215139	6317	10
215139	2794	10
215139	3416	9
215139	3325	10
215139	265	8
215139	4082	9
215139	764	8
215148	1490	8
215148	4230	10
215148	4781	9
215148	2097	9
215148	5433	10
215148	1268	7
215180	243	6
215180	1430	9
215180	2662	8
215180	2832	10
215180	342	9
215180	2995	9
215180	4686	9
215256	1555	8
215256	3671	10
215256	4161	10
215256	997	7
215256	451	7
215256	2717	10
215256	661	10
215278	3932	9
215278	6519	10
215278	5277	10
215278	650	8
215278	4526	8
215278	618	10
215278	293	10
215278	2759	9
215278	5839	10
215278	4303	10
215278	1859	9
215278	1914	8
215278	3640	9
215278	3151	9
215359	581	5
215359	693	8
215359	4449	10
215359	411	9
215359	2193	9
215359	451	7
215388	487	9
215388	494	10
215388	971	7
215388	169	6
215388	6667	9
215388	3581	8
215388	3673	10
215388	1066	8
215388	716	7
215388	2744	10
215421	138	9
215421	2226	7
215421	6454	10
215421	590	6
215421	157	9
215421	1818	8
215421	5570	9
215498	2801	9
215498	3913	9
215498	4848	10
215498	2998	10
215498	3765	8
215609	5848	9
215609	4615	10
215609	5826	9
215609	6349	10
215609	3964	10
215609	2111	9
215627	740	10
215627	1772	10
215627	4724	10
215627	2717	9
215627	1273	10
215627	404	8
215693	1421	9
215693	5720	9
215693	1298	10
215693	832	10
215693	2007	9
215709	3710	10
215709	4229	9
215709	3582	10
215709	2552	10
215709	6466	10
215709	3538	10
215753	744	8
215753	70	4
215753	459	7
215753	5173	10
215753	1289	8
215829	4586	9
215829	533	8
215829	4588	10
215829	6442	10
215829	2479	10
215829	2193	8
215829	2919	6
215829	2912	8
215829	1249	10
215829	51	9
215829	596	9
215829	906	8
215829	4747	9
215829	3966	9
215829	4750	10
215942	6185	10
215942	1972	10
215942	469	9
215942	2539	9
215942	3532	9
215942	1416	10
215986	580	9
215986	6028	9
215986	879	7
215986	6915	8
215986	3064	8
215986	537	10
215986	3054	10
215986	1089	10
215986	634	9
215986	6425	8
215986	4708	10
215986	471	8
215986	472	6
215986	341	7
215986	6578	9
215986	5190	10
215986	477	8
215986	830	7
215986	480	7
215986	964	10
215986	3582	10
215986	1301	9
215986	1965	10
215986	665	6
215986	4509	9
215986	6163	10
215986	978	9
215986	2991	9
215988	672	9
215988	1167	10
215988	3839	9
215988	595	10
215988	409	8
215988	650	9
215988	243	7
215988	124	1
215988	1942	10
215988	3425	10
215988	1808	10
215988	1027	10
215988	634	8
215988	4184	8
215988	2386	10
215988	3540	8
215988	1519	10
215988	3107	10
215988	880	8
215988	2912	7
215988	3074	8
215988	3439	10
215988	1033	9
215988	1777	10
215988	414	6
215988	3354	10
215988	4154	9
215988	4713	9
215988	3797	10
215988	1948	9
215988	1535	9
215988	1434	10
215988	614	7
215988	3666	10
215988	2119	9
215988	214	7
215988	1397	10
215988	5196	9
215988	3422	10
215988	6813	10
215988	978	9
216027	3926	8
216027	3927	10
216027	2442	9
216027	6828	10
216027	1716	10
216027	1851	9
216027	6054	10
216027	2396	9
216027	5170	10
216027	988	8
216027	3811	10
216057	588	9
216057	2684	10
216057	3022	8
216057	5566	10
216057	500	10
216099	1427	7
216099	4380	8
216099	472	9
216099	2859	8
216099	804	9
216099	592	7
216099	240	8
216100	1820	10
216100	651	8
216100	5898	10
216100	3306	7
216100	906	9
216100	4609	10
216100	5573	10
216100	460	9
216151	1708	9
216151	1444	9
216151	592	7
216151	3307	9
216260	6898	9
216260	6720	9
216260	2318	10
216260	611	8
216260	3151	10
216386	1171	10
216386	3956	9
216386	2817	9
216386	6181	9
216386	930	10
216386	787	10
216386	5059	9
216386	1355	10
216386	1788	9
216386	2749	9
216435	6461	8
216435	590	6
216435	713	9
216435	4037	9
216435	6463	10
216435	592	5
216435	1968	9
216435	3256	10
216435	5560	10
216444	677	10
216444	3021	9
216444	4493	10
216444	3916	10
216444	2931	10
216444	587	10
216444	449	10
216444	905	9
216444	886	9
216444	2118	9
216444	1535	10
216444	830	9
216444	1207	7
216444	5537	9
216444	3793	10
216444	132	10
216444	6501	10
216444	241	10
216444	1367	9
216444	5590	9
216444	4879	9
216444	4068	10
216444	3406	9
216466	6385	10
216466	3667	9
216466	5549	10
216466	1318	10
216466	250	10
216466	6476	9
216466	6235	10
216466	1230	10
216466	2159	10
216466	4496	10
216466	70	3
216466	4673	8
216466	2632	10
216466	338	7
216466	2330	9
216466	5934	9
216466	5491	9
216466	5814	9
216466	1739	9
216466	5989	10
216466	2368	10
216466	3264	10
216466	1964	9
216466	1692	8
216466	434	7
216466	6849	9
216466	592	7
216466	240	8
216466	151	9
216466	665	7
216466	637	9
216466	4413	9
216466	4685	10
216495	135	7
216495	136	10
216495	2064	8
216495	453	10
216495	2212	10
216495	781	7
216495	2678	10
216501	5586	9
216501	3881	9
216501	2603	10
216501	6	10
216501	367	7
216501	5747	10
216557	1330	10
216557	1145	8
216557	597	9
216557	1147	10
216557	1768	10
216602	1555	8
216602	210	8
216602	988	9
216602	665	8
216602	2362	9
216670	581	6
216670	1490	9
216670	124	3
216670	532	8
216670	2063	8
216670	1675	9
216670	1269	10
216670	997	9
216670	1625	10
216670	2339	9
216670	328	10
216670	1721	9
216670	590	4
216670	3748	9
216670	1854	10
216670	3751	10
216724	3247	9
216724	6208	10
216724	6642	10
216724	3006	10
216724	2749	9
216724	1217	10
216724	5779	10
216781	302	10
216781	925	8
216781	3839	10
216781	243	6
216781	684	10
216781	3945	9
216781	3581	9
216781	657	6
216781	1568	8
216781	417	9
216781	3666	10
216781	2983	8
216829	2456	9
216829	4698	9
216829	1634	8
216829	1328	8
216829	243	6
216829	411	7
216829	1773	8
216829	1186	9
216829	723	10
216829	6540	10
216829	3541	9
216829	3122	9
216829	5230	10
216829	1891	10
216829	1212	7
216829	3203	10
216829	373	10
216829	6501	10
216829	5405	10
216877	2465	10
216877	465	6
216877	634	8
216877	657	6
216877	1884	9
216877	2357	10
216882	6282	10
216882	2917	9
216882	2014	10
216882	6830	10
216882	5306	9
216882	1207	8
216882	2626	9
216882	5326	9
216882	4762	9
216955	4242	8
216955	2683	10
216955	597	9
216955	3798	10
216962	3069	8
216962	777	7
216962	376	8
216962	2788	10
216962	1268	8
216962	675	7
216962	195	7
216962	5950	8
216962	2077	8
216962	202	9
216962	5556	9
217012	533	8
217012	274	6
217012	4046	10
217012	6089	10
217012	6914	9
217012	2005	10
217056	2169	9
217056	5920	9
217056	407	6
217056	809	8
217056	1937	10
217056	2356	10
217056	1061	10
217056	5629	10
217056	3522	9
217056	1594	10
217056	3549	8
217056	5397	9
217056	3750	10
217056	803	6
217056	5427	10
217056	2773	9
217106	3021	10
217106	1634	9
217106	4200	9
217106	3448	10
217106	3341	10
217106	1756	9
217106	714	9
217106	3314	10
217106	1359	10
217106	6588	10
217106	6394	10
217107	4650	9
217107	5527	10
217107	5528	9
217107	5706	10
217107	4832	10
217107	63	8
217107	6198	10
217107	498	9
217107	1590	10
217107	444	10
217107	1065	10
217107	4933	7
217107	127	4
217107	1068	8
217121	1284	9
217121	3913	9
217121	2766	10
217121	6511	10
217121	6057	8
217121	215	9
217121	3512	10
217121	5387	10
217121	2194	7
217121	1407	9
217121	3580	10
217121	4743	9
217121	70	3
217121	1686	10
217121	5152	10
217121	5593	10
217121	2832	9
217121	1476	10
217121	1477	10
217121	1478	10
217121	1479	10
217121	1480	10
217121	1481	9
217121	1482	10
217121	3970	9
217121	5235	10
217121	5873	9
217121	3901	9
217121	6323	9
217121	1068	10
217121	1434	9
217121	103	8
217121	1289	8
217270	3194	8
217270	5319	10
217270	5354	10
217270	4679	9
217270	4441	9
217318	5106	10
217318	249	9
217318	6532	10
217318	2239	10
217318	3334	10
217318	4045	10
217318	4525	9
217318	353	8
217318	251	10
217318	2941	9
217318	799	10
217318	1387	10
217318	4085	10
217318	4225	10
217318	3178	9
217318	5800	9
217318	5793	10
217318	1440	8
217318	4061	10
217318	4355	10
217318	4272	9
217318	3069	10
217318	4437	10
217318	1261	7
217318	5389	9
217318	3767	10
217318	3321	10
217318	4511	9
217318	1104	8
217318	169	8
217318	4164	10
217318	77	8
217318	6767	8
217318	2070	9
217318	160	6
217318	6670	10
217318	3744	9
217318	5112	9
217318	294	10
217318	4515	8
217318	1625	8
217318	4596	10
217318	1883	9
217318	1852	9
217318	2026	9
217318	84	8
217318	1298	9
217318	379	6
217318	729	10
217318	1567	9
217318	1448	10
217318	4229	10
217318	3641	9
217318	3357	9
217318	262	9
217318	2850	10
217318	179	8
217318	4334	9
217318	147	10
217318	5121	9
217318	6652	10
217318	4340	9
217318	3264	10
217318	6177	9
217318	6353	9
217318	736	10
217318	266	10
217318	519	9
217318	31	9
217318	4921	10
217318	4598	10
217318	3361	10
217318	4274	8
217318	506	10
217318	5093	10
217318	2654	10
217318	4159	9
217318	3362	10
217375	1737	10
217375	5875	10
217375	2494	10
217375	3520	8
217375	4221	10
217375	879	8
217375	227	6
217375	2032	10
217375	4780	10
217375	1773	6
217375	4216	9
217375	3084	10
217375	77	7
217375	4923	8
217375	2070	10
217375	1237	9
217375	6097	10
217375	2064	8
217375	3612	10
217375	1095	9
217375	1744	10
217375	6319	9
217375	4082	8
217375	3436	10
217375	6798	10
217375	1434	8
217375	882	10
217375	2201	10
217375	1398	8
217375	781	6
217375	2983	10
217375	1289	7
217444	2124	9
217444	2125	9
217444	2126	9
217444	3832	10
217444	1160	8
217468	678	8
217468	410	8
217468	124	2
217468	707	9
217468	4667	9
217468	3273	8
217468	971	8
217468	1268	8
217468	170	6
217468	1269	8
217468	451	6
217468	51	7
217468	478	9
217468	3790	10
217468	1401	9
217468	2552	10
217468	3878	10
217468	3256	9
217468	1574	10
217468	5514	9
217468	1130	10
217468	2679	10
217496	1405	7
217496	376	8
217496	1567	9
217496	4205	9
217496	2713	8
217512	1328	8
217512	1512	9
217512	2960	10
217512	27	10
217512	842	9
217513	3304	10
217513	1876	10
217513	657	6
217513	1884	10
217513	6150	10
217516	1056	9
217516	3236	9
217516	74	9
217516	5444	10
217516	2544	10
217516	675	9
217516	997	8
217516	2771	10
217516	1759	10
217516	1242	8
217516	1764	10
217516	6563	10
217516	3665	9
217516	3359	10
217673	3053	9
217673	3452	10
217673	3306	9
217673	451	7
217673	614	8
217811	3527	10
217811	2386	10
217811	669	9
217811	1336	9
217811	540	8
217811	5995	10
217811	590	8
217811	664	10
217811	3729	9
217811	953	9
217818	6065	10
217818	465	5
217818	1941	9
217818	3425	10
217818	938	9
217818	6572	8
217818	2982	10
217818	1082	9
217818	676	10
217958	1060	9
217958	2877	9
217958	5355	10
217958	4179	9
217958	3822	10
217958	150	9
217958	3867	9
217986	6218	10
217986	3083	8
217986	503	9
217986	274	6
217986	981	8
217986	720	10
217986	6227	10
217986	5911	10
217986	1408	8
217986	690	10
217986	1104	8
217986	4381	8
217986	4571	8
217986	211	9
217986	6298	10
217986	1357	10
217986	1149	10
217986	837	9
217986	838	9
217986	840	10
217986	2530	10
218068	1165	9
218068	3091	9
218068	3373	9
218068	6457	9
218068	343	9
218068	1898	9
218068	469	6
218068	2023	8
218068	70	4
218068	4457	10
218068	5720	9
218068	2633	8
218068	5809	10
218068	2036	10
218068	6383	9
218068	3197	10
218068	2113	9
218068	6588	9
218068	4405	8
218068	6401	10
218121	925	10
218121	4859	9
218121	1007	9
218121	643	9
218121	3186	8
218121	4460	9
218121	5054	10
218121	316	8
218121	3704	10
218121	3590	9
218121	1873	9
218121	124	2
218121	901	9
218121	2498	10
218121	5114	9
218121	1185	7
218121	1407	8
218121	2410	10
218121	6562	9
218121	4027	10
218121	1560	9
218121	1422	10
218121	1261	8
218121	1491	8
218121	3770	9
218121	2699	10
218121	1269	8
218121	997	7
218121	4434	10
218121	4325	9
218121	2293	10
218121	3402	10
218121	1200	10
218121	2434	9
218121	5517	9
218121	660	9
218121	1930	9
218121	2857	10
218121	3765	10
218121	635	9
218121	3686	10
218121	1860	10
218121	5804	10
218121	1207	10
218121	624	7
218121	2351	9
218121	560	8
218121	6264	9
218121	99	9
218121	5580	8
218121	6400	10
218121	3469	9
218121	2158	9
218121	4068	10
218121	5041	10
218221	170	9
218221	3155	9
218221	2644	10
218221	687	10
218221	2616	10
218221	4347	10
218221	5038	10
218221	2389	10
218221	6208	10
218221	4975	8
218221	2624	10
218240	4077	10
218240	290	9
218240	2794	10
218240	3030	9
218240	2047	9
218240	612	9
218240	4266	9
218241	408	8
218241	1501	9
218241	754	10
218241	1136	9
218241	1916	9
218241	6632	10
218241	1191	10
218241	3454	9
218241	309	9
218241	2412	10
218241	4746	8
218241	3148	8
218286	447	8
218286	59	8
218286	3846	9
218286	6173	10
218286	379	7
218286	1840	8
218379	5644	9
218379	4219	10
218379	432	9
218379	1968	10
218379	285	8
218411	61	6
218411	4890	10
218411	1898	9
218411	6071	10
218411	3114	8
218411	5486	10
218411	6603	8
218514	227	7
218514	1651	8
218514	69	10
218514	6601	10
218514	2795	10
218514	3172	10
218514	5990	9
218552	3419	9
218552	4867	10
218552	581	4
218552	565	9
218552	1284	7
218552	6286	10
218552	572	10
218552	5572	9
218552	1023	10
218552	1328	7
218552	957	6
218552	531	9
218552	2829	9
218552	5332	10
218552	62	9
218552	3064	6
218552	5063	10
218552	3373	10
218552	5396	10
218552	4690	9
218552	5390	9
218552	70	2
218552	691	8
218552	4040	10
218552	2140	9
218552	169	6
218552	1268	7
218552	6763	9
218552	1966	10
218552	3353	10
218552	279	8
218552	1855	8
218552	3137	9
218552	712	9
218552	219	10
218552	311	9
218552	1047	8
218552	220	10
218552	221	10
218552	459	8
218552	5250	10
218552	3765	9
218552	5951	9
218552	2177	9
218552	4606	9
218552	267	9
218552	2077	8
218552	41	8
218552	805	9
218552	127	6
218552	3359	9
218552	3998	10
218552	5195	10
218552	4119	10
218552	1753	10
218552	552	8
218552	5624	10
218552	240	9
218552	5448	9
218552	5244	9
218552	2157	8
218552	120	10
218552	3503	9
218552	6259	7
218552	5669	10
218568	6549	10
218568	883	9
218568	59	8
218568	2971	8
218568	465	8
218568	5879	10
218568	1114	9
218568	1636	9
218568	1821	10
218568	124	2
218568	61	7
218568	4720	10
218568	981	8
218568	1943	8
218568	928	9
218568	2683	10
218568	2912	9
218568	189	10
218568	6365	9
218568	971	5
218568	169	9
218568	170	8
218568	6	8
218568	1064	9
218568	5654	9
218568	1702	8
218568	730	9
218568	258	9
218568	381	9
218568	4569	10
218568	2417	8
218568	871	10
218568	1755	10
218568	607	10
218568	3175	8
218568	3176	10
218568	803	8
218568	5365	10
218568	267	7
218568	2665	10
218568	5792	9
218568	3678	10
218568	637	9
218568	314	8
218568	285	7
218568	1305	9
218568	4857	10
218568	114	10
218568	156	8
218568	157	8
218608	3409	10
218608	529	10
218608	1243	8
218608	1494	10
218608	487	8
218608	5382	9
218608	6878	9
218608	1747	10
218608	2359	10
218608	1500	9
218608	5582	10
218608	1504	10
218608	1259	9
218608	2872	9
218608	2170	10
218608	1428	9
218608	667	10
218608	1407	9
218608	1190	10
218608	792	10
218608	5612	9
218608	70	3
218608	1044	10
218608	5710	9
218608	72	9
218608	2148	7
218608	1342	9
218608	4635	10
218608	1743	7
218608	4357	10
218608	6767	9
218608	5809	9
218608	4338	9
218608	1071	9
218608	4596	9
218608	2026	7
218608	920	10
218608	1749	9
218608	4639	10
218608	6404	8
218608	1347	9
218608	1205	7
218608	829	8
218608	6724	10
218608	4504	10
218608	4505	9
218608	6482	10
218608	37	10
218608	1627	10
218608	831	8
218608	267	9
218608	41	7
218608	4430	9
218608	6680	9
218608	560	9
218608	1433	10
218608	5541	9
218608	5060	10
218608	3525	10
218608	5430	9
218608	4893	10
218608	1252	9
218608	991	8
218608	3553	10
218608	739	9
218608	121	10
218608	2869	9
218615	693	7
218615	3074	10
218615	1342	10
218615	1382	10
218615	3401	10
218615	196	10
218615	4333	10
218615	2085	9
218615	191	8
218615	1621	9
218615	6706	10
218615	3360	10
218636	61	6
218636	2226	9
218636	70	3
218636	590	7
218636	3126	10
218636	954	10
218640	1895	9
218640	397	9
218640	2734	7
218640	906	9
218640	5569	9
218689	640	10
218689	800	9
218689	3385	9
218689	2955	10
218689	197	9
218714	5079	10
218714	1897	9
218714	3306	10
218714	1389	9
218714	3998	9
218721	1893	9
218721	411	9
218721	2293	8
218721	3022	10
218721	3765	10
218721	240	6
218721	4235	9
218760	2193	8
218760	653	8
218760	1195	10
218760	449	8
218760	1568	8
218760	1854	9
218760	6834	9
218760	2905	10
218760	247	9
218836	487	9
218836	4523	9
218836	1231	9
218836	737	8
218844	405	10
218844	1186	7
218844	6763	8
218844	2724	9
218844	1212	6
218844	424	9
218875	816	10
218875	581	5
218875	2317	9
218875	2950	10
218875	1688	10
218875	2845	9
218875	133	9
218875	5245	9
218976	668	8
218976	6314	10
218976	916	10
218976	6434	9
218976	917	9
218976	2507	9
218976	4325	9
218976	6443	10
218976	6400	10
218976	2749	9
219008	6892	10
219008	1810	8
219008	3055	8
219008	716	9
219008	298	9
219008	3895	10
219035	207	6
219035	2918	9
219035	1329	9
219035	938	8
219035	3625	9
219065	1554	8
219065	3725	9
219065	693	7
219065	3064	7
219065	1631	9
219065	1900	10
219149	891	10
219149	441	10
219149	4334	10
219149	6837	10
219149	127	6
219208	2895	10
219208	2902	10
219208	5619	9
219208	369	10
219208	5861	9
219208	4097	8
219209	533	7
219209	4693	10
219209	2198	10
219209	1890	10
219278	3578	10
219278	1731	8
219278	600	9
219278	243	7
219278	4724	10
219278	811	10
219278	2176	8
219278	1626	8
219301	1109	9
219301	884	9
219301	2918	9
219301	3119	7
219301	754	10
219301	410	9
219301	1294	9
219301	1176	10
219301	777	9
219301	1512	8
219301	2354	10
219301	634	8
219301	165	9
219301	1660	9
219301	70	3
219301	449	10
219301	3439	10
219301	2726	9
219301	723	8
219301	341	7
219301	87	8
219301	4924	9
219301	3665	9
219301	425	9
219301	3442	8
219301	3482	10
219301	781	7
219301	6708	8
219301	2270	10
219301	4413	9
219321	3628	8
219321	5056	10
219321	2767	10
219321	5563	10
219321	5901	9
219321	277	8
219321	4147	9
219321	4529	10
219321	6462	9
219321	4892	10
219321	500	8
219321	240	10
219321	685	8
219321	1575	10
219321	3614	10
219321	5573	8
219353	5185	10
219353	5780	10
219353	1163	9
219353	6858	10
219353	4197	10
219387	3251	10
219387	4365	10
219387	612	8
219387	6429	10
219387	6628	10
219420	4824	9
219420	2120	10
219420	410	8
219420	1574	9
219420	5717	10
219530	573	9
219530	478	9
219530	1781	9
219530	425	10
219530	1217	10
219546	407	9
219546	1939	9
219546	410	9
219546	208	7
219546	1510	9
219546	1188	9
219546	6079	9
219546	4912	9
219546	72	8
219546	3727	10
219546	2710	8
219546	3586	8
219546	2692	10
219546	2217	9
219546	2513	10
219546	6656	10
219546	4914	9
219546	2374	10
219546	6906	10
219546	4915	9
219546	1602	9
219546	2674	10
219546	1603	8
219546	555	9
219593	2218	10
219593	410	8
219593	124	1
219593	1520	9
219593	320	10
219593	1571	9
219593	6818	8
219593	1289	9
219597	1938	10
219597	4318	10
219597	691	10
219597	938	10
219597	210	9
219597	1988	10
219671	397	9
219671	5655	9
219671	5656	9
219671	6058	9
219671	2257	9
219671	6920	8
219683	2442	10
219683	6747	9
219683	1634	8
219683	1248	9
219683	4279	10
219683	510	9
219683	3083	9
219683	533	8
219683	2853	9
219683	865	9
219683	3827	10
219683	2854	10
219683	3828	10
219683	566	10
219683	868	9
219683	5782	7
219683	4991	10
219683	2706	9
219683	3269	9
219683	5686	10
219683	3376	8
219683	3131	10
219683	4708	10
219683	2690	10
219683	73	8
219683	3727	9
219683	675	6
219683	4375	10
219683	5655	10
219683	1702	8
219683	5656	10
219683	6224	10
219683	2281	8
219683	257	8
219683	3039	9
219683	4570	7
219683	3973	9
219683	4560	9
219683	4571	9
219683	2214	10
219683	4603	9
219683	474	8
219683	4585	8
219683	5786	9
219683	5133	9
219683	1242	9
219683	513	9
219683	2217	9
219683	2037	10
219683	477	10
219683	6190	9
219683	3976	10
219683	367	9
219683	764	10
219683	4262	10
219683	1964	10
219683	1799	10
219683	3752	8
219683	2563	9
219683	3979	10
219683	2272	10
219683	2516	8
219683	2233	9
219683	1617	8
219683	4574	10
219683	4537	9
219683	3078	8
219683	5222	8
219683	726	10
219683	1082	10
219683	991	9
219683	1548	10
219683	4475	10
219683	8	10
219683	1754	10
219683	271	10
219683	3146	10
219921	5839	10
219921	2026	7
219921	1298	9
219921	3759	9
219921	5113	10
219924	901	9
219924	2325	10
219924	1190	8
219924	6690	10
219924	3320	8
219924	4561	9
219924	2956	10
219924	2957	8
219924	3077	10
219924	4105	9
219949	571	10
219949	4942	9
219949	465	4
219949	3956	10
219949	1191	10
219949	6172	10
219949	3232	9
219949	590	6
219949	6498	10
219949	6688	10
219949	20	4
219951	6771	10
219951	5474	10
219951	2898	10
219951	2022	9
219951	90	9
219951	2343	10
219951	3048	8
219951	1892	10
219951	404	7
219955	992	10
219955	2258	8
219955	2260	9
219955	2265	10
219974	134	9
219974	6898	9
219974	6140	9
219974	141	8
219974	29	10
219974	142	9
219974	6371	10
220091	3011	10
220091	4452	10
220091	5219	9
220091	6033	9
220091	6702	10
220091	16	9
220091	258	9
220095	6091	10
220095	4952	8
220095	124	1
220095	4675	10
220095	5578	10
220095	2362	9
220095	6814	10
220122	1895	8
220122	1426	9
220122	50	4
220122	243	6
220122	4048	10
220122	6759	10
220122	1779	10
220122	3789	9
220122	2947	10
220122	646	10
220122	5487	10
220122	6104	10
220240	1630	8
220240	1783	10
220240	465	5
220240	3840	9
220240	3083	8
220240	124	2
220240	3049	7
220240	497	10
220240	1269	8
220240	2951	8
220240	886	10
220240	367	9
220240	764	7
220240	18	8
220240	3056	9
220240	52	8
220240	2373	9
220240	2518	10
220240	560	8
220240	155	10
220240	991	8
220240	594	9
220240	1369	10
220240	858	10
220278	1630	8
220278	1291	8
220278	533	8
220278	824	9
220278	5918	10
220278	2303	10
220278	3457	9
220278	1589	8
220278	5306	9
220278	3674	9
220278	5430	9
220278	528	8
220278	2007	10
220314	2175	8
220314	1596	9
220314	2741	10
220314	4484	9
220314	175	10
220314	187	10
220399	1328	8
220399	2278	8
220399	63	10
220399	5738	10
220399	402	10
220484	4822	10
220484	1894	10
220484	2919	6
220484	478	10
220484	3964	10
220484	1641	10
220484	4107	9
220586	1164	9
220586	6606	10
220586	409	9
220586	4182	9
220586	619	9
220586	1205	8
220586	2575	9
220586	614	7
220586	426	9
220597	446	9
220597	2554	10
220597	1428	8
220597	1405	9
220597	4359	9
220597	289	10
220597	4078	10
220597	602	10
220597	3058	10
220597	2597	10
220597	3689	10
220597	6459	10
220597	2945	9
220597	589	8
220597	6638	10
220597	5893	9
220597	3275	9
220597	2900	9
220597	1353	10
220597	367	6
220597	4082	8
220597	764	9
220597	6640	9
220597	736	9
220597	2311	9
220597	611	7
220597	4806	10
220597	6592	10
220597	4793	10
220597	297	10
220597	5067	10
220597	2490	10
220597	3363	9
220597	5774	9
220597	5775	9
220597	4997	10
220597	6479	10
220597	6242	9
220597	1154	9
220608	581	4
220608	693	8
220608	6121	9
220608	4242	10
220608	903	9
220608	5559	7
220635	4970	10
220635	1527	9
220635	589	8
220635	1639	8
220635	1779	10
220664	4918	10
220664	2878	9
220664	465	4
220664	4775	9
220664	6145	10
220664	4872	10
220664	5016	10
220664	5117	10
220664	3480	10
220664	2521	10
220664	54	9
220688	1284	8
220688	405	10
220688	407	8
220688	809	10
220688	1291	6
220688	1376	8
220688	1505	10
220688	61	7
220688	586	9
220688	5662	10
220688	1027	9
220688	1336	10
220688	70	2
220688	2920	8
220688	2840	9
220688	787	10
220688	338	7
220688	339	9
220688	340	7
220688	886	10
220688	3976	10
220688	3977	10
220688	590	4
220688	1462	10
220688	5402	10
220688	608	9
220688	1781	10
220688	434	7
220688	3775	9
220688	3464	10
220688	3465	9
220688	2407	9
220688	41	7
220688	2115	10
220688	2382	9
220688	4119	9
220688	3148	10
220688	2686	10
220688	4309	10
220688	1548	9
220688	3444	9
220688	3657	9
220688	20	5
220688	5936	9
220688	1961	10
220688	6406	10
220759	3879	10
220759	4342	9
220759	1054	9
220759	1055	9
220759	1027	10
220759	2480	10
220759	5033	10
220759	2079	9
220759	232	7
220867	6282	10
220867	2633	9
220867	3973	10
220867	4465	9
220867	6676	10
220867	5548	7
220892	274	6
220892	1333	9
220892	812	9
220892	3077	9
220892	4245	9
220911	1806	10
220911	1253	9
220911	4497	9
220911	4760	9
220911	977	10
220911	676	9
220931	2854	10
220931	1404	10
220931	901	10
220931	6165	10
220931	5170	10
220931	6357	9
220931	3382	10
220931	856	8
220945	1496	10
220945	5462	8
220945	2854	10
220945	1536	8
220945	611	7
221008	1636	9
221008	216	10
221008	3107	8
221008	1886	10
221008	614	6
221008	192	4
221040	1893	10
221040	6807	9
221040	2683	9
221040	2387	9
221040	2752	9
221040	210	9
221040	5623	10
221040	1364	10
221040	2982	10
221040	3305	9
221050	581	5
221050	879	9
221050	500	10
221050	1082	10
221050	3657	9
221186	2336	10
221186	5571	10
221186	2026	7
221186	3885	9
221186	3156	7
221232	3520	8
221232	4140	10
221232	1066	7
221232	593	9
221232	4170	10
221232	665	7
221309	503	9
221309	1331	8
221309	1117	8
221309	5560	8
221309	1782	10
221327	6909	9
221327	3353	9
221327	4664	9
221327	6241	10
221327	2304	10
221327	5952	10
221327	4168	7
221368	3619	9
221368	5927	9
221368	5751	10
221368	2713	9
221368	2985	10
221445	446	9
221445	581	6
221445	557	8
221445	1109	8
221445	5256	9
221445	1636	9
221445	1586	10
221445	1587	10
221445	124	3
221445	532	9
221445	1557	10
221445	901	9
221445	6844	10
221445	708	8
221445	1026	9
221445	65	10
221445	2912	8
221445	644	9
221445	645	9
221445	388	9
221445	3896	10
221445	1880	10
221445	169	6
221445	170	6
221445	2070	8
221445	974	9
221445	1447	10
221445	16	9
221445	4596	9
221445	1729	9
221445	17	9
221445	3626	9
221445	801	10
221445	591	9
221445	1854	10
221445	41	6
221445	3222	8
221445	2199	10
221445	6122	10
221445	2886	9
221445	665	6
221445	232	8
221445	781	8
221445	1577	9
221445	4750	8
221445	157	9
221445	404	6
221445	6574	9
221510	2100	10
221510	1881	8
221510	3082	10
221510	608	10
221510	2110	10
221510	2111	10
221510	2541	10
221510	6834	9
221510	4448	8
221510	2305	10
221510	2352	9
221543	160	7
221543	1260	9
221543	328	8
221543	127	7
221543	717	8
221543	3233	10
221543	781	7
221557	693	7
221557	274	5
221557	971	6
221557	3586	10
221557	988	9
221557	614	6
221557	977	9
221557	3112	9
221557	247	10
221655	529	9
221655	303	10
221655	1291	7
221655	243	6
221655	1294	9
221655	2643	10
221655	1058	8
221655	2308	8
221655	6888	10
221655	3501	10
221655	3243	10
221655	1417	10
221655	1641	9
221655	4248	10
221655	716	8
221655	1218	10
221672	3017	10
221672	2705	10
221672	1803	10
221672	1641	7
221672	5562	9
221681	2719	10
221681	3235	8
221681	237	9
221681	3181	9
221681	1457	10
221687	358	9
221687	1589	9
221687	2233	9
221687	1617	8
221687	1602	6
221687	2868	10
221705	3568	10
221705	2959	10
221705	2631	10
221705	391	10
221705	1586	8
221705	4153	10
221705	3049	9
221705	3260	9
221705	1059	10
221705	3349	10
221705	5254	10
221705	348	8
221705	974	9
221705	546	9
221705	4333	10
221705	17	8
221705	3502	9
221705	3355	10
221705	4154	9
221705	894	10
221705	2022	10
221705	4311	8
221705	6128	10
221705	4094	9
221705	3086	10
221705	147	9
221705	5798	10
221705	3099	9
221705	1964	10
221705	329	8
221705	3216	9
221705	6596	10
221705	3151	9
221705	6062	10
221732	2314	10
221732	6847	9
221732	4697	9
221732	6437	9
221732	5383	10
221732	4626	8
221732	4627	9
221732	3602	10
221732	4592	8
221732	1495	9
221732	2017	9
221732	6307	9
221732	6308	10
221732	2145	9
221732	215	8
221732	533	7
221732	2415	8
221732	6369	10
221732	2589	9
221732	2590	10
221732	4931	8
221732	6790	10
221732	4882	10
221732	794	9
221732	16	9
221732	4596	10
221732	453	10
221732	2026	8
221732	17	10
221732	1256	10
221732	1383	9
221732	459	10
221732	41	7
221732	5418	9
221732	5806	9
221732	2029	9
221732	55	9
221732	56	10
221732	5822	10
221732	2030	10
221732	4478	8
221732	6358	8
221753	2554	9
221753	3913	10
221753	5558	9
221753	5722	10
221753	4457	9
221753	3421	9
221753	5497	9
221753	2810	10
221753	845	10
221753	1958	10
221753	490	10
221753	2828	8
221777	1230	9
221777	1684	10
221777	4742	9
221777	1851	8
221777	2696	10
221777	1572	8
221777	3299	10
221777	4817	8
221870	1504	8
221870	164	10
221870	3940	9
221870	5045	10
221870	4238	9
221870	4600	10
221870	4391	8
221870	4392	10
221870	3650	9
221870	4167	10
221870	4214	9
221870	1836	9
221870	661	10
221870	41	7
221870	2665	9
221948	1630	9
221948	4090	9
221948	3448	8
221948	1248	8
221948	465	5
221948	3632	8
221948	1055	7
221948	243	5
221948	397	9
221948	5223	8
221948	1058	9
221948	1523	9
221948	6273	9
221948	1884	10
221948	1201	9
221948	476	9
221948	3685	9
221948	210	10
221948	4924	10
221948	1952	9
221948	3222	10
221948	1753	9
221948	1788	8
221948	1955	10
221948	3818	10
221948	3368	9
221948	1436	10
221948	2050	8
221948	2302	9
221967	1193	8
221967	1196	8
221967	292	8
221967	614	9
221967	1816	9
222034	279	10
222034	1690	8
222034	3942	9
222034	3063	9
222034	1380	10
222035	428	8
222035	1284	7
222035	124	1
222035	2278	9
222035	1421	10
222035	1725	10
222035	2603	10
222035	3050	10
222035	4228	9
222035	169	6
222035	6173	10
222035	16	8
222035	4345	10
222035	379	7
222035	4903	9
222035	4241	10
222035	6275	8
222035	163	9
222035	614	7
222035	1892	10
222035	2798	8
222035	4405	8
222035	5010	10
222050	300	10
222050	6123	10
222050	5054	10
222050	466	9
222050	1188	10
222050	2014	10
222050	5534	10
222050	4548	10
222050	3225	10
222050	6881	10
222050	4812	9
222050	4480	9
222050	4536	10
222050	5465	10
222050	6510	8
222050	3728	10
222050	2198	9
222050	611	9
222050	1162	10
222050	1487	9
222050	6623	10
222050	3297	9
222152	2917	10
222152	6843	9
222152	4324	10
222152	343	9
222152	141	10
222152	1689	8
222152	1314	9
222152	1542	10
222204	5261	10
222204	3784	9
222204	1793	9
222204	776	9
222204	720	8
222204	359	10
222204	6237	9
222204	2217	10
222204	92	10
222204	6680	9
222204	6154	9
222204	5914	8
222204	3762	10
222210	693	7
222210	706	10
222210	406	7
222210	809	7
222210	2193	8
222210	723	10
222210	1625	10
222210	51	8
222210	1212	9
222220	581	4
222220	1020	10
222220	1328	8
222220	394	10
222220	410	10
222220	6106	10
222220	2872	10
222220	1391	9
222220	586	6
222220	1224	10
222220	2394	10
222220	2032	10
222220	308	10
222220	414	7
222220	6578	9
222220	379	10
222220	442	9
222220	52	9
222220	267	7
222220	6142	10
222220	3709	10
222220	3480	10
222220	977	9
222220	6431	10
222296	883	8
222296	6527	10
222296	3583	9
222296	6327	10
222296	4251	10
222296	6157	9
222296	6709	9
222296	496	10
222296	227	7
222296	3840	10
222296	1174	9
222296	124	1
222296	534	9
222296	1179	8
222296	2354	9
222296	634	9
222296	1973	10
222296	68	9
222296	5178	10
222296	1245	10
222296	1786	10
222296	1980	10
222296	788	10
222296	4713	9
222296	657	6
222296	6714	9
222296	4305	9
222296	1946	10
222296	1205	8
222296	6219	10
222296	1932	10
222296	732	10
222296	1126	9
222296	611	9
222296	3532	9
222296	2885	9
222296	592	5
222296	6330	10
222296	3110	9
222296	1415	9
222296	2461	9
222296	214	8
222296	3574	10
222296	6027	9
222296	2983	9
222296	3679	9
222296	460	9
222296	1458	9
222296	1988	10
222296	2868	9
222296	5053	10
222296	2238	9
222296	1371	10
222296	6262	9
222353	428	8
222353	486	6
222353	2720	9
222353	5535	10
222353	6248	9
222353	1839	10
222353	5554	9
222353	4846	10
222353	1816	8
222372	274	7
222372	1946	10
222372	1357	10
222372	6360	9
222372	4538	10
222488	3064	6
222488	537	7
222488	2478	10
222488	4442	9
222488	246	7
222488	4073	10
222488	4074	9
222488	2648	10
222488	2455	10
222488	0	9
222492	274	6
222492	1851	10
222492	5517	10
222492	1536	8
222492	4966	10
222492	3333	8
222501	1652	10
222501	245	10
222501	544	9
222501	279	6
222501	371	9
222501	6085	9
222506	1372	10
222506	1586	10
222506	170	6
222506	3642	10
222506	854	10
222563	3669	9
222563	6520	10
222563	2348	10
222563	1602	9
222563	1603	6
222563	2532	9
222563	2863	9
222614	5795	10
222614	3949	10
222614	3882	10
222614	4069	10
222614	6063	9
222614	1068	9
222677	451	7
222677	1691	10
222677	711	9
222677	310	9
222677	240	8
222677	19	9
222688	318	8
222688	2035	10
222688	5335	8
222688	1047	10
222688	3325	9
222688	3858	9
222688	2049	10
222688	6249	10
222716	6561	9
222716	6391	10
222716	61	7
222716	628	10
222716	971	7
222716	2795	9
222716	2796	10
222716	404	8
222716	3066	8
222743	6002	10
222743	4225	9
222743	77	9
222743	160	9
222743	2339	9
222743	6199	10
222743	86	9
222743	5273	10
222788	6527	10
222788	4279	10
222788	1627	9
222788	6826	10
222788	1788	7
222941	4523	10
222941	6233	10
222941	5800	9
222941	1442	10
222941	1858	9
222941	5965	10
222941	2875	9
222941	892	10
222941	2992	9
222941	641	9
222941	2090	10
222941	1625	10
222941	1728	9
222941	2026	7
222941	6897	10
222941	6155	9
222941	161	10
222941	3216	10
222941	3073	9
223066	1622	10
223066	2439	10
223066	2184	8
223066	1103	9
223066	488	9
223078	4292	10
223078	5898	10
223078	1225	9
223078	6324	10
223087	2392	10
223087	207	8
223087	1020	10
223087	648	9
223087	1023	10
223087	650	8
223087	1291	7
223087	15	10
223087	1700	10
223087	981	5
223087	684	9
223087	1511	10
223087	1136	9
223087	4184	9
223087	1659	7
223087	1031	10
223087	6543	10
223087	2912	7
223087	308	8
223087	2920	10
223087	3455	9
223087	1777	10
223087	1880	9
223087	3720	10
223087	4771	10
223087	3723	10
223087	4711	9
223087	6651	10
223087	1948	10
223087	6678	10
223087	2427	9
223087	1839	9
223087	1068	9
223087	1363	10
223087	614	6
223087	3798	9
223087	665	6
223087	156	8
223087	1847	10
223087	501	8
223087	3208	9
223087	1140	9
223087	1219	10
223087	2380	10
223132	393	7
223132	3696	9
223132	1195	8
223132	4133	10
223132	4458	10
223132	5553	8
223132	232	10
223154	509	10
223154	1731	8
223154	486	7
223154	405	9
223154	249	10
223154	2959	10
223154	648	10
223154	1895	9
223154	465	5
223154	1387	9
223154	3008	9
223154	3114	10
223154	1659	10
223154	1858	8
223154	1336	9
223154	1193	9
223154	540	7
223154	449	10
223154	1777	9
223154	892	8
223154	2080	7
223154	5924	9
223154	4257	10
223154	3400	10
223154	1527	9
223154	5505	10
223154	451	6
223154	4038	10
223154	1070	10
223154	983	10
223154	3135	10
223154	6334	10
223154	1883	9
223154	2026	7
223154	4664	9
223154	1298	10
223154	1744	10
223154	1567	8
223154	3963	10
223154	5221	10
223154	1947	7
223154	127	7
223154	3243	10
223154	3480	8
223154	5216	8
223154	3368	10
223154	781	8
223156	164	9
223156	4549	10
223156	897	10
223156	971	6
223156	6637	10
223156	4566	9
223156	197	8
223156	737	8
223156	198	9
223156	1090	9
223156	5352	9
223190	274	7
223190	5263	10
223190	4077	10
223190	6609	10
223190	5100	9
223190	6459	9
223190	6460	10
223190	6885	9
223190	1344	9
223190	473	7
223190	2141	9
223190	4213	9
223190	6704	8
223190	2350	10
223190	4438	8
223190	1854	9
223190	1633	9
223190	6477	9
223190	5337	9
223190	843	8
223201	4342	9
223201	910	10
223201	1506	9
223201	2829	8
223201	5530	10
223201	3349	10
223201	3170	9
223201	237	10
223201	1061	9
223201	2726	7
223201	145	10
223201	5422	10
223201	1065	8
223201	3015	10
223201	6171	10
223201	6081	9
223201	4012	8
223201	4534	10
223201	1436	10
223210	2314	9
223210	2031	9
223210	1499	10
223210	4324	10
223210	1179	7
223210	1901	10
223210	1966	9
223210	2574	10
223210	322	10
223210	1492	8
223210	614	8
223231	1021	10
223231	5671	9
223231	4859	9
223231	5803	10
223231	4280	10
223231	6185	10
223231	1938	8
223231	3119	9
223231	652	9
223231	777	7
223231	916	10
223231	5739	10
223231	4122	10
223231	4850	10
223231	983	10
223231	1125	9
223231	6234	10
223231	5123	9
223231	2253	10
223231	1632	9
223231	657	6
223231	4140	10
223231	1738	10
223231	622	10
223231	2515	10
223231	4862	9
223231	1385	10
223231	5520	10
223231	3037	10
223231	784	7
223238	693	8
223238	586	9
223238	1675	10
223238	5494	9
223238	5623	10
223253	2403	9
223253	1444	7
223253	159	10
223253	356	10
223253	2739	10
223253	3399	10
223325	503	8
223325	274	8
223325	3940	10
223325	4550	9
223325	6833	9
223402	3510	8
223402	2324	10
223402	2193	9
223402	412	10
223402	3724	10
223431	2392	9
223431	182	9
223431	63	9
223431	634	9
223431	1193	8
223431	1523	10
223431	3351	9
223431	5715	10
223431	1475	9
223431	377	8
223431	4228	10
223431	341	7
223431	931	7
223431	2961	9
223431	144	8
223431	1567	9
223431	995	10
223431	4621	9
223431	4807	10
223431	3156	9
223431	127	6
223431	613	7
223431	3368	10
223431	2050	10
223431	3538	9
223438	648	10
223438	601	10
223438	3920	9
223438	166	9
223438	2632	9
223438	1475	8
223438	1744	9
223438	995	8
223438	1664	9
223438	1887	9
223438	737	8
223438	5605	9
223438	5066	10
223438	198	9
223438	214	8
223438	4195	9
223438	5691	9
223438	20	5
223454	3255	10
223454	6542	10
223454	2634	10
223454	5663	10
223454	732	8
223455	3971	9
223455	2857	9
223455	4551	10
223455	4563	10
223455	2524	10
223455	4322	10
223461	5169	9
223461	1941	9
223461	3349	10
223461	6063	9
223461	4277	10
223501	6631	8
223501	3117	10
223501	1679	8
223501	458	9
223501	50	5
223501	3632	9
223501	22	8
223501	6364	10
223501	6140	10
223501	727	7
223501	3472	8
223501	531	8
223501	135	9
223501	124	1
223501	1307	8
223501	3663	10
223501	1700	8
223501	5599	10
223501	24	10
223501	137	10
223501	138	9
223501	6871	9
223501	2390	8
223501	634	8
223501	1058	7
223501	344	9
223501	70	2
223501	6114	9
223501	4071	10
223501	141	8
223501	2034	10
223501	5030	8
223501	4006	9
223501	3084	10
223501	2726	10
223501	6380	9
223501	142	10
223501	1525	10
223501	471	8
223501	1686	8
223501	5422	10
223501	4799	10
223501	5768	10
223501	2575	8
223501	608	10
223501	2857	10
223501	2858	9
223501	2859	8
223501	6798	8
223501	3660	10
223501	519	10
223501	4009	10
223501	480	7
223501	481	8
223501	482	9
223501	2440	10
223501	2441	10
223501	1571	10
223501	2272	10
223501	1006	10
223501	1667	8
223501	5115	10
223501	6152	9
223501	4574	10
223501	3944	8
223501	6360	10
223501	4317	9
223501	3204	10
223501	3443	10
223501	6880	10
223501	6381	8
223501	3729	10
223501	6124	10
223501	3038	10
223501	953	9
223501	271	9
223501	6661	8
223501	4197	9
223530	410	8
223530	957	7
223530	535	10
223530	4890	10
223530	588	7
223530	84	9
223530	3328	9
223530	5780	8
223530	1305	9
223554	5061	10
223554	1020	8
223554	1291	9
223554	675	10
223554	414	7
223554	975	10
223566	3285	10
223566	4848	10
223566	227	8
223566	4361	10
223566	2543	9
223566	2912	8
223566	70	3
223566	4651	10
223566	3312	10
223566	1264	8
223566	4573	10
223566	3385	8
223566	1719	10
223566	1751	8
223566	445	9
223566	296	9
223566	2352	8
223566	2579	10
223566	1817	10
223566	20	4
223566	133	10
223566	5601	8
223587	1099	10
223587	265	8
223587	2350	9
223587	605	7
223587	881	9
223587	3156	9
223587	612	10
223608	1419	9
223608	3739	9
223608	237	10
223608	197	9
223608	20	5
223644	2449	8
223644	2450	9
223644	2453	9
223644	4460	10
223644	6725	9
223644	4732	10
223644	1428	8
223644	6051	10
223644	4109	9
223644	4111	10
223644	6	6
223644	77	9
223644	195	8
223644	160	9
223644	4515	8
223644	4596	9
223644	4051	8
223644	379	8
223644	4530	10
223644	5786	10
223644	6059	10
223644	2369	9
223644	2756	10
223644	2132	10
223644	1082	9
223714	3784	10
223714	1292	9
223714	2662	9
223714	3744	9
223714	4012	10
223721	1206	10
223721	2362	10
223721	3769	8
223721	1816	9
223721	6136	10
223768	233	9
223768	3183	10
223768	5211	9
223768	2669	10
223768	5877	10
223787	5139	9
223787	5147	10
223787	2242	9
223787	741	10
223787	879	9
223787	458	10
223787	5149	9
223787	5773	9
223787	1088	9
223787	1680	8
223787	2830	10
223787	1294	9
223787	5653	9
223787	24	10
223787	137	9
223787	138	10
223787	5993	9
223787	6410	9
223787	6456	10
223787	6492	10
223787	1559	10
223787	1925	10
223787	2975	9
223787	70	3
223787	691	8
223787	1523	10
223787	431	9
223787	2725	9
223787	5404	10
223787	1884	10
223787	1830	9
223787	1238	8
223787	636	10
223787	4116	9
223787	1543	10
223787	214	6
223787	5723	10
223787	6732	9
223787	6395	10
223787	4414	9
223787	1551	10
223787	6766	9
223787	6284	9
223814	3802	10
223814	5581	9
223814	3947	10
223814	388	7
223814	1995	10
223814	2296	8
223814	5698	9
223814	2238	9
223816	6214	10
223816	2097	10
223816	2124	8
223816	4389	9
223816	2125	8
223816	4390	10
223816	2126	9
223816	3832	9
223816	1345	8
223816	1160	8
223872	3255	10
223872	573	10
223872	1460	10
223872	749	10
223872	6220	9
223872	6610	10
223872	4881	8
223879	3951	10
223879	5120	9
223879	2916	10
223879	4932	9
223879	6504	10
223879	6810	10
223879	2026	7
223879	178	10
223879	146	10
223879	3759	10
223879	1710	9
223879	1628	10
223879	445	10
223879	5115	10
223879	5659	10
223879	5732	10
223892	487	9
223892	360	10
223892	291	10
223892	6186	9
223892	220	10
223892	4148	10
223892	2516	8
223927	5102	9
223927	3068	10
223927	1115	8
223927	5433	10
223953	3927	10
223953	2558	9
223953	2559	10
223953	571	10
223953	463	10
223953	2451	10
223953	2126	9
223953	4265	9
223953	3381	10
223953	4143	9
223953	1436	9
223954	3510	10
223954	207	9
223954	407	8
223954	1490	8
223954	1942	9
223954	4048	10
223954	634	8
223954	144	8
223954	417	8
223954	3569	10
223954	3480	9
223954	6872	8
223977	6703	10
223977	3458	10
223977	4933	9
223977	6206	9
223977	3442	8
224122	3610	9
224122	2767	10
224122	1823	10
224122	1976	10
224122	632	10
224138	4152	10
224138	5391	10
224138	5392	9
224138	2954	9
224138	1555	8
224138	1143	9
224138	6825	10
224138	3916	9
224138	3956	8
224138	6315	10
224138	410	9
224138	6824	10
224138	775	9
224138	776	9
224138	5653	9
224138	4452	9
224138	3425	10
224138	1558	9
224138	5223	10
224138	929	10
224138	2591	10
224138	2592	9
224138	2637	8
224138	4964	10
224138	2595	10
224138	1877	9
224138	4363	10
224138	5794	10
224138	575	10
224138	2318	10
224138	1523	10
224138	1980	9
224138	338	6
224138	6337	9
224138	6	9
224138	761	10
224138	1625	9
224138	2433	9
224138	938	10
224138	2883	8
224138	1066	9
224138	211	10
224138	898	9
224138	2577	10
224138	3550	9
224138	622	9
224138	6789	10
224138	434	6
224138	4199	10
224138	5485	9
224138	3243	10
224138	1210	10
224138	1788	9
224138	6755	10
224138	436	10
224138	285	8
224138	298	10
224138	460	9
224138	3468	9
224138	1988	9
224138	4857	10
224138	952	10
224138	1219	9
224146	1248	10
224146	981	5
224146	2063	8
224146	735	8
224146	895	10
224146	2334	10
224146	75	10
224146	4978	9
224146	6	8
224146	482	9
224159	696	9
224159	124	1
224159	61	8
224159	1779	10
224159	975	9
224159	2611	10
224159	1205	7
224159	1836	8
224159	3885	8
224159	5733	8
224159	3200	10
224159	1987	10
224209	4243	9
224209	1491	9
224209	52	9
224209	1207	7
224236	2457	10
224236	243	6
224236	124	3
224236	2752	10
224236	4954	10
224236	2743	9
224249	5585	9
224249	316	8
224249	696	8
224249	458	9
224249	1871	10
224249	3956	9
224249	6051	10
224249	6456	10
224249	3054	9
224249	1684	8
224249	1773	8
224249	1186	8
224249	1058	6
224249	1659	9
224249	469	10
224249	930	7
224249	4724	9
224249	541	10
224249	4777	10
224249	414	6
224249	1071	9
224249	2976	10
224249	3765	9
224249	1572	10
224249	202	10
224249	268	8
224249	3256	8
224249	833	10
224249	351	10
224249	5022	10
224249	665	8
224249	1578	10
224249	978	8
224289	1119	10
224289	505	8
224289	1160	8
224289	3355	10
224289	3639	9
224289	5951	10
224289	1964	9
224303	35	7
224303	2803	9
224303	742	7
224303	540	7
224303	472	9
224303	473	10
224303	169	8
224303	3690	9
224303	378	10
224303	2070	6
224303	2950	10
224303	2968	10
224303	1246	10
224303	6039	8
224303	5140	9
224303	192	4
224308	3255	10
224308	5120	9
224308	243	7
224308	1773	7
224308	4668	10
224308	2987	10
224308	975	10
224308	2343	10
224340	2278	10
224340	63	10
224340	165	8
224340	70	4
224340	3986	9
224340	78	10
224340	3635	9
224340	5064	10
224340	3573	8
224340	5115	10
224340	5684	9
224340	54	10
224342	6075	9
224342	536	9
224342	2337	8
224342	145	9
224342	937	9
224342	1315	9
224342	127	6
224349	1164	10
224349	2219	10
224349	4492	10
224349	2446	10
224349	3308	10
224349	1556	10
224349	2322	9
224349	4416	10
224349	1086	10
224349	50	4
224349	1680	8
224349	4952	10
224349	1701	10
224349	5	8
224349	981	7
224349	707	9
224349	689	10
224349	777	7
224349	125	10
224349	3373	8
224349	3629	10
224349	1659	9
224349	1774	9
224349	3656	10
224349	2683	10
224349	644	9
224349	4398	7
224349	3194	10
224349	2725	8
224349	4512	10
224349	169	7
224349	983	8
224349	544	10
224349	3789	10
224349	4713	10
224349	3232	10
224349	3684	9
224349	6715	8
224349	730	8
224349	477	10
224349	590	6
224349	87	8
224349	4340	10
224349	611	9
224349	597	8
224349	5579	8
224349	2981	10
224349	1401	10
224349	1753	9
224349	4053	9
224349	663	9
224349	520	8
224349	3148	10
224349	104	9
224349	373	10
224349	2983	8
224349	1547	8
224349	991	9
224349	460	9
224349	110	10
224349	5702	10
224349	6470	9
224349	404	7
224349	3894	8
224349	5199	9
224349	5053	9
224349	978	9
224349	1819	9
224349	4107	10
224430	5746	8
224430	4867	10
224430	457	9
224430	862	9
224430	1867	9
224430	4859	10
224430	2494	10
224430	407	8
224430	1253	6
224430	809	7
224430	2188	10
224430	1291	6
224430	182	10
224430	124	2
224430	4182	9
224430	684	8
224430	448	10
224430	1943	10
224430	1183	8
224430	412	8
224430	1773	10
224430	634	7
224430	3983	10
224430	1858	9
224430	5686	9
224430	1660	8
224430	1193	8
224430	673	10
224430	235	7
224430	3924	10
224430	2920	9
224430	3311	10
224430	723	9
224430	1046	10
224430	51	8
224430	1568	9
224430	416	10
224430	1764	9
224430	5233	10
224430	5792	10
224430	1212	9
224430	6067	8
224430	6823	10
224430	2119	10
224430	665	6
224430	2983	10
224430	4483	9
224430	1578	10
224430	156	8
224435	775	9
224435	730	10
224435	1982	10
224435	4103	9
224435	7	9
224435	2869	10
224479	410	8
224479	656	10
224479	3581	8
224479	5152	9
224479	3843	9
224479	2235	10
224525	1285	8
224525	1198	9
224525	338	8
224525	4007	9
224525	2968	9
224525	6687	9
224525	2826	9
224525	5693	10
224525	1815	9
224525	3368	9
224525	1602	9
224525	6911	9
224525	4849	8
224525	6617	10
224525	20	6
224525	2908	10
224525	3208	10
224525	2828	9
224525	1290	10
224626	428	8
224626	2707	7
224626	1763	10
224626	936	10
224626	4333	9
224626	41	7
224646	5200	9
224646	1284	7
224646	6709	9
224646	4270	8
224646	1645	9
224646	5813	9
224646	4085	9
224646	1330	9
224646	503	8
224646	274	6
224646	1115	9
224646	1429	9
224646	3493	9
224646	628	8
224646	1158	9
224646	3705	9
224646	1974	10
224646	497	10
224646	6745	10
224646	655	9
224646	3235	9
224646	2725	6
224646	1045	9
224646	6796	9
224646	3777	9
224646	1600	10
224646	2396	9
224646	6117	9
224646	1242	8
224646	3385	8
224646	2011	10
224646	5201	10
224646	2539	10
224646	2052	10
224646	3345	9
224646	5095	9
224646	1456	10
224646	563	8
224646	3002	10
224646	113	10
224646	4576	9
224646	3406	10
224764	207	6
224764	890	10
224764	405	10
224764	3334	9
224764	821	10
224764	227	6
224764	1652	9
224764	3472	10
224764	124	2
224764	2095	9
224764	1875	9
224764	1117	8
224764	5480	9
224764	1597	10
224764	1510	8
224764	6556	10
224764	137	8
224764	3701	10
224764	141	7
224764	3896	9
224764	5720	10
224764	2726	10
224764	3475	10
224764	6698	10
224764	1795	10
224764	327	9
224764	675	8
224764	6379	9
224764	5299	9
224764	1446	10
224764	4528	10
224764	2562	10
224764	2855	10
224764	2210	8
224764	1241	10
224764	2955	10
224764	4561	10
224764	2956	8
224764	4562	8
224764	2957	10
224764	3975	9
224764	3641	8
224764	5731	10
224764	4044	10
224764	5276	8
224764	3013	9
224764	3858	7
224764	1231	10
224764	996	10
224764	3380	10
224764	6652	10
224764	5492	9
224764	5698	9
224764	2858	10
224764	2859	8
224764	6731	8
224764	3643	9
224764	1904	10
224764	1693	10
224764	1453	9
224764	715	9
224764	5129	10
224764	5955	10
224764	150	10
224764	3843	8
224764	5157	9
224764	34	9
224764	6662	10
224764	269	10
224764	2030	9
224764	3088	10
224764	1911	9
224764	3281	10
224764	2041	9
224764	6661	10
224764	3516	10
224764	4773	9
224768	1011	7
224768	777	8
224768	5821	9
224768	1157	8
224768	6845	10
224768	1260	9
224768	5752	10
224768	1263	10
224768	5753	10
224768	4572	10
224768	3098	9
224768	6376	10
224768	5095	10
224768	6067	10
224768	6293	9
224809	1737	9
224809	5408	9
224809	5366	9
224809	5633	8
224809	410	6
224809	531	8
224809	2269	9
224809	2189	10
224809	1178	9
224809	947	10
224809	5994	9
224809	3971	10
224809	2193	9
224809	634	6
224809	165	10
224809	1192	10
224809	1193	8
224809	540	8
224809	3518	9
224809	3455	10
224809	1064	9
224809	5122	10
224809	3612	10
224809	2026	9
224809	5182	10
224809	657	6
224809	894	10
224809	5266	10
224809	2989	10
224809	2832	10
224809	2833	10
224809	6597	10
224809	329	10
224809	1692	10
224809	1693	10
224809	3361	10
224809	1434	9
224809	4402	10
224809	6044	9
224809	2579	9
224809	1543	9
224809	20	7
224904	6870	8
224904	2633	10
224904	4365	10
224904	3100	10
224904	3174	10
224904	2352	10
224904	5770	10
224904	2074	10
224904	2075	7
224904	2076	9
224923	2392	10
224923	4868	9
224923	233	10
224923	3230	8
224923	308	10
224923	417	8
224923	1264	10
224923	2217	8
224923	6058	10
224923	1781	8
224923	460	10
224927	35	9
224927	925	9
224927	486	7
224927	411	8
224927	618	10
224927	1268	8
224927	4880	8
224927	6292	10
224927	5225	9
224927	2852	9
224944	1737	9
224944	538	9
224944	67	9
224944	1071	9
224944	1412	9
224944	2049	10
224997	5760	10
224997	5611	10
224997	5677	9
224997	1821	9
224997	1941	9
224997	3064	6
224997	1115	9
224997	2032	9
224997	2483	8
224997	602	10
224997	1342	10
224997	341	9
224997	1881	10
224997	3734	9
224997	2788	10
224997	170	8
224997	378	9
224997	577	9
224997	144	9
224997	934	7
224997	1035	8
224997	4515	9
224997	4596	9
224997	2026	10
224997	51	9
224997	1298	9
224997	5336	10
224997	442	9
224997	1855	10
224997	6510	10
224997	3416	9
224997	3325	9
224997	3858	8
224997	1410	8
224997	622	8
224997	2578	9
224997	2441	10
224997	6205	9
224997	5377	10
224997	3157	10
224997	4889	10
224997	6208	10
224997	5379	9
224997	4657	10
224997	2624	9
224997	2382	9
224997	4459	10
224997	3280	10
224997	5028	10
224997	2799	9
224997	152	9
224997	1217	9
225002	1630	9
225002	1077	8
225002	1144	10
225002	5170	10
225002	439	8
225002	6022	10
225066	6056	9
225066	3113	9
225066	503	8
225066	1115	6
225066	1559	9
225066	3740	9
225066	658	8
225066	2471	10
225066	435	8
225066	999	10
225066	1765	10
225078	5641	10
225078	719	8
225078	643	8
225078	2682	10
225078	5149	8
225078	6281	10
225078	537	8
225078	2478	9
225078	2196	10
225078	5362	10
225078	641	9
225078	341	7
225078	975	10
225078	3684	10
225078	2217	8
225078	2299	10
225078	4797	8
225078	490	8
225187	1559	9
225187	994	8
225187	1412	9
225187	54	9
225187	4055	10
225191	503	7
225191	3599	10
225191	339	7
225191	340	7
225191	4140	10
225191	2692	10
225191	4236	8
225191	4875	10
225191	4327	9
225199	5845	7
225199	3913	9
225199	5500	9
225199	1403	10
225199	3591	10
225199	469	8
225199	5901	10
225199	3787	10
225199	5836	10
225199	6910	8
225199	6862	9
225199	6555	10
225199	488	10
225199	257	9
225199	6900	9
225199	3524	9
225199	6622	10
225199	3890	9
225199	6118	10
225199	6666	10
225199	3891	8
225199	1591	9
225199	5289	9
225199	5290	10
225199	173	9
225199	2053	8
225199	2311	10
225199	6220	8
225199	6610	10
225199	989	9
225199	1207	8
225199	1363	9
225199	4473	10
225199	6398	9
225199	3873	10
225199	6386	9
225199	6409	9
225199	6741	10
225378	655	10
225378	380	9
225378	5162	10
225378	2571	10
225378	552	7
225379	4444	9
225379	3450	10
225379	3939	10
225379	3653	10
225379	3083	8
225379	4765	9
225379	1506	10
225379	124	1
225379	5563	10
225379	503	7
225379	183	8
225379	537	9
225379	2478	9
225379	2278	10
225379	6346	9
225379	469	7
225379	5649	10
225379	2707	7
225379	3273	9
225379	1104	8
225379	5882	10
225379	5409	10
225379	3961	10
225379	1446	9
225379	3135	9
225379	2611	10
225379	5657	10
225379	6585	10
225379	5658	8
225379	3642	10
225379	6196	9
225379	5349	9
225379	5350	10
225379	2576	8
225379	6083	10
225379	482	10
225379	1799	9
225379	2808	10
225379	6834	10
225379	3057	10
225379	4992	9
225379	6662	10
225379	6696	10
225379	484	9
225411	774	7
225411	2245	10
225411	3988	9
225411	1728	10
225411	898	9
225411	4607	10
225435	2219	10
225435	6534	10
225435	880	9
225435	1237	7
225435	2057	10
225435	5363	10
225435	280	10
225435	2119	10
225449	3592	10
225449	380	6
225449	6797	10
225449	3180	8
225449	4314	10
225449	1322	9
225542	2840	10
225542	2124	10
225542	2126	10
225542	2258	10
225542	2259	9
225542	2260	10
225542	2261	10
225542	2262	10
225595	694	10
225595	1792	8
225595	2587	10
225595	3783	10
225595	2941	9
225595	22	10
225595	3472	9
225595	531	9
225595	124	2
225595	194	10
225595	4108	9
225595	777	8
225595	3049	10
225595	24	9
225595	6533	9
225595	1978	10
225595	5730	9
225595	1709	10
225595	6677	9
225595	1979	10
225595	896	8
225595	2079	10
225595	3789	9
225595	1852	9
225595	4844	9
225595	1448	9
225595	894	9
225595	2197	10
225595	3086	9
225595	1712	9
225595	3782	9
225595	174	9
225595	2550	10
225595	1693	9
225595	3361	10
225595	6852	9
225595	6239	10
225595	1471	9
225595	3339	8
225595	3280	9
225595	2042	9
225617	3083	8
225617	707	8
225617	4398	8
225617	169	6
225617	1268	8
225617	1433	9
225683	648	10
225683	279	8
225683	1690	10
225683	367	6
225683	771	10
225686	1650	9
225686	572	9
225686	901	9
225686	4188	10
225686	377	9
225686	2045	10
225686	6449	8
225686	2514	9
225686	907	9
225686	3550	9
225686	1752	7
225686	3126	10
225686	6861	9
225810	124	1
225810	1292	9
225810	1391	8
225810	6412	8
225810	158	9
225810	2690	10
225810	2303	9
225810	293	9
225810	983	8
225810	379	9
225810	416	9
225810	6465	10
225810	4677	10
225810	995	9
225810	2418	9
225810	803	8
225810	737	9
225810	202	9
225810	5329	10
225810	6222	10
225810	1370	10
225810	4105	10
225886	3951	10
225886	3267	9
225886	6116	10
225886	777	7
225886	4091	10
225886	4185	10
225886	2500	10
225886	3830	10
225886	1158	9
225886	5101	10
225886	451	6
225886	144	8
225886	3789	8
225886	3290	10
225886	1531	10
225886	2850	10
225886	4643	10
225886	4645	9
225886	803	8
225886	3643	8
225886	519	10
225886	445	10
225886	6706	10
225886	524	9
225886	5495	10
225886	6161	10
225886	5496	10
225886	4729	10
225886	3382	10
225886	3383	10
225886	6293	10
225887	3106	10
225887	4719	9
225887	1267	10
225887	338	5
225887	339	8
225887	340	9
225887	341	6
225887	1070	10
225887	4680	10
225887	434	6
225887	1385	10
225887	3381	9
225887	4875	10
225912	1372	9
225912	1295	9
225912	3808	8
225912	3433	9
225912	5265	10
225912	2418	10
225912	5342	10
225912	5690	10
225912	1847	9
225912	6062	9
225938	581	3
225938	4858	10
225938	4782	10
225938	627	10
225938	1651	10
225938	2918	8
225938	1680	10
225938	6891	10
225938	1405	8
225938	165	8
225938	2504	10
225938	1533	9
225938	611	9
225938	41	6
225938	1414	9
225938	3480	9
225986	6352	9
225986	678	9
225986	6391	10
225986	6672	9
225986	3019	9
225986	4282	9
225986	4225	10
225986	774	8
225986	5800	9
225986	6627	9
225986	6912	9
225986	169	7
225986	3135	8
225986	4515	8
225986	1569	10
225986	2955	10
225986	4275	10
225986	630	9
225986	2564	10
225986	4995	10
225986	3200	9
225986	1417	10
225986	717	10
225986	389	10
225986	1696	10
225986	2464	10
225986	1489	9
225989	4919	9
225989	3083	10
225989	727	10
225989	533	7
225989	777	8
225989	4796	10
225989	5314	10
225989	3398	10
225989	5448	9
225989	3078	9
225996	3667	9
225996	397	10
225996	1089	9
225996	4880	10
225996	6166	10
225996	367	8
225996	764	9
225996	1161	10
225996	2259	10
225996	2261	10
225996	2262	9
225996	2265	10
225996	2296	10
225996	6919	10
225996	940	10
225996	6817	9
225996	2671	10
225996	5024	9
225996	1323	9
225996	5904	10
226006	3602	9
226006	2067	9
226006	869	10
226006	1334	10
226006	3599	9
226006	2098	10
226006	1343	10
226006	1378	10
226006	6523	10
226006	1710	10
226006	1353	9
226006	1483	9
226006	1315	10
226006	1471	10
226006	6741	10
226006	5865	10
226006	9	10
226006	1696	9
226006	3102	10
226205	465	6
226205	1372	9
226205	335	7
226205	1636	7
226205	1821	9
226205	1056	7
226205	536	8
226205	4183	10
226205	70	2
226205	1960	9
226205	1061	9
226205	5404	9
226205	2720	9
226205	1996	10
226205	4458	9
226205	1998	10
226205	4930	8
226205	51	8
226205	1568	9
226205	2899	9
226205	2947	9
226205	4940	10
226205	127	6
226205	3222	9
226205	1615	10
226205	3207	10
226205	782	10
226205	783	10
226205	404	7
226267	486	6
226267	227	7
226267	3266	8
226267	2367	10
226267	1884	10
226267	4082	10
226267	764	10
226267	421	10
226267	2886	9
226267	1714	10
226349	3083	9
226349	981	7
226349	720	10
226349	1104	8
226349	675	8
226349	1447	9
226349	2611	10
226393	410	6
226393	4027	10
226393	414	6
226393	246	10
226393	2060	9
226393	2964	10
226393	1369	10
226394	3089	10
226394	5939	9
226394	6023	9
226394	1261	7
226394	6913	9
226462	4090	9
226462	437	9
226462	651	10
226462	5184	10
226462	4252	10
226462	1916	10
226462	2737	10
226462	1828	10
226462	2241	9
226482	6244	9
226482	1745	9
226482	3018	10
226482	3776	9
226482	1872	9
226482	3178	10
226482	4284	9
226482	305	9
226482	6	8
226482	1071	8
226482	5182	9
226482	2794	9
226482	1647	10
226482	2084	9
226482	2982	8
226482	633	9
226545	4659	9
226545	2494	9
226545	1651	8
226545	1372	9
226545	4723	9
226545	6476	10
226545	3152	8
226545	981	8
226545	5004	10
226545	1604	8
226545	3689	9
226545	4092	8
226545	1638	9
226545	2919	6
226545	2912	10
226545	4910	10
226545	4743	8
226545	67	9
226545	2920	9
226545	73	9
226545	6458	10
226545	6459	10
226545	971	6
226545	169	5
226545	1527	10
226545	1268	7
226545	170	9
226545	589	8
226545	1639	8
226545	6049	8
226545	3523	9
226545	5491	10
226545	2793	10
226545	687	10
226545	311	10
226545	3845	9
226545	3051	10
226545	2769	10
226545	267	8
226545	5338	10
226545	1905	10
226545	2389	10
226545	662	10
226545	2665	9
226545	1471	10
226545	33	9
226545	2728	9
226545	1602	9
226545	4752	10
226553	4178	10
226553	59	7
226553	6348	9
226553	335	10
226553	1504	10
226553	1636	8
226553	1821	9
226553	1329	8
226553	391	9
226553	1586	7
226553	410	8
226553	684	9
226553	2090	9
226553	4980	9
226553	2022	10
226553	4884	10
226553	5925	10
226553	3156	9
226553	832	10
226553	4030	9
226553	1641	10
226553	5514	10
226553	4322	10
226553	739	8
226553	2469	7
226554	6546	10
226554	4662	10
226554	5389	10
226554	3727	8
226554	313	8
226554	1273	8
226616	3372	10
226616	1056	8
226616	533	7
226616	4183	9
226616	5062	10
226616	1445	9
226616	291	10
226616	3906	9
226616	3402	9
226616	4059	8
226616	3380	9
226616	329	9
226616	1694	8
226616	127	7
226616	2460	10
226616	2173	9
226616	2050	7
226702	4181	9
226702	1024	10
226702	1686	7
226702	144	8
226702	3905	9
226702	1836	9
226702	445	10
226702	4966	9
226713	1620	9
226713	618	10
226713	81	9
226713	5604	10
226713	1410	9
226713	783	10
226713	4839	9
226739	1770	9
226739	3847	9
226739	171	9
226739	6524	10
226739	4989	10
226739	5196	10
226745	50	5
226745	892	8
226745	1104	9
226745	366	9
226745	4855	9
226745	739	8
226772	4986	9
226772	1500	10
226772	407	8
226772	50	4
226772	884	9
226772	1058	6
226772	235	7
226772	2459	10
226772	1541	9
226772	614	5
226772	3441	10
226772	2669	9
226772	6816	9
226874	2916	9
226874	1291	8
226874	5404	10
226874	3737	10
226874	1397	10
226879	910	8
226879	5488	10
226879	1636	9
226879	6727	10
226879	393	8
226879	616	10
226879	865	9
226879	5471	8
226879	2096	9
226879	274	7
226879	5473	10
226879	981	7
226879	2706	6
226879	2496	9
226879	2497	10
226879	3191	10
226879	6548	10
226879	2633	9
226879	5132	10
226879	4599	10
226879	2057	10
226879	6881	9
226879	3973	8
226879	825	9
226879	827	10
226879	5492	9
226879	4296	10
226879	5036	10
226879	2756	9
226879	5293	9
226879	2962	10
226879	685	8
226879	2119	10
226879	3048	9
226879	5806	9
226879	6401	10
226879	2534	10
226879	5862	9
226879	6263	10
226926	4871	8
226926	2912	8
226926	1249	9
226926	144	8
226926	3364	9
226926	151	10
226926	770	10
226926	665	6
226965	3228	10
226965	35	10
226965	4137	10
226965	3815	10
226965	4624	10
226965	4224	9
226965	557	9
226965	3447	10
226965	6769	9
226965	463	9
226965	2450	10
226965	2451	10
226965	2452	9
226965	2453	10
226965	2454	10
226965	4460	9
226965	3021	10
226965	1634	10
226965	3336	9
226965	4785	10
226965	4786	10
226965	274	4
226965	397	8
226965	742	8
226965	1117	9
226965	2706	9
226965	1597	9
226965	1118	10
226965	1280	10
226965	3269	9
226965	5662	10
226965	3957	9
226965	6227	10
226965	6301	9
226965	6503	10
226965	1193	7
226965	1927	9
226965	44	10
226965	1044	10
226965	356	8
226965	3495	10
226965	1880	7
226965	3925	9
226965	723	8
226965	604	10
226965	471	9
226965	472	8
226965	473	8
226965	341	9
226965	414	6
226965	2951	10
226965	2968	9
226965	4051	9
226965	4146	10
226965	1691	10
226965	1065	10
226965	3624	8
226965	2900	7
226965	5342	8
226965	295	10
226965	265	10
226965	829	8
226965	225	9
226965	1854	9
226965	4604	9
226965	3175	10
226965	480	7
226965	481	10
226965	482	9
226965	2440	9
226965	2441	10
226965	5513	8
226965	2981	10
226965	2382	10
226965	6484	10
226965	1417	10
226965	2362	9
226965	206	9
226965	54	9
226965	1218	10
226976	601	10
226976	290	10
226976	2082	9
226976	5324	9
226976	3750	10
226987	6421	9
226987	70	5
226987	1743	7
226987	414	7
226987	3773	9
226987	4596	9
226987	3759	10
226987	4456	10
227025	1630	9
227025	2009	10
227025	409	8
227025	727	8
227025	1510	8
227025	653	10
227025	1660	8
227025	1309	10
227025	1382	9
227025	380	9
227025	4597	9
227025	1947	8
227025	2233	10
227025	192	6
227025	1671	10
227025	5568	10
227025	5381	10
227025	1761	9
227054	258	8
227054	381	8
227054	801	9
227054	259	8
227054	3175	9
227054	3176	10
227054	90	9
227054	1451	8
227072	2063	10
227072	1102	8
227072	2509	9
227072	4528	9
227072	2823	9
227072	3639	10
227097	409	8
227097	1490	8
227097	124	1
227097	652	10
227097	2735	10
227097	1193	7
227097	6794	10
227097	5406	10
227097	4642	10
227097	950	9
227097	3593	10
227097	4202	10
227097	133	9
227146	1634	10
227146	1428	7
227146	5340	10
227146	1407	8
227146	5579	10
227192	4622	10
227192	458	9
227192	1056	10
227192	135	8
227192	124	3
227192	759	9
227192	805	9
227192	3497	10
227250	5509	10
227250	2484	9
227250	2485	9
227250	4039	10
227250	4880	10
227250	1855	8
227250	4410	10
227250	547	9
227250	6583	10
227250	270	10
227250	6174	9
227250	1849	10
227250	271	10
227250	6661	10
227282	1651	9
227282	650	9
227282	533	7
227282	1428	8
227282	947	9
227282	5364	9
227282	5222	9
227292	5136	10
227292	408	10
227292	22	10
227292	147	9
227292	5213	9
227295	5226	9
227295	6796	9
227295	3777	10
227295	4421	10
227295	88	8
227295	3002	9
227327	465	6
227327	6568	10
227327	1490	8
227327	124	2
227327	3064	10
227397	6870	10
227397	4983	9
227397	4020	10
227397	6240	10
227397	6764	9
227397	471	8
227397	472	10
227397	340	9
227397	341	7
227397	4503	8
227397	2795	8
227397	1797	10
227397	480	9
227397	3016	9
227397	4717	10
227397	4347	9
227397	5038	9
227397	2389	9
227397	4975	9
227397	4657	9
227397	2715	10
227397	5979	10
227397	5980	10
227397	5981	9
227397	5982	9
227397	5983	9
227413	892	9
227413	6156	8
227413	4164	9
227413	6522	9
227413	2064	10
227413	4516	9
227413	2038	10
227413	219	8
227413	662	9
227422	465	6
227422	4257	9
227422	192	7
227422	285	6
227422	352	10
227422	1789	9
227422	2270	9
227447	2169	10
227447	6863	9
227447	1284	8
227447	5922	10
227447	4032	9
227447	4859	10
227447	1156	9
227447	3520	8
227447	1872	8
227447	410	8
227447	6107	8
227447	6184	8
227447	124	1
227447	5840	10
227447	5110	9
227447	4767	9
227447	1973	10
227447	1827	8
227447	2227	10
227447	668	10
227447	3350	9
227447	1392	10
227447	6812	9
227447	5421	10
227447	2034	10
227447	5304	9
227447	4219	10
227447	3634	10
227447	6584	9
227447	1342	9
227447	6566	10
227447	982	10
227447	6117	10
227447	17	8
227447	4017	9
227447	2628	8
227447	4585	10
227447	1532	10
227447	2844	9
227447	2420	10
227447	1888	10
227447	4028	10
227447	6889	10
227447	5286	10
227447	3177	9
227447	90	9
227447	281	10
227447	1536	10
227447	1838	10
227447	5230	10
227447	5676	10
227447	2104	10
227447	3359	9
227447	1667	8
227447	2154	9
227447	96	10
227447	2024	10
227447	3835	9
227447	113	8
227447	2135	10
227447	2455	10
227447	2236	10
227447	858	9
227447	5245	9
227467	5696	10
227467	581	5
227467	693	6
227467	2120	8
227467	1253	10
227467	708	8
227467	723	9
227467	3210	9
227467	2625	9
227467	552	6
227467	5227	8
227467	1082	9
227520	457	8
227520	4427	10
227520	6076	9
227520	5860	9
227520	1328	9
227520	1732	9
227520	4354	8
227520	2285	9
227520	722	9
227520	5888	9
227520	5889	10
227520	1683	9
227520	1373	10
227520	5999	10
227520	4359	10
227520	3261	10
227520	2122	10
227520	290	10
227520	4078	10
227520	602	9
227520	1042	8
227520	4360	9
227520	4079	9
227520	3844	10
227520	4080	8
227520	2499	9
227520	4958	10
227520	758	10
227520	4803	10
227520	3248	10
227520	5901	10
227520	3488	10
227520	5100	9
227520	6458	9
227520	6459	10
227520	4741	10
227520	6885	10
227520	1340	10
227520	1342	10
227520	982	10
227520	1344	8
227520	361	10
227520	2945	10
227520	399	10
227520	2124	10
227520	2126	9
227520	1346	10
227520	5345	8
227520	4323	8
227520	6704	10
227520	1888	10
227520	687	9
227520	4714	10
227520	220	10
227520	221	9
227520	1099	10
227520	3416	9
227520	1923	9
227520	3325	10
227520	3858	9
227520	265	9
227520	367	9
227520	1739	9
227520	764	10
227520	1834	10
227520	2350	9
227520	605	8
227520	829	9
227520	224	10
227520	226	10
227520	881	9
227520	6191	10
227520	6654	7
227520	3361	10
227520	4367	8
227520	5377	9
227520	4889	10
227520	5379	10
227520	2639	10
227520	2809	8
227520	12	9
227520	13	9
227520	14	8
227520	739	9
227520	1969	10
227520	123	10
227544	1938	10
227544	124	3
227544	1405	9
227544	896	8
227544	218	9
227544	1789	9
227591	1512	8
227591	947	8
227591	1947	10
227591	1665	9
227591	635	8
227591	592	6
227591	4874	10
227591	1397	8
227654	1586	9
227654	1994	10
227654	51	8
227654	731	9
227654	1647	10
227681	486	6
227681	124	1
227681	183	8
227681	6760	9
227681	540	8
227681	2920	8
227681	5075	10
227681	1563	9
227681	1571	10
227681	352	8
227702	5373	9
227702	1650	10
227702	2494	10
227702	2586	9
227702	536	9
227702	5186	9
227702	2782	10
227702	5687	10
227702	1659	7
227702	141	8
227702	388	9
227702	5966	10
227702	1205	7
227702	704	10
227702	1302	9
227702	3128	10
227702	978	8
227705	181	10
227705	4280	9
227705	1783	10
227705	910	8
227705	1490	7
227705	274	4
227705	800	8
227705	707	8
227705	2067	9
227705	2147	9
227705	194	10
227705	164	9
227705	2763	10
227705	4061	7
227705	1280	10
227705	3705	9
227705	70	4
227705	6846	9
227705	3133	9
227705	3564	8
227705	5763	10
227705	2148	8
227705	3941	8
227705	5801	9
227705	1296	10
227705	2334	9
227705	5283	9
227705	5965	8
227705	4674	9
227705	5045	8
227705	2875	8
227705	4675	10
227705	2847	10
227705	358	9
227705	2876	10
227705	896	8
227705	5501	10
227705	2079	8
227705	4111	10
227705	2992	10
227705	450	9
227705	2573	10
227705	3634	10
227705	1344	9
227705	5284	9
227705	2291	8
227705	4635	10
227705	1104	9
227705	971	7
227705	6	8
227705	675	9
227705	77	8
227705	195	9
227705	2253	9
227705	6522	9
227705	974	8
227705	936	9
227705	3384	10
227705	2836	8
227705	2710	10
227705	172	10
227705	4142	10
227705	1589	10
227705	2217	9
227705	3556	9
227705	1760	6
227705	5287	10
227705	1854	9
227705	5290	10
227705	6563	10
227705	3573	9
227705	3953	9
227705	3643	8
227705	1570	10
227705	3618	8
227705	3073	10
227705	2173	10
227705	1232	9
227705	614	6
227705	192	7
227705	665	7
227705	5842	10
227771	5694	10
227771	1012	10
227771	3485	9
227771	474	10
227836	5052	10
227836	1869	10
227836	61	6
227836	3295	10
227836	338	7
227836	2125	9
227836	4390	8
227836	2126	10
227836	3832	10
227836	1345	10
227836	3988	9
227836	934	8
227836	367	9
227836	3173	8
227836	1397	9
227836	5928	9
227859	1115	8
227859	1280	9
227859	2291	9
227859	2993	9
227859	2697	10
227859	1906	8
227859	1215	9
227884	243	6
227884	124	3
227884	1181	9
227884	2138	10
227884	1927	10
227884	3820	9
227884	292	10
227884	1686	9
227884	657	6
227884	1568	7
227884	6540	10
227884	1764	9
227884	1887	10
227884	5214	10
227884	624	8
227884	1303	9
227884	2744	9
227884	2144	10
227884	4772	8
227925	1284	6
227925	3083	10
227925	777	10
227925	2848	8
227925	2795	9
227925	1380	10
228021	3926	10
228021	3927	9
228021	6288	9
228021	899	10
228021	580	9
228021	1166	10
228021	457	9
228021	2557	10
228021	1156	9
228021	3186	8
228021	2682	10
228021	914	8
228021	4460	10
228021	3450	10
228021	533	7
228021	534	8
228021	183	8
228021	774	7
228021	901	9
228021	3512	9
228021	1407	9
228021	276	10
228021	1158	8
228021	1159	10
228021	338	7
228021	339	9
228021	5243	8
228021	1945	10
228021	1749	10
228021	906	8
228021	949	9
228021	5855	10
228021	3899	8
228021	1768	10
228021	909	10
228021	3763	10
228021	5499	10
228021	6531	9
228021	6693	10
228021	4099	10
228021	6694	10
228021	6695	10
228021	5796	9
228021	1552	9
228021	570	9
228021	3026	10
228108	5887	10
228108	1865	9
228108	5335	9
228108	180	10
228108	5224	8
228154	3136	10
228154	4391	10
228154	4392	10
228154	6866	10
228154	1160	9
228154	2257	10
228154	1161	9
228154	2258	10
228154	2259	9
228154	2260	9
228154	2261	9
228154	2263	8
228154	2264	10
228154	2265	10
228181	5803	9
228181	774	8
228181	1103	9
228181	873	10
228181	874	9
228206	883	8
228206	5875	9
228206	1337	10
228206	861	8
228206	3000	10
228206	6607	10
228245	4859	10
228245	777	8
228245	3898	10
228245	939	10
228245	4974	10
228245	3790	9
228311	581	5
228311	1431	10
228311	3701	9
228311	3705	9
228311	1978	9
228311	657	5
228311	590	8
228311	1205	9
228311	41	7
228311	149	10
228311	2713	9
228311	1857	10
228311	6150	10
228311	1289	7
228313	4180	10
228313	183	7
228313	2942	10
228313	6818	9
228313	1765	10
228313	2133	10
228321	1737	9
228321	2554	8
228321	3091	10
228321	2735	9
228321	2411	10
228321	4480	10
228321	1203	8
228321	1781	10
228321	3550	10
228351	1167	10
228351	447	7
228351	628	8
228351	4708	10
228351	1245	10
228351	675	8
228351	3550	8
228351	597	8
228351	1414	9
228351	1788	8
228351	436	9
228445	1011	9
228445	1407	9
228445	541	10
228445	4122	10
228445	3988	10
228445	5752	10
228445	2297	8
228445	4555	10
228455	1851	8
228455	6667	9
228455	5017	9
228455	3573	10
228455	5138	9
228455	5292	10
228477	2775	9
228477	124	3
228477	1808	9
228477	1943	8
228477	4320	10
228477	151	9
228579	1221	9
228579	6140	9
228579	124	2
228579	3064	7
228579	537	10
228579	2478	10
228579	141	9
228579	3475	10
228579	2148	9
228579	3213	10
228579	195	7
228579	440	9
228579	5695	10
228579	954	8
228652	809	8
228652	2396	9
228652	2064	7
228652	611	9
228652	5441	10
228681	3116	9
228681	4782	8
228681	2959	10
228681	465	5
228681	754	9
228681	2063	8
228681	6403	8
228681	4871	9
228681	4079	10
228681	3844	10
228681	4080	10
228681	3374	10
228681	6805	9
228681	2333	9
228681	3350	10
228681	4804	8
228681	930	9
228681	5219	10
228681	793	10
228681	451	8
228681	5046	10
228681	1729	9
228681	380	8
228681	6699	8
228681	6564	9
228681	419	10
228681	3300	9
228681	342	9
228681	3588	10
228681	6595	9
228681	1082	8
228727	6753	10
228727	1645	10
228727	1510	9
228727	5135	9
228727	2755	9
228727	3035	10
228727	4126	9
228727	550	10
228727	4863	8
228727	4073	10
228727	4074	10
228727	2648	9
228727	5959	10
228727	1815	9
228727	460	10
228727	4877	10
228727	109	10
228727	3657	8
228738	6179	10
228738	708	8
228738	4526	9
228738	5764	9
228738	4212	8
228738	3616	9
228738	404	7
228764	6549	10
228764	1630	9
228764	3632	9
228764	6078	10
228764	4611	9
228764	1604	9
228764	1043	10
228764	1877	10
228764	6609	9
228764	1309	9
228764	169	8
228764	279	8
228764	379	8
228764	1855	8
228764	1885	9
228764	659	10
228764	1832	10
228764	3781	9
228764	2647	9
228764	5321	9
228764	3415	10
228764	3637	10
228764	6038	10
228764	4656	10
228764	4201	9
228764	311	9
228764	3416	9
228764	3858	10
228764	367	7
228764	608	8
228764	5512	10
228764	3386	10
228764	4365	10
228764	2345	8
228764	3851	10
228764	3852	10
228764	4347	10
228764	5038	10
228764	4888	9
228764	2623	8
228764	4996	10
228764	704	8
228764	2624	10
228764	149	10
228764	5415	10
228764	1303	10
228764	3835	10
228764	6574	10
228789	4487	8
228789	1643	10
228789	227	7
228789	1636	9
228789	3191	9
228789	1898	9
228789	4016	10
228789	6566	9
228789	2432	9
228789	1092	10
228789	1546	10
228868	384	8
228868	1253	8
228868	1291	8
228868	6795	10
228868	394	9
228868	70	4
228868	379	9
228868	3029	9
228868	5908	9
228868	127	6
228868	2201	8
228868	404	8
228868	1370	10
228998	3928	9
228998	21	9
228998	774	6
228998	6165	9
228998	5359	10
228998	573	9
228998	684	9
228998	5357	9
228998	1158	8
228998	1261	8
228998	6530	10
228998	2690	10
228998	72	8
228998	1795	10
228998	6010	9
228998	6247	10
228998	4940	10
228998	3258	9
228998	4941	8
228998	1536	10
228998	1836	10
228998	4426	10
229011	1234	8
229011	3244	10
229011	2033	10
229011	1650	10
229011	6201	10
229011	694	10
229011	5054	10
229011	1109	9
229011	809	9
229011	5694	10
229011	3520	9
229011	3218	10
229011	1707	9
229011	2593	10
229011	1335	10
229011	3689	10
229011	5445	10
229011	6494	10
229011	6764	9
229011	673	9
229011	3518	10
229011	5834	10
229011	3050	10
229011	641	9
229011	169	8
229011	1268	8
229011	6	8
229011	195	7
229011	997	8
229011	1470	9
229011	2950	10
229011	6638	10
229011	260	9
229011	2610	9
229011	6637	10
229011	1389	10
229011	2022	8
229011	3416	9
229011	4660	9
229011	6151	10
229011	1423	9
229011	1411	8
229011	515	9
229011	1628	10
229011	3052	10
229011	518	10
229011	1091	10
229011	4314	10
229011	4831	10
229011	371	9
229011	6705	10
229011	3674	9
229011	5909	10
229011	4367	9
229011	5377	10
229011	1106	9
229011	6208	10
229011	2305	10
229011	769	8
229011	2376	9
229011	331	9
229011	2490	10
229011	3363	10
229011	5775	10
229011	2134	8
229011	6242	10
229011	5591	9
229011	2991	7
229055	3649	10
229055	1238	10
229055	5603	9
229055	5026	9
229177	1241	9
229177	2424	10
229177	608	8
229177	5823	10
229243	6904	10
229243	1119	10
229243	1752	10
229243	6026	9
229243	3078	9
229243	841	10
229313	405	10
229313	407	9
229313	50	5
229313	3119	9
229313	243	7
229313	1230	9
229313	503	8
229313	274	6
229313	1117	8
229313	6227	10
229313	1193	7
229313	2356	10
229313	235	8
229313	70	3
229313	3060	10
229313	4651	9
229313	2070	7
229313	1237	9
229313	1071	7
229313	1729	8
229313	657	5
229313	3039	9
229313	5201	10
229313	590	6
229313	329	8
229313	2550	7
229313	434	7
229313	592	6
229313	2199	10
229313	716	10
229313	1909	9
229313	1397	8
229313	4195	10
229313	4196	9
229313	2963	10
229313	285	7
229313	54	10
229313	1991	8
229313	1154	10
229313	978	7
229331	274	6
229331	800	8
229331	1102	10
229331	5995	9
229331	2847	8
229331	1269	8
229331	4713	9
229331	2211	10
229331	1485	8
229331	781	8
229331	3207	10
229331	175	9
229331	133	9
229334	2846	10
229334	4723	9
229334	6476	9
229334	537	9
229334	2478	8
229334	3904	10
229334	4039	9
229334	4927	9
229334	6644	10
229334	1527	9
229334	589	9
229334	3276	10
229334	3277	9
229334	3278	9
229334	6640	9
229334	2135	9
229334	5493	9
229409	227	7
229409	22	9
229409	6473	10
229409	3420	9
229409	1619	10
229409	344	8
229409	253	8
229409	70	4
229409	691	9
229409	787	10
229409	1062	9
229409	1461	10
229409	259	10
229409	3549	9
229409	3176	8
229409	1451	10
229409	4954	9
229409	1621	10
229409	3015	9
229409	6706	10
229409	127	6
229409	5115	10
229409	1301	9
229409	5659	9
229409	1595	7
229448	810	10
229448	811	9
229448	1600	10
229448	4590	10
229448	4976	8
229454	1490	7
229454	1179	8
229454	165	8
229454	3942	9
229454	659	9
229496	1476	9
229496	1481	10
229496	1482	10
229496	2902	10
229496	5235	10
229502	2283	9
229502	5471	9
229502	5472	8
229502	980	10
229502	2096	10
229502	5473	10
229502	5474	10
229502	5475	10
229502	5476	10
229502	5477	10
229502	5478	8
229502	3389	9
229502	3390	10
229502	3382	10
229502	850	10
229502	856	10
229551	4659	9
229551	405	9
229551	1698	9
229551	1427	9
229551	754	10
229551	1490	8
229551	124	2
229551	2853	10
229551	1654	10
229551	1026	9
229551	5186	10
229551	4295	10
229551	2499	9
229551	3373	7
229551	3131	8
229551	1876	9
229551	880	10
229551	1249	8
229551	4743	10
229551	70	4
229551	1709	10
229551	3581	9
229551	2129	8
229551	6276	9
229551	6318	10
229551	3333	9
229551	5398	10
229551	561	10
229551	2156	10
229551	2891	9
229551	3503	10
229632	981	6
229632	275	10
229632	6713	9
229632	4046	10
229632	2080	8
229632	2151	9
229632	3547	10
229632	1241	10
229632	2922	9
229632	474	10
229632	2692	9
229632	514	9
229656	1327	9
229656	6891	9
229656	2101	10
229656	5969	10
229656	6913	10
229681	4952	10
229681	2829	9
229681	532	9
229681	5005	10
229681	3635	10
229681	1449	10
229681	4013	10
229703	1554	9
229703	647	10
229703	4525	8
229703	3846	9
229703	1773	9
229703	279	8
229703	1764	10
229703	1722	10
229703	265	10
229703	1207	7
229703	3303	10
229703	285	7
229741	57	8
229741	4492	10
229741	1737	10
229741	581	6
229741	925	8
229741	457	7
229741	643	9
229741	1156	10
229741	3186	10
229741	463	9
229741	2450	10
229741	2451	10
229741	2452	9
229741	2454	9
229741	4460	10
229741	496	9
229741	407	8
229741	4280	10
229741	1291	7
229741	533	6
229741	61	5
229741	586	9
229741	274	5
229741	981	7
229741	2804	10
229741	958	9
229741	1973	9
229741	158	8
229741	2014	10
229741	3945	10
229741	3580	10
229741	6487	9
229741	2912	9
229741	2387	9
229741	1900	10
229741	70	5
229741	1033	9
229741	5617	10
229741	471	9
229741	472	9
229741	340	7
229741	341	7
229741	170	6
229741	2367	9
229741	3496	7
229741	934	7
229741	6182	10
229741	1663	8
229741	2281	9
229741	5459	10
229741	2611	8
229741	4585	10
229741	4501	9
229741	1627	8
229741	3550	8
229741	480	8
229741	3514	9
229741	4488	9
229741	1300	10
229741	2015	9
229741	6122	10
229741	6000	10
229741	1208	10
229741	99	9
229741	4223	10
229741	3127	8
229741	4984	10
229741	3128	9
229741	193	9
229741	1251	10
229741	5867	9
229741	2983	9
229741	3468	10
229741	4877	9
229741	109	10
229741	4878	9
229741	5997	10
229741	3657	8
229741	1084	10
229741	2800	10
229741	1991	9
229741	5591	10
229741	978	10
229742	2031	8
229742	1498	10
229742	50	4
229742	70	4
229742	685	9
229742	4436	10
229767	1680	9
229767	124	2
229767	397	9
229767	2057	9
229767	781	7
229768	3928	10
229768	3392	10
229768	4386	10
229768	1404	10
229768	6576	10
229768	5635	10
229768	6634	10
229768	4970	10
229768	3453	10
229768	1638	10
229768	471	8
229768	472	9
229768	473	8
229768	341	7
229768	1527	8
229768	589	9
229768	1640	9
229768	2988	9
229768	5163	9
229768	434	5
229768	1321	9
229899	1171	8
229899	6655	9
229899	3765	8
229899	1215	9
229899	1151	9
229922	3935	9
229922	3936	8
229922	3475	10
229922	1045	7
229922	1743	8
229922	369	9
229922	4097	9
229922	1379	9
230013	4268	10
230013	3348	8
230013	72	7
230013	5122	9
230013	3642	10
230013	2989	8
230013	4678	10
230013	3436	10
230013	737	9
230013	3903	10
230013	5155	9
230013	4543	10
230013	6684	9
230013	20	5
230013	2469	9
230030	461	10
230030	1701	10
230030	3613	10
230030	459	8
230030	1584	8
230030	2740	9
230030	5021	10
230030	501	9
230105	4422	9
230105	937	9
230105	1568	8
230105	3035	10
230105	3665	8
230105	612	10
230115	5256	10
230115	5762	10
230115	5363	10
230115	6211	9
230115	3327	9
230115	1695	9
230115	2362	7
230180	971	6
230180	2210	9
230180	2086	9
230180	241	9
230293	3094	10
230293	3604	9
230293	235	7
230293	5072	10
230293	831	9
230293	636	9
230293	781	4
230293	991	9
230293	6669	10
230400	1419	9
230400	2420	10
230400	1923	10
230400	2316	10
230400	3101	10
230428	6681	8
230428	399	10
230428	1411	8
230428	1048	9
230428	5074	10
230496	3824	10
230496	183	7
230496	1708	10
230496	357	9
230496	2690	10
230496	2825	9
230496	3989	8
230496	2133	10
230496	1602	8
230496	2532	9
230496	2863	9
230626	4945	10
230626	1691	9
230626	4011	9
230626	5146	10
230627	5630	9
230627	3349	10
230627	4948	9
230627	4082	10
230627	2579	9
230627	156	9
230629	5761	10
230629	930	9
230629	3288	9
230629	5841	9
230629	4357	8
230629	6877	9
230629	3643	9
230687	2872	10
230687	5715	10
230687	543	10
230687	1205	6
230687	614	6
230687	3159	10
230699	2554	8
230699	595	9
230699	503	9
230699	2354	9
230699	1660	8
230699	3513	9
230699	2635	9
230699	5153	10
230699	949	9
230699	3550	9
230699	5541	10
230708	457	8
230708	639	10
230708	6032	10
230708	821	9
230708	5259	10
230708	1230	10
230708	4359	10
230708	3154	9
230708	1624	10
230708	1726	10
230708	78	10
230708	5242	10
230708	1389	8
230708	5603	9
230708	5951	10
230708	874	9
230708	6283	10
230878	2456	8
230878	862	9
230878	50	7
230878	2390	8
230878	174	10
230985	3914	10
230985	3493	8
230985	6322	9
230985	2133	8
230985	4485	9
230985	4424	10
231081	3064	8
231081	471	9
231081	472	8
231081	473	8
231081	341	9
231081	480	8
231081	5036	9
231081	5904	8
231132	3584	9
231132	5490	10
231132	6649	10
231132	1914	10
231132	1273	9
231149	565	10
231149	1495	10
231149	1318	10
231149	1158	8
231149	469	8
231149	3135	10
231149	197	9
231149	737	9
231149	506	9
231210	3578	9
231210	6368	9
231210	3583	8
231210	6600	9
231210	1169	9
231210	405	9
231210	3603	10
231210	1114	9
231210	182	9
231210	2733	10
231210	2394	9
231210	755	10
231210	2973	9
231210	1513	10
231210	1773	7
231210	744	9
231210	1190	8
231210	3170	9
231210	1261	9
231210	1491	8
231210	5808	10
231210	72	9
231210	5616	10
231210	414	6
231210	934	8
231210	4712	10
231210	657	7
231210	730	9
231210	258	9
231210	259	9
231210	3549	9
231210	6295	9
231210	3365	9
231210	478	8
231210	6859	8
231210	1355	10
231210	433	9
231210	3177	9
231210	1451	9
231210	2015	7
231210	592	6
231210	2373	8
231210	4277	10
231210	3342	8
231210	4157	8
231210	192	8
231210	716	8
231210	240	7
231210	5156	8
231210	1857	9
231210	665	6
231210	3480	10
231210	4233	9
231210	3422	9
231210	1782	9
231210	6150	10
231210	1305	9
231210	5638	9
231210	2006	10
231210	1369	8
231210	2158	8
231210	43	10
231210	1219	9
231225	5544	9
231225	6776	10
231225	5319	9
231225	5320	9
231225	6035	10
231237	3409	10
231237	1165	9
231237	3713	9
231237	693	5
231237	207	7
231237	457	8
231237	862	9
231237	6302	10
231237	2321	9
231237	50	6
231237	6091	9
231237	124	1
231237	2782	9
231237	634	9
231237	6369	10
231237	2386	10
231237	1519	10
231237	1520	9
231237	1522	8
231237	3807	10
231237	903	10
231237	1033	8
231237	5710	9
231237	190	9
231237	1526	10
231237	2163	10
231237	4389	10
231237	4390	9
231237	1160	9
231237	973	10
231237	3290	8
231237	262	8
231237	3541	10
231237	2004	9
231237	4621	10
231237	2263	10
231237	6619	10
231237	3177	8
231237	90	9
231237	732	8
231237	5546	9
231237	2407	9
231237	41	8
231237	1752	10
231237	2906	9
231237	1576	10
231237	3764	9
231237	54	9
231237	157	9
231237	1550	10
231237	404	6
231237	4197	9
231237	6766	10
231237	3895	9
231251	77	8
231251	195	8
231251	6334	8
231251	2756	9
231251	2773	10
231251	3362	9
231252	316	9
231252	410	9
231252	4114	10
231252	257	8
231252	5908	9
231255	1055	8
231255	243	6
231255	742	8
231255	1597	9
231255	1249	8
231255	2820	9
231255	1389	9
231255	2004	9
231255	2795	7
231255	31	10
231255	421	10
231255	4274	9
231255	3256	10
231263	1630	9
231263	1872	8
231263	533	6
231263	901	8
231263	1773	8
231263	3311	9
231263	5836	10
231263	713	10
231263	3793	10
231263	3794	10
231263	2851	10
231263	1151	9
231263	6031	9
231264	208	8
231264	3935	9
231264	3937	10
231264	3292	10
231264	6344	8
231264	1239	10
231264	4980	10
231264	1626	5
231264	2388	10
231264	5035	10
231264	3853	10
231264	1266	10
231264	5714	10
231337	2494	9
231337	4295	8
231337	1605	9
231337	102	10
231337	3480	10
231337	977	9
231340	3604	8
231340	722	10
231340	3788	10
231340	992	9
231340	4988	9
231340	1000	9
231351	981	8
231351	1094	9
231351	4108	9
231351	1441	9
231351	3432	9
231351	3545	10
231351	3940	9
231351	3475	10
231351	4674	8
231351	6740	10
231351	166	9
231351	1758	9
231351	5836	8
231351	170	7
231351	84	10
231351	196	9
231351	578	9
231351	4451	10
231351	4652	10
231351	2103	8
231351	3660	8
231351	2565	8
231354	3815	9
231354	4270	9
231354	4318	9
231354	1762	9
231354	2193	8
231354	2386	9
231354	1408	10
231354	70	1
231354	6093	10
231354	341	8
231354	972	10
231354	6790	9
231354	2635	10
231354	1947	8
231354	5104	9
231354	6643	9
231354	1384	10
231354	4223	10
231354	1788	10
231357	3705	10
231357	2901	9
231357	2857	10
231357	2858	9
231357	3775	7
231357	3699	10
231374	1634	9
231374	774	7
231374	2879	10
231374	1702	8
231374	3380	8
231374	3765	10
231374	5855	9
231393	1156	8
231393	3186	10
231393	2682	8
231393	3187	9
231393	3188	10
231393	914	10
231393	3189	10
231393	1634	10
231393	5830	8
231393	1748	10
231393	1110	10
231393	1472	8
231393	1465	9
231393	1280	10
231393	3269	9
231393	6227	9
231393	3700	8
231393	1158	8
231393	5649	10
231393	1070	10
231393	2509	10
231393	6037	10
231393	750	10
231393	1359	9
231393	6223	10
231393	500	9
231393	2714	8
231393	2716	10
231393	5978	8
231393	5979	10
231393	5980	9
231393	2860	10
231393	1084	9
231395	5772	9
231395	3119	8
231395	4821	9
231395	704	9
231395	1303	10
231395	1765	10
231560	6681	9
231560	4268	10
231560	503	8
231560	6227	10
231560	2925	10
231560	1447	8
231560	4601	10
231613	3017	10
231613	5200	10
231613	678	10
231613	5939	10
231613	6042	10
231694	486	8
231694	1506	7
231694	3458	10
231694	3355	10
231694	4311	10
231823	140	8
231823	78	10
231823	5571	10
231823	160	7
231823	1914	9
231823	661	10
231823	2839	10
231827	227	8
231827	1821	9
231827	707	10
231827	1102	10
231827	5362	10
231827	2604	8
231827	2848	9
231827	1002	9
231827	414	7
231827	2691	10
231827	6404	10
231827	2417	9
231827	3597	10
231827	5675	10
231827	6133	9
231827	3806	9
231827	1617	9
231827	877	10
231827	1753	8
231827	1908	10
231827	1369	7
231857	6570	10
231857	4418	10
231857	4280	10
231857	2409	8
231857	1056	9
231857	1332	10
231857	702	9
231857	4437	9
231857	3453	10
231857	5734	9
231857	70	2
231857	1709	10
231857	6776	10
231857	3133	9
231857	1104	9
231857	1851	9
231857	5112	8
231857	2628	8
231857	440	7
231857	6637	10
231857	2539	9
231857	898	10
231857	3177	9
231857	3950	10
231857	454	9
231857	3855	9
231857	4448	10
231857	814	9
231857	4876	10
231857	103	10
231857	5557	10
231857	1370	9
231897	800	5
231897	742	8
231897	4108	10
231897	1441	10
231897	358	8
231897	2632	9
231897	1758	10
231897	2125	10
231897	3184	10
231897	2310	9
231897	3099	9
231897	1861	10
231897	854	9
231993	3118	10
231993	1938	8
231993	1660	9
231993	1347	10
231993	1349	10
231993	5322	9
231993	3749	9
231993	6463	10
231993	550	9
231993	6144	10
231993	784	7
231993	2238	10
232030	883	8
232030	2555	9
232030	6317	10
232030	1492	10
232030	205	10
232052	457	8
232052	176	8
232052	901	8
232052	800	9
232052	707	8
232052	720	7
232052	777	7
232052	1962	10
232052	4154	10
232052	6189	10
232052	3608	10
232067	3472	9
232067	531	7
232067	135	9
232067	137	9
232067	138	10
232067	29	9
232067	1315	10
232067	5679	10
232067	1316	10
232067	6209	10
232103	4667	10
232103	2634	9
232103	4573	7
232103	4328	10
232103	1066	8
232103	2822	10
232106	465	6
232106	183	8
232106	3064	9
232106	537	8
232106	2478	7
232106	1421	9
232106	235	7
232106	3820	8
232106	70	3
232106	27	8
232106	4673	10
232106	359	10
232106	453	8
232106	6786	10
232106	1241	10
232106	1264	8
232106	4988	10
232106	6914	9
232106	1693	9
232106	3775	10
232106	3464	9
232106	3465	8
232106	326	9
232106	151	9
232107	3083	7
232107	6023	9
232107	2226	8
232107	360	10
232107	6636	10
232131	446	9
232131	3619	10
232131	2554	8
232131	207	8
232131	405	9
232131	487	10
232131	5922	10
232131	2145	10
232131	3334	10
232131	3259	9
232131	5120	9
232131	407	8
232131	3520	8
232131	6815	9
232131	1586	10
232131	393	10
232131	6874	9
232131	243	6
232131	3064	8
232131	1428	8
232131	2067	10
232131	5793	8
232131	164	10
232131	3230	10
232131	755	10
232131	3696	10
232131	1183	8
232131	4226	8
232131	6557	10
232131	469	8
232131	308	9
232131	70	5
232131	2549	9
232131	141	8
232131	1061	9
232131	2068	10
232131	2098	9
232131	3108	9
232131	5283	10
232131	75	10
232131	5075	10
232131	1880	10
232131	4699	10
232131	5253	10
232131	1445	9
232131	2699	10
232131	3224	9
232131	4256	8
232131	2720	10
232131	1062	10
232131	377	8
232131	347	7
232131	3882	10
232131	471	9
232131	472	10
232131	1997	8
232131	6030	10
232131	4930	9
232131	656	10
232131	5724	10
232131	195	8
232131	3743	10
232131	997	9
232131	6767	10
232131	1237	10
232131	1071	9
232131	886	9
232131	1882	9
232131	4528	10
232131	3354	10
232131	4051	8
232131	379	8
232131	17	9
232131	657	7
232131	938	8
232131	5125	10
232131	4165	10
232131	3549	9
232131	3963	8
232131	4155	10
232131	4334	9
232131	4532	10
232131	5682	8
232131	2304	9
232131	3572	9
232131	6724	9
232131	1627	9
232131	733	9
232131	6420	9
232131	3326	10
232131	350	10
232131	2311	10
232131	3370	10
232131	434	6
232131	1571	9
232131	1492	8
232131	3056	9
232131	592	8
232131	342	10
232131	127	5
232131	6598	9
232131	2460	10
232131	614	5
232131	2119	10
232131	19	9
232131	3280	10
232131	1576	10
232131	3368	10
232131	1782	10
232131	285	6
232131	1369	9
232131	6813	10
232211	565	10
232211	678	9
232211	5677	10
232211	2222	8
232211	5649	10
232211	449	10
232211	635	10
232211	611	8
232211	1068	9
232271	935	8
232271	1749	9
232271	1984	9
232271	3124	9
232271	5537	10
232271	2237	10
232292	4919	7
232292	4108	10
232292	277	10
232292	4673	10
232292	892	8
232292	1743	9
232292	2070	7
232343	1665	10
232343	782	9
232343	6686	9
232343	20	6
232492	3184	10
232492	197	8
232492	161	9
232492	19	10
232492	2168	10
232492	2533	9
232583	3141	9
232583	1868	9
232583	5472	10
232583	980	10
232583	4860	9
232583	1160	10
232708	4061	10
232708	1993	9
232708	6029	10
232708	1994	9
232708	4256	9
232708	1996	9
232708	3322	10
232736	1792	10
232736	737	9
232736	797	10
232736	6903	10
232756	581	6
232756	50	5
232756	1055	8
232756	451	7
232756	1251	9
232756	781	6
232756	1672	10
232838	4969	9
232838	4075	8
232838	2139	9
232838	414	8
232838	5966	8
232838	294	7
232838	5944	10
232838	5337	10
232838	4831	9
232929	3570	9
232929	169	6
232929	1851	8
232929	590	5
232929	210	8
232945	1419	10
232945	638	10
232945	6532	9
232945	3334	9
232945	6001	10
232945	4280	10
232945	6045	10
232945	981	8
232945	3766	9
232945	5315	10
232945	2651	9
232945	3133	10
232945	3236	8
232945	74	7
232945	2334	9
232945	75	10
232945	2847	10
232945	3570	9
232945	2627	10
232945	3500	9
232945	3273	10
232945	2335	9
232945	1104	10
232945	170	5
232945	1269	5
232945	3352	8
232945	675	8
232945	77	7
232945	195	9
232945	997	8
232945	348	10
232945	78	10
232945	2070	9
232945	5122	10
232945	160	9
232945	974	8
232945	2064	8
232945	1447	9
232945	1625	10
232945	16	10
232945	1883	10
232945	2026	9
232945	4034	10
232945	441	10
232945	379	6
232945	4333	10
232945	17	7
232945	442	10
232945	257	9
232945	1004	10
232945	6901	10
232945	5817	10
232945	4903	10
232945	608	8
232945	2857	7
232945	2858	10
232945	2859	7
232945	2311	10
232945	2718	9
232945	3643	9
232945	3279	10
232945	3023	10
232945	2578	8
232945	31	10
232945	1379	10
232945	4598	9
232945	4608	10
232945	1629	10
232945	5300	10
232945	1323	10
232959	2186	10
232959	945	10
232959	6368	8
232959	1220	9
232959	457	7
232959	1502	9
232959	3119	9
232959	61	8
232959	1681	10
232959	305	8
232959	3544	9
232959	538	9
232959	235	7
232959	246	7
232959	4796	9
232959	192	5
232959	1906	9
232959	1574	7
232959	5973	8
232959	1397	7
232959	3129	9
232964	1938	10
232964	458	8
232964	1504	8
232964	2733	9
232964	5563	9
232964	5701	9
232964	5728	10
232964	778	10
232964	3271	10
232964	645	9
232964	968	10
232964	1756	10
232964	2097	10
232964	6846	9
232964	471	8
232964	472	9
232964	473	7
232964	341	6
232964	2510	10
232964	935	9
232964	657	5
232964	6722	9
232964	608	10
232964	480	9
232964	3532	10
232964	1617	7
232964	1891	10
232964	6067	10
232990	1247	10
232990	1737	8
232990	4824	9
232990	61	9
232990	1102	10
232990	449	10
232990	363	9
232990	3978	9
232990	1203	9
232990	4156	10
232990	592	6
232990	614	10
232990	1212	8
232990	4950	10
232990	285	9
232990	1289	8
233117	6737	9
233117	6203	9
233117	4380	10
233117	722	8
233117	4258	10
233117	657	6
233117	285	6
233117	352	9
233143	2208	10
233143	5171	8
233143	5256	8
233143	574	9
233143	3677	10
233312	486	8
233312	1190	9
233312	246	8
233312	3127	9
233312	555	10
233427	1630	10
233427	6729	9
233427	2662	10
233427	451	6
233427	4558	10
233430	234	10
233430	258	10
233430	259	10
233430	4711	9
233430	3175	10
233430	3176	7
233430	3177	8
233430	1451	8
233430	6012	10
233430	978	8
233431	2293	10
233431	278	10
233431	1013	10
233431	3035	9
233431	1751	10
233431	2060	9
233431	3036	10
233431	3037	9
233436	695	8
233436	3959	9
233436	431	7
233436	6189	10
233436	3968	9
233436	3969	9
233445	3926	9
233445	3927	9
233445	3928	9
233445	2442	10
233445	899	10
233445	6099	8
233445	4765	10
233445	1858	8
233445	6846	10
233445	3039	10
233445	4560	9
233445	3198	9
233445	2040	10
233445	6551	10
233445	2808	9
233445	2376	10
233445	560	7
233445	1380	8
233480	303	8
233480	6556	10
233480	344	10
233480	4744	10
233480	3250	9
233480	451	6
233526	457	8
233526	3064	7
233526	2478	9
233526	1225	9
233526	3494	10
233526	472	8
233526	473	7
233526	195	9
233526	1237	8
233526	4154	9
233526	2684	10
233526	6704	10
233526	3196	10
233526	434	8
233526	127	6
233526	2362	9
233529	5805	9
233529	1342	9
233529	330	9
233529	6206	10
233529	1051	9
233543	532	8
233543	63	8
233543	141	9
233543	3084	10
233543	2726	10
233543	2876	10
233543	4228	9
233543	4517	10
233543	5220	10
233543	6366	10
233543	2207	8
233578	879	9
233578	245	9
233578	170	5
233578	77	7
233578	1099	10
233578	2823	8
233578	1711	10
233578	5733	9
233578	614	7
233578	1574	7
233578	1909	9
233578	1576	9
233578	1072	10
233711	384	8
233711	6631	10
233711	2892	10
233711	5618	9
233711	411	10
233711	4058	10
233711	742	7
233711	1440	10
233711	2044	10
233711	6280	10
233711	6004	10
233711	6202	10
233711	2919	8
233711	235	7
233711	746	9
233711	896	6
233711	1445	10
233711	3456	8
233711	971	7
233711	6	7
233711	416	10
233711	6321	9
233711	1833	10
233711	3258	10
233711	3326	10
233711	198	10
233711	41	8
233711	426	9
233711	1576	9
233711	2050	10
233719	3291	10
233719	347	9
233719	1946	8
233719	3307	10
233719	665	7
233856	486	6
233856	407	8
233856	615	9
233856	124	2
233856	653	10
233856	3705	8
233856	3457	10
233856	6404	10
233856	6861	8
233856	1039	10
233867	2698	10
233867	338	7
233867	340	8
233867	169	9
233867	1269	8
233867	160	6
233889	1490	5
233889	880	9
233889	2788	10
233889	414	7
233889	1389	9
233889	4042	10
233889	285	8
233889	5685	10
233889	5570	9
233903	6870	9
233903	2010	9
233903	2122	10
233903	6791	10
233903	5838	10
233903	3772	7
233903	6797	10
233903	6068	9
233903	2647	10
233903	3030	9
233903	4409	9
233903	1609	10
233903	4042	9
233903	1005	9
233903	769	10
233911	4858	10
233911	6772	10
233911	1586	8
233911	2170	8
233911	183	9
233911	1405	8
233911	5404	9
233911	4007	8
233911	1321	9
233911	4717	9
233911	3173	10
233911	1907	8
233911	6686	8
233911	5904	10
233911	1368	9
233911	1550	9
233911	404	6
233911	6545	10
233976	6549	8
233976	5383	10
233976	6432	10
233976	3691	9
233976	4339	10
233976	5072	9
233976	4636	10
233976	4459	9
233976	3993	10
233976	5897	10
234023	2204	8
234023	1868	10
234023	2443	10
234023	2444	10
234023	2446	10
234023	2447	9
234023	2448	10
234023	4081	10
234023	687	10
234023	4714	10
234023	2350	9
234023	2105	10
234165	532	9
234165	2960	9
234165	6554	9
234165	237	9
234165	6049	10
234165	2292	10
234165	2064	7
234165	3093	9
234165	16	8
234165	4051	9
234165	1298	8
234165	17	9
234165	442	10
234165	1855	9
234165	1594	7
234165	5613	9
234165	329	10
234165	4365	10
234165	3181	10
234165	4417	10
234359	58	10
234359	6780	10
234359	4994	10
234359	3610	10
234359	565	9
234359	457	9
234359	3913	9
234359	1745	10
234359	409	7
234359	465	5
234359	227	8
234359	6075	10
234359	1682	9
234359	3805	9
234359	6410	9
234359	3920	10
234359	5509	10
234359	6774	8
234359	6691	10
234359	1926	10
234359	4931	10
234359	575	8
234359	3454	9
234359	1033	7
234359	1393	10
234359	388	8
234359	3295	7
234359	2664	10
234359	1616	8
234359	723	10
234359	6273	10
234359	5188	10
234359	417	10
234359	6797	10
234359	3275	10
234359	3276	10
234359	3278	9
234359	829	9
234359	224	7
234359	225	10
234359	6653	9
234359	3279	9
234359	5583	10
234359	2551	10
234359	1316	10
234359	3366	10
234359	148	9
234359	4288	9
234359	3532	10
234359	4606	10
234359	2700	10
234359	704	7
234359	1814	9
234359	2728	10
234359	6283	9
234359	4984	9
234359	5515	10
234359	2891	10
234359	6840	9
234359	4877	8
234359	1578	9
234359	528	10
234359	5516	10
234359	1816	9
234359	3145	10
234359	5878	10
234359	4817	10
234399	1769	10
234399	3520	10
234399	409	7
234399	4742	10
234399	1444	7
234399	4244	10
234399	4239	10
234399	473	7
234399	1686	9
234399	1929	9
234399	2955	9
234399	2956	10
234399	3975	9
234399	3366	9
234399	2348	9
234399	1493	9
234399	685	10
234399	2670	10
234399	1602	8
234399	501	7
234565	2586	9
234565	2349	10
234565	170	8
234565	4029	10
234565	1401	10
234565	633	10
234597	57	10
234597	2456	9
234597	1634	10
234597	510	10
234597	1253	7
234597	3911	10
234597	3119	9
234597	2063	8
234597	4842	9
234597	644	10
234597	903	8
234597	72	9
234597	168	9
234597	472	9
234597	195	9
234597	5112	9
234597	2217	10
234597	3040	8
234597	6746	10
234597	4190	10
234597	1265	9
234597	6743	10
234597	949	8
234597	6913	9
234597	3752	10
234597	3753	8
234597	4974	9
234597	2319	10
234597	4632	8
234597	1433	8
234597	2436	10
234597	2362	9
234597	3992	9
234597	1366	10
234597	2520	10
234597	1215	10
234597	752	10
234597	1549	10
234597	4828	9
234597	1991	9
234597	2991	9
234614	1874	9
234614	3030	9
234614	5183	9
234614	608	8
234614	33	10
234623	883	9
234623	5261	10
234623	981	8
234623	1183	8
234623	4285	10
234623	4434	10
234623	6886	8
234623	6826	10
234623	4749	9
234623	3077	9
234623	5365	9
234623	4489	10
234623	4949	9
234623	2406	9
234623	5770	10
234623	1578	9
234623	1016	10
234623	5498	9
234623	6402	9
234623	2907	10
234623	6259	10
234647	5586	10
234647	1328	7
234647	608	9
234647	2857	8
234647	266	10
234647	2667	9
234672	3527	9
234672	176	10
234672	1306	10
234672	4061	8
234672	140	10
234672	1309	8
234672	160	6
234672	232	9
234672	404	6
234675	3083	8
234675	1296	10
234675	5965	10
234675	6670	10
234675	2965	9
234675	16	10
234675	3973	9
234675	6706	10
234675	4533	8
234675	5547	10
234721	273	10
234721	1008	10
234721	3092	9
234721	3987	10
234721	919	9
234721	5636	10
234721	2255	10
234721	2256	9
234721	6610	9
234721	6643	10
234721	1538	9
234721	5126	10
234721	5037	10
234721	4482	10
234721	3048	8
234721	782	7
234721	837	9
234721	4484	8
234721	5175	9
234721	6920	10
234743	2251	10
234743	3705	8
234743	195	8
234743	4573	9
234743	2037	9
234743	2856	9
234765	2778	10
234765	3018	10
234765	458	10
234765	1432	10
234765	1158	9
234765	469	6
234765	5649	9
234765	2318	9
234765	3984	9
234765	3491	8
234765	72	9
234765	292	8
234765	1564	9
234765	4836	10
234765	988	9
234765	4376	10
234765	614	7
234765	193	9
234765	460	8
234765	3024	8
234765	3025	8
234765	484	10
234893	2972	10
234893	3570	10
234893	2627	10
234893	3500	9
234893	2335	8
234893	3134	10
234893	794	8
234901	1523	10
234901	4797	9
234901	3480	10
234901	108	10
234901	5026	10
234925	6170	10
234925	3659	10
234925	3512	9
234925	3700	10
234925	5629	10
234925	1835	9
234925	1837	9
234925	1860	10
234925	3885	9
234925	1435	10
234925	20	7
234948	2492	9
234948	1011	8
234948	1663	9
234948	6150	10
234948	241	9
234948	5748	10
234954	3610	10
234954	2582	10
234954	4813	9
234954	1425	10
234954	1143	9
234954	1872	8
234954	810	8
234954	538	10
234954	70	3
234954	811	10
234954	5059	10
235059	3928	10
235059	2208	9
235059	1058	7
235059	70	2
235059	971	8
235059	913	10
235099	4359	10
235099	3058	9
235099	4360	10
235099	6234	10
235099	6636	10
235099	4081	10
235099	4714	9
235099	220	9
235099	1099	9
235099	3325	8
235099	3858	8
235099	367	9
235099	3222	9
235146	3917	10
235146	3846	9
235146	512	10
235146	3074	9
235146	2951	8
235146	2968	10
235146	416	9
235146	6649	9
235146	5778	10
235146	1530	10
235146	3765	9
235146	1968	8
235146	5239	10
235146	1856	9
235146	665	7
235173	4616	10
235173	227	6
235173	4313	9
235173	6320	9
235173	4924	10
235173	2015	10
235173	3609	10
235206	2224	10
235206	5144	10
235206	1881	10
235206	419	10
235206	1988	9
235282	5696	10
235282	4539	9
235282	35	10
235282	2465	9
235282	5147	10
235282	1649	8
235282	1168	10
235282	405	8
235282	5148	9
235282	5791	10
235282	5149	9
235282	15	9
235282	3119	9
235282	410	9
235282	124	2
235282	61	8
235282	586	10
235282	536	8
235282	567	9
235282	5063	10
235282	3348	9
235282	1135	9
235282	4999	9
235282	1592	10
235282	5150	10
235282	1559	10
235282	1658	10
235282	1973	9
235282	4691	10
235282	4617	10
235282	5151	10
235282	3350	9
235282	2966	10
235282	2356	10
235282	235	6
235282	308	9
235282	2549	10
235282	6645	9
235282	3185	10
235282	321	9
235282	3455	9
235282	3108	9
235282	1880	10
235282	723	9
235282	6337	10
235282	5410	10
235282	5152	10
235282	4980	10
235282	6250	10
235282	1859	10
235282	379	7
235282	657	7
235282	1830	9
235282	1200	9
235282	3433	8
235282	2357	7
235282	5125	10
235282	3626	9
235282	3313	10
235282	870	9
235282	2692	9
235282	3707	10
235282	5153	8
235282	3541	10
235282	4443	9
235282	5833	10
235282	6493	10
235282	3380	10
235282	420	10
235282	2371	9
235282	2407	8
235282	592	6
235282	2345	9
235282	127	6
235282	5154	10
235282	662	10
235282	2376	10
235282	4119	10
235282	3800	10
235282	552	7
235282	192	4
235282	5155	10
235282	3333	8
235282	2553	8
235282	5156	10
235282	2200	9
235282	1214	9
235282	3567	10
235282	2201	9
235282	331	10
235282	977	10
235282	1397	10
235282	3112	10
235282	1398	8
235282	2889	9
235282	5158	9
235282	1369	7
235282	4234	10
235282	43	10
235282	1595	10
235282	2800	10
235282	1219	10
235384	4109	10
235384	2602	9
235384	6563	10
235384	1924	9
235384	1602	8
235392	5471	8
235392	5472	8
235392	1115	8
235392	4754	10
235392	1119	9
235392	1319	10
235392	2973	10
235392	1441	8
235392	1421	8
235392	3289	9
235392	5534	10
235392	3896	9
235392	4109	10
235392	2992	8
235392	361	9
235392	971	8
235392	589	9
235392	5335	8
235392	4389	10
235392	2125	8
235392	4599	10
235392	4390	9
235392	1345	10
235392	1346	9
235392	2646	8
235392	5322	10
235392	579	10
235392	2178	10
235392	95	8
235392	5377	10
235392	2389	10
235392	4889	9
235392	2624	9
235392	2887	9
235392	665	8
235392	1131	8
235392	676	9
235498	57	9
235498	2183	10
235498	1426	10
235498	1784	9
235498	6828	9
235498	4043	8
235498	777	10
235498	1785	10
235498	70	4
235498	101	8
235498	4047	10
235506	1630	10
235506	5054	10
235506	1171	9
235506	2881	9
235506	5730	10
235506	6677	9
235506	2690	9
235506	4696	9
235506	646	10
235506	1101	9
235506	5448	10
235506	1543	10
235506	5499	9
235506	20	6
235543	2169	10
235543	124	1
235543	744	8
235543	339	8
235543	2362	10
235543	314	6
235671	3288	10
235671	613	7
235671	6018	10
235671	4308	10
235671	3006	8
235684	720	9
235684	2911	8
235684	895	9
235684	358	9
235684	6698	10
235684	1743	8
235842	6871	9
235842	413	9
235842	169	7
235842	421	9
235842	3998	10
235842	6784	9
235842	3482	10
235842	1369	7
235884	5361	9
235884	5563	9
235884	777	7
235884	5320	10
235884	6035	10
235884	1795	10
235884	1263	10
235884	4941	9
235884	1486	9
235884	988	9
235884	3944	9
235888	2004	9
235888	3022	9
235888	2741	10
235888	592	7
235895	4127	10
235895	5910	10
235895	640	10
235895	2896	10
235895	777	9
235895	2650	10
235895	4147	9
235895	6046	9
235895	3050	9
235895	2544	9
235895	1400	10
235895	6510	9
235895	6505	10
235895	161	10
235895	6908	10
235895	5823	9
235935	5755	10
235935	446	10
235935	486	6
235935	4404	10
235935	3579	10
235935	6495	8
235935	6717	9
235935	465	6
235935	2659	10
235935	910	9
235935	1652	10
235935	1587	8
235935	5530	10
235935	3935	10
235935	1559	9
235935	5630	9
235935	5421	10
235935	2919	8
235935	6181	10
235935	1491	8
235935	3690	9
235935	6	9
235935	185	9
235935	3771	9
235935	1297	10
235935	6782	10
235935	4333	10
235935	1691	10
235935	246	8
235935	3232	10
235935	6540	9
235935	1948	10
235935	6678	9
235935	87	9
235935	4334	10
235935	6613	10
235935	4954	10
235935	3665	10
235935	5819	8
235935	3751	10
235935	1401	8
235935	2667	9
235935	3000	10
235935	151	10
235935	3297	9
235935	1303	10
235935	665	6
235935	3480	10
235935	1629	10
235935	4625	9
235935	3854	10
235935	781	8
235935	3362	9
235935	4431	9
235935	1577	10
235935	1578	10
235935	5797	10
235935	157	7
235935	404	6
235935	5692	10
235935	6618	8
235952	2450	9
235952	2451	8
235952	2452	9
235952	2453	10
235952	2454	10
235952	5348	10
235952	340	6
235952	4980	10
235952	3424	8
236017	1166	8
236017	4885	9
236017	744	7
236017	2921	8
236017	2713	9
236017	2983	10
236017	5903	10
236017	4829	10
236025	2806	10
236025	4008	10
236025	1315	9
236025	2472	10
236025	3281	10
236030	1441	9
236030	5145	10
236030	3650	10
236030	6039	10
236030	3361	8
236030	1891	10
236044	1587	10
236044	896	9
236044	892	10
236044	6265	9
236058	2801	9
236058	1495	10
236058	4268	8
236058	5177	10
236058	3955	9
236058	3033	10
236058	1490	9
236058	124	1
236058	4209	10
236058	4834	10
236058	2496	9
236058	3575	9
236058	1276	9
236058	1158	9
236058	469	8
236058	5534	10
236058	1901	8
236058	2921	10
236058	3311	9
236058	4594	10
236058	604	10
236058	3986	10
236058	574	9
236058	1124	8
236058	2396	9
236058	934	7
236058	379	6
236058	2391	10
236058	3963	9
236058	2197	10
236058	6525	10
236058	1932	8
236058	91	9
236058	481	7
236058	1571	9
236058	3682	10
236058	6852	9
236058	2751	9
236058	614	8
236058	520	9
236058	3966	9
236058	19	8
236058	5573	9
236058	1216	9
236058	1289	7
236058	3994	9
236058	6469	10
236058	1219	7
236058	3968	8
236058	3969	10
236097	6391	8
236097	774	8
236097	3977	10
236097	608	9
236097	2857	9
236097	4307	9
236097	479	10
236097	2472	10
236164	5006	10
236164	1824	9
236164	4965	9
236164	1860	10
236164	1841	10
236164	1375	9
236164	3852	7
236164	1843	10
236164	5516	10
236164	5685	8
236164	1850	9
236172	250	10
236172	1823	10
236172	2415	9
236172	1659	8
236172	1441	9
236172	70	3
236172	1341	10
236172	1342	10
236172	195	8
236172	997	8
236172	2070	9
236172	4468	10
236172	5354	10
236172	1625	8
236172	4146	10
236172	730	9
236172	2820	10
236172	1853	10
236172	18	10
236172	1541	10
236172	127	6
236172	1891	10
236172	2115	10
236172	3399	9
236172	4139	10
236235	4061	8
236235	3350	9
236235	6702	9
236235	4345	9
236235	3597	10
236255	897	9
236255	2950	10
236255	3214	9
236255	4904	9
236255	2761	10
236255	5614	9
236267	960	10
236267	432	9
236267	5785	9
236267	574	9
236267	5457	9
236267	5723	10
236269	35	8
236269	4027	10
236269	4141	10
236269	41	7
236269	4169	10
236269	1761	9
236322	409	8
236322	650	8
236322	1176	10
236322	1135	10
236322	2327	9
236322	1491	8
236322	5834	10
236322	3626	10
236322	6890	10
236322	614	7
236322	1266	9
236340	2545	8
236340	1166	9
236340	5392	9
236340	4084	9
236340	4661	10
236340	3083	8
236340	1329	9
236340	4908	8
236340	1440	9
236340	5063	10
236340	3348	10
236340	1421	8
236340	6280	10
236340	5232	9
236340	6542	9
236340	3318	9
236340	4226	9
236340	344	9
236340	3289	10
236340	6627	8
236340	3350	10
236340	644	9
236340	892	7
236340	2992	6
236340	450	10
236340	2329	9
236340	3286	8
236340	1045	10
236340	347	8
236340	169	7
236340	1268	8
236340	6	8
236340	1743	7
236340	3616	10
236340	3961	10
236340	934	5
236340	2064	8
236340	1447	9
236340	1882	8
236340	3093	10
236340	4596	8
236340	453	9
236340	1298	9
236340	379	7
236340	17	9
236340	6775	10
236340	6883	9
236340	6734	10
236340	4379	9
236340	258	9
236340	381	9
236340	259	8
236340	474	8
236340	1531	10
236340	5342	9
236340	4148	10
236340	2821	9
236340	3175	9
236340	1450	8
236340	3176	8
236340	803	8
236340	3177	8
236340	4241	9
236340	4179	10
236340	3573	9
236340	6489	10
236340	4925	10
236340	4954	8
236340	3370	10
236340	92	10
236340	2077	9
236340	805	10
236340	1861	9
236340	2346	10
236340	1812	9
236340	32	10
236340	1266	10
236349	3908	10
236349	970	9
236349	6248	10
236349	4264	9
236349	4399	9
236349	5713	10
236399	57	8
236399	50	4
236399	503	9
236399	1115	9
236399	2471	10
236399	6765	10
236399	781	8
236480	1055	9
236480	4969	10
236480	6821	8
236480	347	8
236480	246	10
236480	5580	9
236587	1895	10
236587	6774	10
236587	6650	9
236587	37	10
236587	1627	10
236587	3342	8
236595	3802	9
236595	3594	10
236595	3590	10
236595	397	9
236595	4027	10
236595	2420	10
236595	2948	8
236618	127	5
236618	3467	10
236618	637	8
236618	404	6
236621	3913	10
236621	2439	8
236621	185	10
236621	1946	9
236621	242	10
236621	156	10
236621	1919	8
236700	6772	9
236700	1495	10
236700	1160	10
236700	1703	9
236700	5258	10
236700	1369	9
236754	461	9
236754	3922	10
236754	469	9
236754	6790	9
236754	860	10
236754	5164	10
236754	6363	10
236757	1554	9
236757	446	8
236757	4581	10
236757	491	10
236757	581	4
236757	693	6
236757	207	9
236757	4120	9
236757	6302	9
236757	59	7
236757	6143	9
236757	6878	10
236757	4181	10
236757	50	4
236757	1587	8
236757	651	9
236757	1941	10
236757	2189	7
236757	1942	10
236757	503	8
236757	6806	9
236757	4833	9
236757	683	10
236757	3092	9
236757	6542	10
236757	5358	10
236757	1193	8
236757	4970	9
236757	308	8
236757	5836	10
236757	1527	9
236757	1851	7
236757	5254	9
236757	6333	10
236757	992	9
236757	4882	10
236757	2026	8
236757	938	9
236757	4769	10
236757	5457	10
236757	5458	8
236757	1096	9
236757	5517	10
236757	3385	9
236757	590	6
236757	87	9
236757	1949	9
236757	608	9
236757	1932	10
236757	2296	10
236757	3022	10
236757	3948	10
236757	174	8
236757	6373	10
236757	18	9
236757	6347	9
236757	2046	10
236757	421	8
236757	3252	10
236757	2701	10
236757	614	6
236757	192	7
236757	2024	10
236757	6591	10
236757	1398	9
236757	2006	10
236757	2679	10
236840	2631	10
236840	968	9
236840	5030	9
236840	5968	9
236840	376	9
236840	4877	9
236840	109	9
236840	3657	9
236840	4469	10
236943	1284	8
236943	465	6
236943	227	8
236943	511	10
236943	144	10
236943	2338	10
236943	178	10
236943	147	10
236943	4543	9
236948	5014	10
236948	6725	9
236948	4493	9
236948	5565	9
236948	3091	9
236948	158	7
236948	655	10
236948	400	9
236948	2281	10
236948	4558	10
236948	4507	8
236948	4066	10
236948	6858	9
236948	6501	10
236948	2860	10
236948	6864	8
236948	1367	10
236948	4575	10
236948	2827	10
236955	4272	10
236955	1295	10
236955	32	10
236955	20	7
236955	489	9
236959	4815	10
236959	5191	9
236959	4918	9
236959	5057	9
236959	1407	8
236959	1662	10
236959	6250	8
236959	6582	10
236959	1265	10
236959	608	10
236959	5507	10
236959	796	9
236959	3078	10
236959	5683	10
236959	3399	10
236979	4051	8
236979	2634	10
236979	3100	8
236979	96	10
236979	6377	10
236994	3431	10
236994	575	10
236994	3235	9
236994	4596	8
236994	5613	8
236994	99	8
237064	4932	10
237064	243	7
237064	4963	10
237064	4345	9
237064	1855	7
237064	147	8
237064	605	10
237064	3948	10
237064	2578	10
237064	3806	10
237064	4591	10
237064	2533	10
237064	20	6
237264	181	9
237264	243	6
237264	469	8
237264	339	9
237264	340	8
237264	451	7
237264	5798	10
237264	127	5
237264	5115	10
237264	4413	10
237264	20	8
237271	1596	10
237271	1682	10
237271	1653	10
237271	1441	9
237271	1193	7
237271	1927	9
237271	4742	10
237271	70	4
237271	140	8
237271	141	10
237271	1309	10
237271	2719	9
237271	3235	8
237271	346	9
237271	2726	9
237271	3564	9
237271	4050	9
237271	6087	9
237271	5207	8
237271	169	7
237271	160	8
237271	474	9
237271	6141	10
237271	1537	10
237271	1315	9
237271	1952	10
237271	2724	9
237271	6053	10
237271	20	6
237275	3335	10
237275	216	10
237275	1683	10
237275	70	2
237275	2162	8
237275	545	9
237275	2357	9
237275	1831	10
237275	881	10
237397	59	8
237397	649	9
237397	1709	10
237397	1068	9
237397	2915	9
237407	822	10
237407	1756	10
237407	6214	9
237407	4375	8
237407	1321	10
237407	1360	9
237411	207	7
237411	316	9
237411	2354	9
237411	1033	9
237411	541	10
237411	414	7
237411	1852	10
237411	210	8
237411	1099	10
237411	2077	9
237411	1453	9
237411	6590	10
237411	3729	9
237411	978	8
237429	3119	8
237429	2770	10
237429	1269	8
237429	3476	10
237429	2857	10
237429	6559	8
237433	693	8
237433	3932	8
237433	316	9
237433	4583	9
237433	1631	8
237433	2193	9
237433	1660	8
237433	6721	9
237433	478	8
237433	5856	9
237434	4568	10
237434	865	10
237434	5472	10
237434	980	8
237434	2096	10
237434	5473	9
237434	6729	10
237434	2326	10
237434	285	7
237474	1253	10
237474	1186	9
237474	1145	10
237474	1032	9
237474	5111	10
237474	285	8
237474	1958	9
237486	1247	7
237486	1747	9
237486	1490	10
237486	5467	9
237486	449	9
237486	657	7
237486	1412	9
237486	5667	8
237486	421	8
237486	4590	10
237534	3032	10
237534	3083	8
237534	533	7
237534	6907	9
237534	503	7
237534	6338	8
237534	274	5
237534	1115	8
237534	2879	10
237534	1596	8
237534	981	6
237534	1117	7
237534	1280	10
237534	3269	10
237534	1104	7
237534	4600	8
237534	3973	10
237534	3990	10
237534	6347	10
237534	127	6
237534	2713	9
237534	563	10
237534	1000	9
237715	2066	10
237715	3773	10
237715	2692	10
237715	1242	8
237715	5194	10
237715	732	10
237748	300	9
237748	6256	8
237748	1284	8
237748	1651	9
237748	50	5
237748	2918	8
237748	1680	10
237748	6552	9
237748	1391	10
237748	2354	9
237748	6554	8
237748	903	9
237748	70	3
237748	6677	9
237748	388	9
237748	604	9
237748	4531	9
237748	609	10
237748	2837	9
237748	4747	10
237748	3899	8
237748	5415	9
237748	1788	9
237748	2579	9
237748	2133	10
237748	943	10
237856	5392	9
237856	3113	10
237856	124	3
237856	1135	10
237856	1943	10
237856	5833	10
237856	3559	10
237856	2200	9
237856	232	8
237856	490	9
237898	700	10
237898	2734	10
237898	5299	9
237898	1263	10
237898	1948	10
237898	5698	10
237898	2906	10
237898	232	10
237898	5867	8
237898	6409	9
237990	6778	10
237990	1555	9
237990	243	5
237990	63	9
237990	3530	10
237990	3318	9
237990	1616	8
237990	2573	10
237990	376	9
237990	3673	10
237990	4664	10
237990	51	7
237990	5336	9
237990	937	8
237990	4920	10
237990	5265	10
237990	6540	9
237990	4022	9
237990	6886	9
237990	295	9
237990	5183	10
237990	265	10
237990	3051	9
237990	764	10
237990	3650	10
237990	4176	10
237990	3660	8
237990	3156	8
237990	5337	10
237990	5213	10
237990	1891	10
237990	6749	10
237990	192	6
237990	716	8
237990	1574	8
237990	6501	9
237990	2744	9
237990	2134	10
237990	4756	10
237990	3863	9
237990	5206	10
237990	4722	9
238008	1605	10
238008	655	10
238008	2167	10
238008	3360	10
238008	4888	10
238008	4459	10
238010	487	8
238010	451	6
238010	1702	10
238010	1277	10
238010	6012	10
238010	4722	10
238057	2218	9
238057	2656	10
238057	458	9
238057	3632	8
238057	6090	10
238057	22	9
238057	6848	10
238057	6392	10
238057	1980	10
238057	3077	10
238057	5912	10
238057	3395	9
238057	6428	10
238057	5197	10
238065	2204	10
238065	2557	9
238065	981	6
238065	1773	8
238065	1186	8
238065	1195	9
238065	2140	10
238065	6087	10
238065	4777	10
238065	1851	9
238065	1686	10
238065	414	9
238065	4990	9
238065	3097	10
238065	2574	10
238065	3093	10
238065	416	10
238065	2004	9
238065	4814	8
238065	6493	10
238065	434	5
238065	2375	9
238065	2711	9
238065	3031	10
238065	5140	9
238065	1212	9
238065	285	7
238120	1390	9
238120	1055	7
238120	124	1
238120	1707	10
238120	1117	7
238120	4284	9
238120	3473	9
238120	2250	10
238120	1561	9
238120	1979	10
238120	2336	10
238120	169	6
238120	3522	10
238120	1201	9
238120	1569	9
238120	5991	8
238120	1983	8
238120	6572	10
238120	1412	10
238120	1091	10
238120	661	9
238120	2695	10
238120	4035	10
238120	6665	9
238120	2113	10
238120	4916	9
238120	2995	8
238120	991	9
238120	2744	10
238179	4918	8
238179	5412	10
238179	6221	10
238179	3889	9
238179	41	6
238222	1060	8
238222	892	10
238222	2632	10
238222	2573	10
238222	2877	10
238222	5355	9
238222	4179	10
238222	3573	9
238222	4954	10
238222	4686	9
238222	150	9
238222	6394	10
238246	2387	10
238246	2662	7
238246	2336	10
238246	1067	10
238246	1614	10
238246	1270	8
238246	2111	10
238246	1106	9
238246	2347	8
238246	2277	8
238246	2116	9
238319	258	7
238319	3548	9
238319	2628	10
238319	1238	10
238319	4095	10
238319	665	6
238319	5692	9
238350	5715	9
238350	1460	10
238350	432	9
238350	1269	10
238350	1851	7
238350	6319	10
238350	6247	9
238350	2398	8
238400	2032	10
238400	288	10
238400	711	10
238400	106	9
238400	4685	8
238419	5246	9
238419	3236	9
238419	74	8
238419	2334	9
238419	1727	10
238419	4573	9
238419	5288	10
238419	514	9
238419	5352	10
238419	4538	10
238540	4161	8
238540	3374	9
238540	960	8
238540	338	7
238540	340	9
238540	6419	10
238540	312	10
238541	1247	9
238541	2803	10
238541	274	6
238541	1405	9
238541	488	10
238541	611	9
238541	6238	10
238541	614	6
238541	2156	10
238541	1736	9
238557	5671	9
238557	4669	10
238557	4280	10
238557	4959	10
238557	3917	9
238557	1319	10
238557	6126	10
238557	4775	10
238557	6615	10
238557	4189	10
238557	3213	10
238557	5284	9
238557	6210	10
238557	6166	10
238557	3522	8
238557	1447	10
238557	2789	10
238557	1882	7
238557	3745	8
238557	196	9
238557	659	10
238557	730	9
238557	86	10
238557	6241	10
238557	2368	10
238557	2540	8
238557	662	10
238557	105	10
238557	1369	9
238557	4465	10
238568	1925	10
238568	1491	7
238568	185	9
238568	192	6
238568	1212	8
238607	643	7
238607	3186	9
238607	3638	9
238607	3048	9
238613	492	9
238613	1622	9
238613	465	4
238613	503	8
238613	5002	10
238613	867	10
238613	2641	9
238613	1715	9
238613	929	9
238613	5043	8
238613	5389	9
238613	2913	10
238613	1626	7
238613	218	10
238613	590	8
238613	3799	8
238613	6719	10
238613	18	8
238613	988	10
238613	2382	9
238613	3798	9
238613	213	9
238613	2119	7
238613	4535	10
238613	3389	8
238613	5897	9
238613	856	10
238630	1284	10
238630	6904	10
238630	1118	9
238630	1973	7
238630	552	10
238630	192	8
238630	1151	9
238630	6618	9
238639	816	9
238639	818	10
238639	1428	8
238639	3654	9
238639	20	4
238699	957	8
238699	5563	10
238699	2248	9
238699	3260	9
238699	1921	10
238699	1825	9
238699	5602	9
238699	5283	9
238699	1607	9
238699	657	6
238699	4393	9
238699	612	10
238699	560	9
238699	5222	10
238735	4671	9
238735	1171	9
238735	4789	10
238735	4102	9
238735	6618	10
238739	1244	9
238739	4049	10
238739	3524	9
238739	6450	8
238757	3416	9
238757	3325	9
238757	3858	10
238757	367	8
238757	4082	9
238779	1630	8
238779	249	9
238779	5526	9
238779	5972	9
238779	1055	5
238779	5468	10
238779	3985	10
238779	576	10
238779	247	10
238779	404	6
238781	5208	10
238781	406	10
238781	1179	7
238781	5510	10
238781	1190	8
238781	668	10
238781	1192	9
238781	3620	10
238781	4850	10
238781	2691	10
238781	3771	10
238781	2176	9
238781	1071	8
238781	5125	10
238781	1764	8
238781	1614	10
238781	5337	10
238781	2275	9
238781	3398	10
238781	5255	9
238781	3999	9
238836	3908	9
238836	6047	10
238836	5924	9
238836	2070	10
238836	3241	10
238836	5716	9
238849	215	9
238849	449	8
238849	2968	9
238849	801	9
238849	2628	9
238849	259	10
238849	3290	9
238849	3973	10
238849	418	9
238849	2350	7
238849	1451	9
238849	2405	9
238849	4266	9
238849	4066	9
238849	108	8
238849	187	10
238849	1579	10
238864	6134	10
238864	3259	9
238864	4648	10
238864	6689	9
238864	5366	9
238864	6467	10
238864	1291	8
238864	2221	10
238864	410	9
238864	6857	9
238864	6841	9
238864	4908	9
238864	3163	10
238864	2013	9
238864	1520	9
238864	1975	9
238864	2391	10
238864	1014	10
238864	1478	10
238864	1480	10
238864	1482	10
238864	3970	10
238864	88	10
238864	631	9
238864	3778	10
238864	6336	9
238864	90	9
238864	3205	9
238864	2958	10
238864	6469	10
238864	1723	10
238864	2909	9
238889	4268	9
238889	1706	9
238889	3372	9
238889	6898	10
238889	743	6
238889	4843	9
238889	168	9
238889	3767	10
238889	338	5
238889	339	9
238889	340	8
238889	1268	8
238889	1743	9
238889	77	9
238889	195	8
238889	4982	10
238889	736	7
238889	611	9
238889	516	9
238889	434	5
238889	4473	10
238889	4475	9
238889	4477	10
238889	837	8
238889	838	10
238889	839	10
238889	784	8
238889	842	7
239000	2396	8
239000	4554	10
239000	4800	10
239000	1467	9
239000	1000	10
239020	2227	8
239020	975	10
239020	1096	9
239020	716	8
239020	1082	10
239067	4545	9
239067	1770	9
239067	1821	7
239067	2683	9
239067	1627	9
239067	1207	7
239067	192	6
239070	1586	8
239070	2010	9
239070	1056	10
239070	2001	10
239070	5368	8
239070	829	9
239070	6521	8
239070	127	6
239070	3252	10
239070	5775	9
239161	6179	10
239161	2770	9
239161	1690	9
239161	4381	10
239161	950	9
239161	3056	8
239161	5414	10
239374	573	10
239374	305	10
239374	167	9
239374	3029	10
239374	1411	8
239374	4895	10
239374	4171	9
239407	1679	10
239407	1871	9
239407	53	10
239407	240	9
239407	4235	10
239407	2358	9
239423	6170	9
239423	4820	9
239423	652	9
239423	1011	8
239423	3092	8
239423	689	10
239423	5468	9
239423	245	10
239423	5711	9
239423	3774	10
239423	471	8
239423	472	5
239423	1260	10
239423	4429	10
239423	2979	10
239423	5050	10
239423	1037	10
239423	5666	9
239423	480	10
239423	6463	10
239423	5743	10
239423	6624	9
239423	6232	8
239423	2529	9
239460	3619	10
239460	2187	10
239460	465	6
239460	3467	10
239460	2202	9
239468	6325	10
239468	4959	10
239468	5438	9
239468	630	7
239468	4316	10
239468	1207	9
239468	6326	10
239468	2908	9
239481	650	8
239481	274	7
239481	235	8
239481	1320	8
239481	1300	9
239481	1572	10
239481	861	8
239481	1991	8
239486	4494	9
239486	533	8
239486	2370	9
239486	6197	10
239486	1552	10
239488	6374	10
239488	1	9
239488	2	9
239488	3	10
239488	4	10
239535	457	9
239535	6769	9
239535	5805	9
239535	981	7
239535	689	8
239535	245	10
239535	4896	10
239535	744	6
239535	2403	10
239535	449	10
239535	1527	8
239535	749	10
239535	4409	9
239535	4041	10
239535	1574	6
239535	1844	9
239535	1369	9
239554	243	8
239554	586	9
239554	2734	10
239554	1249	10
239554	1945	10
239554	1210	9
239554	665	6
239554	5591	10
239584	5755	9
239584	6327	10
239584	4545	9
239584	59	8
239584	2934	10
239584	3913	9
239584	3447	10
239584	5177	10
239584	2321	9
239584	4279	10
239584	1109	9
239584	1770	10
239584	15	9
239584	124	1
239584	2000	8
239584	61	6
239584	1428	7
239584	1011	7
239584	1681	9
239584	1510	10
239584	6473	10
239584	6456	10
239584	2415	9
239584	5396	10
239584	1559	9
239584	3054	10
239584	2192	10
239584	5576	9
239584	3452	10
239584	6733	10
239584	1187	9
239584	1659	9
239584	3540	9
239584	4552	10
239584	1159	8
239584	2002	9
239584	3170	10
239584	1287	8
239584	2663	10
239584	2504	9
239584	4187	9
239584	2547	10
239584	618	8
239584	1527	9
239584	378	10
239584	4325	10
239584	1663	9
239584	938	9
239584	4796	10
239584	6890	9
239584	2832	10
239584	1781	8
239584	939	8
239584	2980	10
239584	421	9
239584	3398	9
239584	4876	9
239584	3424	9
239584	4609	10
239584	107	10
239584	4405	8
239584	1673	9
239584	4197	10
239584	5053	10
239584	3814	10
239584	2238	10
239584	3470	9
239584	5828	10
239584	1959	10
239594	693	7
239594	2801	8
239594	447	10
239594	4669	10
239594	2893	10
239594	6495	9
239594	4568	10
239594	2182	10
239594	5851	9
239594	4373	9
239594	5192	9
239594	2917	9
239594	129	10
239594	1438	10
239594	1439	10
239594	734	9
239594	727	10
239594	3396	10
239594	4298	10
239594	1428	9
239594	1897	9
239594	708	9
239594	1089	8
239594	1898	9
239594	64	10
239594	3705	10
239594	3518	9
239594	4759	10
239594	2288	10
239594	450	10
239594	1382	9
239594	3727	9
239594	4301	9
239594	4302	10
239594	130	10
239594	6221	10
239594	1064	10
239594	6378	10
239594	934	7
239594	4034	10
239594	2433	10
239594	6714	10
239594	6715	8
239594	730	10
239594	4379	10
239594	906	10
239594	1203	9
239594	5985	10
239594	3022	9
239594	4904	9
239594	6177	10
239594	4703	9
239594	2398	9
239594	1730	9
239594	3899	9
239594	2461	9
239594	3001	10
239594	4439	10
239594	6339	10
239594	1547	9
239594	2463	10
239594	285	8
239594	2238	9
239594	3895	10
239594	1488	10
239609	341	6
239609	5249	10
239609	4229	8
239609	2429	10
239626	1165	9
239626	6170	9
239626	1971	10
239626	408	10
239626	6164	9
239626	391	9
239626	1239	10
239626	2882	10
239626	346	10
239626	3976	9
239626	5350	9
239626	5393	10
239626	434	6
239626	2981	10
239626	3708	10
239670	1935	9
239670	457	8
239670	3439	10
239670	54	8
239670	1154	7
239688	2818	9
239688	5251	10
239688	5838	10
239688	443	8
239688	1888	10
239688	2082	10
239688	3416	9
239688	1923	10
239688	3325	10
239688	3858	9
239688	4082	8
239688	764	10
239688	248	9
239688	5206	10
239688	2869	10
239692	394	7
239692	2829	9
239692	1387	10
239692	536	7
239692	1230	9
239692	3705	8
239692	70	3
239692	453	10
239692	1749	6
239692	6444	10
239692	803	8
239736	3914	10
239736	2396	10
239736	246	9
239736	88	9
239736	111	10
239736	6401	10
239736	2206	10
239748	1008	9
239748	3239	9
239748	3785	10
239748	3832	9
239748	1415	10
239748	848	10
239788	630	10
239788	1476	9
239788	1477	10
239788	1014	8
239788	631	10
239788	4555	8
239788	1485	10
239801	883	8
239801	2767	10
239801	1225	8
239801	2281	10
239801	1476	10
239801	6323	10
239801	637	8
239834	775	10
239834	4944	10
239834	5550	10
239834	4320	10
239834	3209	9
240035	1468	9
240035	4444	9
240035	1291	7
240035	900	10
240035	3083	9
240035	1117	6
240035	164	9
240035	3766	10
240035	2588	10
240035	1474	9
240035	2098	9
240035	4549	10
240035	4674	10
240035	2602	9
240035	4675	9
240035	376	7
240035	6912	9
240035	4978	10
240035	169	7
240035	170	7
240035	2644	9
240035	5929	10
240035	762	9
240035	171	9
240035	2710	10
240035	1377	9
240035	474	10
240035	620	10
240035	2217	8
240035	3385	10
240035	2102	9
240035	608	8
240035	2857	7
240035	4307	10
240035	1711	10
240035	2859	8
240035	1730	9
240035	5676	10
240035	4095	10
240035	670	10
240035	1617	10
240035	2756	9
240035	4277	10
240035	5973	10
240035	784	8
240051	457	10
240051	6820	9
240051	1710	8
240051	2273	9
240051	370	9
240051	1614	10
240051	5386	10
240051	2696	10
240051	2275	9
240051	2276	9
240051	326	9
240051	2671	10
240107	3064	8
240107	589	10
240107	5759	10
240107	2795	8
240107	4426	9
240107	3775	8
240111	6421	9
240111	1228	10
240111	358	8
240111	5285	9
240111	2077	9
240113	1086	10
240113	5633	10
240113	1636	7
240113	2309	10
240113	3549	9
240113	3013	9
240113	434	7
240113	267	7
240131	394	8
240131	410	9
240131	1459	10
240131	6912	8
240131	2070	7
240131	657	5
240131	6192	10
240131	832	10
240131	192	6
240219	428	8
240219	486	7
240219	5791	10
240219	465	3
240219	572	9
240219	3632	8
240219	6795	9
240219	243	5
240219	2044	8
240219	6543	8
240219	6370	10
240219	1826	10
240219	5719	9
240219	3807	10
240219	3107	10
240219	6111	10
240219	4726	10
240219	4965	8
240219	3952	9
240219	246	6
240219	1760	7
240219	5546	10
240219	1860	10
240219	4747	10
240219	2345	8
240219	6509	10
240219	6464	8
240219	1843	9
240219	6708	10
240219	1305	10
240219	1761	8
240219	2991	9
240219	1850	10
240224	1559	9
240224	165	9
240224	961	10
240224	6566	8
240224	378	8
240224	1625	10
240224	1883	10
240224	2026	8
240224	1729	9
240224	4796	10
240224	313	10
240224	20	5
240225	1638	10
240225	1527	7
240225	589	10
240225	1639	8
240225	1640	8
240225	3670	10
240225	2119	10
240225	3699	9
240225	1989	9
240235	2658	10
240235	3028	10
240235	2659	9
240235	1372	10
240235	2667	9
240235	4233	10
240267	207	7
240267	124	2
240267	4594	8
240267	4302	10
240267	327	10
240267	294	7
240267	4542	10
240267	5689	9
240267	3370	9
240267	2173	9
240267	5041	10
240272	1651	9
240272	50	3
240272	185	8
240272	1035	10
240272	1760	7
240318	3343	10
240318	3083	8
240318	6091	10
240318	586	9
240318	3727	8
240318	1104	10
240318	4768	10
240318	3644	10
240318	2077	10
240318	1548	9
240333	407	9
240333	1783	9
240333	227	9
240333	2767	10
240333	3344	10
240333	800	10
240333	776	7
240333	1916	10
240333	6427	10
240333	4490	10
240333	3048	10
240333	2093	10
240333	1152	10
240370	3768	9
240370	883	7
240370	1284	7
240370	61	8
240370	774	7
240370	70	2
240370	5135	9
240370	904	10
240370	85	10
240370	3065	10
240370	5949	9
240370	3907	10
240370	1355	9
240370	3022	9
240370	1082	8
240370	1289	9
240401	1284	9
240401	1070	9
240401	1066	10
240401	480	8
240401	2626	9
240401	240	9
240401	2405	10
240401	3339	10
240401	2812	10
240401	1219	9
240401	5717	10
240403	6799	10
240403	4545	9
240403	2209	10
240403	643	8
240403	1156	9
240403	3186	10
240403	2682	9
240403	3187	10
240403	3188	10
240403	914	9
240403	3189	10
240403	3945	10
240403	1192	10
240403	4187	8
240403	2252	10
240403	341	8
240403	6210	10
240403	2574	8
240403	4146	7
240403	3693	9
240403	4640	8
240403	5628	10
240403	685	8
240403	1039	9
240403	5244	8
240403	2235	9
240403	110	10
240403	4878	8
240403	3388	10
240403	3657	9
240403	119	9
240403	2538	10
240403	5328	10
240403	6169	10
240403	2469	8
240484	4000	10
240484	1059	10
240484	3134	9
240484	348	10
240484	367	8
240484	4082	10
240484	2578	10
240484	1667	9
240495	1078	9
240495	5901	9
240495	645	9
240495	2458	10
240495	2741	10
240495	1911	9
240541	3683	10
240541	1703	8
240541	5569	10
240541	3630	8
240541	20	6
240567	1166	9
240567	5136	9
240567	1248	10
240567	3285	8
240567	409	9
240567	627	10
240567	465	5
240567	1821	9
240567	1329	9
240567	393	8
240567	394	9
240567	208	10
240567	957	8
240567	533	7
240567	3846	8
240567	1700	10
240567	981	9
240567	1058	7
240567	1441	10
240567	6557	10
240567	6092	10
240567	6865	9
240567	72	7
240567	6029	9
240567	1994	9
240567	5252	10
240567	3985	10
240567	5219	10
240567	3930	8
240567	5738	9
240567	6567	10
240567	970	9
240567	6030	9
240567	971	6
240567	1268	9
240567	170	7
240567	6	6
240567	1743	8
240567	1851	7
240567	619	9
240567	997	8
240567	2070	7
240567	451	5
240567	160	7
240567	144	10
240567	934	6
240567	16	9
240567	2026	8
240567	17	9
240567	657	4
240567	477	7
240567	478	9
240567	6444	9
240567	590	6
240567	1205	7
240567	6700	8
240567	267	8
240567	5019	10
240567	41	7
240567	127	5
240567	192	6
240567	1788	10
240567	1212	9
240567	213	9
240567	1910	9
240567	285	8
240567	1789	10
240567	5638	10
240567	6741	9
240568	2802	10
240568	1871	10
240568	1172	10
240568	2781	10
240568	2189	10
240568	2880	10
240568	653	9
240568	1660	9
240568	1616	9
240568	3456	9
240568	1686	10
240568	3355	9
240568	657	6
240568	4981	9
240568	3974	10
240568	5938	10
240568	2272	8
240568	6192	10
240568	6299	9
240568	4921	10
240568	421	10
240568	624	8
240568	4574	10
240568	1842	9
240568	3327	10
240568	1668	9
240568	1801	10
240568	2665	10
240568	2173	8
240568	3552	10
240568	506	10
240568	4029	10
240568	3567	9
240568	1669	8
240568	5107	10
240568	5691	10
240568	1053	9
240568	4685	10
240609	1683	9
240609	328	9
240609	4400	9
240609	685	10
240609	5157	10
240643	1731	9
240643	1999	9
240643	1425	10
240643	5572	10
240643	5598	10
240643	533	9
240643	684	8
240643	5077	9
240643	3074	8
240643	3050	10
240643	2764	8
240643	934	7
240643	5552	10
240643	2965	10
240643	2026	8
240643	442	10
240643	1755	10
240643	882	10
240643	2983	7
240643	2533	10
240643	1219	10
240663	1896	10
240663	386	10
240663	1025	10
240663	1946	8
240663	1384	9
240663	877	9
240670	1431	10
240670	6115	10
240670	1080	9
240670	3307	10
240670	6386	10
240677	35	8
240677	693	9
240677	1679	10
240677	1195	9
240677	644	10
240677	1082	9
240700	6799	10
240700	5177	9
240700	3188	10
240700	5803	9
240700	2776	9
240700	2494	10
240700	1022	10
240700	3947	10
240700	6164	10
240700	4588	9
240700	6442	10
240700	668	10
240700	4187	8
240700	471	7
240700	472	8
240700	4122	10
240700	4861	10
240700	4325	7
240700	3675	10
240700	2293	6
240700	1282	8
240700	1781	9
240700	622	10
240700	480	8
240700	4265	10
240700	4798	10
240700	1617	9
240700	6861	10
240700	520	10
240756	4969	10
240756	5889	10
240756	4721	9
240756	4958	10
240756	5413	10
240756	1269	9
240756	1688	9
240756	1530	9
240756	224	7
240756	225	9
240756	5804	9
240789	2853	8
240789	3268	8
240789	3826	9
240789	3827	10
240789	2854	10
240789	3131	10
240789	469	7
240789	588	8
240829	4027	9
240829	6202	9
240829	1608	10
240829	6399	10
240829	1891	8
240829	4722	9
240906	5073	10
240906	5664	9
240906	6742	9
240906	1707	10
240906	2063	10
240906	4594	9
240906	5551	9
240906	5045	9
240906	971	6
240906	170	8
240906	6498	10
240906	162	9
240906	2756	9
240906	2962	9
240932	1674	9
240932	3730	8
240932	352	8
240932	5407	10
241042	6898	10
241042	391	10
241042	1808	10
241042	2390	10
241042	1593	9
241042	5578	10
241042	805	7
241042	613	8
241042	4310	10
241080	5100	9
241080	5437	9
241080	1460	10
241080	6	9
241080	3743	10
241080	2064	7
241080	86	10
241080	3325	9
241080	367	8
241080	4607	10
241086	4419	10
241086	1977	10
241086	1979	9
241086	5403	8
241086	3569	9
241086	4052	9
241086	3467	9
241086	1548	8
241100	1993	10
241100	3322	9
241100	5738	9
241100	3577	10
241204	2953	8
241204	3619	8
241204	672	10
241204	925	8
241204	1055	8
241204	3945	10
241204	787	10
241204	5744	9
241204	1103	9
241204	6427	9
241204	3458	9
241204	886	9
241204	1749	10
241204	87	9
241204	1647	10
241204	3550	9
241204	232	9
241204	1892	9
241204	4877	10
241204	109	9
241204	3657	8
241214	6703	10
241214	340	9
241214	1071	8
241214	935	9
241214	1066	8
241239	5643	9
241239	1465	10
241239	3605	8
241239	3813	10
241265	1587	10
241265	216	10
241265	165	7
241265	4672	9
241265	70	2
241265	886	9
241265	1838	9
241265	20	6
241357	59	9
241357	243	7
241357	2919	7
241357	235	8
241357	77	10
241357	1686	7
241357	6897	9
241357	267	7
241357	247	9
241357	2050	10
241367	486	6
241367	6561	9
241367	50	5
241367	2919	7
241367	210	9
241367	6043	10
241367	1601	10
241495	1634	9
241495	3239	10
241495	1158	8
241495	235	8
241495	1466	9
241495	875	8
241495	314	9
241513	1118	9
241513	451	6
241513	3790	10
241513	1401	10
241527	1158	9
241527	5202	10
241527	6510	9
241527	5905	10
241527	2741	10
241527	1126	9
241527	3872	10
241537	3300	10
241537	940	10
241537	3391	9
241537	5943	10
241548	3335	9
241548	628	10
241548	4971	10
241548	1444	10
241548	629	10
241548	1600	9
241548	1374	9
241548	1664	10
241548	4655	9
241548	1836	9
241548	1048	8
241548	1862	10
241548	613	8
241548	1601	10
241548	3466	10
241548	4401	10
241548	2174	10
241548	240	7
241548	106	10
241548	6736	9
241548	6388	10
241548	1219	10
241565	136	9
241565	602	10
241565	5489	10
241565	2279	9
241565	2014	9
241565	2026	7
241565	17	10
241565	2004	10
241565	4954	9
241565	5732	10
241597	692	10
241597	1680	9
241597	244	9
241597	3971	10
241597	1059	10
241597	2725	8
241597	5351	9
241597	6496	10
241597	6430	9
241597	192	7
241666	1864	9
241666	3083	8
241666	274	6
241666	981	7
241666	2067	10
241666	3092	9
241666	1513	9
241666	1441	8
241666	2543	10
241666	1442	10
241666	1421	9
241666	6423	10
241666	5043	9
241666	1102	8
241666	1685	10
241666	960	10
241666	4212	9
241666	2876	10
241666	166	10
241666	5765	10
241666	896	9
241666	6646	10
241666	2708	10
241666	892	9
241666	2604	8
241666	5968	9
241666	2632	9
241666	2080	7
241666	1250	10
241666	4111	10
241666	1995	10
241666	1758	10
241666	1002	9
241666	6033	10
241666	2432	9
241666	195	7
241666	997	8
241666	145	8
241666	83	9
241666	3906	9
241666	5046	10
241666	5661	9
241666	5423	10
241666	712	7
241666	3385	8
241666	5682	9
241666	1854	9
241666	3176	9
241666	1451	9
241666	5940	10
241666	3436	10
241666	3099	9
241666	6489	10
241666	4176	9
241666	92	9
241666	5908	10
241666	4177	9
241666	1964	9
241666	737	8
241666	3532	9
241666	342	10
241666	6138	10
241666	4277	10
241666	3674	10
241666	3200	10
241666	1272	9
241666	2376	9
241666	3633	10
241666	1463	10
241666	1141	10
241749	5445	9
241749	2388	9
241749	764	9
241749	5293	9
241749	4975	9
241749	771	9
241749	4118	10
241791	4586	9
241791	774	8
241791	1275	10
241791	2248	9
241791	4780	10
241791	5651	8
241791	5622	10
241791	2713	9
241799	4182	9
241799	3304	10
241799	1684	8
241799	4443	10
241799	5833	10
241799	781	7
241861	4593	10
241861	6203	8
241861	2032	10
241861	5571	10
241861	6889	8
241861	3359	9
241861	1845	8
241885	981	7
241885	3374	10
241885	4978	10
241885	1632	8
241885	3506	10
241885	2955	9
241885	6680	10
241980	1468	10
241980	666	8
241980	910	10
241980	1504	8
241980	1636	9
241980	1328	8
241980	1821	9
241980	1329	9
241980	391	8
241980	1586	9
241980	1587	10
241980	392	10
241980	216	9
241980	393	10
241980	394	10
241980	135	9
241980	532	7
241980	5260	10
241980	6369	10
241980	2386	10
241980	1520	9
241980	4931	10
241980	1522	10
241980	1444	9
241980	3194	8
241980	320	9
241980	1309	10
241980	4132	10
241980	2573	8
241980	1475	9
241980	997	7
241980	1064	8
241980	79	9
241980	794	9
241980	17	9
241980	4929	9
241980	1855	9
241980	1264	8
241980	474	7
241980	1612	10
241980	5786	8
241980	3586	9
241980	2217	9
241980	6199	10
241980	6523	9
241980	6190	10
241980	5402	8
241980	5286	9
241980	4605	9
241980	1840	10
241980	516	9
241980	2103	9
241980	3660	8
241980	174	9
241980	5066	10
241980	1316	10
241980	267	9
241980	2695	9
241980	5384	9
241980	768	10
241980	5292	9
241980	6278	8
241980	2762	10
241980	2565	10
241980	4276	10
241980	3144	10
241980	5306	10
241980	2105	10
241980	2106	8
241980	5214	8
241980	2233	10
241980	2696	10
241980	2274	10
241980	2275	9
241980	2276	9
241980	4446	9
241980	1270	9
241980	2111	10
241980	3217	10
241980	2541	10
241980	2808	9
241980	6000	10
241980	4447	10
241980	2542	10
241980	6137	9
241980	1271	9
241980	6834	8
241980	6785	10
241980	4448	9
241980	2112	8
241980	2113	10
241980	2114	10
241980	1272	9
241980	2277	9
241980	2116	10
241980	5788	10
241980	5294	10
241980	3333	9
241980	7	8
241980	326	10
241980	3078	9
241980	5023	9
241980	5295	9
241980	2048	10
241980	1602	9
241980	1603	7
242007	678	9
242007	4462	9
242007	1756	9
242007	1103	9
242007	471	8
242007	339	6
242007	340	6
242007	1070	9
242007	934	9
242007	3522	9
242007	2989	9
242007	622	9
242007	2751	9
242037	6308	9
242037	5395	10
242037	573	9
242037	1743	6
242037	2337	9
242037	3781	9
242037	2065	10
242037	2398	7
242037	232	10
242037	5499	10
242037	3539	9
242073	1555	10
242073	1732	9
242073	4580	10
242073	5263	10
242073	1773	7
242073	2913	10
242073	5724	9
242073	1071	8
242073	5438	10
242073	3976	10
242073	1203	9
242073	2928	9
242073	3643	9
242073	5167	10
242073	1803	8
242073	2005	9
242073	6354	9
242073	3159	10
242083	4545	9
242083	5054	10
242083	1086	9
242083	2146	10
242083	1820	10
242083	5006	9
242083	61	7
242083	586	8
242083	503	6
242083	5310	9
242083	274	7
242083	901	9
242083	573	9
242083	3544	10
242083	5348	10
242083	2643	9
242083	64	10
242083	1158	10
242083	1560	9
242083	1520	10
242083	2707	9
242083	1102	9
242083	70	1
242083	3896	10
242083	338	8
242083	339	8
242083	340	8
242083	341	8
242083	3727	10
242083	971	9
242083	169	7
242083	170	8
242083	6	8
242083	1269	8
242083	1743	7
242083	77	6
242083	2070	8
242083	1105	9
242083	2232	10
242083	3973	9
242083	418	9
242083	4141	10
242083	620	7
242083	4572	10
242083	1242	9
242083	3476	10
242083	1378	10
242083	1098	10
242083	1710	10
242083	477	7
242083	3523	10
242083	1887	8
242083	5864	9
242083	2129	10
242083	4507	9
242083	1410	8
242083	4555	8
242083	5861	9
242083	4097	10
242083	4098	9
242083	6036	9
242083	3121	10
242083	1485	10
242083	6040	9
242083	6893	9
242083	998	8
242083	434	6
242083	18	8
242083	3199	9
242083	2233	8
242083	3315	9
242083	2374	10
242083	613	8
242083	1402	8
242083	1414	9
242083	551	8
242083	1361	10
242083	1753	8
242083	2713	8
242083	614	8
242083	1788	10
242083	1471	8
242083	2748	9
242083	6835	10
242083	5954	10
242083	5988	9
242083	6249	9
242083	5573	9
242083	3536	10
242083	991	10
242083	206	9
242083	4227	10
242083	4413	10
242083	1603	9
242083	1369	9
242083	1083	8
242083	555	8
242083	1154	10
242083	5601	9
242083	6406	9
242097	1796	10
242097	1764	8
242097	906	7
242097	5195	10
242097	192	6
242106	5696	10
242106	407	7
242106	6703	10
242106	2189	9
242106	503	8
242106	1115	7
242106	1596	9
242106	1117	9
242106	2763	9
242106	2706	8
242106	6554	8
242106	1517	10
242106	1491	9
242106	3925	9
242106	4725	9
242106	472	8
242106	473	8
242106	341	7
242106	1527	9
242106	589	8
242106	1640	9
242106	5170	10
242106	1738	10
242106	3461	9
242106	4167	10
242106	1536	9
242106	1835	9
242106	1836	8
242106	1837	9
242106	1838	10
242106	1839	10
242106	1860	10
242106	3279	10
242106	1730	10
242106	4456	9
242106	434	6
242106	435	10
242106	3903	9
242106	2671	9
242106	4997	9
242118	485	10
242118	3599	8
242118	675	6
242118	2710	9
242118	6430	9
242118	2376	9
242118	2469	9
242143	5696	9
242143	1291	7
242143	1660	8
242143	1193	7
242143	1103	9
242143	723	9
242143	5848	10
242143	378	9
242143	5335	8
242143	77	8
242143	414	7
242143	2961	9
242143	6049	8
242143	3364	9
242143	379	7
242143	4229	9
242143	3042	10
242143	6529	9
242143	241	10
242143	3866	9
242247	1058	4
242247	5559	10
242247	6333	10
242247	1071	7
242247	2951	10
242247	2710	9
242269	3804	10
242269	667	10
242269	4184	10
242269	628	9
242269	668	10
242269	3480	7
242299	5061	10
242299	4993	10
242299	3244	8
242299	1554	9
242299	2554	9
242299	581	5
242299	59	8
242299	3933	10
242299	4215	9
242299	4885	9
242299	1253	8
242299	465	4
242299	1770	9
242299	50	5
242299	2000	10
242299	1330	10
242299	6403	10
242299	5469	9
242299	4216	10
242299	1520	10
242299	1978	9
242299	2070	8
242299	451	7
242299	4325	10
242299	1690	8
242299	246	10
242299	4769	8
242299	1347	9
242299	4506	9
242299	3056	9
242299	2696	9
242299	2932	9
242299	2713	7
242299	192	5
242299	214	8
242299	665	8
242299	4233	10
242299	155	9
242299	2414	9
242299	6163	10
242299	4538	10
242299	2702	10
242309	816	10
242309	957	8
242309	124	1
242309	533	7
242309	6079	10
242309	4364	10
242309	1927	9
242309	5015	9
242309	3082	9
242309	6683	9
242309	4570	9
242309	2692	9
242309	995	10
242309	2519	10
242309	331	9
242309	556	10
242309	4350	8
242310	1783	9
242310	5437	10
242310	453	9
242310	6849	10
242310	4143	10
242317	2959	9
242317	4215	9
242317	4237	10
242317	1822	9
242317	189	10
242317	1664	10
242361	1630	8
242361	3336	10
242361	158	9
242361	1194	10
242361	1662	10
242361	657	6
242361	6540	9
242361	192	5
242361	5425	9
242361	4625	9
242361	2379	10
242409	6631	10
242409	4815	9
242409	4669	8
242409	6916	10
242409	4479	10
242409	6101	9
242409	4568	10
242409	6175	10
242409	3019	9
242409	6629	10
242409	6102	10
242409	5851	9
242409	4377	10
242409	5234	10
242409	6752	9
242409	3899	10
242409	3895	9
242409	2464	10
242409	682	10
242458	320	9
242458	70	2
242458	2604	10
242458	4676	10
242458	2857	8
242465	4764	9
242465	4559	9
242465	4849	10
242465	5904	10
242465	5595	10
242499	4579	9
242499	4061	8
242499	327	10
242499	1099	8
242499	6505	10
242499	111	10
242499	5539	10
242528	465	5
242528	2415	10
242528	1058	8
242528	5335	7
242528	4155	8
242528	4151	10
242528	127	5
242528	1068	10
242528	98	10
242528	781	6
242544	1011	9
242544	2966	9
242544	3812	10
242544	1600	10
242544	4055	10
242637	1167	9
242637	5672	10
242637	227	9
242637	70	2
242637	6677	9
242639	6281	9
242639	774	9
242639	6534	9
242639	3604	10
242639	2569	10
242639	3605	10
242639	2570	10
242639	1702	9
242639	477	9
242639	1321	10
242639	2374	9
242639	1413	9
242639	3280	7
242639	3608	8
242639	20	7
242639	6139	10
242646	4342	9
242646	879	8
242646	1506	9
242646	1292	8
242646	3011	9
242646	959	10
242646	70	4
242646	3183	10
242646	2336	10
242646	1851	8
242646	3737	9
242646	5122	8
242646	1447	8
242646	5112	8
242646	794	9
242646	2026	7
242646	3355	9
242646	416	9
242646	1004	10
242646	2434	10
242646	3099	10
242646	3665	8
242646	4807	10
242646	518	9
242646	3751	10
242646	2373	8
242646	1050	8
242646	4685	10
242763	4318	10
242763	216	10
242763	6378	8
242763	157	9
242763	404	7
242843	409	8
242843	3956	8
242843	1058	7
242843	657	7
242843	1214	10
242843	2870	9
242849	3696	8
242849	5680	10
242849	4621	10
242849	2718	8
242849	445	10
242849	1379	9
242849	738	9
242849	3181	10
242849	6468	10
242878	486	4
242878	6472	10
242878	2101	8
242878	5347	10
242878	6858	10
242891	2921	10
242891	6	8
242891	1743	7
242891	3681	10
242891	912	9
242891	2344	10
242914	654	10
242914	546	10
242914	1689	9
242914	1690	10
242914	2833	10
242914	5692	10
242962	5182	10
242962	4022	10
242962	1710	10
242962	197	10
242962	6752	9
242962	3552	10
242962	155	10
242962	5878	9
243004	3190	9
243004	4280	10
243004	2520	10
243004	3048	8
243004	845	9
243004	2813	10
243058	1429	10
243058	1225	8
243058	1158	8
243058	469	8
243058	5649	9
243058	3683	10
243058	341	6
243058	414	8
243058	4619	10
243058	4099	9
243058	5796	10
243058	3024	10
243058	6696	10
243058	6697	10
243058	5168	10
243058	3025	9
243065	2554	10
243065	695	10
243065	227	8
243065	50	6
243065	1055	7
243065	124	1
243065	586	7
243065	689	10
243065	1559	10
243065	1943	10
243065	3705	7
243065	1977	9
243065	69	9
243065	70	4
243065	691	8
243065	3518	9
243065	1205	7
243065	1954	9
243065	665	7
243075	2286	9
243075	5970	10
243075	2911	10
243075	6167	9
243075	5007	10
243075	2177	9
243075	20	6
243077	5585	9
243077	2779	9
243077	3095	10
243077	6851	10
243077	749	10
243077	267	8
243077	1068	8
243077	4563	9
243077	2571	10
243077	6852	10
243077	6026	10
243077	6518	9
243077	6735	9
243077	2076	10
243142	486	8
243142	1020	10
243142	4355	10
243142	902	10
243142	1194	9
243142	575	10
243142	659	8
243236	581	5
243236	6065	10
243236	6561	9
243236	649	9
243236	1895	10
243236	244	8
243236	1430	10
243236	2415	10
243236	4048	9
243236	3972	10
243236	200	7
243236	2752	10
243236	6675	10
243236	3109	9
243236	3581	9
243236	3817	9
243236	1204	10
243236	3718	9
243236	2981	10
243236	3200	9
243236	203	10
243236	2377	10
243236	5560	9
243236	1671	10
243236	5568	9
243236	54	10
243236	3043	10
243236	2202	10
243236	2991	9
243294	2442	9
243294	899	10
243294	6868	10
243294	486	6
243294	465	6
243294	1144	8
243294	3064	9
243294	2478	10
243294	2698	10
243294	235	8
243294	291	10
243294	1046	10
243294	432	9
243294	971	9
243294	169	7
243294	1268	7
243294	378	10
243294	451	6
243294	4850	10
243294	439	9
243294	5675	10
243294	2929	10
243294	1385	10
243294	1091	10
243294	330	10
243294	1905	10
243294	1106	10
243294	662	8
243294	2665	10
243294	2173	10
243294	2348	8
243294	6757	10
243294	5992	10
243294	3368	9
243294	352	9
243294	4341	9
243294	3299	10
243312	651	9
243312	981	7
243312	1239	10
243312	541	9
243312	1627	9
243312	1752	10
243312	834	10
243312	490	7
243328	5746	10
243328	3619	9
243328	3913	8
243328	1085	10
243328	4735	9
243328	496	9
243328	3955	8
243328	410	8
243328	208	8
243328	1078	9
243328	586	9
243328	1916	10
243328	1261	8
243328	6114	10
243328	4050	10
243328	641	8
243328	2396	7
243328	4701	10
243328	3631	10
243328	2842	10
243328	1989	10
243328	5748	9
243360	4823	10
243360	1284	8
243360	1169	10
243360	649	9
243360	2473	10
243360	2636	9
243360	6611	8
243360	3824	10
243360	503	7
243360	707	8
243360	653	10
243360	892	10
243360	1103	9
243360	432	8
243360	5882	10
243360	2432	10
243360	1851	8
243360	452	9
243360	3380	10
243360	6311	10
243360	6913	9
243360	6405	9
243360	4875	9
243360	3200	10
243360	2713	9
243360	1552	9
243429	1187	9
243429	2664	10
243429	5152	10
243429	2330	10
243429	6429	8
243429	3615	9
243448	233	9
243448	3766	10
243448	3357	10
243448	3760	8
243448	2613	10
243448	3151	10
243491	2656	9
243491	4715	10
243491	124	2
243491	70	4
243491	147	9
243491	20	7
243491	2302	9
243584	2959	10
243584	6213	10
243584	6720	10
243584	1002	10
243584	1589	8
243584	3861	9
243607	581	5
243607	486	7
243607	809	8
243607	3520	10
243607	665	6
243607	1397	8
243700	3118	10
243700	1867	9
243700	274	7
243700	775	10
243700	158	9
243700	1102	8
243700	1339	10
243700	2367	10
243700	2961	8
243700	6800	9
243700	3612	10
243700	6551	10
243700	3124	10
243700	908	10
243700	1671	9
243700	1436	9
243700	5328	10
243720	57	10
243720	3260	10
243720	289	9
243720	1042	8
243720	6821	9
243720	2572	9
243720	220	10
243720	3858	8
243720	5513	10
243720	4808	8
243720	612	10
243745	124	1
243745	4108	9
243745	5433	10
243745	5766	10
243745	364	10
243745	4130	10
243745	433	8
243745	3912	8
243759	4127	10
243759	2918	9
243759	1181	10
243759	6413	10
243759	709	10
243759	4803	10
243759	1460	8
243759	3616	9
243759	5401	10
243759	2510	9
243759	2330	10
243759	145	10
243759	4051	10
243759	1566	9
243759	657	7
243759	3262	10
243759	5545	8
243759	5078	10
243759	1730	8
243759	1453	9
243759	2701	10
243759	1401	9
243759	268	9
243759	797	9
243759	1305	9
243785	6175	10
243785	3296	9
243785	2141	10
243785	4615	10
243785	2303	9
243785	6048	8
243785	4612	10
243785	3736	10
243785	5907	8
243785	3964	8
243814	1391	8
243814	244	9
243814	360	9
243814	5815	10
243814	3297	10
243863	1331	10
243863	6227	10
243863	1858	10
243863	2373	10
243863	1575	10
243879	447	9
243879	1674	8
243879	458	9
243879	1427	8
243879	3119	9
243879	947	10
243879	744	9
243879	634	7
243879	69	9
243879	70	3
243879	658	7
243879	52	7
243879	1207	8
243879	1301	10
243879	552	6
243879	2060	10
243879	2005	8
243879	2380	10
243891	1498	9
243891	1499	10
243891	465	4
243891	3654	10
243891	777	7
243891	634	7
243891	1302	9
243891	157	7
243929	2554	8
243929	1731	9
243929	447	7
243929	465	5
243929	3517	9
243929	2221	7
243929	208	9
243929	6887	9
243929	4790	8
243929	1901	7
243929	4302	10
243929	5299	9
243929	5194	9
243929	613	6
243929	663	10
243929	192	5
243929	1574	8
243929	1789	10
243929	54	8
243930	5696	10
243930	59	10
243930	1156	7
243930	678	8
243930	821	10
243930	465	6
243930	1821	10
243930	957	7
243930	5709	9
243930	6857	9
243930	503	9
243930	1331	9
243930	274	7
243930	1596	9
243930	5800	10
243930	2044	8
243930	3493	10
243930	6756	9
243930	1195	9
243930	2876	10
243930	997	8
243930	160	7
243930	3176	10
243930	3177	9
243930	635	8
243930	1453	10
243930	1207	8
243930	560	8
243930	2713	8
243930	614	7
243930	3999	8
243930	3537	9
243942	446	8
243942	2363	9
243942	1169	9
243942	2802	10
243942	585	8
243942	1197	10
243942	971	7
243942	292	8
243942	2951	9
243942	4658	8
243942	1207	8
243942	1677	10
243942	6103	10
243942	156	9
243951	925	10
243951	6421	9
243951	1708	9
243951	3945	9
243951	5421	9
243951	5367	8
243951	4164	9
243951	440	9
243951	2217	8
243951	1423	9
243951	4009	9
243951	3775	10
243951	3464	9
243966	276	10
243966	65	9
243966	1031	8
243966	3231	8
243966	6061	9
243984	1504	9
243984	1586	10
243984	1700	9
243984	1230	8
243984	634	10
243984	1851	8
243984	1744	10
243984	1886	10
243984	5417	10
243984	2398	9
243984	2889	9
244039	5998	10
244039	573	7
244039	4231	9
244039	68	9
244039	2884	9
244056	4279	9
244056	2393	9
244056	701	10
244056	3396	9
244056	3705	9
244056	1749	9
244056	2015	9
244070	1324	10
244070	446	10
244070	6580	10
244070	891	9
244070	746	10
244070	417	9
244070	6826	8
244070	1433	10
244092	1501	10
244092	245	9
244092	1851	8
244092	2064	10
244092	2491	8
244171	5708	9
244171	696	9
244171	1143	9
244171	1427	10
244171	910	8
244171	2817	10
244171	5327	10
244171	3341	10
244171	3705	8
244171	70	3
244171	1245	9
244171	4712	9
244171	728	8
244171	477	9
244171	210	10
244171	1483	10
244171	454	10
244171	127	4
244171	3712	10
244171	4413	10
244171	5562	9
244171	6390	9
244171	3539	10
244189	1279	10
244189	1028	9
244189	70	3
244189	3132	10
244189	3570	10
244189	3581	9
244189	98	9
244277	57	9
244277	2180	9
244277	2055	7
244277	465	4
244277	2918	10
244277	124	1
244277	61	7
244277	2137	10
244277	3690	10
244277	2961	8
244277	2458	9
244277	1966	10
244277	763	10
244277	1755	10
244277	1627	9
244277	1967	9
244277	861	10
244277	3666	9
244277	103	8
244277	501	7
244277	1219	10
244277	3539	9
244286	1324	10
244286	1737	10
244286	1284	7
244286	1674	10
244286	3947	10
244286	227	6
244286	3632	8
244286	1259	9
244286	533	6
244286	245	10
244286	653	10
244286	932	8
244286	3380	7
244286	2823	8
244286	1364	10
244286	2005	8
244286	5570	9
244349	2095	8
244349	5474	9
244349	5475	9
244349	2955	9
244349	4562	10
244349	4136	10
244349	2534	10
244359	207	7
244359	447	9
244359	227	7
244359	533	6
244359	3237	9
244359	2194	9
244359	165	8
244359	1269	7
244359	906	9
244359	1949	9
244359	214	9
244359	3539	9
244420	457	9
244420	2208	9
244420	3190	9
244420	1783	9
244420	243	6
244420	136	8
244420	2189	9
244420	1942	10
244420	1700	9
244420	2063	8
244420	1430	10
244420	902	10
244420	2480	10
244420	1030	9
244420	6632	10
244420	1560	10
244420	1193	8
244420	880	9
244420	2912	8
244420	1249	9
244420	892	9
244420	2080	7
244420	2056	9
244420	338	6
244420	4595	9
244420	6	8
244420	4325	9
244420	5863	10
244420	657	4
244420	938	9
244420	712	9
244420	590	4
244420	1860	10
244420	3885	9
244420	6359	10
244420	3087	10
244420	54	8
244420	1289	9
244420	6513	10
244452	3761	10
244452	6107	10
244452	6108	10
244452	6433	10
244452	843	10
244452	4491	9
244452	5497	9
244452	5236	9
244452	115	10
244452	847	8
244456	581	7
244456	496	9
244456	1253	8
244456	2225	9
244456	4260	10
244456	1789	10
244471	6391	10
244471	1228	10
244471	1707	10
244471	4108	10
244471	6822	10
244471	4223	10
244471	555	10
244484	158	10
244484	982	10
244484	347	9
244484	294	9
244484	5338	10
244484	4846	9
244484	20	7
244494	4867	10
244494	581	5
244494	486	6
244494	243	6
244494	4205	10
244494	4610	10
244517	2465	10
244517	581	5
244517	1291	6
244517	533	6
244517	988	9
244517	1956	8
244517	2671	10
244593	5006	8
244593	124	1
244593	4295	10
244593	1381	9
244593	3948	6
244593	3643	9
244593	665	7
244593	3112	10
244593	1765	9
244593	1578	10
244622	1167	9
244622	1934	8
244622	1253	6
244622	2329	9
244622	590	6
244627	1630	8
244627	6032	10
244627	3584	10
244627	233	10
244627	2896	10
244627	6844	10
244627	2147	9
244627	5543	10
244627	3766	10
244627	4754	10
244627	1319	9
244627	4153	9
244627	3804	10
244627	165	7
244627	2591	10
244627	2594	9
244627	6004	9
244627	6168	9
244627	4109	10
244627	2271	9
244627	4549	9
244627	4329	9
244627	450	9
244627	4512	9
244627	4962	9
244627	4776	10
244627	1851	8
244627	6485	10
244627	4527	10
244627	414	7
244627	997	8
244627	6306	10
244627	1446	9
244627	451	4
244627	5571	10
244627	3155	10
244627	4850	9
244627	3354	9
244627	4034	10
244627	1004	10
244627	2611	10
244627	4229	10
244627	2310	10
244627	2988	9
244627	3641	10
244627	5725	10
244627	5285	8
244627	6523	9
244627	3356	10
244627	5375	9
244627	179	9
244627	2989	10
244627	6196	10
244627	6639	9
244627	2082	9
244627	1100	10
244627	2257	10
244627	4241	10
244627	2859	8
244627	2084	10
244627	2039	8
244627	5908	9
244627	6919	9
244627	1964	10
244627	94	9
244627	3751	10
244627	5230	9
244627	6207	8
244627	5241	10
244627	4996	10
244627	5378	10
244627	3071	10
244627	3303	10
244627	2758	9
244627	5823	9
244627	6125	10
244627	2144	10
244627	4685	10
244627	2158	9
244657	695	9
244657	15	10
244657	182	7
244657	4870	8
244657	208	9
244657	5184	9
244657	536	9
244657	2912	8
244657	2662	10
244657	341	6
244657	931	10
244657	195	7
244657	1626	6
244657	1202	9
244657	1950	10
244657	1412	9
244657	127	4
244657	716	9
244657	436	9
244657	6406	9
244662	1495	10
244662	465	5
244662	5096	8
244662	1115	8
244662	275	10
244662	3193	10
244662	4971	10
244662	935	10
244662	1035	10
244662	3858	9
244676	1942	7
244676	536	10
244676	1682	10
244676	1186	7
244676	2310	9
244676	3751	10
244676	3854	10
244676	460	10
244685	4802	10
244685	692	9
244685	3301	10
244685	1318	9
244685	5281	10
244685	6021	10
244685	1405	8
244685	2590	10
244685	2595	8
244685	6853	10
244685	1334	10
244685	1877	8
244685	2161	10
244685	4540	10
244685	4673	10
244685	166	10
244685	3351	10
244685	4239	10
244685	3413	9
244685	169	8
244685	4164	10
244685	77	7
244685	1686	8
244685	2070	8
244685	160	8
244685	5552	10
244685	5820	9
244685	452	10
244685	453	10
244685	3565	10
244685	1299	9
244685	6901	10
244685	2791	9
244685	4275	10
244685	995	9
244685	5518	10
244685	263	8
244685	367	7
244685	4621	10
244685	2350	8
244685	5289	10
244685	3948	9
244685	4911	10
244685	173	10
244685	2085	10
244685	2619	10
244685	3023	10
244685	6477	9
244685	6592	10
244685	3016	9
244685	661	9
244685	612	10
244685	4277	10
244685	4347	9
244685	1303	10
244685	5822	9
244685	6625	10
244685	3160	10
244685	6660	9
244708	407	8
244708	3090	9
244708	675	9
244708	2077	10
244708	1667	10
244708	3406	10
244710	124	1
244710	1045	9
244710	451	6
244710	3093	8
244710	3885	9
244710	197	8
244710	552	9
244710	4309	9
244710	2529	9
244736	227	6
244736	2221	10
244736	1403	10
244736	410	8
244736	124	2
244736	1808	10
244736	2193	6
244736	3136	8
244736	4391	9
244736	4392	9
244736	730	9
244736	5759	10
244736	6263	9
244742	1021	10
244742	4734	10
244742	6167	10
244742	6434	9
244742	1034	10
244742	51	6
244742	657	5
244742	949	9
244742	4747	10
244742	2516	9
244742	4508	10
244761	5672	10
244761	3680	10
244761	2184	10
244761	997	9
244761	417	10
244761	5622	9
244761	2461	9
244779	3632	9
244779	3737	9
244779	6667	9
244779	6049	8
244779	3620	10
244779	17	10
244779	4117	10
244814	6769	10
244814	2360	9
244814	1896	8
244814	1658	9
244814	6869	9
244814	5016	10
244814	1626	6
244814	5689	10
244814	2983	10
244814	298	10
244814	1488	9
244873	967	10
244873	165	9
244873	1064	9
244873	3627	10
244873	434	5
244873	6299	10
244874	1707	9
244874	971	7
244874	169	8
244874	170	6
244874	41	7
244874	2233	9
244874	2301	9
244874	2133	9
244915	5	10
244915	3320	8
244915	4512	9
244915	347	8
244915	169	8
244915	2026	7
244915	870	9
244915	5047	10
244915	731	9
244915	5183	10
244915	2693	10
244915	2084	9
244915	1914	9
244915	3023	10
244915	3645	9
244925	2080	8
244925	6649	9
244925	1453	8
244925	3359	9
244925	1667	9
244995	3914	9
244995	6157	10
244995	6017	10
244995	5588	10
244995	1482	9
244995	631	10
245088	6611	10
245088	1320	8
245088	971	6
245088	974	9
245088	4528	10
245088	2211	9
245088	2037	9
245088	2856	9
245088	3370	10
245088	516	10
245088	2718	9
245088	1964	10
245088	832	10
245088	6833	10
245088	4949	10
245088	858	8
245102	6158	9
245102	3875	10
245102	3175	9
245102	127	5
245102	665	7
245102	5867	10
245128	1341	9
245128	3135	7
245128	4532	10
245128	40	10
245128	1891	10
245128	2648	10
245157	719	10
245157	4697	10
245157	2629	9
245157	6216	9
245157	1175	10
245157	2941	10
245157	1011	10
245157	3092	8
245157	3240	10
245157	6790	8
245157	2374	10
245188	6892	9
245188	4736	10
245188	397	10
245188	3722	9
245188	2463	9
245188	6781	10
245188	6575	9
245194	5584	9
245194	5120	10
245194	6290	8
245194	1011	8
245194	3092	9
245194	2826	10
245194	1068	9
245203	1731	8
245203	2193	9
245203	1186	8
245203	657	6
245203	590	5
245215	602	9
245215	1619	9
245215	6033	9
245215	1045	9
245215	831	9
245215	424	10
245281	6368	6
245281	1634	10
245281	510	9
245281	312	10
245281	3899	9
245295	5708	9
245295	1166	9
245295	6120	9
245295	461	10
245295	565	9
245295	3913	10
245295	3519	8
245295	5851	9
245295	4373	10
245295	5087	10
245295	3911	10
245295	6655	8
245295	3083	8
245295	533	6
245295	503	7
245295	1115	8
245295	1428	8
245295	2879	10
245295	3493	9
245295	2014	9
245295	1158	7
245295	2840	10
245295	1979	10
245295	2805	9
245295	655	9
245295	1103	10
245295	3813	9
245295	2149	10
245295	6189	9
245295	477	10
245295	478	7
245295	88	9
245295	4504	8
245295	622	8
245295	5234	8
245295	41	7
245295	2933	10
245295	2713	9
245295	2461	9
245295	1641	10
245295	3027	9
245295	5963	9
245311	2218	9
245311	3932	9
245311	684	9
245311	367	9
245311	4082	9
245311	764	9
245311	2350	10
245311	2995	9
245311	1218	9
245328	2917	10
245328	2781	10
245328	1058	10
245328	1574	9
245328	882	9
245328	665	6
245328	1576	10
245328	5828	10
245346	5633	9
245346	2704	10
245346	573	9
245346	472	7
245346	1851	8
245346	552	6
245371	446	9
245371	6099	10
245371	4885	8
245371	3083	9
245371	4789	9
245371	1491	8
245371	588	9
245371	3770	9
245371	1236	10
245371	971	8
245371	169	8
245371	934	8
245371	2215	9
245371	1759	8
245371	459	10
245371	608	9
245371	6826	9
245371	6420	9
245371	1803	9
245371	664	9
245371	101	10
245371	5561	10
245371	6072	8
245371	991	9
245371	285	7
245410	883	8
245410	461	9
245410	59	8
245410	4415	10
245410	1496	10
245410	2181	10
245410	5957	9
245410	6350	9
245410	1784	10
245410	1636	8
245410	1328	10
245410	1821	8
245410	1329	9
245410	391	10
245410	393	9
245410	2853	9
245410	503	8
245410	3268	10
245410	3826	10
245410	3827	10
245410	274	6
245410	2854	10
245410	1115	10
245410	981	7
245410	1707	9
245410	1117	8
245410	786	9
245410	1118	9
245410	689	10
245410	5212	10
245410	2804	8
245410	5821	10
245410	2248	9
245410	1333	10
245410	587	8
245410	3131	9
245410	3829	10
245410	2501	9
245410	6845	9
245410	470	9
245410	4398	8
245410	1776	10
245410	4238	10
245410	3351	10
245410	4111	10
245410	2329	7
245410	6033	9
245410	1343	10
245410	361	10
245410	4923	9
245410	1070	10
245410	1346	10
245410	4805	10
245410	4601	10
245410	3718	10
245410	1161	10
245410	2258	9
245410	2259	10
245410	2260	9
245410	2261	10
245410	2262	10
245410	2264	9
245410	2265	10
245410	3990	8
245410	2823	9
245410	907	9
245410	6919	10
245410	4207	8
245410	267	10
245410	127	6
245410	283	9
245410	1572	9
245410	1573	10
245410	2552	9
245410	6484	10
245410	1753	9
245410	779	9
245410	4992	10
245410	3387	8
245410	834	10
245410	835	10
245410	3048	8
245410	4290	9
245410	352	10
245410	924	9
245410	2524	9
245410	3388	10
245410	3389	10
245410	3390	9
245410	1323	10
245410	6803	9
245410	888	9
245410	6735	9
245446	1490	9
245446	1186	7
245446	5948	10
245446	6882	10
245446	624	9
245446	285	6
245534	1291	7
245534	410	9
245534	6337	10
245534	619	9
245534	2064	7
245534	5112	9
245534	5423	10
245534	6829	9
245534	2850	10
245534	3180	10
245534	6489	10
245534	4060	9
245568	531	9
245568	124	3
245568	4721	10
245568	5421	9
245568	3599	9
245568	1688	10
245568	546	10
245568	16	7
245568	1830	10
245568	1047	10
245568	737	8
245568	342	9
245568	6451	10
245604	4715	9
245604	754	10
245604	3629	9
245604	309	10
245604	675	8
245604	367	8
245604	3775	9
245604	1714	10
245604	5601	10
245616	1269	8
245616	1743	7
245616	997	8
245616	160	9
245616	3650	9
245616	329	8
245645	3104	9
245645	4545	10
245645	2451	10
245645	1896	9
245645	1055	8
245645	2586	10
245645	6737	9
245645	1873	9
245645	1808	8
245645	235	8
245645	2068	10
245645	291	10
245645	4258	10
245645	432	10
245645	2231	10
245645	3690	9
245645	2367	10
245645	378	8
245645	293	10
245645	1564	9
245645	2961	8
245645	4434	9
245645	4338	10
245645	3075	10
245645	3691	9
245645	2928	9
245645	1781	7
245645	1574	9
245645	4436	9
245645	2414	10
245645	1602	6
245645	1817	8
245649	6302	10
245649	6589	10
245649	643	8
245649	50	6
245649	2918	8
245649	2193	9
245649	4033	10
245649	5649	10
245649	246	10
245649	5297	10
245649	1299	10
245649	2856	10
245649	4546	10
245649	434	6
245649	2407	9
245649	2713	8
245649	425	9
245650	4349	10
245650	4372	9
245650	1494	9
245650	3908	10
245650	4525	10
245650	5802	10
245650	391	7
245650	743	7
245650	5110	8
245650	3592	10
245650	1445	10
245650	377	9
245650	6110	9
245650	6379	9
245650	6198	10
245650	1064	9
245650	794	8
245650	729	9
245650	975	9
245650	1448	8
245650	1594	9
245650	6010	10
245650	5438	9
245650	5661	9
245650	3140	10
245650	91	9
245650	3885	9
245650	624	9
245650	1601	10
245650	204	10
245650	6884	8
245650	3967	8
245650	1069	10
245655	4784	9
245655	5449	9
245655	6844	8
245655	4788	10
245655	744	8
245655	1901	9
245655	338	6
245655	1779	9
245655	1663	9
245655	658	7
245660	1055	6
245660	1237	8
245660	1691	9
245660	4655	10
245660	223	9
245660	4831	10
245660	3303	10
245814	2872	7
245814	6512	10
245814	1914	9
245814	6209	9
245814	1924	9
245963	6787	10
245963	4363	9
245963	2602	10
245963	3273	8
245963	935	10
245963	6770	9
245963	1751	10
245963	1801	9
245963	1576	9
246000	2896	10
246000	774	9
246000	3604	10
246000	895	10
246000	433	10
246000	3550	9
246000	597	9
246000	784	7
246000	1754	10
246156	1495	9
246156	3560	10
246156	4669	10
246156	5411	10
246156	6717	10
246156	5259	9
246156	972	10
246156	17	10
246156	3548	8
246156	1833	9
246156	2388	9
246156	5989	9
246156	829	9
246156	3991	10
246156	3912	10
246156	3532	10
246156	2347	9
246156	2522	9
246156	4352	10
246156	5797	10
246156	3695	10
246156	2238	10
246156	3895	9
246156	6809	10
246156	6872	8
246175	4953	10
246175	1823	8
246175	5833	10
246175	548	10
246175	665	7
246216	487	8
246216	3955	9
246216	586	9
246216	6550	10
246216	3655	10
246216	4050	9
246216	614	7
246216	5538	10
246216	6146	10
246230	3257	10
246230	1851	6
246230	195	9
246230	4538	9
246230	20	6
246246	2366	9
246246	5537	10
246246	908	10
246246	2524	10
246246	1323	10
246247	227	9
246247	6245	10
246247	471	8
246247	2633	9
246247	3888	9
246247	4728	9
246247	6826	10
246247	6616	9
246247	480	8
246247	2431	10
246247	6401	10
246247	2532	10
246247	2863	8
246247	2168	10
246247	1918	10
246247	6342	10
246247	6261	10
246311	2218	10
246311	3725	9
246311	4758	10
246311	3118	10
246311	890	9
246311	695	10
246311	2321	10
246311	6157	9
246311	1745	10
246311	5672	10
246311	6348	10
246311	1086	8
246311	1770	9
246311	458	10
246311	6827	10
246311	3632	10
246311	2222	10
246311	410	7
246311	5185	10
246311	124	3
246311	1509	9
246311	689	8
246311	6456	9
246311	4222	9
246311	1943	9
246311	5722	10
246311	1089	10
246311	1516	9
246311	1185	10
246311	4048	9
246311	6277	10
246311	744	8
246311	634	8
246311	2317	10
246311	3591	10
246311	165	9
246311	470	10
246311	1320	10
246311	1261	7
246311	690	9
246311	5099	10
246311	2663	10
246311	2328	9
246311	5080	9
246311	2433	10
246311	5346	10
246311	4536	10
246311	5902	9
246311	5250	9
246311	4604	10
246311	1627	9
246311	622	9
246311	6679	10
246311	939	10
246311	3532	10
246311	1395	9
246311	2351	10
246311	1301	9
246311	239	9
246311	4793	10
246311	1415	9
246311	3466	10
246311	3467	9
246311	192	6
246311	240	7
246311	6222	9
246311	436	9
246311	1892	9
246311	2983	6
246311	1816	10
246311	1218	9
246311	3538	10
246311	3814	9
246311	1991	8
246311	1154	9
246311	3895	10
246388	879	9
246388	410	7
246388	61	7
246388	235	6
246388	1714	10
246470	2959	10
246470	971	7
246470	1964	9
246470	5337	10
246470	5973	10
246470	2093	9
246470	3865	8
246470	6174	9
246470	4124	10
246507	4659	10
246507	384	10
246507	696	9
246507	1086	8
246507	650	9
246507	5259	10
246507	651	9
246507	124	2
246507	2078	9
246507	1444	8
246507	70	6
246507	1033	8
246507	388	9
246507	4325	9
246507	2645	9
246507	2950	10
246507	440	9
246507	87	8
246507	4634	10
246507	3480	9
246507	3128	10
246507	3112	10
246507	6779	10
246512	5320	10
246512	5076	8
246512	2690	10
246512	5550	10
246512	4320	9
246512	3132	10
246512	3133	10
246512	5801	9
246512	2334	9
246512	4337	9
246512	1068	8
246512	2312	8
246512	5573	9
246512	5639	9
246513	6549	10
246513	2545	7
246513	3583	9
246513	1284	9
246513	4602	9
246513	2912	6
246513	2920	9
246513	4906	10
246513	2606	10
246513	5207	9
246513	5766	10
246513	2913	10
246513	1662	8
246513	3496	10
246513	5018	10
246513	2026	9
246513	379	9
246513	1691	9
246513	18	8
246513	1573	9
246513	662	8
246513	779	9
246513	685	9
246513	3148	9
246513	3480	7
246513	4625	8
246513	4087	9
246513	4509	8
246513	1579	10
246513	6388	10
246513	1140	8
246528	6313	10
246528	5166	9
246528	3846	8
246528	971	8
246528	170	8
246528	1743	7
246528	5068	10
246528	564	9
246617	5926	9
246617	6593	10
246617	4669	10
246617	4461	10
246617	2120	10
246617	5849	10
246617	4779	10
246617	3776	9
246617	6185	9
246617	774	7
246617	4775	10
246617	5948	9
246617	1749	10
246617	192	7
246617	5913	9
246617	6872	9
246617	3165	10
246634	429	8
246634	458	10
246634	50	7
246634	410	7
246634	124	2
246634	2872	10
246634	1391	9
246634	2931	9
246634	1177	7
246634	3373	8
246634	448	10
246634	634	9
246634	1193	8
246634	1320	8
246634	70	3
246634	1923	9
246634	4158	10
246634	1576	8
246634	6669	9
246655	650	9
246655	1652	10
246655	1392	10
246655	47	9
246655	4744	10
246655	1851	8
246655	5335	8
246655	2171	10
246655	3262	9
246655	1964	8
246655	5337	9
246655	2621	9
246655	4054	10
246655	4509	8
246759	1893	10
246759	1166	10
246759	2581	10
246759	2766	10
246759	1108	9
246759	4279	9
246759	50	5
246759	774	8
246759	3373	10
246759	448	10
246759	1245	10
246759	934	6
246759	51	8
246759	246	10
246759	5695	10
246759	478	9
246759	6393	9
246759	6746	10
246759	4826	9
246759	324	10
246759	3899	9
246759	1812	8
246759	1414	8
246759	1433	9
246759	2626	10
246759	1641	9
246759	3256	10
246759	240	9
246759	5204	10
246759	2991	10
246766	2545	9
246766	2394	10
246766	968	9
246766	356	10
246766	1071	8
246766	2611	10
246766	241	10
246776	678	8
246776	6621	10
246776	5939	10
246776	696	8
246776	3911	10
246776	3668	7
246776	5565	9
246776	5395	10
246776	243	7
246776	4952	9
246776	1901	10
246776	6650	10
246776	1903	10
246776	1207	7
246776	1266	10
246776	665	7
246798	6593	10
246798	4885	6
246798	2322	10
246798	6717	8
246798	5677	10
246798	2409	10
246798	6042	10
246798	227	8
246798	2807	8
246798	3406	10
246820	5394	8
246820	2189	9
246820	4242	10
246820	2787	9
246820	1199	10
246820	3455	9
246820	5810	10
246820	4441	10
246959	3667	10
246959	492	10
246959	6753	10
246959	2918	9
246959	6896	9
246959	590	5
246959	1205	8
246959	635	10
246959	4214	10
247010	4628	9
247010	4592	10
247010	70	3
247010	4082	8
247010	127	7
247010	5337	9
247010	1844	10
247055	5549	9
247055	394	9
247055	124	1
247055	535	10
247055	1875	10
247055	1061	7
247055	3295	8
247055	5100	10
247055	4406	10
247055	6458	10
247055	6459	8
247055	4741	10
247055	398	10
247055	4093	10
247055	261	9
247055	3086	10
247055	3859	10
247055	147	10
247055	3650	10
247055	2345	9
247055	5954	10
247055	113	10
247055	3717	9
247055	3004	9
247060	1094	9
247060	3564	8
247060	3320	10
247060	2080	7
247060	657	5
247060	1594	9
247060	258	8
247060	2836	9
247060	6637	10
247060	3691	10
247060	4438	9
247060	197	10
247060	1964	9
247060	329	10
247060	3417	10
247060	2362	9
247060	331	9
247129	1580	10
247129	5745	9
247129	3083	8
247129	1582	9
247129	1428	9
247129	1596	10
247129	981	7
247129	1280	10
247129	1407	10
247129	5649	9
247129	3683	9
247129	1756	10
247129	4741	10
247129	6885	7
247129	1104	7
247129	1564	10
247129	675	9
247129	1447	7
247129	3093	9
247129	4596	10
247129	2026	8
247129	379	9
247129	4836	10
247129	4532	9
247129	4619	10
247129	608	9
247129	1964	9
247129	3665	10
247129	737	10
247129	40	10
247129	192	8
247129	4073	10
247129	2648	10
247129	3206	9
247129	780	10
247129	1603	7
247129	3159	9
247129	6586	9
247129	6676	9
247129	5974	10
247166	153	10
247166	207	8
247166	6290	10
247166	50	6
247166	590	6
247166	2753	10
247201	2137	9
247201	2080	8
247201	2987	9
247201	6918	8
247201	6468	9
247201	2732	8
247201	20	8
247240	1234	10
247240	2467	10
247240	581	4
247240	693	7
247240	405	10
247240	3211	9
247240	407	9
247240	1253	8
247240	50	6
247240	394	7
247240	243	5
247240	1330	10
247240	2044	10
247240	744	9
247240	2317	9
247240	3306	8
247240	538	8
247240	70	3
247240	5335	8
247240	1070	10
247240	6393	10
247240	590	6
247240	1205	7
247240	1315	10
247240	41	8
247240	192	6
247240	1765	9
247241	1823	10
247241	2122	10
247241	2483	9
247241	2160	10
247241	5915	8
247241	6601	10
247241	2788	10
247241	1564	10
247241	5438	10
247241	4093	10
247241	4323	10
247241	6704	9
247241	1888	10
247241	220	10
247241	3325	7
247241	3858	8
247241	4082	9
247241	514	9
247241	2311	10
247241	1835	9
247241	1838	10
247241	2578	9
247241	3361	7
247241	3998	10
247241	3298	10
247241	3553	9
247241	6174	10
247278	1708	9
247278	4771	10
247278	5712	10
247278	2347	7
247278	4819	10
247423	1871	10
247423	6274	9
247423	1626	7
247423	279	7
247423	3745	8
247423	4907	9
247429	6537	9
247429	2322	8
247429	5611	9
247429	6717	8
247429	5677	10
247429	2409	10
247429	128	8
247429	183	10
247429	3064	6
247429	2925	10
247429	2926	10
247429	4989	10
247429	6060	10
247429	1036	10
247429	950	10
247429	2999	9
247429	2522	10
247429	913	9
247429	5328	10
247444	6231	10
247444	1422	7
247444	1102	10
247444	5283	7
247444	4674	10
247444	450	9
247444	1045	10
247444	2968	10
247444	2398	9
247447	1864	8
247447	6868	10
247447	58	9
247447	6201	10
247447	595	9
247447	1636	8
247447	1328	7
247447	1821	10
247447	215	10
247447	391	9
247447	393	9
247447	2010	10
247447	394	9
247447	2032	10
247447	3842	10
247447	3920	10
247447	1825	9
247447	2122	8
247447	5509	10
247447	5489	10
247447	2589	10
247447	2637	10
247447	4654	9
247447	5932	9
247447	5368	10
247447	5445	10
247447	6494	9
247447	6460	10
247447	6885	9
247447	1340	10
247447	1342	9
247447	361	10
247447	2945	10
247447	341	6
247447	1527	8
247447	5374	9
247447	5891	10
247447	1662	9
247447	3796	10
247447	2124	9
247447	1160	9
247447	2253	9
247447	934	7
247447	5929	10
247447	2645	10
247447	6888	9
247447	51	8
247447	1690	10
247447	1744	9
247447	217	10
247447	4929	8
247447	261	10
247447	3556	9
247447	1351	9
247447	5345	9
247447	4094	9
247447	5324	10
247447	3086	8
247447	3858	9
247447	3051	9
247447	367	6
247447	4082	9
247447	1739	8
247447	764	8
247447	605	9
247447	225	10
247447	4083	9
247447	3948	8
247447	622	10
247447	514	9
247447	3643	8
247447	1730	10
247447	4807	10
247447	3751	9
247447	434	5
247447	267	7
247447	6205	10
247447	4095	9
247447	6206	9
247447	6705	9
247447	5338	10
247447	6008	10
247447	3253	9
247447	877	9
247447	2622	10
247447	2638	9
247447	5377	10
247447	3157	8
247447	4613	9
247447	2389	9
247447	4889	10
247447	6208	10
247447	5379	9
247447	4657	9
247447	2639	8
247447	6641	10
247447	6840	10
247447	1915	10
247447	556	10
247518	1821	9
247518	4844	10
247518	3948	8
247518	6012	10
247518	1000	10
247537	1977	10
247537	3984	9
247537	1979	9
247537	6882	10
247537	2053	10
247537	1154	10
247626	1094	9
247626	4161	9
247626	896	9
247626	4768	9
247626	6555	10
247626	4214	8
247626	2311	10
247626	4009	10
247626	1736	10
247664	1867	10
247664	243	8
247664	1596	9
247664	3180	8
247664	3775	9
247664	18	8
247664	1815	10
247664	285	9
247752	58	10
247752	1858	7
247752	1421	10
247752	253	9
247752	6645	10
247752	892	8
247752	5100	8
247752	2080	7
247752	6459	10
247752	450	9
247752	2329	10
247752	6885	9
247752	1045	10
247752	1382	9
247752	5724	9
247752	1447	8
247752	261	9
247752	3180	9
247752	514	9
247752	3099	9
247752	2718	8
247752	3023	9
247752	1730	9
247752	4807	9
247752	2578	10
247752	519	9
247752	4830	9
247752	4115	10
247752	3816	9
247752	5819	9
247752	1272	9
247752	613	9
247752	2724	10
247752	5946	9
247752	188	8
247752	6661	10
247752	2799	10
247829	883	8
247829	1284	7
247829	1684	9
247829	540	9
247829	2572	10
247829	665	6
247829	2201	10
247829	4405	10
247840	6065	10
247840	336	10
247840	61	7
247840	1177	9
247840	1491	9
247840	500	8
247840	1991	8
247840	6268	10
247840	978	7
247852	5171	9
247852	1094	10
247852	3766	9
247852	3348	9
247852	2278	9
247852	4015	10
247852	1517	10
247852	2287	9
247852	6873	8
247852	2035	10
247852	5744	10
247852	5712	10
247852	2632	10
247852	177	10
247852	4663	8
247852	4391	10
247852	2765	10
247852	3483	10
247852	4500	10
247852	6465	9
247852	5457	10
247852	5458	10
247852	1947	9
247852	4989	9
247852	5034	9
247852	1539	10
247852	2471	10
247852	2472	10
247852	3101	9
247852	2042	10
247855	409	8
247855	410	10
247855	124	1
247855	533	7
247855	1691	8
247855	4755	10
247897	1823	7
247897	5231	9
247897	3196	9
247897	6283	10
247897	4440	9
247897	2144	10
247918	57	9
247918	4919	9
247918	473	8
247918	3977	10
247918	5757	10
247918	1359	10
247918	3993	10
247918	4072	8
247918	991	8
247966	2632	10
247966	399	10
247966	2350	9
247966	2769	10
247966	4144	10
247966	4115	10
247998	1737	9
247998	1586	9
247998	392	9
247998	641	8
247998	2091	9
248003	207	8
248003	1622	10
248003	6725	10
248003	1898	9
248003	6733	10
248003	4791	8
248064	1807	10
248064	4320	10
248064	3273	7
248064	4164	10
248064	195	9
248064	2070	7
248064	1727	9
248064	1452	10
248064	5430	10
248098	2917	9
248098	2918	8
248098	1259	6
248098	2829	10
248098	124	1
248098	24	9
248098	4003	9
248098	320	8
248098	6093	10
248098	32	9
248098	3821	10
248098	3478	9
248098	2579	9
248131	1260	10
248131	483	9
248131	2436	10
248131	2437	10
248131	3539	9
248138	2394	10
248138	2707	9
248138	1410	8
248138	2795	9
248138	881	9
248138	1359	9
248221	696	10
248221	6508	10
248221	1898	9
248221	6869	8
248221	3114	10
248221	70	5
248221	1491	8
248221	3542	9
248221	6623	9
248221	5060	10
248221	404	6
248221	1990	9
248259	2690	8
248259	5134	9
248259	6918	9
248259	1798	9
248259	6039	9
248259	2772	9
248280	496	10
248280	1428	7
248280	234	10
248280	5444	9
248280	4239	8
248280	4112	10
248280	2518	8
248280	192	7
248464	6446	10
248464	3419	10
248464	6589	10
248464	4415	10
248464	1376	10
248464	1506	9
248464	1428	9
248464	512	10
248464	6534	9
248464	2546	10
248464	2951	9
248464	2970	10
248464	4560	9
248464	4571	9
248464	2214	10
248464	474	9
248464	620	8
248464	1759	8
248464	1530	9
248464	5819	10
248464	1800	10
248464	1617	10
248464	3903	10
248464	6478	9
248468	4215	10
248468	4919	9
248468	3784	10
248468	243	7
248468	1230	9
248468	777	9
248468	6760	10
248468	5260	8
248468	5504	10
248468	70	2
248468	1453	10
248468	127	6
248468	2995	8
248468	6360	9
248468	1955	10
248468	3151	10
248477	806	10
248477	6899	10
248477	3702	10
248477	1021	8
248477	5177	9
248477	4671	10
248477	6143	9
248477	863	10
248477	1022	10
248477	408	10
248477	3947	10
248477	5673	9
248477	957	8
248477	124	1
248477	533	8
248477	61	7
248477	4588	10
248477	3601	10
248477	668	10
248477	5762	9
248477	3606	9
248477	4187	8
248477	1393	10
248477	471	6
248477	472	9
248477	473	6
248477	341	7
248477	3055	9
248477	1688	8
248477	542	10
248477	544	10
248477	246	9
248477	2928	9
248477	480	7
248477	4747	10
248477	3056	10
248477	52	10
248477	4863	8
248477	6861	10
248477	941	9
248477	240	8
248477	4762	10
248477	2749	8
248477	489	8
248477	1152	10
248477	1154	9
248477	2991	9
248479	5777	10
248479	2919	8
248479	2912	8
248479	3727	6
248479	6122	9
248479	2994	10
248479	5430	9
248492	3448	10
248492	3946	10
248492	4049	10
248492	1717	10
248492	4850	9
248492	1694	10
248492	1272	8
248496	3934	10
248496	1057	10
248496	2925	10
248496	3288	9
248496	4147	10
248496	5070	9
248496	5837	10
248496	3734	10
248496	169	5
248496	5012	10
248496	77	8
248496	82	10
248496	5929	7
248496	2607	10
248496	3522	9
248496	4981	10
248496	4655	9
248496	6039	10
248496	2762	10
248496	5293	10
248496	2712	10
248496	247	9
248531	3270	9
248531	3957	8
248531	3239	9
248531	1058	8
248531	3272	9
248531	3286	8
248531	804	8
248531	5912	10
248531	4484	10
248540	695	8
248540	1618	9
248540	1619	9
248540	1620	10
248540	5911	10
248540	1461	9
248540	3882	8
248540	1162	10
248540	3359	10
248540	6602	8
248547	6841	10
248547	4061	9
248547	6723	9
248547	2768	9
248547	834	9
248547	836	10
248615	651	7
248615	144	10
248615	5345	10
248615	1099	10
248615	3858	7
248615	4921	9
248615	3253	10
248615	331	10
248615	4538	9
248656	5611	10
248656	1110	10
248656	1111	10
248656	1159	8
248656	3439	10
248656	1851	8
248656	1702	8
248656	402	8
248656	3051	10
248656	4709	10
248656	3536	10
248656	404	6
248749	2186	10
248749	5057	9
248749	1527	9
248749	3458	8
248749	548	8
248749	1398	8
248805	2353	10
248805	2271	9
248805	1529	10
248805	5645	10
248805	2795	8
248805	1627	8
248805	2362	10
248850	4523	9
248850	720	9
248850	2498	10
248850	3272	9
248850	4781	10
248850	703	8
248850	3320	9
248850	4675	9
248850	6683	10
248850	6439	9
248850	474	10
248850	5133	8
248850	4573	10
248850	5731	9
248850	763	10
248850	311	10
248850	2316	8
248850	3198	9
248850	2241	9
248850	781	8
248850	924	10
248901	391	9
248901	1186	9
248901	3724	9
248901	3998	10
248901	1847	7
248965	1731	8
248965	50	5
248965	4629	10
248965	1904	10
248965	528	9
248965	1083	10
249058	4089	10
249058	866	10
249058	5247	10
249058	868	8
249058	776	9
249058	6020	10
249058	777	8
249058	6062	10
249058	152	8
249058	4976	10
249058	815	9
249058	3004	10
249096	2465	8
249096	6524	9
249096	2373	10
249096	3329	10
249096	2235	10
249111	3301	10
249111	1943	9
249111	645	9
249111	5551	10
249111	3183	9
249111	1564	8
249111	1686	9
249111	6888	8
249111	1470	10
249111	3745	9
249111	5019	9
249111	421	8
249111	1891	8
249111	1051	10
249111	1782	10
249111	6340	10
249128	5382	10
249128	2902	9
249128	6541	8
249128	6653	10
249128	6323	9
249128	3902	9
249140	1165	10
249140	5396	9
249140	540	8
249140	5995	10
249140	588	9
249140	1946	9
249140	1781	10
249140	214	9
249140	193	10
249140	954	10
249140	4425	10
249140	3406	10
249150	5106	10
249150	1158	8
249150	1344	9
249150	339	7
249150	473	8
249150	3942	10
249220	4719	10
249220	5116	10
249220	2292	10
249220	1264	9
249220	5109	9
249220	853	10
249223	4200	10
249223	1426	9
249223	391	8
249223	3350	9
249223	541	8
249223	6166	9
249223	513	10
249223	2427	9
249223	732	10
249223	635	10
249223	4119	10
249361	6764	9
249361	2098	10
249361	4674	7
249361	1004	10
249361	2350	10
249407	384	8
249407	6904	10
249407	2323	9
249407	1786	10
249407	5152	9
249407	5666	10
249407	4897	10
249407	1713	9
249407	726	10
249407	2379	10
249407	773	9
249407	1140	9
249407	3539	9
249496	799	9
249496	4164	10
249496	3501	10
249496	2020	10
249496	6608	10
249496	4517	9
249496	3781	9
249496	2304	10
249628	599	10
249628	487	10
249628	5130	10
249628	2009	9
249628	821	10
249628	4820	8
249628	776	9
249628	4969	9
249628	3292	10
249628	1185	9
249628	3701	10
249628	4742	9
249628	140	8
249628	3770	9
249628	4674	10
249628	75	10
249628	338	6
249628	5228	9
249628	2336	9
249628	1104	7
249628	971	7
249628	77	8
249628	414	7
249628	2070	8
249628	451	9
249628	2507	9
249628	279	9
249628	310	10
249628	3065	9
249628	2793	9
249628	4656	9
249628	4574	9
249628	662	10
249628	1753	10
249628	2174	10
249628	5236	10
249628	6750	9
249628	2144	10
249628	5399	9
249634	6494	9
249634	449	10
249634	367	10
249634	5267	9
249634	4657	10
249650	2658	9
249650	3028	10
249650	2659	9
249650	1372	10
249650	335	8
249650	4311	10
249650	2666	10
249650	6209	10
249650	2667	9
249688	233	9
249688	1058	7
249688	5016	9
249688	3133	10
249688	1851	7
249688	1551	10
249695	3846	8
249695	1444	9
249695	67	9
249695	539	10
249695	159	10
249695	644	8
249695	3194	8
249695	645	10
249695	1686	8
249695	451	7
249695	657	7
249695	3674	8
249695	6785	10
249732	2444	10
249732	4579	9
249732	2750	10
249732	1475	10
249732	3378	9
249732	3279	10
249746	429	10
249746	185	8
249746	5452	9
249746	217	9
249746	3574	10
249746	4538	10
249848	2917	10
249848	3632	9
249848	2918	7
249848	85	9
249848	1389	8
249862	6014	10
249862	5829	9
249862	394	7
249862	274	6
249862	183	8
249862	537	10
249862	774	9
249862	5033	10
249862	6426	10
249862	339	8
249862	4325	8
249862	4375	10
249862	6555	10
249862	3943	10
249862	3231	7
249862	4989	10
249862	6060	9
249862	1036	10
249862	5034	8
249862	382	10
249862	6783	10
249862	383	10
249862	6061	8
249862	1781	8
249862	1277	10
249862	434	5
249862	662	9
249862	2173	9
249862	2132	9
249862	3043	10
249862	6864	8
249862	20	6
249862	5796	9
249862	4425	9
249924	1432	10
249924	1568	8
249924	803	7
249924	2046	10
249924	3967	10
249939	1249	8
249939	2124	9
249939	4390	10
249939	2126	9
249939	1160	8
249939	2265	10
249939	518	10
249953	3211	10
249953	1634	8
249953	6672	10
249953	3911	10
249953	4121	10
249953	1472	8
249953	5531	9
249953	2372	10
249953	1968	10
249953	5305	8
249953	1906	10
249953	2050	7
249953	1151	10
249958	643	7
249958	3186	9
249958	3187	10
249958	3188	9
249958	914	9
249958	3044	8
249958	3511	10
249958	338	5
249958	472	7
249958	473	8
249958	618	9
249958	434	6
249958	4488	9
249958	6513	9
249989	2243	10
249989	274	7
249989	1115	8
249989	1118	10
249989	3045	10
249989	778	9
249989	2662	8
249989	4651	10
249989	657	7
249989	401	10
249989	5989	10
249989	6914	10
249989	3047	9
249989	342	9
249989	127	7
249989	5214	10
249989	1924	10
249989	5225	10
249989	20	7
250006	581	7
250006	407	6
250006	1144	9
250006	41	8
250006	6429	10
250101	4487	9
250101	4788	10
250101	1743	8
250101	675	9
250101	1686	9
250101	997	9
250101	1854	10
250101	2178	9
250101	670	9
250101	19	9
250101	3280	9
250184	3419	9
250184	59	9
250184	1555	9
250184	643	8
250184	458	8
250184	1224	10
250184	5361	9
250184	2415	8
250184	1186	8
250184	1659	8
250184	2356	10
250184	388	9
250184	2738	10
250184	5505	10
250184	1626	7
250184	51	7
250184	659	10
250184	2369	9
250184	6489	9
250184	434	7
250184	6330	10
250184	1207	8
250184	4119	9
250219	6391	10
250219	2409	10
250219	6917	10
250219	901	9
250219	1380	9
250223	5620	9
250223	4221	10
250223	182	8
250223	165	7
250300	153	10
250300	3142	10
250300	678	10
250300	3911	10
250300	6023	10
250300	5015	9
250300	3293	9
250300	4743	10
250300	235	10
250300	72	8
250300	1237	7
250300	1689	10
250300	279	8
250300	51	7
250300	937	10
250300	328	10
250300	632	9
250300	6043	10
250300	3462	10
250300	1814	8
250300	4195	10
250300	2963	10
250300	5331	10
250300	2749	10
250300	286	10
250301	457	6
250301	227	7
250301	3984	9
250301	357	9
250330	1464	9
250330	2556	9
250330	2878	9
250330	2468	9
250330	5319	10
250330	2034	8
250330	5720	10
250330	237	9
250330	168	9
250330	3286	9
250330	347	8
250330	2723	10
250330	2724	9
250330	4211	10
250330	4308	9
250330	2732	10
250330	1457	9
250330	4309	10
250330	186	9
250330	4425	9
250368	4416	9
250368	50	4
250368	3805	9
250368	24	10
250368	2725	10
250368	4517	8
250368	4273	9
250368	266	10
250368	4245	8
250368	1301	10
250368	6466	10
250368	1317	9
250398	6140	9
250398	531	9
250398	135	9
250398	136	8
250398	23	10
250398	24	9
250398	138	10
250398	4003	9
250398	1310	10
250398	3084	10
250398	3132	9
250398	2726	8
250398	29	9
250398	142	10
250398	143	10
250398	6171	10
250398	1693	9
250398	2553	8
250398	6366	7
250405	5634	10
250405	5802	10
250405	2162	10
250405	3258	10
250405	4566	9
250405	241	10
250405	3539	10
250456	1593	10
250456	1625	9
250456	4596	9
250456	659	9
250456	4903	9
250461	3237	10
250461	3807	9
250461	1122	10
250461	749	9
250461	6239	9
250494	1978	9
250494	1979	10
250494	473	9
250494	1548	10
250494	4099	9
250506	5436	10
250506	2034	9
250506	2719	9
250506	4945	10
250506	32	10
250543	4952	10
250543	3472	8
250543	531	9
250543	532	10
250543	3084	10
250543	2875	10
250543	5827	9
250543	1551	10
250683	639	10
250683	6538	10
250683	5356	10
250683	3787	10
250683	3660	10
250683	4060	10
250683	6422	10
250709	638	9
250709	2934	9
250709	6001	10
250709	884	9
250709	5910	10
250709	5261	10
250709	3091	10
250709	1707	10
250709	6380	10
250709	5075	9
250709	167	10
250709	2627	9
250709	6156	10
250709	1563	10
250709	4147	9
250709	3837	9
250709	6046	8
250709	3224	10
250709	5069	10
250709	5070	10
250709	5071	9
250709	6047	10
250709	4240	10
250709	3321	10
250709	4113	8
250709	5924	9
250709	5751	10
250709	4129	10
250709	2396	10
250709	1071	9
250709	3906	9
250709	3361	10
250709	2518	9
250709	6331	10
250733	5471	9
250733	5472	10
250733	980	9
250733	2096	10
250733	5473	10
250733	5474	10
250733	5475	9
250733	5477	10
250733	5478	9
250764	2014	9
250764	3400	8
250764	309	10
250764	1066	8
250764	5906	8
250764	3209	9
250764	624	8
250764	716	10
250764	1574	10
250832	243	6
250832	124	1
250832	36	8
250832	1389	9
250832	2808	10
250832	1154	7
250851	1793	10
250851	1104	8
250851	675	8
250851	6758	10
250851	4249	10
250925	1284	8
250925	1220	9
250925	487	8
250925	6580	10
250925	1747	9
250925	1086	10
250925	1144	10
250925	2770	9
250925	3266	8
250925	1587	10
250925	776	9
250925	2873	9
250925	5111	8
250925	4724	8
250925	5801	10
250925	2329	9
250925	1045	10
250925	1382	8
250925	347	9
250925	1104	8
250925	6	8
250925	5112	9
250925	4844	9
250925	1448	9
250925	3357	8
250925	88	8
250925	2077	10
250925	4405	9
250925	6096	9
250936	4971	10
250936	2327	9
250936	2992	7
250936	2140	10
250936	327	10
250936	5187	9
250936	5838	10
250936	1626	6
250936	52	9
250936	2276	10
250936	5732	10
250939	3956	9
250939	469	7
250939	3613	10
250939	939	10
250939	1300	10
250939	2798	10
250962	2465	9
250962	1496	9
250962	1472	10
250962	3083	8
250962	503	8
250962	1331	10
250962	1115	10
250962	5701	9
250962	1428	8
250962	742	7
250962	1117	9
250962	2763	10
250962	2706	9
250962	1597	8
250962	412	10
250962	1249	9
250962	3705	9
250962	4062	9
250962	70	3
250962	5202	10
250962	2123	10
250962	5751	10
250962	5654	9
250962	4129	9
250962	1702	9
250962	2396	9
250962	1352	10
250962	2514	10
250962	1711	9
250962	1712	10
250962	4800	10
250962	5859	10
250962	6785	10
250962	5573	9
250989	5876	9
250989	6320	9
250989	1249	10
250989	308	9
250989	6889	8
250989	665	7
250989	1578	10
251003	1634	9
251003	1444	7
251003	67	10
251003	3194	8
251003	645	10
251003	4724	10
251003	674	10
251003	1263	9
251003	1071	8
251003	3460	10
251003	3461	9
251003	4167	8
251003	1837	10
251003	1730	9
251003	4966	10
251003	4538	10
251019	4816	9
251019	5110	9
251019	1064	10
251019	729	10
251019	737	9
251019	5600	10
251019	1629	8
251093	235	7
251093	930	10
251093	912	8
251093	2164	10
251093	1361	9
251093	426	10
251093	4483	8
251122	1808	8
251122	5764	9
251122	450	9
251122	77	8
251122	997	9
251122	2795	10
251122	4680	10
251140	1865	10
251140	4215	10
251140	4237	10
251140	1022	10
251140	5054	10
251140	5400	8
251140	1291	6
251140	1055	8
251140	1820	10
251140	215	10
251140	651	7
251140	243	6
251140	124	1
251140	2943	10
251140	3919	9
251140	5063	10
251140	1407	9
251140	2919	9
251140	1196	7
251140	169	7
251140	5863	9
251140	983	7
251140	1855	8
251140	657	6
251140	1947	9
251140	3977	10
251140	459	9
251140	3197	10
251140	1492	8
251140	5952	10
251140	2275	10
251140	3424	10
251140	2005	10
251146	6533	10
251146	3812	10
251146	4665	10
251146	2215	9
251146	3172	10
251146	560	8
251149	4351	9
251149	227	7
251149	3632	7
251149	70	3
251164	4581	10
251164	207	9
251164	4221	10
251164	884	10
251164	754	10
251164	1292	10
251164	533	8
251164	1941	9
251164	448	9
251164	1943	9
251164	634	8
251164	1058	7
251164	3059	8
251164	2002	9
251164	3194	9
251164	3074	9
251164	930	8
251164	3439	10
251164	1901	9
251164	1201	9
251164	3775	8
251164	1570	10
251164	2670	9
251164	193	8
251164	2983	10
251164	1816	8
251242	774	9
251242	800	8
251242	5	9
251242	5701	9
251242	1858	8
251242	2080	7
251242	2992	10
251242	450	8
251242	793	9
251242	4114	10
251242	3039	10
251242	2212	9
251242	4571	7
251242	2214	9
251242	712	7
251242	4159	10
251362	2120	10
251362	2171	10
251362	2713	8
251362	1548	8
251391	1596	9
251391	5063	10
251391	1268	8
251391	4664	10
251391	4107	10
251394	927	10
251394	227	7
251394	6508	9
251394	3680	9
251394	3341	8
251394	3064	8
251394	1115	8
251394	1117	7
251394	958	8
251394	1337	9
251394	1491	8
251394	588	9
251394	2547	10
251394	190	10
251394	5918	10
251394	788	9
251394	3378	10
251394	620	10
251394	3978	9
251394	2901	9
251394	4306	10
251394	6597	10
251394	2296	9
251394	591	10
251394	887	10
251394	4956	9
251394	3123	10
251394	42	9
251394	312	9
251394	4246	10
251394	192	5
251394	500	8
251394	3764	9
251394	1215	10
251394	1289	10
251394	784	6
251394	3390	7
251394	4322	10
251394	6469	10
251394	2202	10
251394	6262	9
251398	4697	10
251398	1660	10
251398	4700	8
251398	1273	9
251398	2158	9
251422	384	9
251422	649	9
251422	1634	10
251422	1055	8
251422	1505	10
251422	411	9
251422	800	9
251422	387	9
251422	4182	9
251422	1027	9
251422	2479	9
251422	4231	10
251422	1655	10
251422	1235	9
251422	667	9
251422	3598	10
251422	4780	10
251422	5876	9
251422	1825	10
251422	4294	10
251422	1826	10
251422	4912	10
251422	70	2
251422	1851	8
251422	414	7
251422	934	7
251422	4676	10
251422	1690	10
251422	1744	9
251422	3556	9
251422	590	4
251422	3550	9
251422	2084	10
251422	1126	9
251422	5089	10
251422	41	7
251422	2389	10
251422	4915	8
251422	3878	10
251422	6146	10
251422	2201	9
251422	5935	10
251422	2963	10
251422	2744	8
251422	20	6
251422	3503	9
251422	5669	10
251423	207	9
251423	2120	10
251423	1224	10
251423	744	8
251423	1355	10
251423	789	9
251423	192	6
251423	784	6
251483	182	9
251483	2022	10
251483	737	8
251483	4598	10
251483	192	6
251495	3409	10
251495	486	6
251495	2031	9
251495	4811	10
251495	2384	10
251495	4398	9
251495	235	7
251495	293	10
251495	3718	9
251495	985	10
251518	4331	10
251518	3766	9
251518	1441	8
251518	347	8
251518	1104	10
251518	263	8
251518	3948	8
251518	514	10
251518	4277	10
251527	124	2
251527	1071	9
251527	4980	10
251527	3156	9
251527	2093	8
251560	5263	10
251560	744	9
251560	937	8
251560	4459	9
251560	1956	9
251560	404	6
251560	3539	10
251606	1731	8
251606	1176	8
251606	5272	9
251606	619	9
251606	657	8
251606	4165	9
251606	592	7
251606	1207	7
251606	1080	10
251606	5485	8
251606	614	5
251606	3330	10
251606	4403	9
251606	1816	9
251613	599	10
251613	2218	10
251613	5327	10
251613	4674	10
251613	2967	10
251613	1263	9
251613	279	7
251613	6190	9
251613	1203	10
251613	6704	10
251613	5912	9
251613	4247	10
251613	1788	8
251613	240	7
251613	5716	10
251613	2236	10
251613	1741	10
251613	2008	10
251642	5821	8
251642	3429	8
251642	6297	10
251642	4426	8
251642	1538	10
251642	2756	8
251642	5742	10
251721	144	7
251721	2948	10
251721	4703	9
251721	3712	10
251721	6659	10
251721	1219	9
251739	1872	8
251739	1287	9
251739	357	8
251739	2149	10
251739	3135	10
251739	1263	9
251739	5949	9
251739	4646	9
251739	5058	10
251739	1222	9
251739	3048	9
251739	4099	9
251739	6695	9
251744	809	9
251744	1291	7
251744	1376	10
251744	124	1
251744	2000	9
251744	1185	9
251744	1901	9
251744	2679	10
251843	3651	10
251843	3282	10
251843	1439	9
251843	394	10
251843	4952	9
251843	531	8
251843	1557	10
251843	2189	10
251843	1875	10
251843	305	10
251843	3045	9
251843	1179	6
251843	3374	10
251843	1927	10
251843	4286	10
251843	70	3
251843	1309	9
251843	4945	8
251843	2725	8
251843	291	10
251843	1527	10
251843	589	10
251843	1639	10
251843	378	10
251843	195	8
251843	2961	9
251843	1105	10
251843	4963	9
251843	2877	10
251843	4947	9
251843	4229	9
251843	1530	9
251843	1531	10
251843	1854	10
251843	3463	9
251843	3948	10
251843	4214	10
251843	736	10
251843	3180	10
251843	2311	9
251843	6489	10
251843	611	9
251843	517	10
251843	3751	10
251843	6171	8
251843	127	4
251843	3566	10
251843	6115	9
251843	3478	10
251843	1233	10
251843	797	10
251843	3256	9
251843	798	7
251843	5448	10
251843	5567	10
251843	4315	10
251843	2890	8
251843	4846	9
251843	6781	10
251843	507	10
251843	4405	10
251843	1289	8
251843	175	10
251843	1816	8
251843	3469	9
251843	156	9
251843	157	9
251843	5776	9
251843	152	8
251844	3926	10
251844	6288	8
251844	6481	10
251844	4581	10
251844	4858	10
251844	3583	9
251844	2655	10
251844	1869	9
251844	5671	9
251844	5811	9
251844	5079	10
251844	1109	9
251844	821	8
251844	530	9
251844	1426	10
251844	410	7
251844	1391	9
251844	1178	10
251844	1631	9
251844	3983	9
251844	1195	9
251844	903	9
251844	2318	10
251844	691	10
251844	291	9
251844	1881	10
251844	1527	10
251844	3690	9
251844	2788	8
251844	589	9
251844	4164	10
251844	1269	6
251844	5335	9
251844	1640	9
251844	1564	9
251844	2961	10
251844	5450	9
251844	5807	10
251844	992	10
251844	6577	9
251844	934	8
251844	1691	9
251844	6158	10
251844	1946	9
251844	440	9
251844	2899	9
251844	5945	10
251844	2850	10
251844	3171	10
251844	590	6
251844	210	10
251844	87	8
251844	1480	9
251844	1740	10
251844	4989	9
251844	635	9
251844	91	10
251844	3172	10
251844	93	10
251844	5314	8
251844	963	10
251844	4347	10
251844	1301	10
251844	1273	9
251844	2119	8
251844	1713	9
251844	104	10
251844	4378	9
251844	5273	9
251844	120	9
251844	3997	9
251844	4353	9
251890	4670	9
251890	6530	8
251890	2602	10
251890	3134	10
251890	338	6
251890	5621	10
252071	595	8
252071	4494	10
252071	1230	9
252071	1280	10
252071	3153	9
252071	1183	9
252071	3689	9
252071	880	9
252071	4496	10
252071	1102	9
252071	51	8
252071	4333	10
252071	328	10
252071	657	5
252071	5438	10
252071	1201	10
252071	3692	10
252071	3198	9
252071	4203	10
252071	1572	10
252071	2638	10
252071	4274	10
252071	1493	9
252071	425	9
252071	6618	9
252222	4524	10
252222	6514	9
252222	3813	10
252222	3727	8
252222	1070	9
252222	934	5
252222	1749	9
252222	2179	10
252222	4761	10
252222	858	9
252233	981	8
252233	776	8
252233	46	9
252233	574	10
252233	4191	9
252282	4885	10
252282	1372	9
252282	1504	9
252282	204	10
252282	2889	9
252287	1042	9
252287	17	10
252287	1855	10
252287	367	8
252287	4082	10
252287	605	9
252287	224	10
252287	225	8
252287	2344	9
252287	3816	8
252287	6008	8
252287	4657	9
252292	2033	10
252292	5317	9
252292	219	8
252292	605	10
252292	226	10
252292	4144	10
252292	1615	10
252292	5157	10
252347	1605	10
252347	1593	9
252347	3743	9
252347	893	9
252347	453	10
252347	711	8
252347	578	10
252347	6897	10
252347	4982	10
252347	4807	10
252347	6509	10
252627	3713	10
252627	3700	10
252627	620	10
252627	1066	7
252627	950	9
252654	4252	10
252654	2090	9
252654	5410	10
252654	2717	10
252654	196	10
252654	2771	10
252654	1067	10
252698	1942	9
252698	1631	7
252698	2785	10
252698	1196	9
252698	4471	10
252775	6157	9
252775	2779	9
252775	3168	6
252775	103	10
252785	2282	10
252785	3824	9
252785	2853	9
252785	6214	10
252785	6783	10
252785	986	10
252785	875	9
252785	876	9
252806	1490	9
252806	24	10
252806	6148	9
252806	3455	10
252806	417	9
252806	2391	9
252806	4305	9
252806	3140	10
252806	5460	10
252806	214	9
252820	6123	10
252820	1935	10
252820	4545	8
252820	2817	8
252820	785	10
252820	274	6
252820	1428	7
252820	1032	9
252820	5544	10
252820	645	8
252820	3074	9
252820	2546	9
252820	5559	10
252820	6601	9
252820	6069	10
252820	2951	9
252820	2232	10
252820	2855	10
252820	1240	10
252820	6786	9
252820	2836	8
252820	2710	10
252820	1264	8
252820	2955	7
252820	2956	10
252820	2957	10
252820	912	8
252820	6190	10
252820	6180	10
252820	6462	8
252820	3597	10
252820	6383	10
252820	3782	10
252820	5143	9
252820	5625	10
252820	3979	10
252820	1800	10
252820	6430	9
252820	1207	8
252820	6152	10
252820	1891	10
252820	2932	9
252820	6671	10
252820	3678	9
252820	98	8
252820	4227	10
252820	111	10
252820	845	10
252820	2812	10
252820	2528	10
252820	116	8
252820	6735	9
252820	5407	10
252820	1958	9
252820	1084	9
252827	4669	9
252827	6916	8
252827	5939	10
252827	3018	7
252827	386	10
252827	6615	10
252827	3311	10
252827	131	10
252827	632	10
252827	6043	9
252827	5815	10
252827	6616	10
252827	101	9
252827	1576	9
252827	404	7
252829	471	9
252829	338	8
252829	472	8
252829	339	9
252829	473	9
252829	340	10
252829	341	6
252829	480	7
252829	434	5
252829	5540	8
252843	1720	10
252843	648	10
252843	1823	8
252843	2818	9
252843	5420	9
252843	5680	9
252843	2032	10
252843	4092	10
252843	253	9
252843	1566	10
252843	328	9
252843	5893	10
252843	1238	10
252843	1780	10
252843	3263	10
252843	3251	10
252843	2578	9
252843	6521	10
252843	3861	10
252843	4314	10
252843	738	9
252843	4755	8
252843	4459	9
252843	6751	10
252843	3503	9
252843	3160	10
252843	4578	10
252846	1158	9
252846	2097	9
252846	886	8
252846	1476	9
252846	782	7
252846	5273	9
252846	2074	9
252846	2076	10
252848	6112	9
252848	2189	10
252848	4792	9
252848	169	7
252848	1851	8
252848	4357	9
252848	3772	9
252848	4480	9
252848	2822	8
252848	2398	9
252848	3198	9
252848	3200	10
252848	555	10
252865	3083	9
252865	2175	10
252865	243	5
252865	5543	9
252865	358	10
252865	376	9
252865	1475	9
252865	4635	10
252865	971	5
252865	5616	10
252865	3184	10
252865	894	10
252865	6901	9
252865	4148	10
252865	3816	10
252865	6752	8
252865	4236	10
252865	3551	10
252865	106	9
252865	6124	8
252865	4756	10
252865	594	10
252903	6916	10
252903	6313	10
252903	4377	8
252903	5360	10
252903	563	9
253005	243	6
253005	124	1
253005	2001	10
253005	1308	9
253005	70	3
253005	146	8
253005	3565	9
253005	18	8
253005	2516	9
253005	150	9
253005	5021	9
253005	3233	9
253005	1782	8
253005	2235	10
253005	2674	9
253005	1603	8
253005	4538	9
253106	207	9
253106	1291	7
253106	1942	10
253106	1980	9
253106	934	5
253106	1626	8
253106	423	10
253106	2553	10
253226	227	7
253226	3472	9
253226	532	8
253226	1292	8
253226	5260	10
253226	196	10
253226	6900	10
253226	180	9
253226	1315	10
253226	4366	10
253226	2711	10
253226	6784	9
253226	2203	10
253310	410	8
253310	124	1
253310	3690	10
253310	414	8
253310	451	6
253310	2004	8
253310	716	9
253310	1856	10
253310	490	7
253311	1004	10
253311	4022	8
253311	3279	9
253311	1730	8
253311	5583	9
253311	342	9
253311	3280	9
253311	118	9
253322	4986	9
253322	2650	9
253322	417	10
253322	3459	8
253322	5001	9
253322	613	8
253322	637	9
253386	124	1
253386	2225	9
253386	414	7
253386	2005	9
253386	6428	8
253403	6546	9
253403	3980	9
253403	4292	10
253403	4600	9
253403	5235	10
253482	176	10
253482	1291	8
253482	759	9
253482	471	7
253482	472	8
253482	473	7
253482	1690	8
253482	480	8
253482	5143	9
253482	1714	9
253556	2031	9
253556	1499	10
253556	3450	10
253556	2690	7
253556	2290	9
253556	4749	9
253556	4797	9
253556	4739	10
253556	5507	10
253556	3148	9
253556	5430	9
253556	2093	8
253563	2817	10
253563	2966	10
253563	1103	10
253563	3286	10
253563	2983	10
253580	405	9
253580	1920	10
253580	1745	10
253580	5818	10
253580	4702	10
253580	168	9
253580	450	9
253580	4651	10
253580	1564	10
253580	160	9
253580	144	8
253580	3977	10
253580	1667	9
253580	7	10
253580	1083	10
253580	1579	9
253602	3610	9
253602	1894	10
253602	1253	7
253602	3049	10
253602	3586	8
253602	3902	10
253602	3417	10
253602	6339	9
253602	5236	9
253626	124	2
253626	6869	10
253626	6733	10
253626	744	6
253626	1901	10
253626	5153	10
253626	954	10
253629	2467	10
253629	1224	10
253629	755	10
253629	1421	8
253629	1249	9
253629	4743	10
253629	70	2
253629	3364	10
253629	4154	9
253629	4334	8
253629	737	9
253629	127	5
253629	1861	9
253629	3480	9
253629	977	9
253629	526	9
253629	3609	10
253668	6725	7
253668	912	8
253668	38	10
253668	594	10
253668	5748	10
253668	1991	9
253771	4670	10
253771	3723	9
253771	201	10
253771	3313	9
253771	5460	10
253771	157	8
253771	1550	6
253771	404	9
253797	5881	10
253797	6601	10
253797	1909	10
253797	784	9
253821	5572	9
253821	124	1
253821	5282	9
253821	3320	10
253821	4674	7
253821	2099	10
253821	1124	9
253821	934	6
253821	2026	7
253821	1836	8
253821	1837	10
253821	5485	10
253821	2521	9
253821	2050	8
253821	4817	10
253821	427	9
253867	407	8
253867	124	1
253867	1637	10
253867	657	7
253867	1608	10
253867	4975	9
253871	4705	9
253871	581	4
253871	6519	10
253871	1259	9
253871	410	8
253871	727	10
253871	4360	9
253871	5762	10
253871	235	8
253871	3564	10
253871	5836	9
253871	5228	8
253871	6910	9
253871	1064	9
253871	6182	10
253871	1071	9
253871	1003	9
253871	1626	6
253871	51	7
253871	3745	9
253871	657	5
253871	4571	9
253871	3974	10
253871	2215	8
253871	3385	9
253871	4678	10
253871	1349	10
253871	1350	9
253871	1351	9
253871	3415	10
253871	4201	10
253871	224	8
253871	962	10
253871	2832	9
253871	420	10
253871	3692	10
253871	1964	10
253871	198	10
253871	519	10
253871	2550	8
253871	1692	10
253871	2407	8
253871	2273	9
253871	41	6
253871	4921	9
253871	4551	10
253871	2808	9
253871	6785	10
253871	665	6
253871	1397	8
253871	781	7
253871	489	9
253949	3632	10
253949	3803	8
253949	981	7
253949	3512	9
253949	3766	8
253949	1743	8
253949	934	7
253949	84	9
253949	439	9
253949	2821	9
253949	3022	10
253949	560	8
253949	1153	10
253964	124	1
253964	2269	10
253964	2189	9
253964	4689	10
253964	2337	10
253964	1003	8
253964	5580	10
253964	770	10
253964	781	7
254038	6917	10
254038	4890	9
254038	1408	8
254038	6461	10
254038	1704	10
254038	1781	10
254038	2516	9
254038	19	9
254038	2672	10
254053	5102	10
254053	2010	8
254053	67	9
254053	645	9
254053	3074	8
254053	3744	10
254053	294	10
254053	4631	10
254053	2552	9
254053	32	7
254053	6019	10
254064	1565	10
254064	1453	8
254064	4877	10
254064	4878	7
254064	5877	9
254064	3657	8
254144	1648	9
254144	6098	10
254144	777	8
254144	4359	9
254144	3058	10
254144	1336	9
254144	1344	8
254144	3690	8
254144	2303	9
254144	378	9
254144	3620	9
254144	2978	10
254144	764	10
254144	3180	9
254144	3279	10
254144	2233	9
254144	2665	10
254144	331	10
254144	1761	10
254160	1737	8
254160	176	8
254160	1747	10
254160	809	9
254160	2226	9
254160	3410	9
254160	575	8
254160	3194	7
254160	4620	9
254160	5076	10
254160	3273	10
254160	935	9
254160	1066	10
254160	3790	10
254160	3067	10
254196	1001	9
254196	2067	10
254196	3069	10
254196	5929	9
254196	762	10
254196	2021	9
254196	2117	9
254196	3436	10
254201	581	6
254201	486	6
254201	503	9
254201	3064	7
254201	2763	9
254201	448	10
254201	1320	10
254201	905	10
254201	6156	9
254201	3273	9
254201	5254	10
254201	1447	9
254201	3093	9
254201	379	7
254201	5759	9
254201	592	8
254201	5650	9
254201	2621	10
254201	1050	8
254201	2623	9
254201	4996	10
254201	5039	10
254201	5743	8
254201	1369	10
254278	5083	10
254278	1618	9
254278	1461	9
254278	2117	10
254278	2084	9
254278	6359	9
254278	55	10
254278	6340	10
254289	1602	8
254289	1603	8
254289	2532	8
254289	2863	10
254289	2864	10
254289	1074	10
254299	486	6
254299	457	9
254299	2971	10
254299	3520	8
254299	1172	10
254299	957	7
254299	2000	9
254299	3425	10
254299	1179	9
254299	5420	9
254299	634	6
254299	1058	7
254299	3170	9
254299	930	10
254299	3581	10
254299	546	9
254299	937	10
254299	659	10
254299	2635	9
254299	1205	8
254299	5545	9
254299	4156	10
254299	352	9
254299	12	10
254299	14	10
254355	3696	10
254355	6271	9
254355	1004	10
254355	3558	10
254355	5553	10
254355	2305	10
254355	3204	10
254376	189	9
254376	3986	10
254376	4262	10
254376	3964	9
254376	4378	9
254376	4405	8
254377	3933	10
254377	2188	9
254377	1586	10
254377	3982	9
254377	70	2
254377	4467	10
254377	1062	8
254377	2163	9
254377	1859	9
254377	6721	10
254377	6129	10
254377	4135	8
254377	1413	10
254377	6345	9
254405	3261	9
254405	2913	10
254405	1686	8
254405	6667	10
254405	1532	9
254405	4233	9
254405	2865	8
254405	6085	10
254417	643	9
254417	1156	9
254417	5649	9
254417	1703	9
254417	6376	9
254465	5174	10
254465	1866	9
254465	3447	10
254465	5148	9
254465	407	7
254465	809	7
254465	4765	10
254465	393	9
254465	243	7
254465	124	2
254465	1094	9
254465	2485	10
254465	653	9
254465	158	10
254465	5602	9
254465	4437	9
254465	2598	10
254465	792	9
254465	669	10
254465	5762	10
254465	2066	10
254465	2912	6
254465	5916	9
254465	4651	10
254465	5836	9
254465	5011	10
254465	6910	8
254465	5766	10
254465	364	9
254465	3734	8
254465	432	8
254465	3735	10
254465	378	7
254465	414	6
254465	2064	8
254465	2176	10
254465	1632	9
254465	935	9
254465	546	8
254465	1447	10
254465	4515	9
254465	1626	8
254465	51	9
254465	1691	7
254465	6896	10
254465	3565	10
254465	3586	7
254465	1098	10
254465	3415	10
254465	6038	10
254465	763	8
254465	4201	9
254465	311	8
254465	1047	9
254465	1923	9
254465	2350	7
254465	5049	9
254465	2369	9
254465	6118	9
254465	6666	9
254465	5288	9
254465	3891	10
254465	5289	9
254465	173	10
254465	2331	10
254465	3023	10
254465	4606	9
254465	4365	9
254465	3754	10
254465	5292	10
254465	4203	10
254465	2109	10
254465	2696	10
254465	2274	8
254465	4551	10
254465	2110	10
254465	1572	10
254465	4446	9
254465	1270	10
254465	2111	9
254465	6122	10
254465	3217	10
254465	1573	10
254465	6137	10
254465	6834	10
254465	4448	10
254465	2112	9
254465	552	8
254465	424	10
254465	1397	10
254465	2861	10
254465	6659	10
254467	3668	9
254467	1186	8
254467	634	7
254467	1336	10
254467	1261	8
254467	3593	9
254467	4845	9
254486	5528	9
254486	3059	8
254486	3690	9
254486	79	10
254486	545	10
254690	4325	7
254690	4600	10
254690	886	10
254690	3765	8
254690	4866	10
254751	1259	9
254751	144	8
254751	6008	10
254751	4474	9
254754	5455	9
254754	5	9
254754	5543	9
254754	2148	10
254777	692	10
254777	1731	7
254777	2324	8
254777	1179	8
254777	2202	10
254822	6017	10
254822	1143	8
254822	5192	10
254822	5643	10
254822	1465	10
254822	1186	8
254822	3581	9
254822	1704	9
254822	6902	10
254822	3752	10
254822	5953	9
254822	6197	9
254822	3763	8
254822	3444	9
254822	5236	10
254822	2813	9
254859	6799	10
254859	471	6
254859	472	9
254859	473	7
254859	3109	10
254859	949	9
254859	434	6
254863	3354	10
254863	441	9
254863	3323	8
254863	6254	10
254863	5338	10
254863	5378	10
254863	5379	9
254971	6045	10
254971	4385	10
254971	6663	9
254971	5733	10
254971	5537	10
254971	241	10
254995	6286	9
254995	227	8
254995	6057	10
254995	3380	8
254995	4897	10
254995	1207	6
254995	5601	10
254995	6406	10
255078	1243	10
255078	533	7
255078	5463	9
255078	774	8
255078	573	10
255078	6362	9
255078	1709	9
255078	5654	10
255078	1263	9
255078	2296	8
255078	907	8
255078	4263	10
255078	6902	10
255078	4800	10
255078	6397	9
255078	4563	8
255078	4478	9
255092	2545	9
255092	777	8
255092	968	10
255092	6214	10
255092	1103	9
255092	898	9
255092	3597	10
255092	4504	10
255092	6267	9
255092	434	6
255092	2373	9
255092	5733	9
255092	3315	9
255218	926	9
255218	4545	9
255218	1868	10
255218	4919	10
255218	334	10
255218	227	7
255218	5773	10
255218	6909	10
255218	2555	10
255218	1193	7
255218	4346	9
255218	3587	10
255218	5417	9
255218	5288	10
255218	5857	10
255218	6016	10
255289	465	5
255289	3114	9
255289	1617	8
255289	781	6
255489	207	8
255489	457	6
255489	3301	9
255489	1555	9
255489	465	3
255489	4318	10
255489	1172	10
255489	50	6
255489	1291	8
255489	243	5
255489	2189	9
255489	3846	8
255489	503	8
255489	274	5
255489	1428	8
255489	5800	9
255489	1117	8
255489	5063	9
255489	4526	10
255489	2248	10
255489	1559	10
255489	2191	10
255489	6277	10
255489	158	8
255489	1441	8
255489	4437	10
255489	2707	10
255489	4003	10
255489	2920	7
255489	25	10
255489	3455	10
255489	5367	10
255489	142	8
255489	3770	10
255489	5283	8
255489	3321	10
255489	377	9
255489	6006	10
255489	971	7
255489	170	6
255489	4389	10
255489	2125	9
255489	2126	10
255489	1345	9
255489	973	10
255489	1632	8
255489	145	10
255489	5986	10
255489	886	8
255489	83	10
255489	1728	7
255489	6052	9
255489	1201	10
255489	2989	9
255489	984	9
255489	3051	8
255489	459	8
255489	1781	10
255489	4214	10
255489	91	10
255489	3370	10
255489	191	10
255489	3279	10
255489	4807	10
255489	737	8
255489	3775	9
255489	18	9
255489	4749	9
255489	127	6
255489	1068	9
255489	3200	9
255489	5352	9
255489	6758	9
255489	614	8
255489	3333	10
255489	3424	9
255489	3256	8
255489	4464	10
255489	6067	9
255489	5448	10
255489	5021	8
255489	33	10
255489	1856	9
255489	3967	9
255489	6835	10
255489	5954	9
255489	4405	8
255489	2679	10
255489	3554	10
255489	156	9
255489	944	10
255489	4197	9
255493	4125	9
255493	69	9
255493	1241	10
255493	2038	9
255493	131	10
255544	4742	10
255544	1981	10
255544	4646	9
255544	5058	9
255544	4557	10
255544	4473	9
255544	527	8
255546	2775	7
255546	2121	10
255546	3842	10
255546	2279	10
255546	291	9
255546	4516	8
255546	279	8
255546	937	10
255546	401	9
255546	6052	10
255546	2550	9
255546	3408	9
255546	6161	9
255546	460	10
255546	3006	9
255546	4772	10
255546	3538	10
255618	2494	10
255618	50	4
255618	5574	8
255618	1027	8
255618	1242	10
255648	6792	9
255648	3348	8
255648	236	10
255648	2034	10
255648	3235	9
255648	3063	10
255661	4189	9
255661	349	10
255661	605	10
255661	2516	8
255661	483	9
255661	19	8
255786	4824	10
255786	708	8
255786	5574	9
255786	2481	10
255786	5098	10
255786	1978	9
255786	1626	5
255786	5165	10
255786	5936	10
255814	3594	9
255814	5813	10
255814	1404	10
255814	1858	9
255814	2080	9
255814	3581	9
255814	310	10
255814	3562	9
255814	6905	10
255814	507	9
255814	3426	9
255814	6507	10
255858	693	6
255858	4550	10
255858	4573	7
255858	1589	10
255858	3342	9
256023	800	9
256023	4331	9
256023	3273	8
256023	3245	8
256023	3329	10
256023	3878	9
256023	4066	9
256023	4086	10
256133	59	9
256133	884	10
256133	6556	9
256133	1185	9
256133	1345	10
256133	5104	10
256133	43	10
256167	4494	9
256167	6164	9
256167	910	9
256167	1636	8
256167	1329	9
256167	393	10
256167	274	6
256167	4912	10
256167	141	8
256167	2056	9
256167	4955	10
256167	916	9
256167	4619	10
256167	2058	10
256167	2527	10
256167	6255	10
256167	2530	10
256167	1072	10
256167	1073	9
256167	4684	10
256247	457	9
256247	820	9
256247	2409	9
256247	3981	10
256247	2919	6
256247	590	6
256247	1904	9
256247	460	10
256270	728	9
256270	975	9
256270	310	9
256270	2834	10
256270	3811	7
256298	630	9
256298	1480	9
256298	1481	9
256298	2903	9
256298	2539	9
256298	6135	10
256402	4628	9
256402	1254	10
256402	5686	10
256402	2287	10
256402	589	10
256402	5128	10
256402	6643	9
256402	4895	10
256402	3398	10
256402	5522	10
256402	5523	10
256402	4864	10
256402	568	10
256402	2744	9
256402	1602	8
256402	1603	7
256402	2532	7
256402	2863	8
256402	1961	10
256407	3669	9
256407	243	6
256407	1941	8
256407	4332	10
256407	1261	7
256407	347	8
256407	1269	8
256407	414	7
256407	3789	9
256407	6432	9
256407	4981	10
256407	716	8
256407	5448	9
256407	6781	9
256507	3914	10
256507	411	9
256507	2919	6
256507	258	8
256507	3778	10
256507	3176	9
256507	5233	10
256507	110	10
256507	157	8
256507	5008	10
256603	1731	7
256603	6320	10
256603	1901	9
256603	434	8
256603	3574	10
256603	157	8
256843	3520	9
256843	465	5
256843	879	8
256843	5627	10
256843	1329	9
256843	391	9
256843	1823	9
256843	393	10
256843	2010	8
256843	410	6
256843	124	2
256843	1230	9
256843	2044	9
256843	5263	10
256843	1058	7
256843	3294	9
256843	540	8
256843	4050	9
256843	348	9
256843	5907	10
256843	4325	10
256843	1626	6
256843	16	10
256843	2026	8
256843	1855	7
256843	4229	9
256843	5286	10
256843	803	7
256843	3177	10
256843	90	9
256843	3816	9
256843	52	9
256843	1573	10
256843	4459	9
256843	781	6
256844	1179	7
256844	1043	10
256844	377	10
256844	2099	10
256844	2140	10
256844	5187	10
256844	5210	9
256844	611	7
256844	174	9
256874	1165	8
256874	586	10
256874	4629	10
256874	2921	8
256874	473	8
256889	4985	9
256889	4971	9
256889	4144	9
256889	592	5
256889	3062	10
256925	2853	8
256925	4110	10
256925	77	6
256925	997	6
256925	5983	10
256925	4485	9
257024	800	8
257024	1117	6
257024	4108	10
257024	2763	10
257024	4284	10
257024	895	9
257024	2602	10
257024	4675	10
257024	892	8
257024	450	8
257024	1045	9
257024	1475	9
257024	1205	8
257024	4557	9
257024	2516	10
257024	4563	10
257024	3408	10
257028	4822	10
257028	899	10
257028	1019	10
257028	3301	9
257028	3947	10
257028	287	10
257028	6827	9
257028	4690	8
257028	2193	10
257028	6417	10
257028	344	10
257028	654	9
257028	168	9
257028	1045	9
257028	347	10
257028	934	8
257028	279	6
257028	3907	10
257028	6264	10
257028	4793	9
257028	3497	8
257028	426	10
257028	20	7
257028	1961	9
257145	4593	10
257145	533	7
257145	6117	10
257145	6219	10
257145	6749	8
257145	3582	9
257198	2495	10
257198	6204	10
257198	823	9
257198	985	9
257198	990	9
257198	1131	9
257198	4837	10
257198	853	10
257198	4730	10
257198	4382	9
257198	3102	8
257198	4383	8
257198	6289	10
257198	5942	9
257198	5943	10
257198	3995	10
257198	3103	10
257198	2537	10
257198	1133	10
257212	683	8
257212	1773	9
257212	235	7
257212	77	10
257212	906	9
257212	2015	9
257362	303	10
257362	2880	9
257362	5469	10
257362	3473	10
257362	6353	9
257362	4566	10
257362	103	10
257454	59	7
257454	1372	9
257454	1636	6
257454	1328	9
257454	1821	10
257454	1329	8
257454	393	10
257454	2574	10
257454	267	9
257492	3955	10
257492	50	4
257492	534	9
257492	1897	8
257492	902	8
257492	5534	9
257492	2961	9
257492	613	7
257492	999	10
257492	239	10
257492	4402	10
257534	6364	10
257534	3710	10
257534	5734	10
257534	3294	9
257534	3060	9
257534	5329	9
257548	4237	10
257548	411	10
257548	1190	8
257548	414	6
257548	452	9
257548	1201	10
257548	1412	10
257548	3326	8
257548	1837	9
257548	1838	10
257548	5337	10
257548	506	10
257548	1303	9
257625	492	10
257625	1171	9
257625	5809	10
257625	2064	9
257625	6292	9
257625	1219	8
257699	1442	10
257699	3599	8
257699	1727	10
257699	3093	9
257699	2790	10
257699	2217	9
257699	4082	9
257700	3669	10
257700	533	8
257700	2032	10
257700	72	9
257700	1795	10
257700	934	6
257700	4812	10
257700	6472	10
257700	477	9
257700	3899	7
257700	716	8
257700	781	7
257703	1555	10
257703	2354	8
257703	2395	10
257703	1568	9
257703	1205	9
257777	1731	9
257777	643	8
257777	1185	10
257777	5372	10
258011	1935	9
258011	182	9
258011	1898	10
258011	744	7
258011	960	8
258011	2461	10
258011	6762	10
258011	1149	9
258011	3679	10
258084	1940	9
258084	2784	10
258084	4003	10
258084	4071	9
258084	3115	10
258084	459	10
258084	5204	10
258084	3482	9
258084	781	8
258084	6526	8
258084	4773	10
258107	432	9
258107	1348	9
258107	3751	7
258107	5268	10
258107	6497	10
258107	4211	10
258109	581	6
258109	2747	10
258109	235	9
258109	68	9
258109	70	3
258109	691	10
258109	1066	8
258151	800	8
258151	1619	10
258151	4803	9
258151	641	9
258151	3882	10
258151	160	8
258151	4954	9
258151	2718	8
258151	4314	9
258151	3360	9
258151	20	7
258152	1284	7
258152	6066	10
258152	6917	9
258152	5587	10
258152	558	8
258152	183	7
258152	1011	10
258152	3092	8
258152	3512	10
258152	5311	10
258152	5821	10
258152	3493	9
258152	3521	10
258152	469	9
258152	6533	10
258152	5135	10
258152	4470	9
258152	4600	10
258152	4375	9
258152	1702	9
258152	912	10
258152	713	10
258152	1984	9
258152	1476	9
258152	1477	8
258152	1014	9
258152	1478	10
258152	1479	10
258152	88	9
258152	4554	10
258152	4800	9
258152	1126	9
258152	3172	10
258152	1277	9
258152	6012	9
258152	2689	9
258152	3280	10
258152	4475	9
258152	6357	10
258152	3994	9
258152	4476	9
258152	4535	9
258152	1754	10
258152	4899	10
258152	842	10
258152	4322	10
258152	6409	9
258152	5547	9
258152	6735	9
258152	3515	10
258152	5976	10
258152	2909	9
258160	1872	9
258160	2918	9
258160	1490	8
258160	2291	8
258160	5882	10
258160	1433	8
258160	3027	10
258240	6819	10
258240	4548	10
258240	76	10
258240	2633	10
258240	971	8
258240	169	6
258240	4306	10
258240	887	10
258240	6192	10
258240	3479	10
258270	274	6
258270	5247	9
258270	2284	8
258270	742	7
258270	2225	10
258270	709	10
258270	3247	9
258270	449	10
258270	5283	8
258270	168	10
258270	4385	10
258270	451	7
258270	4676	10
258270	3093	9
258270	4051	10
258270	3565	10
258270	5817	10
258270	5814	9
258270	3264	9
258270	3463	10
258270	3180	9
258270	3436	10
258270	2578	9
258270	519	10
258270	2345	9
258270	6299	10
258270	3998	10
258270	6080	9
258270	1210	9
258270	1052	10
258270	5557	10
258270	155	8
258270	285	7
258275	1942	7
258275	684	10
258275	1491	9
258275	404	7
258275	978	10
258329	1999	9
258329	140	8
258329	4021	9
258329	3556	10
258329	552	8
258460	1022	7
258460	668	8
258460	1034	9
258460	5707	10
258460	1787	9
258482	3714	10
258482	1556	10
258482	1941	9
258482	1179	10
258482	4048	9
258482	4313	10
258482	6417	8
258482	2734	10
258482	6773	10
258482	449	9
258482	6675	10
258482	3232	10
258482	1946	8
258482	590	7
258482	3421	10
258482	614	7
258482	664	10
258482	4248	9
258482	1856	9
258482	637	9
258482	193	10
258482	269	10
258482	2237	9
258520	457	8
258520	3594	9
258520	36	9
258520	3451	10
258520	470	10
258534	1019	9
258534	1284	8
258534	910	7
258534	3083	8
258534	1636	8
258534	1328	9
258534	1821	8
258534	1329	9
258534	391	10
258534	393	8
258534	394	9
258534	1224	9
258534	1294	9
258534	4689	10
258534	3766	8
258534	3348	10
258534	2278	10
258534	63	9
258534	721	10
258534	5186	8
258534	5947	10
258534	744	9
258534	1858	10
258534	6280	9
258534	5232	9
258534	6542	10
258534	1443	10
258534	344	10
258534	3289	10
258534	6627	9
258534	6726	8
258534	3350	10
258534	2707	9
258534	1794	10
258534	1977	9
258534	2840	8
258534	1296	9
258534	5965	10
258534	2875	10
258534	4329	10
258534	2876	9
258534	892	9
258534	2080	8
258534	5715	9
258534	450	8
258534	2573	10
258534	3286	8
258534	376	9
258534	1382	9
258534	377	9
258534	347	9
258534	340	10
258534	4930	10
258534	4302	9
258534	130	10
258534	1268	9
258534	4514	10
258534	170	7
258534	6221	10
258534	674	9
258534	6759	8
258534	5316	10
258534	1624	9
258534	1726	9
258534	1686	10
258534	997	7
258534	348	9
258534	451	7
258534	160	9
258534	1070	8
258534	5127	9
258534	5431	8
258534	1565	10
258534	1882	9
258534	4515	8
258534	3093	10
258534	16	8
258534	4596	9
258534	453	10
258534	4051	9
258534	3745	8
258534	379	8
258534	2338	8
258534	6775	10
258534	380	9
258534	1594	10
258534	258	10
258534	381	10
258534	801	8
258534	3548	9
258534	2628	7
258534	259	8
258534	3549	10
258534	3290	9
258534	4677	10
258534	3238	10
258534	4569	10
258534	2211	9
258534	4471	10
258534	3586	9
258534	4573	8
258534	3385	10
258534	5817	10
258534	1853	7
258534	2037	9
258534	2955	9
258534	4561	10
258534	2956	9
258534	4562	9
258534	2957	10
258534	3010	9
258534	6886	10
258534	3748	9
258534	4334	9
258534	4532	10
258534	2304	10
258534	4151	9
258534	898	9
258534	3175	9
258534	3176	7
258534	803	8
258534	3177	9
258534	90	8
258534	1451	9
258534	4179	10
258534	3215	9
258534	6488	10
258534	4925	9
258534	4954	9
258534	3370	10
258534	5783	8
258534	5424	9
258534	2990	10
258534	2563	10
258534	267	9
258534	5600	8
258534	1379	9
258534	6706	10
258534	4598	10
258534	1861	10
258534	1617	10
258534	964	9
258534	3899	9
258534	5416	10
258534	1953	10
258534	1954	9
258534	19	9
258534	1629	9
258534	3233	10
258534	1548	9
258534	1289	9
258534	4829	10
258534	2746	10
258550	1634	9
258550	3939	8
258550	6508	9
258550	6148	9
258550	1187	9
258550	2312	9
258690	397	10
258690	4611	10
258690	6515	10
258690	2039	9
258690	3751	10
258690	4889	10
258690	2624	9
258777	4818	10
258777	3743	9
258777	5438	9
258777	1835	10
258777	1836	9
258777	1838	9
258884	1057	9
258884	5734	8
258884	2831	8
258884	2604	8
258884	6810	10
258884	1743	9
258884	6683	10
258884	5410	10
258884	3548	9
258884	5768	10
258884	2575	9
258884	2929	9
258884	3176	9
258884	3177	7
258884	90	8
258884	3180	9
258884	2311	10
258884	2273	9
258884	5385	9
258884	5386	8
258884	2104	10
258884	1139	8
258884	1106	10
258884	769	9
258884	150	9
258884	460	10
258884	6226	9
258884	4211	10
258884	4308	10
258884	4310	9
258938	1650	10
258938	626	9
258938	4870	9
258938	957	9
258938	243	5
258938	1027	10
258938	5489	10
258938	1660	9
258938	2919	7
258938	2912	10
258938	930	9
258938	2920	10
258938	1626	8
258938	1744	9
258938	6158	9
258938	4907	10
258938	894	9
258938	2550	10
258938	1692	10
258938	3110	10
258938	552	8
258938	1266	9
258938	5156	8
258938	781	7
258938	2983	8
258938	991	8
258938	20	7
258938	133	9
258938	489	9
259004	4125	9
259004	2401	10
259004	2477	10
259004	6690	10
259004	6037	10
259004	4604	8
259004	2266	9
259004	5652	9
259004	1546	9
259006	693	8
259006	3954	10
259006	4998	9
259006	2918	7
259006	5395	10
259006	72	10
259006	574	10
259006	4422	10
259006	2045	8
259006	3522	10
259006	1632	10
259006	279	9
259006	4433	8
259006	5663	9
259006	478	8
259006	2577	10
259006	1751	9
259006	3550	9
259006	592	8
259006	192	6
259006	3048	9
259006	4290	10
259006	2521	10
259035	1630	8
259035	409	9
259035	410	7
259035	124	1
259035	5263	10
259035	5420	10
259035	3454	9
259035	388	6
259035	1527	10
259035	589	9
259035	1639	10
259035	1640	6
259035	2961	10
259035	4850	10
259035	1691	9
259035	937	6
259035	6674	10
259035	829	9
259035	224	9
259035	225	8
259035	1956	9
259057	883	9
259057	5700	10
259057	227	5
259057	2918	9
259057	3064	7
259057	886	9
259057	4488	10
259057	6536	10
259066	61	7
259066	946	10
259066	2196	10
259066	308	7
259066	6110	10
259066	451	6
259066	3470	8
259078	2498	10
259078	3564	8
259078	74	10
259078	2604	8
259078	997	8
259078	488	10
259078	1964	10
259078	4574	10
259078	19	10
259118	2971	10
259118	4669	9
259118	4785	10
259118	124	1
259118	1428	10
259118	1058	6
259118	4243	10
259118	1192	8
259118	308	8
259118	72	9
259118	1160	9
259118	2129	10
259118	6597	9
259118	549	9
259118	5325	10
259118	119	9
259118	20	5
259118	404	6
259223	997	6
259223	3662	9
259223	621	8
259223	4307	9
259223	2859	9
259259	410	9
259259	124	1
259259	503	8
259259	274	8
259259	1115	8
259259	742	7
259259	1117	8
259259	2706	9
259259	1597	10
259259	5947	8
259259	645	8
259259	320	9
259259	3074	9
259259	2662	10
259259	2726	9
259259	3286	9
259259	3354	9
259259	1569	9
259259	4155	10
259259	4334	9
259259	3903	9
259259	1358	10
259259	5601	10
259260	59	8
259260	465	6
259260	1259	9
259260	3659	10
259260	6909	8
259260	5712	9
259260	4965	9
259260	378	7
259260	711	9
259260	4696	10
259260	1528	10
259260	6186	10
259260	2948	10
259260	4982	10
259260	688	10
259260	403	10
259260	2343	10
259260	1536	9
259260	1835	9
259260	1838	10
259260	1839	10
259260	4966	10
259260	52	10
259260	592	6
259260	152	9
259260	2870	10
259264	57	9
259264	3651	10
259264	6217	10
259264	5003	10
259264	1071	9
259264	2006	9
259320	3803	9
259320	1707	10
259320	653	10
259320	158	10
259320	896	8
259320	4163	8
259320	452	9
259320	83	9
259320	2020	8
259320	1882	8
259320	3093	9
259320	4596	10
259320	2211	9
259320	2710	8
259320	1264	9
259320	2820	10
259320	6471	10
259320	4573	9
259320	1589	9
259320	1411	9
259320	6798	8
259320	2024	9
259378	1636	8
259378	124	1
259378	1897	10
259378	3229	9
259378	6664	9
259378	294	8
259378	379	9
259378	1434	8
259378	6624	9
259378	637	9
259380	1054	8
259380	1508	10
259380	5462	10
259380	6230	10
259380	183	8
259380	2291	10
259380	451	6
259380	2423	10
259380	3674	9
259388	3374	10
259388	2141	10
259388	6	8
259388	1726	10
259388	2371	10
259388	637	10
259430	407	9
259430	243	6
259430	4108	9
259430	6791	8
259430	653	9
259430	2605	10
259430	2070	9
259430	6558	10
259430	1853	7
259430	1352	9
259430	367	7
259430	192	5
259542	5106	9
259542	6907	10
259542	6338	10
259542	6845	10
259542	975	9
259542	1084	8
259542	978	9
259626	1164	10
259626	1284	8
259626	6606	10
259626	1895	9
259626	6495	10
259626	1938	10
259626	458	8
259626	615	10
259626	1660	10
259626	542	10
259626	3910	10
259626	5783	10
259626	2980	10
259626	4202	10
259626	1753	9
259626	2024	9
259626	1907	9
259626	3470	9
259626	6814	10
259629	6368	10
259629	1496	10
259629	1896	10
259629	3083	8
259629	274	4
259629	800	7
259629	1596	8
259629	981	6
259629	742	7
259629	4061	9
259629	720	9
259629	2973	9
259629	3074	8
259629	3133	9
259629	3236	8
259629	2334	10
259629	4337	10
259629	1268	7
259629	170	8
259629	5826	10
259629	5505	9
259629	2057	8
259629	2764	9
259629	5929	10
259629	5354	10
259629	4345	8
259629	657	6
259629	4114	9
259629	488	10
259629	5190	10
259629	3184	9
259629	2692	10
259629	712	9
259629	3749	10
259629	6914	9
259629	986	10
259629	3214	10
259629	1452	9
259629	2233	9
259629	1207	7
259629	662	9
259629	3210	9
259629	1359	9
259629	4104	9
259629	3078	9
259629	6478	10
259629	1804	9
259629	2744	10
259629	2809	9
259629	4722	8
259660	3946	9
259660	471	7
259660	2215	9
259660	5497	10
259660	3246	10
259734	4628	10
259734	6727	9
259734	2063	8
259734	6912	9
259734	3135	9
259734	1702	10
259829	777	7
259829	3625	9
259829	3197	10
259829	192	6
259829	3993	9
259829	1140	9
259901	2703	9
259901	4282	10
259901	36	10
259901	3064	9
259901	2478	7
259901	2705	9
259901	3049	10
259901	245	9
259901	73	10
259901	5279	8
259901	4375	10
259901	1702	8
259901	6224	10
259901	3897	10
259901	3039	9
259901	1377	10
259901	1612	10
259901	4585	10
259901	5786	10
259901	4471	10
259901	2215	9
259901	3586	8
259901	2692	9
259901	1242	10
259901	4573	9
259901	2217	8
259901	1378	10
259901	5864	10
259901	6083	9
259901	1277	10
259901	4052	9
259901	3144	10
259901	5306	9
259901	2233	8
259901	5222	9
259930	457	7
259930	862	9
259930	5383	10
259930	3285	10
259930	288	10
259930	1921	10
259930	5356	10
259930	1683	9
259930	691	10
259930	2633	9
259930	2609	10
259930	2850	10
259930	219	7
259930	220	10
259930	2350	8
259930	829	9
259930	225	8
259930	1411	9
259930	6908	10
259930	3346	9
259930	3764	10
259930	2235	10
259930	6261	9
260067	5558	10
260067	3083	8
260067	503	8
260067	967	10
260067	338	8
260067	675	7
260067	4129	9
260067	2710	8
260067	1947	9
260067	5859	9
260067	434	5
260067	2158	9
260108	406	9
260108	124	1
260108	1186	8
260108	1273	9
260108	5691	10
260183	6256	10
260183	4994	10
260183	6099	10
260183	1220	8
260183	4479	9
260183	1291	6
260183	3918	10
260183	410	9
260183	586	9
260183	1465	9
260183	503	7
260183	5131	9
260183	6413	10
260183	2149	10
260183	4325	9
260183	1260	9
260183	2057	10
260183	2951	9
260183	171	10
260183	1749	9
260183	5759	10
260183	6082	10
260183	6452	10
260183	559	10
260183	3380	10
260183	2178	9
260183	2713	9
260183	2005	9
260183	6396	10
260183	4099	8
260183	1552	9
260183	1154	10
260316	979	10
260316	6338	9
260316	3648	10
260316	5283	7
260316	5071	9
260316	2026	8
260316	620	8
260316	5747	10
260316	1617	9
260316	3333	7
260363	910	10
260363	1328	8
260363	1821	9
260363	1329	10
260363	391	8
260363	267	8
260363	6209	9
260363	2667	9
260388	3815	10
260388	6626	10
260388	1747	10
260388	3520	9
260388	1973	9
260388	6644	10
260388	917	9
260388	6578	10
260388	4987	8
260388	906	9
260388	2399	10
260388	593	10
260388	614	7
260388	594	10
260419	1248	10
260419	627	10
260419	5829	9
260419	1407	10
260419	629	8
260419	2806	10
260419	3943	9
260419	1903	9
260419	482	10
260419	2471	8
260419	3903	10
260419	1360	9
260419	1788	9
260419	484	10
260473	5699	10
260473	3040	10
260473	6547	9
260473	1414	10
260473	1130	10
260520	4043	10
260520	2097	9
260520	2098	10
260520	3941	10
260520	3320	7
260520	2079	9
260655	1698	10
260655	2509	10
260655	3075	10
260655	5566	10
260655	2668	10
260678	124	1
260678	3094	10
260678	1428	8
260678	1406	9
260678	4007	8
260678	4924	10
260678	3234	9
260699	1291	7
260699	1490	7
260699	243	5
260699	895	9
260699	1349	9
260699	6877	10
260699	6329	9
260699	1964	8
260699	6278	9
260699	5369	9
260699	1572	9
260699	192	6
260699	3204	9
260897	5923	8
260897	3713	10
260897	581	5
260897	1893	10
260897	1555	9
260897	1747	10
260897	4279	10
260897	3520	9
260897	1291	8
260897	1490	9
260897	124	2
260897	774	8
260897	1179	8
260897	902	10
260897	2881	8
260897	4222	10
260897	6148	9
260897	1286	8
260897	744	9
260897	634	8
260897	1225	9
260897	968	10
260897	340	8
260897	341	7
260897	432	9
260897	788	10
260897	414	6
260897	2961	7
260897	934	7
260897	1071	7
260897	3745	9
260897	1389	10
260897	3964	9
260897	3315	10
260897	5953	9
260897	4248	9
260897	2119	9
260897	951	9
260897	665	8
260897	2049	10
260897	1289	8
260897	20	6
260944	5136	8
260944	1555	8
260944	799	8
260944	1292	9
260944	233	10
260944	1442	9
260944	4977	10
260944	4742	9
260944	254	10
260944	3194	9
260944	6113	9
260944	1064	8
260944	322	9
260944	294	9
260944	2562	10
260944	4560	10
260944	1377	9
260944	1831	8
260944	2416	10
260944	1832	9
260944	5341	9
260944	3416	10
260944	6236	9
260944	1483	10
260944	3215	10
260944	3490	9
260944	1692	10
260944	229	9
260944	3674	10
260944	4686	9
260944	4119	8
260944	1924	10
260944	2174	9
260944	3756	10
260944	5021	9
260944	3443	9
260944	1782	9
260944	6169	9
260967	6233	9
260967	3134	10
260967	257	9
260967	2578	8
260967	155	10
260967	1074	8
261037	2893	9
261037	6511	10
261037	36	9
261037	386	10
261037	337	10
261037	3899	8
261037	633	10
261037	3390	9
261105	1326	10
261105	6412	8
261105	274	6
261105	4524	9
261105	4258	10
261105	6830	10
261105	3778	9
261105	1212	9
261105	186	10
261185	735	9
261185	937	9
261185	3385	8
261185	180	9
261314	4268	10
261314	686	9
261314	409	8
261314	3571	10
261314	4516	10
261314	279	6
261314	1594	8
261314	3075	10
261314	6038	10
261314	4656	10
261314	295	9
261327	672	10
261327	1555	8
261327	809	8
261327	2920	9
261327	2725	9
261327	5724	9
261327	6299	10
261327	3552	9
261327	103	9
261567	4582	9
261567	6629	10
261567	5984	9
261567	934	8
261567	2268	10
261567	4901	9
261578	6245	10
261578	6792	9
261578	2283	7
261578	4638	10
261578	2284	10
261578	6203	10
261578	6577	10
261578	1129	10
261590	3348	9
261590	1511	8
261590	1474	9
261590	3093	9
261590	1626	7
261590	5287	10
261603	694	9
261603	4943	8
261603	6907	10
261603	3828	10
261603	397	9
261603	354	9
261603	981	7
261603	707	9
261603	720	7
261603	2651	9
261603	3925	10
261603	339	6
261603	432	8
261603	983	10
261603	5170	10
261603	4559	10
261603	1759	9
261603	4643	10
261603	4644	9
261603	4645	10
261603	5906	10
261603	5167	9
261603	5154	8
261603	5806	10
261603	2029	9
261603	6357	10
261603	782	9
261603	4837	10
261603	783	10
261603	56	9
261603	5273	10
261603	175	9
261603	4839	10
261603	4535	9
261603	8	8
261603	5274	9
261603	6911	9
261603	6803	10
261603	6804	10
261611	1135	9
261611	859	10
261611	1444	9
261611	3705	8
261611	1399	9
261611	934	7
261611	606	10
261998	4801	10
261998	4089	10
261998	3667	10
261998	1243	10
261998	1869	10
261998	3595	10
261998	6448	9
261998	2393	10
261998	5618	10
261998	5488	10
261998	4937	10
261998	2846	10
261998	4723	9
261998	1581	10
261998	6476	10
261998	2896	9
261998	503	8
261998	1331	7
261998	274	7
261998	822	9
261998	1115	8
261998	742	6
261998	1117	6
261998	708	7
261998	2706	9
261998	1597	10
261998	1118	10
261998	1280	10
261998	3269	9
261998	1119	10
261998	1319	10
261998	6227	9
261998	5932	10
261998	6764	9
261998	4709	9
262040	649	9
262040	1373	10
262040	1137	9
262040	4612	9
262040	3416	10
262040	5351	10
262040	1005	10
262040	3174	10
262040	6104	10
262040	2235	9
262118	1630	8
262118	5033	9
262118	341	7
262118	4434	9
262118	4169	9
262118	2669	10
262151	2545	10
262151	124	2
262151	3846	10
262151	1700	7
262151	77	9
262151	665	6
262151	460	10
262169	4027	10
262169	4187	9
262169	2266	9
262169	2540	9
262169	4851	8
262186	1166	8
262186	4813	10
262186	274	5
262186	6602	9
262186	846	10
262186	5904	9
262271	4164	8
262271	619	9
262271	5545	10
262271	1207	7
262271	3226	9
262271	2866	9
262311	1061	9
262311	974	10
262311	2727	9
262311	1569	9
262311	1668	10
262311	3864	10
262317	3805	10
262317	168	8
262317	3556	8
262317	4634	10
262317	5769	10
262317	424	9
262391	2445	9
262391	3032	9
262391	774	9
262391	2410	9
262391	787	9
262391	357	9
262391	934	7
262399	6626	8
262399	393	8
262399	394	10
262399	774	8
262399	4361	10
262399	2789	10
262399	1005	10
262399	1049	10
262399	6208	10
262399	2305	10
262399	5189	10
262399	3492	9
262407	3017	9
262407	3771	9
262407	3323	9
262407	4666	9
262407	3386	10
262407	2665	9
262407	6468	10
262407	2890	10
262407	20	6
262459	1490	9
262459	2919	7
262459	359	10
262459	1103	8
262459	3413	10
262459	6337	9
262459	265	6
262459	2241	10
262459	2744	9
262469	1500	10
262469	1253	9
262469	1291	7
262469	1490	9
262469	124	1
262469	4319	8
262469	2338	10
262469	41	7
262469	6884	9
262525	486	9
262525	3520	7
262525	1503	10
262525	610	9
262525	1207	7
262525	312	10
262541	6791	10
262541	2788	10
262541	5012	10
262541	3743	10
262541	294	9
262541	4451	10
262541	262	10
262541	2850	10
262541	764	9
262541	6462	10
262541	6062	10
262634	6413	10
262634	5987	10
262634	6234	8
262634	418	9
262634	4561	9
262634	4903	9
262634	5306	10
262634	5482	10
262666	3913	10
262666	465	3
262666	1491	8
262666	546	8
262666	2301	10
262902	3017	10
262902	57	10
262902	4626	10
262902	2088	8
262902	696	9
262902	2940	10
262902	227	7
262902	1291	6
262902	700	10
262902	2387	8
262902	620	9
262902	825	10
262902	826	10
262902	5645	10
262902	1477	9
262902	1478	10
262902	1482	10
262902	2902	10
262902	2903	10
262902	2796	9
262902	426	10
262902	5222	10
262902	2671	9
262902	2537	8
262902	1219	10
262940	61	6
262940	5246	9
262940	777	8
262940	3591	10
262940	1045	8
262940	541	10
262940	292	8
262940	4051	8
262940	3624	9
262940	5519	10
262940	1092	10
262940	460	8
262974	1220	10
262974	4487	9
262974	4056	9
262974	679	10
262974	586	9
262974	1465	10
262974	3196	9
262974	6832	10
262974	4761	10
262974	6326	10
263078	926	10
263078	5136	8
263078	1772	10
263078	1689	10
263078	1626	7
263078	20	7
263107	485	10
263107	2585	9
263107	3020	9
263107	1117	8
263107	4989	8
263107	6060	10
263107	1036	10
263107	5034	9
263107	382	10
263107	383	10
263107	6061	10
263107	6268	10
263163	447	9
263163	695	7
263163	2208	9
263163	2055	9
263163	3105	9
263163	5671	9
263163	4251	8
263163	6188	10
263163	2009	10
263163	927	9
263163	3520	8
263163	5400	10
263163	6281	10
263163	1430	10
263163	2942	10
263163	1186	9
263163	6632	8
263163	2387	8
263163	235	7
263163	6645	10
263163	338	8
263163	472	8
263163	4007	9
263163	3727	8
263163	4122	9
263163	4861	10
263163	2293	9
263163	983	9
263163	794	9
263163	3065	10
263163	4727	9
263163	2646	10
263163	4262	10
263163	4989	9
263163	1036	9
263163	382	10
263163	383	9
263163	3514	10
263163	4488	9
263163	2015	8
263163	52	9
263163	2373	9
263163	2625	10
263163	98	10
263163	4740	9
263163	3283	9
263163	564	9
263219	124	1
263219	1446	9
263219	3899	10
263219	3992	10
263219	109	10
263321	1063	9
263321	5933	9
263321	226	10
263321	5286	9
263321	5291	9
263321	3775	8
263321	770	10
263321	4623	9
263325	1893	10
263325	1108	9
263325	465	6
263325	2000	10
263325	3846	7
263325	1700	10
263325	411	9
263325	1660	7
263325	2919	6
263325	70	3
263325	449	10
263325	1491	7
263325	5389	7
263325	1616	10
263325	3440	10
263325	1104	9
263325	934	6
263325	3524	9
263325	5905	9
263325	592	8
263325	1068	9
263325	6671	9
263325	5091	10
263325	614	6
263325	861	9
263325	3256	8
263325	240	9
263325	1273	9
263325	633	8
263325	5561	10
263325	4064	9
263325	5093	10
263325	5568	9
263325	1736	9
263325	6858	10
263325	781	6
263325	5053	10
263326	581	5
263326	50	4
263326	410	8
263326	689	10
263326	1916	10
263326	2919	8
263326	246	9
263326	192	7
263326	2119	10
263326	5107	9
263344	3018	10
263344	5166	9
263344	1502	10
263344	615	9
263344	5259	9
263344	124	1
263344	2386	8
263344	1520	9
263344	4392	10
263344	6312	7
263383	800	6
263383	1707	9
263383	4614	9
263383	3247	9
263383	1851	9
263383	2070	8
263383	441	8
263383	1947	10
263383	3416	8
263383	988	9
263383	2672	10
263413	692	8
263413	5860	10
263413	722	9
263413	3743	10
263413	6866	10
263413	6186	9
263413	2630	10
263460	1630	9
263460	486	8
263460	1555	10
263460	6520	9
263460	4057	9
263460	2683	10
263460	930	9
263460	4990	10
263460	262	10
263460	2792	10
263460	3765	9
263460	6176	9
263460	5952	10
263460	6656	10
263460	4914	10
263460	4917	8
263460	6450	8
263460	3254	9
263460	157	8
263560	1291	7
263560	15	10
263560	135	8
263560	691	9
263560	3480	9
263560	1956	10
263560	781	7
263560	4751	9
263645	5054	10
263645	1328	8
263645	124	2
263645	3059	8
263645	2875	10
263645	2699	9
263645	3286	8
263645	347	8
263645	4228	10
263645	255	10
263645	831	8
263645	519	10
263645	4060	10
263645	1266	10
263645	2093	7
263645	1370	10
263663	2408	10
263663	4816	10
263663	1405	8
263663	1631	9
263663	1715	10
263663	68	10
263663	70	3
263663	611	9
263663	4144	10
263663	1956	10
263842	1706	10
263842	534	8
263842	5310	9
263842	1897	9
263842	3870	10
263842	3402	10
263842	2152	10
263842	6486	9
263842	6408	10
263842	6409	10
263877	1164	10
263877	1419	10
263877	3933	10
263877	809	6
263877	3336	10
263877	36	10
263877	2044	8
263877	1179	8
263877	6748	10
263877	2573	10
263877	3771	10
263877	3581	9
263877	16	9
263877	4051	8
263877	5758	8
263877	6637	9
263877	2883	9
263877	2004	9
263877	2103	9
263877	5291	10
263877	41	8
263877	127	6
263877	6480	8
263877	662	7
263877	7	9
263877	19	9
263877	5008	8
263877	5591	10
264031	3879	10
264031	486	8
264031	1326	10
264031	405	10
264031	487	6
264031	4919	10
264031	409	8
264031	5791	10
264031	1502	9
264031	5149	9
264031	2222	9
264031	1259	10
264031	6075	10
264031	124	1
264031	1307	10
264031	2225	8
264031	4182	9
264031	2044	8
264031	1511	10
264031	3049	10
264031	1042	10
264031	6456	9
264031	6492	10
264031	1189	9
264031	2066	10
264031	2549	10
264031	691	8
264031	1901	9
264031	3455	9
264031	327	10
264031	3883	10
264031	4357	9
264031	6667	10
264031	6761	9
264031	1687	8
264031	2309	10
264031	657	5
264031	4560	9
264031	4573	10
264031	2217	8
264031	3385	9
264031	179	9
264031	1205	8
264031	5833	8
264031	220	10
264031	1099	9
264031	265	8
264031	4082	9
264031	1739	9
264031	4621	8
264031	605	9
264031	962	9
264031	5424	10
264031	6849	10
264031	5019	10
264031	6207	9
264031	704	9
264031	2376	10
264031	150	9
264031	425	8
264031	1302	9
264031	5329	8
264031	1214	9
264031	105	9
264031	5973	10
264031	3422	9
264031	6779	9
264031	6642	9
264031	1845	10
264031	6660	10
264031	501	7
264031	489	10
264031	4773	9
264082	1155	9
264082	409	9
264082	353	8
264082	1404	8
264082	1597	8
264082	3842	10
264082	2122	8
264082	2483	10
264082	290	10
264082	158	9
264082	6821	10
264082	3247	9
264082	3108	8
264082	2271	9
264082	450	9
264082	2329	8
264082	5159	10
264082	3296	10
264082	6337	10
264082	3735	10
264082	1269	6
264082	195	8
264082	762	9
264082	6334	10
264082	3354	9
264082	6901	10
264082	4323	9
264082	6704	9
264082	1888	9
264082	219	8
264082	367	9
264082	3076	9
264082	732	9
264082	5729	9
264082	3436	10
264082	1839	10
264082	661	10
264082	4035	10
264082	2107	8
264082	3674	9
264082	3252	10
264082	3965	10
264082	6208	9
264082	4024	8
264082	2305	10
264082	1272	8
264082	2173	10
264082	2376	10
264082	297	10
264082	331	10
264082	6744	9
264085	124	2
264085	2101	8
264085	6159	9
264085	3040	10
264085	1433	9
264085	192	6
264085	5495	9
264085	6161	10
264085	5496	10
264152	4869	9
264152	1898	8
264152	3169	10
264152	6882	10
264152	3727	9
264152	986	10
264152	2053	10
264152	4738	10
264152	520	10
264152	285	6
264152	4475	9
264152	4476	10
264152	1754	10
264152	4899	10
264152	842	10
264152	2054	9
264152	2525	9
264152	5199	8
264204	4985	10
264204	1408	9
264204	3736	10
264204	3231	9
264204	593	9
264284	3619	10
264284	447	9
264284	1501	10
264284	1291	7
264284	1626	7
264284	1627	9
264300	2189	9
264300	1684	8
264300	4023	10
264300	329	10
264300	954	8
264311	4090	9
264311	3610	10
264311	4152	10
264311	457	8
264311	6302	10
264311	3579	9
264311	1783	10
264311	1938	9
264311	6556	10
264311	2972	9
264311	3107	10
264311	2912	8
264311	4760	10
264311	2823	9
264311	1768	9
264311	977	9
264311	3534	10
264311	6183	9
264317	409	7
264317	5633	10
264317	3949	8
264317	1785	10
264317	467	9
264317	307	9
264317	787	10
264317	1686	9
264317	2512	10
264317	2412	10
264317	88	9
264317	632	10
264317	1647	9
264317	2821	10
264317	91	9
264317	93	9
264317	5483	10
264317	3997	10
264349	59	7
264349	1564	9
264349	451	7
264349	160	9
264349	267	6
264355	4782	9
264355	2927	10
264355	434	7
264355	1856	9
264355	2642	9
264355	5270	9
264355	456	9
264355	6300	10
264355	4710	10
264464	800	8
264464	4271	8
264464	2063	10
264464	720	10
264464	712	8
264464	3359	10
264525	806	9
264525	124	2
264525	1181	10
264525	6632	10
264525	5489	9
264525	307	10
264525	1408	9
264525	388	10
264525	473	8
264525	341	7
264525	414	6
264525	2993	9
264525	2691	10
264525	1003	8
264525	5937	7
264525	51	8
264525	1690	8
264525	1410	10
264525	2519	10
264525	4104	8
264525	991	7
264525	3006	10
264525	943	9
264525	6513	10
264525	1817	10
264525	501	8
264525	2749	8
264525	2207	10
264543	1234	10
264543	35	8
264543	446	8
264543	5670	10
264543	2656	10
264543	465	5
264543	411	6
264543	708	8
264543	1631	10
264543	6562	9
264543	1523	9
264543	723	8
264543	417	9
264543	912	8
264543	1066	8
264543	6462	9
264543	4504	10
264543	434	5
264543	2885	10
264543	52	10
264543	41	6
264543	1812	9
264543	2701	10
264543	4797	9
264543	552	7
264543	500	8
264543	1574	9
264543	5560	9
264543	1273	10
264543	460	9
264543	2744	9
264543	3553	10
264543	501	7
264543	1219	8
264600	4208	10
264600	2088	10
264600	4061	9
264600	870	10
264600	2215	7
264600	715	9
264600	1617	10
264600	6529	9
264627	406	10
264627	1055	7
264627	124	2
264627	1942	10
264627	2387	9
264627	546	10
264627	3156	10
264628	1603	9
264628	2532	9
264628	2863	9
264628	2864	10
264628	2865	10
264634	6303	9
264634	5529	10
264634	2481	10
264634	4977	9
264634	2736	10
264634	4852	9
264634	4803	9
264634	6458	10
264634	6459	10
264634	398	10
264634	1341	10
264634	1342	8
264634	2130	10
264634	2131	10
264634	3862	10
264634	3252	9
264634	3253	10
264634	6583	9
264637	3058	10
264637	6168	10
264637	6240	10
264637	1102	9
264637	2613	9
264637	434	6
264637	371	10
264655	3116	10
264655	1979	9
264655	1830	9
264655	613	9
264655	1965	10
264657	207	8
264657	6286	9
264657	457	9
264657	5930	10
264657	1109	10
264657	4661	9
264657	227	8
264657	1235	10
264657	1773	5
264657	3374	9
264657	3807	10
264657	3107	10
264657	309	10
264657	912	8
264657	1389	10
264657	6722	10
264657	6429	10
264657	5953	9
264657	593	9
264657	1753	9
264657	614	7
264657	192	5
264657	685	8
264862	652	9
264862	1102	10
264862	2288	10
264862	5410	9
264862	2562	10
264862	5194	10
264862	1400	9
264862	2038	10
264862	2417	9
264862	985	10
264862	2418	10
264862	803	8
264862	3177	10
264862	6451	9
264862	6292	9
264862	104	10
264862	1957	10
264947	6188	9
264947	1292	8
264947	4079	10
264947	4080	10
264947	1422	10
264947	168	9
264947	4514	10
264947	1564	10
264947	51	6
264947	1855	9
264947	3548	9
264947	3549	10
264947	3290	10
264947	265	10
264947	1739	8
264947	3175	9
264947	6356	9
264947	516	9
264947	5377	10
264947	1212	9
264985	1248	10
264985	278	10
264985	934	7
264985	2711	9
264985	1753	7
264996	2971	10
264996	5572	10
264996	124	1
264996	5062	10
264996	2328	9
264996	723	9
264996	3961	10
264996	3586	9
264996	3397	9
264996	592	7
264996	5622	7
264996	3256	9
264996	553	10
264996	54	8
265083	595	9
265083	227	7
265083	1681	10
265083	1684	8
265083	903	9
265083	1744	9
265083	592	7
265083	942	9
265083	2144	10
265083	152	9
265194	5383	8
265194	4592	10
265194	2016	10
265194	218	9
265205	693	7
265205	5466	9
265205	50	5
265205	1372	10
265205	1586	7
265205	3930	10
265205	2046	10
265205	4893	9
265205	404	6
265276	2912	8
265276	997	8
265276	3085	9
265276	1589	9
265276	4903	10
265276	1048	9
265276	3674	10
265276	2173	10
265313	6502	9
265313	4160	10
265313	1284	9
265313	4626	9
265313	4592	10
265313	1495	10
265313	4918	10
265313	5745	10
265313	2208	9
265313	1086	10
265313	3499	9
265313	867	10
265313	5701	10
265313	4834	10
265313	5821	9
265313	1407	9
265313	5544	9
265313	5781	10
265313	3555	9
265313	45	10
265313	72	6
265313	3236	9
265313	74	8
265313	2847	10
265313	3570	10
265313	1469	10
265313	3500	9
265313	3134	9
265313	338	7
265313	339	9
265313	1104	8
265313	675	6
265313	5863	9
265313	2509	10
265313	983	10
265313	2185	10
265313	2634	9
265313	2710	9
265313	3973	10
265313	3976	10
265313	6524	10
265313	3718	10
265313	1246	9
265313	6719	9
265313	5941	9
265313	434	6
265313	751	10
265313	2564	9
265313	4995	10
265313	1380	8
265313	2133	9
265313	846	10
265313	2868	7
265313	4417	9
265313	2909	10
265383	816	9
265383	487	9
265383	1688	9
265383	622	8
265383	6053	9
265487	1679	10
265487	5149	10
265487	1259	8
265487	1056	8
265487	3481	8
265487	5599	8
265487	6565	10
265487	3949	8
265487	6691	9
265487	729	10
265487	178	7
265487	4700	10
265487	210	8
265487	6171	9
265487	3361	9
265487	704	10
265487	1069	10
265487	2267	9
265487	3539	8
265504	3725	10
265504	227	9
265504	6848	10
265504	2662	10
265504	4162	8
265504	3077	9
265504	5173	8
265546	1261	8
265546	1240	10
265546	4573	9
265546	18	9
265546	613	8
265553	1167	10
265553	5141	10
265553	582	10
265553	3343	10
265553	1274	9
265553	1406	10
265553	5428	9
265553	1977	10
265553	2840	10
265553	6745	10
265553	1979	10
265553	77	9
265553	1389	8
265553	3380	10
265553	1365	10
265553	3508	10
265553	1216	10
265553	1289	7
265591	2182	9
265591	6440	9
265591	652	10
265591	3231	10
265591	4989	8
265591	1036	8
265591	3424	10
265607	3091	9
265607	3133	8
265607	2149	9
265607	5884	10
265607	6743	10
265607	1704	10
265607	2795	8
265607	4940	10
265607	781	8
265607	1961	10
265620	4919	9
265620	392	9
265620	1683	9
265620	1309	8
265620	3648	8
265620	2726	10
265620	160	8
265620	729	9
265620	5553	9
265620	4266	9
265620	6659	10
265656	4372	9
265656	735	9
265656	3475	10
265656	5765	10
265656	2709	9
265656	937	8
265656	2634	9
265656	5676	9
265656	6836	10
265656	2839	10
265751	883	9
265751	6728	10
265751	3655	10
265751	723	9
265751	292	8
265751	440	9
265751	606	9
265751	2129	10
265751	2823	10
265751	41	9
265751	192	5
265751	1212	8
265751	3256	7
265751	1574	9
265751	4136	10
265751	1082	9
265784	407	8
265784	6824	10
265784	5947	10
265784	1183	8
265784	3235	10
265784	4945	8
265784	2080	9
265784	2574	10
265784	3731	9
265827	6034	9
265827	6316	9
265827	6761	8
265827	279	8
265827	1746	10
265827	2362	10
265918	1708	9
265918	2229	10
265918	1527	10
265918	589	8
265918	3221	10
265918	1714	9
265918	2267	10
265918	2268	10
265932	227	6
265932	1428	8
265932	1177	9
265932	1516	10
265932	2065	9
265972	5577	9
265972	1102	9
265972	3355	9
265972	1588	10
265972	1840	9
265972	1667	9
265972	285	7
266054	5947	10
266054	3273	8
266054	3502	10
266054	2772	10
266054	4793	9
266056	1864	9
266056	405	9
266056	4427	10
266056	4957	9
266056	1865	9
266056	2959	10
266056	4215	8
266056	2971	9
266056	649	7
266056	1253	6
266056	1109	9
266056	227	8
266056	2586	10
266056	1056	9
266056	2063	10
266056	1135	9
266056	5263	10
266056	1657	10
266056	5687	9
266056	1773	7
266056	2333	10
266056	2785	9
266056	235	8
266056	1261	7
266056	2920	10
266056	449	8
266056	4187	10
266056	759	10
266056	4512	9
266056	5608	10
266056	6049	10
266056	365	10
266056	2293	10
266056	935	8
266056	3219	9
266056	4051	9
266056	379	7
266056	442	9
266056	3232	10
266056	3220	10
266056	179	7
266056	590	6
266056	3416	8
266056	1739	9
266056	266	10
266056	1889	9
266056	5583	10
266056	963	10
266056	3156	10
266056	5856	9
266056	560	8
266056	685	9
266056	5372	10
266056	3303	8
266056	106	10
266056	4195	10
266056	836	9
266056	241	8
266056	507	9
266056	6625	10
266056	1602	7
266056	2674	10
266056	2675	10
266056	2676	10
266056	3088	9
266056	1603	6
266056	2168	9
266056	2865	8
266056	2533	10
266056	3149	10
266056	187	9
266056	5330	9
266056	5206	10
266056	6660	9
266109	1822	8
266109	2227	10
266109	5711	10
266109	5933	8
266109	379	8
266109	3179	10
266109	3674	8
266164	3758	10
266164	4110	9
266164	2875	10
266164	2876	10
266164	5501	9
266164	380	10
266164	1594	9
266164	4883	9
266164	6132	10
266164	2372	10
266226	1166	10
266226	4858	9
266226	3021	9
266226	2393	10
266226	3083	8
266226	2170	10
266226	183	7
266226	64	10
266226	6297	9
266226	2411	9
266226	1104	8
266226	1632	9
266226	4693	10
266226	6393	10
266226	5461	10
266226	5238	10
266226	1400	9
266226	4814	9
266226	3542	9
266226	6510	10
266226	6652	8
266226	622	8
266226	1433	10
266226	5727	10
266226	5514	9
266226	5222	10
266226	285	8
266226	5426	10
266226	1369	9
266226	121	10
266229	643	7
266229	1291	7
266229	5246	9
266229	742	7
266229	1407	8
266229	1267	10
266229	2725	8
266229	730	9
266229	2420	10
266229	2857	10
266229	3073	10
266229	3769	10
266229	3026	10
266268	1292	8
266268	1387	10
266268	3710	10
266268	1442	8
266268	1858	9
266268	140	9
266268	5031	10
266268	2080	8
266268	1269	8
266268	77	8
266268	4515	9
266268	1691	7
266268	442	8
266268	1855	9
266268	3963	9
266268	1853	10
266268	367	9
266268	1834	10
266268	3436	10
266268	2578	9
266268	4011	8
266268	6200	10
266268	1863	9
266268	3063	8
266283	465	3
266283	6703	9
266283	2222	9
266283	1490	10
266283	124	1
266283	1592	10
266283	3530	10
266283	1058	7
266283	6280	8
266283	200	9
266283	2503	9
266283	4398	10
266283	168	8
266283	1104	8
266283	414	7
266283	4100	10
266283	2026	6
266283	328	8
266283	3232	9
266283	938	10
266283	4165	9
266283	1066	8
266283	590	6
266283	3179	10
266283	1207	9
266283	103	9
266283	1789	10
266283	1577	10
266283	4936	8
266283	6920	8
266283	913	10
266299	2360	9
266299	1561	9
266299	730	9
266299	4747	10
266299	977	10
266331	2655	9
266331	1268	9
266331	2761	9
266331	3126	9
266331	1576	9
266331	6732	10
266331	501	7
266355	2660	9
266355	774	8
266355	1404	10
266355	5635	10
266355	469	8
266355	5730	9
266355	1709	10
266355	6024	8
266355	2296	10
266355	750	10
266355	4475	10
266355	784	8
266355	1754	10
266419	41	8
266419	4206	10
266419	331	10
266419	5714	10
266457	496	9
266457	2068	9
266457	2077	10
266457	1305	7
266466	153	9
266466	4758	9
266466	3118	10
266466	4452	10
266466	1058	6
266466	2335	10
266466	641	9
266466	1104	9
266466	2717	10
266466	794	9
266466	711	9
266466	6177	9
266466	6679	10
266466	40	10
266466	796	10
266466	500	9
266466	2094	9
266466	4547	9
266478	3619	9
266478	4991	8
266478	708	9
266478	5202	10
266478	5124	8
266478	4369	10
266478	3782	10
266478	624	8
266522	3984	10
266522	2699	10
266522	2969	8
266522	5561	9
266522	843	10
266522	4722	9
266650	4127	10
266650	3980	10
266650	536	9
266650	158	7
266650	6812	10
266650	5404	10
266650	338	6
266650	2212	7
266650	1983	10
266650	828	10
266650	3333	8
266650	2579	9
266650	924	10
266650	6139	9
266678	2278	10
266678	777	9
266678	1766	9
266678	4664	8
266678	5242	10
266678	1081	9
266678	4934	10
266678	3151	9
266697	4180	9
266697	1284	7
266697	486	7
266697	1064	10
266697	2236	10
266753	1284	8
266753	3446	10
266753	5791	10
266753	1087	10
266753	6235	9
266753	6871	10
266753	3136	10
266753	3558	10
266753	4028	10
266753	2299	9
266807	59	7
266807	1636	9
266807	497	10
266807	6782	10
266807	6371	9
266807	439	10
266807	801	10
266807	193	10
266807	314	9
266807	460	9
266840	1077	10
266840	1326	10
266840	1747	10
266840	503	8
266840	274	8
266840	1115	8
266840	1596	9
266840	742	8
266840	1117	9
266840	1118	8
266840	1333	9
266840	5947	9
266840	748	10
266840	1245	9
266840	2921	9
266840	3576	8
266840	477	9
266840	6267	10
266840	4506	10
266840	4507	8
266840	3782	10
266840	2932	8
266840	1358	10
266840	1252	10
266840	3382	9
266840	851	9
266840	3383	9
266840	6693	9
266840	4099	10
266840	6694	10
266840	6695	10
266840	5796	10
266840	6070	10
266840	6696	10
266842	4427	9
266842	392	9
266842	1532	10
266842	5103	10
266842	827	9
266842	828	8
266842	1780	10
266865	4160	9
266865	1325	10
266865	3619	10
266865	2655	10
266865	1284	7
266865	409	9
266865	465	4
266865	1490	10
266865	124	2
266865	5777	10
266865	1700	10
266865	1701	8
266865	6403	10
266865	3575	9
266865	2386	10
266865	1522	9
266865	2387	10
266865	1408	9
266865	1976	10
266865	6745	10
266865	4791	10
266865	3310	9
266865	1104	8
266865	675	8
266865	2951	8
266865	2968	10
266865	1691	8
266865	3724	9
266865	6404	10
266865	1349	10
266865	6572	10
266865	2741	9
266865	2459	9
266865	5095	10
266865	1752	8
266865	2312	9
266865	1787	10
266865	192	6
266865	3708	9
266865	1227	10
266865	4856	10
266865	4683	8
266865	2984	10
266865	3470	9
266866	6134	10
266866	5443	8
266866	6325	10
266866	1465	10
266866	4085	9
266866	3163	10
266866	1159	9
266866	6796	10
266866	2117	10
266866	630	10
266866	1477	10
266866	1478	10
266866	6082	10
266866	1481	10
266866	3166	10
266866	3167	10
266866	5235	10
266866	131	10
266866	5619	9
266866	6653	9
266866	6323	10
266866	3345	10
266866	5222	9
266866	4074	10
266866	2648	10
266866	5959	10
266866	3048	10
266872	6626	10
266872	1490	7
266872	4048	9
266872	2229	10
266872	339	8
266872	4438	10
266872	2072	9
266872	2824	9
266940	5177	10
266940	4251	10
266940	1600	10
266940	597	8
266940	2054	10
267033	207	7
267033	2959	9
267033	1783	9
267033	1503	10
267033	5332	10
267033	6720	10
267033	1684	9
267033	792	10
267033	2228	9
267033	6172	10
267033	3133	10
267033	5075	10
267033	432	8
267033	1564	9
267033	2951	10
267033	1763	10
267033	2357	10
267033	1886	10
267033	3041	9
267033	6510	10
267033	4094	10
267033	3613	8
267033	197	10
267033	94	10
267033	41	6
267033	624	8
267033	5579	9
267033	2173	9
267033	1753	8
267033	3036	9
267033	569	10
267033	285	8
267033	4856	10
267033	2094	10
267033	113	10
267061	638	9
267061	6001	8
267061	3770	9
267061	3133	9
267061	3236	10
267061	1781	9
267061	6831	10
267180	1504	8
267180	3260	7
267180	254	10
267180	27	9
267180	5031	10
267180	170	7
267180	4543	9
267184	2456	9
267184	1110	9
267184	1143	10
267184	4765	10
267184	1102	10
267184	1104	8
267184	675	8
267184	5279	8
267184	4939	10
267184	477	9
267249	6589	9
267249	243	8
267249	469	9
267249	3945	10
267249	6584	10
267249	5841	9
267249	2608	10
267249	423	10
267249	2362	8
267249	175	9
267256	1586	9
267256	532	10
267256	541	9
267256	6248	10
267256	803	10
267282	1009	10
267282	1507	9
267282	3499	10
267282	6875	9
267282	3761	9
267282	6107	10
267282	6108	10
267282	6433	10
267282	1549	10
267282	1323	9
267326	6780	8
267326	164	9
267326	1198	10
267326	77	8
267326	1263	9
267326	3458	8
267326	1729	7
267334	2363	10
267334	4919	6
267334	4742	9
267334	723	9
267334	1729	8
267354	742	10
267354	2549	8
267354	759	10
267354	5134	10
267354	5379	10
267354	155	10
267354	4405	7
267356	5749	9
267356	866	10
267356	274	7
267356	77	9
267356	801	10
267356	2311	8
267356	3899	9
267442	1977	9
267442	2840	10
267442	787	10
267442	1979	9
267442	1548	9
267444	1504	8
267444	6140	10
267444	6909	10
267444	4253	10
267444	966	9
267444	5112	9
267444	5393	10
267444	2760	9
267444	3944	9
267444	6880	9
267453	5773	10
267453	2227	10
267453	1982	10
267453	963	10
267453	156	8
267510	5052	10
267510	1234	9
267510	1390	10
267510	626	10
267510	3913	9
267510	2803	10
267510	4688	10
267510	124	1
267510	669	10
267510	70	5
267510	1268	8
267510	6158	10
267510	4531	10
267510	383	10
267510	6061	10
267510	5666	9
267510	41	7
267510	4889	8
267510	6208	10
267510	2639	8
267510	1956	10
267510	3048	9
267510	2438	10
267529	5845	10
267529	2604	9
267529	641	9
267529	6856	8
267529	262	10
267529	1068	9
267538	4089	10
267538	1724	10
267538	252	9
267538	5317	9
267538	1186	7
267538	3571	10
267538	971	7
267538	1574	8
267538	240	8
267596	4209	10
267596	5544	9
267596	5481	10
267596	5143	10
267596	1081	10
267596	5352	10
267596	614	6
267621	338	6
267621	2788	10
267621	937	10
267621	218	9
267621	206	10
267621	6716	9
267635	4993	10
267635	2770	9
267635	5885	9
267635	2063	9
267635	4577	10
267635	777	6
267635	3230	10
267635	1995	10
267635	3634	10
267635	376	10
267635	377	8
267635	1526	9
267635	969	9
267635	4527	10
267635	160	8
267635	1702	7
267635	5629	10
267635	3085	10
267635	2064	8
267635	453	10
267635	6734	10
267635	259	9
267635	2419	9
267635	4155	8
267635	5519	10
267635	4903	10
267635	5925	10
267635	222	9
267635	3477	9
267642	1442	10
267642	2699	9
267642	2329	8
267642	1045	8
267642	1881	9
267642	379	7
267642	2947	10
267642	3550	8
267644	5169	10
267644	135	9
267644	253	10
267644	2103	10
267644	4891	10
267648	5696	10
267648	3510	10
267648	2394	10
267648	1659	9
267648	1296	10
267648	4509	9
267648	3553	9
267680	3069	10
267680	4239	10
267680	2304	9
267680	2761	9
267680	206	9
267802	4493	10
267802	5232	10
267802	439	8
267802	3597	10
267802	285	8
267802	4685	10
267830	4822	10
267830	818	9
267830	3499	10
267830	1391	10
267830	5709	10
267830	2651	8
267830	357	9
267830	338	5
267830	339	6
267830	340	6
267830	341	7
267830	1203	10
267830	6109	9
267830	714	9
267830	434	5
267830	3243	10
267895	2778	10
267895	5824	10
267895	5568	9
267895	5470	10
267895	3657	9
268025	5218	9
268025	4182	7
268025	657	6
268025	590	7
268025	210	8
268025	3998	10
268030	1938	10
268030	3911	9
268030	227	7
268030	1403	9
268030	4312	10
268030	2879	10
268030	1186	10
268030	6887	9
268030	70	2
268030	1491	9
268030	629	10
268030	6427	10
268030	6444	10
268030	4814	10
268030	3778	9
268030	3380	9
268030	3800	10
268030	941	9
268030	1956	10
268030	3346	9
268030	2406	10
268030	6854	9
268030	6603	9
268030	119	10
268030	2380	10
268030	490	9
268032	581	4
268032	1783	8
268032	1114	9
268032	3083	10
268032	124	1
268032	573	9
268032	4061	10
268032	158	8
268032	4185	10
268032	346	9
268032	169	7
268032	170	7
268032	2432	9
268032	2126	9
268032	1727	10
268032	5552	10
268032	4345	10
268032	2608	10
268032	2118	10
268032	2628	8
268032	620	10
268032	609	9
268032	803	9
268032	3177	8
268032	5289	9
268032	515	10
268032	1128	8
268032	2769	10
268032	1964	10
268032	1413	9
268032	2932	10
268032	2376	10
268032	2362	10
268032	3280	8
268032	6682	9
268110	581	5
268110	1674	9
268110	2636	10
268110	5633	9
268110	1023	9
268110	5773	9
268110	1011	10
268110	1681	9
268110	684	9
268110	245	10
268110	5396	10
268110	1943	9
268110	4896	10
268110	1185	9
268110	4313	10
268110	6301	8
268110	6279	8
268110	3540	9
268110	4964	10
268110	1660	8
268110	3807	9
268110	1637	10
268110	575	8
268110	2919	8
268110	2650	9
268110	6754	10
268110	2547	8
268110	3440	9
268110	2045	10
268110	1071	8
268110	4713	9
268110	6896	10
268110	4305	10
268110	1201	10
268110	1947	9
268110	3251	10
268110	5912	10
268110	6811	9
268110	6861	10
268110	6657	9
268110	3791	10
268110	5727	9
268110	3428	10
268110	1302	9
268110	1545	10
268110	5723	10
268110	2268	9
268110	1576	8
268110	1397	9
268110	4694	8
268110	3367	9
268110	598	10
268110	3732	9
268110	4878	10
268110	3657	10
268110	3234	9
268110	2144	10
268110	6284	10
268110	1219	8
268110	6814	10
268156	4045	8
268156	1382	9
268156	729	8
268156	578	8
268156	178	9
268156	1836	7
268156	4968	10
268156	2358	10
268239	465	7
268239	3659	8
268239	2324	6
268239	601	10
268239	605	9
268239	5019	10
268239	3303	9
268239	3111	10
268239	54	10
268262	447	9
268262	5830	10
268262	434	6
268262	3514	10
268262	4488	10
268282	778	10
268282	4078	10
268282	4611	10
268282	2388	10
268282	6582	10
268282	192	7
268300	4444	9
268300	3450	9
268300	3939	9
268300	3653	10
268300	3083	8
268300	1506	10
268300	124	1
268300	533	7
268300	2817	10
268300	5563	10
268300	503	7
268300	183	8
268300	1115	8
268300	1596	9
268300	742	8
268300	1117	8
268300	1333	9
268300	6346	10
268300	5649	9
268300	2707	9
268300	1758	9
268300	1104	8
268300	169	5
268300	5882	10
268300	5409	10
268300	3961	9
268300	3135	10
268300	6182	9
268300	920	9
268300	3973	10
268300	4571	9
268300	4550	9
268300	4573	10
268300	5657	10
268300	6585	7
268300	5658	10
268300	3642	9
268300	6196	8
268300	5349	10
268300	5350	10
268300	2257	9
268300	174	8
268300	1799	10
268300	3753	10
268300	2808	10
268300	6137	9
268300	1271	9
268300	6834	9
268300	6785	9
268300	3057	9
268300	6377	8
268300	4992	8
268300	6662	9
268300	6911	10
268300	3024	8
268300	6696	10
268300	3025	10
268300	484	9
268300	3146	10
268540	135	10
268540	1307	10
268540	536	9
268540	3771	9
268540	4021	8
268540	5838	9
268540	1688	9
268540	545	9
268540	1689	8
268540	6133	9
268544	3714	8
268544	581	6
268544	2917	10
268544	2193	8
268544	3909	9
268544	5278	10
268544	3940	9
268544	77	8
268544	837	10
268618	1204	10
268618	6436	8
268618	5092	8
268618	1417	10
268618	2668	10
268618	1289	9
268622	3527	10
268622	486	7
268622	5083	9
268622	1109	8
268622	879	9
268622	3840	10
268622	61	8
268622	644	9
268622	70	2
268622	2920	9
268622	968	9
268622	3147	10
268622	1269	7
268622	195	8
268622	2253	10
268622	439	9
268622	6347	9
268622	5019	9
268622	3361	9
268622	2377	9
268622	4104	10
268622	103	7
268622	665	6
268622	54	9
268622	5426	10
268622	5797	10
268622	5570	9
268622	3516	9
268639	2604	8
268639	1962	10
268639	2350	8
268639	873	9
268639	1617	10
268657	581	5
268657	407	8
268657	809	7
268657	3373	10
268657	1103	8
268657	471	8
268657	473	8
268657	246	9
268657	3484	10
268657	3486	9
268657	622	8
268657	480	8
268657	5129	8
268657	3001	9
268657	2845	8
268657	186	10
268657	889	10
268657	6735	10
268657	5779	10
268657	6816	10
268691	35	10
268691	410	7
268691	5467	10
268691	494	9
268691	3209	10
268691	2723	9
268691	427	10
268704	865	9
268704	3807	9
268704	6839	8
268704	608	10
268704	5547	9
268751	6537	10
268751	3696	10
268751	1688	8
268751	5438	10
268751	2628	9
268751	3140	9
268751	4059	9
268751	2721	10
268751	765	10
268751	3460	10
268751	3461	10
268751	4167	10
268751	1836	8
268751	1838	9
268751	1839	9
268751	6226	9
268751	113	10
268751	5236	10
268751	845	10
268751	114	8
268751	5498	10
268751	3762	9
268751	2528	9
268751	1317	8
268761	2775	9
268761	2025	9
268761	3489	10
268761	937	8
268761	1610	8
268761	20	5
268761	3695	10
268786	1426	10
268786	5662	10
268786	1430	10
268786	68	9
268786	1702	10
268786	2516	8
268786	19	9
268786	1084	10
268833	153	10
268833	1253	8
268833	4661	10
268833	1087	10
268833	1438	10
268833	1158	8
268833	4187	8
268833	3690	9
268833	1095	9
268833	1903	9
268833	1627	9
268833	3345	10
268833	3793	9
268932	1622	9
268932	1824	10
268932	536	9
268932	721	9
268932	2225	9
268932	4232	10
268932	653	8
268932	306	10
268932	4033	10
268932	68	8
268932	44	10
268932	47	10
268932	1103	9
268932	80	9
268932	933	10
268932	278	10
268932	5665	9
268932	546	9
268932	1884	10
268932	3483	9
268932	3485	10
268932	4769	10
268932	5217	10
268932	2836	8
268932	3718	9
268932	6678	10
268932	3778	9
268932	5269	9
268932	40	10
268932	877	10
268932	1746	9
268932	614	7
268932	3280	8
268932	2050	9
268932	844	9
268932	1369	9
268932	4951	8
268932	152	8
268932	4575	9
268932	4107	10
269011	1706	10
269011	2449	9
269011	534	10
269011	1897	10
269011	6910	10
269011	6486	10
269114	1229	10
269114	235	8
269114	603	10
269114	4457	10
269114	2432	10
269140	2554	8
269140	1504	10
269140	391	7
269140	723	10
269140	1763	9
269140	545	10
269140	329	10
269157	1868	9
269157	2443	10
269157	6689	9
269157	6301	9
269157	788	9
269157	1676	9
269157	1594	10
269157	258	7
269157	381	7
269157	4728	9
269157	90	9
269157	6789	9
269157	6777	9
269244	1292	10
269244	6824	10
269244	4962	9
269244	258	8
269244	5843	8
269244	1097	10
269244	3356	10
269244	1854	9
269244	1451	10
269244	611	7
269244	329	8
269244	2352	10
269244	6194	9
269273	176	9
269273	5361	10
269273	4015	9
269273	2032	9
269273	77	6
269273	2070	9
269273	160	6
269273	3859	10
269273	3051	9
269273	147	9
269273	3258	9
269273	5600	9
269273	3360	10
269273	1842	10
269273	4905	10
269308	4525	8
269308	3739	10
269308	3984	10
269308	1448	10
269308	434	6
269313	4221	10
269313	50	6
269313	310	10
269313	1571	8
269313	1576	8
269321	4801	10
269321	4723	10
269321	2818	10
269321	2486	9
269321	1912	9
269321	1342	10
269321	217	9
269321	4929	9
269321	4428	9
269321	3276	9
269321	3278	10
269321	5491	10
269321	2388	10
269321	4095	10
269321	4755	10
269321	6641	10
269321	3363	10
269321	5446	10
269321	5516	10
269321	5493	10
269321	6659	9
269321	4817	9
269344	63	9
269344	5762	10
269344	346	10
269344	1104	7
269344	675	8
269344	1686	10
269344	4119	9
269344	6200	10
269344	3843	10
269353	1230	10
269353	1333	10
269353	5469	10
269353	4590	10
269353	3903	8
269378	4581	10
269378	2581	9
269378	2655	10
269378	5998	10
269378	3306	9
269378	903	10
269378	3310	9
269378	1204	10
269378	1985	10
269378	5165	9
269386	3784	9
269386	536	8
269386	159	10
269386	70	3
269386	170	7
269386	1071	8
269386	1447	9
269386	1626	7
269386	1691	9
269386	5815	8
269386	20	8
269386	5570	9
269439	6892	10
269439	981	8
269439	1510	9
269439	5370	9
269439	4965	10
269439	2950	8
269439	1831	10
269439	3461	10
269439	6061	10
269439	6860	9
269439	3130	10
269557	2585	10
269557	3947	10
269557	6632	10
269557	4734	10
269557	1031	9
269557	388	10
269557	494	10
269557	4436	9
269702	1684	9
269702	5367	9
269702	4854	10
269702	4101	10
269702	425	8
269702	781	7
269719	649	10
269719	1391	9
269719	577	10
269719	3736	9
269719	5929	8
269719	1760	9
269719	6719	10
269719	715	10
269719	2696	10
269719	2110	7
269719	2665	10
269719	1909	9
269728	817	10
269728	6134	10
269728	4278	10
269728	1108	10
269728	1646	10
269728	6841	10
269728	3163	10
269728	66	9
269728	3777	10
269728	6842	8
269728	3548	8
269728	90	10
269728	1963	10
269728	835	10
269728	6226	9
269728	4086	10
269738	384	9
269738	6870	10
269738	1517	10
269738	1828	9
269738	1605	9
269738	4150	10
269738	6764	9
269738	4187	8
269738	5188	9
269738	3415	9
269738	6304	9
269738	5035	9
269738	3833	10
269738	3618	10
269738	5377	9
269738	3853	10
269738	2389	10
269759	581	6
269759	1938	9
269759	1784	10
269759	1983	10
269759	6526	9
269799	3913	9
269799	463	9
269799	2454	9
269799	5056	10
269799	1896	10
269799	901	9
269799	65	10
269799	70	3
269799	6566	9
269799	3882	10
269799	971	7
269799	1066	10
269799	6430	10
269799	1804	10
269808	465	5
269808	665	7
269808	781	7
269808	1219	9
269835	301	9
269835	2802	8
269835	809	9
269835	5627	10
269835	1114	10
269835	503	9
269835	3949	10
269835	1185	9
269835	4286	9
269835	432	9
269835	1626	6
269835	2391	10
269835	85	9
269835	2233	8
269835	500	7
269835	2413	8
269835	4877	9
269835	109	9
269835	3657	9
269890	1630	8
269890	1938	10
269890	5339	10
269890	129	9
269890	3659	10
269890	866	10
269890	5825	9
269890	2706	8
269890	4406	9
269890	6458	9
269890	398	10
269890	6460	10
269890	6885	9
269890	1341	10
269890	1342	8
269890	4259	10
269890	5122	9
269890	1447	9
269890	1882	8
269890	4596	8
269890	4051	9
269890	6829	10
269890	1530	9
269890	263	9
269890	4148	9
269890	608	9
269890	5512	10
269890	2053	10
269890	2769	9
269890	6373	9
269890	3200	9
269890	5684	8
269890	1602	8
269890	2681	10
270069	915	9
270069	1897	9
270069	3973	9
270069	2516	9
270069	715	9
270069	1617	9
270069	1380	10
270069	4055	10
270121	3928	8
270121	386	10
270121	5290	9
270121	4916	9
270121	2005	10
270156	2801	10
270156	6355	10
270156	1056	9
270156	6473	9
270156	2390	9
270156	928	8
270156	70	3
270156	1685	10
270156	6505	10
270156	887	10
270156	4202	9
270211	1056	8
270211	3789	10
270211	127	7
270211	6381	8
270226	879	10
270226	50	5
270226	3472	8
270226	1308	10
270226	636	10
270326	338	6
270326	4338	8
270326	730	9
270326	434	7
270326	592	5
270326	1433	10
270326	241	9
270339	4183	10
270339	540	9
270339	3518	10
270339	3455	9
270339	1531	9
270339	5013	9
270339	3063	10
270339	4533	10
270352	1495	9
270352	1253	6
270352	1937	9
270352	6737	10
270352	3306	9
270352	4050	10
270352	439	8
270352	831	9
270352	2695	8
270352	5384	10
270352	768	10
270352	1614	9
270352	5385	10
270352	5386	9
270352	2105	10
270352	2106	10
270352	5213	10
270352	5214	10
270352	2696	8
270352	2274	10
270352	2275	10
270352	2276	10
270352	4445	10
270352	2110	10
270352	4446	10
270352	1270	9
270352	2111	9
270352	4447	9
270352	2112	8
270352	2113	10
270352	2114	10
270352	2277	10
270352	2116	10
270352	240	10
270352	5225	10
270352	1323	10
270401	1432	9
270401	6181	9
270401	2432	10
270401	663	8
270401	685	10
270401	6163	10
270554	695	10
270554	2656	10
270554	1698	10
270554	50	5
270554	2918	7
270554	410	6
270554	957	8
270554	1941	10
270554	1428	9
270554	4182	9
270554	2044	8
270554	1943	9
270554	1186	8
270554	4662	9
270554	1491	6
270554	1033	8
270554	4744	8
270554	51	10
270554	5233	10
270554	614	7
270554	2156	9
270554	5568	10
270554	1736	9
270554	54	9
270605	4152	10
270605	486	6
270605	3913	10
270605	3021	10
270605	496	9
270605	406	8
270605	316	9
270605	465	4
270605	50	2
270605	243	6
270605	533	6
270605	5777	10
270605	774	8
270605	1701	10
270605	5840	9
270605	1135	9
270605	5653	9
270605	2880	10
270605	4048	9
270605	3114	10
270605	3540	10
270605	575	8
270605	1491	9
270605	960	10
270605	75	10
270605	1616	9
270605	160	7
270605	2574	9
270605	657	7
270605	2357	8
270605	5593	9
270605	1947	10
270605	4346	10
270605	1781	9
270605	420	10
270605	1412	8
270605	2990	10
270605	6484	8
270605	1753	9
270605	1433	9
270605	4794	10
270605	192	6
270605	1788	8
270605	2982	10
270605	2119	9
270605	3508	9
270605	285	6
270605	4105	10
270605	1595	10
270629	3713	9
270629	695	9
270629	2653	10
270629	3445	9
270629	2008	10
270666	4725	8
270666	4726	10
270666	961	10
270666	3952	9
270715	6611	10
270715	2194	8
270715	6645	10
270715	619	9
270715	4596	10
270723	1581	10
270723	1598	8
270723	6297	10
270723	6423	10
270723	5989	9
270737	2218	10
270737	6495	9
270737	884	10
270737	3119	10
270737	1875	9
270737	3114	9
270737	4003	9
270737	4071	10
270737	246	8
270737	2635	9
270737	3978	10
270737	6547	10
270737	1068	9
270737	283	8
270737	5173	9
270754	57	9
270754	4000	9
270754	3990	10
270754	6083	10
270754	4135	9
270801	227	7
270801	615	9
270801	3632	7
270801	182	10
270801	1587	10
270801	1490	9
270801	1177	8
270801	3420	10
270801	497	10
270801	1901	10
270801	2433	10
270801	948	9
270801	4873	9
270801	590	7
270801	2459	9
270801	1571	10
270801	592	6
270801	5651	9
270801	665	6
270801	637	8
270820	5161	10
270820	5887	8
270820	50	5
270820	2147	10
270820	1927	8
270820	67	7
270820	159	10
270820	1261	8
270820	3564	8
270820	2148	10
270820	358	10
270820	1268	8
270820	2337	10
270820	1966	9
270820	3874	10
270820	4963	7
270820	328	9
270820	4585	10
270820	5786	9
270820	366	10
270820	2692	8
270820	1242	9
270820	1529	10
270820	590	6
270820	4988	9
270820	6151	9
270820	831	8
270820	1964	8
270820	5291	10
270820	3816	9
270820	3490	10
270820	434	8
270820	481	9
270820	5955	10
270820	4202	10
270820	3822	9
270820	716	10
270820	6903	10
270820	665	6
270820	3418	9
270820	6591	10
270820	781	7
270820	247	10
270820	2270	10
270820	5451	9
270828	1875	9
270828	5793	10
270828	469	6
270828	361	10
270828	3458	9
270828	2257	9
270828	1379	10
270828	1667	9
270829	6214	10
270829	339	9
270829	2211	9
270829	4679	10
270838	4919	8
270838	3021	10
270838	821	8
270838	5246	10
270838	777	9
270838	6126	10
270838	1405	10
270838	3046	9
270838	308	7
270838	1960	10
270838	6846	9
270838	177	9
270838	6333	10
270838	3040	10
270838	5402	10
270838	4973	9
270838	2576	10
270838	1799	10
270838	163	9
270838	2312	10
270838	6908	9
270838	637	9
270838	4534	10
270838	1987	10
270838	2686	10
270838	3469	10
270838	6766	10
270863	1164	10
270863	696	9
270863	3632	10
270863	1430	10
270863	634	9
270863	3518	10
270897	816	10
270897	1171	10
270897	503	8
270897	960	9
270897	3727	8
270897	1535	9
270897	284	9
270897	2158	9
270906	1823	10
270906	5598	9
270906	3350	10
270906	4051	8
270906	3436	10
270906	3953	9
270906	1101	10
270906	614	9
270906	7	8
270906	4464	9
271000	2918	8
271000	1808	7
271000	2013	10
271000	6675	10
271000	473	7
271000	1209	10
271000	2751	9
271000	6292	10
271000	978	9
271144	446	8
271144	1731	8
271144	2971	10
271144	649	8
271144	1223	10
271144	6520	8
271144	6891	10
271144	617	10
271144	538	9
271144	6794	10
271144	983	9
271144	1066	7
271144	4989	9
271144	1547	10
271156	634	9
271156	1523	10
271156	1577	9
271156	953	9
271156	404	7
271176	692	8
271176	4279	10
271176	3285	10
271176	533	7
271176	2282	10
271176	6792	9
271176	865	9
271176	183	9
271176	3064	6
271176	2478	7
271176	1011	8
271176	1407	10
271176	235	7
271176	471	8
271176	472	8
271176	473	7
271176	341	8
271176	4325	8
271176	4375	10
271176	934	6
271176	4646	10
271176	5058	10
271176	2053	9
271176	1384	9
271176	480	7
271176	613	8
271176	781	6
271176	3994	10
271176	784	9
271176	842	10
271195	6098	10
271195	693	8
271195	4782	9
271195	4152	9
271195	862	9
271195	695	10
271195	2381	10
271195	649	9
271195	1248	10
271195	6703	10
271195	1942	7
271195	1331	9
271195	274	7
271195	1428	8
271195	1275	10
271195	742	9
271195	1117	8
271195	3270	10
271195	1558	9
271195	235	8
271195	2690	9
271195	2070	8
271195	1663	10
271195	4713	10
271195	5759	9
271195	2694	10
271195	5846	10
271195	6463	9
271195	3757	10
271195	875	9
271195	613	8
271195	2179	9
271195	4739	10
271195	4103	10
271195	1493	10
271195	4104	9
271195	781	9
271195	4877	8
271195	109	9
271195	2050	9
271195	3657	8
271195	4951	10
271195	3299	10
271195	6676	9
271284	6827	10
271284	2562	8
271284	1264	8
271284	3676	8
271284	3586	10
271306	5106	8
271306	176	9
271306	2016	10
271306	3049	8
271306	3054	10
271306	3273	9
271306	1342	9
271306	338	5
271306	339	9
271306	5132	8
271306	6237	10
271306	2396	10
271306	1263	10
271306	4051	9
271306	2578	10
271306	127	6
271306	6239	10
271306	3299	10
271375	4137	10
271375	183	8
271375	824	10
271375	2488	9
271375	2517	10
271375	1602	7
271448	581	6
271448	457	7
271448	643	8
271448	1674	9
271448	2916	10
271448	1939	10
271448	3033	10
271448	3680	10
271448	50	4
271448	15	9
271448	1055	8
271448	2918	8
271448	5634	9
271448	1636	7
271448	957	8
271448	124	1
271448	533	6
271448	4689	10
271448	652	9
271448	2705	10
271448	3438	10
271448	1179	10
271448	1512	10
271448	3949	10
271448	1631	8
271448	2193	9
271448	412	9
271448	958	9
271448	1186	9
271448	1660	8
271448	575	10
271448	903	10
271448	540	8
271448	1880	8
271448	3440	10
271448	340	9
271448	341	6
271448	364	10
271448	1268	8
271448	451	4
271448	2293	8
271448	657	7
271448	4753	9
271448	2391	10
271448	1201	9
271448	2883	10
271448	1764	8
271448	1930	10
271448	1205	8
271448	3718	9
271448	1751	10
271448	950	9
271448	5961	8
271448	661	9
271448	421	10
271448	435	10
271448	1968	8
271448	1212	6
271448	3333	9
271448	3424	8
271448	3037	8
271448	1273	9
271448	214	7
271448	1670	10
271448	6252	10
271448	3038	9
271448	1969	10
271448	20	7
271448	954	10
271448	4829	9
271448	133	10
271460	59	8
271460	2333	9
271460	1563	10
271460	2335	10
271460	4512	10
271460	377	9
271460	5127	10
271460	2789	10
271460	4515	8
271460	881	10
271460	4954	9
271460	5908	9
271460	3660	9
271460	1048	9
271460	1049	10
271460	2346	10
271460	2712	10
271460	3965	10
271460	4819	10
271503	1731	9
271503	6108	9
271503	293	10
271503	3402	10
271503	3801	10
271503	1212	8
271503	104	9
271531	1708	9
271531	540	8
271531	675	8
271531	6830	9
271531	542	10
271531	1626	8
271531	416	9
271531	2216	10
271531	2217	9
271531	5300	10
271531	2890	10
271531	2133	9
271531	117	9
271538	883	6
271538	581	6
271538	862	8
271538	1086	9
271538	274	4
271538	1179	7
271538	3973	8
271538	831	6
271557	2190	10
271557	2281	10
271557	313	10
271557	3368	9
271557	1736	10
271558	2583	9
271558	4486	10
271558	274	6
271558	1596	9
271558	1421	9
271558	3133	7
271558	3941	9
271558	5965	8
271558	3570	9
271558	3286	10
271558	6033	10
271558	1104	7
271558	6	9
271558	1640	10
271558	451	7
271558	144	8
271558	1729	9
271558	711	10
271558	5297	9
271558	172	8
271558	2215	8
271558	620	8
271558	1205	8
271558	2857	9
271558	2516	10
271558	1471	9
271587	4565	10
271587	6720	9
271587	5249	9
271587	1211	10
271587	6755	9
271588	6156	10
271588	4239	9
271588	4112	10
271588	2944	10
271588	3150	9
271588	2091	8
271588	5536	9
271622	447	8
271622	6495	9
271622	1086	9
271622	15	9
271622	182	9
271622	1158	6
271622	5098	10
271622	3170	10
271622	4790	9
271622	4071	10
271622	691	9
271622	1901	10
271622	5592	9
271622	6601	10
271622	3587	9
271622	459	9
271622	1767	9
271622	5867	10
271622	314	9
271622	20	5
271659	742	7
271659	1117	7
271659	3604	9
271659	2569	9
271659	3605	9
271659	2706	10
271659	1597	8
271659	1118	9
271659	4079	9
271659	3844	9
271659	4080	10
271659	1410	9
271705	5052	8
271705	1630	8
271705	2892	10
271705	302	9
271705	925	8
271705	2843	10
271705	1109	8
271705	809	7
271705	4998	10
271705	3819	9
271705	5872	10
271705	2657	9
271705	2474	9
271705	4706	9
271705	5851	10
271705	4373	9
271705	5582	10
271705	458	8
271705	698	9
271705	1425	9
271705	2393	10
271705	3916	8
271705	1144	10
271705	50	4
271705	1291	7
271705	2222	10
271705	410	9
271705	386	9
271705	901	9
271705	3438	10
271705	1510	9
271705	4842	9
271705	2014	10
271705	2318	10
271705	6690	10
271705	787	10
271705	3986	10
271705	472	7
271705	1104	9
271705	1263	8
271705	542	9
271705	3897	9
271705	6714	8
271705	730	9
271705	1983	9
271705	477	8
271705	1203	10
271705	3778	10
271705	632	9
271705	1647	10
271705	4989	9
271705	5034	10
271705	1931	9
271705	434	6
271705	3912	9
271705	282	9
271705	6614	9
271705	5495	10
271705	6161	10
271705	5496	10
271705	1789	9
271705	5880	8
271705	1152	9
271705	1819	10
271705	1723	10
271705	4068	10
271833	4834	9
271833	6021	10
271833	1188	9
271833	5064	9
271833	2713	8
272120	896	10
272120	6156	10
272120	3771	10
272120	1687	10
272120	5113	10
272120	5438	9
272120	3070	9
272120	1836	8
272120	3834	10
272202	883	8
272202	643	8
272202	1156	10
272202	3186	9
272202	533	7
272202	3424	10
272225	6673	10
272225	227	7
272225	6412	10
272225	1708	9
272225	70	6
272225	2725	9
272225	17	8
272225	488	9
272225	3039	10
272225	4560	10
272225	4585	10
272225	1853	8
272225	2516	9
272225	1379	8
272225	5306	10
272225	3361	9
272225	4995	10
272225	5973	10
272225	3406	10
272233	5339	9
272233	5114	9
272233	5622	10
272233	614	7
272385	777	9
272385	1242	9
272385	6414	9
272385	19	7
272385	1602	8
272395	3819	10
272395	1229	10
272395	6760	10
272395	174	7
272395	3552	9
272407	536	9
272407	70	3
272407	892	10
272407	2992	9
272407	1382	7
272407	77	8
272407	3612	10
272407	3219	8
272407	6334	10
272407	3056	8
272407	2889	10
272407	156	10
272423	59	8
272423	319	10
272423	1836	10
272423	4314	9
272423	1849	9
272573	487	10
272573	2453	9
272573	6143	9
272573	407	8
272573	124	2
272573	274	5
272573	183	6
272573	707	9
272573	4442	9
272573	1159	10
272573	6	9
272573	1269	8
272573	414	8
272573	451	6
272573	2293	9
272573	2205	8
272573	3055	9
272573	1447	8
272573	1882	9
272573	453	9
272573	657	7
272573	3565	9
272573	3626	10
272573	4561	10
272573	5153	9
272573	3421	10
272573	2233	9
272573	1617	8
272573	4914	9
272573	1271	9
272573	5020	10
272573	2112	10
272573	1272	10
272573	2116	10
272573	2861	10
272671	3416	9
272671	3262	10
272671	174	7
272671	6751	8
272705	335	8
272705	70	4
272705	144	10
272705	1200	10
272705	3433	10
272715	5772	9
272715	124	1
272715	630	8
272715	1476	9
272715	1014	8
272715	5619	10
272715	1931	9
272715	6072	10
272715	845	9
272786	1247	9
272786	50	6
272786	397	10
272786	338	6
272786	339	8
272786	340	9
272786	51	9
272786	657	7
272786	434	7
272810	3669	10
272810	471	9
272810	472	8
272810	473	6
272810	341	6
272810	480	8
272890	487	8
272890	63	10
272890	6850	9
272890	4320	9
272890	347	7
272961	176	10
272961	1056	10
272961	2972	10
272961	2337	10
272961	5220	9
272961	1068	9
273063	2781	9
273063	534	10
273063	3529	9
273063	542	10
273063	1238	9
273071	405	9
273071	1253	9
273071	4791	10
273071	5710	9
273071	6770	10
273071	2740	9
273071	1492	9
273086	3527	9
273086	207	7
273086	176	10
273086	227	6
273086	1144	10
273086	774	9
273086	981	7
273086	720	8
273086	1146	9
273086	307	10
273086	3705	9
273086	3518	9
273086	590	6
273086	2857	8
273086	2859	9
273086	3300	10
273086	804	10
273086	2459	9
273086	592	8
273089	981	7
273089	472	7
273089	473	9
273089	3550	9
273089	5780	10
273110	2323	9
273110	1268	8
273110	2299	10
273110	1272	9
273113	4969	10
273113	3260	8
273113	601	10
273113	1921	9
273113	5356	10
273113	5889	9
273113	4075	9
273113	3291	9
273113	1373	9
273113	757	10
273113	3842	10
273113	4359	10
273113	289	9
273113	3261	10
273113	2122	10
273113	2483	10
273113	4076	10
273113	3688	10
273113	3857	9
273113	4077	10
273113	290	9
273113	4078	10
273113	602	10
273113	3058	9
273113	4019	9
273113	4079	10
273113	3844	10
273113	4080	10
273113	6738	9
273113	4958	9
273113	5209	9
273113	1827	10
273113	6867	10
273113	3689	8
273113	6764	7
273113	4040	9
273113	1388	10
273113	3488	10
273113	3489	9
273113	5251	10
273113	5609	10
273113	30	9
273113	543	10
273113	544	10
273113	1003	9
273113	1626	7
273113	6241	9
273113	1138	9
273113	3275	8
273113	3277	10
273113	5518	10
273113	4655	10
273113	2647	8
273113	3636	10
273113	3637	9
273113	6038	10
273113	4173	9
273113	4174	9
273113	5345	9
273113	4323	10
273113	3030	9
273113	6704	10
273113	1888	10
273113	763	9
273113	4081	10
273113	687	10
273113	5324	10
273113	219	9
273113	311	10
273113	1047	10
273113	220	10
273113	221	8
273113	295	9
273113	5689	9
273113	3416	9
273113	1923	9
273113	3325	9
273113	3858	9
273113	367	7
273113	4082	8
273113	764	8
273113	6640	10
273113	829	7
273113	224	7
273113	225	8
273113	5944	10
273113	3264	9
273113	881	10
273113	3750	10
273113	2083	10
273113	5736	10
273113	3692	10
273113	4911	10
273113	4400	10
273113	1889	8
273113	5267	10
273113	3861	10
273113	5583	10
273113	3016	10
273113	41	7
273113	4366	9
273113	2622	10
273113	3833	10
273113	2638	10
273113	4367	8
273113	3853	9
273113	3157	9
273113	4613	10
273113	2389	9
273113	4975	9
273113	5707	9
273113	2135	9
273113	6711	10
273113	299	10
273167	1566	8
273167	1411	8
273167	2618	10
273167	5377	9
273167	5379	10
273167	2305	9
273190	333	10
273190	235	6
273190	5303	10
273190	3061	10
273190	997	10
273190	2951	8
273190	2117	9
273190	2844	10
273190	4094	10
273190	5985	10
273190	6420	9
273190	2398	10
273190	805	7
273190	4895	9
273190	4029	9
273190	6811	10
273190	240	8
273190	991	10
273190	2236	9
273197	1292	9
273197	5763	10
273197	6862	10
273197	1590	10
273197	3242	10
273197	6466	10
273197	3063	9
273197	4544	9
273307	464	8
273307	407	8
273307	1973	9
273307	540	8
273307	2690	7
273307	1447	8
273307	1760	9
273307	614	7
273307	192	7
273307	214	7
273307	1956	9
273307	1761	10
273318	6863	10
273318	1182	9
273318	451	6
273318	1594	8
273318	2628	7
273318	147	9
273318	3196	10
273336	5730	10
273336	2211	9
273336	5569	9
273336	2518	10
273336	4827	10
273344	1897	10
273344	4737	9
273344	1519	9
273344	2683	10
273344	5866	10
273344	2387	9
273344	3705	9
273344	6426	9
273344	44	10
273344	356	10
273344	5362	10
273344	324	10
273344	4087	10
273344	5196	8
273344	4403	9
273440	3520	8
273440	1193	9
273440	3475	9
273440	2848	9
273440	728	10
273440	794	9
273440	611	9
273440	1154	10
273465	6621	9
273465	6021	10
273465	3270	10
273465	1520	9
273465	6643	10
273465	1546	10
273507	227	6
273507	957	7
273507	2882	9
273507	542	9
273507	3367	10
273507	598	9
273535	1504	7
273535	6553	9
273535	1709	10
273535	1664	9
273535	764	9
273635	1866	10
273635	2308	10
273635	68	7
273635	1600	9
273635	52	10
273635	6326	10
273635	2983	9
273635	2744	9
273718	6017	9
273718	458	7
273718	6064	8
273718	124	1
273718	537	9
273718	6745	9
273718	2432	10
273718	1647	10
273718	6765	9
273718	3205	8
273718	4412	9
273718	390	9
273718	3067	9
273805	1459	9
273805	378	9
273805	3765	8
273805	3861	10
273805	5583	10
273805	3445	9
273813	2456	9
273813	243	7
273813	1186	9
273813	1432	9
273813	3374	8
273813	1616	9
273813	1743	9
273813	1626	7
273813	416	9
273813	2295	9
273813	265	9
273813	4438	10
273813	2823	9
273813	6359	10
273869	446	9
273869	5042	9
273869	6075	10
273869	1207	7
273869	614	7
273906	1635	10
273906	4373	9
273906	1479	10
273906	2300	10
273906	4960	9
273906	4961	9
273976	1166	8
273976	1077	10
273976	533	7
273976	5777	10
273976	774	8
273976	1707	9
273976	573	10
273976	3604	9
273976	744	9
273976	1473	9
273976	1977	10
273976	69	10
273976	1979	10
273976	246	9
273976	477	9
273976	480	9
273976	597	8
273976	2319	10
273976	1788	9
273976	2005	9
273976	4950	10
273976	784	7
273979	207	7
273979	2443	10
273979	2444	10
273979	2446	9
273979	2448	9
273979	1253	10
273979	3954	10
273979	696	10
273979	1291	6
273979	6795	10
273979	3119	9
273979	243	5
273979	411	9
273979	2193	7
273979	653	8
273979	1773	7
273979	1058	7
273979	4110	9
273979	1758	10
273979	3735	9
273979	997	7
273979	1565	10
273979	1588	8
273979	2825	10
273979	3434	8
273979	1764	10
273979	6900	9
273979	6678	9
273979	265	10
273979	1423	9
273979	4070	10
273979	3099	10
273979	5306	9
273979	2668	10
273979	1471	10
273979	6765	10
273979	19	7
273979	3614	10
273979	1457	10
273979	1602	9
273979	2679	10
273979	2158	9
274004	883	6
274004	301	10
274004	207	7
274004	1934	10
274004	1284	8
274004	925	9
274004	4669	8
274004	3119	10
274004	680	10
274004	503	7
274004	981	6
274004	1707	10
274004	2706	9
274004	5063	9
274004	63	10
274004	1510	9
274004	4896	9
274004	1407	8
274004	3318	10
274004	746	9
274004	1563	10
274004	3286	8
274004	6796	10
274004	6842	9
274004	6	8
274004	1626	5
274004	6158	8
274004	2989	10
274004	632	9
274004	1647	10
274004	611	8
274004	1453	9
274004	4598	8
274004	4402	10
274004	562	10
274004	3002	10
274004	404	6
274004	5010	8
274056	1707	9
274056	74	9
274056	2847	10
274056	1851	9
274056	4528	9
274056	417	9
274056	3365	10
274056	621	10
274056	4438	9
274056	2858	9
274056	41	6
274056	2620	10
274056	6903	10
274056	352	9
274111	5054	10
274111	5218	9
274111	5587	10
274111	811	10
274111	3022	10
274199	6303	9
274199	5529	10
274199	3646	10
274199	2734	10
274199	1103	9
274199	3458	9
274199	5162	10
274199	96	10
274199	6377	8
274199	6911	10
274199	1323	9
274199	3515	10
274301	3083	9
274301	2586	8
274301	3590	10
274301	4045	10
274301	6737	8
274301	3336	8
274301	5063	9
274301	3766	9
274301	3348	9
274301	6556	10
274301	1858	10
274301	1421	10
274301	5232	10
274301	6542	10
274301	1443	9
274301	3350	10
274301	892	9
274301	2080	6
274301	2992	8
274301	450	9
274301	2329	8
274301	1045	8
274301	1382	8
274301	931	10
274301	1104	7
274301	2788	10
274301	292	8
274301	5335	10
274301	2961	9
274301	4345	9
274301	4517	10
274301	5220	9
274301	488	9
274301	6883	10
274301	380	9
274301	3548	10
274301	2628	8
274301	259	10
274301	620	8
274301	2955	9
274301	4561	10
274301	4562	10
274301	2957	7
274301	5945	9
274301	4275	9
274301	218	9
274301	3175	10
274301	3463	10
274301	3176	8
274301	803	8
274301	3177	10
274301	90	10
274301	4179	10
274301	6353	10
274301	4316	9
274301	5138	9
274301	2077	9
274301	1453	8
274301	805	9
274301	3359	10
274301	4598	9
274301	1861	9
274301	3144	9
274301	1788	9
274301	500	10
274301	717	9
274301	3256	9
274301	4949	10
274301	101	9
274301	298	9
274301	1804	10
274301	507	10
274308	4919	7
274308	910	9
274308	394	9
274308	22	9
274308	6184	9
274308	707	8
274308	63	9
274308	1441	10
274308	6805	10
274308	1421	9
274308	70	3
274308	3896	10
274308	2874	10
274308	6658	9
274308	1312	9
274308	2726	10
274308	2334	9
274308	2329	9
274308	3882	10
274308	5738	10
274308	338	5
274308	1268	9
274308	79	9
274308	886	10
274308	1852	10
274308	17	8
274308	578	10
274308	439	9
274308	1531	10
274308	2635	10
274308	5388	9
274308	2103	9
274308	3660	8
274308	779	9
274308	784	7
274308	3445	10
274325	124	1
274325	6417	10
274325	2734	10
274325	69	10
274325	346	9
274325	380	9
274325	5438	8
274325	5423	10
274325	731	9
274325	2539	9
274325	1951	10
274325	1266	9
274325	285	8
274325	2991	9
274380	581	6
274380	2735	10
274380	3035	10
274380	1781	9
274380	434	6
274380	624	9
274380	103	10
274380	285	7
274393	446	6
274393	693	7
274393	565	10
274393	486	7
274393	2585	9
274393	465	4
274393	3064	8
274393	1973	9
274393	70	4
274393	357	9
274393	5593	10
274393	1126	9
274393	18	10
274393	2015	9
274393	5824	10
274393	2669	10
274393	2119	10
274393	1713	9
274393	3810	10
274393	784	6
274423	800	8
274423	4240	10
274423	5159	10
274423	4097	10
274423	6836	10
274423	4681	9
274423	4682	9
274423	1602	9
274466	581	4
274466	862	9
274466	695	9
274466	4279	8
274466	5673	9
274466	2193	8
274466	1339	10
274466	3042	10
274466	192	7
274466	4466	10
274549	1155	10
274549	1870	9
274549	306	10
274549	159	9
274549	5915	9
274549	71	10
274549	968	9
274549	5801	10
274549	75	9
274549	169	6
274549	4596	8
274549	3745	9
274549	240	9
274549	1629	8
274549	175	10
274549	1016	10
274549	5010	8
274618	818	10
274618	643	8
274618	1156	10
274618	338	5
274618	5832	9
274618	1751	9
274634	5463	10
274634	2249	10
274634	1715	10
274634	469	7
274634	2023	9
274634	1520	8
274634	339	9
274634	1795	10
274634	363	10
274634	4381	10
274634	737	10
274634	5430	9
274634	4476	9
274634	4322	9
274634	3088	9
274634	1603	8
274634	2532	8
274634	2864	10
274634	2533	10
274634	3149	10
274656	5923	10
274656	809	8
274656	4971	9
274656	1309	9
274656	4559	9
274656	4980	10
274656	1626	7
274656	1691	8
274656	2792	10
274656	590	6
274656	3056	10
274808	446	6
274808	1007	10
274808	3317	8
274808	2940	10
274808	2365	9
274808	387	10
274808	4027	9
274808	388	7
274808	2293	10
274808	5863	9
274808	2509	9
274808	983	8
274808	2253	9
274808	1632	7
274808	657	4
274808	1410	9
274808	6832	10
274808	5521	9
274808	5743	9
274881	5922	8
274881	250	9
274881	2631	10
274881	3334	8
274881	2894	9
274881	1056	10
274925	6056	10
274925	902	10
274925	6830	9
274925	3533	10
274925	427	10
274979	2627	10
274979	1676	9
274979	5621	10
274979	1861	10
275020	2585	10
275020	1115	8
275020	5794	10
275020	1226	10
275020	2849	10
275020	4063	9
275020	4769	9
275020	6089	8
275020	1949	9
275020	1788	8
275020	4104	10
275020	2405	10
275020	214	7
275020	3469	10
275075	5879	9
275075	981	6
275075	720	8
275075	1626	8
275075	4410	10
275075	1141	10
275111	6229	10
275111	746	10
275111	3705	10
275111	2752	9
275111	3870	8
275111	4712	8
275111	3179	10
275111	5546	9
275111	940	9
275111	4378	9
275154	412	9
275154	6550	9
275154	575	7
275154	70	5
275154	6571	9
275154	1616	10
275154	4050	9
275154	1851	7
275154	542	9
275154	543	9
275154	544	10
275154	1003	10
275154	546	9
275154	3380	6
275154	592	7
275154	614	6
275154	4055	10
275154	490	8
275210	4364	10
275210	641	9
275210	6810	10
275210	339	9
275210	1568	9
275210	2311	10
275210	6209	9
275210	404	8
275220	2169	9
275220	6195	10
275220	3119	9
275220	319	9
275220	3320	9
275220	6597	8
275220	6025	9
275220	6223	9
275220	232	10
275220	3027	10
275228	1809	10
275228	2968	7
275228	2701	9
275228	2905	10
275228	6470	10
275264	6302	8
275264	1403	10
275264	4122	10
275264	4861	9
275264	3675	10
275264	2293	7
275306	981	7
275306	468	10
275306	691	10
275306	934	8
275306	1207	7
275306	1788	9
275306	232	10
275306	4829	10
275318	4354	9
275318	6729	9
275318	355	9
275318	2285	8
275318	6204	9
275318	1851	7
275383	3795	10
275383	3230	10
275383	127	5
275383	5973	9
275383	460	8
275401	471	7
275401	472	8
275401	340	6
275401	341	7
275401	4615	9
275401	4778	8
275401	480	8
275401	20	6
275439	169	7
275439	170	5
275439	6	8
275439	1269	8
275439	77	10
275439	195	8
275439	2070	9
275476	458	9
275476	1293	10
275476	4134	9
275476	3369	10
275476	1691	8
275481	3230	9
275481	6721	10
275481	1272	9
275481	6464	9
275481	5157	10
275520	533	7
275520	4734	10
275520	169	7
275520	1268	7
275520	4584	10
275520	934	7
275520	5593	10
275520	477	9
275520	3041	9
275520	1396	9
275611	3568	10
275611	1329	9
275611	1104	7
275611	1730	10
275611	324	9
275611	5197	9
275638	1284	7
275638	486	7
275638	678	9
275638	5939	10
275638	5812	9
275638	2089	10
275638	5589	9
275673	274	7
275673	1115	10
275673	3225	9
275673	363	9
275673	5249	9
275673	1000	10
275732	6828	8
275732	867	10
275732	4645	10
275732	4474	10
275732	842	10
275758	3813	10
275758	4642	9
275758	5750	9
275758	6024	10
275758	1132	10
275761	1495	10
275761	5463	9
275761	6790	9
275761	6010	9
275761	5844	9
275922	465	5
275922	414	7
275922	3458	10
275922	5593	8
275922	1627	8
275922	1890	10
275922	1601	10
275922	781	7
275922	5570	9
275922	6390	9
275970	692	10
275970	1737	7
275970	4125	9
275970	4628	10
275970	5585	9
275970	2208	9
275970	1894	9
275970	1109	9
275970	60	10
275970	1939	10
275970	1173	10
275970	1431	10
275970	276	10
275970	1774	10
275970	3715	9
275970	1159	10
275970	5866	9
275970	1901	9
275970	1491	9
275970	4007	9
275970	2069	10
275970	3727	10
275970	1663	10
275970	1071	7
275970	6890	10
275970	5494	10
275970	2038	10
275970	6180	10
275970	4369	9
275970	4973	9
275970	1282	9
275970	2514	10
275970	591	9
275970	38	8
275970	939	10
275970	593	10
275970	6623	10
275970	5204	10
275970	4893	10
275970	2958	10
275970	3657	10
275970	5068	10
275970	6526	10
275970	3894	10
275970	6016	9
275970	3658	8
275994	4651	10
275994	169	6
275994	17	9
275994	6775	9
275994	4933	10
275994	2368	9
275994	4954	9
275994	2362	9
275994	3864	9
275994	6062	9
276017	4152	10
276017	4602	10
276017	4003	10
276017	1309	9
276017	451	7
276017	224	9
276017	3338	10
276017	6668	10
276017	6641	10
276017	3679	9
276038	1071	9
276038	257	9
276038	3891	10
276038	1964	10
276038	329	8
276038	1574	8
276038	6741	10
276038	118	9
276038	5865	10
276038	9	9
276038	1696	10
276050	428	10
276050	6143	9
276050	1171	10
276050	1291	8
276050	1330	10
276050	3064	8
276050	537	10
276050	2478	10
276050	1117	9
276050	1381	9
276050	2919	5
276050	880	9
276050	2912	9
276050	538	9
276050	68	9
276050	4212	10
276050	1045	9
276050	1565	10
276050	246	8
276050	380	9
276050	1529	10
276050	995	8
276050	3040	9
276050	1948	10
276050	813	10
276050	803	8
276050	635	10
276050	41	8
276050	2516	10
276050	3327	9
276050	552	8
276050	192	5
276050	3645	9
276071	651	9
276071	3351	9
276071	169	7
276071	292	9
276071	451	6
276071	995	10
276071	2712	10
276165	1553	10
276165	863	7
276165	1055	8
276165	533	6
276165	2804	9
276165	3049	10
276165	1420	10
276165	70	4
276165	471	9
276165	472	8
276165	473	9
276165	341	7
276165	1104	9
276165	2634	9
276165	5064	10
276165	4678	9
276165	1665	10
276165	5183	9
276165	829	10
276165	224	9
276165	225	9
276165	3692	9
276165	1316	9
276165	480	7
276165	127	5
276165	5988	9
276165	1849	10
276167	533	6
276167	3091	9
276167	2245	10
276167	6329	9
276231	581	5
276231	486	8
276231	532	9
276231	1708	9
276231	778	10
276231	5911	9
276231	5333	10
276231	27	9
276231	3132	9
276231	892	10
276231	2080	7
276231	168	10
276231	450	9
276231	3225	10
276231	1382	8
276231	1527	10
276231	327	10
276231	1639	10
276231	5127	10
276231	2020	9
276231	2026	9
276231	17	8
276231	3942	9
276231	996	9
276231	4307	9
276231	2859	9
276231	611	7
276231	2578	8
276231	2550	8
276231	3775	9
276231	161	10
276231	592	6
276231	342	9
276231	4921	10
276231	4191	9
276231	614	7
276231	3362	10
276231	2043	10
276291	6819	9
276291	5577	9
276291	3780	9
276291	1530	10
276291	2331	9
276291	1433	9
276307	2766	9
276307	6157	10
276307	6057	10
276307	1114	10
276307	2767	10
276307	6815	9
276307	2568	10
276307	1177	9
276307	4285	10
276307	3477	9
276307	1677	9
276307	2713	9
276307	1454	9
276307	1153	10
276313	4510	10
276313	3064	7
276313	6533	8
276313	2070	8
276313	160	7
276313	5750	10
276313	146	9
276313	3549	7
276313	127	7
276313	192	6
276313	6309	10
276313	782	10
276313	5273	9
276328	207	7
276328	1731	7
276328	862	7
276328	5566	10
276328	5561	9
276463	6799	9
276463	643	8
276463	3187	10
276463	3189	10
276463	6825	9
276463	182	10
276463	537	8
276463	1011	9
276463	245	8
276463	2286	10
276463	4589	10
276463	3796	10
276463	3532	10
276463	2428	10
276463	1550	10
276463	1076	7
276521	3594	9
276521	5577	10
276521	5884	10
276521	2213	9
276521	6622	10
276521	608	10
276521	2857	9
276521	2859	9
276521	3465	9
276521	2714	8
276521	2715	9
276521	2716	10
276521	2524	9
276563	5745	9
276563	3312	10
276563	3809	10
276563	3572	9
276563	3665	9
276641	5672	9
276641	2587	10
276641	62	9
276641	2649	10
276641	1057	7
276641	3671	9
276641	755	9
276641	2960	9
276641	4016	7
276641	1491	8
276641	997	7
276641	1946	9
276641	6829	9
276641	5985	8
276641	2693	10
276641	2084	10
276641	5908	9
276641	5115	9
276641	1753	9
276641	5727	9
276641	105	9
276641	637	8
276641	4353	9
276670	124	2
276670	5576	10
276670	1395	10
276670	5091	9
276670	6276	10
276670	1434	8
276670	5164	9
276670	247	10
276670	2985	8
276670	1991	9
276680	5641	10
276680	405	10
276680	643	10
276680	2187	10
276680	1651	10
276680	1024	9
276680	182	10
276680	3119	6
276680	124	3
276680	1135	8
276680	6147	10
276680	1510	9
276680	6456	9
276680	1559	9
276680	5387	10
276680	2194	9
276680	1058	7
276680	3410	9
276680	4003	10
276680	5915	10
276680	69	10
276680	70	4
276680	2549	9
276680	3439	10
276680	2068	10
276680	1661	10
276680	378	10
276680	4530	9
276680	3313	10
276680	5050	9
276680	210	7
276680	3582	9
276680	4157	10
276680	192	6
276680	6509	10
276680	5448	10
276680	5021	10
276680	3442	8
276680	2143	10
276680	34	9
276680	6395	10
276680	5053	10
276680	2986	10
276680	4773	10
276681	4492	10
276681	693	7
276681	1284	8
276681	439	10
276688	2384	9
276688	6162	9
276688	6113	10
276688	975	9
276688	6512	10
276688	4703	10
276688	4316	10
276688	1628	10
276688	4464	8
276688	5236	10
