276847	1430	0.10137246
276847	679	0.099644236
276847	2705	0.09553087
276847	4816	0.09529579
276847	6322	0.09487587
276847	467	0.094875865
276847	6244	0.09487586
276847	4338	0.09487585
276847	698	0.09487584
276847	3384	0.09487584
276964	884	0.09266697
276964	2419	0.09266697
276964	1648	0.09266696
276964	3606	0.09266696
276964	4080	0.09266696
276964	4673	0.09266696
276964	4938	0.09266696
276964	247	0.092666954
276964	301	0.092666954
276964	792	0.092666954
277042	6423	0.08873147
277042	2843	0.08873146
277042	1301	0.08873144
277042	2121	0.088174164
277042	387	0.08817415
277042	890	0.08817415
277042	1146	0.08817415
277042	1415	0.08817415
277042	1869	0.08817415
277042	2343	0.08817415
277157	3750	0.15073292
277157	5886	0.15073292
277157	215	0.1507329
277157	387	0.1507329
277157	478	0.1507329
277157	775	0.1507329
277157	890	0.1507329
277157	901	0.1507329
277157	1058	0.1507329
277157	1869	0.1507329
277195	231	0.13832268
277195	1022	0.13832268
277195	4176	0.13832268
277195	6216	0.13832268
277195	6840	0.13832268
277195	1619	0.13832267
277195	5129	0.13832267
277195	5197	0.13832267
277195	668	0.13832265
277195	677	0.13832265
277203	6674	0.130063
277203	3853	0.13006298
277203	4595	0.13006298
277203	533	0.13006297
277203	624	0.13006297
277203	938	0.13006297
277203	1806	0.13006297
277203	1954	0.13006297
277203	2304	0.13006297
277203	2499	0.13006297
277378	2986	0.08977832
277378	4271	0.08977831
277378	4387	0.08977831
277378	626	0.089778304
277378	1610	0.089778304
277378	4290	0.089778304
277378	4482	0.089778304
277378	6798	0.089778304
277378	497	0.0897783
277378	990	0.0897783
277427	244	0.106783256
277427	6265	0.10678324
277427	149	0.106783226
277427	582	0.106783226
277427	4045	0.106783226
277427	4599	0.106783226
277427	961	0.10678322
277427	3385	0.10678322
277427	5437	0.10678322
277427	632	0.10678321
277439	3971	0.077118486
277439	1869	0.07711848
277439	2138	0.07711848
277439	5031	0.07711848
277439	387	0.07711847
277439	890	0.07711847
277439	997	0.07711847
277439	1340	0.07711847
277439	1403	0.07711847
277439	1856	0.07711847
277478	5731	0.12459138
277478	4103	0.124591365
277478	3657	0.12459136
277478	4703	0.12459136
277478	2450	0.12459135
277478	2209	0.12459134
277478	2644	0.12459134
277478	3143	0.12459134
277478	4496	0.12459134
277478	5473	0.12459134
277523	914	0.13310955
277523	1094	0.13310955
277523	5031	0.13310955
277523	5886	0.13310955
277523	215	0.13310954
277523	266	0.13310954
277523	387	0.13310954
277523	478	0.13310954
277523	597	0.13310954
277523	645	0.13310954
277623	478	0.0770271
277623	997	0.0770271
277623	5886	0.0770271
277623	6123	0.0770271
277623	6912	0.0770271
277623	842	0.07702709
277623	1869	0.07702709
277623	3971	0.07702709
277623	5031	0.07702709
277623	24	0.07702708
277629	890	0.08714082
277629	1869	0.08714082
277629	6507	0.08714082
277629	41	0.08714081
277629	215	0.08714081
277629	387	0.08714081
277629	538	0.08714081
277629	579	0.08714081
277629	1062	0.08714081
277629	1146	0.08714081
277639	5697	0.11505412
277639	3875	0.115054116
277639	4167	0.115054116
277639	2582	0.11505411
277639	5666	0.1150541
277639	6361	0.1150541
277639	3883	0.11505409
277639	6459	0.11505409
277639	2691	0.115054086
277639	5547	0.115054086
277710	4813	0.080257624
277710	80	0.08025762
277710	3644	0.08025761
277710	4984	0.08025761
277710	3868	0.0802576
277710	3890	0.0802576
277710	4691	0.0802576
277710	5372	0.0802576
277710	821	0.080257595
277710	2647	0.080257595
277744	3853	0.10313474
277744	6674	0.10313474
277744	3700	0.10313473
277744	6310	0.10313473
277744	6768	0.10313473
277744	533	0.10313472
277744	624	0.10313472
277744	2304	0.10313472
277744	3029	0.10313472
277744	3091	0.10313472
277873	1869	0.103699565
277873	3971	0.103699565
277873	4076	0.103699565
277873	5886	0.103699565
277873	6912	0.103699565
277873	215	0.10369956
277873	387	0.10369956
277873	478	0.10369956
277873	890	0.10369956
277873	922	0.10369956
277922	890	0.08539615
277922	4076	0.08539615
277922	6912	0.08539615
277922	124	0.08539614
277922	216	0.08539614
277922	387	0.08539614
277922	642	0.08539614
277922	775	0.08539614
277922	986	0.08539614
277922	997	0.08539614
277928	6833	0.13713685
277928	3335	0.13713683
277928	1222	0.13713682
277928	1953	0.13713682
277928	4906	0.13685678
277928	1567	0.13685676
277928	2653	0.13685676
277928	5086	0.13685676
277928	5869	0.13685676
277928	711	0.13685675
277937	1869	0.0939503
277937	3971	0.0939503
277937	41	0.09395029
277937	49	0.09395029
277937	124	0.09395029
277937	387	0.09395029
277937	478	0.09395029
277937	832	0.09395029
277937	890	0.09395029
277937	1058	0.09395029
277945	4740	0.1285296
277945	5914	0.1285296
277945	6312	0.1285296
277945	6396	0.1285296
277945	1155	0.12852958
277945	2503	0.12852958
277945	3677	0.12852958
277945	4738	0.12852958
277945	5599	0.12852958
277945	1024	0.12852956
277959	387	0.11361778
277959	890	0.11361778
277959	1146	0.11361778
277959	3971	0.11361778
277959	5031	0.11361778
277959	5886	0.11361778
277959	478	0.11361777
277959	922	0.11361777
277959	1415	0.11361777
277959	4076	0.11361777
277965	152	0.10372377
277965	1937	0.10372377
277965	869	0.103723764
277965	1679	0.103723764
277965	1892	0.103723764
277965	4233	0.103723764
277965	6747	0.103723764
277965	1598	0.10372376
277965	32	0.10372375
277965	1457	0.10372375
278007	5731	0.100732535
278007	1621	0.10073252
278007	4103	0.10073252
278007	6279	0.10073251
278007	398	0.100732505
278007	920	0.100732505
278007	1280	0.100732505
278007	1388	0.100732505
278007	1848	0.100732505
278007	2209	0.100732505
278026	1869	0.0900327
278026	5886	0.0900327
278026	41	0.09003268
278026	387	0.09003268
278026	890	0.09003268
278026	1146	0.09003268
278026	1862	0.09003268
278026	3971	0.09003268
278026	5031	0.09003268
278026	215	0.090032674
278137	1869	0.10478556
278137	3971	0.104785554
278137	6123	0.104785554
278137	49	0.10478555
278137	579	0.10478555
278137	3164	0.10478555
278137	387	0.10478554
278137	1229	0.10478554
278137	2138	0.10478554
278137	2364	0.10478554
278188	1869	0.15593652
278188	3971	0.15593652
278188	579	0.15593651
278188	890	0.15593651
278188	1229	0.15593651
278188	1455	0.15593651
278188	6123	0.15593651
278188	6507	0.15593651
278188	387	0.1559365
278188	775	0.1559365
278194	3971	0.13405266
278194	6123	0.13405265
278194	6912	0.13405265
278194	24	0.13405263
278194	41	0.13405263
278194	124	0.13405263
278194	387	0.13405263
278194	478	0.13405263
278194	579	0.13405263
278194	597	0.13405263
278202	3054	0.11727348
278202	2603	0.117273465
278202	130	0.11727345
278202	947	0.11727345
278202	1374	0.11727345
278202	1764	0.11727345
278202	1775	0.11727345
278202	1995	0.11727345
278202	2029	0.11727345
278202	2148	0.11727345
278221	478	0.13016373
278221	2138	0.13016373
278221	3971	0.13016373
278221	6123	0.13016373
278221	49	0.13016371
278221	387	0.13016371
278221	579	0.13016371
278221	642	0.13016371
278221	890	0.13016371
278221	922	0.13016371
278356	890	0.11155465
278356	997	0.11155465
278356	1856	0.11155465
278356	1869	0.11155465
278356	2121	0.11155465
278356	4076	0.11155465
278356	5031	0.11155465
278356	5886	0.11155465
278356	6123	0.11155465
278356	41	0.111554645
278390	364	0.10114533
278390	5430	0.10114532
278390	1826	0.10114531
278390	2606	0.10114531
278390	2780	0.10114531
278390	2879	0.101145305
278390	5584	0.101145305
278390	2536	0.1011453
278390	2636	0.1011453
278390	3435	0.1011453
278418	1869	0.21054915
278418	3971	0.21054915
278418	4323	0.21054915
278418	49	0.21054913
278418	387	0.21054913
278418	890	0.21054913
278418	1415	0.21054913
278418	2138	0.21054913
278418	514	0.21054912
278418	538	0.21054912
278535	3971	0.13452221
278535	2138	0.1345222
278535	124	0.13452218
278535	890	0.13452218
278535	2364	0.13452218
278535	3822	0.13452218
278535	5886	0.13452218
278535	6123	0.13452218
278535	41	0.13452217
278535	49	0.13452217
278554	41	0.13157985
278554	266	0.13157985
278554	901	0.13157985
278554	997	0.13157985
278554	1869	0.13157985
278554	2121	0.13157985
278554	3616	0.13157985
278554	4226	0.13157985
278554	5031	0.13157985
278554	5709	0.13157985
278582	1869	0.088507086
278582	4076	0.088507086
278582	5886	0.08850708
278582	6123	0.08850708
278582	6912	0.08850708
278582	41	0.08850707
278582	215	0.08850707
278582	387	0.08850707
278582	478	0.08850707
278582	997	0.08850707
278633	387	0.13257971
278633	478	0.13257971
278633	890	0.13257971
278633	997	0.13257971
278633	1146	0.13257971
278633	1856	0.13257971
278633	1869	0.13257971
278633	2121	0.13257971
278633	2356	0.13257971
278633	2806	0.13257971
278843	1869	0.1265643
278843	5031	0.1265643
278843	890	0.12656428
278843	3559	0.12656428
278843	5886	0.12656428
278843	41	0.12656426
278843	49	0.12656426
278843	215	0.12656426
278843	266	0.12656426
278843	273	0.12656426
99	2138	0.10832302
99	3971	0.10832302
99	4076	0.108323015
99	4880	0.108323015
99	6915	0.108323015
99	1340	0.10832301
99	1869	0.10832301
99	2364	0.10832301
99	3059	0.10832301
99	3616	0.10832301
114	6591	0.106327266
114	6630	0.106327266
114	3628	0.10632726
114	6592	0.10632726
114	3938	0.10632725
114	3002	0.10632724
114	5607	0.10632724
114	1978	0.106327236
114	3045	0.106327236
114	3695	0.106327236
243	3418	0.08973023
243	3853	0.08973023
243	3866	0.08973023
243	4595	0.08973023
243	5454	0.08973023
243	6643	0.08973023
243	6674	0.08973023
243	2220	0.089730226
243	3980	0.089730226
243	4049	0.089730226
244	3616	0.112282
244	1869	0.11228199
244	2138	0.11228199
244	3971	0.11228199
244	5031	0.112281986
244	5886	0.112281986
244	6123	0.112281986
244	24	0.11228198
244	890	0.11228198
244	901	0.11228198
254	1869	0.09130626
254	997	0.091306254
254	2121	0.091306254
254	2138	0.091306254
254	3971	0.091306254
254	5886	0.091306254
254	6123	0.091306254
254	387	0.09130625
254	579	0.09130625
254	890	0.09130625
388	890	0.12835366
388	1869	0.12835366
388	2138	0.12835366
388	3971	0.12835366
388	4076	0.12835366
388	5886	0.12835366
388	6123	0.12835366
388	922	0.12835364
388	986	0.12835364
388	2121	0.12835364
446	1621	0.12217128
446	5731	0.12217128
446	6279	0.12217128
446	4703	0.122171275
446	1848	0.12217127
446	2209	0.12217127
446	2320	0.12217127
446	2450	0.12217127
446	2644	0.12217127
446	3657	0.12217127
503	5031	0.10574533
503	1869	0.10574532
503	49	0.105745316
503	387	0.105745316
503	579	0.105745316
503	832	0.105745316
503	1455	0.105745316
503	2121	0.105745316
503	2728	0.105745316
503	3971	0.105745316
505	6204	0.11892131
505	4004	0.11831902
505	4446	0.11831902
505	2518	0.11831901
505	3749	0.11831901
505	30	0.118319005
505	759	0.118319005
505	1742	0.118319005
505	1958	0.118319005
505	2184	0.118319005
507	4151	0.105425626
507	6222	0.105425626
507	686	0.10542561
507	801	0.10542561
507	1087	0.10542561
507	1650	0.10542561
507	99	0.1054256
507	1389	0.1054256
507	2305	0.1054256
507	2916	0.1054256
638	387	0.1071257
638	1058	0.1071257
638	1869	0.1071257
638	2728	0.1071257
638	3971	0.1071257
638	5886	0.1071257
638	6123	0.1071257
638	6507	0.1071257
638	890	0.10712569
638	1146	0.10712569
643	827	0.1180488
643	3646	0.1180488
643	518	0.118048795
643	5476	0.11804879
643	4771	0.11804878
643	1685	0.11804877
643	3468	0.11804877
643	508	0.118048765
643	596	0.118048765
643	4151	0.117631525
651	387	0.11472924
651	890	0.11472923
651	3971	0.11472923
651	5031	0.11472923
651	6912	0.11472923
651	41	0.114729226
651	124	0.114729226
651	579	0.114729226
651	1869	0.114729226
651	2138	0.114729226
709	1177	0.086540535
709	4806	0.086540535
709	2737	0.08654051
709	5691	0.08654051
709	6530	0.08654051
709	2116	0.086540505
709	2241	0.086540505
709	3118	0.086540505
709	3263	0.086540505
709	4299	0.086540505
735	6318	0.086945474
735	1177	0.08694546
735	2737	0.08694546
735	4299	0.08694546
735	5691	0.08694546
735	6762	0.08694546
735	1221	0.08694545
735	3118	0.08694545
735	3761	0.08694545
735	4806	0.08694545
805	1177	0.104656845
805	4806	0.10465684
805	3263	0.10465683
805	5085	0.10465683
805	6530	0.10465683
805	2241	0.10465682
805	6762	0.10465682
805	531	0.104656816
805	1221	0.104656816
805	1233	0.104656816
834	3988	0.09268675
834	6189	0.09268672
834	2022	0.09240848
834	2197	0.09240848
834	191	0.09240847
834	667	0.09240847
834	5904	0.09240847
834	6352	0.09240847
834	551	0.09240846
834	570	0.09240846
882	3525	0.08643453
882	4378	0.08643451
882	5566	0.08643451
882	2006	0.0864345
882	2686	0.0864345
882	4328	0.0864345
882	6108	0.0864345
882	372	0.08643448
882	1103	0.08643448
882	2408	0.08643448
929	808	0.11072904
929	965	0.11072903
929	631	0.110729024
929	1477	0.11072902
929	3268	0.11072902
929	1485	0.11072901
929	5579	0.11072901
929	2505	0.11072899
929	3100	0.11072897
929	5296	0.11046064
1025	3830	0.10643517
1025	1806	0.106435165
1025	2220	0.106435165
1025	3700	0.106435165
1025	4595	0.106435165
1025	6643	0.106435165
1025	6674	0.106435165
1025	6768	0.106435165
1025	528	0.10643516
1025	2499	0.10643516
1075	387	0.07288146
1075	1869	0.07288146
1075	2138	0.07288146
1075	3971	0.07288146
1075	579	0.07288145
1075	1146	0.07288145
1075	1455	0.07288145
1075	4076	0.07288145
1075	5886	0.07288145
1075	5896	0.07288145
1116	3971	0.10654441
1116	1869	0.106544405
1116	2138	0.106544405
1116	5886	0.106544405
1116	5031	0.1065444
1116	24	0.10654439
1116	387	0.10654439
1116	478	0.10654439
1116	810	0.10654439
1116	890	0.10654439
1129	3694	0.09492688
1129	4885	0.09492688
1129	5785	0.09492687
1129	489	0.094926864
1129	1080	0.094926864
1129	1256	0.094926864
1129	1413	0.094926864
1129	1902	0.094926864
1129	2360	0.094926864
1129	2382	0.094926864
1131	533	0.102289975
1131	3980	0.102289975
1131	5511	0.102289975
1131	6310	0.102289975
1131	6674	0.102289975
1131	3210	0.10228997
1131	3630	0.10228997
1131	3700	0.10228997
1131	3853	0.10228997
1131	5454	0.10228997
1155	5033	0.09390613
1155	520	0.09390611
1155	6810	0.09390611
1155	5653	0.09390609
1155	6147	0.09390609
1155	5031	0.093607776
1155	1869	0.09360777
1155	215	0.09360776
1155	478	0.09360776
1155	890	0.09360776
1167	1869	0.110032886
1167	3971	0.110032886
1167	5886	0.110032886
1167	387	0.11003288
1167	6123	0.11003288
1167	49	0.11003287
1167	890	0.11003287
1167	1094	0.11003287
1167	6515	0.11003287
1167	1146	0.110032864
1211	89	0.10449667
1211	6559	0.103596926
1211	5059	0.10359691
1211	42	0.10338405
1211	427	0.10338405
1211	1536	0.10338403
1211	5793	0.10338403
1211	5888	0.10338403
1211	5066	0.103384025
1211	5668	0.103384025
1261	6831	0.07570422
1261	6581	0.07570419
1261	6116	0.07490543
1261	3844	0.074905425
1261	972	0.07490541
1261	2492	0.07490541
1261	4924	0.07490541
1261	6793	0.07490541
1261	1860	0.074905396
1261	5927	0.074905396
1409	765	0.08442888
1409	4867	0.08442888
1409	5646	0.08442886
1409	6458	0.08442885
1409	3425	0.083881125
1409	5330	0.0838811
1409	5364	0.0838811
1409	565	0.083881095
1409	1918	0.083881095
1409	3779	0.08388109
1412	3974	0.08428581
1412	871	0.08401075
1412	4302	0.08401075
1412	2844	0.08331935
1412	3361	0.08331935
1412	4906	0.08331935
1412	5869	0.08331935
1412	1567	0.08331934
1412	106	0.083319336
1412	248	0.083319336
1424	1869	0.07635654
1424	3971	0.07635654
1424	5031	0.07635654
1424	6123	0.07635654
1424	362	0.07635653
1424	387	0.07635653
1424	579	0.07635653
1424	642	0.07635653
1424	842	0.07635653
1424	890	0.07635653
1435	231	0.13644888
1435	668	0.13644886
1435	677	0.13644886
1435	1022	0.13644886
1435	1619	0.13644886
1435	2409	0.13644886
1435	4176	0.13644886
1435	5197	0.13644886
1435	6840	0.13644886
1435	1723	0.13644885
1548	1869	0.13477716
1548	41	0.13477713
1548	124	0.13477713
1548	215	0.13477713
1548	387	0.13477713
1548	579	0.13477713
1548	3616	0.13477713
1548	3965	0.13477713
1548	3971	0.13477713
1548	4076	0.13477713
1585	848	0.11859234
1585	5619	0.11859234
1585	3403	0.11859232
1585	3797	0.11859232
1585	3902	0.11859232
1585	3970	0.11859232
1585	5309	0.11859232
1585	1267	0.118592314
1585	3601	0.118592314
1585	5165	0.118592314
1660	152	0.110481635
1660	1892	0.110481635
1660	1457	0.11048162
1660	1598	0.11048162
1660	1679	0.11048162
1660	1937	0.11048162
1660	6747	0.11048162
1660	4233	0.11048161
1660	5286	0.11048161
1660	6080	0.11048161
1674	3971	0.16615339
1674	890	0.16615337
1674	1869	0.16615337
1674	2728	0.16615337
1674	5709	0.16615337
1674	5886	0.16615337
1674	6912	0.16615337
1674	41	0.16615336
1674	124	0.16615336
1674	376	0.16615336
1733	1199	0.08550972
1733	687	0.08550971
1733	3401	0.0855097
1733	1041	0.08550969
1733	1227	0.08550969
1733	2518	0.084832564
1733	4004	0.084832564
1733	6601	0.084832564
1733	2017	0.08483256
1733	3077	0.08483256
1848	3678	0.11061048
1848	6154	0.11061046
1848	2106	0.110610455
1848	4951	0.110610425
1848	4238	0.11061041
1848	2419	0.11043899
1848	3870	0.11043898
1848	4080	0.11043898
1848	247	0.11043897
1848	884	0.11043897
1903	3418	0.12365852
1903	6768	0.12365852
1903	528	0.12365851
1903	533	0.12365851
1903	938	0.12365851
1903	3210	0.12365851
1903	3700	0.12365851
1903	3778	0.12365851
1903	3830	0.12365851
1903	3853	0.12365851
2010	3971	0.08937586
2010	387	0.08937585
2010	579	0.08937585
2010	901	0.08937585
2010	1058	0.08937585
2010	1146	0.08937585
2010	1393	0.08937585
2010	1869	0.08937585
2010	2091	0.08937585
2010	2121	0.08937585
2012	997	0.09128824
2012	3971	0.09128824
2012	4076	0.09128824
2012	5031	0.09128824
2012	5886	0.09128824
2012	6123	0.09128824
2012	24	0.09128823
2012	49	0.09128823
2012	890	0.09128823
2012	922	0.09128823
2030	3525	0.107434556
2030	4378	0.107434556
2030	5566	0.10743455
2030	4328	0.10743454
2030	2006	0.10743453
2030	2686	0.10743453
2030	2408	0.107434526
2030	6681	0.107434526
2030	6865	0.107434526
2030	6108	0.10743452
2033	4943	0.04340561
2033	2378	0.0434056
2033	2734	0.0434056
2033	5849	0.0434056
2033	6872	0.04340559
2033	3229	0.043405578
2033	6472	0.04315826
2033	3762	0.043153156
2033	2600	0.042744678
2033	1321	0.042705607
2041	1869	0.117609814
2041	3971	0.11760981
2041	642	0.1176098
2041	775	0.1176098
2041	997	0.1176098
2041	1455	0.1176098
2041	2364	0.1176098
2041	3616	0.1176098
2041	5886	0.1176098
2041	6123	0.1176098
2110	3971	0.13167061
2110	387	0.1316706
2110	890	0.1316706
2110	1146	0.1316706
2110	1869	0.1316706
2110	3616	0.1316706
2110	5886	0.1316706
2110	6123	0.1316706
2110	41	0.13167058
2110	922	0.13167058
2139	1869	0.09981372
2139	124	0.099813715
2139	3616	0.099813715
2139	5031	0.099813715
2139	5886	0.099813715
2139	387	0.09981371
2139	2364	0.09981371
2139	3305	0.09981371
2139	3750	0.09981371
2139	3965	0.09981371
2179	1869	0.12694348
2179	49	0.12694347
2179	387	0.12694347
2179	1189	0.12694347
2179	3616	0.12694347
2179	3971	0.12694347
2179	4323	0.12694347
2179	5886	0.12694347
2179	832	0.12694345
2179	890	0.12694345
2287	3971	0.111327566
2287	41	0.11132756
2287	387	0.11132756
2287	997	0.11132756
2287	1869	0.11132756
2287	2138	0.11132756
2287	3559	0.11132756
2287	3616	0.11132756
2287	4076	0.11132756
2287	5886	0.11132756
2288	1869	0.12415972
2288	5031	0.12415972
2288	890	0.124159716
2288	1094	0.124159716
2288	3971	0.124159716
2288	273	0.12415971
2288	642	0.12415971
2288	810	0.12415971
2288	986	0.12415971
2288	1058	0.12415971
2313	3569	0.08572813
2313	5563	0.08572811
2313	6851	0.085539505
2313	482	0.085539475
2313	2457	0.085539475
2313	2988	0.085539475
2313	4007	0.085539475
2313	4856	0.085539475
2313	5315	0.085539475
2313	2685	0.08553947
2337	387	0.13040903
2337	3616	0.13040903
2337	5031	0.13040903
2337	5886	0.13040903
2337	478	0.13040902
2337	645	0.13040902
2337	890	0.13040902
2337	997	0.13040902
2337	1058	0.13040902
2337	1455	0.13040902
2358	1869	0.13142544
2358	775	0.13142541
2358	997	0.13142541
2358	1403	0.13142541
2358	1455	0.13142541
2358	2138	0.13142541
2358	2364	0.13142541
2358	3971	0.13142541
2358	4076	0.13142541
2358	4323	0.13142541
2399	1869	0.11962406
2399	3971	0.119624056
2399	387	0.11962405
2399	832	0.11962405
2399	890	0.11962405
2399	997	0.11962405
2399	1856	0.11962405
2399	2121	0.11962405
2399	2728	0.11962405
2399	3616	0.11962405
2766	3560	0.15303394
2766	4885	0.15303394
2766	3694	0.15303393
2766	5785	0.15303393
2766	6842	0.15303393
2766	489	0.15303391
2766	729	0.15303391
2766	854	0.15303391
2766	968	0.15303391
2766	1080	0.15303391
2891	2419	0.11443421
2891	4474	0.11443421
2891	3870	0.114434205
2891	4758	0.114434205
2891	6834	0.114434205
2891	222	0.1144342
2891	247	0.1144342
2891	638	0.1144342
2891	884	0.1144342
2891	1648	0.1144342
2977	387	0.091939695
2977	1869	0.091939695
2977	2121	0.091939695
2977	3971	0.091939695
2977	6507	0.091939695
2977	6912	0.091939695
2977	124	0.09193969
2977	478	0.09193969
2977	775	0.09193969
2977	832	0.09193969
3145	1869	0.14337426
3145	3971	0.14337426
3145	5886	0.14337426
3145	6123	0.14337426
3145	6912	0.14337426
3145	41	0.14337425
3145	890	0.14337425
3145	997	0.14337425
3145	5218	0.14337425
3145	24	0.14337423
3167	3971	0.13120915
3167	1869	0.13120914
3167	1945	0.13120914
3167	4390	0.13120914
3167	49	0.13120912
3167	2364	0.13120912
3167	3452	0.13120912
3167	5031	0.13120912
3167	5886	0.13120912
3167	6123	0.13120912
3282	6130	0.1050913
3282	3425	0.10329524
3282	6025	0.10329522
3282	4899	0.103295214
3282	565	0.10329521
3282	1918	0.10329521
3282	5364	0.10329521
3282	399	0.10329519
3282	2581	0.10329519
3282	2907	0.10329519
3329	5886	0.1018164
3329	2138	0.10181639
3329	3971	0.10181639
3329	5896	0.10181639
3329	215	0.101816386
3329	387	0.101816386
3329	890	0.101816386
3329	1146	0.101816386
3329	1869	0.101816386
3329	2364	0.101816386
3331	1869	0.12904081
3331	3616	0.12904081
3331	890	0.1290408
3331	997	0.1290408
3331	3971	0.1290408
3331	4076	0.1290408
3331	5031	0.1290408
3331	6033	0.1290408
3331	6123	0.1290408
3331	24	0.12904078
3346	2017	0.1237741
3346	2518	0.1237741
3346	4004	0.1237741
3346	4446	0.1237741
3346	6152	0.12377409
3346	3749	0.12377408
3346	595	0.123774074
3346	1344	0.123774074
3346	1362	0.123774074
3346	5058	0.123774074
3363	4176	0.09259306
3363	231	0.092593044
3363	677	0.09259304
3363	3072	0.09259304
3363	5197	0.09259304
3363	6216	0.09259304
3363	760	0.09259303
3363	1595	0.09259303
3363	1619	0.09259303
3363	1723	0.09259303
3371	511	0.12554146
3371	245	0.12554145
3371	1092	0.12554145
3371	2779	0.12554145
3371	2785	0.12554145
3371	2796	0.12554145
3371	4905	0.12554145
3371	5998	0.12554145
3371	6593	0.12554145
3371	6880	0.12554145
3373	5031	0.101550855
3373	387	0.10155085
3373	478	0.10155085
3373	890	0.10155085
3373	1869	0.10155085
3373	2121	0.10155085
3373	3971	0.10155085
3373	4323	0.10155085
3373	5886	0.10155085
3373	6912	0.10155085
3556	4885	0.10526196
3556	4796	0.10526195
3556	3560	0.105261944
3556	3694	0.105261944
3556	4224	0.105261944
3556	489	0.10526194
3556	1106	0.10526194
3556	1334	0.10526194
3556	1363	0.10526194
3556	2360	0.10526194
3578	5478	0.106450185
3578	6355	0.106450185
3578	5895	0.10645018
3578	2619	0.10645017
3578	2614	0.106450155
3578	980	0.10645015
3578	492	0.10645014
3578	5475	0.10645014
3578	909	0.10645013
3578	6660	0.10579197
3640	511	0.10149211
3640	6593	0.10149209
3640	2785	0.10149208
3640	3097	0.10149208
3640	3526	0.10149208
3640	4318	0.10149208
3640	4557	0.10149208
3640	4905	0.10149208
3640	5288	0.10149208
3640	6364	0.10149208
3719	3971	0.106296815
3719	2138	0.1062968
3719	890	0.10629679
3719	6123	0.10629679
3719	387	0.106296785
3719	579	0.106296785
3719	1869	0.106296785
3719	2121	0.106296785
3719	5716	0.106296785
3719	6515	0.106296785
3817	679	0.07855151
3817	3799	0.07853583
3817	6244	0.07853583
3817	467	0.078535825
3817	887	0.078535825
3817	3384	0.078535825
3817	4338	0.078535825
3817	4843	0.078535825
3817	6322	0.078535825
3817	6641	0.078535825
3827	2518	0.10373199
3827	4004	0.10373199
3827	4446	0.10373199
3827	2017	0.10373198
3827	5058	0.10373198
3827	6401	0.10373198
3827	759	0.103731975
3827	2828	0.103731975
3827	6152	0.103731975
3827	6612	0.103731975
3840	139	0.10568057
3840	4503	0.10568057
3840	5388	0.10568057
3840	4972	0.10568056
3840	5744	0.10568056
3840	1719	0.105680555
3840	2470	0.105680555
3840	3602	0.10568055
3840	6564	0.10568054
3840	4516	0.10568053
3917	387	0.14850573
3917	3616	0.14850573
3917	3971	0.14850573
3917	478	0.14850572
3917	579	0.14850572
3917	597	0.14850572
3917	642	0.14850572
3917	645	0.14850572
3917	890	0.14850572
3917	922	0.14850572
3923	1869	0.13407022
3923	2121	0.13407022
3923	5031	0.13407022
3923	6123	0.13407022
3923	376	0.1340702
3923	387	0.1340702
3923	986	0.1340702
3923	997	0.1340702
3923	1455	0.1340702
3923	2138	0.1340702
4017	1869	0.14353219
4017	5031	0.14353219
4017	2736	0.14353217
4017	3616	0.14353217
4017	3971	0.14353217
4017	4076	0.14353217
4017	6123	0.14353217
4017	15	0.14353216
4017	24	0.14353216
4017	41	0.14353216
4098	3971	0.10816715
4098	41	0.10816714
4098	124	0.10816714
4098	387	0.10816714
4098	890	0.10816714
4098	997	0.10816714
4098	2138	0.10816714
4098	5031	0.10816714
4098	5886	0.10816714
4098	6912	0.10816714
4157	890	0.1198844
4157	5031	0.1198844
4157	6123	0.1198844
4157	1146	0.119884394
4157	4323	0.119884394
4157	387	0.11988439
4157	645	0.11988439
4157	914	0.11988439
4157	922	0.11988439
4157	997	0.11988439
4197	1869	0.12580381
4197	3971	0.12580381
4197	5886	0.12580381
4197	6123	0.12580381
4197	49	0.1258038
4197	124	0.1258038
4197	160	0.1258038
4197	215	0.1258038
4197	387	0.1258038
4197	478	0.1258038
4221	3437	0.12704481
4221	2314	0.1270448
4221	5148	0.1270448
4221	6311	0.1270448
4221	1975	0.12704478
4221	5007	0.12704478
4221	5757	0.12704477
4221	511	0.12699181
4221	6364	0.12699178
4221	1092	0.12699176
4334	6435	0.0872535
4334	3321	0.08725349
4334	1218	0.08725348
4334	3991	0.08725348
4334	3447	0.08725347
4334	3469	0.087253466
4334	3982	0.087253466
4334	1869	0.08709025
4334	997	0.08709024
4334	3971	0.08709024
4483	1177	0.10932182
4483	1221	0.10932182
4483	4806	0.10932182
4483	6762	0.10932181
4483	1255	0.1093218
4483	2241	0.1093218
4483	2737	0.1093218
4483	3118	0.1093218
4483	3511	0.1093218
4483	3761	0.1093218
4622	2675	0.11069736
4622	3937	0.11069736
4622	6418	0.11069736
4622	3491	0.11069735
4622	1285	0.110697344
4622	1575	0.110697344
4622	2428	0.110697344
4622	3018	0.110697344
4622	4065	0.110697344
4622	5310	0.110697344
4785	1306	0.08085929
4785	4693	0.08085928
4785	5232	0.08085928
4785	4400	0.08085927
4785	6427	0.08085927
4785	4698	0.080859266
4785	5583	0.08085926
4785	2323	0.080859244
4785	6775	0.080859244
4785	3418	0.07982527
4795	4004	0.09411877
4795	759	0.09411876
4795	3749	0.09411876
4795	4789	0.09411876
4795	6796	0.09411876
4795	2518	0.09411875
4795	4446	0.09411875
4795	1362	0.094118744
4795	2017	0.094118744
4795	2128	0.094118744
4809	186	0.080997065
4809	6516	0.080997065
4809	2970	0.08099705
4809	2130	0.08077887
4809	2596	0.08077887
4809	6263	0.08077887
4809	1037	0.08077884
4809	908	0.079882234
4809	3080	0.07988222
4809	785	0.079882205
4938	4176	0.109278806
4938	1022	0.1092788
4938	5197	0.1092788
4938	6216	0.1092788
4938	6840	0.1092788
4938	231	0.10927879
4938	677	0.10927879
4938	1595	0.10927878
4938	1619	0.10927878
4938	2400	0.10927878
5037	890	0.113498
5037	3971	0.113498
5037	387	0.113497995
5037	579	0.11349799
5037	645	0.11349799
5037	922	0.11349799
5037	1146	0.11349799
5037	1749	0.11349799
5037	1869	0.11349799
5037	2138	0.11349799
5209	625	0.12205898
5209	5320	0.122034766
5209	2654	0.12203474
5209	3227	0.12203474
5209	6518	0.12203474
5209	1556	0.12203473
5209	3479	0.12203473
5209	5704	0.12203473
5209	6802	0.12203473
5209	2104	0.12203472
5385	3726	0.07609494
5385	2406	0.076094925
5385	6630	0.075799644
5385	3002	0.07579963
5385	3045	0.07579963
5385	3628	0.07579963
5385	3938	0.07579963
5385	6591	0.07579963
5385	6592	0.07579963
5385	1978	0.07579962
5439	1389	0.07795492
5439	2305	0.07795492
5439	4151	0.07795492
5439	6222	0.07795492
5439	400	0.07795491
5439	801	0.07795491
5439	1087	0.07795491
5439	1650	0.07795491
5439	2145	0.07795491
5439	3187	0.07795491
5476	6222	0.11188779
5476	3219	0.11188778
5476	4151	0.11188778
5476	801	0.111887775
5476	2916	0.111887775
5476	3120	0.111887775
5476	5121	0.111887775
5476	686	0.11188777
5476	1087	0.11188777
5476	1389	0.11188777
5499	890	0.12967373
5499	5886	0.12967373
5499	124	0.12967372
5499	215	0.12967372
5499	387	0.12967372
5499	538	0.12967372
5499	1058	0.12967372
5499	1062	0.12967372
5499	1856	0.12967372
5499	2037	0.12967372
5539	6265	0.09950574
5539	244	0.09950572
5539	582	0.099505715
5539	961	0.099505715
5539	3385	0.099505715
5539	149	0.09950571
5539	632	0.09950571
5539	2962	0.09950571
5539	3548	0.09950571
5539	4045	0.09950571
5582	4407	0.16747262
5582	856	0.1674726
5582	2282	0.1674726
5582	4409	0.1674726
5582	6090	0.1674726
5582	4658	0.16747259
5582	5247	0.16747257
5582	5179	0.16747254
5582	231	0.16725217
5582	4176	0.16725217
5665	1177	0.10715784
5665	4806	0.10715783
5665	1233	0.10715781
5665	3118	0.10715781
5665	6530	0.10715781
5665	1221	0.107157804
5665	5085	0.107157804
5665	6318	0.107157804
5665	297	0.1071578
5665	2116	0.1071578
5728	2419	0.091375105
5728	1648	0.0913751
5728	5041	0.0913751
5728	884	0.09137509
5728	4080	0.09137509
5728	4673	0.09137509
5728	4938	0.09137509
5728	6834	0.09137509
5728	900	0.09137508
5728	2076	0.09137508
5741	4906	0.09849297
5741	1349	0.098492965
5741	1567	0.098492965
5741	2653	0.098492965
5741	2844	0.098492965
5741	3289	0.098492965
5741	4868	0.098492965
5741	4903	0.098492965
5741	5086	0.098492965
5741	5335	0.098492965
5746	2121	0.114003636
5746	1869	0.11400363
5746	387	0.11400362
5746	890	0.11400362
5746	1062	0.11400362
5746	2356	0.11400362
5746	4076	0.11400362
5746	5031	0.11400362
5746	41	0.11400361
5746	124	0.11400361
5815	520	0.06825377
5815	5033	0.06825377
5815	6147	0.068253756
5815	6810	0.068253756
5815	5653	0.06825375
5815	478	0.06805093
5815	2121	0.06805093
5815	41	0.06805092
5815	215	0.06805092
5815	387	0.06805092
5903	997	0.13661572
5903	1869	0.13661572
5903	1552	0.13661571
5903	2138	0.13661571
5903	3059	0.13661571
5903	3616	0.13661571
5903	3971	0.13661571
5903	4696	0.13661571
5903	5886	0.13661571
5903	6123	0.13661571
5963	3971	0.11618369
5963	5031	0.11618369
5963	890	0.11618368
5963	3559	0.11618368
5963	6912	0.11618368
5963	832	0.116183676
5963	1862	0.116183676
5963	3965	0.116183676
5963	4226	0.116183676
5963	41	0.11618367
6073	4076	0.17109285
6073	41	0.17109284
6073	387	0.17109284
6073	597	0.17109284
6073	832	0.17109284
6073	997	0.17109284
6073	1194	0.17109284
6073	1856	0.17109284
6073	1869	0.17109284
6073	2138	0.17109284
6115	852	0.07863283
6115	4254	0.078632824
6115	2313	0.07863282
6115	4892	0.07863281
6115	2448	0.0786328
6115	4375	0.0786328
6115	6553	0.0786328
6115	6772	0.0786328
6115	309	0.07863279
6115	2036	0.07863279
6238	5619	0.10454962
6238	848	0.1045496
6238	3797	0.1045496
6238	5309	0.1045496
6238	3403	0.10454959
6238	3902	0.10454959
6238	1646	0.10454958
6238	2768	0.10454958
6238	1267	0.10454957
6238	1678	0.10454957
6323	4906	0.110341415
6323	5086	0.110341415
6323	4493	0.11034141
6323	6492	0.11034141
6323	248	0.1103414
6323	1567	0.1103414
6323	2653	0.1103414
6323	3289	0.1103414
6323	3359	0.1103414
6323	3360	0.1103414
6333	5731	0.1121198
6333	3657	0.112119794
6333	4103	0.112119794
6333	6149	0.112119794
6333	398	0.11211979
6333	3983	0.11211979
6333	493	0.11211978
6333	1621	0.11211978
6333	1848	0.11211978
6333	2644	0.11211978
6345	1092	0.0715116
6345	511	0.07151158
6345	4318	0.07151158
6345	4557	0.07151158
6345	5998	0.07151158
6345	1644	0.071511574
6345	3526	0.071511574
6345	4905	0.071511574
6345	5288	0.071511574
6345	6364	0.071511574
6431	495	0.122735634
6431	3128	0.122735634
6431	4802	0.122735634
6431	5244	0.122735634
6431	5250	0.12273562
6431	1242	0.12273561
6431	2202	0.122735605
6431	4618	0.122735605
6431	5498	0.122735605
6431	6739	0.122735605
6532	801	0.07204273
6532	5121	0.07204273
6532	400	0.07204272
6532	1389	0.07204272
6532	1438	0.07204272
6532	1650	0.07204272
6532	2916	0.07204272
6532	3120	0.07204272
6532	3785	0.07204272
6532	4151	0.07204272
6537	4076	0.10924383
6537	2138	0.109243825
6537	6123	0.109243825
6537	387	0.10924382
6537	890	0.10924382
6537	4323	0.10924382
6537	5218	0.10924382
6537	597	0.10924381
6537	997	0.10924381
6537	1194	0.10924381
6543	890	0.14217035
6543	3971	0.14217035
6543	5218	0.14217035
6543	5886	0.14217035
6543	387	0.14217034
6543	478	0.14217034
6543	742	0.14217034
6543	775	0.14217034
6543	832	0.14217034
6543	922	0.14217034
6563	1869	0.09673457
6563	3971	0.09673457
6563	5886	0.09673457
6563	387	0.09673456
6563	997	0.09673456
6563	5218	0.09673456
6563	6123	0.09673456
6563	49	0.09673455
6563	124	0.09673455
6563	266	0.09673455
6564	3493	0.10194923
6564	5454	0.10194923
6564	3853	0.10194922
6564	3866	0.10194922
6564	472	0.101949215
6564	533	0.101949215
6564	1806	0.101949215
6564	2220	0.101949215
6564	2363	0.101949215
6564	3091	0.101949215
6566	5031	0.1278128
6566	997	0.12781279
6566	2121	0.12781279
6566	215	0.12781277
6566	376	0.12781277
6566	387	0.12781277
6566	478	0.12781277
6566	645	0.12781277
6566	890	0.12781277
6566	986	0.12781277
6577	5031	0.14823903
6577	387	0.14823902
6577	890	0.14823902
6577	997	0.14823902
6577	1062	0.14823902
6577	1455	0.14823902
6577	1869	0.14823902
6577	2138	0.14823902
6577	3559	0.14823902
6577	3616	0.14823902
6611	41	0.11153128
6611	124	0.11153127
6611	387	0.11153127
6611	890	0.11153127
6611	901	0.11153127
6611	1058	0.11153127
6611	2091	0.11153127
6611	2121	0.11153127
6611	3616	0.11153127
6611	4226	0.11153127
6662	1092	0.07805579
6662	511	0.078055784
6662	4128	0.07805578
6662	4557	0.07805578
6662	5998	0.07805578
6662	6880	0.07805578
6662	587	0.07805577
6662	617	0.07805577
6662	985	0.07805577
6662	1644	0.07805577
6671	4906	0.1154117
6671	1567	0.11541169
6671	248	0.115411684
6671	711	0.115411684
6671	2653	0.115411684
6671	4493	0.115411684
6671	5086	0.115411684
6671	5869	0.115411684
6671	6492	0.115411684
6671	4154	0.11541168
6679	1869	0.06695245
6679	3971	0.06695245
6679	4323	0.06695245
6679	5886	0.06695245
6679	387	0.066952445
6679	890	0.066952445
6679	1415	0.066952445
6679	4076	0.066952445
6679	24	0.06695244
6679	41	0.06695244
6769	3477	0.11414731
6769	5731	0.1111871
6769	3657	0.11118709
6769	4103	0.11118709
6769	1280	0.111187086
6769	1848	0.111187086
6769	2450	0.111187086
6769	4703	0.111187086
6769	6670	0.111187086
6769	604	0.11118708
6772	4446	0.10525686
6772	2017	0.105256855
6772	2518	0.105256855
6772	4004	0.105256855
6772	759	0.10525685
6772	2184	0.10525685
6772	6796	0.10525685
6772	30	0.10525684
6772	1362	0.10525684
6772	1958	0.10525684
6789	1848	0.09650525
6789	396	0.09650524
6789	1621	0.09650524
6789	2320	0.09650524
6789	4103	0.09650524
6789	4703	0.09650524
6789	5731	0.09650524
6789	892	0.09650523
6789	1258	0.09650523
6789	1280	0.09650523
7082	5731	0.11044365
7082	1621	0.11044364
7082	4103	0.11044364
7082	1368	0.11044362
7082	1848	0.11044362
7082	2014	0.11044362
7082	3143	0.11044362
7082	4703	0.11044362
7082	5465	0.11044362
7082	5473	0.11044362
7105	5619	0.087136306
7105	848	0.08713628
7105	5309	0.08713628
7105	1678	0.087136276
7105	3403	0.087136276
7105	6653	0.087136276
7105	1267	0.08713627
7105	2290	0.08713627
7105	3601	0.08713627
7105	3797	0.08713627
7125	467	0.08118576
7125	3799	0.08118576
7125	6244	0.08118576
7125	3430	0.08118575
7125	6689	0.08118575
7125	3426	0.08118574
7125	4338	0.08118574
7125	2564	0.081185736
7125	2821	0.081185736
7125	4843	0.081185736
7134	841	0.077444956
7134	5017	0.077444956
7134	1519	0.07744495
7134	5387	0.07744494
7134	299	0.07744491
7134	5059	0.07712284
7134	6559	0.07712284
7134	5454	0.0770883
7134	6310	0.0770883
7134	3980	0.07708829
7158	890	0.105757944
7158	5031	0.105757944
7158	2806	0.10575794
7158	5886	0.10575794
7158	645	0.10575793
7158	922	0.10575793
7158	1146	0.10575793
7158	1856	0.10575793
7158	2121	0.10575793
7158	2713	0.10575793
7210	387	0.13374352
7210	597	0.13374352
7210	890	0.13374352
7210	997	0.13374352
7210	1146	0.13374352
7210	1869	0.13374352
7210	2138	0.13374352
7210	3616	0.13374352
7210	3971	0.13374352
7210	5031	0.13374352
7283	901	0.13934153
7283	1058	0.13934153
7283	1393	0.13934153
7283	1869	0.13934153
7283	2121	0.13934153
7283	2728	0.13934153
7283	5031	0.13934153
7283	5886	0.13934153
7283	6123	0.13934153
7283	376	0.13934152
7286	690	0.12617432
7286	3974	0.1261743
7286	890	0.12587401
7286	1146	0.12587401
7286	3971	0.12587401
7286	5886	0.12587401
7286	387	0.125874
7286	922	0.125874
7286	1856	0.125874
7286	2138	0.125874
7312	1869	0.08127269
7312	3971	0.08127269
7312	5886	0.081272684
7312	5896	0.081272684
7312	24	0.08127268
7312	41	0.08127268
7312	49	0.08127268
7312	215	0.08127268
7312	387	0.08127268
7312	579	0.08127268
7352	1856	0.1073659
7352	387	0.10736589
7352	478	0.10736589
7352	2121	0.10736589
7352	3971	0.10736589
7352	4076	0.10736589
7352	5031	0.10736589
7352	5218	0.10736589
7352	5886	0.10736589
7352	6912	0.10736589
7371	3560	0.13164394
7371	3510	0.13164392
7371	3694	0.13164392
7371	4224	0.13164392
7371	4796	0.13164392
7371	5785	0.13164392
7371	1363	0.1316439
7371	2360	0.1316439
7371	2382	0.1316439
7371	3599	0.1316439
7569	4446	0.11265657
7569	1344	0.11265656
7569	759	0.112656556
7569	2518	0.112656556
7569	6152	0.112656556
7569	6601	0.112656556
7569	2017	0.11265655
7569	2128	0.11265655
7569	3749	0.11265655
7569	4004	0.11265655
7620	2153	0.090506755
7620	5904	0.088333905
7620	2022	0.0883339
7620	2971	0.08833389
7620	3906	0.08833389
7620	6352	0.08833389
7620	551	0.08833388
7620	6075	0.08833388
7620	191	0.088333875
7620	667	0.088333875
7809	2138	0.08683373
7809	890	0.08683372
7809	1869	0.08683372
7809	3616	0.08683372
7809	3971	0.08683372
7809	5031	0.08683372
7809	6123	0.08683372
7809	41	0.086833715
7809	273	0.086833715
7809	387	0.086833715
7841	2419	0.11982921
7841	4673	0.11982921
7841	3230	0.1198292
7841	4452	0.1198292
7841	5041	0.1198292
7841	6834	0.1198292
7841	247	0.11982919
7841	3606	0.11982919
7841	3870	0.11982919
7841	4938	0.11982919
7860	3971	0.08711209
7860	4076	0.087112084
7860	5031	0.087112084
7860	5886	0.087112084
7860	6912	0.087112084
7860	124	0.08711208
7860	387	0.08711208
7860	775	0.08711208
7860	997	0.08711208
7860	3616	0.08711208
7864	890	0.09533255
7864	6123	0.09533255
7864	6507	0.09533255
7864	478	0.09533254
7864	997	0.09533254
7864	1393	0.09533254
7864	1856	0.09533254
7864	1869	0.09533254
7864	3897	0.09533254
7864	3971	0.09533254
7887	5031	0.106348865
7887	5886	0.10634885
7887	24	0.10634884
7887	478	0.10634884
7887	645	0.10634884
7887	890	0.10634884
7887	997	0.10634884
7887	1146	0.10634884
7887	1869	0.10634884
7887	3616	0.10634884
7890	1869	0.094960846
7890	387	0.09496084
7890	901	0.09496084
7890	3971	0.09496084
7890	6123	0.09496084
7890	890	0.09496083
7890	2138	0.09496083
7890	3059	0.09496083
7890	41	0.09496082
7890	119	0.09496082
7913	3418	0.07648638
7913	3853	0.07648638
7913	3866	0.07648638
7913	5454	0.07648638
7913	5688	0.07648638
7913	6674	0.07648638
7913	6768	0.07648638
7913	533	0.07648637
7913	1806	0.07648637
7913	2220	0.07648637
7915	1177	0.121464476
7915	6762	0.121464476
7915	2241	0.12146445
7915	3118	0.121464446
7915	3761	0.121464446
7915	6208	0.121464446
7915	531	0.12146444
7915	1221	0.12146444
7915	5085	0.12146444
7915	6318	0.12146444
7958	6250	0.1162775
7958	6677	0.11627749
7958	171	0.116277486
7958	2464	0.116277486
7958	6122	0.116277486
7958	6584	0.11627746
7958	533	0.116264015
7958	3418	0.116264015
7958	3853	0.116264015
7958	6643	0.116264015
8019	3971	0.11689405
8019	4076	0.11689405
8019	6912	0.116894044
8019	642	0.11689404
8019	1869	0.11689404
8019	2138	0.11689404
8019	2364	0.11689404
8019	3616	0.11689404
8019	4880	0.11689404
8019	6123	0.11689404
8066	890	0.16550633
8066	5031	0.16550633
8066	478	0.16550632
8066	1094	0.16550632
8066	328	0.1655063
8066	645	0.1655063
8066	842	0.1655063
8066	997	0.1655063
8066	1058	0.1655063
8066	1146	0.1655063
8067	124	0.17400399
8067	2121	0.17400399
8067	4076	0.17400399
8067	890	0.17400397
8067	5886	0.17400397
8067	6123	0.17400397
8067	41	0.17400396
8067	266	0.17400396
8067	269	0.17400396
8067	376	0.17400396
8089	387	0.10705984
8089	922	0.10705984
8089	1869	0.10705984
8089	5886	0.10705984
8089	890	0.10705983
8089	2121	0.10705983
8089	6123	0.10705983
8089	41	0.10705982
8089	49	0.10705982
8089	215	0.10705982
8187	2962	0.10607931
8187	6265	0.10607931
8187	244	0.1060793
8187	632	0.1060793
8187	1442	0.106079295
8187	4045	0.106079295
8187	4599	0.106079295
8187	149	0.10607928
8187	582	0.10607928
8187	650	0.10607927
8188	5886	0.07107553
8188	997	0.07107552
8188	2364	0.07107552
8188	4076	0.07107552
8188	6507	0.07107552
8188	49	0.071075514
8188	478	0.071075514
8188	538	0.071075514
8188	579	0.071075514
8188	642	0.071075514
8234	4906	0.11410373
8234	5869	0.11410372
8234	248	0.11410371
8234	2653	0.11410371
8234	106	0.114103705
8234	711	0.114103705
8234	2844	0.114103705
8234	3359	0.114103705
8234	3360	0.114103705
8234	3361	0.114103705
8245	41	0.09018047
8245	3971	0.09018047
8245	124	0.090180464
8245	2087	0.090180464
8245	5522	0.090180464
8245	49	0.09018046
8245	294	0.09018046
8245	387	0.09018046
8245	579	0.09018046
8245	775	0.09018046
8253	3971	0.15486498
8253	1869	0.15486497
8253	1455	0.15486495
8253	3965	0.15486495
8253	5886	0.15486495
8253	6912	0.15486495
8253	24	0.15486494
8253	49	0.15486494
8253	269	0.15486494
8253	387	0.15486494
8255	387	0.08713633
8255	3971	0.08713633
8255	6123	0.08713633
8255	41	0.08713631
8255	890	0.08713631
8255	922	0.08713631
8255	2138	0.08713631
8255	4076	0.08713631
8255	5218	0.08713631
8255	5381	0.08713631
8284	1177	0.07393801
8284	591	0.07393798
8284	2737	0.07393798
8284	3118	0.07393798
8284	3263	0.07393798
8284	3511	0.07393798
8284	4177	0.07393798
8284	4299	0.07393798
8284	4806	0.07393798
8284	5691	0.07393798
8314	5731	0.08971658
8314	4103	0.089716576
8314	3143	0.08971657
8314	3657	0.08971657
8314	6149	0.08971657
8314	6279	0.08971657
8314	398	0.08971656
8314	1232	0.08971656
8314	2209	0.08971656
8314	4703	0.08971656
8323	687	0.11240667
8323	1199	0.11240666
8323	1041	0.11240664
8323	1227	0.11240664
8323	3401	0.11240662
8323	4103	0.1119888
8323	1621	0.11198878
8323	2320	0.11198878
8323	4703	0.11198878
8323	5176	0.11198878
8362	248	0.10367066
8362	1567	0.10367066
8362	2653	0.10367066
8362	3361	0.10367066
8362	5086	0.10367066
8362	5422	0.10367066
8362	6785	0.10367066
8362	655	0.10367065
8362	1349	0.10367065
8362	4868	0.10367065
8454	2419	0.14486642
8454	884	0.1448664
8454	3585	0.1448664
8454	3606	0.1448664
8454	3870	0.1448664
8454	4080	0.1448664
8454	4673	0.1448664
8454	4758	0.1448664
8454	6566	0.1448664
8454	247	0.14486639
8487	5417	0.089070335
8487	4243	0.08907031
8487	1467	0.08907028
8487	2360	0.088744484
8487	729	0.08874448
8487	1363	0.08874448
8487	1413	0.08874448
8487	3434	0.08874448
8487	3510	0.08874448
8487	3694	0.08874448
8529	5454	0.083111666
8529	1739	0.08311166
8529	2220	0.08311166
8529	3418	0.08311166
8529	3493	0.08311166
8529	3853	0.08311166
8529	3866	0.08311166
8529	4727	0.08311166
8529	5312	0.08311166
8529	6643	0.08311166
8570	890	0.10824353
8570	1062	0.10824353
8570	2121	0.10824353
8570	3971	0.10824353
8570	5031	0.10824353
8570	5886	0.10824353
8570	6912	0.10824353
8570	124	0.108243525
8570	387	0.108243525
8570	597	0.108243525
8680	4885	0.112948135
8680	5785	0.112948135
8680	3510	0.11294813
8680	3560	0.11294813
8680	3694	0.11294813
8680	4796	0.11294813
8680	489	0.11294812
8680	1363	0.11294812
8680	1413	0.11294812
8680	2360	0.11294812
8681	4975	0.20269503
8681	5991	0.20269495
8681	6218	0.20269492
8681	2534	0.20231101
8681	364	0.20120381
8681	2780	0.20120381
8681	5430	0.20120381
8681	1826	0.2012038
8681	2636	0.2012038
8681	3435	0.20120378
8695	1869	0.11318763
8695	1856	0.113187626
8695	3971	0.113187626
8695	6912	0.113187626
8695	890	0.11318762
8695	2138	0.11318762
8695	6915	0.11318762
8695	41	0.11318761
8695	685	0.11318761
8695	775	0.11318761
8734	124	0.10475215
8734	387	0.10475215
8734	478	0.10475215
8734	997	0.10475215
8734	1552	0.10475215
8734	1869	0.10475215
8734	2121	0.10475215
8734	2364	0.10475215
8734	3971	0.10475215
8734	4696	0.10475215
8782	1869	0.07804035
8782	4076	0.07804035
8782	5886	0.07804035
8782	387	0.07804034
8782	1340	0.07804034
8782	3971	0.07804034
8782	41	0.07804033
8782	124	0.07804033
8782	215	0.07804033
8782	216	0.07804033
8801	3853	0.13097695
8801	4595	0.13097695
8801	5454	0.13097695
8801	6310	0.13097695
8801	6674	0.13097695
8801	6768	0.13097695
8801	1745	0.13097693
8801	2220	0.13097693
8801	2569	0.13097693
8801	3112	0.13097693
8864	884	0.06939505
8864	2076	0.06939505
8864	3230	0.06939505
8864	3283	0.06939505
8864	3606	0.06939505
8864	4080	0.06939505
8864	4673	0.06939505
8864	301	0.06939504
8864	2419	0.06939504
8864	4452	0.06939504
8870	1869	0.10240397
8870	5886	0.10240397
8870	6123	0.10240397
8870	890	0.10240396
8870	1194	0.10240396
8870	3971	0.10240396
8870	4076	0.10240396
8870	49	0.10240395
8870	387	0.10240395
8870	775	0.10240395
8872	6123	0.15617006
8872	387	0.15617004
8872	890	0.15617004
8872	997	0.15617004
8872	1146	0.15617004
8872	1393	0.15617004
8872	1869	0.15617004
8872	2121	0.15617004
8872	5716	0.15617004
8872	5886	0.15617004
8930	4446	0.10213122
8930	1362	0.10213121
8930	4004	0.10213121
8930	6796	0.10213121
8930	759	0.1021312
8930	2518	0.1021312
8930	3749	0.1021312
8930	4789	0.1021312
8930	6152	0.1021312
8930	6601	0.1021312
8935	5320	0.10848343
8935	6518	0.10848343
8935	6802	0.10848343
8935	2654	0.108483426
8935	3479	0.108483426
8935	1274	0.10848342
8935	1556	0.10848342
8935	1198	0.10848341
8935	1278	0.10848341
8935	2786	0.10848341
8936	4151	0.086612225
8936	6222	0.086612225
8936	1087	0.08661222
8936	3219	0.08661222
8936	3785	0.08661222
8936	400	0.08661221
8936	686	0.08661221
8936	801	0.08661221
8936	931	0.08661221
8936	1389	0.08661221
8937	5031	0.13694075
8937	1869	0.13694073
8937	422	0.13694072
8937	890	0.13694072
8937	997	0.13694072
8937	2138	0.13694072
8937	3616	0.13694072
8937	3965	0.13694072
8937	3971	0.13694072
8937	5886	0.13694072
8971	5033	0.08132265
8971	520	0.08132264
8971	6810	0.08132264
8971	6147	0.08132263
8971	5653	0.08132262
8971	711	0.080457486
8971	1567	0.080457486
8971	5869	0.080457486
8971	106	0.08045748
8971	135	0.08045748
9094	3971	0.11619476
9094	890	0.116194755
9094	1194	0.116194755
9094	1869	0.116194755
9094	2138	0.116194755
9094	4076	0.116194755
9094	5886	0.116194755
9094	6123	0.116194755
9094	6515	0.116194755
9094	1340	0.11619475
9177	1869	0.092826836
9177	41	0.09282683
9177	6507	0.09282683
9177	387	0.09282682
9177	579	0.09282682
9177	1403	0.09282682
9177	2138	0.09282682
9177	3059	0.09282682
9177	5886	0.09282682
9177	124	0.09282681
9226	5150	0.09907463
9226	3392	0.09907462
9226	999	0.0990746
9226	702	0.09907457
9226	6088	0.09907456
9226	4673	0.09905802
9226	5041	0.09905801
9226	903	0.099058
9226	1648	0.099058
9226	2419	0.099058
9227	5886	0.120371506
9227	5031	0.1203715
9227	387	0.12037149
9227	890	0.12037149
9227	1415	0.12037149
9227	1869	0.12037149
9227	2095	0.12037149
9227	4076	0.12037149
9227	49	0.12037148
9227	478	0.12037148
9343	5469	0.08567109
9343	4813	0.08539663
9343	6909	0.08539663
9343	80	0.08539662
9343	821	0.08539662
9343	3271	0.08539662
9343	3644	0.08539662
9343	3868	0.08539662
9343	3890	0.08539662
9343	4775	0.08539662
9354	6643	0.11132106
9354	3210	0.11132105
9354	3418	0.11132105
9354	3700	0.11132105
9354	3853	0.11132105
9354	3866	0.11132105
9354	5115	0.11132105
9354	5454	0.11132105
9354	6310	0.11132105
9354	6674	0.11132105
9381	387	0.16111448
9381	478	0.16111448
9381	1194	0.16111448
9381	3971	0.16111448
9381	4076	0.16111448
9381	5886	0.16111448
9381	997	0.16111447
9381	5031	0.16111447
9381	6515	0.16111447
9381	6912	0.16111447
9417	3971	0.18095814
9417	5031	0.18095814
9417	387	0.18095812
9417	1869	0.18095812
9417	2138	0.18095812
9417	5886	0.18095812
9417	890	0.1809581
9417	997	0.1809581
9417	1194	0.1809581
9417	1340	0.1809581
9454	5833	0.070948504
9454	526	0.0709485
9454	1890	0.07094848
9454	5294	0.07094848
9454	6732	0.07094848
9454	5835	0.070938416
9454	3445	0.07093841
9454	6428	0.07093841
9454	6333	0.0709384
9454	3507	0.07093839
9568	3866	0.12227221
9568	5454	0.12227221
9568	533	0.1222722
9568	4595	0.1222722
9568	5729	0.1222722
9568	6674	0.1222722
9568	1806	0.12227219
9568	3210	0.12227219
9568	3418	0.12227219
9568	3700	0.12227219
9574	4076	0.11276099
9574	6123	0.11276099
9574	997	0.11276098
9574	3971	0.11276098
9574	4323	0.11276098
9574	5031	0.11276098
9574	6912	0.11276098
9574	387	0.112760976
9574	478	0.112760976
9574	642	0.112760976
9613	848	0.13750319
9613	5309	0.13750319
9613	5619	0.13750318
9613	3403	0.13750316
9613	6653	0.13750316
9613	1267	0.13750315
9613	1678	0.13750315
9613	2768	0.13750315
9613	3797	0.13750315
9613	3902	0.13750315
9747	5731	0.1111507
9747	4103	0.11115068
9747	4703	0.11115068
9747	1280	0.11115067
9747	1388	0.11115067
9747	1621	0.11115067
9747	1848	0.11115067
9747	3610	0.11115067
9747	3786	0.11115067
9747	4496	0.11115067
9856	387	0.12584177
9856	2121	0.12584177
9856	41	0.12584175
9856	1869	0.12584175
9856	3616	0.12584175
9856	3971	0.12584175
9856	5031	0.12584175
9856	5709	0.12584175
9856	6123	0.12584175
9856	6912	0.12584175
9908	5041	0.12294174
9908	2419	0.12294173
9908	4472	0.12294173
9908	6231	0.12294173
9908	6716	0.12294173
9908	247	0.122941725
9908	884	0.122941725
9908	3606	0.122941725
9908	4673	0.122941725
9908	3081	0.12294172
10030	997	0.1321089
10030	2138	0.1321089
10030	3616	0.1321089
10030	3971	0.1321089
10030	4076	0.1321089
10030	5031	0.1321089
10030	5886	0.1321089
10030	6123	0.1321089
10030	6912	0.1321089
10030	24	0.13210888
10118	2419	0.09975909
10118	884	0.09975907
10118	3606	0.09975907
10118	4673	0.09975907
10118	5041	0.09975907
10118	1648	0.099759065
10118	3230	0.099759065
10118	4452	0.099759065
10118	247	0.09975906
10118	300	0.09975906
10199	3971	0.10728358
10199	387	0.10728356
10199	5886	0.10728356
10199	6912	0.10728356
10199	890	0.107283555
10199	1058	0.107283555
10199	1945	0.107283555
10199	41	0.10728355
10199	273	0.10728355
10199	597	0.10728355
10241	997	0.118081845
10241	3897	0.118081845
10241	3971	0.118081845
10241	4076	0.118081845
10241	5886	0.118081845
10241	6123	0.118081845
10241	6912	0.118081845
10241	387	0.11808184
10241	478	0.11808184
10241	579	0.11808184
10314	4885	0.102082625
10314	2360	0.10208262
10314	3510	0.10208262
10314	489	0.10208261
10314	729	0.10208261
10314	1106	0.10208261
10314	1170	0.10208261
10314	1256	0.10208261
10314	1413	0.10208261
10314	1902	0.10208261
10315	2138	0.088138364
10315	3971	0.088138364
10315	5896	0.088138364
10315	387	0.08813836
10315	1869	0.08813836
10315	3616	0.08813836
10315	5031	0.08813836
10315	5886	0.08813836
10315	6123	0.08813836
10315	890	0.08813835
10354	6674	0.14004202
10354	533	0.140042
10354	1806	0.140042
10354	3112	0.140042
10354	3418	0.140042
10354	3700	0.140042
10354	3866	0.140042
10354	5454	0.140042
10354	6643	0.140042
10354	2220	0.14004199
10447	4813	0.18272659
10447	4984	0.18272659
10447	80	0.18272656
10447	1997	0.18272656
10447	3644	0.18272656
10447	3868	0.18272656
10447	5151	0.18272656
10447	6909	0.18272656
10447	4034	0.18272655
10447	5106	0.18272655
10532	5031	0.11619143
10532	5886	0.11619143
10532	387	0.116191424
10532	478	0.116191424
10532	890	0.116191424
10532	2806	0.116191424
10532	3971	0.116191424
10532	4076	0.116191424
10532	24	0.11619142
10532	41	0.11619142
10560	1965	0.1429216
10560	2359	0.1429216
10560	5565	0.14292158
10560	929	0.14292157
10560	4099	0.14292157
10560	4291	0.14292157
10560	5673	0.14292157
10560	6023	0.14292155
10560	859	0.14292154
10560	4640	0.14292154
10607	6435	0.07994343
10607	3321	0.07994342
10607	3991	0.07994342
10607	3447	0.07994341
10607	3469	0.07994341
10607	3982	0.07994341
10607	1218	0.0799434
10607	3331	0.07951436
10607	1967	0.079514354
10607	1869	0.079200186
10668	875	0.09540632
10668	5890	0.0953027
10668	1537	0.09530269
10668	4692	0.09530269
10668	4729	0.09530269
10668	5695	0.09530269
10668	111	0.095302686
10668	1793	0.095302686
10668	2109	0.095302686
10668	5181	0.095302686
10699	152	0.10088527
10699	1679	0.100885265
10699	1937	0.100885265
10699	1892	0.10088526
10699	4233	0.10088526
10699	6015	0.10088526
10699	6747	0.10088526
10699	869	0.10088525
10699	2117	0.10088525
10699	5286	0.10088525
10819	3830	0.08595925
10819	624	0.08595924
10819	2569	0.08595924
10819	3091	0.08595924
10819	3418	0.08595924
10819	3493	0.08595924
10819	3853	0.08595924
10819	3866	0.08595924
10819	5454	0.08595924
10819	6310	0.08595924
10946	1869	0.12724026
10946	2138	0.12724026
10946	3971	0.12724026
10946	4076	0.12724026
10946	6123	0.12724026
10946	41	0.12724024
10946	376	0.12724024
10946	579	0.12724024
10946	597	0.12724024
10946	642	0.12724024
10949	387	0.15943453
10949	890	0.15943453
10949	997	0.15943453
10949	3971	0.15943453
10949	4076	0.15943453
10949	5886	0.15943453
10949	6123	0.15943453
10949	49	0.15943451
10949	124	0.15943451
10949	597	0.15943451
11070	854	0.09125179
11070	2360	0.09125179
11070	2382	0.09125179
11070	3434	0.09125179
11070	4224	0.09125179
11070	4796	0.09125179
11070	4817	0.09125179
11070	4885	0.09125179
11070	4913	0.09125179
11070	5785	0.09125179
11120	1869	0.0977619
11120	3971	0.0977619
11120	387	0.09776189
11120	642	0.09776189
11120	997	0.09776189
11120	579	0.097761884
11120	597	0.097761884
11120	890	0.097761884
11120	1058	0.097761884
11120	1340	0.097761884
11224	4813	0.16320555
11224	2647	0.16320553
11224	3644	0.16320553
11224	3868	0.16320553
11224	3890	0.16320553
11224	4984	0.16320553
11224	5106	0.16320553
11224	6909	0.16320553
11224	80	0.16320552
11224	4775	0.16320552
11245	2885	0.18880826
11245	4906	0.18810281
11245	1567	0.1881028
11245	1585	0.1881028
11245	2653	0.1881028
11245	106	0.18810278
11245	248	0.18810278
11245	754	0.18810278
11245	2207	0.18810278
11245	2844	0.18810278
11362	1455	0.123874456
11362	1869	0.123874456
11362	890	0.12387445
11362	1393	0.12387445
11362	3971	0.12387445
11362	5886	0.12387445
11362	41	0.12387444
11362	124	0.12387444
11362	215	0.12387444
11362	216	0.12387444
11400	387	0.12352355
11400	2121	0.12352355
11400	5031	0.12352355
11400	5886	0.12352355
11400	645	0.12352353
11400	890	0.12352353
11400	1340	0.12352353
11400	1415	0.12352353
11400	1869	0.12352353
11400	2728	0.12352353
11529	3971	0.10433606
11529	387	0.10433605
11529	1146	0.10433605
11529	2339	0.10433605
11529	6912	0.10433605
11529	124	0.104336046
11529	478	0.104336046
11529	832	0.104336046
11529	890	0.104336046
11529	922	0.104336046
11601	5811	0.073622346
11601	4608	0.07362234
11601	3538	0.07362233
11601	6241	0.073622316
11601	4176	0.07300133
11601	6216	0.07300133
11601	231	0.073001325
11601	677	0.073001325
11601	5129	0.073001325
11601	851	0.07300132
11621	5968	0.08722747
11621	6093	0.08722747
11621	3876	0.087227456
11621	3637	0.08722745
11621	4862	0.08722745
11621	6245	0.08722744
11621	1223	0.087227434
11621	1498	0.087227434
11621	6004	0.087227434
11621	2557	0.08722742
11629	4103	0.11149924
11629	5731	0.11149924
11629	2209	0.111499235
11629	1848	0.11149923
11629	6149	0.11149923
11629	398	0.11149922
11629	1621	0.11149922
11629	2014	0.11149922
11629	2320	0.11149922
11629	2644	0.11149922
11638	387	0.10886618
11638	41	0.10886617
11638	124	0.10886617
11638	997	0.10886617
11638	1393	0.10886617
11638	1869	0.10886617
11638	2121	0.10886617
11638	2356	0.10886617
11638	2364	0.10886617
11638	3059	0.10886617
11657	3560	0.112463124
11657	729	0.11246312
11657	1080	0.11246312
11657	2360	0.11246312
11657	3658	0.11246312
11657	4796	0.11246312
11657	4885	0.11246312
11657	5785	0.11246312
11657	489	0.11246311
11657	3694	0.11246311
11687	392	0.1256472
11687	2342	0.12564719
11687	6537	0.12564719
11687	1868	0.12564717
11687	4906	0.12393576
11687	711	0.12393575
11687	5869	0.12393575
11687	5295	0.123935744
11687	6028	0.123935744
11687	1567	0.12393574
11708	511	0.08493893
11708	6593	0.08493891
11708	1092	0.084938906
11708	4557	0.084938906
11708	6364	0.084938906
11708	617	0.0849389
11708	2643	0.0849389
11708	2785	0.0849389
11708	3097	0.0849389
11708	3526	0.0849389
11718	387	0.14474866
11718	478	0.14474866
11718	642	0.14474866
11718	890	0.14474866
11718	997	0.14474866
11718	1455	0.14474866
11718	1869	0.14474866
11718	2121	0.14474866
11718	2138	0.14474866
11718	3452	0.14474866
11724	3230	0.1457121
11724	3606	0.1457121
11724	3870	0.1457121
11724	4673	0.1457121
11724	5864	0.1457121
11724	900	0.14571209
11724	3836	0.14571209
11724	5041	0.14571209
11724	5487	0.14571209
11724	5539	0.14571209
11788	5619	0.09268533
11788	5309	0.09268532
11788	3403	0.09268531
11788	848	0.092685305
11788	1646	0.092685305
11788	979	0.0926853
11788	1267	0.0926853
11788	1678	0.0926853
11788	2290	0.0926853
11788	2611	0.0926853
11832	884	0.0844789
11832	2419	0.0844789
11832	3870	0.0844789
11832	1648	0.08447889
11832	3585	0.08447889
11832	3672	0.08447889
11832	4080	0.08447889
11832	4501	0.08447889
11832	4673	0.08447889
11832	4938	0.08447889
11916	775	0.14340307
11916	997	0.14340307
11916	2138	0.14340307
11916	5886	0.14340307
11916	6123	0.14340307
11916	6507	0.14340307
11916	41	0.14340305
11916	124	0.14340305
11916	160	0.14340305
11916	215	0.14340305
11944	5331	0.11563726
11944	6756	0.11563723
11944	4833	0.11563721
11944	5672	0.11563721
11944	6273	0.11563721
11944	4351	0.1156372
11944	4488	0.1156372
11944	5343	0.11563719
11944	828	0.11563718
11944	6643	0.11534998
11993	493	0.14002392
11993	4103	0.14002392
11993	2320	0.1400239
11993	3657	0.1400239
11993	396	0.14002389
11993	398	0.14002389
11993	892	0.14002389
11993	1280	0.14002389
11993	1621	0.14002389
11993	1848	0.14002389
12100	6909	0.114402
12100	4984	0.114401996
12100	4813	0.11440199
12100	80	0.11440198
12100	1997	0.11440198
12100	2236	0.11440198
12100	4775	0.11440198
12100	5106	0.11440198
12100	5151	0.11440198
12100	3868	0.114401974
12123	1567	0.11801946
12123	2653	0.11801946
12123	5086	0.11801946
12123	6429	0.11801946
12123	6492	0.11801946
12123	248	0.118019454
12123	1874	0.118019454
12123	4906	0.118019454
12123	5715	0.118019454
12123	5869	0.118019454
12154	645	0.12551552
12154	890	0.12551552
12154	997	0.12551552
12154	1393	0.12551552
12154	1869	0.12551552
12154	5031	0.12551552
12154	5886	0.12551552
12154	6123	0.12551552
12154	24	0.1255155
12154	215	0.1255155
12194	112	0.10083961
12194	4446	0.099645466
12194	2518	0.09964546
12194	6601	0.09964545
12194	1742	0.099645436
12194	1958	0.099645436
12194	2017	0.099645436
12194	6152	0.099645436
12194	6422	0.099645436
12194	6612	0.09964543
12272	1869	0.087424666
12272	3188	0.087424666
12272	3616	0.087424666
12272	3971	0.087424666
12272	5031	0.087424666
12272	5886	0.087424666
12272	6123	0.087424666
12272	6912	0.087424666
12272	24	0.08742466
12272	890	0.08742466
12316	2003	0.10053642
12316	345	0.09999721
12316	6823	0.09999721
12316	4953	0.09999719
12316	3994	0.09999716
12316	526	0.09898308
12316	5294	0.09898308
12316	5833	0.09898308
12316	6732	0.09898307
12316	1890	0.09898306
12348	4740	0.12678814
12348	5914	0.12678814
12348	3677	0.12678812
12348	1024	0.12678811
12348	4144	0.12678811
12348	4738	0.12678811
12348	5599	0.12678811
12348	6396	0.12678811
12348	703	0.1267881
12348	1155	0.1267881
12515	6123	0.12526788
12515	41	0.12526786
12515	273	0.12526786
12515	387	0.12526786
12515	890	0.12526786
12515	901	0.12526786
12515	1393	0.12526786
12515	1869	0.12526786
12515	2121	0.12526786
12515	2138	0.12526786
12538	4858	0.12008263
12538	3886	0.12008261
12538	3509	0.1200826
12538	6880	0.11942247
12538	511	0.119422466
12538	1092	0.119422466
12538	4369	0.119422466
12538	5288	0.119422466
12538	6593	0.119422466
12538	617	0.11942246
12569	5033	0.09270765
12569	520	0.092707634
12569	5653	0.09270763
12569	6147	0.09270762
12569	6810	0.09270762
12569	4243	0.09193191
12569	5417	0.09193191
12569	1467	0.09193188
12569	5785	0.09132689
12569	854	0.091326885
12619	3971	0.08625772
12619	387	0.08625771
12619	597	0.08625771
12619	890	0.08625771
12619	901	0.08625771
12619	1146	0.08625771
12619	2138	0.08625771
12619	5031	0.08625771
12619	6912	0.08625771
12619	273	0.0862577
12698	49	0.07926214
12698	890	0.07926214
12698	5031	0.07926214
12698	5886	0.07926214
12698	1415	0.07926213
12698	1869	0.07926213
12698	2121	0.07926213
12698	6123	0.07926213
12698	41	0.07926212
12698	215	0.07926212
12702	1869	0.10339692
12702	3971	0.10339692
12702	124	0.103396915
12702	5031	0.103396915
12702	5886	0.103396915
12702	24	0.10339691
12702	49	0.10339691
12702	387	0.10339691
12702	579	0.10339691
12702	642	0.10339691
12707	387	0.076033026
12707	997	0.076033026
12707	1058	0.076033026
12707	1869	0.076033026
12707	3059	0.076033026
12707	3971	0.076033026
12707	5886	0.076033026
12707	6123	0.076033026
12707	49	0.07603302
12707	215	0.07603302
12784	387	0.07062876
12784	1869	0.07062876
12784	3971	0.07062876
12784	4076	0.07062876
12784	5886	0.07062876
12784	41	0.070628755
12784	124	0.070628755
12784	775	0.070628755
12784	890	0.070628755
12784	1403	0.070628755
12811	1221	0.09132511
12811	1255	0.091325104
12811	4806	0.091325104
12811	6318	0.091325104
12811	6762	0.091325104
12811	531	0.0913251
12811	1177	0.0913251
12811	3761	0.0913251
12811	4177	0.0913251
12811	4650	0.0913251
12824	1539	0.08702679
12824	5113	0.08702677
12824	891	0.08702676
12824	5008	0.08702676
12824	5592	0.08702676
12824	2667	0.08702675
12824	4368	0.08702675
12824	5146	0.08702675
12824	1899	0.087026745
12824	2388	0.087026745
12863	890	0.10561823
12863	1869	0.10561823
12863	3616	0.10561823
12863	5031	0.10561823
12863	215	0.10561822
12863	387	0.10561822
12863	478	0.10561822
12863	642	0.10561822
12863	922	0.10561822
12863	997	0.10561822
12917	1869	0.105764285
12917	645	0.10576427
12917	997	0.10576427
12917	1552	0.10576427
12917	2364	0.10576427
12917	3616	0.10576427
12917	3971	0.10576427
12917	5031	0.10576427
12917	5716	0.10576427
12917	6123	0.10576427
12982	5731	0.18423662
12982	4103	0.1842366
12982	1280	0.18423659
12982	1848	0.18423659
12982	2014	0.18423659
12982	6279	0.18423659
12982	6465	0.18423659
12982	3610	0.18423657
12982	4496	0.18423657
12982	4703	0.18423657
12990	890	0.09183817
12990	538	0.091838166
12990	1869	0.091838166
12990	2121	0.091838166
12990	3897	0.091838166
12990	3971	0.091838166
12990	4076	0.091838166
12990	4109	0.091838166
12990	4293	0.091838166
12990	4323	0.091838166
13080	3971	0.09299478
13080	6123	0.09299478
13080	890	0.09299477
13080	3897	0.09299477
13080	4323	0.09299477
13080	5886	0.09299477
13080	273	0.092994764
13080	387	0.092994764
13080	597	0.092994764
13080	642	0.092994764
13082	1869	0.12122287
13082	3971	0.12122287
13082	387	0.12122286
13082	3616	0.12122286
13082	124	0.12122285
13082	922	0.12122285
13082	2121	0.12122285
13082	6123	0.12122285
13082	24	0.121222846
13082	579	0.121222846
13093	6116	0.09022604
13093	2492	0.090226024
13093	3844	0.090226024
13093	4924	0.09022602
13093	972	0.09022601
13093	5378	0.09022601
13093	6219	0.09022601
13093	6793	0.090226
13093	1860	0.090225995
13093	3285	0.090225995
13094	244	0.08940284
13094	6265	0.08940284
13094	582	0.089402825
13094	4045	0.089402825
13094	4599	0.089402825
13094	5437	0.089402825
13094	632	0.08940282
13094	149	0.08940281
13094	650	0.08940281
13094	961	0.08940281
13126	2518	0.12526262
13126	4004	0.12526262
13126	4446	0.12526262
13126	6796	0.12526262
13126	3749	0.1252626
13126	4789	0.1252626
13126	5980	0.1252626
13126	6601	0.1252626
13126	595	0.12526259
13126	629	0.12526259
13221	3971	0.10190531
13221	124	0.1019053
13221	997	0.1019053
13221	1403	0.1019053
13221	1869	0.1019053
13221	2138	0.1019053
13221	5031	0.1019053
13221	5886	0.1019053
13221	6912	0.1019053
13221	6915	0.1019053
13273	3644	0.1404499
13273	4984	0.1404499
13273	80	0.14044988
13273	1997	0.14044988
13273	5106	0.14044988
13273	5151	0.14044988
13273	6909	0.14044988
13273	821	0.14044985
13273	1487	0.14044985
13273	2236	0.14044985
13279	2138	0.10139243
13279	3971	0.10139243
13279	6123	0.10139243
13279	997	0.101392426
13279	1869	0.101392426
13279	3059	0.101392426
13279	3616	0.101392426
13279	4076	0.101392426
13279	243	0.10139242
13279	269	0.10139242
13331	2933	0.11161509
13331	3378	0.11161509
13331	5471	0.11161509
13331	6655	0.11161509
13331	5472	0.111615084
13331	6585	0.111615084
13331	6680	0.111615084
13331	6645	0.11161508
13331	5731	0.11144138
13331	3657	0.111441374
13518	392	0.1338121
13518	2342	0.1338121
13518	6537	0.1338121
13518	1868	0.13381205
13518	1567	0.1334267
13518	4906	0.1334267
13518	5335	0.1334267
13518	5869	0.1334267
13518	6429	0.1334267
13518	711	0.13342668
13551	3560	0.1269364
13551	4885	0.1269364
13551	3510	0.12693639
13551	4224	0.12693639
13551	212	0.12693638
13551	489	0.12693638
13551	729	0.12693638
13551	854	0.12693638
13551	1106	0.12693638
13551	1170	0.12693638
13582	2121	0.104053274
13582	3897	0.104053274
13582	3971	0.104053274
13582	5886	0.104053274
13582	1869	0.10405327
13582	49	0.10405326
13582	387	0.10405326
13582	478	0.10405326
13582	832	0.10405326
13582	890	0.10405326
13600	1306	0.09208971
13600	4693	0.0920897
13600	5232	0.0920897
13600	5583	0.0920897
13600	6427	0.0920897
13600	4400	0.09208969
13600	4698	0.09208969
13600	2323	0.092089675
13600	6775	0.092089675
13600	1070	0.092010714
13604	143	0.09479956
13604	1238	0.09479956
13604	5128	0.09479956
13604	5508	0.09479956
13604	1449	0.094799556
13604	5275	0.094799556
13604	4320	0.09479955
13604	5630	0.09479955
13604	4172	0.09479954
13604	4267	0.09479954
13664	3971	0.10493425
13664	6912	0.10493425
13664	387	0.104934245
13664	890	0.104934245
13664	1146	0.104934245
13664	5246	0.104934245
13664	5716	0.104934245
13664	5886	0.104934245
13664	6123	0.104934245
13664	24	0.10493424
13666	4813	0.12026707
13666	4984	0.12026706
13666	3868	0.12026705
13666	6909	0.12026705
13666	80	0.12026704
13666	1997	0.12026704
13666	4775	0.12026704
13666	1487	0.12026703
13666	2647	0.12026703
13666	3271	0.12026703
13733	4767	0.08869972
13733	1285	0.08771884
13733	4065	0.08771883
13733	6418	0.08771883
13733	6608	0.08771883
13733	3491	0.08771882
13733	3937	0.08771882
13733	46	0.087718815
13733	102	0.087718815
13733	471	0.087718815
13850	5886	0.08973303
13850	387	0.08973302
13850	597	0.08973302
13850	890	0.08973302
13850	922	0.08973302
13850	997	0.08973302
13850	1869	0.08973302
13850	2138	0.08973302
13850	2356	0.08973302
13850	2422	0.08973302
13973	884	0.11509028
13973	4080	0.11509028
13973	4673	0.11509028
13973	2419	0.11509027
13973	2529	0.11509027
13973	6834	0.11509027
13973	247	0.115090266
13973	1648	0.115090266
13973	3283	0.115090266
13973	3733	0.115090266
13995	1869	0.07883091
13995	2138	0.07883091
13995	3971	0.07883091
13995	5896	0.07883091
13995	997	0.078830905
13995	2037	0.078830905
13995	3616	0.078830905
13995	5886	0.078830905
13995	6912	0.078830905
13995	41	0.0788309
14049	111	0.0974789
14049	5890	0.097478874
14049	2099	0.09747887
14049	4692	0.09747887
14049	4729	0.09747887
14049	5724	0.09747887
14049	1793	0.09747886
14049	1075	0.09747885
14049	1537	0.09747885
14049	3198	0.09747885
14180	1679	0.07231226
14180	1937	0.07231225
14180	152	0.07231224
14180	1892	0.07231224
14180	869	0.072312236
14180	1457	0.072312236
14180	1598	0.072312236
14180	2117	0.072312236
14180	2349	0.072312236
14180	4233	0.072312236
14271	5478	0.10604073
14271	6355	0.10604071
14271	2614	0.106040694
14271	5895	0.106040694
14271	2619	0.10604069
14271	492	0.10604067
14271	980	0.10604067
14271	5475	0.10604066
14271	909	0.10604065
14271	6537	0.10572334
14374	387	0.09448707
14374	890	0.09448707
14374	922	0.09448707
14374	3971	0.09448707
14374	6123	0.09448707
14374	1146	0.09448706
14374	1869	0.09448706
14374	5218	0.09448706
14374	5886	0.09448706
14374	24	0.094487056
14387	1567	0.12022799
14387	2653	0.12022799
14387	4906	0.12022799
14387	5086	0.12022799
14387	5335	0.12022799
14387	248	0.120227985
14387	655	0.12022798
14387	1349	0.12022798
14387	2844	0.12022798
14387	3289	0.12022798
14393	2138	0.10182525
14393	3971	0.10182525
14393	5886	0.10182525
14393	890	0.101825245
14393	922	0.101825245
14393	3559	0.101825245
14393	6123	0.101825245
14393	41	0.10182524
14393	215	0.10182524
14393	387	0.10182524
14422	3886	0.13557136
14422	4858	0.13557136
14422	3509	0.13557135
14422	2122	0.13436319
14422	3008	0.13436313
14422	1440	0.13436311
14422	2161	0.13436309
14422	2209	0.1342758
14422	4103	0.1342758
14422	5731	0.1342758
14456	1610	0.08913246
14456	4143	0.08913246
14456	4387	0.08913246
14456	626	0.08913245
14456	5974	0.08913245
14456	2083	0.08913244
14456	2986	0.08913244
14456	3929	0.08913244
14456	4482	0.08913244
14456	4489	0.08913244
14461	5430	0.08462613
14461	364	0.084626116
14461	1826	0.0846261
14461	5584	0.0846261
14461	2636	0.08462609
14461	2780	0.08462609
14461	2788	0.08462609
14461	2879	0.08462609
14461	3435	0.08462609
14461	3824	0.08462609
14521	1869	0.12696648
14521	645	0.12696646
14521	997	0.12696646
14521	1393	0.12696646
14521	2138	0.12696646
14521	3616	0.12696646
14521	3971	0.12696646
14521	5031	0.12696646
14521	5886	0.12696646
14521	6912	0.12696646
14638	4103	0.15649407
14638	1632	0.15649405
14638	5731	0.15649405
14638	1280	0.15649404
14638	1459	0.15649404
14638	1621	0.15649404
14638	1848	0.15649404
14638	4703	0.15649404
14638	6279	0.15649404
14638	605	0.15649402
14667	511	0.13117495
14667	4557	0.13117495
14667	6593	0.13117495
14667	3526	0.13117494
14667	5288	0.13117494
14667	6364	0.13117494
14667	786	0.13117492
14667	1092	0.13117492
14667	2643	0.13117492
14667	2779	0.13117492
14698	1806	0.09610751
14698	3630	0.09610751
14698	3853	0.09610751
14698	3866	0.09610751
14698	5115	0.09610751
14698	5454	0.09610751
14698	5688	0.09610751
14698	6674	0.09610751
14698	3112	0.096107505
14698	3830	0.096107505
14744	325	0.08376241
14744	5750	0.08331553
14744	947	0.08327617
14744	1764	0.08327617
14744	1995	0.08327617
14744	529	0.08327616
14744	2090	0.08327616
14744	6460	0.08327616
14744	506	0.08327615
14744	1139	0.08327615
14768	1869	0.115507334
14768	3971	0.11550733
14768	2364	0.11550732
14768	4076	0.11550732
14768	5031	0.11550732
14768	5716	0.11550732
14768	6123	0.11550732
14768	6912	0.11550732
14768	6915	0.11550732
14768	49	0.11550731
14897	4984	0.1350608
14897	6909	0.1350608
14897	3644	0.13506079
14897	3890	0.13506079
14897	4813	0.13506079
14897	5106	0.13506079
14897	3271	0.13506077
14897	4034	0.13506077
14897	5372	0.13506077
14897	6178	0.13506077
15021	579	0.14521125
15021	890	0.14521125
15021	1146	0.14521125
15021	1393	0.14521125
15021	1403	0.14521125
15021	1869	0.14521125
15021	2138	0.14521125
15021	3559	0.14521125
15021	3616	0.14521125
15021	3971	0.14521125
15046	4885	0.104836896
15046	489	0.10483688
15046	1363	0.10483688
15046	3560	0.10483688
15046	3694	0.10483688
15046	4796	0.10483688
15046	3427	0.10483687
15046	1334	0.104836866
15046	1758	0.104836866
15046	1902	0.104836866
15049	3616	0.12935682
15049	5031	0.12935682
15049	478	0.1293568
15049	579	0.1293568
15049	645	0.1293568
15049	810	0.1293568
15049	890	0.1293568
15049	1062	0.1293568
15049	1340	0.1293568
15049	1455	0.1293568
15144	4999	0.091829956
15144	2747	0.09182995
15144	2122	0.09171925
15144	1440	0.091719225
15144	3008	0.091719225
15144	2161	0.091719195
15144	3241	0.091407225
15144	6410	0.0914072
15144	998	0.091407195
15144	6266	0.091407195
15408	1869	0.13527319
15408	2138	0.13527319
15408	3971	0.13527317
15408	6123	0.13527317
15408	216	0.13527316
15408	387	0.13527316
15408	597	0.13527316
15408	832	0.13527316
15408	890	0.13527316
15408	986	0.13527316
15418	6215	0.09362231
15418	1863	0.09362228
15418	5307	0.093622275
15418	3936	0.09362227
15418	5496	0.09362227
15418	1177	0.092568286
15418	4806	0.09256828
15418	5085	0.09256828
15418	6530	0.09256828
15418	6897	0.09256827
15497	3971	0.11456677
15497	1869	0.11456675
15497	49	0.11456674
15497	4390	0.11456674
15497	6123	0.11456674
15497	387	0.114566736
15497	1229	0.114566736
15497	5289	0.114566736
15497	5886	0.114566736
15497	195	0.11456673
15602	6851	0.11716244
15602	4856	0.11716242
15602	482	0.117162414
15602	2457	0.11716241
15602	4007	0.11716241
15602	4382	0.11716241
15602	2988	0.1171624
15602	2685	0.11716239
15602	5315	0.11716239
15602	4986	0.117162384
15651	1764	0.1089101
15651	130	0.10891009
15651	947	0.108910084
15651	1139	0.108910084
15651	2029	0.108910084
15651	2090	0.108910084
15651	4057	0.108910084
15651	1374	0.10891008
15651	2057	0.10891008
15651	3397	0.10891008
15654	3971	0.12208739
15654	6123	0.12208738
15654	1869	0.122087374
15654	2138	0.122087374
15654	3616	0.122087374
15654	5886	0.122087374
15654	387	0.12208737
15654	890	0.12208737
15654	922	0.12208737
15654	4076	0.12208737
15670	124	0.13748372
15670	266	0.13748372
15670	387	0.13748372
15670	579	0.13748372
15670	645	0.13748372
15670	890	0.13748372
15670	1146	0.13748372
15670	1869	0.13748372
15670	2121	0.13748372
15670	3616	0.13748372
15819	307	0.11363369
15819	1424	0.11363369
15819	1436	0.11363368
15819	4002	0.11363368
15819	4728	0.11363368
15819	6523	0.11363368
15819	2507	0.11363367
15819	761	0.11363366
15819	6365	0.11363366
15819	2689	0.113633655
15845	4176	0.0831621
15845	6216	0.08316208
15845	231	0.08316207
15845	668	0.08316207
15845	1022	0.08316207
15845	1034	0.08316207
15845	2400	0.08316207
15845	2409	0.08316207
15845	3072	0.08316207
15845	4068	0.08316207
15945	511	0.1049435
15945	1092	0.1049435
15945	1644	0.104943484
15945	4318	0.104943484
15945	4557	0.104943484
15945	5288	0.104943484
15945	6364	0.104943484
15945	6880	0.104943484
15945	3097	0.10494348
15945	3526	0.10494348
15957	3971	0.106270775
15957	1869	0.10627077
15957	5031	0.10627077
15957	387	0.10627076
15957	997	0.10627076
15957	1146	0.10627076
15957	1455	0.10627076
15957	2138	0.10627076
15957	3559	0.10627076
15957	3965	0.10627076
16009	3853	0.112399995
16009	4241	0.112399995
16009	5115	0.112399995
16009	6643	0.112399995
16009	6674	0.112399995
16009	5454	0.11239999
16009	401	0.11239998
16009	533	0.11239998
16009	2304	0.11239998
16009	3210	0.11239998
16010	3988	0.09602135
16010	6189	0.096021324
16010	2197	0.09601991
16010	667	0.0960199
16010	2022	0.0960199
16010	2936	0.096019894
16010	2971	0.096019894
16010	3374	0.096019894
16010	4461	0.096019894
16010	4671	0.096019894
16036	387	0.13486527
16036	3971	0.13486527
16036	49	0.13486525
16036	124	0.13486525
16036	478	0.13486525
16036	890	0.13486525
16036	922	0.13486525
16036	997	0.13486525
16036	1058	0.13486525
16036	1146	0.13486525
16046	1869	0.119500756
16046	3971	0.119500756
16046	124	0.11950074
16046	2343	0.11950074
16046	387	0.119500734
16046	890	0.119500734
16046	2728	0.119500734
16046	3616	0.119500734
16046	3965	0.119500734
16046	41	0.11950073
16106	5031	0.100524575
16106	997	0.10052457
16106	24	0.10052456
16106	387	0.10052456
16106	597	0.10052456
16106	890	0.10052456
16106	901	0.10052456
16106	922	0.10052456
16106	2138	0.10052456
16106	3452	0.10052456
16121	5031	0.11389062
16121	1393	0.1138906
16121	1552	0.1138906
16121	1869	0.1138906
16121	2121	0.1138906
16121	2646	0.1138906
16121	5886	0.1138906
16121	387	0.113890596
16121	890	0.113890596
16121	1415	0.113890596
16155	4384	0.100464046
16155	5919	0.100464046
16155	4173	0.10046404
16155	6886	0.10046404
16155	2651	0.10046403
16155	4121	0.10046402
16155	6103	0.10046402
16155	6000	0.100464016
16155	6463	0.100464016
16155	4673	0.09974124
16161	4885	0.106307715
16161	3694	0.1063077
16161	3560	0.10630769
16161	4224	0.10630769
16161	489	0.106307685
16161	1363	0.106307685
16161	1902	0.106307685
16161	5785	0.106307685
16161	6842	0.106307685
16161	854	0.10630768
16231	1869	0.110289015
16231	2121	0.11028901
16231	6123	0.11028901
16231	387	0.110289
16231	890	0.110289
16231	1856	0.110289
16231	5218	0.110289
16231	5886	0.110289
16231	6507	0.110289
16231	41	0.11028899
16246	801	0.123169646
16246	1087	0.12316963
16246	4151	0.12316963
16246	5121	0.12316963
16246	6222	0.12316963
16246	1650	0.12316962
16246	2145	0.12316962
16246	2305	0.12316962
16246	3120	0.12316962
16246	6252	0.12316962
16263	3875	0.07859635
16263	4167	0.07859635
16263	6361	0.078596346
16263	2582	0.07859634
16263	2691	0.07859634
16263	3883	0.07859634
16263	5547	0.07859634
16263	5666	0.07859634
16263	5697	0.07859634
16263	6459	0.07859634
16383	2393	0.0891246
16383	112	0.089016624
16383	687	0.08829677
16383	1199	0.088296756
16383	1041	0.08829674
16383	1227	0.08829673
16383	3401	0.08829673
16383	1907	0.08816229
16383	4466	0.08816228
16383	2522	0.08816227
16488	4800	0.14255387
16488	6520	0.14255387
16488	3812	0.14255385
16488	1762	0.14255384
16488	3504	0.1425538
16488	4554	0.1425538
16488	3030	0.14255379
16488	2204	0.14160693
16488	3317	0.14160687
16488	1607	0.14160685
16504	1087	0.14950532
16504	4151	0.1495053
16504	109	0.14950529
16504	686	0.14950529
16504	801	0.14950529
16504	1389	0.14950529
16504	1650	0.14950529
16504	2070	0.14950529
16504	2305	0.14950529
16504	2916	0.14950529
16510	6674	0.098518856
16510	533	0.09851885
16510	3493	0.09851885
16510	4595	0.09851885
16510	6310	0.09851885
16510	2363	0.09851884
16510	3830	0.09851884
16510	3853	0.09851884
16510	3866	0.09851884
16510	5454	0.09851884
16545	5469	0.11553304
16545	6647	0.11222828
16545	773	0.11153905
16545	511	0.11068499
16545	5998	0.11068499
16545	1092	0.11068498
16545	4557	0.11068498
16545	617	0.110684976
16545	5288	0.110684976
16545	6364	0.110684976
16551	1793	0.09458511
16551	111	0.094585106
16551	4692	0.094585106
16551	4729	0.094585106
16551	5890	0.094585106
16551	1075	0.09458509
16551	3303	0.09458509
16551	5695	0.09458509
16551	5724	0.09458509
16551	1537	0.09458508
16599	1553	0.11541978
16599	2972	0.115419775
16599	236	0.11541976
16599	3529	0.11541975
16599	5421	0.11541975
16599	2250	0.115419745
16599	3001	0.11541973
16599	3213	0.11541973
16599	6114	0.11541973
16599	869	0.112737976
16601	1869	0.09387043
16601	2138	0.09387043
16601	3971	0.09387043
16601	890	0.093870424
16601	5886	0.093870424
16601	6123	0.093870424
16601	6915	0.093870424
16601	124	0.09387042
16601	180	0.09387042
16601	387	0.09387042
16666	4241	0.09121725
16666	6674	0.09121725
16666	6768	0.09121724
16666	533	0.091217235
16666	1745	0.091217235
16666	3493	0.091217235
16666	3853	0.091217235
16666	4718	0.091217235
16666	4727	0.091217235
16666	5454	0.091217235
16718	2138	0.13548237
16718	3971	0.13548237
16718	5886	0.13548237
16718	387	0.13548236
16718	890	0.13548236
16718	1862	0.13548236
16718	1869	0.13548236
16718	4076	0.13548236
16718	6123	0.13548236
16718	6507	0.13548236
16721	3477	0.12274292
16721	5731	0.119259685
16721	4103	0.11925968
16721	605	0.11925967
16721	1621	0.11925967
16721	1848	0.11925967
16721	2320	0.11925967
16721	3657	0.11925967
16721	4703	0.11925967
16721	5473	0.11925967
16755	1238	0.10001424
16755	5508	0.10001424
16755	143	0.10001423
16755	5045	0.10001423
16755	5128	0.10001423
16755	4320	0.100014225
16755	4553	0.100014225
16755	5275	0.100014225
16755	1570	0.10001422
16755	1449	0.10001421
16777	3525	0.09940073
16777	4378	0.09940072
16777	4328	0.09940071
16777	5566	0.09940071
16777	2006	0.0994007
16777	2686	0.0994007
16777	6108	0.09940069
16777	6453	0.09940069
16777	372	0.099400684
16777	1103	0.099400684
16781	890	0.12831393
16781	1146	0.12831393
16781	2138	0.12831393
16781	3971	0.12831393
16781	5886	0.12831393
16781	6123	0.12831393
16781	124	0.12831391
16781	387	0.12831391
16781	922	0.12831391
16781	1094	0.12831391
16798	6912	0.10965935
16798	597	0.109659344
16798	997	0.109659344
16798	1869	0.109659344
16798	2138	0.109659344
16798	3971	0.109659344
16798	5031	0.109659344
16798	5886	0.109659344
16798	6123	0.109659344
16798	642	0.10965934
16818	576	0.08115159
16818	4002	0.08080255
16818	307	0.080802545
16818	1424	0.080802545
16818	1436	0.080802545
16818	4728	0.080802545
16818	6523	0.08080254
16818	761	0.08080253
16818	2507	0.08080253
16818	2535	0.08080253
16877	387	0.13330871
16877	478	0.13330871
16877	890	0.13330871
16877	1146	0.13330871
16877	1856	0.13330871
16877	1869	0.13330871
16877	3971	0.13330871
16877	5031	0.13330871
16877	5886	0.13330871
16877	6515	0.13330871
16908	6116	0.11160004
16908	3844	0.111600034
16908	2492	0.11160003
16908	4924	0.11160003
16908	5378	0.11160001
16908	6219	0.111600004
16908	972	0.1116
16908	1860	0.1116
16908	5927	0.1116
16908	6793	0.1116
16916	387	0.124861896
16916	6123	0.12486189
16916	41	0.12486188
16916	1869	0.12486188
16916	2121	0.12486188
16916	3971	0.12486188
16916	124	0.12486187
16916	890	0.12486187
16916	1058	0.12486187
16916	2728	0.12486187
16943	1199	0.09636088
16943	687	0.09636086
16943	1041	0.09636085
16943	1227	0.09636083
16943	3401	0.09636083
16943	1621	0.09616198
16943	2209	0.09616198
16943	4103	0.09616198
16943	5731	0.09616198
16943	3657	0.09616197
16949	6265	0.10086273
16949	244	0.10086271
16949	4599	0.10086271
16949	632	0.100862704
16949	149	0.1008627
16949	1442	0.1008627
16949	2962	0.1008627
16949	4045	0.1008627
16949	5437	0.1008627
16949	582	0.10086269
16966	3018	0.15957052
16966	3937	0.15957052
16966	5414	0.15957052
16966	5703	0.15957052
16966	5821	0.15957052
16966	6418	0.15957052
16966	6608	0.15957052
16966	1575	0.1595705
16966	4065	0.1595705
16966	102	0.15957049
16996	5968	0.09361527
16996	4862	0.09361526
16996	6093	0.09361526
16996	3876	0.093615256
16996	6004	0.09361525
16996	1223	0.093615234
16996	2557	0.093615234
16996	3637	0.093615234
16996	6245	0.093615234
16996	1498	0.09361522
16999	6494	0.12628385
16999	3216	0.12497272
16999	152	0.124972716
16999	1892	0.124972716
16999	5286	0.124972716
16999	4233	0.12497271
16999	869	0.1249727
16999	1457	0.1249727
16999	1598	0.12497269
16999	1679	0.12497269
17003	3655	0.14015788
17003	2755	0.14015783
17003	6027	0.14015783
17003	6570	0.14015783
17003	6580	0.14015783
17003	4813	0.13866398
17003	4984	0.13866398
17003	80	0.13866396
17003	3868	0.13866396
17003	4775	0.13866396
17046	3853	0.113713056
17046	3866	0.113713056
17046	3980	0.113713056
17046	4727	0.113713056
17046	5454	0.113713056
17046	6310	0.113713056
17046	6674	0.113713056
17046	533	0.11371305
17046	2304	0.11371305
17046	3210	0.11371305
17159	6265	0.08230439
17159	244	0.08230438
17159	149	0.082304366
17159	582	0.082304366
17159	4045	0.082304366
17159	632	0.08230436
17159	961	0.08230436
17159	1442	0.08230436
17159	2962	0.08230436
17159	3385	0.08230436
17177	387	0.14719881
17177	1869	0.14719881
17177	24	0.1471988
17177	41	0.1471988
17177	215	0.1471988
17177	645	0.1471988
17177	890	0.1471988
17177	922	0.1471988
17177	1146	0.1471988
17177	2121	0.1471988
17183	3971	0.11899963
17183	1869	0.118999615
17183	387	0.1189996
17183	890	0.1189996
17183	3616	0.1189996
17183	5886	0.1189996
17183	6912	0.1189996
17183	2138	0.11899959
17183	3965	0.11899959
17183	4076	0.11899959
17190	5056	0.09939246
17190	2675	0.09909198
17190	3018	0.09909198
17190	3491	0.09909198
17190	3937	0.09909198
17190	4065	0.09909198
17190	5414	0.09909198
17190	5821	0.09909198
17190	6608	0.09909198
17190	102	0.09909197
17233	111	0.11263663
17233	4692	0.112636626
17233	5890	0.112636626
17233	4729	0.11263662
17233	1537	0.11263661
17233	1793	0.11263661
17233	3198	0.11263661
17233	4721	0.11263661
17233	5695	0.11263661
17233	1075	0.1126366
17282	4885	0.17194982
17282	2360	0.17194979
17282	3434	0.17194979
17282	3560	0.17194979
17282	3658	0.17194979
17282	3694	0.17194979
17282	4796	0.17194979
17282	4960	0.17194979
17282	6555	0.17194979
17282	296	0.17194977
17402	42	0.09418906
17402	427	0.09418906
17402	4218	0.09418905
17402	5066	0.09418905
17402	5668	0.09418905
17402	5793	0.09418904
17402	464	0.09418903
17402	1536	0.09418903
17402	1836	0.09418903
17402	3494	0.09418903
17507	4151	0.10027142
17507	6222	0.10027142
17507	801	0.10027141
17507	1087	0.10027141
17507	686	0.100271404
17507	1389	0.100271404
17507	1650	0.100271404
17507	3120	0.100271404
17507	3187	0.100271404
17507	5019	0.100271404
17596	5886	0.103594
17596	775	0.10359399
17596	1869	0.10359399
17596	3971	0.10359399
17596	4076	0.10359399
17596	41	0.10359398
17596	124	0.10359398
17596	387	0.10359398
17596	3616	0.10359398
17596	4588	0.10359398
17667	4740	0.18345237
17667	5914	0.18345237
17667	6396	0.18345237
17667	4738	0.18345235
17667	5599	0.18345235
17667	1155	0.18345234
17667	2503	0.18345234
17667	6312	0.18345234
17667	703	0.18345231
17667	1024	0.18345231
17761	1424	0.10228908
17761	2507	0.10228907
17761	4002	0.10228907
17761	4728	0.10228907
17761	307	0.102289066
17761	1436	0.102289066
17761	6365	0.102289066
17761	6523	0.102289066
17761	2689	0.10228906
17761	761	0.10228905
17859	913	0.10157514
17859	4712	0.10157512
17859	3482	0.101575114
17859	244	0.099722266
17859	6265	0.09972226
17859	149	0.09972225
17859	4599	0.099722244
17859	3962	0.09972224
17859	4045	0.09972224
17859	4082	0.09972224
17894	4673	0.130155
17894	247	0.13015497
17894	884	0.13015497
17894	1648	0.13015497
17894	2419	0.13015497
17894	3443	0.13015497
17894	3606	0.13015497
17894	4080	0.13015497
17894	5041	0.13015497
17894	6834	0.13015497
17906	2457	0.06763777
17906	4856	0.06763777
17906	5315	0.067637764
17906	482	0.06763776
17906	2988	0.06763776
17906	4007	0.06763776
17906	4382	0.06763776
17906	6851	0.06763776
17906	1394	0.06763774
17906	2685	0.06763774
17950	4460	0.12620896
17950	2840	0.12620892
17950	1692	0.1262089
17950	2045	0.1262089
17950	331	0.12620889
17950	1531	0.12620889
17950	2583	0.12620884
17950	231	0.12305175
17950	1022	0.12305175
17950	5197	0.12305175
17970	4595	0.1074891
17970	3700	0.107489094
17970	6674	0.107489094
17970	533	0.10748909
17970	1745	0.10748909
17970	5115	0.10748909
17970	6109	0.10748909
17970	846	0.10748908
17970	2304	0.10748908
17970	2363	0.10748908
18067	6123	0.16146483
18067	387	0.16146481
18067	597	0.16146481
18067	890	0.16146481
18067	914	0.16146481
18067	997	0.16146481
18067	1146	0.16146481
18067	2138	0.16146481
18067	2552	0.16146481
18067	3971	0.16146481
18082	5033	0.116667554
18082	520	0.11666752
18082	6810	0.11666751
18082	6147	0.116667494
18082	5653	0.11666749
18082	5914	0.116489306
18082	4738	0.11648929
18082	5534	0.11648929
18082	6396	0.11648929
18082	4740	0.116489284
18095	1826	0.112982
18095	364	0.11298199
18095	3435	0.11298198
18095	5584	0.11298198
18095	2606	0.112981975
18095	2636	0.112981975
18095	2780	0.112981975
18095	2879	0.112981975
18095	3824	0.112981975
18095	5430	0.112981975
18096	3616	0.102035806
18096	1869	0.10203579
18096	2121	0.10203579
18096	5031	0.10203579
18096	997	0.10203578
18096	2091	0.10203578
18096	2728	0.10203578
18096	3971	0.10203578
18096	5886	0.10203578
18096	6912	0.10203578
18155	1362	0.086734
18155	4004	0.086734
18155	4446	0.086734
18155	5427	0.086734
18155	3481	0.08673399
18155	6152	0.08673399
18155	6796	0.08673399
18155	759	0.08673398
18155	2518	0.08673398
18155	3749	0.08673398
18172	511	0.07871261
18172	1092	0.07871261
18172	4318	0.07871261
18172	3526	0.078712605
18172	4141	0.078712605
18172	4557	0.078712605
18172	5288	0.078712605
18172	6364	0.078712605
18172	245	0.0787126
18172	246	0.0787126
18176	1869	0.091951504
18176	6912	0.091951504
18176	387	0.0919515
18176	3616	0.0919515
18176	3971	0.0919515
18176	41	0.09195149
18176	124	0.09195149
18176	266	0.09195149
18176	269	0.09195149
18176	478	0.09195149
18203	1567	0.093158096
18203	106	0.09315808
18203	711	0.09315808
18203	2653	0.09315808
18203	2844	0.09315808
18203	3361	0.09315808
18203	4154	0.09315808
18203	4493	0.09315808
18203	4906	0.09315808
18203	5086	0.09315808
18311	3971	0.14104493
18311	387	0.14104491
18311	3559	0.14104491
18311	5886	0.14104491
18311	6123	0.14104491
18311	6912	0.14104491
18311	49	0.1410449
18311	842	0.1410449
18311	922	0.1410449
18311	1031	0.1410449
18384	3546	0.10059708
18384	1464	0.10059707
18384	2266	0.10059706
18384	5076	0.100597054
18384	598	0.099690825
18384	1875	0.09969082
18384	1949	0.099690795
18384	902	0.09969078
18384	5904	0.09946601
18384	6352	0.09946601
18401	579	0.07401493
18401	3971	0.07401493
18401	890	0.074014924
18401	1869	0.074014924
18401	2138	0.074014924
18401	2364	0.074014924
18401	3616	0.074014924
18401	4076	0.074014924
18401	5031	0.074014924
18401	5896	0.074014924
18439	890	0.12122896
18439	2138	0.12122895
18439	5031	0.12122895
18439	6912	0.12122895
18439	24	0.12122894
18439	1062	0.12122894
18439	1146	0.12122894
18439	1856	0.12122894
18439	3971	0.12122894
18439	5716	0.12122894
18689	4076	0.096248746
18689	5031	0.096248746
18689	6123	0.096248746
18689	2138	0.09624874
18689	3616	0.09624874
18689	3971	0.09624874
18689	5886	0.09624874
18689	6912	0.09624874
18689	269	0.09624873
18689	387	0.09624873
18979	5718	0.1322544
18979	1741	0.13225439
18979	2446	0.13225439
18979	5986	0.13225439
18979	6332	0.13225438
18979	6751	0.1308645
18979	2547	0.12736678
18979	4896	0.12736678
18979	4103	0.12672621
18979	2320	0.1267262
19085	869	0.08599636
19085	152	0.08599635
19085	1457	0.08599635
19085	6367	0.08599635
19085	1750	0.085996345
19085	1892	0.085996345
19085	1937	0.085996345
19085	3216	0.085996345
19085	4233	0.085996345
19085	5286	0.085996345
19107	520	0.07814394
19107	5033	0.07814394
19107	5653	0.07814392
19107	6810	0.07814392
19107	6147	0.07814391
19107	3971	0.07768224
19107	5886	0.07768224
19107	6123	0.07768224
19107	6912	0.07768224
19107	215	0.077682234
19145	3971	0.118393585
19145	387	0.11839357
19145	890	0.11839357
19145	1146	0.11839357
19145	5031	0.11839357
19145	6123	0.11839357
19145	6515	0.11839357
19145	6912	0.11839357
19145	1869	0.11839356
19145	3616	0.11839356
19233	6426	0.110162385
19233	244	0.10950096
19233	4599	0.10950096
19233	6265	0.10950096
19233	2962	0.109500945
19233	632	0.10950094
19233	3385	0.10950094
19233	5437	0.10950094
19233	149	0.10950093
19233	961	0.10950093
19336	922	0.11951197
19336	3971	0.11951197
19336	6123	0.11951197
19336	387	0.11951196
19336	478	0.11951196
19336	890	0.11951196
19336	997	0.11951196
19336	2138	0.11951196
19336	2364	0.11951196
19336	3059	0.11951196
19362	387	0.118043855
19362	3971	0.118043855
19362	5886	0.118043855
19362	890	0.11804385
19362	1058	0.11804385
19362	2121	0.11804385
19362	6912	0.11804385
19362	41	0.11804384
19362	215	0.11804384
19362	642	0.11804384
19429	5150	0.09259763
19429	999	0.092597604
19429	3392	0.092597604
19429	702	0.09259758
19429	6088	0.092597574
19429	6390	0.09223661
19429	1177	0.09100348
19429	6318	0.09100348
19429	2737	0.09100347
19429	5691	0.09100347
19493	5056	0.1062236
19493	3493	0.105392836
19493	533	0.10539283
19493	563	0.10539283
19493	3830	0.10539283
19493	3866	0.10539283
19493	4241	0.10539283
19493	4727	0.10539283
19493	5908	0.10539283
19493	6768	0.10539283
19503	244	0.10587821
19503	6265	0.105878204
19503	4599	0.10587819
19503	149	0.105878174
19503	582	0.105878174
19503	632	0.105878174
19503	961	0.105878174
19503	3385	0.105878174
19503	3548	0.105878174
19503	5437	0.10587817
19570	5731	0.097261354
19570	4703	0.09726135
19570	398	0.09726134
19570	1225	0.09726134
19570	1280	0.09726134
19570	1621	0.09726134
19570	1887	0.09726134
19570	4103	0.09726134
19570	5465	0.09726134
19570	605	0.09726133
19571	576	0.09900321
19571	1436	0.098479226
19571	2535	0.098479226
19571	1424	0.09847922
19571	307	0.09847921
19571	4002	0.09847921
19571	4728	0.09847921
19571	6523	0.09847921
19571	2507	0.098479204
19571	2689	0.0984792
19573	1393	0.08158125
19573	2138	0.08158125
19573	3971	0.08158125
19573	6123	0.08158125
19573	1869	0.08158124
19573	2103	0.08158124
19573	2121	0.08158124
19573	3616	0.08158124
19573	5031	0.08158124
19573	5886	0.08158124
19659	520	0.08143592
19659	5033	0.08143592
19659	6147	0.08143591
19659	6810	0.081435904
19659	5653	0.0814359
19659	244	0.0805864
19659	6265	0.0805864
19659	149	0.08058639
19659	632	0.08058639
19659	2962	0.08058639
19664	3380	0.13505884
19664	4756	0.13505884
19664	6032	0.13505884
19664	6284	0.13505884
19664	2701	0.13505882
19664	3563	0.13505882
19664	3654	0.13505882
19664	3815	0.13505882
19664	4957	0.13505882
19664	6120	0.13505882
19681	387	0.11104585
19681	890	0.11104585
19681	2121	0.11104585
19681	2138	0.11104585
19681	3971	0.11104585
19681	6912	0.11104585
19681	41	0.111045845
19681	124	0.111045845
19681	1869	0.111045845
19681	4076	0.111045845
19711	2108	0.18938899
19711	2252	0.18938899
19711	3242	0.18938896
19711	6597	0.18938895
19711	5418	0.18938893
19711	6817	0.18938893
19711	5871	0.18879396
19711	4410	0.18879393
19711	5292	0.18879393
19711	766	0.18879391
19760	538	0.11420299
19760	890	0.11420299
19760	1856	0.11420299
19760	2138	0.11420299
19760	3971	0.11420299
19760	4323	0.11420299
19760	4603	0.11420299
19760	5886	0.11420299
19760	6515	0.11420299
19760	41	0.11420298
19842	41	0.13568297
19842	124	0.13568297
19842	387	0.13568297
19842	832	0.13568297
19842	890	0.13568297
19842	1856	0.13568297
19842	2343	0.13568297
19842	3971	0.13568297
19842	4323	0.13568297
19842	5381	0.13568297
19972	690	0.07752551
19972	3974	0.0775255
19972	884	0.07742448
19972	2419	0.07742448
19972	3837	0.07742448
19972	4452	0.07742448
19972	6566	0.07742448
19972	3230	0.077424474
19972	3870	0.077424474
19972	4080	0.077424474
20005	3971	0.11131637
20005	387	0.11131635
20005	890	0.11131635
20005	1869	0.11131635
20005	2121	0.11131635
20005	2138	0.11131635
20005	3616	0.11131635
20005	5031	0.11131635
20005	6123	0.111316346
20005	6912	0.111316346
20032	686	0.12616289
20032	5121	0.12616289
20032	6236	0.12616289
20032	1650	0.12616287
20032	3187	0.12616287
20032	4151	0.12616287
20032	96	0.12616286
20032	99	0.12616286
20032	801	0.12616286
20032	1087	0.12616286
20034	3853	0.09788177
20034	3866	0.09788177
20034	3418	0.097881764
20034	3630	0.097881764
20034	3700	0.097881764
20034	3830	0.097881764
20034	4595	0.097881764
20034	5115	0.097881764
20034	6310	0.097881764
20034	6674	0.097881764
20060	387	0.1202377
20060	3971	0.120237686
20060	41	0.12023768
20060	124	0.12023768
20060	890	0.12023768
20060	1146	0.12023768
20060	5886	0.12023768
20060	6912	0.12023768
20060	832	0.12023767
20060	1862	0.12023767
20106	1424	0.07192794
20106	2535	0.07192794
20106	307	0.071927935
20106	1436	0.071927935
20106	2507	0.071927935
20106	4002	0.071927935
20106	761	0.07192793
20106	6365	0.07192793
20106	6523	0.07192793
20106	753	0.07192792
20115	1869	0.12350782
20115	3971	0.12350782
20115	5886	0.12350782
20115	49	0.12350781
20115	387	0.12350781
20115	478	0.12350781
20115	922	0.12350781
20115	3452	0.12350781
20115	3616	0.12350781
20115	4076	0.12350781
20119	3971	0.14106804
20119	6123	0.14106804
20119	41	0.14106803
20119	387	0.14106803
20119	579	0.14106803
20119	997	0.14106803
20119	2121	0.14106803
20119	5218	0.14106803
20119	5886	0.14106803
20119	6912	0.14106803
20147	3971	0.08685003
20147	124	0.08685002
20147	2515	0.08685002
20147	3965	0.08685002
20147	5886	0.08685002
20147	6515	0.08685002
20147	6912	0.08685002
20147	387	0.08685001
20147	832	0.08685001
20147	890	0.08685001
20149	6674	0.09157732
20149	3866	0.091577314
20149	1806	0.09157731
20149	2220	0.09157731
20149	3091	0.09157731
20149	3418	0.09157731
20149	3493	0.09157731
20149	4595	0.09157731
20149	4718	0.09157731
20149	5115	0.09157731
20150	6810	0.08964804
20150	520	0.08964803
20150	5033	0.08964802
20150	5653	0.08964802
20150	6147	0.08964802
20150	49	0.08815706
20150	387	0.08815706
20150	922	0.08815706
20150	478	0.08815705
20150	5031	0.08815705
20172	3971	0.20358986
20172	1869	0.20358983
20172	2138	0.20358983
20172	3616	0.20358983
20172	6123	0.20358983
20172	387	0.20358981
20172	890	0.20358981
20172	3965	0.20358981
20172	5886	0.20358981
20172	6912	0.20358981
20180	128	0.10962484
20180	6138	0.10962483
20180	2560	0.109624825
20180	3211	0.10962481
20180	6746	0.109624796
20180	6918	0.109624796
20180	1468	0.10962479
20180	6293	0.10962479
20180	6498	0.10962477
20180	4605	0.108618736
20201	890	0.10225095
20201	1058	0.10225095
20201	2138	0.10225094
20201	3559	0.10225094
20201	5886	0.10225094
20201	5896	0.10225094
20201	6123	0.10225094
20201	124	0.10225093
20201	215	0.10225093
20201	216	0.10225093
20245	3971	0.08316148
20245	41	0.08316147
20245	387	0.08316147
20245	1403	0.08316147
20245	2138	0.08316147
20245	2364	0.08316147
20245	3559	0.08316147
20245	4076	0.08316147
20245	5886	0.08316147
20245	6123	0.08316147
20250	5731	0.08250616
20250	4103	0.08250615
20250	6279	0.08250615
20250	1621	0.08250614
20250	1848	0.08250614
20250	5473	0.08250614
20250	6149	0.08250614
20250	396	0.082506135
20250	398	0.082506135
20250	493	0.082506135
20265	1869	0.08914315
20265	997	0.08914314
20265	1455	0.08914314
20265	2138	0.08914314
20265	2364	0.08914314
20265	3559	0.08914314
20265	3616	0.08914314
20265	3971	0.08914314
20265	5031	0.08914314
20265	5886	0.08914314
20336	1869	0.15179864
20336	3971	0.15179864
20336	124	0.15179862
20336	6123	0.15179862
20336	24	0.1517986
20336	41	0.1517986
20336	49	0.1517986
20336	243	0.1517986
20336	266	0.1517986
20336	269	0.1517986
20347	425	0.07385115
20347	5355	0.07385111
20347	3776	0.0738511
20347	4469	0.0738511
20347	91	0.07385109
20347	1524	0.07385109
20347	4032	0.07385109
20347	5304	0.07385109
20347	5321	0.07385109
20347	5859	0.07385109
20388	4254	0.099702016
20388	852	0.09970201
20388	2313	0.09970201
20388	4375	0.099702
20388	4892	0.099702
20388	5907	0.099702
20388	6772	0.099702
20388	2036	0.099701986
20388	2448	0.099701986
20388	2948	0.099701986
20462	890	0.17070961
20462	3559	0.17070961
20462	3971	0.17070961
20462	4076	0.17070961
20462	5031	0.17070961
20462	5218	0.17070961
20462	5886	0.17070961
20462	6123	0.17070961
20462	6912	0.17070961
20462	124	0.1707096
20484	3971	0.0907915
20484	387	0.09079149
20484	890	0.09079149
20484	1869	0.09079149
20484	4323	0.09079149
20484	5886	0.09079149
20484	6123	0.09079149
20484	49	0.090791486
20484	1146	0.090791486
20484	2138	0.090791486
20561	392	0.08438236
20561	2342	0.084382355
20561	6537	0.084382355
20561	1868	0.08438234
20561	962	0.08427573
20561	4248	0.08418921
20561	1437	0.08393431
20561	4493	0.08387357
20561	5869	0.08387357
20561	655	0.08387356
20627	3971	0.106765166
20627	890	0.10676515
20627	1869	0.10676515
20627	2138	0.10676515
20627	4076	0.10676515
20627	5886	0.10676515
20627	6123	0.10676515
20627	6915	0.10676515
20627	41	0.10676514
20627	387	0.10676514
20629	5128	0.10817514
20629	143	0.10817513
20629	5275	0.10817513
20629	5508	0.10817513
20629	1238	0.10817512
20629	4172	0.10817512
20629	4320	0.10817512
20629	1449	0.108175114
20629	1570	0.108175114
20629	5630	0.10817511
20680	3418	0.08102253
20680	3853	0.08102253
20680	3866	0.08102253
20680	5115	0.08102253
20680	5454	0.08102253
20680	6310	0.08102253
20680	3210	0.08102252
20680	3700	0.08102252
20680	4595	0.08102252
20680	4727	0.08102252
20703	4740	0.11793476
20703	5914	0.11793476
20703	1155	0.11793475
20703	3677	0.11793475
20703	2503	0.11793473
20703	4144	0.11793473
20703	4738	0.11793473
20703	5534	0.11793473
20703	5599	0.11793473
20703	6312	0.11793473
20794	244	0.09741372
20794	6265	0.09741372
20794	3385	0.097413704
20794	961	0.0974137
20794	4045	0.0974137
20794	4599	0.0974137
20794	149	0.09741369
20794	582	0.09741369
20794	632	0.09741369
20794	3548	0.09741369
20961	231	0.08673017
20961	6216	0.08673017
20961	4176	0.08673016
20961	4987	0.08673016
20961	668	0.08673015
20961	1619	0.08673015
20961	5129	0.08673015
20961	5197	0.08673015
20961	6840	0.08673015
20961	1022	0.086730145
20971	325	0.12280596
20971	244	0.12276733
20971	6265	0.122767314
20971	4599	0.1227673
20971	632	0.12276729
20971	582	0.122767285
20971	149	0.12276728
20971	650	0.12276728
20971	961	0.12276728
20971	2962	0.12276728
21011	854	0.1603123
21011	1413	0.1603123
21011	1902	0.1603123
21011	3658	0.1603123
21011	3694	0.1603123
21011	4885	0.1603123
21011	4960	0.1603123
21011	5785	0.1603123
21011	968	0.16031228
21011	1080	0.16031228
21014	1087	0.1286525
21014	2305	0.1286525
21014	4151	0.1286525
21014	109	0.12865248
21014	686	0.12865248
21014	1389	0.12865248
21014	1650	0.12865248
21014	2070	0.12865248
21014	2126	0.12865248
21014	2916	0.12865248
21031	124	0.18691206
21031	387	0.18691204
21031	832	0.18691204
21031	2728	0.18691204
21031	3971	0.18691204
21031	5709	0.18691204
21031	5886	0.18691204
21031	41	0.18691203
21031	478	0.18691203
21031	597	0.18691203
21049	3425	0.084088385
21049	565	0.08408837
21049	4899	0.08408837
21049	5330	0.08408837
21049	5364	0.08408837
21049	6025	0.08408837
21049	399	0.084088355
21049	1918	0.084088355
21049	2581	0.084088355
21049	2907	0.084088355
21202	2138	0.09898392
21202	6123	0.09898392
21202	890	0.09898391
21202	1869	0.09898391
21202	3059	0.09898391
21202	4076	0.09898391
21202	6507	0.09898391
21202	41	0.098983906
21202	775	0.098983906
21202	3971	0.098983906
21207	3971	0.11132891
21207	41	0.111328885
21207	387	0.111328885
21207	642	0.111328885
21207	832	0.111328885
21207	997	0.111328885
21207	1194	0.111328885
21207	1749	0.111328885
21207	1869	0.111328885
21207	2138	0.111328885
21229	3971	0.08268524
21229	1869	0.08268523
21229	5886	0.08268523
21229	6915	0.08268523
21229	49	0.082685225
21229	124	0.082685225
21229	890	0.082685225
21229	1194	0.082685225
21229	2138	0.082685225
21229	2515	0.082685225
21252	1869	0.13436961
21252	3971	0.13436961
21252	4076	0.13436961
21252	5886	0.13436961
21252	215	0.1343696
21252	387	0.1343696
21252	642	0.1343696
21252	997	0.1343696
21252	1194	0.1343696
21252	2138	0.1343696
21356	3971	0.11953039
21356	890	0.11953038
21356	997	0.11953038
21356	1869	0.11953038
21356	2138	0.11953038
21356	5886	0.11953038
21356	6123	0.11953038
21356	6515	0.11953038
21356	6912	0.11953038
21356	124	0.11953037
21364	1869	0.13492768
21364	5031	0.13492768
21364	901	0.13492766
21364	1393	0.13492766
21364	2091	0.13492766
21364	2121	0.13492766
21364	2138	0.13492766
21364	2364	0.13492766
21364	3616	0.13492766
21364	3750	0.13492766
21404	124	0.13161479
21404	3965	0.13161479
21404	3971	0.13161479
21404	24	0.13161477
21404	41	0.13161477
21404	387	0.13161477
21404	478	0.13161477
21404	597	0.13161477
21404	775	0.13161477
21404	832	0.13161477
21462	6123	0.10752534
21462	478	0.107525334
21462	890	0.107525334
21462	997	0.107525334
21462	2138	0.107525334
21462	5886	0.107525334
21462	6912	0.107525334
21462	387	0.10752533
21462	597	0.10752533
21462	1393	0.10752533
21484	3971	0.10181028
21484	997	0.10181027
21484	6912	0.10181027
21484	124	0.10181026
21484	775	0.10181026
21484	1403	0.10181026
21484	1869	0.10181026
21484	2138	0.10181026
21484	2364	0.10181026
21484	3559	0.10181026
21540	5731	0.10634613
21540	1621	0.106346115
21540	3657	0.106346115
21540	4103	0.106346115
21540	4703	0.106346115
21540	398	0.10634611
21540	2450	0.10634611
21540	3610	0.10634611
21540	920	0.1063461
21540	1225	0.1063461
21576	3971	0.114706516
21576	124	0.1147065
21576	890	0.1147065
21576	4076	0.1147065
21576	5886	0.1147065
21576	6123	0.1147065
21576	6912	0.1147065
21576	387	0.114706494
21576	2138	0.114706494
21576	2731	0.114706494
21618	2843	0.11109997
21618	6423	0.11109997
21618	1301	0.11109993
21618	4030	0.11029953
21618	1146	0.10969171
21618	1315	0.10969171
21618	1869	0.10969171
21618	5031	0.10969171
21618	1189	0.1096917
21618	2121	0.1096917
21659	1741	0.16011
21659	2446	0.16011
21659	5718	0.16011
21659	6332	0.16011
21659	5986	0.16010997
21659	605	0.15845224
21659	4103	0.15845224
21659	4703	0.15845223
21659	5731	0.15845223
21659	920	0.15845221
21660	2122	0.073556356
21660	3008	0.073556334
21660	1440	0.07355632
21660	2161	0.073556304
21660	6660	0.073010445
21660	6889	0.07301044
21660	4703	0.072879836
21660	1621	0.07287983
21660	2209	0.07287983
21660	2320	0.07287983
21708	425	0.07751722
21708	1524	0.07751718
21708	4469	0.07751718
21708	5355	0.07751718
21708	5321	0.077517174
21708	91	0.07751717
21708	3776	0.07751717
21708	4032	0.07751717
21708	5304	0.07751717
21708	1185	0.07751715
21875	597	0.10015209
21875	890	0.10015209
21875	997	0.10015209
21875	1869	0.10015209
21875	3971	0.10015209
21875	4323	0.10015209
21875	5886	0.10015209
21875	6123	0.10015209
21875	6912	0.10015209
21875	41	0.10015208
21903	6265	0.10222344
21903	244	0.102223426
21903	4045	0.10222342
21903	149	0.10222341
21903	582	0.10222341
21903	632	0.10222341
21903	961	0.10222341
21903	1442	0.10222341
21903	2962	0.10222341
21903	3385	0.10222341
21912	2701	0.10247858
21912	4756	0.10247858
21912	6032	0.10247858
21912	3380	0.102478564
21912	4957	0.102478564
21912	6284	0.102478564
21912	6745	0.102478564
21912	3408	0.10247856
21912	3654	0.10247856
21912	6439	0.10247856
21930	130	0.100554734
21930	947	0.100554734
21930	1139	0.100554734
21930	1764	0.100554734
21930	2366	0.100554734
21930	2929	0.100554734
21930	1609	0.10055473
21930	2090	0.10055473
21930	2603	0.10055473
21930	3397	0.10055473
22045	3971	0.12977572
22045	6123	0.12977572
22045	41	0.1297757
22045	387	0.1297757
22045	642	0.1297757
22045	890	0.1297757
22045	901	0.1297757
22045	1146	0.1297757
22045	1415	0.1297757
22045	1869	0.1297757
22062	478	0.099514976
22062	890	0.099514976
22062	1415	0.099514976
22062	1455	0.099514976
22062	1856	0.099514976
22062	2121	0.099514976
22062	4323	0.099514976
22062	5031	0.099514976
22062	5886	0.099514976
22062	6123	0.099514976
22074	6265	0.10478553
22074	244	0.10478552
22074	632	0.10478552
22074	149	0.104785495
22074	582	0.10478549
22074	650	0.10478549
22074	961	0.10478549
22074	2962	0.10478549
22074	4045	0.10478549
22074	3548	0.10478548
22089	1621	0.1373182
22089	5731	0.1373182
22089	1848	0.13731818
22089	3610	0.13731818
22089	3657	0.13731818
22089	4103	0.13731818
22089	6149	0.13731818
22089	6279	0.13731818
22089	605	0.13731816
22089	920	0.13731816
22107	3971	0.08843553
22107	5031	0.08843553
22107	124	0.08843552
22107	1869	0.08843552
22107	2138	0.08843552
22107	3616	0.08843552
22107	6912	0.08843552
22107	24	0.088435516
22107	41	0.088435516
22107	579	0.088435516
22167	1155	0.08216038
22167	4738	0.08216038
22167	4740	0.08216038
22167	5599	0.08216038
22167	6312	0.08216038
22167	6396	0.08216038
22167	1024	0.082160376
22167	2503	0.082160376
22167	3060	0.082160376
22167	4431	0.082160376
22252	890	0.12129913
22252	1869	0.12129913
22252	3971	0.12129913
22252	4076	0.12129913
22252	5886	0.12129913
22252	6123	0.12129913
22252	41	0.121299125
22252	387	0.121299125
22252	775	0.121299125
22252	6912	0.121299125
22338	1869	0.10737582
22338	3971	0.10737582
22338	387	0.107375816
22338	2138	0.107375816
22338	3616	0.10737581
22338	5805	0.10737581
22338	5886	0.10737581
22338	124	0.1073758
22338	579	0.1073758
22338	775	0.1073758
22365	6123	0.1306888
22365	124	0.13068879
22365	160	0.13068879
22365	266	0.13068879
22365	478	0.13068879
22365	514	0.13068879
22365	775	0.13068879
22365	842	0.13068879
22365	890	0.13068879
22365	997	0.13068879
22464	4254	0.107554026
22464	852	0.10755402
22464	4375	0.107554
22464	6772	0.107554
22464	2948	0.107553996
22464	2313	0.10755399
22464	3993	0.10755399
22464	4892	0.10755399
22464	5907	0.10755399
22464	309	0.10755398
22495	191	0.096439004
22495	667	0.096439004
22495	2022	0.096439004
22495	4671	0.096439004
22495	5904	0.096439004
22495	6075	0.096439004
22495	2197	0.096439
22495	3121	0.096439
22495	3374	0.096439
22495	551	0.09643899
22503	533	0.1264655
22503	846	0.1264655
22503	1752	0.1264655
22503	1806	0.1264655
22503	2220	0.1264655
22503	2304	0.1264655
22503	3091	0.1264655
22503	3112	0.1264655
22503	3210	0.1264655
22503	3418	0.1264655
22521	387	0.13800997
22521	842	0.13800997
22521	890	0.13800997
22521	997	0.13800997
22521	1415	0.13800997
22521	1552	0.13800997
22521	1869	0.13800997
22521	2138	0.13800997
22521	2364	0.13800997
22521	3059	0.13800997
22625	41	0.14123777
22625	266	0.14123777
22625	387	0.14123777
22625	478	0.14123777
22625	1058	0.14123777
22625	1393	0.14123777
22625	2121	0.14123777
22625	2728	0.14123777
22625	3750	0.14123777
22625	5031	0.14123777
22695	5031	0.09235855
22695	5886	0.09235855
22695	49	0.092358544
22695	890	0.092358544
22695	922	0.092358544
22695	3971	0.092358544
22695	5896	0.092358544
22695	6123	0.092358544
22695	24	0.09235854
22695	387	0.09235854
22773	3971	0.10998307
22773	49	0.10998306
22773	387	0.10998306
22773	1869	0.10998306
22773	2138	0.10998306
22773	2364	0.10998306
22773	3559	0.10998306
22773	3616	0.10998306
22773	5031	0.10998306
22773	6123	0.10998306
22813	1869	0.13113827
22813	2121	0.13113827
22813	5031	0.13113827
22813	41	0.13113825
22813	215	0.13113825
22813	387	0.13113825
22813	890	0.13113825
22813	1146	0.13113825
22813	4076	0.13113825
22813	5886	0.13113825
22818	387	0.12373377
22818	3971	0.12373377
22818	890	0.12373376
22818	5886	0.12373376
22818	2138	0.12373375
22818	2343	0.12373375
22818	24	0.123733744
22818	41	0.123733744
22818	49	0.123733744
22818	124	0.123733744
22912	2822	0.11293627
22912	2519	0.11293626
22912	3722	0.11293626
22912	1965	0.111837395
22912	2359	0.11183739
22912	5565	0.11183738
22912	859	0.11183737
22912	6023	0.11183737
22912	4908	0.111837365
22912	929	0.11183736
22936	1869	0.10142719
22936	3971	0.10142719
22936	2138	0.10142718
22936	3616	0.10142718
22936	5031	0.10142718
22936	5886	0.10142718
22936	6123	0.10142718
22936	2037	0.101427175
22936	2103	0.101427175
22936	4323	0.101427175
22975	890	0.12305428
22975	1062	0.12305428
22975	1869	0.12305428
22975	2364	0.12305428
22975	3616	0.12305428
22975	579	0.12305427
22975	2121	0.12305427
22975	2138	0.12305427
22975	3971	0.12305427
22975	5031	0.12305427
23020	6426	0.095584005
23020	511	0.094571285
23020	1092	0.09457128
23020	5288	0.09457128
23020	5998	0.09457128
23020	6880	0.09457128
23020	4557	0.09457127
23020	6174	0.09457127
23020	6579	0.09457127
23020	6593	0.09457127
23128	5033	0.101893865
23128	6810	0.10189385
23128	520	0.10189384
23128	5653	0.10189384
23128	6147	0.101893835
23128	2121	0.10079515
23128	5031	0.10079515
23128	387	0.10079514
23128	1146	0.10079514
23128	5886	0.10079514
23288	5478	0.09479745
23288	2619	0.09479742
23288	2614	0.09479741
23288	6355	0.09479741
23288	980	0.0947974
23288	5475	0.0947974
23288	5895	0.0947974
23288	492	0.094797395
23288	909	0.09479739
23288	854	0.094628476
23459	1177	0.13767795
23459	1221	0.13767795
23459	4806	0.13767795
23459	6762	0.13767795
23459	6897	0.13767795
23459	2241	0.13767794
23459	2737	0.13767794
23459	3118	0.13767794
23459	3511	0.13767794
23459	4133	0.13767794
23511	3616	0.14074332
23511	3971	0.14074332
23511	5031	0.14074332
23511	5886	0.14074332
23511	6912	0.14074332
23511	597	0.1407433
23511	645	0.1407433
23511	1146	0.1407433
23511	1869	0.1407433
23511	6123	0.1407433
23547	1087	0.14158803
23547	1650	0.14158803
23547	2916	0.14158803
23547	3120	0.14158803
23547	4151	0.14158803
23547	5121	0.14158803
23547	801	0.14158802
23547	2180	0.14158802
23547	3187	0.14158802
23547	3785	0.14158802
23571	387	0.12879269
23571	1146	0.12879269
23571	269	0.12879267
23571	478	0.12879267
23571	579	0.12879267
23571	645	0.12879267
23571	890	0.12879267
23571	922	0.12879267
23571	997	0.12879267
23571	1869	0.12879267
23582	5731	0.09462874
23582	605	0.09462872
23582	1621	0.09462872
23582	4103	0.09462872
23582	4703	0.09462872
23582	6465	0.09462872
23582	1459	0.094628714
23582	2209	0.094628714
23582	3786	0.094628714
23582	3983	0.094628714
23619	5031	0.09391384
23619	1552	0.09391382
23619	3616	0.09391382
23619	266	0.093913816
23619	328	0.093913816
23619	387	0.093913816
23619	1415	0.093913816
23619	1856	0.093913816
23619	2121	0.093913816
23619	2728	0.093913816
23624	4103	0.1348519
23624	5731	0.1348519
23624	1621	0.13485189
23624	2014	0.13485189
23624	4703	0.13485189
23624	396	0.13485187
23624	398	0.13485187
23624	493	0.13485187
23624	892	0.13485187
23624	920	0.13485187
23652	124	0.14545882
23652	387	0.14545882
23652	1869	0.14545882
23652	2138	0.14545882
23652	2364	0.14545882
23652	3616	0.14545882
23652	3965	0.14545882
23652	3971	0.14545882
23652	4076	0.14545882
23652	5031	0.14545882
23659	6886	0.11252511
23659	2651	0.11252509
23659	4121	0.11252509
23659	4173	0.11252509
23659	5919	0.11252509
23659	4384	0.11252508
23659	6103	0.11252508
23659	6000	0.112525076
23659	6463	0.11252507
23659	1648	0.112116665
23680	1258	0.1470711
23680	1621	0.1470711
23680	1848	0.1470711
23680	3610	0.1470711
23680	4103	0.1470711
23680	4703	0.1470711
23680	5731	0.1470711
23680	398	0.14707108
23680	605	0.14707108
23680	1388	0.14707108
23699	111	0.07394703
23699	4692	0.07394703
23699	1793	0.07394702
23699	5695	0.07394702
23699	5890	0.07394702
23699	1075	0.07394701
23699	1537	0.07394701
23699	2099	0.07394701
23699	3198	0.07394701
23699	3303	0.07394701
23771	4984	0.11520846
23771	3644	0.11520845
23771	4813	0.11520845
23771	6909	0.11520844
23771	5106	0.11520843
23771	5151	0.11520843
23771	1997	0.115208425
23771	3890	0.115208425
23771	80	0.11520842
23771	2236	0.11520842
23847	1869	0.10054163
23847	775	0.10054162
23847	1194	0.10054162
23847	3971	0.10054162
23847	6123	0.10054162
23847	387	0.100541614
23847	890	0.100541614
23847	997	0.100541614
23847	1229	0.100541614
23847	2364	0.100541614
23871	854	0.08036746
23871	1080	0.08036746
23871	1902	0.08036746
23871	2382	0.08036746
23871	3115	0.08036746
23871	3427	0.08036746
23871	3560	0.08036746
23871	4224	0.08036746
23871	4885	0.08036746
23871	4960	0.08036746
23933	425	0.10612819
23933	4469	0.106128134
23933	91	0.10612813
23933	1524	0.10612813
23933	3776	0.10612813
23933	5304	0.10612813
23933	5321	0.10612813
23933	5355	0.10612812
23933	1185	0.10612811
23933	4032	0.10612811
24052	4103	0.11454649
24052	5731	0.11454649
24052	2209	0.11454648
24052	3610	0.11454648
24052	3657	0.11454648
24052	3786	0.11454648
24052	6149	0.11454648
24052	6279	0.11454648
24052	6670	0.11454648
24052	398	0.11454647
24090	1869	0.08689386
24090	997	0.08689384
24090	3616	0.08689384
24090	3971	0.08689384
24090	5886	0.08689384
24090	6123	0.08689384
24090	387	0.086893834
24090	579	0.086893834
24090	775	0.086893834
24090	4076	0.086893834
24186	3971	0.11560229
24186	6123	0.11560229
24186	890	0.115602285
24186	997	0.115602285
24186	1869	0.115602285
24186	387	0.11560228
24186	273	0.11560227
24186	597	0.11560227
24186	642	0.11560227
24186	922	0.11560227
24194	4885	0.1382712
24194	1080	0.13827118
24194	1902	0.13827118
24194	2360	0.13827118
24194	2382	0.13827118
24194	3560	0.13827118
24194	3658	0.13827118
24194	3694	0.13827118
24194	4796	0.13827118
24194	4817	0.13827118
24379	2419	0.09551512
24379	4673	0.09551512
24379	1648	0.09551511
24379	3443	0.0955151
24379	884	0.095515095
24379	2783	0.095515095
24379	3230	0.095515095
24379	3870	0.095515095
24379	4080	0.095515095
24379	4452	0.095515095
24391	3971	0.13941273
24391	1869	0.13941272
24391	4076	0.13941272
24391	5886	0.13941272
24391	49	0.1394127
24391	124	0.1394127
24391	180	0.1394127
24391	350	0.1394127
24391	376	0.1394127
24391	387	0.1394127
24427	4176	0.07163493
24427	6216	0.07163493
24427	231	0.071634926
24427	5129	0.071634926
24427	668	0.07163492
24427	1022	0.07163492
24427	1034	0.07163492
24427	1619	0.07163492
24427	1723	0.07163492
24427	2302	0.07163492
24433	4906	0.13757145
24433	1567	0.13757142
24433	2653	0.13757142
24433	2844	0.13757142
24433	4868	0.13757142
24433	4903	0.13757142
24433	5335	0.13757142
24433	5571	0.13757142
24433	5869	0.13757142
24433	248	0.13757141
24525	1869	0.11548203
24525	2138	0.11548203
24525	3971	0.11548203
24525	997	0.115482025
24525	3616	0.115482025
24525	5031	0.115482025
24525	6123	0.115482025
24525	49	0.11548202
24525	376	0.11548202
24525	387	0.11548202
24627	3971	0.11481989
24627	1194	0.11481987
24627	1869	0.11481987
24627	2138	0.11481987
24627	6123	0.11481987
24627	6912	0.11481987
24627	387	0.11481986
24627	832	0.114819854
24627	890	0.114819854
24627	997	0.114819854
24641	6592	0.092757225
24641	6630	0.09275722
24641	3628	0.09275721
24641	3045	0.0927572
24641	6591	0.0927572
24641	1978	0.092757195
24641	3002	0.092757195
24641	3938	0.092757195
24641	6654	0.092757195
24641	5209	0.09275719
24733	3971	0.11601267
24733	1869	0.11601266
24733	2138	0.116012655
24733	5716	0.116012655
24733	6912	0.116012655
24733	376	0.11601265
24733	579	0.11601265
24733	597	0.11601265
24733	642	0.11601265
24733	890	0.11601265
24846	1869	0.10774717
24846	4076	0.10774717
24846	6123	0.10774717
24846	387	0.10774716
24846	3971	0.10774716
24846	6507	0.10774716
24846	49	0.10774715
24846	478	0.10774715
24846	775	0.10774715
24846	890	0.10774715
24878	3971	0.101571
24878	890	0.10157099
24878	997	0.10157099
24878	1869	0.10157099
24878	2138	0.10157099
24878	3616	0.10157099
24878	4076	0.10157099
24878	5031	0.10157099
24878	5886	0.10157099
24878	6123	0.10157099
24921	1869	0.1409219
24921	3971	0.1409219
24921	5031	0.1409219
24921	24	0.14092189
24921	49	0.14092189
24921	124	0.14092189
24921	387	0.14092189
24921	579	0.14092189
24921	890	0.14092189
24921	901	0.14092189
24933	5835	0.060240686
24933	3445	0.06024067
24933	6428	0.06024067
24933	3808	0.060240664
24933	2276	0.06024066
24933	4495	0.06024066
24933	6869	0.06024066
24933	6333	0.060240652
24933	126	0.06024065
24933	2383	0.06024065
24934	3297	0.0804632
24934	4388	0.0804632
24934	1312	0.08046319
24934	2105	0.08046319
24934	4536	0.08046319
24934	205	0.080463186
24934	1584	0.080463186
24934	2616	0.080463186
24934	4417	0.080463186
24934	4910	0.080463186
24960	1869	0.099493206
24960	6123	0.099493206
24960	3971	0.0994932
24960	6912	0.0994932
24960	49	0.09949319
24960	376	0.09949319
24960	890	0.09949319
24960	997	0.09949319
24960	1146	0.09949319
24960	2138	0.09949319
24995	231	0.1005901
24995	4176	0.1005901
24995	1022	0.100590095
24995	5129	0.100590095
24995	6216	0.100590095
24995	6840	0.100590095
24995	668	0.10059009
24995	1050	0.10059009
24995	1619	0.10059009
24995	2950	0.10059009
25009	4448	0.07454614
25009	6599	0.07454611
25009	2419	0.07447629
25009	884	0.07447627
25009	1648	0.07447627
25009	3230	0.07447627
25009	3606	0.07447627
25009	3870	0.07447627
25009	3884	0.07447627
25009	4080	0.07447627
25103	3853	0.09366169
25103	5115	0.09366169
25103	2220	0.09366168
25103	3830	0.09366168
25103	3866	0.09366168
25103	5454	0.09366168
25103	6674	0.09366168
25103	533	0.09366167
25103	1806	0.09366167
25103	3700	0.09366167
25109	41	0.088625595
25109	387	0.088625595
25109	3971	0.088625595
25109	6912	0.088625595
25109	997	0.08862559
25109	24	0.08862558
25109	579	0.08862558
25109	597	0.08862558
25109	890	0.08862558
25109	922	0.08862558
25131	645	0.11257967
25131	890	0.11257967
25131	2364	0.11257967
25131	3616	0.11257967
25131	3971	0.11257967
25131	5031	0.11257967
25131	5709	0.11257967
25131	6123	0.11257967
25131	124	0.112579666
25131	387	0.112579666
25216	1869	0.08109203
25216	3971	0.08109203
25216	642	0.08109202
25216	5886	0.08109202
25216	6123	0.08109202
25216	6912	0.08109202
25216	215	0.081092015
25216	273	0.081092015
25216	387	0.081092015
25216	579	0.081092015
25225	387	0.11625323
25225	3616	0.11625323
25225	3971	0.11625323
25225	5031	0.11625323
25225	5886	0.11625323
25225	890	0.11625322
25225	49	0.11625321
25225	478	0.11625321
25225	597	0.11625321
25225	645	0.11625321
25253	2364	0.11914677
25253	1869	0.119146764
25253	3971	0.119146764
25253	4076	0.119146764
25253	5896	0.119146764
25253	775	0.11914676
25253	2138	0.11914676
25253	3059	0.11914676
25253	6123	0.11914676
25253	6915	0.11914676
25395	5731	0.10660892
25395	6149	0.106608905
25395	6279	0.106608905
25395	398	0.1066089
25395	605	0.1066089
25395	1632	0.1066089
25395	1848	0.1066089
25395	2209	0.1066089
25395	2450	0.1066089
25395	3657	0.1066089
25410	478	0.12045543
25410	3897	0.12045543
25410	3971	0.12045543
25410	5886	0.12045543
25410	6123	0.12045543
25410	387	0.12045542
25410	2103	0.12045542
25410	2713	0.12045542
25410	4323	0.12045542
25410	5031	0.12045542
25533	5731	0.1077267
25533	6279	0.107726686
25533	1848	0.10772668
25533	6465	0.10772668
25533	1621	0.10772667
25533	2014	0.10772667
25533	3983	0.10772667
25533	4103	0.10772667
25533	4496	0.10772667
25533	6149	0.10772667
25545	5835	0.08528498
25545	3445	0.08528496
25545	6333	0.08528496
25545	6428	0.08528496
25545	3583	0.08528495
25545	3808	0.08528495
25545	6869	0.08528495
25545	2276	0.08528494
25545	4495	0.08528494
25545	126	0.08528493
25583	467	0.10440457
25583	3799	0.104404554
25583	4843	0.104404554
25583	6689	0.104404554
25583	3384	0.10440455
25583	6244	0.10440455
25583	2025	0.10440454
25583	2501	0.10440454
25583	2821	0.10440454
25583	3426	0.10440454
25601	511	0.087462194
25601	617	0.08746219
25601	1092	0.08746219
25601	2785	0.08746219
25601	6364	0.08746219
25601	3526	0.08746218
25601	4557	0.08746218
25601	5288	0.08746218
25601	6593	0.08746218
25601	985	0.08746217
25711	248	0.08493024
25711	4906	0.08493024
25711	2653	0.08493023
25711	5086	0.08493023
25711	1349	0.084930226
25711	1567	0.084930226
25711	3361	0.084930226
25711	4493	0.084930226
25711	5335	0.084930226
25711	5422	0.084930226
25804	6152	0.0821356
25804	2518	0.082135595
25804	3749	0.082135595
25804	6601	0.082135595
25804	6796	0.082135595
25804	1958	0.08213559
25804	2017	0.08213559
25804	4446	0.08213559
25804	4991	0.08213559
25804	6612	0.08213559
25827	4382	0.07591146
25827	6851	0.07591146
25827	4856	0.075911455
25827	4007	0.07591145
25827	2457	0.07591144
25827	2988	0.07591144
25827	4986	0.07591144
25827	482	0.07591143
25827	2685	0.07591143
25827	5315	0.07591143
25850	1539	0.077881314
25850	5592	0.07788131
25850	891	0.07788129
25850	2667	0.07788129
25850	4368	0.07788129
25850	5008	0.07788129
25850	5146	0.07788129
25850	1899	0.077881284
25850	2388	0.077881284
25850	5113	0.077881284
25890	6265	0.0842826
25890	244	0.08428259
25890	149	0.08428258
25890	632	0.08428258
25890	2962	0.08428258
25890	4599	0.08428258
25890	1442	0.08428257
25890	582	0.08428256
25890	988	0.08428256
25890	3548	0.08428256
25919	5031	0.1205566
25919	997	0.12055659
25919	1058	0.12055659
25919	1393	0.12055659
25919	1869	0.12055659
25919	2138	0.12055659
25919	3616	0.12055659
25919	4076	0.12055659
25919	5886	0.12055659
25919	5896	0.12055659
25930	1567	0.1190566
25930	2207	0.1190566
25930	2653	0.1190566
25930	4906	0.1190566
25930	5086	0.1190566
25930	5869	0.1190566
25930	6646	0.1190566
25930	3361	0.11905659
25930	5335	0.11905659
25930	6028	0.11905659
25966	5454	0.10678362
25966	3853	0.10678361
25966	3866	0.10678361
25966	533	0.106783606
25966	4595	0.106783606
25966	6674	0.106783606
25966	1025	0.1067836
25966	1739	0.1067836
25966	1745	0.1067836
25966	2363	0.1067836
25996	5031	0.09313653
25996	890	0.09313652
25996	997	0.09313652
25996	1062	0.09313652
25996	1340	0.09313652
25996	1869	0.09313652
25996	2121	0.09313652
25996	2364	0.09313652
25996	3559	0.09313652
25996	3616	0.09313652
26057	266	0.11750917
26057	387	0.11750917
26057	997	0.11750917
26057	1869	0.11750917
26057	2121	0.11750917
26057	2138	0.11750917
26057	3616	0.11750917
26057	3971	0.11750917
26057	4076	0.11750917
26057	5031	0.11750917
26084	387	0.09082902
26084	49	0.090829015
26084	922	0.090829015
26084	2121	0.090829015
26084	3971	0.090829015
26084	6123	0.090829015
26084	890	0.09082901
26084	5218	0.09082901
26084	5886	0.09082901
26084	124	0.090829
26134	387	0.10894382
26134	478	0.10894382
26134	997	0.10894382
26134	1869	0.10894382
26134	4076	0.10894382
26134	5886	0.10894382
26134	775	0.10894381
26134	3059	0.10894381
26134	3616	0.10894381
26134	3750	0.10894381
26145	5702	0.16026048
26145	847	0.15564819
26145	1740	0.15564819
26145	463	0.15564817
26145	3997	0.15564817
26145	4529	0.15564814
26145	4690	0.15564814
26145	4769	0.15564811
26145	6608	0.15510114
26145	102	0.15510112
26240	6828	0.10475018
26240	6394	0.103132196
26240	2157	0.10313216
26240	4663	0.103132114
26240	6032	0.1029923
26240	6284	0.1029923
26240	2701	0.102992296
26240	3380	0.102992296
26240	88	0.10299229
26240	3654	0.10299229
26371	266	0.1329149
26371	387	0.1329149
26371	890	0.1329149
26371	1869	0.1329149
26371	2121	0.1329149
26371	2356	0.1329149
26371	2806	0.1329149
26371	3616	0.1329149
26371	3977	0.1329149
26371	4076	0.1329149
26374	5731	0.08750633
26374	3657	0.087506324
26374	4103	0.087506324
26374	6279	0.087506324
26374	6149	0.08750632
26374	6670	0.08750632
26374	398	0.08750631
26374	920	0.08750631
26374	1258	0.08750631
26374	1280	0.08750631
26487	6222	0.11005738
26487	1087	0.11005737
26487	4151	0.11005737
26487	5121	0.11005737
26487	6236	0.11005737
26487	1389	0.11005736
26487	3219	0.11005736
26487	109	0.110057354
26487	255	0.110057354
26487	349	0.110057354
26516	3971	0.14907569
26516	4076	0.14907569
26516	6912	0.14907569
26516	890	0.14907567
26516	1340	0.14907567
26516	5031	0.14907567
26516	5886	0.14907567
26516	24	0.14907566
26516	41	0.14907566
26516	49	0.14907566
26517	1177	0.117881745
26517	4806	0.11788173
26517	2241	0.117881715
26517	3118	0.117881715
26517	5085	0.117881715
26517	2737	0.11788171
26517	5691	0.11788171
26517	6530	0.11788171
26517	6762	0.11788171
26517	297	0.1178817
26521	6265	0.115774676
26521	244	0.11577467
26521	632	0.11577466
26521	582	0.11577465
26521	2962	0.11577465
26521	4599	0.11577465
26521	149	0.11577464
26521	1442	0.11577463
26521	3385	0.11577463
26521	3548	0.11577463
26535	2910	0.06554051
26535	2975	0.06554051
26535	6082	0.06554051
26535	1965	0.06534063
26535	859	0.06534062
26535	2359	0.06534062
26535	4099	0.06534062
26535	6023	0.065340616
26535	929	0.06534061
26535	4908	0.06534061
26538	1539	0.08934904
26538	891	0.08934903
26538	5008	0.089349024
26538	5592	0.089349024
26538	1899	0.08934902
26538	2388	0.08934902
26538	2667	0.08934902
26538	4368	0.08934902
26538	5146	0.08934901
26538	5113	0.089349
26544	3971	0.102658026
26544	387	0.10265802
26544	1869	0.10265802
26544	5031	0.10265802
26544	832	0.10265801
26544	2552	0.10265801
26544	3616	0.10265801
26544	3965	0.10265801
26544	5886	0.10265801
26544	49	0.102658
26553	709	0.07584573
26553	2906	0.075845726
26553	4152	0.07584572
26553	5308	0.07584572
26553	6248	0.07584572
26553	6549	0.07584572
26553	6610	0.07584572
26553	6622	0.07584572
26553	4527	0.0758457
26553	5687	0.0758457
26583	1869	0.114961475
26583	2138	0.114961475
26583	3616	0.114961475
26583	3971	0.114961475
26583	5031	0.114961475
26583	24	0.11496146
26583	124	0.11496146
26583	579	0.11496146
26583	890	0.11496146
26583	997	0.11496146
26593	6792	0.07993249
26593	3904	0.07988119
26593	4838	0.079099275
26593	6402	0.07909927
26593	522	0.07909925
26593	548	0.07909925
26593	6003	0.07909925
26593	6294	0.07909925
26593	6484	0.07909925
26593	6678	0.07909925
26598	3974	0.086501434
26598	690	0.08650142
26598	4806	0.08631033
26598	5085	0.08631033
26598	6318	0.08631033
26598	6530	0.08631033
26598	1177	0.08631032
26598	3263	0.08631032
26598	4177	0.08631032
26598	6139	0.08631032
26611	3971	0.091190286
26611	997	0.09119028
26611	1869	0.09119028
26611	2138	0.09119028
26611	5886	0.09119028
26611	6123	0.09119028
26611	387	0.09119027
26611	579	0.09119027
26611	6912	0.09119027
26611	41	0.09119026
26615	244	0.1049598
26615	6265	0.1049598
26615	149	0.104959786
26615	632	0.10495978
26615	3385	0.10495978
26615	4599	0.10495978
26615	961	0.10495977
26615	3548	0.10495977
26615	4045	0.10495977
26615	582	0.10495976
26620	1567	0.12912518
26620	4906	0.12912518
26620	5335	0.12912518
26620	5869	0.12912518
26620	6429	0.12912518
26620	135	0.12912516
26620	248	0.12912516
26620	1585	0.12912516
26620	1874	0.12912516
26620	2653	0.12912516
26621	1087	0.16650578
26621	3219	0.16650578
26621	6222	0.16650578
26621	3120	0.16650577
26621	3187	0.16650577
26621	400	0.16650575
26621	686	0.16650575
26621	801	0.16650575
26621	1389	0.16650575
26621	1613	0.16650575
26624	387	0.09975718
26624	3971	0.09975718
26624	6123	0.09975717
26624	41	0.099757165
26624	597	0.099757165
26624	642	0.099757165
26624	832	0.099757165
26624	890	0.099757165
26624	901	0.099757165
26624	922	0.099757165
26628	3425	0.10907489
26628	1918	0.10907486
26628	2581	0.10907486
26628	4899	0.10907486
26628	5330	0.10907486
26628	5364	0.10907486
26628	6025	0.10907486
26628	565	0.10907485
26628	399	0.109074846
26628	993	0.109074846
26664	2204	0.11671533
26664	3317	0.1167153
26664	1478	0.11671529
26664	2228	0.11671527
26664	1607	0.11671525
26664	848	0.11540139
26664	3797	0.11540136
26664	5309	0.11540136
26664	5619	0.11540136
26664	2768	0.11540135
26713	387	0.17912836
26713	1869	0.17912836
26713	3971	0.17912836
26713	6123	0.17912836
26713	41	0.17912835
26713	215	0.17912835
26713	890	0.17912835
26713	997	0.17912835
26713	2138	0.17912835
26713	4076	0.17912835
26756	4673	0.08432802
26756	2419	0.08432801
26756	247	0.084328
26756	1648	0.084328
26756	5041	0.084328
26756	884	0.084327996
26756	3081	0.084327996
26756	3230	0.084327996
26756	3283	0.084327996
26756	3443	0.084327996
26782	4103	0.10326569
26782	5731	0.10326569
26782	2014	0.10326568
26782	3610	0.10326568
26782	396	0.10326567
26782	1621	0.10326567
26782	1848	0.10326567
26782	1887	0.10326567
26782	2209	0.10326567
26782	3657	0.10326567
26813	2138	0.11395079
26813	3971	0.11395079
26813	1869	0.11395078
26813	2103	0.113950774
26813	3616	0.113950774
26813	4076	0.113950774
26813	5886	0.113950774
26813	6123	0.113950774
26813	387	0.11395077
26813	832	0.11395077
26883	3000	0.11524699
26883	3477	0.11421831
26883	5430	0.11406527
26883	364	0.11406526
26883	1826	0.11406525
26883	2606	0.114065245
26883	2879	0.114065245
26883	3435	0.11406524
26883	2102	0.11406523
26883	2788	0.11406523
27091	5430	0.09742627
27091	364	0.09742625
27091	2780	0.09742625
27091	6260	0.09742624
27091	2536	0.097426236
27091	2636	0.097426236
27091	2879	0.097426236
27091	3435	0.097426236
27091	3824	0.097426236
27091	5584	0.097426236
27140	387	0.10724362
27140	1869	0.10724361
27140	2138	0.10724361
27140	3971	0.10724361
27140	3452	0.107243605
27140	3616	0.107243605
27140	5886	0.107243605
27140	124	0.1072436
27140	832	0.1072436
27140	890	0.1072436
27169	1177	0.07688841
27169	4299	0.07688841
27169	4806	0.07688841
27169	5691	0.07688841
27169	6139	0.07688841
27169	6208	0.07688841
27169	6530	0.07688841
27169	6762	0.07688841
27169	6897	0.07688841
27169	1233	0.076888405
27193	3971	0.11079979
27193	478	0.11079978
27193	5031	0.11079978
27193	6912	0.11079978
27193	24	0.110799775
27193	49	0.110799775
27193	215	0.110799775
27193	387	0.110799775
27193	645	0.110799775
27193	922	0.110799775
27204	6674	0.116163306
27204	3418	0.1161633
27204	3700	0.1161633
27204	3830	0.1161633
27204	3866	0.1161633
27204	4595	0.1161633
27204	5454	0.1161633
27204	6310	0.1161633
27204	6768	0.1161633
27204	2569	0.11616329
27265	215	0.08012441
27265	4076	0.08012441
27265	5886	0.08012441
27265	5896	0.08012441
27265	387	0.0801244
27265	1869	0.0801244
27265	24	0.08012439
27265	41	0.08012439
27265	538	0.08012439
27265	628	0.08012439
27313	3971	0.110802084
27313	387	0.11080207
27313	2138	0.11080207
27313	6912	0.11080207
27313	890	0.11080206
27313	922	0.11080206
27313	1869	0.11080206
27313	5886	0.11080206
27313	6123	0.11080206
27313	6515	0.11080206
27317	3971	0.1128822
27317	6912	0.1128822
27317	2138	0.11288219
27317	41	0.11288218
27317	890	0.11288218
27317	1869	0.11288218
27317	2037	0.11288218
27317	3616	0.11288218
27317	4076	0.11288218
27317	5031	0.11288218
27352	387	0.102176555
27352	3971	0.102176555
27352	597	0.10217655
27352	890	0.10217655
27352	997	0.10217655
27352	1194	0.10217655
27352	1340	0.10217655
27352	1393	0.10217655
27352	1415	0.10217655
27352	2121	0.10217655
27383	244	0.09461978
27383	149	0.094619766
27383	582	0.094619766
27383	4045	0.094619766
27383	6265	0.094619766
27383	632	0.09461975
27383	1442	0.09461975
27383	4082	0.09461975
27383	4599	0.09461975
27383	5437	0.09461975
27462	4076	0.15747249
27462	6123	0.15747249
27462	5716	0.15747248
27462	41	0.15747246
27462	49	0.15747246
27462	326	0.15747246
27462	387	0.15747246
27462	478	0.15747246
27462	514	0.15747246
27462	597	0.15747246
27472	878	0.11741246
27472	1366	0.11741246
27472	3313	0.11630441
27472	4456	0.11630441
27472	4689	0.11630441
27472	3178	0.1163044
27472	5788	0.1163044
27472	6420	0.1163044
27472	4776	0.11630435
27472	801	0.11624347
27573	660	0.10978996
27573	3597	0.10978994
27573	1423	0.10978993
27573	3179	0.10978993
27573	533	0.108919024
27573	1806	0.108919024
27573	3630	0.108919024
27573	3700	0.108919024
27573	4595	0.108919024
27573	5115	0.108919024
27617	41	0.094118625
27617	124	0.094118625
27617	890	0.094118625
27617	1856	0.094118625
27617	1869	0.094118625
27617	2138	0.094118625
27617	3965	0.094118625
27617	5031	0.094118625
27617	5886	0.094118625
27617	6912	0.094118625
27647	2014	0.15134282
27647	5731	0.15134282
27647	493	0.15134281
27647	1388	0.15134281
27647	1621	0.15134281
27647	1848	0.15134281
27647	3786	0.15134281
27647	4103	0.15134281
27647	3610	0.1513428
27647	6279	0.1513428
27684	3971	0.07457209
27684	5886	0.07457209
27684	6123	0.07457209
27684	387	0.07457208
27684	890	0.07457208
27684	997	0.07457208
27684	2138	0.07457208
27684	6912	0.07457208
27684	24	0.07457207
27684	41	0.07457207
27740	231	0.08404161
27740	4176	0.0840416
27740	1619	0.084041595
27740	1723	0.084041595
27740	4577	0.084041595
27740	5872	0.084041595
27740	668	0.08404159
27740	1022	0.08404159
27740	6840	0.08404159
27740	677	0.08404158
27812	1869	0.12881893
27812	5886	0.12881893
27812	6123	0.12881893
27812	215	0.12881891
27812	642	0.12881891
27812	775	0.12881891
27812	997	0.12881891
27812	1058	0.12881891
27812	3897	0.12881891
27812	3971	0.12881891
27813	5731	0.120692976
27813	5473	0.12069296
27813	1632	0.12069295
27813	3657	0.12069295
27813	4703	0.12069295
27813	4149	0.120692946
27813	6149	0.120692946
27813	398	0.12069294
27813	1225	0.12069294
27813	1848	0.12069294
27821	5031	0.09087808
27821	645	0.09087807
27821	1869	0.09087807
27821	3616	0.09087807
27821	3971	0.09087807
27821	6123	0.09087807
27821	6912	0.09087807
27821	387	0.09087806
27821	997	0.09087806
27821	4076	0.09087806
27875	1869	0.17420799
27875	5031	0.17420799
27875	5886	0.17420799
27875	997	0.17420797
27875	3616	0.17420797
27875	3971	0.17420797
27875	6912	0.17420797
27875	24	0.17420796
27875	49	0.17420796
27875	124	0.17420796
27888	3694	0.103999436
27888	4885	0.103999436
27888	854	0.10399942
27888	1413	0.10399942
27888	2360	0.10399942
27888	2382	0.10399942
27888	3115	0.10399942
27888	3391	0.10399942
27888	3510	0.10399942
27888	3560	0.10399942
27891	4703	0.102082565
27891	5731	0.102082565
27891	1621	0.10208256
27891	1848	0.10208256
27891	4103	0.10208256
27891	920	0.10208255
27891	1280	0.10208255
27891	4496	0.10208255
27891	6279	0.10208255
27891	6465	0.10208255
27947	6265	0.10168454
27947	244	0.101684526
27947	149	0.10168451
27947	582	0.10168451
27947	632	0.10168451
27947	3385	0.10168451
27947	961	0.1016845
27947	4045	0.1016845
27947	4599	0.1016845
27947	2962	0.101684496
27956	3971	0.09248149
27956	5886	0.09248149
27956	41	0.09248148
27956	215	0.09248148
27956	387	0.09248148
27956	775	0.09248148
27956	890	0.09248148
27956	1146	0.09248148
27956	1403	0.09248148
27956	1869	0.09248148
28016	1856	0.13879102
28016	3616	0.13879102
28016	49	0.13879101
28016	890	0.13879101
28016	1869	0.13879101
28016	2121	0.13879101
28016	2364	0.13879101
28016	5031	0.13879101
28016	24	0.138791
28016	41	0.138791
28076	80	0.12901838
28076	3644	0.12901838
28076	3868	0.12901838
28076	4813	0.12901838
28076	4984	0.12901838
28076	5106	0.12901838
28076	6909	0.12901838
28076	821	0.12901837
28076	1997	0.12901837
28076	3890	0.12901837
28091	6265	0.083534114
28091	2962	0.0835341
28091	4599	0.0835341
28091	961	0.08353409
28091	1442	0.08353409
28091	3385	0.08353409
28091	4045	0.08353409
28091	149	0.083534084
28091	632	0.083534084
28091	3548	0.083534084
28096	4103	0.10359619
28096	5731	0.10359618
28096	3657	0.10359617
28096	4703	0.10359617
28096	920	0.103596166
28096	1621	0.103596166
28096	2014	0.103596166
28096	3143	0.103596166
28096	3610	0.103596166
28096	6149	0.103596166
28139	3971	0.10062872
28139	4076	0.10062872
28139	41	0.10062871
28139	890	0.10062871
28139	1856	0.10062871
28139	1869	0.10062871
28139	2138	0.10062871
28139	2364	0.10062871
28139	4603	0.10062871
28139	6915	0.10062871
28144	3178	0.11051388
28144	3313	0.11051388
28144	4456	0.11051388
28144	4689	0.11051388
28144	6420	0.11051388
28144	5788	0.110513866
28144	4776	0.11051385
28144	4813	0.110303104
28144	80	0.11030309
28144	3868	0.11030309
28150	6630	0.102828965
28150	3628	0.10282896
28150	6591	0.10282896
28150	6592	0.10282896
28150	3938	0.10282895
28150	6654	0.10282895
28150	6690	0.10282895
28150	1978	0.102828935
28150	3002	0.102828935
28150	3045	0.102828935
28177	5031	0.1913554
28177	1869	0.19135539
28177	376	0.19135538
28177	645	0.19135538
28177	1146	0.19135538
28177	4323	0.19135538
28177	5886	0.19135538
28177	6123	0.19135538
28177	6912	0.19135538
28177	266	0.19135536
28204	5033	0.07698609
28204	520	0.076986074
28204	5653	0.07698607
28204	6147	0.07698606
28204	6810	0.07698606
28204	913	0.076801606
28204	4712	0.07680158
28204	3482	0.076801576
28204	244	0.076694995
28204	3962	0.07669499
28222	1869	0.10993222
28222	3616	0.10993222
28222	3971	0.10993222
28222	5886	0.10993222
28222	387	0.109932214
28222	890	0.109932214
28222	2121	0.109932214
28222	3059	0.109932214
28222	5031	0.109932214
28222	6123	0.109932214
28255	5096	0.10860801
28255	90	0.10860799
28255	2002	0.10860798
28255	3096	0.10860798
28255	3738	0.10860798
28255	6077	0.10860798
28255	6431	0.10860798
28255	6556	0.10860798
28255	6815	0.10860798
28255	5492	0.10860797
28257	884	0.09837104
28257	2419	0.09837104
28257	3606	0.09837104
28257	942	0.09837103
28257	1648	0.09837103
28257	3585	0.09837103
28257	3870	0.09837103
28257	4472	0.09837103
28257	4673	0.09837103
28257	4938	0.09837103
28289	2230	0.07110488
28289	4740	0.070762604
28289	5914	0.070762604
28289	6312	0.0707626
28289	1155	0.07076259
28289	2503	0.07076259
28289	4144	0.07076259
28289	4431	0.07076259
28289	5599	0.07076259
28289	2257	0.07076258
28360	3971	0.099009536
28360	2138	0.09900953
28360	890	0.09900952
28360	1194	0.09900952
28360	1869	0.09900952
28360	3616	0.09900952
28360	6123	0.09900952
28360	24	0.099009514
28360	41	0.099009514
28360	124	0.099009514
28448	3971	0.094386004
28448	579	0.094386
28448	1869	0.094386
28448	387	0.09438599
28448	775	0.09438599
28448	6123	0.09438599
28448	645	0.09438598
28448	890	0.09438598
28448	922	0.09438598
28448	997	0.09438598
28451	579	0.1345345
28451	2138	0.1345345
28451	3971	0.1345345
28451	6123	0.1345345
28451	387	0.13453448
28451	404	0.13453448
28451	685	0.13453448
28451	890	0.13453448
28451	997	0.13453448
28451	1146	0.13453448
28454	111	0.09035519
28454	1537	0.09035517
28454	1793	0.09035517
28454	3198	0.09035517
28454	4692	0.09035517
28454	4729	0.09035517
28454	5695	0.09035517
28454	5890	0.09035517
28454	368	0.09035516
28454	1075	0.09035516
28492	4446	0.11639301
28492	6601	0.116393
28492	3481	0.11639299
28492	6152	0.11639299
28492	759	0.116392985
28492	2518	0.116392985
28492	3749	0.116392985
28492	4004	0.116392985
28492	5427	0.116392985
28492	5980	0.116392985
28523	890	0.12664084
28523	3971	0.12664084
28523	24	0.12664083
28523	387	0.12664083
28523	997	0.12664083
28523	1189	0.12664083
28523	1869	0.12664083
28523	2103	0.12664083
28523	2138	0.12664083
28523	2364	0.12664083
28543	3187	0.07459901
28543	400	0.074599
28543	686	0.074599
28543	801	0.074599
28543	1087	0.074599
28543	1650	0.074599
28543	2916	0.074599
28543	3120	0.074599
28543	4151	0.074599
28543	5001	0.074599
28591	4858	0.1144834
28591	3886	0.11448339
28591	3509	0.11448337
28591	4740	0.113555625
28591	5914	0.113555625
28591	1155	0.113555595
28591	4444	0.113555595
28591	4738	0.113555595
28591	6312	0.113555595
28591	6396	0.113555595
28592	2138	0.098902255
28592	3971	0.09890225
28592	6123	0.09890225
28592	49	0.09890224
28592	478	0.09890224
28592	579	0.09890224
28592	645	0.09890224
28592	775	0.09890224
28592	890	0.09890224
28592	1455	0.09890224
28594	1965	0.094371215
28594	2359	0.094371215
28594	5565	0.0943712
28594	4291	0.09437119
28594	859	0.094371185
28594	929	0.094371185
28594	5167	0.094371185
28594	5673	0.094371185
28594	5931	0.094371185
28594	6023	0.094371185
28619	49	0.14534572
28619	890	0.14534572
28619	1415	0.14534572
28619	2364	0.14534572
28619	3971	0.14534572
28619	4076	0.14534572
28619	4323	0.14534572
28619	6123	0.14534572
28619	387	0.1453457
28619	478	0.1453457
28634	41	0.121042654
28634	387	0.121042654
28634	3971	0.121042654
28634	6123	0.121042654
28634	6912	0.121042654
28634	890	0.12104265
28634	1146	0.12104265
28634	4076	0.12104265
28634	5886	0.12104265
28634	678	0.12104264
28647	997	0.11984682
28647	5031	0.11984682
28647	5886	0.11984682
28647	6123	0.11984682
28647	890	0.119846806
28647	1856	0.119846806
28647	1869	0.119846806
28647	2103	0.119846806
28647	3559	0.119846806
28647	3616	0.119846806
28667	5812	0.11556328
28667	3914	0.11556327
28667	5664	0.115563266
28667	799	0.11556326
28667	5199	0.1155632
28667	6886	0.11453945
28667	5919	0.114539444
28667	2651	0.11453943
28667	4173	0.11453943
28667	6000	0.11453942
28700	1655	0.11502737
28700	5999	0.11502735
28700	9	0.115027346
28700	4627	0.11502734
28700	2518	0.114251524
28700	4446	0.114251524
28700	1958	0.11425151
28700	5427	0.11425151
28700	6152	0.11425151
28700	6789	0.11425151
28709	387	0.07871337
28709	997	0.07871337
28709	2138	0.07871337
28709	3559	0.07871337
28709	3616	0.07871337
28709	3971	0.07871337
28709	4076	0.07871337
28709	5886	0.07871337
28709	6123	0.07871337
28709	49	0.078713365
28731	495	0.091946326
28731	4802	0.091946326
28731	5244	0.091946326
28731	1242	0.09194632
28731	4618	0.09194632
28731	3128	0.09194631
28731	5250	0.09194631
28731	2202	0.091946304
28731	5498	0.091946304
28731	6739	0.0919463
28735	5886	0.11193726
28735	387	0.111937255
28735	478	0.111937255
28735	890	0.111937255
28735	1146	0.111937255
28735	3897	0.111937255
28735	3971	0.111937255
28735	5031	0.111937255
28735	6912	0.111937255
28735	922	0.11193725
28820	5023	0.1012712
28820	3437	0.10107657
28820	1975	0.10107656
28820	5148	0.10107656
28820	2314	0.10107654
28820	5007	0.10107654
28820	6311	0.10107654
28820	5757	0.101076536
28820	976	0.10100877
28820	64	0.100814186
28865	152	0.09163198
28865	1892	0.09163198
28865	6747	0.09163198
28865	1679	0.09163197
28865	4233	0.09163197
28865	5230	0.09163197
28865	5286	0.09163197
28865	869	0.091631964
28865	1457	0.091631964
28865	1598	0.091631964
28938	4806	0.11178624
28938	1177	0.11178623
28938	2737	0.11178622
28938	4299	0.11178622
28938	5691	0.11178622
28938	6530	0.11178622
28938	3263	0.11178621
28938	591	0.1117862
28938	3118	0.1117862
28938	6318	0.1117862
28945	4984	0.1239505
28945	4813	0.12395048
28945	5106	0.12395048
28945	80	0.123950474
28945	3644	0.123950474
28945	6909	0.123950474
28945	3868	0.12395047
28945	5151	0.12395047
28945	821	0.12395046
28945	5372	0.12395046
29028	2138	0.111555204
29028	3616	0.111555204
29028	1869	0.1115552
29028	6123	0.1115552
29028	579	0.11155519
29028	890	0.11155519
29028	1146	0.11155519
29028	1229	0.11155519
29028	1340	0.11155519
29028	1415	0.11155519
29056	3971	0.14720936
29056	5031	0.14720936
29056	5886	0.14720936
29056	266	0.14720935
29056	269	0.14720935
29056	328	0.14720935
29056	387	0.14720935
29056	478	0.14720935
29056	645	0.14720935
29056	890	0.14720935
29094	1764	0.09057419
29094	2090	0.09057418
29094	2929	0.09057418
29094	172	0.090574175
29094	506	0.090574175
29094	646	0.090574175
29094	947	0.090574175
29094	1374	0.090574175
29094	2057	0.090574175
29094	2148	0.090574175
29101	2419	0.1048222
29101	4673	0.104822196
29101	247	0.10482219
29101	903	0.10482219
29101	3230	0.10482219
29101	4501	0.10482219
29101	5041	0.10482219
29101	5864	0.10482219
29101	3606	0.10482218
29101	884	0.10482217
29204	3971	0.113751225
29204	387	0.1137512
29204	2138	0.1137512
29204	5886	0.1137512
29204	6123	0.1137512
29204	1869	0.113751195
29204	6912	0.113751195
29204	597	0.11375119
29204	890	0.11375119
29204	922	0.11375119
29209	387	0.1400126
29209	890	0.1400126
29209	24	0.14001259
29209	41	0.14001259
29209	266	0.14001259
29209	501	0.14001259
29209	577	0.14001259
29209	597	0.14001259
29209	645	0.14001259
29209	832	0.14001259
29259	1869	0.089037895
29259	3971	0.089037895
29259	5886	0.089037895
29259	6912	0.089037895
29259	124	0.08903789
29259	775	0.08903789
29259	3750	0.08903789
29259	6046	0.08903789
29259	6123	0.08903789
29259	41	0.08903788
29306	3971	0.10982617
29306	1869	0.10982616
29306	3616	0.10982616
29306	5031	0.10982616
29306	5886	0.10982616
29306	645	0.109826155
29306	997	0.109826155
29306	215	0.10982615
29306	387	0.10982615
29306	597	0.10982615
29419	3971	0.10756252
29419	1869	0.10756251
29419	2138	0.1075625
29419	6123	0.1075625
29419	387	0.10756249
29419	2364	0.10756249
29419	5886	0.10756249
29419	41	0.10756248
29419	124	0.10756248
29419	579	0.10756248
29424	1869	0.09316138
29424	3971	0.09316138
29424	387	0.093161374
29424	3616	0.093161374
29424	5031	0.093161374
29424	890	0.09316137
29424	4323	0.09316137
29424	5886	0.09316137
29424	6912	0.09316137
29424	24	0.09316136
29497	3971	0.11712775
29497	387	0.11712773
29497	890	0.11712773
29497	1869	0.11712773
29497	2138	0.11712773
29497	6123	0.11712773
29497	1146	0.117127724
29497	5886	0.117127724
29497	49	0.11712772
29497	124	0.11712772
29526	890	0.15622112
29526	3971	0.15622112
29526	5031	0.15622112
29526	24	0.1562211
29526	1869	0.1562211
29526	2138	0.1562211
29526	3616	0.1562211
29526	4076	0.1562211
29526	5029	0.1562211
29526	5886	0.1562211
29539	5454	0.08883072
29539	3493	0.08883071
29539	3853	0.08883071
29539	5312	0.08883071
29539	3091	0.0888307
29539	3210	0.0888307
29539	3866	0.0888307
29539	3980	0.0888307
29539	4595	0.0888307
29539	6310	0.0888307
29570	1869	0.13590926
29570	3971	0.13590926
29570	273	0.13590923
29570	376	0.13590923
29570	387	0.13590923
29570	642	0.13590923
29570	775	0.13590923
29570	890	0.13590923
29570	986	0.13590923
29570	997	0.13590923
29789	387	0.09782109
29789	890	0.09782109
29789	1058	0.09782109
29789	3897	0.09782109
29789	5886	0.09782109
29789	6507	0.09782109
29789	478	0.09782108
29789	922	0.09782108
29789	1856	0.09782108
29789	3559	0.09782108
29855	3971	0.13019216
29855	1869	0.13019215
29855	3616	0.13019215
29855	4076	0.13019215
29855	5031	0.13019215
29855	5886	0.13019215
29855	6123	0.13019215
29855	24	0.13019213
29855	49	0.13019213
29855	387	0.13019213
29867	3525	0.088572055
29867	4378	0.088572055
29867	5566	0.08857205
29867	2006	0.08857204
29867	6108	0.08857204
29867	4328	0.08857203
29867	6681	0.08857203
29867	6865	0.08857203
29867	372	0.088572025
29867	2408	0.088572025
29915	5914	0.112675
29915	4738	0.112674996
29915	4740	0.112674996
29915	2503	0.11267499
29915	6396	0.11267499
29915	1024	0.11267498
29915	1155	0.11267498
29915	3677	0.11267498
29915	4431	0.11267498
29915	5534	0.11267498
30022	2701	0.09598181
30022	3380	0.0959818
30022	857	0.09598179
30022	3408	0.09598179
30022	3563	0.09598179
30022	3654	0.09598179
30022	4756	0.09598179
30022	6032	0.09598179
30022	4957	0.095981784
30022	6120	0.095981784
30029	890	0.14175653
30029	1869	0.14175653
30029	3616	0.14175653
30029	5031	0.14175653
30029	387	0.14175652
30029	1146	0.14175652
30029	1415	0.14175652
30029	1455	0.14175652
30029	2121	0.14175652
30029	2728	0.14175652
30035	598	0.08814591
30035	1875	0.08814591
30035	1949	0.08814591
30035	902	0.0881459
30035	191	0.08758161
30035	551	0.08758161
30035	5904	0.08758161
30035	667	0.087581605
30035	1629	0.087581605
30035	2022	0.087581605
30052	538	0.1487034
30052	890	0.1487034
30052	997	0.1487034
30052	1058	0.1487034
30052	1856	0.1487034
30052	1869	0.1487034
30052	2121	0.1487034
30052	2138	0.1487034
30052	2728	0.1487034
30052	3616	0.1487034
30081	244	0.10373089
30081	6265	0.10373089
30081	582	0.10373087
30081	632	0.10373087
30081	4045	0.10373087
30081	149	0.103730865
30081	4599	0.103730865
30081	961	0.10373086
30081	3385	0.10373085
30081	4082	0.10373085
30120	2419	0.09035895
30120	3837	0.09035893
30120	3870	0.09035893
30120	1648	0.09035892
30120	2783	0.09035892
30120	3230	0.09035892
30120	6231	0.09035892
30120	6234	0.09035892
30120	222	0.09035891
30120	884	0.09035891
30210	124	0.091145486
30210	387	0.091145486
30210	890	0.091145486
30210	1062	0.091145486
30210	2121	0.091145486
30210	3971	0.091145486
30210	5716	0.091145486
30210	6123	0.091145486
30210	6912	0.091145486
30210	41	0.09114548
30245	1177	0.10471682
30245	6318	0.10471681
30245	1221	0.1047168
30245	4806	0.1047168
30245	6762	0.1047168
30245	531	0.10471679
30245	1233	0.10471679
30245	2241	0.10471679
30245	3118	0.10471679
30245	3263	0.10471679
30261	1424	0.12797347
30261	307	0.12797345
30261	4002	0.12797345
30261	761	0.12797344
30261	1436	0.12797344
30261	2507	0.12797344
30261	2535	0.12797344
30261	4728	0.12797344
30261	6365	0.12797344
30261	6523	0.12797344
30273	1553	0.1296883
30273	2972	0.1296883
30273	236	0.12968828
30273	2250	0.12968826
30273	3529	0.12968826
30273	5421	0.12968826
30273	6114	0.12968826
30273	3001	0.12968825
30273	3213	0.12968823
30273	152	0.12853357
30290	41	0.08966327
30290	387	0.08966327
30290	478	0.08966327
30290	1856	0.08966327
30290	4076	0.08966327
30290	5886	0.08966327
30290	6123	0.08966327
30290	6507	0.08966327
30290	6912	0.08966327
30290	775	0.08966326
30319	1869	0.11332594
30319	3616	0.11332594
30319	3971	0.11332594
30319	5031	0.11332594
30319	5886	0.11332594
30319	5896	0.11332594
30319	6123	0.11332594
30319	2138	0.11332593
30319	4076	0.11332593
30319	387	0.11332592
30333	711	0.097501576
30333	2653	0.097501576
30333	3359	0.097501576
30333	5715	0.097501576
30333	5869	0.097501576
30333	6429	0.097501576
30333	6492	0.097501576
30333	106	0.09750157
30333	655	0.09750157
30333	1585	0.09750157
30385	3971	0.11556314
30385	5031	0.11556314
30385	5886	0.11556314
30385	6912	0.11556314
30385	890	0.11556313
30385	24	0.115563124
30385	124	0.115563124
30385	387	0.115563124
30385	810	0.115563124
30385	832	0.115563124
30445	3187	0.098408185
30445	6222	0.098408185
30445	400	0.09840818
30445	801	0.09840818
30445	1087	0.09840818
30445	4151	0.09840818
30445	686	0.09840817
30445	1389	0.09840817
30445	1650	0.09840817
30445	2305	0.09840817
30461	3971	0.10089817
30461	49	0.10089816
30461	387	0.10089816
30461	1869	0.10089816
30461	3616	0.10089816
30461	5031	0.10089816
30461	2138	0.100898154
30461	3822	0.100898154
30461	4076	0.100898154
30461	6123	0.100898154
30487	173	0.09903489
30487	5284	0.0984325
30487	286	0.098432496
30487	1697	0.098432496
30487	3417	0.098432496
30487	3473	0.098432496
30487	6705	0.09843249
30487	6742	0.09843248
30487	1968	0.098432474
30487	479	0.09655769
30495	4984	0.09632093
30495	80	0.09632092
30495	3644	0.09632092
30495	1997	0.09632091
30495	2236	0.09632091
30495	2647	0.09632091
30495	3868	0.09632091
30495	4775	0.09632091
30495	4813	0.09632091
30495	5106	0.09632091
30531	5033	0.095517956
30531	520	0.09551795
30531	5653	0.09551792
30531	6147	0.09551792
30531	6810	0.09551792
30531	3991	0.09232235
30531	6435	0.09232235
30531	3321	0.09232234
30531	3447	0.09232232
30531	3982	0.09232231
30533	478	0.089041315
30533	1393	0.089041315
30533	6912	0.089041315
30533	41	0.08904131
30533	124	0.08904131
30533	266	0.08904131
30533	387	0.08904131
30533	597	0.08904131
30533	645	0.08904131
30533	832	0.08904131
30555	1177	0.13905671
30555	4806	0.13905668
30555	6530	0.13905668
30555	4299	0.13905667
30555	5085	0.13905667
30555	297	0.13905665
30555	591	0.13905665
30555	2241	0.13905665
30555	2737	0.13905665
30555	3263	0.13905665
30594	4673	0.12251758
30594	2419	0.12251757
30594	5864	0.12251757
30594	247	0.122517556
30594	3443	0.122517556
30594	3606	0.122517556
30594	3870	0.122517556
30594	4758	0.122517556
30594	6834	0.122517556
30594	792	0.12251755
30607	3866	0.08659835
30607	5454	0.08659835
30607	4727	0.086598344
30607	3091	0.08659834
30607	3418	0.08659834
30607	3493	0.08659834
30607	3853	0.08659834
30607	4595	0.08659834
30607	4718	0.08659834
30607	5729	0.08659834
30645	4813	0.11155167
30645	4984	0.11155167
30645	80	0.11155166
30645	3644	0.11155166
30645	3868	0.11155166
30645	5106	0.11155166
30645	6909	0.11155166
30645	4034	0.11155165
30645	1997	0.11155164
30645	2647	0.11155164
30657	1424	0.12180915
30657	307	0.121809125
30657	1436	0.121809125
30657	2535	0.12180912
30657	4002	0.12180912
30657	6523	0.12180912
30657	2507	0.12180911
30657	2689	0.12180911
30657	4728	0.12180911
30657	4441	0.1218091
30711	3531	0.09454155
30711	231	0.093752384
30711	1619	0.093752384
30711	5197	0.093752384
30711	6216	0.093752384
30711	6840	0.093752384
30711	677	0.09375238
30711	1022	0.09375238
30711	4176	0.09375238
30711	668	0.09375237
30712	387	0.13504884
30712	890	0.13504884
30712	997	0.13504884
30712	1856	0.13504884
30712	1869	0.13504884
30712	2138	0.13504884
30712	3059	0.13504884
30712	3616	0.13504884
30712	3965	0.13504884
30712	3971	0.13504884
30716	6851	0.08293936
30716	4856	0.08293934
30716	2685	0.08293933
30716	4382	0.08293933
30716	5315	0.08293933
30716	482	0.08293932
30716	6749	0.08293932
30716	1394	0.08293931
30716	2457	0.08293931
30716	2988	0.08293931
30735	2933	0.16467404
30735	6645	0.16467404
30735	5472	0.16467403
30735	3378	0.16467401
30735	5471	0.16467401
30735	6585	0.16467401
30735	6655	0.16467401
30735	6680	0.16467401
30735	1848	0.16123883
30735	4103	0.16123883
30749	3971	0.104650766
30749	5031	0.104650766
30749	387	0.10465076
30749	1869	0.10465076
30749	5886	0.10465076
30749	6123	0.10465076
30749	49	0.10465075
30749	124	0.10465075
30749	478	0.10465075
30749	579	0.10465075
30770	4103	0.10291566
30770	5731	0.10291566
30770	6670	0.10291566
30770	1621	0.102915645
30770	2209	0.102915645
30770	2450	0.102915645
30770	2644	0.102915645
30770	3006	0.102915645
30770	3610	0.102915645
30770	3657	0.102915645
30806	387	0.14369237
30806	5031	0.14369237
30806	5886	0.14369237
30806	890	0.14369236
30806	24	0.14369234
30806	41	0.14369234
30806	49	0.14369234
30806	100	0.14369234
30806	124	0.14369234
30806	215	0.14369234
30810	1567	0.11042459
30810	4906	0.11042459
30810	2653	0.110424586
30810	5295	0.110424586
30810	5869	0.110424586
30810	248	0.11042458
30810	711	0.11042458
30810	4493	0.11042458
30810	4903	0.11042458
30810	5086	0.11042458
30824	215	0.12716013
30824	997	0.12716013
30824	1455	0.12716013
30824	1869	0.12716013
30824	2138	0.12716013
30824	2714	0.12716013
30824	3616	0.12716013
30824	3971	0.12716013
30824	5031	0.12716013
30824	5886	0.12716013
30838	387	0.10808702
30838	5886	0.10808702
30838	6912	0.10808702
30838	775	0.10808701
30838	1146	0.10808701
30838	6123	0.10808701
30838	6507	0.10808701
30838	41	0.108087
30838	215	0.108087
30838	478	0.108087
30854	1146	0.08370149
30854	1869	0.08370149
30854	3971	0.08370149
30854	6123	0.08370149
30854	41	0.08370148
30854	49	0.08370148
30854	387	0.08370148
30854	478	0.08370148
30854	579	0.08370148
30854	860	0.08370148
30887	3853	0.10170378
30887	533	0.10170376
30887	1745	0.10170376
30887	3210	0.10170376
30887	3866	0.10170376
30887	4241	0.10170376
30887	4595	0.10170376
30887	6643	0.10170376
30887	2304	0.101703756
30887	3700	0.101703756
30898	1869	0.12731504
30898	3452	0.12731504
30898	3897	0.12731504
30898	3971	0.12731504
30898	5031	0.12731504
30898	5886	0.12731504
30898	6123	0.12731504
30898	387	0.12731503
30898	478	0.12731503
30898	890	0.12731503
30906	325	0.09875135
30906	2090	0.09783195
30906	1764	0.09783194
30906	130	0.097831935
30906	3397	0.097831935
30906	3960	0.097831935
30906	4057	0.097831935
30906	4764	0.097831935
30906	529	0.09783193
30906	1139	0.09783193
30939	1476	0.12636042
30939	2874	0.12636042
30939	3084	0.1263604
30939	6669	0.1263604
30939	1567	0.12524995
30939	2653	0.12524992
30939	4868	0.12524992
30939	4903	0.12524992
30939	4906	0.12524992
30939	5335	0.12524992
30968	3971	0.0758211
30968	1869	0.075821094
30968	2138	0.075821094
30968	49	0.07582109
30968	387	0.07582109
30968	1194	0.07582109
30968	2364	0.07582109
30968	5886	0.07582109
30968	6123	0.07582109
30968	6915	0.07582109
30972	6149	0.13010849
30972	920	0.13010848
30972	1848	0.13010848
30972	4103	0.13010848
30972	4703	0.13010848
30972	5731	0.13010848
30972	6279	0.13010848
30972	6571	0.13010848
30972	6670	0.13010848
30972	1225	0.13010846
30985	890	0.2218767
30985	3971	0.2218767
30985	5716	0.2218767
30985	2138	0.22187668
30985	3616	0.22187668
30985	5031	0.22187668
30985	5886	0.22187668
30985	6123	0.22187668
30985	6912	0.22187668
30985	387	0.22187667
30989	686	0.11437547
30989	2916	0.11437547
30989	3120	0.11437547
30989	4151	0.11437547
30989	5121	0.11437547
30989	6222	0.11437547
30989	109	0.114375465
30989	801	0.114375465
30989	1087	0.114375465
30989	1389	0.114375465
30994	709	0.18173003
30994	4152	0.18173003
30994	6549	0.18173003
30994	6610	0.18173003
30994	6622	0.18173003
30994	2906	0.18173002
30994	5308	0.18173002
30994	6248	0.18173002
30994	5687	0.18173
30994	4527	0.18172999
31006	41	0.10973503
31006	1869	0.10973503
31006	3971	0.10973503
31006	215	0.10973502
31006	3616	0.10973502
31006	6912	0.10973502
31006	387	0.10973501
31006	579	0.10973501
31006	997	0.10973501
31006	1856	0.10973501
31008	1869	0.11129592
31008	3971	0.11129592
31008	49	0.11129591
31008	387	0.11129591
31008	832	0.11129591
31008	6123	0.11129591
31008	41	0.1112959
31008	124	0.111295894
31008	579	0.111295894
31008	653	0.111295894
31040	4885	0.08859747
31040	729	0.08859746
31040	3560	0.08859746
31040	4960	0.08859746
31040	6555	0.08859746
31040	854	0.088597454
31040	1413	0.088597454
31040	1902	0.088597454
31040	2360	0.088597454
31040	2382	0.088597454
31050	890	0.13739601
31050	3971	0.13739601
31050	5031	0.13739601
31050	49	0.137396
31050	1340	0.137396
31050	1415	0.137396
31050	1856	0.137396
31050	2121	0.137396
31050	3164	0.137396
31050	4076	0.137396
31094	3616	0.13270943
31094	3971	0.13270943
31094	5031	0.13270943
31094	49	0.13270941
31094	124	0.13270941
31094	387	0.13270941
31094	579	0.13270941
31094	890	0.13270941
31094	997	0.13270941
31094	1146	0.13270941
31144	2518	0.12229144
31144	4446	0.12229143
31144	759	0.12229142
31144	1344	0.122291416
31144	1362	0.122291416
31144	1742	0.122291416
31144	1958	0.122291416
31144	2828	0.122291416
31144	4004	0.122291416
31144	5058	0.122291416
31158	511	0.08847225
31158	1092	0.08847225
31158	6593	0.08847225
31158	617	0.08847224
31158	6364	0.08847224
31158	2785	0.08847223
31158	3526	0.08847223
31158	4318	0.08847223
31158	4557	0.08847223
31158	5288	0.08847223
31226	511	0.12535018
31226	1092	0.12535016
31226	4318	0.12535016
31226	6579	0.12535016
31226	71	0.12535015
31226	245	0.12535015
31226	617	0.12535015
31226	985	0.12535015
31226	1129	0.12535015
31226	2032	0.12535015
31229	4243	0.12819389
31229	5417	0.12819387
31229	1467	0.12819384
31229	854	0.12736066
31229	3560	0.12736066
31229	4885	0.12736066
31229	729	0.12736064
31229	968	0.12736064
31229	1080	0.12736064
31229	1413	0.12736064
31250	890	0.11886646
31250	2138	0.11886646
31250	3971	0.11886646
31250	5031	0.11886646
31250	6123	0.11886646
31250	6912	0.11886646
31250	579	0.11886645
31250	1062	0.11886645
31250	3616	0.11886645
31250	4076	0.11886645
31256	4446	0.12086317
31256	6796	0.12086317
31256	2518	0.12086315
31256	4004	0.12086315
31256	6601	0.12086315
31256	2017	0.12086314
31256	3749	0.12086314
31256	5058	0.12086314
31256	5656	0.12086314
31256	5980	0.12086314
31343	3559	0.12765656
31343	6123	0.12765656
31343	41	0.12765655
31343	49	0.12765655
31343	124	0.12765655
31343	387	0.12765655
31343	478	0.12765655
31343	890	0.12765655
31343	922	0.12765655
31343	997	0.12765655
31391	4151	0.12380732
31391	5019	0.12380731
31391	6222	0.12380731
31391	686	0.1238073
31391	1087	0.1238073
31391	1650	0.1238073
31391	3120	0.1238073
31391	801	0.123807296
31391	1389	0.123807296
31391	2305	0.123807296
31393	3560	0.20542768
31393	4885	0.20542768
31393	3694	0.20542766
31393	968	0.20542765
31393	1363	0.20542765
31393	2360	0.20542765
31393	2382	0.20542765
31393	3115	0.20542765
31393	3427	0.20542765
31393	3658	0.20542765
31412	5031	0.09649405
31412	5886	0.09649404
31412	6912	0.09649404
31412	478	0.096494034
31412	645	0.096494034
31412	890	0.096494034
31412	922	0.096494034
31412	997	0.096494034
31412	1062	0.096494034
31412	1189	0.096494034
31431	3425	0.106868
31431	565	0.10686797
31431	4899	0.10686797
31431	5330	0.10686797
31431	399	0.10686796
31431	1918	0.10686796
31431	5364	0.10686796
31431	2581	0.106867954
31431	6025	0.106867954
31431	993	0.10686794
31446	1869	0.121047795
31446	3971	0.121047795
31446	6123	0.121047795
31446	387	0.12104779
31446	890	0.12104779
31446	4076	0.12104779
31446	5886	0.12104779
31446	49	0.12104778
31446	1146	0.12104778
31446	1403	0.12104778
31468	856	0.15401068
31468	2282	0.15401067
31468	4658	0.15401067
31468	5247	0.15401067
31468	6090	0.15401067
31468	5179	0.15401062
31468	4176	0.15285015
31468	231	0.15285012
31468	1619	0.15285012
31468	5197	0.15285012
31471	5835	0.08093017
31471	6428	0.080930166
31471	3445	0.08093016
31471	3507	0.08093016
31471	6333	0.08093016
31471	4495	0.08093015
31471	126	0.08093014
31471	3808	0.08093014
31471	6869	0.08093014
31471	2383	0.080930136
31609	387	0.092599735
31609	997	0.092599735
31609	1869	0.092599735
31609	3971	0.092599735
31609	6123	0.092599735
31609	2138	0.09259973
31609	4076	0.09259973
31609	124	0.09259972
31609	478	0.09259972
31609	597	0.09259972
31652	1965	0.10584692
31652	2359	0.10584692
31652	5565	0.10584691
31652	929	0.1058469
31652	4099	0.1058469
31652	4291	0.1058469
31652	5931	0.1058469
31652	6023	0.1058469
31652	859	0.10584689
31652	4908	0.10584688
31681	2701	0.10161889
31681	3380	0.10161888
31681	3408	0.10161887
31681	3563	0.10161887
31681	4756	0.10161887
31681	6032	0.10161887
31681	4957	0.10161886
31681	88	0.101618856
31681	3654	0.101618856
31681	3815	0.101618856
31688	890	0.08909092
31688	387	0.08909091
31688	645	0.08909091
31688	922	0.08909091
31688	1146	0.08909091
31688	1856	0.08909091
31688	3490	0.08909091
31688	3616	0.08909091
31688	3971	0.08909091
31688	5031	0.08909091
31714	3115	0.09766493
31714	4885	0.09766493
31714	968	0.09766492
31714	1080	0.09766492
31714	2274	0.09766492
31714	2382	0.09766492
31714	3658	0.09766492
31714	3694	0.09766492
31714	4224	0.09766492
31714	4564	0.09766492
31740	387	0.12186686
31740	997	0.12186686
31740	1415	0.12186686
31740	1869	0.12186686
31740	2728	0.12186686
31740	3971	0.12186686
31740	4603	0.12186686
31740	6912	0.12186686
31740	41	0.12186685
31740	124	0.12186685
31846	890	0.18098456
31846	1146	0.18098456
31846	2138	0.18098456
31846	3616	0.18098456
31846	3971	0.18098456
31846	4076	0.18098456
31846	5031	0.18098456
31846	5886	0.18098456
31846	6123	0.18098456
31846	387	0.18098454
31860	231	0.10155979
31860	1022	0.10155977
31860	4176	0.10155977
31860	5129	0.10155977
31860	5197	0.10155977
31860	6216	0.10155977
31860	6840	0.10155977
31860	677	0.101559766
31860	1619	0.101559766
31860	5949	0.101559766
31900	5731	0.092028774
31900	4103	0.09202877
31900	4703	0.09202876
31900	920	0.09202875
31900	1621	0.09202875
31900	1848	0.09202875
31900	2014	0.09202875
31900	2209	0.09202875
31900	2320	0.09202875
31900	2644	0.09202875
31919	387	0.12514004
31919	890	0.12514004
31919	3971	0.12514004
31919	5886	0.12514004
31919	922	0.12514003
31919	1856	0.12514003
31919	2121	0.12514003
31919	2138	0.12514003
31919	6123	0.12514003
31919	6912	0.12514003
31948	5454	0.10212823
31948	6674	0.10212823
31948	3853	0.10212822
31948	4241	0.10212822
31948	4273	0.10212822
31948	6643	0.10212822
31948	1739	0.102128215
31948	3029	0.102128215
31948	3493	0.102128215
31948	3866	0.102128215
32034	827	0.09712851
32034	5476	0.09712851
32034	596	0.097128496
32034	3468	0.097128496
32034	4771	0.097128496
32034	508	0.09712849
32034	3646	0.09712849
32034	1685	0.09712848
32034	518	0.09712847
32034	3560	0.09665179
32087	387	0.08780694
32087	997	0.08780694
32087	1856	0.08780694
32087	3559	0.08780694
32087	5031	0.08780694
32087	6912	0.08780694
32087	478	0.08780693
32087	514	0.08780693
32087	579	0.08780693
32087	890	0.08780693
32122	6831	0.08849163
32122	6581	0.08849159
32122	3844	0.08836314
32122	6116	0.08836314
32122	2492	0.08836313
32122	4924	0.088363126
32122	972	0.08836311
32122	1860	0.08836311
32122	5378	0.088363096
32122	5927	0.088363096
32148	1869	0.13342586
32148	3971	0.13342586
32148	3616	0.13342585
32148	5886	0.13342585
32148	41	0.13342583
32148	49	0.13342583
32148	124	0.13342583
32148	266	0.13342583
32148	328	0.13342583
32148	387	0.13342583
32188	2419	0.13482545
32188	3870	0.13482545
32188	222	0.13482544
32188	884	0.13482544
32188	1648	0.13482544
32188	3230	0.13482544
32188	3443	0.13482544
32188	4472	0.13482544
32188	4758	0.13482544
32188	4938	0.13482544
32195	1869	0.0858715
32195	3971	0.0858715
32195	5886	0.085871495
32195	6123	0.085871495
32195	41	0.08587149
32195	180	0.08587149
32195	215	0.08587149
32195	266	0.08587149
32195	326	0.08587149
32195	387	0.08587149
32244	3853	0.113853365
32244	3866	0.11385336
32244	3418	0.11385335
32244	5454	0.11385335
32244	3483	0.11385334
32244	6674	0.11385334
32244	1739	0.113853335
32244	1806	0.113853335
32244	2220	0.113853335
32244	2363	0.113853335
32250	124	0.087712765
32250	387	0.087712765
32250	478	0.087712765
32250	890	0.087712765
32250	997	0.087712765
32250	1194	0.087712765
32250	1415	0.087712765
32250	1869	0.087712765
32250	2121	0.087712765
32250	2364	0.087712765
32275	1340	0.09977761
32275	3559	0.09977761
32275	5031	0.09977761
32275	5886	0.09977761
32275	890	0.0997776
32275	2138	0.0997776
32275	3616	0.0997776
32275	3971	0.0997776
32275	5916	0.0997776
32275	6912	0.0997776
32329	6265	0.10233024
32329	244	0.10233022
32329	632	0.10233022
32329	4599	0.10233022
32329	4045	0.102330215
32329	149	0.10233021
32329	582	0.10233021
32329	961	0.10233021
32329	1442	0.10233021
32329	2962	0.10233021
32440	231	0.111808315
32440	1619	0.111808315
32440	4176	0.111808315
32440	6216	0.111808315
32440	1022	0.11180831
32440	5197	0.11180831
32440	5949	0.11180831
32440	668	0.1118083
32440	1050	0.1118083
32440	1595	0.1118083
32516	890	0.14701635
32516	1415	0.14701635
32516	5031	0.14701635
32516	6123	0.14701633
32516	24	0.14701632
32516	49	0.14701632
32516	350	0.14701632
32516	376	0.14701632
32516	387	0.14701632
32516	478	0.14701632
32569	4673	0.12487057
32569	2419	0.12487055
32569	4501	0.12487055
32569	6834	0.12487055
32569	884	0.124870546
32569	4938	0.124870546
32569	5041	0.124870546
32569	6716	0.124870546
32569	247	0.12487054
32569	819	0.12487054
32599	3971	0.14953047
32599	387	0.14953044
32599	832	0.14953044
32599	890	0.14953044
32599	914	0.14953044
32599	1862	0.14953044
32599	1869	0.14953044
32599	2138	0.14953044
32599	3965	0.14953044
32599	5031	0.14953044
32627	425	0.14325356
32627	91	0.14325345
32627	1524	0.14325345
32627	4032	0.14325345
32627	5304	0.14325345
32627	5321	0.14325345
32627	5355	0.14325345
32627	1185	0.14325343
32627	4469	0.14325343
32627	5859	0.14325343
32641	1869	0.07523955
32641	41	0.07523954
32641	49	0.07523954
32641	514	0.07523954
32641	997	0.07523954
32641	1393	0.07523954
32641	1403	0.07523954
32641	2138	0.07523954
32641	2356	0.07523954
32641	2364	0.07523954
32721	3666	0.0851916
32721	759	0.08486405
32721	2184	0.08486405
32721	2518	0.08486405
32721	4004	0.08486405
32721	4446	0.08486405
32721	4789	0.08486405
32721	6796	0.08486405
32721	1362	0.08486404
32721	3212	0.08486404
32773	4004	0.19677107
32773	759	0.19677106
32773	4446	0.19677106
32773	2128	0.19677104
32773	2518	0.19677104
32773	1344	0.19677103
32773	1742	0.19677103
32773	1958	0.19677103
32773	2017	0.19677103
32773	3077	0.19677103
32802	387	0.15244997
32802	3971	0.15244997
32802	5218	0.15244997
32802	6123	0.15244997
32802	890	0.15244995
32802	1146	0.15244995
32802	2138	0.15244995
32802	4323	0.15244995
32802	5886	0.15244995
32802	49	0.15244994
32991	4176	0.09845096
32991	6216	0.09845096
32991	231	0.09845095
32991	6840	0.09845095
32991	668	0.098450944
32991	677	0.098450944
32991	1022	0.098450944
32991	1619	0.098450944
32991	5197	0.098450944
32991	2402	0.09845094
33004	1869	0.11438501
33004	2138	0.11438501
33004	3971	0.11438501
33004	6123	0.11438501
33004	387	0.114385
33004	49	0.114384994
33004	579	0.114384994
33004	890	0.114384994
33004	922	0.114384994
33004	1229	0.114384994
33036	890	0.10100203
33036	2121	0.10100203
33036	387	0.10100202
33036	1869	0.10100202
33036	3616	0.10100202
33036	5031	0.10100202
33036	5886	0.10100202
33036	215	0.101002015
33036	538	0.101002015
33036	901	0.101002015
33124	325	0.1147062
33124	2726	0.11354148
33124	6265	0.113471836
33124	244	0.11347182
33124	632	0.11347182
33124	149	0.113471806
33124	2962	0.113471806
33124	582	0.1134718
33124	4599	0.11347179
33124	650	0.11347178
33179	511	0.16606453
33179	1092	0.16606452
33179	2785	0.1660645
33179	3097	0.1660645
33179	6364	0.1660645
33179	6880	0.1660645
33179	71	0.16606449
33179	617	0.16606449
33179	1644	0.16606449
33179	2643	0.16606449
33200	6435	0.09976652
33200	3991	0.09976651
33200	1218	0.099766485
33200	3321	0.09976648
33200	3447	0.09976648
33200	3982	0.09976648
33200	3469	0.099766456
33200	1146	0.09903109
33200	3971	0.09903109
33200	5886	0.09903109
33264	5886	0.118342675
33264	1869	0.11834267
33264	4076	0.11834267
33264	5031	0.11834267
33264	1194	0.11834266
33264	3616	0.11834266
33264	3971	0.11834266
33264	387	0.11834265
33264	478	0.11834265
33264	642	0.11834265
33270	2364	0.09615602
33270	124	0.096156016
33270	387	0.096156016
33270	775	0.096156016
33270	890	0.096156016
33270	997	0.096156016
33270	1146	0.096156016
33270	1455	0.096156016
33270	1856	0.096156016
33270	1869	0.096156016
33283	41	0.14135435
33283	387	0.14135435
33283	832	0.14135435
33283	890	0.14135435
33283	1856	0.14135435
33283	1869	0.14135435
33283	3971	0.14135435
33283	6123	0.14135435
33283	6912	0.14135435
33283	49	0.14135434
33319	1869	0.14282802
33319	5031	0.14282802
33319	5886	0.14282802
33319	387	0.142828
33319	3971	0.142828
33319	41	0.14282799
33319	124	0.14282799
33319	215	0.14282799
33319	266	0.14282799
33319	376	0.14282799
33461	4673	0.10513483
33461	884	0.10513482
33461	2419	0.10513482
33461	1648	0.105134815
33461	3230	0.105134815
33461	3606	0.105134815
33461	3870	0.105134815
33461	4472	0.105134815
33461	4602	0.105134815
33461	4938	0.105134815
33491	1869	0.1127005
33491	124	0.11270049
33491	387	0.11270049
33491	997	0.11270049
33491	3971	0.11270049
33491	5886	0.11270049
33491	6123	0.11270049
33491	3616	0.112700485
33491	4076	0.112700485
33491	41	0.11270048
33580	890	0.116956756
33580	922	0.116956756
33580	1869	0.116956756
33580	3971	0.116956756
33580	5031	0.116956756
33580	49	0.11695675
33580	387	0.11695675
33580	579	0.11695675
33580	2138	0.11695675
33580	24	0.11695674
33614	478	0.12568322
33614	890	0.12568322
33614	1062	0.12568322
33614	1094	0.12568322
33614	1146	0.12568322
33614	1194	0.12568322
33614	1393	0.12568322
33614	1415	0.12568322
33614	1455	0.12568322
33614	1552	0.12568322
33656	5731	0.12091173
33656	4103	0.120911725
33656	2320	0.12091172
33656	3657	0.12091172
33656	6279	0.12091171
33656	605	0.1209117
33656	651	0.1209117
33656	892	0.1209117
33656	1258	0.1209117
33656	1459	0.1209117
33681	124	0.088002615
33681	1856	0.088002615
33681	3897	0.088002615
33681	3971	0.088002615
33681	5886	0.088002615
33681	41	0.08800261
33681	49	0.08800261
33681	215	0.08800261
33681	387	0.08800261
33681	478	0.08800261
33816	2138	0.10397625
33816	890	0.103976235
33816	997	0.103976235
33816	1194	0.103976235
33816	1455	0.103976235
33816	1869	0.103976235
33816	3971	0.103976235
33816	4076	0.103976235
33816	5031	0.103976235
33816	5716	0.103976235
33818	1455	0.1643841
33818	1869	0.1643841
33818	2728	0.1643841
33818	3616	0.1643841
33818	5031	0.1643841
33818	124	0.16438408
33818	387	0.16438408
33818	832	0.16438408
33818	1058	0.16438408
33818	2121	0.16438408
33832	111	0.12128433
33832	4692	0.12128431
33832	5890	0.12128431
33832	4729	0.121284306
33832	1793	0.1212843
33832	2099	0.12128429
33832	5181	0.12128429
33832	5695	0.12128429
33832	1537	0.12128428
33832	368	0.121284276
33862	387	0.08644056
33862	1869	0.08644056
33862	2364	0.08644056
33862	3616	0.08644056
33862	3971	0.08644056
33862	5886	0.08644056
33862	6123	0.08644056
33862	579	0.086440556
33862	997	0.086440556
33862	3059	0.086440556
33933	5031	0.14454077
33933	5886	0.14454077
33933	266	0.14454076
33933	645	0.14454076
33933	997	0.14454076
33933	1552	0.14454076
33933	1869	0.14454076
33933	3616	0.14454076
33933	3971	0.14454076
33933	6912	0.14454076
33958	1415	0.111861445
33958	1869	0.111861445
33958	2364	0.111861445
33958	3971	0.111861445
33958	49	0.11186144
33958	387	0.11186144
33958	478	0.11186144
33958	890	0.11186144
33958	997	0.11186144
33958	1194	0.11186144
33974	244	0.16685477
33974	6265	0.16685477
33974	149	0.16685474
33974	582	0.16685472
33974	632	0.16685472
33974	4045	0.16685472
33974	961	0.16685471
33974	1442	0.16685471
33974	2962	0.16685471
33974	3385	0.16685471
33980	5031	0.124226816
33980	6123	0.1242268
33980	376	0.12422679
33980	478	0.12422679
33980	645	0.12422679
33980	890	0.12422679
33980	997	0.12422679
33980	1393	0.12422679
33980	1856	0.12422679
33980	1869	0.12422679
33999	231	0.14103556
33999	4176	0.14103556
33999	6216	0.14103556
33999	5197	0.14103554
33999	6840	0.14103554
33999	668	0.14103553
33999	677	0.14103553
33999	851	0.14103553
33999	1022	0.14103553
33999	1034	0.14103553
34075	5031	0.09669189
34075	1869	0.09669188
34075	2364	0.09669188
34075	3616	0.09669188
34075	3971	0.09669188
34075	6912	0.09669188
34075	124	0.09669187
34075	645	0.09669187
34075	997	0.09669187
34075	1340	0.09669187
34087	2503	0.11132797
34087	1024	0.11132796
34087	1155	0.11132796
34087	1672	0.11132796
34087	4738	0.11132796
34087	4740	0.11132796
34087	5599	0.11132796
34087	5914	0.11132796
34087	6312	0.11132796
34087	6396	0.11132796
34115	2138	0.12103818
34115	6123	0.12103818
34115	1869	0.121038176
34115	5886	0.121038176
34115	5896	0.121038176
34115	41	0.12103817
34115	124	0.12103817
34115	215	0.12103817
34115	387	0.12103817
34115	997	0.12103817
34215	3853	0.117959216
34215	3866	0.11795921
34215	4727	0.11795921
34215	533	0.1179592
34215	3980	0.1179592
34215	5115	0.1179592
34215	5312	0.1179592
34215	5454	0.1179592
34215	6109	0.1179592
34215	624	0.117959194
34300	152	0.11889078
34300	6747	0.11889078
34300	1679	0.11889077
34300	1750	0.11889077
34300	6080	0.11889077
34300	869	0.11889076
34300	1457	0.11889076
34300	1598	0.11889076
34300	1937	0.11889076
34300	4233	0.11889076
34377	3971	0.12428795
34377	2138	0.12428794
34377	1869	0.12428793
34377	3616	0.12428793
34377	5886	0.12428793
34377	6912	0.12428793
34377	597	0.124287926
34377	5716	0.124287926
34377	6123	0.124287926
34377	376	0.12428792
34501	1869	0.12627104
34501	3971	0.12627104
34501	2138	0.12627102
34501	5886	0.12627102
34501	6123	0.12627102
34501	6912	0.12627102
34501	41	0.12627101
34501	49	0.12627101
34501	124	0.12627101
34501	215	0.12627101
34526	2138	0.11299288
34526	3971	0.11299288
34526	387	0.11299287
34526	890	0.11299287
34526	901	0.11299287
34526	1869	0.11299287
34526	3490	0.11299287
34526	3616	0.11299287
34526	3965	0.11299287
34526	5031	0.11299287
34588	387	0.13825864
34588	832	0.13825864
34588	890	0.13825864
34588	1869	0.13825864
34588	2345	0.13825864
34588	2728	0.13825864
34588	3971	0.13825864
34588	5218	0.13825864
34588	5886	0.13825864
34588	6123	0.13825864
34600	4740	0.123061545
34600	6396	0.123061545
34600	1024	0.12306154
34600	2503	0.12306154
34600	4738	0.12306154
34600	5914	0.12306154
34600	6312	0.12306153
34600	1155	0.12306152
34600	4431	0.12306152
34600	5599	0.12306152
34636	3873	0.08460178
34636	5478	0.083918855
34636	6355	0.08391883
34636	2619	0.083918825
34636	5895	0.083918825
34636	2614	0.08391882
34636	980	0.08391881
34636	5475	0.08391881
34636	492	0.0839188
34636	909	0.083918795
34752	387	0.12508027
34752	890	0.12508027
34752	1869	0.12508027
34752	5886	0.12508027
34752	41	0.12508026
34752	124	0.12508026
34752	215	0.12508026
34752	266	0.12508026
34752	273	0.12508026
34752	469	0.12508026
34801	9	0.13453199
34801	1655	0.13453199
34801	5999	0.13453199
34801	4446	0.13294181
34801	2518	0.1329418
34801	1958	0.13294178
34801	2017	0.13294178
34801	4004	0.13294178
34801	5427	0.13294178
34801	6152	0.13294178
34840	4623	0.07935512
34840	1177	0.07777726
34840	6318	0.07777726
34840	4299	0.07777725
34840	4806	0.077777244
34840	6530	0.077777244
34840	6762	0.077777244
34840	589	0.07777724
34840	1221	0.07777724
34840	1233	0.07777724
34932	5731	0.19653717
34932	1621	0.19653715
34932	4103	0.19653715
34932	892	0.19653714
34932	920	0.19653714
34932	1848	0.19653714
34932	6149	0.19653714
34932	6279	0.19653714
34932	6670	0.19653714
34932	396	0.19653712
34987	29	0.08042542
34987	4701	0.0804254
34987	1034	0.0804206
34987	4176	0.0804206
34987	231	0.08042059
34987	6840	0.08042059
34987	668	0.08042058
34987	851	0.08042058
34987	3950	0.08042058
34987	4000	0.08042058
34988	2653	0.10369398
34988	4906	0.10369398
34988	1567	0.10369397
34988	4903	0.10369397
34988	1349	0.10369396
34988	2207	0.10369396
34988	5335	0.10369396
34988	6785	0.10369396
34988	248	0.103693955
34988	3361	0.103693955
35030	1869	0.13512352
35030	3616	0.13512352
35030	3971	0.13512352
35030	387	0.1351235
35030	2138	0.1351235
35030	2364	0.1351235
35030	6912	0.1351235
35030	24	0.13512349
35030	41	0.13512349
35030	49	0.13512349
35050	803	0.12546629
35050	3865	0.12546629
35050	4319	0.12546629
35050	5690	0.12546629
35050	6446	0.12546629
35050	3536	0.12546627
35050	1260	0.12546626
35050	2065	0.12546626
35050	2623	0.12546626
35050	2894	0.12546626
35081	3971	0.11730761
35081	890	0.117307596
35081	387	0.11730759
35081	1856	0.11730759
35081	1869	0.11730759
35081	4323	0.11730759
35081	5886	0.11730759
35081	6123	0.11730759
35081	6912	0.11730759
35081	124	0.11730758
35148	890	0.0969006
35148	1146	0.0969006
35148	3971	0.0969006
35148	5031	0.0969006
35148	5886	0.0969006
35148	41	0.09690059
35148	387	0.09690059
35148	579	0.09690059
35148	922	0.09690059
35148	1869	0.09690059
35179	5731	0.13883258
35179	1621	0.13883257
35179	3610	0.13883257
35179	4103	0.13883257
35179	6279	0.13883257
35179	605	0.13883255
35179	920	0.13883255
35179	1848	0.13883255
35179	2014	0.13883255
35179	2209	0.13883255
35188	3971	0.08717291
35188	49	0.087172896
35188	478	0.087172896
35188	1869	0.087172896
35188	5218	0.087172896
35188	5886	0.087172896
35188	6123	0.087172896
35188	387	0.08717289
35188	890	0.08717289
35188	922	0.08717289
35233	4858	0.09962846
35233	3886	0.09962845
35233	3509	0.09962844
35233	387	0.097745836
35233	832	0.097745836
35233	1856	0.097745836
35233	1862	0.097745836
35233	3971	0.097745836
35233	4323	0.097745836
35233	5218	0.097745836
35270	3421	0.09150554
35270	1695	0.09147762
35270	1801	0.09147761
35270	5162	0.09147761
35270	120	0.0914776
35270	4678	0.0914776
35270	5595	0.0914776
35270	6256	0.0914776
35270	4403	0.091477595
35270	5717	0.091477595
35320	3616	0.14317155
35320	5886	0.14317155
35320	6912	0.14317155
35320	478	0.14317153
35320	997	0.14317153
35320	1869	0.14317153
35320	2138	0.14317153
35320	3971	0.14317153
35320	5031	0.14317153
35320	6123	0.14317153
35424	1869	0.08802472
35424	3971	0.08802472
35424	4076	0.08802472
35424	2138	0.08802471
35424	3616	0.08802471
35424	41	0.088024706
35424	387	0.088024706
35424	642	0.088024706
35424	890	0.088024706
35424	997	0.088024706
35445	99	0.14147368
35445	400	0.14147368
35445	801	0.14147368
35445	1613	0.14147368
35445	1650	0.14147368
35445	2305	0.14147368
35445	3187	0.14147368
35445	4151	0.14147368
35445	4342	0.14147368
35445	5019	0.14147368
35532	2419	0.078252956
35532	4452	0.078252956
35532	4673	0.078252956
35532	884	0.07825295
35532	2783	0.07825295
35532	3230	0.07825295
35532	3606	0.07825295
35532	4938	0.07825295
35532	5864	0.07825295
35532	247	0.07825294
35631	6423	0.08326228
35631	1301	0.083262265
35631	2843	0.083262265
35631	3616	0.081876755
35631	5031	0.081876755
35631	579	0.08187674
35631	628	0.08187674
35631	890	0.08187674
35631	1062	0.08187674
35631	1356	0.08187674
35704	231	0.116582096
35704	4176	0.116582096
35704	5872	0.116582096
35704	1050	0.11658209
35704	2402	0.11658209
35704	5197	0.11658209
35704	6216	0.11658209
35704	1022	0.11658208
35704	1619	0.11658208
35704	5949	0.11658208
35707	42	0.11068234
35707	5066	0.1106823
35707	427	0.110682294
35707	1536	0.110682294
35707	5091	0.110682294
35707	5668	0.110682294
35707	5888	0.11068229
35707	3748	0.11068228
35707	4218	0.11068228
35707	4968	0.11068228
35793	6423	0.07949127
35793	2843	0.079491265
35793	1301	0.07949125
35793	387	0.07933347
35793	890	0.07933347
35793	1856	0.07933347
35793	1869	0.07933347
35793	2121	0.07933347
35793	2356	0.07933347
35793	2713	0.07933347
35836	4323	0.044417657
35836	5031	0.044417657
35836	6123	0.044417657
35836	49	0.044417653
35836	890	0.044417653
35836	1869	0.044417653
35836	3164	0.044417653
35836	3971	0.044417653
35836	5218	0.044417653
35836	24	0.04441765
35841	364	0.0953124
35841	5430	0.095312394
35841	2606	0.09531239
35841	2636	0.09531239
35841	2780	0.09531239
35841	3435	0.09531239
35841	5584	0.09531239
35841	6260	0.09531239
35841	1826	0.09531238
35841	2102	0.09531237
35845	6674	0.10680212
35845	533	0.106802106
35845	2363	0.106802106
35845	3210	0.106802106
35845	3418	0.106802106
35845	3493	0.106802106
35845	3700	0.106802106
35845	4595	0.106802106
35845	5454	0.106802106
35845	6310	0.106802106
35857	1869	0.17391942
35857	3971	0.17391942
35857	5886	0.17391942
35857	6123	0.17391942
35857	49	0.17391941
35857	387	0.17391941
35857	478	0.17391941
35857	514	0.17391941
35857	997	0.17391941
35857	1552	0.17391941
35865	1087	0.12615389
35865	2145	0.12615389
35865	3187	0.12615389
35865	4151	0.12615389
35865	5121	0.12615389
35865	5339	0.12615389
35865	6222	0.12615389
35865	6236	0.12615389
35865	349	0.12615387
35865	400	0.12615387
35909	1092	0.09219566
35909	511	0.09219565
35909	3097	0.092195645
35909	3526	0.092195645
35909	4318	0.092195645
35909	4905	0.092195645
35909	5288	0.092195645
35909	5998	0.092195645
35909	6364	0.092195645
35909	6593	0.092195645
35918	3868	0.10314728
35918	80	0.10314727
35918	1487	0.10314727
35918	4775	0.10314727
35918	4813	0.10314727
35918	4984	0.10314727
35918	5106	0.10314727
35918	5327	0.10314727
35918	6909	0.10314727
35918	5151	0.10314726
35922	3971	0.1312372
35922	890	0.13123718
35922	2138	0.13123718
35922	5886	0.13123718
35922	6912	0.13123718
35922	273	0.13123716
35922	387	0.13123716
35922	597	0.13123716
35922	642	0.13123716
35922	1058	0.13123716
35925	3418	0.10144657
35925	3853	0.10144657
35925	5115	0.10144657
35925	6643	0.10144657
35925	6674	0.10144657
35925	6768	0.10144657
35925	1806	0.10144656
35925	3112	0.10144656
35925	3700	0.10144656
35925	3830	0.10144656
35998	5731	0.05910757
35998	1848	0.059107564
35998	2320	0.059107564
35998	2644	0.059107564
35998	3143	0.059107564
35998	3610	0.059107564
35998	3657	0.059107564
35998	4103	0.059107564
35998	6279	0.059107564
35998	6670	0.059107564
36003	997	0.15363756
36003	5031	0.15363756
36003	597	0.15363754
36003	1393	0.15363754
36003	4323	0.15363754
36003	5886	0.15363754
36003	6123	0.15363754
36003	24	0.15363753
36003	49	0.15363753
36003	215	0.15363753
36043	3971	0.09552204
36043	2138	0.09552203
36043	6915	0.095522024
36043	41	0.09552202
36043	124	0.09552202
36043	890	0.09552202
36043	1455	0.09552202
36043	1852	0.09552202
36043	1869	0.09552202
36043	2364	0.09552202
36103	1869	0.09513382
36103	387	0.09513381
36103	3616	0.09513381
36103	3971	0.09513381
36103	4076	0.09513381
36103	5031	0.09513381
36103	5886	0.09513381
36103	124	0.095133804
36103	3965	0.095133804
36103	41	0.0951338
36135	4103	0.13497245
36135	5731	0.13497245
36135	920	0.13497242
36135	1621	0.13497242
36135	2209	0.13497242
36135	3657	0.13497242
36135	3983	0.13497242
36135	4703	0.13497242
36135	5241	0.13497242
36135	5376	0.13497242
36141	3437	0.08223387
36141	1975	0.08223386
36141	2314	0.08223386
36141	5007	0.08223386
36141	6311	0.08223386
36141	5148	0.08223385
36141	5757	0.082233846
36141	511	0.082233176
36141	1092	0.08223317
36141	1644	0.08223316
36157	884	0.119810775
36157	4673	0.119810775
36157	222	0.11981076
36157	903	0.11981076
36157	1648	0.11981076
36157	2419	0.11981076
36157	3585	0.11981076
36157	3606	0.11981076
36157	3870	0.11981076
36157	4080	0.11981076
36256	387	0.1809101
36256	997	0.1809101
36256	41	0.18091008
36256	124	0.18091008
36256	269	0.18091008
36256	478	0.18091008
36256	597	0.18091008
36256	890	0.18091008
36256	1062	0.18091008
36256	1455	0.18091008
36299	3853	0.14573821
36299	3866	0.14573821
36299	533	0.14573818
36299	2220	0.14573818
36299	3091	0.14573818
36299	3418	0.14573818
36299	3700	0.14573818
36299	3830	0.14573818
36299	4049	0.14573818
36299	4241	0.14573818
36307	3971	0.10844629
36307	1869	0.108446285
36307	2138	0.108446285
36307	2736	0.108446285
36307	3616	0.108446285
36307	5886	0.108446285
36307	6915	0.108446285
36307	387	0.10844628
36307	478	0.10844628
36307	901	0.10844628
36326	2364	0.10415962
36326	3616	0.10415962
36326	5031	0.10415962
36326	1869	0.104159616
36326	2138	0.104159616
36326	3059	0.104159616
36326	3750	0.104159616
36326	3971	0.104159616
36326	5896	0.104159616
36326	6912	0.104159616
36327	49	0.08768438
36327	387	0.08768438
36327	478	0.08768438
36327	645	0.08768438
36327	922	0.08768438
36327	1869	0.08768438
36327	3971	0.08768438
36327	5031	0.08768438
36327	5886	0.08768438
36327	1146	0.08768437
36357	1965	0.08142085
36357	2359	0.08142084
36357	4099	0.08142083
36357	859	0.081420824
36357	929	0.081420824
36357	4291	0.081420824
36357	4908	0.081420824
36357	6023	0.081420824
36357	5565	0.08142082
36357	3724	0.08142081
36554	5031	0.116787426
36554	597	0.116787404
36554	1869	0.116787404
36554	2138	0.116787404
36554	3559	0.116787404
36554	3971	0.116787404
36554	5716	0.116787404
36554	6912	0.116787404
36554	579	0.1167874
36554	890	0.1167874
36562	3971	0.07722135
36562	6123	0.07722135
36562	49	0.07722134
36562	1869	0.07722134
36562	2138	0.07722134
36562	5218	0.07722134
36562	5886	0.07722134
36562	180	0.077221334
36562	328	0.077221334
36562	387	0.077221334
36568	3493	0.086517766
36568	3830	0.086517766
36568	3866	0.086517766
36568	5454	0.086517766
36568	1806	0.08651776
36568	4595	0.08651776
36568	6643	0.08651776
36568	6674	0.08651776
36568	6768	0.08651776
36568	401	0.08651775
36609	5731	0.14940459
36609	605	0.14940456
36609	920	0.14940456
36609	1280	0.14940456
36609	1632	0.14940456
36609	2939	0.14940456
36609	3983	0.14940456
36609	4103	0.14940456
36609	4703	0.14940456
36609	6149	0.14940456
36638	890	0.08964737
36638	4076	0.08964737
36638	4323	0.08964737
36638	6123	0.08964737
36638	376	0.08964736
36638	387	0.08964736
36638	997	0.08964736
36638	1856	0.08964736
36638	3971	0.08964736
36638	5218	0.08964736
36673	1869	0.095586464
36673	3971	0.09558646
36673	5031	0.09558646
36673	215	0.09558645
36673	387	0.09558645
36673	579	0.09558645
36673	1146	0.09558645
36673	1340	0.09558645
36673	1393	0.09558645
36673	1403	0.09558645
36693	2419	0.101609424
36693	247	0.10160941
36693	884	0.10160941
36693	3606	0.10160941
36693	4472	0.10160941
36693	4501	0.10160941
36693	4673	0.10160941
36693	4938	0.10160941
36693	5041	0.10160941
36693	6834	0.10160941
36715	686	0.15272391
36715	801	0.15272391
36715	2126	0.15272391
36715	4151	0.15272391
36715	6222	0.15272391
36715	109	0.1527239
36715	400	0.1527239
36715	1389	0.1527239
36715	2305	0.1527239
36715	3120	0.1527239
36741	1177	0.13830654
36741	531	0.13830653
36741	2737	0.13830653
36741	4806	0.13830653
36741	5085	0.13830653
36741	5691	0.13830653
36741	6318	0.13830653
36741	6530	0.13830653
36741	6762	0.13830653
36741	2241	0.13830651
36749	1092	0.15518813
36749	3526	0.15518813
36749	511	0.15518811
36749	2785	0.15518811
36749	4318	0.15518811
36749	4369	0.15518811
36749	4557	0.15518811
36749	5998	0.15518811
36749	6364	0.15518811
36749	6880	0.15518811
36801	244	0.12184576
36801	4599	0.12184575
36801	6265	0.12184575
36801	149	0.12184574
36801	632	0.12184574
36801	2962	0.12184574
36801	582	0.12184573
36801	1442	0.12184573
36801	3385	0.12184573
36801	961	0.12184572
36807	5031	0.14009233
36807	890	0.14009231
36807	914	0.14009231
36807	986	0.14009231
36807	997	0.14009231
36807	1094	0.14009231
36807	1146	0.14009231
36807	1393	0.14009231
36807	1869	0.14009231
36807	2103	0.14009231
36811	3425	0.09705512
36811	5330	0.0970551
36811	399	0.09705509
36811	565	0.09705509
36811	3791	0.09705509
36811	4252	0.09705509
36811	4899	0.09705509
36811	5364	0.09705509
36811	6025	0.09705509
36811	2581	0.097055085
36817	1869	0.1258527
36817	4076	0.1258527
36817	5886	0.1258527
36817	6123	0.1258527
36817	3897	0.12585269
36817	3971	0.12585269
36817	4323	0.12585269
36817	49	0.12585267
36817	215	0.12585267
36817	216	0.12585267
36836	3510	0.1580346
36836	3694	0.1580346
36836	3560	0.15803458
36836	4817	0.15803458
36836	4885	0.15803458
36836	489	0.15803456
36836	854	0.15803456
36836	1106	0.15803456
36836	1170	0.15803456
36836	1334	0.15803456
36839	1869	0.1288691
36839	3971	0.1288691
36839	5886	0.1288691
36839	6123	0.1288691
36839	387	0.12886909
36839	478	0.12886909
36839	890	0.12886909
36839	997	0.12886909
36839	1194	0.12886909
36839	2356	0.12886909
36907	6278	0.042936035
36907	3105	0.042936023
36907	425	0.042837106
36907	91	0.042837083
36907	1524	0.042837083
36907	3776	0.042837083
36907	4469	0.042837083
36907	5304	0.042837076
36907	5321	0.042837076
36907	5355	0.042837072
36938	425	0.08727017
36938	91	0.08727011
36938	3776	0.08727011
36938	5304	0.08727011
36938	5355	0.08727011
36938	1524	0.087270096
36938	4469	0.087270096
36938	5321	0.087270096
36938	5859	0.08727009
36938	3703	0.08727008
36978	244	0.101493694
36978	6265	0.101493694
36978	4599	0.10149369
36978	149	0.10149367
36978	632	0.10149367
36978	961	0.10149367
36978	1442	0.10149367
36978	3385	0.10149367
36978	4045	0.10149367
36978	4082	0.101493664
37147	489	0.08979067
37147	1902	0.08979067
37147	2360	0.08979067
37147	2382	0.08979067
37147	3427	0.08979067
37147	3658	0.08979067
37147	3694	0.08979067
37147	4224	0.08979067
37147	4564	0.08979067
37147	4962	0.08979067
37168	775	0.10304549
37168	3971	0.10304549
37168	5886	0.10304549
37168	5896	0.10304549
37168	6912	0.10304549
37168	890	0.103045486
37168	1869	0.103045486
37168	2138	0.103045486
37168	4880	0.103045486
37168	5716	0.103045486
37208	3935	0.14655113
37208	1951	0.14655112
37208	2769	0.14655112
37208	1472	0.1465511
37208	3090	0.1465511
37208	3330	0.1465511
37208	3496	0.1465511
37208	4686	0.1465511
37208	4169	0.14655109
37208	5560	0.14655109
37227	387	0.14387281
37227	3971	0.14387281
37227	49	0.1438728
37227	215	0.1438728
37227	478	0.1438728
37227	922	0.1438728
37227	1146	0.1438728
37227	1393	0.1438728
37227	1869	0.1438728
37227	2138	0.1438728
37235	6630	0.12065467
37235	6592	0.120654665
37235	3628	0.12065466
37235	6591	0.12065465
37235	6690	0.12065465
37235	1978	0.12065464
37235	3045	0.12065464
37235	3938	0.120654635
37235	4777	0.120654635
37235	6654	0.120654635
37239	3445	0.11194353
37239	5835	0.11194352
37239	6428	0.11194352
37239	6333	0.1119435
37239	4495	0.11194349
37239	2276	0.11194348
37239	2383	0.11194348
37239	3507	0.11194348
37239	3583	0.11194348
37239	3808	0.11194348
37244	387	0.12036551
37244	3971	0.12036551
37244	1869	0.1203655
37244	6123	0.1203655
37244	49	0.12036549
37244	922	0.12036549
37244	2364	0.12036549
37244	5031	0.12036549
37244	5886	0.12036549
37244	124	0.120365486
37293	6311	0.11351374
37293	2314	0.11351372
37293	3437	0.11351372
37293	5007	0.11351371
37293	5148	0.11351371
37293	1975	0.1135137
37293	5757	0.113513686
37293	511	0.11082563
37293	1092	0.11082561
37293	4318	0.11082561
37310	511	0.10745397
37310	1092	0.10745397
37310	5288	0.10745397
37310	6593	0.10745397
37310	3526	0.107453965
37310	1644	0.10745396
37310	2785	0.10745396
37310	3366	0.10745396
37310	3729	0.10745396
37310	4318	0.10745396
37311	244	0.13098189
37311	6265	0.13098188
37311	632	0.13098186
37311	4599	0.13098186
37311	149	0.13098185
37311	582	0.13098185
37311	4045	0.13098185
37311	650	0.13098183
37311	961	0.13098183
37311	1442	0.13098183
37400	1413	0.13140295
37400	3115	0.13140295
37400	3510	0.13140295
37400	3694	0.13140295
37400	4817	0.13140295
37400	4885	0.13140295
37400	4962	0.13140295
37400	489	0.13140294
37400	729	0.13140294
37400	854	0.13140294
37426	2419	0.10036255
37426	3870	0.10036255
37426	4673	0.10036255
37426	884	0.10036254
37426	1648	0.10036254
37426	3230	0.10036254
37426	3443	0.10036254
37426	3606	0.10036254
37426	4474	0.10036254
37426	4758	0.10036254
37447	3531	0.092173964
37447	425	0.09144025
37447	91	0.09144021
37447	5355	0.09144021
37447	1524	0.0914402
37447	5321	0.09144019
37447	3776	0.091440186
37447	4469	0.091440186
37447	5304	0.091440186
37447	5859	0.091440186
37493	5707	0.12031679
37493	2946	0.12031678
37493	5048	0.120316766
37493	2909	0.120316744
37493	4875	0.120316744
37493	3297	0.12008467
37493	1312	0.12008466
37493	4417	0.12008466
37493	4388	0.12008465
37493	4536	0.12008465
37512	3971	0.1117035
37512	5886	0.1117035
37512	1869	0.111703485
37512	2138	0.111703485
37512	5031	0.111703485
37512	5896	0.111703485
37512	6123	0.111703485
37512	6912	0.111703485
37512	41	0.11170348
37512	1403	0.11170348
37538	3971	0.15351216
37538	1869	0.15351214
37538	3616	0.15351214
37538	5031	0.15351214
37538	24	0.15351212
37538	49	0.15351212
37538	124	0.15351212
37538	387	0.15351212
37538	645	0.15351212
37538	810	0.15351212
37556	1539	0.121207654
37556	891	0.12120764
37556	5592	0.12120764
37556	5146	0.12120763
37556	1899	0.121207625
37556	2388	0.121207625
37556	2667	0.121207625
37556	5008	0.121207625
37556	5113	0.121207625
37556	4368	0.12120762
37567	4103	0.10237642
37567	5731	0.10237642
37567	6149	0.1023764
37567	6279	0.1023764
37567	1848	0.102376394
37567	3143	0.102376394
37567	3657	0.102376394
37567	493	0.10237639
37567	1621	0.10237639
37567	2014	0.10237639
37571	1869	0.11958889
37571	2138	0.11958888
37571	3971	0.11958888
37571	5886	0.11958888
37571	890	0.119588874
37571	579	0.11958887
37571	775	0.11958887
37571	1146	0.11958887
37571	1194	0.11958887
37571	1340	0.11958887
37573	890	0.11837588
37573	2364	0.11837588
37573	5031	0.11837588
37573	5460	0.11837588
37573	5886	0.11837588
37573	6123	0.11837588
37573	49	0.118375875
37573	1869	0.118375875
37573	3305	0.118375875
37573	3616	0.118375875
37584	2599	0.07807851
37584	6893	0.07581117
37584	3027	0.075753406
37584	3590	0.0757534
37584	361	0.07575338
37584	6095	0.075460136
37584	6884	0.07543484
37584	2273	0.075434834
37584	4688	0.075434834
37584	4083	0.07543481
37605	1869	0.096094474
37605	3971	0.096094474
37605	6123	0.09609447
37605	387	0.09609446
37605	579	0.09609446
37605	890	0.09609446
37605	997	0.09609446
37605	1403	0.09609446
37605	2138	0.09609446
37605	2364	0.09609446
37623	3844	0.11676021
37623	2492	0.116760194
37623	6116	0.11676019
37623	4924	0.11676018
37623	5927	0.11676018
37623	6219	0.11676018
37623	1860	0.116760164
37623	5378	0.116760164
37623	972	0.11676016
37623	6793	0.11676015
37644	2148	0.102379456
37644	130	0.10237945
37644	2603	0.10237945
37644	947	0.10237944
37644	1764	0.10237944
37644	2057	0.10237944
37644	2090	0.10237944
37644	3127	0.10237944
37644	4057	0.10237944
37644	172	0.102379434
37691	3971	0.10000484
37691	997	0.10000482
37691	1869	0.10000482
37691	2138	0.10000482
37691	3559	0.10000482
37691	3616	0.10000482
37691	5886	0.10000482
37691	6123	0.10000482
37691	6912	0.10000482
37691	41	0.100004815
37712	3971	0.13361454
37712	5031	0.13361454
37712	124	0.13361453
37712	890	0.13361453
37712	1869	0.13361453
37712	2121	0.13361453
37712	3616	0.13361453
37712	24	0.13361451
37712	49	0.13361451
37712	180	0.13361451
37790	5033	0.09735062
37790	520	0.097350605
37790	5653	0.0973506
37790	6810	0.0973506
37790	6147	0.09735059
37790	6079	0.09658216
37790	890	0.09610215
37790	49	0.09610214
37790	1869	0.09610214
37790	41	0.09610213
37817	1869	0.11105053
37817	3971	0.11105053
37817	387	0.111050524
37817	890	0.111050524
37817	6123	0.111050524
37817	41	0.11105052
37817	538	0.11105052
37817	579	0.11105052
37817	645	0.11105052
37817	922	0.11105052
37822	6655	0.069469646
37822	6585	0.06946964
37822	6680	0.06946964
37822	2933	0.06946963
37822	5472	0.06946963
37822	6645	0.06946963
37822	3378	0.06946962
37822	5471	0.06946962
37822	5370	0.06894296
37822	5731	0.06848508
37874	1238	0.09736058
37874	4320	0.09736057
37874	143	0.097360566
37874	1449	0.097360566
37874	5128	0.097360566
37874	5275	0.097360566
37874	4267	0.09736056
37874	1570	0.09736055
37874	4172	0.09736055
37874	4553	0.09736055
37968	890	0.12849772
37968	3971	0.12849772
37968	387	0.1284977
37968	1869	0.1284977
37968	3616	0.1284977
37968	5031	0.1284977
37968	5886	0.1284977
37968	6912	0.1284977
37968	41	0.12849769
37968	124	0.12849769
37974	2982	0.086022675
37974	3619	0.08602264
37974	5919	0.08576609
37974	4384	0.085766084
37974	2651	0.08576608
37974	4121	0.08576608
37974	6103	0.08576608
37974	6886	0.08576608
37974	4173	0.08576606
37974	6000	0.08576606
37989	1869	0.107672855
37989	3616	0.107672855
37989	5031	0.107672855
37989	5886	0.107672855
37989	997	0.10767285
37989	6912	0.10767285
37989	124	0.10767284
37989	215	0.10767284
37989	478	0.10767284
37989	579	0.10767284
38034	3470	0.095268354
38034	4460	0.09478922
38034	2045	0.09478921
38034	1692	0.09478919
38034	2840	0.09478919
38034	331	0.09478918
38034	1531	0.09478917
38034	2583	0.09478916
38034	6435	0.09417858
38034	3321	0.09417857
38081	3525	0.09058195
38081	4378	0.09058194
38081	5566	0.09058193
38081	2006	0.09058192
38081	2686	0.09058192
38081	4328	0.09058192
38081	6108	0.09058192
38081	6681	0.09058192
38081	2672	0.090581916
38081	5042	0.09058191
38091	660	0.12060036
38091	3179	0.12060034
38091	3597	0.12060034
38091	1423	0.12060032
38091	5115	0.12016296
38091	6674	0.12016296
38091	3418	0.12016295
38091	3493	0.12016295
38091	3853	0.12016295
38091	4595	0.12016295
38176	997	0.117132425
38176	4076	0.117132425
38176	6123	0.117132425
38176	387	0.11713242
38176	2138	0.11713242
38176	3616	0.11713242
38176	3971	0.11713242
38176	5716	0.11713242
38176	5886	0.11713242
38176	6912	0.11713242
38250	1155	0.15317069
38250	2503	0.15317069
38250	4740	0.15317069
38250	5914	0.15317069
38250	4431	0.15317068
38250	4444	0.15317068
38250	4738	0.15317068
38250	5599	0.15317068
38250	6312	0.15317068
38250	6396	0.15317068
38281	4387	0.11446644
38281	1610	0.114466436
38281	4143	0.114466436
38281	626	0.11446643
38281	2986	0.11446643
38281	3929	0.11446643
38281	4181	0.11446643
38281	5974	0.11446643
38281	6594	0.11446643
38281	497	0.11446642
38457	6123	0.09374335
38457	890	0.09374334
38457	1415	0.09374334
38457	1869	0.09374334
38457	2138	0.09374334
38457	3971	0.09374334
38457	4323	0.09374334
38457	5031	0.09374334
38457	5886	0.09374334
38457	49	0.09374333
38464	396	0.14597994
38464	1848	0.14597994
38464	3657	0.14597994
38464	4103	0.14597994
38464	5731	0.14597994
38464	493	0.14597993
38464	892	0.14597993
38464	920	0.14597993
38464	2287	0.14597993
38464	2320	0.14597993
38482	4906	0.101872705
38482	1567	0.1018727
38482	5086	0.1018727
38482	5335	0.1018727
38482	5295	0.10187269
38482	248	0.10187268
38482	1816	0.10187268
38482	2653	0.10187268
38482	3356	0.10187268
38482	3361	0.10187268
38544	1778	0.11107557
38544	2479	0.111075565
38544	1443	0.11107556
38544	4276	0.11107555
38544	73	0.11107554
38544	5489	0.111075535
38544	2577	0.11107553
38544	6846	0.11107552
38544	2891	0.111075506
38544	4071	0.111075506
38556	2787	0.13508016
38556	1879	0.13508013
38556	3308	0.13508013
38556	4556	0.13508013
38556	6137	0.13508013
38556	6896	0.13508013
38556	5740	0.13508011
38556	778	0.1350801
38556	3333	0.1350801
38556	4518	0.1350801
38590	6123	0.11883803
38590	4076	0.11883802
38590	6507	0.11883802
38590	387	0.11883801
38590	890	0.11883801
38590	997	0.11883801
38590	1856	0.11883801
38590	1869	0.11883801
38590	2806	0.11883801
38590	3286	0.11883801
38654	6310	0.12060592
38654	3700	0.120605916
38654	6674	0.120605916
38654	6768	0.120605916
38654	4595	0.12060591
38654	1324	0.1206059
38654	1745	0.1206059
38654	1806	0.1206059
38654	3112	0.1206059
38654	3210	0.1206059
38660	3700	0.09473513
38660	3853	0.09473513
38660	4595	0.09473513
38660	3830	0.09473512
38660	3866	0.09473512
38660	4241	0.09473512
38660	6643	0.09473512
38660	6674	0.09473512
38660	6768	0.09473512
38660	533	0.094735116
38661	6643	0.106026314
38661	1752	0.10602631
38661	3210	0.10602631
38661	3700	0.10602631
38661	4595	0.10602631
38661	6674	0.10602631
38661	6768	0.10602631
38661	533	0.1060263
38661	3112	0.1060263
38661	3830	0.1060263
38679	4076	0.085144214
38679	387	0.08514421
38679	890	0.08514421
38679	922	0.08514421
38679	997	0.08514421
38679	1146	0.08514421
38679	2138	0.08514421
38679	2515	0.08514421
38679	3971	0.08514421
38679	6123	0.08514421
38703	2320	0.084904194
38703	4103	0.084904194
38703	5731	0.084904194
38703	1621	0.08490419
38703	493	0.08490418
38703	892	0.08490418
38703	1848	0.08490418
38703	2014	0.08490418
38703	2209	0.08490418
38703	3610	0.08490418
38718	2882	0.10962953
38718	4447	0.10962951
38718	3525	0.10760542
38718	4378	0.107605405
38718	2686	0.1076054
38718	5566	0.1076054
38718	415	0.10760538
38718	2006	0.10760538
38718	6108	0.10760538
38718	6865	0.10760538
38781	2138	0.13518296
38781	5896	0.13518296
38781	775	0.13518295
38781	890	0.13518295
38781	1393	0.13518295
38781	1852	0.13518295
38781	1869	0.13518295
38781	2364	0.13518295
38781	3059	0.13518295
38781	3616	0.13518295
38802	997	0.108747944
38802	1869	0.108747944
38802	2138	0.108747944
38802	3616	0.108747944
38802	3971	0.108747944
38802	5886	0.108747944
38802	6123	0.108747944
38802	2364	0.10874794
38802	4076	0.10874794
38802	243	0.10874793
38818	890	0.09194744
38818	1340	0.09194744
38818	3971	0.09194744
38818	5886	0.09194744
38818	6123	0.09194744
38818	6507	0.09194744
38818	216	0.09194743
38818	387	0.09194743
38818	478	0.09194743
38818	538	0.09194743
38887	387	0.13175052
38887	997	0.13175052
38887	1869	0.13175052
38887	3616	0.13175052
38887	3971	0.13175052
38887	478	0.13175051
38887	2037	0.13175051
38887	2138	0.13175051
38887	4076	0.13175051
38887	5031	0.13175051
38899	997	0.09884356
38899	2138	0.09884356
38899	3971	0.09884356
38899	5886	0.09884356
38899	6123	0.09884356
38899	6912	0.09884356
38899	41	0.098843545
38899	387	0.098843545
38899	597	0.098843545
38899	775	0.098843545
38933	4813	0.11652877
38933	4984	0.116528764
38933	3644	0.11652876
38933	3868	0.11652876
38933	80	0.11652875
38933	6909	0.11652875
38933	1997	0.11652874
38933	4775	0.11652874
38933	5106	0.11652874
38933	5151	0.11652874
38950	3971	0.090364575
38950	890	0.09036457
38950	2121	0.09036457
38950	6912	0.09036457
38950	41	0.09036456
38950	387	0.09036456
38950	597	0.09036456
38950	832	0.09036456
38950	997	0.09036456
38950	1340	0.09036456
38991	3971	0.08943433
38991	49	0.08943432
38991	24	0.08943431
38991	124	0.08943431
38991	387	0.08943431
38991	890	0.08943431
38991	922	0.08943431
38991	1415	0.08943431
38991	1869	0.08943431
38991	3164	0.08943431
38995	1092	0.111317426
38995	4369	0.111317426
38995	6593	0.111317426
38995	6880	0.111317426
38995	245	0.11131742
38995	511	0.11131742
38995	3097	0.11131742
38995	4318	0.11131742
38995	5288	0.11131742
38995	246	0.11131741
39087	387	0.087183386
39087	1869	0.087183386
39087	2138	0.087183386
39087	3971	0.087183386
39087	4076	0.087183386
39087	5805	0.087183386
39087	6123	0.087183386
39087	579	0.08718338
39087	832	0.08718338
39087	890	0.08718338
39159	1177	0.0965597
39159	1221	0.09655969
39159	4299	0.09655969
39159	4806	0.09655969
39159	6318	0.09655969
39159	3761	0.09655968
39159	4324	0.09655968
39159	5691	0.09655968
39159	6762	0.09655968
39159	1233	0.09655967
39219	1177	0.116136566
39219	1221	0.11613655
39219	4806	0.11613655
39219	6762	0.11613655
39219	3511	0.11613654
39219	3118	0.116136536
39219	3263	0.116136536
39219	4650	0.116136536
39219	5085	0.116136536
39219	5944	0.116136536
39227	3853	0.07502766
39227	2220	0.075027645
39227	3418	0.075027645
39227	3493	0.075027645
39227	3830	0.075027645
39227	3866	0.075027645
39227	5454	0.075027645
39227	6643	0.075027645
39227	6768	0.075027645
39227	1806	0.07502764
39281	489	0.16714752
39281	854	0.16714752
39281	2382	0.16714752
39281	3434	0.16714752
39281	3510	0.16714752
39281	3694	0.16714752
39281	4885	0.16714752
39281	4960	0.16714752
39281	5785	0.16714752
39281	6555	0.16714752
39284	890	0.09756122
39284	3971	0.09756122
39284	538	0.09756121
39284	1869	0.09756121
39284	2138	0.09756121
39284	6507	0.09756121
39284	41	0.0975612
39284	387	0.0975612
39284	922	0.0975612
39284	1146	0.0975612
39345	511	0.16267358
39345	6593	0.16267358
39345	245	0.16267356
39345	1092	0.16267356
39345	3097	0.16267356
39345	3526	0.16267356
39345	4318	0.16267356
39345	4905	0.16267356
39345	5288	0.16267356
39345	6880	0.16267356
39353	1869	0.1157756
39353	5886	0.11577559
39353	997	0.115775585
39353	2121	0.115775585
39353	3616	0.115775585
39353	3971	0.115775585
39353	5896	0.115775585
39353	6123	0.115775585
39353	6507	0.115775585
39353	387	0.11577558
39372	4176	0.1263937
39372	231	0.12639368
39372	668	0.12639368
39372	1619	0.12639368
39372	2402	0.12639368
39372	3950	0.12639368
39372	4068	0.12639368
39372	5197	0.12639368
39372	6216	0.12639368
39372	6840	0.12639368
39374	4446	0.095487244
39374	2518	0.09548724
39374	3749	0.09548724
39374	4004	0.09548724
39374	6796	0.09548724
39374	2017	0.09548723
39374	6152	0.09548723
39374	6789	0.09548723
39374	759	0.09548722
39374	1362	0.09548722
39396	3785	0.12832808
39396	801	0.12832807
39396	3120	0.12832807
39396	4151	0.12832807
39396	6222	0.12832807
39396	686	0.12832806
39396	1087	0.12832806
39396	1389	0.12832806
39396	1613	0.12832806
39396	1650	0.12832806
39441	5331	0.12807666
39441	5672	0.12807666
39441	6756	0.12807664
39441	4833	0.12807663
39441	828	0.12807661
39441	4488	0.12807661
39441	6273	0.12807661
39441	4351	0.1280766
39441	5343	0.1280766
39441	3830	0.12656608
39502	244	0.13700898
39502	6265	0.13700898
39502	4599	0.13700895
39502	149	0.13700894
39502	632	0.13700894
39502	4045	0.13700894
39502	961	0.13700892
39502	2962	0.13700892
39502	3385	0.13700892
39502	3548	0.13700892
39513	6851	0.108164564
39513	4856	0.10816454
39513	2988	0.108164534
39513	482	0.10816453
39513	5315	0.10816453
39513	6749	0.10816453
39513	2457	0.10816452
39513	4007	0.10816452
39513	4382	0.10816452
39513	2685	0.10816451
39616	4176	0.117261395
39616	231	0.11726138
39616	1022	0.11726138
39616	1034	0.11726138
39616	1619	0.11726137
39616	5197	0.11726137
39616	6216	0.11726137
39616	6840	0.11726137
39616	5129	0.117261365
39616	668	0.11726136
39646	2519	0.07268685
39646	3722	0.07268685
39646	2822	0.07268684
39646	1965	0.07251765
39646	2359	0.07251764
39646	859	0.07251763
39646	4099	0.07251763
39646	5565	0.07251763
39646	5931	0.07251763
39646	929	0.07251762
39662	2518	0.114414014
39662	4004	0.114414014
39662	4446	0.11441401
39662	6796	0.11441401
39662	4789	0.114414
39662	30	0.11441399
39662	759	0.11441399
39662	3749	0.11441399
39662	6152	0.11441399
39662	6601	0.11441399
39705	387	0.09061149
39705	3971	0.09061149
39705	5031	0.09061149
39705	5886	0.09061149
39705	5896	0.09061149
39705	124	0.09061148
39705	2138	0.09061148
39705	24	0.09061147
39705	41	0.09061147
39705	49	0.09061147
39773	1087	0.14064667
39773	6222	0.14064667
39773	2305	0.14064665
39773	3187	0.14064665
39773	3219	0.14064665
39773	4151	0.14064665
39773	5339	0.14064665
39773	6236	0.14064665
39773	109	0.14064664
39773	349	0.14064664
39928	3971	0.15823902
39928	1869	0.158239
39928	2138	0.158239
39928	5886	0.158239
39928	6123	0.158239
39928	49	0.15823899
39928	387	0.15823899
39928	1194	0.15823899
39928	1340	0.15823899
39928	2655	0.15823899
40052	4813	0.088037014
40052	4984	0.08803701
40052	3644	0.08803699
40052	2236	0.088036984
40052	3868	0.088036984
40052	4775	0.088036984
40052	6909	0.088036984
40052	80	0.08803698
40052	1997	0.08803698
40052	3271	0.08803698
40110	4885	0.09120074
40110	968	0.091200724
40110	1413	0.091200724
40110	2360	0.091200724
40110	2382	0.091200724
40110	2595	0.091200724
40110	3560	0.091200724
40110	3658	0.091200724
40110	4224	0.091200724
40110	4796	0.091200724
40222	244	0.08593934
40222	6265	0.08593933
40222	4599	0.08593932
40222	632	0.08593931
40222	3385	0.08593931
40222	149	0.0859393
40222	582	0.0859393
40222	961	0.0859393
40222	2962	0.0859393
40222	3548	0.0859393
40299	5731	0.10475087
40299	1280	0.10475086
40299	4103	0.10475086
40299	4703	0.10475086
40299	1621	0.10475085
40299	6670	0.10475085
40299	605	0.10475084
40299	892	0.10475084
40299	920	0.10475084
40299	1258	0.10475084
40330	244	0.12125012
40330	6265	0.12125012
40330	149	0.12125011
40330	582	0.12125011
40330	632	0.12125011
40330	961	0.1212501
40330	3385	0.12125009
40330	3548	0.121250086
40330	4045	0.121250086
40330	5437	0.121250086
40415	962	0.10017496
40415	231	0.09985421
40415	668	0.0998542
40415	4176	0.0998542
40415	4000	0.09985419
40415	1022	0.099854186
40415	1619	0.099854186
40415	1723	0.099854186
40415	5197	0.099854186
40415	5949	0.099854186
40466	3971	0.10172861
40466	376	0.1017286
40466	597	0.1017286
40466	642	0.1017286
40466	997	0.1017286
40466	5031	0.1017286
40466	5716	0.1017286
40466	6123	0.1017286
40466	6912	0.1017286
40466	890	0.101728596
40505	4151	0.11429628
40505	5121	0.114296265
40505	686	0.11429626
40505	1087	0.11429626
40505	1650	0.11429626
40505	3187	0.11429626
40505	801	0.11429625
40505	2305	0.11429625
40505	2916	0.11429625
40505	5019	0.11429625
40511	4673	0.12410976
40511	2419	0.12410975
40511	3606	0.12410975
40511	884	0.124109745
40511	3870	0.124109745
40511	5041	0.124109745
40511	4938	0.12410974
40511	792	0.12410973
40511	819	0.12410973
40511	903	0.12410973
40553	4446	0.07345682
40553	759	0.07345681
40553	1958	0.07345681
40553	2128	0.07345681
40553	2518	0.07345681
40553	4004	0.07345681
40553	5427	0.07345681
40553	5980	0.07345681
40553	6152	0.07345681
40553	6601	0.07345681
40612	3531	0.113032594
40612	6216	0.1116148
40612	231	0.11161479
40612	1619	0.11161479
40612	4176	0.11161479
40612	6840	0.11161479
40612	668	0.111614786
40612	5129	0.11161478
40612	5197	0.11161478
40612	1022	0.11161477
40640	3018	0.106527664
40640	6418	0.106527664
40640	1575	0.10652766
40640	3491	0.10652766
40640	3937	0.10652766
40640	4065	0.10652766
40640	5703	0.10652766
40640	5821	0.10652766
40640	6608	0.10652766
40640	606	0.10652765
40772	2266	0.12797868
40772	5076	0.12797867
40772	1464	0.12797865
40772	3546	0.12797865
40772	511	0.12765051
40772	1092	0.12765048
40772	2643	0.12765048
40772	3526	0.12765048
40772	4557	0.12765048
40772	5998	0.12765048
40795	5478	0.0839725
40795	6355	0.0839725
40795	2614	0.083972484
40795	5895	0.08397248
40795	2619	0.08397247
40795	980	0.08397246
40795	5475	0.08397246
40795	492	0.083972454
40795	909	0.08397245
40795	5731	0.083227776
40796	3971	0.1015517
40796	2138	0.10155169
40796	890	0.10155168
40796	1869	0.10155168
40796	4076	0.10155168
40796	5886	0.10155168
40796	6123	0.10155168
40796	6912	0.10155168
40796	6915	0.10155168
40796	124	0.101551674
40798	5718	0.07614324
40798	1741	0.07614322
40798	2446	0.07614322
40798	5986	0.07614322
40798	6332	0.07614322
40798	3525	0.07603752
40798	4378	0.07603751
40798	5566	0.076037504
40798	2686	0.0760375
40798	4328	0.0760375
40838	6222	0.1099495
40838	801	0.109949484
40838	1087	0.109949484
40838	2145	0.109949484
40838	2305	0.109949484
40838	3120	0.109949484
40838	3219	0.109949484
40838	4151	0.109949484
40838	4342	0.109949484
40838	5121	0.109949484
40888	5835	0.118249185
40888	3445	0.11824916
40888	6333	0.11824916
40888	6428	0.11824916
40888	126	0.11824915
40888	2383	0.11824915
40888	3808	0.11824915
40888	4495	0.11824915
40888	6869	0.11824915
40888	3507	0.11824914
40889	3417	0.11604874
40889	6705	0.11604873
40889	1968	0.11604872
40889	5284	0.11604872
40889	3473	0.116048716
40889	1697	0.11604871
40889	6742	0.11604871
40889	2001	0.11562458
40889	2695	0.115624554
40889	479	0.11362622
40914	49	0.11548473
40914	4323	0.11548473
40914	6123	0.11548473
40914	3971	0.11548472
40914	890	0.115484715
40914	922	0.115484715
40914	1146	0.115484715
40914	1194	0.115484715
40914	1415	0.115484715
40914	1856	0.115484715
40922	231	0.07359432
40922	4176	0.07359432
40922	668	0.0735943
40922	677	0.0735943
40922	1022	0.0735943
40922	1619	0.0735943
40922	1723	0.0735943
40922	4593	0.0735943
40922	5949	0.0735943
40922	760	0.073594294
40943	3757	0.13598818
40943	5152	0.13598816
40943	2379	0.13598815
40943	4755	0.13598815
40943	6305	0.13598815
40943	6376	0.13598815
40943	2101	0.13598812
40943	966	0.1359881
40943	4813	0.1358393
40943	4984	0.1358393
41058	5731	0.08982806
41058	4703	0.08982805
41058	3657	0.089828044
41058	4103	0.089828044
41058	4496	0.089828044
41058	605	0.08982804
41058	920	0.08982804
41058	1848	0.08982804
41058	2450	0.08982804
41058	2644	0.08982804
41080	801	0.08718218
41080	4151	0.08718218
41080	5121	0.08718218
41080	6222	0.08718218
41080	5019	0.08718217
41080	400	0.087182164
41080	1087	0.087182164
41080	1650	0.087182164
41080	2180	0.087182164
41080	2305	0.087182164
41084	124	0.15433323
41084	478	0.15433323
41084	810	0.15433323
41084	922	0.15433323
41084	1340	0.15433323
41084	1415	0.15433323
41084	1856	0.15433323
41084	2364	0.15433323
41084	2736	0.15433323
41084	3616	0.15433323
41086	5886	0.10494227
41086	124	0.10494226
41086	387	0.10494226
41086	922	0.10494226
41086	1856	0.10494226
41086	1869	0.10494226
41086	2121	0.10494226
41086	3059	0.10494226
41086	3971	0.10494226
41086	215	0.104942255
41088	2382	0.11704677
41088	4885	0.11704677
41088	3115	0.117046766
41088	3658	0.117046766
41088	4163	0.117046766
41088	4817	0.117046766
41088	1080	0.11704676
41088	2274	0.11704676
41088	3560	0.11704676
41088	3694	0.11704676
41111	1869	0.10242347
41111	49	0.10242346
41111	387	0.10242346
41111	1856	0.10242346
41111	3971	0.10242346
41111	41	0.10242345
41111	124	0.10242345
41111	478	0.10242345
41111	890	0.10242345
41111	922	0.10242345
41123	1472	0.081781626
41123	3935	0.081781626
41123	2769	0.08178162
41123	1515	0.08178161
41123	1951	0.08178161
41123	2994	0.08178161
41123	3090	0.08178161
41123	3496	0.08178161
41123	4169	0.08178161
41123	4686	0.08178161
41177	2518	0.12229908
41177	1958	0.12229906
41177	4446	0.12229906
41177	5427	0.12229905
41177	595	0.122299045
41177	759	0.122299045
41177	1742	0.122299045
41177	2017	0.122299045
41177	4004	0.122299045
41177	6152	0.122299045
41245	2138	0.078710586
41245	1869	0.07871058
41245	3616	0.07871058
41245	3971	0.07871058
41245	387	0.07871057
41245	579	0.07871057
41245	645	0.07871057
41245	860	0.07871057
41245	865	0.07871057
41245	890	0.07871057
41364	5793	0.0981769
41364	4218	0.09817689
41364	5668	0.09817689
41364	42	0.09817688
41364	427	0.09817688
41364	5066	0.09817688
41364	793	0.09817687
41364	1536	0.09817687
41364	3748	0.09817687
41364	4968	0.09817687
41395	801	0.10812926
41395	4151	0.108129255
41395	6222	0.108129255
41395	686	0.10812925
41395	1087	0.10812925
41395	1389	0.10812925
41395	1650	0.10812925
41395	2305	0.10812925
41395	3187	0.10812925
41395	99	0.10812924
41403	533	0.09282178
41403	3853	0.09282178
41403	4241	0.09282178
41403	4595	0.09282178
41403	5454	0.09282178
41403	6674	0.09282178
41403	3866	0.09282177
41403	6643	0.09282177
41403	6768	0.09282177
41403	1806	0.09282176
41425	3866	0.07103824
41425	5454	0.07103823
41425	5729	0.07103823
41425	6674	0.07103823
41425	6768	0.07103823
41425	533	0.071038224
41425	1806	0.071038224
41425	2220	0.071038224
41425	3091	0.071038224
41425	3795	0.071038224
41449	1869	0.10396136
41449	3971	0.103961356
41449	41	0.10396135
41449	124	0.10396135
41449	215	0.10396135
41449	387	0.10396135
41449	579	0.10396135
41449	997	0.10396135
41449	1058	0.10396135
41449	1393	0.10396135
41450	4165	0.09979533
41450	5444	0.0997953
41450	1615	0.09979529
41450	3370	0.09979528
41450	5220	0.09979528
41450	5682	0.09979528
41450	1224	0.09979527
41450	4750	0.09979527
41450	1933	0.09979525
41450	4906	0.09961593
41455	645	0.10435785
41455	5031	0.10435785
41455	997	0.10435784
41455	1062	0.10435784
41455	1455	0.10435784
41455	3897	0.10435784
41455	5716	0.10435784
41455	478	0.10435783
41455	1146	0.10435783
41455	1869	0.10435783
41589	890	0.12602255
41589	3971	0.12602255
41589	6123	0.12602255
41589	387	0.12602253
41589	2138	0.12602253
41589	24	0.12602252
41589	41	0.12602252
41589	49	0.12602252
41589	124	0.12602252
41589	243	0.12602252
41596	3866	0.09950294
41596	3980	0.09950294
41596	5454	0.09950294
41596	2304	0.099502936
41596	3853	0.099502936
41596	4241	0.099502936
41596	4718	0.099502936
41596	4807	0.099502936
41596	1530	0.09950293
41596	3210	0.09950293
41634	4906	0.072964534
41634	5086	0.072964534
41634	3289	0.07296453
41634	5869	0.07296453
41634	248	0.07296452
41634	655	0.07296452
41634	1350	0.07296452
41634	1567	0.07296452
41634	2080	0.07296452
41634	2207	0.07296452
41667	387	0.087705925
41667	890	0.087705925
41667	2121	0.08770592
41667	2364	0.08770592
41667	3616	0.08770592
41667	3971	0.08770592
41667	6915	0.08770592
41667	24	0.08770591
41667	41	0.08770591
41667	49	0.08770591
41676	5430	0.11513378
41676	6260	0.11513378
41676	364	0.11513376
41676	2636	0.11513376
41676	2780	0.11513376
41676	3435	0.11513376
41676	1826	0.115133755
41676	3824	0.115133755
41676	2102	0.11513375
41676	2879	0.11513375
41757	3971	0.17590031
41757	6912	0.17590031
41757	124	0.17590028
41757	387	0.17590028
41757	832	0.17590028
41757	890	0.17590028
41757	1862	0.17590028
41757	1869	0.17590028
41757	2138	0.17590028
41757	3616	0.17590028
41760	387	0.1415587
41760	890	0.1415587
41760	997	0.1415587
41760	1869	0.1415587
41760	2121	0.1415587
41760	5031	0.1415587
41760	5886	0.1415587
41760	6123	0.1415587
41760	41	0.14155869
41760	577	0.14155869
41781	425	0.15751158
41781	91	0.15751147
41781	1524	0.15751147
41781	3776	0.15751147
41781	5355	0.15751147
41781	1185	0.15751146
41781	4469	0.15751146
41781	5304	0.15751146
41781	4032	0.15751144
41781	5321	0.15751144
41841	4740	0.1556491
41841	5914	0.1556491
41841	6396	0.15564908
41841	1024	0.15564907
41841	1155	0.15564907
41841	2503	0.15564907
41841	3677	0.15564907
41841	4444	0.15564907
41841	4738	0.15564907
41841	703	0.15564905
41911	3971	0.09324366
41911	1869	0.09324365
41911	6123	0.09324365
41911	41	0.09324364
41911	49	0.09324364
41911	124	0.09324364
41911	387	0.09324364
41911	890	0.09324364
41911	997	0.09324364
41911	1856	0.09324364
41985	3437	0.08466849
41985	6311	0.08466849
41985	2314	0.08466848
41985	5007	0.08466847
41985	1975	0.084668465
41985	5148	0.084668465
41985	5757	0.08466846
41985	511	0.084584534
41985	6364	0.08458452
41985	985	0.08458451
42093	231	0.1409306
42093	4176	0.1409306
42093	5197	0.14093058
42093	668	0.14093056
42093	2409	0.14093056
42093	4000	0.14093056
42093	5129	0.14093056
42093	5872	0.14093056
42093	6216	0.14093056
42093	6840	0.14093056
42099	4673	0.10002011
42099	2419	0.100020096
42099	3230	0.100020096
42099	5041	0.100020096
42099	3606	0.10002009
42099	5864	0.10002009
42099	247	0.10002008
42099	819	0.10002008
42099	884	0.10002008
42099	3443	0.10002008
42323	64	0.09089178
42323	2160	0.09089178
42323	4660	0.09089178
42323	5089	0.09089176
42323	5898	0.090891756
42323	3117	0.09089175
42323	2177	0.09089174
42323	152	0.09022117
42323	1679	0.09022117
42323	4233	0.09022117
42372	42	0.09253747
42372	427	0.092537455
42372	5066	0.092537455
42372	4218	0.09253745
42372	5668	0.09253745
42372	1536	0.09253744
42372	5793	0.09253744
42372	464	0.09253743
42372	1836	0.09253743
42372	3167	0.09253743
42408	3971	0.08474396
42408	4323	0.08474396
42408	5218	0.08474396
42408	6123	0.08474396
42408	49	0.084743954
42408	387	0.084743954
42408	890	0.084743954
42408	1869	0.084743954
42408	2138	0.084743954
42408	4076	0.084743954
42410	5731	0.107384205
42410	1621	0.10738419
42410	4103	0.10738419
42410	6465	0.10738418
42410	920	0.107384175
42410	1848	0.107384175
42410	2450	0.107384175
42410	4703	0.107384175
42410	5465	0.107384175
42410	6149	0.107384175
42419	6423	0.10384619
42419	2843	0.10384616
42419	1301	0.10384613
42419	5033	0.10255104
42419	6810	0.10255103
42419	520	0.10255101
42419	5653	0.10255101
42419	6147	0.10255101
42419	2121	0.101731226
42419	5031	0.10173122
42450	387	0.102700226
42450	1869	0.102700226
42450	3616	0.102700226
42450	5886	0.102700226
42450	49	0.10270022
42450	124	0.10270022
42450	442	0.10270022
42450	478	0.10270022
42450	577	0.10270022
42450	890	0.10270022
42458	3971	0.09221214
42458	49	0.09221213
42458	387	0.09221213
42458	2364	0.09221213
42458	3059	0.09221213
42458	6123	0.09221213
42458	41	0.092212126
42458	124	0.092212126
42458	890	0.092212126
42458	922	0.092212126
42466	41	0.1309625
42466	890	0.1309625
42466	2121	0.1309625
42466	3971	0.1309625
42466	6123	0.1309625
42466	24	0.13096249
42466	124	0.13096249
42466	164	0.13096249
42466	376	0.13096249
42466	387	0.13096249
42573	3971	0.14760311
42573	1869	0.1476031
42573	2121	0.1476031
42573	2138	0.1476031
42573	5031	0.1476031
42573	49	0.14760308
42573	124	0.14760308
42573	387	0.14760308
42573	579	0.14760308
42573	1455	0.14760308
42597	5869	0.11017048
42597	1567	0.110170476
42597	2653	0.11017047
42597	3359	0.11017047
42597	3361	0.11017047
42597	4868	0.11017047
42597	4906	0.11017047
42597	5295	0.11017047
42597	5335	0.11017047
42597	6785	0.11017047
42611	4446	0.091048874
42611	2128	0.09104887
42611	2518	0.09104887
42611	1958	0.09104886
42611	3749	0.09104886
42611	4004	0.09104886
42611	30	0.09104885
42611	759	0.09104885
42611	1742	0.09104885
42611	5208	0.09104885
42651	2154	0.086248115
42651	5731	0.0860388
42651	4103	0.08603879
42651	5465	0.08603878
42651	605	0.086038776
42651	2014	0.086038776
42651	2209	0.086038776
42651	4496	0.086038776
42651	4703	0.086038776
42651	396	0.08603877
42730	2138	0.12012644
42730	3616	0.12012644
42730	1869	0.12012643
42730	5896	0.12012643
42730	890	0.120126426
42730	2364	0.120126426
42730	3971	0.120126426
42730	5031	0.120126426
42730	5886	0.120126426
42730	6123	0.120126426
42780	2419	0.09946503
42780	3870	0.09946502
42780	884	0.09946501
42780	1648	0.09946501
42780	3283	0.09946501
42780	3443	0.09946501
42780	3606	0.09946501
42780	4472	0.09946501
42780	4673	0.09946501
42780	4938	0.09946501
42798	2705	0.07904002
42798	467	0.07849119
42798	3799	0.07849118
42798	4843	0.07849118
42798	6244	0.07849118
42798	6689	0.07849118
42798	3384	0.07849117
42798	3426	0.07849117
42798	3562	0.07849117
42798	4471	0.07849117
42847	1476	0.07339743
42847	2874	0.07339742
42847	3084	0.0733974
42847	6669	0.0733974
42847	4906	0.07311174
42847	1567	0.073111735
42847	2207	0.073111735
42847	248	0.07311173
42847	1816	0.07311173
42847	1874	0.07311173
42883	1177	0.12469016
42883	4806	0.124690145
42883	3511	0.12469013
42883	2241	0.12469012
42883	3118	0.12469012
42883	3263	0.12469012
42883	5085	0.12469012
42883	6530	0.12469012
42883	297	0.124690115
42883	519	0.124690115
42914	3971	0.13009804
42914	1869	0.13009803
42914	3965	0.13009803
42914	5031	0.13009803
42914	124	0.13009802
42914	387	0.13009802
42914	579	0.13009802
42914	645	0.13009802
42914	810	0.13009802
42914	890	0.13009802
42948	41	0.1067287
42948	387	0.1067287
42948	1869	0.1067287
42948	3750	0.1067287
42948	3971	0.1067287
42948	4076	0.1067287
42948	2364	0.106728695
42948	6123	0.106728695
42948	124	0.10672869
42948	215	0.10672869
43004	890	0.11028634
43004	2037	0.11028634
43004	3971	0.11028634
43004	5031	0.11028634
43004	387	0.11028633
43004	901	0.11028633
43004	2138	0.11028633
43004	3616	0.11028633
43004	5218	0.11028633
43004	5916	0.11028633
43006	4004	0.14681634
43006	2017	0.14681633
43006	4446	0.14681633
43006	6152	0.14681633
43006	759	0.14681631
43006	1362	0.14681631
43006	2184	0.14681631
43006	2518	0.14681631
43006	4789	0.14681631
43006	5058	0.14681631
43021	890	0.11396846
43021	2121	0.113968454
43021	5031	0.113968454
43021	49	0.11396845
43021	387	0.11396845
43021	1146	0.11396845
43021	3971	0.11396845
43021	5218	0.11396845
43021	6123	0.11396845
43021	922	0.11396844
43093	890	0.10671091
43093	6912	0.10671091
43093	478	0.1067109
43093	922	0.1067109
43093	3971	0.1067109
43093	4076	0.1067109
43093	5029	0.1067109
43093	5031	0.1067109
43093	24	0.106710896
43093	387	0.106710896
43157	1869	0.087749764
43157	3971	0.087749764
43157	41	0.08774975
43157	124	0.08774975
43157	387	0.08774975
43157	1403	0.08774975
43157	2121	0.08774975
43157	2138	0.08774975
43157	2728	0.08774975
43157	3559	0.08774975
43163	4446	0.1005929
43163	6152	0.1005929
43163	6601	0.1005929
43163	2518	0.10059289
43163	1344	0.10059288
43163	2128	0.10059288
43163	3749	0.10059288
43163	4004	0.10059288
43163	759	0.100592874
43163	2017	0.100592874
43282	3988	0.09832521
43282	6189	0.09832518
43282	2936	0.09777539
43282	5904	0.09777539
43282	6352	0.09777539
43282	667	0.097775385
43282	806	0.097775385
43282	2197	0.097775385
43282	3138	0.097775385
43282	3374	0.097775385
43359	2304	0.09768914
43359	3700	0.09768914
43359	3853	0.09768914
43359	5454	0.09768914
43359	6674	0.09768914
43359	6768	0.09768914
43359	2220	0.09768913
43359	3866	0.09768913
43359	4595	0.09768913
43359	5511	0.09768913
43436	4673	0.12080602
43436	884	0.12080599
43436	1648	0.12080599
43436	3230	0.12080599
43436	4080	0.12080599
43436	5041	0.12080599
43436	1726	0.120805986
43436	2419	0.120805986
43436	5539	0.120805986
43436	5787	0.120805986
43481	244	0.118585706
43481	6265	0.118585706
43481	632	0.11858569
43481	4599	0.11858569
43481	149	0.118585676
43481	582	0.118585676
43481	4045	0.118585676
43481	650	0.11858566
43481	2962	0.11858566
43481	5437	0.11858566
43595	890	0.099438176
43595	1194	0.099438176
43595	2138	0.099438176
43595	2364	0.099438176
43595	3971	0.099438176
43595	4076	0.099438176
43595	5716	0.099438176
43595	6123	0.099438176
43595	6912	0.099438176
43595	387	0.09943817
43619	2479	0.10051355
43619	1778	0.10051353
43619	5489	0.10051353
43619	73	0.100513525
43619	1443	0.10051352
43619	2577	0.10051352
43619	4276	0.10051352
43619	4071	0.10051349
43619	2891	0.10051348
43619	6846	0.10051347
43626	3560	0.109163515
43626	4885	0.10916351
43626	3427	0.1091635
43626	3510	0.1091635
43626	1413	0.10916349
43626	2382	0.10916349
43626	3694	0.10916349
43626	3939	0.10916349
43626	4796	0.10916349
43626	5785	0.10916349
43639	3971	0.11857167
43639	890	0.118571654
43639	1869	0.118571654
43639	2138	0.118571654
43639	5886	0.118571654
43639	6123	0.118571654
43639	387	0.11857165
43639	579	0.11857165
43639	4076	0.11857165
43639	5218	0.11857165
43687	3935	0.09958666
43687	1472	0.09958665
43687	1951	0.09958665
43687	3496	0.09958665
43687	4686	0.09958665
43687	3090	0.09958664
43687	3330	0.09958664
43687	1515	0.099586636
43687	2769	0.099586636
43687	4169	0.099586636
43698	3616	0.09556632
43698	3971	0.09556632
43698	579	0.09556631
43698	890	0.09556631
43698	1146	0.09556631
43698	1869	0.09556631
43698	3559	0.09556631
43698	5029	0.09556631
43698	5031	0.09556631
43698	5886	0.09556631
43806	579	0.13010243
43806	645	0.13010243
43806	1869	0.13010243
43806	2121	0.13010243
43806	3616	0.13010243
43806	5031	0.13010243
43806	215	0.13010241
43806	387	0.13010241
43806	890	0.13010241
43806	901	0.13010241
43807	5454	0.09245246
43807	3091	0.09245245
43807	3418	0.09245245
43807	3853	0.09245245
43807	3866	0.09245245
43807	4595	0.09245245
43807	5115	0.09245245
43807	6310	0.09245245
43807	6674	0.09245245
43807	533	0.092452444
43842	387	0.1231723
43842	1869	0.12317229
43842	3971	0.12317229
43842	6123	0.12317229
43842	478	0.12317228
43842	5886	0.12317228
43842	266	0.123172276
43842	2138	0.123172276
43842	3616	0.123172276
43842	41	0.12317227
43852	3897	0.11027252
43852	5716	0.11027252
43852	5886	0.11027252
43852	5896	0.11027252
43852	49	0.11027251
43852	124	0.11027251
43852	387	0.11027251
43852	478	0.11027251
43852	597	0.11027251
43852	997	0.11027251
43901	5886	0.101059504
43901	387	0.1010595
43901	478	0.1010595
43901	890	0.1010595
43901	901	0.1010595
43901	1058	0.1010595
43901	2736	0.1010595
43901	3059	0.1010595
43901	3971	0.1010595
43901	4076	0.1010595
43910	3616	0.1893517
43910	1869	0.18935168
43910	3971	0.18935166
43910	5031	0.18935166
43910	387	0.18935165
43910	890	0.18935165
43910	2138	0.18935165
43910	2364	0.18935165
43910	3965	0.18935165
43910	4020	0.18935165
44089	3971	0.14443693
44089	1869	0.14443691
44089	6123	0.14443691
44089	41	0.1444369
44089	49	0.1444369
44089	387	0.1444369
44089	579	0.1444369
44089	890	0.1444369
44089	901	0.1444369
44089	922	0.1444369
44252	827	0.13632399
44252	5476	0.13632399
44252	508	0.13632396
44252	596	0.13632396
44252	3468	0.13632396
44252	3646	0.13632396
44252	4771	0.13632396
44252	518	0.13632393
44252	1685	0.13632393
44252	4151	0.13537467
44295	6796	0.10929713
44295	2518	0.10929712
44295	4446	0.10929712
44295	4789	0.10929711
44295	6152	0.10929711
44295	6601	0.10929711
44295	2017	0.109297104
44295	2128	0.109297104
44295	4004	0.109297104
44295	6612	0.109297104
44296	2419	0.11343704
44296	4673	0.11343704
44296	1648	0.11343703
44296	3230	0.11343703
44296	4938	0.11343703
44296	5041	0.11343703
44296	6834	0.11343703
44296	819	0.11343702
44296	884	0.11343702
44296	3870	0.11343702
44297	3971	0.07397699
44297	387	0.07397698
44297	1869	0.07397698
44297	3164	0.07397698
44297	4076	0.07397698
44297	6123	0.07397698
44297	49	0.07397697
44297	890	0.07397697
44297	1194	0.07397697
44297	2138	0.07397697
44389	5886	0.096172586
44389	478	0.09617258
44389	890	0.09617258
44389	6123	0.09617258
44389	243	0.09617257
44389	328	0.09617257
44389	387	0.09617257
44389	645	0.09617257
44389	922	0.09617257
44389	997	0.09617257
44467	2121	0.098229095
44467	5031	0.098229095
44467	387	0.09822909
44467	3616	0.09822909
44467	3971	0.09822909
44467	6912	0.09822909
44467	24	0.09822908
44467	41	0.09822908
44467	890	0.09822908
44467	901	0.09822908
44472	3971	0.081910186
44472	387	0.08191018
44472	5886	0.08191017
44472	6123	0.08191017
44472	49	0.08191016
44472	1031	0.08191016
44472	1194	0.08191016
44472	1869	0.08191016
44472	2138	0.08191016
44472	3559	0.08191016
44535	1869	0.083192036
44535	2138	0.083192036
44535	3616	0.083192036
44535	3971	0.083192036
44535	5031	0.083192036
44535	5886	0.083192036
44535	6123	0.083192036
44535	6915	0.083192036
44535	49	0.08319203
44535	1194	0.08319203
44595	890	0.124380015
44595	3971	0.124380015
44595	5031	0.124380015
44595	124	0.12438001
44595	1146	0.12438001
44595	1455	0.12438001
44595	2138	0.12438001
44595	2364	0.12438001
44595	5896	0.12438001
44595	6912	0.12438001
44611	5031	0.12830108
44611	890	0.12830107
44611	1869	0.12830107
44611	3616	0.12830107
44611	24	0.12830105
44611	41	0.12830105
44611	124	0.12830105
44611	387	0.12830105
44611	579	0.12830105
44611	645	0.12830105
44663	6265	0.0973741
44663	244	0.09737409
44663	149	0.09737407
44663	4045	0.09737407
44663	4082	0.09737407
44663	632	0.09737406
44663	1442	0.09737406
44663	2962	0.09737406
44663	4599	0.09737406
44663	582	0.09737405
44727	3971	0.07339243
44727	6123	0.07339242
44727	387	0.07339241
44727	890	0.07339241
44727	2138	0.07339241
44727	124	0.073392406
44727	579	0.073392406
44727	642	0.073392406
44727	922	0.073392406
44727	997	0.073392406
44728	1869	0.12533852
44728	5031	0.12533852
44728	5886	0.12533852
44728	6912	0.12533852
44728	24	0.12533851
44728	775	0.12533851
44728	832	0.12533851
44728	890	0.12533851
44728	986	0.12533851
44728	1062	0.12533851
44743	3853	0.08892259
44743	1806	0.08892258
44743	3418	0.08892258
44743	3493	0.08892258
44743	3866	0.08892258
44743	5454	0.08892258
44743	533	0.088922575
44743	563	0.088922575
44743	2220	0.088922575
44743	2363	0.088922575
44756	1869	0.11965622
44756	3971	0.11965622
44756	5886	0.11965622
44756	4076	0.11965621
44756	1194	0.119656205
44756	1229	0.119656205
44756	2138	0.119656205
44756	3897	0.119656205
44756	5031	0.119656205
44756	6123	0.119656205
44837	4076	0.09639059
44837	478	0.096390575
44837	890	0.096390575
44837	997	0.096390575
44837	1189	0.096390575
44837	1415	0.096390575
44837	1869	0.096390575
44837	2356	0.096390575
44837	3897	0.096390575
44837	4323	0.096390575
44842	6912	0.13499945
44842	3971	0.13499944
44842	4076	0.13499944
44842	24	0.13499942
44842	41	0.13499942
44842	269	0.13499942
44842	376	0.13499942
44842	387	0.13499942
44842	478	0.13499942
44842	597	0.13499942
44845	3853	0.11575129
44845	3866	0.11575129
44845	5115	0.11575129
44845	5454	0.11575129
44845	3830	0.11575128
44845	6674	0.11575128
44845	401	0.115751274
44845	4241	0.115751274
44845	4595	0.115751274
44845	533	0.11575127
44852	49	0.10252072
44852	387	0.10252072
44852	3971	0.10252072
44852	4434	0.10252072
44852	5031	0.10252072
44852	5218	0.10252072
44852	5886	0.10252072
44852	41	0.10252071
44852	922	0.10252071
44852	1869	0.10252071
44893	645	0.1783803
44893	890	0.1783803
44893	5031	0.1783803
44893	5886	0.1783803
44893	266	0.17838028
44893	387	0.17838028
44893	478	0.17838028
44893	597	0.17838028
44893	1146	0.17838028
44893	1869	0.17838028
44925	1869	0.11958976
44925	3971	0.11958976
44925	6515	0.11958975
44925	124	0.119589746
44925	387	0.119589746
44925	478	0.119589746
44925	832	0.119589746
44925	890	0.119589746
44925	986	0.119589746
44925	1194	0.119589746
44932	124	0.084436566
44932	1869	0.084436566
44932	2138	0.084436566
44932	3971	0.084436566
44932	387	0.08443656
44932	5886	0.08443656
44932	41	0.08443655
44932	273	0.08443655
44932	579	0.08443655
44932	775	0.08443655
44985	2138	0.11245702
44985	3971	0.112457015
44985	1869	0.11245701
44985	6123	0.11245701
44985	6912	0.11245701
44985	997	0.112457
44985	5886	0.112457
44985	387	0.11245699
44985	597	0.11245699
44985	642	0.11245699
45064	1869	0.08639193
45064	2364	0.08639193
45064	3971	0.08639193
45064	5031	0.08639193
45064	6123	0.08639193
45064	6915	0.08639193
45064	49	0.086391926
45064	124	0.086391926
45064	579	0.086391926
45064	890	0.086391926
45068	2138	0.101955116
45068	3971	0.101955116
45068	890	0.10195511
45068	6123	0.10195511
45068	41	0.1019551
45068	387	0.1019551
45068	642	0.1019551
45068	832	0.1019551
45068	922	0.1019551
45068	997	0.1019551
45078	3425	0.10681957
45078	5330	0.10681954
45078	1918	0.10681953
45078	6025	0.10681953
45078	565	0.106819525
45078	5364	0.106819525
45078	4899	0.10681952
45078	399	0.10681951
45078	993	0.10681951
45078	2581	0.10681951
45107	2371	0.12843052
45107	1180	0.1284305
45107	3428	0.12843049
45107	2986	0.12771194
45107	626	0.12771192
45107	1814	0.12771192
45107	3929	0.12771192
45107	4143	0.12771192
45107	4387	0.12771192
45107	6798	0.12771192
45113	2972	0.07691858
45113	1553	0.07691857
45113	236	0.076918565
45113	3001	0.07691856
45113	3529	0.07691856
45113	5421	0.07691856
45113	2250	0.07691855
45113	3213	0.07691854
45113	6114	0.07691854
45113	3265	0.07670426
45119	1869	0.09694936
45119	3971	0.09694936
45119	6912	0.09694936
45119	41	0.096949354
45119	124	0.096949354
45119	387	0.096949354
45119	890	0.096949354
45119	1146	0.096949354
45119	1403	0.096949354
45119	1550	0.096949354
45184	3827	0.06685746
45184	3131	0.06685745
45184	808	0.06629738
45184	5579	0.06629738
45184	631	0.066297375
45184	965	0.06629737
45184	1477	0.06629737
45184	3268	0.06629737
45184	623	0.06629735
45184	1485	0.06629735
45255	482	0.13238555
45255	4007	0.13238555
45255	4856	0.13238555
45255	6851	0.13238555
45255	2457	0.13238554
45255	4382	0.13238554
45255	5315	0.13238554
45255	2685	0.13238552
45255	2988	0.13238552
45255	1394	0.1323855
45305	111	0.11532745
45305	1793	0.11532745
45305	4692	0.11532743
45305	4729	0.11532743
45305	5695	0.11532743
45305	5890	0.11532743
45305	1075	0.115327425
45305	1537	0.11532742
45305	2099	0.11532742
45305	2109	0.11532742
45315	1280	0.13605651
45315	4103	0.13605651
45315	4703	0.13605651
45315	5731	0.13605651
45315	1621	0.1360565
45315	398	0.13605648
45315	1225	0.13605648
45315	1459	0.13605648
45315	1848	0.13605648
45315	1887	0.13605648
45340	1869	0.12511574
45340	2138	0.12511572
45340	2364	0.12511572
45340	3616	0.12511572
45340	3971	0.12511572
45340	5886	0.12511572
45340	6123	0.12511572
45340	6507	0.12511572
45340	579	0.12511571
45340	642	0.12511571
45383	3187	0.093307525
45383	4151	0.093307525
45383	1087	0.09330752
45383	1650	0.09330752
45383	2145	0.09330752
45383	3120	0.09330752
45383	6222	0.09330752
45383	686	0.09330751
45383	801	0.09330751
45383	2305	0.09330751
45391	6318	0.11022322
45391	1177	0.11022321
45391	1221	0.11022321
45391	6762	0.11022321
45391	531	0.110223204
45391	2737	0.110223204
45391	3118	0.110223204
45391	4806	0.110223204
45391	5691	0.110223204
45391	519	0.1102232
45416	2419	0.1166306
45416	3606	0.11663059
45416	222	0.116630584
45416	884	0.116630584
45416	3870	0.116630584
45416	4673	0.116630584
45416	4938	0.116630584
45416	6566	0.116630584
45416	1648	0.11663058
45416	4472	0.11663058
45418	1621	0.10134026
45418	605	0.10134025
45418	1280	0.10134025
45418	4703	0.10134025
45418	6279	0.10134025
45418	920	0.10134024
45418	1225	0.10134024
45418	1258	0.10134024
45418	1848	0.10134024
45418	3610	0.10134024
45444	890	0.0918141
45444	922	0.0918141
45444	2138	0.0918141
45444	2364	0.0918141
45444	3059	0.0918141
45444	3616	0.0918141
45444	3971	0.0918141
45444	5570	0.0918141
45444	5886	0.0918141
45444	5896	0.0918141
45471	4813	0.07568208
45471	4984	0.07568208
45471	2647	0.07568207
45471	3644	0.07568207
45471	3868	0.07568207
45471	80	0.07568206
45471	5106	0.07568206
45471	3890	0.07568205
45471	6909	0.07568205
45471	780	0.075682044
45557	533	0.15662187
45557	3418	0.15662187
45557	5115	0.15662187
45557	6674	0.15662187
45557	2569	0.15662186
45557	3795	0.15662186
45557	3853	0.15662186
45557	3866	0.15662186
45557	4241	0.15662186
45557	5454	0.15662186
45564	425	0.09544756
45564	91	0.09544751
45564	3776	0.0954475
45564	1524	0.095447496
45564	5304	0.095447496
45564	4469	0.09544749
45564	5321	0.09544749
45564	5355	0.09544749
45564	4032	0.09544748
45564	1185	0.095447466
45641	3700	0.13162154
45641	3866	0.13162154
45641	4595	0.13162154
45641	5115	0.13162154
45641	6310	0.13162154
45641	6643	0.13162154
45641	6674	0.13162154
45641	6768	0.13162154
45641	533	0.13162152
45641	2220	0.13162152
45911	286	0.08926889
45911	3417	0.08926889
45911	5284	0.08926889
45911	6705	0.08926889
45911	1697	0.08926888
45911	1968	0.08926888
45911	6742	0.08926888
45911	3473	0.08926886
45911	2419	0.08886933
45911	5864	0.08886933
45987	6215	0.09258873
45987	1863	0.092588715
45987	3936	0.092588715
45987	5307	0.09258871
45987	5496	0.0925887
45987	1937	0.09197047
45987	152	0.091970466
45987	1457	0.091970466
45987	1598	0.091970466
45987	1679	0.091970466
46099	890	0.12720686
46099	1194	0.12720686
46099	1869	0.12720686
46099	3971	0.12720686
46099	4076	0.12720686
46099	5031	0.12720686
46099	5886	0.12720686
46099	6123	0.12720686
46099	6912	0.12720686
46099	387	0.12720685
46145	2138	0.09883073
46145	3971	0.09883072
46145	2103	0.098830715
46145	3616	0.098830715
46145	6123	0.098830715
46145	6915	0.098830715
46145	49	0.09883071
46145	387	0.09883071
46145	1869	0.09883071
46145	3559	0.09883071
46154	244	0.13060585
46154	149	0.13060582
46154	632	0.13060582
46154	2962	0.13060582
46154	6265	0.13060582
46154	582	0.1306058
46154	961	0.1306058
46154	3548	0.1306058
46154	3962	0.1306058
46154	4045	0.1306058
46197	3971	0.11810569
46197	2138	0.11810568
46197	2364	0.11810568
46197	538	0.118105665
46197	579	0.118105665
46197	775	0.118105665
46197	890	0.118105665
46197	1229	0.118105665
46197	1869	0.118105665
46197	3616	0.118105665
46258	2138	0.12643923
46258	3971	0.12643923
46258	775	0.12643921
46258	1869	0.12643921
46258	2364	0.12643921
46258	3059	0.12643921
46258	3616	0.12643921
46258	4076	0.12643921
46258	5886	0.12643921
46258	6123	0.12643921
46269	3971	0.11692069
46269	1869	0.11692068
46269	2138	0.11692068
46269	5031	0.11692068
46269	3164	0.11692067
46269	3616	0.11692067
46269	5896	0.11692067
46269	6912	0.11692067
46269	24	0.116920665
46269	124	0.116920665
46293	4407	0.14719276
46293	856	0.14719275
46293	2282	0.14719275
46293	6090	0.14719275
46293	4658	0.14719273
46293	4409	0.14719272
46293	5247	0.14719272
46293	5179	0.14719269
46293	3560	0.14710325
46293	4796	0.14710325
46295	901	0.12527663
46295	1146	0.12527663
46295	2138	0.12527663
46295	3616	0.12527663
46295	3971	0.12527663
46295	5031	0.12527663
46295	5886	0.12527663
46295	6912	0.12527663
46295	24	0.12527661
46295	41	0.12527661
46350	4103	0.08672262
46350	2320	0.08672261
46350	3657	0.08672261
46350	5731	0.08672261
46350	4703	0.086722605
46350	396	0.0867226
46350	398	0.0867226
46350	493	0.0867226
46350	892	0.0867226
46350	1459	0.0867226
46389	1869	0.112959415
46389	6507	0.112959415
46389	3971	0.11295941
46389	4323	0.11295941
46389	5886	0.11295941
46389	6123	0.11295941
46389	387	0.1129594
46389	478	0.1129594
46389	579	0.1129594
46389	775	0.1129594
46417	387	0.10518496
46417	478	0.10518496
46417	3971	0.10518496
46417	6912	0.10518496
46417	41	0.10518495
46417	49	0.10518495
46417	922	0.10518495
46417	3559	0.10518495
46417	4076	0.10518495
46417	4323	0.10518495
46443	3971	0.13980782
46443	890	0.1398078
46443	2138	0.1398078
46443	5031	0.1398078
46443	5886	0.1398078
46443	6123	0.1398078
46443	124	0.13980779
46443	387	0.13980779
46443	579	0.13980779
46443	742	0.13980779
46461	6762	0.11148723
46461	1177	0.111487225
46461	4806	0.111487225
46461	5085	0.111487225
46461	1221	0.11148722
46461	1255	0.11148722
46461	2241	0.11148722
46461	2737	0.11148722
46461	4177	0.11148722
46461	6318	0.11148722
46541	41	0.096334785
46541	579	0.096334785
46541	1869	0.096334785
46541	3059	0.096334785
46541	5031	0.096334785
46541	387	0.09633478
46541	890	0.09633478
46541	2121	0.09633478
46541	2138	0.09633478
46541	3559	0.09633478
46671	5919	0.13852191
46671	6886	0.13852188
46671	4121	0.13852187
46671	6103	0.13852187
46671	2651	0.13852185
46671	4173	0.13852185
46671	4384	0.13852185
46671	6000	0.13852185
46671	6463	0.13852185
46671	2419	0.1374831
46690	3146	0.0983824
46690	3040	0.09838237
46690	4490	0.09838237
46690	6381	0.09838236
46690	864	0.098382354
46690	5699	0.098382354
46690	6535	0.098382354
46690	5834	0.098382324
46690	1806	0.09821978
46690	3866	0.09821978
46892	2022	0.1266365
46892	2936	0.1266365
46892	6075	0.1266365
46892	191	0.12663649
46892	667	0.12663649
46892	2197	0.12663649
46892	3121	0.12663649
46892	4461	0.12663649
46892	4671	0.12663649
46892	5904	0.12663649
46907	1869	0.11144853
46907	3971	0.11144853
46907	775	0.11144851
46907	2138	0.11144851
46907	2364	0.11144851
46907	4076	0.11144851
46907	5886	0.11144851
46907	3616	0.111448504
46907	5031	0.111448504
46907	5896	0.111448504
46909	2404	0.084707975
46909	3531	0.08447924
46909	3857	0.08402095
46909	6818	0.08402094
46909	231	0.08379229
46909	1619	0.083792284
46909	4176	0.083792284
46909	6840	0.083792284
46909	4000	0.08379228
46909	4593	0.08379228
47117	1869	0.109122716
47117	3971	0.109122716
47117	775	0.10912271
47117	4076	0.10912271
47117	5886	0.10912271
47117	6123	0.10912271
47117	41	0.1091227
47117	890	0.1091227
47117	1194	0.1091227
47117	2138	0.1091227
47118	1869	0.10643528
47118	997	0.10643527
47118	3616	0.10643527
47118	5886	0.10643527
47118	6123	0.10643527
47118	890	0.10643526
47118	1393	0.10643526
47118	4076	0.10643526
47118	6507	0.10643526
47118	6912	0.10643526
47127	997	0.08226087
47127	124	0.08226086
47127	1062	0.08226086
47127	1455	0.08226086
47127	2138	0.08226086
47127	2364	0.08226086
47127	3059	0.08226086
47127	3559	0.08226086
47127	3616	0.08226086
47127	4020	0.08226086
47128	5033	0.13327293
47128	520	0.1332729
47128	5653	0.13327289
47128	6147	0.13327289
47128	6810	0.13327289
47128	1366	0.1319462
47128	878	0.13194618
47128	1869	0.13174777
47128	41	0.13174775
47128	215	0.13174775
47152	3655	0.0810851
47152	6027	0.081085086
47152	6570	0.081085086
47152	6580	0.08108507
47152	2755	0.08108506
47152	2647	0.07984947
47152	4813	0.07984947
47152	4984	0.07984947
47152	6909	0.07984947
47152	3644	0.07984945
47279	2382	0.08906008
47279	4885	0.08906008
47279	3658	0.089060076
47279	4163	0.089060076
47279	5785	0.089060076
47279	6555	0.089060076
47279	6783	0.089060076
47279	212	0.08906007
47279	489	0.08906007
47279	854	0.08906007
47316	1087	0.15377681
47316	1650	0.15377681
47316	109	0.1537768
47316	1389	0.1537768
47316	2305	0.1537768
47316	2916	0.1537768
47316	3187	0.1537768
47316	4151	0.1537768
47316	6222	0.1537768
47316	686	0.15377678
47458	5031	0.09342597
47458	49	0.09342596
47458	387	0.09342596
47458	478	0.09342596
47458	1869	0.09342596
47458	5886	0.09342596
47458	997	0.09342595
47458	3971	0.09342595
47458	24	0.093425944
47458	579	0.093425944
47512	6674	0.0976735
47512	533	0.09767349
47512	3866	0.09767349
47512	4718	0.09767349
47512	5454	0.09767349
47512	6310	0.09767349
47512	6643	0.09767349
47512	2220	0.09767348
47512	2363	0.09767348
47512	3091	0.09767348
47594	6423	0.09769295
47594	1301	0.09769291
47594	2843	0.0976929
47594	5237	0.096154794
47594	748	0.09615472
47594	2419	0.095612004
47594	3230	0.095611975
47594	3672	0.095611975
47594	4344	0.095611975
47594	4452	0.095611975
47609	5309	0.12118756
47609	3403	0.12118755
47609	848	0.12118754
47609	3797	0.12118754
47609	3902	0.12118754
47609	5619	0.12118754
47609	2768	0.12118753
47609	1646	0.12118752
47609	1678	0.12118752
47609	2290	0.12118752
47779	112	0.11279492
47779	425	0.112791784
47779	91	0.1127917
47779	5304	0.1127917
47779	1524	0.112791695
47779	5355	0.112791695
47779	4032	0.11279169
47779	4469	0.11279169
47779	5321	0.11279169
47779	1185	0.11279168
47793	2138	0.123685025
47793	6912	0.123685025
47793	41	0.12368502
47793	579	0.12368502
47793	890	0.12368502
47793	1146	0.12368502
47793	1869	0.12368502
47793	3616	0.12368502
47793	3971	0.12368502
47793	6123	0.12368502
47807	3477	0.10512815
47807	425	0.10466504
47807	1524	0.10466498
47807	5321	0.104664974
47807	5355	0.104664974
47807	4469	0.10466497
47807	5304	0.10466497
47807	5859	0.10466497
47807	91	0.10466496
47807	1185	0.10466495
47856	819	0.13440016
47856	2419	0.13440016
47856	3870	0.13440016
47856	4474	0.13440016
47856	4673	0.13440016
47856	247	0.13440014
47856	4602	0.13440014
47856	4758	0.13440014
47856	4938	0.13440014
47856	5864	0.13440014
47925	3971	0.11849528
47925	2138	0.11849527
47925	6123	0.11849527
47925	1869	0.11849526
47925	579	0.118495256
47925	642	0.118495256
47925	775	0.118495256
47925	890	0.118495256
47925	997	0.118495256
47925	1194	0.118495256
47971	890	0.07678419
47971	1869	0.07678419
47971	3616	0.07678419
47971	3971	0.07678419
47971	5031	0.07678419
47971	5886	0.07678419
47971	6123	0.07678419
47971	387	0.076784186
47971	645	0.076784186
47971	2138	0.076784186
47975	6851	0.0854373
47975	4856	0.08543728
47975	482	0.085437275
47975	4382	0.085437275
47975	2457	0.08543727
47975	2988	0.08543727
47975	5315	0.08543727
47975	1209	0.08543725
47975	2685	0.08543725
47975	4007	0.08543725
48025	5128	0.056385547
48025	143	0.056385543
48025	4267	0.056385543
48025	5508	0.05638554
48025	2809	0.056385536
48025	5275	0.056385536
48025	5630	0.056385536
48025	1238	0.056385532
48025	1449	0.056385532
48025	1570	0.056385532
48037	2419	0.094026685
48037	4673	0.094026685
48037	3230	0.09402668
48037	884	0.09402667
48037	1648	0.09402667
48037	3443	0.09402667
48037	3606	0.09402667
48037	3870	0.09402667
48037	4758	0.09402667
48037	4938	0.09402667
48046	4813	0.113104045
48046	80	0.11310404
48046	4984	0.11310404
48046	5106	0.11310404
48046	1997	0.11310403
48046	3644	0.11310403
48046	3868	0.11310403
48046	4775	0.11310403
48046	2647	0.11310402
48046	2236	0.113104016
48213	4151	0.10916965
48213	6222	0.10916964
48213	1087	0.10916963
48213	1650	0.10916963
48213	3120	0.10916963
48213	3187	0.10916963
48213	400	0.109169625
48213	686	0.109169625
48213	801	0.109169625
48213	2305	0.109169625
48217	6446	0.10769301
48217	5690	0.107693
48217	1260	0.10769299
48217	2623	0.10769299
48217	3536	0.10769299
48217	3865	0.10769298
48217	803	0.10769297
48217	2075	0.10769297
48217	2894	0.10769297
48217	3257	0.10769297
48268	890	0.1209629
48268	41	0.120962895
48268	1146	0.120962895
48268	2121	0.120962895
48268	4076	0.120962895
48268	4603	0.120962895
48268	387	0.12096289
48268	478	0.12096289
48268	1856	0.12096289
48268	1869	0.12096289
48355	2457	0.08770737
48355	4856	0.08770736
48355	5315	0.08770736
48355	6851	0.08770736
48355	482	0.087707356
48355	4007	0.087707356
48355	2988	0.08770735
48355	4382	0.08770734
48355	6749	0.08770734
48355	6671	0.08770733
48382	3937	0.09473528
48382	6418	0.09473528
48382	3018	0.09473527
48382	3491	0.09473527
48382	4065	0.09473527
48382	102	0.094735265
48382	606	0.094735265
48382	1285	0.094735265
48382	1575	0.094735265
48382	2675	0.094735265
48494	6692	0.16238679
48494	6144	0.16238678
48494	3420	0.16238672
48494	3607	0.16238672
48494	3870	0.16192928
48494	2419	0.16192926
48494	4080	0.16192926
48494	247	0.16192925
48494	884	0.16192925
48494	942	0.16192925
48579	3971	0.1123123
48579	387	0.11231229
48579	890	0.11231229
48579	1869	0.11231229
48579	3616	0.11231229
48579	4076	0.11231229
48579	5886	0.11231229
48579	6123	0.11231229
48579	1194	0.11231228
48579	5031	0.11231228
48630	890	0.099018924
48630	1869	0.099018924
48630	3971	0.099018924
48630	579	0.09901892
48630	1415	0.09901892
48630	4076	0.09901892
48630	6123	0.09901892
48630	49	0.09901891
48630	387	0.09901891
48630	2138	0.09901891
48743	4906	0.1256863
48743	1567	0.12568629
48743	2844	0.12568629
48743	3361	0.12568629
48743	5869	0.12568629
48743	711	0.12568627
48743	2207	0.12568627
48743	2653	0.12568627
48743	3359	0.12568627
48743	4903	0.12568627
48911	890	0.11932567
48911	2138	0.11932567
48911	3971	0.11932567
48911	4076	0.11932567
48911	5886	0.11932567
48911	6912	0.11932567
48911	41	0.11932566
48911	478	0.11932566
48911	922	0.11932566
48911	1856	0.11932566
48929	5886	0.10441558
48929	1869	0.10441557
48929	3971	0.10441557
48929	5031	0.10441557
48929	6912	0.10441557
48929	24	0.104415566
48929	775	0.104415566
48929	890	0.104415566
48929	997	0.104415566
48929	1856	0.104415566
48975	4456	0.07348083
48975	3178	0.07348082
48975	4689	0.07348082
48975	3313	0.073480815
48975	5788	0.073480815
48975	6420	0.07348081
48975	4776	0.07348079
48975	3476	0.07323536
48975	1650	0.07280929
48975	109	0.07280928
48995	890	0.108967304
48995	1869	0.108967304
48995	3616	0.108967304
48995	5886	0.108967304
48995	3971	0.1089673
48995	41	0.10896729
48995	215	0.10896729
48995	387	0.10896729
48995	478	0.10896729
48995	538	0.10896729
49061	2121	0.122675434
49061	5031	0.122675434
49061	890	0.12267542
49061	1415	0.12267542
49061	645	0.12267541
49061	1194	0.12267541
49061	1869	0.12267541
49061	3616	0.12267541
49061	3971	0.12267541
49061	24	0.122675404
49109	3971	0.09566172
49109	890	0.095661715
49109	1869	0.095661715
49109	2138	0.095661715
49109	3965	0.095661715
49109	5031	0.095661715
49109	5886	0.095661715
49109	124	0.09566171
49109	215	0.09566171
49109	387	0.09566171
49154	6265	0.10349624
49154	244	0.10349623
49154	582	0.10349623
49154	149	0.10349622
49154	4599	0.10349622
49154	632	0.103496216
49154	1442	0.10349621
49154	2962	0.10349621
49154	4045	0.10349621
49154	650	0.103496194
49155	533	0.09480311
49155	1806	0.09480311
49155	3112	0.09480311
49155	3210	0.09480311
49155	3700	0.09480311
49155	4680	0.09480311
49155	5454	0.09480311
49155	5511	0.09480311
49155	6109	0.09480311
49155	6643	0.09480311
49212	5731	0.11630836
49212	3657	0.116308354
49212	4103	0.116308354
49212	6465	0.116308354
49212	1280	0.11630835
49212	1621	0.11630835
49212	1848	0.11630835
49212	3143	0.11630835
49212	4703	0.11630835
49212	6279	0.11630835
49225	231	0.11405474
49225	6840	0.11405474
49225	1022	0.114054725
49225	1619	0.114054725
49225	5197	0.114054725
49225	6216	0.114054725
49225	677	0.11405471
49225	1050	0.11405471
49225	1723	0.11405471
49225	2950	0.11405471
49262	890	0.0805742
49262	3897	0.08057419
49262	5031	0.08057419
49262	387	0.080574185
49262	478	0.080574185
49262	922	0.080574185
49262	1062	0.080574185
49262	1146	0.080574185
49262	1856	0.080574185
49262	1869	0.080574185
49289	6423	0.09491861
49289	2843	0.094918594
49289	1301	0.094918564
49289	5237	0.093725115
49289	748	0.09372508
49289	1869	0.09324356
49289	215	0.093243554
49289	2138	0.093243554
49289	3616	0.093243554
49289	5031	0.093243554
49300	890	0.09569656
49300	1856	0.09569656
49300	5031	0.09569656
49300	5886	0.09569656
49300	478	0.09569655
49300	1062	0.09569655
49300	1094	0.09569655
49300	2138	0.09569655
49300	3452	0.09569655
49300	4076	0.09569655
49313	533	0.08829929
49313	5511	0.08829929
49313	6310	0.08829929
49313	6674	0.08829929
49313	2220	0.08829928
49313	3866	0.08829928
49313	3980	0.08829928
49313	4241	0.08829928
49313	4563	0.08829928
49313	4595	0.08829928
49314	3876	0.13593358
49314	6093	0.13593358
49314	5968	0.13593356
49314	3637	0.13593355
49314	4862	0.13593355
49314	6004	0.13593355
49314	6245	0.13593355
49314	1223	0.13593352
49314	1498	0.13593352
49314	2557	0.13593352
49324	2320	0.08257271
49324	4103	0.08257271
49324	5731	0.08257271
49324	1459	0.082572706
49324	1621	0.082572706
49324	5176	0.082572706
49324	1258	0.0825727
49324	1280	0.0825727
49324	1744	0.0825727
49324	1839	0.0825727
49392	5121	0.11645427
49392	6222	0.11645427
49392	4151	0.116454266
49392	3120	0.11645426
49392	3785	0.11645426
49392	686	0.11645425
49392	801	0.11645425
49392	3187	0.11645425
49392	99	0.11645424
49392	400	0.11645424
49422	1869	0.11617394
49422	3616	0.11617394
49422	3971	0.11617394
49422	5031	0.11617394
49422	5886	0.11617394
49422	387	0.11617393
49422	890	0.11617393
49422	1856	0.11617393
49422	124	0.11617392
49422	215	0.11617392
49423	2138	0.10301295
49423	3971	0.10301295
49423	6912	0.10301295
49423	4076	0.10301294
49423	24	0.103012934
49423	41	0.103012934
49423	387	0.103012934
49423	642	0.103012934
49423	890	0.103012934
49423	901	0.103012934
49460	4460	0.11449262
49460	2045	0.11449261
49460	331	0.11449257
49460	1692	0.114492565
49460	2840	0.114492565
49460	1531	0.11449256
49460	2583	0.11449254
49460	3971	0.11424164
49460	387	0.11424163
49460	5886	0.11424163
49526	842	0.118739635
49526	1869	0.118739635
49526	3971	0.118739635
49526	5031	0.118739635
49526	5886	0.118739635
49526	3616	0.11873963
49526	4076	0.11873963
49526	6123	0.11873963
49526	6912	0.11873963
49526	266	0.11873962
49683	4673	0.08723565
49683	903	0.087235644
49683	2419	0.087235644
49683	3230	0.087235644
49683	4080	0.087235644
49683	4452	0.087235644
49683	5041	0.087235644
49683	5864	0.087235644
49683	247	0.08723564
49683	884	0.08723564
49771	4080	0.14996475
49771	884	0.14996473
49771	2419	0.14996473
49771	3870	0.14996473
49771	301	0.14996472
49771	792	0.14996472
49771	942	0.14996472
49771	1648	0.14996472
49771	1804	0.14996472
49771	2783	0.14996472
49842	1869	0.11734798
49842	2138	0.11734797
49842	3971	0.11734797
49842	5031	0.11734796
49842	49	0.117347956
49842	387	0.117347956
49842	775	0.117347956
49842	1146	0.117347956
49842	1862	0.117347956
49842	2364	0.117347956
49889	6472	0.112164274
49889	875	0.112071045
49889	908	0.111660354
49889	3080	0.11166033
49889	785	0.11166032
49889	3514	0.11166032
49889	4733	0.11166029
49889	4362	0.11150498
49889	6092	0.11141172
49889	855	0.111000985
49900	4448	0.13234544
49900	6599	0.13234538
49900	111	0.13195346
49900	5890	0.13195346
49900	1537	0.13195345
49900	1793	0.13195345
49900	2099	0.13195345
49900	2109	0.13195345
49900	4692	0.13195345
49900	4729	0.13195345
49980	1869	0.14083968
49980	3971	0.14083968
49980	49	0.14083967
49980	124	0.14083967
49980	266	0.14083967
49980	478	0.14083967
49980	579	0.14083967
49980	775	0.14083967
49980	832	0.14083967
49980	842	0.14083967
50073	4151	0.11559836
50073	400	0.11559835
50073	686	0.11559835
50073	801	0.11559835
50073	1087	0.11559835
50073	1389	0.11559835
50073	1438	0.11559835
50073	2305	0.11559835
50073	2916	0.11559835
50073	3187	0.11559835
50098	3321	0.10978378
50098	3991	0.10978378
50098	6435	0.10978378
50098	3982	0.10978377
50098	1218	0.10978376
50098	3447	0.109783754
50098	3469	0.109783754
50098	231	0.1082083
50098	1619	0.1082083
50098	4176	0.1082083
50129	1306	0.1537974
50129	6427	0.15379739
50129	5232	0.15379737
50129	5583	0.15379737
50129	4400	0.15379736
50129	4693	0.15379736
50129	4698	0.15379734
50129	6775	0.15379733
50129	2323	0.1537973
50129	5454	0.15368967
50130	1892	0.07930026
50130	5286	0.07930026
50130	152	0.079300255
50130	1937	0.079300255
50130	1457	0.07930025
50130	1679	0.07930025
50130	4233	0.07930025
50130	869	0.07930024
50130	1145	0.07930024
50130	1598	0.07930024
50141	3971	0.13979426
50141	387	0.13979423
50141	642	0.13979423
50141	890	0.13979423
50141	1340	0.13979423
50141	2138	0.13979423
50141	3822	0.13979423
50141	5031	0.13979423
50141	6073	0.13979423
50141	6912	0.13979423
50193	3971	0.08562991
50193	997	0.08562989
50193	6123	0.08562989
50193	6912	0.08562989
50193	124	0.08562988
50193	387	0.08562988
50193	579	0.08562988
50193	597	0.08562988
50193	775	0.08562988
50193	890	0.08562988
50204	4885	0.14702031
50204	1413	0.14702028
50204	2382	0.14702028
50204	3115	0.14702028
50204	3510	0.14702028
50204	3694	0.14702028
50204	4224	0.14702028
50204	4796	0.14702028
50204	5785	0.14702028
50204	489	0.14702027
50205	5886	0.10937421
50205	41	0.1093742
50205	4076	0.1093742
50205	6507	0.1093742
50205	215	0.109374195
50205	387	0.109374195
50205	890	0.109374195
50205	997	0.109374195
50205	1058	0.109374195
50205	2138	0.109374195
50225	3971	0.10359448
50225	2138	0.103594474
50225	41	0.10359447
50225	1869	0.10359447
50225	2364	0.10359447
50225	4076	0.10359447
50225	5886	0.10359447
50225	6912	0.10359447
50225	890	0.10359446
50225	4477	0.10359446
50504	4241	0.10260284
50504	5454	0.10260284
50504	6643	0.10260284
50504	6768	0.10260284
50504	3778	0.10260283
50504	5115	0.10260283
50504	401	0.102602825
50504	1745	0.102602825
50504	1806	0.102602825
50504	2220	0.102602825
50539	29	0.07989223
50539	4701	0.07989221
50539	856	0.07977769
50539	6090	0.07977769
50539	4658	0.07977768
50539	2282	0.07977767
50539	4409	0.07977767
50539	5247	0.07977767
50539	4407	0.079777665
50539	5179	0.07977765
50612	5610	0.11772006
50612	4975	0.11654548
50612	5991	0.11654545
50612	6218	0.116545424
50612	4557	0.11568774
50612	511	0.115687735
50612	1092	0.115687735
50612	3526	0.115687735
50612	6880	0.115687735
50612	3729	0.11568773
50615	922	0.08320727
50615	49	0.083207265
50615	478	0.083207265
50615	538	0.083207265
50615	577	0.083207265
50615	890	0.083207265
50615	1146	0.083207265
50615	1340	0.083207265
50615	1415	0.083207265
50615	1552	0.083207265
50650	231	0.07807712
50650	4176	0.07807712
50650	6840	0.07807712
50650	1619	0.078077115
50650	6216	0.078077115
50650	668	0.07807711
50650	1022	0.07807711
50650	1034	0.07807711
50650	2956	0.07807711
50650	3950	0.07807711
50681	1869	0.13435888
50681	3971	0.13435887
50681	5886	0.13435887
50681	273	0.13435885
50681	387	0.13435885
50681	842	0.13435885
50681	890	0.13435885
50681	901	0.13435885
50681	997	0.13435885
50681	1856	0.13435885
50730	2929	0.11796612
50730	947	0.117966115
50730	1139	0.117966115
50730	1764	0.117966115
50730	1775	0.117966115
50730	2603	0.117966115
50730	3397	0.117966115
50730	6460	0.117966115
50730	130	0.11796611
50730	506	0.11796611
50749	425	0.07960656
50749	91	0.07960652
50749	5355	0.07960652
50749	1524	0.07960651
50749	5304	0.07960651
50749	3776	0.0796065
50749	4469	0.0796065
50749	5321	0.0796065
50749	5859	0.0796065
50749	3703	0.07960649
50823	4103	0.11225296
50823	5731	0.11225295
50823	1258	0.11225294
50823	5465	0.11225294
50823	398	0.112252936
50823	920	0.112252936
50823	2450	0.112252936
50823	3610	0.112252936
50823	3657	0.112252936
50823	4703	0.112252936
50849	890	0.15957418
50849	3616	0.15957418
50849	4076	0.15957418
50849	5031	0.15957418
50849	6123	0.15957418
50849	387	0.15957417
50849	997	0.15957417
50849	1146	0.15957417
50849	1869	0.15957417
50849	2364	0.15957417
50859	3971	0.15715106
50859	387	0.15715104
50859	478	0.15715104
50859	890	0.15715104
50859	997	0.15715104
50859	1194	0.15715104
50859	2138	0.15715104
50859	5716	0.15715104
50859	5886	0.15715104
50859	6123	0.15715104
50895	3853	0.15768343
50895	6643	0.15768343
50895	3866	0.15768342
50895	401	0.1576834
50895	1752	0.1576834
50895	3700	0.1576834
50895	3778	0.1576834
50895	3830	0.1576834
50895	4241	0.1576834
50895	4595	0.1576834
50972	5454	0.09356751
50972	6674	0.09356751
50972	3853	0.093567505
50972	3866	0.093567505
50972	5115	0.093567505
50972	6310	0.093567505
50972	1745	0.0935675
50972	5688	0.0935675
50972	6643	0.0935675
50972	533	0.09356749
51071	6123	0.121531576
51071	387	0.12153157
51071	922	0.12153157
51071	997	0.12153157
51071	2138	0.12153157
51071	3971	0.12153157
51071	4076	0.12153157
51071	5886	0.12153157
51071	6912	0.12153157
51071	41	0.12153156
51082	2220	0.091107756
51082	3493	0.091107756
51082	3830	0.09110775
51082	3866	0.09110775
51082	528	0.09110774
51082	1070	0.09110774
51082	1806	0.09110774
51082	2363	0.09110774
51082	2569	0.09110774
51082	3029	0.09110774
51100	364	0.14610492
51100	2780	0.14610492
51100	3824	0.14610492
51100	6260	0.14610492
51100	1826	0.1461049
51100	2636	0.1461049
51100	3435	0.1461049
51100	5584	0.1461049
51100	2102	0.14610487
51100	2606	0.14610487
51207	325	0.12653491
51207	4319	0.12469234
51207	6446	0.12469233
51207	5690	0.12469232
51207	3536	0.124692306
51207	3865	0.124692306
51207	803	0.12469229
51207	2075	0.12469229
51207	2623	0.12469229
51207	3257	0.12469229
51252	6643	0.09637688
51252	6674	0.09637687
51252	3112	0.096376866
51252	3418	0.096376866
51252	3493	0.096376866
51252	3853	0.096376866
51252	5454	0.096376866
51252	846	0.09637686
51252	1806	0.09637686
51252	3630	0.09637686
51350	41	0.14527172
51350	49	0.14527172
51350	124	0.14527172
51350	387	0.14527172
51350	478	0.14527172
51350	832	0.14527172
51350	890	0.14527172
51350	922	0.14527172
51350	997	0.14527172
51350	1455	0.14527172
51359	6123	0.094369814
51359	1869	0.09436981
51359	387	0.0943698
51359	579	0.0943698
51359	890	0.0943698
51359	997	0.0943698
51359	2138	0.0943698
51359	3616	0.0943698
51359	3971	0.0943698
51359	4076	0.0943698
51364	1610	0.088474885
51364	4387	0.088474885
51364	2986	0.08847488
51364	626	0.08847487
51364	990	0.08847487
51364	2083	0.08847487
51364	3819	0.08847487
51364	4482	0.08847487
51364	4604	0.08847487
51364	5140	0.08847487
51365	1567	0.09220773
51365	4906	0.09220773
51365	5869	0.09220773
51365	2207	0.092207715
51365	2653	0.092207715
51365	3361	0.092207715
51365	4903	0.092207715
51365	5715	0.092207715
51365	6028	0.092207715
51365	106	0.09220771
51386	4671	0.09121151
51386	191	0.0912115
51386	551	0.0912115
51386	2022	0.0912115
51386	5904	0.0912115
51386	4461	0.09121149
51386	6075	0.09121149
51386	570	0.09121148
51386	667	0.09121148
51386	2936	0.09121148
51403	841	0.074518874
51403	1519	0.074518874
51403	5387	0.074518874
51403	5017	0.07451887
51403	299	0.074518844
51403	1677	0.074518844
51403	42	0.07406722
51403	5793	0.07406722
51403	427	0.074067205
51403	3494	0.074067205
51450	387	0.092119694
51450	3971	0.092119694
51450	890	0.09211969
51450	1869	0.09211969
51450	6123	0.09211969
51450	41	0.09211968
51450	49	0.09211968
51450	922	0.09211968
51450	1146	0.09211968
51450	1415	0.09211968
51511	4689	0.11916805
51511	3178	0.11916803
51511	3313	0.11916803
51511	4456	0.11916803
51511	5788	0.11916803
51511	6420	0.11916801
51511	4776	0.119168
51511	6560	0.119021796
51511	5779	0.11902174
51511	5854	0.11902174
51526	1133	0.12479077
51526	4265	0.12479075
51526	2466	0.12479074
51526	3380	0.124246866
51526	6032	0.12424685
51526	2701	0.12424684
51526	3408	0.12424684
51526	3815	0.124246836
51526	4756	0.124246836
51526	4957	0.124246836
51559	387	0.11858377
51559	3971	0.11858377
51559	41	0.11858375
51559	890	0.11858375
51559	922	0.11858375
51559	997	0.11858375
51559	1749	0.11858375
51559	2138	0.11858375
51559	2339	0.11858375
51559	2364	0.11858375
51589	890	0.14232242
51589	5031	0.14232242
51589	3971	0.1423224
51589	5886	0.1423224
51589	124	0.14232239
51589	387	0.14232239
51589	538	0.14232239
51589	597	0.14232239
51589	642	0.14232239
51589	810	0.14232239
51627	5731	0.09792075
51627	1258	0.097920746
51627	1621	0.097920746
51627	1848	0.097920746
51627	3610	0.097920746
51627	4103	0.097920746
51627	6279	0.097920746
51627	2014	0.09792074
51627	2287	0.09792074
51627	2644	0.09792074
51663	1177	0.08156319
51663	6530	0.08156319
51663	3263	0.08156318
51663	2241	0.081563175
51663	3487	0.081563175
51663	4092	0.081563175
51663	4177	0.081563175
51663	4299	0.081563175
51663	4324	0.081563175
51663	4806	0.081563175
51665	5731	0.11027229
51665	1621	0.11027227
51665	1848	0.11027227
51665	2209	0.11027227
51665	3143	0.11027227
51665	3610	0.11027227
51665	3657	0.11027227
51665	6149	0.11027227
51665	6279	0.11027227
51665	2630	0.110272266
51742	4476	0.089999035
51742	4683	0.089999035
51742	5612	0.08999903
51742	2306	0.08999902
51742	3053	0.08999902
51742	5239	0.08999901
51742	3918	0.089999005
51742	918	0.089999
51742	3788	0.089999
51742	2702	0.08999899
51803	3971	0.11378139
51803	890	0.11378138
51803	2138	0.11378138
51803	5886	0.11378138
51803	6123	0.11378138
51803	6912	0.11378138
51803	1340	0.11378137
51803	1455	0.11378137
51803	2364	0.11378137
51803	3616	0.11378137
51805	1869	0.10456087
51805	579	0.10456085
51805	890	0.10456085
51805	1856	0.10456085
51805	2121	0.10456085
51805	3616	0.10456085
51805	3971	0.10456085
51805	5031	0.10456085
51805	5218	0.10456085
51805	6123	0.10456085
51826	3937	0.09971101
51826	471	0.099711
51826	3018	0.099711
51826	4065	0.099711
51826	5821	0.099711
51826	6418	0.099711
51826	6608	0.099711
51826	5703	0.09971099
51826	102	0.099710986
51826	1575	0.099710986
51992	511	0.1227624
51992	1092	0.1227624
51992	4557	0.12276238
51992	5998	0.12276238
51992	6880	0.12276238
51992	6364	0.122762375
51992	6593	0.122762375
51992	65	0.12276237
51992	2643	0.12276237
51992	5288	0.12276237
52002	3870	0.086655706
52002	2419	0.0866557
52002	3606	0.0866557
52002	5864	0.0866557
52002	6179	0.0866557
52002	6231	0.0866557
52002	884	0.08665569
52002	1648	0.08665569
52002	2783	0.08665569
52002	3230	0.08665569
52011	3971	0.08454183
52011	997	0.08454181
52011	1455	0.08454181
52011	2138	0.08454181
52011	5886	0.08454181
52011	5634	0.084541805
52011	6123	0.084541805
52011	6912	0.084541805
52011	124	0.0845418
52011	273	0.0845418
52044	4740	0.08915651
52044	5914	0.0891565
52044	6396	0.089156486
52044	1155	0.08915648
52044	2503	0.08915648
52044	3677	0.08915648
52044	4144	0.08915648
52044	4431	0.08915648
52044	4444	0.08915648
52044	4738	0.08915648
52141	4076	0.13104312
52141	49	0.1310431
52141	1455	0.1310431
52141	1869	0.1310431
52141	3971	0.1310431
52141	4323	0.1310431
52141	4390	0.1310431
52141	5716	0.1310431
52141	5886	0.1310431
52141	6123	0.1310431
52159	4103	0.13477686
52159	5731	0.13477685
52159	605	0.13477683
52159	1621	0.13477683
52159	1848	0.13477683
52159	2209	0.13477683
52159	2450	0.13477683
52159	6149	0.13477683
52159	6670	0.13477683
52159	892	0.13477682
52175	1965	0.10012473
52175	2359	0.10012472
52175	4099	0.10012472
52175	4908	0.1001247
52175	5565	0.1001247
52175	859	0.100124694
52175	929	0.100124694
52175	6023	0.100124694
52175	4640	0.10012469
52175	5167	0.10012469
52199	4673	0.15918341
52199	2419	0.1591834
52199	5041	0.15918338
52199	5864	0.15918338
52199	6834	0.15918338
52199	884	0.15918337
52199	1648	0.15918337
52199	3230	0.15918337
52199	3606	0.15918337
52199	222	0.15918335
52293	387	0.14284134
52293	478	0.14284134
52293	842	0.14284134
52293	1869	0.14284134
52293	3616	0.14284134
52293	3971	0.14284134
52293	4076	0.14284134
52293	4323	0.14284134
52293	5031	0.14284134
52293	5886	0.14284134
52350	2419	0.19388112
52350	3870	0.19388112
52350	4673	0.19388112
52350	5041	0.19388111
52350	792	0.1938811
52350	2783	0.1938811
52350	3081	0.1938811
52350	3230	0.1938811
52350	3606	0.1938811
52350	3733	0.1938811
52425	6244	0.0951232
52425	3799	0.095123194
52425	467	0.09512319
52425	2821	0.09512319
52425	3562	0.09512319
52425	4338	0.09512319
52425	4843	0.09512319
52425	6322	0.09512319
52425	6689	0.09512319
52425	887	0.09512317
52472	2382	0.11030132
52472	3560	0.11030132
52472	4960	0.11030132
52472	5785	0.11030132
52472	4885	0.110301316
52472	6555	0.110301316
52472	6842	0.110301316
52472	854	0.11030131
52472	1413	0.11030131
52472	3510	0.11030131
52521	947	0.099827215
52521	1775	0.099827215
52521	1995	0.099827215
52521	6552	0.099827215
52521	1764	0.09982721
52521	2148	0.09982721
52521	130	0.0998272
52521	506	0.0998272
52521	529	0.0998272
52521	646	0.0998272
52532	878	0.06495647
52532	1366	0.06495647
52532	400	0.064032406
52532	1087	0.064032406
52532	1613	0.064032406
52532	3120	0.064032406
52532	3187	0.064032406
52532	4151	0.064032406
52532	5001	0.064032406
52532	5019	0.064032406
52584	111	0.098430425
52584	5890	0.098430425
52584	1793	0.09843042
52584	4729	0.09843041
52584	5695	0.09843041
52584	1537	0.0984304
52584	4692	0.0984304
52584	2099	0.098430395
52584	2109	0.098430395
52584	2588	0.098430395
52614	6655	0.08022101
52614	2933	0.080221
52614	3378	0.080221
52614	6645	0.080221
52614	6680	0.080221
52614	5472	0.08022099
52614	6585	0.08022099
52614	5471	0.08022098
52614	687	0.07880193
52614	1199	0.07880193
52670	3971	0.12756638
52670	49	0.12756637
52670	890	0.12756637
52670	1869	0.12756637
52670	2138	0.12756637
52670	2965	0.12756637
52670	3559	0.12756637
52670	3616	0.12756637
52670	3965	0.12756637
52670	5031	0.12756637
52853	1869	0.16166626
52853	3616	0.16166626
52853	124	0.16166624
52853	266	0.16166624
52853	387	0.16166624
52853	645	0.16166624
52853	986	0.16166624
52853	997	0.16166624
52853	1058	0.16166624
52853	1455	0.16166624
52887	387	0.105534315
52887	478	0.105534315
52887	645	0.105534315
52887	890	0.105534315
52887	1062	0.105534315
52887	1146	0.105534315
52887	1455	0.105534315
52887	2121	0.105534315
52887	3897	0.105534315
52887	5031	0.105534315
52917	5033	0.20129666
52917	6810	0.20129663
52917	520	0.2012966
52917	6147	0.2012966
52917	5653	0.20129658
52917	890	0.20122615
52917	2121	0.20122615
52917	2728	0.20122615
52917	5031	0.20122615
52917	376	0.20122613
52994	3866	0.084739216
52994	1806	0.08473921
52994	3830	0.08473921
52994	3853	0.08473921
52994	5454	0.08473921
52994	5511	0.08473921
52994	5688	0.08473921
52994	5729	0.08473921
52994	6643	0.08473921
52994	6674	0.08473921
53042	2138	0.0808453
53042	3971	0.08084529
53042	6123	0.08084529
53042	387	0.08084528
53042	478	0.08084528
53042	642	0.08084528
53042	860	0.08084528
53042	890	0.08084528
53042	986	0.08084528
53042	1146	0.08084528
53069	551	0.08648078
53069	3121	0.08648078
53069	4671	0.08648078
53069	5904	0.08648078
53069	6075	0.08648078
53069	191	0.086480774
53069	667	0.086480774
53069	2022	0.086480774
53069	4438	0.086480774
53069	570	0.08648077
53140	5731	0.088394955
53140	6149	0.088394955
53140	1621	0.08839494
53140	1848	0.08839494
53140	2209	0.08839494
53140	3983	0.08839494
53140	4103	0.08839494
53140	4703	0.08839494
53140	6279	0.08839494
53140	6465	0.08839494
53174	5731	0.08143487
53174	4103	0.08143486
53174	4703	0.08143486
53174	605	0.08143485
53174	1621	0.08143485
53174	2450	0.08143485
53174	5473	0.08143485
53174	6465	0.08143485
53174	396	0.081434846
53174	575	0.081434846
53220	4407	0.10659372
53220	6090	0.10659372
53220	856	0.10659371
53220	2282	0.10659371
53220	4658	0.10659371
53220	4409	0.106593706
53220	5247	0.1065937
53220	5179	0.10659368
53220	3560	0.10512114
53220	4885	0.10512114
53241	3418	0.115524665
53241	5115	0.115524665
53241	5454	0.115524665
53241	6674	0.11552466
53241	1806	0.11552465
53241	3493	0.11552465
53241	3700	0.11552465
53241	3795	0.11552465
53241	3853	0.11552465
53241	3866	0.11552465
53256	2138	0.13885489
53256	3971	0.13885489
53256	5886	0.13885489
53256	6123	0.13885489
53256	1869	0.13885488
53256	404	0.13885486
53256	478	0.13885486
53256	579	0.13885486
53256	597	0.13885486
53256	642	0.13885486
53265	5731	0.112295635
53265	1621	0.11229561
53265	4103	0.11229561
53265	2014	0.112295605
53265	1848	0.1122956
53265	5176	0.1122956
53265	6279	0.1122956
53265	2320	0.11229559
53265	3143	0.11229559
53265	3610	0.11229559
53278	4673	0.13748054
53278	884	0.13748053
53278	2419	0.13748053
53278	3870	0.13748053
53278	4938	0.13748053
53278	5864	0.13748053
53278	6834	0.13748053
53278	247	0.13748051
53278	903	0.13748051
53278	1648	0.13748051
53304	511	0.09484637
53304	1092	0.09484637
53304	4318	0.09484635
53304	5998	0.09484635
53304	6364	0.09484635
53304	6593	0.09484635
53304	617	0.094846345
53304	2796	0.094846345
53304	4557	0.094846345
53304	4905	0.094846345
53365	799	0.08539155
53365	3914	0.08539155
53365	5812	0.08539155
53365	5664	0.08539154
53365	5199	0.085391514
53365	801	0.08488423
53365	4151	0.08488423
53365	5121	0.08488423
53365	6222	0.08488423
53365	1389	0.08488422
53392	478	0.1277383
53392	997	0.1277383
53392	1194	0.1277383
53392	1340	0.1277383
53392	2728	0.1277383
53392	3971	0.1277383
53392	4076	0.1277383
53392	4323	0.1277383
53392	5886	0.1277383
53392	6123	0.1277383
53408	4103	0.08427568
53408	1280	0.08427567
53408	1459	0.08427566
53408	1621	0.08427566
53408	1632	0.08427566
53408	1848	0.08427566
53408	4496	0.08427566
53408	5731	0.08427566
53408	6279	0.08427566
53408	6670	0.08427566
53414	4004	0.09114671
53414	2017	0.0911467
53414	4446	0.0911467
53414	6796	0.0911467
53414	759	0.09114669
53414	2518	0.09114669
53414	2828	0.09114669
53414	3749	0.09114669
53414	5058	0.09114669
53414	5980	0.09114669
53418	3971	0.13835709
53418	24	0.13835707
53418	387	0.13835707
53418	478	0.13835707
53418	890	0.13835707
53418	922	0.13835707
53418	1146	0.13835707
53418	1415	0.13835707
53418	2121	0.13835707
53418	2138	0.13835707
53456	3971	0.13753872
53456	387	0.1375387
53456	124	0.13753869
53456	890	0.13753869
53456	922	0.13753869
53456	1862	0.13753869
53456	1869	0.13753869
53456	2138	0.13753869
53456	3616	0.13753869
53456	5886	0.13753869
53520	4319	0.09312381
53520	5690	0.09312381
53520	6446	0.09312381
53520	803	0.09312379
53520	3865	0.09312379
53520	3536	0.093123786
53520	1260	0.09312378
53520	2075	0.09312378
53520	2894	0.09312378
53520	3257	0.09312378
53575	854	0.08879985
53575	6783	0.08879984
53575	6842	0.08879984
53575	1080	0.088799834
53575	1413	0.088799834
53575	1902	0.088799834
53575	2382	0.088799834
53575	3115	0.088799834
53575	3560	0.088799834
53575	3658	0.088799834
53590	400	0.13087751
53590	3187	0.13087751
53590	4151	0.13087751
53590	5019	0.13087751
53590	99	0.1308775
53590	109	0.1308775
53590	686	0.1308775
53590	801	0.1308775
53590	1389	0.1308775
53590	1438	0.1308775
53605	1869	0.12561382
53605	41	0.12561381
53605	124	0.12561381
53605	387	0.12561381
53605	579	0.12561381
53605	775	0.12561381
53605	890	0.12561381
53605	922	0.12561381
53605	1146	0.12561381
53605	1229	0.12561381
53614	387	0.16277552
53614	890	0.16277552
53614	922	0.16277552
53614	1146	0.16277552
53614	1189	0.16277552
53614	1869	0.16277552
53614	2121	0.16277552
53614	2339	0.16277552
53614	3559	0.16277552
53614	3616	0.16277552
53628	2701	0.1254529
53628	4756	0.1254529
53628	6032	0.1254529
53628	3380	0.12545289
53628	3654	0.12545288
53628	3815	0.12545288
53628	6284	0.12545288
53628	6439	0.12545288
53628	6745	0.12545288
53628	3408	0.12545286
53663	526	0.11229867
53663	5294	0.11229867
53663	5833	0.11229867
53663	6732	0.11229867
53663	1890	0.11229862
53663	5128	0.11161074
53663	143	0.111610726
53663	1238	0.111610726
53663	5275	0.111610726
53663	5508	0.111610726
53664	3866	0.09253704
53664	4595	0.09253703
53664	5454	0.09253703
53664	6674	0.09253703
53664	2220	0.09253702
53664	2569	0.09253702
53664	3112	0.09253702
53664	4718	0.09253702
53664	5115	0.09253702
53664	5729	0.09253702
53729	4813	0.075532734
53729	3644	0.07553272
53729	4984	0.07553272
53729	5151	0.07553272
53729	6909	0.07553272
53729	3868	0.07553271
53729	5106	0.07553271
53729	80	0.075532705
53729	1997	0.075532705
53729	3890	0.075532705
53846	2419	0.14469987
53846	3230	0.14469986
53846	4673	0.14469986
53846	884	0.14469984
53846	903	0.14469984
53846	1648	0.14469984
53846	3585	0.14469984
53846	3606	0.14469984
53846	3870	0.14469984
53846	4080	0.14469984
54072	1869	0.11636042
54072	3971	0.11636042
54072	4076	0.11636042
54072	2138	0.11636041
54072	5886	0.11636041
54072	6912	0.11636041
54072	890	0.1163604
54072	41	0.116360396
54072	119	0.116360396
54072	124	0.116360396
54193	111	0.09808487
54193	3198	0.09808486
54193	4692	0.09808486
54193	1793	0.09808485
54193	4729	0.09808485
54193	5695	0.09808485
54193	5890	0.09808485
54193	1537	0.098084845
54193	4721	0.098084845
54193	6267	0.098084845
54206	364	0.12074276
54206	5430	0.120742746
54206	5584	0.120742746
54206	2636	0.12074274
54206	2780	0.12074274
54206	3435	0.12074274
54206	1826	0.12074273
54206	3824	0.12074273
54206	2879	0.12074272
54206	6260	0.12074272
54222	4323	0.11654508
54222	6123	0.11654508
54222	890	0.11654507
54222	5031	0.11654507
54222	387	0.116545066
54222	514	0.116545066
54222	832	0.116545066
54222	842	0.116545066
54222	997	0.116545066
54222	1146	0.116545066
54283	6312	0.07800627
54283	6396	0.07800626
54283	2503	0.07800625
54283	4738	0.07800625
54283	5914	0.07800625
54283	1024	0.078006245
54283	3677	0.078006245
54283	4144	0.078006245
54283	4740	0.078006245
54283	5534	0.078006245
54290	2518	0.10246259
54290	6796	0.10246259
54290	2017	0.10246258
54290	4446	0.10246258
54290	1958	0.102462575
54290	3749	0.102462575
54290	4789	0.102462575
54290	5427	0.102462575
54290	5463	0.102462575
54290	6152	0.102462575
54335	1869	0.07912059
54335	3971	0.07912059
54335	5886	0.07912059
54335	387	0.07912058
54335	1856	0.07912058
54335	2055	0.07912058
54335	2728	0.07912058
54335	3616	0.07912058
54335	6123	0.07912058
54335	6515	0.07912058
54374	49	0.12943836
54374	387	0.12943836
54374	922	0.12943836
54374	3971	0.12943836
54374	5031	0.12943836
54374	24	0.12943834
54374	41	0.12943834
54374	124	0.12943834
54374	233	0.12943834
54374	478	0.12943834
54453	364	0.09258032
54453	5430	0.09258032
54453	1826	0.09258031
54453	3435	0.09258031
54453	6260	0.09258031
54453	2636	0.0925803
54453	2780	0.0925803
54453	3824	0.0925803
54453	5584	0.0925803
54453	2102	0.092580296
54492	5731	0.1009356
54492	920	0.10093559
54492	1258	0.10093559
54492	1621	0.10093559
54492	1848	0.10093559
54492	3983	0.10093559
54492	4103	0.10093559
54492	4703	0.10093559
54492	6084	0.10093559
54492	6279	0.10093559
54512	1869	0.12569924
54512	5031	0.12569924
54512	5886	0.12569924
54512	41	0.12569922
54512	49	0.12569922
54512	215	0.12569922
54512	376	0.12569922
54512	387	0.12569922
54512	514	0.12569922
54512	579	0.12569922
54547	387	0.094652444
54547	890	0.094652444
54547	922	0.094652444
54547	6912	0.094652444
54547	1856	0.09465244
54547	3971	0.09465244
54547	4323	0.09465244
54547	5031	0.09465244
54547	41	0.09465243
54547	49	0.09465243
54578	4103	0.1019163
54578	5731	0.1019163
54578	920	0.10191628
54578	1621	0.10191628
54578	2320	0.10191628
54578	2450	0.10191628
54578	3610	0.10191628
54578	3657	0.10191628
54578	4496	0.10191628
54578	4703	0.10191628
54605	890	0.12002564
54605	5886	0.12002564
54605	41	0.120025635
54605	387	0.120025635
54605	478	0.120025635
54605	922	0.120025635
54605	2364	0.120025635
54605	3559	0.120025635
54605	3971	0.120025635
54605	4076	0.120025635
54622	3018	0.10061294
54622	3937	0.10061294
54622	4065	0.10061294
54622	5703	0.10061293
54622	6418	0.10061293
54622	46	0.10061292
54622	102	0.10061292
54622	471	0.10061292
54622	1285	0.10061292
54622	2428	0.10061292
54624	1869	0.11956715
54624	3971	0.11956714
54624	5031	0.11956714
54624	387	0.11956713
54624	890	0.11956713
54624	1455	0.11956713
54624	2037	0.11956713
54624	2121	0.11956713
54624	2138	0.11956713
54624	3616	0.11956713
54652	1058	0.11664626
54652	2138	0.11664626
54652	5031	0.11664626
54652	124	0.11664625
54652	842	0.11664625
54652	2121	0.11664625
54652	3616	0.11664625
54652	3971	0.11664625
54652	5886	0.11664625
54652	6123	0.11664625
54817	5031	0.123833634
54817	1869	0.12383363
54817	2138	0.12383363
54817	3616	0.12383363
54817	3971	0.12383363
54817	4076	0.12383363
54817	5886	0.12383363
54817	387	0.12383362
54817	890	0.12383362
54817	3559	0.12383362
54884	387	0.10819724
54884	1869	0.10819724
54884	2121	0.10819724
54884	2138	0.10819724
54884	3616	0.10819724
54884	3971	0.10819724
54884	5896	0.10819724
54884	41	0.108197235
54884	124	0.108197235
54884	514	0.108197235
54898	1856	0.09454167
54898	1869	0.09454167
54898	3616	0.09454167
54898	5031	0.09454167
54898	5685	0.09454167
54898	5886	0.09454167
54898	5966	0.09454167
54898	49	0.09454166
54898	215	0.09454166
54898	478	0.09454166
54911	1177	0.11051256
54911	4806	0.110512555
54911	3118	0.11051255
54911	2737	0.11051254
54911	3263	0.11051254
54911	6318	0.11051254
54911	591	0.11051253
54911	4299	0.11051253
54911	5691	0.11051253
54911	6530	0.11051253
54968	3971	0.1438204
54968	6912	0.1438204
54968	890	0.14382039
54968	1869	0.14382039
54968	41	0.14382038
54968	124	0.14382038
54968	273	0.14382038
54968	376	0.14382038
54968	387	0.14382038
54968	579	0.14382038
55006	6318	0.11815967
55006	6762	0.11815966
55006	1177	0.11815965
55006	3263	0.11815965
55006	6208	0.11815965
55006	3118	0.118159644
55006	4650	0.118159644
55006	591	0.11815964
55006	1221	0.11815964
55006	1233	0.11815964
55027	5031	0.11127171
55027	5886	0.11127171
55027	215	0.1112717
55027	1869	0.1112717
55027	41	0.111271694
55027	124	0.111271694
55027	387	0.111271694
55027	890	0.111271694
55027	1062	0.111271694
55027	1146	0.111271694
55065	3560	0.10087022
55065	4885	0.10087022
55065	212	0.10087021
55065	1080	0.10087021
55065	1413	0.10087021
55065	2360	0.10087021
55065	3115	0.10087021
55065	3510	0.10087021
55065	3694	0.10087021
55065	3939	0.10087021
55075	5886	0.1446332
55075	6123	0.1446332
55075	49	0.14463319
55075	478	0.14463319
55075	3897	0.14463319
55075	4076	0.14463319
55075	4323	0.14463319
55075	5031	0.14463319
55075	160	0.14463317
55075	328	0.14463317
55097	890	0.15266375
55097	6123	0.15266375
55097	387	0.15266374
55097	597	0.15266374
55097	922	0.15266374
55097	997	0.15266374
55097	1062	0.15266374
55097	2121	0.15266374
55097	2138	0.15266374
55097	3616	0.15266374
55142	1177	0.1427206
55142	4806	0.1427206
55142	1221	0.14272058
55142	2737	0.14272058
55142	3118	0.14272058
55142	6318	0.14272058
55142	6530	0.14272058
55142	6762	0.14272058
55142	3263	0.14272057
55142	5691	0.14272057
55178	869	0.10806538
55178	1679	0.10806538
55178	2989	0.108065374
55178	6747	0.108065374
55178	152	0.10806537
55178	1598	0.10806537
55178	1957	0.10806537
55178	2020	0.10806537
55178	2169	0.10806537
55178	5230	0.10806537
55187	884	0.1190468
55187	2419	0.1190468
55187	4938	0.1190468
55187	1648	0.11904679
55187	3230	0.11904679
55187	3870	0.11904679
55187	6231	0.11904679
55187	6234	0.11904679
55187	6566	0.11904679
55187	3606	0.119046785
55270	231	0.10278775
55270	4176	0.10278775
55270	6216	0.10278775
55270	6840	0.10278775
55270	5197	0.10278774
55270	668	0.10278773
55270	1022	0.10278773
55270	1034	0.10278773
55270	5129	0.10278773
55270	1595	0.102787726
55272	5969	0.106264636
55272	6116	0.106100306
55272	2492	0.1061003
55272	3844	0.106100276
55272	4924	0.106100276
55272	6793	0.106100276
55272	6219	0.10610027
55272	972	0.10610026
55272	1860	0.10610026
55272	5378	0.10610026
55398	1285	0.12500978
55398	3018	0.12500978
55398	3937	0.12500978
55398	4065	0.12500978
55398	5821	0.12500978
55398	6608	0.12500978
55398	102	0.12500976
55398	606	0.12500976
55398	3491	0.12500976
55398	5310	0.12500976
55438	3971	0.121859655
55438	387	0.12185965
55438	890	0.12185965
55438	5886	0.12185965
55438	597	0.12185964
55438	642	0.12185964
55438	922	0.12185964
55438	2037	0.12185964
55438	2121	0.12185964
55438	2138	0.12185964
55441	231	0.11888791
55441	668	0.11888789
55441	4176	0.11888788
55441	1619	0.11888787
55441	1723	0.11888787
55441	677	0.118887864
55441	1022	0.118887864
55441	4000	0.118887864
55441	5197	0.118887864
55441	6840	0.118887864
55487	387	0.12120486
55487	3971	0.12120486
55487	478	0.12120485
55487	579	0.12120485
55487	901	0.12120485
55487	1146	0.12120485
55487	1869	0.12120485
55487	2138	0.12120485
55487	2364	0.12120485
55487	3059	0.12120485
55492	231	0.07261068
55492	668	0.07261068
55492	1723	0.07261068
55492	4176	0.07261068
55492	5197	0.07261068
55492	1619	0.07261067
55492	4068	0.07261067
55492	6216	0.07261067
55492	677	0.07261066
55492	1022	0.07261066
55493	2972	0.11220969
55493	1553	0.11220968
55493	3001	0.11220968
55493	236	0.11220966
55493	3529	0.11220966
55493	3213	0.11220965
55493	5421	0.11220965
55493	6114	0.11220965
55493	2250	0.11220962
55493	2885	0.11144272
55548	3971	0.1168415
55548	6123	0.1168415
55548	890	0.116841495
55548	1869	0.116841495
55548	2138	0.116841495
55548	4076	0.116841495
55548	5886	0.116841495
55548	49	0.11684148
55548	387	0.11684148
55548	478	0.11684148
55559	3230	0.114029445
55559	4673	0.114029445
55559	2419	0.11402944
55559	4474	0.11402944
55559	5041	0.11402944
55559	247	0.11402943
55559	3283	0.11402943
55559	6834	0.11402943
55559	819	0.11402942
55559	1648	0.11402942
55562	2304	0.13123256
55562	3853	0.13123256
55562	3866	0.13123256
55562	3980	0.13123256
55562	4595	0.13123256
55562	4718	0.13123256
55562	5454	0.13123256
55562	6310	0.13123256
55562	6643	0.13123256
55562	533	0.13123254
55607	890	0.1426923
55607	997	0.1426923
55607	1869	0.1426923
55607	2138	0.1426923
55607	2356	0.1426923
55607	3971	0.1426923
55607	4076	0.1426923
55607	5218	0.1426923
55607	5886	0.1426923
55607	6123	0.1426923
55631	1869	0.1196829
55631	775	0.11968289
55631	997	0.11968289
55631	3971	0.11968289
55631	41	0.119682886
55631	890	0.119682886
55631	2364	0.119682886
55631	3305	0.119682886
55631	4076	0.119682886
55631	5886	0.119682886
55655	6610	0.085950606
55655	709	0.0859506
55655	6549	0.0859506
55655	6622	0.0859506
55655	2906	0.08595058
55655	4152	0.08595058
55655	4527	0.08595058
55655	5308	0.08595058
55655	5687	0.08595058
55655	6248	0.08595058
55734	2419	0.115759045
55734	4673	0.11575904
55734	884	0.11575903
55734	1648	0.11575903
55734	3870	0.11575903
55734	4472	0.11575903
55734	5041	0.11575903
55734	3606	0.11575902
55734	4602	0.11575902
55734	6231	0.11575902
55751	4076	0.12779564
55751	890	0.12779562
55751	2138	0.12779562
55751	3559	0.12779562
55751	3971	0.12779562
55751	41	0.1277956
55751	124	0.1277956
55751	216	0.1277956
55751	387	0.1277956
55751	597	0.1277956
55779	387	0.07686028
55779	775	0.07686028
55779	1869	0.07686028
55779	3971	0.07686028
55779	5886	0.07686028
55779	997	0.07686027
55779	1146	0.07686027
55779	1229	0.07686027
55779	2087	0.07686027
55779	3059	0.07686027
55787	387	0.10187377
55787	478	0.10187377
55787	890	0.10187377
55787	1869	0.10187377
55787	2121	0.10187377
55787	2356	0.10187377
55787	4076	0.10187377
55787	5031	0.10187377
55787	5886	0.10187377
55787	6912	0.10187377
55789	1869	0.09081864
55789	3971	0.09081864
55789	5886	0.09081864
55789	5896	0.09081864
55789	997	0.090818636
55789	3616	0.090818636
55789	3965	0.090818636
55789	6123	0.090818636
55789	6507	0.090818636
55789	24	0.09081863
55799	49	0.16600555
55799	387	0.16600555
55799	3616	0.16600555
55799	3971	0.16600555
55799	5031	0.16600555
55799	6123	0.16600555
55799	890	0.16600554
55799	1869	0.16600554
55799	5886	0.16600554
55799	24	0.16600552
55826	859	0.083734915
55826	1965	0.083734915
55826	929	0.0837349
55826	2359	0.0837349
55826	5565	0.0837349
55826	6023	0.0837349
55826	4099	0.083734885
55826	4291	0.083734885
55826	4908	0.083734885
55826	5673	0.083734885
55858	1585	0.14836651
55858	2653	0.14836651
55858	3361	0.14836651
55858	4868	0.14836651
55858	4906	0.14836651
55858	5086	0.14836651
55858	106	0.1483665
55858	5335	0.1483665
55858	6429	0.1483665
55858	6492	0.1483665
55892	6222	0.11758191
55892	400	0.117581904
55892	801	0.117581904
55892	1087	0.117581904
55892	2305	0.117581904
55892	3187	0.117581904
55892	4151	0.117581904
55892	5019	0.117581904
55892	1389	0.1175819
55892	1438	0.1175819
55927	5031	0.10508219
55927	3971	0.105082184
55927	6672	0.105082184
55927	890	0.10508218
55927	1062	0.10508218
55927	1340	0.10508218
55927	2138	0.10508218
55927	3616	0.10508218
55927	5716	0.10508218
55927	5886	0.10508218
55961	6851	0.07576693
55961	482	0.07576692
55961	2457	0.07576692
55961	2988	0.07576692
55961	4007	0.07576692
55961	4382	0.07576692
55961	4856	0.07576692
55961	5315	0.07576692
55961	1394	0.075766906
55961	2685	0.075766906
56157	997	0.09385258
56157	5031	0.09385258
56157	5886	0.09385258
56157	1869	0.09385257
56157	3559	0.09385257
56157	3616	0.09385257
56157	49	0.093852565
56157	328	0.093852565
56157	387	0.093852565
56157	478	0.093852565
56246	41	0.08643618
56246	3616	0.08643618
56246	3971	0.08643618
56246	5031	0.08643618
56246	5886	0.08643618
56246	24	0.086436175
56246	124	0.086436175
56246	832	0.086436175
56246	890	0.086436175
56246	1403	0.086436175
56272	890	0.1069632
56272	922	0.1069632
56272	1869	0.1069632
56272	3616	0.1069632
56272	5031	0.1069632
56272	5886	0.1069632
56272	124	0.106963195
56272	997	0.106963195
56272	1856	0.106963195
56272	3971	0.106963195
56307	5869	0.16429985
56307	106	0.16429982
56307	135	0.16429982
56307	655	0.16429982
56307	711	0.16429982
56307	1567	0.16429982
56307	2653	0.16429982
56307	3359	0.16429982
56307	3361	0.16429982
56307	4493	0.16429982
56315	3616	0.11097634
56315	3971	0.11097634
56315	5031	0.11097634
56315	6123	0.11097634
56315	842	0.11097633
56315	4076	0.11097633
56315	6912	0.11097633
56315	49	0.11097632
56315	328	0.11097632
56315	387	0.11097632
56369	6123	0.11785664
56369	1869	0.11785663
56369	3971	0.11785663
56369	387	0.11785662
56369	478	0.11785662
56369	775	0.11785662
56369	890	0.11785662
56369	922	0.11785662
56369	997	0.11785662
56369	1146	0.11785662
56391	3866	0.12570645
56391	1806	0.12570643
56391	2363	0.12570643
56391	2499	0.12570643
56391	3112	0.12570643
56391	3630	0.12570643
56391	3700	0.12570643
56391	3830	0.12570643
56391	3853	0.12570643
56391	4595	0.12570643
56554	1377	0.21910127
56554	4651	0.21910125
56554	3590	0.21765175
56554	3027	0.21765174
56554	361	0.2176517
56554	6095	0.21610412
56554	5610	0.21526906
56554	4448	0.2141971
56554	6599	0.21419701
56554	364	0.21381968
56623	1869	0.10526289
56623	3616	0.10526289
56623	3971	0.10526289
56623	6123	0.10526289
56623	2138	0.10526288
56623	2364	0.10526288
56623	5886	0.10526288
56623	49	0.105262876
56623	387	0.105262876
56623	597	0.105262876
56625	1177	0.106085405
56625	4806	0.10608538
56625	2737	0.106085375
56625	6318	0.106085375
56625	6530	0.106085375
56625	6762	0.106085375
56625	591	0.10608537
56625	1221	0.10608537
56625	3263	0.10608537
56625	4177	0.10608537
56654	576	0.10029289
56654	5835	0.100248985
56654	6333	0.10024898
56654	6428	0.10024897
56654	3445	0.10024896
56654	126	0.100248955
56654	3808	0.100248955
56654	4495	0.100248955
56654	6869	0.100248955
56654	2276	0.10024895
56661	841	0.11922878
56661	1519	0.11922877
56661	5017	0.119228765
56661	5387	0.119228765
56661	299	0.119228736
56661	1677	0.11922873
56661	3866	0.118775
56661	6674	0.118774995
56661	4727	0.11877499
56661	2220	0.11877498
56663	4103	0.11760138
56663	4703	0.117601365
56663	5731	0.117601365
56663	605	0.11760135
56663	2209	0.11760135
56663	2320	0.11760135
56663	3610	0.11760135
56663	3657	0.11760135
56663	3786	0.11760135
56663	1388	0.11760134
56804	3971	0.07613263
56804	49	0.076132625
56804	124	0.076132625
56804	387	0.076132625
56804	1869	0.076132625
56804	1945	0.076132625
56804	6123	0.076132625
56804	233	0.07613262
56804	922	0.07613262
56804	1159	0.07613262
56856	5610	0.13701844
56856	111	0.13595137
56856	4729	0.13595136
56856	368	0.13595134
56856	1537	0.13595134
56856	1793	0.13595134
56856	2099	0.13595134
56856	3303	0.13595134
56856	4692	0.13595134
56856	5890	0.13595134
56905	1869	0.08667537
56905	3965	0.08667537
56905	3971	0.08667537
56905	41	0.08667536
56905	124	0.08667536
56905	387	0.08667536
56905	842	0.08667536
56905	890	0.08667536
56905	986	0.08667536
56905	997	0.08667536
56917	6751	0.11046372
56917	6332	0.110033065
56917	5718	0.11003306
56917	2446	0.11003305
56917	5986	0.11003305
56917	1741	0.110033035
56917	5104	0.10952045
56917	3395	0.109520435
56917	3915	0.109520435
56917	4982	0.109520435
56985	3937	0.11273798
56985	6418	0.11273797
56985	6608	0.11273797
56985	3018	0.11273796
56985	4065	0.11273796
56985	5821	0.11273796
56985	1635	0.11273795
56985	5414	0.11273795
56985	5703	0.11273795
56985	102	0.112737946
57095	997	0.1363179
57095	2138	0.1363179
57095	3971	0.1363179
57095	5031	0.1363179
57095	5886	0.1363179
57095	6912	0.1363179
57095	41	0.13631788
57095	124	0.13631788
57095	266	0.13631788
57095	269	0.13631788
57105	5731	0.14426528
57105	3657	0.14426526
57105	4103	0.14426526
57105	1848	0.14426525
57105	3143	0.14426525
57105	3786	0.14426525
57105	396	0.14426523
57105	398	0.14426523
57105	605	0.14426523
57105	892	0.14426523
57108	801	0.10146726
57108	686	0.10146725
57108	4151	0.10146725
57108	5121	0.10146725
57108	6222	0.10146725
57108	99	0.10146724
57108	109	0.10146724
57108	400	0.10146724
57108	1087	0.10146724
57108	1389	0.10146724
57124	1869	0.11467771
57124	5031	0.11467771
57124	3616	0.114677705
57124	2121	0.1146777
57124	49	0.11467769
57124	376	0.11467769
57124	387	0.11467769
57124	514	0.11467769
57124	890	0.11467769
57124	1415	0.11467769
57200	4806	0.085530184
57200	6762	0.08553018
57200	1177	0.08553017
57200	3263	0.08553017
57200	6139	0.08553017
57200	591	0.08553016
57200	3693	0.08553016
57200	3761	0.08553016
57200	4299	0.08553016
57200	4650	0.08553016
57234	597	0.12123698
57234	1869	0.12123698
57234	3616	0.12123698
57234	5886	0.12123698
57234	215	0.12123697
57234	387	0.12123697
57234	901	0.12123697
57234	997	0.12123697
57234	1058	0.12123697
57234	2138	0.12123697
57255	2648	0.115317196
57255	4559	0.11531719
57255	6170	0.115317166
57255	5118	0.11531716
57255	4804	0.11531715
57255	6626	0.11531712
57255	5604	0.11510032
57255	275	0.11510031
57255	4288	0.11510031
57255	3516	0.11496156
57267	1539	0.09531288
57267	5592	0.09531287
57267	891	0.09531286
57267	1899	0.09531286
57267	5008	0.09531286
57267	2388	0.095312856
57267	4368	0.095312856
57267	2667	0.09531285
57267	5113	0.09531285
57267	5146	0.09531285
57269	1869	0.073250316
57269	775	0.07325031
57269	997	0.07325031
57269	2364	0.07325031
57269	3616	0.07325031
57269	3971	0.07325031
57269	6123	0.07325031
57269	6912	0.07325031
57269	1189	0.0732503
57269	1229	0.0732503
57302	533	0.121857405
57302	6674	0.121857405
57302	2220	0.12185739
57302	2363	0.12185739
57302	3493	0.12185739
57302	3630	0.12185739
57302	3830	0.12185739
57302	3866	0.12185739
57302	4398	0.12185739
57302	4595	0.12185739
57369	1415	0.07147385
57369	2364	0.07147385
57369	3971	0.07147385
57369	890	0.071473844
57369	1194	0.071473844
57369	2138	0.071473844
57369	2736	0.071473844
57369	4076	0.071473844
57369	4352	0.071473844
57369	41	0.07147384
57398	4103	0.13598016
57398	4703	0.13598014
57398	5731	0.13598014
57398	605	0.13598013
57398	1280	0.13598013
57398	1621	0.13598013
57398	1848	0.13598013
57398	2014	0.13598013
57398	2209	0.13598013
57398	2320	0.13598013
57449	41	0.09609279
57449	387	0.09609279
57449	890	0.09609279
57449	3971	0.09609279
57449	5031	0.09609279
57449	5886	0.09609279
57449	6912	0.09609279
57449	922	0.09609278
57449	1945	0.09609278
57449	2138	0.09609278
57599	5430	0.110835224
57599	364	0.11083521
57599	1826	0.110835195
57599	6260	0.110835195
57599	2102	0.11083519
57599	2606	0.11083519
57599	2780	0.11083519
57599	3435	0.11083519
57599	3824	0.11083519
57599	5584	0.11083519
57620	387	0.12182267
57620	922	0.12182267
57620	997	0.12182267
57620	1869	0.12182267
57620	6123	0.12182267
57620	49	0.12182266
57620	1146	0.12182266
57620	1415	0.12182266
57620	1552	0.12182266
57620	2806	0.12182266
57632	2138	0.11408006
57632	3059	0.11408006
57632	3971	0.11408006
57632	5896	0.11408006
57632	41	0.11408005
57632	1869	0.11408005
57632	2364	0.11408005
57632	5031	0.11408005
57632	6915	0.11408005
57632	24	0.11408004
57713	2121	0.1211266
57713	49	0.12112659
57713	387	0.12112659
57713	890	0.12112659
57713	922	0.12112659
57713	1415	0.12112659
57713	3971	0.12112659
57713	4076	0.12112659
57713	4323	0.12112659
57713	6123	0.12112659
57725	1869	0.12830731
57725	2121	0.1283073
57725	3971	0.1283073
57725	5886	0.1283073
57725	216	0.12830728
57725	387	0.12830728
57725	579	0.12830728
57725	597	0.12830728
57725	832	0.12830728
57725	890	0.12830728
57833	1937	0.08683111
57833	152	0.08683109
57833	1679	0.08683109
57833	1892	0.08683109
57833	4233	0.08683109
57833	5556	0.08683109
57833	6747	0.08683109
57833	869	0.086831085
57833	1457	0.086831085
57833	1598	0.086831085
57920	4076	0.09959519
57920	5031	0.09959519
57920	5886	0.09959519
57920	478	0.09959518
57920	1393	0.09959518
57920	2356	0.09959518
57920	4219	0.09959518
57920	49	0.099595174
57920	215	0.099595174
57920	890	0.099595174
57935	6880	0.08451485
57935	511	0.08451484
57935	985	0.08451484
57935	1092	0.08451484
57935	3526	0.08451484
57935	4341	0.08451484
57935	6364	0.08451484
57935	246	0.084514834
57935	1644	0.084514834
57935	4128	0.084514834
57959	3866	0.08414989
57959	6310	0.08414989
57959	6674	0.08414989
57959	1806	0.08414988
57959	2220	0.08414988
57959	3112	0.08414988
57959	3630	0.08414988
57959	3700	0.08414988
57959	3853	0.08414988
57959	3980	0.08414988
57960	2017	0.10443387
57960	2518	0.104433864
57960	4446	0.104433864
57960	6152	0.104433864
57960	1958	0.10443386
57960	3749	0.10443386
57960	4004	0.10443385
57960	5427	0.10443385
57960	6601	0.10443385
57960	6789	0.10443385
57976	3853	0.13305198
57976	5115	0.13305198
57976	6674	0.13305198
57976	6768	0.13305198
57976	533	0.13305196
57976	3019	0.13305196
57976	3418	0.13305196
57976	3778	0.13305196
57976	3830	0.13305196
57976	3866	0.13305196
58062	2022	0.136478
58062	5904	0.13647799
58062	191	0.13647798
58062	551	0.13647798
58062	667	0.13647798
58062	2936	0.13647798
58062	2971	0.13647798
58062	3121	0.13647798
58062	4461	0.13647798
58062	4671	0.13647798
58142	1306	0.12963167
58142	4693	0.12963164
58142	5232	0.12963164
58142	5583	0.12963164
58142	6427	0.12963164
58142	4400	0.12963161
58142	4698	0.12963161
58142	6775	0.1296316
58142	2323	0.12963158
58142	3853	0.12589163
58151	478	0.093603075
58151	997	0.09360307
58151	4076	0.09360307
58151	49	0.09360306
58151	387	0.09360306
58151	1194	0.09360306
58151	1340	0.09360306
58151	1393	0.09360306
58151	1415	0.09360306
58151	1550	0.09360306
58224	6171	0.10602461
58224	2043	0.1060246
58224	5139	0.1060246
58224	5173	0.1060246
58224	3584	0.10602459
58224	3872	0.10602459
58224	5946	0.10602459
58224	5640	0.106024556
58224	5599	0.103843294
58224	1155	0.10384329
58255	6265	0.079753764
58255	244	0.07975376
58255	582	0.07975375
58255	632	0.07975375
58255	149	0.07975374
58255	961	0.07975374
58255	2962	0.07975374
58255	3385	0.07975374
58255	4599	0.07975374
58255	1442	0.079753734
58342	2419	0.08606377
58342	222	0.08606375
58342	1648	0.08606375
58342	3870	0.08606375
58342	4474	0.08606375
58342	247	0.08606374
58342	884	0.08606374
58342	2414	0.08606374
58342	2529	0.08606374
58342	3081	0.08606374
58351	1869	0.10978821
58351	2138	0.10978821
58351	2364	0.10978821
58351	3616	0.10978821
58351	5896	0.10978821
58351	6912	0.10978821
58351	3059	0.1097882
58351	3971	0.1097882
58351	5031	0.1097882
58351	5886	0.1097882
58389	5619	0.10032445
58389	848	0.10032443
58389	3403	0.10032443
58389	3902	0.10032443
58389	5309	0.10032443
58389	3797	0.10032442
58389	1267	0.10032441
58389	1646	0.10032441
58389	1678	0.10032441
58389	2290	0.10032441
58458	3700	0.114380546
58458	4595	0.11438054
58458	6674	0.11438054
58458	533	0.11438053
58458	5511	0.11438053
58458	6109	0.11438053
58458	6768	0.11438053
58458	528	0.11438052
58458	624	0.11438052
58458	1806	0.11438052
58497	3560	0.10061376
58497	3694	0.10061376
58497	4885	0.10061376
58497	1170	0.10061374
58497	1902	0.10061374
58497	2382	0.10061374
58497	2595	0.10061374
58497	4796	0.10061374
58497	4817	0.10061374
58497	4960	0.10061374
58529	4004	0.123563185
58529	4446	0.12356318
58529	759	0.12356317
58529	5058	0.12356316
58529	1362	0.123563156
58529	2017	0.123563156
58529	2128	0.123563156
58529	2518	0.123563156
58529	5427	0.123563156
58529	5980	0.123563156
58594	3616	0.1562016
58594	1869	0.15620159
58594	2364	0.15620159
58594	5886	0.15620159
58594	49	0.15620157
58594	124	0.15620157
58594	266	0.15620157
58594	320	0.15620157
58594	387	0.15620157
58594	478	0.15620157
58612	387	0.096244976
58612	1869	0.096244976
58612	3971	0.096244976
58612	4076	0.096244976
58612	4323	0.096244976
58612	890	0.09624497
58612	1415	0.09624497
58612	1856	0.09624497
58612	2121	0.09624497
58612	2364	0.09624497
58708	4103	0.09133521
58708	5731	0.09133521
58708	398	0.09133519
58708	1621	0.09133519
58708	2209	0.09133519
58708	2320	0.09133519
58708	3610	0.09133519
58708	3657	0.09133519
58708	4496	0.09133519
58708	4703	0.09133519
58768	2419	0.11096464
58768	3606	0.110964626
58768	884	0.11096462
58768	247	0.11096461
58768	1648	0.11096461
58768	3870	0.11096461
58768	4080	0.11096461
58768	4472	0.11096461
58768	4602	0.11096461
58768	4673	0.11096461
58792	597	0.095565364
58792	1340	0.095565364
58792	1869	0.095565364
58792	2138	0.095565364
58792	3616	0.095565364
58792	3971	0.095565364
58792	5031	0.095565364
58792	5886	0.095565364
58792	387	0.09556536
58792	832	0.09556536
58877	3971	0.11199634
58877	1869	0.11199633
58877	387	0.11199632
58877	890	0.11199632
58877	1194	0.11199632
58877	2515	0.11199632
58877	4076	0.11199632
58877	4390	0.11199632
58877	6515	0.11199632
58877	1415	0.111996315
58911	5031	0.082465805
58911	5886	0.082465805
58911	41	0.0824658
58911	645	0.0824658
58911	890	0.0824658
58911	997	0.0824658
58911	1094	0.0824658
58911	1856	0.0824658
58911	2121	0.0824658
58911	3188	0.0824658
58961	594	0.14517534
58961	2953	0.14517532
58961	601	0.14231098
58961	4138	0.14231098
58961	1828	0.14231096
58961	1279	0.14231095
58961	5316	0.14231095
58961	2517	0.14231093
58961	3462	0.14231093
58961	2062	0.14231092
58964	4673	0.10349125
58964	2419	0.10349124
58964	6834	0.10349124
58964	247	0.10349123
58964	884	0.10349123
58964	1648	0.10349123
58964	3443	0.10349123
58964	3606	0.10349123
58964	4938	0.10349123
58964	5041	0.10349123
59038	5469	0.12209851
59038	511	0.12197873
59038	1092	0.12197873
59038	5998	0.12197873
59038	617	0.121978715
59038	1551	0.121978715
59038	2785	0.121978715
59038	4369	0.121978715
59038	4557	0.121978715
59038	6364	0.121978715
59059	2419	0.095235124
59059	3230	0.095235124
59059	3870	0.095235124
59059	4673	0.095235124
59059	5041	0.095235124
59059	4938	0.09523512
59059	5864	0.09523512
59059	6231	0.09523512
59059	247	0.09523511
59059	884	0.09523511
59150	1177	0.10632607
59150	3263	0.10632607
59150	6762	0.10632607
59150	1221	0.10632606
59150	2241	0.10632606
59150	3118	0.10632606
59150	3511	0.10632606
59150	3761	0.10632606
59150	4299	0.10632606
59150	4324	0.10632606
59172	2972	0.07421879
59172	3529	0.07421878
59172	236	0.07421877
59172	1553	0.074218765
59172	2250	0.074218765
59172	3001	0.07421875
59172	3213	0.07421875
59172	5421	0.07421875
59172	6114	0.07421875
59172	152	0.07296756
59180	1610	0.10308701
59180	3929	0.10308699
59180	4143	0.10308699
59180	4387	0.10308699
59180	626	0.103086986
59180	4482	0.103086986
59180	1404	0.10308698
59180	1814	0.10308698
59180	2083	0.10308698
59180	2283	0.10308698
59189	4623	0.11200726
59189	3297	0.11174808
59189	4536	0.11174808
59189	205	0.11174807
59189	2105	0.11174807
59189	4417	0.11174807
59189	5681	0.11174807
59189	1312	0.11174806
59189	4388	0.11174806
59189	3995	0.111748055
59206	3971	0.106519155
59206	5886	0.10651915
59206	124	0.10651914
59206	890	0.10651914
59206	997	0.10651914
59206	3616	0.10651914
59206	6123	0.10651914
59206	6912	0.10651914
59206	24	0.10651913
59206	49	0.10651913
59209	2419	0.121891856
59209	6231	0.12189185
59209	884	0.12189184
59209	3606	0.12189184
59209	3870	0.12189184
59209	4474	0.12189184
59209	4938	0.12189184
59209	5041	0.12189184
59209	222	0.121891834
59209	247	0.121891834
59267	5731	0.11598344
59267	398	0.11598343
59267	1848	0.11598343
59267	2014	0.11598343
59267	3143	0.11598343
59267	3657	0.11598343
59267	4103	0.11598343
59267	4703	0.11598343
59267	6465	0.11598343
59267	1621	0.11598342
59269	5106	0.08512397
59269	80	0.08512396
59269	3644	0.08512396
59269	4813	0.08512396
59269	4984	0.08512396
59269	3868	0.085123956
59269	6909	0.085123956
59269	1997	0.08512395
59269	4034	0.08512395
59269	5151	0.08512395
59305	1869	0.12821718
59305	3971	0.12821718
59305	5031	0.12821718
59305	5886	0.12821718
59305	49	0.12821716
59305	266	0.12821716
59305	387	0.12821716
59305	579	0.12821716
59305	645	0.12821716
59305	832	0.12821716
59390	244	0.11395641
59390	4599	0.1139564
59390	149	0.11395639
59390	961	0.11395639
59390	4045	0.11395639
59390	582	0.113956384
59390	632	0.113956384
59390	2962	0.113956384
59390	3385	0.113956384
59390	3548	0.11395638
59499	4446	0.108214945
59499	1958	0.10821494
59499	2518	0.10821494
59499	2128	0.10821493
59499	3749	0.10821493
59499	4004	0.10821493
59499	759	0.10821492
59499	2017	0.10821492
59499	5058	0.10821492
59499	5427	0.10821492
59504	6032	0.103717566
59504	2701	0.10371756
59504	3380	0.10371755
59504	3563	0.10371755
59504	3654	0.10371755
59504	4756	0.10371755
59504	6284	0.10371755
59504	6745	0.10371755
59504	4957	0.10371754
59504	88	0.103717536
59554	5731	0.08702548
59554	4103	0.08702547
59554	920	0.08702546
59554	1621	0.08702546
59554	1848	0.08702546
59554	2450	0.08702546
59554	2644	0.08702546
59554	3610	0.08702546
59554	3657	0.08702546
59554	4703	0.08702546
59612	5731	0.12095388
59612	6149	0.120953865
59612	2450	0.12095386
59612	4103	0.12095386
59612	1848	0.12095385
59612	2014	0.12095385
59612	3657	0.12095385
59612	4496	0.12095385
59612	398	0.12095384
59612	1621	0.12095384
59656	3971	0.12695663
59656	5886	0.12695663
59656	6912	0.12695663
59656	41	0.12695661
59656	156	0.12695661
59656	387	0.12695661
59656	478	0.12695661
59656	890	0.12695661
59656	997	0.12695661
59656	1194	0.12695661
59727	642	0.09292726
59727	997	0.09292726
59727	1869	0.09292726
59727	3971	0.09292726
59727	4323	0.09292726
59727	5886	0.09292726
59727	6123	0.09292726
59727	6912	0.09292726
59727	376	0.092927255
59727	986	0.092927255
59770	842	0.10453518
59770	5031	0.10453518
59770	1869	0.10453517
59770	890	0.10453516
59770	914	0.10453516
59770	997	0.10453516
59770	1340	0.10453516
59770	3559	0.10453516
59770	3616	0.10453516
59770	3971	0.10453516
59820	244	0.102778465
59820	6265	0.102778465
59820	149	0.10277845
59820	582	0.10277845
59820	3385	0.10277845
59820	4599	0.10277845
59820	632	0.10277844
59820	961	0.102778435
59820	3548	0.102778435
59820	5437	0.102778435
59895	5731	0.080946095
59895	4103	0.08094609
59895	1848	0.08094608
59895	2014	0.08094608
59895	6149	0.08094608
59895	920	0.08094607
59895	1042	0.08094607
59895	1621	0.08094607
59895	2209	0.08094607
59895	2320	0.08094607
59912	3560	0.13599679
59912	3694	0.13599679
59912	4796	0.13599679
59912	5785	0.13599679
59912	489	0.13599677
59912	1334	0.13599677
59912	3434	0.13599677
59912	3510	0.13599677
59912	4885	0.13599677
59912	6783	0.13599677
59933	890	0.09526703
59933	1058	0.09526703
59933	1856	0.09526703
59933	1869	0.09526703
59933	2121	0.09526703
59933	2138	0.09526703
59933	3559	0.09526703
59933	3971	0.09526703
59933	5886	0.09526703
59933	6123	0.09526703
59971	827	0.12834221
59971	5476	0.1283422
59971	508	0.12834218
59971	596	0.12834218
59971	3468	0.12834218
59971	3646	0.12834218
59971	518	0.12834215
59971	1685	0.12834215
59971	4771	0.12834215
59971	854	0.12740713
60029	1869	0.10686569
60029	3971	0.10686569
60029	5886	0.10686569
60029	387	0.10686568
60029	3452	0.10686568
60029	5031	0.10686568
60029	478	0.106865674
60029	645	0.106865674
60029	832	0.106865674
60029	890	0.106865674
60040	5886	0.11368294
60040	1862	0.11368293
60040	1869	0.11368293
60040	215	0.113682926
60040	387	0.113682926
60040	890	0.113682926
60040	914	0.113682926
60040	2037	0.113682926
60040	3965	0.113682926
60040	3971	0.113682926
60050	511	0.09946805
60050	617	0.09946804
60050	1092	0.09946804
60050	1644	0.09946804
60050	6174	0.09946804
60050	2785	0.09946803
60050	4128	0.09946803
60050	6593	0.09946803
60050	6880	0.09946803
60050	245	0.09946802
60079	5886	0.12144793
60079	478	0.12144792
60079	3971	0.12144792
60079	5031	0.12144792
60079	6912	0.12144792
60079	266	0.12144791
60079	922	0.12144791
60079	1862	0.12144791
60079	3616	0.12144791
60079	5218	0.12144791
60130	511	0.093719795
60130	6593	0.093719795
60130	617	0.09371979
60130	3526	0.09371979
60130	1092	0.09371978
60130	2032	0.09371978
60130	2785	0.09371978
60130	3097	0.09371978
60130	4298	0.09371978
60130	4318	0.09371978
60140	400	0.09140926
60140	686	0.09140926
60140	1087	0.09140926
60140	5121	0.09140926
60140	109	0.09140925
60140	801	0.09140925
60140	1438	0.09140925
60140	2126	0.09140925
60140	2145	0.09140925
60140	2305	0.09140925
60157	760	0.07364279
60157	1022	0.07364279
60157	2402	0.07364279
60157	4176	0.07364279
60157	5197	0.07364279
60157	6840	0.07364279
60157	231	0.07364278
60157	851	0.07364278
60157	1619	0.07364278
60157	5129	0.07364278
60168	6423	0.11888632
60168	2843	0.11888629
60168	1301	0.11888625
60168	1567	0.11818886
60168	4906	0.11818886
60168	248	0.11818885
60168	5869	0.11818885
60168	4493	0.11818884
60168	2653	0.118188836
60168	6492	0.118188836
60211	5096	0.06497516
60211	6431	0.06497516
60211	5714	0.06497515
60211	5996	0.06497515
60211	6556	0.06497515
60211	90	0.06497514
60211	2002	0.06497514
60211	3096	0.06497514
60211	3453	0.06497514
60211	3738	0.06497514
60253	244	0.13760835
60253	6265	0.13760833
60253	632	0.13760832
60253	149	0.1376083
60253	582	0.1376083
60253	2962	0.1376083
60253	3385	0.1376083
60253	4599	0.1376083
60253	961	0.13760829
60253	988	0.13760829
60263	1869	0.15592846
60263	6123	0.15592845
60263	387	0.15592843
60263	997	0.15592843
60263	2138	0.15592843
60263	3616	0.15592843
60263	3965	0.15592843
60263	3971	0.15592843
60263	4076	0.15592843
60263	4323	0.15592843
60278	3971	0.13564897
60278	49	0.13564895
60278	1869	0.13564895
60278	2364	0.13564895
60278	41	0.13564894
60278	124	0.13564894
60278	387	0.13564894
60278	478	0.13564894
60278	579	0.13564894
60278	890	0.13564894
60307	3115	0.10450369
60307	3560	0.10450369
60307	3658	0.10450369
60307	3694	0.10450369
60307	4224	0.10450369
60307	5785	0.10450369
60307	2382	0.104503684
60307	4885	0.104503684
60307	4960	0.104503684
60307	5411	0.104503684
60319	2503	0.111730605
60319	6312	0.111730605
60319	6396	0.111730605
60319	1155	0.11173059
60319	3677	0.11173059
60319	4431	0.11173059
60319	4738	0.11173059
60319	4740	0.11173059
60319	5534	0.11173059
60319	5599	0.11173059
60336	2419	0.10703787
60336	4673	0.10703787
60336	6834	0.10703787
60336	3230	0.107037865
60336	3606	0.107037865
60336	5041	0.107037865
60336	247	0.10703786
60336	884	0.10703786
60336	1648	0.10703786
60336	3585	0.10703786
60337	854	0.07592921
60337	2227	0.07592921
60337	3115	0.07592921
60337	3560	0.07592921
60337	4817	0.07592921
60337	4885	0.07592921
60337	4960	0.07592921
60337	4962	0.07592921
60337	6555	0.07592921
60337	6842	0.07592921
60392	3971	0.112575084
60392	997	0.11257507
60392	1869	0.11257507
60392	2138	0.11257507
60392	4076	0.11257507
60392	5886	0.11257507
60392	6123	0.11257507
60392	6912	0.11257507
60392	775	0.11257506
60392	890	0.11257506
60412	1869	0.11226521
60412	997	0.1122652
60412	3971	0.1122652
60412	5886	0.1122652
60412	6123	0.1122652
60412	49	0.11226519
60412	775	0.11226519
60412	890	0.11226519
60412	215	0.112265185
60412	376	0.112265185
60427	2182	0.18980116
60427	3862	0.18980114
60427	3224	0.18980113
60427	1848	0.18972391
60427	5731	0.18972391
60427	396	0.18972388
60427	1621	0.18972388
60427	2287	0.18972388
60427	3143	0.18972388
60427	3657	0.18972388
60445	533	0.13002118
60445	1745	0.13002118
60445	2304	0.13002118
60445	3418	0.13002118
60445	3853	0.13002118
60445	3866	0.13002118
60445	4727	0.13002118
60445	5115	0.13002118
60445	5454	0.13002118
60445	5511	0.13002118
60475	3971	0.11430179
60475	6123	0.11430178
60475	387	0.11430177
60475	890	0.11430177
60475	922	0.11430177
60475	1194	0.11430177
60475	1415	0.11430177
60475	1869	0.11430177
60475	4323	0.11430177
60475	4390	0.11430177
60546	1869	0.12275962
60546	890	0.12275961
60546	3616	0.12275961
60546	3971	0.12275961
60546	6123	0.12275961
60546	642	0.1227596
60546	2138	0.1227596
60546	5031	0.1227596
60546	5886	0.1227596
60546	6073	0.1227596
60569	3971	0.10553165
60569	6912	0.10553165
60569	41	0.10553164
60569	387	0.10553164
60569	124	0.10553163
60569	478	0.10553163
60569	832	0.10553163
60569	890	0.10553163
60569	1146	0.10553163
60569	1403	0.10553163
60583	1869	0.10829078
60583	3616	0.10829076
60583	3971	0.10829076
60583	5886	0.10829076
60583	273	0.108290754
60583	387	0.108290754
60583	579	0.108290754
60583	890	0.108290754
60583	901	0.108290754
60583	1058	0.108290754
60621	124	0.13233697
60621	842	0.13233697
60621	997	0.13233697
60621	1869	0.13233697
60621	3616	0.13233697
60621	3971	0.13233697
60621	5031	0.13233697
60621	6123	0.13233697
60621	266	0.13233696
60621	514	0.13233696
60703	5731	0.06157195
60703	2450	0.061571945
60703	4103	0.061571945
60703	4703	0.061571945
60703	3610	0.06157194
60703	3657	0.06157194
60703	5465	0.06157194
60703	398	0.061571937
60703	4496	0.061571937
60703	6084	0.061571937
60797	852	0.10377239
60797	2313	0.10377237
60797	4375	0.10377237
60797	6772	0.10377237
60797	4254	0.103772365
60797	2036	0.10377236
60797	2448	0.10377236
60797	3856	0.10377236
60797	4892	0.10377236
60797	5907	0.10377236
60858	5827	0.09652169
60858	6182	0.096521676
60858	14	0.09652166
60858	6547	0.09652166
60858	5806	0.0960056
60858	4673	0.09465322
60858	2419	0.09465321
60858	247	0.094653204
60858	1648	0.094653204
60858	2076	0.094653204
60905	1869	0.08829011
60905	3616	0.08829011
60905	3971	0.08829011
60905	890	0.0882901
60905	2138	0.0882901
60905	5031	0.0882901
60905	5886	0.0882901
60905	387	0.088290095
60905	645	0.088290095
60905	832	0.088290095
60977	890	0.13555539
60977	1340	0.13555537
60977	2138	0.13555537
60977	2364	0.13555537
60977	3971	0.13555537
60977	4076	0.13555537
60977	4603	0.13555537
60977	5886	0.13555537
60977	6123	0.13555537
60977	24	0.13555536
61028	3425	0.12047943
61028	565	0.12047939
61028	4899	0.12047939
61028	5364	0.12047939
61028	6025	0.12047939
61028	5330	0.12047938
61028	399	0.120479375
61028	1918	0.120479375
61028	3791	0.12047937
61028	993	0.12047936
61038	3510	0.13193405
61038	3560	0.13193405
61038	4224	0.13193405
61038	4885	0.13193405
61038	5785	0.13193405
61038	1080	0.13193403
61038	1256	0.13193403
61038	2382	0.13193403
61038	3939	0.13193403
61038	4817	0.13193403
61042	5031	0.1510283
61042	597	0.15102828
61042	1869	0.15102828
61042	2138	0.15102828
61042	3616	0.15102828
61042	3971	0.15102828
61042	5716	0.15102828
61042	5886	0.15102828
61042	6123	0.15102828
61042	41	0.15102826
61146	2419	0.10059301
61146	884	0.100593
61146	3606	0.100593
61146	3870	0.100593
61146	4673	0.100593
61146	5041	0.100593
61146	2783	0.10059299
61146	3230	0.10059299
61146	4472	0.10059299
61146	4938	0.10059299
61147	1869	0.12635572
61147	41	0.12635571
61147	124	0.12635571
61147	387	0.12635571
61147	597	0.12635571
61147	832	0.12635571
61147	890	0.12635571
61147	997	0.12635571
61147	1058	0.12635571
61147	1403	0.12635571
61211	152	0.10553002
61211	1679	0.10553002
61211	1892	0.10553002
61211	6747	0.10553002
61211	869	0.10553001
61211	1457	0.10553001
61211	1598	0.10553001
61211	1937	0.10553001
61211	2989	0.10553001
61211	4233	0.10553001
61257	3403	0.12783255
61257	5619	0.12783255
61257	848	0.12783253
61257	3797	0.12783253
61257	3902	0.12783253
61257	5309	0.12783253
61257	1646	0.12783252
61257	1678	0.12783252
61257	2768	0.12783252
61257	3601	0.12783252
61283	511	0.1209891
61283	3526	0.1209891
61283	4369	0.1209891
61283	4557	0.1209891
61283	5288	0.1209891
61283	6593	0.1209891
61283	1092	0.12098909
61283	6880	0.12098909
61283	246	0.120989084
61283	2643	0.120989084
61348	6893	0.11782842
61348	965	0.11686688
61348	1485	0.11686687
61348	5579	0.11686686
61348	808	0.11686685
61348	631	0.11686684
61348	1477	0.11686684
61348	2505	0.11686684
61348	3268	0.11686684
61348	623	0.11686683
61354	511	0.12749746
61354	1092	0.12749746
61354	4557	0.12749746
61354	5998	0.12749746
61354	6364	0.12749746
61354	1644	0.12749745
61354	2785	0.12749745
61354	5288	0.12749745
61354	6593	0.12749745
61354	6880	0.12749745
61427	387	0.1327004
61427	890	0.1327004
61427	1393	0.1327004
61427	2121	0.1327004
61427	2138	0.1327004
61427	5031	0.1327004
61427	5716	0.1327004
61427	6123	0.1327004
61427	41	0.13270038
61427	124	0.13270038
61619	3971	0.11069324
61619	1869	0.11069323
61619	2138	0.11069323
61619	5886	0.11069323
61619	6123	0.11069323
61619	6912	0.110693224
61619	24	0.11069322
61619	49	0.11069322
61619	387	0.11069322
61619	579	0.11069322
61668	3853	0.08929542
61668	4595	0.08929541
61668	5115	0.08929541
61668	6674	0.08929541
61668	533	0.0892954
61668	3830	0.0892954
61668	3866	0.0892954
61668	5454	0.0892954
61668	5511	0.0892954
61668	5688	0.0892954
61704	832	0.07345514
61704	1869	0.07345514
61704	3971	0.07345514
61704	387	0.07345513
61704	579	0.07345513
61704	1403	0.07345513
61704	2138	0.07345513
61704	3965	0.07345513
61704	5218	0.07345513
61704	5886	0.07345513
61759	425	0.068929695
61759	91	0.06892966
61759	1524	0.06892965
61759	5355	0.06892965
61759	1185	0.06892964
61759	3776	0.06892964
61759	4032	0.06892964
61759	4469	0.06892964
61759	5304	0.06892964
61759	5321	0.06892964
61798	1869	0.15970604
61798	3616	0.15970603
61798	3971	0.15970603
61798	5031	0.15970603
61798	6123	0.15970603
61798	579	0.15970601
61798	890	0.15970601
61798	1146	0.15970601
61798	2138	0.15970601
61798	3559	0.15970601
61835	244	0.089432314
61835	6265	0.08943231
61835	149	0.0894323
61835	632	0.0894323
61835	2962	0.08943229
61835	3385	0.08943229
61835	4082	0.08943229
61835	582	0.089432284
61835	961	0.089432284
61835	1442	0.089432284
61845	6651	0.0899734
61845	5154	0.08997336
61845	188	0.08997335
61845	6215	0.088688105
61845	1863	0.08868809
61845	3936	0.088688076
61845	5496	0.088688076
61845	5307	0.08868807
61845	1741	0.08749816
61845	5718	0.08749816
61854	1869	0.10995655
61854	3971	0.10995654
61854	387	0.10995653
61854	579	0.10995653
61854	645	0.10995653
61854	3616	0.10995653
61854	5886	0.10995653
61854	1189	0.109956525
61854	5031	0.109956525
61854	6515	0.109956525
61888	511	0.13327378
61888	4557	0.13327375
61888	5998	0.13327375
61888	6364	0.13327375
61888	6880	0.13327375
61888	617	0.13327374
61888	985	0.13327374
61888	1092	0.13327374
61888	2785	0.13327374
61888	5288	0.13327374
61901	6410	0.05217826
61901	3241	0.052178256
61901	6469	0.052178252
61901	998	0.05217825
61901	3446	0.05217825
61901	6266	0.052178245
61901	2175	0.05217824
61901	2234	0.05217824
61901	3484	0.052178238
61901	3149	0.052178234
61910	130	0.1124094
61910	1764	0.1124094
61910	947	0.11240938
61910	1139	0.11240938
61910	1374	0.11240938
61910	2029	0.11240938
61910	2090	0.11240938
61910	2148	0.11240938
61910	2366	0.11240938
61910	2929	0.11240938
62150	1869	0.10874063
62150	2138	0.10874063
62150	2364	0.10874063
62150	5031	0.10874063
62150	124	0.10874062
62150	997	0.10874062
62150	3616	0.10874062
62150	3971	0.10874062
62150	5518	0.10874062
62150	5896	0.10874062
62172	852	0.113723114
62172	2313	0.113723114
62172	4254	0.113723114
62172	6772	0.1137231
62172	2948	0.113723084
62172	3993	0.113723084
62172	4375	0.113723084
62172	4892	0.113723084
62172	5907	0.113723084
62172	2036	0.11372308
62239	890	0.099293314
62239	1869	0.099293314
62239	5886	0.099293314
62239	6912	0.099293314
62239	387	0.09929331
62239	478	0.09929331
62239	645	0.09929331
62239	997	0.09929331
62239	1415	0.09929331
62239	1943	0.09929331
62272	2599	0.09581987
62272	826	0.09540096
62272	3590	0.09539814
62272	3027	0.095398135
62272	361	0.09539813
62272	1424	0.0949793
62272	4728	0.09497929
62272	307	0.094979286
62272	1436	0.094979286
62272	2507	0.094979286
62303	6446	0.103358045
62303	803	0.10335803
62303	5690	0.10335803
62303	4319	0.10335802
62303	2075	0.103358015
62303	2623	0.103358015
62303	3536	0.103358015
62303	3865	0.103358015
62303	6791	0.103358015
62303	609	0.103358
62316	3018	0.102219455
62316	3937	0.10221944
62316	5310	0.10221944
62316	102	0.10221943
62316	606	0.10221943
62316	1285	0.10221943
62316	4630	0.10221943
62316	4990	0.10221943
62316	5821	0.10221943
62316	6418	0.10221943
62464	4885	0.086877815
62464	729	0.08687779
62464	1413	0.08687779
62464	2360	0.08687779
62464	3115	0.08687779
62464	3391	0.08687779
62464	3658	0.08687779
62464	4224	0.08687779
62464	4817	0.08687779
62464	6555	0.08687779
62471	686	0.09742722
62471	4151	0.09742722
62471	6222	0.09742722
62471	2305	0.09742721
62471	2916	0.09742721
62471	3120	0.09742721
62471	4012	0.09742721
62471	4342	0.09742721
62471	5121	0.09742721
62471	99	0.097427204
62542	3971	0.16339728
62542	5031	0.16339728
62542	5886	0.16339728
62542	387	0.16339727
62542	1869	0.16339727
62542	3616	0.16339727
62542	24	0.16339725
62542	215	0.16339725
62542	266	0.16339725
62542	478	0.16339725
62558	3210	0.10892871
62558	3980	0.10892871
62558	6310	0.10892871
62558	6674	0.10892871
62558	3853	0.1089287
62558	528	0.108928695
62558	533	0.108928695
62558	3029	0.108928695
62558	3091	0.108928695
62558	3418	0.108928695
62582	5731	0.11166454
62582	1621	0.11166453
62582	1848	0.11166453
62582	4103	0.11166453
62582	5176	0.11166453
62582	6279	0.11166453
62582	1258	0.111664526
62582	2014	0.111664526
62582	6465	0.111664526
62582	396	0.11166452
62688	111	0.1391288
62688	368	0.13912876
62688	4692	0.13912876
62688	4729	0.13912876
62688	5695	0.13912876
62688	1793	0.13912874
62688	2099	0.13912874
62688	5890	0.13912874
62688	1000	0.13912873
62688	1075	0.13912873
62716	6082	0.10638751
62716	2910	0.1063875
62716	2975	0.106387496
62716	1965	0.10611558
62716	2359	0.106115565
62716	859	0.10611556
62716	5565	0.10611556
62716	4099	0.10611555
62716	4291	0.10611555
62716	6023	0.10611555
62755	4796	0.15404049
62755	4885	0.15404049
62755	489	0.15404046
62755	854	0.15404046
62755	1514	0.15404046
62755	1902	0.15404046
62755	2360	0.15404046
62755	2382	0.15404046
62755	3115	0.15404046
62755	3427	0.15404046
62862	5031	0.11521674
62862	387	0.11521672
62862	645	0.11521672
62862	890	0.11521672
62862	1856	0.11521672
62862	1869	0.11521672
62862	2121	0.11521672
62862	5716	0.11521672
62862	5886	0.11521672
62862	6912	0.11521672
62881	244	0.11352736
62881	6265	0.11352736
62881	149	0.11352734
62881	961	0.11352734
62881	4045	0.11352734
62881	632	0.11352733
62881	3548	0.11352733
62881	4082	0.11352733
62881	4599	0.11352733
62881	582	0.11352732
62891	1965	0.15101528
62891	2359	0.15101525
62891	4099	0.15101525
62891	5565	0.15101525
62891	929	0.15101524
62891	859	0.15101522
62891	4291	0.15101522
62891	4640	0.15101522
62891	4908	0.15101522
62891	6023	0.15101522
62895	520	0.10637428
62895	5033	0.10637428
62895	6810	0.10637428
62895	6147	0.106374264
62895	5653	0.10637425
62895	49	0.10501315
62895	1869	0.10501315
62895	3971	0.10501315
62895	6123	0.10501314
62895	387	0.10501313
62958	90	0.09070158
62958	5096	0.09070158
62958	5492	0.09070157
62958	5712	0.090701565
62958	6431	0.090701565
62958	3096	0.09070156
62958	2002	0.09070155
62958	3738	0.09070155
62958	5714	0.09070155
62958	5842	0.09070155
62966	2866	0.08736556
62966	6849	0.08736553
62966	1384	0.08736552
62966	4468	0.085801154
62966	2713	0.0843521
62966	5031	0.0843521
62966	1935	0.08435209
62966	2121	0.08435209
62966	3559	0.08435209
62966	3616	0.08435209
62968	5218	0.09484749
62968	597	0.094847485
62968	890	0.094847485
62968	3971	0.094847485
62968	5716	0.094847485
62968	5886	0.094847485
62968	6123	0.094847485
62968	6912	0.094847485
62968	41	0.09484748
62968	387	0.09484748
63004	2419	0.11070382
63004	5864	0.11070381
63004	3230	0.1107038
63004	4673	0.1107038
63004	903	0.110703796
63004	5041	0.110703796
63004	3081	0.11070379
63004	3672	0.11070379
63004	4589	0.11070379
63004	6716	0.11070379
63360	112	0.09041692
63360	3531	0.089244604
63360	425	0.08869456
63360	5355	0.08869453
63360	91	0.08869451
63360	3776	0.08869451
63360	4032	0.0886945
63360	4469	0.0886945
63360	5304	0.0886945
63360	5321	0.0886945
63389	387	0.103747845
63389	1869	0.103747845
63389	3971	0.103747845
63389	901	0.10374784
63389	1393	0.10374784
63389	2121	0.10374784
63389	5031	0.10374784
63389	5896	0.10374784
63389	6123	0.10374784
63389	24	0.10374783
63394	6674	0.10934249
63394	3700	0.109342486
63394	3830	0.109342486
63394	3853	0.109342486
63394	4595	0.109342486
63394	5115	0.109342486
63394	6310	0.109342486
63394	6643	0.109342486
63394	5454	0.10934248
63394	533	0.10934247
63452	997	0.089829534
63452	1869	0.089829534
63452	2138	0.089829534
63452	3971	0.089829534
63452	5886	0.089829534
63452	6123	0.089829534
63452	387	0.08982953
63452	597	0.08982953
63452	645	0.08982953
63452	890	0.08982953
63506	2866	0.0858614
63506	6849	0.08586137
63506	1384	0.085861355
63506	1869	0.0858239
63506	3616	0.08582389
63506	3643	0.08582389
63506	5031	0.08582389
63506	890	0.085823886
63506	1058	0.085823886
63506	1393	0.085823886
63507	1567	0.12330722
63507	5869	0.12330721
63507	711	0.1233072
63507	2653	0.1233072
63507	4154	0.1233072
63507	4493	0.1233072
63507	4906	0.1233072
63507	5422	0.1233072
63507	5715	0.1233072
63507	6028	0.1233072
63595	890	0.12826928
63595	1869	0.12826928
63595	2138	0.12826928
63595	3971	0.12826928
63595	6507	0.12826928
63595	997	0.12826927
63595	1194	0.12826927
63595	1403	0.12826927
63595	3616	0.12826927
63595	4076	0.12826927
63625	2518	0.15446573
63625	4446	0.15446573
63625	6601	0.15446573
63625	2017	0.15446572
63625	1362	0.1544657
63625	1958	0.1544657
63625	2128	0.1544657
63625	3481	0.1544657
63625	3749	0.1544657
63625	4004	0.1544657
63854	890	0.12423309
63854	5031	0.12423309
63854	4076	0.12423308
63854	4323	0.12423308
63854	6123	0.12423308
63854	1415	0.124233074
63854	269	0.12423307
63854	376	0.12423307
63854	387	0.12423307
63854	478	0.12423307
63865	4243	0.099210545
63865	5417	0.099210516
63865	1467	0.0992105
63865	4885	0.0984576
63865	3427	0.09845759
63865	3510	0.09845759
63865	3560	0.09845759
63865	5785	0.09845759
63865	6555	0.09845759
63865	489	0.09845758
63923	5731	0.079197586
63923	1621	0.07919757
63923	2491	0.07919757
63923	3143	0.07919757
63923	3657	0.07919757
63923	4103	0.07919757
63923	4703	0.07919757
63923	6279	0.07919757
63923	6465	0.07919757
63923	6670	0.07919757
63938	5056	0.09093888
63938	5331	0.090455905
63938	5672	0.0904559
63938	6273	0.090455875
63938	6756	0.090455875
63938	4351	0.09045586
63938	4488	0.09045586
63938	4833	0.09045586
63938	5343	0.09045586
63938	828	0.09045585
63956	1869	0.17486602
63956	2121	0.17486602
63956	890	0.174866
63956	41	0.17486599
63956	124	0.17486599
63956	273	0.17486599
63956	376	0.17486599
63956	387	0.17486599
63956	514	0.17486599
63956	579	0.17486599
64075	4319	0.10520819
64075	1260	0.105208166
64075	3257	0.10520816
64075	3865	0.10520816
64075	5690	0.10520816
64075	6446	0.10520816
64075	803	0.10520815
64075	609	0.10520814
64075	2075	0.10520814
64075	2623	0.10520814
64220	3560	0.105056964
64220	4796	0.105056964
64220	854	0.10505696
64220	1413	0.10505696
64220	3115	0.10505696
64220	3427	0.10505696
64220	3510	0.10505696
64220	3694	0.10505696
64220	4224	0.10505696
64220	4817	0.10505696
64241	3678	0.1347582
64241	6154	0.13475819
64241	2106	0.13475817
64241	4238	0.13475814
64241	4951	0.13475813
64241	6216	0.13369165
64241	231	0.13369164
64241	1022	0.13369164
64241	4176	0.13369164
64241	5949	0.13369164
64270	49	0.12204212
64270	1862	0.12204212
64270	3971	0.12204212
64270	5886	0.12204212
64270	6912	0.12204212
64270	832	0.12204211
64270	1856	0.12204211
64270	1869	0.12204211
64270	3559	0.12204211
64270	3897	0.12204211
64271	152	0.07450343
64271	869	0.07450342
64271	1679	0.07450342
64271	1892	0.07450342
64271	1937	0.07450342
64271	6747	0.07450342
64271	1457	0.074503414
64271	4233	0.074503414
64271	5286	0.074503414
64271	1598	0.07450341
64310	244	0.10818767
64310	6265	0.10818766
64310	4599	0.10818765
64310	582	0.10818764
64310	149	0.10818763
64310	632	0.10818763
64310	650	0.10818763
64310	961	0.10818763
64310	1442	0.10818763
64310	2962	0.10818763
64316	3655	0.08033252
64316	6027	0.0803325
64316	6570	0.0803325
64316	6580	0.08033249
64316	2755	0.08033247
64316	6396	0.080315895
64316	3677	0.08031589
64316	4740	0.08031589
64316	5914	0.08031589
64316	4738	0.08031588
64396	2138	0.11360811
64396	3971	0.11360811
64396	890	0.11360809
64396	4076	0.11360809
64396	6123	0.11360809
64396	6507	0.11360809
64396	6912	0.11360809
64396	387	0.113608085
64396	922	0.113608085
64396	2364	0.113608085
64435	3560	0.09870327
64435	2360	0.098703265
64435	2382	0.098703265
64435	3115	0.098703265
64435	3694	0.098703265
64435	4885	0.098703265
64435	4960	0.098703265
64435	4962	0.098703265
64435	5411	0.098703265
64435	5785	0.098703265
64436	3971	0.12554437
64436	124	0.12554435
64436	890	0.12554435
64436	1146	0.12554435
64436	3616	0.12554435
64436	24	0.12554434
64436	41	0.12554434
64436	577	0.12554434
64436	579	0.12554434
64436	775	0.12554434
64449	997	0.11267806
64449	1869	0.11267805
64449	3971	0.11267805
64449	6123	0.11267805
64449	6912	0.11267805
64449	1194	0.11267804
64449	1856	0.11267804
64449	4076	0.11267804
64449	41	0.112678036
64449	269	0.112678036
64535	2138	0.1291758
64535	3971	0.1291758
64535	6912	0.1291758
64535	41	0.12917578
64535	387	0.12917578
64535	478	0.12917578
64535	642	0.12917578
64535	775	0.12917578
64535	860	0.12917578
64535	890	0.12917578
64679	2138	0.13119113
64679	3971	0.13119113
64679	5886	0.13119113
64679	6912	0.13119113
64679	387	0.13119112
64679	997	0.13119112
64679	1869	0.13119112
64679	2121	0.13119112
64679	3616	0.13119112
64679	4076	0.13119112
64846	5031	0.07672259
64846	5886	0.076722585
64846	478	0.07672258
64846	890	0.07672258
64846	1058	0.07672258
64846	1415	0.07672258
64846	1455	0.07672258
64846	1869	0.07672258
64846	2138	0.07672258
64846	3559	0.07672258
64946	4673	0.08367932
64946	2419	0.08367931
64946	1648	0.0836793
64946	3230	0.0836793
64946	5041	0.0836793
64946	5787	0.0836793
64946	5864	0.0836793
64946	6834	0.0836793
64946	247	0.083679296
64946	884	0.083679296
65032	3971	0.09785101
65032	4076	0.09785101
65032	890	0.09785099
65032	997	0.09785099
65032	1194	0.09785099
65032	1340	0.09785099
65032	2138	0.09785099
65032	2515	0.09785099
65032	4020	0.09785099
65032	4390	0.09785099
65068	3866	0.108619824
65068	6674	0.108619824
65068	6310	0.10861982
65068	533	0.10861981
65068	846	0.10861981
65068	2220	0.10861981
65068	2363	0.10861981
65068	2569	0.10861981
65068	3418	0.10861981
65068	3493	0.10861981
65145	1869	0.11340211
65145	6507	0.11340211
65145	2138	0.113402106
65145	3971	0.113402106
65145	4323	0.113402106
65145	5218	0.113402106
65145	6123	0.113402106
65145	41	0.1134021
65145	387	0.1134021
65145	579	0.1134021
65183	3799	0.11152607
65183	6244	0.11152607
65183	467	0.11152606
65183	2821	0.11152606
65183	4843	0.11152606
65183	395	0.11152604
65183	2501	0.11152604
65183	3384	0.11152604
65183	3562	0.11152604
65183	4338	0.11152604
65208	1177	0.14105596
65208	3118	0.14105594
65208	6762	0.14105594
65208	4299	0.14105593
65208	4806	0.14105593
65208	6318	0.14105593
65208	6530	0.14105593
65208	6897	0.14105593
65208	297	0.14105591
65208	531	0.14105591
65228	4813	0.16251525
65228	4984	0.16251525
65228	80	0.16251524
65228	3644	0.16251524
65228	6909	0.16251522
65228	5106	0.16251521
65228	821	0.1625152
65228	1140	0.1625152
65228	1487	0.1625152
65228	2647	0.1625152
65238	1869	0.098348446
65238	387	0.09834844
65238	890	0.09834844
65238	2138	0.09834844
65238	3616	0.09834844
65238	3971	0.09834844
65238	5031	0.09834844
65238	5886	0.09834844
65238	478	0.09834843
65238	577	0.09834843
65258	1177	0.084455535
65258	6318	0.08445553
65258	1233	0.08445552
65258	4650	0.08445552
65258	4806	0.08445552
65258	6530	0.08445552
65258	4299	0.08445551
65258	5085	0.08445551
65258	6762	0.08445551
65258	6897	0.08445551
65370	5619	0.08209205
65370	848	0.08209203
65370	3902	0.08209203
65370	5309	0.08209203
65370	6653	0.08209203
65370	1678	0.082092024
65370	2768	0.082092024
65370	3403	0.082092024
65370	3797	0.082092024
65370	1267	0.08209202
65484	2449	0.09240326
65484	5245	0.092403255
65484	152	0.0914989
65484	1598	0.0914989
65484	1679	0.0914989
65484	1892	0.0914989
65484	2169	0.0914989
65484	4233	0.0914989
65484	5194	0.0914989
65484	6747	0.0914989
65487	3418	0.077761896
65487	3700	0.077761896
65487	533	0.07776189
65487	1806	0.07776189
65487	2499	0.07776189
65487	3091	0.07776189
65487	3112	0.07776189
65487	3210	0.07776189
65487	3493	0.07776189
65487	3778	0.07776189
65497	152	0.101688355
65497	869	0.101688355
65497	1598	0.101688355
65497	1679	0.101688355
65497	1892	0.101688355
65497	1937	0.101688355
65497	4233	0.101688355
65497	1457	0.10168835
65497	1750	0.10168834
65497	5286	0.10168834
65584	387	0.13913536
65584	842	0.13913536
65584	1340	0.13913536
65584	2121	0.13913536
65584	2138	0.13913536
65584	2728	0.13913536
65584	3559	0.13913536
65584	3616	0.13913536
65584	3971	0.13913536
65584	5031	0.13913536
65663	6912	0.15342964
65663	890	0.15342963
65663	1062	0.15342963
65663	3971	0.15342963
65663	5031	0.15342963
65663	5716	0.15342963
65663	6123	0.15342963
65663	24	0.15342961
65663	922	0.15342961
65663	1146	0.15342961
65665	801	0.08510353
65665	1087	0.08510353
65665	1389	0.08510353
65665	2916	0.08510353
65665	3120	0.08510353
65665	4151	0.08510353
65665	109	0.08510352
65665	686	0.08510352
65665	1650	0.08510352
65665	3187	0.08510352
65769	3971	0.11997536
65769	997	0.11997534
65769	2138	0.11997534
65769	3616	0.11997534
65769	5886	0.11997534
65769	6123	0.11997534
65769	6912	0.11997534
65769	387	0.119975336
65769	1869	0.119975336
65769	4076	0.119975336
65791	387	0.13434082
65791	3971	0.13434082
65791	6123	0.13434082
65791	901	0.13434081
65791	997	0.13434081
65791	2138	0.13434081
65791	3059	0.13434081
65791	5218	0.13434081
65791	5886	0.13434081
65791	6507	0.13434081
65817	1869	0.12535039
65817	579	0.12535037
65817	890	0.12535037
65817	1455	0.12535037
65817	2138	0.12535037
65817	3616	0.12535037
65817	3971	0.12535037
65817	4076	0.12535037
65817	5716	0.12535037
65817	5886	0.12535037
65837	6912	0.11263313
65837	775	0.112633124
65837	3616	0.112633124
65837	3971	0.112633124
65837	5886	0.112633124
65837	642	0.11263312
65837	890	0.11263312
65837	997	0.11263312
65837	1869	0.11263312
65837	2138	0.11263312
65877	6912	0.111414306
65877	41	0.1114143
65877	387	0.1114143
65877	901	0.1114143
65877	922	0.1114143
65877	997	0.1114143
65877	1869	0.1114143
65877	3616	0.1114143
65877	3971	0.1114143
65877	5886	0.1114143
65913	6312	0.12983654
65913	2503	0.12983653
65913	3677	0.12983653
65913	4738	0.12983653
65913	4740	0.12983653
65913	5534	0.12983653
65913	5914	0.12983653
65913	6396	0.12983653
65913	1155	0.12983651
65913	4144	0.12983651
65946	4671	0.10807663
65946	5904	0.10807663
65946	2022	0.108076625
65946	191	0.10807662
65946	551	0.10807662
65946	2197	0.10807662
65946	3121	0.10807662
65946	4461	0.10807662
65946	6352	0.10807662
65946	2936	0.10807661
66055	3971	0.09401896
66055	890	0.09401895
66055	1146	0.09401895
66055	1869	0.09401895
66055	2138	0.09401895
66055	2364	0.09401895
66055	6123	0.09401895
66055	6912	0.09401895
66055	387	0.09401894
66055	579	0.09401894
66073	1869	0.16818017
66073	3971	0.16818017
66073	890	0.16818015
66073	3965	0.16818015
66073	5886	0.16818015
66073	6123	0.16818015
66073	41	0.16818014
66073	124	0.16818014
66073	376	0.16818014
66073	387	0.16818014
66100	4740	0.13762826
66100	5914	0.13762826
66100	1155	0.13762823
66100	3677	0.13762823
66100	5599	0.13762823
66100	1672	0.13762821
66100	4144	0.13762821
66100	4431	0.13762821
66100	5534	0.13762821
66100	6312	0.13762821
66323	244	0.115637004
66323	6265	0.115637
66323	149	0.11563699
66323	582	0.11563698
66323	632	0.11563698
66323	961	0.115636975
66323	2962	0.115636975
66323	3385	0.115636975
66323	4599	0.115636975
66323	4045	0.11563697
66387	3654	0.11684892
66387	4756	0.11684892
66387	6032	0.11684892
66387	3380	0.116848916
66387	2701	0.11684891
66387	6284	0.11684891
66387	6120	0.1168489
66387	3815	0.11684889
66387	6745	0.11684889
66387	857	0.116848886
66443	425	0.11609592
66443	91	0.11609585
66443	1524	0.11609584
66443	3776	0.11609584
66443	4032	0.11609584
66443	4469	0.11609584
66443	5304	0.11609584
66443	5355	0.11609583
66443	5321	0.116095826
66443	1185	0.11609582
66473	2701	0.074915364
66473	3380	0.074915364
66473	4756	0.074915364
66473	6032	0.074915364
66473	3408	0.07491536
66473	3815	0.07491536
66473	4957	0.07491536
66473	857	0.07491535
66473	3563	0.07491535
66473	3654	0.07491535
66483	1430	0.106754735
66483	679	0.10645013
66483	6322	0.105942115
66483	467	0.1059421
66483	4338	0.10594209
66483	3562	0.105942085
66483	6244	0.105942085
66483	3384	0.10594208
66483	3430	0.10594208
66483	4843	0.10594208
66485	130	0.091472745
66485	506	0.09147273
66485	947	0.09147273
66485	1139	0.09147273
66485	1764	0.09147273
66485	1775	0.09147273
66485	2029	0.09147273
66485	2090	0.09147273
66485	2148	0.09147273
66485	2708	0.09147273
66487	4167	0.09562882
66487	6361	0.09562882
66487	5666	0.09562881
66487	5697	0.09562881
66487	3883	0.095628805
66487	3875	0.0956288
66487	6459	0.0956288
66487	2582	0.09562879
66487	2691	0.09562879
66487	4912	0.09562879
66518	3971	0.10313616
66518	5886	0.10313616
66518	6123	0.10313616
66518	387	0.10313615
66518	478	0.10313615
66518	597	0.10313615
66518	645	0.10313615
66518	890	0.10313615
66518	1869	0.10313615
66518	2103	0.10313615
66533	1177	0.08944975
66533	4806	0.08944975
66533	6318	0.08944975
66533	1221	0.08944973
66533	1233	0.08944973
66533	2737	0.08944973
66533	3118	0.08944973
66533	4133	0.08944973
66533	4299	0.08944973
66533	5085	0.08944973
66556	1869	0.08892669
66556	3971	0.08892669
66556	215	0.08892668
66556	5031	0.08892668
66556	24	0.08892667
66556	273	0.08892667
66556	538	0.08892667
66556	579	0.08892667
66556	645	0.08892667
66556	890	0.08892667
66574	1806	0.16857064
66574	3866	0.16857064
66574	3112	0.16857062
66574	3830	0.16857062
66574	3853	0.16857062
66574	4595	0.16857062
66574	6768	0.16857062
66574	401	0.16857061
66574	533	0.16857061
66574	1752	0.16857061
66591	3853	0.1290224
66591	3866	0.1290224
66591	533	0.12902239
66591	1070	0.12902239
66591	1806	0.12902239
66591	2220	0.12902239
66591	3112	0.12902239
66591	3210	0.12902239
66591	3418	0.12902239
66591	3493	0.12902239
66640	49	0.10668731
66640	124	0.10668731
66640	1869	0.10668731
66640	2364	0.10668731
66640	3971	0.10668731
66640	5031	0.10668731
66640	6123	0.10668731
66640	387	0.1066873
66640	775	0.1066873
66640	2138	0.1066873
66680	5033	0.13140972
66680	6147	0.13140972
66680	6810	0.13140972
66680	520	0.1314097
66680	5653	0.1314097
66680	1695	0.13101663
66680	120	0.1310166
66680	1801	0.1310166
66680	5595	0.1310166
66680	2678	0.13101658
66789	3477	0.13053966
66789	5731	0.13004766
66789	1621	0.13004765
66789	4103	0.13004765
66789	920	0.13004763
66789	1848	0.13004763
66789	4703	0.13004763
66789	605	0.13004762
66789	1258	0.13004762
66789	1388	0.13004762
66797	6851	0.111414045
66797	2457	0.11141403
66797	4007	0.11141403
66797	4382	0.11141403
66797	4856	0.11141403
66797	5315	0.11141403
66797	482	0.11141402
66797	2988	0.111414015
66797	4986	0.111414015
66797	6749	0.111414015
66853	1610	0.10234349
66853	626	0.102343485
66853	2986	0.102343485
66853	4387	0.102343485
66853	3819	0.10234348
66853	3929	0.10234348
66853	4143	0.10234348
66853	4290	0.10234348
66853	4482	0.10234348
66853	990	0.10234347
66878	4813	0.12634917
66878	80	0.12634915
66878	1997	0.12634915
66878	2236	0.12634915
66878	3644	0.12634915
66878	3868	0.12634915
66878	4034	0.12634915
66878	4984	0.12634915
66878	5106	0.12634915
66878	6735	0.12634915
66942	3971	0.12638667
66942	387	0.12638666
66942	5886	0.12638666
66942	6123	0.12638666
66942	597	0.12638664
66942	642	0.12638664
66942	997	0.12638664
66942	1869	0.12638664
66942	2037	0.12638664
66942	2121	0.12638664
66953	2539	0.10259278
66953	1321	0.10259277
66953	626	0.10248937
66953	1610	0.10248936
66953	4387	0.10248936
66953	990	0.102489345
66953	2083	0.10248934
66953	2986	0.10248934
66953	3228	0.10248934
66953	4143	0.10248934
66960	231	0.13909477
66960	4176	0.13909477
66960	6216	0.13909476
66960	668	0.13909474
66960	677	0.13909474
66960	1022	0.13909474
66960	1595	0.13909474
66960	2402	0.13909474
66960	3567	0.13909474
66960	4000	0.13909474
67079	2204	0.10793054
67079	3317	0.1079305
67079	1607	0.10793049
67079	2228	0.10793048
67079	5059	0.10544281
67079	6559	0.10544279
67079	848	0.103963226
67079	3403	0.103963226
67079	5619	0.103963226
67079	3902	0.10396322
67085	5133	0.07635018
67085	5481	0.076350145
67085	4673	0.07576348
67085	5041	0.07576347
67085	247	0.075763464
67085	884	0.075763464
67085	2419	0.075763464
67085	3672	0.075763464
67085	3870	0.075763464
67085	4080	0.075763464
67174	5691	0.11541176
67174	1177	0.11541174
67174	1221	0.11541174
67174	3511	0.11541174
67174	4324	0.11541174
67174	4806	0.11541174
67174	6318	0.11541174
67174	3118	0.115411736
67174	3761	0.115411736
67174	2737	0.11541173
67176	3694	0.09870744
67176	4885	0.09870744
67176	4224	0.09870743
67176	4817	0.09870743
67176	4962	0.09870743
67176	212	0.09870742
67176	729	0.09870742
67176	1080	0.09870742
67176	1106	0.09870742
67176	1413	0.09870742
67178	3271	0.09814568
67178	4813	0.09814568
67178	6909	0.09814568
67178	4034	0.09814567
67178	4984	0.09814567
67178	6178	0.09814567
67178	80	0.098145664
67178	821	0.098145664
67178	1487	0.098145664
67178	3644	0.098145664
67198	922	0.15355489
67198	1869	0.15355489
67198	3971	0.15355489
67198	5886	0.15355489
67198	6123	0.15355489
67198	49	0.15355487
67198	890	0.15355487
67198	2138	0.15355487
67198	3559	0.15355487
67198	4323	0.15355487
67270	4176	0.1152143
67270	6216	0.115214296
67270	231	0.11521429
67270	668	0.11521428
67270	1619	0.11521428
67270	5129	0.11521428
67270	1022	0.11521427
67270	1723	0.11521427
67270	5949	0.11521427
67270	760	0.115214266
67288	3971	0.12012084
67288	6123	0.12012084
67288	997	0.12012083
67288	387	0.12012082
67288	642	0.12012082
67288	890	0.12012082
67288	922	0.12012082
67288	1058	0.12012082
67288	1146	0.12012082
67288	1393	0.12012082
67296	1869	0.120645195
67296	5886	0.120645195
67296	6912	0.120645195
67296	997	0.12064519
67296	1393	0.12064519
67296	3616	0.12064519
67296	3971	0.12064519
67296	6123	0.12064519
67296	6507	0.12064519
67296	41	0.12064518
67354	307	0.07487122
67354	761	0.07487122
67354	1424	0.07487122
67354	2507	0.07487122
67354	4002	0.07487122
67354	6523	0.07487122
67354	1436	0.07487121
67354	2689	0.07487121
67354	6365	0.074871205
67354	753	0.0748712
67402	387	0.10435948
67402	1869	0.10435948
67402	2121	0.10435948
67402	3971	0.10435948
67402	4323	0.10435948
67402	5031	0.10435948
67402	5099	0.10435948
67402	5886	0.10435948
67402	215	0.10435947
67402	216	0.10435947
67403	2569	0.1108315
67403	5454	0.1108315
67403	6674	0.1108315
67403	3493	0.11083149
67403	533	0.110831484
67403	1745	0.110831484
67403	2363	0.110831484
67403	3029	0.110831484
67403	3418	0.110831484
67403	3700	0.110831484
67415	6674	0.0835514
67415	533	0.08355139
67415	1806	0.08355139
67415	3210	0.08355139
67415	3493	0.08355139
67415	3866	0.08355139
67415	4595	0.08355139
67415	4718	0.08355139
67415	6643	0.08355139
67415	2220	0.083551385
67487	41	0.11149517
67487	1869	0.11149517
67487	3971	0.11149517
67487	5886	0.11149517
67487	387	0.11149516
67487	2138	0.11149516
67487	6912	0.11149516
67487	124	0.11149515
67487	215	0.11149515
67487	890	0.11149515
67515	1869	0.12070727
67515	2364	0.12070727
67515	997	0.120707266
67515	4020	0.120707266
67515	6912	0.120707266
67515	124	0.12070726
67515	775	0.12070726
67515	890	0.12070726
67515	2138	0.12070726
67515	3059	0.12070726
67544	3560	0.08958743
67544	1758	0.08958742
67544	2360	0.08958742
67544	2382	0.08958742
67544	3115	0.08958742
67544	3427	0.08958742
67544	4224	0.08958742
67544	4885	0.08958742
67544	1170	0.08958741
67544	1413	0.08958741
67547	6851	0.09005044
67547	482	0.090050414
67547	2988	0.090050414
67547	4382	0.090050414
67547	4856	0.090050414
67547	2457	0.0900504
67547	4007	0.0900504
67547	6671	0.0900504
67547	6749	0.0900504
67547	4986	0.09005039
67591	3971	0.15173714
67591	642	0.15173712
67591	1869	0.15173712
67591	2121	0.15173712
67591	3616	0.15173712
67591	4323	0.15173712
67591	5218	0.15173712
67591	5886	0.15173712
67591	6123	0.15173712
67591	6912	0.15173712
67627	1869	0.17091367
67627	5886	0.17091367
67627	2138	0.17091365
67627	3616	0.17091365
67627	3971	0.17091365
67627	4076	0.17091365
67627	5031	0.17091365
67627	6123	0.17091365
67627	41	0.17091364
67627	215	0.17091364
67663	6278	0.18957278
67663	3105	0.18957275
67663	1648	0.18759304
67663	4080	0.18759304
67663	884	0.18759303
67663	2419	0.18759301
67663	2783	0.18759301
67663	3443	0.18759301
67663	3606	0.18759301
67663	3870	0.18759301
67677	6601	0.080707476
67677	2518	0.08070747
67677	4446	0.08070746
67677	6612	0.08070746
67677	759	0.08070745
67677	1362	0.080707446
67677	1742	0.080707446
67677	1958	0.080707446
67677	2017	0.080707446
67677	2128	0.080707446
67693	511	0.0944803
67693	3526	0.09448029
67693	1092	0.09448028
67693	4557	0.09448028
67693	4824	0.09448028
67693	6364	0.09448028
67693	6593	0.09448028
67693	6880	0.09448028
67693	617	0.094480276
67693	985	0.094480276
67840	6655	0.11687536
67840	5471	0.11687535
67840	6680	0.11687535
67840	2933	0.11687533
67840	3378	0.11687533
67840	5472	0.11687533
67840	6645	0.11687532
67840	6585	0.11687531
67840	4176	0.114311084
67840	6216	0.11431108
67910	56	0.11734544
67910	4103	0.116431065
67910	3610	0.11643104
67910	4703	0.11643104
67910	5731	0.11643104
67910	2450	0.116431035
67910	3657	0.116431035
67910	6670	0.116431035
67910	892	0.11643103
67910	1280	0.11643103
67930	1869	0.097895205
67930	2138	0.0978952
67930	3971	0.0978952
67930	2364	0.09789519
67930	3059	0.09789519
67930	3616	0.09789519
67930	4076	0.09789519
67930	5886	0.09789519
67930	6123	0.09789519
67930	387	0.09789518
68000	903	0.08644451
68000	2419	0.08644451
68000	3870	0.08644451
68000	4474	0.08644451
68000	4673	0.086444505
68000	222	0.0864445
68000	247	0.0864445
68000	819	0.0864445
68000	884	0.0864445
68000	900	0.0864445
68081	387	0.07836643
68081	478	0.07836643
68081	922	0.07836643
68081	1869	0.07836643
68081	2121	0.07836643
68081	4323	0.07836643
68081	5031	0.07836643
68081	5886	0.07836643
68081	24	0.07836642
68081	890	0.07836642
68128	1177	0.17346875
68128	1221	0.17346875
68128	1233	0.17346875
68128	4806	0.17346875
68128	92	0.17346874
68128	531	0.17346874
68128	1255	0.17346874
68128	2116	0.17346874
68128	2241	0.17346874
68128	2737	0.17346874
68156	5031	0.1407962
68156	387	0.14079618
68156	478	0.14079618
68156	890	0.14079618
68156	1146	0.14079618
68156	1455	0.14079618
68156	1869	0.14079618
68156	2121	0.14079618
68156	2714	0.14079618
68156	3616	0.14079618
68185	1869	0.17804313
68185	3971	0.17804311
68185	387	0.1780431
68185	2121	0.1780431
68185	2728	0.1780431
68185	3616	0.1780431
68185	3965	0.1780431
68185	5886	0.1780431
68185	6123	0.1780431
68185	124	0.17804308
68249	1869	0.09773636
68249	2121	0.09773636
68249	5031	0.09773635
68249	387	0.097736344
68249	478	0.097736344
68249	890	0.097736344
68249	997	0.097736344
68249	1229	0.097736344
68249	1856	0.097736344
68249	2728	0.097736344
68256	1610	0.095982864
68256	4387	0.095982864
68256	3929	0.09598285
68256	4482	0.09598285
68256	6288	0.09598285
68256	2986	0.09598284
68256	4143	0.09598284
68256	5974	0.09598284
68256	6908	0.09598284
68256	626	0.095982835
68309	1869	0.10436915
68309	1455	0.10436914
68309	3971	0.10436914
68309	5886	0.10436914
68309	6123	0.10436914
68309	49	0.10436913
68309	387	0.10436913
68309	597	0.10436913
68309	775	0.10436913
68309	890	0.10436913
68344	387	0.1306113
68344	478	0.1306113
68344	890	0.1306113
68344	997	0.1306113
68344	1869	0.1306113
68344	3616	0.1306113
68344	3971	0.1306113
68344	5031	0.1306113
68344	5886	0.1306113
68344	6123	0.1306113
68383	2603	0.10470562
68383	130	0.1047056
68383	172	0.1047056
68383	506	0.1047056
68383	1374	0.1047056
68383	1764	0.1047056
68383	2029	0.1047056
68383	3519	0.1047056
68383	4764	0.1047056
68383	529	0.104705594
68436	12	0.096842654
68436	5033	0.09661529
68436	520	0.09661527
68436	6810	0.09661527
68436	5653	0.096615255
68436	6147	0.096615255
68436	4004	0.09462966
68436	759	0.094629645
68436	1362	0.094629645
68436	2017	0.094629645
68447	6674	0.08713212
68447	987	0.08713211
68447	1070	0.08713211
68447	2220	0.08713211
68447	3112	0.08713211
68447	3418	0.08713211
68447	3493	0.08713211
68447	3630	0.08713211
68447	3830	0.08713211
68447	3853	0.08713211
68465	890	0.1275551
68465	3971	0.1275551
68465	5218	0.1275551
68465	5886	0.1275551
68465	6123	0.1275551
68465	387	0.12755509
68465	538	0.12755509
68465	579	0.12755509
68465	922	0.12755509
68465	1058	0.12755509
68537	6423	0.09650788
68537	2843	0.09650786
68537	1301	0.096507855
68537	6265	0.09610139
68537	244	0.09610137
68537	3385	0.096101366
68537	4599	0.096101366
68537	149	0.09610136
68537	961	0.09610136
68537	4045	0.09610136
68568	4885	0.12456162
68568	3427	0.1245616
68568	3560	0.1245616
68568	489	0.12456159
68568	1080	0.12456159
68568	1363	0.12456159
68568	2382	0.12456159
68568	3510	0.12456159
68568	3694	0.12456159
68568	4564	0.12456159
68581	387	0.099071145
68581	3971	0.099071145
68581	1415	0.09907113
68581	1869	0.09907113
68581	2364	0.09907113
68581	4076	0.09907113
68581	6123	0.09907113
68581	49	0.09907112
68581	922	0.09907112
68581	2121	0.09907112
68615	3971	0.10391119
68615	5031	0.10391119
68615	387	0.103911184
68615	890	0.103911184
68615	997	0.103911184
68615	1552	0.103911184
68615	5886	0.103911184
68615	6123	0.103911184
68615	124	0.10391118
68615	478	0.10391118
68700	29	0.12169328
68700	4701	0.12169322
68700	4176	0.12025437
68700	668	0.12025435
68700	6216	0.12025435
68700	231	0.120254345
68700	851	0.120254345
68700	677	0.12025434
68700	760	0.12025434
68700	1595	0.12025434
68729	3971	0.10980956
68729	24	0.10980955
68729	997	0.10980955
68729	2138	0.10980955
68729	2364	0.10980955
68729	6123	0.10980955
68729	6912	0.10980955
68729	6915	0.10980955
68729	1856	0.10980954
68729	1869	0.10980954
68760	890	0.11313717
68760	3971	0.11313717
68760	6123	0.11313717
68760	6912	0.11313717
68760	2138	0.11313716
68760	997	0.113137156
68760	1194	0.113137156
68760	3452	0.113137156
68760	4076	0.113137156
68760	4390	0.113137156
68767	3971	0.09582227
68767	49	0.09582226
68767	890	0.09582226
68767	1194	0.09582226
68767	1340	0.09582226
68767	1415	0.09582226
68767	2138	0.09582226
68767	2364	0.09582226
68767	4076	0.09582226
68767	5031	0.09582226
68768	2972	0.07732095
68768	1553	0.07732093
68768	236	0.077320926
68768	3529	0.077320926
68768	3001	0.07732092
68768	3213	0.07732092
68768	5421	0.07732092
68768	6114	0.07732092
68768	2250	0.07732091
68768	152	0.07601541
68846	6265	0.09459032
68846	4599	0.094590314
68846	244	0.09459031
68846	632	0.09459031
68846	3385	0.09459031
68846	149	0.0945903
68846	582	0.09459029
68846	650	0.09459029
68846	2962	0.09459029
68846	3548	0.09459029
68886	3616	0.12074061
68886	5031	0.12074061
68886	6912	0.12074061
68886	1869	0.1207406
68886	3971	0.1207406
68886	5044	0.12074059
68886	5716	0.12074059
68886	1146	0.120740585
68886	2138	0.120740585
68886	2364	0.120740585
68943	2936	0.14427209
68943	3121	0.14427209
68943	5904	0.14427209
68943	6562	0.14427209
68943	191	0.14427207
68943	551	0.14427207
68943	570	0.14427207
68943	2959	0.14427207
68943	3138	0.14427207
68943	3374	0.14427207
68984	387	0.103726655
68984	3971	0.103726655
68984	1058	0.10372665
68984	3616	0.10372665
68984	5031	0.10372665
68984	5886	0.10372665
68984	41	0.10372664
68984	124	0.10372664
68984	266	0.10372664
68984	478	0.10372664
69012	997	0.109929964
69012	1552	0.109929964
69012	3971	0.109929964
69012	6123	0.109929964
69012	6912	0.109929964
69012	387	0.10992996
69012	1146	0.10992996
69012	1194	0.10992996
69012	5031	0.10992996
69012	5886	0.10992996
69023	4243	0.08240868
69023	5417	0.08240868
69023	1467	0.08240865
69023	244	0.08178136
69023	4045	0.08178136
69023	4599	0.08178136
69023	5437	0.08178135
69023	6265	0.08178135
69023	582	0.08178134
69023	961	0.08178134
69042	3971	0.09494149
69042	1869	0.09494148
69042	2121	0.09494148
69042	2138	0.09494148
69042	387	0.094941474
69042	890	0.094941474
69042	1455	0.094941474
69042	2736	0.094941474
69042	6915	0.094941474
69042	41	0.09494147
69089	5619	0.11197183
69089	3403	0.111971825
69089	848	0.11197181
69089	3797	0.11197181
69089	3902	0.11197181
69089	5309	0.11197181
69089	1678	0.1119718
69089	1267	0.111971796
69089	1646	0.111971796
69089	2768	0.111971796
69156	5031	0.10310415
69156	645	0.10310414
69156	1869	0.10310414
69156	5886	0.10310414
69156	24	0.10310413
69156	890	0.10310413
69156	901	0.10310413
69156	997	0.10310413
69156	1194	0.10310413
69156	1415	0.10310413
69188	2138	0.11802635
69188	3971	0.11802635
69188	387	0.11802633
69188	890	0.11802633
69188	1869	0.11802633
69188	5031	0.11802633
69188	6915	0.11802633
69188	24	0.11802632
69188	579	0.11802632
69188	922	0.11802632
69211	1869	0.16465677
69211	3616	0.16465676
69211	5031	0.16465676
69211	5886	0.16465676
69211	1340	0.16465674
69211	1415	0.16465674
69211	2121	0.16465674
69211	3971	0.16465674
69211	6123	0.16465674
69211	24	0.16465673
69232	1869	0.09357171
69232	2138	0.09357171
69232	3971	0.09357171
69232	6123	0.09357171
69232	387	0.0935717
69232	3616	0.0935717
69232	269	0.09357169
69232	597	0.09357169
69232	890	0.09357169
69232	901	0.09357169
69252	3971	0.114130996
69252	890	0.11413099
69252	2138	0.11413099
69252	5031	0.11413099
69252	5886	0.11413099
69252	6515	0.11413099
69252	1340	0.11413098
69252	3616	0.11413098
69252	41	0.114130974
69252	124	0.114130974
69355	1610	0.11722383
69355	3929	0.11722383
69355	4387	0.11722383
69355	626	0.117223814
69355	2986	0.117223814
69355	4271	0.117223814
69355	5512	0.117223814
69355	3228	0.11722381
69355	5067	0.11722381
69355	5974	0.11722381
69378	6265	0.09944326
69378	244	0.09944325
69378	149	0.09944323
69378	632	0.09944323
69378	3385	0.09944323
69378	961	0.09944322
69378	4599	0.09944322
69378	650	0.09944321
69378	2962	0.09944321
69378	3548	0.09944321
69389	124	0.12432864
69389	1058	0.12432864
69389	1869	0.12432864
69389	5031	0.12432864
69389	2121	0.124328636
69389	2728	0.124328636
69389	387	0.12432863
69389	1310	0.12432863
69389	2037	0.12432863
69389	2138	0.12432863
69405	1869	0.175491
69405	2138	0.175491
69405	3971	0.175491
69405	6123	0.175491
69405	6912	0.175491
69405	642	0.17549099
69405	775	0.17549099
69405	997	0.17549099
69405	5886	0.17549099
69405	41	0.17549098
69410	854	0.08153099
69410	3694	0.08153099
69410	4817	0.08153099
69410	2360	0.08153098
69410	2382	0.08153098
69410	3115	0.08153098
69410	3560	0.08153098
69410	968	0.08153097
69410	1080	0.08153097
69410	1106	0.08153097
69460	1238	0.10020514
69460	5128	0.10020514
69460	143	0.10020512
69460	1449	0.10020512
69460	4320	0.10020512
69460	5275	0.10020512
69460	5508	0.10020512
69460	4267	0.100205116
69460	5630	0.100205116
69460	1570	0.10020511
69512	6278	0.09178281
69512	3105	0.09178278
69512	425	0.0889937
69512	1524	0.088993646
69512	4469	0.08899364
69512	5304	0.08899364
69512	91	0.088993624
69512	3776	0.088993624
69512	5321	0.088993624
69512	5355	0.088993624
69684	4976	0.0698856
69684	5203	0.0698856
69684	511	0.06971927
69684	1092	0.06971927
69684	4557	0.06971926
69684	6880	0.06971926
69684	617	0.069719255
69684	1644	0.069719255
69684	2785	0.069719255
69684	3097	0.069719255
69709	6215	0.13169548
69709	1863	0.13169543
69709	3936	0.13169542
69709	5307	0.13169542
69709	5496	0.13169542
69709	6885	0.13103315
69709	321	0.13103314
69709	2167	0.13103311
69709	2263	0.1310331
69709	5147	0.1310331
69721	1869	0.13758276
69721	579	0.13758275
69721	645	0.13758275
69721	890	0.13758275
69721	986	0.13758275
69721	1146	0.13758275
69721	2138	0.13758275
69721	2364	0.13758275
69721	3616	0.13758275
69721	3971	0.13758275
69749	1306	0.068819545
69749	5232	0.06881953
69749	5583	0.06881953
69749	4400	0.06881952
69749	4693	0.06881952
69749	4698	0.06881952
69749	6427	0.06881952
69749	6775	0.06881951
69749	2323	0.06881949
69749	6851	0.06681645
69775	6492	0.09323876
69775	248	0.093238756
69775	711	0.093238756
69775	1567	0.093238756
69775	4903	0.093238756
69775	4906	0.093238756
69775	5295	0.093238756
69775	5869	0.093238756
69775	3566	0.09323875
69775	4493	0.09323875
69790	5731	0.08818135
69790	3657	0.08818133
69790	4103	0.08818133
69790	4703	0.08818133
69790	6149	0.088181324
69790	6279	0.088181324
69790	920	0.08818132
69790	1621	0.08818132
69790	1632	0.08818132
69790	1848	0.08818132
69808	5031	0.09180641
69808	6912	0.09180641
69808	4076	0.091806404
69808	5886	0.091806404
69808	24	0.0918064
69808	775	0.0918064
69808	890	0.0918064
69808	997	0.0918064
69808	1062	0.0918064
69808	1403	0.0918064
69929	172	0.109609
69929	1764	0.109609
69929	2603	0.109609
69929	4764	0.109609
69929	130	0.10960899
69929	506	0.10960899
69929	529	0.10960899
69929	947	0.10960899
69929	1775	0.10960899
69929	1995	0.10960899
69933	3616	0.11752762
69933	5031	0.11752762
69933	579	0.11752761
69933	890	0.11752761
69933	1062	0.11752761
69933	1393	0.11752761
69933	1869	0.11752761
69933	2121	0.11752761
69933	24	0.117527604
69933	41	0.117527604
69971	6265	0.12287092
69971	244	0.12287091
69971	582	0.12287089
69971	4045	0.122870885
69971	4599	0.122870885
69971	149	0.12287088
69971	632	0.12287088
69971	3385	0.12287088
69971	961	0.12287087
69971	2962	0.12287087
70014	6265	0.09448839
70014	244	0.09448838
70014	632	0.09448837
70014	4045	0.09448837
70014	149	0.09448836
70014	582	0.09448836
70014	961	0.09448836
70014	3548	0.09448836
70014	4599	0.09448836
70014	650	0.09448835
70052	5731	0.08864339
70052	4103	0.08864338
70052	4703	0.08864337
70052	6279	0.08864337
70052	6465	0.08864337
70052	2014	0.088643365
70052	3983	0.088643365
70052	5473	0.088643365
70052	398	0.08864336
70052	892	0.08864336
70065	111	0.09484068
70065	4692	0.09484066
70065	4729	0.09484065
70065	5890	0.09484065
70065	1537	0.094840646
70065	2099	0.094840646
70065	3303	0.094840646
70065	5695	0.094840646
70065	368	0.09484064
70065	1075	0.09484064
70183	3853	0.1288813
70183	3700	0.12888129
70183	3866	0.12888129
70183	4595	0.12888129
70183	5115	0.12888129
70183	2220	0.12888128
70183	2304	0.12888128
70183	2363	0.12888128
70183	2569	0.12888128
70183	3112	0.12888128
70189	1869	0.09485716
70189	3616	0.09485714
70189	3971	0.09485714
70189	124	0.094857134
70189	842	0.094857134
70189	1856	0.094857134
70189	3559	0.094857134
70189	5031	0.094857134
70189	5886	0.094857134
70189	41	0.09485713
70192	4387	0.076698065
70192	1610	0.07669806
70192	626	0.07669805
70192	2986	0.07669805
70192	5974	0.07669805
70192	6594	0.07669805
70192	1814	0.07669804
70192	3929	0.07669804
70192	990	0.076698035
70192	1404	0.076698035
70222	5031	0.10018645
70222	3971	0.100186445
70222	5886	0.100186445
70222	24	0.10018644
70222	387	0.10018644
70222	597	0.10018644
70222	890	0.10018644
70222	1393	0.10018644
70222	1455	0.10018644
70222	1552	0.10018644
70302	3971	0.113980934
70302	6915	0.113980934
70302	2138	0.11398093
70302	2364	0.11398093
70302	6123	0.11398093
70302	997	0.11398092
70302	1340	0.11398092
70302	1455	0.11398092
70302	1869	0.11398092
70302	3559	0.11398092
70379	6123	0.11852052
70379	478	0.11852051
70379	890	0.11852051
70379	1094	0.11852051
70379	1146	0.11852051
70379	1340	0.11852051
70379	2339	0.11852051
70379	3042	0.11852051
70379	3188	0.11852051
70379	4434	0.11852051
70401	478	0.10273418
70401	4076	0.10273418
70401	1869	0.10273417
70401	3971	0.10273417
70401	5886	0.10273417
70401	6123	0.10273417
70401	49	0.10273416
70401	387	0.10273416
70401	577	0.10273416
70401	628	0.10273416
70402	205	0.08687399
70402	1312	0.08687399
70402	2105	0.08687399
70402	3995	0.08687399
70402	4536	0.08687399
70402	4417	0.086873986
70402	6659	0.086873986
70402	3920	0.08687398
70402	4388	0.08687398
70402	5681	0.08687398
70415	5031	0.15763761
70415	645	0.1576376
70415	890	0.1576376
70415	1094	0.1576376
70415	376	0.15763758
70415	742	0.15763758
70415	1146	0.15763758
70415	1856	0.15763758
70415	4323	0.15763758
70415	5886	0.15763758
70435	1869	0.13962974
70435	3971	0.13962974
70435	387	0.13962972
70435	579	0.13962972
70435	2138	0.13962972
70435	2356	0.13962972
70435	3616	0.13962972
70435	4076	0.13962972
70435	6123	0.13962972
70435	478	0.1396297
70448	3616	0.078205936
70448	5886	0.078205936
70448	6123	0.078205936
70448	215	0.07820593
70448	387	0.07820593
70448	538	0.07820593
70448	577	0.07820593
70448	890	0.07820593
70448	922	0.07820593
70448	1146	0.07820593
70541	3866	0.12988321
70541	533	0.1298832
70541	1752	0.1298832
70541	3853	0.1298832
70541	4595	0.1298832
70541	4718	0.1298832
70541	4727	0.1298832
70541	5454	0.1298832
70541	6643	0.1298832
70541	401	0.12988319
70594	5765	0.10037876
70594	4719	0.10037875
70594	4784	0.10037875
70594	4925	0.10037875
70594	4998	0.10037875
70594	3031	0.100378744
70594	2837	0.10037874
70594	3041	0.10037874
70594	3233	0.10037874
70594	3758	0.10037874
70628	4176	0.08492982
70628	6216	0.08492982
70628	5130	0.08492981
70628	5197	0.08492981
70628	6840	0.08492981
70628	231	0.0849298
70628	1022	0.0849298
70628	668	0.084929794
70628	760	0.084929794
70628	851	0.084929794
70649	5031	0.12568066
70649	890	0.12568064
70649	997	0.12568064
70649	1194	0.12568064
70649	1455	0.12568064
70649	1869	0.12568064
70649	2364	0.12568064
70649	2736	0.12568064
70649	3616	0.12568064
70649	5886	0.12568064
70666	1965	0.124707915
70666	2359	0.124707915
70666	4908	0.124707885
70666	859	0.12470788
70666	4099	0.12470788
70666	4291	0.12470788
70666	5565	0.12470788
70666	6023	0.12470787
70666	929	0.12470786
70666	5673	0.12470786
70703	387	0.108424544
70703	3971	0.108424544
70703	890	0.10842453
70703	922	0.10842453
70703	1058	0.10842453
70703	2138	0.10842453
70703	4323	0.10842453
70703	5218	0.10842453
70703	5886	0.10842453
70703	6123	0.10842453
70772	478	0.11846434
70772	4076	0.11846434
70772	5031	0.11846434
70772	5886	0.11846434
70772	6123	0.11846434
70772	6912	0.11846434
70772	387	0.118464336
70772	597	0.118464336
70772	997	0.118464336
70772	3559	0.118464336
70864	90	0.13927034
70864	5096	0.13927034
70864	6077	0.13927032
70864	6431	0.13927032
70864	2002	0.1392703
70864	3738	0.1392703
70864	5842	0.1392703
70864	6815	0.1392703
70864	3096	0.13927029
70864	5714	0.13927029
70878	2457	0.09888711
70878	4007	0.0988871
70878	4856	0.0988871
70878	6851	0.09888709
70878	482	0.098887086
70878	4382	0.098887086
70878	5315	0.098887086
70878	2685	0.09888708
70878	2988	0.09888707
70878	4986	0.09888707
70918	1679	0.08618064
70918	4233	0.08618064
70918	869	0.086180635
70918	1937	0.086180635
70918	2989	0.086180635
70918	6080	0.086180635
70918	152	0.08618063
70918	1457	0.08618063
70918	1598	0.08618063
70918	1892	0.08618063
70931	2138	0.13498995
70931	3971	0.13498995
70931	6123	0.13498995
70931	387	0.13498993
70931	997	0.13498993
70931	1058	0.13498993
70931	1869	0.13498993
70931	3059	0.13498993
70931	5886	0.13498993
70931	41	0.13498992
71102	4103	0.11175735
71102	1848	0.11175734
71102	5731	0.11175733
71102	6149	0.11175733
71102	396	0.11175732
71102	1280	0.11175732
71102	1887	0.11175732
71102	2450	0.11175732
71102	3610	0.11175732
71102	3657	0.11175732
71162	4623	0.124916784
71162	1177	0.12304391
71162	3118	0.12304391
71162	4806	0.12304391
71162	2737	0.1230439
71162	3263	0.123043895
71162	3967	0.123043895
71162	5819	0.123043895
71162	6318	0.123043895
71162	6530	0.123043895
71181	1869	0.122385696
71181	5031	0.12238568
71181	3971	0.12238567
71181	41	0.122385666
71181	124	0.122385666
71181	387	0.122385666
71181	890	0.122385666
71181	1856	0.122385666
71181	2138	0.122385666
71181	2364	0.122385666
71183	579	0.08946886
71183	1146	0.08946886
71183	1869	0.08946886
71183	5031	0.08946886
71183	6912	0.08946886
71183	24	0.08946885
71183	387	0.08946885
71183	890	0.08946885
71183	997	0.08946885
71183	1062	0.08946885
71193	2017	0.14833
71193	2518	0.14833
71193	3749	0.14833
71193	4004	0.14833
71193	4446	0.14833
71193	4789	0.14833
71193	6152	0.14833
71193	6601	0.14833
71193	6796	0.14833
71193	595	0.14832999
71207	3971	0.11988412
71207	890	0.11988411
71207	2138	0.11988411
71207	24	0.1198841
71207	922	0.1198841
71207	1415	0.1198841
71207	1869	0.1198841
71207	4076	0.1198841
71207	5031	0.1198841
71207	5218	0.1198841
71223	3040	0.112198845
71223	3146	0.112198845
71223	864	0.11219883
71223	4490	0.11219883
71223	5699	0.112198815
71223	6381	0.112198815
71223	6535	0.11219881
71223	5834	0.112198785
71223	5702	0.11174997
71223	3866	0.11099888
71234	1869	0.10351111
71234	5886	0.1035111
71234	41	0.103511095
71234	215	0.103511095
71234	273	0.103511095
71234	387	0.103511095
71234	1058	0.103511095
71234	2728	0.103511095
71234	3971	0.103511095
71234	124	0.10351109
71490	1022	0.1318539
71490	4176	0.1318539
71490	231	0.13185388
71490	1723	0.13185388
71490	5197	0.13185388
71490	5949	0.13185388
71490	6216	0.13185388
71490	6840	0.13185388
71490	668	0.13185386
71490	1619	0.13185386
71522	3146	0.082092
71522	864	0.082091995
71522	3040	0.082091995
71522	6381	0.082091995
71522	4490	0.08209199
71522	5699	0.08209198
71522	6535	0.08209197
71522	5834	0.082091965
71522	111	0.081161514
71522	5890	0.08116149
71587	4448	0.091565326
71587	6599	0.091565296
71587	5864	0.09039306
71587	3606	0.09039305
71587	3870	0.09039305
71587	6231	0.09039305
71587	6834	0.09039305
71587	5739	0.090393044
71587	247	0.09039304
71587	884	0.09039304
71628	130	0.10714206
71628	506	0.10714206
71628	2366	0.10714206
71628	2929	0.10714206
71628	4764	0.10714205
71628	172	0.107142046
71628	947	0.107142046
71628	1374	0.107142046
71628	1609	0.107142046
71628	1764	0.107142046
71662	6472	0.11212135
71662	4387	0.11126571
71662	626	0.111265704
71662	3929	0.111265704
71662	4143	0.1112657
71662	1610	0.11126569
71662	2986	0.11126569
71662	5512	0.11126569
71662	5974	0.11126569
71662	6594	0.11126569
71712	6149	0.1022369
71712	1848	0.10223689
71712	493	0.10223688
71712	2209	0.10223688
71712	3143	0.10223688
71712	3657	0.10223688
71712	4103	0.10223688
71712	5731	0.10223688
71712	6279	0.10223688
71712	1621	0.102236874
71752	124	0.11041756
71752	1869	0.11041756
71752	3971	0.11041755
71752	41	0.110417545
71752	387	0.110417545
71752	514	0.110417545
71752	579	0.110417545
71752	842	0.110417545
71752	997	0.110417545
71752	2121	0.110417545
71786	3971	0.10190498
71786	890	0.10190497
71786	1869	0.10190497
71786	6123	0.10190497
71786	273	0.101904966
71786	579	0.101904966
71786	901	0.101904966
71786	2138	0.101904966
71786	6912	0.101904966
71786	41	0.10190496
71800	3853	0.16272148
71800	3210	0.16272147
71800	533	0.16272146
71800	2304	0.16272146
71800	3700	0.16272146
71800	3830	0.16272146
71800	3866	0.16272146
71800	4241	0.16272146
71800	4273	0.16272146
71800	4595	0.16272146
71831	3866	0.07091428
71831	5454	0.07091428
71831	6674	0.07091428
71831	3418	0.070914276
71831	3493	0.070914276
71831	3853	0.070914276
71831	5115	0.070914276
71831	6643	0.070914276
71831	74	0.07091427
71831	401	0.07091427
71853	3844	0.09795474
71853	4924	0.097954735
71853	6116	0.097954735
71853	2492	0.09795473
71853	972	0.097954705
71853	5378	0.097954705
71853	5927	0.097954705
71853	6219	0.097954705
71853	6793	0.097954705
71853	1860	0.09795469
71900	890	0.15333179
71900	2121	0.15333179
71900	5031	0.15333179
71900	376	0.15333177
71900	1146	0.15333177
71900	1869	0.15333177
71900	5886	0.15333177
71900	6912	0.15333177
71900	24	0.15333176
71900	387	0.15333176
71902	884	0.112045154
71902	2419	0.11204514
71902	3283	0.11204514
71902	3606	0.11204514
71902	3870	0.11204514
71902	4080	0.11204514
71902	4472	0.11204514
71902	4673	0.11204514
71902	4938	0.11204514
71902	5041	0.11204514
72099	2138	0.075559676
72099	3971	0.075559676
72099	5886	0.075559676
72099	6912	0.075559676
72099	1869	0.07555967
72099	4603	0.07555967
72099	269	0.07555966
72099	387	0.07555966
72099	538	0.07555966
72099	577	0.07555966
72100	1856	0.08504903
72100	1869	0.08504903
72100	5031	0.08504903
72100	5886	0.08504903
72100	3616	0.085049026
72100	3897	0.085049026
72100	24	0.08504902
72100	41	0.08504902
72100	49	0.08504902
72100	124	0.08504902
72183	4103	0.0702534
72183	2209	0.07025339
72183	2320	0.07025339
72183	2644	0.07025339
72183	3657	0.07025339
72183	3786	0.07025339
72183	4496	0.07025339
72183	5731	0.07025339
72183	605	0.07025338
72183	2014	0.07025338
72190	3971	0.11347617
72190	6123	0.113476165
72190	49	0.11347616
72190	6912	0.11347616
72190	478	0.11347615
72190	1869	0.11347615
72190	2655	0.11347615
72190	5031	0.11347615
72190	5218	0.11347615
72190	5886	0.11347615
72214	4176	0.13036412
72214	231	0.1303641
72214	5197	0.1303641
72214	6216	0.1303641
72214	668	0.13036409
72214	1022	0.13036409
72214	1619	0.13036409
72214	1723	0.13036409
72214	2400	0.13036409
72214	4000	0.13036409
72238	4103	0.11025712
72238	5731	0.11025712
72238	1621	0.110257104
72238	3657	0.110257104
72238	6149	0.110257104
72238	2644	0.1102571
72238	5465	0.1102571
72238	6279	0.1102571
72238	6670	0.1102571
72238	398	0.11025709
72287	6123	0.107267775
72287	890	0.10726776
72287	997	0.10726776
72287	1455	0.10726776
72287	2138	0.10726776
72287	3616	0.10726776
72287	5886	0.10726776
72287	49	0.10726775
72287	269	0.10726775
72287	387	0.10726775
72296	4770	0.100749545
72296	3035	0.09875329
72296	3525	0.09818143
72296	2006	0.098181404
72296	2686	0.0981814
72296	4328	0.0981814
72296	4378	0.0981814
72296	5566	0.0981814
72296	6108	0.0981814
72296	415	0.09818138
72352	6090	0.12071733
72352	856	0.120717324
72352	2282	0.120717324
72352	4407	0.12071731
72352	4409	0.1207173
72352	4658	0.1207173
72352	5247	0.1207173
72352	5179	0.12071727
72352	4176	0.11941028
72352	5197	0.11941027
72368	6394	0.112003595
72368	2157	0.11200358
72368	4663	0.112003535
72368	4756	0.11170769
72368	2701	0.11170768
72368	3380	0.11170768
72368	3654	0.11170767
72368	6032	0.11170767
72368	6284	0.11170767
72368	6745	0.111707665
72418	890	0.14603147
72418	997	0.14603147
72418	1869	0.14603147
72418	2138	0.14603147
72418	3971	0.14603147
72418	4076	0.14603147
72418	6123	0.14603147
72418	6507	0.14603147
72418	6912	0.14603147
72418	775	0.14603145
72451	1583	0.10421205
72451	1098	0.104212046
72451	5216	0.10421204
72451	3163	0.10421201
72451	5048	0.10382976
72451	5707	0.10382974
72451	2946	0.103829734
72451	4875	0.10382972
72451	2909	0.1038297
72451	3598	0.10354188
72470	2037	0.10474403
72470	2138	0.10474403
72470	3616	0.10474403
72470	3971	0.10474403
72470	4076	0.10474403
72470	387	0.104744025
72470	478	0.104744025
72470	890	0.104744025
72470	1869	0.104744025
72470	3286	0.104744025
72523	3971	0.1304403
72523	1340	0.13044028
72523	2138	0.13044028
72523	124	0.13044026
72523	387	0.13044026
72523	832	0.13044026
72523	890	0.13044026
72523	986	0.13044026
72523	1031	0.13044026
72523	1062	0.13044026
72530	2138	0.1362262
72530	3971	0.1362262
72530	4076	0.1362262
72530	6123	0.1362262
72530	6912	0.1362262
72530	41	0.13622619
72530	642	0.13622619
72530	890	0.13622619
72530	986	0.13622619
72530	997	0.13622619
72575	5835	0.10096119
72575	6333	0.10096119
72575	3445	0.10096118
72575	3583	0.10096118
72575	3808	0.10096118
72575	126	0.10096116
72575	4495	0.10096116
72575	6428	0.10096116
72575	6869	0.10096116
72575	2276	0.10096115
72601	49	0.13579035
72601	387	0.13579035
72601	478	0.13579035
72601	597	0.13579035
72601	645	0.13579035
72601	832	0.13579035
72601	890	0.13579035
72601	1146	0.13579035
72601	1455	0.13579035
72601	1552	0.13579035
72636	5886	0.10117057
72636	387	0.10117056
72636	1869	0.10117056
72636	3971	0.10117056
72636	24	0.101170555
72636	49	0.101170555
72636	124	0.101170555
72636	478	0.101170555
72636	597	0.101170555
72636	628	0.101170555
72707	6265	0.10681131
72707	244	0.1068113
72707	3385	0.10681129
72707	149	0.106811285
72707	632	0.106811285
72707	961	0.106811285
72707	4045	0.106811285
72707	4599	0.106811285
72707	582	0.10681128
72707	3548	0.10681128
72742	2518	0.09738326
72742	4004	0.09738326
72742	4446	0.09738326
72742	6796	0.09738326
72742	759	0.09738325
72742	2017	0.09738325
72742	6152	0.09738325
72742	1362	0.097383246
72742	3749	0.097383246
72742	4789	0.097383246
72785	1869	0.114853285
72785	2121	0.114853285
72785	215	0.11485328
72785	387	0.11485328
72785	3616	0.11485328
72785	3971	0.11485328
72785	5031	0.11485328
72785	5886	0.11485328
72785	577	0.11485327
72785	579	0.11485327
72990	387	0.114383176
72990	2138	0.114383176
72990	3971	0.114383176
72990	5031	0.114383176
72990	5886	0.114383176
72990	6123	0.114383176
72990	1393	0.11438317
72990	3559	0.11438317
72990	5218	0.11438317
72990	6912	0.11438317
73003	6516	0.077345446
73003	186	0.07734544
73003	2970	0.07734543
73003	231	0.07662816
73003	1619	0.07662816
73003	6840	0.07662816
73003	4176	0.076628156
73003	668	0.07662815
73003	1022	0.07662815
73003	1595	0.07662815
73022	1567	0.13756251
73022	4906	0.1375625
73022	5086	0.1375625
73022	106	0.13756248
73022	248	0.13756248
73022	655	0.13756248
73022	711	0.13756248
73022	1816	0.13756248
73022	2207	0.13756248
73022	2653	0.13756248
73044	3971	0.13249594
73044	41	0.13249591
73044	124	0.13249591
73044	387	0.13249591
73044	890	0.13249591
73044	1146	0.13249591
73044	1869	0.13249591
73044	2728	0.13249591
73044	3616	0.13249591
73044	5031	0.13249591
73056	801	0.124196716
73056	6252	0.124196716
73056	686	0.12419671
73056	2916	0.12419671
73056	5121	0.12419671
73056	99	0.1241967
73056	1087	0.1241967
73056	2145	0.1241967
73056	1650	0.12419669
73056	2305	0.12419669
73330	3971	0.12965882
73330	890	0.1296588
73330	2138	0.1296588
73330	3616	0.1296588
73330	6123	0.1296588
73330	24	0.12965879
73330	124	0.12965879
73330	387	0.12965879
73330	478	0.12965879
73330	642	0.12965879
73363	6912	0.09755898
73363	41	0.097558975
73363	215	0.097558975
73363	642	0.097558975
73363	1146	0.097558975
73363	1869	0.097558975
73363	2138	0.097558975
73363	3616	0.097558975
73363	3971	0.097558975
73363	5031	0.097558975
73394	1610	0.14310527
73394	4143	0.14310525
73394	626	0.14310524
73394	2986	0.14310524
73394	3929	0.14310524
73394	4290	0.14310524
73394	4387	0.14310524
73394	4482	0.14310524
73394	5974	0.14310524
73394	1814	0.14310522
73398	3853	0.112425074
73398	5454	0.11242507
73398	4727	0.11242506
73398	3866	0.11242505
73398	6643	0.11242505
73398	1745	0.112425044
73398	2541	0.112425044
73398	3210	0.112425044
73398	3418	0.112425044
73398	4241	0.112425044
73548	12	0.07391159
73548	5033	0.07379312
73548	520	0.07379311
73548	6810	0.07379311
73548	5653	0.073793106
73548	6147	0.0737931
73548	2518	0.073061034
73548	3749	0.073061034
73548	2017	0.07306103
73548	4446	0.07306103
73588	41	0.07408579
73588	387	0.07408579
73588	890	0.07408579
73588	922	0.07408579
73588	1869	0.07408579
73588	2138	0.07408579
73588	3971	0.07408579
73588	5218	0.07408579
73588	5886	0.07408579
73588	6123	0.07408579
73622	3830	0.10951019
73622	5454	0.10951019
73622	6674	0.10951019
73622	1806	0.10951018
73622	3112	0.10951018
73622	3493	0.10951018
73622	3866	0.10951018
73622	4595	0.10951018
73622	4723	0.10951018
73622	5115	0.10951018
73651	598	0.08294016
73651	1875	0.082940154
73651	902	0.08294015
73651	1949	0.08294015
73651	4103	0.08087888
73651	5731	0.08087888
73651	2209	0.080878876
73651	605	0.08087887
73651	1258	0.08087887
73651	1459	0.08087887
73681	1419	0.07756681
73681	4605	0.07590476
73681	128	0.074297056
73681	3211	0.074297056
73681	6138	0.074297056
73681	2560	0.07429704
73681	6746	0.07429704
73681	6498	0.07429703
73681	6293	0.074297026
73681	6918	0.074297026
73741	3971	0.14081943
73741	6912	0.14081943
73741	890	0.14081942
73741	41	0.1408194
73741	124	0.1408194
73741	387	0.1408194
73741	579	0.1408194
73741	775	0.1408194
73741	810	0.1408194
73741	832	0.1408194
73795	4103	0.088320106
73795	5731	0.088320106
73795	920	0.0883201
73795	605	0.08832009
73795	1258	0.08832009
73795	1388	0.08832009
73795	1459	0.08832009
73795	1621	0.08832009
73795	2209	0.08832009
73795	2320	0.08832009
73837	1869	0.11749902
73837	2138	0.11749902
73837	3971	0.11749902
73837	5031	0.11749902
73837	3616	0.117499016
73837	41	0.11749901
73837	124	0.11749901
73837	387	0.11749901
73837	890	0.11749901
73837	997	0.11749901
73923	660	0.16419348
73923	3179	0.16419348
73923	3597	0.16419348
73923	1423	0.16419345
73923	354	0.16058004
73923	3866	0.16047342
73923	5454	0.16047342
73923	3853	0.1604734
73923	4727	0.1604734
73923	5312	0.1604734
74026	387	0.15125287
74026	1869	0.15125287
74026	3616	0.15125287
74026	3971	0.15125287
74026	41	0.15125285
74026	124	0.15125285
74026	2121	0.15125285
74026	2138	0.15125285
74026	2364	0.15125285
74026	5886	0.15125285
74056	5864	0.1510867
74056	247	0.15108669
74056	2419	0.15108669
74056	3230	0.15108669
74056	4673	0.15108669
74056	5041	0.15108669
74056	6231	0.15108669
74056	2783	0.15108667
74056	3585	0.15108667
74056	3870	0.15108667
74093	3971	0.10748165
74093	387	0.10748164
74093	478	0.10748164
74093	890	0.10748164
74093	1856	0.10748164
74093	1862	0.10748164
74093	1869	0.10748164
74093	2138	0.10748164
74093	3452	0.10748164
74093	3616	0.10748164
74106	5031	0.104312226
74106	890	0.10431221
74106	997	0.10431221
74106	1856	0.10431221
74106	1869	0.10431221
74106	3559	0.10431221
74106	3965	0.10431221
74106	3971	0.10431221
74106	4226	0.10431221
74106	5886	0.10431221
74175	4595	0.06454817
74175	5454	0.06454817
74175	6310	0.06454817
74175	6674	0.06454817
74175	533	0.064548165
74175	1745	0.064548165
74175	2220	0.064548165
74175	2304	0.064548165
74175	3112	0.064548165
74175	3210	0.064548165
74185	4891	0.085941896
74185	2927	0.08478425
74185	1151	0.08467588
74185	2155	0.08467588
74185	425	0.083399385
74185	5355	0.08339935
74185	1524	0.083399326
74185	3776	0.083399326
74185	5859	0.08339932
74185	91	0.08339931
74274	3425	0.089207985
74274	1918	0.08920798
74274	399	0.08920796
74274	565	0.08920796
74274	2581	0.08920796
74274	4899	0.08920796
74274	5330	0.08920796
74274	5364	0.08920796
74274	6025	0.08920796
74274	3791	0.089207955
74286	1199	0.12662934
74286	687	0.12662932
74286	1041	0.1266293
74286	1227	0.1266293
74286	3401	0.12662928
74286	5731	0.12409221
74286	1621	0.12409219
74286	1848	0.12409219
74286	4103	0.12409219
74286	6149	0.12409219
74328	3616	0.0690862
74328	215	0.069086194
74328	478	0.069086194
74328	1869	0.069086194
74328	2138	0.069086194
74328	2364	0.069086194
74328	3059	0.069086194
74328	3559	0.069086194
74328	3750	0.069086194
74328	4076	0.069086194
74356	5033	0.0871562
74356	6810	0.0871562
74356	520	0.08715619
74356	5653	0.08715619
74356	6147	0.08715619
74356	6370	0.08641811
74356	3870	0.08505519
74356	884	0.08505518
74356	4080	0.08505518
74356	2419	0.08505517
74453	1177	0.159913
74453	591	0.15991297
74453	1221	0.15991297
74453	3263	0.15991297
74453	3511	0.15991297
74453	3761	0.15991297
74453	4806	0.15991297
74453	5691	0.15991297
74453	6318	0.15991297
74453	6530	0.15991297
74487	5968	0.09715477
74487	6093	0.09715477
74487	6004	0.09715474
74487	6245	0.09715474
74487	3876	0.09715473
74487	3637	0.097154714
74487	2557	0.09715471
74487	1223	0.0971547
74487	1498	0.0971547
74487	1256	0.09706232
74493	5835	0.118877545
74493	6428	0.11887753
74493	3445	0.118877515
74493	6333	0.11887751
74493	2276	0.1188775
74493	3507	0.1188775
74493	3808	0.1188775
74493	4495	0.1188775
74493	6869	0.1188775
74493	2383	0.11887749
74571	1869	0.08901435
74571	3971	0.08901435
74571	4076	0.089014344
74571	41	0.08901434
74571	579	0.08901434
74571	775	0.08901434
74571	986	0.08901434
74571	997	0.08901434
74571	1229	0.08901434
74571	1455	0.08901434
74630	387	0.107914
74630	1869	0.107914
74630	3559	0.107914
74630	3971	0.107914
74630	579	0.10791399
74630	890	0.10791399
74630	3616	0.10791399
74630	5031	0.10791399
74630	5886	0.10791399
74630	6912	0.10791399
74665	152	0.10058351
74665	1892	0.1005835
74665	869	0.10058349
74665	1457	0.10058349
74665	1598	0.10058349
74665	1679	0.10058349
74665	1957	0.10058349
74665	4233	0.10058349
74665	6747	0.10058349
74665	32	0.100583486
74687	4813	0.10192838
74687	4984	0.10192838
74687	3868	0.101928376
74687	5106	0.101928376
74687	80	0.10192837
74687	3644	0.10192837
74687	5151	0.10192837
74687	6909	0.10192837
74687	1997	0.10192836
74687	4775	0.10192836
74689	3971	0.101197734
74689	890	0.10119773
74689	6912	0.10119773
74689	41	0.10119772
74689	387	0.10119772
74689	1194	0.10119772
74689	1340	0.10119772
74689	1415	0.10119772
74689	1869	0.10119772
74689	2138	0.10119772
74691	5886	0.1187054
74691	6123	0.1187054
74691	387	0.11870539
74691	890	0.11870539
74691	901	0.11870539
74691	1869	0.11870539
74691	2037	0.11870539
74691	2121	0.11870539
74691	2138	0.11870539
74691	3059	0.11870539
74743	1567	0.072882354
74743	5869	0.072882354
74743	711	0.07288234
74743	2653	0.07288234
74743	3289	0.07288234
74743	4903	0.07288234
74743	4906	0.07288234
74743	5335	0.07288234
74743	248	0.07288233
74743	1349	0.07288233
74758	3218	0.1377139
74758	5269	0.13771385
74758	4984	0.13717328
74758	3644	0.13717327
74758	4813	0.13717327
74758	80	0.13717324
74758	1997	0.13717324
74758	2098	0.13717324
74758	2647	0.13717324
74758	3271	0.13717324
74833	5454	0.10331347
74833	3418	0.10331346
74833	3853	0.10331346
74833	3866	0.10331346
74833	4563	0.10331346
74833	5115	0.10331346
74833	6643	0.10331346
74833	6674	0.10331346
74833	1739	0.10331345
74833	2220	0.10331345
74849	3937	0.10524179
74849	3018	0.10524178
74849	102	0.105241776
74849	471	0.105241776
74849	1285	0.105241776
74849	3491	0.105241776
74849	4065	0.105241776
74849	5310	0.105241776
74849	5703	0.105241776
74849	5821	0.105241776
74911	3971	0.09761672
74911	5031	0.09761671
74911	49	0.0976167
74911	387	0.0976167
74911	478	0.0976167
74911	890	0.0976167
74911	1146	0.0976167
74911	1415	0.0976167
74911	1552	0.0976167
74911	1749	0.0976167
75013	6674	0.088610105
75013	3210	0.0886101
75013	3853	0.0886101
75013	3866	0.0886101
75013	3980	0.0886101
75013	4241	0.0886101
75013	4727	0.0886101
75013	5115	0.0886101
75013	5454	0.0886101
75013	6310	0.0886101
75028	1869	0.09323019
75028	3971	0.09323019
75028	4076	0.09323019
75028	6123	0.09323019
75028	2138	0.09323018
75028	3616	0.09323018
75028	5886	0.09323018
75028	41	0.09323017
75028	49	0.09323017
75028	376	0.09323017
75081	4856	0.098887935
75081	482	0.09888792
75081	2457	0.09888792
75081	6851	0.09888792
75081	4382	0.09888791
75081	2685	0.098887905
75081	2988	0.098887905
75081	5315	0.098887905
75081	1394	0.09888789
75081	4007	0.09888789
75089	6123	0.10623269
75089	3971	0.10623268
75089	6912	0.10623268
75089	24	0.10623267
75089	387	0.10623267
75089	597	0.10623267
75089	890	0.10623267
75089	922	0.10623267
75089	997	0.10623267
75089	1146	0.10623267
75115	890	0.1138449
75115	2713	0.1138449
75115	3897	0.1138449
75115	3971	0.1138449
75115	4076	0.1138449
75115	478	0.113844894
75115	1146	0.113844894
75115	5381	0.113844894
75115	5886	0.113844894
75115	6123	0.113844894
75119	3321	0.11119728
75119	6435	0.11119728
75119	3991	0.11119727
75119	1218	0.11119725
75119	3447	0.11119725
75119	3469	0.11119724
75119	3982	0.11119724
75119	5031	0.11118691
75119	3971	0.1111869
75119	842	0.11118689
75149	4806	0.10617807
75149	1177	0.10617806
75149	5085	0.10617806
75149	6762	0.10617806
75149	6530	0.10617805
75149	1221	0.106178045
75149	1233	0.106178045
75149	2737	0.106178045
75149	3118	0.106178045
75149	4324	0.106178045
75330	4103	0.102020875
75330	5731	0.10202086
75330	4703	0.10202085
75330	605	0.102020845
75330	1258	0.102020845
75330	1887	0.102020845
75330	2014	0.102020845
75330	2209	0.102020845
75330	2485	0.102020845
75330	3610	0.102020845
75429	4176	0.09812399
75429	668	0.098123975
75429	231	0.09812397
75429	1619	0.09812397
75429	5197	0.09812397
75429	6840	0.09812397
75429	6216	0.09812396
75429	1022	0.09812395
75429	1034	0.09812395
75429	2409	0.09812395
75485	1869	0.12116885
75485	1856	0.121168844
75485	5886	0.121168844
75485	478	0.12116884
75485	3897	0.12116884
75485	387	0.12116883
75485	890	0.12116883
75485	997	0.12116883
75485	2728	0.12116883
75485	3616	0.12116883
75491	1157	0.11323689
75491	5771	0.113236874
75491	45	0.113236845
75491	4176	0.110316955
75491	231	0.11031695
75491	668	0.11031695
75491	6840	0.11031695
75491	1619	0.11031693
75491	5197	0.11031693
75491	1022	0.110316925
75551	1038	0.08909115
75551	3395	0.08909115
75551	3915	0.08909115
75551	4982	0.08909115
75551	5104	0.08909115
75551	6262	0.08909115
75551	6386	0.08909115
75551	3173	0.08909114
75551	4478	0.08909114
75551	5385	0.08909114
75701	387	0.13919502
75701	5031	0.13919502
75701	49	0.13919501
75701	645	0.13919501
75701	1552	0.13919501
75701	1869	0.13919501
75701	2364	0.13919501
75701	5886	0.13919501
75701	24	0.139195
75701	41	0.139195
75762	3700	0.13576674
75762	3853	0.13576674
75762	4595	0.13576674
75762	6643	0.13576674
75762	6768	0.13576674
75762	1745	0.13576673
75762	3112	0.13576673
75762	3210	0.13576673
75762	3830	0.13576673
75762	3866	0.13576673
75777	997	0.108202726
75777	1869	0.108202726
75777	2138	0.108202726
75777	3616	0.108202726
75777	3971	0.108202726
75777	2364	0.10820272
75777	2728	0.10820272
75777	3305	0.10820272
75777	5031	0.10820272
75777	5886	0.10820272
75787	5121	0.082889244
75787	801	0.08288924
75787	2305	0.08288924
75787	3120	0.08288924
75787	4151	0.08288924
75787	4342	0.08288924
75787	5339	0.08288924
75787	6222	0.08288924
75787	349	0.08288923
75787	400	0.08288923
75809	852	0.09937742
75809	4254	0.09937741
75809	6772	0.09937741
75809	2313	0.0993774
75809	4892	0.09937739
75809	5907	0.09937739
75809	2948	0.099377386
75809	3993	0.099377386
75809	2036	0.09937738
75809	2448	0.09937738
75819	1869	0.103430524
75819	3616	0.103430524
75819	3971	0.103430524
75819	387	0.10343052
75819	2138	0.10343052
75819	6123	0.10343052
75819	41	0.10343051
75819	832	0.10343051
75819	842	0.10343051
75819	890	0.10343051
75860	890	0.1431289
75860	1869	0.1431289
75860	5031	0.1431289
75860	6123	0.1431289
75860	387	0.14312889
75860	404	0.14312889
75860	478	0.14312889
75860	579	0.14312889
75860	645	0.14312889
75860	901	0.14312889
76001	3971	0.0886214
76001	5886	0.0886214
76001	997	0.08862139
76001	1869	0.08862139
76001	2138	0.08862139
76001	5031	0.08862139
76001	6912	0.08862139
76001	124	0.088621385
76001	890	0.088621385
76001	1594	0.088621385
76019	1869	0.1270401
76019	3971	0.1270401
76019	387	0.12704009
76019	832	0.12704009
76019	1340	0.12704009
76019	2103	0.12704009
76019	2138	0.12704009
76019	2806	0.12704009
76019	3452	0.12704009
76019	3965	0.12704009
76102	2492	0.1306304
76102	3844	0.1306304
76102	4924	0.1306304
76102	972	0.13063037
76102	6116	0.13063037
76102	6219	0.13063036
76102	1860	0.13063034
76102	5927	0.13063034
76102	6793	0.13063034
76102	5378	0.13063033
76105	3971	0.14509585
76105	4076	0.14509585
76105	6912	0.14509585
76105	890	0.14509584
76105	997	0.14509584
76105	1194	0.14509584
76105	2138	0.14509584
76105	5031	0.14509584
76105	5886	0.14509584
76105	6123	0.14509584
76151	1950	0.20024195
76151	4371	0.20024191
76151	5529	0.20024186
76151	3560	0.19791815
76151	3694	0.19791815
76151	4885	0.19791813
76151	1363	0.19791812
76151	2595	0.19791812
76151	3510	0.19791812
76151	4224	0.19791812
76168	890	0.11326359
76168	5886	0.11326359
76168	124	0.11326358
76168	387	0.11326358
76168	922	0.11326358
76168	1058	0.11326358
76168	1146	0.11326358
76168	1856	0.11326358
76168	2728	0.11326358
76168	3616	0.11326358
76173	3870	0.08985071
76173	2419	0.0898507
76173	4080	0.0898507
76173	884	0.089850694
76173	2548	0.089850694
76173	2783	0.089850694
76173	3585	0.089850694
76173	3606	0.089850694
76173	4673	0.089850694
76173	4938	0.089850694
76218	3971	0.084376365
76218	5886	0.08437636
76218	124	0.08437635
76218	273	0.08437635
76218	387	0.08437635
76218	832	0.08437635
76218	890	0.08437635
76218	1058	0.08437635
76218	1094	0.08437635
76218	1869	0.08437635
76223	4387	0.13192542
76223	1610	0.1319254
76223	2986	0.1319254
76223	626	0.13192539
76223	525	0.13192537
76223	990	0.13192537
76223	2283	0.13192537
76223	2300	0.13192537
76223	3228	0.13192537
76223	3929	0.13192537
76351	1177	0.1406364
76351	531	0.14063638
76351	1221	0.14063638
76351	2241	0.14063638
76351	3118	0.14063638
76351	3761	0.14063638
76351	5691	0.14063638
76351	6318	0.14063638
76351	6762	0.14063638
76351	2116	0.14063637
76352	890	0.12573162
76352	3971	0.12573162
76352	387	0.1257316
76352	810	0.1257316
76352	832	0.1257316
76352	986	0.1257316
76352	1094	0.1257316
76352	1869	0.1257316
76352	2121	0.1257316
76352	2138	0.1257316
76482	1177	0.097137764
76482	4806	0.09713776
76482	6762	0.09713776
76482	6897	0.09713776
76482	6530	0.09713775
76482	589	0.09713774
76482	2241	0.09713774
76482	3263	0.09713774
76482	4133	0.09713774
76482	4299	0.09713774
76483	4103	0.12306946
76483	5731	0.12306946
76483	2450	0.12306945
76483	3657	0.12306945
76483	6149	0.12306945
76483	1848	0.12306944
76483	5376	0.12306944
76483	651	0.123069435
76483	2209	0.123069435
76483	4703	0.123069435
76530	387	0.17312482
76530	5886	0.1731248
76530	41	0.17312479
76530	124	0.17312479
76530	890	0.17312479
76530	922	0.17312479
76530	1058	0.17312479
76530	1146	0.17312479
76530	2742	0.17312479
76530	3897	0.17312479
76532	2503	0.1026064
76532	4740	0.1026064
76532	5914	0.1026064
76532	6312	0.1026064
76532	6396	0.10260639
76532	1024	0.102606386
76532	1155	0.102606386
76532	3677	0.102606386
76532	4431	0.102606386
76532	4738	0.102606386
76576	4625	0.09409019
76576	1732	0.09409016
76576	3152	0.09409015
76576	2316	0.093016885
76576	4741	0.09301686
76576	6094	0.09301686
76576	6409	0.09301686
76576	3449	0.09301685
76576	3991	0.09268876
76576	6435	0.092688754
76710	4717	0.08131369
76710	3732	0.08131367
76710	4342	0.08125133
76710	686	0.08125132
76710	801	0.08125132
76710	2126	0.08125132
76710	2145	0.08125132
76710	2916	0.08125132
76710	3120	0.08125132
76710	3187	0.08125132
76741	6674	0.112739995
76741	6310	0.11273999
76741	533	0.11273998
76741	3210	0.11273998
76741	3700	0.11273998
76741	3866	0.11273998
76741	4595	0.11273998
76741	5454	0.11273998
76741	6643	0.11273998
76741	3853	0.11273997
76803	1389	0.11493477
76803	4151	0.11493477
76803	6222	0.11493477
76803	400	0.114934765
76803	3785	0.114934765
76803	5121	0.114934765
76803	686	0.11493476
76803	801	0.11493476
76803	1087	0.11493476
76803	2126	0.11493476
76812	6082	0.080219716
76812	2910	0.08021971
76812	2975	0.0802197
76812	1745	0.08019677
76812	5115	0.08019677
76812	5454	0.08019677
76812	6043	0.08019677
76812	6674	0.08019677
76812	533	0.08019676
76812	3210	0.08019676
76815	3971	0.10385829
76815	49	0.10385828
76815	387	0.10385828
76815	890	0.10385828
76815	1869	0.10385828
76815	5031	0.10385828
76815	6123	0.10385828
76815	6912	0.10385828
76815	124	0.10385827
76815	579	0.10385827
76818	1869	0.13073996
76818	3971	0.13073994
76818	387	0.13073993
76818	579	0.13073993
76818	1229	0.13073993
76818	2138	0.13073993
76818	2646	0.13073993
76818	3616	0.13073993
76818	5031	0.13073993
76818	5896	0.13073993
76873	594	0.08468181
76873	2953	0.084681794
76873	3131	0.0839513
76873	3827	0.083951294
76873	2654	0.08323197
76873	5320	0.08323197
76873	2104	0.083231956
76873	6518	0.083231956
76873	1274	0.08323195
76873	1556	0.08323195
76888	80	0.11319226
76888	3868	0.11319226
76888	4813	0.11319226
76888	4984	0.11319226
76888	5106	0.11319226
76888	3644	0.11319225
76888	1997	0.113192245
76888	3890	0.113192245
76888	6909	0.113192245
76888	821	0.11319224
76942	1869	0.10797742
76942	2138	0.10797742
76942	3971	0.10797742
76942	6507	0.10797742
76942	775	0.10797741
76942	2087	0.10797741
76942	2121	0.10797741
76942	2364	0.10797741
76942	3059	0.10797741
76942	6123	0.10797741
76976	3971	0.118777476
76976	890	0.11877747
76976	997	0.11877747
76976	1869	0.11877747
76976	2138	0.11877747
76976	3616	0.11877747
76976	5886	0.11877747
76976	6912	0.11877747
76976	387	0.11877746
76976	645	0.11877746
77039	387	0.0946483
77039	2121	0.0946483
77039	4076	0.0946483
77039	5031	0.0946483
77039	6123	0.0946483
77039	890	0.094648294
77039	997	0.094648294
77039	1415	0.094648294
77039	1455	0.094648294
77039	1869	0.094648294
77052	1092	0.0905323
77052	6364	0.0905323
77052	511	0.090532295
77052	3526	0.090532295
77052	4557	0.09053229
77052	4905	0.09053229
77052	5288	0.09053229
77052	5998	0.09053229
77052	6880	0.09053229
77052	1644	0.09053228
77181	3971	0.10970494
77181	5031	0.109704934
77181	1869	0.10970493
77181	3616	0.10970493
77181	3965	0.10970493
77181	5886	0.10970493
77181	6912	0.10970493
77181	24	0.10970492
77181	645	0.10970492
77181	890	0.10970492
77261	425	0.063402206
77261	5355	0.063402176
77261	91	0.06340217
77261	1185	0.06340217
77261	1524	0.06340217
77261	3776	0.06340216
77261	4032	0.06340216
77261	4469	0.06340216
77261	5321	0.06340216
77261	5304	0.063402146
77273	3971	0.109306835
77273	1869	0.10930682
77273	2138	0.10930681
77273	2364	0.10930681
77273	3616	0.10930681
77273	5886	0.10930681
77273	6912	0.10930681
77273	3750	0.109306805
77273	4076	0.109306805
77273	5896	0.109306805
77307	478	0.10354728
77307	645	0.10354728
77307	901	0.10354728
77307	3971	0.10354728
77307	215	0.103547275
77307	387	0.103547275
77307	922	0.103547275
77307	1869	0.103547275
77307	2138	0.103547275
77307	3616	0.103547275
77359	6123	0.098904245
77359	478	0.09890424
77359	997	0.09890424
77359	1194	0.09890424
77359	1340	0.09890424
77359	1856	0.09890424
77359	1869	0.09890424
77359	2364	0.09890424
77359	3527	0.09890424
77359	3897	0.09890424
77383	5718	0.11002086
77383	1741	0.110020846
77383	2446	0.110020846
77383	5986	0.110020846
77383	6332	0.110020824
77383	4806	0.10965307
77383	1177	0.109653056
77383	2737	0.10965305
77383	6530	0.10965305
77383	3263	0.10965304
77480	3437	0.13855171
77480	2314	0.13855168
77480	5007	0.13855168
77480	1975	0.13855167
77480	5148	0.13855167
77480	6311	0.13855167
77480	5757	0.13855162
77480	4740	0.13782507
77480	5599	0.13782504
77480	6396	0.13782504
77491	4856	0.10719478
77491	6851	0.10719478
77491	2457	0.107194774
77491	4007	0.10719477
77491	4382	0.10719476
77491	4986	0.10719476
77491	482	0.10719475
77491	2685	0.10719475
77491	2988	0.10719475
77491	5315	0.10719475
77499	6216	0.12887095
77499	231	0.12887093
77499	851	0.12887093
77499	4176	0.12887093
77499	5197	0.12887093
77499	6840	0.12887093
77499	668	0.12887092
77499	1022	0.12887092
77499	1619	0.12887092
77499	1723	0.12887092
77517	1892	0.083489284
77517	1937	0.083489284
77517	152	0.08348927
77517	1598	0.08348927
77517	1679	0.08348927
77517	2117	0.08348927
77517	6747	0.08348927
77517	6080	0.08348926
77517	869	0.083489254
77517	975	0.083489254
77585	111	0.072054476
77585	4692	0.072054476
77585	5695	0.072054476
77585	5890	0.072054476
77585	1793	0.07205447
77585	4729	0.07205447
77585	1075	0.07205446
77585	1537	0.07205446
77585	3198	0.07205446
77585	4309	0.07205446
77724	997	0.18043706
77724	6123	0.18043706
77724	5886	0.18043704
77724	41	0.18043703
77724	124	0.18043703
77724	266	0.18043703
77724	376	0.18043703
77724	387	0.18043703
77724	597	0.18043703
77724	642	0.18043703
77772	124	0.100534156
77772	890	0.100534156
77772	1146	0.100534156
77772	1869	0.100534156
77772	3971	0.100534156
77772	5031	0.100534156
77772	41	0.10053415
77772	1229	0.10053415
77772	5886	0.10053415
77772	6912	0.10053415
77809	4241	0.13501093
77809	4273	0.13501093
77809	5115	0.13501093
77809	6674	0.13501093
77809	533	0.13501091
77809	2363	0.13501091
77809	3112	0.13501091
77809	3830	0.13501091
77809	3853	0.13501091
77809	4727	0.13501091
77816	4151	0.0885797
77816	3187	0.08857969
77816	5121	0.08857969
77816	99	0.088579684
77816	686	0.088579684
77816	1087	0.088579684
77816	1650	0.088579684
77816	2180	0.088579684
77816	2305	0.088579684
77816	5019	0.088579684
77860	4838	0.11530004
77860	548	0.1153
77860	6003	0.1153
77860	6294	0.1153
77860	6402	0.1153
77860	6678	0.11529999
77860	522	0.115299985
77860	6484	0.115299985
77860	963	0.11529998
77860	1427	0.11529997
77868	3694	0.103598714
77868	4224	0.10359871
77868	1413	0.1035987
77868	2360	0.1035987
77868	2382	0.1035987
77868	3560	0.1035987
77868	3658	0.1035987
77868	4817	0.1035987
77868	4885	0.1035987
77868	5411	0.1035987
77940	5031	0.12150853
77940	645	0.121508524
77940	890	0.121508524
77940	901	0.121508524
77940	3616	0.121508524
77940	1869	0.12150852
77940	2121	0.12150852
77940	3971	0.12150852
77940	5886	0.12150852
77940	6123	0.12150852
77960	3971	0.12216086
77960	4076	0.12216085
77960	6123	0.12216085
77960	1869	0.122160845
77960	41	0.12216084
77960	387	0.12216084
77960	478	0.12216084
77960	890	0.12216084
77960	997	0.12216084
77960	1194	0.12216084
78007	387	0.08086182
78007	478	0.08086182
78007	890	0.08086182
78007	1415	0.08086182
78007	1869	0.08086182
78007	3971	0.08086182
78007	4076	0.08086182
78007	4323	0.08086182
78007	5218	0.08086182
78007	6123	0.08086182
78015	49	0.13984826
78015	376	0.13984826
78015	387	0.13984826
78015	832	0.13984826
78015	890	0.13984826
78015	922	0.13984826
78015	986	0.13984826
78015	997	0.13984826
78015	1062	0.13984826
78015	1194	0.13984826
78229	387	0.12340742
78229	890	0.12340742
78229	5031	0.12340742
78229	5886	0.12340742
78229	579	0.123407416
78229	645	0.123407416
78229	1869	0.123407416
78229	3971	0.123407416
78229	24	0.12340741
78229	124	0.12340741
78328	4103	0.13804047
78328	5731	0.13804047
78328	920	0.13804045
78328	1848	0.13804045
78328	2287	0.13804045
78328	1621	0.13804044
78328	2014	0.13804044
78328	2320	0.13804044
78328	4496	0.13804044
78328	5176	0.13804044
78440	2492	0.10810799
78440	3844	0.108107984
78440	6116	0.108107984
78440	4924	0.10810798
78440	6219	0.10810797
78440	972	0.10810796
78440	6793	0.10810796
78440	1860	0.10810794
78440	5927	0.10810794
78440	3285	0.10810793
78448	6435	0.09706926
78448	3991	0.097069256
78448	3321	0.09706925
78448	1218	0.09706924
78448	3447	0.09706924
78448	3982	0.097069226
78448	3469	0.09706922
78448	890	0.09421072
78448	1146	0.09421072
78448	4076	0.09421072
78471	2022	0.08760214
78471	2936	0.08760214
78471	3121	0.08760214
78471	4671	0.08760214
78471	6075	0.08760214
78471	551	0.08760213
78471	667	0.08760213
78471	2197	0.08760213
78471	191	0.08760212
78471	570	0.08760212
78496	2653	0.11375039
78496	248	0.11375038
78496	1567	0.11375038
78496	3289	0.11375038
78496	4903	0.11375038
78496	5869	0.11375038
78496	711	0.113750376
78496	3359	0.113750376
78496	4493	0.113750376
78496	5335	0.113750376
78545	5914	0.10868665
78545	4740	0.10868664
78545	4738	0.10868663
78545	6396	0.10868663
78545	1024	0.108686626
78545	1155	0.108686626
78545	6312	0.108686626
78545	3677	0.10868662
78545	4444	0.10868662
78545	5534	0.10868662
78564	890	0.09782116
78564	3971	0.09782116
78564	4076	0.09782116
78564	6123	0.09782116
78564	387	0.09782115
78564	4323	0.09782115
78564	6507	0.09782115
78564	6912	0.09782115
78564	41	0.097821146
78564	538	0.097821146
78573	1869	0.072639436
78573	2138	0.072639436
78573	3971	0.072639436
78573	579	0.07263943
78573	6123	0.07263943
78573	6915	0.07263943
78573	24	0.07263942
78573	49	0.07263942
78573	387	0.07263942
78573	478	0.07263942
78589	425	0.09620918
78589	5304	0.09620914
78589	91	0.096209124
78589	1524	0.09620912
78589	5355	0.09620912
78589	1185	0.09620911
78589	3776	0.09620911
78589	4032	0.09620911
78589	4469	0.09620911
78589	5321	0.09620911
78719	3971	0.14049716
78719	1194	0.14049715
78719	1455	0.14049715
78719	1869	0.14049715
78719	2138	0.14049715
78719	3965	0.14049715
78719	4323	0.14049715
78719	5886	0.14049715
78719	6123	0.14049715
78719	6912	0.14049715
78778	962	0.09171334
78778	1567	0.091341704
78778	4493	0.0913417
78778	4906	0.0913417
78778	5335	0.0913417
78778	5869	0.0913417
78778	655	0.09134169
78778	2207	0.09134169
78778	3359	0.09134169
78778	3361	0.09134169
78783	6747	0.07996624
78783	152	0.07996623
78783	1892	0.07996623
78783	3216	0.07996623
78783	4233	0.07996623
78783	1457	0.079966225
78783	1598	0.079966225
78783	1750	0.079966225
78783	1937	0.079966225
78783	2169	0.079966225
78834	2661	0.18087909
78834	4756	0.17949186
78834	2701	0.17949185
78834	3380	0.17949185
78834	6032	0.17949185
78834	6284	0.17949185
78834	3408	0.17949183
78834	3654	0.17949183
78834	4957	0.17949183
78834	6745	0.17949183
78841	4885	0.099339925
78841	3694	0.09933991
78841	489	0.0993399
78841	729	0.0993399
78841	854	0.0993399
78841	1080	0.0993399
78841	1514	0.0993399
78841	1902	0.0993399
78841	2360	0.0993399
78841	2382	0.0993399
78846	49	0.12724607
78846	3971	0.12724607
78846	6123	0.12724607
78846	41	0.12724605
78846	124	0.12724605
78846	387	0.12724605
78846	478	0.12724605
78846	922	0.12724605
78846	997	0.12724605
78846	1194	0.12724605
78901	89	0.112731576
78901	6559	0.11263807
78901	5059	0.11263805
78901	511	0.11257311
78901	6593	0.1125731
78901	3526	0.112573095
78901	5288	0.112573095
78901	245	0.11257309
78901	617	0.11257309
78901	2785	0.11257309
79009	244	0.12029626
79009	149	0.12029624
79009	582	0.12029624
79009	6265	0.12029624
79009	961	0.12029623
79009	3385	0.12029623
79009	4045	0.12029623
79009	4599	0.12029623
79009	4255	0.12029622
79009	632	0.12029621
79055	1869	0.10116395
79055	2138	0.10116395
79055	3971	0.10116395
79055	5886	0.10116395
79055	6912	0.10116395
79055	628	0.101163946
79055	775	0.101163946
79055	4076	0.101163946
79055	6123	0.101163946
79055	24	0.10116394
79089	6082	0.08914681
79089	2910	0.08914678
79089	2975	0.08914678
79089	2922	0.0891072
79089	3418	0.0891072
79089	3866	0.0891072
79089	5454	0.0891072
79089	5729	0.0891072
79089	533	0.08910719
79089	2569	0.08910719
79172	1869	0.09624061
79172	3616	0.09624061
79172	5031	0.09624061
79172	5886	0.09624061
79172	890	0.0962406
79172	901	0.0962406
79172	3559	0.0962406
79172	24	0.096240595
79172	41	0.096240595
79172	215	0.096240595
79182	1869	0.116567366
79182	2138	0.116567366
79182	6123	0.116567366
79182	579	0.11656736
79182	597	0.11656736
79182	997	0.11656736
79182	3616	0.11656736
79182	3971	0.11656736
79182	5031	0.11656736
79182	5716	0.11656736
79186	4065	0.09190022
79186	5821	0.09190022
79186	2428	0.091900215
79186	3018	0.091900215
79186	3937	0.091900215
79186	5414	0.091900215
79186	5703	0.091900215
79186	6608	0.091900215
79186	6418	0.09190021
79186	1575	0.0919002
79215	387	0.101013616
79215	3971	0.10101361
79215	49	0.1010136
79215	1869	0.1010136
79215	2121	0.1010136
79215	3059	0.1010136
79215	5886	0.1010136
79215	6123	0.1010136
79215	922	0.10101359
79215	997	0.10101359
79266	6265	0.17119634
79266	244	0.17119633
79266	632	0.17119631
79266	582	0.1711963
79266	4045	0.1711963
79266	4599	0.1711963
79266	149	0.17119628
79266	961	0.17119628
79266	2962	0.17119628
79266	5437	0.17119628
79285	5331	0.11582847
79285	5672	0.11582845
79285	6756	0.11582844
79285	4488	0.11582842
79285	828	0.11582841
79285	4833	0.11582841
79285	5343	0.11582841
79285	6273	0.11582841
79285	4351	0.115828395
79285	3866	0.115783036
79366	4243	0.08308063
79366	5417	0.08308062
79366	1467	0.08308059
79366	2382	0.082676426
79366	3560	0.082676426
79366	4960	0.082676426
79366	1902	0.08267642
79366	3115	0.08267642
79366	4163	0.08267642
79366	5785	0.08267642
79556	660	0.1206302
79556	3597	0.12063019
79556	1423	0.120630175
79556	3179	0.120630175
79556	244	0.119861305
79556	6265	0.119861305
79556	582	0.11986129
79556	632	0.119861275
79556	4599	0.119861275
79556	149	0.11986127
79724	387	0.15568809
79724	922	0.15568809
79724	5031	0.15568809
79724	5886	0.15568809
79724	49	0.15568808
79724	124	0.15568808
79724	478	0.15568808
79724	645	0.15568808
79724	890	0.15568808
79724	997	0.15568808
79736	1869	0.109915406
79736	3616	0.109915406
79736	3971	0.109915406
79736	6912	0.109915406
79736	890	0.1099154
79736	2728	0.1099154
79736	41	0.10991539
79736	124	0.10991539
79736	215	0.10991539
79736	387	0.10991539
79740	4248	0.09305921
79740	392	0.092965126
79740	2342	0.09296511
79740	6537	0.09296511
79740	1868	0.09296509
79740	2888	0.09123381
79740	120	0.09077827
79740	5162	0.09077827
79740	1695	0.09077826
79740	1801	0.09077826
79747	3392	0.10171257
79747	5150	0.10171257
79747	999	0.101712555
79747	702	0.101712525
79747	6088	0.10171251
79747	2419	0.10149292
79747	884	0.10149291
79747	3606	0.10149291
79747	4673	0.10149291
79747	4938	0.10149291
79754	244	0.09334207
79754	6265	0.09334207
79754	4599	0.093342066
79754	149	0.09334206
79754	582	0.09334206
79754	632	0.09334205
79754	3385	0.09334205
79754	4045	0.09334205
79754	961	0.09334204
79754	2962	0.09334204
79923	4740	0.10580756
79923	6312	0.10580756
79923	2503	0.10580754
79923	4431	0.10580754
79923	5599	0.10580754
79923	5914	0.10580754
79923	2257	0.10580753
79923	6396	0.10580753
79923	1811	0.10580752
79923	3677	0.10580752
79942	2220	0.1217968
79942	3853	0.1217968
79942	3866	0.1217968
79942	4595	0.1217968
79942	6643	0.1217968
79942	533	0.121796794
79942	1324	0.121796794
79942	2304	0.121796794
79942	5683	0.121796794
79942	3091	0.12179679
79958	5919	0.0756281
79958	6886	0.075628094
79958	2651	0.07562809
79958	4121	0.07562808
79958	4173	0.07562807
79958	4384	0.07562807
79958	6000	0.07562807
79958	6103	0.07562807
79958	6463	0.07562807
79958	5835	0.075434834
79961	1806	0.113021135
79961	3700	0.113021135
79961	3418	0.11302113
79961	3866	0.11302113
79961	5115	0.11302113
79961	3112	0.11302112
79961	3493	0.11302112
79961	3630	0.11302112
79961	3853	0.11302112
79961	4241	0.11302112
79977	1092	0.11771707
79977	4557	0.11771705
79977	5288	0.11771705
79977	511	0.11771704
79977	3526	0.11771704
79977	4318	0.11771704
79977	6364	0.11771704
79977	6579	0.11771704
79977	6593	0.11771704
79977	6880	0.11771704
80036	890	0.07736177
80036	3971	0.07736177
80036	387	0.07736176
80036	1146	0.07736176
80036	1340	0.07736176
80036	1415	0.07736176
80036	2138	0.07736176
80036	2364	0.07736176
80036	3616	0.07736176
80036	4076	0.07736176
80071	4595	0.16251005
80071	533	0.16251004
80071	3418	0.16251004
80071	3700	0.16251004
80071	3853	0.16251004
80071	3866	0.16251004
80071	5115	0.16251004
80071	5454	0.16251004
80071	5688	0.16251004
80071	5729	0.16251004
80075	2230	0.08014054
80075	6396	0.07983525
80075	6312	0.07983524
80075	2503	0.079835236
80075	4431	0.079835236
80075	4444	0.079835236
80075	4738	0.079835236
80075	4740	0.079835236
80075	5599	0.079835236
80075	5914	0.079835236
80105	387	0.09251947
80105	997	0.09251947
80105	3971	0.09251947
80105	6912	0.09251947
80105	41	0.09251946
80105	124	0.09251946
80105	269	0.09251946
80105	478	0.09251946
80105	890	0.09251946
80105	922	0.09251946
80203	3971	0.13892783
80203	124	0.13892782
80203	387	0.13892782
80203	890	0.13892782
80203	1869	0.13892782
80203	2138	0.13892782
80203	3559	0.13892782
80203	5031	0.13892782
80203	5886	0.13892782
80203	922	0.1389278
80234	3799	0.092572026
80234	6244	0.09257202
80234	6322	0.09257202
80234	3562	0.09257201
80234	467	0.092572
80234	3384	0.092572
80234	3430	0.092572
80234	4338	0.092572
80234	2501	0.092571996
80234	6689	0.092571996
80266	4323	0.08586277
80266	5381	0.08586277
80266	5886	0.08586277
80266	1856	0.08586276
80266	1869	0.08586276
80266	4076	0.08586276
80266	41	0.085862756
80266	124	0.085862756
80266	387	0.085862756
80266	478	0.085862756
80323	2382	0.11438334
80323	3658	0.11438334
80323	4885	0.11438334
80323	854	0.11438333
80323	2360	0.11438333
80323	3115	0.11438333
80323	3434	0.11438333
80323	3510	0.11438333
80323	3694	0.11438333
80323	4224	0.11438333
80453	4838	0.13619119
80453	6003	0.13619116
80453	6402	0.13619116
80453	548	0.13619114
80453	963	0.13619114
80453	6484	0.13619114
80453	6678	0.13619114
80453	522	0.13619113
80453	1427	0.13619113
80453	6294	0.13619113
80516	1806	0.07439768
80516	2220	0.07439768
80516	3418	0.07439768
80516	3866	0.07439768
80516	5511	0.07439768
80516	6674	0.07439768
80516	6768	0.07439768
80516	528	0.074397676
80516	2304	0.074397676
80516	2363	0.074397676
80538	2701	0.13887367
80538	6120	0.13887365
80538	88	0.13887364
80538	3815	0.13887364
80538	4756	0.13887364
80538	6032	0.13887364
80538	6745	0.13887364
80538	3380	0.13887362
80538	5046	0.13887362
80538	3345	0.1388736
80555	1869	0.10112703
80555	3971	0.10112703
80555	124	0.10112702
80555	3616	0.10112701
80555	5886	0.10112701
80555	387	0.101127006
80555	890	0.101127006
80555	1403	0.101127006
80555	1455	0.101127006
80555	2138	0.101127006
80642	1258	0.10868074
80642	4103	0.10868074
80642	5731	0.10868074
80642	6279	0.10868074
80642	1848	0.10868073
80642	2450	0.10868073
80642	2939	0.10868073
80642	3983	0.10868073
80642	6465	0.10868073
80642	396	0.108680725
80661	4151	0.104528606
80661	1650	0.1045286
80661	3785	0.1045286
80661	5019	0.1045286
80661	1087	0.10452859
80661	1389	0.10452859
80661	2126	0.10452859
80661	3120	0.10452859
80661	3187	0.10452859
80661	5800	0.10452859
80683	3971	0.12135734
80683	2138	0.12135733
80683	6915	0.12135732
80683	24	0.12135731
80683	41	0.12135731
80683	243	0.12135731
80683	387	0.12135731
80683	890	0.12135731
80683	922	0.12135731
80683	1189	0.12135731
80684	1869	0.1025767
80684	3971	0.1025767
80684	6123	0.1025767
80684	387	0.102576695
80684	5886	0.102576695
80684	997	0.10257669
80684	1310	0.10257669
80684	2364	0.10257669
80684	3559	0.10257669
80684	3616	0.10257669
80690	387	0.13352343
80690	1869	0.13352343
80690	2121	0.13352343
80690	890	0.13352342
80690	2714	0.13352342
80690	2728	0.13352342
80690	3616	0.13352342
80690	3897	0.13352342
80690	3971	0.13352342
80690	4323	0.13352342
80810	511	0.112822086
80810	1092	0.11282208
80810	4557	0.11282207
80810	6364	0.11282207
80810	6880	0.11282206
80810	2643	0.112822056
80810	3526	0.112822056
80810	4128	0.112822056
80810	5288	0.112822056
80810	5998	0.112822056
80820	890	0.13647702
80820	1869	0.13647702
80820	3971	0.13647702
80820	5886	0.13647702
80820	49	0.13647701
80820	124	0.13647701
80820	387	0.13647701
80820	1194	0.13647701
80820	1340	0.13647701
80820	1455	0.13647701
80826	1567	0.14412999
80826	2653	0.14412999
80826	4906	0.14412999
80826	248	0.14412998
80826	1349	0.14412998
80826	4154	0.14412998
80826	4493	0.14412998
80826	5086	0.14412998
80826	655	0.14412996
80826	711	0.14412996
80837	2121	0.096852496
80837	2138	0.096852496
80837	3059	0.096852496
80837	890	0.09685249
80837	901	0.09685249
80837	1869	0.09685249
80837	3616	0.09685249
80837	3971	0.09685249
80837	4076	0.09685249
80837	6123	0.09685249
80929	5886	0.11040295
80929	387	0.11040294
80929	890	0.11040294
80929	997	0.11040294
80929	1146	0.11040294
80929	1869	0.11040294
80929	2121	0.11040294
80929	2364	0.11040294
80929	3971	0.11040294
80929	5031	0.11040294
80945	1393	0.13670307
80945	6123	0.13670307
80945	49	0.13670306
80945	41	0.13670304
80945	266	0.13670304
80945	376	0.13670304
80945	387	0.13670304
80945	478	0.13670304
80945	514	0.13670304
80945	579	0.13670304
80954	3146	0.08945922
80954	864	0.08945921
80954	3040	0.08945921
80954	4490	0.089459196
80954	5699	0.089459196
80954	6381	0.089459196
80954	6535	0.08945918
80954	5834	0.08945917
80954	6359	0.0888387
80954	2220	0.08876456
80996	1869	0.13327406
80996	41	0.13327405
80996	124	0.13327405
80996	215	0.13327405
80996	387	0.13327405
80996	642	0.13327405
80996	842	0.13327405
80996	890	0.13327405
80996	997	0.13327405
80996	1146	0.13327405
81015	4103	0.1157902
81015	5731	0.1157902
81015	2014	0.11579019
81015	3786	0.11579019
81015	6149	0.11579019
81015	1621	0.11579018
81015	3657	0.11579018
81015	3798	0.11579018
81015	4703	0.11579018
81015	398	0.11579017
81045	2017	0.12781888
81045	4004	0.12781888
81045	6152	0.12781888
81045	759	0.12781887
81045	2518	0.12781887
81045	3749	0.12781887
81045	4446	0.12781887
81045	5058	0.12781887
81045	6796	0.12781887
81045	30	0.12781885
81064	387	0.090868145
81064	775	0.090868145
81064	890	0.090868145
81064	1455	0.090868145
81064	1869	0.090868145
81064	2138	0.090868145
81064	3286	0.090868145
81064	3559	0.090868145
81064	3971	0.090868145
81064	4076	0.090868145
81088	1951	0.10826752
81088	3935	0.108267516
81088	1472	0.1082675
81088	3090	0.1082675
81088	3330	0.1082675
81088	3496	0.1082675
81088	4686	0.1082675
81088	5560	0.1082675
81088	2769	0.10826749
81088	3592	0.10826749
81121	3417	0.09228628
81121	5284	0.09228628
81121	6705	0.09228628
81121	286	0.092286274
81121	1697	0.092286274
81121	1968	0.092286274
81121	3473	0.092286274
81121	6742	0.09228627
81121	1256	0.09200509
81121	3560	0.09200509
81136	244	0.12525344
81136	6265	0.12525342
81136	582	0.12525341
81136	632	0.12525341
81136	149	0.1252534
81136	1442	0.1252534
81136	4599	0.1252534
81136	650	0.12525338
81136	961	0.12525338
81136	2962	0.12525338
81207	3525	0.060399882
81207	4378	0.06039987
81207	2006	0.060399868
81207	5566	0.060399868
81207	6865	0.060399868
81207	2686	0.06039986
81207	6108	0.06039986
81207	153	0.060399853
81207	415	0.060399853
81207	2408	0.060399853
81216	6310	0.1315309
81216	6674	0.1315309
81216	528	0.13153088
81216	533	0.13153088
81216	2304	0.13153088
81216	3091	0.13153088
81216	3112	0.13153088
81216	3210	0.13153088
81216	3418	0.13153088
81216	3700	0.13153088
81249	1092	0.1172288
81249	511	0.117228776
81249	4318	0.117228776
81249	4557	0.117228776
81249	5998	0.117228776
81249	4369	0.11722877
81249	6880	0.11722877
81249	3526	0.11722876
81249	4128	0.11722876
81249	4905	0.11722876
81263	3971	0.13598534
81263	5031	0.13598534
81263	3616	0.13598533
81263	5716	0.13598533
81263	5886	0.13598533
81263	6912	0.13598533
81263	24	0.13598531
81263	49	0.13598531
81263	387	0.13598531
81263	478	0.13598531
81274	401	0.10598163
81274	1806	0.10598163
81274	3112	0.10598163
81274	3866	0.10598163
81274	3830	0.105981626
81274	5454	0.105981626
81274	6643	0.105981626
81274	6674	0.105981626
81274	472	0.10598162
81274	2363	0.10598162
81298	5731	0.16253816
81298	3657	0.16253814
81298	1621	0.16253813
81298	4103	0.16253813
81298	1225	0.16253811
81298	1408	0.16253811
81298	1632	0.16253811
81298	1848	0.16253811
81298	2014	0.16253811
81298	2209	0.16253811
81303	2090	0.12138492
81303	2929	0.12138492
81303	4057	0.12138492
81303	506	0.12138491
81303	1609	0.12138491
81303	1764	0.12138491
81303	1995	0.12138491
81303	4695	0.12138491
81303	130	0.121384904
81303	172	0.121384904
81318	3929	0.081341244
81318	1610	0.08134124
81318	4387	0.08134124
81318	2986	0.08134123
81318	4143	0.08134123
81318	4482	0.08134123
81318	626	0.08134122
81318	990	0.08134122
81318	1184	0.08134122
81318	3819	0.08134122
81324	152	0.11490531
81324	1598	0.114905305
81324	1679	0.114905305
81324	1892	0.114905305
81324	4233	0.114905305
81324	869	0.1149053
81324	1937	0.1149053
81324	6367	0.1149053
81324	6747	0.1149053
81324	32	0.11490529
81333	1869	0.11931388
81333	4076	0.11931388
81333	3616	0.11931387
81333	5031	0.11931387
81333	49	0.119313866
81333	124	0.119313866
81333	387	0.119313866
81333	478	0.119313866
81333	579	0.119313866
81333	775	0.119313866
81368	2220	0.13219312
81368	3853	0.13219312
81368	3866	0.13219312
81368	4241	0.13219312
81368	5454	0.13219312
81368	6643	0.13219312
81368	401	0.1321931
81368	1739	0.1321931
81368	1806	0.1321931
81368	3112	0.1321931
81434	3418	0.10278083
81434	3853	0.10278083
81434	3866	0.10278082
81434	5115	0.10278082
81434	5454	0.10278082
81434	6674	0.10278082
81434	6768	0.10278082
81434	3493	0.10278081
81434	3700	0.10278081
81434	4241	0.10278081
81459	5033	0.119090974
81459	520	0.11909096
81459	6147	0.119090945
81459	6810	0.119090945
81459	5653	0.11909094
81459	6123	0.118600495
81459	890	0.11860049
81459	1146	0.11860049
81459	2356	0.11860049
81459	2364	0.11860049
81484	6423	0.093587786
81484	1301	0.093587756
81484	2843	0.093587756
81484	1567	0.09242752
81484	248	0.092427514
81484	3361	0.092427514
81484	4906	0.092427514
81484	711	0.09242751
81484	1349	0.09242751
81484	2653	0.09242751
81492	997	0.16729361
81492	5886	0.16729361
81492	1869	0.1672936
81492	3971	0.1672936
81492	5031	0.1672936
81492	6912	0.1672936
81492	24	0.16729358
81492	41	0.16729358
81492	266	0.16729358
81492	328	0.16729358
81578	711	0.07885128
81578	1567	0.07885128
81578	2653	0.07885128
81578	4903	0.07885128
81578	4906	0.07885128
81578	5869	0.07885128
81578	248	0.078851275
81578	4493	0.078851275
81578	5086	0.078851275
81578	5295	0.078851275
81597	1848	0.113414735
81597	4103	0.113414735
81597	5731	0.113414735
81597	1621	0.11341472
81597	1887	0.11341472
81597	4496	0.11341472
81597	4703	0.11341472
81597	5376	0.11341472
81597	6149	0.11341472
81597	1280	0.11341471
81609	3866	0.12331587
81609	6643	0.12331587
81609	6674	0.12331586
81609	2541	0.123315856
81609	2569	0.123315856
81609	3853	0.123315856
81609	3980	0.123315856
81609	4595	0.123315856
81609	4718	0.123315856
81609	5115	0.123315856
81672	4103	0.114441305
81672	1388	0.11444129
81672	1621	0.11444129
81672	5176	0.11444129
81672	5731	0.11444129
81672	1280	0.11444128
81672	1887	0.11444128
81672	3610	0.11444128
81672	4496	0.11444128
81672	4703	0.11444128
81682	5886	0.14411886
81682	124	0.14411885
81682	387	0.14411885
81682	478	0.14411885
81682	775	0.14411885
81682	890	0.14411885
81682	997	0.14411885
81682	1146	0.14411885
81682	1869	0.14411885
81682	3643	0.14411885
81771	387	0.09077404
81771	478	0.09077404
81771	5886	0.09077404
81771	890	0.09077403
81771	1058	0.09077403
81771	1869	0.09077403
81771	3897	0.09077403
81771	645	0.09077402
81771	911	0.09077402
81771	922	0.09077402
81848	1996	0.07056341
81848	6326	0.07056341
81848	6446	0.07044272
81848	803	0.07044271
81848	4319	0.07044271
81848	3865	0.0704427
81848	5690	0.0704427
81848	1260	0.07044269
81848	2075	0.07044269
81848	2623	0.07044269
81855	533	0.14050525
81855	624	0.14050525
81855	1745	0.14050525
81855	2363	0.14050525
81855	3103	0.14050525
81855	3112	0.14050525
81855	3210	0.14050525
81855	3418	0.14050525
81855	3493	0.14050525
81855	3630	0.14050525
81865	387	0.08840436
81865	890	0.08840436
81865	1146	0.08840436
81865	3971	0.08840436
81865	5716	0.08840436
81865	5886	0.08840436
81865	6123	0.08840436
81865	6912	0.08840436
81865	478	0.08840435
81865	997	0.08840435
81927	890	0.13376775
81927	1869	0.13376775
81927	387	0.13376774
81927	5886	0.13376774
81927	6123	0.13376774
81927	41	0.13376772
81927	49	0.13376772
81927	215	0.13376772
81927	328	0.13376772
81927	469	0.13376772
81950	511	0.10835724
81950	1092	0.108357236
81950	5998	0.108357236
81950	6593	0.108357236
81950	3526	0.10835723
81950	4318	0.10835723
81950	5288	0.10835723
81950	6364	0.10835723
81950	245	0.10835722
81950	617	0.10835722
81977	3971	0.119607486
81977	5886	0.11960748
81977	2138	0.11960747
81977	890	0.11960746
81977	1869	0.11960746
81977	3616	0.11960746
81977	3822	0.11960746
81977	3965	0.11960746
81977	4076	0.11960746
81977	5031	0.11960746
82164	1393	0.10513936
82164	1869	0.10513936
82164	3971	0.10513936
82164	4076	0.10513936
82164	5886	0.10513936
82164	6123	0.10513936
82164	6507	0.10513936
82164	478	0.10513935
82164	2138	0.10513935
82164	3559	0.10513935
82391	3971	0.10657826
82391	5886	0.10657826
82391	49	0.10657825
82391	2121	0.10657825
82391	6123	0.10657825
82391	124	0.106578246
82391	387	0.106578246
82391	775	0.106578246
82391	890	0.106578246
82391	922	0.106578246
82407	891	0.13142905
82407	1539	0.13142905
82407	4368	0.13142905
82407	5008	0.13142905
82407	5592	0.13142905
82407	1899	0.13142903
82407	2388	0.13142902
82407	2667	0.13142902
82407	5113	0.13142902
82407	5146	0.13142902
82497	962	0.057673212
82497	1567	0.057357628
82497	4154	0.057357624
82497	5086	0.057357624
82497	5335	0.057357624
82497	6028	0.057357624
82497	655	0.05735762
82497	2653	0.05735762
82497	4493	0.05735762
82497	4906	0.05735762
82511	801	0.12742355
82511	3187	0.12742355
82511	5121	0.12742355
82511	99	0.12742354
82511	400	0.12742354
82511	686	0.12742354
82511	1087	0.12742354
82511	1650	0.12742354
82511	2145	0.12742354
82511	2305	0.12742354
82608	4740	0.11171104
82608	5914	0.11171103
82608	4738	0.111711025
82608	6396	0.111711025
82608	5599	0.11171102
82608	6312	0.11171102
82608	1155	0.11171101
82608	2503	0.11171101
82608	3677	0.11171101
82608	4444	0.11171101
82628	913	0.08827144
82628	4712	0.08827144
82628	3482	0.088271424
82628	5731	0.087913685
82628	1848	0.08791368
82628	6279	0.08791368
82628	4103	0.08791367
82628	6149	0.08791367
82628	344	0.08791366
82628	920	0.08791366
82673	387	0.09715123
82673	3971	0.09715123
82673	5886	0.09715123
82673	478	0.09715122
82673	1856	0.09715122
82673	1869	0.09715122
82673	2138	0.09715122
82673	3452	0.09715122
82673	5218	0.09715122
82673	6123	0.09715122
82699	5827	0.10683291
82699	3580	0.10683289
82699	14	0.10683288
82699	6182	0.10683287
82699	6547	0.10683285
82699	4673	0.105662934
82699	884	0.10566293
82699	1648	0.10566293
82699	3870	0.10566293
82699	4938	0.10566293
82720	869	0.1045731
82720	1598	0.1045731
82720	152	0.10457309
82720	1679	0.10457309
82720	1457	0.104573086
82720	1892	0.104573086
82720	1937	0.104573086
82720	2169	0.104573086
82720	4233	0.104573086
82720	5194	0.104573086
82751	3616	0.10146667
82751	1869	0.10146666
82751	2138	0.10146666
82751	3971	0.10146666
82751	24	0.101466656
82751	890	0.101466656
82751	1340	0.101466656
82751	1403	0.101466656
82751	1415	0.101466656
82751	2364	0.101466656
82808	3418	0.13466036
82808	3700	0.13466036
82808	3866	0.13466036
82808	4595	0.13466036
82808	5729	0.13466036
82808	6674	0.13466036
82808	2220	0.13466035
82808	3112	0.13466035
82808	3210	0.13466035
82808	3493	0.13466035
82825	848	0.08608705
82825	5309	0.08608704
82825	2768	0.08608703
82825	3403	0.08608703
82825	3797	0.08608703
82825	3902	0.08608703
82825	5619	0.08608703
82825	1646	0.08608702
82825	1678	0.08608702
82825	3601	0.08608702
82831	801	0.10728054
82831	4151	0.10728054
82831	686	0.10728053
82831	1389	0.10728053
82831	2916	0.10728053
82831	99	0.10728052
82831	109	0.10728052
82831	400	0.10728052
82831	1087	0.10728052
82831	1650	0.10728052
82841	890	0.11864474
82841	5886	0.11864474
82841	387	0.11864473
82841	3452	0.11864473
82841	3897	0.11864473
82841	3971	0.11864473
82841	6123	0.11864473
82841	1094	0.11864472
82841	1869	0.11864472
82841	2121	0.11864472
82893	5731	0.087699935
82893	1848	0.08769993
82893	2014	0.08769993
82893	1621	0.08769992
82893	4103	0.08769992
82893	5176	0.08769992
82893	6465	0.08769992
82893	3143	0.08769991
82893	6279	0.08769991
82893	493	0.087699905
82901	425	0.1072028
82901	5355	0.10720272
82901	91	0.107202716
82901	1524	0.107202716
82901	5321	0.107202716
82901	4469	0.10720271
82901	5304	0.10720271
82901	1185	0.1072027
82901	3776	0.1072027
82901	4032	0.107202694
82942	3560	0.11511204
82942	4224	0.11511204
82942	489	0.11511203
82942	729	0.11511203
82942	854	0.11511203
82942	2382	0.11511203
82942	3658	0.11511203
82942	3694	0.11511203
82942	4411	0.11511203
82942	4817	0.11511203
82955	890	0.11636495
82955	387	0.11636494
82955	3897	0.11636494
82955	3971	0.11636494
82955	4076	0.11636494
82955	5886	0.11636494
82955	6123	0.11636494
82955	6507	0.11636494
82955	775	0.11636493
82955	997	0.11636493
83069	2138	0.097471565
83069	3971	0.097471565
83069	387	0.09747155
83069	597	0.09747155
83069	832	0.09747155
83069	890	0.09747155
83069	997	0.09747155
83069	1194	0.09747155
83069	1869	0.09747155
83069	2364	0.09747155
83109	3971	0.10696149
83109	1869	0.106961474
83109	387	0.10696147
83109	2138	0.10696147
83109	5518	0.10696147
83109	5886	0.10696147
83109	6123	0.10696147
83109	49	0.10696146
83109	124	0.10696146
83109	273	0.10696146
83110	231	0.112472326
83110	1619	0.11247232
83110	4176	0.11247232
83110	668	0.11247231
83110	6216	0.11247231
83110	1022	0.1124723
83110	4593	0.1124723
83110	5197	0.1124723
83110	6840	0.1124723
83110	760	0.112472296
83135	890	0.08350292
83135	1340	0.08350292
83135	1393	0.08350292
83135	1856	0.08350292
83135	2037	0.08350292
83135	2121	0.08350292
83135	4323	0.08350292
83135	5031	0.08350292
83135	5218	0.08350292
83135	387	0.08350291
83166	6494	0.07822621
83166	2419	0.07782
83166	5864	0.07782
83166	2847	0.07781999
83166	3870	0.07781999
83166	4452	0.07781999
83166	5639	0.07781999
83166	6231	0.07781999
83166	6834	0.07781999
83166	2069	0.07781998
83235	5031	0.09948157
83235	6912	0.09948157
83235	3971	0.09948156
83235	24	0.09948155
83235	810	0.09948155
83235	890	0.09948155
83235	1856	0.09948155
83235	1869	0.09948155
83235	3616	0.09948155
83235	4434	0.09948155
83239	3971	0.116222814
83239	890	0.11622281
83239	2138	0.11622281
83239	4076	0.11622281
83239	5031	0.11622281
83239	5716	0.11622281
83239	6912	0.11622281
83239	6915	0.11622281
83239	1159	0.1162228
83239	1194	0.1162228
83252	520	0.09650411
83252	5033	0.09650411
83252	6810	0.09650411
83252	5653	0.096504085
83252	6147	0.09650408
83252	511	0.09479135
83252	3526	0.09479134
83252	6593	0.09479134
83252	1092	0.09479133
83252	2785	0.09479133
83287	2138	0.1616512
83287	5031	0.1616512
83287	5886	0.1616512
83287	890	0.16165118
83287	1869	0.16165118
83287	3965	0.16165118
83287	5896	0.16165118
83287	24	0.16165116
83287	180	0.16165116
83287	225	0.16165116
83306	2266	0.12156293
83306	1464	0.12156291
83306	3546	0.1215629
83306	5076	0.1215629
83306	511	0.12129504
83306	1092	0.12129504
83306	6364	0.12129504
83306	3526	0.121295035
83306	4557	0.12129503
83306	4905	0.12129503
83383	3853	0.115396105
83383	5454	0.1153961
83383	6643	0.1153961
83383	4241	0.11539609
83383	6674	0.11539609
83383	2220	0.11539608
83383	3091	0.11539608
83383	3112	0.11539608
83383	3418	0.11539608
83383	3493	0.11539608
83390	6645	0.090510055
83390	6655	0.090510055
83390	6680	0.090510055
83390	2933	0.09051005
83390	3378	0.09051005
83390	6585	0.09051005
83390	5471	0.09051004
83390	5472	0.09051004
83390	5731	0.08901125
83390	1848	0.089011244
83431	1869	0.12104196
83431	387	0.12104195
83431	1058	0.12104195
83431	3616	0.12104195
83431	5031	0.12104195
83431	5886	0.12104195
83431	124	0.121041946
83431	890	0.121041946
83431	2728	0.121041946
83431	3965	0.121041946
83443	1567	0.11294934
83443	2207	0.11294934
83443	4906	0.112949334
83443	248	0.11294933
83443	2653	0.11294933
83443	3361	0.11294933
83443	4903	0.11294933
83443	5086	0.11294933
83443	5335	0.11294933
83443	5869	0.11294933
83496	1869	0.10379169
83496	5031	0.10379169
83496	387	0.103791684
83496	997	0.103791684
83496	1058	0.103791684
83496	1455	0.103791684
83496	2121	0.103791684
83496	2138	0.103791684
83496	3559	0.103791684
83496	3616	0.103791684
83561	2419	0.08786652
83561	4673	0.087866515
83561	884	0.08786651
83561	903	0.0878665
83561	1648	0.0878665
83561	3230	0.0878665
83561	3606	0.0878665
83561	3870	0.0878665
83561	4080	0.0878665
83561	4452	0.0878665
83637	387	0.15778752
83637	1869	0.15778752
83637	3616	0.15778752
83637	3971	0.15778752
83637	478	0.1577875
83637	642	0.1577875
83637	645	0.1577875
83637	890	0.1577875
83637	922	0.1577875
83637	997	0.1577875
83646	1869	0.15943006
83646	3616	0.15943006
83646	5031	0.15943006
83646	124	0.15943004
83646	2364	0.15943004
83646	3971	0.15943004
83646	5886	0.15943004
83646	24	0.15943003
83646	49	0.15943003
83646	276	0.15943003
83671	231	0.10876627
83671	5197	0.10876626
83671	5949	0.10876626
83671	1619	0.10876625
83671	4176	0.10876625
83671	5129	0.10876625
83671	5872	0.10876625
83671	510	0.10876624
83671	760	0.10876624
83671	1022	0.10876624
83754	3971	0.14047007
83754	124	0.14047006
83754	387	0.14047006
83754	890	0.14047006
83754	922	0.14047006
83754	1146	0.14047006
83754	1869	0.14047006
83754	2138	0.14047006
83754	2364	0.14047006
83754	3616	0.14047006
83775	4263	0.08869296
83775	3772	0.08783962
83775	2338	0.08783959
83775	6407	0.08783959
83775	154	0.086673245
83775	5469	0.08655648
83775	6270	0.086389706
83775	6496	0.0863897
83775	4556	0.08629197
83775	6896	0.08629196
83842	1869	0.09728104
83842	2138	0.09728104
83842	2364	0.09728104
83842	3971	0.09728104
83842	5031	0.09728104
83842	6123	0.09728104
83842	997	0.09728103
83842	3616	0.09728103
83842	5896	0.09728103
83842	24	0.097281024
83971	4474	0.089509524
83971	2419	0.08950952
83971	4673	0.08950952
83971	4501	0.08950951
83971	6834	0.08950951
83971	222	0.0895095
83971	247	0.0895095
83971	638	0.0895095
83971	884	0.0895095
83971	903	0.0895095
84024	4906	0.17118868
84024	5869	0.17118868
84024	2207	0.17118867
84024	106	0.17118865
84024	711	0.17118865
84024	1567	0.17118865
84024	1585	0.17118865
84024	2653	0.17118865
84024	3361	0.17118865
84024	4493	0.17118865
84126	3853	0.14593446
84126	3866	0.14593446
84126	4595	0.14593446
84126	4727	0.14593446
84126	5454	0.14593446
84126	6674	0.14593446
84126	533	0.14593445
84126	2363	0.14593445
84126	3493	0.14593445
84126	4241	0.14593445
84146	1986	0.09523409
84146	3381	0.09523408
84146	1676	0.09523405
84146	2814	0.095234044
84146	5309	0.09489225
84146	5619	0.09489223
84146	848	0.094892226
84146	3403	0.094892226
84146	2768	0.09489222
84146	3797	0.09489222
84178	1869	0.116481096
84178	3971	0.116481096
84178	49	0.11648109
84178	387	0.11648108
84178	832	0.11648108
84178	1340	0.11648108
84178	1856	0.11648108
84178	2138	0.11648108
84178	579	0.11648107
84178	890	0.11648107
84201	4319	0.10450049
84201	803	0.10450047
84201	5690	0.10450047
84201	6446	0.10450047
84201	3865	0.104500465
84201	2075	0.10450045
84201	2623	0.10450045
84201	3257	0.10450045
84201	3536	0.10450045
84201	609	0.10450044
84427	5031	0.08933261
84427	1869	0.0893326
84427	3616	0.0893326
84427	3971	0.0893326
84427	387	0.089332595
84427	642	0.089332595
84427	842	0.089332595
84427	890	0.089332595
84427	997	0.089332595
84427	2121	0.089332595
84479	4673	0.11186145
84479	2419	0.111861445
84479	4474	0.111861445
84479	6716	0.111861445
84479	1648	0.11186144
84479	3081	0.11186144
84479	4501	0.11186144
84479	5041	0.11186144
84479	6834	0.11186144
84479	247	0.11186143
84523	5031	0.12299378
84523	5886	0.12299378
84523	6123	0.12299378
84523	49	0.12299377
84523	997	0.12299377
84523	1856	0.12299377
84523	1869	0.12299377
84523	2646	0.12299377
84523	3971	0.12299377
84523	4323	0.12299377
84729	5886	0.09042717
84729	387	0.09042716
84729	775	0.09042716
84729	1058	0.09042716
84729	1869	0.09042716
84729	2121	0.09042716
84729	3643	0.09042716
84729	3971	0.09042716
84729	6123	0.09042716
84729	215	0.09042715
84795	690	0.0999627
84795	3974	0.0999627
84795	6827	0.09955841
84795	1177	0.0989277
84795	4177	0.09892769
84795	6318	0.09892769
84795	5691	0.098927684
84795	591	0.09892768
84795	2241	0.09892768
84795	3263	0.09892768
84820	890	0.106800914
84820	1869	0.106800914
84820	2138	0.106800914
84820	3971	0.106800914
84820	986	0.10680091
84820	5031	0.10680091
84820	5886	0.10680091
84820	24	0.1068009
84820	41	0.1068009
84820	180	0.1068009
84866	5731	0.11599908
84866	4703	0.11599906
84866	4103	0.11599905
84866	5465	0.11599905
84866	398	0.11599904
84866	493	0.11599904
84866	1258	0.11599904
84866	1280	0.11599904
84866	1388	0.11599904
84866	1621	0.11599904
84882	3971	0.1467356
84882	579	0.14673558
84882	1393	0.14673558
84882	1869	0.14673558
84882	2138	0.14673558
84882	6123	0.14673558
84882	41	0.14673556
84882	49	0.14673556
84882	387	0.14673556
84882	890	0.14673556
84897	4151	0.14951125
84897	6222	0.14951125
84897	686	0.14951123
84897	3785	0.14951123
84897	109	0.14951122
84897	400	0.14951122
84897	801	0.14951122
84897	1087	0.14951122
84897	1389	0.14951122
84897	1613	0.14951122
84900	1869	0.10989614
84900	2138	0.10989614
84900	3616	0.10989614
84900	5031	0.10989614
84900	387	0.10989613
84900	5685	0.10989613
84900	5716	0.10989613
84900	41	0.10989612
84900	215	0.10989612
84900	478	0.10989612
84910	3278	0.09019075
84910	808	0.0897515
84910	631	0.08975148
84910	1477	0.08975148
84910	5579	0.08975148
84910	965	0.08975147
84910	1485	0.08975147
84910	2505	0.08975146
84910	623	0.089751445
84910	3100	0.08975143
85033	3971	0.10519727
85033	1869	0.105197266
85033	890	0.10519725
85033	1194	0.10519725
85033	2138	0.10519725
85033	3616	0.10519725
85033	4076	0.10519725
85033	5031	0.10519725
85033	5716	0.10519725
85033	5886	0.10519725
85043	5731	0.11078132
85043	1621	0.1107813
85043	3657	0.1107813
85043	6465	0.1107813
85043	398	0.11078129
85043	2209	0.11078129
85043	5473	0.11078129
85043	5897	0.11078129
85043	493	0.11078128
85043	1225	0.11078128
85256	6265	0.09741826
85256	244	0.09741825
85256	149	0.09741824
85256	582	0.097418234
85256	632	0.097418234
85256	4045	0.097418234
85256	4599	0.097418234
85256	1442	0.09741823
85256	2962	0.09741823
85256	3548	0.09741823
85367	1610	0.12586927
85367	4387	0.12586927
85367	5974	0.12586927
85367	626	0.12586926
85367	2986	0.12586926
85367	990	0.12586924
85367	2083	0.12586924
85367	2461	0.12586924
85367	3929	0.12586924
85367	4162	0.12586924
85426	4323	0.12483274
85426	478	0.124832734
85426	5031	0.124832734
85426	387	0.12483273
85426	1415	0.12483273
85426	6123	0.12483273
85426	49	0.12483272
85426	890	0.12483272
85426	1062	0.12483272
85426	1146	0.12483272
85433	3799	0.1504887
85433	6244	0.1504887
85433	467	0.15048869
85433	395	0.15048867
85433	2821	0.15048867
85433	3430	0.15048867
85433	4338	0.15048867
85433	4471	0.15048867
85433	4843	0.15048867
85433	6641	0.15048867
85455	511	0.120746076
85455	1092	0.120746076
85455	6880	0.120746076
85455	4557	0.12074607
85455	2643	0.12074606
85455	3097	0.12074606
85455	4128	0.12074606
85455	4905	0.12074606
85455	5998	0.12074606
85455	6364	0.12074606
85502	3477	0.10297941
85502	425	0.10246858
85502	5355	0.10246852
85502	91	0.10246851
85502	1524	0.10246851
85502	4469	0.10246851
85502	5321	0.10246851
85502	4032	0.102468506
85502	5304	0.102468506
85502	1185	0.10246849
85526	3510	0.13947618
85526	3115	0.13947617
85526	3560	0.13947617
85526	5785	0.13947617
85526	489	0.13947615
85526	854	0.13947615
85526	968	0.13947615
85526	1256	0.13947615
85526	1413	0.13947615
85526	1902	0.13947615
85554	5128	0.11159012
85554	143	0.1115901
85554	4172	0.1115901
85554	5508	0.1115901
85554	1238	0.111590095
85554	1449	0.111590095
85554	5045	0.111590095
85554	5275	0.111590095
85554	2809	0.11159009
85554	4295	0.11159009
85587	1610	0.12433201
85587	4387	0.12433201
85587	626	0.124331996
85587	2986	0.124331996
85587	4143	0.124331996
85587	6594	0.124331996
85587	3819	0.12433198
85587	3929	0.12433198
85587	4181	0.12433198
85587	4290	0.12433198
85656	3971	0.10677654
85656	387	0.106776536
85656	890	0.106776536
85656	1869	0.106776536
85656	2138	0.106776536
85656	2728	0.106776536
85656	3616	0.106776536
85656	6123	0.106776536
85656	124	0.10677653
85656	3965	0.10677653
85701	2419	0.14463434
85701	3870	0.14463434
85701	5041	0.14463434
85701	6231	0.14463434
85701	247	0.14463432
85701	4501	0.14463432
85701	4673	0.14463432
85701	4938	0.14463432
85701	5787	0.14463432
85701	5864	0.14463432
85757	6252	0.13143885
85757	400	0.13143884
85757	686	0.13143884
85757	2126	0.13143884
85757	3120	0.13143884
85757	4342	0.13143884
85757	5121	0.13143884
85757	6222	0.13143884
85757	109	0.13143882
85757	349	0.13143882
85833	1567	0.08819184
85833	4493	0.08819183
85833	248	0.08819182
85833	2653	0.08819182
85833	4694	0.08819182
85833	4906	0.08819182
85833	5086	0.08819182
85833	6785	0.08819182
85833	711	0.088191815
85833	2844	0.088191815
85851	489	0.14985964
85851	2360	0.14985964
85851	3510	0.14985964
85851	3560	0.14985964
85851	3658	0.14985964
85851	3694	0.14985964
85851	4796	0.14985964
85851	4817	0.14985964
85851	4885	0.14985964
85851	296	0.14985962
85872	2518	0.09857893
85872	1958	0.09857891
85872	759	0.0985789
85872	2017	0.0985789
85872	4446	0.0985789
85872	6152	0.0985789
85872	6601	0.0985789
85872	6612	0.0985789
85872	6796	0.0985789
85872	4004	0.09857889
85962	4388	0.123319164
85962	1312	0.12331915
85962	3297	0.12331915
85962	4417	0.12331915
85962	4536	0.12331915
85962	6659	0.12331915
85962	2105	0.12331914
85962	2616	0.12331914
85962	5681	0.12331914
85962	1584	0.123319134
85992	3853	0.118146226
85992	3866	0.118146226
85992	4241	0.118146226
85992	2569	0.11814622
85992	3112	0.11814622
85992	5729	0.11814622
85992	6674	0.11814622
85992	533	0.11814621
85992	2541	0.11814621
85992	3091	0.11814621
85993	597	0.10359907
85993	997	0.10359907
85993	3559	0.10359907
85993	3616	0.10359907
85993	3971	0.10359907
85993	6912	0.10359907
85993	41	0.103599064
85993	124	0.103599064
85993	387	0.103599064
85993	1340	0.103599064
86033	2492	0.10338934
86033	3844	0.10338934
86033	6116	0.10338934
86033	4924	0.10338932
86033	6219	0.10338932
86033	972	0.10338931
86033	1860	0.10338931
86033	5378	0.10338931
86033	5927	0.10338931
86033	3285	0.10338929
86051	2518	0.09715043
86051	4004	0.09715043
86051	4446	0.09715043
86051	4789	0.09715043
86051	759	0.09715042
86051	2128	0.09715042
86051	3749	0.09715042
86051	1362	0.097150415
86051	1958	0.097150415
86051	2017	0.097150415
86093	300	0.08947064
86093	792	0.08947064
86093	2419	0.08947064
86093	3606	0.08947064
86093	4452	0.08947064
86093	4673	0.08947064
86093	5041	0.08947064
86093	5864	0.08947064
86093	6834	0.08947064
86093	247	0.08947063
86123	6123	0.110128455
86123	49	0.11012845
86123	478	0.11012845
86123	890	0.11012845
86123	997	0.11012845
86123	1146	0.11012845
86123	3971	0.11012845
86123	5031	0.11012845
86123	5886	0.11012845
86123	6515	0.11012845
86145	387	0.11499441
86145	890	0.11499441
86145	901	0.11499441
86145	1869	0.11499441
86145	2121	0.11499441
86145	3971	0.11499441
86145	5805	0.11499441
86145	273	0.1149944
86145	579	0.1149944
86145	2103	0.1149944
86170	1009	0.10815932
86170	2067	0.1081593
86170	4047	0.108159296
86170	2544	0.10815929
86170	6342	0.108159274
86170	4004	0.10813984
86170	6796	0.10813984
86170	2518	0.108139835
86170	4446	0.108139835
86170	4789	0.108139835
86189	5968	0.13072486
86189	6093	0.13072486
86189	1223	0.13072483
86189	3637	0.13072483
86189	3876	0.13072483
86189	4862	0.13072482
86189	6245	0.13072482
86189	6004	0.1307248
86189	2557	0.13072479
86189	3749	0.12793788
86202	4176	0.117096126
86202	5197	0.11709612
86202	231	0.11709611
86202	1022	0.11709611
86202	1619	0.11709611
86202	1723	0.117096104
86202	6840	0.117096104
86202	889	0.1170961
86202	2402	0.1170961
86202	3950	0.1170961
86242	1869	0.12518771
86242	3971	0.12518771
86242	5886	0.12518771
86242	6123	0.12518771
86242	6912	0.12518771
86242	24	0.1251877
86242	387	0.1251877
86242	478	0.1251877
86242	579	0.1251877
86242	642	0.1251877
86243	2047	0.065172866
86243	4326	0.06517284
86243	5206	0.06517284
86243	5345	0.065172836
86243	2260	0.06517283
86243	4043	0.06517283
86243	3525	0.064875856
86243	4378	0.064875856
86243	2006	0.06487585
86243	5566	0.06487585
86368	5171	0.110758565
86368	6362	0.11075856
86368	319	0.10963657
86368	5256	0.10963657
86368	5988	0.10963657
86368	1138	0.10963656
86368	5647	0.10963656
86368	4274	0.10963654
86368	5530	0.10963653
86368	6563	0.1090686
86392	626	0.12806551
86392	1610	0.1280655
86392	3929	0.1280655
86392	4143	0.1280655
86392	4290	0.1280655
86392	4387	0.1280655
86392	5974	0.1280655
86392	990	0.12806548
86392	2986	0.12806548
86392	4181	0.12806548
86408	1869	0.15967798
86408	2138	0.15967798
86408	3971	0.15967798
86408	5031	0.15967798
86408	41	0.15967797
86408	376	0.15967797
86408	997	0.15967797
86408	1393	0.15967797
86408	2121	0.15967797
86408	3616	0.15967797
86419	24	0.12705845
86419	41	0.12705845
86419	180	0.12705845
86419	215	0.12705845
86419	328	0.12705845
86419	387	0.12705845
86419	478	0.12705845
86419	579	0.12705845
86419	890	0.12705845
86419	901	0.12705845
86489	6674	0.11879191
86489	3418	0.11879189
86489	3493	0.11879189
86489	3830	0.11879189
86489	5454	0.11879189
86489	5511	0.11879189
86489	6643	0.11879189
86489	6768	0.11879189
86489	3112	0.118791886
86489	4727	0.118791886
86548	520	0.08330214
86548	5033	0.08330214
86548	5653	0.083302125
86548	6147	0.083302125
86548	6810	0.083302125
86548	511	0.08275404
86548	1092	0.08275403
86548	6364	0.08275403
86548	985	0.08275402
86548	4557	0.08275402
86555	1009	0.104471624
86555	4047	0.10447162
86555	2067	0.10447161
86555	2544	0.104471594
86555	6342	0.104471564
86555	3666	0.10444011
86555	1655	0.10401149
86555	9	0.104011476
86555	5999	0.10401146
86555	4627	0.104011424
86641	884	0.069649145
86641	1648	0.069649145
86641	2419	0.069649145
86641	3443	0.069649145
86641	3870	0.069649145
86641	4673	0.069649145
86641	4938	0.069649145
86641	5041	0.069649145
86641	5864	0.069649145
86641	6834	0.069649145
86720	5031	0.12934206
86720	5886	0.12934206
86720	215	0.12934205
86720	266	0.12934205
86720	387	0.12934205
86720	478	0.12934205
86720	832	0.12934205
86720	890	0.12934205
86720	1146	0.12934205
86720	1856	0.12934205
86819	1869	0.11893159
86819	3971	0.11893159
86819	6123	0.11893159
86819	2138	0.118931584
86819	5886	0.118931584
86819	387	0.11893158
86819	775	0.11893158
86819	1146	0.11893158
86819	2364	0.11893158
86819	4076	0.11893158
86835	3421	0.18361753
86835	425	0.18094161
86835	1524	0.18094152
86835	4469	0.18094152
86835	5304	0.1809415
86835	91	0.18094149
86835	5321	0.18094149
86835	5355	0.18094149
86835	3776	0.18094148
86835	1185	0.18094146
86906	387	0.094974786
86906	890	0.094974786
86906	1869	0.094974786
86906	2121	0.094974786
86906	579	0.09497478
86906	901	0.09497478
86906	3616	0.09497478
86906	5031	0.09497478
86906	41	0.09497477
86906	577	0.09497477
86932	111	0.10467206
86932	4729	0.10467203
86932	368	0.104672015
86932	1075	0.104672015
86932	1793	0.104672015
86932	2099	0.104672015
86932	4692	0.104672015
86932	5695	0.104672015
86932	5890	0.104672015
86932	4721	0.10467201
86959	6431	0.088146664
86959	5096	0.08814666
86959	90	0.08814664
86959	2002	0.08814664
86959	5492	0.08814664
86959	5712	0.08814664
86959	5996	0.08814664
86959	6077	0.08814664
86959	6556	0.08814664
86959	2438	0.088146634
86969	4176	0.0876735
86969	851	0.087673485
86969	5197	0.087673485
86969	6216	0.087673485
86969	6840	0.087673485
86969	231	0.08767348
86969	1022	0.08767348
86969	1619	0.08767348
86969	3950	0.08767348
86969	5129	0.08767348
87051	4004	0.09564583
87051	759	0.095645815
87051	4446	0.09564581
87051	6152	0.09564581
87051	1362	0.0956458
87051	2017	0.0956458
87051	2518	0.0956458
87051	2828	0.0956458
87051	3749	0.0956458
87051	5058	0.0956458
87108	387	0.10599617
87108	5031	0.10599617
87108	5886	0.10599617
87108	890	0.10599616
87108	997	0.10599616
87108	1393	0.10599616
87108	2121	0.10599616
87108	2356	0.10599616
87108	3897	0.10599616
87108	4076	0.10599616
87155	1194	0.10990805
87155	3971	0.10990805
87155	890	0.109908044
87155	1869	0.109908044
87155	2055	0.109908044
87155	6123	0.109908044
87155	6515	0.109908044
87155	49	0.10990804
87155	387	0.10990804
87155	997	0.10990804
87302	2866	0.0891651
87302	6849	0.089165084
87302	1384	0.08916508
87302	425	0.08905496
87302	91	0.08905491
87302	1524	0.089054905
87302	3776	0.089054905
87302	5304	0.089054905
87302	5355	0.0890549
87302	4032	0.08905489
87351	6472	0.12545554
87351	42	0.12506916
87351	427	0.12506914
87351	5066	0.12506914
87351	4218	0.12506913
87351	5758	0.12506913
87351	5793	0.12506913
87351	793	0.12506911
87351	1536	0.12506911
87351	1836	0.12506911
87401	6250	0.10786158
87401	171	0.10786156
87401	6677	0.10786156
87401	2464	0.10786155
87401	6122	0.10786155
87401	6584	0.107861534
87401	5234	0.10686278
87401	3677	0.106817655
87401	4740	0.106817655
87401	1155	0.10681765
87540	4813	0.111000255
87540	3868	0.11100024
87540	4984	0.11100024
87540	6909	0.11100023
87540	5327	0.111000225
87540	5106	0.11100022
87540	80	0.11100021
87540	780	0.11100021
87540	1997	0.11100021
87540	2647	0.11100021
87555	3616	0.113656685
87555	3971	0.113656685
87555	5031	0.113656685
87555	6123	0.113656685
87555	124	0.11365668
87555	997	0.11365668
87555	1869	0.11365668
87555	2364	0.11365668
87555	5716	0.11365668
87555	5886	0.11365668
87579	6674	0.10180546
87579	3700	0.101805456
87579	4241	0.101805456
87579	1745	0.10180545
87579	3866	0.10180545
87579	4595	0.10180545
87579	5511	0.10180545
87579	6109	0.10180545
87579	6310	0.10180545
87579	6643	0.10180545
87688	4906	0.10415588
87688	5335	0.10415588
87688	6492	0.10415588
87688	4903	0.104155876
87688	5295	0.104155876
87688	248	0.10415587
87688	1567	0.10415587
87688	2653	0.10415587
87688	3359	0.10415587
87688	3361	0.10415587
87712	1087	0.1152489
87712	2126	0.1152489
87712	3120	0.1152489
87712	6222	0.1152489
87712	1438	0.115248896
87712	2916	0.115248896
87712	400	0.11524889
87712	801	0.11524889
87712	2180	0.11524889
87712	2305	0.11524889
87820	244	0.13158366
87820	6265	0.13158366
87820	582	0.13158362
87820	632	0.13158362
87820	4045	0.13158362
87820	4599	0.13158362
87820	961	0.1315836
87820	2962	0.1315836
87820	3385	0.1315836
87820	3548	0.1315836
87911	1092	0.104317285
87911	4557	0.104317285
87911	511	0.10431728
87911	4132	0.10431728
87911	5288	0.10431728
87911	5998	0.10431728
87911	6364	0.10431728
87911	6593	0.10431728
87911	6880	0.10431728
87911	3526	0.10431727
87929	848	0.12149467
87929	3403	0.12149467
87929	5309	0.12149467
87929	5619	0.121494666
87929	3797	0.12149465
87929	3902	0.12149465
87929	3601	0.12149464
87929	1267	0.121494636
87929	2768	0.121494636
87929	5954	0.121494636
87938	6851	0.116889924
87938	4382	0.11688991
87938	4007	0.1168899
87938	5315	0.1168899
87938	2457	0.116889894
87938	4856	0.116889894
87938	4986	0.116889894
87938	2685	0.11688989
87938	2988	0.11688989
87938	6749	0.11688988
87948	1869	0.09238133
87948	2138	0.09238133
87948	3971	0.09238133
87948	6123	0.09238133
87948	997	0.09238132
87948	3616	0.09238132
87948	5031	0.09238132
87948	5886	0.09238132
87948	49	0.09238131
87948	124	0.09238131
87949	5914	0.11260773
87949	1155	0.11260772
87949	4740	0.11260772
87949	6312	0.11260771
87949	2503	0.1126077
87949	4431	0.1126077
87949	4444	0.1126077
87949	4738	0.1126077
87949	5599	0.1126077
87949	1024	0.11260769
87964	5121	0.09495358
87964	3187	0.094953574
87964	4151	0.094953574
87964	400	0.09495357
87964	686	0.09495357
87964	801	0.09495357
87964	1087	0.09495357
87964	6222	0.09495357
87964	6236	0.09495357
87964	6252	0.09495357
87974	4813	0.11285623
87974	80	0.112856224
87974	2647	0.112856224
87974	3868	0.112856224
87974	4984	0.112856224
87974	1487	0.11285621
87974	3644	0.11285621
87974	4775	0.11285621
87974	5106	0.11285621
87974	5372	0.11285621
88029	962	0.10515397
88029	1567	0.10295755
88029	4493	0.10295754
88029	4906	0.10295754
88029	655	0.10295753
88029	2653	0.10295753
88029	4694	0.10295753
88029	5086	0.10295753
88029	248	0.102957524
88029	4154	0.102957524
88122	1869	0.097436145
88122	3616	0.09743614
88122	2364	0.09743613
88122	3971	0.09743613
88122	5031	0.09743613
88122	5886	0.09743613
88122	645	0.09743612
88122	890	0.09743612
88122	1194	0.09743612
88122	4076	0.09743612
88170	5914	0.08875869
88170	6396	0.08875869
88170	2503	0.088758685
88170	4738	0.088758685
88170	4740	0.088758685
88170	6312	0.088758685
88170	1155	0.08875868
88170	3677	0.08875868
88170	5599	0.08875868
88170	703	0.08875867
88187	1869	0.11094528
88187	5886	0.11094527
88187	6123	0.11094527
88187	6507	0.11094527
88187	387	0.11094526
88187	775	0.11094526
88187	890	0.11094526
88187	2138	0.11094526
88187	3971	0.11094526
88187	41	0.110945255
88229	387	0.12641129
88229	478	0.12641129
88229	579	0.12641129
88229	997	0.12641129
88229	1869	0.12641129
88229	3616	0.12641129
88229	3971	0.12641129
88229	4076	0.12641129
88229	4876	0.12641129
88229	5218	0.12641129
88248	890	0.09898503
88248	3971	0.09898503
88248	6912	0.09898503
88248	2138	0.098985024
88248	387	0.09898502
88248	579	0.09898502
88248	642	0.09898502
88248	922	0.09898502
88248	1194	0.09898502
88248	1340	0.09898502
88283	5031	0.14301407
88283	890	0.14301406
88283	1869	0.14301406
88283	2138	0.14301406
88283	3971	0.14301406
88283	387	0.14301404
88283	422	0.14301404
88283	579	0.14301404
88283	832	0.14301404
88283	842	0.14301404
88288	5886	0.11959307
88288	387	0.11959306
88288	5031	0.11959306
88288	49	0.119593054
88288	890	0.119593054
88288	922	0.119593054
88288	997	0.119593054
88288	1094	0.119593054
88288	1310	0.119593054
88288	2121	0.119593054
88299	890	0.11830798
88299	1869	0.11830798
88299	2138	0.11830798
88299	3616	0.11830798
88299	3971	0.11830798
88299	5031	0.11830798
88299	5886	0.11830798
88299	6912	0.11830798
88299	6915	0.11830798
88299	24	0.11830797
88330	3666	0.09412606
88330	2017	0.09384659
88330	2518	0.09384659
88330	3749	0.09384659
88330	4446	0.09384659
88330	6152	0.09384659
88330	6551	0.09384658
88330	6796	0.09384658
88330	595	0.093846574
88330	759	0.093846574
88389	3866	0.08839899
88389	5729	0.088398986
88389	6643	0.088398986
88389	2220	0.08839898
88389	2304	0.08839898
88389	3112	0.08839898
88389	3700	0.08839898
88389	3853	0.08839898
88389	3980	0.08839898
88389	4241	0.08839898
88412	2153	0.06381151
88412	2043	0.06319557
88412	3584	0.06319556
88412	5173	0.06319556
88412	6171	0.06319556
88412	3872	0.06319555
88412	5139	0.06319555
88412	5946	0.06319554
88412	5640	0.06319553
88412	1567	0.06319521
88416	4224	0.12054262
88416	3658	0.120542616
88416	3694	0.120542616
88416	5785	0.120542616
88416	489	0.12054261
88416	1080	0.12054261
88416	2360	0.12054261
88416	2880	0.12054261
88416	3115	0.12054261
88416	3510	0.12054261
88435	2503	0.10839884
88435	4740	0.10839884
88435	5914	0.10839884
88435	6396	0.10839884
88435	3677	0.10839883
88435	1155	0.108398825
88435	4431	0.108398825
88435	4738	0.108398825
88435	5534	0.108398825
88435	5599	0.108398825
88574	4151	0.097985186
88574	801	0.09798518
88574	1087	0.09798518
88574	1389	0.09798518
88574	2070	0.09798518
88574	2305	0.09798518
88574	6222	0.09798518
88574	2180	0.09798517
88574	109	0.09798516
88574	349	0.09798516
88605	4103	0.09426205
88605	4703	0.09426205
88605	5731	0.09426205
88605	1621	0.09426203
88605	1848	0.09426203
88605	2209	0.09426203
88605	2450	0.09426203
88605	2630	0.09426203
88605	3610	0.09426203
88605	3657	0.09426203
88620	1869	0.13113374
88620	3616	0.13113374
88620	3971	0.13113374
88620	6123	0.13113374
88620	387	0.13113372
88620	642	0.13113372
88620	997	0.13113372
88620	1455	0.13113372
88620	2138	0.13113372
88620	2552	0.13113372
88652	1958	0.124542266
88652	2017	0.124542266
88652	2518	0.124542266
88652	4446	0.124542266
88652	759	0.12454225
88652	1362	0.12454225
88652	4004	0.12454225
88652	5427	0.12454225
88652	6152	0.12454225
88652	2128	0.124542244
88693	1177	0.15381426
88693	4806	0.15381426
88693	4299	0.15381424
88693	6530	0.15381424
88693	6762	0.15381424
88693	2116	0.15381423
88693	2241	0.15381423
88693	3118	0.15381423
88693	3263	0.15381423
88693	3761	0.15381423
88738	2305	0.12497973
88738	801	0.12497972
88738	3785	0.12497972
88738	4151	0.12497972
88738	6222	0.12497972
88738	5121	0.12497971
88738	109	0.124979705
88738	400	0.124979705
88738	686	0.124979705
88738	1389	0.124979705
88793	1020	0.11537439
88793	5913	0.11537439
88793	6313	0.11393002
88793	3655	0.1134353
88793	6570	0.1134353
88793	6027	0.11343528
88793	6580	0.11343526
88793	2755	0.11343525
88793	2043	0.11332752
88793	5173	0.11332751
88937	5886	0.17183185
88937	1869	0.17183183
88937	3616	0.17183183
88937	124	0.17183182
88937	160	0.17183182
88937	215	0.17183182
88937	266	0.17183182
88937	269	0.17183182
88937	387	0.17183182
88937	478	0.17183182
88976	4740	0.12398803
88976	5914	0.12398803
88976	6312	0.12398803
88976	6396	0.12398803
88976	3677	0.12398802
88976	4738	0.12398802
88976	5534	0.12398802
88976	703	0.12398801
88976	1155	0.12398801
88976	1163	0.12398801
88993	2496	0.07788261
88993	4738	0.07734667
88993	5914	0.07734667
88993	1155	0.07734666
88993	3677	0.07734666
88993	1024	0.07734665
88993	1163	0.07734665
88993	2503	0.07734665
88993	4144	0.07734665
88993	4444	0.07734665
89014	6511	0.117059186
89014	3108	0.11689677
89014	1519	0.1167191
89014	299	0.11671907
89014	841	0.11671907
89014	1677	0.11671907
89014	5017	0.11671907
89014	5387	0.11671907
89014	5794	0.116698265
89014	3247	0.116698235
89057	5476	0.11573534
89057	827	0.11573532
89057	3646	0.115735315
89057	3468	0.11573531
89057	4771	0.11573531
89057	596	0.1157353
89057	518	0.115735285
89057	508	0.11573528
89057	1685	0.11573528
89057	1087	0.114966445
89192	5309	0.08828596
89192	3403	0.08828595
89192	5619	0.08828595
89192	848	0.088285945
89192	1267	0.088285945
89192	2290	0.08828594
89192	3601	0.08828594
89192	3902	0.08828594
89192	5165	0.08828594
89192	5954	0.08828594
89207	3853	0.14126942
89207	4595	0.14126942
89207	2220	0.1412694
89207	3112	0.1412694
89207	3700	0.1412694
89207	3866	0.1412694
89207	401	0.14126939
89207	533	0.14126939
89207	624	0.14126939
89207	1070	0.14126939
89307	1177	0.103848726
89307	4806	0.103848726
89307	3263	0.10384872
89307	6530	0.10384872
89307	4299	0.10384871
89307	6139	0.10384871
89307	6897	0.10384871
89307	2737	0.1038487
89307	3118	0.1038487
89307	5944	0.1038487
89391	1869	0.13146232
89391	5031	0.13146232
89391	387	0.1314623
89391	478	0.1314623
89391	579	0.1314623
89391	890	0.1314623
89391	1194	0.1314623
89391	1340	0.1314623
89391	1415	0.1314623
89391	1552	0.1314623
89507	3912	0.08875188
89507	3988	0.08869979
89507	6189	0.08869974
89507	2946	0.08756732
89507	5048	0.087567315
89507	5707	0.087567315
89507	4875	0.08756729
89507	2909	0.08756728
89507	4094	0.087511994
89507	5499	0.087470636
89551	5086	0.1031994
89551	5869	0.1031994
89551	106	0.10319939
89551	711	0.10319939
89551	1567	0.10319939
89551	2653	0.10319939
89551	4493	0.10319939
89551	4868	0.10319939
89551	4906	0.10319939
89551	5295	0.10319939
89851	244	0.13559261
89851	6265	0.13559261
89851	149	0.13559258
89851	582	0.13559258
89851	632	0.13559258
89851	2962	0.13559258
89851	4045	0.13559258
89851	4082	0.13559258
89851	4599	0.13559256
89851	5437	0.13559256
89852	2419	0.099151604
89852	4673	0.099151604
89852	6834	0.099151604
89852	247	0.0991516
89852	3230	0.0991516
89852	3870	0.0991516
89852	4474	0.0991516
89852	4938	0.0991516
89852	1648	0.09915159
89852	3585	0.09915159
89867	5919	0.09360868
89867	6886	0.09360868
89867	4173	0.09360867
89867	6000	0.09360866
89867	4121	0.093608655
89867	6463	0.093608655
89867	2651	0.09360865
89867	4384	0.09360865
89867	6103	0.09360865
89867	3772	0.09325212
89874	1415	0.07447444
89874	1869	0.07447444
89874	2364	0.07447444
89874	3616	0.07447444
89874	3971	0.07447444
89874	4076	0.07447444
89874	5031	0.07447444
89874	5886	0.07447444
89874	6123	0.07447444
89874	6912	0.07447444
89913	2492	0.08672587
89913	6116	0.08672587
89913	3844	0.08672586
89913	972	0.086725846
89913	4924	0.086725846
89913	5378	0.08672583
89913	5927	0.08672583
89913	6219	0.08672583
89913	6793	0.08672583
89913	1860	0.086725816
89945	387	0.12001578
89945	997	0.12001578
89945	1869	0.12001578
89945	4076	0.12001578
89945	124	0.12001577
89945	890	0.12001577
89945	922	0.12001577
89945	2121	0.12001577
89945	2356	0.12001577
89945	2364	0.12001577
90049	3445	0.07325025
90049	5835	0.07325025
90049	3808	0.073250234
90049	6333	0.073250234
90049	6428	0.073250234
90049	6869	0.073250234
90049	2276	0.07325022
90049	3507	0.07325022
90049	3583	0.07325022
90049	4495	0.07325022
90075	2138	0.09490433
90075	2364	0.09490433
90075	4076	0.09490433
90075	6123	0.09490433
90075	890	0.094904326
90075	3616	0.094904326
90075	3971	0.094904326
90075	6912	0.094904326
90075	41	0.09490432
90075	387	0.09490432
90137	3971	0.10938118
90137	124	0.10938117
90137	997	0.10938117
90137	1869	0.10938117
90137	5886	0.10938117
90137	6912	0.10938117
90137	24	0.10938116
90137	49	0.10938116
90137	2138	0.10938116
90137	2364	0.10938116
90174	425	0.0959212
90174	5355	0.09592116
90174	91	0.095921144
90174	1524	0.095921144
90174	4469	0.095921144
90174	5304	0.09592114
90174	1185	0.09592113
90174	3776	0.09592113
90174	4032	0.09592113
90174	5321	0.09592113
90198	6423	0.10692886
90198	1301	0.106928855
90198	2843	0.106928855
90198	6265	0.105948314
90198	244	0.105948284
90198	3385	0.10594828
90198	149	0.10594827
90198	632	0.10594827
90198	961	0.10594827
90198	2962	0.10594827
90232	387	0.095459476
90232	579	0.095459476
90232	3971	0.095459476
90232	890	0.09545947
90232	1146	0.09545947
90232	4323	0.09545947
90232	49	0.09545946
90232	478	0.09545946
90232	922	0.09545946
90232	995	0.09545946
90322	5731	0.11121013
90322	4103	0.11121012
90322	1621	0.111210115
90322	1848	0.111210115
90322	6149	0.111210115
90322	6279	0.111210115
90322	920	0.11121011
90322	1632	0.11121011
90322	2209	0.11121011
90322	4149	0.11121011
90391	387	0.12525877
90391	922	0.12525877
90391	2138	0.12525877
90391	3971	0.12525877
90391	5886	0.12525877
90391	6123	0.12525877
90391	597	0.12525876
90391	860	0.12525876
90391	997	0.12525876
90391	1194	0.12525876
90417	244	0.1486102
90417	6265	0.1486102
90417	149	0.14861017
90417	632	0.14861017
90417	3385	0.14861017
90417	4599	0.14861017
90417	582	0.14861016
90417	961	0.14861014
90417	1442	0.14861014
90417	2962	0.14861014
90467	3971	0.091457695
90467	6123	0.09145769
90467	387	0.09145768
90467	642	0.09145768
90467	997	0.09145768
90467	1194	0.09145768
90467	1869	0.09145768
90467	2138	0.09145768
90467	4076	0.09145768
90467	5886	0.09145768
90517	3971	0.100653745
90517	387	0.10065374
90517	1869	0.10065374
90517	5886	0.10065374
90517	6123	0.10065374
90517	4323	0.10065373
90517	5031	0.10065373
90517	49	0.10065372
90517	215	0.10065372
90517	478	0.10065372
90614	2419	0.09285709
90614	5041	0.092857085
90614	3230	0.09285708
90614	4673	0.09285708
90614	1648	0.09285707
90614	3443	0.09285707
90614	3606	0.09285707
90614	4938	0.09285707
90614	5864	0.09285707
90614	222	0.09285706
90616	1869	0.13162695
90616	4323	0.13162695
90616	5886	0.13162695
90616	49	0.13162693
90616	215	0.13162693
90616	387	0.13162693
90616	478	0.13162693
90616	628	0.13162693
90616	890	0.13162693
90616	922	0.13162693
90653	2138	0.10975443
90653	6123	0.10975443
90653	997	0.10975442
90653	3971	0.10975442
90653	6912	0.10975442
90653	597	0.10975441
90653	3559	0.10975441
90653	3965	0.10975441
90653	4076	0.10975441
90653	5886	0.10975441
90657	890	0.16469827
90657	2138	0.16469827
90657	3971	0.16469827
90657	5886	0.16469827
90657	6912	0.16469827
90657	1869	0.16469826
90657	3559	0.16469826
90657	3616	0.16469826
90657	5031	0.16469826
90657	24	0.16469824
90766	6021	0.06046639
90766	319	0.060073912
90766	5988	0.060073912
90766	1138	0.0600739
90766	5256	0.060073897
90766	5530	0.060073897
90766	5647	0.060073897
90766	4274	0.06007389
90766	1411	0.059918363
90766	2196	0.059918355
90776	3853	0.11556271
90776	3866	0.11556271
90776	4595	0.11556271
90776	3418	0.1155627
90776	3493	0.1155627
90776	6643	0.1155627
90776	533	0.11556269
90776	2220	0.11556269
90776	2304	0.11556269
90776	2363	0.11556269
90793	3971	0.08844274
90793	1869	0.088442735
90793	387	0.08844273
90793	890	0.08844273
90793	2138	0.08844273
90793	4076	0.08844273
90793	4323	0.08844273
90793	4390	0.08844273
90793	5886	0.08844273
90793	6123	0.08844273
90915	1856	0.112456486
90915	6507	0.112456486
90915	890	0.11245648
90915	1869	0.11245648
90915	2364	0.11245648
90915	3971	0.11245648
90915	4076	0.11245648
90915	4603	0.11245648
90915	5189	0.11245648
90915	6123	0.11245648
91002	6426	0.08474627
91002	1092	0.08399753
91002	511	0.08399752
91002	4557	0.08399752
91002	5998	0.08399751
91002	65	0.0839975
91002	245	0.0839975
91002	1644	0.0839975
91002	2219	0.0839975
91002	2796	0.0839975
91017	124	0.1311517
91017	41	0.13115169
91017	387	0.13115169
91017	1869	0.13115169
91017	2121	0.13115169
91017	49	0.13115168
91017	215	0.13115168
91017	266	0.13115168
91017	270	0.13115168
91017	410	0.13115168
91058	4885	0.12063166
91058	3560	0.12063164
91058	4796	0.12063164
91058	489	0.120631635
91058	2360	0.120631635
91058	2382	0.120631635
91058	3115	0.120631635
91058	3427	0.120631635
91058	3510	0.120631635
91058	4163	0.120631635
91103	387	0.13082582
91103	997	0.13082582
91103	1869	0.13082582
91103	2138	0.13082582
91103	3616	0.13082582
91103	3971	0.13082582
91103	4076	0.13082582
91103	5031	0.13082582
91103	5886	0.13082582
91103	6123	0.13082582
91113	5339	0.1476332
91113	109	0.14763318
91113	1087	0.14763318
91113	3120	0.14763318
91113	4749	0.14763318
91113	6222	0.14763318
91113	349	0.14763317
91113	400	0.14763317
91113	686	0.14763317
91113	1606	0.14763317
91119	124	0.12693745
91119	215	0.12693745
91119	387	0.12693745
91119	478	0.12693745
91119	577	0.12693745
91119	890	0.12693745
91119	922	0.12693745
91119	997	0.12693745
91119	1146	0.12693745
91119	1455	0.12693745
91130	4076	0.15439324
91130	41	0.15439323
91130	387	0.15439323
91130	890	0.15439323
91130	1869	0.15439323
91130	2138	0.15439323
91130	3971	0.15439323
91130	5886	0.15439323
91130	6123	0.15439323
91130	6507	0.15439323
91165	5451	0.08973178
91165	1544	0.08973177
91165	3793	0.08973177
91165	2812	0.08973175
91165	3323	0.08973174
91165	3935	0.08784709
91165	4686	0.08784709
91165	1472	0.087847084
91165	1951	0.087847084
91165	2769	0.087847084
91184	5886	0.10675713
91184	6123	0.10675713
91184	1869	0.10675712
91184	3971	0.10675712
91184	4076	0.10675712
91184	6507	0.10675712
91184	387	0.10675711
91184	890	0.10675711
91184	997	0.10675711
91184	1058	0.10675711
91203	4796	0.082835235
91203	1902	0.08283523
91203	2595	0.08283523
91203	3427	0.08283523
91203	3560	0.08283523
91203	3658	0.08283523
91203	3694	0.08283523
91203	4224	0.08283523
91203	4817	0.08283523
91203	4885	0.08283523
91263	171	0.08610995
91263	2464	0.08610995
91263	6122	0.08610995
91263	6250	0.08610995
91263	6677	0.08610995
91263	6584	0.08610993
91263	533	0.08585986
91263	3210	0.08585985
91263	3418	0.08585985
91263	3700	0.08585985
91342	4103	0.14846456
91342	5731	0.14846456
91342	396	0.14846455
91342	1621	0.14846455
91342	4496	0.14846455
91342	6670	0.14846455
91342	493	0.14846453
91342	892	0.14846453
91342	920	0.14846453
91342	1258	0.14846453
91425	4076	0.08515564
91425	775	0.085155636
91425	1550	0.085155636
91425	1869	0.085155636
91425	3164	0.085155636
91425	3971	0.085155636
91425	5886	0.085155636
91425	6912	0.085155636
91425	387	0.08515563
91425	478	0.08515563
91428	5031	0.1149507
91428	24	0.11495069
91428	41	0.11495069
91428	387	0.11495069
91428	890	0.11495069
91428	3971	0.11495069
91428	4323	0.11495069
91428	5886	0.11495069
91428	6912	0.11495069
91428	49	0.11495068
91449	5056	0.06384384
91449	3974	0.063687384
91449	690	0.06368737
91449	3765	0.06180768
91449	1806	0.061807677
91449	2220	0.061807677
91449	2499	0.061807677
91449	3418	0.061807677
91449	3493	0.061807677
91449	3700	0.061807677
91491	801	0.107475355
91491	5121	0.10747535
91491	686	0.10747534
91491	2916	0.10747534
91491	4151	0.10747534
91491	6222	0.10747534
91491	6252	0.10747534
91491	1087	0.10747533
91491	2126	0.10747533
91491	99	0.107475325
91576	6655	0.10626952
91576	2933	0.10626951
91576	3378	0.10626951
91576	5471	0.10626951
91576	5472	0.10626951
91576	6680	0.1062695
91576	6585	0.10626949
91576	6645	0.10626949
91576	5731	0.10623331
91576	920	0.1062333
91631	890	0.1258434
91631	2138	0.1258434
91631	3971	0.1258434
91631	4076	0.1258434
91631	6123	0.1258434
91631	6912	0.1258434
91631	41	0.12584339
91631	579	0.12584339
91631	775	0.12584339
91631	997	0.12584339
91634	5033	0.0888022
91634	520	0.08880218
91634	5653	0.088802174
91634	6810	0.088802174
91634	6147	0.08880216
91634	4243	0.088267334
91634	5417	0.08826733
91634	1467	0.088267304
91634	3560	0.08802957
91634	1080	0.08802956
91647	2653	0.07419469
91647	248	0.074194685
91647	1349	0.074194685
91647	1567	0.074194685
91647	2800	0.074194685
91647	4154	0.074194685
91647	4493	0.074194685
91647	4906	0.074194685
91647	5086	0.074194685
91647	5295	0.074194685
91685	1539	0.1057235
91685	891	0.10572347
91685	2388	0.10572347
91685	5592	0.10572347
91685	2667	0.10572346
91685	5008	0.10572346
91685	1899	0.105723456
91685	4368	0.105723456
91685	5113	0.105723456
91685	5146	0.105723456
91761	759	0.115684256
91761	4004	0.115684256
91761	4446	0.115684256
91761	6152	0.115684256
91761	6601	0.115684256
91761	6796	0.115684256
91761	2518	0.11568425
91761	3749	0.11568425
91761	30	0.11568424
91761	1344	0.11568424
91832	3971	0.14645836
91832	1869	0.14645834
91832	2138	0.14645834
91832	24	0.14645833
91832	997	0.14645833
91832	1393	0.14645833
91832	3616	0.14645833
91832	4076	0.14645833
91832	5031	0.14645833
91832	5305	0.14645833
91875	1869	0.1259514
91875	5031	0.1259514
91875	5886	0.1259514
91875	215	0.12595138
91875	645	0.12595138
91875	890	0.12595138
91875	2138	0.12595138
91875	3616	0.12595138
91875	3965	0.12595138
91875	3971	0.12595138
91931	5031	0.1178052
91931	3616	0.11780518
91931	5886	0.117805175
91931	890	0.11780517
91931	1869	0.11780517
91931	2138	0.11780517
91931	3971	0.11780517
91931	4076	0.11780517
91931	24	0.11780516
91931	49	0.11780516
92132	1869	0.12681809
92132	3971	0.12681809
92132	124	0.12681808
92132	387	0.12681808
92132	3616	0.12681808
92132	41	0.12681806
92132	49	0.12681806
92132	579	0.12681806
92132	810	0.12681806
92132	832	0.12681806
92152	1892	0.140529
92152	152	0.14052899
92152	869	0.14052898
92152	1457	0.14052898
92152	1598	0.14052898
92152	1679	0.14052898
92152	1750	0.14052898
92152	1937	0.14052898
92152	2723	0.14052898
92152	2977	0.14052898
92156	947	0.12976222
92156	2929	0.12976222
92156	130	0.1297622
92156	506	0.1297622
92156	1764	0.1297622
92156	1775	0.1297622
92156	1995	0.1297622
92156	2148	0.1297622
92156	2366	0.1297622
92156	4057	0.1297622
92184	1340	0.1533229
92184	1869	0.1533229
92184	3616	0.1533229
92184	5031	0.1533229
92184	5886	0.1533229
92184	890	0.15332289
92184	997	0.15332289
92184	2364	0.15332289
92184	49	0.15332288
92184	124	0.15332288
92215	3700	0.11087483
92215	4595	0.11087483
92215	3210	0.110874824
92215	5115	0.110874824
92215	5454	0.110874824
92215	533	0.11087482
92215	2304	0.11087482
92215	3112	0.11087482
92215	3418	0.11087482
92215	3493	0.11087482
92278	1869	0.09406589
92278	4323	0.09406589
92278	3971	0.09406588
92278	5886	0.09406588
92278	6123	0.09406588
92278	49	0.094065875
92278	387	0.094065875
92278	642	0.094065875
92278	890	0.094065875
92278	997	0.094065875
92316	3971	0.121996924
92316	5886	0.121996924
92316	6123	0.121996924
92316	1340	0.12199692
92316	1869	0.12199692
92316	2138	0.12199692
92316	387	0.12199691
92316	890	0.12199691
92316	997	0.12199691
92316	1194	0.12199691
92398	5886	0.1345009
92398	387	0.13450089
92398	890	0.13450089
92398	997	0.13450089
92398	1058	0.13450089
92398	1062	0.13450089
92398	1455	0.13450089
92398	1869	0.13450089
92398	2037	0.13450089
92398	2121	0.13450089
92405	387	0.13870308
92405	1869	0.13870308
92405	3616	0.13870308
92405	3971	0.13870308
92405	5886	0.13870308
92405	890	0.13870306
92405	997	0.13870306
92405	2728	0.13870306
92405	3965	0.13870306
92405	5031	0.13870306
92498	1238	0.081513464
92498	5128	0.081513464
92498	143	0.08151346
92498	1449	0.08151346
92498	5630	0.08151346
92498	2100	0.08151345
92498	2809	0.08151345
92498	4320	0.08151345
92498	5275	0.08151345
92498	5508	0.08151345
92524	913	0.09257281
92524	4712	0.09257281
92524	3482	0.092572786
92524	244	0.09225286
92524	6265	0.09225286
92524	4045	0.09225285
92524	4599	0.09225285
92524	149	0.09225284
92524	632	0.09225284
92524	2962	0.09225284
92547	3616	0.21587595
92547	3971	0.21587595
92547	5031	0.21587595
92547	810	0.21587592
92547	1552	0.21587592
92547	1852	0.21587592
92547	1869	0.21587592
92547	2037	0.21587592
92547	2121	0.21587592
92547	2138	0.21587592
92648	387	0.13277021
92648	3971	0.13277021
92648	890	0.1327702
92648	1393	0.1327702
92648	1869	0.1327702
92648	3559	0.1327702
92648	5031	0.1327702
92648	24	0.13277018
92648	41	0.13277018
92648	49	0.13277018
92652	1177	0.10479008
92652	4299	0.10479007
92652	6530	0.10479007
92652	4324	0.10479006
92652	4806	0.10479006
92652	6318	0.10479006
92652	3263	0.104790054
92652	5085	0.104790054
92652	5691	0.104790054
92652	589	0.10479005
92658	387	0.11317596
92658	890	0.11317596
92658	2121	0.11317596
92658	6123	0.11317595
92658	41	0.11317594
92658	124	0.11317594
92658	579	0.11317594
92658	642	0.11317594
92658	922	0.11317594
92658	1058	0.11317594
92693	3403	0.090165175
92693	5619	0.09016516
92693	848	0.09016514
92693	3601	0.09016514
92693	3797	0.09016514
92693	3902	0.09016514
92693	5165	0.09016514
92693	5309	0.09016514
92693	1267	0.09016513
92693	2768	0.09016513
92696	5031	0.10992647
92696	478	0.10992646
92696	997	0.10992646
92696	1856	0.10992646
92696	6912	0.10992646
92696	376	0.109926455
92696	890	0.109926455
92696	1062	0.109926455
92696	1393	0.109926455
92696	1415	0.109926455
92804	4076	0.10712032
92804	3971	0.10712031
92804	5886	0.10712031
92804	124	0.107120305
92804	387	0.107120305
92804	775	0.107120305
92804	890	0.107120305
92804	1146	0.107120305
92804	1869	0.107120305
92804	3897	0.107120305
92810	506	0.16706908
92810	947	0.16706908
92810	1764	0.16706908
92810	2029	0.16706908
92810	2929	0.16706908
92810	3290	0.16706908
92810	130	0.16706906
92810	4057	0.16706906
92810	172	0.16706905
92810	175	0.16706905
92853	3971	0.09887552
92853	5886	0.098875515
92853	890	0.09887551
92853	1869	0.09887551
92853	2103	0.09887551
92853	2138	0.09887551
92853	2309	0.09887551
92853	3965	0.09887551
92853	4323	0.09887551
92853	5031	0.09887551
92861	3971	0.12044271
92861	387	0.12044269
92861	1869	0.12044269
92861	2138	0.12044269
92861	890	0.12044268
92861	3616	0.12044268
92861	6123	0.12044268
92861	124	0.12044267
92861	832	0.12044267
92861	922	0.12044267
92979	387	0.13292195
92979	2138	0.13292195
92979	3971	0.13292195
92979	41	0.13292193
92979	124	0.13292193
92979	579	0.13292193
92979	597	0.13292193
92979	901	0.13292193
92979	922	0.13292193
92979	986	0.13292193
93018	6559	0.07451393
93018	5059	0.07451391
93018	5048	0.0735863
93018	5707	0.07358629
93018	4875	0.073586285
93018	2946	0.07358628
93018	523	0.073378906
93018	3598	0.07337445
93018	2443	0.07337444
93018	1098	0.0731966
93034	3971	0.119141355
93034	1869	0.11914135
93034	2121	0.11914135
93034	387	0.11914134
93034	890	0.11914134
93034	1415	0.11914134
93034	2728	0.11914134
93034	3616	0.11914134
93034	4076	0.11914134
93034	5716	0.11914134
93046	511	0.14629641
93046	617	0.1462964
93046	3526	0.1462964
93046	5288	0.1462964
93046	6364	0.1462964
93046	1092	0.14629638
93046	2785	0.14629638
93046	4557	0.14629638
93046	5302	0.14629638
93046	5998	0.14629638
93085	1869	0.11074617
93085	3971	0.11074617
93085	387	0.11074616
93085	890	0.11074616
93085	2138	0.11074616
93085	3616	0.11074616
93085	124	0.11074615
93085	597	0.11074615
93085	3559	0.11074615
93085	5031	0.11074615
93092	41	0.12740472
93092	890	0.12740472
93092	922	0.12740472
93092	997	0.12740472
93092	1146	0.12740472
93092	1869	0.12740472
93092	2138	0.12740472
93092	3971	0.12740472
93092	5031	0.12740472
93092	5886	0.12740472
93105	4233	0.10283281
93105	1679	0.1028328
93105	1937	0.1028328
93105	152	0.102832794
93105	869	0.102832794
93105	1598	0.102832794
93105	5286	0.102832794
93105	6747	0.102832794
93105	1457	0.10283279
93105	3216	0.10283279
93130	4103	0.11921699
93130	3610	0.119216986
93130	1621	0.11921698
93130	2320	0.11921698
93130	2644	0.11921698
93130	4703	0.11921698
93130	6149	0.11921698
93130	6670	0.11921698
93130	920	0.11921697
93130	1848	0.11921697
93141	854	0.084936805
93141	968	0.0849368
93141	1413	0.0849368
93141	1902	0.0849368
93141	2360	0.0849368
93141	3115	0.0849368
93141	3510	0.0849368
93141	3694	0.0849368
93141	3939	0.0849368
93141	5411	0.0849368
93147	511	0.13946308
93147	1092	0.13946308
93147	5998	0.13946308
93147	6364	0.13946308
93147	1644	0.13946307
93147	3526	0.13946307
93147	4318	0.13946307
93147	4557	0.13946307
93147	5288	0.13946307
93147	6880	0.13946307
93179	848	0.04899988
93179	5619	0.048999872
93179	2768	0.04899987
93179	3601	0.04899987
93179	3797	0.04899987
93179	5309	0.04899987
93179	3403	0.048999865
93179	1678	0.04899986
93179	3902	0.04899986
93179	3970	0.04899986
93241	3477	0.08830358
93241	1621	0.0877822
93241	5731	0.0877822
93241	920	0.08778219
93241	1258	0.08778219
93241	1459	0.08778219
93241	1848	0.08778219
93241	2644	0.08778219
93241	4103	0.08778219
93241	6149	0.08778219
93308	5726	0.08755256
93308	5790	0.08755256
93308	943	0.08755255
93308	973	0.08755254
93308	5817	0.08755254
93308	5213	0.08755253
93308	1335	0.08755252
93308	2274	0.087332055
93308	2382	0.087332055
93308	3658	0.087332055
93355	49	0.13225463
93355	387	0.13225463
93355	478	0.13225463
93355	997	0.13225463
93355	1869	0.13225463
93355	3971	0.13225463
93355	4076	0.13225463
93355	5886	0.13225463
93355	6123	0.13225463
93355	124	0.13225462
93358	478	0.12570938
93358	890	0.12570938
93358	986	0.12570938
93358	1062	0.12570938
93358	1194	0.12570938
93358	1455	0.12570938
93358	1856	0.12570938
93358	1869	0.12570938
93358	2121	0.12570938
93358	2138	0.12570938
93363	62	0.0897268
93363	6258	0.08972679
93363	2033	0.08896396
93363	3677	0.087659076
93363	5914	0.087659076
93363	6312	0.087659076
93363	6396	0.087659076
93363	1155	0.08765907
93363	4740	0.08765907
93363	1163	0.08765906
93364	6674	0.13585538
93364	3830	0.13585536
93364	4718	0.13585536
93364	4727	0.13585536
93364	6643	0.13585536
93364	533	0.13585535
93364	846	0.13585535
93364	1745	0.13585535
93364	1752	0.13585535
93364	1806	0.13585535
93421	2419	0.10299229
93421	222	0.10299228
93421	3870	0.10299228
93421	4452	0.10299228
93421	4519	0.10299228
93421	4673	0.10299228
93421	6231	0.10299228
93421	2783	0.102992274
93421	3230	0.102992274
93421	3837	0.102992274
93426	3971	0.12329542
93426	1869	0.12329541
93426	3616	0.12329541
93426	5886	0.123295404
93426	6123	0.123295404
93426	124	0.1232954
93426	387	0.1232954
93426	832	0.1232954
93426	890	0.1232954
93426	997	0.1232954
93453	2419	0.11332057
93453	1804	0.11332056
93453	5041	0.11332056
93453	6716	0.11332056
93453	1648	0.11332055
93453	3230	0.11332055
93453	4501	0.11332055
93453	4673	0.11332055
93453	1462	0.113320544
93453	3081	0.113320544
93513	5869	0.09376622
93513	248	0.09376621
93513	4906	0.09376621
93513	1567	0.093766205
93513	135	0.0937662
93513	2653	0.0937662
93513	3361	0.0937662
93513	4493	0.0937662
93513	5086	0.0937662
93513	5295	0.0937662
93518	2986	0.103541985
93518	3929	0.103541985
93518	4387	0.103541985
93518	6288	0.103541985
93518	626	0.10354198
93518	4143	0.10354198
93518	4290	0.10354198
93518	497	0.10354197
93518	1610	0.10354197
93518	1733	0.10354197
93562	3971	0.09543762
93562	597	0.095437616
93562	997	0.095437616
93562	1869	0.095437616
93562	2138	0.095437616
93562	3616	0.095437616
93562	5031	0.095437616
93562	5886	0.095437616
93562	6123	0.095437616
93562	387	0.09543761
93565	1869	0.103547916
93565	5886	0.10354791
93565	387	0.1035479
93565	3971	0.1035479
93565	4076	0.1035479
93565	6123	0.1035479
93565	41	0.10354789
93565	266	0.10354789
93565	890	0.10354789
93565	901	0.10354789
93615	2419	0.09709377
93615	4673	0.09709375
93615	247	0.097093746
93615	1648	0.097093746
93615	3230	0.097093746
93615	3443	0.097093746
93615	3606	0.097093746
93615	4080	0.097093746
93615	4452	0.097093746
93615	4758	0.097093746
93629	4460	0.10478473
93629	2840	0.1047847
93629	2045	0.10478468
93629	1692	0.104784675
93629	331	0.10478467
93629	1531	0.10478467
93629	2583	0.10478464
93629	1869	0.10343884
93629	3971	0.10343884
93629	6123	0.10343883
93630	3224	0.085252754
93630	3862	0.08525274
93630	2182	0.08525273
93630	2940	0.08524633
93630	5069	0.08524632
93630	305	0.0852463
93630	3655	0.08427443
93630	6027	0.08427441
93630	6570	0.08427441
93630	2755	0.084274404
93631	49	0.07719378
93631	514	0.07719378
93631	997	0.07719378
93631	1856	0.07719378
93631	1869	0.07719378
93631	2364	0.07719378
93631	3059	0.07719378
93631	3559	0.07719378
93631	5031	0.07719378
93631	6507	0.07719378
93636	1869	0.116385475
93636	3971	0.116385475
93636	3616	0.11638547
93636	5886	0.11638547
93636	387	0.11638546
93636	645	0.11638546
93636	890	0.11638546
93636	2138	0.11638546
93636	3965	0.11638546
93636	5031	0.11638546
93698	387	0.12615319
93698	3616	0.12615319
93698	124	0.12615317
93698	997	0.12615317
93698	1058	0.12615317
93698	1869	0.12615317
93698	2121	0.12615317
93698	2728	0.12615317
93698	3059	0.12615317
93698	3750	0.12615317
93732	626	0.126261
93732	1610	0.126261
93732	2986	0.126261
93732	3929	0.126261
93732	4143	0.126261
93732	4387	0.126261
93732	4482	0.126261
93732	5974	0.126261
93732	1733	0.12626098
93732	5512	0.12626098
93770	3381	0.0803711
93770	1676	0.08037108
93770	1986	0.080371074
93770	2814	0.08037107
93770	467	0.07948975
93770	3799	0.07948975
93770	4843	0.07948975
93770	3384	0.079489745
93770	4338	0.079489745
93770	6244	0.079489745
93800	3971	0.0975447
93800	4076	0.0975447
93800	6912	0.0975447
93800	41	0.09754469
93800	1869	0.09754469
93800	5886	0.09754469
93800	215	0.097544685
93800	269	0.097544685
93800	387	0.097544685
93800	478	0.097544685
93871	1087	0.09536292
93871	3120	0.09536292
93871	6222	0.09536292
93871	2126	0.09536291
93871	2916	0.09536291
93871	6252	0.09536291
93871	400	0.0953629
93871	801	0.0953629
93871	1389	0.0953629
93871	1438	0.0953629
93985	775	0.098878875
93985	997	0.098878875
93985	1869	0.098878875
93985	2364	0.098878875
93985	3059	0.098878875
93985	5886	0.098878875
93985	6123	0.09887887
93985	6507	0.09887887
93985	49	0.09887886
93985	160	0.09887886
94023	3853	0.20972297
94023	3866	0.20972297
94023	4595	0.20972297
94023	6643	0.20972297
94023	533	0.20972294
94023	2220	0.20972294
94023	3091	0.20972294
94023	3112	0.20972294
94023	3210	0.20972294
94023	3418	0.20972294
94094	2364	0.117571875
94094	5896	0.117571875
94094	2138	0.11757187
94094	3616	0.11757187
94094	3971	0.11757187
94094	41	0.11757186
94094	579	0.11757186
94094	775	0.11757186
94094	890	0.11757186
94094	1869	0.11757186
94213	5031	0.12243364
94213	890	0.12243363
94213	2138	0.12243363
94213	4076	0.12243363
94213	6123	0.12243363
94213	597	0.122433625
94213	842	0.122433625
94213	986	0.122433625
94213	997	0.122433625
94213	1094	0.122433625
94242	3799	0.11387608
94242	6244	0.113876075
94242	2501	0.11387606
94242	4338	0.11387606
94242	395	0.113876045
94242	467	0.113876045
94242	2821	0.113876045
94242	3430	0.113876045
94242	4843	0.113876045
94242	6322	0.113876045
94263	4103	0.14377823
94263	5731	0.14377823
94263	6465	0.14377823
94263	1621	0.14377822
94263	4703	0.14377822
94263	6149	0.14377822
94263	396	0.1437782
94263	398	0.1437782
94263	493	0.1437782
94263	605	0.1437782
94334	4460	0.079781614
94334	2045	0.07978161
94334	331	0.07978159
94334	1692	0.07978159
94334	2840	0.07978159
94334	1531	0.07978156
94334	2583	0.079781555
94334	387	0.07958797
94334	2121	0.07958797
94334	3616	0.07958797
94362	49	0.090215296
94362	387	0.090215296
94362	1869	0.090215296
94362	3971	0.090215296
94362	41	0.09021529
94362	579	0.09021529
94362	890	0.09021529
94362	997	0.09021529
94362	2364	0.09021529
94362	4076	0.09021529
94366	3120	0.10716282
94366	801	0.1071628
94366	1087	0.1071628
94366	1389	0.1071628
94366	2145	0.1071628
94366	2916	0.1071628
94366	3219	0.1071628
94366	3785	0.1071628
94366	4151	0.1071628
94366	4342	0.1071628
94376	1806	0.08599405
94376	3112	0.08599405
94376	3493	0.08599405
94376	3830	0.08599405
94376	3853	0.08599405
94376	3866	0.08599405
94376	6643	0.08599405
94376	6768	0.08599405
94376	401	0.08599404
94376	2220	0.08599404
94385	3616	0.11229864
94385	5031	0.11229864
94385	890	0.11229863
94385	3971	0.11229863
94385	5886	0.11229863
94385	49	0.11229862
94385	387	0.11229862
94385	579	0.11229862
94385	645	0.11229862
94385	1869	0.11229862
94396	2360	0.08721876
94396	4796	0.08721876
94396	4817	0.08721876
94396	854	0.087218754
94396	1413	0.087218754
94396	3115	0.087218754
94396	3658	0.087218754
94396	3694	0.087218754
94396	489	0.08721875
94396	968	0.08721875
94494	3866	0.10305921
94494	3830	0.103059195
94494	3853	0.103059195
94494	4595	0.10305919
94494	4718	0.10305919
94494	4727	0.10305919
94494	4807	0.10305919
94494	6310	0.10305919
94494	6643	0.10305919
94494	6674	0.10305919
94495	392	0.08548752
94495	2342	0.08548752
94495	1868	0.085487515
94495	6537	0.085487515
94495	1695	0.085469574
94495	1801	0.085469574
94495	5595	0.085469574
94495	120	0.08546957
94495	4403	0.08546956
94495	4678	0.08546956
94519	1567	0.09227279
94519	2653	0.09227279
94519	4906	0.09227279
94519	5086	0.09227279
94519	5422	0.09227279
94519	5715	0.09227279
94519	4493	0.09227278
94519	4868	0.09227278
94519	5335	0.09227278
94519	6646	0.09227278
94529	3971	0.12056333
94529	124	0.12056331
94529	387	0.12056331
94529	890	0.12056331
94529	2138	0.12056331
94529	1869	0.120563306
94529	3616	0.120563306
94529	3965	0.120563306
94529	5886	0.120563306
94529	6123	0.120563306
94630	3971	0.085324466
94630	387	0.08532445
94630	890	0.08532445
94630	1146	0.08532445
94630	1869	0.08532445
94630	2138	0.08532445
94630	5886	0.08532445
94630	6123	0.08532445
94630	579	0.085324444
94630	597	0.085324444
94730	579	0.12156846
94730	1869	0.12156846
94730	3971	0.12156846
94730	41	0.12156845
94730	124	0.12156844
94730	387	0.12156844
94730	890	0.12156844
94730	986	0.12156844
94730	1455	0.12156844
94730	2121	0.12156844
94787	2726	0.11080077
94787	244	0.11027257
94787	6265	0.11027257
94787	582	0.11027256
94787	632	0.11027256
94787	149	0.11027254
94787	961	0.11027254
94787	2962	0.11027254
94787	4045	0.11027254
94787	1442	0.11027253
94818	3971	0.115406744
94818	5886	0.11540674
94818	890	0.11540672
94818	997	0.11540672
94818	1194	0.11540672
94818	1455	0.11540672
94818	1869	0.11540672
94818	2138	0.11540672
94818	2736	0.11540672
94818	3452	0.11540672
94843	1177	0.08963117
94843	6318	0.08963117
94843	3263	0.08963116
94843	4177	0.08963116
94843	5085	0.08963116
94843	6762	0.08963116
94843	531	0.089631155
94843	1221	0.089631155
94843	1233	0.089631155
94843	1255	0.089631155
94923	111	0.123183236
94923	5695	0.123183236
94923	1793	0.12318322
94923	4692	0.12318322
94923	4729	0.12318322
94923	5890	0.12318322
94923	368	0.12318321
94923	2099	0.123183206
94923	5181	0.123183206
94923	1537	0.1231832
94951	3493	0.1012436
94951	3795	0.1012436
94951	5454	0.1012436
94951	5730	0.1012436
94951	6643	0.1012436
94951	6677	0.1012436
94951	2363	0.10124359
94951	2464	0.10124359
94951	4718	0.10124359
94951	6250	0.10124359
94952	660	0.105753615
94952	3597	0.1057536
94952	3179	0.10575359
94952	1423	0.10575357
94952	4595	0.10572806
94952	533	0.105728045
94952	1806	0.105728045
94952	2499	0.105728045
94952	3493	0.105728045
94952	3700	0.105728045
94965	5031	0.08529816
94965	49	0.08529815
94965	645	0.08529815
94965	890	0.08529815
94965	1415	0.08529815
94965	1869	0.08529815
94965	5716	0.08529815
94965	6915	0.08529815
94965	478	0.08529814
94965	1194	0.08529814
94985	1869	0.05637923
94985	3971	0.05637923
94985	49	0.056379225
94985	2364	0.056379225
94985	2806	0.056379225
94985	3059	0.056379225
94985	6123	0.056379225
94985	6915	0.056379225
94985	41	0.05637922
94985	215	0.05637922
94997	5919	0.117301375
94997	4121	0.11730137
94997	2651	0.11730136
94997	6886	0.11730136
94997	4173	0.11730135
94997	4384	0.11730134
94997	6103	0.11730134
94997	6000	0.11730133
94997	6463	0.11730133
94997	3870	0.11474493
95010	6237	0.077124
95010	5827	0.07606485
95010	14	0.076064825
95010	3580	0.076064825
95010	6182	0.076064825
95010	6547	0.07606481
95010	2954	0.07590602
95010	647	0.07590599
95010	286	0.07578057
95010	3417	0.07578057
95025	3971	0.107470684
95025	478	0.10747067
95025	5886	0.10747067
95025	49	0.10747066
95025	124	0.10747066
95025	387	0.10747066
95025	890	0.10747066
95025	922	0.10747066
95025	997	0.10747066
95025	1189	0.10747066
95043	3493	0.07720365
95043	3853	0.07720365
95043	3830	0.07720364
95043	3866	0.07720364
95043	4727	0.07720364
95043	5454	0.07720364
95043	6643	0.07720364
95043	6768	0.07720364
95043	401	0.07720363
95043	472	0.07720363
95173	387	0.16969948
95173	890	0.16969948
95173	3971	0.16969948
95173	901	0.16969946
95173	922	0.16969946
95173	1146	0.16969946
95173	1869	0.16969946
95173	2121	0.16969946
95173	3616	0.16969946
95173	5029	0.16969946
95226	890	0.14228088
95226	3616	0.14228088
95226	3971	0.14228088
95226	5031	0.14228088
95226	5886	0.14228088
95226	387	0.14228086
95226	1094	0.14228086
95226	3042	0.14228086
95226	3897	0.14228086
95226	6123	0.14228086
95250	41	0.14052579
95250	376	0.14052579
95250	597	0.14052579
95250	832	0.14052579
95250	997	0.14052579
95250	1869	0.14052579
95250	2121	0.14052579
95250	2138	0.14052579
95250	3965	0.14052579
95250	3971	0.14052579
95261	3971	0.0971011
95261	215	0.09710109
95261	890	0.09710109
95261	1856	0.09710109
95261	1869	0.09710109
95261	3452	0.09710109
95261	5031	0.09710109
95261	5886	0.09710109
95261	387	0.097101085
95261	922	0.097101085
95301	231	0.113177605
95301	1619	0.1131776
95301	4176	0.1131776
95301	668	0.11317758
95301	677	0.11317758
95301	2326	0.11317758
95301	5197	0.11317758
95301	5872	0.11317758
95301	6840	0.11317758
95301	1022	0.113177575
95316	890	0.119881615
95316	3971	0.119881615
95316	5031	0.119881615
95316	5886	0.119881615
95316	49	0.1198816
95316	387	0.1198816
95316	922	0.1198816
95316	1146	0.1198816
95316	1856	0.1198816
95316	1869	0.1198816
95353	387	0.10289627
95353	890	0.10289627
95353	1869	0.10289627
95353	2138	0.10289627
95353	3971	0.10289627
95353	5886	0.10289627
95353	6123	0.10289627
95353	4949	0.102896266
95353	41	0.10289626
95353	478	0.10289626
95360	1869	0.1013947
95360	3971	0.10139469
95360	2087	0.10139468
95360	2138	0.10139468
95360	6123	0.10139468
95360	387	0.101394676
95360	579	0.101394676
95360	1194	0.101394676
95360	1229	0.101394676
95360	2121	0.101394676
95393	111	0.09210125
95393	4692	0.092101246
95393	4729	0.092101246
95393	5890	0.092101246
95393	1793	0.09210124
95393	2588	0.09210123
95393	5695	0.09210123
95393	1075	0.092101224
95393	2099	0.092101224
95393	2109	0.092101224
95452	5031	0.13164906
95452	24	0.13164905
95452	41	0.13164905
95452	124	0.13164905
95452	810	0.13164905
95452	890	0.13164905
95452	901	0.13164905
95452	986	0.13164905
95452	997	0.13164905
95452	1856	0.13164905
95506	1869	0.11125547
95506	3971	0.11125547
95506	387	0.11125546
95506	579	0.11125546
95506	890	0.11125546
95506	922	0.11125546
95506	5031	0.11125546
95506	645	0.11125545
95506	997	0.11125545
95506	1159	0.11125545
95509	1869	0.12051177
95509	3971	0.12051177
95509	5218	0.12051177
95509	5886	0.12051177
95509	1862	0.12051176
95509	4076	0.12051176
95509	6123	0.12051176
95509	6912	0.12051176
95509	266	0.120511755
95509	328	0.120511755
95525	2381	0.08778388
95525	3834	0.08778387
95525	4821	0.08778387
95525	875	0.08733189
95525	6222	0.08678873
95525	3187	0.08678872
95525	1087	0.086788714
95525	1389	0.086788714
95525	1492	0.086788714
95525	1650	0.086788714
95574	5309	0.09751792
95574	848	0.09751791
95574	3403	0.09751791
95574	3902	0.09751791
95574	5619	0.09751791
95574	2768	0.0975179
95574	1646	0.09751789
95574	3601	0.09751789
95574	3797	0.09751789
95574	2290	0.097517885
95781	3418	0.101515904
95781	3853	0.101515904
95781	3866	0.101515904
95781	5454	0.101515904
95781	2220	0.1015159
95781	4241	0.1015159
95781	5688	0.1015159
95781	6674	0.1015159
95781	1070	0.10151589
95781	2569	0.10151589
95903	3971	0.16245821
95903	5031	0.1624582
95903	387	0.16245818
95903	478	0.16245818
95903	597	0.16245818
95903	645	0.16245818
95903	890	0.16245818
95903	922	0.16245818
95903	1146	0.16245818
95903	1189	0.16245818
95907	6435	0.11364918
95907	3321	0.113649175
95907	3991	0.113649175
95907	1218	0.11364916
95907	3447	0.11364916
95907	3469	0.11364915
95907	3982	0.11364915
95907	400	0.11319364
95907	801	0.11319364
95907	4151	0.11319364
95921	2419	0.14135577
95921	3230	0.14135575
95921	3606	0.14135575
95921	4673	0.14135575
95921	4938	0.14135575
95921	5041	0.14135575
95921	884	0.14135574
95921	1648	0.14135574
95921	3870	0.14135574
95921	4452	0.14135574
95923	890	0.12810601
95923	6123	0.12810601
95923	387	0.128106
95923	579	0.128106
95923	901	0.128106
95923	1189	0.128106
95923	1869	0.128106
95923	2121	0.128106
95923	2138	0.128106
95923	2714	0.128106
95932	1478	0.12835008
95932	3317	0.12835008
95932	2228	0.12835005
95932	1607	0.12835003
95932	5430	0.12705739
95932	364	0.12705737
95932	2606	0.12705736
95932	3435	0.12705736
95932	1826	0.12705734
95932	2102	0.12705734
95991	41	0.08415951
95991	124	0.08415951
95991	387	0.08415951
95991	1058	0.08415951
95991	1403	0.08415951
95991	1869	0.08415951
95991	832	0.0841595
95991	1393	0.0841595
95991	2138	0.0841595
95991	2728	0.0841595
96019	6418	0.08276507
96019	6608	0.08276507
96019	471	0.082765065
96019	1285	0.082765065
96019	3937	0.082765065
96019	5310	0.082765065
96019	46	0.08276506
96019	102	0.08276506
96019	606	0.08276506
96019	1575	0.08276506
96053	1869	0.07870425
96053	3971	0.07870425
96053	890	0.078704245
96053	4076	0.078704245
96053	41	0.07870424
96053	387	0.07870424
96053	538	0.07870424
96053	922	0.07870424
96053	1403	0.07870424
96053	1856	0.07870424
96054	5904	0.108236514
96054	551	0.10823651
96054	4671	0.10823651
96054	2022	0.1082365
96054	3906	0.1082365
96054	4461	0.1082365
96054	191	0.10823649
96054	667	0.10823649
96054	806	0.10823649
96054	953	0.10823649
96055	2916	0.10953446
96055	3120	0.10953446
96055	4342	0.10953446
96055	686	0.10953445
96055	5121	0.10953445
96055	400	0.10953444
96055	801	0.10953444
96055	1087	0.10953444
96055	1613	0.10953444
96055	1650	0.10953444
96194	759	0.089188784
96194	4004	0.089188784
96194	4446	0.089188784
96194	6601	0.089188784
96194	2128	0.08918878
96194	2518	0.08918878
96194	3481	0.08918878
96194	3749	0.08918878
96194	5980	0.08918878
96194	1344	0.08918877
96320	1869	0.10475437
96320	3971	0.104754366
96320	2364	0.10475436
96320	3164	0.10475436
96320	3616	0.10475436
96320	6915	0.10475436
96320	124	0.10475435
96320	775	0.10475435
96320	890	0.10475435
96320	1403	0.10475435
96335	3971	0.09200296
96335	1869	0.09200295
96335	5031	0.09200295
96335	24	0.09200294
96335	376	0.09200294
96335	387	0.09200294
96335	478	0.09200294
96335	832	0.09200294
96335	890	0.09200294
96335	922	0.09200294
96357	6123	0.11758613
96357	997	0.11758612
96357	1869	0.11758612
96357	3616	0.11758612
96357	3971	0.11758612
96357	2121	0.11758611
96357	2364	0.11758611
96357	5218	0.11758611
96357	266	0.117586106
96357	273	0.117586106
96440	5731	0.077455245
96440	1848	0.07745524
96440	2450	0.07745524
96440	3657	0.07745524
96440	4103	0.07745524
96440	6149	0.07745524
96440	396	0.07745523
96440	1621	0.07745523
96440	3143	0.07745523
96440	344	0.07745522
96444	5697	0.10775578
96444	3875	0.107755765
96444	4167	0.107755765
96444	2582	0.10775576
96444	3883	0.10775576
96444	5666	0.10775576
96444	6361	0.10775576
96444	6459	0.10775575
96444	2537	0.107755736
96444	2691	0.107755736
96448	3971	0.11072963
96448	5886	0.11072963
96448	215	0.11072962
96448	597	0.11072962
96448	901	0.11072962
96448	997	0.11072962
96448	1869	0.11072962
96448	3616	0.11072962
96448	3750	0.11072962
96448	5031	0.11072962
96474	3971	0.12110466
96474	997	0.12110465
96474	1869	0.12110465
96474	3965	0.12110464
96474	5886	0.12110464
96474	6123	0.12110464
96474	6912	0.12110464
96474	124	0.121104635
96474	387	0.121104635
96474	2138	0.121104635
96493	3694	0.11733773
96493	4224	0.11733773
96493	4796	0.11733773
96493	4885	0.11733773
96493	3560	0.117337726
96493	1413	0.11733772
96493	2360	0.11733772
96493	2880	0.11733772
96493	3434	0.11733772
96493	3510	0.11733772
96521	3853	0.12656596
96521	3866	0.12656595
96521	3980	0.12656593
96521	4241	0.12656593
96521	4595	0.12656593
96521	4718	0.12656593
96521	4727	0.12656593
96521	4807	0.12656593
96521	5115	0.12656593
96521	5454	0.12656593
96554	511	0.10778519
96554	1092	0.10778518
96554	2785	0.10778518
96554	3526	0.10778518
96554	4557	0.10778518
96554	4905	0.10778518
96554	5288	0.10778518
96554	5998	0.10778518
96554	3097	0.10778517
96554	4128	0.10778517
96679	884	0.12305958
96679	2419	0.12305957
96679	3606	0.12305957
96679	3870	0.12305957
96679	4080	0.12305957
96679	4472	0.12305957
96679	1648	0.12305956
96679	4673	0.12305956
96679	5041	0.12305956
96679	6231	0.12305956
96744	1869	0.10807701
96744	3971	0.10807701
96744	5886	0.10807701
96744	890	0.108077005
96744	1194	0.108077005
96744	1856	0.108077005
96744	4076	0.108077005
96744	6123	0.108077005
96744	6515	0.108077005
96744	49	0.108077
96771	997	0.124496475
96771	3971	0.124496475
96771	6912	0.124496475
96771	1869	0.12449647
96771	2138	0.12449647
96771	2364	0.12449647
96771	24	0.12449646
96771	124	0.12449646
96771	775	0.12449646
96771	1403	0.12449646
96869	3425	0.13593718
96869	2581	0.13593715
96869	5364	0.13593715
96869	565	0.13593714
96869	6025	0.13593714
96869	399	0.13593712
96869	1918	0.13593712
96869	3779	0.13593712
96869	4899	0.13593712
96869	5330	0.13593712
96880	4885	0.13733716
96880	2360	0.13733715
96880	2382	0.13733715
96880	2880	0.13733715
96880	3560	0.13733715
96880	3658	0.13733715
96880	3694	0.13733715
96880	4224	0.13733715
96880	4796	0.13733715
96880	6555	0.13733715
96900	5031	0.109900564
96900	1869	0.10990056
96900	842	0.10990055
96900	890	0.10990055
96900	997	0.10990055
96900	2646	0.10990055
96900	3616	0.10990055
96900	4076	0.10990055
96900	4323	0.10990055
96900	5716	0.10990055
96936	1567	0.11526263
96936	4493	0.11526263
96936	248	0.11526262
96936	711	0.11526262
96936	3360	0.11526262
96936	4089	0.11526262
96936	4906	0.11526262
96936	6492	0.11526262
96936	1349	0.11526261
96936	2653	0.11526261
96954	660	0.103284545
96954	3597	0.103284545
96954	3179	0.10328454
96954	1423	0.10328453
96954	6265	0.103117526
96954	244	0.10311751
96954	149	0.103117496
96954	582	0.103117496
96954	632	0.103117496
96954	2962	0.103117496
96970	3971	0.13065003
96970	387	0.13065001
96970	1869	0.13065001
96970	49	0.13065
96970	3616	0.13065
96970	5886	0.13065
96970	6912	0.13065
96970	24	0.13064998
96970	41	0.13064998
96970	124	0.13064998
96989	1869	0.1318903
96989	3971	0.1318903
96989	387	0.13189028
96989	2138	0.13189028
96989	41	0.13189027
96989	49	0.13189027
96989	124	0.13189027
96989	579	0.13189027
96989	597	0.13189027
96989	645	0.13189027
97160	4103	0.112204626
97160	4703	0.112204626
97160	5731	0.112204626
97160	6149	0.112204626
97160	1848	0.11220462
97160	2209	0.11220462
97160	3657	0.11220462
97160	3983	0.11220462
97160	398	0.11220461
97160	605	0.11220461
97179	1146	0.108642936
97179	41	0.10864292
97179	387	0.10864292
97179	922	0.10864292
97179	997	0.10864292
97179	2138	0.10864292
97179	3616	0.10864292
97179	3750	0.10864292
97179	3971	0.10864292
97179	5031	0.10864292
97208	5731	0.120704055
97208	1621	0.12070405
97208	1848	0.12070405
97208	4103	0.12070405
97208	6149	0.12070405
97208	6279	0.12070405
97208	6465	0.12070405
97208	1280	0.12070404
97208	3983	0.12070404
97208	4703	0.12070404
97290	1869	0.14784756
97290	2138	0.14784756
97290	3971	0.14784756
97290	24	0.14784753
97290	387	0.14784753
97290	579	0.14784753
97290	597	0.14784753
97290	642	0.14784753
97290	645	0.14784753
97290	890	0.14784753
97324	1965	0.10743086
97324	5565	0.10743086
97324	2359	0.107430845
97324	4291	0.107430845
97324	929	0.10743084
97324	5673	0.10743084
97324	859	0.10743083
97324	4099	0.10743083
97324	6023	0.10743083
97324	4908	0.10743082
97423	890	0.08933908
97423	3971	0.08933908
97423	387	0.08933907
97423	5031	0.08933907
97423	41	0.08933906
97423	124	0.08933906
97423	478	0.08933906
97423	597	0.08933906
97423	901	0.08933906
97423	922	0.08933906
97515	387	0.12406118
97515	922	0.12406118
97515	3971	0.12406118
97515	5886	0.12406118
97515	645	0.124061175
97515	997	0.124061175
97515	1869	0.124061175
97515	3616	0.124061175
97515	6123	0.124061175
97515	49	0.12406117
97587	6265	0.11847443
97587	244	0.118474424
97587	149	0.11847441
97587	582	0.11847441
97587	632	0.11847441
97587	961	0.1184744
97587	3385	0.118474394
97587	3548	0.118474394
97587	4045	0.11847439
97587	4599	0.11847439
97694	4176	0.12903441
97694	5949	0.1290344
97694	231	0.12903439
97694	668	0.12903439
97694	1022	0.12903439
97694	5197	0.12903439
97694	6216	0.12903439
97694	677	0.12903437
97694	760	0.12903437
97694	1034	0.12903437
97721	2653	0.06961939
97721	4906	0.06961938
97721	5086	0.06961938
97721	5869	0.06961938
97721	655	0.06961937
97721	711	0.06961937
97721	1350	0.06961937
97721	1567	0.06961937
97721	1585	0.06961937
97721	3359	0.06961937
97754	149	0.10774375
97754	244	0.10774375
97754	4045	0.10774374
97754	6265	0.10774374
97754	961	0.10774373
97754	582	0.107743725
97754	632	0.107743725
97754	4255	0.107743725
97754	4599	0.107743725
97754	5437	0.107743725
97848	3108	0.07337661
97848	2843	0.07320598
97848	6423	0.07320598
97848	1301	0.07320596
97848	4856	0.072552264
97848	2457	0.07255226
97848	482	0.07255225
97848	5315	0.07255225
97848	6851	0.07255225
97848	2988	0.07255224
97972	4885	0.111380845
97972	3560	0.11138084
97972	3694	0.11138083
97972	4224	0.11138083
97972	729	0.111380816
97972	854	0.111380816
97972	1080	0.111380816
97972	1170	0.111380816
97972	1363	0.111380816
97972	1413	0.111380816
98026	711	0.12997752
98026	1567	0.12997752
98026	2080	0.12997752
98026	2653	0.12997752
98026	4868	0.12997752
98026	4906	0.12997752
98026	5086	0.12997752
98026	5422	0.12997752
98026	5869	0.12997752
98026	655	0.12997751
98159	112	0.11466758
98159	2518	0.11179395
98159	2017	0.11179394
98159	4004	0.11179394
98159	4446	0.11179394
98159	759	0.111793935
98159	3749	0.111793935
98159	4789	0.111793935
98159	5058	0.111793935
98159	6796	0.111793935
98263	49	0.14984515
98263	1869	0.14984515
98263	3616	0.14984515
98263	3971	0.14984515
98263	5031	0.14984515
98263	24	0.14984514
98263	645	0.14984514
98263	1415	0.14984514
98263	2138	0.14984514
98263	2364	0.14984514
98297	3971	0.16547975
98297	1869	0.16547973
98297	3616	0.16547973
98297	124	0.16547972
98297	775	0.16547972
98297	890	0.16547972
98297	997	0.16547972
98297	1146	0.16547972
98297	2138	0.16547972
98297	2364	0.16547972
98320	3971	0.08395698
98320	1869	0.08395697
98320	5886	0.08395697
98320	387	0.083956964
98320	997	0.083956964
98320	6123	0.083956964
98320	215	0.08395696
98320	478	0.08395696
98320	579	0.08395696
98320	645	0.08395696
98322	1519	0.08277227
98322	5017	0.08277226
98322	299	0.082772255
98322	841	0.082772255
98322	5387	0.082772255
98322	1677	0.08277223
98322	3866	0.08160892
98322	5454	0.08160891
98322	3853	0.0816089
98322	3980	0.0816089
98344	134	0.08149515
98344	3848	0.08149514
98344	5830	0.08149514
98344	5992	0.08149514
98344	2385	0.081495136
98344	6899	0.081495136
98344	6086	0.08149513
98344	2213	0.08149511
98344	5287	0.08122245
98344	4401	0.08122243
98356	3830	0.14229353
98356	4595	0.14229353
98356	533	0.14229351
98356	1745	0.14229351
98356	2363	0.14229351
98356	3112	0.14229351
98356	3418	0.14229351
98356	3700	0.14229351
98356	3778	0.14229351
98356	3853	0.14229351
98422	890	0.101496026
98422	1856	0.101496026
98422	3971	0.101496026
98422	5218	0.101496026
98422	5886	0.101496026
98422	6507	0.101496026
98422	387	0.10149602
98422	478	0.10149602
98422	1862	0.10149602
98422	2121	0.10149602
98440	231	0.16498
98440	4176	0.16498
98440	6216	0.16498
98440	6840	0.16498
98440	677	0.16497998
98440	1022	0.16497998
98440	1619	0.16497998
98440	5197	0.16497998
98440	668	0.16497996
98440	1723	0.16497996
98484	890	0.10317694
98484	3971	0.10317693
98484	4076	0.10317693
98484	5031	0.10317693
98484	6912	0.10317693
98484	41	0.10317692
98484	478	0.10317692
98484	642	0.10317692
98484	842	0.10317692
98484	1094	0.10317692
98525	6250	0.10980445
98525	6677	0.10980445
98525	171	0.10980444
98525	2464	0.10980444
98525	6122	0.10980443
98525	6584	0.109804414
98525	3112	0.10867049
98525	3210	0.10867049
98525	3853	0.10867049
98525	5454	0.10867049
98547	946	0.09323437
98547	4533	0.0929134
98547	5415	0.09291337
98547	4320	0.09029008
98547	143	0.09029007
98547	1238	0.09029007
98547	1449	0.09029007
98547	1570	0.09029007
98547	5508	0.09029007
98547	2809	0.09029006
98574	1632	0.12584856
98574	4103	0.12584856
98574	4703	0.12584856
98574	5731	0.12584856
98574	6149	0.12584856
98574	1621	0.12584855
98574	2209	0.12584855
98574	2450	0.12584855
98574	2485	0.12584855
98574	3657	0.12584855
98575	1953	0.10522896
98575	6833	0.10522896
98575	1222	0.10522894
98575	3335	0.10522893
98575	2518	0.104574405
98575	4446	0.104574405
98575	2128	0.1045744
98575	6601	0.1045744
98575	6796	0.1045744
98575	3749	0.10457439
98628	1306	0.059686232
98628	5232	0.05968622
98628	6427	0.059686217
98628	4400	0.059686214
98628	4693	0.059686214
98628	4698	0.059686206
98628	5583	0.059686206
98628	6775	0.059686203
98628	2323	0.05968619
98628	2653	0.05953277
98647	2033	0.10372951
98647	1228	0.10337045
98647	3265	0.10262301
98647	5495	0.10249835
98647	62	0.10244971
98647	6258	0.1024497
98647	3437	0.102411136
98647	1975	0.10241112
98647	5007	0.10241112
98647	6311	0.10241112
98686	3526	0.11529601
98686	617	0.115296006
98686	1092	0.115296006
98686	6593	0.115296006
98686	511	0.115296
98686	2785	0.115296
98686	4141	0.115296
98686	4369	0.115296
98686	4557	0.115296
98686	5288	0.115296
98722	4103	0.10830286
98722	5731	0.10830286
98722	396	0.10830285
98722	1621	0.10830285
98722	1848	0.10830285
98722	3143	0.10830285
98722	4496	0.10830285
98722	4703	0.10830285
98722	5473	0.10830285
98722	6149	0.10830285
98723	511	0.16499937
98723	1092	0.16499937
98723	6593	0.16499935
98723	617	0.16499934
98723	2643	0.16499934
98723	3097	0.16499934
98723	3526	0.16499934
98723	4128	0.16499934
98723	4318	0.16499934
98723	4557	0.16499934
98741	1869	0.08888762
98741	1146	0.08888761
98741	5031	0.08888761
98741	24	0.0888876
98741	49	0.0888876
98741	350	0.0888876
98741	478	0.0888876
98741	579	0.0888876
98741	775	0.0888876
98741	890	0.0888876
98758	1869	0.115262285
98758	387	0.11526227
98758	579	0.11526227
98758	1415	0.11526227
98758	3971	0.11526227
98758	6123	0.11526227
98758	6507	0.11526227
98758	1340	0.11526226
98758	2121	0.11526226
98758	3059	0.11526226
98783	3971	0.11181516
98783	49	0.111815155
98783	890	0.111815155
98783	2138	0.111815155
98783	6123	0.111815155
98783	6915	0.111815155
98783	41	0.11181515
98783	922	0.11181515
98783	2736	0.11181515
98783	4603	0.11181515
98787	5309	0.071687005
98787	5619	0.071687
98787	848	0.07168699
98787	3403	0.07168699
98787	1646	0.07168698
98787	2768	0.07168698
98787	3797	0.07168698
98787	3902	0.07168698
98787	6445	0.07168698
98787	6653	0.07168698
98861	4176	0.09190293
98861	231	0.09190291
98861	5197	0.09190291
98861	668	0.091902904
98861	3582	0.091902904
98861	677	0.0919029
98861	851	0.0919029
98861	1034	0.0919029
98861	1595	0.0919029
98861	1619	0.0919029
98887	4103	0.13952322
98887	1621	0.13952321
98887	2014	0.13952321
98887	2320	0.13952321
98887	3610	0.13952321
98887	5731	0.13952321
98887	6465	0.13952321
98887	1225	0.1395232
98887	1258	0.1395232
98887	1280	0.1395232
98904	1399	0.10148589
98904	4598	0.10148589
98904	3223	0.10148588
98904	717	0.10148587
98904	6708	0.10134404
98904	3425	0.10105042
98904	1918	0.10105041
98904	5330	0.10105041
98904	565	0.1010504
98904	399	0.10105039
98923	1869	0.10449182
98923	478	0.104491815
98923	3971	0.104491815
98923	4076	0.104491815
98923	5031	0.104491815
98923	5886	0.104491815
98923	6123	0.104491815
98923	387	0.10449181
98923	890	0.10449181
98923	1194	0.10449181
98930	1869	0.1659719
98930	3616	0.1659719
98930	1856	0.16597189
98930	3971	0.16597189
98930	4076	0.16597189
98930	5886	0.16597189
98930	6123	0.16597189
98930	41	0.16597188
98930	124	0.16597188
98930	215	0.16597188
98943	4138	0.069744326
98943	1828	0.06974432
98943	2517	0.06974432
98943	601	0.069744304
98943	1279	0.069744304
98943	2062	0.069744304
98943	3462	0.069744304
98943	5316	0.069744304
98943	6713	0.069744304
98943	3142	0.0697443
98958	3857	0.13302419
98958	6818	0.13302417
98958	1177	0.13232087
98958	4299	0.13232085
98958	4806	0.13232085
98958	6318	0.13232085
98958	6530	0.13232085
98958	6897	0.13232085
98958	3263	0.13232084
98958	3511	0.13232084
98988	4533	0.11092721
98988	5415	0.11092719
98988	4233	0.11062263
98988	152	0.110622615
98988	869	0.110622615
98988	1598	0.110622615
98988	1679	0.110622615
98988	1892	0.110622615
98988	1937	0.110622615
98988	5286	0.11062261
99026	387	0.1360552
99026	890	0.1360552
99026	1146	0.1360552
99026	2121	0.1360552
99026	5031	0.1360552
99026	41	0.13605519
99026	478	0.13605519
99026	922	0.13605519
99026	1856	0.13605519
99026	1869	0.13605519
99032	387	0.08435491
99032	890	0.0843549
99032	1146	0.0843549
99032	1869	0.0843549
99032	2121	0.0843549
99032	2138	0.0843549
99032	6123	0.0843549
99032	6912	0.0843549
99032	41	0.08435489
99032	124	0.08435489
99068	6674	0.078868635
99068	6643	0.07886863
99068	6768	0.07886863
99068	3700	0.07886862
99068	3853	0.07886862
99068	4241	0.07886862
99068	4595	0.07886862
99068	5115	0.07886862
99068	401	0.07886861
99068	533	0.07886861
99102	5886	0.1119375
99102	3452	0.11193749
99102	3616	0.11193749
99102	3971	0.11193749
99102	4076	0.11193749
99102	5031	0.11193749
99102	387	0.111937486
99102	1869	0.111937486
99102	2138	0.111937486
99102	6123	0.111937486
99146	6123	0.10172987
99146	49	0.101729855
99146	597	0.101729855
99146	890	0.101729855
99146	997	0.101729855
99146	1393	0.101729855
99146	1869	0.101729855
99146	2138	0.101729855
99146	3971	0.101729855
99146	5031	0.101729855
99193	4493	0.1088658
99193	1567	0.10886579
99193	5869	0.10886579
99193	248	0.10886578
99193	3361	0.10886578
99193	4906	0.10886578
99193	5715	0.10886578
99193	6492	0.10886578
99193	135	0.108865775
99193	5422	0.108865775
99204	1856	0.10005611
99204	1869	0.10005611
99204	4076	0.10005611
99204	6123	0.10005611
99204	6507	0.10005611
99204	387	0.100056104
99204	832	0.100056104
99204	997	0.100056104
99204	1340	0.100056104
99204	1415	0.100056104
99222	2138	0.12134554
99222	124	0.121345535
99222	890	0.121345535
99222	1403	0.121345535
99222	2364	0.121345535
99222	3971	0.121345535
99222	4076	0.121345535
99222	5031	0.121345535
99222	5886	0.121345535
99222	6123	0.121345535
99252	387	0.09434387
99252	478	0.09434387
99252	1869	0.09434387
99252	3897	0.09434387
99252	4076	0.09434387
99252	5886	0.09434387
99252	6507	0.09434387
99252	832	0.09434386
99252	890	0.09434386
99252	1455	0.09434386
99312	6851	0.098245725
99312	4382	0.09824571
99312	4856	0.0982457
99312	482	0.098245695
99312	2457	0.098245695
99312	2988	0.09824569
99312	5315	0.09824569
99312	4007	0.09824568
99312	4986	0.09824568
99312	1209	0.098245665
99313	890	0.102902964
99313	6123	0.102902964
99313	4076	0.10290296
99313	5031	0.10290296
99313	124	0.10290295
99313	266	0.10290295
99313	376	0.10290295
99313	387	0.10290295
99313	478	0.10290295
99313	579	0.10290295
99314	1393	0.06544854
99314	1415	0.06544854
99314	1869	0.06544854
99314	2138	0.06544854
99314	3616	0.06544854
99314	3971	0.06544854
99314	4076	0.06544854
99314	5031	0.06544854
99314	6912	0.06544854
99314	24	0.06544853
99322	111	0.099812485
99322	1793	0.09981248
99322	5695	0.09981248
99322	5890	0.09981248
99322	1075	0.09981247
99322	4729	0.09981247
99322	4692	0.09981246
99322	1537	0.099812455
99322	2099	0.099812455
99322	3198	0.099812455
99347	4263	0.07185107
99347	3772	0.07082021
99347	2338	0.07082018
99347	6407	0.07082018
99347	5469	0.070033826
99347	1912	0.06984627
99347	3221	0.06976217
99347	1879	0.06971277
99347	3308	0.06971277
99347	4556	0.06971277
99441	3971	0.122607544
99441	5886	0.122607544
99441	6912	0.12260754
99441	387	0.12260753
99441	890	0.12260753
99441	1869	0.12260753
99441	2138	0.12260753
99441	3616	0.12260753
99441	3897	0.12260753
99441	3965	0.12260753
99523	244	0.11069679
99523	3385	0.11069678
99523	4045	0.11069678
99523	4599	0.11069678
99523	6265	0.11069678
99523	149	0.11069677
99523	632	0.11069677
99523	582	0.11069676
99523	2962	0.11069676
99523	650	0.11069675
99616	6762	0.10252032
99616	1177	0.10252031
99616	4806	0.10252031
99616	1221	0.1025203
99616	3118	0.1025203
99616	3263	0.1025203
99616	3761	0.1025203
99616	4299	0.1025203
99616	6318	0.1025203
99616	6530	0.1025203
99630	3187	0.13176143
99630	6222	0.13176143
99630	801	0.13176142
99630	4151	0.13176142
99630	5121	0.13176142
99630	99	0.1317614
99630	400	0.1317614
99630	686	0.1317614
99630	931	0.1317614
99630	1087	0.1317614
99720	244	0.121602155
99720	6265	0.12160214
99720	582	0.12160212
99720	4599	0.12160212
99720	149	0.1216021
99720	632	0.1216021
99720	2962	0.121602096
99720	650	0.12160209
99720	1442	0.12160209
99720	4045	0.12160209
99955	1869	0.08140543
99955	3971	0.08140543
99955	124	0.08140542
99955	273	0.08140542
99955	3616	0.08140542
99955	3897	0.08140542
99955	6123	0.08140542
99955	41	0.081405416
99955	49	0.081405416
99955	215	0.081405416
99996	4906	0.091879
99996	248	0.091878995
99996	1349	0.091878995
99996	5086	0.091878995
99996	2080	0.09187899
99996	3361	0.09187899
99996	655	0.09187898
99996	1567	0.09187898
99996	2207	0.09187898
99996	2249	0.09187898
99997	5969	0.07414957
99997	999	0.07407876
99997	5150	0.07407876
99997	3392	0.07407875
99997	6088	0.07407873
99997	702	0.074078724
99997	6116	0.074008696
99997	2492	0.07400868
99997	3844	0.07400867
99997	4924	0.07400867
100004	1092	0.08913973
100004	3526	0.08913973
100004	4318	0.08913973
100004	4557	0.08913973
100004	4905	0.08913973
100004	6593	0.08913973
100004	511	0.08913972
100004	3729	0.08913972
100004	5288	0.08913972
100004	6880	0.08913972
100009	3971	0.1478444
100009	49	0.14784437
100009	387	0.14784437
100009	645	0.14784437
100009	890	0.14784437
100009	922	0.14784437
100009	1146	0.14784437
100009	1749	0.14784437
100009	2138	0.14784437
100009	3616	0.14784437
100053	4176	0.103526905
100053	6840	0.10352688
100053	668	0.103526875
100053	1022	0.103526875
100053	1619	0.103526875
100053	3950	0.103526875
100053	5197	0.103526875
100053	6216	0.103526875
100053	231	0.10352687
100053	1034	0.10352687
100066	1869	0.10765891
100066	5886	0.10765891
100066	890	0.1076589
100066	2138	0.1076589
100066	4076	0.1076589
100066	5896	0.1076589
100066	24	0.10765889
100066	215	0.10765889
100066	387	0.10765889
100066	478	0.10765889
100088	387	0.1411811
100088	1146	0.1411811
100088	1869	0.1411811
100088	3971	0.1411811
100088	41	0.14118108
100088	124	0.14118108
100088	215	0.14118108
100088	579	0.14118108
100088	890	0.14118108
100088	922	0.14118108
100115	5886	0.09771951
100115	6123	0.09771951
100115	387	0.097719505
100115	997	0.097719505
100115	1869	0.097719505
100115	3971	0.097719505
100115	4076	0.097719505
100115	6507	0.097719505
100115	478	0.0977195
100115	890	0.0977195
100223	759	0.10664276
100223	3749	0.10664276
100223	2128	0.10664275
100223	2518	0.10664275
100223	4004	0.10664275
100223	4446	0.10664275
100223	4789	0.10664275
100223	6601	0.10664275
100223	6612	0.10664275
100223	6796	0.10664275
100227	4387	0.12638539
100227	6594	0.12638539
100227	1610	0.12638538
100227	626	0.12638536
100227	2083	0.12638536
100227	2283	0.12638536
100227	2986	0.12638536
100227	3929	0.12638536
100227	4143	0.12638536
100227	4271	0.12638536
100264	5869	0.16173093
100264	655	0.16173092
100264	4493	0.16173092
100264	4906	0.16173092
100264	248	0.1617309
100264	1350	0.1617309
100264	3359	0.1617309
100264	106	0.16173089
100264	711	0.16173089
100264	1567	0.16173089
100361	6435	0.17204008
100361	1218	0.17204005
100361	3321	0.17204005
100361	3991	0.17204005
100361	3982	0.17204002
100361	3447	0.17204
100361	3469	0.17203999
100361	1869	0.17137426
100361	3616	0.17137426
100361	3971	0.17137426
100393	4004	0.111932054
100393	4446	0.111932054
100393	6796	0.11193205
100393	1362	0.11193204
100393	2518	0.11193204
100393	2828	0.11193204
100393	3749	0.11193204
100393	4789	0.11193204
100393	6601	0.11193204
100393	5058	0.11193203
100454	6312	0.13044782
100454	2503	0.1304478
100454	3677	0.1304478
100454	4144	0.1304478
100454	5599	0.1304478
100454	5914	0.1304478
100454	6396	0.1304478
100454	703	0.13044779
100454	797	0.13044779
100454	1811	0.13044779
100459	1177	0.14445321
100459	1221	0.14445321
100459	3263	0.14445321
100459	6318	0.14445321
100459	2737	0.1444532
100459	3118	0.1444532
100459	4133	0.1444532
100459	4806	0.1444532
100459	4935	0.1444532
100459	5085	0.1444532
100460	890	0.08702478
100460	1856	0.08702478
100460	1869	0.08702478
100460	3897	0.08702478
100460	4076	0.08702478
100460	5031	0.08702478
100460	5886	0.08702478
100460	6912	0.08702478
100460	628	0.08702477
100460	2121	0.08702477
100471	5150	0.07399975
100471	999	0.07399974
100471	3392	0.07399973
100471	702	0.07399971
100471	6088	0.073999695
100471	1177	0.07263918
100471	4299	0.07263918
100471	6318	0.07263918
100471	6530	0.07263918
100471	6762	0.07263918
100578	528	0.112765685
100578	2220	0.112765685
100578	3493	0.112765685
100578	3700	0.112765685
100578	3866	0.112765685
100578	6310	0.112765685
100578	6674	0.112765685
100578	533	0.11276568
100578	1806	0.11276568
100578	2304	0.11276568
100594	3018	0.11640185
100594	5310	0.11640185
100594	5703	0.11640185
100594	471	0.116401844
100594	606	0.116401844
100594	2675	0.116401844
100594	3937	0.116401844
100594	6608	0.116401844
100594	46	0.11640184
100594	102	0.11640184
100610	3971	0.10288058
100610	2138	0.102880575
100610	6123	0.102880575
100610	1869	0.10288057
100610	2364	0.10288057
100610	2646	0.10288057
100610	3616	0.10288057
100610	4076	0.10288057
100610	5031	0.10288057
100610	5886	0.10288057
100644	387	0.09783512
100644	3971	0.09783512
100644	5886	0.097835116
100644	41	0.09783511
100644	49	0.09783511
100644	124	0.09783511
100644	645	0.09783511
100644	890	0.09783511
100644	922	0.09783511
100644	1194	0.09783511
100648	143	0.11170524
100648	1238	0.11170524
100648	4320	0.111705236
100648	5045	0.111705236
100648	5508	0.111705236
100648	4267	0.11170523
100648	5128	0.11170523
100648	2809	0.11170522
100648	5275	0.11170522
100648	5630	0.11170522
100694	2045	0.069527425
100694	4460	0.069527425
100694	2840	0.06952741
100694	331	0.0695274
100694	1531	0.0695274
100694	1692	0.0695274
100694	2583	0.0695274
100694	2885	0.06940751
100694	2843	0.06933903
100694	6423	0.06933903
100782	579	0.13354044
100782	890	0.13354044
100782	1869	0.13354044
100782	2121	0.13354044
100782	2138	0.13354044
100782	6123	0.13354044
100782	41	0.13354042
100782	124	0.13354042
100782	216	0.13354042
100782	266	0.13354042
100815	112	0.09749089
100815	3666	0.09698516
100815	967	0.096791
100815	3749	0.09613894
100815	4446	0.096138924
100815	4789	0.096138924
100815	1344	0.09613892
100815	4004	0.09613892
100815	2017	0.09613891
100815	2184	0.09613891
100846	3971	0.1399481
100846	5031	0.1399481
100846	387	0.13994808
100846	645	0.13994808
100846	1415	0.13994808
100846	1455	0.13994808
100846	1552	0.13994808
100846	2121	0.13994808
100846	4323	0.13994808
100846	6123	0.13994808
100903	325	0.07547228
100903	244	0.075409815
100903	632	0.075409815
100903	4599	0.075409815
100903	6265	0.075409815
100903	149	0.07540981
100903	961	0.0754098
100903	1442	0.0754098
100903	2962	0.0754098
100903	3385	0.0754098
100984	2419	0.09819449
100984	3606	0.09819448
100984	3870	0.09819448
100984	4452	0.09819448
100984	4589	0.09819448
100984	4938	0.09819448
100984	5041	0.09819448
100984	5864	0.09819448
100984	6231	0.09819448
100984	6716	0.09819448
101035	1869	0.10410258
101035	4076	0.10410258
101035	775	0.10410257
101035	2138	0.10410257
101035	2364	0.10410257
101035	3971	0.10410257
101035	4588	0.10410257
101035	5886	0.10410257
101035	5896	0.10410257
101035	6507	0.10410257
101041	3971	0.09648329
101041	6912	0.09648329
101041	5886	0.09648328
101041	24	0.096483275
101041	387	0.096483275
101041	478	0.096483275
101041	890	0.096483275
101041	922	0.096483275
101041	997	0.096483275
101041	2138	0.096483275
101081	2419	0.07313336
101081	3870	0.07313335
101081	4673	0.07313335
101081	4602	0.07313334
101081	4758	0.07313334
101081	4938	0.07313334
101081	222	0.073133335
101081	247	0.073133335
101081	360	0.073133335
101081	638	0.073133335
101091	6123	0.08864045
101091	997	0.088640444
101091	1869	0.088640444
101091	2138	0.088640444
101091	3971	0.088640444
101091	41	0.08864044
101091	49	0.08864044
101091	376	0.08864044
101091	387	0.08864044
101091	577	0.08864044
101141	4906	0.111669704
101141	1567	0.11166969
101141	1874	0.11166968
101141	2653	0.11166968
101141	4903	0.11166968
101141	248	0.111669675
101141	4493	0.111669675
101141	5715	0.111669675
101141	5869	0.111669675
101141	6028	0.111669675
101196	3971	0.091615155
101196	6123	0.091615155
101196	387	0.09161515
101196	832	0.09161514
101196	890	0.09161514
101196	997	0.09161514
101196	1194	0.09161514
101196	1415	0.09161514
101196	1869	0.09161514
101196	2138	0.09161514
101214	4673	0.122787416
101214	247	0.1227874
101214	884	0.1227874
101214	2419	0.1227874
101214	5041	0.1227874
101214	1648	0.12278739
101214	4938	0.12278739
101214	6834	0.12278739
101214	222	0.122787386
101214	903	0.122787386
101304	890	0.12850004
101304	1869	0.12850004
101304	2138	0.12850004
101304	5031	0.12850004
101304	5886	0.12850004
101304	742	0.12850003
101304	1094	0.12850003
101304	1194	0.12850003
101304	2714	0.12850003
101304	2728	0.12850003
101305	6423	0.09184113
101305	2843	0.09184112
101305	1301	0.09184109
101305	6116	0.091675244
101305	2492	0.09167524
101305	3844	0.09167524
101305	4924	0.09167524
101305	6219	0.09167523
101305	5927	0.09167522
101305	972	0.09167521
101336	2022	0.11716411
101336	551	0.117164105
101336	667	0.117164105
101336	2936	0.117164105
101336	4671	0.117164105
101336	5904	0.117164105
101336	2971	0.1171641
101336	3121	0.1171641
101336	4461	0.1171641
101336	6352	0.1171641
101422	1869	0.10803752
101422	3965	0.10803752
101422	3971	0.10803752
101422	5031	0.10803752
101422	6912	0.10803752
101422	3616	0.10803751
101422	24	0.1080375
101422	387	0.1080375
101422	597	0.1080375
101422	645	0.1080375
101513	4885	0.095841676
101513	2360	0.09584166
101513	3599	0.09584166
101513	3694	0.09584166
101513	4796	0.09584166
101513	5785	0.09584166
101513	6783	0.09584166
101513	1080	0.09584165
101513	2382	0.09584165
101513	3427	0.09584165
101517	387	0.07589403
101517	890	0.07589403
101517	1146	0.07589403
101517	1340	0.07589403
101517	1869	0.07589403
101517	3971	0.07589403
101517	4076	0.07589403
101517	5031	0.07589403
101517	842	0.07589402
101517	1403	0.07589402
101550	1464	0.078232765
101550	2266	0.078232765
101550	3546	0.07823276
101550	5076	0.07823275
101550	2022	0.07777947
101550	191	0.07777946
101550	667	0.07777946
101550	2197	0.07777946
101550	2361	0.07777946
101550	2936	0.07777946
101606	5886	0.12752445
101606	387	0.12752444
101606	597	0.12752444
101606	890	0.12752444
101606	1194	0.12752444
101606	2138	0.12752444
101606	3971	0.12752444
101606	124	0.12752442
101606	922	0.12752442
101606	997	0.12752442
101620	5031	0.1445176
101620	5886	0.1445176
101620	832	0.14451759
101620	890	0.14451759
101620	1094	0.14451759
101620	3971	0.14451759
101620	4076	0.14451759
101620	41	0.14451757
101620	124	0.14451757
101620	140	0.14451757
101696	2518	0.13168187
101696	4004	0.13168187
101696	4446	0.13168187
101696	759	0.13168186
101696	2017	0.13168186
101696	3749	0.13168186
101696	6152	0.13168186
101696	6601	0.13168186
101696	6796	0.13168186
101696	1362	0.13168184
101731	3971	0.13006069
101731	387	0.13006067
101731	1869	0.13006067
101731	5886	0.13006067
101731	6123	0.13006067
101731	124	0.13006066
101731	997	0.13006066
101731	1455	0.13006066
101731	2138	0.13006066
101731	2772	0.13006066
101874	29	0.111638725
101874	4701	0.111638695
101874	4176	0.111523226
101874	668	0.1115232
101874	5197	0.1115232
101874	6216	0.1115232
101874	6840	0.1115232
101874	231	0.111523196
101874	851	0.111523196
101874	1034	0.111523196
101876	5610	0.25448644
101876	2780	0.25272313
101876	364	0.2527231
101876	5430	0.2527231
101876	2636	0.25272307
101876	3435	0.25272307
101876	1826	0.25272304
101876	2102	0.25272304
101876	2788	0.25272304
101876	3824	0.25272304
101887	3971	0.101402245
101887	5886	0.101402245
101887	6123	0.101402245
101887	273	0.10140224
101887	387	0.10140224
101887	597	0.10140224
101887	890	0.10140224
101887	997	0.10140224
101887	1869	0.10140224
101887	3897	0.10140224
102019	5454	0.108161315
102019	3853	0.10816131
102019	4727	0.10816131
102019	6109	0.10816131
102019	533	0.1081613
102019	1745	0.1081613
102019	2363	0.1081613
102019	2541	0.1081613
102019	3029	0.1081613
102019	3112	0.1081613
102032	1539	0.099587515
102032	891	0.0995875
102032	4368	0.0995875
102032	5008	0.0995875
102032	5592	0.0995875
102032	5113	0.09958749
102032	1899	0.099587485
102032	2388	0.099587485
102032	5146	0.099587485
102032	2667	0.09958747
102117	3988	0.110958114
102117	6189	0.11095806
102117	2022	0.10906432
102117	5904	0.10906432
102117	570	0.10906431
102117	667	0.10906431
102117	2936	0.10906431
102117	3121	0.10906431
102117	3374	0.10906431
102117	4461	0.10906431
102129	3531	0.10223231
102129	6840	0.102120824
102129	231	0.10212082
102129	668	0.10212082
102129	1619	0.10212082
102129	4176	0.10212082
102129	6216	0.10212082
102129	760	0.10212081
102129	851	0.10212081
102129	5197	0.10212081
102130	3971	0.09725379
102130	387	0.097253785
102130	890	0.097253785
102130	997	0.097253785
102130	1869	0.097253785
102130	2121	0.097253785
102130	2138	0.097253785
102130	3616	0.097253785
102130	5886	0.097253785
102130	6123	0.097253785
102154	3971	0.080082014
102154	6123	0.080082014
102154	890	0.08008201
102154	1869	0.08008201
102154	2138	0.08008201
102154	3452	0.08008201
102154	4076	0.08008201
102154	4390	0.08008201
102154	5886	0.08008201
102154	6912	0.08008201
102189	3971	0.10822849
102189	6123	0.10822849
102189	597	0.10822848
102189	2138	0.10822848
102189	5716	0.10822848
102189	387	0.108228475
102189	890	0.108228475
102189	997	0.108228475
102189	1194	0.108228475
102189	1340	0.108228475
102220	244	0.12833875
102220	6265	0.12833875
102220	149	0.12833872
102220	4045	0.12833872
102220	4599	0.12833872
102220	632	0.12833871
102220	2962	0.12833871
102220	3385	0.12833871
102220	582	0.1283387
102220	961	0.1283387
102275	667	0.14710766
102275	2022	0.14710766
102275	191	0.14710763
102275	551	0.14710763
102275	806	0.14710763
102275	1629	0.14710763
102275	2197	0.14710763
102275	3121	0.14710763
102275	3374	0.14710763
102275	3906	0.14710763
102284	2043	0.11984353
102284	5173	0.11984351
102284	6171	0.11984351
102284	3584	0.1198435
102284	3872	0.1198435
102284	5946	0.1198435
102284	5139	0.11984348
102284	5640	0.11984346
102284	1567	0.11901918
102284	4906	0.11901918
102359	690	0.05013045
102359	3974	0.050130446
102359	5864	0.0500583
102359	4452	0.050058298
102359	6834	0.050058298
102359	2419	0.050058294
102359	3870	0.050058294
102359	6231	0.050058294
102359	247	0.05005829
102359	3606	0.05005829
102375	41	0.1353989
102375	387	0.1353989
102375	890	0.1353989
102375	2138	0.1353989
102375	3971	0.1353989
102375	4076	0.1353989
102375	5218	0.1353989
102375	5886	0.1353989
102375	6123	0.1353989
102375	6912	0.1353989
102430	3971	0.08416626
102430	1869	0.08416625
102430	49	0.08416624
102430	387	0.08416624
102430	579	0.08416624
102430	890	0.08416624
102430	1455	0.08416624
102430	2121	0.08416624
102430	2138	0.08416624
102430	4323	0.08416624
102564	4076	0.14460175
102564	5886	0.14460175
102564	6123	0.14460175
102564	269	0.14460173
102564	387	0.14460173
102564	478	0.14460173
102564	642	0.14460173
102564	890	0.14460173
102564	922	0.14460173
102564	997	0.14460173
102571	5031	0.13171744
102571	24	0.13171741
102571	124	0.13171741
102571	266	0.13171741
102571	387	0.13171741
102571	645	0.13171741
102571	842	0.13171741
102571	890	0.13171741
102571	997	0.13171741
102571	1146	0.13171741
102581	1869	0.08814627
102581	5031	0.08814627
102581	6123	0.08814627
102581	1393	0.08814626
102581	3452	0.08814626
102581	6507	0.08814626
102581	49	0.088146254
102581	320	0.088146254
102581	387	0.088146254
102581	478	0.088146254
102642	5886	0.10105872
102642	997	0.101058714
102642	478	0.10105871
102642	775	0.10105871
102642	922	0.10105871
102642	1403	0.10105871
102642	1455	0.10105871
102642	1869	0.10105871
102642	2138	0.10105871
102642	3559	0.10105871
102647	2121	0.35350937
102647	5031	0.35350937
102647	49	0.35350934
102647	124	0.35350934
102647	387	0.35350934
102647	514	0.35350934
102647	1869	0.35350934
102647	4323	0.35350934
102647	41	0.3535093
102647	376	0.3535093
102668	2518	0.09899101
102668	4446	0.09899101
102668	6152	0.09899101
102668	6601	0.09899101
102668	759	0.09899099
102668	1362	0.09899099
102668	1742	0.09899099
102668	1958	0.09899099
102668	2017	0.09899099
102668	2128	0.09899099
102676	1567	0.087926075
102676	2653	0.087926075
102676	4906	0.087926075
102676	5335	0.087926075
102676	6429	0.087926075
102676	5869	0.08792607
102676	135	0.08792606
102676	248	0.08792606
102676	711	0.08792606
102676	1349	0.08792606
102702	801	0.16115391
102702	2916	0.16115391
102702	5121	0.16115391
102702	6222	0.16115391
102702	686	0.1611539
102702	1087	0.1611539
102702	2126	0.1611539
102702	3120	0.1611539
102702	4012	0.1611539
102702	4151	0.1611539
102705	3971	0.09561169
102705	387	0.09561168
102705	597	0.09561168
102705	890	0.09561168
102705	1869	0.09561168
102705	2138	0.09561168
102705	5886	0.09561168
102705	6123	0.09561168
102705	1194	0.09561167
102705	3452	0.09561167
102719	4004	0.13643672
102719	4446	0.13643672
102719	759	0.1364367
102719	2518	0.1364367
102719	6601	0.1364367
102719	6796	0.1364367
102719	3077	0.13643669
102719	3749	0.13643669
102719	4789	0.13643669
102719	6152	0.13643669
102772	1621	0.13962418
102772	2320	0.13962416
102772	4103	0.13962416
102772	5731	0.13962416
102772	396	0.13962415
102772	398	0.13962415
102772	493	0.13962415
102772	892	0.13962415
102772	920	0.13962415
102772	1258	0.13962415
102945	231	0.10712561
102945	4176	0.10712561
102945	5129	0.10712561
102945	6216	0.10712561
102945	6840	0.10712561
102945	1022	0.1071256
102945	5197	0.1071256
102945	668	0.107125595
102945	1034	0.107125595
102945	1050	0.107125595
102967	5469	0.114035346
102967	511	0.111477874
102967	1092	0.11147787
102967	4318	0.11147786
102967	5288	0.11147786
102967	245	0.11147785
102967	3526	0.11147785
102967	5998	0.11147785
102967	6364	0.11147785
102967	6593	0.11147785
103251	191	0.12266958
103251	2022	0.12266958
103251	5904	0.12266958
103251	3121	0.12266956
103251	4671	0.12266956
103251	6352	0.122669555
103251	551	0.12266955
103251	570	0.12266955
103251	667	0.12266955
103251	806	0.12266955
103277	3971	0.10356259
103277	6123	0.10356259
103277	387	0.103562586
103277	890	0.103562586
103277	1340	0.103562586
103277	2138	0.103562586
103277	4076	0.103562586
103277	49	0.10356258
103277	1146	0.10356258
103277	1194	0.10356258
103304	4460	0.10983362
103304	2045	0.109833606
103304	331	0.10983358
103304	1692	0.10983358
103304	2840	0.10983357
103304	1531	0.10983355
103304	2583	0.109833546
103304	4103	0.10863013
103304	5731	0.10863013
103304	4703	0.10863012
103315	5914	0.095292
103315	1155	0.095291995
103315	2503	0.095291995
103315	4740	0.095291995
103315	6396	0.095291995
103315	1024	0.09529199
103315	3677	0.09529199
103315	4144	0.09529199
103315	4738	0.09529199
103315	6312	0.09529199
103336	5031	0.107344255
103336	5886	0.107344255
103336	3559	0.10734425
103336	3616	0.10734425
103336	215	0.10734424
103336	478	0.10734424
103336	890	0.10734424
103336	922	0.10734424
103336	997	0.10734424
103336	1058	0.10734424
103445	890	0.095449716
103445	1869	0.095449716
103445	5031	0.095449716
103445	5886	0.095449716
103445	597	0.09544971
103445	645	0.09544971
103445	901	0.09544971
103445	3616	0.09544971
103445	3971	0.09544971
103445	6123	0.09544971
103467	2154	0.103001855
103467	4103	0.102993354
103467	5376	0.102993354
103467	5731	0.102993354
103467	2209	0.10299334
103467	3111	0.10299334
103467	4496	0.10299334
103467	4703	0.10299334
103467	5241	0.10299334
103467	5465	0.10299334
103496	3971	0.097382404
103496	5886	0.0973824
103496	387	0.09738239
103496	1869	0.09738239
103496	6123	0.09738239
103496	41	0.09738238
103496	124	0.09738238
103496	597	0.09738238
103496	642	0.09738238
103496	775	0.09738238
103541	5096	0.10745212
103541	90	0.10745211
103541	2002	0.107452095
103541	5712	0.107452095
103541	6077	0.107452095
103541	6431	0.107452095
103541	6556	0.107452095
103541	6734	0.107452095
103541	1028	0.10745209
103541	3096	0.10745209
103577	2457	0.10527925
103577	4856	0.10527925
103577	6851	0.10527925
103577	4382	0.105279244
103577	482	0.10527924
103577	4986	0.10527924
103577	2685	0.10527923
103577	2988	0.10527922
103577	5315	0.10527922
103577	6749	0.10527922
103656	2138	0.11142874
103656	1869	0.11142873
103656	579	0.11142872
103656	890	0.11142872
103656	1393	0.11142872
103656	2121	0.11142872
103656	3616	0.11142872
103656	3971	0.11142872
103656	6123	0.11142872
103656	24	0.111428715
103811	997	0.09107136
103811	1869	0.09107136
103811	3971	0.09107136
103811	6123	0.09107136
103811	6507	0.09107136
103811	376	0.09107135
103811	387	0.09107135
103811	597	0.09107135
103811	890	0.09107135
103811	1194	0.09107135
103935	890	0.09567995
103935	1146	0.09567995
103935	6912	0.09567995
103935	387	0.095679946
103935	1062	0.095679946
103935	5031	0.095679946
103935	6123	0.095679946
103935	41	0.09567994
103935	538	0.09567994
103935	577	0.09567994
104051	130	0.08262746
104051	947	0.08262746
104051	1764	0.08262746
104051	2148	0.08262746
104051	2366	0.08262746
104051	2603	0.08262746
104051	2929	0.08262746
104051	3054	0.08262746
104051	3397	0.08262746
104051	4764	0.08262746
104058	3814	0.114618644
104058	6276	0.113799065
104058	4838	0.11247232
104058	6003	0.11247229
104058	6294	0.11247229
104058	548	0.11247228
104058	1427	0.11247228
104058	6402	0.11247228
104058	6484	0.11247228
104058	522	0.11247227
104098	3531	0.10810057
104098	6680	0.104792096
104098	6645	0.10479209
104098	6655	0.10479209
104098	3378	0.10479208
104098	5471	0.10479207
104098	5472	0.10479207
104098	2933	0.104792066
104098	6216	0.10403587
104098	4176	0.10403586
104113	3971	0.122259125
104113	387	0.12225912
104113	49	0.12225911
104113	1869	0.12225911
104113	3616	0.12225911
104113	6123	0.12225911
104113	124	0.1222591
104113	1058	0.1222591
104113	1393	0.1222591
104113	2138	0.1222591
104123	1424	0.080657884
104123	307	0.08065788
104123	1436	0.08065787
104123	2507	0.08065787
104123	2689	0.08065786
104123	4002	0.08065786
104123	4728	0.08065786
104123	2535	0.080657855
104123	6365	0.080657855
104123	6523	0.080657855
104144	1650	0.1311461
104144	4151	0.1311461
104144	109	0.13114607
104144	349	0.13114607
104144	400	0.13114607
104144	1087	0.13114607
104144	1389	0.13114607
104144	1438	0.13114607
104144	1613	0.13114607
104144	2126	0.13114607
104211	4030	0.0637861
104211	2154	0.06306584
104211	5079	0.06280194
104211	6423	0.06270225
104211	2843	0.062702246
104211	1301	0.06270223
104211	699	0.062081657
104211	3425	0.06143289
104211	4899	0.061432883
104211	565	0.06143288
104243	890	0.14859125
104243	997	0.14859125
104243	1869	0.14859125
104243	3616	0.14859125
104243	3971	0.14859125
104243	5716	0.14859125
104243	5886	0.14859125
104243	6912	0.14859125
104243	2138	0.14859124
104243	4076	0.14859124
104268	4806	0.08381625
104268	1177	0.083816245
104268	5691	0.083816245
104268	6762	0.083816245
104268	6897	0.083816245
104268	2241	0.08381624
104268	3118	0.08381624
104268	4299	0.08381624
104268	6208	0.08381624
104268	250	0.08381623
104278	890	0.12482592
104278	1194	0.12482592
104278	2138	0.12482592
104278	3971	0.12482592
104278	4076	0.12482592
104278	387	0.12482591
104278	478	0.12482591
104278	597	0.12482591
104278	922	0.12482591
104278	1340	0.12482591
104311	1869	0.12465882
104311	4323	0.124658816
104311	387	0.12465881
104311	890	0.12465881
104311	1455	0.12465881
104311	3971	0.12465881
104311	4076	0.12465881
104311	4988	0.12465881
104311	5031	0.12465881
104311	5886	0.12465881
104334	5469	0.1023856
104334	4813	0.10075718
104334	4984	0.10075718
104334	821	0.10075715
104334	3644	0.10075715
104334	3868	0.10075715
104334	4034	0.10075715
104334	5922	0.10075715
104334	6178	0.10075715
104334	6909	0.10075715
104362	1610	0.10836895
104362	4387	0.10836895
104362	626	0.10836893
104362	2986	0.10836893
104362	3929	0.10836893
104362	5974	0.10836893
104362	6594	0.10836893
104362	4143	0.108368926
104362	4482	0.108368926
104362	5635	0.108368926
104399	597	0.17778066
104399	890	0.17778066
104399	1869	0.17778066
104399	3971	0.17778066
104399	5031	0.17778066
104399	5886	0.17778066
104399	6123	0.17778066
104399	180	0.17778064
104399	422	0.17778064
104399	2103	0.17778064
104413	3853	0.122339316
104413	3866	0.122339316
104413	6643	0.12233931
104413	5454	0.1223393
104413	3029	0.12233929
104413	3210	0.12233929
104413	3418	0.12233929
104413	3493	0.12233929
104413	3700	0.12233929
104413	3765	0.12233929
104429	5031	0.10224759
104429	1146	0.10224758
104429	5886	0.10224758
104429	6123	0.10224758
104429	49	0.10224757
104429	890	0.10224757
104429	5716	0.10224757
104429	24	0.102247566
104429	235	0.102247566
104429	320	0.102247566
104437	511	0.0941679
104437	1092	0.0941679
104437	5998	0.0941679
104437	6364	0.0941679
104437	617	0.09416789
104437	1644	0.09416789
104437	2219	0.09416789
104437	2779	0.09416789
104437	2785	0.09416789
104437	2796	0.09416789
104447	4103	0.11385591
104447	5731	0.1138559
104447	1388	0.11385589
104447	1621	0.11385589
104447	1848	0.11385589
104447	605	0.11385588
104447	1258	0.11385588
104447	2209	0.11385588
104447	2450	0.11385588
104447	3610	0.11385588
104505	1869	0.12770617
104505	5031	0.12770616
104505	5886	0.12770616
104505	24	0.12770614
104505	41	0.12770614
104505	124	0.12770614
104505	215	0.12770614
104505	216	0.12770614
104505	276	0.12770614
104505	514	0.12770614
104550	3971	0.13815491
104550	6123	0.13815491
104550	49	0.1381549
104550	387	0.1381549
104550	597	0.1381549
104550	890	0.1381549
104550	922	0.1381549
104550	997	0.1381549
104550	1869	0.1381549
104550	2138	0.1381549
104569	4738	0.1010029
104569	4740	0.1010029
104569	6312	0.1010029
104569	5599	0.101002894
104569	4444	0.10100289
104569	6396	0.10100289
104569	1155	0.10100288
104569	3060	0.10100288
104569	3677	0.10100288
104569	4431	0.10100288
104604	2780	0.1075384
104604	5430	0.1075384
104604	1826	0.107538395
104604	364	0.10753839
104604	6260	0.10753839
104604	2606	0.10753838
104604	2636	0.10753838
104604	2879	0.10753838
104604	3435	0.10753838
104604	3824	0.10753837
104657	4885	0.07640992
104657	2774	0.07640991
104657	3115	0.07640991
104657	3560	0.07640991
104657	5785	0.07640991
104657	6783	0.07640991
104657	489	0.076409906
104657	854	0.076409906
104657	1080	0.076409906
104657	1256	0.076409906
104665	4460	0.077937365
104665	2045	0.07793736
104665	331	0.077937335
104665	1692	0.077937335
104665	1531	0.07793733
104665	2840	0.07793733
104665	2583	0.07793732
104665	1852	0.07676335
104665	3616	0.07676335
104665	3971	0.07676335
104705	511	0.104441166
104705	1092	0.10444115
104705	3526	0.10444115
104705	6364	0.10444115
104705	6593	0.10444115
104705	2785	0.10444114
104705	4318	0.10444114
104705	4557	0.10444114
104705	4905	0.10444114
104705	5288	0.10444114
104759	364	0.07839514
104759	2780	0.07839514
104759	5430	0.07839514
104759	2606	0.078395136
104759	1826	0.07839513
104759	2636	0.07839513
104759	2879	0.07839513
104759	3435	0.07839513
104759	5584	0.07839513
104759	6260	0.07839513
104796	42	0.095668904
104796	427	0.0956689
104796	4218	0.0956689
104796	5066	0.0956689
104796	5668	0.0956689
104796	5793	0.0956689
104796	5832	0.0956689
104796	1536	0.09566889
104796	1836	0.09566888
104796	3494	0.09566888
104812	6244	0.11626841
104812	3799	0.116268404
104812	2501	0.1162684
104812	4843	0.1162684
104812	2821	0.11626839
104812	4471	0.11626839
104812	887	0.11626838
104812	2564	0.11626838
104812	3384	0.11626838
104812	3426	0.11626838
104880	5886	0.1091658
104880	6123	0.1091658
104880	478	0.109165795
104880	1869	0.109165795
104880	2138	0.109165795
104880	3059	0.109165795
104880	3616	0.109165795
104880	160	0.10916579
104880	387	0.10916579
104880	890	0.10916579
104883	3749	0.083119914
104883	4004	0.083119914
104883	6796	0.083119914
104883	4446	0.08311991
104883	6152	0.08311991
104883	759	0.0831199
104883	1362	0.0831199
104883	2017	0.0831199
104883	2828	0.0831199
104883	3481	0.0831199
104925	387	0.10666873
104925	6912	0.10666873
104925	41	0.106668726
104925	124	0.106668726
104925	376	0.106668726
104925	890	0.106668726
104925	997	0.106668726
104925	1062	0.106668726
104925	1194	0.106668726
104925	1340	0.106668726
105028	890	0.16700976
105028	3971	0.16700976
105028	6123	0.16700976
105028	387	0.16700974
105028	597	0.16700974
105028	642	0.16700974
105028	901	0.16700974
105028	922	0.16700974
105028	986	0.16700974
105028	997	0.16700974
105054	624	0.13163278
105054	1745	0.13163278
105054	1806	0.13163278
105054	2220	0.13163278
105054	3112	0.13163278
105054	3493	0.13163278
105054	3830	0.13163278
105054	3853	0.13163278
105054	3866	0.13163278
105054	4398	0.13163278
105058	1455	0.1317184
105058	2138	0.1317184
105058	3971	0.1317184
105058	6123	0.1317184
105058	387	0.13171838
105058	597	0.13171838
105058	642	0.13171838
105058	890	0.13171838
105058	986	0.13171838
105058	997	0.13171838
105101	511	0.084915504
105101	1092	0.084915504
105101	1644	0.08491549
105101	2785	0.08491549
105101	3097	0.08491549
105101	3366	0.08491549
105101	3526	0.08491549
105101	3729	0.08491549
105101	4141	0.08491549
105101	4318	0.08491549
105108	3971	0.11857928
105108	5031	0.11857928
105108	6912	0.11857928
105108	1340	0.118579276
105108	2364	0.118579276
105108	3188	0.118579276
105108	3559	0.118579276
105108	5886	0.118579276
105108	49	0.11857927
105108	124	0.11857927
105115	4243	0.13619956
105115	5417	0.13619956
105115	1467	0.13619953
105115	3510	0.13555552
105115	3560	0.13555552
105115	371	0.1355555
105115	854	0.1355555
105115	1080	0.1355555
105115	1413	0.1355555
105115	1902	0.1355555
105214	3666	0.12366083
105214	6265	0.12294104
105214	244	0.12294103
105214	632	0.12294102
105214	4599	0.12294102
105214	582	0.12294101
105214	149	0.122941
105214	961	0.122941
105214	2962	0.122941
105214	3385	0.122941
105221	6840	0.0984506
105221	231	0.09845059
105221	1619	0.09845059
105221	4176	0.098450586
105221	5197	0.098450586
105221	6216	0.098450586
105221	1723	0.09845058
105221	2956	0.09845058
105221	4068	0.09845058
105221	5129	0.09845058
105317	111	0.07094784
105317	5890	0.07094783
105317	4692	0.070947826
105317	4729	0.070947826
105317	1075	0.07094782
105317	1537	0.07094782
105317	1793	0.07094782
105317	5695	0.07094782
105317	1992	0.07094781
105317	2099	0.07094781
105335	2382	0.08174731
105335	968	0.0817473
105335	3694	0.0817473
105335	5411	0.0817473
105335	5785	0.0817473
105335	489	0.08174729
105335	854	0.08174729
105335	1256	0.08174729
105335	1413	0.08174729
105335	1902	0.08174729
105374	124	0.12364498
105374	1869	0.12364498
105374	2121	0.12364498
105374	3616	0.12364498
105374	3971	0.12364498
105374	3559	0.12364497
105374	5031	0.12364497
105374	5896	0.12364497
105374	41	0.12364496
105374	215	0.12364496
105476	4448	0.06760779
105476	6599	0.06760776
105476	6154	0.06674946
105476	2106	0.06674945
105476	3678	0.06674945
105476	4238	0.06674944
105476	4951	0.066749424
105476	3445	0.066737786
105476	5835	0.06673778
105476	6428	0.06673778
105536	997	0.13387737
105536	2138	0.13387737
105536	3559	0.13387737
105536	3971	0.13387737
105536	5886	0.13387737
105536	124	0.13387735
105536	243	0.13387735
105536	597	0.13387735
105536	890	0.13387735
105536	4076	0.13387735
105572	6032	0.09205452
105572	2701	0.092054516
105572	3654	0.092054516
105572	4957	0.092054516
105572	6745	0.092054516
105572	3563	0.09205451
105572	4756	0.09205451
105572	88	0.0920545
105572	3345	0.0920545
105572	3408	0.0920545
105576	4984	0.08565925
105576	4813	0.085659236
105576	6909	0.085659236
105576	3644	0.08565923
105576	5106	0.08565923
105576	80	0.08565922
105576	1487	0.08565922
105576	1997	0.08565922
105576	3868	0.08565922
105576	4034	0.08565922
105627	5886	0.14617957
105627	387	0.14617956
105627	478	0.14617956
105627	775	0.14617956
105627	890	0.14617956
105627	986	0.14617956
105627	997	0.14617956
105627	1146	0.14617956
105627	1194	0.14617956
105627	1869	0.14617956
105874	4885	0.098680615
105874	2360	0.09868061
105874	3560	0.09868061
105874	296	0.0986806
105874	489	0.0986806
105874	729	0.0986806
105874	1334	0.0986806
105874	2382	0.0986806
105874	2595	0.0986806
105874	3391	0.0986806
105937	2419	0.10505311
105937	4673	0.10505311
105937	3606	0.105053104
105937	247	0.1050531
105937	3230	0.1050531
105937	3870	0.1050531
105937	4452	0.1050531
105937	4938	0.1050531
105937	6231	0.1050531
105937	884	0.10505309
105968	5731	0.11897014
105968	1848	0.118970126
105968	4103	0.118970126
105968	6279	0.118970126
105968	6621	0.118970126
105968	1258	0.11897012
105968	1388	0.11897012
105968	1459	0.11897012
105968	2450	0.11897012
105968	3143	0.11897012
105979	3971	0.15996653
105979	1869	0.15996651
105979	5886	0.15996651
105979	49	0.1599665
105979	478	0.1599665
105979	645	0.1599665
105979	880	0.1599665
105979	890	0.1599665
105979	1146	0.1599665
105979	1158	0.1599665
106007	1869	0.16121644
106007	3971	0.16121644
106007	124	0.16121642
106007	2138	0.16121642
106007	2728	0.16121642
106007	5716	0.16121642
106007	41	0.16121641
106007	180	0.16121641
106007	273	0.16121641
106007	326	0.16121641
106059	6265	0.08462865
106059	2962	0.08462864
106059	4599	0.08462864
106059	244	0.084628634
106059	582	0.084628634
106059	632	0.08462863
106059	961	0.08462863
106059	1442	0.08462863
106059	149	0.08462862
106059	3385	0.08462862
106078	827	0.09530476
106078	5476	0.09530476
106078	3646	0.09530474
106078	4771	0.09530474
106078	508	0.095304735
106078	596	0.095304735
106078	3468	0.095304735
106078	518	0.09530473
106078	1685	0.09530473
106078	3115	0.09325776
106114	775	0.10154791
106114	890	0.10154791
106114	1869	0.10154791
106114	2138	0.10154791
106114	3616	0.10154791
106114	4076	0.10154791
106114	5886	0.10154791
106114	5896	0.10154791
106114	6123	0.10154791
106114	6507	0.10154791
106131	3971	0.115911916
106131	1869	0.11591191
106131	6123	0.11591189
106131	6912	0.11591189
106131	124	0.115911886
106131	387	0.115911886
106131	842	0.115911886
106131	890	0.115911886
106131	997	0.115911886
106131	1229	0.115911886
106208	6265	0.090018556
106208	4599	0.09001855
106208	149	0.09001854
106208	244	0.09001854
106208	632	0.09001854
106208	1442	0.09001854
106208	4045	0.09001854
106208	582	0.09001853
106208	961	0.09001853
106208	2962	0.09001853
106225	1869	0.1011495
106225	3971	0.1011495
106225	890	0.10114949
106225	5886	0.10114949
106225	6123	0.10114949
106225	41	0.101149485
106225	215	0.101149485
106225	387	0.101149485
106225	775	0.101149485
106225	922	0.101149485
106280	775	0.1017842
106280	2138	0.1017842
106280	6123	0.1017842
106280	890	0.10178419
106280	997	0.10178419
106280	1869	0.10178419
106280	3971	0.10178419
106280	5896	0.10178419
106280	6507	0.10178419
106280	6912	0.10178419
106282	2479	0.07367299
106282	1778	0.07367298
106282	5489	0.07367297
106282	1443	0.073672965
106282	4276	0.073672965
106282	73	0.07367296
106282	2577	0.07367296
106282	4071	0.07367295
106282	2891	0.07367294
106282	6846	0.07367294
106294	6123	0.1074768
106294	376	0.107476786
106294	579	0.107476786
106294	997	0.107476786
106294	1869	0.107476786
106294	2138	0.107476786
106294	1393	0.10747678
106294	3971	0.10747678
106294	4293	0.10747678
106294	269	0.10747677
106302	5919	0.11077397
106302	6886	0.11077397
106302	4173	0.110773966
106302	6000	0.11077396
106302	4121	0.11077395
106302	4384	0.11077395
106302	6463	0.11077395
106302	2651	0.110773936
106302	6103	0.110773936
106302	5337	0.11068585
106331	2419	0.10140619
106331	4673	0.10140619
106331	247	0.10140617
106331	884	0.10140617
106331	1648	0.10140617
106331	3606	0.10140617
106331	3870	0.10140617
106331	6834	0.10140617
106331	4080	0.101406164
106331	5041	0.101406164
106369	3516	0.092648365
106369	5061	0.092648365
106369	6688	0.092648365
106369	1123	0.09264836
106369	1148	0.09264836
106369	5711	0.09264836
106369	6020	0.09264836
106369	6151	0.09264836
106369	5084	0.09264835
106369	6778	0.09264835
106388	4906	0.09267221
106388	248	0.09267219
106388	1567	0.09267219
106388	2653	0.09267219
106388	3359	0.09267219
106388	4493	0.09267219
106388	4868	0.09267219
106388	5086	0.09267219
106388	6492	0.09267219
106388	106	0.092672184
106406	387	0.11587544
106406	997	0.11587544
106406	1455	0.11587544
106406	1869	0.11587544
106406	2121	0.11587544
106406	2138	0.11587544
106406	3559	0.11587544
106406	3971	0.11587544
106406	5031	0.11587544
106406	6123	0.11587544
106553	1778	0.09538624
106553	2479	0.09538624
106553	1443	0.09538622
106553	5489	0.09538622
106553	4276	0.095386215
106553	73	0.09538621
106553	2577	0.09538621
106553	4071	0.09538619
106553	6846	0.09538619
106553	2891	0.095386185
106768	6674	0.17340514
106768	3866	0.17340513
106768	4727	0.17340513
106768	6643	0.17340513
106768	533	0.17340511
106768	1806	0.17340511
106768	3091	0.17340511
106768	3493	0.17340511
106768	3830	0.17340511
106768	3853	0.17340511
106816	3694	0.11755
106816	1363	0.117549986
106816	4224	0.117549986
106816	4796	0.117549986
106816	4885	0.117549986
106816	5785	0.117549986
106816	968	0.11754998
106816	1902	0.11754998
106816	2382	0.11754998
106816	3560	0.11754998
106845	387	0.11920433
106845	3971	0.11920432
106845	5031	0.11920432
106845	5886	0.11920432
106845	41	0.11920431
106845	124	0.11920431
106845	215	0.11920431
106845	597	0.11920431
106845	997	0.11920431
106845	1340	0.11920431
106846	1869	0.07963459
106846	3971	0.07963459
106846	5886	0.07963459
106846	6123	0.07963459
106846	387	0.079634584
106846	478	0.079634584
106846	890	0.079634584
106846	2138	0.079634584
106846	4076	0.079634584
106846	4323	0.079634584
106849	3971	0.113304906
106849	387	0.11330488
106849	1869	0.11330488
106849	5886	0.11330488
106849	6123	0.11330488
106849	6912	0.11330488
106849	24	0.113304876
106849	890	0.113304876
106849	2121	0.113304876
106849	3616	0.113304876
106862	42	0.08400687
106862	427	0.08400685
106862	5066	0.084006846
106862	5793	0.084006846
106862	5281	0.08400684
106862	5888	0.08400684
106862	6089	0.08400684
106862	464	0.08400683
106862	793	0.08400683
106862	1536	0.08400683
106893	3418	0.13077354
106893	5312	0.13077354
106893	5454	0.13077354
106893	1806	0.13077353
106893	3830	0.13077353
106893	3853	0.13077353
106893	3866	0.13077353
106893	4595	0.13077353
106893	5115	0.13077353
106893	6674	0.13077353
106946	3853	0.11263901
106946	6643	0.11263901
106946	3210	0.112638995
106946	3418	0.112638995
106946	3700	0.112638995
106946	3866	0.112638995
106946	4241	0.112638995
106946	4595	0.112638995
106946	5454	0.112638995
106946	5688	0.112638995
106950	1862	0.10638535
106950	5218	0.10638535
106950	6300	0.10638535
106950	3971	0.10638534
106950	5886	0.10638534
106950	41	0.106385335
106950	387	0.106385335
106950	478	0.106385335
106950	628	0.106385335
106950	890	0.106385335
107021	6123	0.119130984
107021	997	0.11913098
107021	6912	0.11913098
107021	597	0.11913097
107021	890	0.11913097
107021	3971	0.11913097
107021	4076	0.11913097
107021	5031	0.11913097
107021	5716	0.11913097
107021	387	0.11913096
107044	1621	0.10277371
107044	4103	0.10277371
107044	4703	0.10277371
107044	5731	0.10277371
107044	6149	0.10277371
107044	6279	0.10277371
107044	6670	0.10277371
107044	920	0.102773696
107044	1280	0.102773696
107044	1848	0.102773696
107099	6762	0.0722518
107099	5085	0.07225179
107099	1177	0.07225178
107099	1221	0.07225178
107099	1233	0.07225178
107099	2413	0.07225178
107099	3263	0.07225178
107099	4299	0.07225178
107099	4324	0.07225178
107099	4650	0.07225178
107109	1848	0.083985806
107109	4103	0.083985806
107109	5731	0.083985806
107109	2450	0.0839858
107109	4496	0.0839858
107109	396	0.08398579
107109	920	0.08398579
107109	1280	0.08398579
107109	1388	0.08398579
107109	1408	0.08398579
107244	1869	0.094737545
107244	3616	0.094737545
107244	3971	0.094737545
107244	5716	0.094737545
107244	6915	0.094737545
107244	597	0.09473754
107244	890	0.09473754
107244	1856	0.09473754
107244	2138	0.09473754
107244	4880	0.09473754
107258	4004	0.106576174
107258	4446	0.106576174
107258	759	0.10657617
107258	2518	0.10657617
107258	1362	0.10657616
107258	1742	0.10657616
107258	3749	0.10657616
107258	6152	0.10657616
107258	6601	0.10657616
107258	6612	0.10657616
107288	387	0.08655224
107288	3971	0.08655224
107288	41	0.08655223
107288	119	0.08655223
107288	597	0.08655223
107288	890	0.08655223
107288	901	0.08655223
107288	922	0.08655223
107288	997	0.08655223
107288	1146	0.08655223
107301	244	0.09123635
107301	6265	0.09123635
107301	3385	0.091236345
107301	149	0.09123634
107301	582	0.09123634
107301	632	0.09123634
107301	961	0.09123634
107301	2962	0.09123634
107301	4045	0.09123634
107301	3962	0.09123633
107324	49	0.08633554
107324	1415	0.08633554
107324	4323	0.08633554
107324	6123	0.08633554
107324	387	0.08633553
107324	2713	0.08633553
107324	5381	0.08633553
107324	478	0.086335525
107324	890	0.086335525
107324	922	0.086335525
107326	1869	0.118135914
107326	3971	0.118135914
107326	5886	0.118135914
107326	6912	0.118135914
107326	1194	0.11813591
107326	2138	0.11813591
107326	3452	0.11813591
107326	4076	0.11813591
107326	5716	0.11813591
107326	6123	0.11813591
107453	6152	0.09406788
107453	1362	0.09406787
107453	2518	0.09406787
107453	4004	0.09406787
107453	4789	0.09406787
107453	6601	0.09406787
107453	6796	0.09406787
107453	759	0.094067864
107453	1012	0.09406786
107453	1742	0.09406786
107510	56	0.13369668
107510	1621	0.13273513
107510	4103	0.13273513
107510	5731	0.13273513
107510	6279	0.13273512
107510	398	0.1327351
107510	920	0.1327351
107510	1258	0.1327351
107510	1280	0.1327351
107510	1368	0.1327351
107523	997	0.10503579
107523	1869	0.10503578
107523	3971	0.10503578
107523	4076	0.10503578
107523	5886	0.10503578
107523	6123	0.10503578
107523	6507	0.10503578
107523	6912	0.10503578
107523	387	0.105035774
107523	478	0.105035774
107865	1869	0.12894247
107865	215	0.12894246
107865	579	0.12894246
107865	775	0.12894246
107865	890	0.12894246
107865	1146	0.12894246
107865	2138	0.12894246
107865	3616	0.12894246
107865	3971	0.12894246
107865	5886	0.12894246
107889	3230	0.11759001
107889	4673	0.11759001
107889	247	0.11759
107889	2419	0.11759
107889	4080	0.11759
107889	884	0.117589995
107889	4452	0.117589995
107889	4758	0.117589995
107889	5041	0.117589995
107889	5864	0.117589995
107921	1125	0.101713404
107921	5430	0.10147117
107921	2606	0.10147115
107921	364	0.10147114
107921	2780	0.10147114
107921	6260	0.10147114
107921	1826	0.10147113
107921	2879	0.10147113
107921	2102	0.101471126
107921	2536	0.101471126
108005	2419	0.097171776
108005	3870	0.097171776
108005	884	0.09717177
108005	3606	0.09717177
108005	1648	0.09717176
108005	3837	0.09717176
108005	4080	0.09717176
108005	6834	0.09717176
108005	903	0.09717175
108005	942	0.09717175
108104	2043	0.111536786
108104	3584	0.11153677
108104	5173	0.11153677
108104	6171	0.11153677
108104	3872	0.111536756
108104	5946	0.111536756
108104	5139	0.11153674
108104	5640	0.11153672
108104	4740	0.11124277
108104	5914	0.11124277
108143	3853	0.12152831
108143	3866	0.12152831
108143	4718	0.12152831
108143	5454	0.121528305
108143	1806	0.1215283
108143	2220	0.1215283
108143	3418	0.1215283
108143	3493	0.1215283
108143	3830	0.1215283
108143	3980	0.1215283
108155	4984	0.10874855
108155	80	0.10874854
108155	3644	0.108748525
108155	5151	0.108748525
108155	6909	0.108748525
108155	1997	0.10874852
108155	4813	0.10874852
108155	5106	0.10874852
108155	2647	0.10874851
108155	3868	0.10874851
108158	3971	0.1026468
108158	2138	0.10264678
108158	5031	0.10264678
108158	5886	0.10264678
108158	6123	0.10264678
108158	387	0.102646776
108158	1146	0.102646776
108158	1869	0.102646776
108158	41	0.10264677
108158	579	0.10264677
108197	4673	0.110457346
108197	2419	0.110457316
108197	5041	0.110457316
108197	884	0.11045731
108197	1648	0.11045731
108197	3081	0.11045731
108197	3230	0.11045731
108197	3870	0.11045731
108197	222	0.1104573
108197	819	0.1104573
108213	890	0.10772136
108213	1869	0.10772136
108213	2138	0.10772136
108213	3971	0.10772136
108213	5886	0.10772136
108213	6123	0.10772136
108213	6912	0.10772136
108213	387	0.10772135
108213	4076	0.10772135
108213	6902	0.10772135
108243	4387	0.10280518
108243	3929	0.102805175
108243	1610	0.10280517
108243	4143	0.10280517
108243	5974	0.10280517
108243	6706	0.10280517
108243	626	0.10280516
108243	4482	0.10280516
108243	1733	0.10280515
108243	1814	0.10280515
108261	2972	0.098089546
108261	236	0.098089516
108261	1553	0.09808951
108261	3001	0.0980895
108261	3529	0.0980895
108261	2250	0.09808949
108261	3213	0.09808949
108261	6114	0.09808949
108261	2746	0.09768923
108261	6586	0.09768922
108267	5619	0.10612285
108267	5309	0.10612283
108267	848	0.10612282
108267	3797	0.10612282
108267	3902	0.10612282
108267	2768	0.10612281
108267	3403	0.10612281
108267	3601	0.10612281
108267	1267	0.1061228
108267	1646	0.1061228
108285	3600	0.05299564
108285	2022	0.052604236
108285	5904	0.05260423
108285	2197	0.05260422
108285	3121	0.05260422
108285	3906	0.05260422
108285	4671	0.05260422
108285	667	0.052604217
108285	953	0.052604217
108285	2936	0.052604217
108336	5387	0.08893881
108336	841	0.0889388
108336	1519	0.0889388
108336	5017	0.0889388
108336	299	0.08893879
108336	1677	0.08893878
108336	6638	0.087226346
108336	438	0.08721485
108336	5331	0.08687439
108336	6756	0.08687438
108352	6123	0.094200544
108352	997	0.09420054
108352	1869	0.09420054
108352	3616	0.09420054
108352	3971	0.09420054
108352	5886	0.09420054
108352	842	0.09420053
108352	3559	0.09420053
108352	4323	0.09420053
108352	5031	0.09420053
108392	4660	0.11126467
108392	64	0.111264646
108392	5898	0.11126464
108392	2160	0.11126463
108392	5089	0.11126463
108392	3117	0.11126461
108392	2177	0.1112646
108392	2444	0.11039701
108392	511	0.109708965
108392	1092	0.109708965
108405	387	0.079819754
108405	3971	0.079819754
108405	890	0.07981975
108405	1869	0.07981975
108405	3616	0.07981975
108405	5886	0.07981975
108405	6123	0.07981975
108405	538	0.07981974
108405	642	0.07981974
108405	645	0.07981974
108480	398	0.10670677
108480	1388	0.10670677
108480	3610	0.10670677
108480	5176	0.10670677
108480	5261	0.10670677
108480	5465	0.10670677
108480	5731	0.10670677
108480	6279	0.10670677
108480	2450	0.10670676
108480	2644	0.10670676
108481	244	0.115259476
108481	3385	0.11525946
108481	4599	0.11525946
108481	149	0.11525945
108481	582	0.11525945
108481	632	0.11525945
108481	2962	0.11525945
108481	6265	0.11525945
108481	961	0.115259446
108481	5437	0.115259446
108485	759	0.1239119
108485	4004	0.1239119
108485	1344	0.123911895
108485	2518	0.123911895
108485	4446	0.123911895
108485	2017	0.12391189
108485	2184	0.12391189
108485	3749	0.12391189
108485	6152	0.12391189
108485	6601	0.12391189
108535	4241	0.12029668
108535	2363	0.12029667
108535	2541	0.12029667
108535	3795	0.12029667
108535	3853	0.12029667
108535	3866	0.12029667
108535	5454	0.12029667
108535	6643	0.12029667
108535	6674	0.12029667
108535	846	0.120296665
108563	2138	0.092818886
108563	6123	0.092818886
108563	890	0.09281888
108563	1146	0.09281888
108563	1869	0.09281888
108563	3971	0.09281888
108563	41	0.09281887
108563	387	0.09281887
108563	865	0.09281887
108563	1229	0.09281887
108622	2419	0.08251934
108622	4673	0.08251934
108622	3230	0.08251933
108622	3606	0.08251933
108622	247	0.08251932
108622	884	0.08251932
108622	4080	0.08251932
108622	4452	0.08251932
108622	4472	0.08251932
108622	4501	0.08251932
108700	801	0.11161986
108700	686	0.111619845
108700	4151	0.111619845
108700	6222	0.111619845
108700	5121	0.11161984
108700	109	0.11161983
108700	1087	0.11161983
108700	1389	0.11161983
108700	2145	0.11161983
108700	2305	0.11161983
108752	387	0.11637685
108752	890	0.11637685
108752	1869	0.11637685
108752	3616	0.11637685
108752	3971	0.11637685
108752	5031	0.11637685
108752	5886	0.11637685
108752	124	0.11637684
108752	478	0.11637684
108752	1856	0.11637684
108753	5331	0.06938327
108753	5672	0.069383256
108753	6273	0.06938325
108753	6756	0.06938325
108753	4351	0.069383234
108753	4488	0.069383234
108753	4833	0.069383234
108753	828	0.06938323
108753	5343	0.06938322
108753	1806	0.06894423
108763	1177	0.10076405
108763	2737	0.100764036
108763	3118	0.100764036
108763	3263	0.100764036
108763	4806	0.100764036
108763	5691	0.100764036
108763	6318	0.100764036
108763	4177	0.10076403
108763	591	0.10076402
108763	1221	0.10076402
108773	3418	0.0837567
108773	3493	0.0837567
108773	3853	0.0837567
108773	3866	0.0837567
108773	4595	0.0837567
108773	1806	0.08375669
108773	2220	0.08375669
108773	2499	0.08375669
108773	3700	0.08375669
108773	3830	0.08375669
108799	3971	0.12927096
108799	5886	0.12927096
108799	124	0.12927094
108799	387	0.12927094
108799	832	0.12927094
108799	890	0.12927094
108799	922	0.12927094
108799	997	0.12927094
108799	1862	0.12927094
108799	1869	0.12927094
108827	1869	0.098826796
108827	2552	0.098826796
108827	3971	0.098826796
108827	5031	0.098826796
108827	6123	0.098826796
108827	387	0.09882679
108827	579	0.09882679
108827	1415	0.09882679
108827	2339	0.09882679
108827	3616	0.09882679
108950	3971	0.10183254
108950	2138	0.101832524
108950	1869	0.10183252
108950	49	0.10183251
108950	387	0.10183251
108950	597	0.10183251
108950	832	0.10183251
108950	1039	0.10183251
108950	2515	0.10183251
108950	2655	0.10183251
109013	1194	0.116995
109013	3971	0.116995
109013	890	0.11699499
109013	2138	0.11699499
109013	4076	0.11699499
109013	6123	0.11699499
109013	387	0.116994984
109013	997	0.116994984
109013	1869	0.116994984
109013	2121	0.116994984
109014	6310	0.094119
109014	3210	0.09411898
109014	3853	0.09411898
109014	5454	0.09411898
109014	5688	0.09411898
109014	6643	0.09411898
109014	6674	0.09411898
109014	3700	0.094118975
109014	3778	0.094118975
109014	4273	0.094118975
109084	5031	0.08850342
109084	5886	0.08850342
109084	6912	0.08850341
109084	24	0.088503405
109084	41	0.088503405
109084	124	0.088503405
109084	215	0.088503405
109084	577	0.088503405
109084	597	0.088503405
109084	890	0.088503405
109107	124	0.128483
109107	387	0.128483
109107	478	0.128483
109107	597	0.128483
109107	832	0.128483
109107	890	0.128483
109107	986	0.128483
109107	997	0.128483
109107	1403	0.128483
109107	1455	0.128483
109122	3971	0.07575476
109122	6123	0.07575476
109122	1869	0.075754754
109122	41	0.07575475
109122	376	0.07575475
109122	387	0.07575475
109122	597	0.07575475
109122	642	0.07575475
109122	890	0.07575475
109122	901	0.07575475
109135	244	0.08534801
109135	6265	0.08534801
109135	2962	0.085348
109135	4599	0.085348
109135	149	0.085347995
109135	1442	0.085347995
109135	4045	0.085347995
109135	632	0.08534799
109135	961	0.08534798
109135	3385	0.08534798
109276	2138	0.077270046
109276	3971	0.077270046
109276	6123	0.077270046
109276	1869	0.07727004
109276	49	0.07727003
109276	478	0.07727003
109276	579	0.07727003
109276	775	0.07727003
109276	890	0.07727003
109276	997	0.07727003
109287	3971	0.10219385
109287	2138	0.10219384
109287	24	0.10219383
109287	579	0.10219383
109287	890	0.10219383
109287	922	0.10219383
109287	1403	0.10219383
109287	1869	0.10219383
109287	3559	0.10219383
109287	4076	0.10219383
109349	1177	0.11896025
109349	1221	0.11896025
109349	3118	0.11896024
109349	6318	0.11896024
109349	3511	0.11896023
109349	3761	0.11896023
109349	4324	0.11896023
109349	4806	0.11896023
109349	5085	0.11896023
109349	6762	0.11896023
109357	387	0.114777625
109357	922	0.114777625
109357	1415	0.114777625
109357	1869	0.114777625
109357	2364	0.114777625
109357	2627	0.114777625
109357	3971	0.114777625
109357	4076	0.114777625
109357	4323	0.114777625
109357	5886	0.114777625
109388	2382	0.103015326
109388	968	0.10301532
109388	2360	0.10301532
109388	3560	0.10301532
109388	3694	0.10301532
109388	4796	0.10301532
109388	4960	0.10301532
109388	5785	0.10301532
109388	854	0.10301531
109388	1256	0.10301531
109403	3866	0.11103834
109403	3853	0.111038335
109403	4718	0.111038335
109403	5454	0.111038335
109403	6674	0.111038335
109403	533	0.11103833
109403	1806	0.11103833
109403	3091	0.11103833
109403	3112	0.11103833
109403	3700	0.11103833
109427	3380	0.099344656
109427	6032	0.09934464
109427	2701	0.09934463
109427	857	0.099344626
109427	3408	0.099344626
109427	3563	0.099344626
109427	3654	0.099344626
109427	3815	0.099344626
109427	4756	0.099344626
109427	4957	0.099344626
109461	1340	0.14698857
109461	1856	0.14698857
109461	1869	0.14698857
109461	2138	0.14698857
109461	3971	0.14698857
109461	5886	0.14698857
109461	6515	0.14698857
109461	890	0.14698856
109461	1094	0.14698856
109461	1194	0.14698856
109491	3971	0.06614104
109491	5031	0.06614103
109491	5886	0.06614103
109491	6123	0.06614103
109491	41	0.066141024
109491	387	0.066141024
109491	538	0.066141024
109491	597	0.066141024
109491	642	0.066141024
109491	775	0.066141024
109502	3666	0.061332185
109502	6833	0.06076653
109502	3335	0.060766518
109502	1953	0.060766507
109502	1222	0.060766496
109502	2726	0.06067013
109502	4446	0.060657673
109502	2518	0.06065767
109502	3749	0.06065767
109502	4789	0.06065767
109516	5731	0.08373399
109516	1621	0.083733976
109516	1848	0.083733976
109516	4103	0.083733976
109516	4703	0.083733976
109516	605	0.08373397
109516	3143	0.08373397
109516	3786	0.08373397
109516	5473	0.08373397
109516	6279	0.08373397
109519	2220	0.086951435
109519	6643	0.086951435
109519	6674	0.08695143
109519	3418	0.08695142
109519	3765	0.08695142
109519	3817	0.08695142
109519	3866	0.08695142
109519	4049	0.08695142
109519	4680	0.08695142
109519	4718	0.08695142
109562	6310	0.09524802
109562	6674	0.09524802
109562	533	0.095248014
109562	3210	0.095248014
109562	3866	0.095248014
109562	3980	0.095248014
109562	4241	0.095248014
109562	5115	0.095248014
109562	5688	0.095248014
109562	6643	0.095248014
109574	3230	0.15870786
109574	4673	0.15870786
109574	4938	0.15870786
109574	222	0.15870784
109574	884	0.15870784
109574	2419	0.15870784
109574	1648	0.15870783
109574	2529	0.15870783
109574	3585	0.15870783
109574	3606	0.15870783
109605	1621	0.10800867
109605	4103	0.10800867
109605	5731	0.10800867
109605	1848	0.10800866
109605	3657	0.10800866
109605	1280	0.10800865
109605	2209	0.10800865
109605	3006	0.10800865
109605	3143	0.10800865
109605	3786	0.10800865
109741	2043	0.13265616
109741	3584	0.13265616
109741	5173	0.13265616
109741	3872	0.13265614
109741	5946	0.13265614
109741	6171	0.13265614
109741	5139	0.13265613
109741	5640	0.1326561
109741	2503	0.1310514
109741	4738	0.1310514
109779	2518	0.14072439
109779	3749	0.14072439
109779	4004	0.14072439
109779	4789	0.14072439
109779	6796	0.14072439
109779	1362	0.14072438
109779	2184	0.14072438
109779	3212	0.14072438
109779	4446	0.14072438
109779	5058	0.14072438
109783	387	0.11690952
109783	890	0.11690952
109783	1869	0.11690952
109783	2121	0.11690952
109783	2364	0.11690952
109783	4076	0.11690952
109783	4323	0.11690952
109783	5805	0.11690952
109783	6123	0.11690952
109783	579	0.11690951
109864	1567	0.15535313
109864	4906	0.15535313
109864	5869	0.15535313
109864	2653	0.15535311
109864	135	0.1553531
109864	248	0.1553531
109864	711	0.1553531
109864	1585	0.1553531
109864	1816	0.1553531
109864	2207	0.1553531
109899	3971	0.13836123
109899	387	0.13836122
109899	2138	0.13836122
109899	124	0.1383612
109899	922	0.1383612
109899	1749	0.1383612
109899	1869	0.1383612
109899	3616	0.1383612
109899	5886	0.1383612
109899	41	0.13836119
109901	124	0.13046291
109901	215	0.13046291
109901	387	0.13046291
109901	890	0.13046291
109901	1869	0.13046291
109901	2121	0.13046291
109901	5031	0.13046291
109901	5886	0.13046291
109901	6033	0.13046291
109901	266	0.1304629
109955	6020	0.10655996
109955	6151	0.106559955
109955	1123	0.10655995
109955	1148	0.10655995
109955	3516	0.10655995
109955	3685	0.10655995
109955	5061	0.10655995
109955	5711	0.10655995
109955	5747	0.10655995
109955	3104	0.10655994
110029	922	0.14644131
110029	997	0.14644131
110029	1062	0.14644131
110029	1869	0.14644131
110029	2138	0.14644131
110029	3616	0.14644131
110029	3971	0.14644131
110029	4076	0.14644131
110029	5031	0.14644131
110029	5716	0.14644131
110040	1869	0.096705325
110040	2138	0.09670532
110040	2364	0.09670532
110040	3616	0.09670532
110040	3971	0.09670532
110040	5896	0.09670532
110040	6061	0.09670532
110040	5031	0.09670531
110040	5886	0.09670531
110040	6123	0.09670531
110076	3875	0.096265435
110076	4167	0.096265435
110076	6361	0.096265435
110076	5697	0.09626543
110076	2582	0.09626542
110076	3883	0.09626542
110076	5666	0.09626542
110076	6459	0.09626542
110076	2502	0.09626541
110076	2691	0.096265405
110110	5031	0.10785971
110110	890	0.1078597
110110	1869	0.1078597
110110	2138	0.1078597
110110	3616	0.1078597
110110	5886	0.1078597
110110	6915	0.1078597
110110	24	0.10785969
110110	49	0.10785969
110110	986	0.10785969
110112	3971	0.15304482
110112	6123	0.15304482
110112	387	0.1530448
110112	3965	0.1530448
110112	5031	0.1530448
110112	5886	0.1530448
110112	41	0.15304479
110112	124	0.15304479
110112	266	0.15304479
110112	269	0.15304479
110160	3971	0.0852838
110160	124	0.085283786
110160	922	0.085283786
110160	997	0.085283786
110160	1094	0.085283786
110160	1869	0.085283786
110160	2026	0.085283786
110160	3965	0.085283786
110160	5886	0.085283786
110160	6123	0.085283786
110165	111	0.1134437
110165	4729	0.11344368
110165	4692	0.11344367
110165	5890	0.11344367
110165	1075	0.113443665
110165	1793	0.113443665
110165	368	0.11344366
110165	2099	0.11344366
110165	3198	0.11344366
110165	5695	0.11344366
110208	3853	0.0920482
110208	3418	0.09204818
110208	3493	0.09204818
110208	3830	0.09204818
110208	3866	0.09204818
110208	5454	0.09204818
110208	5688	0.09204818
110208	6643	0.09204818
110208	6768	0.09204818
110208	2220	0.092048176
110214	41	0.12579188
110214	376	0.12579188
110214	387	0.12579188
110214	597	0.12579188
110214	642	0.12579188
110214	890	0.12579188
110214	922	0.12579188
110214	1058	0.12579188
110214	1062	0.12579188
110214	1146	0.12579188
110308	400	0.12731287
110308	801	0.12731287
110308	1087	0.12731287
110308	1389	0.12731287
110308	1650	0.12731287
110308	2126	0.12731287
110308	2145	0.12731287
110308	2305	0.12731287
110308	2916	0.12731287
110308	3120	0.12731287
110317	387	0.123138644
110317	997	0.123138644
110317	4076	0.123138644
110317	6123	0.123138644
110317	41	0.12313864
110317	124	0.12313864
110317	269	0.12313864
110317	890	0.12313864
110317	3559	0.12313864
110317	5886	0.12313864
110361	597	0.1330595
110361	1869	0.1330595
110361	3971	0.1330595
110361	5031	0.1330595
110361	5886	0.1330595
110361	6912	0.1330595
110361	49	0.13305949
110361	124	0.13305949
110361	387	0.13305949
110361	832	0.13305949
110373	3971	0.13921365
110373	1869	0.13921364
110373	387	0.13921362
110373	890	0.13921362
110373	5031	0.13921362
110373	5886	0.13921362
110373	6123	0.13921362
110373	579	0.1392136
110373	645	0.1392136
110373	986	0.1392136
110382	387	0.11450563
110382	890	0.11450563
110382	3616	0.11450563
110382	5031	0.11450563
110382	6123	0.11450563
110382	1146	0.114505626
110382	1869	0.114505626
110382	2138	0.114505626
110382	3971	0.114505626
110382	5886	0.114505626
110440	4740	0.13955003
110440	5914	0.13955003
110440	3677	0.13955
110440	4144	0.13955
110440	4738	0.13955
110440	5534	0.13955
110440	5599	0.13955
110440	6312	0.13955
110440	6396	0.13955
110440	1155	0.13954999
110483	4151	0.1378834
110483	686	0.13788338
110483	3120	0.13788338
110483	3187	0.13788338
110483	5121	0.13788338
110483	6222	0.13788338
110483	6236	0.13788338
110483	96	0.13788337
110483	109	0.13788337
110483	349	0.13788337
110493	4076	0.12361351
110493	597	0.12361349
110493	890	0.12361349
110493	997	0.12361349
110493	1455	0.12361349
110493	2037	0.12361349
110493	2138	0.12361349
110493	3971	0.12361349
110493	5716	0.12361349
110493	5886	0.12361349
110558	6912	0.109649226
110558	1062	0.10964922
110558	5031	0.10964922
110558	41	0.10964921
110558	124	0.10964921
110558	215	0.10964921
110558	387	0.10964921
110558	478	0.10964921
110558	890	0.10964921
110558	922	0.10964921
110609	3980	0.096305415
110609	4595	0.096305415
110609	4718	0.096305415
110609	5115	0.096305415
110609	5454	0.096305415
110609	6310	0.096305415
110609	6643	0.096305415
110609	6674	0.096305415
110609	3700	0.09630541
110609	3853	0.09630541
110700	3418	0.118181184
110700	3493	0.118181184
110700	5454	0.118181184
110700	6643	0.118181184
110700	3853	0.11818118
110700	6768	0.11818118
110700	1806	0.11818117
110700	2220	0.11818117
110700	2541	0.11818117
110700	2569	0.11818117
110746	890	0.092186585
110746	1415	0.092186585
110746	1455	0.092186585
110746	1869	0.092186585
110746	3616	0.092186585
110746	3971	0.092186585
110746	4076	0.092186585
110746	4323	0.092186585
110746	4390	0.092186585
110746	5886	0.092186585
110887	3560	0.09028971
110887	4885	0.090289705
110887	489	0.0902897
110887	854	0.0902897
110887	1080	0.0902897
110887	1758	0.0902897
110887	2227	0.0902897
110887	2360	0.0902897
110887	2880	0.0902897
110887	3115	0.0902897
110912	231	0.08783066
110912	4176	0.08783066
110912	5197	0.08783066
110912	6216	0.08783066
110912	1619	0.087830655
110912	668	0.08783065
110912	1723	0.08783065
110912	4000	0.08783065
110912	4068	0.08783065
110912	5129	0.08783065
111133	5031	0.0821908
111133	986	0.08219079
111133	1455	0.08219079
111133	1869	0.08219079
111133	2138	0.08219079
111133	4076	0.08219079
111133	5886	0.08219079
111133	24	0.08219078
111133	266	0.08219078
111133	269	0.08219078
111166	5731	0.08703122
111166	4103	0.087031215
111166	4703	0.087031215
111166	1621	0.08703121
111166	6670	0.08703121
111166	398	0.0870312
111166	1258	0.0870312
111166	1280	0.0870312
111166	2209	0.0870312
111166	2450	0.0870312
111174	3971	0.16068622
111174	49	0.16068621
111174	579	0.16068621
111174	890	0.16068621
111174	1415	0.16068621
111174	1455	0.16068621
111174	1869	0.16068621
111174	2138	0.16068621
111174	3616	0.16068621
111174	4076	0.16068621
111190	248	0.12815657
111190	1567	0.12815657
111190	2653	0.12815657
111190	4493	0.12815657
111190	4906	0.12815657
111190	5086	0.12815657
111190	6492	0.12815657
111190	655	0.12815656
111190	1350	0.12815656
111190	2080	0.12815656
111241	5055	0.07357231
111241	3893	0.0735723
111241	2027	0.07357229
111241	3013	0.07357228
111241	1556	0.07269645
111241	2654	0.07269644
111241	6518	0.07269644
111241	6802	0.07269644
111241	1274	0.07269643
111241	5320	0.07269643
111261	152	0.12920389
111261	1679	0.12920389
111261	1892	0.12920389
111261	3216	0.12920389
111261	869	0.12920387
111261	1457	0.12920387
111261	1598	0.12920387
111261	4233	0.12920387
111261	5286	0.12920387
111261	6747	0.12920387
111286	3013	0.1382758
111286	3893	0.1382758
111286	5055	0.1382758
111286	2027	0.13827577
111286	626	0.13723737
111286	2986	0.13723737
111286	3929	0.13723737
111286	4143	0.13723737
111286	4290	0.13723737
111286	4387	0.13723737
111390	511	0.12518513
111390	1092	0.12518512
111390	5288	0.12518512
111390	6593	0.12518512
111390	2785	0.1251851
111390	3366	0.1251851
111390	3526	0.1251851
111390	4318	0.1251851
111390	4557	0.1251851
111390	4905	0.1251851
111438	3971	0.11507821
111438	6123	0.11507821
111438	5886	0.1150782
111438	24	0.115078196
111438	49	0.115078196
111438	478	0.115078196
111438	890	0.115078196
111438	997	0.115078196
111438	1869	0.115078196
111438	2138	0.115078196
111536	4151	0.06974333
111536	400	0.06974332
111536	686	0.06974332
111536	1087	0.06974332
111536	1650	0.06974332
111536	2180	0.06974332
111536	2305	0.06974332
111536	2916	0.06974332
111536	3120	0.06974332
111536	3187	0.06974332
111578	1869	0.14605787
111578	3971	0.14605786
111578	124	0.14605784
111578	387	0.14605784
111578	890	0.14605784
111578	997	0.14605784
111578	2343	0.14605784
111578	3616	0.14605784
111578	3965	0.14605784
111578	4076	0.14605784
111634	3853	0.12288546
111634	3866	0.12288545
111634	3980	0.12288545
111634	4241	0.12288544
111634	5454	0.12288544
111634	6643	0.12288544
111634	2304	0.122885436
111634	3210	0.122885436
111634	3700	0.122885436
111634	4595	0.122885436
111637	387	0.1338774
111637	1869	0.1338774
111637	3971	0.1338774
111637	5031	0.1338774
111637	5886	0.1338774
111637	49	0.13387738
111637	124	0.13387738
111637	160	0.13387738
111637	478	0.13387738
111637	645	0.13387738
111733	5718	0.09462182
111733	2446	0.094621815
111733	1741	0.09462181
111733	6332	0.09462181
111733	5986	0.09462179
111733	6651	0.093481705
111733	188	0.09348166
111733	5154	0.09348166
111733	3657	0.09306592
111733	4103	0.09306592
111816	4167	0.082225606
111816	5697	0.08222559
111816	6361	0.08222559
111816	3875	0.08222558
111816	2012	0.082225576
111816	3883	0.082225576
111816	5666	0.082225576
111816	6459	0.082225576
111816	1796	0.08222557
111816	2691	0.08222557
111847	1965	0.15116367
111847	2359	0.15116364
111847	859	0.15116362
111847	4099	0.15116362
111847	4908	0.15116362
111847	4291	0.15116361
111847	5565	0.15116361
111847	5673	0.15116361
111847	5931	0.15116361
111847	6023	0.15116361
111888	364	0.1256621
111888	6260	0.1256621
111888	1826	0.12566209
111888	2636	0.12566209
111888	2780	0.12566209
111888	3435	0.12566209
111888	3824	0.12566209
111888	5430	0.12566209
111888	5584	0.12566209
111888	2102	0.12566207
111924	3971	0.09001241
111924	387	0.0900124
111924	597	0.0900124
111924	642	0.0900124
111924	890	0.0900124
111924	997	0.0900124
111924	1058	0.0900124
111924	1062	0.0900124
111924	1869	0.0900124
111924	2121	0.0900124
111938	4103	0.12588742
111938	5731	0.12588742
111938	6149	0.12588741
111938	920	0.1258874
111938	1621	0.1258874
111938	1848	0.1258874
111938	2209	0.1258874
111938	2450	0.1258874
111938	3657	0.1258874
111938	3983	0.1258874
111944	1869	0.19164722
111944	3971	0.19164722
111944	387	0.1916472
111944	832	0.1916472
111944	890	0.1916472
111944	1856	0.1916472
111944	2138	0.1916472
111944	3559	0.1916472
111944	4076	0.1916472
111944	4323	0.1916472
111947	3971	0.11870634
111947	597	0.11870633
111947	890	0.11870633
111947	5716	0.11870633
111947	6123	0.11870633
111947	387	0.11870632
111947	1194	0.11870632
111947	1869	0.11870632
111947	5031	0.11870632
111947	5886	0.11870632
112026	3799	0.11781225
112026	467	0.117812246
112026	2501	0.11781223
112026	2564	0.11781223
112026	2821	0.11781223
112026	3430	0.11781223
112026	4843	0.11781223
112026	6244	0.11781223
112026	6689	0.11781223
112026	3426	0.117812224
112083	2138	0.14730293
112083	3616	0.14730293
112083	3971	0.14730293
112083	890	0.14730291
112083	1869	0.14730291
112083	2364	0.14730291
112083	4076	0.14730291
112083	5031	0.14730291
112083	5886	0.14730291
112083	6123	0.14730291
112088	3616	0.10745385
112088	3971	0.10745385
112088	5031	0.10745385
112088	1869	0.107453845
112088	5886	0.107453845
112088	49	0.10745384
112088	124	0.10745384
112088	387	0.10745384
112088	890	0.10745384
112088	997	0.10745384
112093	4388	0.08750591
112093	4536	0.08750591
112093	1312	0.08750589
112093	2105	0.08750589
112093	3297	0.08750589
112093	3995	0.08750589
112093	4417	0.08750589
112093	205	0.087505884
112093	5681	0.087505884
112093	6659	0.087505884
112109	6427	0.08770084
112109	1306	0.08770083
112109	5232	0.08770081
112109	4400	0.0877008
112109	4693	0.0877008
112109	5583	0.0877008
112109	4698	0.08770079
112109	2323	0.087700784
112109	6775	0.08770078
112109	1411	0.08740799
112148	5033	0.09961419
112148	520	0.09961416
112148	6810	0.09961415
112148	5653	0.09961414
112148	6147	0.09961414
112148	878	0.09949364
112148	1366	0.09949364
112148	3971	0.09828746
112148	387	0.09828745
112148	1869	0.09828745
112173	2220	0.09274142
112173	3866	0.09274142
112173	6674	0.09274142
112173	533	0.092741415
112173	1739	0.092741415
112173	1745	0.092741415
112173	1806	0.092741415
112173	2304	0.092741415
112173	2363	0.092741415
112173	3029	0.092741415
112199	387	0.117460154
112199	3971	0.117460154
112199	1869	0.11746015
112199	2138	0.11746015
112199	6123	0.11746015
112199	579	0.11746014
112199	890	0.11746014
112199	3424	0.11746014
112199	3616	0.11746014
112199	4323	0.11746014
112240	1806	0.08850856
112240	5115	0.08850856
112240	5454	0.08850856
112240	6674	0.08850856
112240	3866	0.088508554
112240	533	0.08850855
112240	1070	0.08850855
112240	2220	0.08850855
112240	3112	0.08850855
112240	3418	0.08850855
112298	4671	0.086292416
112298	5904	0.086292416
112298	6075	0.086292416
112298	551	0.08629241
112298	2936	0.08629241
112298	191	0.0862924
112298	570	0.0862924
112298	667	0.0862924
112298	806	0.0862924
112298	3374	0.0862924
112401	3866	0.0969831
112401	1806	0.09698309
112401	3853	0.09698309
112401	5454	0.09698309
112401	2304	0.09698308
112401	3830	0.09698308
112401	4718	0.09698308
112401	4807	0.09698308
112401	5115	0.09698308
112401	5312	0.09698308
112402	6630	0.09136163
112402	3002	0.09136161
112402	6591	0.09136161
112402	6592	0.09136161
112402	3045	0.091361605
112402	3628	0.091361605
112402	3938	0.091361605
112402	1978	0.0913616
112402	5607	0.0913616
112402	6654	0.0913616
112408	1869	0.12055396
112408	5886	0.12055396
112408	3971	0.120553955
112408	4076	0.120553955
112408	5031	0.120553955
112408	215	0.12055395
112408	6912	0.12055395
112408	890	0.12055394
112408	1856	0.12055394
112408	2138	0.12055394
112507	1869	0.112333156
112507	3971	0.11233315
112507	387	0.11233314
112507	2121	0.11233314
112507	2728	0.11233314
112507	41	0.112333134
112507	124	0.112333134
112507	376	0.112333134
112507	579	0.112333134
112507	832	0.112333134
112512	2138	0.09125133
112512	3971	0.09125133
112512	6123	0.09125133
112512	1869	0.09125132
112512	387	0.09125131
112512	597	0.09125131
112512	832	0.09125131
112512	890	0.09125131
112512	997	0.09125131
112512	1455	0.09125131
112541	2419	0.11778003
112541	4673	0.11778003
112541	5041	0.11778003
112541	3443	0.11778002
112541	3606	0.11778002
112541	4938	0.11778002
112541	6834	0.11778002
112541	247	0.117780015
112541	792	0.117780015
112541	884	0.117780015
112559	890	0.1265693
112559	997	0.1265693
112559	1393	0.1265693
112559	2138	0.1265693
112559	3971	0.1265693
112559	6123	0.1265693
112559	49	0.12656929
112559	387	0.12656929
112559	579	0.12656929
112559	645	0.12656929
112590	4076	0.09752152
112590	2121	0.09752151
112590	5031	0.09752151
112590	5886	0.09752151
112590	890	0.097521506
112590	997	0.097521506
112590	1856	0.097521506
112590	2356	0.097521506
112590	2728	0.097521506
112590	5381	0.097521506
112598	387	0.079831004
112598	3971	0.079831004
112598	6123	0.079831004
112598	6912	0.079831
112598	41	0.07983099
112598	49	0.07983099
112598	478	0.07983099
112598	579	0.07983099
112598	832	0.07983099
112598	890	0.07983099
112672	3971	0.116088934
112672	1869	0.11608892
112672	2138	0.11608892
112672	41	0.11608891
112672	124	0.11608891
112672	387	0.11608891
112672	832	0.11608891
112672	3616	0.11608891
112672	3965	0.11608891
112672	5886	0.11608891
112761	1377	0.08347501
112761	4651	0.083474986
112761	3308	0.08220609
112761	4556	0.08220609
112761	6137	0.08220609
112761	1879	0.082206085
112761	2787	0.082206085
112761	4518	0.082206085
112761	5135	0.082206085
112761	6820	0.082206085
112765	890	0.12552583
112765	922	0.12552583
112765	1146	0.12552583
112765	1415	0.12552583
112765	1455	0.12552583
112765	2138	0.12552583
112765	2364	0.12552583
112765	2736	0.12552583
112765	2965	0.12552583
112765	3559	0.12552583
112818	6265	0.073023856
112818	244	0.07302385
112818	4599	0.07302384
112818	149	0.07302383
112818	632	0.07302383
112818	2962	0.07302383
112818	582	0.073023826
112818	961	0.073023826
112818	1442	0.073023826
112818	3385	0.073023826
112845	2138	0.11088055
112845	3971	0.11088055
112845	1869	0.110880546
112845	6912	0.110880546
112845	41	0.11088054
112845	890	0.11088054
112845	1194	0.11088054
112845	2087	0.11088054
112845	3059	0.11088054
112845	4076	0.11088054
112881	4165	0.121996015
112881	5444	0.12199598
112881	5682	0.12199597
112881	1224	0.12199596
112881	1615	0.12199596
112881	3370	0.121995956
112881	5220	0.12199595
112881	1933	0.12199593
112881	4906	0.12056665
112881	5715	0.12056665
112914	3799	0.12540102
112914	4338	0.12540102
112914	6244	0.12540102
112914	467	0.125401
112914	2501	0.125401
112914	4843	0.125401
112914	395	0.12540099
112914	887	0.12540099
112914	2821	0.12540099
112914	3384	0.12540099
112953	5031	0.16411616
112953	1869	0.16411614
112953	2121	0.16411614
112953	3616	0.16411614
112953	5916	0.16411614
112953	1146	0.16411613
112953	1340	0.16411613
112953	2728	0.16411613
112953	5709	0.16411613
112953	49	0.16411611
112979	3971	0.08759597
112979	1869	0.08759596
112979	2138	0.08759596
112979	6915	0.08759596
112979	387	0.087595955
112979	642	0.087595955
112979	890	0.087595955
112979	1194	0.087595955
112979	1340	0.087595955
112979	2364	0.087595955
113030	3785	0.1540648
113030	400	0.15406479
113030	1087	0.15406479
113030	1389	0.15406479
113030	1650	0.15406479
113030	3120	0.15406479
113030	3187	0.15406479
113030	4151	0.15406479
113030	5121	0.15406479
113030	349	0.15406477
113259	4813	0.121591344
113259	4984	0.121591344
113259	3644	0.12159133
113259	6909	0.12159133
113259	1487	0.12159132
113259	2098	0.12159132
113259	3271	0.12159132
113259	5922	0.12159132
113259	80	0.121591315
113259	1997	0.121591315
113270	6841	0.14649695
113270	4822	0.14649692
113270	425	0.14625305
113270	1524	0.14625299
113270	4469	0.14625299
113270	5321	0.14625299
113270	5355	0.14625299
113270	91	0.14625296
113270	1185	0.14625296
113270	3776	0.14625296
113279	3971	0.13888277
113279	124	0.13888276
113279	387	0.13888276
113279	478	0.13888276
113279	579	0.13888276
113279	775	0.13888276
113279	890	0.13888276
113279	1146	0.13888276
113279	1194	0.13888276
113279	1229	0.13888276
113292	511	0.10124396
113292	1092	0.10124395
113292	5288	0.10124395
113292	2785	0.10124394
113292	3097	0.10124394
113292	6364	0.10124394
113292	6593	0.10124394
113292	2643	0.101243936
113292	3526	0.101243936
113292	4318	0.101243936
113334	1869	0.16937676
113334	3971	0.16937676
113334	2138	0.16937675
113334	6123	0.16937675
113334	124	0.16937673
113334	387	0.16937673
113334	579	0.16937673
113334	642	0.16937673
113334	775	0.16937673
113334	890	0.16937673
113364	3971	0.12730934
113364	387	0.12730932
113364	890	0.12730932
113364	1869	0.12730932
113364	2121	0.12730932
113364	2138	0.12730932
113364	3616	0.12730932
113364	6123	0.12730932
113364	6912	0.12730932
113364	24	0.12730931
113435	4076	0.11096946
113435	5886	0.11096946
113435	478	0.110969454
113435	997	0.110969454
113435	1869	0.110969454
113435	3971	0.110969454
113435	6123	0.110969454
113435	6912	0.110969454
113435	387	0.11096945
113435	775	0.11096945
113475	5454	0.12247404
113475	3853	0.12247403
113475	3866	0.12247403
113475	3980	0.12247403
113475	5511	0.12247403
113475	6310	0.12247403
113475	6674	0.12247403
113475	4727	0.12247402
113475	5115	0.12247402
113475	5312	0.12247402
113519	387	0.10931286
113519	597	0.10931286
113519	1393	0.10931286
113519	2121	0.10931286
113519	3897	0.10931286
113519	5031	0.10931286
113519	1455	0.109312855
113519	3971	0.109312855
113519	5716	0.109312855
113519	6123	0.109312855
113531	49	0.14202759
113531	890	0.14202759
113531	1146	0.14202759
113531	1393	0.14202759
113531	1856	0.14202759
113531	1869	0.14202759
113531	2138	0.14202759
113531	3971	0.14202759
113531	4323	0.14202759
113531	4603	0.14202759
113602	1965	0.09890902
113602	2359	0.09890901
113602	5565	0.098909
113602	859	0.09890899
113602	929	0.09890899
113602	4099	0.09890899
113602	5673	0.09890898
113602	6023	0.09890898
113602	4291	0.098908976
113602	4908	0.098908976
113624	5454	0.11391519
113624	6643	0.11391518
113624	3418	0.113915175
113624	3493	0.113915175
113624	3853	0.113915175
113624	3866	0.113915175
113624	5312	0.113915175
113624	1025	0.11391517
113624	1806	0.11391517
113624	2363	0.11391517
113657	4906	0.10545239
113657	2653	0.10545238
113657	5869	0.10545238
113657	106	0.10545237
113657	248	0.10545237
113657	711	0.10545237
113657	1567	0.10545237
113657	3359	0.10545237
113657	3361	0.10545237
113657	4493	0.10545237
113661	2138	0.09577551
113661	5886	0.09577551
113661	124	0.0957755
113661	387	0.0957755
113661	597	0.0957755
113661	997	0.0957755
113661	1455	0.0957755
113661	1869	0.0957755
113661	3971	0.0957755
113661	5031	0.0957755
113663	6423	0.14124162
113663	2843	0.1412416
113663	1301	0.14124157
113663	247	0.1407432
113663	2419	0.1407432
113663	3870	0.14074318
113663	4474	0.14074318
113663	4589	0.14074318
113663	4938	0.14074318
113663	6231	0.14074318
113752	511	0.1090061
113752	1092	0.10900608
113752	2785	0.10900608
113752	3526	0.10900608
113752	4318	0.10900608
113752	4905	0.10900608
113752	6364	0.10900608
113752	3097	0.10900607
113752	5288	0.10900607
113752	6593	0.10900607
113804	387	0.10550448
113804	1146	0.10550448
113804	1869	0.10550448
113804	2138	0.10550448
113804	2364	0.10550448
113804	3971	0.10550448
113804	4076	0.10550448
113804	6123	0.10550448
113804	478	0.105504476
113804	890	0.105504476
113817	1413	0.078289464
113817	2360	0.07828946
113817	3115	0.07828946
113817	3694	0.07828946
113817	4817	0.07828946
113817	4885	0.07828946
113817	854	0.07828945
113817	1256	0.07828945
113817	2382	0.07828945
113817	3391	0.07828945
113904	3971	0.14359754
113904	6912	0.14359753
113904	41	0.14359751
113904	478	0.14359751
113904	579	0.14359751
113904	642	0.14359751
113904	890	0.14359751
113904	997	0.14359751
113904	1189	0.14359751
113904	1340	0.14359751
113944	1567	0.110399544
113944	248	0.11039954
113944	4906	0.11039954
113944	1349	0.11039953
113944	2653	0.11039953
113944	3361	0.11039953
113944	4903	0.11039953
113944	4089	0.11039952
113944	4493	0.11039952
113944	5335	0.11039952
113955	3616	0.13689452
113955	3971	0.13689452
113955	5886	0.13689452
113955	2138	0.13689451
113955	5031	0.13689451
113955	49	0.1368945
113955	124	0.1368945
113955	579	0.1368945
113955	642	0.1368945
113955	645	0.1368945
113966	3875	0.115333125
113966	4167	0.11533312
113966	5697	0.11533311
113966	6361	0.11533311
113966	5666	0.1153331
113966	2582	0.115333095
113966	3883	0.115333095
113966	6459	0.115333095
113966	2502	0.11533309
113966	5547	0.11533309
113983	3971	0.087180436
113983	6912	0.087180436
113983	41	0.08718043
113983	775	0.08718043
113983	1869	0.08718043
113983	2138	0.08718043
113983	4076	0.08718043
113983	5716	0.08718043
113983	5886	0.08718043
113983	24	0.08718042
114007	2138	0.1241423
114007	387	0.12414229
114007	997	0.12414229
114007	1146	0.12414229
114007	3971	0.12414229
114007	6123	0.12414229
114007	1340	0.12414228
114007	1869	0.12414228
114007	3616	0.12414228
114007	41	0.124142274
114075	690	0.082498536
114075	3974	0.08249852
114075	4241	0.08137662
114075	6768	0.08137662
114075	3493	0.08137661
114075	3830	0.08137661
114075	3866	0.08137661
114075	4727	0.08137661
114075	5511	0.08137661
114075	5688	0.08137661
114085	3616	0.16158694
114085	5031	0.16158694
114085	1869	0.16158693
114085	5886	0.16158693
114085	124	0.16158691
114085	266	0.16158691
114085	387	0.16158691
114085	478	0.16158691
114085	579	0.16158691
114085	645	0.16158691
114089	2364	0.105255485
114089	3971	0.105255485
114089	5031	0.105255485
114089	6912	0.105255485
114089	1340	0.10525548
114089	2138	0.10525548
114089	4880	0.10525548
114089	5716	0.10525548
114089	5886	0.10525548
114089	5896	0.10525548
114178	2787	0.08118546
114178	4556	0.08118546
114178	1879	0.081185445
114178	3308	0.081185445
114178	4518	0.081185445
114178	5740	0.081185445
114178	6137	0.081185445
114178	5963	0.08118544
114178	6820	0.08118544
114178	6896	0.08118544
114200	6630	0.1374467
114200	6592	0.13744669
114200	1978	0.13744667
114200	3002	0.13744667
114200	3045	0.13744667
114200	3628	0.13744667
114200	3938	0.13744667
114200	6591	0.13744667
114200	6654	0.13744667
114200	6690	0.13744667
114216	5031	0.11692453
114216	890	0.116924524
114216	1869	0.116924524
114216	2121	0.116924524
114216	3616	0.116924524
114216	3971	0.116924524
114216	6912	0.116924524
114216	124	0.11692452
114216	387	0.11692452
114216	2728	0.11692452
114217	124	0.14224845
114217	890	0.14224845
114217	2138	0.14224845
114217	3559	0.14224845
114217	3971	0.14224845
114217	4076	0.14224845
114217	5031	0.14224845
114217	5886	0.14224845
114217	24	0.14224844
114217	49	0.14224844
114258	1848	0.07328975
114258	6465	0.07328975
114258	1225	0.073289745
114258	1258	0.073289745
114258	1280	0.073289745
114258	5465	0.073289745
114258	6279	0.073289745
114258	6670	0.073289745
114258	396	0.07328974
114258	605	0.07328974
114265	3866	0.112595335
114265	5454	0.112595335
114265	6674	0.112595335
114265	533	0.11259533
114265	1745	0.11259533
114265	5312	0.11259533
114265	6043	0.11259533
114265	6310	0.11259533
114265	3019	0.11259532
114265	3210	0.11259532
114279	467	0.10663799
114279	3799	0.10663798
114279	2501	0.10663797
114279	3384	0.10663797
114279	4471	0.10663797
114279	4843	0.10663797
114279	6244	0.10663797
114279	6689	0.10663797
114279	395	0.106637955
114279	2821	0.106637955
114306	511	0.10298818
114306	6364	0.10298818
114306	1092	0.102988176
114306	3526	0.102988176
114306	4557	0.10298817
114306	4905	0.10298817
114306	6593	0.10298817
114306	3729	0.10298816
114306	4318	0.10298816
114306	5998	0.10298816
114378	6265	0.09174214
114378	149	0.09174213
114378	244	0.09174213
114378	4045	0.09174213
114378	4599	0.09174213
114378	4082	0.09174212
114378	632	0.09174211
114378	650	0.09174211
114378	961	0.09174211
114378	1442	0.09174211
114414	6312	0.090197794
114414	4738	0.09019779
114414	4740	0.09019779
114414	5914	0.09019779
114414	1155	0.09019777
114414	1163	0.09019777
114414	2503	0.09019777
114414	4144	0.09019777
114414	4431	0.09019777
114414	5534	0.09019777
114444	425	0.089702256
114444	1524	0.089702204
114444	5304	0.0897022
114444	91	0.08970219
114444	1185	0.08970219
114444	4469	0.08970219
114444	5321	0.08970219
114444	5355	0.08970219
114444	3776	0.089702174
114444	4032	0.089702174
114446	42	0.13513273
114446	5793	0.13513273
114446	5091	0.13513272
114446	5668	0.13513272
114446	427	0.1351327
114446	1536	0.1351327
114446	3167	0.1351327
114446	3494	0.1351327
114446	5066	0.1351327
114446	5888	0.1351327
114452	6674	0.083374135
114452	3418	0.08337413
114452	3493	0.08337413
114452	3700	0.08337413
114452	3830	0.08337413
114452	3853	0.08337413
114452	3866	0.08337413
114452	4595	0.08337413
114452	5511	0.08337413
114452	5879	0.08337413
114483	1285	0.085700266
114483	4065	0.085700266
114483	5821	0.085700266
114483	6608	0.085700266
114483	471	0.08570026
114483	3018	0.08570026
114483	3937	0.08570026
114483	5414	0.08570026
114483	5703	0.08570026
114483	6418	0.08570026
114498	511	0.056749016
114498	1092	0.056749012
114498	6593	0.056749012
114498	617	0.05674901
114498	3526	0.05674901
114498	4557	0.05674901
114498	5288	0.05674901
114498	6364	0.05674901
114498	6880	0.05674901
114498	2785	0.056749005
114544	3560	0.10828949
114544	3427	0.10828947
114544	4885	0.10828947
114544	1413	0.108289465
114544	1902	0.108289465
114544	2360	0.108289465
114544	3115	0.108289465
114544	3510	0.108289465
114544	4796	0.108289465
114544	2382	0.10828946
114581	3971	0.11482565
114581	49	0.114825636
114581	387	0.114825636
114581	645	0.114825636
114581	890	0.114825636
114581	1869	0.114825636
114581	2138	0.114825636
114581	2364	0.114825636
114581	3822	0.114825636
114581	6123	0.114825636
114634	3971	0.09177549
114634	890	0.091775484
114634	2138	0.091775484
114634	6915	0.091775484
114634	49	0.09177548
114634	124	0.09177548
114634	387	0.09177548
114634	579	0.09177548
114634	1146	0.09177548
114634	1340	0.09177548
114643	3971	0.110413514
114643	890	0.11041351
114643	1146	0.11041351
114643	1869	0.11041351
114643	2121	0.11041351
114643	2138	0.11041351
114643	2364	0.11041351
114643	3616	0.11041351
114643	4076	0.11041351
114643	5031	0.11041351
114662	5914	0.11160968
114662	6396	0.11160967
114662	2503	0.11160966
114662	5599	0.11160966
114662	1155	0.11160965
114662	3677	0.11160965
114662	4431	0.11160965
114662	4738	0.11160965
114662	4740	0.11160965
114662	6312	0.11160965
114742	6851	0.10919835
114742	4856	0.109198324
114742	4382	0.10919832
114742	2988	0.10919831
114742	482	0.1091983
114742	2457	0.1091983
114742	4007	0.1091983
114742	5315	0.1091983
114742	4986	0.109198295
114742	1394	0.10919829
114813	5031	0.110568166
114813	1869	0.11056816
114813	2121	0.11056816
114813	3616	0.11056816
114813	5886	0.11056816
114813	100	0.11056815
114813	387	0.11056815
114813	478	0.11056815
114813	890	0.11056815
114813	901	0.11056815
114868	6767	0.109287664
114868	1199	0.109077014
114868	687	0.109077
114868	1041	0.109076984
114868	3401	0.10907697
114868	1227	0.10907696
114868	3224	0.108341135
114868	3862	0.10834111
114868	2182	0.1083411
114868	6766	0.108192734
114893	5886	0.12081978
114893	3971	0.12081977
114893	41	0.12081976
114893	215	0.12081976
114893	387	0.12081976
114893	478	0.12081976
114893	1146	0.12081976
114893	1856	0.12081976
114893	1869	0.12081976
114893	3897	0.12081976
115002	244	0.14472671
115002	6265	0.1447267
115002	149	0.14472666
115002	632	0.14472666
115002	3385	0.14472666
115002	4599	0.14472666
115002	961	0.14472665
115002	2962	0.14472665
115002	4045	0.14472665
115002	5437	0.14472665
115003	5031	0.17835668
115003	5886	0.17835668
115003	6912	0.17835668
115003	387	0.17835666
115003	597	0.17835666
115003	997	0.17835666
115003	2646	0.17835666
115003	3897	0.17835666
115003	24	0.17835665
115003	156	0.17835665
115097	808	0.10340516
115097	5579	0.103405155
115097	631	0.10340515
115097	965	0.10340515
115097	1477	0.10340515
115097	1485	0.10340515
115097	3268	0.10340513
115097	2505	0.103405125
115097	623	0.10340511
115097	3100	0.10340509
115120	4885	0.13724962
115120	489	0.1372496
115120	3560	0.1372496
115120	212	0.13724959
115120	729	0.13724959
115120	1106	0.13724959
115120	1256	0.13724959
115120	1363	0.13724959
115120	1902	0.13724959
115120	2360	0.13724959
115150	387	0.112203315
115150	1415	0.112203315
115150	4076	0.112203315
115150	49	0.1122033
115150	478	0.1122033
115150	890	0.1122033
115150	922	0.1122033
115150	1146	0.1122033
115150	1194	0.1122033
115150	1869	0.1122033
115180	3971	0.13145922
115180	5886	0.13145922
115180	41	0.1314592
115180	266	0.1314592
115180	269	0.1314592
115180	387	0.1314592
115180	597	0.1314592
115180	775	0.1314592
115180	832	0.1314592
115180	890	0.1314592
115224	4448	0.09349946
115224	6599	0.09349944
115224	2419	0.09256536
115224	3606	0.09256536
115224	3870	0.09256536
115224	5864	0.09256535
115224	6231	0.09256535
115224	247	0.09256534
115224	884	0.09256534
115224	1648	0.09256534
115435	890	0.16649812
115435	6123	0.16649812
115435	387	0.16649811
115435	922	0.16649811
115435	2138	0.16649811
115435	3971	0.16649811
115435	376	0.1664981
115435	579	0.1664981
115435	597	0.1664981
115435	642	0.1664981
115490	1621	0.16769812
115490	1848	0.16769812
115490	4103	0.16769812
115490	4703	0.16769812
115490	5731	0.16769812
115490	6279	0.16769812
115490	398	0.1676981
115490	3143	0.1676981
115490	396	0.16769809
115490	493	0.16769809
115503	4233	0.11473892
115503	869	0.11473891
115503	1679	0.11473891
115503	1937	0.11473891
115503	152	0.114738904
115503	1457	0.114738904
115503	1598	0.114738904
115503	1892	0.114738904
115503	5286	0.114738904
115503	5230	0.1147389
115537	4885	0.13513727
115537	489	0.13513726
115537	1413	0.13513726
115537	2382	0.13513726
115537	3427	0.13513726
115537	3510	0.13513726
115537	3560	0.13513726
115537	3694	0.13513726
115537	4163	0.13513726
115537	4796	0.13513726
115552	1869	0.118181944
115552	3971	0.11818194
115552	124	0.11818193
115552	387	0.11818193
115552	890	0.11818193
115552	5031	0.11818193
115552	5886	0.11818193
115552	6123	0.11818193
115552	41	0.11818192
115552	922	0.11818192
115572	5472	0.075801484
115572	6655	0.075801484
115572	3378	0.07580148
115572	6585	0.07580148
115572	6645	0.07580148
115572	6680	0.07580148
115572	2933	0.07580147
115572	5471	0.07580146
115572	5984	0.07462427
115572	2130	0.074564874
115679	3868	0.08459532
115679	4813	0.08459532
115679	4984	0.084595315
115679	80	0.08459531
115679	2647	0.08459531
115679	4775	0.08459531
115679	5106	0.08459531
115679	5151	0.08459531
115679	6909	0.08459531
115679	1997	0.0845953
115692	245	0.158335
115692	511	0.158335
115692	1092	0.158335
115692	3526	0.158335
115692	4318	0.158335
115692	5288	0.158335
115692	5998	0.158335
115692	6364	0.158335
115692	6593	0.158335
115692	2796	0.15833499
115700	3853	0.117114745
115700	3866	0.11711474
115700	5454	0.11711473
115700	2541	0.11711472
115700	3112	0.11711472
115700	4241	0.11711472
115700	4727	0.11711472
115700	5115	0.11711472
115700	5312	0.11711472
115700	5688	0.11711472
115759	1087	0.10905274
115759	6236	0.10905274
115759	3187	0.10905273
115759	4151	0.10905273
115759	5121	0.10905273
115759	5339	0.10905273
115759	349	0.109052725
115759	1389	0.109052725
115759	1650	0.109052725
115759	2916	0.109052725
115833	41	0.10872239
115833	387	0.10872239
115833	890	0.10872239
115833	1146	0.10872239
115833	2121	0.10872239
115833	3971	0.10872239
115833	4076	0.10872239
115833	6123	0.10872239
115833	124	0.10872238
115833	997	0.10872238
115874	2204	0.119142964
115874	3317	0.119142935
115874	2228	0.11914292
115874	1607	0.119142905
115874	852	0.118681096
115874	2313	0.118681066
115874	4254	0.118681066
115874	6772	0.118681066
115874	2948	0.11868106
115874	4375	0.11868106
115907	686	0.08922398
115907	5121	0.08922398
115907	6222	0.08922398
115907	1650	0.08922397
115907	3120	0.08922397
115907	3187	0.08922397
115907	4151	0.08922397
115907	96	0.089223966
115907	99	0.089223966
115907	801	0.089223966
115929	152	0.09547904
115929	1679	0.09547904
115929	1892	0.09547904
115929	5286	0.09547904
115929	869	0.09547903
115929	1457	0.09547903
115929	1598	0.09547903
115929	1937	0.09547903
115929	1973	0.09547903
115929	2989	0.09547903
115953	890	0.08730929
115953	1856	0.08730929
115953	2138	0.08730929
115953	3452	0.08730929
115953	3971	0.08730929
115953	4076	0.08730929
115953	4603	0.08730929
115953	5031	0.08730929
115953	5218	0.08730929
115953	5886	0.08730929
115956	3971	0.10016918
115956	387	0.100169174
115956	2121	0.100169174
115956	5031	0.100169174
115956	5886	0.100169174
115956	24	0.10016917
115956	41	0.10016917
115956	49	0.10016917
115956	124	0.10016917
115956	538	0.10016917
115963	1177	0.11013667
115963	4806	0.11013666
115963	2241	0.11013664
115963	3693	0.11013664
115963	5085	0.11013664
115963	1221	0.110136636
115963	3263	0.110136636
115963	4177	0.110136636
115963	5819	0.110136636
115963	6530	0.110136636
115971	244	0.09369778
115971	6265	0.09369778
115971	149	0.09369776
115971	582	0.09369776
115971	632	0.09369776
115971	961	0.09369776
115971	1442	0.09369776
115971	3385	0.09369776
115971	4045	0.09369776
115971	4255	0.09369776
115997	5835	0.10971989
115997	3445	0.109719865
115997	4495	0.10971986
115997	6333	0.10971986
115997	6428	0.10971985
115997	6869	0.10971985
115997	3808	0.10971984
115997	2276	0.109719835
115997	126	0.10971983
115997	2383	0.10971983
115998	4764	0.11880943
115998	130	0.118809424
115998	1764	0.118809424
115998	2366	0.118809424
115998	2148	0.11880942
115998	2603	0.11880942
115998	172	0.11880941
115998	506	0.11880941
115998	529	0.11880941
115998	1374	0.11880941
116005	1177	0.13495997
116005	5085	0.13495997
116005	6762	0.13495997
116005	2241	0.13495995
116005	6208	0.13495995
116005	297	0.13495994
116005	531	0.13495994
116005	591	0.13495994
116005	1221	0.13495994
116005	1233	0.13495994
116090	3560	0.10798822
116090	4885	0.10798822
116090	1363	0.107988216
116090	2382	0.107988216
116090	3694	0.107988216
116090	4796	0.107988216
116090	2360	0.10798821
116090	3115	0.10798821
116090	3427	0.10798821
116090	3510	0.10798821
116122	2138	0.104190364
116122	3971	0.10419036
116122	597	0.10419035
116122	1340	0.10419035
116122	1869	0.10419035
116122	2037	0.10419035
116122	3559	0.10419035
116122	3616	0.10419035
116122	5886	0.10419035
116122	6912	0.10419035
116123	3799	0.11962807
116123	6244	0.11962807
116123	467	0.119628064
116123	3426	0.11962806
116123	4338	0.11962806
116123	4843	0.11962806
116123	6322	0.11962806
116123	6689	0.11962806
116123	2501	0.11962805
116123	3384	0.11962805
116183	2539	0.124814436
116183	1321	0.12481442
116183	6265	0.12477261
116183	244	0.12477258
116183	4045	0.12477258
116183	4082	0.12477257
116183	4599	0.12477257
116183	149	0.12477256
116183	582	0.12477256
116183	632	0.12477256
116249	3971	0.09418248
116249	890	0.09418247
116249	1869	0.09418247
116249	6123	0.09418247
116249	6912	0.09418247
116249	41	0.09418246
116249	387	0.09418246
116249	579	0.09418246
116249	775	0.09418246
116249	922	0.09418246
116301	387	0.11380562
116301	478	0.11380562
116301	1856	0.11380562
116301	4323	0.11380562
116301	5031	0.11380562
116301	832	0.113805614
116301	1415	0.113805614
116301	1552	0.113805614
116301	1869	0.113805614
116301	3452	0.113805614
116313	49	0.08498482
116313	1415	0.08498482
116313	5031	0.08498482
116313	328	0.08498481
116313	387	0.08498481
116313	442	0.08498481
116313	478	0.08498481
116313	645	0.08498481
116313	922	0.08498481
116313	997	0.08498481
116395	5914	0.080385245
116395	4740	0.08038524
116395	1155	0.08038523
116395	3677	0.08038523
116395	1024	0.08038522
116395	1672	0.08038522
116395	2503	0.08038522
116395	5599	0.08038522
116395	6312	0.08038522
116395	2257	0.080385216
116428	1648	0.11153622
116428	3870	0.11153622
116428	4673	0.11153622
116428	4938	0.11153622
116428	884	0.11153621
116428	2419	0.11153621
116428	4080	0.111536205
116428	5787	0.111536205
116428	6069	0.111536205
116428	6231	0.111536205
116433	1610	0.1276843
116433	3929	0.12768427
116433	4387	0.12768427
116433	626	0.12768425
116433	4143	0.12768425
116433	4482	0.12768425
116433	990	0.12768424
116433	1404	0.12768424
116433	1733	0.12768424
116433	1814	0.12768424
116521	3971	0.12662591
116521	5886	0.12662591
116521	6123	0.12662591
116521	49	0.1266259
116521	124	0.1266259
116521	215	0.1266259
116521	387	0.1266259
116521	478	0.1266259
116521	645	0.1266259
116521	810	0.1266259
116537	3971	0.10476165
116537	5031	0.10476165
116537	24	0.104761645
116537	41	0.104761645
116537	124	0.104761645
116537	890	0.104761645
116537	1403	0.104761645
116537	2138	0.104761645
116537	3616	0.104761645
116537	3965	0.104761645
116549	2518	0.10511865
116549	759	0.10511863
116549	2017	0.10511863
116549	4446	0.10511863
116549	6152	0.10511863
116549	4004	0.105118625
116549	6601	0.105118625
116549	1344	0.10511862
116549	1742	0.10511862
116549	1958	0.10511862
116582	364	0.10874429
116582	5430	0.10874428
116582	2780	0.10874427
116582	2606	0.10874426
116582	1826	0.10874425
116582	2102	0.10874425
116582	2879	0.10874425
116582	3435	0.10874425
116582	3824	0.10874425
116582	5584	0.10874425
116599	231	0.11329383
116599	1619	0.11329381
116599	4000	0.1132938
116599	4176	0.1132938
116599	5197	0.1132938
116599	5872	0.1132938
116599	6840	0.1132938
116599	668	0.11329379
116599	1723	0.11329379
116599	6216	0.11329379
116758	4004	0.060254443
116758	2518	0.06025444
116758	4446	0.06025444
116758	6152	0.06025444
116758	5058	0.060254436
116758	5980	0.060254436
116758	1012	0.060254432
116758	1362	0.060254432
116758	2017	0.060254432
116758	2650	0.060254432
116816	4151	0.09207847
116816	400	0.09207846
116816	1087	0.09207846
116816	1389	0.09207846
116816	6222	0.09207846
116816	801	0.092078455
116816	1650	0.092078455
116816	2305	0.092078455
116816	3187	0.092078455
116816	109	0.09207845
116866	3971	0.12416057
116866	1869	0.124160565
116866	5886	0.124160565
116866	387	0.12416056
116866	3616	0.12416056
116866	6123	0.12416056
116866	215	0.12416055
116866	922	0.12416055
116866	2138	0.12416055
116866	6515	0.12416055
116897	3616	0.09335912
116897	3971	0.09335912
116897	5031	0.09335912
116897	5886	0.09335912
116897	41	0.09335911
116897	124	0.09335911
116897	890	0.09335911
116897	1340	0.09335911
116897	1856	0.09335911
116897	1869	0.09335911
116904	387	0.13170606
116904	1869	0.13170606
116904	2121	0.13170606
116904	3971	0.13170606
116904	5031	0.13170606
116904	6912	0.13170606
116904	41	0.13170604
116904	49	0.13170604
116904	832	0.13170604
116904	922	0.13170604
116931	1806	0.08240712
116931	2220	0.08240712
116931	3112	0.08240712
116931	3853	0.08240712
116931	3866	0.08240712
116931	4241	0.08240712
116931	5115	0.08240712
116931	5454	0.08240712
116931	5688	0.08240712
116931	6643	0.08240712
117092	6123	0.09220464
117092	890	0.09220463
117092	1229	0.09220463
117092	1869	0.09220463
117092	2138	0.09220463
117092	3971	0.09220463
117092	5805	0.09220463
117092	6507	0.09220463
117092	387	0.09220462
117092	579	0.09220462
117111	1621	0.1265249
117111	1848	0.1265249
117111	2320	0.1265249
117111	3983	0.1265249
117111	5731	0.1265249
117111	6149	0.1265249
117111	6279	0.1265249
117111	398	0.12652488
117111	2209	0.12652488
117111	4103	0.12652488
117115	6361	0.09983149
117115	4167	0.09983148
117115	2582	0.09983146
117115	3875	0.09983146
117115	3883	0.09983146
117115	5666	0.09983146
117115	4912	0.099831454
117115	6459	0.099831454
117115	1796	0.09983145
117115	2900	0.09983145
117132	152	0.16018552
117132	1892	0.16018552
117132	5286	0.16018552
117132	1598	0.1601855
117132	6747	0.1601855
117132	869	0.16018549
117132	1457	0.16018549
117132	1937	0.16018549
117132	3216	0.16018549
117132	4233	0.16018549
117251	387	0.07611622
117251	2121	0.07611622
117251	124	0.076116204
117251	645	0.076116204
117251	890	0.076116204
117251	1415	0.076116204
117251	1856	0.076116204
117251	1869	0.076116204
117251	2055	0.076116204
117251	2343	0.076116204
117255	6216	0.106526576
117255	231	0.10652656
117255	4176	0.10652656
117255	5129	0.10652656
117255	6840	0.10652656
117255	1022	0.10652655
117255	5197	0.10652655
117255	510	0.106526546
117255	668	0.106526546
117255	677	0.106526546
117256	4446	0.13730021
117256	6152	0.13730021
117256	1362	0.1373002
117256	2017	0.1373002
117256	2128	0.1373002
117256	3481	0.1373002
117256	3749	0.1373002
117256	3801	0.1373002
117256	4004	0.1373002
117256	5980	0.1373002
117318	3971	0.095756344
117318	387	0.09575634
117318	890	0.09575634
117318	1856	0.09575634
117318	1869	0.09575634
117318	5031	0.09575634
117318	6912	0.09575634
117318	1340	0.09575633
117318	1415	0.09575633
117318	2121	0.09575633
117384	1058	0.12183321
117384	215	0.121833205
117384	387	0.121833205
117384	1869	0.121833205
117384	3559	0.121833205
117384	3616	0.121833205
117384	5031	0.121833205
117384	5886	0.121833205
117384	890	0.1218332
117384	1455	0.1218332
117396	1411	0.08250655
117396	2196	0.08250655
117396	5158	0.08250655
117396	3379	0.082506545
117396	3206	0.08250653
117396	5350	0.08250651
117396	1306	0.081473924
117396	4693	0.0814739
117396	6427	0.0814739
117396	4400	0.08147389
117489	387	0.113425344
117489	478	0.113425344
117489	1146	0.113425344
117489	3971	0.113425344
117489	5218	0.113425344
117489	6046	0.113425344
117489	6123	0.113425344
117489	6912	0.113425344
117489	890	0.11342534
117489	997	0.11342534
117539	5133	0.09005357
117539	5481	0.09005354
117539	2022	0.08941453
117539	4671	0.089414515
117539	3121	0.08941451
117539	5904	0.08941451
117539	6352	0.08941451
117539	551	0.0894145
117539	2197	0.0894145
117539	191	0.08941449
117553	1621	0.095608465
117553	1258	0.09560846
117553	1848	0.09560846
117553	2209	0.09560846
117553	2644	0.09560846
117553	3657	0.09560846
117553	4103	0.09560846
117553	4703	0.09560846
117553	5731	0.09560846
117553	6279	0.09560846
117557	1177	0.08955498
117557	3263	0.089554965
117557	4806	0.089554965
117557	6530	0.089554965
117557	297	0.08955496
117557	2241	0.08955496
117557	3118	0.08955496
117557	5085	0.08955496
117557	5691	0.08955496
117557	591	0.08955495
117577	1869	0.114777386
117577	4076	0.114777386
117577	5031	0.114777386
117577	387	0.11477738
117577	3616	0.11477738
117577	3971	0.11477738
117577	5886	0.11477738
117577	579	0.11477737
117577	832	0.11477737
117577	842	0.11477737
117594	645	0.12524793
117594	890	0.12524793
117594	997	0.12524793
117594	1869	0.12524793
117594	3616	0.12524793
117594	3971	0.12524793
117594	5031	0.12524793
117594	5886	0.12524793
117594	6123	0.12524793
117594	6912	0.12524793
117683	387	0.101116195
117683	890	0.101116195
117683	2138	0.101116195
117683	3971	0.101116195
117683	4076	0.101116195
117683	6123	0.101116195
117683	6912	0.101116195
117683	478	0.10111619
117683	997	0.10111619
117683	1194	0.10111619
117700	3146	0.11420926
117700	3040	0.11420922
117700	6381	0.11420922
117700	5699	0.114209205
117700	864	0.1142092
117700	4490	0.1142092
117700	6535	0.11420919
117700	5834	0.11420916
117700	3853	0.11366581
117700	3866	0.113665804
117738	4176	0.09943768
117738	6216	0.09943768
117738	231	0.09943767
117738	851	0.09943767
117738	2409	0.09943767
117738	4987	0.09943767
117738	5197	0.09943767
117738	6840	0.09943767
117738	1034	0.09943766
117738	1050	0.09943766
117873	3560	0.14066419
117873	4885	0.14066419
117873	1413	0.14066418
117873	3658	0.14066418
117873	729	0.14066416
117873	1334	0.14066416
117873	2360	0.14066416
117873	2382	0.14066416
117873	3115	0.14066416
117873	3510	0.14066416
117925	856	0.102831736
117925	6090	0.102831736
117925	4407	0.10283172
117925	4658	0.10283172
117925	2282	0.102831714
117925	5247	0.10283171
117925	4409	0.1028317
117925	5179	0.10283168
117925	4176	0.10061869
117925	231	0.100618675
117963	601	0.0673362
117963	1828	0.0673362
117963	4138	0.0673362
117963	5316	0.067336194
117963	1279	0.06733618
117963	2517	0.06733618
117963	6713	0.06733618
117963	2062	0.06733617
117963	3142	0.06733617
117963	3462	0.06733617
118101	387	0.117787525
118101	3971	0.117787525
118101	5218	0.117787525
118101	5886	0.117787525
118101	1856	0.11778752
118101	49	0.11778751
118101	478	0.11778751
118101	645	0.11778751
118101	832	0.11778751
118101	922	0.11778751
118135	533	0.09835388
118135	2220	0.09835388
118135	2363	0.09835388
118135	3112	0.09835388
118135	3630	0.09835388
118135	3830	0.09835388
118135	3866	0.09835388
118135	4241	0.09835388
118135	4563	0.09835388
118135	4680	0.09835388
118228	890	0.099960774
118228	1058	0.099960774
118228	2121	0.099960774
118228	2728	0.099960774
118228	5031	0.099960774
118228	5886	0.099960774
118228	1869	0.09996077
118228	2714	0.09996077
118228	124	0.09996076
118228	215	0.09996076
118275	5309	0.09716216
118275	848	0.09716214
118275	3403	0.09716214
118275	3902	0.09716214
118275	5619	0.09716214
118275	2768	0.09716213
118275	3797	0.09716213
118275	6445	0.09716213
118275	1646	0.09716212
118275	2290	0.09716212
118320	387	0.101286605
118320	3897	0.101286605
118320	5886	0.101286605
118320	2121	0.1012866
118320	4323	0.1012866
118320	5099	0.1012866
118320	6507	0.1012866
118320	478	0.10128659
118320	890	0.10128659
118320	995	0.10128659
118344	1856	0.09492409
118344	1869	0.09492409
118344	3971	0.09492409
118344	5886	0.09492409
118344	890	0.094924085
118344	1058	0.094924085
118344	5218	0.094924085
118344	6507	0.094924085
118344	6912	0.094924085
118344	24	0.09492408
118414	3971	0.08467897
118414	387	0.08467896
118414	922	0.08467896
118414	997	0.08467896
118414	2138	0.08467896
118414	3559	0.08467896
118414	5886	0.08467896
118414	6123	0.08467896
118414	6912	0.08467896
118414	890	0.084678955
118422	558	0.07657839
118422	4623	0.07570079
118422	3380	0.07553796
118422	3408	0.07553795
118422	6284	0.07553795
118422	2701	0.07553794
118422	3654	0.07553794
118422	4957	0.07553794
118422	6032	0.07553794
118422	6745	0.07553794
118434	4446	0.120745584
118434	2128	0.12074557
118434	2518	0.12074557
118434	3749	0.12074557
118434	4004	0.12074557
118434	2017	0.12074556
118434	4789	0.12074556
118434	6601	0.12074556
118434	30	0.120745555
118434	1344	0.120745555
118484	41	0.14381152
118484	124	0.14381152
118484	387	0.14381152
118484	890	0.14381152
118484	997	0.14381152
118484	1058	0.14381152
118484	1869	0.14381152
118484	2138	0.14381152
118484	3559	0.14381152
118484	3971	0.14381152
118489	387	0.116505004
118489	3971	0.116505004
118489	6912	0.116505004
118489	24	0.116505
118489	41	0.116505
118489	124	0.116505
118489	832	0.116505
118489	890	0.116505
118489	922	0.116505
118489	997	0.116505
118528	6423	0.09452094
118528	1301	0.09452091
118528	2843	0.09452091
118528	231	0.09183811
118528	1723	0.09183809
118528	4176	0.091838084
118528	668	0.09183808
118528	1022	0.09183808
118528	1619	0.09183808
118528	5197	0.09183808
118533	5827	0.11336294
118533	3580	0.11336292
118533	14	0.113362916
118533	6182	0.11336289
118533	6547	0.11336288
118533	4673	0.113197766
118533	884	0.11319775
118533	4938	0.11319775
118533	247	0.113197744
118533	2076	0.113197744
118628	6893	0.09095074
118628	725	0.09004662
118628	4856	0.08989109
118628	6851	0.08989109
118628	482	0.089891076
118628	4007	0.089891076
118628	4382	0.089891076
118628	2457	0.08989107
118628	2988	0.08989107
118628	4986	0.08989107
118654	4103	0.091147006
118654	5731	0.091147006
118654	1621	0.091147
118654	6149	0.091147
118654	6279	0.091147
118654	605	0.09114699
118654	892	0.09114699
118654	920	0.09114699
118654	1848	0.09114699
118654	2209	0.09114699
118659	3971	0.078712225
118659	387	0.07871221
118659	890	0.07871221
118659	1229	0.07871221
118659	2138	0.07871221
118659	5886	0.07871221
118659	6123	0.07871221
118659	6507	0.07871221
118659	41	0.0787122
118659	215	0.0787122
118677	387	0.14165008
118677	5031	0.14165008
118677	5886	0.14165008
118677	645	0.14165007
118677	890	0.14165007
118677	922	0.14165007
118677	1094	0.14165007
118677	1146	0.14165007
118677	3971	0.14165007
118677	6046	0.14165007
118881	1869	0.08816828
118881	2121	0.08816828
118881	2728	0.08816828
118881	5031	0.08816828
118881	41	0.08816827
118881	986	0.08816827
118881	3971	0.08816827
118881	180	0.08816826
118881	215	0.08816826
118881	376	0.08816826
118955	4784	0.1118665
118955	4925	0.1118665
118955	4998	0.11186649
118955	1765	0.11186648
118955	3031	0.11186648
118955	5358	0.11186648
118955	5562	0.11186648
118955	5765	0.11186648
118955	39	0.111866474
118955	3981	0.111866474
119027	6677	0.10963489
119027	171	0.109634876
119027	2464	0.109634876
119027	6122	0.109634876
119027	6250	0.109634876
119027	6584	0.10963486
119027	6643	0.109590836
119027	3866	0.10959083
119027	4718	0.10959083
119027	4727	0.10959083
119248	3616	0.122460224
119248	5031	0.122460224
119248	6123	0.122460224
119248	997	0.12246022
119248	1869	0.12246022
119248	2138	0.12246022
119248	2552	0.12246022
119248	3971	0.12246022
119248	5886	0.12246022
119248	387	0.12246021
119326	24	0.09602274
119326	890	0.09602274
119326	1856	0.09602274
119326	1869	0.09602274
119326	2121	0.09602274
119326	2138	0.09602274
119326	3559	0.09602274
119326	3616	0.09602274
119326	3971	0.09602274
119326	5031	0.09602274
119418	387	0.13508496
119418	579	0.13508496
119418	1869	0.13508496
119418	2138	0.13508496
119418	3971	0.13508496
119418	6123	0.13508496
119418	642	0.13508494
119418	922	0.13508494
119418	997	0.13508494
119418	2364	0.13508494
119446	2138	0.1033306
119446	1455	0.10333058
119446	1869	0.10333058
119446	3971	0.10333058
119446	6123	0.10333058
119446	6507	0.10333058
119446	2087	0.103330575
119446	3059	0.103330575
119446	4076	0.103330575
119446	5886	0.103330575
119505	4004	0.10958342
119505	759	0.10958341
119505	2017	0.10958341
119505	2518	0.10958341
119505	4446	0.10958341
119505	6152	0.10958341
119505	6601	0.10958341
119505	6612	0.10958341
119505	4789	0.1095834
119505	5058	0.1095834
119517	24	0.12821382
119517	49	0.12821382
119517	387	0.12821382
119517	579	0.12821382
119517	890	0.12821382
119517	997	0.12821382
119517	1869	0.12821382
119517	2138	0.12821382
119517	2364	0.12821382
119517	3059	0.12821382
119575	6592	0.106982164
119575	6630	0.106982164
119575	3628	0.10698216
119575	6654	0.10698216
119575	3938	0.10698215
119575	6591	0.10698215
119575	3002	0.10698214
119575	3045	0.10698214
119575	5607	0.10698214
119575	1978	0.106982134
119590	1848	0.11970176
119590	4103	0.11970176
119590	5731	0.11970176
119590	1621	0.11970175
119590	3657	0.11970175
119590	4703	0.11970175
119590	5376	0.11970175
119590	6465	0.11970175
119590	1388	0.11970174
119590	2014	0.11970174
119594	4906	0.11203739
119594	5869	0.11203739
119594	5086	0.11203738
119594	248	0.112037376
119594	711	0.112037376
119594	1567	0.112037376
119594	2207	0.112037376
119594	2653	0.112037376
119594	2844	0.112037376
119594	3289	0.112037376
119631	1610	0.13548408
119631	3929	0.13548407
119631	4143	0.13548407
119631	4387	0.13548407
119631	626	0.13548405
119631	5635	0.13548405
119631	5974	0.13548405
119631	6908	0.13548405
119631	990	0.13548404
119631	2986	0.13548404
119654	2933	0.086211205
119654	6585	0.086211205
119654	6645	0.086211205
119654	6655	0.086211205
119654	5471	0.08621119
119654	5472	0.08621119
119654	6680	0.08621119
119654	3378	0.08621118
119654	2130	0.0850617
119654	2596	0.08506169
119671	3971	0.12631111
119671	124	0.1263111
119671	387	0.1263111
119671	890	0.1263111
119671	922	0.1263111
119671	1194	0.1263111
119671	1552	0.1263111
119671	1749	0.1263111
119671	5886	0.1263111
119671	6123	0.1263111
119725	4103	0.10262478
119725	5731	0.10262478
119725	892	0.102624774
119725	1621	0.102624774
119725	1848	0.102624774
119725	2644	0.102624774
119725	3610	0.102624774
119725	6279	0.102624774
119725	6465	0.102624774
119725	6670	0.102624774
119749	890	0.1473339
119749	3897	0.1473339
119749	215	0.14733389
119749	387	0.14733389
119749	1058	0.14733389
119749	1146	0.14733389
119749	1856	0.14733389
119749	1869	0.14733389
119749	2121	0.14733389
119749	2713	0.14733389
119806	6674	0.08970418
119806	533	0.08970417
119806	1745	0.08970417
119806	3112	0.08970417
119806	3853	0.08970417
119806	3866	0.08970417
119806	4595	0.08970417
119806	4680	0.08970417
119806	5312	0.08970417
119806	5454	0.08970417
119858	1610	0.13454583
119858	3929	0.13454582
119858	4387	0.13454582
119858	5974	0.13454582
119858	626	0.1345458
119858	2083	0.1345458
119858	2986	0.1345458
119858	4143	0.1345458
119858	4482	0.1345458
119858	5512	0.1345458
119963	4047	0.07801131
119963	1009	0.078011304
119963	2067	0.078011304
119963	2544	0.0780113
119963	6342	0.078011274
119963	4446	0.07771572
119963	759	0.07771571
119963	1362	0.07771571
119963	2017	0.07771571
119963	4004	0.07771571
120030	3971	0.09562988
120030	41	0.09562987
120030	387	0.09562987
120030	597	0.09562987
120030	997	0.09562987
120030	2138	0.09562987
120030	6123	0.09562987
120030	6912	0.09562987
120030	1749	0.09562986
120030	1869	0.09562986
120080	6216	0.12844357
120080	231	0.12844355
120080	668	0.12844354
120080	1022	0.12844354
120080	1619	0.12844354
120080	4176	0.12844354
120080	4987	0.12844354
120080	5129	0.12844354
120080	5197	0.12844354
120080	5949	0.12844354
120082	6912	0.10570553
120082	890	0.10570552
120082	1189	0.10570552
120082	1415	0.10570552
120082	1869	0.10570552
120082	2121	0.10570552
120082	3971	0.10570552
120082	4076	0.10570552
120082	4603	0.10570552
120082	5716	0.10570552
120093	2364	0.13047074
120093	3971	0.13047074
120093	6123	0.13047074
120093	41	0.13047072
120093	49	0.13047072
120093	124	0.13047072
120093	376	0.13047072
120093	387	0.13047072
120093	514	0.13047072
120093	579	0.13047072
120137	120	0.068058014
120137	1695	0.068058014
120137	5717	0.068058014
120137	6256	0.068058014
120137	1450	0.06805801
120137	1801	0.06805801
120137	4403	0.06805801
120137	5162	0.06805801
120137	2678	0.068058
120137	3413	0.068058
120155	3971	0.10543192
120155	642	0.105431914
120155	997	0.105431914
120155	5886	0.105431914
120155	5896	0.105431914
120155	6912	0.105431914
120155	41	0.10543191
120155	1058	0.10543191
120155	1550	0.10543191
120155	2138	0.10543191
120178	890	0.14148575
120178	1869	0.14148575
120178	4226	0.14148575
120178	5031	0.14148575
120178	5886	0.14148575
120178	387	0.14148574
120178	645	0.14148574
120178	901	0.14148574
120178	922	0.14148574
120178	1146	0.14148574
120181	3525	0.093180045
120181	5566	0.09318003
120181	6453	0.09318003
120181	2006	0.09318002
120181	5813	0.09318002
120181	6108	0.09318002
120181	2408	0.093180016
120181	4328	0.093180016
120181	4502	0.093180016
120181	5042	0.093180016
120332	6705	0.08613475
120332	3417	0.08613473
120332	3473	0.08613473
120332	5284	0.08613473
120332	286	0.086134724
120332	1697	0.08613472
120332	1968	0.08613472
120332	6742	0.08613472
120332	2419	0.08555175
120332	884	0.08555174
120333	2108	0.09684414
120333	2252	0.09684414
120333	3242	0.09684412
120333	6597	0.096844114
120333	6817	0.09684411
120333	5418	0.09684409
120333	511	0.09496107
120333	4557	0.09496107
120333	5288	0.09496107
120333	6880	0.09496107
120345	2108	0.10655309
120345	2252	0.10655309
120345	6817	0.10655308
120345	3242	0.10655307
120345	6597	0.10655306
120345	5418	0.10655305
120345	4557	0.10641059
120345	5288	0.10641059
120345	511	0.106410585
120345	6364	0.106410585
120396	4740	0.079141214
120396	1024	0.0791412
120396	3677	0.0791412
120396	4738	0.0791412
120396	5534	0.0791412
120396	5914	0.0791412
120396	6312	0.0791412
120396	6396	0.0791412
120396	703	0.07914119
120396	2503	0.07914119
120548	1965	0.104230106
120548	2359	0.104230106
120548	859	0.10423009
120548	4099	0.10423009
120548	5565	0.10423009
120548	6023	0.10423009
120548	4291	0.10423008
120548	5673	0.10423008
120548	929	0.104230076
120548	4908	0.104230076
120565	29	0.10518991
120565	4701	0.10518989
120565	4176	0.10415844
120565	231	0.10415843
120565	1034	0.10415843
120565	5949	0.10415843
120565	6216	0.10415843
120565	1022	0.10415842
120565	4068	0.10415842
120565	5129	0.10415842
120598	49	0.12670907
120598	387	0.12670907
120598	579	0.12670907
120598	890	0.12670907
120598	997	0.12670907
120598	1856	0.12670907
120598	1869	0.12670907
120598	2138	0.12670907
120598	3616	0.12670907
120598	3971	0.12670907
120610	775	0.13467425
120610	1869	0.13467425
120610	3971	0.13467425
120610	4076	0.13467425
120610	6507	0.13467425
120610	890	0.13467424
120610	1393	0.13467424
120610	1403	0.13467424
120610	2138	0.13467424
120610	5886	0.13467424
120696	1177	0.110618524
120696	4806	0.1106185
120696	5085	0.1106185
120696	6530	0.1106185
120696	6762	0.1106185
120696	2241	0.110618494
120696	3263	0.110618494
120696	5691	0.110618494
120696	519	0.11061849
120696	3118	0.11061849
120735	1610	0.11430034
120735	626	0.11430031
120735	4387	0.11430031
120735	5974	0.11430031
120735	3929	0.1143003
120735	4143	0.1143003
120735	990	0.114300296
120735	1404	0.114300296
120735	2986	0.114300296
120735	3228	0.114300296
120807	890	0.10365556
120807	901	0.10365556
120807	2138	0.10365556
120807	3616	0.10365556
120807	5805	0.10365556
120807	6123	0.10365556
120807	387	0.103655554
120807	1455	0.103655554
120807	1869	0.103655554
120807	2121	0.103655554
120828	5031	0.14255476
120828	890	0.14255475
120828	1146	0.14255475
120828	3971	0.14255475
120828	5886	0.14255475
120828	6123	0.14255475
120828	24	0.14255473
120828	41	0.14255473
120828	124	0.14255473
120828	215	0.14255473
120829	3866	0.123055115
120829	3853	0.12305511
120829	4241	0.1230551
120829	5115	0.1230551
120829	5454	0.1230551
120829	5729	0.1230551
120829	3112	0.12305509
120829	4727	0.12305509
120829	5683	0.12305509
120829	5688	0.12305509
120860	5731	0.0920416
120860	6149	0.0920416
120860	1621	0.09204159
120860	4703	0.09204159
120860	1280	0.09204158
120860	1848	0.09204158
120860	2209	0.09204158
120860	2450	0.09204158
120860	3143	0.09204158
120860	3610	0.09204158
120873	1869	0.11020465
120873	5031	0.11020465
120873	3971	0.110204645
120873	5886	0.110204645
120873	49	0.11020464
120873	124	0.11020464
120873	387	0.11020464
120873	579	0.11020464
120873	597	0.11020464
120873	685	0.11020464
120908	801	0.067569606
120908	5121	0.067569606
120908	6252	0.067569606
120908	99	0.0675696
120908	686	0.0675696
120908	1087	0.0675696
120908	2145	0.0675696
120908	3187	0.0675696
120908	4151	0.0675696
120908	6222	0.0675696
120985	890	0.103117034
120985	2138	0.103117034
120985	3971	0.103117034
120985	4076	0.103117034
120985	5886	0.103117034
120985	6123	0.103117034
120985	387	0.10311703
120985	1094	0.10311703
120985	1869	0.10311703
120985	2713	0.10311703
121065	1869	0.1414802
121065	3971	0.1414802
121065	4076	0.1414802
121065	5031	0.1414802
121065	5886	0.1414802
121065	5896	0.1414802
121065	49	0.14148019
121065	124	0.14148019
121065	215	0.14148019
121065	775	0.14148019
121083	5886	0.10351209
121083	997	0.103512086
121083	5031	0.103512086
121083	387	0.10351208
121083	842	0.10351208
121083	1869	0.10351208
121083	2138	0.10351208
121083	3559	0.10351208
121083	3616	0.10351208
121083	3971	0.10351208
121093	1869	0.08848654
121093	3971	0.08848654
121093	5031	0.08848653
121093	5886	0.08848653
121093	215	0.08848652
121093	579	0.08848652
121093	890	0.08848652
121093	1146	0.08848652
121093	1403	0.08848652
121093	2138	0.08848652
121135	1869	0.098289594
121135	3971	0.098289594
121135	387	0.09828959
121135	2121	0.09828959
121135	4076	0.09828959
121135	6912	0.09828959
121135	41	0.09828958
121135	124	0.09828958
121135	579	0.09828958
121135	890	0.09828958
121166	6396	0.11814961
121166	3677	0.1181496
121166	6312	0.1181496
121166	2503	0.11814959
121166	5599	0.11814959
121166	5914	0.11814959
121166	1672	0.118149586
121166	4738	0.118149586
121166	4740	0.118149586
121166	1024	0.11814958
121167	2726	0.10137354
121167	6265	0.10128105
121167	244	0.101281025
121167	149	0.10128102
121167	632	0.10128102
121167	582	0.10128101
121167	961	0.101281
121167	3548	0.101281
121167	4045	0.101281
121167	2962	0.101280995
121170	1393	0.1435822
121170	1869	0.1435822
121170	3971	0.1435822
121170	6123	0.1435822
121170	6912	0.1435822
121170	266	0.14358218
121170	376	0.14358218
121170	597	0.14358218
121170	642	0.14358218
121170	890	0.14358218
121251	3971	0.15034129
121251	6123	0.15034129
121251	387	0.15034127
121251	642	0.15034127
121251	890	0.15034127
121251	922	0.15034127
121251	997	0.15034127
121251	1094	0.15034127
121251	1856	0.15034127
121251	1869	0.15034127
121264	2138	0.16410965
121264	5031	0.16410965
121264	5716	0.16410965
121264	5886	0.16410965
121264	6123	0.16410965
121264	6912	0.16410965
121264	597	0.16410963
121264	997	0.16410963
121264	1856	0.16410963
121264	3452	0.16410963
121405	5886	0.10003957
121405	1869	0.100039564
121405	3971	0.100039564
121405	5031	0.100039564
121405	5896	0.100039564
121405	41	0.10003956
121405	124	0.10003956
121405	215	0.10003956
121405	387	0.10003956
121405	478	0.10003956
121547	5914	0.08598915
121547	4740	0.08598914
121547	6312	0.085989125
121547	6396	0.085989125
121547	1024	0.08598912
121547	1155	0.08598912
121547	2503	0.08598912
121547	4431	0.08598912
121547	4738	0.08598912
121547	5534	0.08598912
121592	5096	0.082535565
121592	90	0.08253555
121592	6077	0.08253554
121592	6431	0.08253554
121592	6556	0.08253554
121592	3096	0.082535535
121592	3738	0.082535535
121592	5492	0.082535535
121592	2002	0.08253553
121592	5714	0.08253553
121594	890	0.14852256
121594	387	0.14852254
121594	2121	0.14852254
121594	2728	0.14852254
121594	3971	0.14852254
121594	5886	0.14852254
121594	6123	0.14852254
121594	41	0.14852253
121594	124	0.14852253
121594	328	0.14852253
121606	5404	0.16170213
121606	1965	0.15980187
121606	2359	0.15980187
121606	5565	0.15980186
121606	929	0.15980184
121606	859	0.15980181
121606	4291	0.15980181
121606	4908	0.15980181
121606	5673	0.15980181
121606	6023	0.15980181
121620	6109	0.094340056
121620	6674	0.094340056
121620	6768	0.094340056
121620	1745	0.09434005
121620	3112	0.09434005
121620	3418	0.09434005
121620	3700	0.09434005
121620	6643	0.09434005
121620	401	0.09434004
121620	528	0.09434004
121817	49	0.12671942
121817	3971	0.12671942
121817	387	0.1267194
121817	2343	0.1267194
121817	5031	0.1267194
121817	124	0.12671939
121817	477	0.12671939
121817	810	0.12671939
121817	890	0.12671939
121817	922	0.12671939
121986	49	0.14577074
121986	124	0.14577074
121986	387	0.14577074
121986	3971	0.14577074
121986	6123	0.14577074
121986	41	0.14577073
121986	243	0.14577073
121986	266	0.14577073
121986	269	0.14577073
121986	579	0.14577073
122045	6851	0.13485074
122045	4856	0.13485073
122045	4007	0.13485071
122045	482	0.1348507
122045	2457	0.1348507
122045	2685	0.1348507
122045	5315	0.1348507
122045	2988	0.13485068
122045	4382	0.13485068
122045	4986	0.13485068
122096	5886	0.11910727
122096	124	0.11910726
122096	597	0.11910726
122096	890	0.11910726
122096	997	0.11910726
122096	1869	0.11910726
122096	2138	0.11910726
122096	3559	0.11910726
122096	3971	0.11910726
122096	6123	0.11910726
122321	4718	0.14131701
122321	6310	0.14131701
122321	6674	0.14131701
122321	3866	0.141317
122321	5115	0.141317
122321	5511	0.141317
122321	533	0.14131698
122321	624	0.14131698
122321	1530	0.14131698
122321	1745	0.14131698
122386	1650	0.11204688
122386	3120	0.112046875
122386	801	0.11204687
122386	1087	0.11204687
122386	1389	0.11204687
122386	2916	0.11204687
122386	3785	0.11204687
122386	4151	0.11204687
122386	4342	0.11204687
122386	5121	0.11204687
122418	511	0.11344446
122418	3526	0.11344445
122418	6364	0.11344445
122418	1092	0.11344444
122418	5998	0.11344444
122418	6593	0.11344444
122418	245	0.11344443
122418	985	0.11344443
122418	1129	0.11344443
122418	2643	0.11344443
122429	5886	0.14134546
122429	273	0.14134544
122429	387	0.14134544
122429	645	0.14134544
122429	890	0.14134544
122429	901	0.14134544
122429	914	0.14134544
122429	1094	0.14134544
122429	1099	0.14134544
122429	1146	0.14134544
122440	6423	0.11828113
122440	2843	0.118281126
122440	1301	0.118281096
122440	5031	0.116663344
122440	645	0.116663314
122440	1856	0.116663314
122440	1869	0.116663314
122440	890	0.11666331
122440	1189	0.11666331
122440	2121	0.11666331
122506	1869	0.095948964
122506	3971	0.095948964
122506	6123	0.095948964
122506	4390	0.09594896
122506	376	0.09594895
122506	642	0.09594895
122506	832	0.09594895
122506	890	0.09594895
122506	1194	0.09594895
122506	1229	0.09594895
122542	3971	0.10499784
122542	5031	0.104997836
122542	5886	0.104997836
122542	6123	0.104997836
122542	387	0.10499783
122542	597	0.10499783
122542	890	0.10499783
122542	922	0.10499783
122542	997	0.10499783
122542	1869	0.10499783
122643	244	0.11010191
122643	6265	0.11010191
122643	4599	0.11010189
122643	582	0.110101886
122643	4045	0.110101886
122643	149	0.11010188
122643	632	0.11010188
122643	961	0.11010188
122643	3385	0.11010188
122643	5437	0.11010187
122671	244	0.11228655
122671	6265	0.11228655
122671	632	0.11228654
122671	4599	0.11228654
122671	149	0.11228653
122671	2962	0.11228653
122671	3385	0.11228653
122671	4045	0.11228653
122671	4082	0.11228653
122671	582	0.11228652
122716	231	0.11509115
122716	5197	0.11509115
122716	851	0.115091145
122716	1050	0.115091145
122716	4176	0.115091145
122716	6840	0.115091145
122716	1619	0.11509114
122716	4987	0.11509114
122716	5872	0.11509114
122716	510	0.11509113
122782	3971	0.11186997
122782	6912	0.11186997
122782	387	0.11186996
122782	890	0.11186996
122782	997	0.11186996
122782	4076	0.11186996
122782	4390	0.11186996
122782	5716	0.11186996
122782	5886	0.11186996
122782	6123	0.11186996
122784	4446	0.11616976
122784	6152	0.11616976
122784	1958	0.11616975
122784	2128	0.11616975
122784	2518	0.11616975
122784	4004	0.11616975
122784	6601	0.11616975
122784	6796	0.11616975
122784	759	0.11616974
122784	1362	0.11616974
122793	1087	0.1349242
122793	5121	0.1349242
122793	6222	0.1349242
122793	2145	0.13492419
122793	6236	0.13492419
122793	96	0.13492417
122793	99	0.13492417
122793	349	0.13492417
122793	400	0.13492417
122793	686	0.13492417
122801	6810	0.13606803
122801	520	0.13606802
122801	5033	0.13606802
122801	5653	0.13606802
122801	6147	0.13606802
122801	869	0.13549024
122801	152	0.13549022
122801	1598	0.13549022
122801	5286	0.13549022
122801	1457	0.13549021
122802	1869	0.090372354
122802	3971	0.090372354
122802	4076	0.090372354
122802	5031	0.090372354
122802	6123	0.090372354
122802	890	0.09037235
122802	2121	0.09037235
122802	4323	0.09037235
122802	5886	0.09037235
122802	6507	0.09037235
122867	6123	0.107843846
122867	6912	0.107843846
122867	387	0.10784384
122867	922	0.10784384
122867	997	0.10784384
122867	1146	0.10784384
122867	1869	0.10784384
122867	2138	0.10784384
122867	3971	0.10784384
122867	4076	0.10784384
122883	5821	0.112275295
122883	3018	0.11227529
122883	6608	0.11227529
122883	5703	0.11227528
122883	102	0.11227527
122883	606	0.11227527
122883	1285	0.11227527
122883	3012	0.11227527
122883	3937	0.11227527
122883	4065	0.11227527
122901	6423	0.110782765
122901	2843	0.11078275
122901	1301	0.11078273
122901	5031	0.10978702
122901	5886	0.10978702
122901	1856	0.10978701
122901	266	0.109787
122901	478	0.109787
122901	997	0.109787
122901	1869	0.109787
122958	3657	0.10036461
122958	5731	0.10036461
122958	493	0.1003646
122958	1848	0.1003646
122958	1280	0.100364596
122958	2014	0.100364596
122958	2320	0.100364596
122958	2644	0.100364596
122958	3143	0.100364596
122958	4103	0.100364596
123056	3971	0.15146695
123056	124	0.15146694
123056	387	0.15146694
123056	642	0.15146694
123056	832	0.15146694
123056	890	0.15146694
123056	986	0.15146694
123056	1058	0.15146694
123056	1094	0.15146694
123056	1340	0.15146694
123066	2138	0.10003145
123066	3971	0.10003145
123066	6123	0.10003144
123066	49	0.100031435
123066	124	0.100031435
123066	387	0.100031435
123066	579	0.100031435
123066	775	0.100031435
123066	890	0.100031435
123066	1194	0.100031435
123094	3971	0.13965732
123094	642	0.1396573
123094	1869	0.1396573
123094	2121	0.1396573
123094	2138	0.1396573
123094	2728	0.1396573
123094	5031	0.1396573
123094	6123	0.1396573
123094	6915	0.1396573
123094	24	0.13965729
123095	5033	0.099094324
123095	6810	0.099094324
123095	5653	0.09909431
123095	520	0.0990943
123095	6147	0.0990943
123095	1965	0.097050846
123095	2359	0.097050846
123095	4099	0.09705083
123095	4291	0.09705082
123095	859	0.097050816
123115	3361	0.07087675
123115	4906	0.07087675
123115	5335	0.07087674
123115	248	0.07087673
123115	1349	0.07087673
123115	1567	0.07087673
123115	2653	0.07087673
123115	2844	0.07087673
123115	3289	0.07087673
123115	3356	0.07087673
123143	3000	0.06941015
123143	3344	0.068501435
123143	2204	0.06796165
123143	3317	0.06796163
123143	1478	0.06796162
123143	2228	0.06796162
123143	1607	0.06796161
123143	364	0.06791206
123143	2606	0.06791205
123143	5430	0.06791205
123154	49	0.1042923
123154	1869	0.1042923
123154	2364	0.104292296
123154	3971	0.104292296
123154	4076	0.104292296
123154	4323	0.104292296
123154	6123	0.104292296
123154	387	0.10429229
123154	478	0.10429229
123154	890	0.10429229
123160	478	0.09244239
123160	890	0.09244239
123160	1869	0.09244239
123160	3971	0.09244239
123160	4076	0.09244239
123160	5031	0.09244239
123160	6912	0.09244239
123160	645	0.092442386
123160	1146	0.092442386
123160	5886	0.092442386
123203	4323	0.08873444
123203	5886	0.08873444
123203	6123	0.08873444
123203	997	0.08873443
123203	2138	0.08873443
123203	3971	0.08873443
123203	5218	0.08873443
123203	6507	0.08873443
123203	49	0.088734426
123203	387	0.088734426
123215	511	0.10690772
123215	1092	0.10690771
123215	3526	0.1069077
123215	3729	0.1069077
123215	4141	0.1069077
123215	4557	0.1069077
123215	5288	0.1069077
123215	1644	0.106907696
123215	3097	0.106907696
123215	3366	0.106907696
123228	1177	0.115210176
123228	4806	0.11521016
123228	6318	0.11521016
123228	6530	0.11521015
123228	3118	0.115210146
123228	3693	0.115210146
123228	4299	0.115210146
123228	6762	0.115210146
123228	2737	0.11521014
123228	591	0.11521013
123257	425	0.15733968
123257	91	0.15733957
123257	1524	0.15733957
123257	4469	0.15733957
123257	4032	0.15733956
123257	5304	0.15733956
123257	5321	0.15733956
123257	3776	0.15733954
123257	5355	0.15733954
123257	5859	0.15733954
123298	6674	0.11372861
123298	528	0.1137286
123298	1806	0.1137286
123298	2363	0.1137286
123298	3112	0.1137286
123298	3210	0.1137286
123298	3700	0.1137286
123298	3866	0.1137286
123298	4563	0.1137286
123298	6310	0.1137286
123430	3971	0.118589364
123430	890	0.11858936
123430	2138	0.11858936
123430	41	0.11858935
123430	6123	0.11858935
123430	6912	0.11858935
123430	124	0.11858934
123430	387	0.11858934
123430	1146	0.11858934
123430	1403	0.11858934
123433	4387	0.0920136
123433	1610	0.09201358
123433	626	0.092013575
123433	3929	0.092013575
123433	4143	0.092013575
123433	5974	0.092013575
123433	6594	0.092013575
123433	990	0.09201357
123433	2986	0.09201357
123433	3819	0.09201357
123460	6313	0.13474932
123460	2874	0.13465483
123460	1476	0.13465482
123460	3084	0.13465482
123460	6669	0.13465479
123460	2043	0.13321719
123460	3584	0.13321719
123460	6171	0.13321717
123460	3872	0.13321716
123460	5139	0.13321716
123468	1869	0.08169177
123468	387	0.081691764
123468	3616	0.081691764
123468	3971	0.081691764
123468	5031	0.081691764
123468	24	0.08169176
123468	41	0.08169176
123468	49	0.08169176
123468	124	0.08169176
123468	215	0.08169176
123510	5031	0.1408362
123510	890	0.14083618
123510	1058	0.14083618
123510	1869	0.14083618
123510	2091	0.14083618
123510	2138	0.14083618
123510	3616	0.14083618
123510	3971	0.14083618
123510	5896	0.14083618
123510	6123	0.14083618
123515	5031	0.11835262
123515	1869	0.118352614
123515	1856	0.11835261
123515	3616	0.11835261
123515	3971	0.11835261
123515	5886	0.11835261
123515	890	0.1183526
123515	2121	0.1183526
123515	6912	0.1183526
123515	24	0.11835259
123543	3971	0.121978134
123543	4076	0.121978134
123543	6912	0.121978134
123543	890	0.12197813
123543	2138	0.12197813
123543	5886	0.12197813
123543	387	0.12197812
123543	597	0.12197812
123543	775	0.12197812
123543	986	0.12197812
123544	1022	0.08982433
123544	1619	0.08982433
123544	6840	0.08982433
123544	231	0.08982432
123544	677	0.08982432
123544	760	0.08982432
123544	2400	0.08982432
123544	2402	0.08982432
123544	4176	0.08982432
123544	5129	0.08982432
123597	4052	0.07449263
123597	4282	0.0744926
123597	4312	0.0744926
123597	44	0.074492596
123597	1578	0.07449259
123597	6674	0.07409714
123597	5115	0.074097134
123597	533	0.07409713
123597	1025	0.07409713
123597	1739	0.07409713
123608	244	0.13572817
123608	149	0.13572815
123608	4599	0.13572815
123608	6265	0.13572815
123608	582	0.13572812
123608	632	0.13572812
123608	2962	0.13572812
123608	4045	0.13572812
123608	650	0.1357281
123608	1442	0.1357281
123625	3971	0.09461872
123625	2138	0.09461871
123625	124	0.0946187
123625	997	0.0946187
123625	2364	0.0946187
123625	3559	0.0946187
123625	5896	0.0946187
123625	6123	0.0946187
123625	6912	0.0946187
123625	6915	0.0946187
123649	2043	0.10941348
123649	3584	0.109413475
123649	5173	0.109413475
123649	5946	0.109413475
123649	6171	0.109413475
123649	3872	0.10941346
123649	5139	0.10941346
123649	5640	0.10941343
123649	5914	0.10880991
123649	4740	0.1088099
123676	478	0.10604755
123676	890	0.10604754
123676	986	0.10604754
123676	1340	0.10604754
123676	1415	0.10604754
123676	1856	0.10604754
123676	1869	0.10604754
123676	2055	0.10604754
123676	2121	0.10604754
123676	2138	0.10604754
123724	3866	0.06441121
123724	1806	0.0644112
123724	4241	0.0644112
123724	4595	0.0644112
123724	6109	0.0644112
123724	6643	0.0644112
123724	6674	0.0644112
123724	401	0.06441119
123724	533	0.06441119
123724	624	0.06441119
123732	4002	0.1181845
123732	1424	0.11818449
123732	1436	0.11818449
123732	4728	0.118184485
123732	6523	0.118184485
123732	307	0.11818448
123732	2535	0.11818448
123732	2689	0.11818448
123732	2507	0.11818447
123732	6365	0.11818447
123744	244	0.102717
123744	149	0.10271698
123744	6265	0.10271698
123744	632	0.10271697
123744	961	0.10271697
123744	3385	0.10271697
123744	4045	0.10271697
123744	4599	0.10271697
123744	2962	0.10271696
123744	582	0.10271695
123790	511	0.10377041
123790	6364	0.103770405
123790	1092	0.1037704
123790	4557	0.10377039
123790	245	0.103770375
123790	2643	0.103770375
123790	2785	0.103770375
123790	3526	0.103770375
123790	3729	0.103770375
123790	4128	0.103770375
123801	5731	0.076398656
123801	1621	0.07639864
123801	4703	0.07639864
123801	6149	0.07639864
123801	6279	0.07639864
123801	920	0.07639863
123801	1258	0.07639863
123801	1848	0.07639863
123801	3143	0.07639863
123801	4496	0.07639863
123825	4103	0.11061837
123825	5731	0.11061837
123825	1621	0.11061836
123825	3983	0.11061836
123825	396	0.11061835
123825	892	0.11061835
123825	920	0.11061835
123825	1225	0.11061835
123825	1848	0.11061835
123825	2014	0.11061835
123867	775	0.13605314
123867	997	0.13605314
123867	1869	0.13605314
123867	3971	0.13605314
123867	5031	0.13605314
123867	5886	0.13605314
123867	124	0.13605313
123867	376	0.13605313
123867	642	0.13605313
123867	890	0.13605313
123981	2653	0.10118787
123981	4868	0.10118787
123981	1567	0.10118786
123981	4906	0.10118786
123981	106	0.101187855
123981	655	0.101187855
123981	711	0.101187855
123981	1350	0.101187855
123981	1585	0.101187855
123981	2207	0.101187855
123988	3853	0.1182452
123988	3866	0.118245184
123988	5454	0.118245184
123988	6643	0.118245184
123988	6674	0.118245184
123988	6768	0.118245184
123988	1745	0.11824518
123988	3418	0.11824518
123988	4680	0.11824518
123988	6310	0.11824518
124048	387	0.121339604
124048	3971	0.121339604
124048	215	0.1213396
124048	901	0.1213396
124048	1869	0.1213396
124048	2121	0.1213396
124048	5031	0.1213396
124048	5396	0.1213396
124048	5886	0.1213396
124048	24	0.12133959
124066	244	0.1414544
124066	149	0.14145437
124066	582	0.14145437
124066	6265	0.14145437
124066	632	0.14145435
124066	4045	0.14145435
124066	650	0.14145434
124066	961	0.14145434
124066	1442	0.14145434
124066	2962	0.14145434
124078	3560	0.094961874
124078	4885	0.094961874
124078	6555	0.09496187
124078	3427	0.09496186
124078	489	0.09496185
124078	729	0.09496185
124078	854	0.09496185
124078	1080	0.09496185
124078	1170	0.09496185
124078	1256	0.09496185
124079	533	0.12627329
124079	3866	0.12627329
124079	4595	0.12627329
124079	4727	0.12627329
124079	5454	0.12627329
124079	401	0.12627327
124079	1739	0.12627327
124079	2220	0.12627327
124079	3112	0.12627327
124079	3210	0.12627327
124175	387	0.07323223
124175	3971	0.07323223
124175	1869	0.073232226
124175	41	0.07323222
124175	124	0.07323222
124175	997	0.07323222
124175	1749	0.07323222
124175	2121	0.07323222
124175	2364	0.07323222
124175	3616	0.07323222
124207	4673	0.09781882
124207	2419	0.097818814
124207	3870	0.097818814
124207	247	0.09781881
124207	884	0.09781881
124207	1648	0.09781881
124207	3283	0.09781881
124207	4080	0.09781881
124207	5041	0.09781881
124207	5864	0.09781881
124259	533	0.11723275
124259	6643	0.11723275
124259	6674	0.11723275
124259	3210	0.11723274
124259	3418	0.11723274
124259	3700	0.11723274
124259	3853	0.11723274
124259	3866	0.11723274
124259	4595	0.11723274
124259	4727	0.11723274
124298	231	0.10146841
124298	668	0.1014684
124298	4176	0.1014684
124298	1619	0.10146839
124298	677	0.101468384
124298	1022	0.101468384
124298	2409	0.101468384
124298	4987	0.101468384
124298	5129	0.101468384
124298	5197	0.101468384
124310	4595	0.16219449
124310	5115	0.16219449
124310	6674	0.16219449
124310	533	0.16219448
124310	3700	0.16219448
124310	3830	0.16219448
124310	3853	0.16219448
124310	5454	0.16219448
124310	624	0.16219446
124310	813	0.16219446
124322	1655	0.103069186
124322	5999	0.10306917
124322	9	0.10306916
124322	4627	0.10306916
124322	29	0.10295794
124322	4701	0.10295788
124322	2518	0.101347804
124322	759	0.1013478
124322	1742	0.1013478
124322	4446	0.1013478
124363	387	0.07917996
124363	890	0.07917996
124363	1869	0.07917996
124363	3971	0.07917996
124363	49	0.07917995
124363	1189	0.07917995
124363	5031	0.07917995
124363	5886	0.07917995
124363	24	0.07917994
124363	41	0.07917994
124474	3560	0.15145263
124474	3694	0.15145262
124474	854	0.1514526
124474	1256	0.1514526
124474	1363	0.1514526
124474	2360	0.1514526
124474	2382	0.1514526
124474	2774	0.1514526
124474	3115	0.1514526
124474	3427	0.1514526
124487	3344	0.113439456
124487	1092	0.112924956
124487	511	0.11292495
124487	5998	0.11292494
124487	4557	0.11292493
124487	5288	0.11292493
124487	6593	0.112924926
124487	617	0.11292492
124487	804	0.11292492
124487	1551	0.11292492
124488	533	0.10774018
124488	1806	0.10774018
124488	3853	0.10774018
124488	3866	0.10774018
124488	5454	0.10774018
124488	6643	0.10774018
124488	6674	0.10774018
124488	2220	0.10774017
124488	3700	0.10774017
124488	4595	0.10774017
124597	3971	0.14270224
124597	5886	0.14270224
124597	124	0.14270222
124597	387	0.14270222
124597	478	0.14270222
124597	890	0.14270222
124597	997	0.14270222
124597	1058	0.14270222
124597	1455	0.14270222
124597	1862	0.14270222
124688	4446	0.11468162
124688	2518	0.11468161
124688	2128	0.1146816
124688	6152	0.1146816
124688	6601	0.1146816
124688	759	0.11468159
124688	1742	0.11468159
124688	1958	0.11468159
124688	2017	0.11468159
124688	4004	0.11468159
124720	890	0.10911185
124720	387	0.109111845
124720	922	0.109111845
124720	1146	0.109111845
124720	3971	0.109111845
124720	4076	0.109111845
124720	5886	0.109111845
124720	6123	0.109111845
124720	986	0.10911184
124720	2121	0.10911184
124732	3971	0.1023086
124732	890	0.10230859
124732	1146	0.10230859
124732	2138	0.10230859
124732	5886	0.10230859
124732	6123	0.10230859
124732	387	0.102308586
124732	579	0.102308586
124732	775	0.102308586
124732	922	0.102308586
124747	5968	0.09375006
124747	3637	0.093750045
124747	3876	0.093750045
124747	6093	0.093750045
124747	6004	0.09375004
124747	4862	0.09375003
124747	6245	0.09375003
124747	1223	0.09375002
124747	1498	0.093750015
124747	2557	0.093750015
124769	4103	0.13772574
124769	5731	0.13772574
124769	6149	0.13772574
124769	1621	0.13772573
124769	1848	0.13772573
124769	2209	0.13772573
124769	3143	0.13772573
124769	3657	0.13772573
124769	3786	0.13772573
124769	4703	0.13772573
124852	4004	0.08953194
124852	4446	0.08953194
124852	6796	0.089531936
124852	759	0.08953193
124852	1362	0.08953193
124852	2017	0.08953193
124852	2518	0.08953193
124852	3749	0.08953193
124852	4789	0.08953192
124852	5383	0.08953192
124874	6093	0.1699738
124874	5968	0.16997378
124874	3876	0.16997376
124874	4862	0.16997376
124874	6245	0.16997376
124874	1223	0.16997373
124874	2557	0.16997373
124874	3637	0.16997372
124874	6004	0.16997372
124874	1498	0.1699737
124876	6244	0.1950834
124876	3799	0.19508338
124876	467	0.19508336
124876	4338	0.19508336
124876	2501	0.19508335
124876	3430	0.19508335
124876	4843	0.19508335
124876	6689	0.19508335
124876	3384	0.19508334
124876	395	0.19508332
124888	6674	0.09446615
124888	2541	0.09446614
124888	3866	0.09446614
124888	6643	0.09446614
124888	533	0.094466135
124888	1745	0.094466135
124888	2220	0.094466135
124888	2363	0.094466135
124888	2569	0.094466135
124888	3112	0.094466135
124915	5731	0.09369722
124915	6279	0.09369722
124915	3006	0.09369721
124915	4103	0.09369721
124915	398	0.093697205
124915	493	0.093697205
124915	892	0.093697205
124915	1621	0.093697205
124915	1848	0.093697205
124915	2014	0.093697205
124942	4813	0.11216619
124942	80	0.11216618
124942	4984	0.112166174
124942	6909	0.112166174
124942	3644	0.11216617
124942	3868	0.11216617
124942	4775	0.11216617
124942	5151	0.11216617
124942	5372	0.11216617
124942	5106	0.11216616
124983	4673	0.14564332
124983	884	0.14564331
124983	5041	0.14564331
124983	247	0.1456433
124983	792	0.1456433
124983	1648	0.1456433
124983	2419	0.1456433
124983	2783	0.1456433
124983	3081	0.1456433
124983	3230	0.1456433
124989	1978	0.10579406
124989	6630	0.10579406
124989	6654	0.10579406
124989	3045	0.10579405
124989	3938	0.10579405
124989	6591	0.10579405
124989	6592	0.10579405
124989	3002	0.10579404
124989	3628	0.10579404
124989	6690	0.10579404
124993	248	0.0764257
124993	1567	0.0764257
124993	2653	0.0764257
124993	4906	0.0764257
124993	5335	0.0764257
124993	4493	0.076425694
124993	5086	0.076425694
124993	1142	0.07642569
124993	1349	0.07642569
124993	1816	0.07642569
125031	1238	0.13625517
125031	5045	0.13625516
125031	5128	0.13625516
125031	5508	0.13625516
125031	143	0.13625515
125031	1449	0.13625515
125031	2809	0.13625515
125031	4320	0.13625515
125031	5275	0.13625515
125031	5630	0.13625515
125039	5031	0.19875067
125039	124	0.19875064
125039	579	0.19875064
125039	890	0.19875064
125039	1229	0.19875064
125039	1455	0.19875064
125039	1869	0.19875064
125039	2138	0.19875064
125039	2364	0.19875064
125039	3559	0.19875064
125060	364	0.11281529
125060	5430	0.11281529
125060	1826	0.11281528
125060	2606	0.112815276
125060	2780	0.112815276
125060	3435	0.112815276
125060	3824	0.112815276
125060	6260	0.112815276
125060	2879	0.11281527
125060	2636	0.11281526
125063	997	0.15921563
125063	1869	0.15921563
125063	3616	0.15921563
125063	6123	0.15921563
125063	6912	0.15921563
125063	41	0.15921561
125063	387	0.15921561
125063	775	0.15921561
125063	2364	0.15921561
125063	3971	0.15921561
125133	5919	0.07824436
125133	4121	0.07824435
125133	2651	0.07824434
125133	4173	0.07824434
125133	6000	0.07824434
125133	6103	0.07824434
125133	6886	0.07824434
125133	4384	0.07824433
125133	6463	0.07824433
125133	4623	0.07707587
125171	2419	0.08886257
125171	3870	0.08886255
125171	4673	0.08886255
125171	5041	0.08886255
125171	884	0.088862546
125171	1648	0.088862546
125171	3606	0.088862546
125171	4472	0.088862546
125171	4474	0.088862546
125171	4589	0.088862546
125203	4738	0.108693965
125203	4740	0.108693965
125203	6396	0.10869396
125203	5914	0.10869395
125203	6312	0.10869395
125203	1024	0.10869394
125203	1155	0.10869394
125203	3060	0.10869394
125203	3677	0.10869394
125203	4431	0.10869394
125216	511	0.112387314
125216	1092	0.1123873
125216	3526	0.1123873
125216	4557	0.1123873
125216	6364	0.11238729
125216	2785	0.112387285
125216	4141	0.112387285
125216	4318	0.112387285
125216	4341	0.112387285
125216	4905	0.112387285
125217	2419	0.14555666
125217	4673	0.14555666
125217	222	0.14555663
125217	247	0.14555663
125217	884	0.14555663
125217	903	0.14555663
125217	1648	0.14555663
125217	3230	0.14555663
125217	3606	0.14555663
125217	3733	0.14555663
125287	1312	0.09900154
125287	4417	0.09900154
125287	4536	0.09900154
125287	6659	0.09900154
125287	2105	0.099001534
125287	205	0.09900153
125287	2616	0.09900153
125287	4388	0.09900153
125287	3297	0.09900152
125287	5681	0.09900152
125396	3531	0.11570157
125396	231	0.11515883
125396	4176	0.11515883
125396	6216	0.11515883
125396	668	0.115158826
125396	4987	0.115158826
125396	6840	0.115158826
125396	677	0.11515881
125396	1022	0.11515881
125396	1050	0.11515881
125411	5031	0.11981468
125411	5886	0.11981468
125411	478	0.11981467
125411	3616	0.11981467
125411	24	0.119814664
125411	387	0.119814664
125411	645	0.119814664
125411	890	0.119814664
125411	997	0.119814664
125411	1552	0.119814664
125514	4673	0.07195694
125514	884	0.07195693
125514	2419	0.07195693
125514	3606	0.07195693
125514	4501	0.07195693
125514	4758	0.07195693
125514	4938	0.07195693
125514	6716	0.07195693
125514	3230	0.071956925
125514	3443	0.071956925
125519	890	0.13946751
125519	1146	0.1394675
125519	3971	0.1394675
125519	5886	0.1394675
125519	124	0.13946748
125519	266	0.13946748
125519	387	0.13946748
125519	469	0.13946748
125519	612	0.13946748
125519	645	0.13946748
125538	1177	0.10971821
125538	6762	0.10971821
125538	4806	0.1097182
125538	5085	0.1097182
125538	3263	0.109718196
125538	3487	0.109718196
125538	6318	0.109718196
125538	6530	0.109718196
125538	1221	0.10971819
125538	1233	0.10971819
125692	3971	0.14003849
125692	124	0.14003846
125692	387	0.14003846
125692	642	0.14003846
125692	890	0.14003846
125692	1869	0.14003846
125692	2138	0.14003846
125692	3616	0.14003846
125692	3822	0.14003846
125692	4076	0.14003846
125701	4004	0.10682164
125701	6152	0.10682164
125701	759	0.106821634
125701	3749	0.106821634
125701	6601	0.106821634
125701	1344	0.10682163
125701	2017	0.10682163
125701	2184	0.10682163
125701	2518	0.10682163
125701	4446	0.10682163
125736	1619	0.101883106
125736	4176	0.101883106
125736	6216	0.101883106
125736	231	0.1018831
125736	6840	0.1018831
125736	5130	0.10188309
125736	677	0.10188308
125736	2402	0.10188308
125736	5129	0.10188308
125736	5197	0.10188308
125779	759	0.0966912
125779	4446	0.0966912
125779	1742	0.09669119
125779	2518	0.09669119
125779	4004	0.09669119
125779	1362	0.096691184
125779	1958	0.096691184
125779	2128	0.096691184
125779	4789	0.096691184
125779	5980	0.096691184
125808	5031	0.103483774
125808	5886	0.10348377
125808	890	0.10348376
125808	1146	0.10348376
125808	387	0.10348375
125808	478	0.10348375
125808	742	0.10348375
125808	914	0.10348375
125808	1094	0.10348375
125808	1415	0.10348375
125878	3853	0.104861274
125878	5454	0.104861274
125878	4595	0.10486127
125878	6643	0.10486127
125878	533	0.10486126
125878	1025	0.10486126
125878	2304	0.10486126
125878	3112	0.10486126
125878	3210	0.10486126
125878	3418	0.10486126
125892	6768	0.11780994
125892	533	0.11780992
125892	2220	0.11780992
125892	3493	0.11780992
125892	3700	0.11780992
125892	3853	0.11780992
125892	3866	0.11780992
125892	4241	0.11780992
125892	4595	0.11780992
125892	4718	0.11780992
125928	41	0.11833522
125928	890	0.11833522
125928	3559	0.11833522
125928	3971	0.11833522
125928	387	0.11833521
125928	2138	0.11833521
125928	4076	0.11833521
125928	6912	0.11833521
125928	124	0.1183352
125928	597	0.1183352
126053	4740	0.10867916
126053	5914	0.10867916
126053	6312	0.108679146
126053	4738	0.10867914
126053	1155	0.10867913
126053	2503	0.10867913
126053	3677	0.10867913
126053	4431	0.10867913
126053	5599	0.10867913
126053	6396	0.10867913
126072	3971	0.07941007
126072	49	0.07941006
126072	1869	0.07941006
126072	6123	0.07941006
126072	387	0.079410054
126072	6915	0.079410054
126072	24	0.07941005
126072	41	0.07941005
126072	101	0.07941005
126072	124	0.07941005
126149	3418	0.072140776
126149	3853	0.072140776
126149	3866	0.072140776
126149	6643	0.072140776
126149	528	0.07214077
126149	533	0.07214077
126149	1745	0.07214077
126149	2220	0.07214077
126149	2304	0.07214077
126149	2363	0.07214077
126196	511	0.058016084
126196	1092	0.05801608
126196	1644	0.058016077
126196	3526	0.058016077
126196	6364	0.058016077
126196	6593	0.058016077
126196	617	0.058016073
126196	2785	0.058016073
126196	4318	0.058016073
126196	4369	0.058016073
126232	5121	0.09727779
126232	6236	0.09727779
126232	3187	0.09727778
126232	400	0.097277775
126232	686	0.097277775
126232	801	0.097277775
126232	1087	0.097277775
126232	1438	0.097277775
126232	2916	0.097277775
126232	3120	0.097277775
126240	997	0.10771869
126240	1869	0.10771869
126240	3971	0.10771869
126240	6123	0.10771869
126240	6507	0.10771869
126240	124	0.107718684
126240	890	0.107718684
126240	1058	0.107718684
126240	1856	0.107718684
126240	2121	0.107718684
126296	2701	0.14689344
126296	3380	0.14689344
126296	4756	0.14689343
126296	6032	0.14689343
126296	3563	0.14689341
126296	3654	0.14689341
126296	3815	0.14689341
126296	6284	0.14689341
126296	3408	0.1468934
126296	4957	0.1468934
126298	3559	0.10049532
126298	3971	0.10049532
126298	5031	0.10049532
126298	6912	0.10049532
126298	997	0.100495316
126298	1869	0.100495316
126298	2138	0.100495316
126298	4434	0.100495316
126298	5716	0.100495316
126298	5886	0.100495316
126388	1869	0.14513516
126388	5886	0.14513515
126388	387	0.14513513
126388	890	0.14513513
126388	997	0.14513513
126388	2138	0.14513513
126388	3559	0.14513513
126388	3616	0.14513513
126388	3971	0.14513513
126388	4076	0.14513513
126395	1869	0.124155805
126395	5031	0.124155805
126395	3971	0.1241558
126395	6123	0.1241558
126395	387	0.12415579
126395	579	0.12415579
126395	890	0.12415579
126395	1393	0.12415579
126395	2121	0.12415579
126395	3059	0.12415579
126487	801	0.089292
126487	6252	0.089292
126487	109	0.08929199
126487	686	0.08929199
126487	1087	0.08929199
126487	1389	0.08929199
126487	1650	0.08929199
126487	2126	0.08929199
126487	2305	0.08929199
126487	2916	0.08929199
126492	4448	0.13723968
126492	6599	0.13723963
126492	3870	0.13607056
126492	247	0.13607055
126492	2419	0.13607055
126492	5864	0.13607055
126492	6834	0.13607055
126492	4602	0.13607053
126492	4673	0.13607053
126492	5739	0.13607053
126585	1022	0.10356699
126585	4176	0.10356699
126585	6840	0.10356698
126585	231	0.103566974
126585	677	0.103566974
126585	5197	0.103566974
126585	6216	0.103566974
126585	1619	0.10356697
126585	2409	0.10356697
126585	5949	0.10356697
126604	3971	0.15130216
126604	387	0.15130214
126604	1869	0.15130214
126604	6123	0.15130214
126604	6515	0.15130214
126604	41	0.15130213
126604	49	0.15130213
126604	124	0.15130213
126604	579	0.15130213
126604	774	0.15130213
126693	3971	0.14983895
126693	1194	0.14983892
126693	1856	0.14983892
126693	1869	0.14983892
126693	3616	0.14983892
126693	5886	0.14983892
126693	6912	0.14983892
126693	41	0.14983891
126693	124	0.14983891
126693	387	0.14983891
126697	854	0.13082719
126697	968	0.13082719
126697	2360	0.13082719
126697	2382	0.13082719
126697	3115	0.13082719
126697	3510	0.13082719
126697	3560	0.13082719
126697	3658	0.13082719
126697	3694	0.13082719
126697	3939	0.13082719
126726	1869	0.1150953
126726	3616	0.1150953
126726	5031	0.1150953
126726	997	0.115095295
126726	3971	0.115095295
126726	5886	0.115095295
126726	215	0.11509529
126726	387	0.11509529
126726	597	0.11509529
126726	645	0.11509529
126736	3971	0.16915126
126736	124	0.16915125
126736	642	0.16915125
126736	997	0.16915125
126736	1393	0.16915125
126736	1869	0.16915125
126736	2121	0.16915125
126736	2138	0.16915125
126736	5031	0.16915125
126736	5716	0.16915125
126803	1892	0.104538396
126803	869	0.10453839
126803	1679	0.10453839
126803	152	0.10453838
126803	1457	0.10453838
126803	1598	0.10453838
126803	1937	0.10453838
126803	2169	0.10453838
126803	2977	0.10453838
126803	4233	0.10453838
126810	1199	0.09605113
126810	687	0.09605111
126810	1041	0.0960511
126810	1227	0.09605109
126810	3401	0.09605108
126810	5080	0.09574284
126810	3845	0.09574281
126810	4811	0.09574281
126810	1848	0.09552246
126810	5731	0.09552246
126812	890	0.09894052
126812	1194	0.09894052
126812	1856	0.09894052
126812	3971	0.09894052
126812	4076	0.09894052
126812	4323	0.09894052
126812	5886	0.09894052
126812	41	0.098940514
126812	922	0.098940514
126812	1869	0.098940514
126814	3971	0.11896446
126814	2138	0.118964456
126814	6912	0.118964456
126814	387	0.11896445
126814	124	0.11896444
126814	597	0.11896444
126814	832	0.11896444
126814	997	0.11896444
126814	1403	0.11896444
126814	1869	0.11896444
126824	3971	0.102175586
126824	124	0.10217558
126824	387	0.10217558
126824	890	0.10217558
126824	1869	0.10217558
126824	3616	0.10217558
126824	5031	0.10217558
126824	6912	0.10217558
126824	266	0.10217557
126824	645	0.10217557
126827	4740	0.09971505
126827	4738	0.09971504
126827	5914	0.09971503
126827	6396	0.09971503
126827	1155	0.099715024
126827	2503	0.099715024
126827	3677	0.099715024
126827	4444	0.099715024
126827	6312	0.099715024
126827	1024	0.09971502
126860	4176	0.10525645
126860	231	0.105256446
126860	1022	0.10525644
126860	1619	0.10525644
126860	5197	0.10525644
126860	6216	0.10525644
126860	6840	0.10525644
126860	668	0.10525643
126860	677	0.10525643
126860	4068	0.10525643
126903	1848	0.117433906
126903	5731	0.117433906
126903	6084	0.117433906
126903	6279	0.117433906
126903	6465	0.117433906
126903	6670	0.117433906
126903	920	0.1174339
126903	3657	0.1174339
126903	4103	0.1174339
126903	5176	0.1174339
126907	1869	0.084416896
126907	890	0.08441689
126907	3616	0.08441689
126907	3971	0.08441689
126907	6123	0.08441689
126907	215	0.08441688
126907	387	0.08441688
126907	538	0.08441688
126907	579	0.08441688
126907	642	0.08441688
126985	49	0.09019026
126985	387	0.09019026
126985	478	0.09019026
126985	890	0.09019026
126985	997	0.09019026
126985	1552	0.09019026
126985	1869	0.09019026
126985	2364	0.09019026
126985	3616	0.09019026
126985	3971	0.09019026
127024	4623	0.101623975
127024	1177	0.100090146
127024	3118	0.10009012
127024	3263	0.10009012
127024	4806	0.100090116
127024	6208	0.100090116
127024	6318	0.100090116
127024	6530	0.100090116
127024	6762	0.100090116
127024	591	0.10009011
127036	1869	0.09636476
127036	5031	0.09636476
127036	3971	0.09636475
127036	6912	0.09636475
127036	24	0.096364744
127036	41	0.096364744
127036	124	0.096364744
127036	266	0.096364744
127036	387	0.096364744
127036	579	0.096364744
127049	4446	0.10498452
127049	759	0.10498451
127049	2518	0.10498451
127049	4004	0.10498451
127049	5980	0.10498451
127049	6796	0.10498451
127049	2128	0.1049845
127049	3749	0.1049845
127049	4789	0.1049845
127049	6152	0.1049845
127113	5731	0.14305295
127113	2491	0.14305294
127113	4103	0.14305294
127113	4496	0.14305294
127113	6465	0.14305294
127113	1258	0.14305292
127113	1632	0.14305292
127113	1848	0.14305292
127113	3143	0.14305292
127113	4703	0.14305292
127122	5968	0.063252345
127122	6093	0.06325234
127122	6004	0.06325233
127122	6245	0.06325233
127122	3637	0.06325232
127122	3876	0.06325232
127122	1223	0.063252315
127122	4862	0.063252315
127122	2557	0.06325231
127122	1498	0.0632523
127129	387	0.12900233
127129	832	0.12900233
127129	890	0.12900233
127129	914	0.12900233
127129	1094	0.12900233
127129	1869	0.12900233
127129	3965	0.12900233
127129	3971	0.12900233
127129	4076	0.12900233
127129	5031	0.12900233
127131	6418	0.11229081
127131	471	0.1122908
127131	3937	0.1122908
127131	1285	0.11229079
127131	3018	0.11229079
127131	5703	0.11229079
127131	46	0.112290785
127131	102	0.112290785
127131	462	0.112290785
127131	606	0.112290785
127168	3971	0.17417896
127168	5886	0.17417896
127168	6123	0.17417896
127168	387	0.17417894
127168	478	0.17417894
127168	997	0.17417894
127168	3452	0.17417894
127168	4076	0.17417894
127168	41	0.17417893
127168	49	0.17417893
127171	6216	0.08884026
127171	4176	0.08884025
127171	231	0.088840246
127171	668	0.088840246
127171	1022	0.088840246
127171	1050	0.088840246
127171	1619	0.088840246
127171	2950	0.088840246
127171	5129	0.088840246
127171	5130	0.088840246
127190	1177	0.13325034
127190	4806	0.13325033
127190	6530	0.13325033
127190	4299	0.13325031
127190	5085	0.13325031
127190	6762	0.13325031
127190	519	0.1332503
127190	591	0.1332503
127190	1255	0.1332503
127190	1581	0.1332503
127200	4984	0.16716793
127200	6909	0.16716792
127200	3644	0.1671679
127200	3868	0.1671679
127200	4775	0.1671679
127200	4813	0.1671679
127200	6735	0.1671679
127200	5106	0.16716789
127200	5780	0.16716789
127200	80	0.16716787
127203	3971	0.14564046
127203	6123	0.14564045
127203	49	0.14564043
127203	124	0.14564043
127203	387	0.14564043
127203	597	0.14564043
127203	997	0.14564043
127203	1552	0.14564043
127203	1852	0.14564043
127203	1869	0.14564043
127233	1567	0.063496195
127233	4906	0.063496195
127233	248	0.06349619
127233	711	0.06349619
127233	1316	0.06349619
127233	2077	0.06349619
127233	2207	0.06349619
127233	2653	0.06349619
127233	3289	0.06349619
127233	4493	0.06349619
127359	5203	0.12240535
127359	4976	0.12240533
127359	1472	0.12228404
127359	1951	0.12228402
127359	2769	0.12228401
127359	3330	0.12228401
127359	3935	0.12228401
127359	1515	0.122284
127359	2994	0.122284
127359	3090	0.122283995
127384	6310	0.111729294
127384	6674	0.111729294
127384	3853	0.11172929
127384	5115	0.11172929
127384	533	0.11172928
127384	3091	0.11172928
127384	3830	0.11172928
127384	3866	0.11172928
127384	4241	0.11172928
127384	4563	0.11172928
127389	3971	0.08952871
127389	5886	0.08952871
127389	6123	0.08952871
127389	387	0.0895287
127389	890	0.0895287
127389	1869	0.0895287
127389	2138	0.0895287
127389	4076	0.0895287
127389	215	0.089528695
127389	216	0.089528695
127404	2496	0.07965029
127404	5914	0.07943969
127404	6312	0.079439685
127404	4431	0.07943968
127404	6396	0.07943968
127404	3677	0.07943967
127404	4144	0.07943967
127404	4444	0.07943967
127404	4738	0.07943967
127404	4740	0.07943967
127417	5886	0.12917905
127417	6912	0.12917905
127417	24	0.12917903
127417	41	0.12917903
127417	376	0.12917903
127417	387	0.12917903
127417	478	0.12917903
127417	579	0.12917903
127417	597	0.12917903
127417	628	0.12917903
127432	4076	0.10145153
127432	5031	0.10145153
127432	890	0.10145152
127432	832	0.101451516
127432	842	0.101451516
127432	997	0.101451516
127432	1869	0.101451516
127432	2121	0.101451516
127432	2646	0.101451516
127432	3164	0.101451516
127438	1424	0.10249324
127438	307	0.10249323
127438	761	0.10249323
127438	1436	0.10249323
127438	4002	0.10249323
127438	4728	0.10249323
127438	2689	0.10249322
127438	6365	0.10249322
127438	2507	0.10249321
127438	2535	0.10249321
127481	3694	0.12526137
127481	4885	0.12526137
127481	3560	0.12526135
127481	5785	0.12526135
127481	489	0.12526134
127481	854	0.12526134
127481	968	0.12526134
127481	1080	0.12526134
127481	1413	0.12526134
127481	1514	0.12526134
127564	5128	0.081163056
127564	1570	0.081163034
127564	5275	0.081163034
127564	5508	0.081163034
127564	5630	0.081163034
127564	143	0.08116303
127564	1238	0.08116303
127564	2809	0.08116303
127564	4172	0.08116303
127564	4267	0.08116303
127621	387	0.11944871
127621	1146	0.11944871
127621	2138	0.11944871
127621	3971	0.11944871
127621	5886	0.11944871
127621	6123	0.11944871
127621	1869	0.1194487
127621	890	0.11944869
127621	997	0.11944869
127621	1058	0.11944869
127648	511	0.07819641
127648	1092	0.07819641
127648	6880	0.07819641
127648	4557	0.0781964
127648	6364	0.0781964
127648	245	0.07819639
127648	1644	0.07819639
127648	2643	0.07819639
127648	2779	0.07819639
127648	2785	0.07819639
127782	5731	0.13056734
127782	4103	0.13056733
127782	398	0.13056731
127782	1621	0.13056731
127782	1632	0.13056731
127782	1848	0.13056731
127782	2014	0.13056731
127782	2209	0.13056731
127782	2320	0.13056731
127782	2450	0.13056731
127826	5731	0.1103711
127826	4103	0.11037109
127826	2014	0.11037108
127826	2209	0.110371076
127826	398	0.11037107
127826	1621	0.11037107
127826	1848	0.11037107
127826	3143	0.11037107
127826	3786	0.11037107
127826	4149	0.11037107
127893	1567	0.09839827
127893	4906	0.09839827
127893	5869	0.09839827
127893	2653	0.09839826
127893	5715	0.09839826
127893	135	0.09839825
127893	248	0.09839825
127893	655	0.09839825
127893	711	0.09839825
127893	1585	0.09839825
127914	5610	0.13849247
127914	5619	0.13660705
127914	3403	0.13660704
127914	848	0.13660702
127914	5309	0.13660702
127914	1267	0.136607
127914	3797	0.136607
127914	6531	0.136607
127914	6653	0.136607
127914	1646	0.13660699
127970	2419	0.1013005
127970	4673	0.10130049
127970	3230	0.101300485
127970	1648	0.10130048
127970	3606	0.10130048
127970	3870	0.10130048
127970	4452	0.10130048
127970	4938	0.10130048
127970	5041	0.10130048
127970	5539	0.10130048
128014	387	0.13043593
128014	1869	0.13043593
128014	2138	0.13043593
128014	3971	0.13043593
128014	41	0.13043591
128014	124	0.13043591
128014	215	0.13043591
128014	597	0.13043591
128014	642	0.13043591
128014	775	0.13043591
128033	2138	0.14275947
128033	3971	0.14275947
128033	387	0.14275944
128033	579	0.14275944
128033	597	0.14275944
128033	890	0.14275944
128033	922	0.14275944
128033	1062	0.14275944
128033	1749	0.14275944
128033	3559	0.14275944
128040	5430	0.07442889
128040	364	0.074428886
128040	1826	0.074428886
128040	2606	0.074428886
128040	2636	0.074428886
128040	5584	0.074428886
128040	3824	0.07442888
128040	2780	0.07442887
128040	2879	0.07442887
128040	3435	0.07442887
128045	1869	0.11814577
128045	5031	0.118145764
128045	5886	0.118145764
128045	890	0.11814576
128045	2138	0.11814576
128045	3616	0.11814576
128045	3971	0.11814576
128045	6123	0.11814576
128045	49	0.11814575
128045	387	0.11814575
128060	4143	0.0789852
128060	4387	0.0789852
128060	626	0.07898519
128060	1610	0.07898519
128060	3929	0.07898519
128060	4290	0.07898519
128060	1733	0.078985184
128060	2986	0.078985184
128060	3028	0.078985184
128060	3056	0.078985184
128085	3491	0.07217734
128085	102	0.072177336
128085	471	0.072177336
128085	606	0.072177336
128085	1285	0.072177336
128085	2675	0.072177336
128085	2904	0.072177336
128085	3018	0.072177336
128085	3937	0.072177336
128085	5310	0.072177336
128119	3988	0.14126515
128119	6189	0.14126512
128119	2022	0.14038892
128119	5904	0.14038892
128119	6352	0.14038892
128119	191	0.1403889
128119	570	0.1403889
128119	667	0.1403889
128119	806	0.1403889
128119	953	0.1403889
128122	5797	0.10115685
128122	1481	0.1011145
128122	5516	0.10111449
128122	5752	0.10111445
128122	5349	0.10110785
128122	5707	0.10092947
128122	5048	0.10092946
128122	2946	0.100929454
128122	2909	0.10092944
128122	4875	0.10092944
128208	12	0.11026718
128208	520	0.11014658
128208	5033	0.11014658
128208	5653	0.11014657
128208	6810	0.11014657
128208	6147	0.11014655
128208	29	0.10971564
128208	4701	0.109715596
128208	4176	0.10959508
128208	231	0.109595075
128214	686	0.1176095
128214	801	0.1176095
128214	1087	0.1176095
128214	2145	0.1176095
128214	4151	0.1176095
128214	5121	0.1176095
128214	6222	0.1176095
128214	1389	0.11760949
128214	2916	0.11760949
128214	3120	0.11760949
128257	1869	0.09138581
128257	3971	0.09138581
128257	5886	0.09138581
128257	24	0.0913858
128257	41	0.0913858
128257	387	0.0913858
128257	478	0.0913858
128257	579	0.0913858
128257	642	0.0913858
128257	890	0.0913858
128276	387	0.093705475
128276	49	0.09370547
128276	4076	0.09370547
128276	41	0.09370546
128276	124	0.09370546
128276	890	0.09370546
128276	997	0.09370546
128276	1552	0.09370546
128276	1869	0.09370546
128276	2121	0.09370546
128325	6423	0.12638801
128325	2843	0.12638798
128325	5031	0.12438449
128325	645	0.12438447
128325	890	0.12438447
128325	1146	0.12438447
128325	4293	0.12438447
128325	5886	0.12438447
128325	215	0.12438446
128325	266	0.12438446
128331	454	0.11191153
128331	3780	0.111911505
128331	6320	0.11191149
128331	3833	0.11191148
128331	3530	0.111911476
128331	4594	0.111911476
128331	4607	0.111911476
128331	4353	0.11191146
128331	4439	0.11191146
128331	6374	0.11191146
128332	4176	0.14288236
128332	231	0.14288235
128332	5197	0.14288235
128332	668	0.14288233
128332	1022	0.14288233
128332	1619	0.14288233
128332	2409	0.14288233
128332	3950	0.14288233
128332	4000	0.14288233
128332	6216	0.14288233
128406	4740	0.10003039
128406	5914	0.10003039
128406	1155	0.10003038
128406	3677	0.10003038
128406	4444	0.10003037
128406	4738	0.10003037
128406	6396	0.10003037
128406	2503	0.10003036
128406	4431	0.10003036
128406	5534	0.10003036
128434	3971	0.113348715
128434	1869	0.11334871
128434	2138	0.11334871
128434	2364	0.11334871
128434	3616	0.11334871
128434	5031	0.11334871
128434	6123	0.11334871
128434	49	0.1133487
128434	387	0.1133487
128434	597	0.11334869
128622	5731	0.07514092
128622	1258	0.07514091
128622	1621	0.07514091
128622	2014	0.07514091
128622	2209	0.07514091
128622	2491	0.07514091
128622	3143	0.07514091
128622	3657	0.07514091
128622	3983	0.07514091
128622	4103	0.07514091
128693	3971	0.11404024
128693	890	0.114040226
128693	5886	0.114040226
128693	6123	0.114040226
128693	387	0.11404022
128693	1869	0.11404022
128693	124	0.11404021
128693	642	0.11404021
128693	922	0.11404021
128693	1058	0.11404021
128696	99	0.15352592
128696	400	0.15352592
128696	686	0.15352592
128696	801	0.15352592
128696	1087	0.15352592
128696	2126	0.15352592
128696	2145	0.15352592
128696	2305	0.15352592
128696	3120	0.15352592
128696	4342	0.15352592
128732	387	0.12988028
128732	890	0.12988028
128732	3971	0.12988028
128732	1146	0.12988026
128732	2121	0.12988026
128732	5886	0.12988026
128732	6123	0.12988026
128732	7	0.12988025
128732	41	0.12988025
128732	124	0.12988025
128790	848	0.11202751
128790	5619	0.11202751
128790	5309	0.1120275
128790	3403	0.112027496
128790	3902	0.112027496
128790	1646	0.11202748
128790	2768	0.11202748
128790	3601	0.11202748
128790	6653	0.11202748
128790	1678	0.112027474
128915	3971	0.09492287
128915	5886	0.09492287
128915	387	0.09492286
128915	597	0.094922855
128915	890	0.094922855
128915	922	0.094922855
128915	997	0.094922855
128915	1405	0.094922855
128915	1869	0.094922855
128915	2138	0.094922855
128962	49	0.109317854
128962	997	0.109317854
128962	1869	0.109317854
128962	3971	0.109317854
128962	4323	0.109317854
128962	5031	0.109317854
128962	5886	0.109317854
128962	6123	0.109317854
128962	6912	0.109317854
128962	376	0.10931785
129008	891	0.14715445
129008	1539	0.14715445
129008	5008	0.14715445
129008	4368	0.14715444
129008	5592	0.14715444
129008	1899	0.14715442
129008	2388	0.14715442
129008	2667	0.1471544
129008	5113	0.1471544
129008	5146	0.14715439
129084	124	0.15226668
129084	266	0.15226668
129084	387	0.15226668
129084	890	0.15226668
129084	1058	0.15226668
129084	1393	0.15226668
129084	1869	0.15226668
129084	2138	0.15226668
129084	3971	0.15226668
129084	5031	0.15226668
129338	1869	0.10181558
129338	3971	0.101815574
129338	6915	0.101815574
129338	2138	0.10181557
129338	2364	0.10181557
129338	3616	0.10181557
129338	5031	0.10181557
129338	6123	0.10181557
129338	6912	0.10181557
129338	579	0.10181556
129358	3173	0.12500852
129358	3395	0.12500852
129358	3915	0.12500852
129358	5104	0.12500852
129358	6262	0.12500852
129358	6386	0.12500852
129358	6576	0.12500852
129358	4982	0.12500851
129358	1038	0.1250085
129358	1116	0.1250085
129368	5126	0.05874821
129368	5388	0.058445714
129368	1719	0.05844571
129368	2470	0.058445703
129368	139	0.0584457
129368	4503	0.0584457
129368	3602	0.058445692
129368	4972	0.058445692
129368	5744	0.058445692
129368	4516	0.05844569
129373	6123	0.098905064
129373	387	0.09890506
129373	890	0.09890506
129373	997	0.09890506
129373	1869	0.09890506
129373	3971	0.09890506
129373	4076	0.09890506
129373	5031	0.09890506
129373	5886	0.09890506
129373	6507	0.09890506
129389	1869	0.09106533
129389	3971	0.09106533
129389	4076	0.09106533
129389	6123	0.09106533
129389	387	0.091065325
129389	997	0.091065325
129389	5886	0.091065325
129389	6912	0.091065325
129389	41	0.09106532
129389	49	0.09106532
129393	2419	0.1275152
129393	3230	0.1275152
129393	3606	0.1275152
129393	4472	0.1275152
129393	4519	0.1275152
129393	4673	0.1275152
129393	5787	0.1275152
129393	6231	0.1275152
129393	247	0.12751518
129393	884	0.12751518
129399	1806	0.0968755
129399	3493	0.0968755
129399	4727	0.0968755
129399	533	0.096875496
129399	3418	0.096875496
129399	3866	0.096875496
129399	5729	0.096875496
129399	846	0.09687549
129399	2220	0.09687549
129399	3091	0.09687549
129465	1024	0.15324122
129465	2503	0.15324122
129465	3677	0.15324122
129465	4738	0.15324122
129465	4740	0.15324122
129465	5914	0.15324122
129465	6396	0.15324122
129465	1155	0.1532412
129465	5599	0.1532412
129465	6312	0.1532412
129474	2492	0.063348435
129474	4924	0.063348435
129474	6116	0.063348435
129474	3844	0.06334843
129474	972	0.06334841
129474	5378	0.06334841
129474	6219	0.06334841
129474	6793	0.06334841
129474	1860	0.0633484
129474	3285	0.0633484
129489	5031	0.12991093
129489	24	0.12991092
129489	376	0.12991092
129489	387	0.12991092
129489	579	0.12991092
129489	890	0.12991092
129489	997	0.12991092
129489	1062	0.12991092
129489	1869	0.12991092
129489	2121	0.12991092
129494	2419	0.10233204
129494	4673	0.10233204
129494	247	0.102332026
129494	3606	0.102332026
129494	5041	0.102332026
129494	5864	0.102332026
129494	6231	0.102332026
129494	884	0.10233202
129494	3230	0.10233202
129494	3870	0.10233202
129503	6608	0.11839795
129503	1285	0.11839794
129503	3937	0.11839794
129503	5821	0.11839794
129503	46	0.118397936
129503	102	0.118397936
129503	471	0.118397936
129503	606	0.118397936
129503	6418	0.118397936
129503	3018	0.11839793
129505	6511	0.093215555
129505	1306	0.09310044
129505	6427	0.093100436
129505	4400	0.09310043
129505	5232	0.09310043
129505	4693	0.09310041
129505	4698	0.09310041
129505	6775	0.0931004
129505	2323	0.093100384
129505	6591	0.093055345
129690	1869	0.10660468
129690	3971	0.106604666
129690	5886	0.106604666
129690	1455	0.10660466
129690	2138	0.10660466
129690	5031	0.10660466
129690	49	0.10660465
129690	387	0.10660465
129690	422	0.10660465
129690	478	0.10660465
129725	2266	0.07844874
129725	1464	0.078448735
129725	3546	0.07844873
129725	5076	0.07844871
129725	511	0.07768699
129725	1092	0.07768699
129725	6880	0.07768698
129725	3097	0.07768697
129725	4128	0.07768697
129725	4318	0.07768697
129851	4599	0.09770465
129851	244	0.09770464
129851	6265	0.09770464
129851	149	0.097704634
129851	961	0.097704634
129851	4045	0.097704634
129851	2962	0.09770463
129851	582	0.09770462
129851	632	0.09770462
129851	1442	0.09770462
129883	533	0.098665476
129883	3700	0.098665476
129883	3866	0.098665476
129883	4595	0.098665476
129883	5454	0.098665476
129883	6643	0.098665476
129883	6674	0.098665476
129883	4718	0.09866547
129883	813	0.09866546
129883	1739	0.09866546
130166	2419	0.111154735
130166	4673	0.111154735
130166	1648	0.11115473
130166	884	0.11115472
130166	3230	0.11115472
130166	3606	0.11115472
130166	4080	0.11115472
130166	4938	0.11115472
130166	5041	0.11115472
130166	247	0.11115471
130168	1869	0.13824233
130168	2121	0.13824233
130168	2138	0.13824233
130168	3616	0.13824233
130168	3971	0.13824233
130168	5031	0.13824233
130168	6123	0.13824233
130168	49	0.13824232
130168	387	0.13824232
130168	579	0.13824232
130258	427	0.09093302
130258	42	0.09093301
130258	4968	0.090933
130258	793	0.090932995
130258	1536	0.090932995
130258	3494	0.090932995
130258	4218	0.090932995
130258	5066	0.090932995
130258	5758	0.090932995
130258	5793	0.090932995
130438	3971	0.09464973
130438	387	0.09464972
130438	997	0.09464972
130438	1869	0.09464972
130438	2364	0.09464972
130438	3616	0.09464972
130438	4076	0.09464972
130438	5031	0.09464972
130438	5886	0.09464972
130438	6912	0.09464972
130474	5886	0.19339897
130474	6123	0.19339897
130474	387	0.19339895
130474	890	0.19339895
130474	1194	0.19339895
130474	1869	0.19339895
130474	2806	0.19339895
130474	4076	0.19339895
130474	5218	0.19339895
130474	328	0.19339894
130482	3493	0.14625108
130482	3853	0.14625108
130482	4727	0.14625108
130482	5454	0.14625108
130482	3866	0.14625107
130482	4241	0.14625107
130482	4563	0.14625107
130482	5908	0.14625107
130482	6643	0.14625107
130482	6674	0.14625107
130502	4446	0.08651202
130502	2518	0.086512014
130502	4004	0.086512014
130502	595	0.086512
130502	759	0.086512
130502	1362	0.086512
130502	1742	0.086512
130502	1958	0.086512
130502	2017	0.086512
130502	2128	0.086512
130543	244	0.08754781
130543	6265	0.08754781
130543	149	0.087547794
130543	582	0.087547794
130543	632	0.087547794
130543	2962	0.087547794
130543	3385	0.087547794
130543	4599	0.087547794
130543	961	0.08754779
130543	650	0.08754778
130570	3971	0.07898335
130570	6912	0.07898335
130570	5886	0.078983344
130570	41	0.07898334
130570	478	0.07898334
130570	597	0.07898334
130570	642	0.07898334
130570	832	0.07898334
130570	890	0.07898334
130570	986	0.07898334
130571	2726	0.098270774
130571	2888	0.09813413
130571	325	0.09798147
130571	244	0.097942576
130571	6265	0.09794256
130571	632	0.09794255
130571	149	0.097942546
130571	582	0.09794254
130571	4045	0.09794254
130571	650	0.09794253
130581	3971	0.094619095
130581	5886	0.094619095
130581	124	0.09461909
130581	387	0.09461909
130581	890	0.09461909
130581	41	0.09461908
130581	215	0.09461908
130581	579	0.09461908
130581	775	0.09461908
130581	922	0.09461908
130636	3971	0.09529636
130636	1869	0.09529635
130636	6912	0.09529635
130636	387	0.095296346
130636	1856	0.095296346
130636	41	0.09529634
130636	124	0.09529634
130636	579	0.09529634
130636	832	0.09529634
130636	890	0.09529634
130658	4906	0.07043803
130658	711	0.07043802
130658	5086	0.07043802
130658	5335	0.07043802
130658	106	0.07043801
130658	1349	0.07043801
130658	1816	0.07043801
130658	2207	0.07043801
130658	2653	0.07043801
130658	2800	0.07043801
130705	80	0.115723476
130705	4813	0.115723476
130705	5106	0.11572347
130705	3644	0.11572346
130705	4775	0.11572346
130705	6909	0.11572346
130705	6683	0.11572345
130705	821	0.115723446
130705	1997	0.115723446
130705	2647	0.115723446
130784	3146	0.11696163
130784	3040	0.11696162
130784	864	0.11696161
130784	4490	0.11696161
130784	6381	0.11696161
130784	5699	0.11696158
130784	6535	0.11696157
130784	5834	0.11696156
130784	6768	0.115877435
130784	528	0.11587743
130792	231	0.107931
130792	4176	0.107931
130792	668	0.10793099
130792	1619	0.10793099
130792	6216	0.10793099
130792	6840	0.10793099
130792	677	0.10793097
130792	851	0.10793097
130792	1022	0.10793097
130792	1034	0.10793097
130837	4885	0.108053714
130837	1080	0.1080537
130837	2382	0.1080537
130837	3560	0.1080537
130837	3658	0.1080537
130837	3694	0.1080537
130837	4224	0.1080537
130837	4796	0.1080537
130837	4960	0.1080537
130837	5785	0.1080537
130847	3971	0.11491884
130847	1869	0.11491883
130847	5886	0.11491883
130847	2138	0.11491882
130847	6123	0.11491882
130847	49	0.11491881
130847	387	0.11491881
130847	478	0.11491881
130847	1146	0.11491881
130847	1194	0.11491881
130866	387	0.11998661
130866	890	0.11998661
130866	1869	0.11998661
130866	3971	0.11998661
130866	5031	0.11998661
130866	5886	0.11998661
130866	6123	0.11998661
130866	842	0.1199866
130866	3559	0.1199866
130866	3616	0.1199866
130950	2364	0.11516761
130950	41	0.1151676
130950	890	0.1151676
130950	2138	0.1151676
130950	3059	0.1151676
130950	3971	0.1151676
130950	4076	0.1151676
130950	6915	0.1151676
130950	922	0.115167595
130950	1856	0.115167595
130961	2121	0.12594035
130961	3971	0.12594035
130961	5031	0.12594035
130961	24	0.12594034
130961	41	0.12594034
130961	387	0.12594034
130961	832	0.12594034
130961	890	0.12594034
130961	1340	0.12594034
130961	1415	0.12594034
130978	1869	0.08485356
130978	3971	0.08485355
130978	5031	0.08485355
130978	5886	0.08485355
130978	5896	0.08485355
130978	6123	0.08485355
130978	24	0.084853545
130978	49	0.084853545
130978	124	0.084853545
130978	215	0.084853545
131027	231	0.14504533
131027	4176	0.14504533
131027	1022	0.14504531
131027	1723	0.14504531
131027	5197	0.14504531
131027	6216	0.14504531
131027	6840	0.14504531
131027	677	0.1450453
131027	1619	0.1450453
131027	510	0.14504528
131032	1177	0.08986854
131032	4806	0.08986854
131032	1221	0.08986853
131032	3118	0.08986853
131032	4650	0.08986853
131032	5691	0.08986853
131032	6318	0.08986853
131032	3693	0.08986852
131032	3761	0.08986852
131032	4299	0.08986852
131046	6116	0.10160719
131046	2492	0.10160717
131046	3844	0.10160717
131046	4924	0.10160716
131046	1860	0.10160715
131046	5927	0.10160715
131046	972	0.101607144
131046	5378	0.101607144
131046	6219	0.101607144
131046	6793	0.10160713
131099	5055	0.105472885
131099	3893	0.10547288
131099	2027	0.105472855
131099	3013	0.10547284
131099	3018	0.105416425
131099	606	0.10541642
131099	4065	0.10541642
131099	5414	0.10541642
131099	5821	0.10541642
131099	102	0.10541641
131126	3445	0.07813941
131126	5835	0.07813941
131126	6428	0.0781394
131126	2276	0.07813938
131126	2383	0.07813938
131126	3583	0.07813938
131126	3808	0.07813938
131126	6869	0.07813938
131126	3507	0.07813937
131126	4495	0.07813937
131154	4856	0.07604924
131154	6851	0.07604924
131154	482	0.07604922
131154	2457	0.07604922
131154	2988	0.07604922
131154	4007	0.07604922
131154	5315	0.07604922
131154	6749	0.076049216
131154	2685	0.07604921
131154	4382	0.07604921
131182	1157	0.07006996
131182	5771	0.070069954
131182	45	0.07006993
131182	5904	0.0692869
131182	2022	0.06928689
131182	3121	0.06928688
131182	4671	0.06928688
131182	6562	0.06928688
131182	191	0.069286875
131182	570	0.069286875
131202	4906	0.093432695
131202	2653	0.09343269
131202	248	0.09343268
131202	1567	0.09343268
131202	1874	0.09343268
131202	3289	0.09343268
131202	3360	0.09343268
131202	4694	0.09343268
131202	5086	0.09343268
131202	5335	0.09343268
131238	5812	0.089841574
131238	3914	0.08984156
131238	5664	0.08984156
131238	799	0.08984155
131238	5199	0.08984152
131238	2916	0.08970223
131238	4151	0.08970223
131238	5121	0.08970223
131238	5339	0.08970223
131238	5800	0.08970223
131317	890	0.09447385
131317	2138	0.09447385
131317	6123	0.09447385
131317	6507	0.09447385
131317	997	0.094473846
131317	1058	0.094473846
131317	1869	0.094473846
131317	2121	0.094473846
131317	3559	0.094473846
131317	3971	0.094473846
131363	3971	0.10643963
131363	1869	0.10643962
131363	2364	0.10643962
131363	3616	0.10643962
131363	5886	0.10643962
131363	5031	0.10643961
131363	24	0.106439605
131363	124	0.106439605
131363	215	0.106439605
131363	387	0.106439605
131402	387	0.14445758
131402	597	0.14445758
131402	890	0.14445758
131402	997	0.14445758
131402	1393	0.14445758
131402	1455	0.14445758
131402	1862	0.14445758
131402	1869	0.14445758
131402	2037	0.14445758
131402	2138	0.14445758
131437	1869	0.08353716
131437	3616	0.08353716
131437	3971	0.08353716
131437	5886	0.08353716
131437	6912	0.08353716
131437	478	0.083537154
131437	997	0.083537154
131437	6123	0.083537154
131437	24	0.08353715
131437	41	0.08353715
131510	6840	0.103280716
131510	4176	0.10328071
131510	5197	0.10328071
131510	231	0.1032807
131510	6216	0.1032807
131510	668	0.10328069
131510	677	0.10328069
131510	851	0.10328069
131510	1022	0.10328069
131510	1619	0.10328069
131594	4712	0.06286138
131594	913	0.06286137
131594	3482	0.06286137
131594	687	0.06252585
131594	1041	0.06252585
131594	1199	0.06252585
131594	1227	0.06252584
131594	3401	0.06252583
131594	5080	0.062435053
131594	3845	0.062435035
131597	364	0.10880757
131597	2636	0.10880757
131597	1826	0.108807564
131597	5430	0.108807564
131597	5584	0.10880756
131597	2780	0.10880755
131597	2879	0.10880755
131597	3435	0.10880755
131597	2606	0.10880754
131597	2788	0.108807534
131617	3335	0.08227374
131617	6833	0.08227374
131617	1222	0.08227372
131617	1953	0.08227372
131617	4906	0.08220942
131617	248	0.08220941
131617	5086	0.08220941
131617	1567	0.0822094
131617	2653	0.0822094
131617	3360	0.0822094
131622	3971	0.12163002
131622	1869	0.12163001
131622	3616	0.12163001
131622	6912	0.121630006
131622	387	0.12163
131622	642	0.12163
131622	645	0.12163
131622	832	0.12163
131622	890	0.12163
131622	997	0.12163
131655	5726	0.08473082
131655	5790	0.08473082
131655	943	0.084730804
131655	973	0.08473079
131655	5817	0.08473079
131655	1335	0.084730774
131655	5213	0.084730774
131655	3694	0.08388528
131655	4817	0.083885275
131655	5411	0.083885275
131657	1413	0.10286598
131657	2360	0.10286598
131657	3694	0.10286598
131657	4367	0.10286597
131657	854	0.102865964
131657	968	0.102865964
131657	1902	0.102865964
131657	2382	0.102865964
131657	3427	0.102865964
131657	3434	0.102865964
131686	5886	0.12214897
131686	1340	0.12214896
131686	1393	0.12214896
131686	1415	0.12214896
131686	2121	0.12214896
131686	2713	0.12214896
131686	3452	0.12214896
131686	3971	0.12214896
131686	4076	0.12214896
131686	4323	0.12214896
131837	511	0.15372753
131837	1092	0.15372752
131837	4557	0.1537275
131837	5288	0.1537275
131837	6364	0.1537275
131837	6880	0.1537275
131837	617	0.15372749
131837	2643	0.15372749
131837	5998	0.15372749
131837	6593	0.15372749
131855	890	0.16476229
131855	1869	0.16476229
131855	2138	0.16476229
131855	3971	0.16476229
131855	4076	0.16476229
131855	5886	0.16476229
131855	6123	0.16476229
131855	6912	0.16476229
131855	41	0.16476227
131855	387	0.16476227
131974	1413	0.12070547
131974	3115	0.12070547
131974	3560	0.12070547
131974	3694	0.12070547
131974	4885	0.12070547
131974	854	0.12070546
131974	1902	0.12070546
131974	2360	0.12070546
131974	3427	0.12070546
131974	489	0.120705456
132007	2518	0.09122321
132007	1742	0.091223195
132007	1958	0.091223195
132007	4446	0.091223195
132007	6601	0.091223195
132007	3312	0.09122319
132007	4004	0.09122319
132007	4789	0.09122319
132007	6612	0.09122319
132007	30	0.09122318
132083	387	0.15268673
132083	2121	0.15268673
132083	3616	0.15268673
132083	5031	0.15268673
132083	41	0.15268672
132083	124	0.15268672
132083	266	0.15268672
132083	645	0.15268672
132083	890	0.15268672
132083	922	0.15268672
132171	4906	0.1165423
132171	5335	0.1165423
132171	248	0.116542295
132171	1567	0.116542295
132171	1816	0.116542295
132171	2207	0.116542295
132171	2653	0.116542295
132171	3361	0.116542295
132171	5295	0.116542295
132171	3356	0.11654229
132173	5404	0.094300464
132173	6479	0.094228506
132173	5499	0.093318164
132173	2359	0.09217416
132173	1965	0.09217415
132173	929	0.09217414
132173	4908	0.09217414
132173	859	0.092174135
132173	5565	0.092174135
132173	5931	0.092174135
132188	714	0.099565126
132188	231	0.098746106
132188	1022	0.09874609
132188	677	0.09874608
132188	6840	0.09874608
132188	668	0.098746076
132188	1619	0.098746076
132188	1723	0.098746076
132188	2950	0.098746076
132188	4000	0.098746076
132199	3059	0.10814557
132199	4076	0.10814557
132199	6123	0.10814557
132199	49	0.108145565
132199	387	0.108145565
132199	890	0.108145565
132199	997	0.108145565
132199	1146	0.108145565
132199	2138	0.108145565
132199	2356	0.108145565
132203	6123	0.11665292
132203	642	0.11665291
132203	890	0.11665291
132203	3971	0.11665291
132203	387	0.116652906
132203	597	0.116652906
132203	1146	0.116652906
132203	1194	0.116652906
132203	1869	0.116652906
132203	3616	0.116652906
132282	244	0.11848621
132282	6265	0.11848621
132282	582	0.118486196
132282	5437	0.11848619
132282	149	0.11848618
132282	632	0.11848618
132282	961	0.11848618
132282	2962	0.11848617
132282	3548	0.11848617
132282	4045	0.11848617
132290	5731	0.10747874
132290	4103	0.10747873
132290	6279	0.107478715
132290	2644	0.10747871
132290	3143	0.10747871
132290	3657	0.10747871
132290	4496	0.10747871
132290	4703	0.10747871
132290	6149	0.10747871
132290	6670	0.10747871
132375	425	0.12808155
132375	91	0.12808146
132375	3776	0.12808144
132375	4032	0.12808144
132375	5304	0.12808144
132375	1524	0.12808143
132375	4469	0.12808143
132375	5321	0.12808143
132375	5355	0.12808143
132375	5859	0.12808141
132382	2138	0.12403336
132382	5031	0.12403336
132382	5886	0.12403336
132382	6123	0.12403336
132382	890	0.124033354
132382	997	0.124033354
132382	1869	0.124033354
132382	3616	0.124033354
132382	3971	0.124033354
132382	4076	0.124033354
132392	111	0.10793717
132392	1793	0.107937165
132392	5695	0.107937165
132392	4692	0.10793716
132392	4729	0.10793716
132392	5890	0.10793716
132392	3198	0.10793715
132392	1075	0.10793714
132392	2099	0.10793714
132392	3303	0.10793714
132572	5886	0.117593564
132572	41	0.11759356
132572	215	0.11759356
132572	387	0.11759356
132572	922	0.11759356
132572	997	0.11759356
132572	1058	0.11759356
132572	1869	0.11759356
132572	3971	0.11759356
132572	775	0.11759355
132616	152	0.07830921
132616	869	0.07830921
132616	2169	0.07830921
132616	4233	0.07830921
132616	6747	0.07830921
132616	1892	0.0783092
132616	1937	0.0783092
132616	2723	0.0783092
132616	5194	0.0783092
132616	5230	0.0783092
132624	6265	0.11055505
132624	244	0.11055504
132624	149	0.11055502
132624	632	0.11055502
132624	4045	0.11055502
132624	4599	0.11055502
132624	582	0.110555016
132624	961	0.110555016
132624	3385	0.110555016
132624	2962	0.11055501
132663	3799	0.10949378
132663	4843	0.10949378
132663	467	0.10949375
132663	2821	0.10949375
132663	4471	0.10949375
132663	6244	0.10949375
132663	6689	0.10949375
132663	2501	0.10949374
132663	4338	0.10949374
132663	395	0.10949373
132684	3971	0.12850234
132684	4076	0.12850234
132684	5886	0.12850234
132684	890	0.12850232
132684	1403	0.12850232
132684	1869	0.12850232
132684	2138	0.12850232
132684	2806	0.12850232
132684	6123	0.12850232
132684	6507	0.12850232
132716	1869	0.10196386
132716	5031	0.10196385
132716	3616	0.10196384
132716	3971	0.10196384
132716	5886	0.10196384
132716	5896	0.10196384
132716	215	0.10196383
132716	775	0.10196383
132716	890	0.10196383
132716	1229	0.10196383
132786	890	0.11078073
132786	2138	0.11078073
132786	3971	0.11078073
132786	6123	0.11078073
132786	387	0.11078072
132786	1869	0.11078072
132786	5886	0.11078072
132786	24	0.110780716
132786	376	0.110780716
132786	404	0.110780716
132836	1567	0.10746537
132836	2653	0.10746537
132836	4906	0.10746537
132836	5086	0.107465364
132836	248	0.10746536
132836	2207	0.10746536
132836	4868	0.10746536
132836	6785	0.10746536
132836	711	0.10746535
132836	1349	0.10746535
132851	3971	0.15777121
132851	387	0.1577712
132851	579	0.1577712
132851	997	0.1577712
132851	1058	0.1577712
132851	1455	0.1577712
132851	1869	0.1577712
132851	2138	0.1577712
132851	3559	0.1577712
132851	3616	0.1577712
132901	3526	0.09876825
132901	4557	0.09876824
132901	245	0.098768234
132901	511	0.098768234
132901	1092	0.098768234
132901	1644	0.098768234
132901	2219	0.098768234
132901	2785	0.098768234
132901	3729	0.098768234
132901	4128	0.098768234
132909	687	0.13528553
132909	1199	0.13528553
132909	1227	0.1352855
132909	3401	0.1352855
132909	1041	0.13528548
132909	398	0.13512385
132909	1621	0.13512385
132909	2320	0.13512385
132909	3983	0.13512385
132909	4103	0.13512385
132930	387	0.15423134
132930	890	0.15423134
132930	1194	0.15423134
132930	1415	0.15423134
132930	1455	0.15423134
132930	2121	0.15423134
132930	2806	0.15423134
132930	4076	0.15423134
132930	5031	0.15423134
132930	5189	0.15423134
132981	1177	0.11231384
132981	6318	0.11231383
132981	1221	0.11231382
132981	3118	0.11231382
132981	3511	0.11231382
132981	3761	0.11231382
132981	6762	0.11231382
132981	4806	0.112313814
132981	6208	0.112313814
132981	1521	0.11231381
133041	6851	0.09409228
133041	4856	0.09409226
133041	2457	0.09409225
133041	4007	0.09409225
133041	4382	0.09409225
133041	482	0.09409224
133041	2988	0.09409224
133041	5315	0.09409224
133041	4986	0.094092235
133041	6749	0.094092235
133166	3241	0.104266346
133166	6469	0.10426633
133166	6266	0.10426632
133166	6410	0.10426632
133166	998	0.104266316
133166	2175	0.10426631
133166	2234	0.104266286
133166	3446	0.104266286
133166	3484	0.104266286
133166	5651	0.10426628
133192	631	0.15433535
133192	808	0.15433535
133192	1477	0.15433535
133192	5579	0.15433532
133192	965	0.1543353
133192	1485	0.1543353
133192	2505	0.15433529
133192	3268	0.15433529
133192	623	0.15433528
133192	3100	0.15433526
133225	5454	0.116244555
133225	3853	0.11624454
133225	3866	0.11624454
133225	6643	0.11624454
133225	6674	0.11624454
133225	3493	0.11624453
133225	4241	0.11624453
133225	4727	0.11624453
133225	5312	0.11624453
133225	533	0.116244525
133258	124	0.12584051
133258	387	0.12584051
133258	1146	0.12584051
133258	1403	0.12584051
133258	1869	0.12584051
133258	2364	0.12584051
133258	3559	0.12584051
133258	3616	0.12584051
133258	3971	0.12584051
133258	5518	0.12584051
133284	3560	0.13422799
133284	4796	0.13422799
133284	4885	0.13422799
133284	1080	0.13422798
133284	2360	0.13422798
133284	3510	0.13422798
133284	3694	0.13422798
133284	4163	0.13422798
133284	5785	0.13422798
133284	371	0.13422796
133296	4391	0.13481167
133296	6917	0.13481167
133296	3644	0.13443774
133296	3890	0.13443774
133296	4813	0.13443774
133296	4984	0.13443774
133296	6909	0.13443774
133296	80	0.13443772
133296	1997	0.13443772
133296	2647	0.13443772
133416	3971	0.12133333
133416	6123	0.12133333
133416	387	0.12133332
133416	890	0.12133332
133416	579	0.121333316
133416	1146	0.121333316
133416	1869	0.121333316
133416	2138	0.121333316
133416	5218	0.121333316
133416	5886	0.121333316
133418	997	0.09952693
133418	1869	0.09952693
133418	2138	0.09952693
133418	3616	0.09952693
133418	3971	0.09952693
133418	597	0.09952692
133418	1455	0.09952692
133418	2364	0.09952692
133418	5031	0.09952692
133418	5716	0.09952692
133557	5919	0.08058676
133557	6886	0.080586754
133557	2651	0.08058675
133557	4121	0.08058675
133557	4173	0.08058675
133557	4384	0.08058675
133557	6103	0.08058675
133557	6000	0.08058674
133557	6463	0.08058674
133557	4673	0.08039905
133571	3971	0.11865284
133571	5031	0.118652835
133571	6912	0.118652835
133571	890	0.11865283
133571	1869	0.11865283
133571	5716	0.11865283
133571	41	0.11865282
133571	387	0.11865282
133571	597	0.11865282
133571	810	0.11865282
133682	511	0.112818524
133682	1092	0.112818524
133682	3526	0.11281852
133682	4557	0.11281852
133682	6364	0.11281852
133682	2796	0.11281851
133682	5998	0.11281851
133682	6593	0.11281851
133682	245	0.1128185
133682	4141	0.1128185
133689	2444	0.11048419
133689	2122	0.10875806
133689	3008	0.10875803
133689	1440	0.10875801
133689	2161	0.10875797
133689	64	0.108070955
133689	4660	0.10807094
133689	2160	0.10807092
133689	5089	0.10807092
133689	5898	0.10807091
133706	124	0.097454935
133706	2121	0.097454935
133706	5031	0.097454935
133706	6912	0.097454935
133706	41	0.09745493
133706	890	0.09745493
133706	1146	0.09745493
133706	1869	0.09745493
133706	2138	0.09745493
133706	3616	0.09745493
133738	124	0.14163122
133738	387	0.14163122
133738	890	0.14163122
133738	986	0.14163122
133738	3971	0.14163122
133738	4076	0.14163122
133738	5886	0.14163122
133738	6123	0.14163122
133738	775	0.1416312
133738	997	0.1416312
133747	801	0.082092226
133747	1650	0.082092226
133747	6222	0.082092226
133747	1087	0.08209222
133747	1389	0.08209222
133747	2126	0.08209222
133747	3120	0.08209222
133747	4151	0.08209222
133747	6252	0.08209222
133747	99	0.08209221
133846	6265	0.07348682
133846	244	0.07348681
133846	4599	0.07348681
133846	582	0.073486805
133846	632	0.073486805
133846	961	0.073486805
133846	3385	0.073486805
133846	4045	0.073486805
133846	1442	0.0734868
133846	2962	0.0734868
133905	1869	0.100015275
133905	5031	0.100015275
133905	1415	0.10001527
133905	3452	0.10001527
133905	3616	0.10001527
133905	3971	0.10001527
133905	4076	0.10001527
133905	5886	0.10001527
133905	6912	0.10001527
133905	387	0.10001526
133935	3971	0.14688419
133935	124	0.14688417
133935	387	0.14688417
133935	1869	0.14688417
133935	2364	0.14688417
133935	3616	0.14688417
133935	3750	0.14688417
133935	5886	0.14688417
133935	6515	0.14688417
133935	41	0.14688416
133957	3971	0.11911358
133957	890	0.11911357
133957	2138	0.11911357
133957	6123	0.11911357
133957	49	0.119113564
133957	387	0.119113564
133957	922	0.119113564
133957	1856	0.119113564
133957	1869	0.119113564
133957	3616	0.119113564
134005	2045	0.10545644
134005	4460	0.10545644
134005	331	0.10545641
134005	1692	0.105456404
134005	2840	0.105456404
134005	1531	0.1054564
134005	2583	0.10545639
134005	686	0.10437301
134005	2145	0.10437301
134005	2916	0.10437301
134029	6116	0.102991104
134029	2492	0.10299109
134029	3844	0.10299109
134029	5378	0.10299108
134029	972	0.10299107
134029	4924	0.10299107
134029	6219	0.10299107
134029	6793	0.10299106
134029	5927	0.10299105
134029	1860	0.102991045
134118	1764	0.084888875
134118	2057	0.08488887
134118	130	0.08488886
134118	2090	0.08488886
134118	4057	0.08488886
134118	529	0.08488885
134118	1995	0.08488885
134118	2148	0.08488885
134118	6552	0.08488885
134118	175	0.084888846
134120	1869	0.12957394
134120	3971	0.12957394
134120	49	0.12957393
134120	890	0.12957393
134120	5031	0.12957393
134120	6123	0.12957393
134120	387	0.12957391
134120	514	0.12957391
134120	579	0.12957391
134120	645	0.12957391
134225	2492	0.102140374
134225	6116	0.10214037
134225	3844	0.10214035
134225	4924	0.10214035
134225	972	0.10214034
134225	6219	0.10214034
134225	6793	0.10214034
134225	1860	0.10214032
134225	5378	0.10214032
134225	5927	0.10214032
134247	5031	0.112765126
134247	890	0.11276512
134247	1146	0.11276512
134247	3971	0.11276512
134247	4323	0.11276512
134247	6912	0.11276512
134247	387	0.11276511
134247	914	0.11276511
134247	1856	0.11276511
134247	5716	0.11276511
134264	387	0.11215847
134264	1058	0.11215846
134264	4323	0.11215846
134264	890	0.112158455
134264	2121	0.112158455
134264	3559	0.112158455
134264	41	0.11215845
134264	124	0.11215845
134264	269	0.11215845
134264	478	0.11215845
134311	4323	0.12609147
134311	49	0.12609145
134311	215	0.12609145
134311	350	0.12609145
134311	387	0.12609145
134311	478	0.12609145
134311	645	0.12609145
134311	890	0.12609145
134311	1146	0.12609145
134311	1869	0.12609145
134347	890	0.13134518
134347	1869	0.13134518
134347	3616	0.13134518
134347	3971	0.13134518
134347	5031	0.13134518
134347	901	0.13134517
134347	1189	0.13134517
134347	5886	0.13134517
134347	6123	0.13134517
134347	24	0.13134515
134403	514	0.13476697
134403	579	0.13476697
134403	997	0.13476697
134403	1393	0.13476697
134403	1869	0.13476697
134403	2364	0.13476697
134403	2646	0.13476697
134403	3971	0.13476697
134403	5031	0.13476697
134403	6123	0.13476697
134434	4858	0.087932564
134434	3886	0.08793256
134434	3971	0.08501902
134434	1869	0.085019015
134434	775	0.08501901
134434	1229	0.08501901
134434	5031	0.08501901
134434	6912	0.08501901
134434	387	0.085019
134434	579	0.085019
134483	4740	0.09389988
134483	5914	0.093899876
134483	1024	0.09389986
134483	1672	0.09389986
134483	2503	0.09389986
134483	3677	0.09389986
134483	5534	0.09389986
134483	5599	0.09389986
134483	6396	0.09389986
134483	1155	0.09389985
134508	759	0.11799894
134508	1362	0.11799894
134508	4004	0.11799894
134508	6152	0.11799894
134508	6601	0.11799894
134508	2017	0.11799893
134508	2518	0.11799893
134508	2738	0.11799893
134508	3481	0.11799893
134508	3749	0.11799893
134556	4388	0.06461521
134556	4536	0.064615205
134556	1312	0.0646152
134556	2616	0.0646152
134556	1134	0.06461519
134556	2105	0.06461519
134556	2952	0.06461519
134556	4910	0.06461519
134556	5681	0.06461519
134556	5889	0.06461519
134630	1869	0.11161367
134630	387	0.11161366
134630	997	0.11161366
134630	1856	0.11161366
134630	2121	0.11161366
134630	3971	0.11161366
134630	6123	0.11161366
134630	6912	0.11161366
134630	890	0.11161365
134630	2364	0.11161365
134684	1087	0.09150973
134684	801	0.09150972
134684	4151	0.09150972
134684	5121	0.09150972
134684	6222	0.09150972
134684	349	0.091509715
134684	1389	0.091509715
134684	1650	0.091509715
134684	1674	0.091509715
134684	2126	0.091509715
134694	6818	0.0888554
134694	3857	0.08885539
134694	1177	0.0879408
134694	4806	0.08794079
134694	6530	0.08794079
134694	3263	0.08794078
134694	589	0.087940775
134694	591	0.087940775
134694	3253	0.087940775
134694	5944	0.087940775
134761	3971	0.10181913
134761	890	0.10181912
134761	1869	0.10181912
134761	2121	0.10181912
134761	2138	0.10181912
134761	5886	0.10181912
134761	41	0.10181911
134761	387	0.10181911
134761	901	0.10181911
134761	986	0.10181911
134784	231	0.12024354
134784	4176	0.12024354
134784	1619	0.120243534
134784	6216	0.120243534
134784	6840	0.120243534
134784	5197	0.12024353
134784	668	0.12024352
134784	2409	0.12024352
134784	4000	0.12024352
134784	5129	0.12024352
134797	2874	0.1233856
134797	1476	0.12338559
134797	3084	0.12338558
134797	6669	0.12338556
134797	1092	0.1218252
134797	511	0.121825196
134797	6364	0.12182518
134797	617	0.12182517
134797	2796	0.12182517
134797	3097	0.12182517
134837	1869	0.13493738
134837	3971	0.13493738
134837	5886	0.13493738
134837	6123	0.13493738
134837	49	0.13493736
134837	3616	0.13493736
134837	5031	0.13493736
134837	124	0.13493735
134837	387	0.13493735
134837	478	0.13493735
134863	2220	0.12354082
134863	3418	0.12354082
134863	3493	0.12354082
134863	4595	0.12354082
134863	6674	0.12354082
134863	533	0.12354081
134863	1806	0.12354081
134863	3866	0.12354081
134863	6643	0.12354081
134863	561	0.123540804
134900	967	0.095604315
134900	3749	0.09277286
134900	1958	0.09277284
134900	2184	0.09277284
134900	2518	0.09277284
134900	6152	0.09277284
134900	2017	0.092772834
134900	4991	0.092772834
134900	6796	0.092772834
134900	30	0.09277283
135043	1567	0.13064817
135043	4906	0.13064815
135043	248	0.13064814
135043	655	0.13064814
135043	711	0.13064814
135043	1349	0.13064814
135043	1816	0.13064814
135043	2207	0.13064814
135043	2249	0.13064814
135043	2653	0.13064814
135045	3187	0.13032109
135045	5121	0.13032109
135045	686	0.13032107
135045	1087	0.13032107
135045	1650	0.13032107
135045	4151	0.13032107
135045	4749	0.13032107
135045	5339	0.13032107
135045	5800	0.13032107
135045	99	0.13032106
135141	922	0.09628788
135141	1869	0.09628788
135141	3971	0.09628788
135141	6123	0.09628788
135141	41	0.09628787
135141	2138	0.09628787
135141	3059	0.09628787
135141	4076	0.09628787
135141	5031	0.09628787
135141	5886	0.09628787
135329	511	0.12254957
135329	5998	0.12254956
135329	6364	0.12254956
135329	4369	0.122549556
135329	4557	0.122549556
135329	6579	0.122549556
135329	6593	0.122549556
135329	617	0.12254955
135329	1092	0.12254955
135329	2779	0.12254955
135351	1221	0.10341844
135351	3118	0.10341844
135351	6318	0.10341844
135351	6530	0.10341844
135351	1177	0.10341843
135351	4806	0.10341843
135351	1233	0.103418425
135351	2116	0.103418425
135351	2737	0.103418425
135351	3263	0.103418425
135360	2121	0.13163055
135360	2515	0.13163055
135360	6123	0.13163055
135360	49	0.13163054
135360	233	0.13163054
135360	243	0.13163054
135360	376	0.13163054
135360	387	0.13163054
135360	514	0.13163054
135360	890	0.13163054
135367	1430	0.09651094
135367	679	0.093033075
135367	6417	0.09212755
135367	6893	0.09204662
135367	5249	0.089924894
135367	6418	0.08992489
135367	6608	0.08992489
135367	279	0.08992488
135367	3171	0.08992488
135367	1285	0.08992487
135376	5309	0.14807832
135376	5619	0.14807832
135376	848	0.14807831
135376	2768	0.1480783
135376	3403	0.1480783
135376	3902	0.1480783
135376	6653	0.1480783
135376	1267	0.14807828
135376	1646	0.14807826
135376	1678	0.14807826
135398	3445	0.0847397
135398	6333	0.084739685
135398	6428	0.084739685
135398	5835	0.08473968
135398	6869	0.08473968
135398	2276	0.08473967
135398	3583	0.08473967
135398	3808	0.08473967
135398	4495	0.08473966
135398	126	0.084739655
135411	471	0.11546305
135411	1285	0.11546305
135411	3937	0.11546305
135411	4065	0.11546305
135411	5821	0.11546305
135411	2675	0.11546304
135411	3018	0.11546304
135411	6418	0.11546304
135411	102	0.11546303
135411	1575	0.11546303
135458	3525	0.09150605
135458	5566	0.09150602
135458	6681	0.09150602
135458	6108	0.09150601
135458	6453	0.09150601
135458	153	0.091506004
135458	2006	0.091506004
135458	2686	0.091506004
135458	4328	0.091506004
135458	6865	0.091506004
135460	4813	0.100828685
135460	4984	0.100828685
135460	3644	0.10082868
135460	5106	0.10082868
135460	6909	0.10082868
135460	80	0.10082866
135460	1997	0.10082866
135460	2647	0.10082866
135460	3868	0.10082866
135460	5372	0.10082866
135609	6093	0.06735522
135609	6245	0.06735522
135609	3876	0.067355216
135609	5968	0.067355216
135609	2557	0.0673552
135609	4862	0.0673552
135609	1223	0.067355186
135609	1498	0.067355186
135609	3637	0.067355186
135609	6004	0.067355186
135653	5731	0.15209787
135653	493	0.15209785
135653	1621	0.15209785
135653	1848	0.15209785
135653	2014	0.15209785
135653	3657	0.15209785
135653	4103	0.15209785
135653	4496	0.15209785
135653	6279	0.15209785
135653	398	0.15209784
135665	1869	0.06290245
135665	2138	0.06290245
135665	3971	0.06290245
135665	6123	0.06290245
135665	387	0.06290244
135665	579	0.06290244
135665	860	0.06290244
135665	890	0.06290244
135665	901	0.06290244
135665	1229	0.06290244
135673	5059	0.09420586
135673	6559	0.09420586
135673	89	0.093271375
135673	1996	0.09225251
135673	6326	0.09225249
135673	848	0.092210695
135673	3403	0.09221069
135673	1267	0.09221068
135673	2768	0.09221068
135673	3601	0.09221068
135681	478	0.11634664
135681	1393	0.11634664
135681	1869	0.11634664
135681	4323	0.11634664
135681	5886	0.11634664
135681	6507	0.11634664
135681	6912	0.11634664
135681	775	0.116346635
135681	997	0.116346635
135681	1058	0.116346635
135703	4103	0.10384412
135703	5731	0.10384412
135703	1621	0.10384411
135703	2014	0.10384411
135703	3143	0.103844106
135703	5176	0.103844106
135703	6279	0.103844106
135703	1848	0.1038441
135703	2320	0.1038441
135703	4703	0.1038441
135736	6265	0.08742033
135736	244	0.08742032
135736	149	0.08742031
135736	632	0.08742031
135736	4045	0.08742031
135736	961	0.0874203
135736	2962	0.0874203
135736	3385	0.0874203
135736	3548	0.0874203
135736	4599	0.0874203
135753	425	0.117921285
135753	5355	0.11792122
135753	91	0.117921196
135753	1524	0.117921196
135753	3776	0.11792119
135753	4469	0.11792119
135753	5304	0.11792119
135753	5321	0.11792119
135753	5859	0.11792118
135753	1185	0.11792117
135768	215	0.12503383
135768	478	0.12503383
135768	1869	0.12503383
135768	3616	0.12503383
135768	3971	0.12503383
135768	5031	0.12503383
135768	5886	0.12503383
135768	6123	0.12503383
135768	49	0.12503381
135768	119	0.12503381
135776	2138	0.11972165
135776	3971	0.11972165
135776	5031	0.11972165
135776	5886	0.11972165
135776	5896	0.11972165
135776	6912	0.11972165
135776	1869	0.11972164
135776	3616	0.11972164
135776	24	0.119721636
135776	215	0.119721636
135799	1567	0.09755328
135799	2653	0.097553276
135799	4906	0.097553276
135799	5086	0.097553276
135799	248	0.09755327
135799	655	0.09755327
135799	711	0.09755327
135799	3360	0.09755327
135799	4154	0.09755327
135799	4206	0.09755327
135831	3971	0.09818395
135831	5886	0.09818395
135831	6123	0.09818395
135831	6507	0.09818395
135831	478	0.098183945
135831	514	0.098183945
135831	775	0.098183945
135831	829	0.098183945
135831	890	0.098183945
135831	1146	0.098183945
135869	1869	0.08682172
135869	49	0.086821705
135869	579	0.086821705
135869	890	0.086821705
135869	986	0.086821705
135869	997	0.086821705
135869	2121	0.086821705
135869	2138	0.086821705
135869	2356	0.086821705
135869	2364	0.086821705
135873	3971	0.10669451
135873	6123	0.10669451
135873	387	0.106694505
135873	478	0.106694505
135873	642	0.106694505
135873	1393	0.106694505
135873	1869	0.106694505
135873	2037	0.106694505
135873	2138	0.106694505
135873	2364	0.106694505
135895	511	0.116107315
135895	1092	0.1161073
135895	4318	0.1161073
135895	617	0.116107285
135895	3097	0.116107285
135895	3526	0.116107285
135895	5998	0.116107285
135895	6174	0.116107285
135895	6364	0.116107285
135895	6593	0.116107285
135965	967	0.088967286
135965	6796	0.08852998
135965	2518	0.088529974
135965	4446	0.088529974
135965	6152	0.088529974
135965	6789	0.088529974
135965	4004	0.08852997
135965	759	0.08852996
135965	1362	0.08852996
135965	2017	0.08852996
135996	2364	0.08579159
135996	3971	0.08579159
135996	6123	0.08579159
135996	387	0.08579158
135996	890	0.08579158
135996	1146	0.08579158
135996	1194	0.08579158
135996	1869	0.08579158
135996	2055	0.08579158
135996	4076	0.08579158
136010	5968	0.10748917
136010	6093	0.10748917
136010	3637	0.107489154
136010	3876	0.107489154
136010	4862	0.107489154
136010	6004	0.107489154
136010	6245	0.10748915
136010	1223	0.107489124
136010	1498	0.10748912
136010	2557	0.10748912
136011	3120	0.08966044
136011	3785	0.08966044
136011	686	0.089660436
136011	1087	0.089660436
136011	2916	0.089660436
136011	3219	0.089660436
136011	4151	0.089660436
136011	4342	0.089660436
136011	6222	0.089660436
136011	6236	0.089660436
136014	5886	0.10171058
136014	478	0.10171057
136014	890	0.10171057
136014	1146	0.10171057
136014	2364	0.10171057
136014	3616	0.10171057
136014	3971	0.10171057
136014	5031	0.10171057
136014	6123	0.10171057
136014	6912	0.10171057
136071	3971	0.1319203
136071	5886	0.1319203
136071	6123	0.1319203
136071	49	0.13192028
136071	269	0.13192028
136071	387	0.13192028
136071	478	0.13192028
136071	597	0.13192028
136071	628	0.13192028
136071	890	0.13192028
136104	425	0.0869433
136104	91	0.086943254
136104	5355	0.086943254
136104	5304	0.08694325
136104	1524	0.08694324
136104	3776	0.08694324
136104	5321	0.08694324
136104	4469	0.08694323
136104	1185	0.086943224
136104	4032	0.086943224
136136	5886	0.093017794
136136	24	0.09301779
136136	41	0.09301779
136136	215	0.09301779
136136	387	0.09301779
136136	890	0.09301779
136136	922	0.09301779
136136	997	0.09301779
136136	1869	0.09301779
136136	2138	0.09301779
136139	6799	0.13110843
136139	2580	0.13094318
136139	3024	0.13094316
136139	5244	0.13062426
136139	495	0.13062423
136139	3128	0.13062423
136139	4618	0.13062423
136139	5250	0.13062423
136139	6739	0.13062423
136139	1242	0.13062422
136193	890	0.109898046
136193	1869	0.109898046
136193	3971	0.109898046
136193	5031	0.109898046
136193	387	0.10989804
136193	579	0.10989804
136193	1393	0.10989804
136193	1888	0.10989804
136193	4323	0.10989804
136193	6123	0.10989804
136205	2496	0.08601861
136205	5914	0.08595939
136205	4431	0.085959375
136205	4738	0.085959375
136205	4740	0.085959375
136205	6312	0.085959375
136205	1024	0.08595937
136205	6396	0.08595937
136205	1672	0.08595936
136205	2257	0.08595936
136237	890	0.09127009
136237	986	0.09127009
136237	1869	0.09127009
136237	2364	0.09127009
136237	3616	0.09127009
136237	5031	0.09127009
136237	3305	0.09127008
136237	4076	0.09127008
136237	24	0.091270074
136237	41	0.091270074
136240	890	0.14163296
136240	2138	0.14163296
136240	3616	0.14163296
136240	3971	0.14163296
136240	5031	0.14163296
136240	6915	0.14163296
136240	24	0.14163294
136240	49	0.14163294
136240	387	0.14163294
136240	478	0.14163294
136252	808	0.0959705
136252	5579	0.0959705
136252	631	0.09597049
136252	1477	0.09597048
136252	3268	0.09597048
136252	1485	0.09597047
136252	2505	0.09597047
136252	623	0.09597046
136252	965	0.09597046
136252	3100	0.095970444
136255	5031	0.10938497
136255	1869	0.109384954
136255	3616	0.109384954
136255	5886	0.109384954
136255	124	0.10938495
136255	387	0.10938495
136255	2091	0.10938495
136255	3971	0.10938495
136255	215	0.10938494
136255	266	0.10938494
136291	325	0.099980906
136291	601	0.09869796
136291	1828	0.09869796
136291	4138	0.09869795
136291	5316	0.09869794
136291	1279	0.09869793
136291	2517	0.09869793
136291	3462	0.09869793
136291	6713	0.09869792
136291	2062	0.098697916
136313	1869	0.105597734
136313	3971	0.10559773
136313	124	0.10559772
136313	579	0.10559772
136313	775	0.10559772
136313	832	0.10559772
136313	997	0.10559772
136313	1146	0.10559772
136313	1229	0.10559772
136313	1393	0.10559772
136326	4717	0.12458737
136326	3732	0.12458736
136326	2916	0.123508416
136326	3120	0.123508416
136326	109	0.12350841
136326	686	0.12350841
136326	801	0.12350841
136326	1087	0.12350841
136326	1650	0.12350841
136326	2126	0.12350841
136348	6091	0.12499294
136348	6831	0.12469706
136348	6581	0.12469701
136348	1013	0.12381573
136348	2984	0.1238157
136348	946	0.123628676
136348	5128	0.123519845
136348	1238	0.12351983
136348	1570	0.12351983
136348	4320	0.12351982
136382	4249	0.09928908
136382	2885	0.09701451
136382	1517	0.096146144
136382	4486	0.096050166
136382	11	0.096050136
136382	5503	0.09605013
136382	5435	0.09605011
136382	2703	0.09585786
136382	1026	0.095857844
136382	5760	0.094517395
136396	642	0.09009552
136396	997	0.09009552
136396	1062	0.09009552
136396	1455	0.09009552
136396	1869	0.09009552
136396	2138	0.09009552
136396	2364	0.09009552
136396	3616	0.09009552
136396	3971	0.09009552
136396	5031	0.09009552
136465	3120	0.088259846
136465	3187	0.088259846
136465	3785	0.088259846
136465	4151	0.088259846
136465	5800	0.088259846
136465	2944	0.08825984
136465	4342	0.08825984
136465	6222	0.08825984
136465	400	0.08825983
136465	686	0.08825983
136491	890	0.09891321
136491	2121	0.09891321
136491	3971	0.09891321
136491	387	0.0989132
136491	41	0.09891319
136491	478	0.09891319
136491	538	0.09891319
136491	579	0.09891319
136491	922	0.09891319
136491	1058	0.09891319
136561	1869	0.10210528
136561	3971	0.10210528
136561	387	0.102105275
136561	3616	0.102105275
136561	5031	0.102105275
136561	6123	0.102105275
136561	901	0.10210527
136561	2138	0.10210527
136561	5685	0.10210527
136561	41	0.10210526
136735	1194	0.10735834
136735	5886	0.10735834
136735	3971	0.10735833
136735	4603	0.10735833
136735	6123	0.10735833
136735	6912	0.10735833
136735	387	0.10735832
136735	642	0.10735832
136735	890	0.10735832
136735	997	0.10735832
136747	1869	0.08734665
136747	215	0.08734664
136747	387	0.08734664
136747	890	0.08734664
136747	2037	0.08734664
136747	2121	0.08734664
136747	2138	0.08734664
136747	3452	0.08734664
136747	3971	0.08734664
136747	4076	0.08734664
136829	6674	0.10303254
136829	3418	0.10303253
136829	3830	0.10303253
136829	3853	0.10303253
136829	3866	0.10303253
136829	5454	0.10303253
136829	5688	0.10303253
136829	6643	0.10303253
136829	2220	0.10303252
136829	4595	0.10303252
136916	2138	0.10145958
136916	3971	0.10145958
136916	387	0.10145957
136916	124	0.10145956
136916	642	0.10145956
136916	890	0.10145956
136916	922	0.10145956
136916	1869	0.10145956
136916	2037	0.10145956
136916	2087	0.10145956
136943	5731	0.086670585
136943	4103	0.08667058
136943	1621	0.08667057
136943	3657	0.08667057
136943	2014	0.08667056
136943	2209	0.08667056
136943	2320	0.08667056
136943	3610	0.08667056
136943	3786	0.08667056
136943	5176	0.08667056
137118	890	0.14456943
137118	6123	0.14456943
137118	1856	0.14456941
137118	4076	0.14456941
137118	41	0.1445694
137118	235	0.1445694
137118	387	0.1445694
137118	478	0.1445694
137118	832	0.1445694
137118	997	0.1445694
137134	4076	0.09460016
137134	5031	0.09460016
137134	1869	0.094600156
137134	3616	0.094600156
137134	3971	0.094600156
137134	5886	0.094600156
137134	49	0.09460015
137134	890	0.09460015
137134	2121	0.09460015
137134	3164	0.09460015
137137	1869	0.12356654
137137	5031	0.12356653
137137	5886	0.12356653
137137	1856	0.12356652
137137	3616	0.12356652
137137	215	0.123566516
137137	2728	0.123566516
137137	3452	0.123566516
137137	3971	0.123566516
137137	4323	0.123566516
137143	231	0.09589876
137143	4176	0.09589876
137143	5197	0.095898755
137143	668	0.09589875
137143	1619	0.09589875
137143	1723	0.09589875
137143	3950	0.09589875
137143	4987	0.09589875
137143	5872	0.09589875
137143	6216	0.09589875
137190	425	0.08592337
137190	1524	0.085923314
137190	5304	0.085923314
137190	5355	0.085923314
137190	91	0.08592331
137190	3776	0.08592331
137190	4032	0.0859233
137190	4469	0.0859233
137190	1185	0.08592329
137190	5321	0.08592329
137211	3223	0.09742865
137211	1399	0.097428635
137211	4598	0.097428635
137211	717	0.09742862
137211	3425	0.09738729
137211	565	0.09738727
137211	5330	0.09738727
137211	4899	0.09738726
137211	5364	0.09738726
137211	6025	0.09738726
137222	4856	0.10743924
137222	6851	0.10743924
137222	5315	0.107439235
137222	482	0.10743923
137222	4007	0.10743923
137222	2457	0.10743922
137222	2685	0.10743922
137222	2988	0.10743922
137222	4382	0.10743922
137222	6749	0.107439205
137336	2419	0.14320232
137336	4472	0.1432023
137336	4938	0.1432023
137336	884	0.14320229
137336	903	0.14320229
137336	3606	0.14320229
137336	222	0.14320228
137336	247	0.14320228
137336	301	0.14320228
137336	360	0.14320228
137397	533	0.14485687
137397	3866	0.14485687
137397	4718	0.14485687
137397	6310	0.14485687
137397	6643	0.14485687
137397	6674	0.14485687
137397	3210	0.14485686
137397	3493	0.14485686
137397	3700	0.14485686
137397	3853	0.14485686
137434	1958	0.09553185
137434	2017	0.09553185
137434	2518	0.09553185
137434	3749	0.09553185
137434	5427	0.09553185
137434	6152	0.09553185
137434	759	0.09553184
137434	1362	0.09553184
137434	4446	0.09553184
137434	5463	0.09553184
137437	913	0.09591192
137437	4712	0.09591192
137437	3482	0.09591189
137437	765	0.09565286
137437	4867	0.09565285
137437	5646	0.09565283
137437	6458	0.09565283
137437	4103	0.09547167
137437	1848	0.09547166
137437	5731	0.09547166
137524	2479	0.082158
137524	1778	0.08215799
137524	4276	0.082157984
137524	5489	0.08215797
137524	73	0.082157955
137524	1443	0.082157955
137524	2577	0.082157955
137524	2891	0.082157955
137524	4071	0.08215794
137524	6846	0.082157925
137587	3321	0.107717544
137587	3991	0.107717544
137587	6435	0.107717544
137587	3982	0.10771753
137587	1218	0.10771752
137587	3447	0.10771752
137587	3469	0.107717514
137587	3971	0.107107826
137587	642	0.10710782
137587	890	0.10710782
137588	387	0.080675885
137588	1869	0.080675885
137588	3971	0.080675885
137588	5886	0.080675885
137588	997	0.08067588
137588	6123	0.08067588
137588	215	0.08067587
137588	478	0.08067587
137588	922	0.08067587
137588	1455	0.08067587
137589	387	0.1562036
137589	478	0.1562036
137589	922	0.1562036
137589	1393	0.1562036
137589	1552	0.1562036
137589	2138	0.1562036
137589	3452	0.1562036
137589	3971	0.1562036
137589	5031	0.1562036
137589	5381	0.1562036
137620	5919	0.11346147
137620	4173	0.11346146
137620	4121	0.11346144
137620	4384	0.11346144
137620	6886	0.11346144
137620	2651	0.113461435
137620	6103	0.113461435
137620	6000	0.11346142
137620	6463	0.11346142
137620	2419	0.113226354
137627	1869	0.10592824
137627	2138	0.10592824
137627	890	0.105928235
137627	6123	0.105928235
137627	215	0.10592823
137627	387	0.10592823
137627	538	0.10592823
137627	577	0.10592823
137627	579	0.10592823
137627	775	0.10592823
137684	690	0.1127523
137684	3974	0.11275227
137684	3560	0.1123074
137684	4796	0.11230739
137684	2360	0.112307385
137684	3427	0.112307385
137684	3510	0.112307385
137684	3694	0.112307385
137684	3939	0.112307385
137684	4948	0.112307385
137688	99	0.1423181
137688	686	0.1423181
137688	801	0.1423181
137688	1087	0.1423181
137688	1650	0.1423181
137688	2916	0.1423181
137688	3120	0.1423181
137688	4151	0.1423181
137688	4342	0.1423181
137688	4749	0.1423181
137742	1869	0.112888664
137742	3971	0.112888664
137742	3059	0.11288866
137742	5886	0.11288866
137742	41	0.11288865
137742	387	0.11288865
137742	579	0.11288865
137742	685	0.11288865
137742	775	0.11288865
137742	997	0.11288865
137803	1869	0.14124148
137803	41	0.14124146
137803	387	0.14124146
137803	2138	0.14124146
137803	3059	0.14124146
137803	3559	0.14124146
137803	3971	0.14124146
137803	4076	0.14124146
137803	5886	0.14124146
137803	49	0.14124145
137816	2940	0.12582958
137816	5069	0.12582955
137816	305	0.12582953
137816	5731	0.1255985
137816	1621	0.12559849
137816	1848	0.12559849
137816	2450	0.12559849
137816	4103	0.12559849
137816	396	0.12559848
137816	3143	0.12559848
137968	4076	0.12350572
137968	890	0.12350571
137968	387	0.123505704
137968	3452	0.123505704
137968	4323	0.123505704
137968	478	0.1235057
137968	1194	0.1235057
137968	1340	0.1235057
137968	1415	0.1235057
137968	1856	0.1235057
137986	1869	0.089969434
137986	3971	0.089969434
137986	41	0.08996943
137986	387	0.08996943
137986	832	0.08996943
137986	2138	0.08996943
137986	2806	0.08996943
137986	3059	0.08996943
137986	3559	0.08996943
137986	4076	0.08996943
138010	5055	0.1547927
138010	3893	0.15479268
138010	2027	0.15479265
138010	3013	0.15479264
138010	5086	0.15364172
138010	1567	0.1536417
138010	2653	0.1536417
138010	3039	0.1536417
138010	3289	0.1536417
138010	4154	0.1536417
138018	387	0.13374017
138018	41	0.13374016
138018	124	0.13374016
138018	478	0.13374016
138018	579	0.13374016
138018	775	0.13374016
138018	890	0.13374016
138018	922	0.13374016
138018	997	0.13374016
138018	1058	0.13374016
138045	890	0.10624525
138045	3971	0.10624525
138045	6123	0.10624525
138045	6912	0.10624525
138045	387	0.10624524
138045	4076	0.10624524
138045	124	0.106245235
138045	478	0.106245235
138045	579	0.106245235
138045	642	0.106245235
138073	2138	0.10300912
138073	3971	0.10300912
138073	1869	0.10300911
138073	6123	0.10300911
138073	6912	0.10300911
138073	579	0.103009105
138073	890	0.103009105
138073	997	0.103009105
138073	1189	0.103009105
138073	1229	0.103009105
138097	4856	0.09305559
138097	6851	0.09305559
138097	2457	0.09305558
138097	4382	0.09305558
138097	482	0.093055576
138097	2988	0.093055576
138097	5315	0.093055576
138097	2685	0.09305557
138097	4007	0.09305557
138097	1394	0.09305556
138100	890	0.11377485
138100	3971	0.11377485
138100	6912	0.11377485
138100	387	0.11377484
138100	1146	0.11377484
138100	2138	0.11377484
138100	5031	0.11377484
138100	6123	0.11377484
138100	478	0.113774836
138100	642	0.113774836
138124	856	0.07106885
138124	2282	0.07106884
138124	4407	0.07106884
138124	4409	0.07106884
138124	6090	0.07106884
138124	4658	0.07106883
138124	5179	0.07106882
138124	5247	0.07106882
138124	4176	0.06904444
138124	231	0.069044426
138138	5731	0.107674226
138138	4103	0.10767421
138138	1621	0.107674204
138138	2450	0.107674204
138138	3610	0.107674204
138138	4703	0.107674204
138138	398	0.1076742
138138	1280	0.1076742
138138	1848	0.1076742
138138	2014	0.1076742
138176	42	0.078855485
138176	427	0.07885548
138176	4218	0.07885546
138176	3494	0.078855455
138176	4968	0.078855455
138176	5066	0.078855455
138176	5608	0.078855455
138176	5668	0.078855455
138176	5759	0.078855455
138176	5793	0.078855455
138189	6130	0.10284637
138189	3425	0.10271342
138189	6025	0.10271339
138189	4899	0.102713384
138189	1918	0.10271338
138189	2581	0.10271338
138189	5330	0.10271338
138189	5364	0.10271338
138189	399	0.10271337
138189	2907	0.10271337
138193	6423	0.12287179
138193	2843	0.12287175
138193	1301	0.12287174
138193	1393	0.1228134
138193	6507	0.122813396
138193	478	0.12281339
138193	514	0.12281339
138193	1403	0.12281339
138193	1550	0.12281339
138193	1869	0.12281339
138198	244	0.08001903
138198	6265	0.08001903
138198	4045	0.08001902
138198	149	0.08001901
138198	3385	0.08001901
138198	3548	0.08001901
138198	4082	0.08001901
138198	5437	0.08001901
138198	582	0.080019005
138198	961	0.080019005
138202	890	0.16299418
138202	3971	0.16299418
138202	1094	0.16299416
138202	5031	0.16299416
138202	6123	0.16299416
138202	180	0.16299415
138202	387	0.16299415
138202	579	0.16299415
138202	597	0.16299415
138202	642	0.16299415
138239	1869	0.101569995
138239	3971	0.101569995
138239	890	0.10156999
138239	4323	0.10156999
138239	49	0.10156998
138239	124	0.10156998
138239	215	0.10156998
138239	273	0.10156998
138239	387	0.10156998
138239	579	0.10156998
138307	4103	0.09374143
138307	5731	0.09374143
138307	1621	0.09374142
138307	2014	0.09374142
138307	2209	0.09374142
138307	3657	0.09374142
138307	5465	0.09374142
138307	1388	0.09374141
138307	2320	0.09374141
138307	3143	0.09374141
138330	511	0.061847582
138330	6593	0.061847582
138330	617	0.061847575
138330	1092	0.061847575
138330	5288	0.061847575
138330	5998	0.06184757
138330	6364	0.06184757
138330	2785	0.061847568
138330	3097	0.061847568
138330	3526	0.061847568
138379	1869	0.12819237
138379	3616	0.12819237
138379	3971	0.12819237
138379	5031	0.12819237
138379	1146	0.12819235
138379	2138	0.12819235
138379	3965	0.12819235
138379	5886	0.12819235
138379	6123	0.12819235
138379	41	0.12819234
138382	869	0.10392732
138382	1892	0.10392732
138382	152	0.103927314
138382	1457	0.103927314
138382	1598	0.103927314
138382	1679	0.103927314
138382	1937	0.103927314
138382	2977	0.103927314
138382	4233	0.103927314
138382	6747	0.103927314
138425	2138	0.09874118
138425	387	0.098741174
138425	890	0.098741174
138425	3616	0.098741174
138425	3971	0.098741174
138425	4076	0.098741174
138425	5031	0.098741174
138425	5886	0.098741174
138425	6123	0.098741174
138425	1146	0.09874117
138441	3616	0.07830002
138441	5031	0.07830002
138441	1869	0.078300014
138441	645	0.07830001
138441	890	0.07830001
138441	901	0.07830001
138441	1455	0.07830001
138441	2138	0.07830001
138441	5886	0.07830001
138441	49	0.0783
138515	6152	0.12311947
138515	2017	0.123119466
138515	2518	0.123119466
138515	6601	0.123119466
138515	759	0.12311946
138515	1362	0.12311946
138515	4004	0.12311946
138515	4446	0.12311946
138515	4789	0.12311946
138515	6612	0.12311946
138529	3971	0.116314925
138529	124	0.11631492
138529	387	0.11631492
138529	842	0.11631492
138529	890	0.11631492
138529	1340	0.11631492
138529	1869	0.11631492
138529	4076	0.11631492
138529	5886	0.11631492
138529	6123	0.11631492
138543	884	0.12394695
138543	2419	0.12394695
138543	3837	0.12394695
138543	4080	0.12394695
138543	4673	0.12394695
138543	5041	0.12394695
138543	5487	0.12394695
138543	5787	0.12394695
138543	6179	0.12394695
138543	3230	0.12394694
138578	244	0.14393818
138578	6265	0.14393818
138578	149	0.14393815
138578	582	0.14393815
138578	961	0.14393815
138578	3385	0.14393815
138578	4045	0.14393815
138578	4599	0.14393815
138578	632	0.14393814
138578	2962	0.14393814
138602	152	0.18436632
138602	1892	0.1843663
138602	1457	0.18436629
138602	1598	0.18436629
138602	1679	0.18436629
138602	1937	0.18436629
138602	6747	0.18436629
138602	869	0.18436627
138602	4233	0.18436627
138602	4451	0.18436627
138647	1621	0.1368628
138647	5731	0.1368628
138647	1258	0.13686278
138647	1848	0.13686278
138647	2209	0.13686278
138647	3143	0.13686278
138647	3798	0.13686278
138647	4103	0.13686278
138647	4703	0.13686278
138647	5473	0.13686278
138674	387	0.1084187
138674	1869	0.1084187
138674	3971	0.108418696
138674	5886	0.108418696
138674	6123	0.108418696
138674	579	0.10841869
138674	645	0.10841869
138674	1888	0.10841869
138674	2121	0.10841869
138674	3616	0.10841869
138777	852	0.12958232
138777	2313	0.1295823
138777	4254	0.1295823
138777	4892	0.12958229
138777	5907	0.12958229
138777	6772	0.12958229
138777	3856	0.12958227
138777	3993	0.12958227
138777	2036	0.12958226
138777	2448	0.12958226
138813	1869	0.13453853
138813	3559	0.13453853
138813	3616	0.13453853
138813	5886	0.13453853
138813	41	0.13453852
138813	124	0.13453852
138813	997	0.13453852
138813	1058	0.13453852
138813	1856	0.13453852
138813	2138	0.13453852
138826	6833	0.091810435
138826	1953	0.09181042
138826	3335	0.09181041
138826	1222	0.09181039
138826	711	0.09163206
138826	1567	0.09163206
138826	5869	0.09163206
138826	2653	0.09163205
138826	4493	0.09163205
138826	4903	0.09163205
138844	5454	0.12387986
138844	3853	0.12387985
138844	3866	0.12387985
138844	4595	0.12387985
138844	4727	0.12387985
138844	5115	0.12387985
138844	5312	0.12387985
138844	533	0.12387984
138844	3418	0.12387984
138844	3493	0.12387984
138849	3971	0.084242165
138849	1869	0.08424216
138849	5031	0.08424216
138849	387	0.08424215
138849	842	0.08424215
138849	860	0.08424215
138849	1146	0.08424215
138849	1340	0.08424215
138849	2138	0.08424215
138849	3616	0.08424215
138867	5031	0.122917145
138867	1146	0.12291714
138867	3971	0.12291714
138867	387	0.12291713
138867	890	0.12291713
138867	1869	0.12291713
138867	3616	0.12291713
138867	3965	0.12291713
138867	4076	0.12291713
138867	5886	0.12291713
138906	231	0.12932754
138906	4176	0.12932754
138906	5197	0.12932752
138906	677	0.1293275
138906	1595	0.1293275
138906	1619	0.1293275
138906	1723	0.1293275
138906	4000	0.1293275
138906	6216	0.1293275
138906	6840	0.1293275
138954	2364	0.07191956
138954	387	0.07191955
138954	2356	0.07191955
138954	3971	0.07191955
138954	4076	0.07191955
138954	24	0.071919546
138954	41	0.071919546
138954	49	0.071919546
138954	124	0.071919546
138954	579	0.071919546
138955	3971	0.06905321
138955	387	0.0690532
138955	478	0.0690532
138955	645	0.0690532
138955	890	0.0690532
138955	1146	0.0690532
138955	1194	0.0690532
138955	1869	0.0690532
138955	3452	0.0690532
138955	4076	0.0690532
138995	1621	0.16517273
138995	1848	0.16517273
138995	2209	0.16517273
138995	3786	0.16517273
138995	4103	0.16517273
138995	5731	0.16517271
138995	396	0.1651727
138995	398	0.1651727
138995	605	0.1651727
138995	892	0.1651727
139070	5886	0.10348064
139070	1856	0.10348063
139070	1869	0.10348063
139070	387	0.10348062
139070	890	0.10348062
139070	1058	0.10348062
139070	2138	0.10348062
139070	2728	0.10348062
139070	3616	0.10348062
139070	3971	0.10348062
139126	2539	0.09076366
139126	90	0.09061414
139126	2002	0.09061413
139126	5096	0.09061413
139126	3738	0.090614125
139126	5492	0.09061412
139126	6431	0.09061412
139126	6556	0.09061412
139126	3096	0.09061411
139126	5714	0.09061411
139141	4764	0.13917612
139141	130	0.1391761
139141	947	0.1391761
139141	1139	0.1391761
139141	1374	0.1391761
139141	1764	0.1391761
139141	2029	0.1391761
139141	2603	0.1391761
139141	2929	0.1391761
139141	3054	0.1391761
139206	5731	0.11190133
139206	6465	0.11190131
139206	1621	0.111901306
139206	4703	0.111901306
139206	6279	0.111901306
139206	398	0.1119013
139206	493	0.1119013
139206	1258	0.1119013
139206	3143	0.1119013
139206	3610	0.1119013
139243	387	0.13241875
139243	3971	0.13241875
139243	5716	0.13241875
139243	2121	0.13241874
139243	4076	0.13241874
139243	5886	0.13241874
139243	6123	0.13241874
139243	24	0.13241872
139243	41	0.13241872
139243	119	0.13241872
139287	152	0.085715786
139287	869	0.08571578
139287	1679	0.08571578
139287	1892	0.08571578
139287	1937	0.08571578
139287	1457	0.08571577
139287	1598	0.08571577
139287	4233	0.08571577
139287	5286	0.08571577
139287	975	0.08571576
139359	5886	0.10685839
139359	49	0.10685838
139359	478	0.10685838
139359	3971	0.10685838
139359	4323	0.10685838
139359	5031	0.10685838
139359	6123	0.10685838
139359	6912	0.10685838
139359	24	0.10685837
139359	387	0.10685837
139376	6630	0.09573207
139376	6592	0.095732056
139376	6690	0.09573205
139376	3045	0.09573204
139376	6591	0.09573204
139376	3002	0.09573203
139376	3628	0.09573203
139376	3695	0.09573203
139376	3938	0.09573203
139376	5607	0.09573203
139387	1157	0.09038474
139387	5771	0.09038472
139387	45	0.09038471
139387	4176	0.08986395
139387	231	0.089863926
139387	668	0.089863926
139387	1022	0.089863926
139387	5130	0.089863926
139387	5197	0.089863926
139387	6216	0.089863926
139421	4960	0.081016
139421	1256	0.08101599
139421	2382	0.08101599
139421	3560	0.08101599
139421	3694	0.08101599
139421	5785	0.08101599
139421	1413	0.08101598
139421	1902	0.08101598
139421	2774	0.08101598
139421	3510	0.08101598
139462	2701	0.15474713
139462	6032	0.15474713
139462	4756	0.15474711
139462	3380	0.1547471
139462	3408	0.1547471
139462	3563	0.1547471
139462	3654	0.1547471
139462	3815	0.1547471
139462	6284	0.1547471
139462	6745	0.1547471
139467	3971	0.16910118
139467	124	0.16910115
139467	387	0.16910115
139467	922	0.16910115
139467	1455	0.16910115
139467	1869	0.16910115
139467	2138	0.16910115
139467	2364	0.16910115
139467	3616	0.16910115
139467	3965	0.16910115
139548	2138	0.08658329
139548	6123	0.08658329
139548	3971	0.08658328
139548	5886	0.08658328
139548	5896	0.08658328
139548	6912	0.08658328
139548	215	0.08658327
139548	387	0.08658327
139548	404	0.08658327
139548	478	0.08658327
139575	1869	0.0953905
139575	3971	0.0953905
139575	5886	0.09539049
139575	124	0.095390484
139575	387	0.095390484
139575	579	0.095390484
139575	890	0.095390484
139575	1058	0.095390484
139575	2138	0.095390484
139575	3965	0.095390484
139586	1650	0.13158321
139586	2145	0.13158321
139586	3120	0.13158321
139586	3219	0.13158321
139586	1087	0.1315832
139586	2916	0.1315832
139586	4342	0.1315832
139586	6222	0.1315832
139586	99	0.13158318
139586	349	0.13158318
139607	1869	0.10745591
139607	3971	0.10745591
139607	5218	0.10745591
139607	6123	0.10745591
139607	2138	0.1074559
139607	4076	0.1074559
139607	4323	0.1074559
139607	5886	0.1074559
139607	6507	0.1074559
139607	180	0.107455894
139706	4243	0.07355063
139706	5417	0.07355061
139706	1467	0.07355059
139706	244	0.07328287
139706	582	0.07328285
139706	6265	0.07328285
139706	961	0.073282845
139706	2962	0.073282845
139706	4599	0.073282845
139706	149	0.07328284
139742	6396	0.08770011
139742	4738	0.087700106
139742	4740	0.087700106
139742	1024	0.0877001
139742	3677	0.0877001
139742	4444	0.0877001
139742	5599	0.0877001
139742	6312	0.0877001
139742	1672	0.08770009
139742	2503	0.08770009
139827	5886	0.1428706
139827	6912	0.1428706
139827	775	0.14287059
139827	890	0.14287059
139827	1062	0.14287059
139827	3971	0.14287059
139827	5716	0.14287059
139827	6123	0.14287059
139827	41	0.14287058
139827	124	0.14287058
139828	3991	0.10134336
139828	6435	0.10134336
139828	1218	0.10134335
139828	3321	0.10134334
139828	3447	0.10134334
139828	3982	0.10134333
139828	3469	0.10134332
139828	1366	0.10121005
139828	878	0.10121003
139828	400	0.10094677
139913	1869	0.13002208
139913	890	0.13002206
139913	2121	0.13002206
139913	2728	0.13002206
139913	3897	0.13002206
139913	5886	0.13002206
139913	41	0.13002205
139913	215	0.13002205
139913	216	0.13002205
139913	266	0.13002205
139934	1340	0.11413357
139934	2138	0.11413357
139934	3971	0.11413357
139934	1869	0.11413355
139934	2364	0.11413355
139934	5886	0.11413355
139934	3559	0.114133544
139934	3616	0.114133544
139934	4076	0.114133544
139934	5399	0.114133544
140000	455	0.17252141
140000	6351	0.17252141
140000	4412	0.17252138
140000	4894	0.17252138
140000	5836	0.17252135
140000	311	0.17252132
140000	2043	0.1709899
140000	3584	0.17098987
140000	5173	0.17098987
140000	6171	0.17098987
140005	5968	0.10149713
140005	6093	0.10149713
140005	3637	0.10149712
140005	4862	0.10149711
140005	6245	0.10149711
140005	2557	0.1014971
140005	3876	0.1014971
140005	6004	0.10149709
140005	1223	0.101497084
140005	1498	0.10149707
140036	231	0.09553233
140036	1619	0.09553233
140036	668	0.09553232
140036	4176	0.09553232
140036	6216	0.09553232
140036	6840	0.09553232
140036	677	0.09553231
140036	1022	0.09553231
140036	1595	0.09553231
140036	2402	0.09553231
140069	1679	0.11583084
140069	4233	0.11583083
140069	152	0.115830824
140069	1457	0.115830824
140069	1598	0.115830824
140069	1892	0.115830824
140069	1937	0.115830824
140069	4451	0.11583082
140069	6015	0.11583082
140069	869	0.11583081
140080	62	0.09611121
140080	6258	0.09611119
140080	5914	0.0955572
140080	2503	0.09555718
140080	4431	0.09555718
140080	6312	0.09555718
140080	3677	0.095557176
140080	4740	0.095557176
140080	6396	0.095557176
140080	1024	0.09555717
140087	2138	0.12749758
140087	2364	0.12749758
140087	3971	0.12749758
140087	24	0.12749757
140087	1869	0.12749757
140087	4076	0.12749757
140087	5031	0.12749757
140087	6123	0.12749757
140087	6912	0.12749757
140087	6915	0.12749757
140167	3971	0.11350411
140167	4076	0.1135041
140167	5886	0.1135041
140167	1869	0.11350409
140167	2138	0.11350409
140167	2364	0.11350409
140167	3897	0.11350409
140167	6123	0.11350409
140167	6507	0.11350409
140167	49	0.11350408
140196	3971	0.10714038
140196	5886	0.10714038
140196	6912	0.10714038
140196	478	0.10714037
140196	775	0.10714037
140196	4076	0.10714037
140196	842	0.10714036
140196	890	0.10714036
140196	997	0.10714036
140196	1062	0.10714036
140223	1869	0.11304404
140223	49	0.11304402
140223	387	0.11304402
140223	890	0.11304402
140223	1856	0.11304402
140223	2055	0.11304402
140223	2121	0.11304402
140223	2364	0.11304402
140223	3059	0.11304402
140223	3305	0.11304402
140255	3971	0.13766298
140255	5886	0.13766296
140255	49	0.13766295
140255	387	0.13766295
140255	742	0.13766295
140255	810	0.13766295
140255	890	0.13766295
140255	922	0.13766295
140255	1146	0.13766295
140255	1869	0.13766295
140294	890	0.08508217
140294	1146	0.08508217
140294	2138	0.08508217
140294	3971	0.08508217
140294	4076	0.085082166
140294	5716	0.085082166
140294	6123	0.085082166
140294	41	0.08508216
140294	387	0.08508216
140294	478	0.08508216
140340	3971	0.101139516
140340	5886	0.101139516
140340	387	0.10113951
140340	1550	0.10113951
140340	2364	0.10113951
140340	4076	0.10113951
140340	6507	0.10113951
140340	6912	0.10113951
140340	41	0.1011395
140340	49	0.1011395
140410	5031	0.09494389
140410	1415	0.09494388
140410	3616	0.09494387
140410	5916	0.09494387
140410	387	0.094943866
140410	478	0.094943866
140410	890	0.094943866
140410	1340	0.094943866
140410	1455	0.094943866
140410	1552	0.094943866
140451	1146	0.118913986
140451	2121	0.118913986
140451	5031	0.118913986
140451	387	0.11891398
140451	514	0.11891398
140451	890	0.11891398
140451	1062	0.11891398
140451	1415	0.11891398
140451	1455	0.11891398
140451	1869	0.11891398
140555	56	0.12108767
140555	4103	0.12064253
140555	1621	0.12064251
140555	5731	0.12064251
140555	2209	0.120642506
140555	1388	0.1206425
140555	2320	0.1206425
140555	4703	0.1206425
140555	5176	0.1206425
140555	6279	0.1206425
140662	478	0.10462773
140662	1869	0.10462773
140662	3971	0.10462773
140662	4076	0.10462773
140662	5886	0.10462773
140662	6123	0.10462773
140662	49	0.10462772
140662	387	0.10462772
140662	922	0.10462772
140662	3616	0.10462772
140763	4806	0.082276054
140763	6762	0.082276054
140763	1177	0.08227605
140763	1221	0.08227605
140763	3761	0.08227605
140763	4299	0.08227605
140763	4324	0.08227605
140763	6208	0.08227605
140763	6318	0.08227605
140763	6530	0.08227605
140863	1869	0.09726283
140863	387	0.097262815
140863	2138	0.097262815
140863	3616	0.097262815
140863	3971	0.097262815
140863	5886	0.097262815
140863	6123	0.097262815
140863	579	0.09726281
140863	997	0.09726281
140863	1340	0.09726281
140879	387	0.129006
140879	890	0.129006
140879	3971	0.129006
140879	1869	0.12900598
140879	4076	0.12900598
140879	5886	0.12900598
140879	6123	0.12900598
140879	124	0.12900597
140879	320	0.12900597
140879	478	0.12900597
141010	890	0.14483416
141010	2138	0.14483416
141010	3971	0.14483416
141010	6123	0.14483416
141010	387	0.14483415
141010	997	0.14483415
141010	1856	0.14483415
141010	1869	0.14483415
141010	5031	0.14483415
141010	5218	0.14483415
141047	3971	0.10546141
141047	1869	0.1054614
141047	2138	0.1054614
141047	5886	0.1054614
141047	387	0.10546139
141047	4076	0.10546139
141047	6123	0.10546139
141047	124	0.10546138
141047	775	0.10546138
141047	890	0.10546138
141065	3018	0.11437343
141065	3937	0.11437343
141065	102	0.114373416
141065	471	0.114373416
141065	2428	0.114373416
141065	2675	0.114373416
141065	3491	0.114373416
141065	4065	0.114373416
141065	5310	0.114373416
141065	6418	0.114373416
141070	3971	0.10052586
141070	478	0.100525856
141070	1415	0.100525856
141070	1869	0.100525856
141070	4076	0.100525856
141070	6123	0.100525856
141070	6912	0.100525856
141070	890	0.10052585
141070	1194	0.10052585
141070	2364	0.10052585
141089	4004	0.13286316
141089	4446	0.13286315
141089	759	0.13286313
141089	1344	0.13286313
141089	2017	0.13286313
141089	2128	0.13286313
141089	2184	0.13286313
141089	2518	0.13286313
141089	5058	0.13286313
141089	6601	0.13286313
141109	2138	0.11963378
141109	3971	0.11963378
141109	4076	0.119633764
141109	6123	0.119633764
141109	6915	0.119633764
141109	890	0.11963376
141109	1455	0.11963376
141109	1869	0.11963376
141109	2364	0.11963376
141109	3559	0.11963376
141127	5731	0.08512911
141127	4103	0.085129105
141127	2014	0.0851291
141127	1388	0.08512909
141127	3610	0.08512909
141127	3786	0.08512909
141127	605	0.08512908
141127	920	0.08512908
141127	1280	0.08512908
141127	1408	0.08512908
141201	6840	0.0697272
141201	231	0.06972718
141201	1022	0.06972718
141201	4176	0.06972718
141201	5197	0.06972718
141201	6216	0.06972718
141201	668	0.069727175
141201	677	0.069727175
141201	1619	0.069727175
141201	2409	0.069727175
141210	425	0.11585277
141210	1524	0.11585271
141210	5304	0.11585271
141210	91	0.1158527
141210	4469	0.1158527
141210	3776	0.11585269
141210	5355	0.11585269
141210	1185	0.11585267
141210	4032	0.11585267
141210	5321	0.11585267
141309	3971	0.093181476
141309	1869	0.09318147
141309	387	0.09318146
141309	890	0.09318146
141309	997	0.09318146
141309	1856	0.09318146
141309	2364	0.09318146
141309	3616	0.09318146
141309	5031	0.09318146
141309	5716	0.09318146
141310	997	0.12280822
141310	6123	0.12280822
141310	6912	0.12280822
141310	1393	0.12280821
141310	5886	0.12280821
141310	41	0.1228082
141310	1869	0.1228082
141310	2138	0.1228082
141310	3971	0.1228082
141310	5031	0.1228082
141444	3449	0.1661188
141444	6094	0.1661188
141444	4741	0.16611877
141444	6409	0.16611877
141444	3560	0.16544849
141444	4885	0.16544849
141444	6555	0.16544847
141444	489	0.16544846
141444	729	0.16544846
141444	854	0.16544846
141491	387	0.12147301
141491	2121	0.121473
141491	890	0.12147299
141491	2728	0.12147299
141491	3971	0.12147299
141491	124	0.121472985
141491	478	0.121472985
141491	986	0.121472985
141491	1146	0.121472985
141491	1393	0.121472985
141493	5309	0.1672245
141493	5619	0.1672245
141493	848	0.16722447
141493	3403	0.16722447
141493	3601	0.16722447
141493	3797	0.16722447
141493	3902	0.16722447
141493	3970	0.16722447
141493	5165	0.16722447
141493	5642	0.16722447
141511	1869	0.102287695
141511	997	0.10228768
141511	1856	0.10228768
141511	3059	0.10228768
141511	3452	0.10228768
141511	3897	0.10228768
141511	4323	0.10228768
141511	5031	0.10228768
141511	5886	0.10228768
141511	6123	0.10228768
141600	3866	0.09347929
141600	2220	0.09347928
141600	4727	0.09347928
141600	6768	0.09347928
141600	533	0.093479276
141600	1070	0.093479276
141600	3418	0.093479276
141600	3830	0.093479276
141600	3853	0.093479276
141600	4049	0.093479276
141704	4885	0.09128908
141704	3560	0.09128907
141704	854	0.091289066
141704	1080	0.091289066
141704	1902	0.091289066
141704	3427	0.091289066
141704	3694	0.091289066
141704	6555	0.091289066
141704	489	0.09128906
141704	729	0.09128906
141710	387	0.16833197
141710	41	0.16833195
141710	49	0.16833195
141710	124	0.16833195
141710	215	0.16833195
141710	478	0.16833195
141710	579	0.16833195
141710	775	0.16833195
141710	865	0.16833195
141710	922	0.16833195
141719	4151	0.113015644
141719	400	0.11301563
141719	1389	0.11301563
141719	1650	0.11301563
141719	5019	0.11301563
141719	6222	0.11301563
141719	109	0.11301562
141719	686	0.11301562
141719	1087	0.11301562
141719	1613	0.11301562
141805	2138	0.12102565
141805	1869	0.121025644
141805	3971	0.121025644
141805	579	0.12102564
141805	775	0.12102564
141805	890	0.12102564
141805	2364	0.12102564
141805	3616	0.12102564
141805	4076	0.12102564
141805	5886	0.12102564
141819	2419	0.1403695
141819	247	0.14036949
141819	4938	0.14036949
141819	762	0.14036947
141819	884	0.14036947
141819	1648	0.14036947
141819	2783	0.14036947
141819	3230	0.14036947
141819	3443	0.14036947
141819	3606	0.14036947
141871	3425	0.09479288
141871	565	0.09479286
141871	1918	0.09479286
141871	4899	0.09479286
141871	5330	0.09479286
141871	5364	0.09479286
141871	6025	0.09479286
141871	2581	0.09479285
141871	399	0.09479284
141871	3791	0.094792835
141888	4176	0.078508236
141888	4068	0.07850823
141888	5197	0.07850823
141888	231	0.07850821
141888	668	0.07850821
141888	677	0.07850821
141888	1022	0.07850821
141888	1034	0.07850821
141888	1723	0.07850821
141888	2980	0.07850821
141901	387	0.1621181
141901	890	0.1621181
141901	1856	0.1621181
141901	2121	0.1621181
141901	5031	0.1621181
141901	41	0.16211809
141901	266	0.16211809
141901	442	0.16211809
141901	645	0.16211809
141901	832	0.16211809
141902	41	0.12871927
141902	832	0.12871927
141902	890	0.12871927
141902	1856	0.12871927
141902	1862	0.12871927
141902	1869	0.12871927
141902	1990	0.12871927
141902	3971	0.12871927
141902	5031	0.12871927
141902	5218	0.12871927
141958	3112	0.12782645
141958	3700	0.12782645
141958	5115	0.12782645
141958	5454	0.12782645
141958	6109	0.12782645
141958	6674	0.12782645
141958	6768	0.12782645
141958	533	0.12782644
141958	1806	0.12782644
141958	3210	0.12782644
142005	3112	0.10841864
142005	3700	0.10841864
142005	3866	0.10841864
142005	5454	0.10841864
142005	5729	0.10841864
142005	6109	0.10841864
142005	6643	0.10841864
142005	6674	0.10841864
142005	624	0.108418636
142005	2569	0.108418636
142017	511	0.12813604
142017	1092	0.12813602
142017	617	0.12813601
142017	3097	0.12813601
142017	3526	0.12813601
142017	4318	0.12813601
142017	4557	0.12813601
142017	4905	0.12813601
142017	5288	0.12813601
142017	5998	0.12813601
142062	3616	0.14175569
142062	387	0.14175567
142062	890	0.14175567
142062	901	0.14175567
142062	986	0.14175567
142062	1340	0.14175567
142062	1403	0.14175567
142062	1869	0.14175567
142062	2121	0.14175567
142062	2138	0.14175567
142121	3853	0.081785545
142121	4241	0.08178554
142121	2220	0.08178553
142121	2541	0.08178553
142121	2569	0.08178553
142121	3493	0.08178553
142121	3778	0.08178553
142121	3830	0.08178553
142121	3866	0.08178553
142121	4727	0.08178553
142134	2138	0.12965612
142134	3559	0.12965612
142134	3971	0.12965612
142134	5886	0.12965612
142134	49	0.1296561
142134	124	0.1296561
142134	387	0.1296561
142134	579	0.1296561
142134	597	0.1296561
142134	645	0.1296561
142143	3866	0.11331138
142143	3418	0.113311365
142143	3795	0.113311365
142143	3853	0.113311365
142143	5454	0.113311365
142143	6674	0.113311365
142143	2363	0.11331136
142143	2569	0.11331136
142143	3493	0.11331136
142143	4241	0.11331136
142212	1146	0.10913488
142212	3971	0.109134875
142212	5031	0.109134875
142212	24	0.10913487
142212	49	0.10913487
142212	387	0.10913487
142212	478	0.10913487
142212	645	0.10913487
142212	890	0.10913487
142212	922	0.10913487
142253	690	0.10213724
142253	3974	0.10213724
142253	425	0.10189247
142253	91	0.10189243
142253	4032	0.10189243
142253	5304	0.10189243
142253	4469	0.10189242
142253	1185	0.10189241
142253	1524	0.10189241
142253	3776	0.10189241
142256	1424	0.13616726
142256	4002	0.13616726
142256	4728	0.13616726
142256	2689	0.13616724
142256	307	0.13616723
142256	761	0.13616723
142256	1436	0.13616723
142256	2507	0.13616723
142256	2535	0.13616723
142256	4441	0.13616723
142398	4906	0.08335336
142398	1567	0.083353356
142398	2653	0.083353356
142398	4868	0.083353356
142398	5086	0.083353356
142398	4903	0.08335335
142398	5295	0.08335335
142398	5422	0.08335335
142398	5715	0.08335335
142398	6785	0.08335335
142442	827	0.13717684
142442	3468	0.13717684
142442	3646	0.13717683
142442	508	0.13717681
142442	596	0.13717681
142442	4771	0.13717681
142442	518	0.13717678
142442	1685	0.13717678
142442	1650	0.1322969
142442	4151	0.1322969
142479	5737	0.092984155
142479	2526	0.09298411
142479	1540	0.09239667
142479	286	0.0923616
142479	1697	0.0923616
142479	3473	0.0923616
142479	5284	0.0923616
142479	6705	0.0923616
142479	3417	0.09236159
142479	6742	0.092361584
142565	4460	0.0837322
142565	2045	0.08373217
142565	331	0.08373216
142565	1692	0.08373216
142565	2840	0.08373216
142565	1531	0.08373214
142565	2583	0.08373214
142565	2728	0.08353598
142565	5709	0.08353598
142565	41	0.08353597
142579	5886	0.1316468
142579	49	0.13164678
142579	387	0.13164678
142579	478	0.13164678
142579	645	0.13164678
142579	890	0.13164678
142579	922	0.13164678
142579	1146	0.13164678
142579	1415	0.13164678
142579	3452	0.13164678
142584	6222	0.11088829
142584	801	0.11088827
142584	1087	0.11088827
142584	2145	0.11088827
142584	3120	0.11088827
142584	4151	0.11088827
142584	99	0.11088826
142584	400	0.11088826
142584	686	0.11088826
142584	1045	0.11088826
142600	5031	0.098836206
142600	5886	0.098836206
142600	478	0.0988362
142600	597	0.0988362
142600	890	0.0988362
142600	997	0.0988362
142600	1340	0.0988362
142600	2138	0.0988362
142600	2552	0.0988362
142600	3616	0.0988362
142623	3971	0.13935387
142623	41	0.13935384
142623	273	0.13935384
142623	387	0.13935384
142623	1058	0.13935384
142623	1869	0.13935384
142623	2138	0.13935384
142623	3616	0.13935384
142623	5886	0.13935384
142623	6123	0.13935384
142661	801	0.10357395
142661	1087	0.10357395
142661	4151	0.10357395
142661	6252	0.10357394
142661	400	0.10357393
142661	686	0.10357393
142661	1389	0.10357393
142661	1650	0.10357393
142661	2145	0.10357393
142661	2305	0.10357393
142671	2043	0.08102207
142671	3872	0.08102207
142671	6171	0.08102207
142671	5173	0.08102206
142671	3584	0.081022054
142671	5946	0.08102205
142671	5139	0.08102204
142671	5640	0.081022024
142671	1567	0.08046013
142671	2653	0.08046013
142672	364	0.09879387
142672	2780	0.09879387
142672	5430	0.09879387
142672	1826	0.098793864
142672	2606	0.098793864
142672	2879	0.098793864
142672	6260	0.09879386
142672	2102	0.09879385
142672	2636	0.09879385
142672	2788	0.09879385
142680	5610	0.14971642
142680	1085	0.14916274
142680	111	0.14662504
142680	1793	0.14662504
142680	4729	0.14662501
142680	5695	0.14662501
142680	5890	0.14662501
142680	1075	0.146625
142680	4692	0.146625
142680	368	0.14662498
142715	1306	0.10743797
142715	6427	0.10743795
142715	5232	0.107437946
142715	4400	0.10743794
142715	4693	0.10743794
142715	4698	0.10743792
142715	5583	0.10743792
142715	6775	0.107437916
142715	2323	0.107437894
142715	6674	0.10730422
142745	3971	0.1427162
142745	6912	0.1427162
142745	387	0.14271618
142745	1869	0.14271618
142745	5031	0.14271618
142745	41	0.14271617
142745	124	0.14271617
142745	215	0.14271617
142745	266	0.14271617
142745	478	0.14271617
142801	152	0.08197862
142801	1937	0.08197862
142801	1679	0.08197861
142801	869	0.081978604
142801	1457	0.081978604
142801	1598	0.081978604
142801	1892	0.081978604
142801	4233	0.081978604
142801	5556	0.081978604
142801	6747	0.081978604
142817	511	0.09482341
142817	617	0.094823405
142817	1092	0.0948234
142817	3526	0.0948234
142817	4557	0.0948234
142817	6364	0.0948234
142817	2785	0.09482339
142817	4318	0.09482339
142817	5288	0.09482339
142817	5998	0.09482339
142823	1849	0.11469132
142823	6205	0.11469132
142823	1633	0.1146913
142823	1271	0.114691295
142823	6589	0.114691295
142823	1370	0.11469129
142823	2261	0.11469129
142823	5754	0.11469127
142823	3852	0.114691265
142823	2258	0.11469126
142861	215	0.071210295
142861	387	0.071210295
142861	1869	0.071210295
142861	3971	0.071210295
142861	124	0.07121029
142861	1058	0.07121029
142861	2087	0.07121029
142861	2121	0.07121029
142861	5886	0.07121029
142861	41	0.07121028
143009	1621	0.09822984
143009	4103	0.09822984
143009	5731	0.09822984
143009	2209	0.09822983
143009	6279	0.09822983
143009	398	0.098229825
143009	605	0.098229825
143009	1632	0.098229825
143009	1848	0.098229825
143009	2014	0.098229825
143011	890	0.14984825
143011	997	0.14984825
143011	2138	0.14984825
143011	3971	0.14984825
143011	5031	0.14984825
143011	5886	0.14984825
143011	6912	0.14984825
143011	24	0.14984824
143011	41	0.14984824
143011	266	0.14984824
143103	1430	0.10859687
143103	679	0.10587188
143103	4816	0.104097635
143103	2705	0.10295445
143103	6322	0.10288615
143103	467	0.10288614
143103	6244	0.102886125
143103	4338	0.10288612
143103	698	0.10288611
143103	3430	0.10288611
143134	3971	0.1349365
143134	41	0.13493648
143134	387	0.13493648
143134	478	0.13493648
143134	890	0.13493648
143134	922	0.13493648
143134	1856	0.13493648
143134	2121	0.13493648
143134	2345	0.13493648
143134	2806	0.13493648
143163	3866	0.08074975
143163	4718	0.08074974
143163	6310	0.08074974
143163	6674	0.08074974
143163	533	0.080749735
143163	1745	0.080749735
143163	1806	0.080749735
143163	2220	0.080749735
143163	2363	0.080749735
143163	3029	0.080749735
143211	1411	0.099203944
143211	2196	0.09920392
143211	3379	0.099203914
143211	5158	0.099203914
143211	5350	0.0992039
143211	3206	0.09920389
143211	3853	0.098953515
143211	3866	0.0989535
143211	5454	0.0989535
143211	6643	0.0989535
143253	6651	0.07400225
143253	188	0.07400223
143253	5154	0.07400221
143253	6095	0.07271889
143253	2444	0.07235931
143253	345	0.07232556
143253	4953	0.07232555
143253	6823	0.07232554
143253	3994	0.07232553
143253	5051	0.07209559
143294	1567	0.09673459
143294	248	0.09673458
143294	3289	0.09673458
143294	5869	0.09673458
143294	5335	0.096734576
143294	711	0.09673457
143294	1316	0.09673457
143294	1349	0.09673457
143294	2207	0.09673457
143294	2844	0.09673457
143302	4740	0.1026624
143302	5914	0.10266239
143302	6312	0.10266239
143302	4431	0.102662385
143302	5534	0.102662385
143302	1163	0.10266238
143302	3677	0.10266238
143302	1155	0.10266237
143302	2503	0.10266237
143302	4738	0.10266237
143388	3971	0.12715605
143388	387	0.12715603
143388	1869	0.12715603
143388	2138	0.12715603
143388	5886	0.12715603
143388	24	0.12715602
143388	41	0.12715602
143388	49	0.12715602
143388	124	0.12715602
143388	180	0.12715602
143400	1464	0.08513699
143400	2266	0.08513699
143400	3546	0.08513697
143400	5076	0.08513696
143400	511	0.08386375
143400	1092	0.08386374
143400	3526	0.083863735
143400	4318	0.083863735
143400	4905	0.083863735
143400	5288	0.083863735
143415	4151	0.13213906
143415	3120	0.13213904
143415	686	0.13213903
143415	1087	0.13213903
143415	1650	0.13213903
143415	2916	0.13213903
143415	3187	0.13213903
143415	3219	0.13213903
143415	3785	0.13213903
143415	5121	0.13213903
143427	3971	0.10233852
143427	5886	0.10233852
143427	1869	0.102338515
143427	2138	0.102338515
143427	4076	0.102338515
143427	6912	0.102338515
143427	24	0.10233851
143427	41	0.10233851
143427	49	0.10233851
143427	124	0.10233851
143497	467	0.091679335
143497	3799	0.091679335
143497	6689	0.091679335
143497	4843	0.09167933
143497	2501	0.09167932
143497	2821	0.09167932
143497	3430	0.09167932
143497	3562	0.09167932
143497	6244	0.09167932
143497	6322	0.09167932
143715	4103	0.103226975
143715	5731	0.103226975
143715	1621	0.10322696
143715	1632	0.10322696
143715	2209	0.10322696
143715	2491	0.10322696
143715	6279	0.10322696
143715	1459	0.10322695
143715	4149	0.10322695
143715	4703	0.10322695
143743	387	0.12888435
143743	1869	0.12888435
143743	2121	0.12888433
143743	3971	0.12888433
143743	4076	0.12888433
143743	41	0.12888432
143743	49	0.12888432
143743	124	0.12888432
143743	216	0.12888432
143743	376	0.12888432
143792	801	0.078161836
143792	1087	0.07816183
143792	5121	0.07816183
143792	6222	0.07816183
143792	109	0.07816182
143792	400	0.07816182
143792	686	0.07816182
143792	1389	0.07816182
143792	2126	0.07816182
143792	2145	0.07816182
143809	1869	0.11311224
143809	3616	0.11311224
143809	3971	0.11311224
143809	5031	0.11311224
143809	5886	0.11311224
143809	645	0.11311223
143809	387	0.113112226
143809	478	0.113112226
143809	579	0.113112226
143809	890	0.113112226
143837	997	0.12623975
143837	2138	0.12623975
143837	2356	0.12623975
143837	2405	0.12623975
143837	3059	0.12623975
143837	3188	0.12623975
143837	3559	0.12623975
143837	6123	0.12623975
143837	6507	0.12623975
143837	41	0.12623973
143909	3971	0.14869481
143909	124	0.14869478
143909	387	0.14869478
143909	890	0.14869478
143909	997	0.14869478
143909	1869	0.14869478
143909	2138	0.14869478
143909	2364	0.14869478
143909	2736	0.14869478
143909	3616	0.14869478
143939	3971	0.105883196
143939	890	0.10588319
143939	1340	0.10588319
143939	2364	0.10588319
143939	387	0.10588318
143939	478	0.10588318
143939	538	0.10588318
143939	642	0.10588318
143939	922	0.10588318
143939	1146	0.10588318
143964	1869	0.11210527
143964	3971	0.11210527
143964	3616	0.112105265
143964	5031	0.112105265
143964	5805	0.112105265
143964	6123	0.112105265
143964	387	0.11210526
143964	1146	0.11210526
143964	6912	0.11210526
143964	41	0.11210525
143965	6265	0.10414941
143965	244	0.104149394
143965	149	0.10414939
143965	582	0.10414939
143965	632	0.10414939
143965	961	0.10414937
143965	3385	0.10414937
143965	3548	0.10414937
143965	4045	0.10414937
143965	2962	0.104149364
143968	4103	0.089784116
143968	5731	0.089784116
143968	1621	0.08978411
143968	2644	0.08978411
143968	3657	0.08978411
143968	6279	0.08978411
143968	6670	0.08978411
143968	396	0.0897841
143968	493	0.0897841
143968	1848	0.0897841
144017	425	0.104041986
144017	91	0.10404192
144017	1524	0.10404192
144017	5355	0.10404192
144017	5304	0.10404191
144017	4032	0.104041904
144017	4469	0.104041904
144017	5321	0.104041904
144017	1185	0.10404189
144017	3347	0.10404189
144038	1655	0.13485608
144038	9	0.13485605
144038	4627	0.13485602
144038	5999	0.13485602
144038	1177	0.13474345
144038	1221	0.13474345
144038	6318	0.13474345
144038	6762	0.13474345
144038	3118	0.13474344
144038	3761	0.13474344
144062	49	0.12557626
144062	478	0.12557626
144062	890	0.12557626
144062	922	0.12557626
144062	1146	0.12557626
144062	1393	0.12557626
144062	2364	0.12557626
144062	3971	0.12557626
144062	4076	0.12557626
144062	5031	0.12557626
144151	5417	0.102417484
144151	4243	0.10241748
144151	1467	0.10241744
144151	2382	0.09986755
144151	854	0.099867545
144151	3560	0.099867545
144151	3694	0.099867545
144151	4885	0.099867545
144151	1413	0.09986754
144151	3434	0.09986754
144194	6658	0.112152144
144194	6549	0.1109951
144194	4152	0.110995084
144194	6622	0.11099508
144194	709	0.11099507
144194	2906	0.11099507
144194	5308	0.11099507
144194	6248	0.11099507
144194	6610	0.11099507
144194	5687	0.11099506
144223	2916	0.09681224
144223	686	0.09681223
144223	1087	0.09681223
144223	1438	0.09681223
144223	3120	0.09681223
144223	3187	0.09681223
144223	4151	0.09681223
144223	4342	0.09681223
144223	6222	0.09681223
144223	400	0.096812226
144229	4740	0.11151772
144229	4738	0.11151771
144229	5914	0.11151771
144229	2503	0.111517705
144229	6312	0.111517705
144229	6396	0.111517705
144229	1024	0.1115177
144229	1155	0.1115177
144229	1672	0.1115177
144229	3677	0.1115177
144241	5031	0.10876484
144241	1869	0.108764835
144241	3616	0.108764835
144241	376	0.10876483
144241	645	0.10876483
144241	890	0.10876483
144241	997	0.10876483
144241	1393	0.10876483
144241	1856	0.10876483
144241	2121	0.10876483
144255	1415	0.076055184
144255	3971	0.076055184
144255	890	0.07605518
144255	1869	0.07605518
144255	387	0.07605517
144255	842	0.07605517
144255	986	0.07605517
144255	1146	0.07605517
144255	1159	0.07605517
144255	1194	0.07605517
144315	3971	0.114802316
144315	6912	0.11480231
144315	890	0.1148023
144315	2138	0.1148023
144315	5886	0.1148023
144315	1869	0.11480229
144315	3965	0.11480229
144315	4076	0.11480229
144315	5716	0.11480229
144315	6123	0.11480229
144318	6717	0.11664727
144318	4215	0.11664724
144318	5393	0.11645483
144318	496	0.116454825
144318	5264	0.116454825
144318	5783	0.116454825
144318	6639	0.116454825
144318	4025	0.11645481
144318	1673	0.1164548
144318	4024	0.116454795
144455	49	0.13345411
144455	890	0.13345411
144455	1393	0.13345411
144455	2103	0.13345411
144455	3559	0.13345411
144455	3971	0.13345411
144455	4323	0.13345411
144455	5031	0.13345411
144455	6123	0.13345411
144455	216	0.1334541
144478	244	0.13240203
144478	6265	0.13240202
144478	149	0.132402
144478	582	0.132402
144478	632	0.132402
144478	2962	0.13240199
144478	3385	0.13240199
144478	961	0.13240197
144478	988	0.13240197
144478	1442	0.13240197
144516	5031	0.108724184
144516	1869	0.10872418
144516	3616	0.10872418
144516	3971	0.10872418
144516	6912	0.10872418
144516	997	0.10872417
144516	2138	0.10872417
144516	4076	0.10872417
144516	4323	0.10872417
144516	5716	0.10872417
144531	2419	0.11631694
144531	4673	0.11631694
144531	3606	0.11631693
144531	3870	0.11631693
144531	4938	0.11631693
144531	5041	0.11631693
144531	5864	0.11631693
144531	6231	0.11631693
144531	6834	0.11631693
144531	884	0.11631692
144555	5731	0.112731725
144555	3657	0.11273172
144555	1848	0.11273171
144555	2644	0.11273171
144555	4103	0.11273171
144555	6279	0.11273171
144555	398	0.1127317
144555	2014	0.1127317
144555	3143	0.1127317
144555	4703	0.1127317
144619	1869	0.09234306
144619	2138	0.09234306
144619	3616	0.09234306
144619	5031	0.09234306
144619	5886	0.09234306
144619	387	0.092343055
144619	579	0.092343055
144619	890	0.092343055
144619	2121	0.092343055
144619	3971	0.092343055
144632	4906	0.10190475
144632	1567	0.101904735
144632	2653	0.101904735
144632	4903	0.101904735
144632	248	0.10190473
144632	5335	0.10190473
144632	5869	0.10190473
144632	1816	0.10190472
144632	1874	0.10190472
144632	2207	0.10190472
144667	425	0.10373783
144667	5355	0.10373779
144667	5304	0.10373777
144667	4469	0.10373776
144667	5321	0.10373776
144667	91	0.10373775
144667	3776	0.10373775
144667	1185	0.10373774
144667	4032	0.10373774
144667	5859	0.10373774
144707	1177	0.11748638
144707	1221	0.11748638
144707	6762	0.11748638
144707	2241	0.11748637
144707	3118	0.11748637
144707	3263	0.11748637
144707	4092	0.11748637
144707	4324	0.11748637
144707	4806	0.11748637
144707	5085	0.11748637
144727	1413	0.1086324
144727	2360	0.1086324
144727	4796	0.1086324
144727	1363	0.10863239
144727	3560	0.10863239
144727	3694	0.10863239
144727	4885	0.10863239
144727	2382	0.108632386
144727	3115	0.108632386
144727	3434	0.108632386
144828	6643	0.10853944
144828	6674	0.10853943
144828	6768	0.10853943
144828	3830	0.108539425
144828	3853	0.108539425
144828	4241	0.108539425
144828	528	0.10853942
144828	987	0.10853942
144828	1324	0.10853942
144828	1745	0.10853942
144899	5256	0.12150887
144899	1138	0.12150885
144899	5988	0.12150885
144899	319	0.12150884
144899	5530	0.12150883
144899	4274	0.12150882
144899	5647	0.12150882
144899	1937	0.1213636
144899	1679	0.121363595
144899	6080	0.12136359
144910	2363	0.09845665
144910	6310	0.09845665
144910	6674	0.09845665
144910	3418	0.09845664
144910	3493	0.09845664
144910	6643	0.09845664
144910	472	0.098456636
144910	528	0.098456636
144910	533	0.098456636
144910	1806	0.098456636
144925	387	0.08108133
144925	579	0.08108133
144925	775	0.08108133
144925	890	0.08108133
144925	922	0.08108133
144925	1146	0.08108133
144925	1869	0.08108133
144925	2138	0.08108133
144925	2364	0.08108133
144925	3059	0.08108133
144953	645	0.08850232
144953	890	0.08850232
144953	2121	0.08850232
144953	5031	0.08850232
144953	5886	0.08850232
144953	387	0.08850231
144953	922	0.08850231
144953	1869	0.08850231
144953	2138	0.08850231
144953	24	0.0885023
144997	3971	0.08728791
144997	49	0.0872879
144997	124	0.0872879
144997	387	0.0872879
144997	890	0.0872879
144997	1856	0.0872879
144997	1869	0.0872879
144997	2121	0.0872879
144997	3042	0.0872879
144997	3616	0.0872879
145003	890	0.12187222
145003	2138	0.12187222
145003	3971	0.12187222
145003	4076	0.12187222
145003	5886	0.12187222
145003	6123	0.12187222
145003	997	0.12187221
145003	1869	0.12187221
145003	49	0.1218722
145003	597	0.1218722
145109	5031	0.11221047
145109	2138	0.11221046
145109	3616	0.11221046
145109	5896	0.11221046
145109	579	0.11221045
145109	1146	0.11221045
145109	1869	0.11221045
145109	3965	0.11221045
145109	3971	0.11221045
145109	5805	0.11221045
145165	5731	0.106215686
145165	1621	0.10621567
145165	1848	0.10621567
145165	4103	0.10621567
145165	5465	0.10621567
145165	6084	0.10621567
145165	6279	0.10621567
145165	6465	0.10621567
145165	398	0.10621566
145165	1280	0.10621566
145218	1869	0.08781162
145218	3971	0.08781162
145218	387	0.08781161
145218	5886	0.08781161
145218	41	0.087811604
145218	124	0.087811604
145218	215	0.087811604
145218	266	0.087811604
145218	478	0.087811604
145218	579	0.087811604
145369	244	0.14005876
145369	6265	0.14005874
145369	149	0.14005873
145369	961	0.14005873
145369	4599	0.14005873
145369	582	0.14005871
145369	632	0.14005871
145369	2962	0.14005871
145369	3385	0.14005871
145369	4045	0.14005871
145449	5808	0.14621744
145449	171	0.1453174
145449	6250	0.1453174
145449	6677	0.1453174
145449	2464	0.14531739
145449	6122	0.14531738
145449	6584	0.14531735
145449	6753	0.14349315
145449	2903	0.14190811
145449	2313	0.14180464
145543	3971	0.096620485
145543	24	0.09662047
145543	49	0.09662047
145543	922	0.09662047
145543	1869	0.09662047
145543	2138	0.09662047
145543	3616	0.09662047
145543	5031	0.09662047
145543	5218	0.09662047
145543	5886	0.09662047
145619	4387	0.14951827
145619	626	0.14951822
145619	1610	0.14951822
145619	2986	0.14951822
145619	4482	0.14951822
145619	5974	0.14951822
145619	2083	0.1495182
145619	3172	0.1495182
145619	3228	0.1495182
145619	3929	0.1495182
145641	686	0.10185773
145641	801	0.10185772
145641	2145	0.10185772
145641	3120	0.10185772
145641	3785	0.10185772
145641	4317	0.10185772
145641	5121	0.10185772
145641	99	0.101857714
145641	349	0.101857714
145641	1650	0.101857714
145644	3853	0.07162948
145644	3866	0.07162948
145644	1806	0.071629465
145644	2304	0.071629465
145644	3980	0.071629465
145644	4718	0.071629465
145644	5454	0.071629465
145644	6643	0.071629465
145644	2220	0.07162946
145644	2569	0.07162946
145737	1869	0.118385494
145737	3971	0.118385494
145737	5886	0.11838549
145737	387	0.11838548
145737	890	0.11838548
145737	1146	0.11838548
145737	4076	0.11838548
145737	5031	0.11838548
145737	3424	0.11838547
145737	3965	0.11838547
145861	3971	0.10437024
145861	6912	0.10437024
145861	41	0.10437023
145861	997	0.10437023
145861	4076	0.10437023
145861	24	0.10437022
145861	387	0.10437022
145861	890	0.10437022
145861	1062	0.10437022
145861	1403	0.10437022
145887	856	0.1093766
145887	4407	0.109376594
145887	6090	0.10937659
145887	2282	0.10937658
145887	4409	0.10937657
145887	5247	0.10937657
145887	4658	0.109376565
145887	5179	0.109376535
145887	3694	0.10801431
145887	4224	0.10801431
145959	1869	0.09163763
145959	2356	0.09163763
145959	3971	0.09163763
145959	5218	0.09163763
145959	5886	0.09163763
145959	6123	0.09163763
145959	6507	0.09163763
145959	387	0.09163762
145959	890	0.09163762
145959	1415	0.09163762
146057	4448	0.087326765
146057	6599	0.087326735
146057	111	0.08699389
146057	4692	0.08699389
146057	5890	0.08699389
146057	1537	0.08699387
146057	1793	0.08699387
146057	3198	0.08699387
146057	4729	0.08699387
146057	1000	0.086993866
146078	3971	0.095526665
146078	387	0.09552665
146078	1869	0.09552665
146078	2138	0.09552665
146078	5031	0.09552665
146078	5886	0.09552665
146078	180	0.09552664
146078	215	0.09552664
146078	1852	0.09552664
146078	2037	0.09552664
146083	1869	0.13351315
146083	3616	0.13351315
146083	3971	0.13351315
146083	645	0.13351314
146083	2364	0.13351314
146083	5031	0.13351314
146083	49	0.13351312
146083	124	0.13351312
146083	215	0.13351312
146083	376	0.13351312
146113	387	0.13524103
146113	1869	0.13524103
146113	3971	0.13524103
146113	124	0.13524102
146113	642	0.13524102
146113	1058	0.13524102
146113	2121	0.13524102
146113	2728	0.13524102
146113	215	0.135241
146113	273	0.135241
146175	244	0.14197838
146175	6265	0.14197838
146175	4599	0.14197837
146175	582	0.14197835
146175	4045	0.14197834
146175	149	0.14197832
146175	632	0.14197832
146175	650	0.14197832
146175	961	0.14197832
146175	1442	0.14197832
146207	6130	0.08831759
146207	6841	0.088123634
146207	4822	0.08812362
146207	3477	0.08754997
146207	2581	0.08642305
146207	3425	0.08642304
146207	5364	0.08642304
146207	6025	0.08642304
146207	4899	0.08642303
146207	5330	0.08642303
146230	387	0.11320621
146230	1869	0.11320621
146230	3971	0.1132062
146230	5031	0.1132062
146230	49	0.11320619
146230	478	0.11320619
146230	890	0.11320619
146230	1146	0.11320619
146230	1415	0.11320619
146230	2121	0.11320619
146266	42	0.11393738
146266	427	0.11393737
146266	5066	0.113937356
146266	5793	0.113937356
146266	1536	0.11393735
146266	2072	0.11393735
146266	5668	0.11393735
146266	5759	0.11393735
146266	5832	0.11393735
146266	5888	0.11393735
146298	5090	0.097870626
146298	1411	0.09709157
146298	2196	0.097091556
146298	5158	0.09709154
146298	3379	0.09709153
146298	5350	0.097091526
146298	3206	0.09709152
146298	64	0.09509897
146298	2160	0.09509894
146298	4660	0.09509894
146345	4975	0.08260985
146345	5991	0.08260982
146345	6218	0.0826098
146345	4176	0.082584254
146345	6840	0.082584254
146345	231	0.08258425
146345	5197	0.08258425
146345	6216	0.08258425
146345	1619	0.08258424
146345	668	0.08258423
146348	690	0.08377026
146348	3974	0.083770245
146348	890	0.08368316
146348	3897	0.083683155
146348	3971	0.083683155
146348	5886	0.083683155
146348	387	0.08368315
146348	579	0.08368315
146348	597	0.08368315
146348	1058	0.08368315
146386	3971	0.14929903
146386	5886	0.14929901
146386	41	0.149299
146386	124	0.149299
146386	387	0.149299
146386	597	0.149299
146386	832	0.149299
146386	890	0.149299
146386	1094	0.149299
146386	1146	0.149299
146421	997	0.1315209
146421	3971	0.1315209
146421	387	0.13152088
146421	1869	0.13152088
146421	3452	0.13152088
146421	6123	0.13152088
146421	6912	0.13152088
146421	24	0.13152087
146421	49	0.13152087
146421	124	0.13152087
146530	997	0.11164227
146530	3971	0.11164227
146530	5886	0.11164227
146530	6123	0.11164227
146530	49	0.111642264
146530	478	0.111642264
146530	1869	0.111642264
146530	3750	0.111642264
146530	6912	0.111642264
146530	24	0.11164226
146564	139	0.10157728
146564	1719	0.10157728
146564	2470	0.10157728
146564	4503	0.10157727
146564	4972	0.10157726
146564	4516	0.10157725
146564	5744	0.10157725
146564	6564	0.10157725
146564	3602	0.10157724
146564	4004	0.1013468
146573	5619	0.10194792
146573	3403	0.1019479
146573	3902	0.1019479
146573	5309	0.1019479
146573	848	0.101947896
146573	5165	0.101947896
146573	1267	0.10194789
146573	3797	0.10194789
146573	3970	0.10194789
146573	6445	0.10194789
146641	41	0.12820351
146641	478	0.12820351
146641	890	0.12820351
146641	997	0.12820351
146641	1058	0.12820351
146641	1062	0.12820351
146641	1393	0.12820351
146641	1455	0.12820351
146641	1856	0.12820351
146641	2121	0.12820351
146699	775	0.082744166
146699	1146	0.082744166
146699	1869	0.082744166
146699	2138	0.082744166
146699	2364	0.082744166
146699	3971	0.082744166
146699	5896	0.082744166
146699	6123	0.082744166
146699	124	0.08274416
146699	387	0.08274416
146778	3853	0.11112218
146778	3866	0.111122176
146778	4595	0.111122176
146778	6643	0.111122176
146778	6674	0.111122176
146778	4241	0.11112217
146778	4727	0.11112217
146778	5115	0.11112217
146778	5454	0.11112217
146778	5688	0.11112217
146803	5150	0.1073159
146803	3392	0.10731589
146803	999	0.10731588
146803	702	0.10731585
146803	6088	0.10731582
146803	2419	0.10599231
146803	3870	0.1059923
146803	5739	0.1059923
146803	5864	0.1059923
146803	6231	0.1059923
146855	6851	0.09164476
146855	4007	0.09164475
146855	4382	0.09164475
146855	4856	0.09164474
146855	2457	0.09164473
146855	2988	0.09164473
146855	5315	0.09164473
146855	1394	0.09164472
146855	6749	0.09164472
146855	482	0.09164471
146874	244	0.10655228
146874	6265	0.10655227
146874	149	0.10655226
146874	632	0.10655226
146874	2962	0.10655226
146874	3385	0.10655226
146874	582	0.10655224
146874	961	0.10655224
146874	3548	0.10655224
146874	4599	0.10655224
146932	1869	0.12962101
146932	3971	0.12962101
146932	5031	0.12962101
146932	24	0.129621
146932	41	0.129621
146932	49	0.129621
146932	124	0.129621
146932	216	0.129621
146932	376	0.129621
146932	579	0.129621
147045	3971	0.07599215
147045	5886	0.075992145
147045	387	0.07599214
147045	478	0.07599214
147045	890	0.07599214
147045	922	0.07599214
147045	1856	0.07599214
147045	1862	0.07599214
147045	5218	0.07599214
147045	6912	0.07599214
147141	495	0.10466285
147141	1242	0.10466285
147141	3128	0.10466285
147141	5244	0.10466285
147141	6739	0.10466284
147141	2202	0.104662836
147141	4618	0.104662836
147141	4802	0.104662836
147141	5250	0.104662836
147141	5498	0.10466283
147224	3853	0.17328635
147224	3700	0.17328633
147224	3830	0.17328633
147224	5115	0.17328633
147224	1806	0.17328632
147224	2220	0.17328632
147224	3291	0.17328632
147224	3418	0.17328632
147224	3630	0.17328632
147224	3802	0.17328632
147307	5914	0.10861822
147307	2503	0.108618215
147307	6312	0.108618215
147307	6396	0.10861821
147307	703	0.1086182
147307	3677	0.1086182
147307	4738	0.1086182
147307	4740	0.1086182
147307	4431	0.10861819
147307	1024	0.108618185
147385	1869	0.070885815
147385	775	0.07088581
147385	997	0.07088581
147385	2138	0.07088581
147385	3059	0.07088581
147385	3616	0.07088581
147385	3971	0.07088581
147385	5886	0.07088581
147385	6123	0.07088581
147385	387	0.0708858
147420	533	0.0938213
147420	3210	0.0938213
147420	3700	0.0938213
147420	4241	0.0938213
147420	4595	0.0938213
147420	4727	0.0938213
147420	5115	0.0938213
147420	5454	0.0938213
147420	6109	0.0938213
147420	6310	0.0938213
147451	852	0.09555859
147451	4254	0.09555859
147451	4375	0.09555858
147451	6772	0.09555858
147451	2948	0.09555857
147451	5907	0.09555857
147451	2313	0.09555856
147451	3856	0.09555856
147451	3993	0.09555856
147451	4892	0.09555856
147528	1869	0.08012884
147528	2121	0.08012884
147528	538	0.08012883
147528	890	0.08012883
147528	1856	0.08012883
147528	2728	0.08012883
147528	4323	0.08012883
147528	4352	0.08012883
147528	5031	0.08012883
147528	49	0.080128826
147678	248	0.117192335
147678	4906	0.117192335
147678	5869	0.117192335
147678	2653	0.11719233
147678	3361	0.11719233
147678	135	0.11719232
147678	5335	0.11719232
147678	5422	0.11719232
147678	6429	0.11719232
147678	1349	0.11719231
147686	42	0.09994951
147686	427	0.09994951
147686	5793	0.099949494
147686	4218	0.09994949
147686	5066	0.09994949
147686	5281	0.09994949
147686	464	0.09994948
147686	793	0.09994948
147686	3494	0.09994948
147686	4968	0.09994948
147752	364	0.09370058
147752	3435	0.09370058
147752	5430	0.09370058
147752	1826	0.09370057
147752	2636	0.09370057
147752	5584	0.09370057
147752	2780	0.093700565
147752	3824	0.093700565
147752	6260	0.093700565
147752	2102	0.09370055
147803	4673	0.13062322
147803	247	0.13062319
147803	884	0.13062319
147803	1648	0.13062319
147803	2419	0.13062319
147803	3606	0.13062319
147803	3733	0.13062319
147803	3870	0.13062319
147803	4589	0.13062319
147803	4758	0.13062319
147839	1826	0.13525586
147839	5430	0.13525586
147839	2636	0.13525584
147839	2780	0.13525584
147839	5584	0.13525584
147839	364	0.13525583
147839	2788	0.13525581
147839	2879	0.13525581
147839	3435	0.13525581
147839	3824	0.13525581
147851	41	0.08495428
147851	387	0.08495428
147851	890	0.08495428
147851	1862	0.08495428
147851	1869	0.08495428
147851	5031	0.08495428
147851	215	0.08495427
147851	579	0.08495427
147851	1146	0.08495427
147851	3616	0.08495427
147900	3866	0.1089142
147900	3700	0.10891419
147900	533	0.10891418
147900	1324	0.10891418
147900	1806	0.10891418
147900	2220	0.10891418
147900	2304	0.10891418
147900	2363	0.10891418
147900	2499	0.10891418
147900	3418	0.10891418
147947	4460	0.10973777
147947	2045	0.10973774
147947	1692	0.109737724
147947	2840	0.109737724
147947	331	0.10973772
147947	2583	0.10973771
147947	1531	0.1097377
147947	3971	0.108431265
147947	642	0.10843125
147947	1194	0.10843125
147965	890	0.14404431
147965	3971	0.14404431
147965	1856	0.1440443
147965	1869	0.1440443
147965	2121	0.1440443
147965	2728	0.1440443
147965	3616	0.1440443
147965	5031	0.1440443
147965	41	0.14404428
147965	124	0.14404428
148028	244	0.10979919
148028	4599	0.10979918
148028	5437	0.10979918
148028	6265	0.10979918
148028	2962	0.10979917
148028	149	0.10979916
148028	582	0.10979916
148028	632	0.10979916
148028	961	0.10979916
148028	1442	0.10979916
148030	4938	0.097167596
148030	2419	0.09716759
148030	3870	0.09716759
148030	6231	0.09716759
148030	247	0.09716758
148030	884	0.09716758
148030	903	0.09716758
148030	3443	0.09716758
148030	3606	0.09716758
148030	4474	0.09716758
148121	4446	0.10795737
148121	6601	0.10795737
148121	759	0.10795736
148121	2518	0.10795736
148121	3749	0.10795736
148121	4004	0.10795736
148121	5980	0.10795736
148121	1362	0.107957356
148121	1742	0.107957356
148121	2128	0.107957356
148124	3971	0.11088917
148124	387	0.11088915
148124	1869	0.11088915
148124	5031	0.11088915
148124	5886	0.11088915
148124	6912	0.11088915
148124	890	0.110889144
148124	1856	0.110889144
148124	3452	0.110889144
148124	6123	0.110889144
148142	2045	0.087244175
148142	4460	0.087244175
148142	2583	0.087244146
148142	331	0.08724414
148142	1692	0.08724414
148142	2840	0.08724414
148142	1531	0.08724412
148142	6312	0.08695786
148142	6396	0.08695784
148142	4738	0.086957835
148157	3658	0.10137904
148157	3694	0.10137904
148157	4885	0.10137904
148157	2382	0.10137903
148157	4817	0.10137903
148157	854	0.10137902
148157	968	0.10137902
148157	1080	0.10137902
148157	1413	0.10137902
148157	1514	0.10137902
148191	511	0.09993582
148191	1092	0.09993582
148191	3526	0.099935815
148191	4557	0.099935815
148191	6593	0.099935815
148191	617	0.0999358
148191	2785	0.0999358
148191	3097	0.0999358
148191	3729	0.0999358
148191	4128	0.0999358
148199	3971	0.10533833
148199	1869	0.10533832
148199	3616	0.10533832
148199	3965	0.10533832
148199	5031	0.10533832
148199	5886	0.10533832
148199	124	0.10533831
148199	890	0.10533831
148199	2343	0.10533831
148199	4076	0.10533831
148239	5886	0.10274588
148239	478	0.102745876
148239	597	0.102745876
148239	997	0.102745876
148239	1869	0.102745876
148239	2138	0.102745876
148239	3971	0.102745876
148239	4076	0.102745876
148239	6123	0.102745876
148239	6912	0.102745876
148258	759	0.13028277
148258	4004	0.13028277
148258	1344	0.13028276
148258	1362	0.13028276
148258	1742	0.13028276
148258	2017	0.13028276
148258	2184	0.13028276
148258	2518	0.13028276
148258	2828	0.13028276
148258	3749	0.13028276
148263	1869	0.119838074
148263	5031	0.119838074
148263	3616	0.11983807
148263	5886	0.11983807
148263	645	0.11983806
148263	890	0.11983806
148263	3971	0.11983806
148263	6123	0.11983806
148263	579	0.11983805
148263	1189	0.11983805
148314	1869	0.14568537
148314	3971	0.14568536
148314	5805	0.14568536
148314	6123	0.14568536
148314	41	0.14568534
148314	49	0.14568534
148314	124	0.14568534
148314	273	0.14568534
148314	328	0.14568534
148314	376	0.14568534
148344	1869	0.09726011
148344	2121	0.09726011
148344	41	0.0972601
148344	387	0.0972601
148344	890	0.0972601
148344	1856	0.0972601
148344	2138	0.0972601
148344	3616	0.0972601
148344	3971	0.0972601
148344	4076	0.0972601
148586	3866	0.10519948
148586	3853	0.10519947
148586	6674	0.10519947
148586	2220	0.10519946
148586	6643	0.10519946
148586	533	0.105199456
148586	1324	0.105199456
148586	2304	0.105199456
148586	3418	0.105199456
148586	3483	0.105199456
148590	41	0.14506608
148590	124	0.14506608
148590	387	0.14506608
148590	890	0.14506608
148590	1869	0.14506608
148590	2138	0.14506608
148590	3897	0.14506608
148590	3971	0.14506608
148590	4076	0.14506608
148590	5716	0.14506608
148632	1455	0.12354095
148632	1869	0.12354095
148632	3971	0.12354095
148632	5716	0.12354095
148632	6912	0.12354095
148632	775	0.123540945
148632	124	0.12354094
148632	387	0.12354094
148632	642	0.12354094
148632	890	0.12354094
148662	690	0.12367542
148662	3974	0.123675406
148662	6768	0.12350392
148662	6674	0.123503916
148662	1806	0.12350391
148662	3112	0.12350391
148662	3830	0.12350391
148662	3866	0.12350391
148662	3418	0.1235039
148662	3853	0.1235039
148712	244	0.10358731
148712	4599	0.1035873
148712	6265	0.1035873
148712	149	0.103587285
148712	582	0.103587285
148712	632	0.103587285
148712	4045	0.103587285
148712	2962	0.10358728
148712	5437	0.10358728
148712	650	0.10358727
148744	890	0.17482726
148744	775	0.17482725
148744	1146	0.17482725
148744	1869	0.17482725
148744	3616	0.17482725
148744	3971	0.17482725
148744	5031	0.17482725
148744	5886	0.17482725
148744	6123	0.17482725
148744	6912	0.17482725
148798	6601	0.087659396
148798	3749	0.08765939
148798	4004	0.08765939
148798	4446	0.08765939
148798	5656	0.08765939
148798	6152	0.08765939
148798	6612	0.08765939
148798	6796	0.08765939
148798	1362	0.08765938
148798	2518	0.08765938
148804	1869	0.1307557
148804	3971	0.1307557
148804	5886	0.1307557
148804	6123	0.1307557
148804	215	0.13075568
148804	387	0.13075568
148804	775	0.13075568
148804	890	0.13075568
148804	997	0.13075568
148804	2087	0.13075568
148863	1146	0.092797495
148863	387	0.09279749
148863	890	0.09279749
148863	5031	0.09279749
148863	5886	0.09279749
148863	478	0.09279748
148863	1869	0.09279748
148863	3971	0.09279748
148863	5381	0.09279748
148863	6123	0.09279748
148898	511	0.14390591
148898	1092	0.14390588
148898	3526	0.14390588
148898	5288	0.14390588
148898	6579	0.14390588
148898	617	0.14390586
148898	2643	0.14390586
148898	4557	0.14390586
148898	5998	0.14390586
148898	6364	0.14390586
148929	4076	0.14991467
148929	41	0.14991465
148929	124	0.14991465
148929	215	0.14991465
148929	387	0.14991465
148929	579	0.14991465
148929	775	0.14991465
148929	890	0.14991465
148929	922	0.14991465
148929	997	0.14991465
148934	3971	0.07886996
148934	1869	0.078869954
148934	4390	0.078869954
148934	6123	0.078869954
148934	890	0.07886995
148934	1194	0.07886995
148934	4323	0.07886995
148934	5886	0.07886995
148934	49	0.07886994
148934	387	0.07886994
148962	890	0.1195813
148962	1869	0.1195813
148962	3971	0.1195813
148962	5886	0.1195813
148962	387	0.11958129
148962	1146	0.11958128
148962	2138	0.11958128
148962	3616	0.11958128
148962	4076	0.11958128
148962	5031	0.11958128
148966	3018	0.08966128
148966	3937	0.08966127
148966	4065	0.08966127
148966	1285	0.08966126
148966	1635	0.08966126
148966	6608	0.08966126
148966	606	0.089661255
148966	3382	0.089661255
148966	3491	0.089661255
148966	4990	0.089661255
149069	3971	0.112344526
149069	124	0.11234452
149069	387	0.11234452
149069	1869	0.11234452
149069	6123	0.11234452
149069	1393	0.11234451
149069	2138	0.11234451
149069	41	0.1123445
149069	273	0.1123445
149069	579	0.1123445
149071	5718	0.11784771
149071	2446	0.1178477
149071	6332	0.117847696
149071	1741	0.11784768
149071	5986	0.11784767
149071	6651	0.116192535
149071	5154	0.116192505
149071	188	0.11619249
149071	5731	0.115811475
149071	1280	0.11581147
149084	890	0.10035151
149084	2138	0.10035151
149084	3971	0.10035151
149084	41	0.1003515
149084	387	0.1003515
149084	1403	0.1003515
149084	1869	0.1003515
149084	4076	0.1003515
149084	5886	0.1003515
149084	5896	0.1003515
149120	152	0.09664518
149120	1892	0.09664517
149120	869	0.09664516
149120	1457	0.09664516
149120	1679	0.09664516
149120	1937	0.09664516
149120	6747	0.09664516
149120	3216	0.096645154
149120	5286	0.096645154
149120	5556	0.096645154
149140	1393	0.09317388
149140	4323	0.09317388
149140	6507	0.09317388
149140	2356	0.09317387
149140	6123	0.09317387
149140	49	0.09317386
149140	216	0.09317386
149140	387	0.09317386
149140	514	0.09317386
149140	775	0.09317386
149204	124	0.118620485
149204	3971	0.118620485
149204	890	0.11862048
149204	5886	0.11862048
149204	41	0.11862047
149204	387	0.11862047
149204	775	0.11862047
149204	997	0.11862047
149204	1058	0.11862047
149204	1403	0.11862047
149231	5031	0.108216584
149231	890	0.10821658
149231	922	0.10821658
149231	997	0.10821658
149231	6123	0.10821658
149231	49	0.10821657
149231	328	0.10821657
149231	387	0.10821657
149231	478	0.10821657
149231	645	0.10821657
149259	3866	0.073762104
149259	3830	0.0737621
149259	5454	0.0737621
149259	5688	0.0737621
149259	5729	0.0737621
149259	6310	0.0737621
149259	6674	0.0737621
149259	6768	0.0737621
149259	533	0.07376209
149259	572	0.07376209
149483	111	0.13252237
149483	368	0.13252234
149483	1793	0.13252234
149483	3303	0.13252234
149483	4692	0.13252234
149483	4729	0.13252234
149483	5695	0.13252234
149483	5890	0.13252234
149483	1000	0.13252231
149483	1537	0.13252231
149661	1869	0.11562796
149661	3971	0.11562796
149661	4076	0.11562795
149661	41	0.115627944
149661	124	0.115627944
149661	387	0.115627944
149661	579	0.115627944
149661	775	0.115627944
149661	997	0.115627944
149661	1229	0.115627944
149690	3971	0.10582902
149690	5031	0.10582902
149690	6912	0.10582902
149690	832	0.105829015
149690	3965	0.105829015
149690	5436	0.105829015
149690	5716	0.105829015
149690	5886	0.105829015
149690	597	0.10582901
149690	997	0.10582901
149843	5988	0.08844762
149843	319	0.088447616
149843	4274	0.088447616
149843	5256	0.088447616
149843	5647	0.088447616
149843	1138	0.08844761
149843	5530	0.088447586
149843	152	0.088032156
149843	4233	0.08803215
149843	6080	0.08803215
149907	3971	0.15251923
149907	2138	0.15251921
149907	6123	0.15251921
149907	49	0.1525192
149907	124	0.1525192
149907	387	0.1525192
149907	579	0.1525192
149907	922	0.1525192
149907	997	0.1525192
149907	1340	0.1525192
149934	387	0.1690151
149934	478	0.1690151
149934	1869	0.1690151
149934	3971	0.1690151
149934	4076	0.1690151
149934	5886	0.1690151
149934	6123	0.1690151
149934	6912	0.1690151
149934	24	0.16901508
149934	579	0.16901508
150000	533	0.0772015
150000	3112	0.0772015
150000	3853	0.0772015
150000	3866	0.0772015
150000	3980	0.0772015
150000	4241	0.0772015
150000	4595	0.0772015
150000	4718	0.0772015
150000	4727	0.0772015
150000	4807	0.0772015
150124	2122	0.10694618
150124	1440	0.10694614
150124	3008	0.10694614
150124	2161	0.106946096
150124	5731	0.106613226
150124	3657	0.10661322
150124	4103	0.10661322
150124	1848	0.10661321
150124	1225	0.106613204
150124	1280	0.106613204
150327	801	0.08363121
150327	686	0.0836312
150327	3187	0.0836312
150327	4151	0.0836312
150327	5121	0.0836312
150327	6222	0.0836312
150327	99	0.083631195
150327	400	0.083631195
150327	1389	0.083631195
150327	1650	0.083631195
150498	890	0.12048618
150498	124	0.12048617
150498	1058	0.12048617
150498	1869	0.12048617
150498	2121	0.12048617
150498	2138	0.12048617
150498	2364	0.12048617
150498	3971	0.12048617
150498	5031	0.12048617
150498	5886	0.12048617
150554	890	0.12927212
150554	1415	0.12927212
150554	2125	0.12927212
150554	2736	0.12927212
150554	4323	0.12927212
150554	5031	0.12927212
150554	6123	0.12927212
150554	41	0.1292721
150554	49	0.1292721
150554	235	0.1292721
150561	947	0.1140444
150561	2929	0.1140444
150561	3054	0.1140444
150561	4764	0.1140444
150561	2148	0.11404439
150561	2366	0.11404439
150561	3129	0.11404439
150561	6552	0.11404439
150561	130	0.11404438
150561	175	0.11404438
150587	364	0.12082549
150587	5430	0.120825484
150587	2606	0.12082547
150587	2879	0.12082547
150587	1826	0.12082546
150587	2780	0.12082546
150587	3824	0.12082546
150587	2636	0.120825455
150587	2788	0.120825455
150587	3435	0.120825455
150657	5031	0.11514491
150657	6912	0.1151449
150657	645	0.11514489
150657	890	0.11514489
150657	1062	0.11514489
150657	1856	0.11514489
150657	3616	0.11514489
150657	3971	0.11514489
150657	5716	0.11514489
150657	41	0.115144886
150661	1567	0.12102176
150661	4903	0.12102176
150661	4906	0.12102176
150661	2653	0.121021755
150661	3361	0.121021755
150661	5715	0.121021755
150661	5869	0.121021755
150661	248	0.12102175
150661	754	0.12102175
150661	1349	0.12102175
150663	686	0.14487872
150663	4151	0.14487872
150663	5121	0.14487872
150663	99	0.14487869
150663	400	0.14487869
150663	801	0.14487869
150663	1087	0.14487869
150663	1389	0.14487869
150663	1650	0.14487869
150663	2916	0.14487869
150762	392	0.07391143
150762	6537	0.07391143
150762	1868	0.07391141
150762	2342	0.07391141
150762	134	0.07372363
150762	3848	0.07372363
150762	5830	0.07372362
150762	5992	0.07372362
150762	2385	0.073723614
150762	6899	0.073723614
150767	511	0.089197494
150767	1092	0.08919747
150767	6364	0.08919747
150767	985	0.089197464
150767	3526	0.089197464
150767	6593	0.089197464
150767	65	0.08919746
150767	2643	0.08919746
150767	2785	0.08919746
150767	3015	0.08919746
150890	4004	0.10255841
150890	4446	0.102558404
150890	6796	0.102558404
150890	2017	0.1025584
150890	2518	0.1025584
150890	3749	0.1025584
150890	6152	0.1025584
150890	5980	0.10255839
150890	6789	0.10255839
150890	759	0.10255838
150894	3853	0.08821081
150894	3866	0.08821081
150894	533	0.088210806
150894	3980	0.088210806
150894	4718	0.088210806
150894	5454	0.088210806
150894	5683	0.088210806
150894	6310	0.088210806
150894	6643	0.088210806
150894	6674	0.088210806
150896	6265	0.16474216
150896	244	0.16474214
150896	149	0.16474211
150896	582	0.16474211
150896	632	0.16474211
150896	4045	0.16474211
150896	5437	0.16474211
150896	961	0.1647421
150896	4599	0.1647421
150896	650	0.16474208
150932	852	0.10807009
150932	4254	0.10807009
150932	2313	0.10807008
150932	4892	0.10807008
150932	2036	0.10807007
150932	6772	0.10807007
150932	2448	0.10807006
150932	4375	0.10807006
150932	5907	0.10807006
150932	2948	0.10807005
150966	4813	0.08069711
150966	3868	0.080697104
150966	4984	0.080697104
150966	80	0.08069709
150966	3644	0.08069709
150966	3890	0.08069709
150966	5106	0.08069709
150966	6907	0.08069709
150966	6909	0.08069709
150966	780	0.08069708
150968	3678	0.10049473
150968	6154	0.10049468
150968	4951	0.100494675
150968	2106	0.10049467
150968	4238	0.10049467
150968	4176	0.10014214
150968	1723	0.100142136
150968	231	0.10014213
150968	1619	0.10014213
150968	668	0.10014212
150979	3971	0.15623179
150979	6123	0.15623178
150979	124	0.15623176
150979	642	0.15623176
150979	1869	0.15623176
150979	2138	0.15623176
150979	2364	0.15623176
150979	2728	0.15623176
150979	3616	0.15623176
150979	5031	0.15623176
151002	6123	0.122261405
151002	6507	0.122261405
151002	1869	0.1222614
151002	775	0.12226139
151002	997	0.12226139
151002	2138	0.12226139
151002	2356	0.12226139
151002	3559	0.12226139
151002	3616	0.12226139
151002	4076	0.12226139
151043	2138	0.10858994
151043	1869	0.10858993
151043	3971	0.10858993
151043	5886	0.10858993
151043	6123	0.10858993
151043	49	0.108589925
151043	3559	0.108589925
151043	5218	0.108589925
151043	328	0.10858992
151043	387	0.10858992
151098	1472	0.08484185
151098	1951	0.08484185
151098	3496	0.08484185
151098	3935	0.08484185
151098	4169	0.08484185
151098	2769	0.08484184
151098	1515	0.08484183
151098	2931	0.08484183
151098	2994	0.08484183
151098	3090	0.08484183
151101	2972	0.13028379
151101	3529	0.13028377
151101	236	0.13028376
151101	1553	0.13028374
151101	3001	0.13028374
151101	3213	0.13028374
151101	6114	0.13028374
151101	5421	0.13028373
151101	2250	0.13028371
151101	6747	0.12894061
151104	4446	0.106744185
151104	2518	0.10674418
151104	4004	0.10674418
151104	759	0.10674417
151104	1362	0.10674417
151104	1742	0.10674417
151104	2017	0.10674417
151104	3749	0.10674417
151104	5427	0.10674417
151104	5980	0.10674417
151107	1695	0.09355506
151107	5162	0.09355506
151107	1801	0.093555056
151107	5595	0.093555056
151107	2678	0.09355505
151107	4678	0.09355505
151107	4964	0.09355505
151107	120	0.09355504
151107	1450	0.09355503
151107	4403	0.09355503
151122	5335	0.112053804
151122	711	0.1120538
151122	1567	0.1120538
151122	4493	0.1120538
151122	4903	0.1120538
151122	4906	0.1120538
151122	5086	0.1120538
151122	5869	0.1120538
151122	6429	0.1120538
151122	6028	0.11205379
151139	247	0.1336619
151139	2419	0.1336619
151139	3230	0.1336619
151139	3606	0.1336619
151139	4452	0.1336619
151139	4673	0.1336619
151139	6231	0.1336619
151139	3870	0.13366188
151139	6566	0.13366188
151139	6834	0.13366188
151143	5718	0.075528935
151143	1741	0.07552893
151143	6332	0.07552893
151143	2446	0.07552892
151143	5986	0.07552892
151143	3873	0.07357251
151143	2547	0.073557906
151143	4896	0.073557906
151143	1177	0.07325742
151143	1221	0.07325742
151262	3525	0.1032016
151262	5566	0.10320158
151262	4378	0.103201576
151262	4328	0.10320157
151262	415	0.10320155
151262	2006	0.10320155
151262	2408	0.10320155
151262	2686	0.10320155
151262	4502	0.10320155
151262	6108	0.10320155
151263	5968	0.1099838
151263	6093	0.1099838
151263	3876	0.10998379
151263	3637	0.10998377
151263	4862	0.10998377
151263	6004	0.10998377
151263	6245	0.10998377
151263	1223	0.10998374
151263	1498	0.10998374
151263	2557	0.10998374
151370	4173	0.07087712
151370	5919	0.07087712
151370	6886	0.07087712
151370	6103	0.07087711
151370	2651	0.070877105
151370	4121	0.070877105
151370	4384	0.070877105
151370	6000	0.070877105
151370	6463	0.070877105
151370	5337	0.06939829
151479	387	0.084634416
151479	215	0.08463441
151479	890	0.08463441
151479	922	0.08463441
151479	997	0.08463441
151479	1146	0.08463441
151479	1691	0.08463441
151479	1869	0.08463441
151479	2121	0.08463441
151479	2138	0.08463441
151483	3971	0.119156204
151483	901	0.1191562
151483	1869	0.11915619
151483	2138	0.11915619
151483	387	0.11915618
151483	890	0.11915618
151483	3559	0.11915618
151483	3616	0.11915618
151483	5031	0.11915618
151483	5886	0.11915618
151503	3241	0.1538335
151503	6266	0.15383348
151503	6410	0.15383348
151503	6469	0.15383348
151503	998	0.15383345
151503	5651	0.15383343
151503	2234	0.15383342
151503	3149	0.15383342
151503	3446	0.15383342
151503	3484	0.15383342
151537	1856	0.08989085
151537	1869	0.08989085
151537	5886	0.08989085
151537	215	0.089890845
151537	387	0.089890845
151537	538	0.089890845
151537	1058	0.089890845
151537	1094	0.089890845
151537	6046	0.089890845
151537	6507	0.089890845
151589	854	0.106608644
151589	2382	0.106608644
151589	3560	0.106608644
151589	4960	0.106608644
151589	6555	0.106608644
151589	3115	0.10660864
151589	3658	0.10660864
151589	212	0.10660863
151589	489	0.10660863
151589	1080	0.10660863
151608	884	0.14488512
151608	2419	0.14488512
151608	4673	0.14488512
151608	5041	0.14488511
151608	301	0.1448851
151608	792	0.1448851
151608	1648	0.1448851
151608	2076	0.1448851
151608	2783	0.1448851
151608	3081	0.1448851
151643	5914	0.10227482
151643	6396	0.10227482
151643	2503	0.102274805
151643	3677	0.102274805
151643	4738	0.102274805
151643	4740	0.102274805
151643	5534	0.102274805
151643	6312	0.1022748
151643	703	0.10227479
151643	1024	0.10227479
151653	5731	0.123161055
151653	2644	0.12316105
151653	3657	0.12316105
151653	4103	0.12316105
151653	398	0.12316103
151653	493	0.12316103
151653	1280	0.12316103
151653	1621	0.12316103
151653	1848	0.12316103
151653	3006	0.12316103
151738	6231	0.05570995
151738	2419	0.055709947
151738	4673	0.055709947
151738	884	0.055709943
151738	1648	0.055709943
151738	2069	0.055709943
151738	3230	0.055709943
151738	3606	0.055709943
151738	3672	0.055709943
151738	3870	0.055709943
151780	1650	0.1066286
151780	2305	0.1066286
151780	2916	0.1066286
151780	3219	0.1066286
151780	4151	0.1066286
151780	5121	0.1066286
151780	801	0.10662859
151780	3120	0.10662859
151780	4342	0.10662859
151780	5019	0.10662859
151790	1869	0.10704167
151790	3971	0.10704167
151790	5886	0.10704167
151790	49	0.107041664
151790	387	0.107041664
151790	5031	0.107041664
151790	41	0.10704166
151790	124	0.10704166
151790	832	0.10704166
151790	842	0.10704166
151800	1869	0.08924393
151800	2364	0.08924393
151800	3971	0.08924393
151800	579	0.089243926
151800	775	0.089243926
151800	2121	0.089243926
151800	6123	0.089243926
151800	49	0.08924392
151800	387	0.08924392
151800	890	0.08924392
151824	1869	0.13431746
151824	3616	0.13431746
151824	3971	0.13431746
151824	5031	0.13431746
151824	6912	0.13431746
151824	41	0.13431744
151824	124	0.13431744
151824	890	0.13431744
151824	997	0.13431744
151824	1146	0.13431744
151846	3971	0.10647618
151846	890	0.10647617
151846	1869	0.10647617
151846	3616	0.106476165
151846	6123	0.106476165
151846	387	0.10647616
151846	579	0.10647616
151846	775	0.10647616
151846	922	0.10647616
151846	1749	0.10647616
151991	2022	0.09747733
151991	191	0.09747732
151991	667	0.09747732
151991	4461	0.09747732
151991	4671	0.09747732
151991	551	0.09747731
151991	570	0.0974773
151991	2197	0.0974773
151991	2936	0.0974773
151991	2971	0.0974773
152016	4740	0.10490208
152016	1024	0.104902074
152016	5914	0.104902074
152016	6312	0.104902074
152016	2503	0.10490207
152016	3677	0.10490207
152016	5534	0.10490207
152016	3060	0.10490206
152016	4738	0.10490206
152016	6396	0.10490206
152036	478	0.10195479
152036	890	0.10195479
152036	1856	0.10195479
152036	3559	0.10195479
152036	328	0.10195478
152036	387	0.10195478
152036	922	0.10195478
152036	1062	0.10195478
152036	1415	0.10195478
152036	2736	0.10195478
152082	3560	0.10726327
152082	3694	0.10726327
152082	4796	0.10726327
152082	1363	0.10726326
152082	2360	0.10726326
152082	2595	0.10726326
152082	296	0.10726325
152082	854	0.10726325
152082	968	0.10726325
152082	1334	0.10726325
152099	1087	0.10920723
152099	2145	0.10920723
152099	6222	0.10920723
152099	3120	0.10920722
152099	686	0.10920721
152099	5121	0.10920721
152099	6236	0.10920721
152099	6252	0.10920721
152099	349	0.109207205
152099	586	0.109207205
152136	3980	0.11805794
152136	5454	0.11805794
152136	533	0.11805792
152136	1752	0.11805792
152136	2220	0.11805792
152136	3112	0.11805792
152136	3493	0.11805792
152136	3700	0.11805792
152136	3866	0.11805792
152136	4563	0.11805792
152186	5031	0.14921932
152186	890	0.1492193
152186	3971	0.1492193
152186	5886	0.1492193
152186	6912	0.1492193
152186	266	0.14921929
152186	2121	0.14921929
152186	5029	0.14921929
152186	24	0.14921927
152186	180	0.14921927
152309	425	0.08971819
152309	5355	0.08971815
152309	1524	0.08971814
152309	91	0.08971813
152309	3776	0.08971813
152309	4469	0.08971813
152309	5304	0.08971813
152309	1185	0.08971812
152309	4032	0.08971812
152309	5321	0.08971812
152345	6312	0.098084055
152345	2503	0.09808405
152345	4740	0.09808405
152345	5914	0.09808405
152345	4738	0.09808404
152345	1024	0.09808403
152345	1155	0.09808403
152345	3677	0.09808403
152345	4144	0.09808403
152345	4431	0.09808403
152354	1092	0.127212
152354	511	0.12721199
152354	4557	0.12721199
152354	5998	0.12721199
152354	6364	0.12721199
152354	6880	0.12721199
152354	2796	0.12721197
152354	3366	0.12721197
152354	3526	0.12721197
152354	4141	0.12721197
152409	5033	0.1264995
152409	520	0.12649947
152409	5653	0.12649947
152409	6147	0.12649947
152409	6810	0.12649947
152409	41	0.12313263
152409	922	0.12313263
152409	1058	0.12313263
152409	3750	0.12313263
152409	5031	0.12313263
152428	5381	0.117346995
152428	41	0.11734699
152428	387	0.11734699
152428	478	0.11734699
152428	645	0.11734699
152428	1869	0.11734699
152428	3971	0.11734699
152428	4076	0.11734699
152428	5886	0.11734699
152428	6123	0.11734699
152435	913	0.15362903
152435	4712	0.15362903
152435	3482	0.15362902
152435	5731	0.15306129
152435	2209	0.15306127
152435	4103	0.15306127
152435	6149	0.15306127
152435	6279	0.15306127
152435	6670	0.15306127
152435	1232	0.15306126
152468	4167	0.11777237
152468	3883	0.11777236
152468	5697	0.11777236
152468	5666	0.117772356
152468	6361	0.117772356
152468	3875	0.11777235
152468	2582	0.11777234
152468	4912	0.11777234
152468	6459	0.11777234
152468	2012	0.11777233
152483	3018	0.09510423
152483	5703	0.09510423
152483	3937	0.095104225
152483	5821	0.095104225
152483	6418	0.095104225
152483	102	0.09510422
152483	471	0.09510422
152483	606	0.09510422
152483	1285	0.09510422
152483	1575	0.09510422
152514	2946	0.09455064
152514	5048	0.094550624
152514	5707	0.094550624
152514	4875	0.09455061
152514	2909	0.0945506
152514	3525	0.09433964
152514	4378	0.094339624
152514	5566	0.094339624
152514	2006	0.09433962
152514	4328	0.09433961
152579	6591	0.1657306
152579	6630	0.1657306
152579	3938	0.16573058
152579	3002	0.16573057
152579	3045	0.16573057
152579	3628	0.16573057
152579	6592	0.16573057
152579	6690	0.16573057
152579	1978	0.16573055
152579	3695	0.16573055
152605	4740	0.08934158
152605	5914	0.08934158
152605	1155	0.08934157
152605	1024	0.089341566
152605	2503	0.089341566
152605	3677	0.089341566
152605	4444	0.089341566
152605	4738	0.089341566
152605	5599	0.089341566
152605	6312	0.089341566
152617	2305	0.18248698
152617	3187	0.18248698
152617	4151	0.18248698
152617	6222	0.18248698
152617	5019	0.18248697
152617	5339	0.18248697
152617	96	0.18248695
152617	99	0.18248695
152617	349	0.18248695
152617	400	0.18248695
152645	848	0.18374953
152645	3797	0.18374953
152645	3902	0.18374953
152645	5619	0.18374953
152645	3403	0.18374951
152645	5309	0.18374951
152645	1646	0.1837495
152645	2768	0.1837495
152645	1267	0.18374947
152645	2290	0.18374947
152651	3971	0.09431431
152651	1869	0.0943143
152651	2138	0.0943143
152651	387	0.09431429
152651	3559	0.09431429
152651	3965	0.09431429
152651	4076	0.09431429
152651	5031	0.09431429
152651	5886	0.09431429
152651	6123	0.09431429
152696	3477	0.067460656
152696	425	0.06657167
152696	91	0.06657161
152696	4032	0.06657161
152696	4469	0.06657161
152696	5304	0.06657161
152696	5355	0.06657161
152696	5859	0.0665716
152696	1185	0.06657159
152696	1524	0.06657159
152742	49	0.1255767
152742	269	0.1255767
152742	328	0.1255767
152742	387	0.1255767
152742	478	0.1255767
152742	597	0.1255767
152742	890	0.1255767
152742	922	0.1255767
152742	997	0.1255767
152742	1393	0.1255767
152770	5886	0.13054942
152770	49	0.1305494
152770	387	0.1305494
152770	478	0.1305494
152770	890	0.1305494
152770	922	0.1305494
152770	997	0.1305494
152770	1194	0.1305494
152770	1552	0.1305494
152770	1869	0.1305494
152942	1869	0.10636984
152942	3971	0.10636984
152942	119	0.10636982
152942	387	0.10636982
152942	2138	0.10636982
152942	3452	0.10636982
152942	3616	0.10636982
152942	5886	0.10636982
152942	41	0.106369816
152942	832	0.106369816
152946	3971	0.100554764
152946	810	0.10055475
152946	1869	0.10055475
152946	2736	0.10055475
152946	3452	0.10055475
152946	3616	0.10055475
152946	5031	0.10055475
152946	5716	0.10055475
152946	5886	0.10055475
152946	6515	0.10055475
153042	6767	0.11011574
153042	1009	0.10990955
153042	2067	0.10990955
153042	4047	0.10990955
153042	2544	0.109909534
153042	6342	0.109909505
153042	687	0.10954907
153042	1199	0.10954907
153042	1041	0.10954903
153042	1227	0.10954903
153054	124	0.14152321
153054	387	0.14152321
153054	597	0.14152321
153054	832	0.14152321
153054	1058	0.14152321
153054	1340	0.14152321
153054	1869	0.14152321
153054	2138	0.14152321
153054	3559	0.14152321
153054	3971	0.14152321
153091	864	0.08958559
153091	3040	0.08958559
153091	3146	0.08958559
153091	4490	0.08958558
153091	6381	0.08958558
153091	5699	0.08958556
153091	6535	0.08958555
153091	5834	0.089585535
153091	1806	0.08935779
153091	2220	0.08935779
153174	890	0.119225025
153174	5886	0.119225025
153174	6123	0.119225025
153174	387	0.11922501
153174	922	0.11922501
153174	997	0.11922501
153174	1094	0.11922501
153174	1856	0.11922501
153174	2405	0.11922501
153174	3559	0.11922501
153211	2138	0.14084908
153211	3971	0.14084908
153211	6912	0.14084908
153211	41	0.14084907
153211	124	0.14084907
153211	387	0.14084907
153211	890	0.14084907
153211	1869	0.14084907
153211	3616	0.14084907
153211	215	0.14084905
153283	686	0.13725907
153283	801	0.13725907
153283	1650	0.13725907
153283	4151	0.13725907
153283	6222	0.13725907
153283	1087	0.13725905
153283	2305	0.13725905
153283	3187	0.13725905
153283	5001	0.13725905
153283	5019	0.13725905
153322	3853	0.13233116
153322	5115	0.13233116
153322	5454	0.13233116
153322	6643	0.13233116
153322	6674	0.13233116
153322	533	0.13233115
153322	1745	0.13233115
153322	3210	0.13233115
153322	3866	0.13233115
153322	4273	0.13233115
153342	49	0.096906066
153342	1869	0.096906066
153342	2121	0.096906066
153342	2364	0.096906066
153342	3616	0.096906066
153342	3971	0.096906066
153342	4076	0.096906066
153342	5031	0.096906066
153342	6123	0.096906066
153342	6915	0.096906066
153361	6651	0.10175251
153361	188	0.10175248
153361	5154	0.10175247
153361	6215	0.100386895
153361	1863	0.10038687
153361	3936	0.10038686
153361	5496	0.10038686
153361	5307	0.10038684
153361	2122	0.10021843
153361	3008	0.100218415
153513	3866	0.103374705
153513	5454	0.103374705
153513	1806	0.1033747
153513	2220	0.1033747
153513	3493	0.1033747
153513	4404	0.1033747
153513	6768	0.1033747
153513	563	0.10337469
153513	1025	0.10337469
153513	2363	0.10337469
153653	6674	0.11303701
153653	2541	0.113037005
153653	3418	0.113037005
153653	3493	0.113037005
153653	3853	0.113037005
153653	3866	0.113037005
153653	4718	0.113037005
153653	4727	0.113037005
153653	5454	0.113037005
153653	6643	0.113037005
153718	874	0.10590883
153718	4623	0.1037005
153718	3904	0.10338819
153718	3038	0.10291371
153718	5799	0.10291367
153718	1507	0.102913655
153718	873	0.1019147
153718	566	0.10191469
153718	5164	0.10191466
153718	868	0.10191465
153719	6674	0.14220287
153719	533	0.14220285
153719	2220	0.14220285
153719	3418	0.14220285
153719	3493	0.14220285
153719	3830	0.14220285
153719	3853	0.14220285
153719	3866	0.14220285
153719	4241	0.14220285
153719	4595	0.14220285
153723	269	0.12516403
153723	387	0.12516403
153723	478	0.12516403
153723	597	0.12516403
153723	922	0.12516403
153723	997	0.12516403
153723	1455	0.12516403
153723	2138	0.12516403
153723	2356	0.12516403
153723	3559	0.12516403
153797	3853	0.10168156
153797	5454	0.10168155
153797	3866	0.101681545
153797	4241	0.101681545
153797	5312	0.101681545
153797	6310	0.101681545
153797	6643	0.101681545
153797	6674	0.101681545
153797	2541	0.10168154
153797	3980	0.10168154
153865	6216	0.13700062
153865	6840	0.13700062
153865	231	0.1370006
153865	1022	0.1370006
153865	5129	0.1370006
153865	1050	0.13700059
153865	1619	0.13700059
153865	3567	0.13700059
153865	4176	0.13700059
153865	5197	0.13700059
153950	6123	0.12361499
153950	1869	0.12361498
153950	3971	0.12361498
153950	5031	0.12361498
153950	2364	0.123614974
153950	2646	0.123614974
153950	3822	0.123614974
153950	6096	0.123614974
153950	49	0.12361497
153950	376	0.12361497
154021	5731	0.09984725
154021	1258	0.09984724
154021	1621	0.09984724
154021	1848	0.09984724
154021	4103	0.09984724
154021	6279	0.09984724
154021	6465	0.09984724
154021	1388	0.099847235
154021	3983	0.099847235
154021	396	0.09984723
154070	387	0.089716
154070	579	0.089716
154070	642	0.089716
154070	890	0.089716
154070	901	0.089716
154070	1869	0.089716
154070	2121	0.089716
154070	2364	0.089716
154070	3616	0.089716
154070	3971	0.089716
154126	387	0.114283085
154126	3971	0.11428308
154126	5031	0.11428308
154126	5886	0.11428308
154126	6123	0.11428308
154126	24	0.11428307
154126	49	0.11428307
154126	890	0.11428307
154126	922	0.11428307
154126	2103	0.11428307
154137	2933	0.10793328
154137	5472	0.10793328
154137	6645	0.10793328
154137	6655	0.10793328
154137	6585	0.107933275
154137	3378	0.10793327
154137	5471	0.10793327
154137	6680	0.10793327
154137	1258	0.10631181
154137	1848	0.10631181
154176	4076	0.12612857
154176	6912	0.12612857
154176	41	0.12612855
154176	387	0.12612855
154176	642	0.12612855
154176	890	0.12612855
154176	922	0.12612855
154176	997	0.12612855
154176	1340	0.12612855
154176	2037	0.12612855
154269	890	0.11540234
154269	1869	0.11540234
154269	2138	0.11540234
154269	3971	0.11540234
154269	4076	0.11540234
154269	6123	0.11540234
154269	387	0.11540233
154269	2037	0.11540233
154269	5031	0.11540233
154269	5886	0.11540233
154345	3971	0.16879776
154345	1869	0.16879775
154345	6123	0.16879775
154345	49	0.16879773
154345	124	0.16879773
154345	387	0.16879773
154345	832	0.16879773
154345	890	0.16879773
154345	1194	0.16879773
154345	1856	0.16879773
154346	5454	0.086384356
154346	4718	0.08638435
154346	3866	0.08638434
154346	3980	0.08638434
154346	5312	0.08638434
154346	5730	0.08638434
154346	6310	0.08638434
154346	6674	0.08638434
154346	533	0.08638433
154346	846	0.08638433
154354	1146	0.13312086
154354	1869	0.13312086
154354	2138	0.13312086
154354	3971	0.13312086
154354	5031	0.13312086
154354	5886	0.13312086
154354	775	0.13312085
154354	890	0.13312085
154354	2121	0.13312085
154354	2364	0.13312085
154469	4151	0.12029539
154469	6222	0.12029538
154469	400	0.120295376
154469	931	0.120295376
154469	1087	0.120295376
154469	3187	0.120295376
154469	5019	0.120295376
154469	6236	0.120295376
154469	349	0.12029537
154469	686	0.12029537
154487	3866	0.102301545
154487	2220	0.10230154
154487	3853	0.10230154
154487	4727	0.10230154
154487	5454	0.10230154
154487	6768	0.10230154
154487	1745	0.10230153
154487	2569	0.10230153
154487	4680	0.10230153
154487	4718	0.10230153
154529	1177	0.08410804
154529	4806	0.084108025
154529	591	0.08410801
154529	1221	0.08410801
154529	1521	0.08410801
154529	2241	0.08410801
154529	3118	0.08410801
154529	3263	0.08410801
154529	3761	0.08410801
154529	4650	0.08410801
154543	387	0.1581729
154543	1058	0.1581729
154543	1146	0.1581729
154543	1393	0.1581729
154543	1869	0.1581729
154543	2121	0.1581729
154543	5031	0.1581729
154543	5886	0.1581729
154543	6507	0.1581729
154543	124	0.15817289
154553	558	0.100840434
154553	2701	0.10049948
154553	6032	0.10049948
154553	88	0.100499466
154553	3380	0.100499466
154553	4756	0.100499466
154553	4957	0.100499466
154553	6120	0.100499466
154553	3408	0.10049946
154553	3563	0.10049946
154627	1869	0.11158721
154627	3971	0.11158721
154627	5031	0.111587204
154627	5886	0.111587204
154627	6912	0.111587204
154627	49	0.1115872
154627	387	0.1115872
154627	478	0.1115872
154627	514	0.1115872
154627	642	0.1115872
154675	1869	0.11611433
154675	2138	0.11611433
154675	3971	0.116114326
154675	5031	0.116114326
154675	387	0.11611432
154675	579	0.11611432
154675	645	0.11611432
154675	890	0.11611432
154675	2364	0.11611432
154675	3616	0.11611432
154730	325	0.07649757
154730	3754	0.075736955
154730	5764	0.07567265
154730	5891	0.07567264
154730	2893	0.075672634
154730	6277	0.075672634
154730	4319	0.075007066
154730	5690	0.07500705
154730	6446	0.07500705
154730	1260	0.075007044
154781	1869	0.10330537
154781	2138	0.10330537
154781	5886	0.10330537
154781	6123	0.10330537
154781	890	0.10330536
154781	1340	0.10330536
154781	3971	0.10330536
154781	5031	0.10330536
154781	6912	0.10330536
154781	387	0.103305355
154791	4460	0.097907126
154791	2045	0.09790711
154791	2840	0.097907096
154791	331	0.09790708
154791	1692	0.09790708
154791	1531	0.09790706
154791	2583	0.09790705
154791	2121	0.09764814
154791	387	0.09764813
154791	890	0.09764813
154844	1869	0.11004907
154844	6123	0.11004907
154844	49	0.11004906
154844	387	0.11004906
154844	890	0.11004906
154844	3971	0.11004906
154844	5886	0.11004906
154844	41	0.110049054
154844	124	0.110049054
154844	514	0.110049054
154944	41	0.14773001
154944	1869	0.14773001
154944	3971	0.14773001
154944	5886	0.14773001
154944	124	0.14773
154944	215	0.14773
154944	387	0.14773
154944	642	0.14773
154944	890	0.14773
154944	986	0.14773
154975	3971	0.11618402
154975	41	0.11618401
154975	579	0.11618401
154975	890	0.11618401
154975	1862	0.11618401
154975	1869	0.11618401
154975	2121	0.11618401
154975	5031	0.11618401
154975	5218	0.11618401
154975	5396	0.11618401
154981	801	0.081901684
154981	1087	0.081901684
154981	1389	0.081901684
154981	3120	0.081901684
154981	5121	0.081901684
154981	1650	0.08190168
154981	4151	0.08190168
154981	6222	0.08190168
154981	6252	0.08190168
154981	109	0.08190167
154992	997	0.121668875
154992	1058	0.121668875
154992	1094	0.121668875
154992	1455	0.121668875
154992	1869	0.121668875
154992	3971	0.121668875
154992	5031	0.121668875
154992	5886	0.121668875
154992	6123	0.121668875
154992	387	0.12166887
155000	3677	0.12100607
155000	4740	0.12100607
155000	6396	0.12100607
155000	6312	0.121006064
155000	4144	0.12100606
155000	4738	0.12100606
155000	5599	0.12100606
155000	5914	0.12100606
155000	1024	0.12100604
155000	5534	0.12100604
155014	1869	0.12308781
155014	3971	0.12308781
155014	6123	0.12308781
155014	2138	0.1230878
155014	3616	0.1230878
155014	997	0.12308779
155014	2364	0.12308779
155014	4880	0.12308779
155014	5716	0.12308779
155014	579	0.123087786
155141	6123	0.10061984
155141	387	0.10061983
155141	1869	0.10061983
155141	4323	0.10061983
155141	41	0.10061982
155141	124	0.10061982
155141	269	0.10061982
155141	376	0.10061982
155141	478	0.10061982
155141	890	0.10061982
155147	3179	0.10276919
155147	3597	0.10276918
155147	660	0.10276917
155147	1423	0.10276917
155147	6851	0.10059559
155147	482	0.10059558
155147	2457	0.10059558
155147	2988	0.10059558
155147	4007	0.10059558
155147	4382	0.10059558
155219	80	0.12859443
155219	3644	0.12859443
155219	4984	0.12859443
155219	4813	0.12859441
155219	6909	0.12859441
155219	1487	0.1285944
155219	2647	0.1285944
155219	5106	0.1285944
155219	5151	0.1285944
155219	5372	0.1285944
155306	4176	0.07854281
155306	6840	0.07854281
155306	231	0.078542806
155306	1022	0.0785428
155306	1034	0.0785428
155306	3950	0.0785428
155306	5129	0.0785428
155306	5197	0.0785428
155306	6216	0.0785428
155306	668	0.07854279
155343	3418	0.11714156
155343	3700	0.11714156
155343	6643	0.11714156
155343	6674	0.11714156
155343	1806	0.11714155
155343	2304	0.11714155
155343	3493	0.11714155
155343	3830	0.11714155
155343	4595	0.11714155
155343	528	0.117141545
155376	1146	0.11736853
155376	5886	0.11736853
155376	387	0.11736852
155376	478	0.11736852
155376	645	0.11736852
155376	890	0.11736852
155376	922	0.11736852
155376	997	0.11736852
155376	3971	0.11736852
155376	5031	0.11736852
155444	4673	0.123610415
155444	2419	0.12361039
155444	2783	0.12361039
155444	3230	0.12361039
155444	4452	0.12361039
155444	5864	0.12361039
155444	903	0.123610385
155444	3870	0.123610385
155444	4938	0.123610385
155444	5041	0.123610385
155495	1869	0.09989768
155495	41	0.09989767
155495	215	0.09989767
155495	387	0.09989767
155495	3616	0.09989767
155495	3971	0.09989767
155495	5031	0.09989767
155495	5886	0.09989767
155495	6123	0.09989767
155495	890	0.09989766
155580	1177	0.10756649
155580	1221	0.10756649
155580	4650	0.10756649
155580	6318	0.10756649
155580	4806	0.10756648
155580	531	0.107566476
155580	1233	0.107566476
155580	3118	0.107566476
155580	3263	0.107566476
155580	3693	0.107566476
155680	1869	0.114647195
155680	3616	0.114647195
155680	3971	0.114647195
155680	6123	0.11464719
155680	387	0.11464718
155680	579	0.11464718
155680	775	0.11464718
155680	890	0.11464718
155680	997	0.11464718
155680	1189	0.11464718
155743	3971	0.14301336
155743	890	0.14301334
155743	1869	0.14301334
155743	2138	0.14301334
155743	6123	0.14301334
155743	41	0.14301333
155743	49	0.14301333
155743	387	0.14301333
155743	478	0.14301333
155743	579	0.14301333
155771	3853	0.12057928
155771	3866	0.12057927
155771	3418	0.120579265
155771	5454	0.120579265
155771	1806	0.12057926
155771	2220	0.12057926
155771	2304	0.12057926
155771	3493	0.12057926
155771	3830	0.12057926
155771	4595	0.12057926
155778	4378	0.11044963
155778	2006	0.11044962
155778	3525	0.11044962
155778	5566	0.11044962
155778	6865	0.11044962
155778	6108	0.11044961
155778	2408	0.110449605
155778	415	0.1104496
155778	5813	0.1104496
155778	6681	0.1104496
155807	2419	0.094206564
155807	247	0.09420656
155807	3870	0.09420656
155807	4501	0.09420656
155807	4673	0.09420656
155807	5041	0.09420655
155807	5864	0.09420655
155807	6834	0.09420655
155807	819	0.09420654
155807	884	0.09420654
155810	1306	0.13339502
155810	5232	0.13339499
155810	4400	0.13339497
155810	5583	0.13339497
155810	4693	0.13339496
155810	4698	0.13339496
155810	6427	0.13339496
155810	2323	0.13339493
155810	6775	0.13339493
155810	5619	0.13332705
155913	49	0.1630092
155913	890	0.1630092
155913	3971	0.1630092
155913	5031	0.1630092
155913	5716	0.1630092
155913	6123	0.1630092
155913	832	0.16300918
155913	1159	0.16300918
155913	1194	0.16300918
155913	1415	0.16300918
155989	890	0.102741554
155989	6123	0.102741554
155989	3971	0.10274155
155989	6507	0.10274155
155989	387	0.10274154
155989	478	0.10274154
155989	642	0.10274154
155989	997	0.10274154
155989	1194	0.10274154
155989	1455	0.10274154
156163	49	0.11336381
156163	1869	0.1133638
156163	2121	0.1133638
156163	2364	0.1133638
156163	3971	0.1133638
156163	6123	0.1133638
156163	6915	0.1133638
156163	387	0.113363795
156163	579	0.113363795
156163	1415	0.113363795
156214	3971	0.14739934
156214	266	0.1473993
156214	387	0.1473993
156214	478	0.1473993
156214	597	0.1473993
156214	611	0.1473993
156214	645	0.1473993
156214	832	0.1473993
156214	1862	0.1473993
156214	1869	0.1473993
156300	1965	0.09908229
156300	2359	0.09908229
156300	859	0.099082276
156300	4099	0.09908227
156300	4908	0.09908227
156300	5931	0.09908227
156300	6023	0.09908227
156300	4291	0.09908226
156300	5565	0.09908225
156300	5673	0.09908225
156342	4004	0.11720429
156342	4446	0.11720429
156342	6152	0.11720429
156342	759	0.117204286
156342	2518	0.117204286
156342	1362	0.11720428
156342	1742	0.11720428
156342	3749	0.11720428
156342	5427	0.11720428
156342	6601	0.11720428
156432	6222	0.10236049
156432	4151	0.10236048
156432	686	0.10236047
156432	801	0.10236047
156432	1087	0.10236047
156432	1389	0.10236047
156432	3120	0.10236047
156432	3187	0.10236047
156432	3219	0.10236047
156432	109	0.102360465
156483	4740	0.12133866
156483	6312	0.12133866
156483	5914	0.12133865
156483	6396	0.12133865
156483	1024	0.12133864
156483	3677	0.12133864
156483	4738	0.12133864
156483	5599	0.12133864
156483	1155	0.121338636
156483	1672	0.121338636
156510	3853	0.11793274
156510	5454	0.11793274
156510	6643	0.11793274
156510	6674	0.11793273
156510	401	0.11793272
156510	533	0.11793272
156510	1745	0.11793272
156510	2220	0.11793272
156510	2304	0.11793272
156510	3112	0.11793272
156534	3146	0.069677785
156534	4490	0.06967776
156534	3040	0.069677755
156534	5699	0.069677755
156534	6381	0.069677755
156534	864	0.06967775
156534	6535	0.06967774
156534	5834	0.069677725
156534	5702	0.06808972
156534	3866	0.06730603
156584	5031	0.15606447
156584	1869	0.15606445
156584	376	0.15606444
156584	890	0.15606444
156584	997	0.15606444
156584	2405	0.15606444
156584	4323	0.15606444
156584	6912	0.15606444
156584	24	0.15606442
156584	49	0.15606442
156706	4906	0.10485757
156706	1567	0.10485756
156706	248	0.10485755
156706	2207	0.10485755
156706	4903	0.10485755
156706	5335	0.10485755
156706	5869	0.10485755
156706	6028	0.10485755
156706	1874	0.10485754
156706	2653	0.10485754
156837	4004	0.10216162
156837	4446	0.102161616
156837	5058	0.102161616
156837	1362	0.1021616
156837	2017	0.1021616
156837	2518	0.1021616
156837	6152	0.1021616
156837	759	0.102161594
156837	2828	0.102161594
156837	5980	0.102161594
157083	478	0.088305324
157083	4076	0.088305324
157083	6123	0.088305324
157083	387	0.08830532
157083	890	0.08830532
157083	922	0.08830532
157083	997	0.08830532
157083	2138	0.08830532
157083	3616	0.08830532
157083	3971	0.08830532
157127	3853	0.12558652
157127	6643	0.12558652
157127	401	0.12558651
157127	533	0.12558651
157127	2220	0.12558651
157127	2304	0.12558651
157127	2363	0.12558651
157127	3091	0.12558651
157127	3112	0.12558651
157127	3210	0.12558651
157163	1869	0.06604184
157163	3971	0.06604184
157163	5886	0.06604184
157163	1862	0.066041835
157163	2138	0.066041835
157163	5896	0.066041835
157163	6912	0.066041835
157163	24	0.06604183
157163	41	0.06604183
157163	124	0.06604183
157252	6265	0.09306128
157252	244	0.09306127
157252	149	0.09306125
157252	582	0.09306125
157252	632	0.09306125
157252	4045	0.09306125
157252	4599	0.09306125
157252	650	0.093061246
157252	3548	0.093061246
157252	961	0.09306124
157273	4813	0.10963316
157273	6909	0.10963316
157273	3644	0.10963315
157273	4984	0.10963315
157273	80	0.10963313
157273	1487	0.10963313
157273	2647	0.10963313
157273	3271	0.10963313
157273	3868	0.10963313
157273	3890	0.10963313
157281	387	0.12116105
157281	5031	0.12116105
157281	645	0.12116104
157281	890	0.12116104
157281	922	0.12116104
157281	997	0.12116104
157281	1146	0.12116104
157281	1869	0.12116104
157281	2121	0.12116104
157281	3971	0.12116104
157380	1610	0.15801398
157380	4387	0.15801397
157380	3929	0.15801395
157380	4482	0.15801395
157380	5974	0.15801395
157380	626	0.15801394
157380	4143	0.15801394
157380	6288	0.15801394
157380	6706	0.15801394
157380	1733	0.15801392
157543	533	0.113701105
157543	3866	0.113701105
157543	4595	0.113701105
157543	5454	0.1137011
157543	6643	0.1137011
157543	1806	0.11370109
157543	2363	0.11370109
157543	3091	0.11370109
157543	3483	0.11370109
157543	3493	0.11370109
157594	5031	0.1011829
157594	5896	0.1011829
157594	890	0.10118289
157594	1869	0.10118289
157594	3616	0.10118289
157594	3188	0.101182885
157594	4226	0.101182885
157594	5886	0.101182885
157594	6912	0.101182885
157594	24	0.10118288
157625	4176	0.09222756
157625	5197	0.09222756
157625	6840	0.09222756
157625	231	0.09222755
157625	1022	0.09222754
157625	6216	0.09222754
157625	510	0.09222753
157625	668	0.09222753
157625	677	0.09222753
157625	851	0.09222753
157655	2940	0.10685223
157655	5069	0.10685223
157655	305	0.10685222
157655	5731	0.10593718
157655	398	0.10593717
157655	1621	0.10593717
157655	4703	0.10593717
157655	3657	0.10593716
157655	4103	0.10593716
157655	5897	0.10593716
157660	6840	0.10936921
157660	6216	0.1093692
157660	231	0.109369196
157660	1022	0.109369196
157660	1619	0.109369196
157660	5197	0.109369196
157660	2950	0.10936919
157660	4176	0.10936919
157660	4205	0.10936918
157660	5129	0.10936918
157799	3866	0.09789113
157799	5511	0.09789112
157799	6674	0.09789112
157799	3830	0.097891115
157799	1745	0.09789111
157799	1806	0.09789111
157799	2220	0.09789111
157799	2569	0.09789111
157799	3418	0.09789111
157799	3483	0.09789111
157811	890	0.11598425
157811	3971	0.11598425
157811	5886	0.11598425
157811	49	0.115984246
157811	387	0.115984246
157811	1094	0.115984246
157811	5031	0.115984246
157811	6123	0.115984246
157811	922	0.11598424
157811	1146	0.11598424
158033	489	0.14050779
158033	3560	0.14050779
158033	4885	0.14050779
158033	1080	0.14050777
158033	1170	0.14050777
158033	2360	0.14050777
158033	3510	0.14050777
158033	3694	0.14050777
158033	5785	0.14050777
158033	6555	0.14050777
158034	231	0.07980953
158034	4176	0.07980953
158034	6216	0.07980953
158034	851	0.07980952
158034	1034	0.07980952
158034	1619	0.07980952
158034	5129	0.07980952
158034	5197	0.07980952
158034	5872	0.07980952
158034	6840	0.07980952
158043	1869	0.09386009
158043	3616	0.09386009
158043	5031	0.09386009
158043	387	0.09386008
158043	901	0.09386008
158043	2037	0.09386008
158043	2121	0.09386008
158043	6123	0.09386008
158043	215	0.093860075
158043	478	0.093860075
158103	852	0.12610644
158103	4254	0.12610644
158103	2313	0.12610641
158103	4375	0.12610641
158103	4892	0.12610641
158103	6772	0.12610641
158103	309	0.1261064
158103	2036	0.1261064
158103	2948	0.1261064
158103	3993	0.1261064
158104	1306	0.058940664
158104	5232	0.058940656
158104	5583	0.058940656
158104	6427	0.058940656
158104	4400	0.058940653
158104	4698	0.058940653
158104	4693	0.05894065
158104	6775	0.05894064
158104	2323	0.058940627
158104	6674	0.058785874
158226	3597	0.083131865
158226	660	0.08313186
158226	1423	0.08313184
158226	3179	0.083131835
158226	6265	0.08272193
158226	244	0.082721926
158226	149	0.08272192
158226	632	0.08272192
158226	582	0.08272191
158226	2962	0.08272191
158254	387	0.1514367
158254	3971	0.1514367
158254	41	0.15143669
158254	215	0.15143669
158254	922	0.15143669
158254	997	0.15143669
158254	1058	0.15143669
158254	1146	0.15143669
158254	1869	0.15143669
158254	3616	0.15143669
158361	3971	0.105694525
158361	3616	0.10569452
158361	5031	0.10569452
158361	5886	0.10569452
158361	6123	0.10569452
158361	6912	0.10569452
158361	124	0.10569451
158361	642	0.10569451
158361	890	0.10569451
158361	997	0.10569451
158385	3971	0.08469968
158385	49	0.084699675
158385	890	0.084699675
158385	1869	0.084699675
158385	2736	0.084699675
158385	3616	0.084699675
158385	5031	0.084699675
158385	5886	0.084699675
158385	810	0.08469967
158385	1194	0.08469967
158433	4813	0.14818695
158433	3644	0.14818694
158433	4984	0.14818694
158433	5106	0.14818692
158433	6909	0.14818692
158433	80	0.1481869
158433	1997	0.1481869
158433	1487	0.14818689
158433	2236	0.14818689
158433	2647	0.14818689
158506	3677	0.09788616
158506	4740	0.09788616
158506	5914	0.09788615
158506	1155	0.097886145
158506	5599	0.097886145
158506	6396	0.097886145
158506	4444	0.09788614
158506	4738	0.09788614
158506	703	0.09788613
158506	1024	0.09788613
158606	6123	0.117386445
158606	890	0.11738643
158606	1194	0.11738643
158606	3971	0.11738643
158606	4076	0.11738643
158606	642	0.11738642
158606	1189	0.11738642
158606	1869	0.11738642
158606	4390	0.11738642
158606	6033	0.11738642
158714	2419	0.13595584
158714	4673	0.13595584
158714	884	0.13595583
158714	5041	0.13595583
158714	222	0.13595581
158714	247	0.13595581
158714	301	0.13595581
158714	903	0.13595581
158714	1648	0.13595581
158714	2783	0.13595581
158774	3971	0.11961868
158774	1869	0.11961867
158774	5886	0.11961867
158774	1146	0.11961866
158774	4076	0.11961866
158774	5031	0.11961866
158774	5716	0.11961866
158774	49	0.119618654
158774	387	0.119618654
158774	478	0.119618654
158846	5886	0.111621246
158846	890	0.11162124
158846	1869	0.11162124
158846	49	0.11162123
158846	387	0.11162123
158846	478	0.11162123
158846	1856	0.11162123
158846	2055	0.11162123
158846	2364	0.11162123
158846	2728	0.11162123
158984	3991	0.12924829
158984	6435	0.12924829
158984	3982	0.12924828
158984	1218	0.12924826
158984	3321	0.12924826
158984	3447	0.12924826
158984	3469	0.12924825
158984	1869	0.12722309
158984	3971	0.12722309
158984	5886	0.12722309
159004	1610	0.08760555
159004	4387	0.08760555
159004	626	0.087605536
159004	4143	0.087605536
159004	5974	0.087605536
159004	4482	0.08760553
159004	5012	0.08760553
159004	6594	0.08760553
159004	990	0.08760552
159004	1404	0.08760552
159033	3321	0.0676579
159033	6435	0.067657895
159033	3982	0.06765788
159033	3991	0.06765788
159033	1218	0.06765787
159033	3447	0.06765787
159033	3469	0.06765787
159033	5031	0.067060135
159033	1869	0.06706013
159033	3616	0.06706013
159044	1869	0.10058005
159044	3971	0.10058005
159044	387	0.100580044
159044	3616	0.100580044
159044	41	0.10058004
159044	124	0.10058004
159044	478	0.10058004
159044	577	0.10058004
159044	890	0.10058004
159044	1146	0.10058004
159137	4103	0.12639402
159137	5731	0.12639402
159137	1621	0.126394
159137	2320	0.126394
159137	4703	0.126394
159137	398	0.12639399
159137	1632	0.12639399
159137	2209	0.12639399
159137	2485	0.12639399
159137	2491	0.12639399
159283	1567	0.10643702
159283	1816	0.10643702
159283	4906	0.10643702
159283	5086	0.10643702
159283	6429	0.10643702
159283	711	0.10643701
159283	2653	0.10643701
159283	4493	0.10643701
159283	4903	0.10643701
159283	5295	0.10643701
159455	4740	0.107747465
159455	5914	0.10774745
159455	6312	0.10774745
159455	4738	0.10774744
159455	6396	0.10774744
159455	1155	0.107747436
159455	1163	0.107747436
159455	2503	0.107747436
159455	3677	0.107747436
159455	4444	0.107747436
159506	1411	0.14616275
159506	2196	0.14616273
159506	3379	0.14616273
159506	5158	0.14616272
159506	5350	0.1461627
159506	3206	0.14616267
159506	4718	0.1454471
159506	3866	0.14544709
159506	4241	0.14544709
159506	401	0.14544708
159647	6123	0.10775306
159647	2138	0.10775305
159647	3286	0.10775305
159647	3971	0.10775305
159647	5218	0.10775305
159647	5886	0.10775305
159647	6912	0.10775305
159647	387	0.107753046
159647	478	0.107753046
159647	597	0.107753046
159720	6265	0.10856279
159720	244	0.108562775
159720	4599	0.10856277
159720	149	0.10856276
159720	4045	0.10856276
159720	582	0.10856275
159720	632	0.10856275
159720	961	0.10856275
159720	2962	0.10856275
159720	3385	0.10856275
159732	4740	0.1473119
159732	6312	0.1473119
159732	1155	0.14731188
159732	3677	0.14731188
159732	4738	0.14731188
159732	5914	0.14731188
159732	1024	0.14731187
159732	2503	0.14731187
159732	4144	0.14731187
159732	4431	0.14731187
159754	5434	0.07835756
159754	4448	0.07764447
159754	6599	0.07764441
159754	3603	0.07703398
159754	5150	0.07632089
159754	999	0.07632086
159754	3392	0.07632086
159754	702	0.07632082
159754	6088	0.07632081
159754	6851	0.076141946
159817	1869	0.13350335
159817	3971	0.13350335
159817	4076	0.13350335
159817	5886	0.13350335
159817	387	0.13350333
159817	478	0.13350333
159817	5031	0.13350333
159817	41	0.13350332
159817	49	0.13350332
159817	124	0.13350332
159822	1869	0.09325169
159822	3616	0.093251675
159822	3750	0.093251675
159822	3971	0.093251675
159822	5886	0.093251675
159822	387	0.09325167
159822	1455	0.09325167
159822	6123	0.09325167
159822	24	0.09325166
159822	215	0.09325166
159834	3971	0.13641293
159834	387	0.13641292
159834	922	0.13641292
159834	2138	0.13641292
159834	5218	0.13641292
159834	5886	0.13641292
159834	6123	0.13641292
159834	49	0.1364129
159834	243	0.1364129
159834	478	0.1364129
159854	6423	0.103777036
159854	2843	0.10377702
159854	1301	0.103777
159854	5031	0.10336664
159854	579	0.10336663
159854	1869	0.10336663
159854	3616	0.10336663
159854	5886	0.10336663
159854	890	0.10336662
159854	901	0.10336662
159858	5886	0.122807115
159858	997	0.12280711
159858	4076	0.12280711
159858	5031	0.12280711
159858	6123	0.12280711
159858	49	0.1228071
159858	124	0.1228071
159858	387	0.1228071
159858	478	0.1228071
159858	890	0.1228071
159860	425	0.09425493
159860	5355	0.09425489
159860	1524	0.09425488
159860	4469	0.09425488
159860	91	0.09425487
159860	3776	0.094254866
159860	5304	0.09425486
159860	5321	0.09425486
159860	1185	0.09425485
159860	4032	0.09425485
159863	3418	0.10739435
159863	2363	0.107394345
159863	3830	0.107394345
159863	5511	0.107394345
159863	6643	0.107394345
159863	6674	0.107394345
159863	533	0.10739434
159863	938	0.10739434
159863	987	0.10739434
159863	1745	0.10739434
159868	1146	0.106976576
159868	2339	0.106976576
159868	2364	0.106976576
159868	3750	0.106976576
159868	5570	0.106976576
159868	124	0.10697657
159868	387	0.10697657
159868	478	0.10697657
159868	642	0.10697657
159868	890	0.10697657
159946	41	0.08646405
159946	1869	0.08646405
159946	124	0.08646404
159946	215	0.08646404
159946	5381	0.08646404
159946	5886	0.08646404
159946	6912	0.08646404
159946	216	0.08646403
159946	266	0.08646403
159946	376	0.08646403
159977	511	0.087507665
159977	1092	0.087507665
159977	6364	0.08750766
159977	2785	0.08750765
159977	4557	0.08750765
159977	5288	0.08750765
159977	6593	0.08750765
159977	617	0.08750764
159977	1644	0.08750764
159977	3526	0.08750764
160154	1610	0.12773234
160154	2986	0.12773234
160154	3929	0.12773234
160154	4387	0.12773234
160154	6594	0.12773234
160154	6798	0.12773234
160154	4143	0.12773232
160154	4760	0.12773232
160154	626	0.1277323
160154	824	0.1277323
160180	4176	0.14363247
160180	231	0.14363246
160180	668	0.14363244
160180	1022	0.14363244
160180	1034	0.14363244
160180	1619	0.14363244
160180	1723	0.14363244
160180	3950	0.14363244
160180	4000	0.14363244
160180	4068	0.14363244
160200	533	0.092318
160200	3866	0.092318
160200	5454	0.092318
160200	3418	0.09231799
160200	4595	0.09231799
160200	5115	0.09231799
160200	6674	0.09231799
160200	561	0.09231798
160200	1806	0.09231798
160200	2220	0.09231798
160231	425	0.09584475
160231	5304	0.09584469
160231	1524	0.095844686
160231	3776	0.095844686
160231	5355	0.095844686
160231	91	0.09584468
160231	4032	0.09584468
160231	4469	0.09584468
160231	5859	0.09584468
160231	1185	0.09584467
160295	3799	0.10813068
160295	6244	0.10813067
160295	2501	0.10813066
160295	4338	0.10813066
160295	395	0.10813065
160295	467	0.10813065
160295	887	0.10813065
160295	2821	0.10813065
160295	3430	0.10813065
160295	6322	0.10813065
160334	1869	0.11125145
160334	3971	0.11125145
160334	49	0.11125144
160334	387	0.11125144
160334	4323	0.111251436
160334	5031	0.111251436
160334	6123	0.111251436
160334	579	0.11125143
160334	832	0.11125143
160334	890	0.11125143
160344	6423	0.07936276
160344	2843	0.079362735
160344	1301	0.07936272
160344	890	0.078844585
160344	1869	0.078844585
160344	2095	0.078844585
160344	2121	0.078844585
160344	3164	0.078844585
160344	4076	0.078844585
160344	4323	0.078844585
160378	387	0.12094721
160378	1869	0.12094721
160378	41	0.120947205
160378	1058	0.120947205
160378	3559	0.120947205
160378	3616	0.120947205
160378	5886	0.120947205
160378	6123	0.120947205
160378	124	0.1209472
160378	266	0.1209472
160381	5610	0.08785753
160381	2853	0.08777222
160381	3716	0.08777221
160381	6029	0.08777215
160381	4388	0.08747981
160381	1312	0.0874798
160381	4536	0.0874798
160381	5681	0.08747979
160381	2105	0.087479785
160381	2616	0.087479785
160393	4595	0.09420447
160393	533	0.09420446
160393	3853	0.09420446
160393	6643	0.09420446
160393	1739	0.094204456
160393	3210	0.094204456
160393	3418	0.094204456
160393	3700	0.094204456
160393	3866	0.094204456
160393	4241	0.094204456
160401	1869	0.15683725
160401	3971	0.15683725
160401	5031	0.15683725
160401	387	0.15683724
160401	2138	0.15683724
160401	41	0.15683722
160401	49	0.15683722
160401	233	0.15683722
160401	478	0.15683722
160401	579	0.15683722
160434	5454	0.13015512
160434	6674	0.13015512
160434	533	0.1301551
160434	3493	0.1301551
160434	3853	0.1301551
160434	3866	0.1301551
160434	4241	0.1301551
160434	4727	0.1301551
160434	5312	0.1301551
160434	6643	0.1301551
160548	533	0.104037225
160548	2220	0.104037225
160548	2363	0.104037225
160548	3493	0.104037225
160548	3830	0.104037225
160548	3853	0.104037225
160548	3980	0.104037225
160548	4241	0.104037225
160548	5511	0.104037225
160548	6310	0.104037225
160558	3380	0.096995525
160558	6032	0.096995525
160558	2701	0.09699552
160558	3654	0.09699552
160558	4756	0.09699551
160558	3815	0.0969955
160558	6120	0.0969955
160558	6284	0.0969955
160558	6745	0.0969955
160558	3944	0.096995495
160571	3971	0.1400375
160571	387	0.14003748
160571	478	0.14003748
160571	1869	0.14003748
160571	5886	0.14003748
160571	6912	0.14003748
160571	645	0.14003746
160571	922	0.14003746
160571	997	0.14003746
160571	1189	0.14003746
160574	387	0.15918148
160574	478	0.15918148
160574	3971	0.15918148
160574	5886	0.15918148
160574	6123	0.15918148
160574	124	0.15918146
160574	890	0.15918146
160574	997	0.15918146
160574	4076	0.15918146
160574	6507	0.15918146
160681	4740	0.08675179
160681	5914	0.08675179
160681	3677	0.086751774
160681	4144	0.08675177
160681	5599	0.08675177
160681	1155	0.08675176
160681	1163	0.08675176
160681	1811	0.08675176
160681	3060	0.08675176
160681	4431	0.08675176
160735	2138	0.097063184
160735	6123	0.097063184
160735	3971	0.09706318
160735	5218	0.09706318
160735	5886	0.09706318
160735	6507	0.09706318
160735	41	0.09706317
160735	387	0.09706317
160735	890	0.09706317
160735	922	0.09706317
160746	1869	0.09501907
160746	3971	0.09501907
160746	6123	0.09501907
160746	387	0.09501906
160746	2138	0.09501906
160746	3616	0.09501906
160746	49	0.09501905
160746	890	0.09501905
160746	1229	0.09501905
160746	1455	0.09501905
160803	1848	0.12964669
160803	5731	0.12964669
160803	6149	0.12964669
160803	4103	0.12964667
160803	4496	0.12964667
160803	344	0.12964666
160803	396	0.12964666
160803	398	0.12964666
160803	493	0.12964666
160803	1621	0.12964666
160819	5031	0.113231
160819	890	0.11323099
160819	997	0.11323099
160819	1146	0.11323099
160819	1856	0.11323099
160819	4076	0.11323099
160819	4323	0.11323099
160819	5709	0.11323099
160819	5886	0.11323099
160819	6123	0.11323099
160878	5785	0.12176464
160878	489	0.12176462
160878	3510	0.12176462
160878	3560	0.12176462
160878	4163	0.12176462
160878	1080	0.121764615
160878	2382	0.121764615
160878	3434	0.121764615
160878	3658	0.121764615
160878	4224	0.121764615
160881	231	0.089022115
160881	4176	0.08902211
160881	1619	0.0890221
160881	6216	0.0890221
160881	6840	0.0890221
160881	668	0.08902209
160881	1723	0.08902209
160881	4000	0.08902209
160881	677	0.089022085
160881	760	0.089022085
160994	6912	0.12375024
160994	5031	0.12375023
160994	597	0.123750225
160994	832	0.123750225
160994	842	0.123750225
160994	890	0.123750225
160994	997	0.123750225
160994	1146	0.123750225
160994	3616	0.123750225
160994	3971	0.123750225
161037	3971	0.07995641
161037	1869	0.079956405
161037	328	0.0799564
161037	387	0.0799564
161037	890	0.0799564
161037	1189	0.0799564
161037	1415	0.0799564
161037	1862	0.0799564
161037	2096	0.0799564
161037	2138	0.0799564
161039	890	0.09555908
161039	41	0.095559075
161039	387	0.095559075
161039	1862	0.095559075
161039	1869	0.095559075
161039	3971	0.095559075
161039	4076	0.095559075
161039	5218	0.095559075
161039	5886	0.095559075
161039	6123	0.095559075
161041	6082	0.13654923
161041	2910	0.13654916
161041	2975	0.13654916
161041	3418	0.13625327
161041	3630	0.13625327
161041	3830	0.13625327
161041	3853	0.13625327
161041	3866	0.13625327
161041	5454	0.13625327
161041	6643	0.13625327
161200	5478	0.14087886
161200	6355	0.14087883
161200	980	0.1408788
161200	5895	0.14087878
161200	492	0.14087877
161200	909	0.14087877
161200	5475	0.14087877
161200	4103	0.13918114
161200	5731	0.13918114
161200	1848	0.13918112
161234	1228	0.080855705
161234	869	0.08024411
161234	152	0.080244094
161234	1457	0.080244094
161234	1598	0.080244094
161234	1679	0.080244094
161234	1892	0.080244094
161234	2977	0.080244094
161234	2989	0.080244094
161234	6080	0.080244094
161250	124	0.08277206
161250	1869	0.08277206
161250	3971	0.08277206
161250	6123	0.08277206
161250	6912	0.08277206
161250	41	0.082772054
161250	1393	0.082772054
161250	1403	0.082772054
161250	2138	0.082772054
161250	3616	0.082772054
161252	5031	0.09843399
161252	890	0.09843397
161252	1415	0.09843397
161252	2713	0.09843397
161252	5886	0.09843397
161252	478	0.098433964
161252	2121	0.098433964
161252	3616	0.098433964
161252	4323	0.098433964
161252	49	0.09843396
161265	3971	0.10027924
161265	5886	0.10027924
161265	387	0.100279234
161265	922	0.100279234
161265	3616	0.100279234
161265	24	0.10027923
161265	41	0.10027923
161265	124	0.10027923
161265	577	0.10027923
161265	890	0.10027923
161299	5886	0.130089
161299	6912	0.130089
161299	387	0.13008898
161299	645	0.13008898
161299	890	0.13008898
161299	1749	0.13008898
161299	3971	0.13008898
161299	5031	0.13008898
161299	5716	0.13008898
161299	6123	0.13008898
161326	3868	0.089439675
161326	4813	0.089439675
161326	4984	0.089439675
161326	3890	0.08943967
161326	6909	0.08943967
161326	80	0.08943966
161326	821	0.08943966
161326	1487	0.08943966
161326	2647	0.08943966
161326	3271	0.08943966
161348	3616	0.118521765
161348	5031	0.118521765
161348	3971	0.11852176
161348	49	0.11852175
161348	328	0.11852175
161348	387	0.11852175
161348	478	0.11852175
161348	685	0.11852175
161348	842	0.11852175
161348	1289	0.11852175
161373	1650	0.121211305
161373	3785	0.121211305
161373	4151	0.121211305
161373	6222	0.121211305
161373	1087	0.1212113
161373	1389	0.12121129
161373	2916	0.12121129
161373	3120	0.12121129
161373	3187	0.12121129
161373	5019	0.12121129
161385	1869	0.088315934
161385	2121	0.088315934
161385	3559	0.088315934
161385	5218	0.088315934
161385	5886	0.088315934
161385	6300	0.088315934
161385	387	0.08831593
161385	577	0.08831593
161385	890	0.08831593
161385	901	0.08831593
161391	231	0.09602241
161391	4176	0.09602241
161391	1619	0.096022405
161391	5197	0.096022405
161391	6840	0.096022405
161391	668	0.0960224
161391	677	0.0960224
161391	4000	0.0960224
161391	6216	0.0960224
161391	1050	0.09602239
161467	5886	0.1464093
161467	1869	0.14640929
161467	3971	0.14640929
161467	6123	0.14640929
161467	24	0.14640927
161467	41	0.14640927
161467	124	0.14640927
161467	215	0.14640927
161467	328	0.14640927
161467	387	0.14640927
161476	3657	0.070565075
161476	4103	0.070565075
161476	4703	0.070565075
161476	5731	0.070565075
161476	6465	0.070565075
161476	1621	0.07056507
161476	2209	0.07056507
161476	6279	0.07056507
161476	398	0.07056506
161476	493	0.07056506
161533	890	0.097238325
161533	1869	0.097238325
161533	3971	0.097238325
161533	5886	0.097238325
161533	579	0.09723832
161533	775	0.09723832
161533	997	0.09723832
161533	1194	0.09723832
161533	1856	0.09723832
161533	2121	0.09723832
161662	4176	0.15160538
161662	231	0.15160537
161662	5129	0.15160537
161662	6216	0.15160537
161662	6840	0.15160537
161662	668	0.15160535
161662	1034	0.15160535
161662	1050	0.15160535
161662	1619	0.15160535
161662	3567	0.15160535
161677	3853	0.09723939
161677	3866	0.09723939
161677	3493	0.09723938
161677	4241	0.09723938
161677	5454	0.09723938
161677	3418	0.097239375
161677	4727	0.097239375
161677	5312	0.097239375
161677	5730	0.097239375
161677	6643	0.097239375
161744	3971	0.122081645
161744	49	0.12208164
161744	124	0.12208164
161744	387	0.12208164
161744	1869	0.12208164
161744	2364	0.12208164
161744	5886	0.12208164
161744	478	0.12208163
161744	922	0.12208163
161744	1146	0.12208163
161750	942	0.13899368
161750	2419	0.13899368
161750	3870	0.13899368
161750	4474	0.13899368
161750	6834	0.13899368
161750	3283	0.13899367
161750	4472	0.13899367
161750	4501	0.13899367
161750	4673	0.13899367
161750	6716	0.13899367
161752	4176	0.12961908
161752	231	0.12961906
161752	3950	0.12961906
161752	5197	0.12961906
161752	6216	0.12961906
161752	668	0.12961905
161752	4000	0.12961905
161752	6840	0.12961905
161752	677	0.12961903
161752	851	0.12961903
161755	1306	0.103501245
161755	5583	0.10350124
161755	4693	0.10350123
161755	4698	0.10350123
161755	5232	0.10350122
161755	4400	0.103501216
161755	6427	0.103501216
161755	2323	0.1035012
161755	6775	0.103501186
161755	3866	0.10268759
161831	506	0.110379204
161831	1764	0.110379204
161831	3129	0.110379204
161831	4764	0.110379204
161831	2029	0.1103792
161831	2929	0.1103792
161831	130	0.11037919
161831	172	0.11037919
161831	646	0.11037919
161831	947	0.11037919
161870	41	0.11995122
161870	1869	0.11995121
161870	3971	0.11995121
161870	6912	0.11995121
161870	1856	0.1199512
161870	2138	0.1199512
161870	3616	0.1199512
161870	5886	0.1199512
161870	24	0.119951196
161870	215	0.119951196
161880	5731	0.07788029
161880	6279	0.07788029
161880	1621	0.077880286
161880	2209	0.077880286
161880	398	0.07788028
161880	493	0.07788028
161880	605	0.07788028
161880	1258	0.07788028
161880	1280	0.07788028
161880	1632	0.07788028
161882	5417	0.12496791
161882	4243	0.12496789
161882	1467	0.12496785
161882	6265	0.12383869
161882	244	0.123838685
161882	3548	0.12383867
161882	3385	0.12383866
161882	149	0.123838656
161882	4599	0.123838656
161882	5437	0.123838656
161903	387	0.09832223
161903	890	0.09832223
161903	3971	0.09832223
161903	41	0.09832222
161903	2138	0.09832222
161903	6912	0.09832222
161903	124	0.09832221
161903	579	0.09832221
161903	597	0.09832221
161903	642	0.09832221
161936	579	0.13348687
161936	1393	0.13348687
161936	1869	0.13348687
161936	2121	0.13348687
161936	2138	0.13348687
161936	2364	0.13348687
161936	4293	0.13348687
161936	4323	0.13348687
161936	4876	0.13348687
161936	5218	0.13348687
161974	1087	0.11190013
161974	400	0.11190012
161974	5121	0.11190012
161974	6222	0.11190012
161974	6236	0.11190012
161974	931	0.11190011
161974	2145	0.11190011
161974	2916	0.11190011
161974	3120	0.11190011
161974	3219	0.11190011
162001	1151	0.08082402
162001	2155	0.08082402
162001	1472	0.08069578
162001	1951	0.08069578
162001	3935	0.08069577
162001	1515	0.08069576
162001	2769	0.08069576
162001	3496	0.08069576
162001	4169	0.08069576
162001	4686	0.08069576
162014	2381	0.095024906
162014	4821	0.0950249
162014	3834	0.09502488
162014	111	0.09500587
162014	4692	0.09500585
162014	1075	0.09500584
162014	1537	0.09500584
162014	1793	0.09500584
162014	2099	0.09500584
162014	4721	0.09500584
162019	307	0.07414953
162019	2535	0.07414953
162019	1424	0.07414952
162019	1436	0.07414952
162019	2507	0.07414952
162019	4002	0.07414952
162019	2689	0.07414951
162019	4728	0.07414951
162019	6523	0.07414951
162019	753	0.074149504
162030	3971	0.1114604
162030	49	0.11146039
162030	1146	0.11146039
162030	1393	0.11146039
162030	1869	0.11146039
162030	6123	0.11146039
162030	890	0.11146038
162030	2138	0.11146038
162030	3616	0.11146038
162030	5031	0.11146038
162121	2940	0.11600091
162121	5069	0.11600089
162121	305	0.116000876
162121	4740	0.11567488
162121	5914	0.115674876
162121	4738	0.11567487
162121	6312	0.11567487
162121	6396	0.11567487
162121	2503	0.11567486
162121	3060	0.11567486
162155	4176	0.13506967
162155	5197	0.13506967
162155	231	0.13506965
162155	668	0.13506965
162155	677	0.13506965
162155	760	0.13506964
162155	851	0.13506964
162155	1022	0.13506964
162155	1595	0.13506964
162155	1619	0.13506964
162219	3971	0.1159067
162219	1869	0.11590669
162219	5031	0.11590669
162219	387	0.115906686
162219	597	0.115906686
162219	890	0.115906686
162219	997	0.115906686
162219	2138	0.115906686
162219	3616	0.115906686
162219	5716	0.115906686
162264	2121	0.09757557
162264	3559	0.09757557
162264	124	0.09757556
162264	514	0.09757556
162264	579	0.09757556
162264	890	0.09757556
162264	1340	0.09757556
162264	1393	0.09757556
162264	1403	0.09757556
162264	1856	0.09757556
162311	3866	0.084199905
162311	5454	0.084199905
162311	2220	0.0841999
162311	1806	0.08419989
162311	2304	0.08419989
162311	3112	0.08419989
162311	3418	0.08419989
162311	3493	0.08419989
162311	3853	0.08419989
162311	3980	0.08419989
162376	1869	0.12380524
162376	3616	0.12380524
162376	5031	0.12380524
162376	3971	0.12380523
162376	6912	0.12380523
162376	645	0.123805225
162376	5886	0.123805225
162376	579	0.12380522
162376	1229	0.12380522
162376	1455	0.12380522
162380	4446	0.107560776
162380	2017	0.10756077
162380	4004	0.10756077
162380	6152	0.10756077
162380	6796	0.10756077
162380	2518	0.10756076
162380	3749	0.10756076
162380	5980	0.10756076
162380	595	0.107560754
162380	1362	0.107560754
162538	848	0.11092262
162538	5309	0.11092262
162538	5619	0.11092262
162538	3797	0.110922605
162538	3902	0.110922605
162538	1267	0.1109226
162538	3403	0.1109226
162538	2768	0.11092259
162538	3601	0.11092259
162538	5165	0.11092259
162562	3313	0.12084046
162562	6420	0.12084046
162562	3178	0.120840445
162562	4456	0.120840445
162562	4689	0.120840445
162562	5788	0.12084044
162562	4776	0.120840386
162562	1087	0.1206563
162562	4151	0.1206563
162562	1650	0.12065629
162590	3971	0.13312538
162590	4323	0.13312538
162590	6123	0.13312538
162590	24	0.13312536
162590	41	0.13312536
162590	49	0.13312536
162590	180	0.13312536
162590	387	0.13312536
162590	642	0.13312536
162590	832	0.13312536
162610	3974	0.08879839
162610	690	0.08879837
162610	2382	0.0870213
162610	4796	0.0870213
162610	6783	0.0870213
162610	1256	0.08702129
162610	2360	0.08702129
162610	3510	0.08702129
162610	3560	0.08702129
162610	3658	0.08702129
162626	2138	0.10220988
162626	3971	0.10220988
162626	6123	0.10220987
162626	890	0.102209866
162626	922	0.102209866
162626	1455	0.102209866
162626	2736	0.102209866
162626	6915	0.102209866
162626	642	0.10220986
162626	997	0.10220986
162662	5031	0.096869364
162662	1869	0.09686936
162662	5886	0.09686936
162662	41	0.09686935
162662	49	0.09686935
162662	124	0.09686935
162662	215	0.09686935
162662	387	0.09686935
162662	442	0.09686935
162662	597	0.09686935
162671	1869	0.17669222
162671	3616	0.1766922
162671	3971	0.1766922
162671	124	0.17669219
162671	775	0.17669219
162671	890	0.17669219
162671	997	0.17669219
162671	1189	0.17669219
162671	2091	0.17669219
162671	2121	0.17669219
162738	111	0.100460306
162738	1537	0.10046029
162738	1793	0.10046029
162738	4692	0.10046029
162738	5890	0.10046029
162738	4729	0.10046028
162738	368	0.100460276
162738	2109	0.100460276
162738	3198	0.100460276
162738	5695	0.100460276
162762	890	0.109068334
162762	901	0.109068334
162762	1869	0.109068334
162762	3616	0.109068334
162762	5031	0.109068334
162762	6123	0.109068334
162762	387	0.10906833
162762	1062	0.10906833
162762	1856	0.10906833
162762	2138	0.10906833
162780	1904	0.09752715
162780	114	0.09752714
162780	2266	0.097523995
162780	1464	0.09752397
162780	3546	0.09752396
162780	5076	0.09752396
162780	3321	0.09712857
162780	3991	0.09712857
162780	6435	0.09712856
162780	1218	0.09712855
162827	5871	0.107991874
162827	3151	0.10799185
162827	4410	0.10799185
162827	1960	0.107991844
162827	4774	0.107991844
162827	5292	0.107991844
162827	766	0.10799183
162827	5865	0.10799183
162827	1969	0.10799181
162827	1092	0.10693447
162840	2419	0.08766445
162840	3870	0.08766444
162840	4519	0.08766444
162840	3672	0.08766443
162840	4673	0.08766443
162840	222	0.087664425
162840	247	0.087664425
162840	762	0.087664425
162840	884	0.087664425
162840	1648	0.087664425
162849	1869	0.087506816
162849	3971	0.087506816
162849	387	0.08750681
162849	5886	0.08750681
162849	6123	0.08750681
162849	124	0.0875068
162849	215	0.0875068
162849	775	0.0875068
162849	997	0.0875068
162849	1146	0.0875068
162886	41	0.13399914
162886	1869	0.13399914
162886	3616	0.13399914
162886	3971	0.13399914
162886	5031	0.13399914
162886	5886	0.13399914
162886	5896	0.13399914
162886	24	0.13399912
162886	124	0.13399912
162886	180	0.13399912
163169	3525	0.11113839
163169	4378	0.11113836
163169	2006	0.11113835
163169	5566	0.11113835
163169	6108	0.11113835
163169	6453	0.111138344
163169	6681	0.111138344
163169	2686	0.11113834
163169	4328	0.11113834
163169	6865	0.11113834
163194	3974	0.09067137
163194	690	0.09067136
163194	3971	0.09057241
163194	5218	0.09057241
163194	41	0.0905724
163194	387	0.0905724
163194	890	0.0905724
163194	1146	0.0905724
163194	1862	0.0905724
163194	1869	0.0905724
163202	467	0.17586973
163202	4843	0.17586973
163202	6244	0.17586973
163202	6689	0.17586973
163202	887	0.17586972
163202	3799	0.17586972
163202	4338	0.17586972
163202	2501	0.1758697
163202	3384	0.1758697
163202	3426	0.1758697
163302	4925	0.09796654
163302	4998	0.09796654
163302	3233	0.09796653
163302	4044	0.09796653
163302	4784	0.09796653
163302	2186	0.09796652
163302	3041	0.09796652
163302	4719	0.09796652
163302	5153	0.09796652
163302	5466	0.09796652
163307	1869	0.12127314
163307	5031	0.12127314
163307	124	0.12127313
163307	387	0.12127313
163307	3616	0.12127313
163307	922	0.12127312
163307	2121	0.12127312
163307	2138	0.12127312
163307	2364	0.12127312
163307	3965	0.12127312
163319	2138	0.14413798
163319	2364	0.14413796
163319	3971	0.14413796
163319	597	0.14413795
163319	890	0.14413795
163319	986	0.14413795
163319	1062	0.14413795
163319	1146	0.14413795
163319	1194	0.14413795
163319	1229	0.14413795
163326	1087	0.10263992
163326	2180	0.10263991
163326	801	0.102639906
163326	1650	0.102639906
163326	4151	0.102639906
163326	400	0.1026399
163326	686	0.1026399
163326	1389	0.1026399
163326	2070	0.1026399
163326	2145	0.1026399
163329	4103	0.1112286
163329	5731	0.111228585
163329	605	0.11122858
163329	1280	0.11122858
163329	1621	0.11122858
163329	1848	0.11122858
163329	1258	0.11122857
163329	1388	0.11122857
163329	1887	0.11122857
163329	2491	0.11122857
163335	5339	0.10785811
163335	801	0.1078581
163335	1087	0.1078581
163335	1389	0.10785809
163335	2126	0.10785809
163335	2145	0.10785809
163335	2305	0.10785809
163335	2916	0.10785809
163335	3120	0.10785809
163335	3187	0.10785809
163358	4004	0.10269659
163358	759	0.10269658
163358	2128	0.10269658
163358	3749	0.10269658
163358	4446	0.10269658
163358	2017	0.102696575
163358	5427	0.102696575
163358	6152	0.102696575
163358	194	0.10269657
163358	595	0.10269657
163415	1869	0.09584094
163415	2364	0.09584094
163415	3616	0.09584094
163415	3971	0.09584094
163415	6915	0.09584094
163415	24	0.09584093
163415	41	0.09584093
163415	124	0.09584093
163415	579	0.09584093
163415	775	0.09584093
163419	6833	0.09569535
163419	1953	0.095695324
163419	3335	0.095695324
163419	1222	0.09569532
163419	6511	0.09302549
163419	248	0.09250437
163419	1567	0.09250437
163419	4493	0.09250437
163419	4906	0.09250437
163419	2844	0.09250436
163430	1869	0.09893813
163430	387	0.09893812
163430	2138	0.09893812
163430	3971	0.09893812
163430	5886	0.09893812
163430	890	0.098938115
163430	1058	0.098938115
163430	5896	0.098938115
163430	6507	0.098938115
163430	41	0.09893811
163433	3971	0.11714706
163433	890	0.11714705
163433	6123	0.11714705
163433	387	0.11714704
163433	1194	0.11714704
163433	1415	0.11714704
163433	1856	0.11714704
163433	1869	0.11714704
163433	2121	0.11714704
163433	4076	0.11714704
163443	3971	0.11880328
163443	6912	0.11880328
163443	1869	0.11880327
163443	3616	0.11880327
163443	387	0.11880326
163443	478	0.11880326
163443	642	0.11880326
163443	890	0.11880326
163443	901	0.11880326
163443	1189	0.11880326
163467	49	0.096999735
163467	890	0.096999735
163467	1869	0.096999735
163467	3971	0.096999735
163467	5031	0.096999735
163467	5886	0.096999735
163467	6123	0.096999735
163467	1146	0.09699973
163467	2138	0.09699973
163467	3822	0.09699973
163488	2974	0.064285666
163488	3467	0.064285666
163488	5956	0.064285666
163488	5855	0.06428566
163488	5856	0.06428566
163488	3343	0.06428565
163488	757	0.064285636
163488	4106	0.064285636
163488	5564	0.064285636
163488	3740	0.06354708
163534	5430	0.10623741
163534	364	0.10623738
163534	1826	0.10623738
163534	2780	0.10623738
163534	2879	0.10623738
163534	3824	0.10623738
163534	2606	0.106237374
163534	2636	0.106237374
163534	3435	0.106237374
163534	6260	0.106237374
163570	3853	0.065233395
163570	3866	0.06523338
163570	5454	0.06523338
163570	3091	0.06523337
163570	3830	0.06523337
163570	4727	0.06523337
163570	5115	0.06523337
163570	5312	0.06523337
163570	6643	0.06523337
163570	6674	0.06523337
163579	6265	0.13092276
163579	244	0.13092273
163579	4045	0.13092273
163579	149	0.13092272
163579	4082	0.13092272
163579	4599	0.13092272
163579	582	0.1309227
163579	632	0.1309227
163579	650	0.1309227
163579	961	0.1309227
163600	4103	0.08491786
163600	5731	0.08491786
163600	2320	0.08491785
163600	6149	0.08491785
163600	6465	0.08491785
163600	605	0.08491784
163600	651	0.08491784
163600	1258	0.08491784
163600	1388	0.08491784
163600	1459	0.08491784
163612	890	0.12712313
163612	1869	0.12712313
163612	2138	0.12712313
163612	3971	0.12712313
163612	24	0.12712312
163612	215	0.12712312
163612	387	0.12712312
163612	579	0.12712312
163612	645	0.12712312
163612	922	0.12712312
163676	387	0.0966561
163676	1856	0.0966561
163676	3616	0.0966561
163676	3971	0.0966561
163676	4434	0.0966561
163676	41	0.09665609
163676	1869	0.09665609
163676	2736	0.09665609
163676	5031	0.09665609
163676	6912	0.09665609
163759	511	0.090209164
163759	1092	0.090209164
163759	6880	0.09020916
163759	617	0.09020914
163759	1644	0.09020914
163759	2785	0.09020914
163759	3097	0.09020914
163759	3526	0.09020914
163759	4128	0.09020914
163759	4318	0.09020914
163761	3560	0.13451634
163761	1170	0.13451633
163761	2360	0.13451633
163761	2382	0.13451633
163761	3658	0.13451633
163761	3694	0.13451633
163761	3939	0.13451633
163761	4224	0.13451633
163761	4885	0.13451633
163761	6185	0.13451633
163796	5031	0.10168932
163796	478	0.10168931
163796	5218	0.10168931
163796	5886	0.10168931
163796	6123	0.10168931
163796	6912	0.10168931
163796	24	0.1016893
163796	49	0.1016893
163796	645	0.1016893
163796	997	0.1016893
163804	4689	0.117107354
163804	3178	0.11710733
163804	3313	0.11710733
163804	4456	0.11710733
163804	5788	0.11710732
163804	6420	0.1171073
163804	4776	0.11710729
163804	3476	0.11641906
163804	686	0.11603371
163804	2126	0.11603371
163851	1092	0.12131487
163851	511	0.12131485
163851	2796	0.12131484
163851	5998	0.12131484
163851	6364	0.12131484
163851	4905	0.12131483
163851	6880	0.12131483
163851	985	0.12131482
163851	1644	0.12131482
163851	2785	0.12131482
163876	1869	0.075677514
163876	3971	0.075677514
163876	5031	0.07567751
163876	6912	0.07567751
163876	234	0.0756775
163876	422	0.0756775
163876	597	0.0756775
163876	842	0.0756775
163876	890	0.0756775
163876	1340	0.0756775
163973	2888	0.06717715
163973	2726	0.06625517
163973	4243	0.06623605
163973	5417	0.066236034
163973	1467	0.06623601
163973	392	0.0658313
163973	6537	0.0658313
163973	2342	0.06583129
163973	1868	0.06583128
163973	244	0.06531409
164027	5869	0.101309344
164027	4906	0.10130934
164027	2653	0.10130933
164027	4493	0.10130932
164027	5086	0.10130932
164027	248	0.101309314
164027	655	0.101309314
164027	711	0.101309314
164027	1567	0.101309314
164027	2207	0.101309314
164096	3971	0.13278723
164096	49	0.13278721
164096	997	0.13278721
164096	2138	0.13278721
164096	2364	0.13278721
164096	3559	0.13278721
164096	3616	0.13278721
164096	6123	0.13278721
164096	6915	0.13278721
164096	124	0.1327872
164105	997	0.08215149
164105	1415	0.08215149
164105	2364	0.08215149
164105	3971	0.08215149
164105	5031	0.08215149
164105	5886	0.08215149
164105	6123	0.08215149
164105	6912	0.08215149
164105	387	0.08215148
164105	890	0.08215148
164301	2705	0.08696045
164301	6082	0.086242124
164301	2975	0.08624212
164301	2910	0.08624211
164301	2519	0.08608592
164301	3722	0.08608592
164301	2822	0.086085916
164301	467	0.0859759
164301	6689	0.0859759
164301	3384	0.085975885
164323	1087	0.18917684
164323	4151	0.18917684
164323	5800	0.18917684
164323	686	0.18917683
164323	2145	0.18917683
164323	3120	0.18917683
164323	4342	0.18917683
164323	5019	0.18917683
164323	5121	0.18917683
164323	5339	0.18917683
164425	1869	0.07492659
164425	124	0.074926585
164425	216	0.074926585
164425	387	0.074926585
164425	832	0.074926585
164425	890	0.074926585
164425	986	0.074926585
164425	1403	0.074926585
164425	2121	0.074926585
164425	2343	0.074926585
164480	3971	0.15377255
164480	41	0.15377253
164480	124	0.15377253
164480	387	0.15377253
164480	775	0.15377253
164480	890	0.15377253
164480	922	0.15377253
164480	997	0.15377253
164480	1189	0.15377253
164480	1194	0.15377253
164492	387	0.12498048
164492	4323	0.12498048
164492	1869	0.12498047
164492	3971	0.12498047
164492	5031	0.12498047
164492	6123	0.12498047
164492	478	0.124980465
164492	890	0.124980465
164492	922	0.124980465
164492	1146	0.124980465
164518	4446	0.08603126
164518	3749	0.08603125
164518	4004	0.08603125
164518	6152	0.08603125
164518	6422	0.08603125
164518	759	0.08603124
164518	1362	0.08603124
164518	1742	0.08603124
164518	2017	0.08603124
164518	2128	0.08603124
164533	660	0.08092399
164533	3179	0.08092399
164533	1423	0.080923975
164533	3597	0.080923975
164533	3853	0.080312744
164533	6643	0.08031274
164533	5115	0.08031273
164533	5454	0.08031273
164533	3112	0.08031272
164533	3418	0.08031272
164549	3616	0.12793405
164549	5031	0.12793405
164549	124	0.12793404
164549	387	0.12793404
164549	1852	0.12793404
164549	1869	0.12793404
164549	2037	0.12793404
164549	2091	0.12793404
164549	2121	0.12793404
164549	2138	0.12793404
164581	997	0.13037395
164581	1856	0.13037395
164581	2121	0.13037395
164581	2138	0.13037395
164581	3559	0.13037395
164581	3616	0.13037395
164581	3971	0.13037395
164581	5886	0.13037395
164581	6123	0.13037395
164581	49	0.13037394
164584	533	0.11967993
164584	3700	0.11967993
164584	4595	0.11967993
164584	4727	0.11967993
164584	5454	0.11967993
164584	6643	0.11967993
164584	6674	0.11967993
164584	1745	0.11967992
164584	3210	0.11967992
164584	3493	0.11967992
164675	2138	0.1131307
164675	890	0.113130696
164675	3971	0.113130696
164675	387	0.11313069
164675	1340	0.11313069
164675	1869	0.11313069
164675	2037	0.11313069
164675	2121	0.11313069
164675	5031	0.11313069
164675	5716	0.11313069
164728	2518	0.1499686
164728	4446	0.1499686
164728	1958	0.14996858
164728	2017	0.14996858
164728	759	0.14996856
164728	1362	0.14996856
164728	4004	0.14996856
164728	4789	0.14996856
164728	6152	0.14996856
164728	6601	0.14996856
164775	890	0.09880602
164775	1869	0.09880602
164775	3971	0.09880602
164775	5031	0.09880602
164775	579	0.098806016
164775	2121	0.098806016
164775	5886	0.098806016
164775	41	0.09880601
164775	124	0.09880601
164775	387	0.09880601
164828	2327	0.13467464
164828	4623	0.13403527
164828	5718	0.13284034
164828	2446	0.13284032
164828	1741	0.1328403
164828	5986	0.1328403
164828	6332	0.1328403
164828	1125	0.13219191
164828	1540	0.13176243
164828	1177	0.13155267
164870	4885	0.11186983
164870	1080	0.11186982
164870	3115	0.11186982
164870	854	0.11186981
164870	2382	0.11186981
164870	3510	0.11186981
164870	3560	0.11186981
164870	3658	0.11186981
164870	3694	0.11186981
164870	4411	0.11186981
164906	111	0.07803919
164906	4729	0.07803919
164906	1075	0.078039184
164906	4692	0.078039184
164906	5890	0.078039184
164906	1793	0.07803918
164906	2099	0.07803917
164906	2109	0.07803917
164906	3198	0.07803917
164906	3303	0.07803917
164926	1869	0.16704306
164926	3616	0.16704306
164926	890	0.16704305
164926	3971	0.16704305
164926	5031	0.16704305
164926	5886	0.16704305
164926	41	0.16704303
164926	124	0.16704303
164926	215	0.16704303
164926	266	0.16704303
165073	3380	0.12947384
165073	3408	0.12947382
165073	6745	0.12947382
165073	1414	0.1294738
165073	2701	0.1294738
165073	3654	0.1294738
165073	3815	0.1294738
165073	4756	0.1294738
165073	4957	0.1294738
165073	6032	0.1294738
165183	478	0.15470184
165183	3616	0.15470184
165183	3971	0.15470184
165183	4076	0.15470184
165183	5886	0.15470184
165183	24	0.15470183
165183	41	0.15470183
165183	49	0.15470183
165183	124	0.15470183
165183	387	0.15470183
165232	890	0.107732385
165232	1856	0.10773238
165232	3616	0.10773238
165232	5031	0.10773238
165232	2138	0.10773237
165232	3971	0.10773237
165232	4603	0.10773237
165232	6915	0.10773237
165232	1340	0.10773236
165232	1415	0.10773236
165267	3971	0.11804052
165267	2138	0.1180405
165267	4076	0.118040495
165267	5886	0.118040495
165267	24	0.11804049
165267	41	0.11804049
165267	890	0.11804049
165267	1869	0.11804049
165267	3616	0.11804049
165267	4390	0.11804049
165268	4176	0.10380776
165268	231	0.103807755
165268	6840	0.103807755
165268	4000	0.10380775
165268	5197	0.10380775
165268	1619	0.10380774
165268	1723	0.10380774
165268	668	0.10380773
165268	1022	0.10380773
165268	3950	0.10380773
165308	597	0.18631318
165308	832	0.18631318
165308	5886	0.18631318
165308	6912	0.18631318
165308	1869	0.18631317
165308	2138	0.18631317
165308	3965	0.18631317
165308	3971	0.18631317
165308	5031	0.18631317
165308	5716	0.18631317
165319	4044	0.19487786
165319	4719	0.19487786
165319	4784	0.19487786
165319	4925	0.19487786
165319	1765	0.19487785
165319	2186	0.19487785
165319	5201	0.19487785
165319	5358	0.19487785
165319	2837	0.19487783
165319	3031	0.19487783
165345	6674	0.12888995
165345	3418	0.12888993
165345	3853	0.12888993
165345	3866	0.12888993
165345	6643	0.12888993
165345	472	0.12888992
165345	533	0.12888992
165345	624	0.12888992
165345	846	0.12888992
165345	1070	0.12888992
165425	3971	0.106224045
165425	6912	0.106224045
165425	41	0.10622404
165425	24	0.10622403
165425	124	0.10622403
165425	387	0.10622403
165425	890	0.10622403
165425	997	0.10622403
165425	1189	0.10622403
165425	1869	0.10622403
165512	387	0.095686585
165512	3971	0.095686585
165512	5031	0.095686585
165512	890	0.09568658
165512	1869	0.09568658
165512	2121	0.09568658
165512	3616	0.09568658
165512	4076	0.09568658
165512	6123	0.09568658
165512	41	0.09568657
165516	667	0.09379985
165516	2936	0.093799844
165516	3374	0.093799844
165516	6075	0.093799844
165516	6352	0.093799844
165516	551	0.09379984
165516	2022	0.09379984
165516	2197	0.09379984
165516	2315	0.09379984
165516	5904	0.09379984
165576	4885	0.12244718
165576	3560	0.12244716
165576	3658	0.12244716
165576	3694	0.12244716
165576	4224	0.12244716
165576	2274	0.122447155
165576	489	0.12244715
165576	729	0.12244715
165576	968	0.12244715
165576	1080	0.12244715
165582	4151	0.091847554
165582	4342	0.091847554
165582	6222	0.091847554
165582	801	0.09184755
165582	1650	0.09184755
165582	3187	0.09184755
165582	3785	0.09184755
165582	6684	0.09184755
165582	400	0.09184754
165582	686	0.09184754
165669	244	0.10270265
165669	6265	0.10270265
165669	582	0.10270264
165669	632	0.10270263
165669	4045	0.10270263
165669	961	0.102702625
165669	4599	0.102702625
165669	149	0.10270262
165669	650	0.10270262
165669	1442	0.10270262
165758	5033	0.15804382
165758	520	0.1580438
165758	5653	0.15804377
165758	6147	0.15804377
165758	6810	0.15804377
165758	244	0.15763731
165758	6265	0.15763731
165758	961	0.15763728
165758	3385	0.15763728
165758	4599	0.15763728
165769	2382	0.093188435
165769	3694	0.093188435
165769	489	0.09318843
165769	3560	0.09318843
165769	4885	0.09318843
165769	854	0.09318842
165769	968	0.09318842
165769	1334	0.09318842
165769	1363	0.09318842
165769	1413	0.09318842
165806	4007	0.13322127
165806	4856	0.13322127
165806	6851	0.13322127
165806	4382	0.13322125
165806	5315	0.13322125
165806	482	0.13322124
165806	2457	0.13322124
165806	2685	0.13322124
165806	2988	0.13322124
165806	6749	0.13322124
165866	4076	0.083839886
165866	6123	0.083839886
165866	890	0.08383988
165866	1393	0.08383988
165866	1869	0.08383988
165866	2037	0.08383988
165866	2095	0.08383988
165866	2138	0.08383988
165866	2646	0.08383988
165866	3164	0.08383988
165884	6851	0.104127504
165884	482	0.10412748
165884	2457	0.10412748
165884	4856	0.10412748
165884	4007	0.104127474
165884	2988	0.10412747
165884	4382	0.10412747
165884	2685	0.10412746
165884	4986	0.10412746
165884	5315	0.10412746
165914	244	0.10118954
165914	6265	0.10118954
165914	4599	0.10118953
165914	632	0.101189524
165914	4045	0.101189524
165914	149	0.10118952
165914	582	0.10118951
165914	961	0.10118951
165914	1442	0.10118951
165914	2962	0.10118951
165987	4076	0.09949447
165987	5886	0.09949447
165987	3971	0.099494465
165987	24	0.09949446
165987	41	0.09949446
165987	49	0.09949446
165987	387	0.09949446
165987	478	0.09949446
165987	775	0.09949446
165987	890	0.09949446
166017	3971	0.12551574
166017	4076	0.12551574
166017	41	0.12551573
166017	387	0.12551573
166017	832	0.12551573
166017	890	0.12551573
166017	922	0.12551573
166017	1194	0.12551573
166017	1415	0.12551573
166017	1869	0.12551573
166030	890	0.07765658
166030	1094	0.07765658
166030	1146	0.07765658
166030	1194	0.07765658
166030	2138	0.07765658
166030	3971	0.07765658
166030	4603	0.07765658
166030	4949	0.07765658
166030	5886	0.07765658
166030	6123	0.07765658
166123	49	0.16916049
166123	387	0.16916049
166123	1058	0.16916049
166123	1935	0.16916049
166123	2121	0.16916049
166123	3971	0.16916049
166123	5031	0.16916049
166123	5886	0.16916049
166123	124	0.16916047
166123	890	0.16916047
166141	6912	0.09791522
166141	2364	0.09791521
166141	3971	0.09791521
166141	478	0.0979152
166141	579	0.0979152
166141	997	0.0979152
166141	1062	0.0979152
166141	1146	0.0979152
166141	1229	0.0979152
166141	1415	0.0979152
166291	3866	0.101483606
166291	3853	0.10148359
166291	3980	0.10148359
166291	5454	0.10148359
166291	533	0.10148358
166291	1806	0.10148358
166291	2220	0.10148358
166291	3493	0.10148358
166291	4404	0.10148358
166291	4563	0.10148358
166327	387	0.11102479
166327	1146	0.11102478
166327	1869	0.11102478
166327	2121	0.11102478
166327	3971	0.11102478
166327	41	0.111024775
166327	5886	0.111024775
166327	6123	0.111024775
166327	124	0.11102477
166327	890	0.11102477
166391	1902	0.12705123
166391	2382	0.12705123
166391	3427	0.12705123
166391	3560	0.12705123
166391	3694	0.12705123
166391	4224	0.12705123
166391	4796	0.12705123
166391	4817	0.12705123
166391	4885	0.12705123
166391	5785	0.12705123
166409	6265	0.12234122
166409	244	0.122341216
166409	4045	0.122341216
166409	632	0.12234121
166409	149	0.1223412
166409	582	0.1223412
166409	3385	0.1223412
166409	4599	0.1223412
166409	2962	0.12234119
166409	4082	0.12234119
166492	3971	0.107797444
166492	1869	0.10779744
166492	5886	0.10779744
166492	6123	0.10779744
166492	890	0.10779743
166492	1455	0.10779743
166492	2138	0.10779743
166492	2736	0.10779743
166492	2772	0.10779743
166492	5031	0.10779743
166596	944	0.15466118
166596	5182	0.15466118
166596	1915	0.15466116
166596	4232	0.15466115
166596	5266	0.15466115
166596	4958	0.15466113
166596	5914	0.15053912
166596	4740	0.1505391
166596	6396	0.15053909
166596	1024	0.15053907
166639	3678	0.08971662
166639	6154	0.08971661
166639	4238	0.0897166
166639	2106	0.08971658
166639	4951	0.08971657
166639	6840	0.08815386
166639	5197	0.088153854
166639	1022	0.08815385
166639	4176	0.08815385
166639	6216	0.08815385
166646	5731	0.095837176
166646	1621	0.09583715
166646	6279	0.09583715
166646	4103	0.095837146
166646	2014	0.09583714
166646	2320	0.09583714
166646	3143	0.09583714
166646	398	0.09583713
166646	493	0.09583713
166646	920	0.09583713
166753	3971	0.08656224
166753	5886	0.08656224
166753	24	0.08656223
166753	41	0.08656223
166753	124	0.08656223
166753	387	0.08656223
166753	890	0.08656223
166753	922	0.08656223
166753	1415	0.08656223
166753	1856	0.08656223
166758	6265	0.11840418
166758	4045	0.11840417
166758	149	0.118404165
166758	244	0.118404165
166758	582	0.118404165
166758	632	0.118404165
166758	961	0.118404165
166758	3385	0.118404165
166758	4082	0.118404165
166758	5437	0.118404165
166824	387	0.08933018
166824	5886	0.08933018
166824	997	0.089330174
166824	1869	0.089330174
166824	2138	0.089330174
166824	2806	0.089330174
166824	3559	0.089330174
166824	6123	0.089330174
166824	49	0.08933017
166824	124	0.08933017
166825	425	0.085112914
166825	1524	0.085112855
166825	4469	0.085112855
166825	5304	0.085112855
166825	91	0.08511285
166825	4032	0.08511285
166825	3776	0.08511284
166825	5321	0.08511284
166825	1185	0.08511283
166825	5355	0.08511283
166828	3853	0.12991618
166828	533	0.12991616
166828	2363	0.12991616
166828	3112	0.12991616
166828	3418	0.12991616
166828	3493	0.12991616
166828	3866	0.12991616
166828	3980	0.12991616
166828	4241	0.12991616
166828	4595	0.12991616
166830	2419	0.07055659
166830	5041	0.07055659
166830	884	0.07055658
166830	1648	0.07055658
166830	3230	0.07055658
166830	3606	0.07055658
166830	3870	0.07055658
166830	4452	0.07055658
166830	4673	0.07055658
166830	4938	0.07055658
166891	3866	0.10879778
166891	533	0.10879777
166891	3210	0.10879777
166891	3493	0.10879777
166891	4595	0.10879777
166891	4727	0.10879777
166891	5454	0.10879777
166891	5729	0.10879777
166891	6310	0.10879777
166891	6643	0.10879777
166922	3866	0.09457211
166922	2220	0.0945721
166922	3853	0.0945721
166922	4241	0.0945721
166922	4595	0.0945721
166922	5115	0.0945721
166922	5729	0.0945721
166922	6674	0.0945721
166922	533	0.09457209
166922	3091	0.09457209
167038	3866	0.107887864
167038	1806	0.10788786
167038	5454	0.10788786
167038	2499	0.10788785
167038	3418	0.10788785
167038	3493	0.10788785
167038	3830	0.10788785
167038	3853	0.10788785
167038	4241	0.10788785
167038	4595	0.10788785
167052	1869	0.13210362
167052	3616	0.13210362
167052	5031	0.13210362
167052	387	0.1321036
167052	997	0.1321036
167052	3965	0.1321036
167052	3971	0.1321036
167052	5886	0.1321036
167052	6912	0.1321036
167052	24	0.13210359
167176	4673	0.08723578
167176	2419	0.08723577
167176	3230	0.08723577
167176	247	0.08723576
167176	884	0.08723576
167176	1648	0.08723576
167176	3443	0.08723576
167176	3606	0.08723576
167176	4080	0.08723576
167176	4452	0.08723576
167189	5331	0.122819886
167189	5672	0.122819886
167189	6756	0.12281987
167189	6273	0.12281986
167189	4833	0.122819856
167189	828	0.12281984
167189	4351	0.12281984
167189	4488	0.12281984
167189	5343	0.12281983
167189	4885	0.1222564
167272	5472	0.09202315
167272	2933	0.092023134
167272	5471	0.092023134
167272	6645	0.092023134
167272	6655	0.092023134
167272	6680	0.092023134
167272	3378	0.09202313
167272	6585	0.09202312
167272	231	0.09200564
167272	4176	0.09200564
167327	890	0.106826305
167327	1869	0.106826305
167327	2138	0.106826305
167327	3971	0.106826305
167327	4076	0.106826305
167327	5031	0.106826305
167327	5886	0.106826305
167327	6123	0.106826305
167327	387	0.1068263
167327	478	0.1068263
167349	41	0.17011555
167349	24	0.17011553
167349	124	0.17011553
167349	215	0.17011553
167349	387	0.17011553
167349	478	0.17011553
167349	890	0.17011553
167349	1058	0.17011553
167349	1856	0.17011553
167349	1862	0.17011553
167389	3971	0.107565984
167389	5031	0.107565984
167389	1869	0.10756598
167389	376	0.10756597
167389	597	0.10756597
167389	832	0.10756597
167389	890	0.10756597
167389	997	0.10756597
167389	1094	0.10756597
167389	1340	0.10756597
167471	3971	0.111003615
167471	1869	0.11100361
167471	215	0.1110036
167471	3897	0.1110036
167471	5886	0.1110036
167471	387	0.11100359
167471	422	0.11100359
167471	538	0.11100359
167471	1856	0.11100359
167471	2728	0.11100359
167478	5031	0.12616155
167478	124	0.12616153
167478	387	0.12616153
167478	890	0.12616153
167478	997	0.12616153
167478	1869	0.12616153
167478	5886	0.12616153
167478	6123	0.12616153
167478	6912	0.12616153
167478	24	0.12616152
167494	3971	0.12260847
167494	387	0.12260846
167494	890	0.12260846
167494	5886	0.12260846
167494	124	0.12260845
167494	997	0.12260845
167494	1058	0.12260845
167494	1856	0.12260845
167494	1869	0.12260845
167494	2728	0.12260845
167507	3468	0.12872264
167507	3646	0.12872264
167507	5476	0.12872262
167507	508	0.12872261
167507	827	0.12872261
167507	4771	0.12872261
167507	518	0.12872258
167507	596	0.12872258
167507	1685	0.12872258
167507	854	0.12745649
167517	3971	0.10685917
167517	1869	0.10685916
167517	3616	0.10685916
167517	5031	0.10685916
167517	890	0.106859155
167517	5886	0.106859155
167517	6912	0.106859155
167517	49	0.10685915
167517	266	0.10685915
167517	387	0.10685915
167521	533	0.09404166
167521	3700	0.09404166
167521	6310	0.09404166
167521	6643	0.09404166
167521	6674	0.09404166
167521	2220	0.09404165
167521	3210	0.09404165
167521	3830	0.09404165
167521	528	0.094041646
167521	846	0.094041646
167556	49	0.0714618
167556	1856	0.0714618
167556	1869	0.0714618
167556	3971	0.0714618
167556	5886	0.0714618
167556	6915	0.0714618
167556	215	0.07146179
167556	478	0.07146179
167556	890	0.07146179
167556	922	0.07146179
167562	1194	0.13156582
167562	1455	0.13156582
167562	1852	0.13156582
167562	2121	0.13156582
167562	4076	0.13156582
167562	5886	0.13156582
167562	49	0.13156581
167562	119	0.13156581
167562	124	0.13156581
167562	216	0.13156581
167587	5150	0.07365787
167587	999	0.07365786
167587	3392	0.073657855
167587	702	0.07365785
167587	6088	0.07365783
167587	1177	0.073400825
167587	5691	0.07340082
167587	1221	0.07340081
167587	3511	0.07340081
167587	3761	0.07340081
167611	2377	0.10536007
167611	3799	0.10529586
167611	467	0.10529585
167611	6244	0.105295844
167611	395	0.10529584
167611	2501	0.10529584
167611	2821	0.10529584
167611	3384	0.10529584
167611	3426	0.10529584
167611	4843	0.10529584
167614	3971	0.12220438
167614	1869	0.12220436
167614	387	0.122204356
167614	5886	0.122204356
167614	124	0.12220435
167614	832	0.12220435
167614	842	0.12220435
167614	890	0.12220435
167614	1862	0.12220435
167614	3042	0.12220435
167678	231	0.09788612
167678	4176	0.09788612
167678	6216	0.09788612
167678	1022	0.097886115
167678	1619	0.09788611
167678	5197	0.09788611
167678	6840	0.09788611
167678	668	0.0978861
167678	677	0.0978861
167678	760	0.0978861
167722	5031	0.116662696
167722	890	0.11666268
167722	1869	0.11666268
167722	3971	0.11666268
167722	5886	0.11666268
167722	579	0.11666267
167722	3616	0.11666267
167722	3897	0.11666267
167722	6912	0.11666267
167722	24	0.116662666
167746	890	0.108937696
167746	1393	0.108937696
167746	2138	0.108937696
167746	3971	0.108937696
167746	6123	0.108937696
167746	6507	0.108937696
167746	41	0.10893769
167746	597	0.10893769
167746	1058	0.10893769
167746	5716	0.10893769
167761	49	0.09436115
167761	890	0.09436114
167761	1393	0.09436114
167761	2138	0.09436114
167761	3971	0.09436114
167761	4323	0.09436114
167761	5716	0.09436114
167761	24	0.094361134
167761	387	0.094361134
167761	1031	0.094361134
167782	2138	0.15909758
167782	890	0.15909757
167782	1455	0.15909757
167782	3616	0.15909757
167782	5031	0.15909757
167782	124	0.15909755
167782	376	0.15909755
167782	597	0.15909755
167782	642	0.15909755
167782	901	0.15909755
167800	3924	0.12433546
167800	2204	0.12383969
167800	2228	0.12383963
167800	3317	0.12383963
167800	1478	0.123839624
167800	1607	0.12383962
167800	4567	0.123283535
167800	5077	0.123283505
167800	5430	0.122787744
167800	364	0.12278774
167812	387	0.15993118
167812	1869	0.15993118
167812	3971	0.15993118
167812	5031	0.15993118
167812	5886	0.15993118
167812	6123	0.15993118
167812	6912	0.15993118
167812	997	0.15993117
167812	3616	0.15993117
167812	24	0.15993115
167844	3971	0.12606744
167844	890	0.12606743
167844	922	0.12606743
167844	1146	0.12606743
167844	1869	0.12606743
167844	3965	0.12606743
167844	4076	0.12606743
167844	5031	0.12606743
167844	5886	0.12606743
167844	6123	0.12606743
168016	890	0.106796764
168016	1869	0.106796764
168016	3971	0.106796764
168016	41	0.10679676
168016	124	0.10679676
168016	387	0.10679676
168016	1146	0.10679676
168016	2138	0.10679676
168016	2364	0.10679676
168016	3559	0.10679676
168029	2419	0.06759955
168029	247	0.067599535
168029	819	0.067599535
168029	900	0.067599535
168029	1648	0.067599535
168029	3230	0.067599535
168029	3443	0.067599535
168029	3820	0.067599535
168029	3870	0.067599535
168029	4474	0.067599535
168034	387	0.10665934
168034	997	0.10665934
168034	1869	0.10665934
168034	2364	0.10665934
168034	3616	0.10665934
168034	3971	0.10665934
168034	4076	0.10665934
168034	4696	0.10665934
168034	5886	0.10665934
168034	6123	0.10665934
168036	2874	0.120022155
168036	1476	0.12002215
168036	3084	0.12002214
168036	6669	0.12002213
168036	4906	0.11997116
168036	248	0.119971156
168036	2653	0.119971156
168036	5869	0.119971156
168036	1567	0.11997115
168036	711	0.11997114
168047	5434	0.14259845
168047	6851	0.14222601
168047	4856	0.142226
168047	482	0.14222597
168047	4382	0.14222597
168047	4986	0.14222597
168047	2457	0.14222595
168047	2988	0.14222595
168047	4007	0.14222595
168047	6749	0.14222595
168064	12	0.08472861
168064	5033	0.08373419
168064	6810	0.083734185
168064	520	0.08373417
168064	5653	0.08373417
168064	6147	0.08373415
168064	2492	0.08228779
168064	3844	0.08228779
168064	5927	0.08228777
168064	6116	0.08228777
168144	2492	0.07309276
168144	3844	0.07309276
168144	6116	0.073092744
168144	972	0.07309273
168144	1860	0.07309273
168144	4924	0.07309273
168144	5927	0.07309273
168144	6219	0.07309273
168144	5378	0.073092714
168144	6793	0.073092714
168216	3403	0.11758791
168216	3902	0.1175879
168216	848	0.117587894
168216	3601	0.117587894
168216	3970	0.117587894
168216	5309	0.117587894
168216	5619	0.117587894
168216	1678	0.11758788
168216	3797	0.11758788
168216	5165	0.11758788
168387	4446	0.12981148
168387	4004	0.12981147
168387	6152	0.12981147
168387	759	0.12981145
168387	2017	0.12981145
168387	2128	0.12981145
168387	2518	0.12981145
168387	3749	0.12981145
168387	6601	0.12981145
168387	6796	0.12981145
168388	5404	0.08808835
168388	1177	0.087660834
168388	2737	0.087660834
168388	6318	0.087660834
168388	4299	0.08766083
168388	4806	0.08766083
168388	6530	0.08766083
168388	3118	0.08766082
168388	3263	0.08766082
168388	4715	0.08766082
168464	387	0.11975488
168464	5886	0.11975488
168464	478	0.11975487
168464	3971	0.11975487
168464	6123	0.11975487
168464	997	0.119754866
168464	1194	0.119754866
168464	49	0.11975486
168464	922	0.11975486
168464	1869	0.11975486
168500	42	0.106653094
168500	427	0.10665308
168500	5066	0.106653064
168500	5793	0.106653064
168500	1536	0.10665306
168500	3494	0.10665306
168500	5832	0.10665306
168500	464	0.10665305
168500	1836	0.10665305
168500	3167	0.10665305
168642	1177	0.13664398
168642	1221	0.13664398
168642	6318	0.13664398
168642	6530	0.13664398
168642	6762	0.13664398
168642	3761	0.13664396
168642	4650	0.13664396
168642	4806	0.13664396
168642	5959	0.13664396
168642	6208	0.13664396
168763	5096	0.116177335
168763	90	0.11617732
168763	6431	0.11617731
168763	3738	0.116177306
168763	2002	0.1161773
168763	6556	0.1161773
168763	3453	0.11617729
168763	5714	0.11617729
168763	5996	0.11617729
168763	6077	0.11617729
168805	4243	0.15083845
168805	5417	0.15083843
168805	1467	0.15083838
168805	3560	0.14913422
168805	2360	0.14913419
168805	2382	0.14913419
168805	3510	0.14913419
168805	3694	0.14913419
168805	3939	0.14913419
168805	4796	0.14913419
168816	5886	0.110254616
168816	4076	0.11025461
168816	387	0.1102546
168816	478	0.1102546
168816	997	0.1102546
168816	1094	0.1102546
168816	1146	0.1102546
168816	1869	0.1102546
168816	3971	0.1102546
168816	4323	0.1102546
168954	1869	0.08653164
168954	3971	0.08653164
168954	5886	0.08653164
168954	49	0.08653163
168954	387	0.08653163
168954	2552	0.08653163
168954	124	0.086531624
168954	1058	0.086531624
168954	1935	0.086531624
168954	2772	0.086531624
168971	3971	0.12466126
168971	387	0.12466125
168971	890	0.12466125
168971	1146	0.12466125
168971	3616	0.12466125
168971	5031	0.12466125
168971	5886	0.12466125
168971	6123	0.12466125
168971	6912	0.12466125
168971	2339	0.124661244
168985	6318	0.11267569
168985	1177	0.11267568
168985	1221	0.11267568
168985	3118	0.11267568
168985	4806	0.112675674
168985	531	0.11267567
168985	3263	0.11267567
168985	3693	0.11267567
168985	3761	0.11267567
168985	4133	0.11267567
168999	1424	0.10342454
168999	307	0.103424534
168999	4002	0.103424534
168999	1436	0.10342453
168999	2535	0.10342452
168999	2689	0.10342452
168999	4728	0.10342452
168999	6365	0.10342452
168999	6523	0.10342452
168999	761	0.10342451
169006	24	0.13121441
169006	41	0.13121441
169006	890	0.13121441
169006	1403	0.13121441
169006	1869	0.13121441
169006	2138	0.13121441
169006	2713	0.13121441
169006	3971	0.13121441
169006	4076	0.13121441
169006	4323	0.13121441
169043	3749	0.103213325
169043	4446	0.103213325
169043	1362	0.10321332
169043	4004	0.10321332
169043	6601	0.10321332
169043	759	0.10321331
169043	1344	0.10321331
169043	1742	0.10321331
169043	2128	0.10321331
169043	2518	0.10321331
169057	6312	0.10576299
169057	4738	0.10576297
169057	4740	0.10576297
169057	5914	0.10576297
169057	6396	0.105762966
169057	1024	0.10576296
169057	1155	0.10576296
169057	1672	0.10576296
169057	2503	0.10576296
169057	3677	0.10576296
169192	2377	0.08953735
169192	6585	0.088340394
169192	6680	0.088340394
169192	2933	0.08834039
169192	3378	0.08834039
169192	6655	0.08834039
169192	5471	0.08834037
169192	5472	0.08834037
169192	6645	0.08834037
169192	2130	0.0880718
169223	3971	0.116062626
169223	4076	0.116062626
169223	5886	0.116062626
169223	6123	0.116062626
169223	890	0.11606262
169223	1146	0.11606262
169223	1869	0.11606262
169223	41	0.11606261
169223	124	0.11606261
169223	215	0.11606261
169233	4740	0.122334205
169233	5914	0.122334205
169233	6312	0.122334205
169233	6396	0.122334205
169233	5599	0.1223342
169233	3677	0.12233419
169233	4431	0.12233419
169233	4738	0.12233419
169233	1155	0.12233418
169233	2503	0.12233418
169249	3210	0.12124248
169249	3700	0.12124248
169249	4595	0.12124248
169249	5454	0.12124248
169249	6643	0.12124248
169249	3866	0.12124247
169249	6310	0.12124247
169249	533	0.12124246
169249	3853	0.12124246
169249	4727	0.12124246
169282	3971	0.104468904
169282	2138	0.1044689
169282	6123	0.1044689
169282	387	0.10446889
169282	579	0.10446889
169282	890	0.10446889
169282	922	0.10446889
169282	2364	0.10446889
169282	6912	0.10446889
169282	41	0.10446888
169309	106	0.12912393
169309	711	0.12912393
169309	1567	0.12912393
169309	2653	0.12912393
169309	4868	0.12912393
169309	4903	0.12912393
169309	5295	0.12912393
169309	5869	0.12912393
169309	6429	0.12912393
169309	6785	0.12912393
169310	5731	0.116537325
169310	2209	0.11653732
169310	3657	0.11653732
169310	4103	0.11653732
169310	2450	0.11653731
169310	1280	0.1165373
169310	1632	0.1165373
169310	1848	0.1165373
169310	2320	0.1165373
169310	2491	0.1165373
169400	1567	0.09621087
169400	4906	0.09621087
169400	5869	0.09621087
169400	2653	0.09621086
169400	4493	0.09621086
169400	5422	0.09621086
169400	5715	0.09621086
169400	6492	0.09621086
169400	248	0.09621085
169400	754	0.09621085
169403	3418	0.11639778
169403	3853	0.11639778
169403	3866	0.11639778
169403	5115	0.11639778
169403	5454	0.11639778
169403	6674	0.11639778
169403	1745	0.11639777
169403	1806	0.11639777
169403	3112	0.11639777
169403	3830	0.11639777
169438	1869	0.1194696
169438	3971	0.11946959
169438	5031	0.11946959
169438	3616	0.11946958
169438	5886	0.11946958
169438	124	0.119469576
169438	266	0.119469576
169438	387	0.119469576
169438	890	0.119469576
169438	1194	0.119469576
169450	890	0.076578096
169450	1415	0.076578096
169450	2121	0.076578096
169450	5031	0.076578096
169450	24	0.07657809
169450	1869	0.07657809
169450	2364	0.07657809
169450	2965	0.07657809
169450	3616	0.07657809
169450	3971	0.07657809
169465	191	0.09379554
169465	551	0.09379554
169465	667	0.09379554
169465	2022	0.09379554
169465	3374	0.09379554
169465	4438	0.09379554
169465	4671	0.09379554
169465	5904	0.09379554
169465	6075	0.09379554
169465	2197	0.09379553
169492	3971	0.09606081
169492	387	0.096060805
169492	6123	0.096060805
169492	49	0.0960608
169492	579	0.0960608
169492	890	0.0960608
169492	922	0.0960608
169492	1146	0.0960608
169492	1869	0.0960608
169492	2138	0.0960608
169600	1869	0.10403172
169600	3616	0.10403172
169600	3971	0.10403172
169600	1340	0.10403171
169600	2121	0.10403171
169600	2138	0.10403171
169600	5031	0.10403171
169600	5805	0.10403171
169600	6123	0.10403171
169600	642	0.104031704
169663	4885	0.10198566
169663	1080	0.10198565
169663	3427	0.10198565
169663	3560	0.10198565
169663	3658	0.10198565
169663	3694	0.10198565
169663	4796	0.10198565
169663	6783	0.10198565
169663	5785	0.10198564
169663	854	0.10198563
169682	4103	0.11973213
169682	1848	0.11973212
169682	1388	0.11973211
169682	2014	0.11973211
169682	2320	0.11973211
169682	5731	0.11973211
169682	6279	0.11973211
169682	6465	0.11973211
169682	892	0.119732104
169682	920	0.119732104
169692	1306	0.0603372
169692	5232	0.060337193
169692	4400	0.060337186
169692	4698	0.060337182
169692	5583	0.060337182
169692	4693	0.06033718
169692	6427	0.06033718
169692	6775	0.06033717
169692	2323	0.060337156
169692	5619	0.060114153
169699	6537	0.15273806
169699	1868	0.15273805
169699	2342	0.15273805
169699	392	0.15273803
169699	5869	0.14953238
169699	106	0.14953236
169699	711	0.14953236
169699	1567	0.14953236
169699	2844	0.14953236
169699	4868	0.14953236
169727	2360	0.06587354
169727	2382	0.06587354
169727	854	0.06587353
169727	968	0.06587353
169727	1256	0.06587353
169727	1413	0.06587353
169727	1902	0.06587353
169727	3115	0.06587353
169727	3256	0.06587353
169727	3427	0.06587353
169735	1869	0.15060136
169735	2138	0.15060136
169735	3971	0.15060136
169735	5886	0.15060136
169735	6123	0.15060136
169735	3616	0.15060134
169735	4076	0.15060134
169735	6515	0.15060134
169735	6912	0.15060134
169735	24	0.15060133
169779	3866	0.11977563
169779	5454	0.11977563
169779	533	0.11977562
169779	3853	0.11977562
169779	5115	0.11977562
169779	3795	0.119775616
169779	3980	0.119775616
169779	4595	0.119775616
169779	5312	0.119775616
169779	6310	0.119775616
169781	1764	0.10516885
169781	2090	0.10516885
169781	130	0.10516884
169781	3397	0.10516884
169781	172	0.105168834
169781	947	0.105168834
169781	1139	0.105168834
169781	1374	0.105168834
169781	1609	0.105168834
169781	2029	0.105168834
169824	890	0.12957107
169824	1869	0.12957107
169824	3965	0.12957107
169824	3971	0.12957107
169824	6123	0.12957107
169824	41	0.12957105
169824	49	0.12957105
169824	124	0.12957105
169824	376	0.12957105
169824	387	0.12957105
170012	2122	0.08130891
170012	1440	0.08130889
170012	3008	0.08130889
170012	2161	0.081308864
170012	4999	0.08111516
170012	2747	0.08111514
170012	2444	0.0809742
170012	4953	0.08080806
170012	6823	0.08080805
170012	345	0.08080804
170054	3657	0.11669815
170054	4103	0.11669815
170054	5731	0.11669815
170054	1280	0.116698146
170054	2014	0.116698146
170054	2209	0.116698146
170054	3143	0.116698146
170054	3610	0.116698146
170054	3786	0.116698146
170054	4703	0.116698146
170073	49	0.1434741
170073	579	0.1434741
170073	1869	0.1434741
170073	3971	0.1434741
170073	5031	0.1434741
170073	6123	0.1434741
170073	6915	0.1434741
170073	642	0.14347409
170073	1945	0.14347409
170073	2364	0.14347409
170077	387	0.13492195
170077	890	0.13492195
170077	3971	0.13492195
170077	6123	0.13492195
170077	124	0.13492194
170077	842	0.13492194
170077	1146	0.13492194
170077	1229	0.13492194
170077	1869	0.13492194
170077	2728	0.13492194
170154	1790	0.106605
170154	517	0.10469605
170154	6394	0.10467346
170154	2157	0.104673445
170154	4663	0.1046734
170154	5331	0.10461883
170154	6756	0.10461883
170154	828	0.10461882
170154	4833	0.10461882
170154	5672	0.10461882
170155	3971	0.13902397
170155	5886	0.13902397
170155	49	0.13902396
170155	387	0.13902396
170155	478	0.13902396
170155	890	0.13902396
170155	922	0.13902396
170155	997	0.13902396
170155	2138	0.13902396
170155	3559	0.13902396
170184	1869	0.1265046
170184	5886	0.1265046
170184	997	0.12650459
170184	3616	0.12650459
170184	5031	0.12650459
170184	24	0.12650457
170184	100	0.12650457
170184	124	0.12650457
170184	180	0.12650457
170184	215	0.12650457
170227	4740	0.10092196
170227	6312	0.10092196
170227	4431	0.10092195
170227	5914	0.10092195
170227	1024	0.100921944
170227	1155	0.100921944
170227	2503	0.100921944
170227	4738	0.100921944
170227	6396	0.100921944
170227	1672	0.10092194
170255	387	0.10610102
170255	478	0.10610102
170255	890	0.10610102
170255	1869	0.10610102
170255	3897	0.10610102
170255	3971	0.10610102
170255	4076	0.10610102
170255	4323	0.10610102
170255	5031	0.10610102
170255	5886	0.10610102
170256	1544	0.10840017
170256	5451	0.108400166
170256	3793	0.108400136
170256	2812	0.10840013
170256	3323	0.10840012
170256	2518	0.10833434
170256	1958	0.10833433
170256	4004	0.108334325
170256	30	0.10833432
170256	502	0.10833432
170264	511	0.10420768
170264	1092	0.10420768
170264	3526	0.10420768
170264	4318	0.10420768
170264	4557	0.10420768
170264	5998	0.10420768
170264	6364	0.10420768
170264	5288	0.10420767
170264	245	0.104207665
170264	617	0.104207665
170372	4103	0.11296688
170372	1621	0.112966865
170372	5731	0.112966865
170372	1848	0.11296686
170372	3657	0.11296686
170372	1258	0.11296685
170372	1388	0.11296685
170372	2209	0.11296685
170372	2450	0.11296685
170372	2644	0.11296685
170401	6840	0.072773114
170401	231	0.0727731
170401	1022	0.0727731
170401	4176	0.0727731
170401	5197	0.0727731
170401	1619	0.07277309
170401	2950	0.07277309
170401	6216	0.07277309
170401	668	0.072773084
170401	760	0.072773084
170415	3971	0.084231004
170415	6123	0.084231004
170415	2138	0.084231
170415	49	0.08423099
170415	387	0.08423099
170415	579	0.08423099
170415	597	0.08423099
170415	642	0.08423099
170415	890	0.08423099
170415	922	0.08423099
170493	3971	0.1113903
170493	387	0.11139029
170493	2121	0.11139029
170493	5886	0.11139029
170493	6123	0.11139029
170493	49	0.111390285
170493	478	0.111390285
170493	922	0.111390285
170493	1869	0.111390285
170493	6912	0.111390285
170499	5835	0.09241727
170499	3445	0.09241724
170499	6428	0.09241724
170499	2383	0.092417225
170499	3507	0.092417225
170499	4495	0.092417225
170499	6333	0.092417225
170499	6869	0.092417225
170499	2276	0.09241722
170499	3583	0.09241722
170509	4673	0.12216774
170509	4501	0.12216773
170509	4938	0.12216773
170509	247	0.12216772
170509	1804	0.12216772
170509	4602	0.12216772
170509	4758	0.12216772
170509	4997	0.12216772
170509	6554	0.12216772
170509	6834	0.12216772
170513	832	0.12269436
170513	1869	0.12269436
170513	3897	0.12269436
170513	266	0.12269435
170513	387	0.12269435
170513	1856	0.12269435
170513	5709	0.12269435
170513	5886	0.12269435
170513	41	0.12269434
170513	124	0.12269434
170518	2138	0.11851369
170518	3971	0.11851369
170518	890	0.11851367
170518	1869	0.11851367
170518	3616	0.11851367
170518	6123	0.11851367
170518	41	0.118513666
170518	387	0.118513666
170518	922	0.118513666
170518	997	0.118513666
170522	1133	0.102660984
170522	4265	0.102660984
170522	2466	0.102660954
170522	6032	0.10150188
170522	2701	0.10150187
170522	3654	0.10150187
170522	4756	0.10150187
170522	3380	0.10150186
170522	3563	0.10150186
170522	4957	0.10150186
170527	247	0.09103249
170527	2419	0.09103249
170527	4501	0.09103249
170527	4673	0.09103249
170527	5041	0.09103249
170527	6834	0.09103249
170527	903	0.09103248
170527	6864	0.09103248
170527	819	0.091032475
170527	884	0.091032475
170575	1648	0.10367572
170575	2419	0.10367572
170575	4938	0.10367572
170575	3230	0.103675716
170575	3870	0.103675716
170575	4474	0.103675716
170575	4673	0.103675716
170575	5041	0.103675716
170575	5864	0.103675716
170575	222	0.10367571
170595	1764	0.098175
170595	130	0.09817499
170595	1374	0.09817499
170595	2090	0.09817499
170595	2603	0.09817499
170595	4764	0.09817499
170595	172	0.09817498
170595	506	0.09817498
170595	646	0.09817498
170595	947	0.09817498
170634	41	0.09440139
170634	387	0.09440139
170634	2121	0.09440139
170634	3971	0.09440139
170634	4323	0.09440139
170634	5218	0.09440139
170634	1869	0.09440138
170634	5031	0.09440138
170634	5886	0.09440138
170634	49	0.094401374
170693	2492	0.10360986
170693	6116	0.10360986
170693	4924	0.103609845
170693	972	0.10360983
170693	6219	0.10360983
170693	5927	0.10360982
170693	6793	0.10360982
170693	1860	0.103609815
170693	5378	0.103609815
170693	3285	0.10360981
170724	1242	0.051650915
170724	4802	0.051650915
170724	5244	0.051650915
170724	5250	0.05165091
170724	3128	0.051650908
170724	495	0.051650904
170724	2202	0.051650904
170724	4618	0.051650904
170724	5498	0.051650897
170724	5454	0.05118692
170742	1869	0.14766864
170742	3971	0.14766864
170742	6123	0.14766864
170742	49	0.14766863
170742	890	0.14766863
170742	1194	0.14766863
170742	1229	0.14766863
170742	1340	0.14766863
170742	1415	0.14766863
170742	1455	0.14766863
170762	6123	0.14796214
170762	41	0.14796212
170762	387	0.14796212
170762	478	0.14796212
170762	890	0.14796212
170762	997	0.14796212
170762	1146	0.14796212
170762	2138	0.14796212
170762	3616	0.14796212
170762	3971	0.14796212
170792	6093	0.074539825
170792	3876	0.07453981
170792	5968	0.07453981
170792	6245	0.07453981
170792	4862	0.0745398
170792	1223	0.074539796
170792	2557	0.07453979
170792	6004	0.07453979
170792	1498	0.07453978
170792	3637	0.07453978
170810	3866	0.07155815
170810	6674	0.07155815
170810	4241	0.07155814
170810	6643	0.07155814
170810	533	0.07155813
170810	846	0.07155813
170810	1806	0.07155813
170810	2220	0.07155813
170810	2363	0.07155813
170810	2541	0.07155813
170845	5785	0.121234946
170845	489	0.12123494
170845	3510	0.12123494
170845	3560	0.12123494
170845	1080	0.12123493
170845	3434	0.12123493
170845	4163	0.12123493
170845	4796	0.12123493
170845	4885	0.12123493
170845	4913	0.12123493
170850	5904	0.079892695
170850	191	0.07989268
170850	667	0.07989268
170850	2022	0.07989268
170850	2197	0.07989268
170850	3374	0.07989268
170850	4671	0.07989268
170850	6352	0.07989268
170850	551	0.07989267
170850	1629	0.07989267
170861	6222	0.0973906
170861	1087	0.09739059
170861	1650	0.09739059
170861	2180	0.09739059
170861	3187	0.09739059
170861	3219	0.09739059
170861	4151	0.09739059
170861	4746	0.09739059
170861	5121	0.09739059
170861	5741	0.09739059
170866	3971	0.09317997
170866	387	0.093179956
170866	579	0.093179956
170866	775	0.093179956
170866	890	0.093179956
170866	1146	0.093179956
170866	1869	0.093179956
170866	5886	0.093179956
170866	6123	0.093179956
170866	6507	0.093179956
170869	231	0.094231315
170869	4176	0.09423131
170869	668	0.0942313
170869	1619	0.0942313
170869	1723	0.09423129
170869	4000	0.09423129
170869	5197	0.09423129
170869	6216	0.09423129
170869	6729	0.09423129
170869	6840	0.09423129
170947	5031	0.14100096
170947	24	0.14100093
170947	49	0.14100093
170947	376	0.14100093
170947	890	0.14100093
170947	922	0.14100093
170947	997	0.14100093
170947	1062	0.14100093
170947	1455	0.14100093
170947	1552	0.14100093
170966	890	0.11181022
170966	5031	0.111810215
170966	41	0.11181021
170966	124	0.11181021
170966	387	0.11181021
170966	922	0.11181021
170966	1146	0.11181021
170966	1856	0.11181021
170966	2121	0.11181021
170966	3616	0.11181021
171007	3616	0.09595158
171007	901	0.09595157
171007	1869	0.09595157
171007	2138	0.09595157
171007	5031	0.09595157
171007	5896	0.09595157
171007	387	0.095951565
171007	3971	0.095951565
171007	478	0.09595156
171007	577	0.09595156
171011	3491	0.078812584
171011	3018	0.07881258
171011	471	0.07881257
171011	1285	0.07881257
171011	1575	0.07881257
171011	2675	0.07881257
171011	3937	0.07881257
171011	4065	0.07881257
171011	5414	0.07881257
171011	5821	0.07881257
171045	387	0.095260754
171045	890	0.095260754
171045	1869	0.095260754
171045	2121	0.095260754
171045	6123	0.095260754
171045	3616	0.09526075
171045	3971	0.09526075
171045	41	0.09526074
171045	124	0.09526074
171045	266	0.09526074
171050	3616	0.11839314
171050	3971	0.11839314
171050	5031	0.11839314
171050	6123	0.11839314
171050	387	0.11839313
171050	890	0.11839313
171050	49	0.11839312
171050	645	0.11839312
171050	901	0.11839312
171050	997	0.11839312
171055	1177	0.12159756
171055	3118	0.12159754
171055	3263	0.121597536
171055	4806	0.121597536
171055	6762	0.121597536
171055	1221	0.12159753
171055	2737	0.12159753
171055	3761	0.12159753
171055	6318	0.12159753
171055	531	0.12159752
171078	2569	0.103267595
171078	3866	0.103267595
171078	6674	0.103267595
171078	3630	0.10326759
171078	3853	0.10326759
171078	2220	0.10326758
171078	2304	0.10326758
171078	2363	0.10326758
171078	2541	0.10326758
171078	3112	0.10326758
171082	4103	0.19398251
171082	5731	0.1939825
171082	920	0.19398248
171082	1258	0.19398248
171082	1280	0.19398248
171082	1388	0.19398248
171082	1621	0.19398248
171082	1848	0.19398248
171082	3610	0.19398248
171082	4703	0.19398248
171096	3678	0.07466653
171096	6154	0.07466652
171096	2106	0.074666515
171096	4238	0.0746665
171096	4951	0.0746665
171096	2419	0.07441555
171096	3870	0.07441555
171096	4938	0.07441554
171096	5864	0.07441554
171096	247	0.074415535
171295	1619	0.09673952
171295	6216	0.09673952
171295	231	0.096739516
171295	4176	0.096739516
171295	6840	0.09673951
171295	668	0.0967395
171295	677	0.0967395
171295	760	0.0967395
171295	1723	0.0967395
171295	5197	0.0967395
171359	5115	0.087732166
171359	2304	0.08773215
171359	3853	0.08773215
171359	3866	0.08773215
171359	5454	0.08773215
171359	6643	0.08773215
171359	6674	0.08773215
171359	533	0.08773214
171359	2363	0.08773214
171359	4595	0.08773214
171389	511	0.09659198
171389	1092	0.096591964
171389	6364	0.096591964
171389	2785	0.09659196
171389	617	0.09659195
171389	1551	0.09659195
171389	1644	0.09659195
171389	3097	0.09659195
171389	3433	0.09659195
171389	3526	0.09659195
171444	1695	0.10182783
171444	1801	0.10182783
171444	120	0.10182782
171444	2678	0.10182782
171444	5595	0.10182782
171444	4678	0.101827815
171444	4964	0.101827815
171444	5162	0.101827815
171444	6052	0.101827815
171444	6256	0.101827815
171445	884	0.10625208
171445	2419	0.10625208
171445	3283	0.106252074
171445	3606	0.106252074
171445	3837	0.106252074
171445	3870	0.106252074
171445	4080	0.106252074
171445	4673	0.106252074
171445	6834	0.106252074
171445	1648	0.10625207
171475	6592	0.101520106
171475	6630	0.101520106
171475	3628	0.1015201
171475	3045	0.10152009
171475	3938	0.10152009
171475	6591	0.10152009
171475	6654	0.10152009
171475	6690	0.10152009
171475	1978	0.101520084
171475	3002	0.101520084
171602	4446	0.09786035
171602	4004	0.097860344
171602	759	0.09786034
171602	6152	0.09786033
171602	1344	0.09786032
171602	2017	0.09786032
171602	2184	0.09786032
171602	3749	0.09786032
171602	5058	0.09786032
171602	5656	0.09786032
171638	5173	0.0959086
171638	2043	0.09590859
171638	3584	0.09590858
171638	3872	0.09590858
171638	5946	0.09590858
171638	6171	0.09590858
171638	5139	0.09590856
171638	5640	0.09590854
171638	5869	0.095527746
171638	4493	0.09552774
171818	6423	0.069076665
171818	2843	0.06907666
171818	1301	0.069076635
171818	41	0.06869991
171818	266	0.06869991
171818	387	0.06869991
171818	478	0.06869991
171818	890	0.06869991
171818	1146	0.06869991
171818	1856	0.06869991
171846	244	0.08280091
171846	6265	0.08280091
171846	4045	0.082800895
171846	4599	0.082800895
171846	149	0.08280089
171846	3385	0.08280089
171846	582	0.08280088
171846	632	0.08280088
171846	961	0.08280088
171846	1442	0.08280088
171904	49	0.10397521
171904	387	0.10397521
171904	478	0.10397521
171904	890	0.10397521
171904	1146	0.10397521
171904	1869	0.10397521
171904	2138	0.10397521
171904	3971	0.10397521
171904	4076	0.10397521
171904	5031	0.10397521
171967	3694	0.07598783
171967	2382	0.07598782
171967	3427	0.07598782
171967	3510	0.07598782
171967	3560	0.07598782
171967	4224	0.07598782
171967	4367	0.07598782
171967	4796	0.07598782
171967	4885	0.07598782
171967	296	0.075987816
171968	3971	0.11090396
171968	387	0.110903956
171968	890	0.11090395
171968	1340	0.11090395
171968	1749	0.11090395
171968	2138	0.11090395
171968	4076	0.11090395
171968	5031	0.11090395
171968	5886	0.11090395
171968	6123	0.11090395
171970	908	0.08967389
171970	785	0.08967386
171970	3514	0.08967386
171970	3080	0.08967385
171970	4733	0.08967383
171970	3893	0.089460045
171970	5055	0.08946003
171970	2027	0.089460015
171970	3013	0.089460015
171970	6472	0.089070454
171986	5121	0.09262523
171986	99	0.092625216
171986	400	0.092625216
171986	801	0.092625216
171986	1087	0.092625216
171986	1650	0.092625216
171986	2145	0.092625216
171986	3120	0.092625216
171986	5019	0.092625216
171986	5800	0.092625216
171999	1869	0.095474884
171999	2138	0.095474884
171999	2364	0.095474884
171999	3971	0.095474884
171999	4076	0.095474884
171999	6123	0.095474884
171999	6912	0.095474884
171999	6915	0.095474884
171999	1194	0.09547488
171999	2736	0.09547488
172010	299	0.0890737
172010	1519	0.0890737
172010	5387	0.089073695
172010	841	0.08907369
172010	5017	0.08907369
172010	1677	0.08907367
172010	3866	0.08879621
172010	3853	0.088796206
172010	5312	0.088796206
172010	5454	0.088796206
172030	3971	0.10262249
172030	3616	0.10262247
172030	5886	0.10262247
172030	6123	0.10262247
172030	6912	0.10262247
172030	41	0.102622464
172030	273	0.102622464
172030	387	0.102622464
172030	642	0.102622464
172030	890	0.102622464
172048	152	0.08143905
172048	1892	0.08143904
172048	869	0.08143903
172048	1457	0.08143903
172048	1937	0.08143903
172048	1957	0.08143903
172048	4233	0.08143903
172048	5286	0.08143903
172048	1598	0.081439026
172048	3216	0.081439026
172061	2138	0.12063572
172061	3971	0.12063572
172061	6123	0.12063572
172061	387	0.12063571
172061	5031	0.12063571
172061	832	0.1206357
172061	842	0.1206357
172061	890	0.1206357
172061	1094	0.1206357
172061	1194	0.1206357
172091	244	0.15753016
172091	4599	0.15753016
172091	6265	0.15753016
172091	149	0.15753013
172091	632	0.15753013
172091	650	0.15753013
172091	2962	0.15753013
172091	4045	0.15753013
172091	5437	0.15753013
172091	582	0.15753011
172119	6833	0.09379678
172119	1953	0.09379677
172119	3335	0.09379676
172119	1222	0.09379674
172119	5869	0.092624076
172119	248	0.09262407
172119	711	0.09262407
172119	1567	0.09262407
172119	3359	0.09262407
172119	3361	0.09262407
172180	2204	0.09424902
172180	3317	0.09424898
172180	2228	0.094248965
172180	1607	0.09424896
172180	2443	0.09279843
172180	3598	0.09279843
172180	848	0.0892308
172180	3403	0.08923079
172180	5619	0.08923079
172180	1267	0.089230776
172192	4885	0.08400935
172192	854	0.084009334
172192	1413	0.084009334
172192	2360	0.084009334
172192	2382	0.084009334
172192	3560	0.084009334
172192	3694	0.084009334
172192	4224	0.084009334
172192	6185	0.084009334
172192	729	0.08400933
172203	5731	0.117704764
172203	1848	0.11770476
172203	1258	0.11770475
172203	1621	0.11770475
172203	3983	0.11770475
172203	4103	0.11770475
172203	4703	0.11770475
172203	6279	0.11770475
172203	6465	0.11770475
172203	1225	0.11770474
172215	5731	0.11920306
172215	6465	0.11920306
172215	1848	0.11920305
172215	4103	0.11920305
172215	5176	0.11920305
172215	6279	0.11920305
172215	1621	0.119203046
172215	920	0.11920304
172215	1258	0.11920304
172215	1388	0.11920304
172216	5404	0.10652448
172216	1965	0.106171355
172216	2359	0.106171355
172216	5565	0.10617134
172216	929	0.106171325
172216	859	0.10617132
172216	4640	0.10617131
172216	4908	0.10617131
172216	5673	0.10617131
172216	5931	0.10617131
172331	890	0.12993881
172331	986	0.12993881
172331	1194	0.12993881
172331	1869	0.12993881
172331	2138	0.12993881
172331	2364	0.12993881
172331	3059	0.12993881
172331	3616	0.12993881
172331	3971	0.12993881
172331	4076	0.12993881
172374	3971	0.118799955
172374	387	0.11879995
172374	6123	0.11879995
172374	478	0.11879994
172374	890	0.11879994
172374	922	0.11879994
172374	997	0.11879994
172374	1146	0.11879994
172374	1194	0.11879994
172374	1869	0.11879994
172512	425	0.081480905
172512	1524	0.08148086
172512	5304	0.08148086
172512	5355	0.08148086
172512	91	0.081480846
172512	3776	0.081480846
172512	4469	0.081480846
172512	5321	0.081480846
172512	5859	0.081480846
172512	1185	0.08148083
172539	4151	0.10990125
172539	1087	0.109901235
172539	3187	0.109901235
172539	5121	0.109901235
172539	6222	0.109901235
172539	6236	0.109901235
172539	5001	0.10990123
172539	5037	0.10990123
172539	400	0.10990122
172539	686	0.10990122
172613	6396	0.11722651
172613	4738	0.1172265
172613	4740	0.1172265
172613	6312	0.1172265
172613	2503	0.11722649
172613	1155	0.11722648
172613	4431	0.11722648
172613	5599	0.11722648
172613	5914	0.11722648
172613	3677	0.117226474
172676	231	0.19115156
172676	4176	0.19115156
172676	1022	0.19115153
172676	1619	0.19115153
172676	1723	0.19115153
172676	4000	0.19115153
172676	6840	0.19115153
172676	1034	0.19115151
172676	4068	0.19115151
172676	5197	0.19115151
172700	1995	0.14427397
172700	506	0.14427395
172700	172	0.14427394
172700	529	0.14427394
172700	947	0.14427394
172700	1374	0.14427394
172700	1764	0.14427394
172700	1775	0.14427394
172700	2029	0.14427394
172700	2057	0.14427394
172760	3971	0.12475358
172760	5886	0.12475357
172760	642	0.124753565
172760	1869	0.124753565
172760	2121	0.124753565
172760	2138	0.124753565
172760	3452	0.124753565
172760	3616	0.124753565
172760	3965	0.124753565
172760	5031	0.124753565
173111	319	0.05465605
173111	5988	0.05465605
173111	1138	0.05465604
173111	5256	0.05465604
173111	5647	0.054656036
173111	4274	0.05465603
173111	5530	0.05465603
173111	5053	0.054589823
173111	5416	0.05438686
173111	3774	0.05438684
173131	997	0.13017112
173131	1869	0.13017112
173131	2138	0.13017112
173131	3616	0.13017112
173131	3971	0.13017112
173131	4076	0.13017112
173131	5031	0.13017112
173131	5886	0.13017112
173131	6912	0.13017112
173131	24	0.1301711
173190	2843	0.09501605
173190	6423	0.09501605
173190	1301	0.09501603
173190	1869	0.094836794
173190	5031	0.094836794
173190	41	0.09483679
173190	124	0.09483679
173190	997	0.09483679
173190	3305	0.09483679
173190	3616	0.09483679
173225	1869	0.11206918
173225	2138	0.112069175
173225	3164	0.112069175
173225	3971	0.112069175
173225	4076	0.112069175
173225	41	0.11206917
173225	124	0.11206917
173225	387	0.11206917
173225	890	0.11206917
173225	2121	0.11206917
173291	3914	0.16291632
173291	5664	0.1629163
173291	5812	0.1629163
173291	799	0.16291629
173291	5199	0.1629162
173291	3526	0.16278839
173291	5998	0.16278839
173291	511	0.16278838
173291	1092	0.16278836
173291	1129	0.16278836
173343	1146	0.10305789
173343	3971	0.10305789
173343	5218	0.10305789
173343	6123	0.10305789
173343	387	0.10305788
173343	478	0.10305788
173343	597	0.10305788
173343	890	0.10305788
173343	1856	0.10305788
173343	3452	0.10305788
173415	392	0.1291377
173415	6537	0.1291377
173415	2342	0.12913768
173415	1868	0.12913767
173415	711	0.12893474
173415	1567	0.12893474
173415	2653	0.12893474
173415	3289	0.12893474
173415	4906	0.12893474
173415	5335	0.12893474
173481	2726	0.07524861
173481	244	0.07347702
173481	632	0.073477015
173481	6265	0.073477015
173481	149	0.073477
173481	342	0.073477
173481	582	0.073477
173481	4045	0.073477
173481	961	0.07347699
173481	4599	0.07347699
173486	49	0.09075299
173486	890	0.09075299
173486	3164	0.09075299
173486	3971	0.09075299
173486	4076	0.09075299
173486	5031	0.09075299
173486	6123	0.09075299
173486	387	0.09075298
173486	922	0.09075298
173486	997	0.09075298
173511	3971	0.10612963
173511	1869	0.10612962
173511	2138	0.10612962
173511	2364	0.10612962
173511	6123	0.10612962
173511	4076	0.10612961
173511	5886	0.10612961
173511	49	0.1061296
173511	387	0.1061296
173511	579	0.1061296
173517	5919	0.09673801
173517	4121	0.096737996
173517	6886	0.096737996
173517	4384	0.09673799
173517	6103	0.09673799
173517	6463	0.09673799
173517	4173	0.09673798
173517	2651	0.09673797
173517	6000	0.09673797
173517	884	0.09671796
173650	478	0.12601078
173650	775	0.12601078
173650	997	0.12601078
173650	1194	0.12601078
173650	1455	0.12601078
173650	1869	0.12601078
173650	2138	0.12601078
173650	3971	0.12601078
173650	4076	0.12601078
173650	4323	0.12601078
173679	997	0.1734941
173679	3971	0.17349409
173679	5886	0.17349409
173679	6123	0.17349409
173679	6912	0.17349409
173679	124	0.17349407
173679	387	0.17349407
173679	597	0.17349407
173679	642	0.17349407
173679	775	0.17349407
173684	231	0.1218856
173684	4176	0.1218856
173684	6216	0.1218856
173684	668	0.12188558
173684	677	0.12188558
173684	1619	0.12188558
173684	5197	0.12188558
173684	6840	0.12188558
173684	1595	0.121885575
173684	2409	0.121885575
173728	6537	0.10178727
173728	392	0.101787254
173728	2342	0.10178725
173728	1868	0.10178724
173728	1567	0.1001879
173728	3289	0.1001879
173728	4906	0.1001879
173728	248	0.10018788
173728	711	0.10018788
173728	2653	0.10018788
173773	3971	0.13435045
173773	24	0.13435042
173773	41	0.13435042
173773	579	0.13435042
173773	890	0.13435042
173773	901	0.13435042
173773	922	0.13435042
173773	1062	0.13435042
173773	1146	0.13435042
173773	1189	0.13435042
173835	3477	0.14230539
173835	920	0.1422904
173835	4103	0.1422904
173835	5731	0.1422904
173835	6279	0.1422904
173835	605	0.14229038
173835	651	0.14229038
173835	1258	0.14229038
173835	1388	0.14229038
173835	1459	0.14229038
173860	1567	0.106494054
173860	4906	0.106494054
173860	4493	0.10649405
173860	5335	0.10649405
173860	5869	0.10649405
173860	711	0.10649404
173860	1816	0.10649404
173860	2207	0.10649404
173860	5086	0.10649404
173860	5295	0.10649404
173951	3971	0.09190078
173951	997	0.091900766
173951	1869	0.091900766
173951	2138	0.091900766
173951	5886	0.091900766
173951	5896	0.091900766
173951	6123	0.091900766
173951	6912	0.091900766
173951	41	0.09190076
173951	124	0.09190076
174034	3616	0.14328656
174034	3971	0.14328656
174034	5031	0.14328656
174034	890	0.14328654
174034	1869	0.14328654
174034	2121	0.14328654
174034	2364	0.14328654
174034	5886	0.14328654
174034	6912	0.14328654
174034	24	0.14328653
174062	244	0.13285461
174062	4599	0.13285461
174062	6265	0.13285461
174062	149	0.13285458
174062	582	0.13285458
174062	632	0.13285458
174062	650	0.13285458
174062	961	0.13285458
174062	1442	0.13285458
174062	2962	0.13285458
174072	890	0.10724616
174072	5031	0.10724615
174072	41	0.107246146
174072	387	0.107246146
174072	597	0.107246146
174072	832	0.107246146
174072	1146	0.107246146
174072	1862	0.107246146
174072	2037	0.107246146
174072	2138	0.107246146
174092	1087	0.16503498
174092	3187	0.16503498
174092	5339	0.16503498
174092	5800	0.16503498
174092	801	0.16503496
174092	1438	0.16503496
174092	2145	0.16503496
174092	2305	0.16503496
174092	5121	0.16503496
174092	6252	0.16503496
174151	143	0.10659197
174151	4267	0.10659197
174151	5128	0.10659197
174151	1449	0.10659196
174151	5508	0.10659196
174151	1238	0.106591955
174151	1570	0.106591955
174151	2809	0.106591955
174151	4320	0.106591955
174151	5045	0.106591955
174179	191	0.13052881
174179	667	0.13052881
174179	2022	0.13052881
174179	4671	0.13052881
174179	5904	0.13052881
174179	6352	0.13052881
174179	2197	0.1305288
174179	2936	0.1305288
174179	2971	0.1305288
174179	4461	0.1305288
174195	559	0.092909954
174195	484	0.09290993
174195	3450	0.09290992
174195	6768	0.092865214
174195	6643	0.09286521
174195	472	0.0928652
174195	533	0.0928652
174195	1070	0.0928652
174195	3112	0.0928652
174195	3418	0.0928652
174216	5031	0.113239415
174216	478	0.11323941
174216	3897	0.11323941
174216	5381	0.11323941
174216	645	0.1132394
174216	890	0.1132394
174216	997	0.1132394
174216	1455	0.1132394
174216	5716	0.1132394
174216	5886	0.1132394
174322	1869	0.09686054
174322	3971	0.09686054
174322	2138	0.09686053
174322	5886	0.09686053
174322	6123	0.09686053
174322	1403	0.09686052
174322	2103	0.09686052
174322	3452	0.09686052
174322	3965	0.09686052
174322	5031	0.09686052
174326	49	0.15290347
174326	1869	0.15290347
174326	5886	0.15290345
174326	6123	0.15290345
174326	387	0.15290344
174326	478	0.15290344
174326	579	0.15290344
174326	628	0.15290344
174326	645	0.15290344
174326	890	0.15290344
174334	244	0.14474593
174334	6265	0.14474593
174334	4045	0.1447459
174334	149	0.14474589
174334	582	0.14474589
174334	632	0.14474589
174334	2962	0.14474589
174334	4599	0.14474589
174334	1442	0.14474587
174334	3385	0.14474587
174367	511	0.09700179
174367	1092	0.09700178
174367	2785	0.097001776
174367	3097	0.097001776
174367	5998	0.097001776
174367	6880	0.097001776
174367	617	0.09700177
174367	4369	0.09700177
174367	4905	0.09700177
174367	5288	0.09700177
174375	884	0.09399779
174375	2419	0.09399779
174375	4673	0.09399779
174375	4080	0.093997784
174375	247	0.09399778
174375	903	0.09399778
174375	1648	0.09399778
174375	3230	0.09399778
174375	3443	0.09399778
174375	3585	0.09399778
174428	5886	0.12269251
174428	6123	0.12269251
174428	1393	0.1226925
174428	1869	0.1226925
174428	5896	0.1226925
174428	6912	0.1226925
174428	597	0.122692496
174428	642	0.122692496
174428	775	0.122692496
174428	890	0.122692496
174501	111	0.11697936
174501	1793	0.11697933
174501	4692	0.11697933
174501	5890	0.11697933
174501	1537	0.11697932
174501	2099	0.11697932
174501	4729	0.11697932
174501	5695	0.11697932
174501	3198	0.116979316
174501	4721	0.116979316
174503	6851	0.11044787
174503	4856	0.11044786
174503	2457	0.110447854
174503	482	0.11044785
174503	4382	0.11044785
174503	2988	0.11044784
174503	4007	0.11044784
174503	5315	0.11044784
174503	4986	0.11044783
174503	6749	0.11044783
174534	425	0.148857
174534	5355	0.14885692
174534	91	0.14885691
174534	1185	0.14885691
174534	1524	0.14885691
174534	3776	0.14885691
174534	4032	0.14885691
174534	4469	0.14885691
174534	5304	0.14885691
174534	5321	0.14885691
174590	1869	0.090950355
174590	2364	0.090950355
174590	5886	0.090950355
174590	6123	0.090950355
174590	478	0.09095035
174590	775	0.09095035
174590	3616	0.09095035
174590	3971	0.09095035
174590	4076	0.09095035
174590	215	0.09095034
174596	425	0.15685226
174596	5355	0.15685219
174596	5304	0.15685217
174596	5321	0.15685216
174596	1524	0.15685214
174596	3776	0.15685214
174596	4469	0.15685214
174596	91	0.15685213
174596	1185	0.15685213
174596	4032	0.15685213
174615	3971	0.10328423
174615	1869	0.103284225
174615	2138	0.103284225
174615	3616	0.103284225
174615	5031	0.103284225
174615	5886	0.103284225
174615	6123	0.103284225
174615	579	0.10328422
174615	890	0.10328422
174615	2364	0.10328422
174625	1869	0.09888638
174625	842	0.09888637
174625	3971	0.09888637
174625	4076	0.09888637
174625	6123	0.09888637
174625	6507	0.09888637
174625	41	0.09888636
174625	4323	0.09888636
174625	5886	0.09888636
174625	6912	0.09888636
174633	511	0.11685267
174633	1092	0.116852656
174633	4557	0.11685265
174633	5288	0.11685265
174633	6364	0.11685265
174633	5998	0.11685264
174633	6593	0.11685263
174633	6880	0.11685263
174633	65	0.116852626
174633	617	0.116852626
174692	3971	0.1294394
174692	6123	0.1294394
174692	41	0.12943938
174692	579	0.12943938
174692	775	0.12943938
174692	890	0.12943938
174692	1862	0.12943938
174692	1869	0.12943938
174692	2138	0.12943938
174692	2345	0.12943938
174700	1869	0.11399664
174700	3971	0.11399664
174700	6123	0.11399664
174700	5886	0.11399663
174700	215	0.113996625
174700	642	0.113996625
174700	775	0.113996625
174700	997	0.113996625
174700	1146	0.113996625
174700	1393	0.113996625
174726	3971	0.12624076
174726	387	0.12624075
174726	5031	0.12624075
174726	6912	0.12624075
174726	24	0.12624073
174726	124	0.12624073
174726	156	0.12624073
174726	266	0.12624073
174726	478	0.12624073
174726	597	0.12624073
174738	3525	0.10630484
174738	2006	0.106304824
174738	4378	0.106304824
174738	5566	0.106304824
174738	6108	0.106304824
174738	415	0.10630481
174738	2686	0.10630481
174738	6453	0.1063048
174738	4328	0.106304795
174738	5042	0.106304795
174827	5026	0.12847334
174827	511	0.12837005
174827	5288	0.12837003
174827	5998	0.12837003
174827	6364	0.12837003
174827	6593	0.12837003
174827	617	0.12837002
174827	1092	0.12837002
174827	2643	0.12837002
174827	2779	0.12837002
174830	5171	0.116621934
174830	6362	0.11662191
174830	4725	0.11568663
174830	6544	0.11568662
174830	83	0.1156866
174830	48	0.115686595
174830	3182	0.11568659
174830	6519	0.11568659
174830	4946	0.11568658
174830	5725	0.11568658
174834	6265	0.06826581
174834	4045	0.0682658
174834	149	0.068265796
174834	244	0.068265796
174834	4599	0.068265796
174834	582	0.06826579
174834	632	0.06826579
174834	2962	0.06826579
174834	4255	0.06826579
174834	650	0.06826578
174848	3971	0.109710686
174848	41	0.10971066
174848	387	0.10971066
174848	890	0.10971066
174848	1869	0.10971066
174848	2138	0.10971066
174848	4076	0.10971066
174848	5886	0.10971066
174848	6912	0.10971066
174848	1862	0.109710656
174851	5731	0.096904114
174851	4103	0.09690411
174851	4703	0.0969041
174851	605	0.096904084
174851	1280	0.096904084
174851	1621	0.096904084
174851	2320	0.096904084
174851	3657	0.096904084
174851	398	0.09690408
174851	1258	0.09690408
174892	3971	0.11129688
174892	124	0.11129687
174892	387	0.11129686
174892	5886	0.11129686
174892	41	0.111296855
174892	49	0.111296855
174892	890	0.111296855
174892	922	0.111296855
174892	1856	0.111296855
174892	1869	0.111296855
174914	5478	0.11783828
174914	6355	0.11783826
174914	2619	0.117838256
174914	2614	0.11783825
174914	5895	0.11783825
174914	492	0.11783823
174914	980	0.11783823
174914	5475	0.11783823
174914	909	0.11783822
174914	5731	0.117174536
174918	2138	0.12007122
174918	5031	0.12007122
174918	5886	0.12007122
174918	387	0.12007121
174918	3559	0.12007121
174918	3616	0.12007121
174918	3971	0.12007121
174918	100	0.1200712
174918	478	0.1200712
174918	890	0.1200712
175003	1610	0.12945698
175003	4387	0.12945698
175003	626	0.12945695
175003	2986	0.12945695
175003	990	0.12945694
175003	2283	0.12945694
175003	2300	0.12945694
175003	3929	0.12945694
175003	4143	0.12945694
175003	4181	0.12945694
175052	4885	0.08624095
175052	489	0.08624093
175052	2360	0.08624093
175052	2382	0.08624093
175052	3115	0.08624093
175052	3427	0.08624093
175052	3560	0.08624093
175052	4224	0.08624093
175052	4564	0.08624093
175052	4796	0.08624093
175070	387	0.1304022
175070	890	0.1304022
175070	3971	0.1304022
175070	6123	0.1304022
175070	901	0.13040219
175070	922	0.13040219
175070	997	0.13040219
175070	1062	0.13040219
175070	1869	0.13040219
175070	2037	0.13040219
175100	130	0.15731318
175100	506	0.15731317
175100	1139	0.15731317
175100	1374	0.15731317
175100	1764	0.15731317
175100	2029	0.15731317
175100	2603	0.15731317
175100	2929	0.15731317
175100	3129	0.15731317
175100	3397	0.15731317
175101	425	0.09404672
175101	5304	0.09404668
175101	91	0.09404667
175101	1524	0.09404667
175101	5321	0.09404667
175101	5355	0.09404666
175101	1185	0.09404665
175101	3776	0.09404665
175101	4032	0.09404665
175101	4469	0.09404665
175117	997	0.15570587
175117	5031	0.15570587
175117	5886	0.15570587
175117	6123	0.15570587
175117	6912	0.15570587
175117	215	0.15570585
175117	266	0.15570585
175117	387	0.15570585
175117	478	0.15570585
175117	890	0.15570585
175205	41	0.09440817
175205	387	0.09440817
175205	3971	0.09440817
175205	6912	0.09440817
175205	5886	0.09440816
175205	124	0.094408154
175205	215	0.094408154
175205	478	0.094408154
175205	890	0.094408154
175205	997	0.094408154
175254	5731	0.14831121
175254	6279	0.14831121
175254	398	0.1483112
175254	1848	0.1483112
175254	3143	0.1483112
175254	3610	0.1483112
175254	4103	0.1483112
175254	4703	0.1483112
175254	5465	0.1483112
175254	6149	0.1483112
175271	1869	0.12296011
175271	387	0.122960106
175271	890	0.122960106
175271	3971	0.122960106
175271	4323	0.122960106
175271	5218	0.122960106
175271	5381	0.122960106
175271	5886	0.122960106
175271	6123	0.122960106
175271	49	0.1229601
175278	1869	0.100235984
175278	3971	0.100235984
175278	5886	0.10023598
175278	387	0.10023597
175278	2728	0.10023597
175278	6123	0.10023597
175278	49	0.10023596
175278	832	0.10023596
175278	890	0.10023596
175278	1856	0.10023596
175287	4387	0.09471733
175287	1610	0.094717324
175287	2986	0.09471732
175287	626	0.09471731
175287	4143	0.09471731
175287	4290	0.09471731
175287	4482	0.09471731
175287	5067	0.09471731
175287	5974	0.09471731
175287	6594	0.09471731
175463	3971	0.1008721
175463	387	0.10087209
175463	41	0.100872084
175463	478	0.100872084
175463	997	0.100872084
175463	2138	0.100872084
175463	3750	0.100872084
175463	5031	0.100872084
175463	5886	0.100872084
175463	6123	0.100872084
175529	2780	0.12860167
175529	364	0.12860166
175529	3435	0.12860166
175529	5430	0.12860166
175529	1826	0.12860164
175529	2636	0.12860164
175529	5584	0.12860164
175529	6260	0.12860164
175529	2606	0.12860163
175529	2788	0.12860163
175536	152	0.08514248
175536	6747	0.08514247
175536	869	0.08514246
175536	1457	0.08514246
175536	1598	0.08514246
175536	1679	0.08514246
175536	1892	0.08514246
175536	1937	0.08514246
175536	2169	0.08514246
175536	2989	0.08514246
175636	387	0.114104226
175636	890	0.114104226
175636	1146	0.114104226
175636	1869	0.114104226
175636	3971	0.114104226
175636	5886	0.114104226
175636	215	0.11410422
175636	5031	0.11410422
175636	5896	0.11410422
175636	24	0.11410421
175794	511	0.095452815
175794	1092	0.095452815
175794	4369	0.0954528
175794	4557	0.0954528
175794	5288	0.0954528
175794	5998	0.0954528
175794	2785	0.09545279
175794	4128	0.09545279
175794	6364	0.09545279
175794	587	0.095452785
175978	5150	0.10776097
175978	999	0.10776095
175978	3392	0.10776095
175978	702	0.107760936
175978	6088	0.10776093
175978	5969	0.10751282
175978	2419	0.10727459
175978	1648	0.107274555
175978	3230	0.107274555
175978	3443	0.107274555
176094	3971	0.102963686
176094	4076	0.102963686
176094	4323	0.102963686
176094	6123	0.102963686
176094	6912	0.102963686
176094	1869	0.10296368
176094	6507	0.10296368
176094	41	0.10296367
176094	376	0.10296367
176094	387	0.10296367
176102	2507	0.116058834
176102	1424	0.11605883
176102	4728	0.11605883
176102	307	0.11605882
176102	761	0.11605882
176102	4002	0.11605882
176102	2689	0.11605881
176102	4441	0.11605881
176102	6365	0.11605881
176102	2535	0.116058804
176214	4103	0.16473766
176214	3657	0.16473764
176214	5731	0.16473764
176214	1280	0.16473763
176214	2209	0.16473763
176214	4703	0.16473763
176214	5241	0.16473763
176214	6279	0.16473763
176214	892	0.16473761
176214	1225	0.16473761
176256	3915	0.11793304
176256	5104	0.11793304
176256	3395	0.117933035
176256	4982	0.117933035
176256	6386	0.117933035
176256	6576	0.117933035
176256	3173	0.11793303
176256	1116	0.11793302
176256	5385	0.11793302
176256	4478	0.11793301
176348	1650	0.0865283
176348	4151	0.0865283
176348	3120	0.086528294
176348	3187	0.086528294
176348	6222	0.086528294
176348	400	0.08652829
176348	686	0.08652829
176348	1087	0.08652829
176348	1389	0.08652829
176348	1674	0.08652829
176459	1306	0.110441715
176459	6427	0.11044169
176459	4400	0.110441685
176459	4693	0.110441685
176459	5583	0.110441685
176459	4698	0.11044167
176459	5232	0.11044167
176459	6775	0.110441655
176459	2323	0.11044164
176459	1411	0.11043182
176481	6768	0.10922222
176481	5115	0.10922221
176481	5454	0.10922221
176481	6310	0.10922221
176481	6674	0.10922221
176481	2541	0.1092222
176481	3418	0.1092222
176481	3778	0.1092222
176481	3795	0.1092222
176481	3853	0.1092222
176526	1621	0.10142115
176526	1848	0.10142115
176526	2014	0.10142115
176526	4103	0.10142115
176526	5176	0.10142115
176526	5731	0.10142115
176526	6149	0.10142115
176526	493	0.10142114
176526	892	0.10142114
176526	1258	0.10142114
176576	1869	0.07677333
176576	3971	0.07677333
176576	49	0.076773316
176576	387	0.076773316
176576	478	0.076773316
176576	579	0.076773316
176576	890	0.076773316
176576	997	0.076773316
176576	1340	0.076773316
176576	1415	0.076773316
176597	1869	0.12740058
176597	3616	0.12740058
176597	5031	0.12740058
176597	5886	0.12740058
176597	215	0.12740056
176597	890	0.12740056
176597	1856	0.12740056
176597	2037	0.12740056
176597	2121	0.12740056
176597	2138	0.12740056
176656	4151	0.08467457
176656	5121	0.08467457
176656	6222	0.08467457
176656	400	0.08467455
176656	686	0.08467455
176656	801	0.08467455
176656	1087	0.08467455
176656	2145	0.08467455
176656	2305	0.08467455
176656	3120	0.08467455
176667	3115	0.11168185
176667	3510	0.11168185
176667	3560	0.11168185
176667	4796	0.11168184
176667	854	0.111681834
176667	1080	0.111681834
176667	1256	0.111681834
176667	1413	0.111681834
176667	1902	0.111681834
176667	2880	0.111681834
176785	1256	0.08677797
176785	2360	0.08677797
176785	2382	0.08677797
176785	3560	0.08677797
176785	3694	0.08677797
176785	3939	0.08677797
176785	4796	0.08677797
176785	4817	0.08677797
176785	4885	0.08677797
176785	489	0.08677796
176853	890	0.10817588
176853	387	0.108175874
176853	3971	0.108175874
176853	4076	0.108175874
176853	5031	0.108175874
176853	5886	0.108175874
176853	6123	0.108175874
176853	922	0.10817587
176853	1146	0.10817587
176853	1415	0.10817587
176875	3853	0.10390062
176875	3418	0.10390061
176875	3830	0.10390061
176875	3866	0.10390061
176875	4727	0.10390061
176875	5115	0.10390061
176875	5454	0.10390061
176875	6643	0.10390061
176875	6674	0.10390061
176875	3493	0.103900604
176879	511	0.12779829
176879	1092	0.12779829
176879	617	0.12779826
176879	1644	0.12779826
176879	2643	0.12779826
176879	2785	0.12779826
176879	3433	0.12779826
176879	3526	0.12779826
176879	4318	0.12779826
176879	4557	0.12779826
176887	4165	0.11215344
176887	5444	0.112153426
176887	1615	0.11215341
176887	3370	0.11215341
176887	5682	0.11215341
176887	1224	0.11215339
176887	1933	0.11215339
176887	5220	0.11215338
176887	4750	0.11215337
176887	4151	0.11188826
176902	6851	0.10375701
176902	4007	0.103756994
176902	4856	0.103756994
176902	482	0.10375698
176902	2457	0.10375698
176902	2685	0.10375698
176902	4382	0.10375698
176902	4986	0.10375698
176902	6749	0.10375698
176902	2988	0.10375697
176903	5033	0.06909239
176903	520	0.06909238
176903	5653	0.06909238
176903	6810	0.06909238
176903	6147	0.06909237
176903	3971	0.06905567
176903	41	0.06905566
176903	215	0.06905566
176903	387	0.06905566
176903	642	0.06905566
177040	997	0.14339393
177040	1869	0.14339393
177040	2138	0.14339393
177040	3059	0.14339393
177040	3616	0.14339393
177040	5031	0.14339393
177040	5886	0.14339393
177040	6123	0.14339393
177040	6912	0.14339393
177040	387	0.14339392
177072	3644	0.14353338
177072	4813	0.14353338
177072	4984	0.14353338
177072	6909	0.14353336
177072	80	0.14353335
177072	5106	0.14353335
177072	5151	0.14353335
177072	5372	0.14353335
177072	5780	0.14353335
177072	6735	0.14353335
177073	3853	0.12105709
177073	3866	0.12105709
177073	5454	0.12105709
177073	6310	0.121057086
177073	4718	0.12105708
177073	4727	0.12105708
177073	5115	0.12105708
177073	5688	0.12105708
177073	5730	0.12105708
177073	6674	0.12105708
177090	5835	0.14313272
177090	3445	0.1431327
177090	3808	0.14313269
177090	6428	0.14313269
177090	4495	0.14313267
177090	6333	0.14313267
177090	126	0.14313266
177090	3507	0.14313266
177090	6869	0.14313266
177090	2276	0.14313264
177091	124	0.14207941
177091	387	0.14207941
177091	579	0.14207941
177091	810	0.14207941
177091	832	0.14207941
177091	890	0.14207941
177091	1340	0.14207941
177091	1455	0.14207941
177091	1856	0.14207941
177091	1869	0.14207941
177157	3971	0.120470054
177157	387	0.12047005
177157	890	0.12047005
177157	1862	0.12047005
177157	2121	0.12047005
177157	2138	0.12047005
177157	3616	0.12047005
177157	5886	0.12047005
177157	6912	0.12047005
177157	41	0.12047004
177186	387	0.122666925
177186	890	0.122666925
177186	922	0.122666925
177186	1869	0.122666925
177186	3971	0.122666925
177186	6123	0.122666925
177186	1455	0.12266692
177186	2364	0.12266692
177186	5886	0.12266692
177186	6515	0.12266692
177195	3971	0.09075037
177195	387	0.09075036
177195	1869	0.09075036
177195	2138	0.09075036
177195	24	0.09075035
177195	41	0.09075035
177195	180	0.09075035
177195	890	0.09075035
177195	901	0.09075035
177195	997	0.09075035
177233	152	0.17195462
177233	1892	0.17195462
177233	1937	0.17195462
177233	1457	0.1719546
177233	1598	0.1719546
177233	1679	0.1719546
177233	4233	0.1719546
177233	869	0.17195459
177233	1137	0.17195457
177233	1145	0.17195457
177237	1567	0.106638595
177237	4906	0.106638595
177237	248	0.10663858
177237	2653	0.10663858
177237	3359	0.10663858
177237	3361	0.10663858
177237	4493	0.10663858
177237	4903	0.10663858
177237	5335	0.10663858
177237	5869	0.10663858
177262	3108	0.089187354
177262	6851	0.08901778
177262	482	0.089017764
177262	2457	0.089017764
177262	4856	0.089017764
177262	2988	0.08901776
177262	2685	0.08901775
177262	4007	0.08901775
177262	4382	0.08901775
177262	4986	0.08901775
177277	5827	0.08006855
177277	14	0.08006854
177277	6182	0.080068536
177277	3580	0.08006853
177277	6547	0.08006853
177277	1693	0.07848111
177277	42	0.07776702
177277	427	0.07776701
177277	4218	0.077767
177277	4968	0.07776699
177284	4595	0.098767065
177284	3112	0.09876706
177284	6674	0.09876706
177284	5454	0.09876705
177284	533	0.09876704
177284	624	0.09876704
177284	2363	0.09876704
177284	3091	0.09876704
177284	3210	0.09876704
177284	3493	0.09876704
177295	387	0.12627527
177295	890	0.12627527
177295	1869	0.12627527
177295	3971	0.12627527
177295	5031	0.12627527
177295	5886	0.12627527
177295	6123	0.12627527
177295	41	0.12627526
177295	579	0.12627526
177295	922	0.12627526
177349	4500	0.1228583
177349	5718	0.12133513
177349	6332	0.12133513
177349	1741	0.12133512
177349	2446	0.12133512
177349	5986	0.121335104
177349	3916	0.11966247
177349	6253	0.11966247
177349	5731	0.11813933
177349	3657	0.11813932
177374	4230	0.050155014
177374	5929	0.050155014
177374	6726	0.050155
177374	6242	0.050154995
177374	6483	0.050130904
177374	1937	0.04980889
177374	6747	0.049808886
177374	152	0.049808882
177374	1598	0.049808882
177374	1892	0.049808882
177375	387	0.120920666
177375	5381	0.120920666
177375	5886	0.120920666
177375	478	0.12092066
177375	890	0.12092066
177375	997	0.12092066
177375	1146	0.12092066
177375	2121	0.12092066
177375	5031	0.12092066
177375	6123	0.12092066
177451	49	0.112803265
177451	478	0.112803265
177451	890	0.112803265
177451	3897	0.112803265
177451	3971	0.112803265
177451	5031	0.112803265
177451	5886	0.112803265
177451	6123	0.112803265
177451	6912	0.112803265
177451	387	0.11280326
177492	1869	0.10907169
177492	3971	0.10907169
177492	6507	0.10907169
177492	1856	0.10907168
177492	2121	0.10907168
177492	3616	0.10907168
177492	5886	0.10907168
177492	273	0.10907167
177492	387	0.10907167
177492	577	0.10907167
177569	387	0.1283801
177569	890	0.1283801
177569	922	0.1283801
177569	1146	0.1283801
177569	5031	0.1283801
177569	24	0.12838009
177569	41	0.12838009
177569	49	0.12838009
177569	124	0.12838009
177569	269	0.12838009
177590	387	0.17532036
177590	1869	0.17532036
177590	2138	0.17532036
177590	3971	0.17532036
177590	5886	0.17532036
177590	6123	0.17532036
177590	597	0.17532034
177590	890	0.17532034
177590	922	0.17532034
177590	997	0.17532034
177683	2138	0.111132115
177683	3971	0.111132115
177683	5886	0.111132115
177683	6123	0.111132115
177683	387	0.11113211
177683	1146	0.11113211
177683	5031	0.11113211
177683	5716	0.11113211
177683	49	0.1111321
177683	478	0.1111321
177690	2108	0.09239642
177690	2252	0.092396416
177690	3242	0.09239641
177690	6597	0.09239639
177690	6817	0.092396386
177690	5418	0.09239637
177690	759	0.09113429
177690	4004	0.09113429
177690	6152	0.09113429
177690	1344	0.09113428
177862	775	0.11772683
177862	997	0.11772683
177862	1869	0.11772683
177862	2138	0.11772683
177862	2364	0.11772683
177862	3971	0.11772683
177862	5886	0.11772683
177862	6123	0.11772683
177862	387	0.117726825
177862	890	0.117726825
177876	2017	0.13408393
177876	2518	0.13408393
177876	3749	0.13408393
177876	4004	0.13408393
177876	4446	0.13408393
177876	6152	0.13408393
177876	6796	0.13408393
177876	1362	0.13408391
177876	4789	0.13408391
177876	5058	0.13408391
178035	3971	0.14378679
178035	2138	0.14378677
178035	4076	0.14378677
178035	6123	0.14378677
178035	387	0.14378676
178035	478	0.14378676
178035	832	0.14378676
178035	842	0.14378676
178035	890	0.14378676
178035	922	0.14378676
178058	3971	0.1027853
178058	6123	0.1027853
178058	387	0.10278529
178058	645	0.10278529
178058	890	0.10278529
178058	997	0.10278529
178058	1194	0.10278529
178058	1455	0.10278529
178058	1869	0.10278529
178058	2138	0.10278529
178079	124	0.16065794
178079	387	0.16065794
178079	597	0.16065794
178079	890	0.16065794
178079	1869	0.16065794
178079	2138	0.16065794
178079	3559	0.16065794
178079	3971	0.16065794
178079	5031	0.16065794
178079	5716	0.16065794
178093	6592	0.12854305
178093	6630	0.12854305
178093	3045	0.12854302
178093	3628	0.12854302
178093	3938	0.12854302
178093	5607	0.12854302
178093	6654	0.12854302
178093	6690	0.12854302
178093	3002	0.128543
178093	3695	0.128543
178130	5886	0.12186035
178130	2138	0.12186034
178130	3971	0.12186034
178130	124	0.121860325
178130	387	0.121860325
178130	890	0.121860325
178130	1869	0.121860325
178130	5896	0.121860325
178130	6123	0.121860325
178130	180	0.12186032
178151	3971	0.1127069
178151	5031	0.1127069
178151	3616	0.11270689
178151	124	0.112706885
178151	387	0.112706885
178151	890	0.112706885
178151	1340	0.112706885
178151	1415	0.112706885
178151	1869	0.112706885
178151	2055	0.112706885
178199	997	0.08426875
178199	1869	0.08426875
178199	3971	0.08426875
178199	6912	0.08426875
178199	3559	0.08426874
178199	5886	0.08426874
178199	6123	0.08426874
178199	24	0.084268734
178199	41	0.084268734
178199	124	0.084268734
178201	890	0.115822464
178201	1869	0.115822464
178201	3971	0.115822464
178201	6123	0.115822464
178201	6507	0.115822464
178201	387	0.11582246
178201	2121	0.11582246
178201	4076	0.11582246
178201	124	0.11582245
178201	579	0.11582245
178223	2220	0.096631706
178223	3853	0.096631706
178223	3866	0.096631706
178223	6674	0.096631706
178223	3418	0.0966317
178223	3493	0.0966317
178223	3830	0.0966317
178223	3980	0.0966317
178223	4398	0.0966317
178223	5454	0.0966317
178240	387	0.13230197
178240	478	0.13230196
178240	579	0.13230196
178240	645	0.13230196
178240	890	0.13230196
178240	922	0.13230196
178240	997	0.13230196
178240	1146	0.13230196
178240	1189	0.13230196
178240	1455	0.13230196
178322	4906	0.086225085
178322	5869	0.086225085
178322	248	0.08622508
178322	711	0.08622508
178322	1567	0.08622508
178322	2080	0.08622508
178322	2653	0.08622508
178322	5086	0.08622508
178322	3289	0.08622507
178322	4493	0.08622507
178458	511	0.09134884
178458	1092	0.091348834
178458	2785	0.091348834
178458	4369	0.091348834
178458	617	0.09134883
178458	3097	0.09134883
178458	3526	0.09134883
178458	4128	0.09134883
178458	4318	0.09134883
178458	4341	0.09134883
178522	1177	0.12799183
178522	2737	0.1279918
178522	6318	0.1279918
178522	531	0.12799178
178522	1221	0.12799178
178522	1233	0.12799178
178522	3761	0.12799178
178522	4806	0.12799178
178522	5085	0.12799178
178522	6530	0.12799178
178587	511	0.106504306
178587	6364	0.10650429
178587	1092	0.106504284
178587	617	0.10650428
178587	2643	0.10650428
178587	2785	0.10650428
178587	3526	0.10650428
178587	4557	0.10650428
178587	5288	0.10650428
178587	6593	0.10650428
178597	3616	0.109782375
178597	5031	0.109782375
178597	124	0.10978237
178597	387	0.10978237
178597	890	0.10978237
178597	1455	0.10978237
178597	1869	0.10978237
178597	3971	0.10978237
178597	5716	0.10978237
178597	5886	0.10978237
178667	759	0.11432599
178667	4004	0.11432599
178667	4446	0.11432599
178667	1958	0.114325985
178667	2518	0.114325985
178667	2017	0.11432598
178667	2184	0.11432598
178667	5427	0.11432598
178667	5980	0.11432598
178667	30	0.11432597
178733	5115	0.106916524
178733	1806	0.10691652
178733	3418	0.10691652
178733	3853	0.10691652
178733	3866	0.10691652
178733	5454	0.10691652
178733	6310	0.10691652
178733	6674	0.10691652
178733	6768	0.10691652
178733	4718	0.10691651
178797	89	0.09865307
178797	5793	0.09816045
178797	427	0.09816044
178797	42	0.09816043
178797	1536	0.09816043
178797	3494	0.09816043
178797	5066	0.09816043
178797	5668	0.09816043
178797	6711	0.09816043
178797	793	0.09816042
178914	947	0.10787634
178914	2929	0.10787634
178914	1764	0.10787633
178914	2148	0.10787633
178914	2366	0.10787633
178914	3054	0.10787633
178914	3397	0.10787633
178914	6460	0.10787633
178914	130	0.10787632
178914	1995	0.10787632
178920	4673	0.14473735
178920	247	0.14473733
178920	884	0.14473733
178920	2419	0.14473733
178920	3230	0.14473733
178920	3283	0.14473733
178920	3606	0.14473733
178920	3870	0.14473733
178920	4080	0.14473733
178920	4452	0.14473733
178961	6123	0.103113644
178961	387	0.10311364
178961	890	0.10311364
178961	1146	0.10311364
178961	2138	0.10311364
178961	3971	0.10311364
178961	4076	0.10311364
178961	5716	0.10311364
178961	5896	0.10311364
178961	6507	0.10311364
179019	3971	0.121428266
179019	387	0.12142826
179019	890	0.12142826
179019	1146	0.12142825
179019	2121	0.12142825
179019	2138	0.12142825
179019	2422	0.12142825
179019	5709	0.12142825
179019	6123	0.12142825
179019	6912	0.12142825
179075	4151	0.11884124
179075	6236	0.11884123
179075	686	0.11884122
179075	109	0.118841216
179075	801	0.118841216
179075	1087	0.118841216
179075	1389	0.118841216
179075	1650	0.118841216
179075	2071	0.118841216
179075	2916	0.118841216
179118	1869	0.085017174
179118	5031	0.085017174
179118	1415	0.08501717
179118	2121	0.08501717
179118	49	0.08501716
179118	215	0.08501716
179118	266	0.08501716
179118	387	0.08501716
179118	501	0.08501716
179118	538	0.08501716
179147	1648	0.114114314
179147	2419	0.114114314
179147	884	0.1141143
179147	3230	0.1141143
179147	4673	0.1141143
179147	5041	0.1141143
179147	6716	0.1141143
179147	6834	0.1141143
179147	3081	0.11411429
179147	3870	0.11411429
179288	5454	0.11822626
179288	6643	0.11822626
179288	6674	0.11822626
179288	3493	0.11822625
179288	3853	0.11822625
179288	3866	0.11822625
179288	5115	0.11822625
179288	6768	0.11822625
179288	533	0.118226245
179288	846	0.118226245
179321	533	0.0725961
179321	3853	0.0725961
179321	3866	0.0725961
179321	4595	0.0725961
179321	5115	0.0725961
179321	5454	0.0725961
179321	6310	0.0725961
179321	6674	0.0725961
179321	2220	0.072596096
179321	2304	0.072596096
179327	4712	0.11556687
179327	913	0.115566865
179327	3482	0.115566835
179327	1621	0.11542293
179327	5731	0.11542293
179327	1632	0.11542292
179327	1848	0.11542292
179327	6279	0.11542292
179327	605	0.11542291
179327	1280	0.11542291
179433	4868	0.091798514
179433	4906	0.091798514
179433	5869	0.091798514
179433	106	0.0917985
179433	655	0.0917985
179433	1585	0.0917985
179433	2207	0.0917985
179433	2653	0.0917985
179433	3359	0.0917985
179433	3361	0.0917985
179532	1869	0.08982907
179532	3616	0.08982907
179532	3971	0.08982907
179532	215	0.089829065
179532	5886	0.089829065
179532	49	0.08982906
179532	387	0.08982906
179532	890	0.08982906
179532	901	0.08982906
179532	922	0.08982906
179534	387	0.098245114
179534	890	0.09824511
179534	3971	0.09824511
179534	922	0.0982451
179534	1146	0.0982451
179534	2121	0.0982451
179534	2138	0.0982451
179534	4076	0.0982451
179534	4323	0.0982451
179534	5886	0.0982451
179688	244	0.12234573
179688	6265	0.122345716
179688	3385	0.12234571
179688	4599	0.1223457
179688	149	0.12234569
179688	2962	0.12234569
179688	582	0.122345686
179688	632	0.122345686
179688	961	0.122345686
179688	1442	0.12234567
179718	4740	0.122440785
179718	5914	0.12244078
179718	1024	0.12244077
179718	5599	0.12244076
179718	1155	0.122440755
179718	2503	0.122440755
179718	4738	0.122440755
179718	6312	0.122440755
179718	6396	0.122440755
179718	3677	0.12244075
179730	3018	0.108851686
179730	3937	0.10885167
179730	5310	0.10885167
179730	5821	0.10885167
179730	6418	0.10885167
179730	606	0.108851664
179730	6608	0.108851664
179730	102	0.10885166
179730	471	0.10885166
179730	1285	0.10885166
179733	4103	0.14398184
179733	5731	0.14398184
179733	1621	0.14398181
179733	1848	0.14398181
179733	3610	0.14398181
179733	3798	0.14398181
179733	4703	0.14398181
179733	6149	0.14398181
179733	6279	0.14398181
179733	6670	0.14398181
179734	5031	0.114830956
179734	1455	0.11483095
179734	49	0.11483094
179734	645	0.11483094
179734	890	0.11483094
179734	1062	0.11483094
179734	1229	0.11483094
179734	1415	0.11483094
179734	1869	0.11483094
179734	3971	0.11483094
179739	4103	0.09918827
179739	5731	0.09918826
179739	1459	0.09918825
179739	1621	0.09918825
179739	2320	0.09918825
179739	3610	0.09918825
179739	3657	0.09918825
179739	398	0.099188246
179739	493	0.099188246
179739	2014	0.099188246
179741	2874	0.08726443
179741	1476	0.08726442
179741	3084	0.08726442
179741	6669	0.0872644
179741	1464	0.08668424
179741	2266	0.08668423
179741	3546	0.08668423
179741	5076	0.08668423
179741	511	0.08651397
179741	3526	0.08651396
179744	3853	0.1254298
179744	6674	0.1254298
179744	533	0.12542978
179744	624	0.12542978
179744	1530	0.12542978
179744	2363	0.12542978
179744	3091	0.12542978
179744	3112	0.12542978
179744	3210	0.12542978
179744	3418	0.12542978
179772	3971	0.120851055
179772	6123	0.120851055
179772	890	0.12085105
179772	1869	0.12085105
179772	5031	0.12085105
179772	387	0.12085104
179772	645	0.12085104
179772	832	0.12085104
179772	842	0.12085104
179772	997	0.12085104
179791	3830	0.122286044
179791	3866	0.122286044
179791	533	0.12228604
179791	3853	0.12228604
179791	4595	0.12228604
179791	5115	0.12228604
179791	5454	0.12228604
179791	6674	0.12228604
179791	1752	0.12228603
179791	1806	0.12228603
179826	1177	0.06968172
179826	4806	0.06968172
179826	6762	0.06968171
179826	3761	0.069681704
179826	4299	0.069681704
179826	6318	0.069681704
179826	6530	0.069681704
179826	6897	0.069681704
179826	531	0.0696817
179826	591	0.0696817
179843	5218	0.11203492
179843	1856	0.1120349
179843	1862	0.1120349
179843	1869	0.1120349
179843	3452	0.1120349
179843	3971	0.1120349
179843	5886	0.1120349
179843	387	0.112034895
179843	597	0.112034895
179843	628	0.112034895
179857	49	0.12515688
179857	387	0.12515688
179857	1869	0.12515688
179857	3616	0.12515688
179857	3965	0.12515688
179857	3971	0.12515688
179857	5031	0.12515688
179857	5082	0.12515688
179857	5886	0.12515688
179857	6123	0.12515688
179885	2419	0.09426017
179885	4673	0.09426016
179885	5041	0.09426016
179885	247	0.094260156
179885	884	0.094260156
179885	1648	0.094260156
179885	3606	0.094260156
179885	3672	0.094260156
179885	4472	0.094260156
179885	4501	0.094260156
179906	3700	0.09243737
179906	3853	0.09243737
179906	4595	0.09243737
179906	5454	0.09243737
179906	6643	0.09243737
179906	6674	0.09243737
179906	3210	0.092437364
179906	3866	0.092437364
179906	4241	0.092437364
179906	6768	0.092437364
180032	3971	0.10463886
180032	5031	0.10463886
180032	5886	0.10463886
180032	832	0.10463885
180032	890	0.10463885
180032	1869	0.10463885
180032	3965	0.10463885
180032	4076	0.10463885
180032	5218	0.10463885
180032	6912	0.10463885
180042	4004	0.10374367
180042	3749	0.103743665
180042	759	0.10374366
180042	2518	0.10374366
180042	4446	0.10374366
180042	4789	0.10374366
180042	5656	0.10374366
180042	6612	0.10374366
180042	6796	0.10374366
180042	1344	0.10374365
180348	1455	0.19753611
180348	3971	0.19753611
180348	6123	0.19753611
180348	49	0.1975361
180348	478	0.1975361
180348	890	0.1975361
180348	2138	0.1975361
180348	4323	0.1975361
180348	5031	0.1975361
180348	5716	0.1975361
180378	1856	0.14402565
180378	1869	0.14402565
180378	579	0.14402564
180378	890	0.14402564
180378	1062	0.14402564
180378	2121	0.14402564
180378	2138	0.14402564
180378	2728	0.14402564
180378	3971	0.14402564
180378	4076	0.14402564
180495	890	0.1194326
180495	1869	0.1194326
180495	2138	0.1194326
180495	5886	0.1194326
180495	6123	0.1194326
180495	775	0.11943259
180495	5031	0.11943259
180495	24	0.11943258
180495	41	0.11943258
180495	387	0.11943258
180580	387	0.11582874
180580	3971	0.11582874
180580	6123	0.11582874
180580	41	0.11582872
180580	124	0.11582872
180580	890	0.11582872
180580	922	0.11582872
180580	1058	0.11582872
180580	2121	0.11582872
180580	2138	0.11582872
180586	478	0.11099461
180586	890	0.11099461
180586	5031	0.11099461
180586	5886	0.11099461
180586	6123	0.11099461
180586	997	0.1109946
180586	1094	0.1109946
180586	1146	0.1109946
180586	2103	0.1109946
180586	2138	0.1109946
180591	41	0.07599591
180591	478	0.07599591
180591	997	0.07599591
180591	1856	0.07599591
180591	1869	0.07599591
180591	3616	0.07599591
180591	3750	0.07599591
180591	3971	0.07599591
180591	4076	0.07599591
180591	5886	0.07599591
180651	4896	0.11033319
180651	1199	0.10891986
180651	1041	0.10891984
180651	687	0.10891983
180651	3401	0.10891982
180651	1227	0.108919814
180651	2446	0.108527765
180651	6332	0.108527765
180651	1741	0.10852775
180651	5718	0.10852775
180801	387	0.109786645
180801	997	0.109786645
180801	1869	0.109786645
180801	6123	0.109786645
180801	890	0.10978664
180801	3971	0.10978664
180801	4076	0.10978664
180801	5031	0.10978664
180801	6912	0.10978664
180801	478	0.10978663
180840	41	0.08935325
180840	1403	0.08935325
180840	1869	0.08935325
180840	2364	0.08935325
180840	3971	0.08935325
180840	5896	0.08935325
180840	6912	0.08935325
180840	24	0.08935324
180840	997	0.08935324
180840	2138	0.08935324
180860	3866	0.12183845
180860	5454	0.12183845
180860	533	0.121838436
180860	3853	0.121838436
180860	5312	0.121838436
180860	6674	0.121838436
180860	4727	0.12183843
180860	5115	0.12183843
180860	6043	0.12183843
180860	6643	0.12183843
180925	6152	0.10833819
180925	2017	0.108338185
180925	3749	0.108338185
180925	4004	0.108338185
180925	4446	0.108338185
180925	759	0.10833818
180925	6601	0.10833818
180925	5427	0.10833817
180925	6789	0.10833817
180925	1344	0.10833816
180957	387	0.122797534
180957	124	0.12279753
180957	1058	0.12279753
180957	2728	0.12279753
180957	3559	0.12279753
180957	5886	0.12279753
180957	41	0.12279752
180957	478	0.12279752
180957	832	0.12279752
180957	890	0.12279752
181076	387	0.10407012
181076	41	0.10407011
181076	890	0.10407011
181076	997	0.10407011
181076	1340	0.10407011
181076	1415	0.10407011
181076	2037	0.10407011
181076	2121	0.10407011
181076	2552	0.10407011
181076	2806	0.10407011
181077	3971	0.14764708
181077	890	0.14764707
181077	2138	0.14764707
181077	3616	0.14764707
181077	5886	0.14764707
181077	124	0.14764705
181077	810	0.14764705
181077	997	0.14764705
181077	1651	0.14764705
181077	1856	0.14764705
181103	5096	0.10329246
181103	90	0.10329244
181103	6431	0.103292435
181103	3096	0.10329243
181103	6077	0.10329243
181103	6556	0.10329243
181103	2002	0.10329242
181103	3738	0.10329242
181103	6734	0.10329242
181103	6815	0.10329242
181165	3694	0.11135544
181165	4817	0.11135544
181165	4885	0.11135544
181165	5785	0.11135544
181165	729	0.11135543
181165	2382	0.11135543
181165	4224	0.11135543
181165	6842	0.11135543
181165	489	0.111355424
181165	854	0.111355424
181176	6265	0.20343249
181176	149	0.20343244
181176	244	0.20343244
181176	4599	0.20343244
181176	632	0.20343243
181176	650	0.20343243
181176	3385	0.20343243
181176	3548	0.20343243
181176	4045	0.20343243
181176	582	0.20343241
181212	5031	0.11664991
181212	890	0.1166499
181212	2121	0.1166499
181212	3971	0.1166499
181212	24	0.116649896
181212	41	0.116649896
181212	387	0.116649896
181212	579	0.116649896
181212	922	0.116649896
181212	997	0.116649896
181223	5849	0.07381251
181223	2378	0.0738125
181223	4943	0.0738125
181223	838	0.07381249
181223	2734	0.073812485
181223	6872	0.073812485
181223	3229	0.07381247
181223	648	0.070984215
181223	3115	0.07048518
181223	3658	0.07048518
181436	231	0.097370885
181436	1619	0.09737088
181436	6840	0.09737088
181436	668	0.09737087
181436	4176	0.09737087
181436	1022	0.09737086
181436	4577	0.097370856
181436	5197	0.097370856
181436	6216	0.097370856
181436	677	0.09737085
181452	3493	0.087069854
181452	5454	0.087069854
181452	3853	0.08706985
181452	401	0.08706984
181452	472	0.08706984
181452	533	0.08706984
181452	1806	0.08706984
181452	2220	0.08706984
181452	2363	0.08706984
181452	3103	0.08706984
181473	3971	0.1578481
181473	1869	0.15784809
181473	2138	0.15784809
181473	387	0.15784808
181473	890	0.15784808
181473	3616	0.15784808
181473	6123	0.15784808
181473	49	0.15784806
181473	124	0.15784806
181473	642	0.15784806
181687	3425	0.08711475
181687	3779	0.08711472
181687	3791	0.08711472
181687	4899	0.08711472
181687	5330	0.08711472
181687	5364	0.08711472
181687	6025	0.08711472
181687	399	0.087114714
181687	565	0.087114714
181687	1918	0.087114714
181691	171	0.08374317
181691	6677	0.08374317
181691	6250	0.08374316
181691	6122	0.083743155
181691	2464	0.08374315
181691	6584	0.08374314
181691	2861	0.08364638
181691	5627	0.08364634
181691	5808	0.08344237
181691	533	0.08232911
181714	41	0.13808459
181714	387	0.13808459
181714	842	0.13808459
181714	890	0.13808459
181714	901	0.13808459
181714	997	0.13808459
181714	1340	0.13808459
181714	1403	0.13808459
181714	1869	0.13808459
181714	2138	0.13808459
181736	4740	0.088679135
181736	4738	0.08867912
181736	5599	0.08867912
181736	5914	0.08867912
181736	6312	0.08867912
181736	6396	0.08867912
181736	4431	0.08867911
181736	4444	0.08867911
181736	1155	0.088679105
181736	2503	0.088679105
181796	5121	0.11838406
181796	801	0.118384056
181796	349	0.11838405
181796	400	0.11838405
181796	2145	0.11838405
181796	3785	0.11838405
181796	6236	0.11838405
181796	99	0.11838403
181796	255	0.11838403
181796	686	0.11838403
181896	6912	0.09775436
181896	387	0.097754344
181896	890	0.097754344
181896	1856	0.097754344
181896	3971	0.097754344
181896	4076	0.097754344
181896	5886	0.097754344
181896	997	0.09775434
181896	5031	0.09775434
181896	6046	0.09775434
181948	5031	0.12561238
181948	5886	0.12561238
181948	997	0.12561236
181948	1869	0.12561236
181948	3559	0.12561236
181948	5896	0.12561236
181948	6912	0.12561236
181948	24	0.12561235
181948	41	0.12561235
181948	49	0.12561235
181956	890	0.13449995
181956	922	0.13449995
181956	1856	0.13449995
181956	2121	0.13449995
181956	3971	0.13449995
181956	5886	0.13449995
181956	24	0.13449994
181956	41	0.13449994
181956	49	0.13449994
181956	124	0.13449994
181995	5579	0.14452794
181995	631	0.14452793
181995	808	0.14452791
181995	965	0.14452791
181995	1477	0.14452791
181995	1485	0.1445279
181995	2505	0.14452788
181995	3268	0.14452788
181995	623	0.14452787
181995	3100	0.14452784
182053	1869	0.13532645
182053	2138	0.13532645
182053	3971	0.13532645
182053	6123	0.13532645
182053	514	0.13532643
182053	1455	0.13532643
182053	2121	0.13532643
182053	2728	0.13532643
182053	3559	0.13532643
182053	5886	0.13532643
182086	5454	0.14349374
182086	6643	0.14349374
182086	6674	0.14349374
182086	1324	0.14349371
182086	1739	0.14349371
182086	1745	0.14349371
182086	1806	0.14349371
182086	2220	0.14349371
182086	2304	0.14349371
182086	2363	0.14349371
182088	4004	0.11226372
182088	4446	0.11226371
182088	759	0.1122637
182088	6152	0.1122637
182088	6601	0.1122637
182088	1344	0.112263694
182088	1362	0.112263694
182088	2128	0.112263694
182088	3481	0.112263694
182088	3749	0.112263694
182117	2518	0.11583032
182117	3749	0.11583031
182117	2017	0.1158303
182117	4446	0.1158303
182117	4004	0.115830295
182117	6152	0.115830295
182117	759	0.11583029
182117	1958	0.11583029
182117	5058	0.11583029
182117	5356	0.11583029
182180	387	0.14722335
182180	478	0.14722335
182180	645	0.14722335
182180	890	0.14722335
182180	997	0.14722335
182180	1146	0.14722335
182180	1194	0.14722335
182180	1415	0.14722335
182180	1869	0.14722335
182180	2515	0.14722335
182202	49	0.13299668
182202	387	0.13299668
182202	890	0.13299668
182202	997	0.13299668
182202	3971	0.13299668
182202	5031	0.13299668
182202	5886	0.13299668
182202	6123	0.13299668
182202	645	0.13299666
182202	922	0.13299666
182275	3971	0.110670134
182275	890	0.11067013
182275	1869	0.11067013
182275	2138	0.11067013
182275	5886	0.11067013
182275	6123	0.11067013
182275	124	0.11067012
182275	273	0.11067012
182275	387	0.11067012
182275	579	0.11067012
182334	3971	0.12933996
182334	5886	0.12933996
182334	6515	0.12933996
182334	890	0.12933995
182334	1869	0.12933995
182334	2515	0.12933995
182334	24	0.12933993
182334	49	0.12933993
182334	124	0.12933993
182334	387	0.12933993
182393	1177	0.107624516
182393	1233	0.107624516
182393	6530	0.107624516
182393	6762	0.107624516
182393	6897	0.107624516
182393	1221	0.10762451
182393	4133	0.10762451
182393	6318	0.10762451
182393	2116	0.1076245
182393	3118	0.1076245
182403	1869	0.1334429
182403	775	0.13344288
182403	3971	0.13344288
182403	5886	0.13344288
182403	124	0.13344286
182403	387	0.13344286
182403	890	0.13344286
182403	986	0.13344286
182403	997	0.13344286
182403	2121	0.13344286
182414	387	0.08592132
182414	890	0.08592132
182414	1856	0.08592132
182414	1869	0.08592132
182414	2138	0.08592132
182414	3616	0.08592132
182414	3971	0.08592132
182414	4076	0.08592132
182414	5886	0.08592132
182414	6912	0.08592132
182442	4673	0.11379103
182442	247	0.11379101
182442	884	0.11379101
182442	3230	0.11379101
182442	5041	0.11379101
182442	6834	0.11379101
182442	1648	0.113791004
182442	2419	0.113791004
182442	3606	0.113791004
182442	4080	0.113791004
182459	1869	0.12832081
182459	3971	0.12832081
182459	4323	0.12832081
182459	5218	0.12832081
182459	6123	0.12832081
182459	5886	0.1283208
182459	6507	0.1283208
182459	25	0.12832078
182459	49	0.12832078
182459	215	0.12832078
182506	387	0.09976072
182506	3971	0.09976072
182506	890	0.09976071
182506	997	0.09976071
182506	1146	0.09976071
182506	2138	0.09976071
182506	3616	0.09976071
182506	4323	0.09976071
182506	5031	0.09976071
182506	5716	0.09976071
182527	1764	0.09626709
182527	3129	0.09626708
182527	130	0.096267074
182527	172	0.096267074
182527	646	0.096267074
182527	947	0.096267074
182527	1139	0.096267074
182527	1374	0.096267074
182527	1775	0.096267074
182527	2029	0.096267074
182599	1856	0.06801332
182599	1869	0.06801332
182599	3971	0.06801332
182599	5886	0.06801332
182599	41	0.06801331
182599	124	0.06801331
182599	387	0.06801331
182599	579	0.06801331
182599	597	0.06801331
182599	642	0.06801331
182746	1080	0.10174956
182746	2382	0.10174956
182746	4885	0.10174956
182746	6783	0.10174956
182746	2360	0.101749554
182746	3115	0.101749554
182746	3427	0.101749554
182746	3510	0.101749554
182746	3560	0.101749554
182746	3658	0.101749554
182838	1411	0.09923975
182838	2196	0.09923974
182838	5158	0.09923972
182838	3379	0.09923971
182838	3206	0.09923969
182838	5350	0.09923969
182838	467	0.09833322
182838	6244	0.09833321
182838	6322	0.0983332
182838	3426	0.098333195
182847	4167	0.10803831
182847	5697	0.108038306
182847	6361	0.108038306
182847	6459	0.108038306
182847	3875	0.1080383
182847	5666	0.10803829
182847	1796	0.108038284
182847	2691	0.108038284
182847	3883	0.108038284
182847	2442	0.10803828
182931	3971	0.09583733
182931	49	0.095837325
182931	2138	0.095837325
182931	6123	0.095837325
182931	6915	0.095837325
182931	24	0.09583731
182931	180	0.09583731
182931	579	0.09583731
182931	642	0.09583731
182931	890	0.09583731
182969	2419	0.16859195
182969	4474	0.16859195
182969	4673	0.16859195
182969	4938	0.16859195
182969	222	0.16859193
182969	819	0.16859193
182969	1648	0.16859193
182969	4472	0.16859193
182969	5041	0.16859193
182969	884	0.16859192
182993	511	0.15187493
182993	617	0.1518749
182993	1092	0.1518749
182993	2785	0.1518749
182993	3097	0.1518749
182993	6364	0.1518749
182993	6593	0.1518749
182993	6880	0.1518749
182993	245	0.15187488
182993	1288	0.15187488
183046	5033	0.1161003
183046	520	0.11610028
183046	5653	0.11610027
183046	6147	0.11610027
183046	6810	0.11610027
183046	3971	0.115868926
183046	6123	0.11586892
183046	6912	0.11586892
183046	124	0.11586891
183046	387	0.11586891
183061	1869	0.10639366
183061	5031	0.10639366
183061	3616	0.10639365
183061	5886	0.10639365
183061	901	0.10639364
183061	3750	0.10639364
183061	41	0.106393635
183061	124	0.106393635
183061	215	0.106393635
183061	387	0.106393635
183088	4103	0.124504775
183088	5731	0.12450475
183088	1621	0.124504745
183088	2450	0.12450474
183088	3657	0.12450474
183088	892	0.12450473
183088	1280	0.12450473
183088	1848	0.12450473
183088	2014	0.12450473
183088	2209	0.12450473
183101	1869	0.08862515
183101	3971	0.08862515
183101	5031	0.08862514
183101	5886	0.08862514
183101	49	0.08862513
183101	387	0.08862513
183101	478	0.08862513
183101	997	0.08862513
183101	1340	0.08862513
183101	1856	0.08862513
183134	5417	0.101014026
183134	4243	0.10101402
183134	1467	0.10101397
183134	244	0.10031387
183134	6265	0.100313865
183134	4599	0.10031386
183134	149	0.10031384
183134	632	0.10031384
183134	650	0.10031383
183134	961	0.10031383
183142	364	0.11337385
183142	5430	0.11337385
183142	1826	0.113373846
183142	2780	0.11337384
183142	6260	0.11337384
183142	2879	0.11337383
183142	3435	0.11337383
183142	3824	0.11337383
183142	5584	0.11337383
183142	2636	0.11337382
183178	3866	0.106098644
183178	4595	0.106098644
183178	3853	0.10609864
183178	5115	0.10609864
183178	5312	0.10609864
183178	5454	0.10609864
183178	6643	0.10609864
183178	6674	0.10609864
183178	533	0.10609863
183178	3112	0.10609863
183187	41	0.112798825
183187	124	0.112798825
183187	890	0.112798825
183187	1856	0.112798825
183187	3971	0.112798825
183187	6912	0.112798825
183187	1869	0.11279882
183187	5031	0.11279882
183187	5716	0.11279882
183187	5886	0.11279882
183196	6707	0.054527123
183196	3990	0.054306082
183196	1083	0.054306053
183196	2506	0.05422249
183196	6160	0.05422248
183196	2871	0.054034747
183196	3661	0.054034736
183196	1828	0.054001424
183196	601	0.05400142
183196	2062	0.05400142
183277	3971	0.12381853
183277	5886	0.12381853
183277	387	0.123818524
183277	922	0.123818524
183277	5031	0.123818524
183277	124	0.12381852
183277	215	0.12381852
183277	645	0.12381852
183277	890	0.12381852
183277	1146	0.12381852
183284	1869	0.10341407
183284	387	0.103414066
183284	3971	0.103414066
183284	579	0.10341406
183284	597	0.10341406
183284	997	0.10341406
183284	1455	0.10341406
183284	2138	0.10341406
183284	4323	0.10341406
183284	5031	0.10341406
183347	41	0.123343155
183347	387	0.123343155
183347	642	0.123343155
183347	890	0.123343155
183347	986	0.123343155
183347	1058	0.123343155
183347	1869	0.123343155
183347	2121	0.123343155
183347	3971	0.123343155
183347	4076	0.123343155
183436	4740	0.079935975
183436	1672	0.07993597
183436	2503	0.07993597
183436	4431	0.07993597
183436	5599	0.07993597
183436	5914	0.07993597
183436	6312	0.07993597
183436	3677	0.07993596
183436	4738	0.07993596
183436	6396	0.07993596
183537	3971	0.1091105
183537	2138	0.10911049
183537	6915	0.10911048
183537	49	0.109110475
183537	387	0.109110475
183537	890	0.109110475
183537	1194	0.109110475
183537	1340	0.109110475
183537	1869	0.109110475
183537	2736	0.109110475
183540	387	0.097152784
183540	597	0.097152784
183540	890	0.097152784
183540	2121	0.097152784
183540	5031	0.097152784
183540	478	0.09715278
183540	1094	0.09715278
183540	2552	0.09715278
183540	5381	0.09715278
183540	5886	0.09715278
183572	884	0.099489585
183572	2419	0.099489585
183572	3606	0.099489585
183572	3870	0.099489585
183572	4080	0.099489585
183572	4472	0.09948958
183572	4501	0.09948958
183572	4673	0.09948958
183572	4938	0.09948958
183572	6716	0.09948958
183740	5331	0.10165924
183740	5672	0.10165923
183740	6273	0.10165922
183740	6756	0.10165922
183740	4488	0.1016592
183740	828	0.10165919
183740	4833	0.10165919
183740	5343	0.10165919
183740	4351	0.101659186
183740	854	0.100410745
183753	1869	0.1114967
183753	5886	0.1114967
183753	922	0.111496694
183753	3971	0.111496694
183753	41	0.11149669
183753	215	0.11149669
183753	387	0.11149669
183753	478	0.11149669
183753	890	0.11149669
183753	1058	0.11149669
183832	387	0.08235148
183832	890	0.08235148
183832	2121	0.08235148
183832	3897	0.08235148
183832	4323	0.08235148
183832	41	0.082351476
183832	124	0.082351476
183832	832	0.082351476
183832	1146	0.082351476
183832	1856	0.082351476
183883	3866	0.100885466
183883	4241	0.100885466
183883	6768	0.100885466
183883	3853	0.10088546
183883	6643	0.10088546
183883	401	0.10088545
183883	2220	0.10088545
183883	2541	0.10088545
183883	3103	0.10088545
183883	3112	0.10088545
183931	4176	0.10118826
183931	5129	0.10118826
183931	5949	0.10118826
183931	6216	0.10118826
183931	231	0.10118825
183931	668	0.10118824
183931	760	0.10118824
183931	1022	0.10118824
183931	1050	0.10118824
183931	2402	0.10118824
183952	49	0.13137415
183952	1869	0.13137415
183952	4323	0.13137415
183952	5886	0.13137415
183952	387	0.13137414
183952	832	0.13137414
183952	890	0.13137414
183952	1856	0.13137414
183952	2121	0.13137414
183952	3897	0.13137414
183958	2360	0.091144785
183958	2595	0.091144785
183958	3510	0.091144785
183958	3560	0.091144785
183958	3658	0.091144785
183958	3939	0.091144785
183958	4796	0.091144785
183958	854	0.09114478
183958	1170	0.09114478
183958	1256	0.09114478
183963	4802	0.10255413
183963	5244	0.10255413
183963	495	0.10255411
183963	3128	0.10255411
183963	2202	0.102554105
183963	5250	0.102554105
183963	1242	0.1025541
183963	4618	0.1025541
183963	5498	0.10255409
183963	6739	0.10255409
184121	3866	0.08581281
184121	3853	0.0858128
184121	5454	0.0858128
184121	533	0.08581279
184121	1745	0.08581279
184121	3493	0.08581279
184121	3778	0.08581279
184121	4241	0.08581279
184121	4595	0.08581279
184121	4680	0.08581279
184196	478	0.13823861
184196	645	0.13823861
184196	890	0.13823861
184196	1094	0.13823861
184196	2138	0.13823861
184196	3971	0.13823861
184196	4076	0.13823861
184196	5031	0.13823861
184196	5716	0.13823861
184196	5886	0.13823861
184202	4673	0.113437615
184202	247	0.1134376
184202	884	0.11343759
184202	3606	0.11343759
184202	4602	0.11343759
184202	4758	0.11343759
184202	5041	0.11343759
184202	5864	0.11343759
184202	6834	0.11343759
184202	819	0.113437586
184223	3971	0.09546471
184223	387	0.09546469
184223	890	0.09546469
184223	1869	0.09546469
184223	2138	0.09546469
184223	5886	0.09546469
184223	6123	0.09546469
184223	41	0.09546468
184223	124	0.09546468
184223	215	0.09546468
184270	3844	0.09504888
184270	6116	0.09504888
184270	2492	0.09504886
184270	972	0.095048845
184270	4924	0.095048845
184270	6219	0.095048845
184270	6793	0.095048845
184270	5378	0.09504884
184270	5927	0.09504884
184270	1860	0.09504883
184279	3866	0.12600194
184279	3493	0.12600192
184279	3853	0.12600192
184279	3980	0.12600192
184279	4727	0.12600192
184279	5454	0.12600192
184279	5729	0.12600192
184279	533	0.12600191
184279	561	0.12600191
184279	1739	0.12600191
184299	4176	0.08869118
184299	6840	0.088691175
184299	677	0.08869117
184299	760	0.08869117
184299	5197	0.08869117
184299	6216	0.08869117
184299	231	0.08869116
184299	851	0.08869116
184299	1022	0.08869116
184299	1619	0.08869116
184310	3971	0.12444052
184310	1869	0.124440506
184310	2138	0.124440506
184310	5886	0.124440506
184310	6123	0.124440506
184310	890	0.1244405
184310	6915	0.1244405
184310	49	0.12444049
184310	124	0.12444049
184310	387	0.12444049
184354	2138	0.0930872
184354	6123	0.0930872
184354	4076	0.09308719
184354	860	0.09308718
184354	890	0.09308718
184354	997	0.09308718
184354	2364	0.09308718
184354	3059	0.09308718
184354	3559	0.09308718
184354	3616	0.09308718
184365	3971	0.14713565
184365	6123	0.14713565
184365	6912	0.14713565
184365	890	0.14713563
184365	2138	0.14713563
184365	24	0.14713562
184365	41	0.14713562
184365	124	0.14713562
184365	387	0.14713562
184365	579	0.14713562
184401	1997	0.13235763
184401	3644	0.13235763
184401	4813	0.13235763
184401	4984	0.13235763
184401	6909	0.13235763
184401	80	0.1323576
184401	821	0.1323576
184401	2236	0.1323576
184401	2647	0.1323576
184401	3664	0.1323576
184424	3971	0.1573658
184424	890	0.15736578
184424	2138	0.15736578
184424	6123	0.15736578
184424	24	0.15736577
184424	41	0.15736577
184424	49	0.15736577
184424	387	0.15736577
184424	478	0.15736577
184424	597	0.15736577
184465	6123	0.11290294
184465	890	0.11290293
184465	5886	0.11290293
184465	376	0.112902924
184465	387	0.112902924
184465	579	0.112902924
184465	997	0.112902924
184465	1393	0.112902924
184465	1856	0.112902924
184465	1869	0.112902924
184479	1092	0.09254279
184479	4369	0.09254279
184479	511	0.09254278
184479	1644	0.09254278
184479	2785	0.09254278
184479	3526	0.09254278
184479	4128	0.09254278
184479	4318	0.09254278
184479	4905	0.09254278
184479	5088	0.09254278
184513	4151	0.15545206
184513	6222	0.15545206
184513	349	0.15545204
184513	801	0.15545204
184513	1087	0.15545204
184513	1389	0.15545204
184513	1650	0.15545204
184513	2305	0.15545204
184513	3120	0.15545204
184513	3219	0.15545204
184532	841	0.14529914
184532	5017	0.14529914
184532	299	0.1452991
184532	1519	0.1452991
184532	5387	0.1452991
184532	1677	0.14529908
184532	3700	0.1448716
184532	3830	0.1448716
184532	3866	0.1448716
184532	6310	0.1448716
184562	1087	0.11230194
184562	2916	0.11230194
184562	6222	0.11230194
184562	686	0.11230193
184562	801	0.11230193
184562	2305	0.11230193
184562	3187	0.11230193
184562	4151	0.11230193
184562	5121	0.11230193
184562	6252	0.11230193
184629	4885	0.138689
184629	1080	0.13868898
184629	2360	0.13868898
184629	2382	0.13868898
184629	3115	0.13868898
184629	3658	0.13868898
184629	4411	0.13868898
184629	4796	0.13868898
184629	5785	0.13868898
184629	6783	0.13868898
184684	387	0.07868471
184684	3971	0.07868471
184684	4323	0.07868471
184684	41	0.0786847
184684	49	0.0786847
184684	124	0.0786847
184684	832	0.0786847
184684	890	0.0786847
184684	922	0.0786847
184684	1146	0.0786847
184789	3866	0.09572255
184789	6643	0.09572255
184789	533	0.09572254
184789	1806	0.09572254
184789	2304	0.09572254
184789	3019	0.09572254
184789	3210	0.09572254
184789	4595	0.09572254
184789	5115	0.09572254
184789	6674	0.09572254
184890	3425	0.10620644
184890	1918	0.10620642
184890	6025	0.10620642
184890	565	0.10620641
184890	5330	0.10620641
184890	5364	0.10620641
184890	399	0.1062064
184890	2581	0.1062064
184890	3791	0.1062064
184890	4899	0.1062064
184904	6460	0.09044697
184904	130	0.090446964
184904	172	0.090446964
184904	506	0.090446964
184904	947	0.090446964
184904	1139	0.090446964
184904	1764	0.090446964
184904	1995	0.090446964
184904	2029	0.090446964
184904	2090	0.090446964
184918	1869	0.11466268
184918	387	0.11466266
184918	775	0.11466266
184918	997	0.11466266
184918	3059	0.11466266
184918	3616	0.11466266
184918	3971	0.11466266
184918	4076	0.11466266
184918	5031	0.11466266
184918	5886	0.11466266
184985	5031	0.112045184
184985	1869	0.11204518
184985	215	0.11204517
184985	387	0.11204517
184985	1146	0.11204517
184985	2138	0.11204517
184985	3616	0.11204517
184985	3971	0.11204517
184985	4226	0.11204517
184985	5896	0.11204517
184990	3971	0.09450771
184990	387	0.0945077
184990	124	0.094507694
184990	890	0.094507694
184990	922	0.094507694
184990	997	0.094507694
184990	1749	0.094507694
184990	5886	0.094507694
184990	6123	0.094507694
184990	6912	0.094507694
185011	4660	0.048922658
185011	64	0.048922654
185011	2160	0.04892265
185011	5089	0.04892264
185011	5898	0.04892264
185011	3117	0.048922632
185011	2177	0.048922624
185011	976	0.04806339
185011	5613	0.047939047
185011	5690	0.04778468
185071	4885	0.0897731
185071	2382	0.08977309
185071	3560	0.08977309
185071	3694	0.08977309
185071	4796	0.08977309
185071	5785	0.08977309
185071	1080	0.08977308
185071	1363	0.08977308
185071	3427	0.08977308
185071	3510	0.08977308
185087	4885	0.10528141
185087	3560	0.105281405
185087	854	0.1052814
185087	2360	0.1052814
185087	3115	0.1052814
185087	4224	0.1052814
185087	5411	0.1052814
185087	6842	0.1052814
185087	1363	0.10528139
185087	1413	0.10528139
185140	4176	0.14258888
185140	6840	0.14258887
185140	231	0.14258885
185140	668	0.14258885
185140	677	0.14258885
185140	760	0.14258885
185140	851	0.14258885
185140	1022	0.14258885
185140	1595	0.14258885
185140	1619	0.14258885
185147	3179	0.13872172
185147	660	0.1387217
185147	3597	0.1387217
185147	1423	0.13872169
185147	3853	0.13793325
185147	3866	0.13793325
185147	5454	0.13793324
185147	533	0.13793322
185147	1806	0.13793322
185147	3091	0.13793322
185154	3493	0.11082941
185154	3778	0.11082941
185154	3830	0.11082941
185154	3853	0.11082941
185154	6643	0.11082941
185154	401	0.110829405
185154	3866	0.110829405
185154	5454	0.110829405
185154	1745	0.1108294
185154	3091	0.1108294
185176	5031	0.1000921
185176	890	0.10009208
185176	3616	0.10009208
185176	3971	0.10009208
185176	5716	0.10009208
185176	5886	0.10009208
185176	24	0.100092076
185176	49	0.100092076
185176	387	0.100092076
185176	597	0.100092076
185254	387	0.11452545
185254	997	0.11452545
185254	3559	0.11452545
185254	5886	0.11452545
185254	6912	0.11452545
185254	922	0.114525445
185254	1455	0.114525445
185254	2138	0.114525445
185254	3971	0.114525445
185254	5031	0.114525445
185275	2419	0.1292464
185275	3230	0.1292464
185275	3606	0.1292464
185275	4452	0.1292464
185275	4673	0.1292464
185275	5041	0.1292464
185275	222	0.12924638
185275	247	0.12924638
185275	884	0.12924638
185275	1648	0.12924638
185288	1869	0.1019143
185288	5031	0.1019143
185288	2121	0.101914294
185288	3616	0.101914294
185288	387	0.10191429
185288	890	0.10191429
185288	986	0.10191429
185288	997	0.10191429
185288	1340	0.10191429
185288	1393	0.10191429
185296	962	0.088663
185296	1567	0.08819093
185296	4906	0.08819092
185296	711	0.08819091
185296	1816	0.08819091
185296	2207	0.08819091
185296	2653	0.08819091
185296	3361	0.08819091
185296	5086	0.08819091
185296	5295	0.08819091
185308	387	0.16510579
185308	890	0.16510579
185308	3971	0.16510579
185308	1146	0.16510577
185308	2121	0.16510577
185308	41	0.16510576
185308	124	0.16510576
185308	579	0.16510576
185308	645	0.16510576
185308	922	0.16510576
185384	6520	0.13481814
185384	3812	0.1348181
185384	1762	0.13481809
185384	4800	0.13481809
185384	4554	0.13481808
185384	3504	0.13481806
185384	3030	0.13481805
185384	5309	0.13376388
185384	848	0.13376386
185384	3403	0.13376386
185450	1415	0.10002241
185450	3971	0.10002241
185450	4076	0.10002241
185450	5031	0.10002241
185450	6912	0.10002241
185450	387	0.100022405
185450	890	0.100022405
185450	997	0.100022405
185450	1194	0.100022405
185450	1869	0.100022405
185468	511	0.121511966
185468	1092	0.12151196
185468	4557	0.12151195
185468	6364	0.12151195
185468	6593	0.12151195
185468	6880	0.12151195
185468	5998	0.12151194
185468	245	0.121511936
185468	246	0.121511936
185468	617	0.121511936
185497	3018	0.09063355
185497	3937	0.09063355
185497	6608	0.09063355
185497	471	0.09063354
185497	606	0.09063354
185497	1285	0.09063354
185497	2428	0.09063354
185497	2675	0.09063354
185497	3491	0.09063354
185497	4065	0.09063354
185514	3971	0.0972893
185514	890	0.097289294
185514	5031	0.097289294
185514	5886	0.097289294
185514	24	0.09728929
185514	2138	0.09728929
185514	2736	0.09728929
185514	3616	0.09728929
185514	4076	0.09728929
185514	5716	0.09728929
185538	2701	0.1345883
185538	3380	0.1345883
185538	3563	0.1345883
185538	3654	0.1345883
185538	3815	0.1345883
185538	4756	0.1345883
185538	6032	0.1345883
185538	6284	0.1345883
185538	6745	0.1345883
185538	4957	0.13458829
185634	2419	0.15878874
185634	884	0.15878873
185634	3606	0.15878873
185634	3870	0.15878873
185634	4673	0.15878873
185634	4938	0.15878873
185634	5864	0.15878873
185634	222	0.15878871
185634	247	0.15878871
185634	1648	0.15878871
185671	1553	0.08108196
185671	3529	0.08108196
185671	2972	0.08108195
185671	5421	0.08108195
185671	236	0.08108194
185671	2250	0.08108194
185671	3001	0.08108194
185671	3213	0.08108194
185671	6114	0.08108193
185671	5424	0.08087753
185677	4241	0.118348554
185677	6643	0.11834855
185677	3112	0.11834854
185677	3630	0.11834854
185677	3700	0.11834854
185677	3830	0.11834854
185677	5454	0.11834854
185677	5688	0.11834854
185677	6768	0.11834854
185677	1806	0.11834853
185722	6426	0.11210986
185722	6265	0.11197188
185722	244	0.111971855
185722	632	0.111971855
185722	4599	0.111971855
185722	149	0.11197185
185722	961	0.11197185
185722	4045	0.11197185
185722	582	0.11197184
185722	2962	0.11197184
185771	1869	0.095276885
185771	5886	0.095276885
185771	2138	0.09527688
185771	3971	0.09527688
185771	6123	0.09527688
185771	387	0.09527687
185771	890	0.09527687
185771	1403	0.09527687
185771	2846	0.09527687
185771	3965	0.09527687
186032	3018	0.103948295
186032	3937	0.103948295
186032	5414	0.103948295
186032	5703	0.103948295
186032	5821	0.103948295
186032	6418	0.103948295
186032	4065	0.10394829
186032	471	0.10394828
186032	1285	0.10394828
186032	1575	0.10394828
186039	2518	0.10139832
186039	759	0.101398304
186039	4004	0.101398304
186039	4446	0.101398304
186039	4789	0.101398304
186039	6601	0.1013983
186039	30	0.10139829
186039	1362	0.10139829
186039	1742	0.10139829
186039	1958	0.10139829
186312	387	0.14256933
186312	1869	0.14256933
186312	2121	0.14256933
186312	3971	0.14256933
186312	41	0.14256932
186312	642	0.14256932
186312	890	0.14256932
186312	1058	0.14256932
186312	1856	0.14256932
186312	2728	0.14256932
186527	3560	0.13897008
186527	4885	0.13897008
186527	489	0.13897006
186527	3658	0.13897006
186527	4796	0.13897006
186527	6555	0.13897006
186527	854	0.13897005
186527	1080	0.13897005
186527	1334	0.13897005
186527	1363	0.13897005
186533	3971	0.10984725
186533	5031	0.10984725
186533	5886	0.10984725
186533	6123	0.10984725
186533	478	0.10984724
186533	890	0.10984724
186533	1869	0.10984724
186533	4323	0.10984724
186533	49	0.10984723
186533	215	0.10984723
186547	890	0.10311849
186547	3971	0.10311849
186547	4076	0.10311849
186547	5716	0.10311849
186547	5886	0.10311849
186547	6912	0.10311849
186547	24	0.10311848
186547	41	0.10311848
186547	215	0.10311848
186547	387	0.10311848
186570	6082	0.096664086
186570	2910	0.09666407
186570	2975	0.09666407
186570	3830	0.09392901
186570	3866	0.09392901
186570	6109	0.09392901
186570	6674	0.09392901
186570	6768	0.09392901
186570	2220	0.093929
186570	3418	0.093929
186762	4595	0.0752366
186762	6674	0.0752366
186762	533	0.075236596
186762	6310	0.075236596
186762	6643	0.075236596
186762	1752	0.07523659
186762	2220	0.07523659
186762	3091	0.07523659
186762	3210	0.07523659
186762	3700	0.07523659
186784	3531	0.104077
186784	231	0.102744415
186784	1619	0.1027444
186784	668	0.10274439
186784	4176	0.10274439
186784	6840	0.10274439
186784	1022	0.102744386
186784	1723	0.102744386
186784	4000	0.102744386
186784	4068	0.102744386
186807	231	0.095003776
186807	6840	0.095003776
186807	1619	0.09500377
186807	4176	0.09500377
186807	5197	0.09500377
186807	6216	0.09500377
186807	1050	0.09500376
186807	1022	0.095003754
186807	1034	0.095003754
186807	2312	0.095003754
186837	387	0.12572607
186837	890	0.12572607
186837	922	0.12572607
186837	1856	0.12572607
186837	1869	0.12572607
186837	3616	0.12572607
186837	3897	0.12572607
186837	3971	0.12572607
186837	4076	0.12572607
186837	5886	0.12572607
186848	425	0.091786206
186848	5355	0.091786146
186848	3776	0.09178614
186848	4032	0.09178614
186848	4469	0.09178614
186848	5859	0.09178614
186848	91	0.09178613
186848	1524	0.09178613
186848	5304	0.09178613
186848	5321	0.09178613
186899	4176	0.09982894
186899	231	0.099828936
186899	5197	0.099828936
186899	6840	0.099828936
186899	668	0.09982893
186899	1022	0.09982893
186899	1619	0.09982893
186899	1723	0.09982893
186899	2956	0.09982893
186899	4068	0.09982893
187029	4176	0.076694
187029	6216	0.076694
187029	6840	0.076694
187029	231	0.07669398
187029	1022	0.07669398
187029	5197	0.07669398
187029	668	0.076693974
187029	1034	0.076693974
187029	1050	0.076693974
187029	1619	0.076693974
187065	1869	0.10032209
187065	387	0.10032208
187065	579	0.10032208
187065	842	0.10032208
187065	890	0.10032208
187065	1862	0.10032208
187065	2121	0.10032208
187065	3971	0.10032208
187065	5031	0.10032208
187065	832	0.100322075
187145	387	0.14095867
187145	1869	0.14095867
187145	3616	0.14095867
187145	579	0.14095865
187145	645	0.14095865
187145	2121	0.14095865
187145	3971	0.14095865
187145	5031	0.14095865
187145	6123	0.14095865
187145	49	0.14095864
187170	511	0.10530605
187170	3526	0.105306044
187170	4318	0.105306044
187170	5288	0.10530604
187170	71	0.10530603
187170	1092	0.10530603
187170	2643	0.10530603
187170	3097	0.10530603
187170	4557	0.10530603
187170	4905	0.10530603
187256	3971	0.10210709
187256	387	0.10210708
187256	890	0.10210708
187256	901	0.10210708
187256	1869	0.10210708
187256	2138	0.10210708
187256	2728	0.10210708
187256	3965	0.10210708
187256	5886	0.10210708
187256	6123	0.10210708
187410	3700	0.1035739
187410	6674	0.1035739
187410	6643	0.103573896
187410	813	0.10357389
187410	1745	0.10357389
187410	2220	0.10357389
187410	2304	0.10357389
187410	3210	0.10357389
187410	3830	0.10357389
187410	4241	0.10357389
187425	2138	0.1253961
187425	3971	0.1253961
187425	387	0.12539609
187425	997	0.12539609
187425	1393	0.12539609
187425	1869	0.12539609
187425	3559	0.12539609
187425	3616	0.12539609
187425	5031	0.12539609
187425	5886	0.12539609
187463	3091	0.10081397
187463	3418	0.10081397
187463	3700	0.10081397
187463	3830	0.10081397
187463	3853	0.10081397
187463	3866	0.10081397
187463	4595	0.10081397
187463	4727	0.10081397
187463	5454	0.10081397
187463	6310	0.10081397
187517	128	0.07309819
187517	6138	0.07309818
187517	2560	0.07309817
187517	3211	0.07309817
187517	6293	0.07309817
187517	6498	0.07309816
187517	1468	0.07309815
187517	6746	0.07309815
187517	6918	0.07309815
187517	5416	0.072896965
187520	1285	0.07492256
187520	3018	0.07492256
187520	3491	0.074922554
187520	4065	0.074922554
187520	102	0.07492255
187520	606	0.07492255
187520	1575	0.07492255
187520	2675	0.07492255
187520	5249	0.07492255
187520	5310	0.07492255
187574	6312	0.0979435
187574	5914	0.09794349
187574	2503	0.097943485
187574	4738	0.097943485
187574	4740	0.097943485
187574	5599	0.097943485
187574	6396	0.097943485
187574	4144	0.09794348
187574	1024	0.09794347
187574	1155	0.09794347
187613	6032	0.14324655
187613	2701	0.14324653
187613	3380	0.14324653
187613	3654	0.14324653
187613	3815	0.14324653
187613	4756	0.14324653
187613	6745	0.14324653
187613	3408	0.14324652
187613	4957	0.14324652
187613	6284	0.14324652
187624	686	0.100858614
187624	1087	0.100858614
187624	1650	0.100858614
187624	2145	0.100858614
187624	3120	0.100858614
187624	4151	0.100858614
187624	5019	0.100858614
187624	99	0.10085861
187624	349	0.10085861
187624	400	0.10085861
187747	3971	0.092059895
187747	5031	0.092059895
187747	5896	0.092059895
187747	6915	0.092059895
187747	1869	0.09205989
187747	2138	0.09205989
187747	2364	0.09205989
187747	3616	0.09205989
187747	24	0.09205988
187747	579	0.09205988
187761	890	0.10128856
187761	1856	0.10128856
187761	1869	0.10128856
187761	2364	0.10128856
187761	3971	0.10128856
187761	4076	0.10128856
187761	5886	0.10128856
187761	6123	0.10128856
187761	6507	0.10128856
187761	41	0.10128855
187762	890	0.17856786
187762	1869	0.17856786
187762	2138	0.17856786
187762	3971	0.17856786
187762	124	0.17856784
187762	514	0.17856784
187762	775	0.17856784
187762	2364	0.17856784
187762	2728	0.17856784
187762	3616	0.17856784
187763	6244	0.09832049
187763	467	0.098320484
187763	3799	0.098320484
187763	395	0.09832047
187763	2501	0.09832047
187763	2821	0.09832047
187763	4338	0.09832047
187763	4843	0.09832047
187763	6322	0.09832047
187763	6689	0.09832047
187801	2381	0.091283575
187801	4821	0.09128357
187801	3834	0.09128356
187801	1087	0.09127131
187801	6252	0.09127131
187801	686	0.0912713
187801	2145	0.0912713
187801	3187	0.0912713
187801	4151	0.0912713
187801	99	0.091271296
187822	5731	0.08559933
187822	1621	0.08559932
187822	2209	0.08559932
187822	2450	0.08559932
187822	3657	0.08559932
187822	4103	0.08559932
187822	6149	0.08559932
187822	398	0.08559931
187822	493	0.08559931
187822	6279	0.08559931
187835	3584	0.0997037
187835	3872	0.0997037
187835	5173	0.0997037
187835	6171	0.0997037
187835	2043	0.09970369
187835	5139	0.099703684
187835	5946	0.099703684
187835	5640	0.099703655
187835	5914	0.09892264
187835	4740	0.09892262
187863	890	0.15745617
187863	387	0.15745616
187863	478	0.15745616
187863	645	0.15745616
187863	922	0.15745616
187863	997	0.15745616
187863	1062	0.15745616
187863	1146	0.15745616
187863	1455	0.15745616
187863	1856	0.15745616
187904	2419	0.12478083
187904	4474	0.124780826
187904	3606	0.12478082
187904	3870	0.12478082
187904	4472	0.12478082
187904	4938	0.12478082
187904	6231	0.12478082
187904	222	0.12478081
187904	884	0.12478081
187904	1648	0.12478081
187981	6423	0.08332016
187981	2843	0.08332014
187981	1301	0.083320126
187981	6265	0.08118917
187981	244	0.081189156
187981	3385	0.081189156
187981	149	0.08118915
187981	961	0.08118914
187981	4045	0.08118914
187981	632	0.08118913
187990	686	0.12896404
187990	801	0.12896404
187990	1087	0.12896404
187990	2145	0.12896404
187990	2180	0.12896404
187990	2916	0.12896404
187990	3120	0.12896404
187990	3219	0.12896404
187990	4151	0.12896404
187990	5121	0.12896404
188010	1869	0.110659815
188010	41	0.11065981
188010	387	0.11065981
188010	890	0.11065981
188010	2138	0.11065981
188010	3616	0.11065981
188010	3971	0.11065981
188010	4076	0.11065981
188010	5886	0.11065981
188010	6912	0.11065981
188022	41	0.11582616
188022	890	0.11582616
188022	3971	0.11582616
188022	124	0.11582615
188022	387	0.11582615
188022	1146	0.11582615
188022	579	0.115826145
188022	922	0.115826145
188022	1856	0.115826145
188022	1862	0.115826145
188027	6851	0.08217533
188027	4382	0.082175314
188027	4856	0.082175314
188027	5315	0.082175314
188027	482	0.08217531
188027	2988	0.08217531
188027	2457	0.0821753
188027	4007	0.0821753
188027	6749	0.0821753
188027	4986	0.08217529
188038	4673	0.13395675
188038	903	0.13395672
188038	2419	0.13395672
188038	3230	0.13395672
188038	3870	0.13395672
188038	5041	0.13395672
188038	5864	0.13395672
188038	6231	0.13395672
188038	6834	0.13395672
188038	247	0.1339567
188106	5731	0.10340063
188106	4103	0.103400625
188106	4703	0.10340062
188106	2209	0.10340061
188106	2320	0.10340061
188106	3657	0.10340061
188106	605	0.1034006
188106	2014	0.1034006
188106	2450	0.1034006
188106	2491	0.1034006
188171	2022	0.102543
188171	2971	0.10254298
188171	667	0.102542974
188171	2197	0.102542974
188171	4671	0.102542974
188171	191	0.10254297
188171	551	0.10254297
188171	3121	0.10254297
188171	4461	0.10254297
188171	5904	0.10254297
188273	5031	0.11138441
188273	3971	0.1113844
188273	387	0.11138439
188273	645	0.11138439
188273	890	0.11138439
188273	1415	0.11138439
188273	2121	0.11138439
188273	2515	0.11138439
188273	5886	0.11138439
188273	6912	0.11138439
188280	775	0.13381419
188280	890	0.13381419
188280	1856	0.13381419
188280	1869	0.13381419
188280	2138	0.13381419
188280	3971	0.13381419
188280	4076	0.13381419
188280	5031	0.13381419
188280	5886	0.13381419
188280	6583	0.13381419
188369	1869	0.09377105
188369	2138	0.09377104
188369	2364	0.09377104
188369	3971	0.09377104
188369	4076	0.09377104
188369	6123	0.09377104
188369	387	0.09377103
188369	1415	0.09377103
188369	3616	0.09377103
188369	4323	0.09377103
188379	2492	0.089464396
188379	6116	0.089464396
188379	3844	0.08946439
188379	4924	0.08946438
188379	6219	0.08946438
188379	972	0.089464374
188379	1860	0.089464374
188379	6793	0.089464374
188379	3285	0.08946436
188379	5378	0.08946436
188483	3971	0.12824294
188483	5886	0.12824294
188483	6912	0.12824294
188483	997	0.12824292
188483	1869	0.12824292
188483	2138	0.12824292
188483	2515	0.12824292
188483	4390	0.12824292
188483	6123	0.12824292
188483	41	0.12824291
188484	3178	0.10031988
188484	6420	0.10031988
188484	4456	0.10031987
188484	4689	0.10031986
188484	5788	0.10031986
188484	3313	0.100319855
188484	4776	0.100319825
188484	4984	0.099578716
188484	3644	0.09957869
188484	4813	0.09957869
188490	1869	0.13309392
188490	3971	0.13309392
188490	387	0.13309391
188490	579	0.13309391
188490	3616	0.13309391
188490	6123	0.13309391
188490	24	0.1330939
188490	41	0.1330939
188490	124	0.1330939
188490	215	0.1330939
188513	6123	0.15223877
188513	49	0.15223876
188513	478	0.15223876
188513	890	0.15223876
188513	922	0.15223876
188513	1094	0.15223876
188513	1393	0.15223876
188513	1455	0.15223876
188513	1856	0.15223876
188513	2125	0.15223876
188518	3210	0.11205217
188518	5454	0.11205217
188518	3853	0.112052165
188518	4727	0.112052165
188518	533	0.11205216
188518	3418	0.11205216
188518	3866	0.11205216
188518	3980	0.11205216
188518	5115	0.11205216
188518	5730	0.11205216
188583	1087	0.10845553
188583	1650	0.108455524
188583	3120	0.108455524
188583	3187	0.108455524
188583	4151	0.108455524
188583	5019	0.108455524
188583	5121	0.108455524
188583	6222	0.108455524
188583	686	0.10845552
188583	801	0.10845552
188589	6123	0.11816799
188589	1869	0.11816798
188589	2138	0.11816798
188589	3616	0.11816798
188589	3971	0.11816798
188589	4076	0.11816798
188589	5031	0.11816798
188589	5886	0.11816798
188589	49	0.118167974
188589	890	0.118167974
188659	1539	0.1568604
188659	891	0.15686038
188659	5008	0.15686037
188659	5592	0.15686037
188659	1899	0.15686035
188659	2388	0.15686035
188659	2667	0.15686035
188659	4368	0.15686035
188659	5113	0.15686034
188659	5146	0.15686034
188676	2419	0.0949824
188676	3230	0.09498238
188676	3606	0.09498238
188676	3870	0.09498238
188676	4474	0.09498238
188676	4519	0.09498238
188676	4589	0.09498238
188676	4673	0.09498238
188676	5864	0.09498238
188676	6834	0.09498238
188696	3971	0.09086385
188696	890	0.090863846
188696	4076	0.090863846
188696	4323	0.090863846
188696	6123	0.090863846
188696	49	0.09086384
188696	387	0.09086384
188696	597	0.09086384
188696	922	0.09086384
188696	1146	0.09086384
188796	3799	0.105831616
188796	6244	0.10583161
188796	467	0.1058316
188796	2821	0.1058316
188796	4843	0.1058316
188796	2501	0.10583159
188796	3430	0.10583159
188796	3562	0.10583159
188796	4471	0.10583159
188796	6689	0.10583159
188799	231	0.10663515
188799	4176	0.10663515
188799	6840	0.10663515
188799	668	0.10663514
188799	1022	0.10663514
188799	1619	0.10663514
188799	4000	0.10663514
188799	5197	0.10663514
188799	5872	0.10663514
188799	6216	0.10663514
188878	56	0.11150412
188878	2479	0.110559456
188878	1778	0.11055944
188878	1443	0.110559426
188878	2577	0.110559426
188878	73	0.11055942
188878	5489	0.11055941
188878	4276	0.110559404
188878	6846	0.110559404
188878	2891	0.11055939
188951	511	0.15334599
188951	1092	0.15334597
188951	4557	0.15334597
188951	6364	0.15334597
188951	617	0.15334596
188951	5288	0.15334596
188951	6880	0.15334596
188951	65	0.15334594
188951	245	0.15334594
188951	985	0.15334594
189005	3425	0.09595638
189005	6025	0.09595636
189005	1918	0.095956355
189005	2581	0.095956355
189005	2907	0.095956355
189005	4899	0.095956355
189005	5364	0.09595635
189005	399	0.09595634
189005	565	0.09595634
189005	3779	0.09595634
189080	5033	0.12860425
189080	520	0.12860423
189080	6147	0.12860422
189080	5653	0.1286042
189080	6810	0.1286042
189080	49	0.12750089
189080	890	0.12750089
189080	1146	0.12750089
189080	1856	0.12750089
189080	2736	0.12750089
189104	387	0.10660282
189104	997	0.10660282
189104	1869	0.10660282
189104	2138	0.10660282
189104	3616	0.10660282
189104	3971	0.10660282
189104	6123	0.10660282
189104	6912	0.10660282
189104	124	0.10660281
189104	2121	0.10660281
189115	3971	0.11216643
189115	890	0.11216642
189115	901	0.11216642
189115	1146	0.11216642
189115	1189	0.11216642
189115	3616	0.11216642
189115	5031	0.11216642
189115	5709	0.11216642
189115	6123	0.11216642
189115	6912	0.11216642
189139	1411	0.1381574
189139	2196	0.13815735
189139	5158	0.13815735
189139	3206	0.13815732
189139	5350	0.13815731
189139	5454	0.13735828
189139	2569	0.13735826
189139	3795	0.13735826
189139	4241	0.13735826
189139	4404	0.13735826
189151	4532	0.107916
189151	4971	0.107916
189151	3850	0.10791597
189151	1610	0.106643364
189151	4387	0.106643364
189151	4143	0.10664336
189151	626	0.10664335
189151	1733	0.10664335
189151	1814	0.10664335
189151	2986	0.10664335
189235	1869	0.11174646
189235	3971	0.11174646
189235	5031	0.11174646
189235	832	0.11174645
189235	890	0.11174645
189235	2138	0.11174645
189235	3616	0.11174645
189235	41	0.111746445
189235	124	0.111746445
189235	376	0.111746445
189320	2874	0.115373634
189320	3084	0.11537361
189320	1476	0.115373604
189320	6669	0.1153736
189320	5320	0.11491224
189320	6802	0.114912234
189320	6518	0.11491223
189320	2654	0.11491222
189320	1274	0.11491221
189320	1556	0.11491221
189392	5426	0.13362874
189392	6265	0.13334057
189392	244	0.13334055
189392	4599	0.13334054
189392	582	0.13334052
189392	1442	0.13334052
189392	2962	0.13334052
189392	5437	0.13334052
189392	149	0.13334051
189392	632	0.13334051
189474	5833	0.11146822
189474	526	0.11146821
189474	6732	0.1114682
189474	1890	0.111468196
189474	5294	0.11146818
189474	6494	0.109296784
189474	1238	0.10865501
189474	143	0.108655
189474	1449	0.108655
189474	5128	0.108655
189516	2138	0.1123272
189516	1455	0.112327196
189516	6123	0.112327196
189516	387	0.11232719
189516	478	0.11232719
189516	597	0.11232719
189516	890	0.11232719
189516	901	0.11232719
189516	986	0.11232719
189516	997	0.11232719
189541	1306	0.0944017
189541	4698	0.09440169
189541	5232	0.09440169
189541	6427	0.09440169
189541	4400	0.09440168
189541	5583	0.09440168
189541	4693	0.09440167
189541	6775	0.09440165
189541	2323	0.09440164
189541	5454	0.094344616
189558	827	0.06886406
189558	5476	0.06886406
189558	596	0.068864055
189558	3646	0.068864055
189558	1685	0.06886405
189558	3468	0.06886405
189558	4771	0.06886405
189558	508	0.06886404
189558	518	0.06886403
189558	3560	0.06803183
189655	3866	0.073799044
189655	1806	0.07379904
189655	4595	0.07379904
189655	6310	0.07379904
189655	6768	0.07379904
189655	533	0.07379903
189655	1745	0.07379903
189655	2220	0.07379903
189655	2499	0.07379903
189655	2922	0.07379903
189678	2653	0.08799276
189678	4906	0.08799276
189678	1567	0.08799275
189678	5715	0.08799275
189678	248	0.08799274
189678	1349	0.08799274
189678	3361	0.08799274
189678	4089	0.08799274
189678	4493	0.08799274
189678	4868	0.08799274
189747	4906	0.10489176
189747	2653	0.10489174
189747	5335	0.10489174
189747	5869	0.10489174
189747	106	0.10489173
189747	248	0.10489173
189747	1567	0.10489173
189747	1585	0.10489173
189747	1874	0.10489173
189747	2844	0.10489173
189789	1177	0.09149357
189789	4806	0.09149356
189789	2116	0.091493554
189789	2241	0.091493554
189789	5691	0.091493554
189789	6318	0.091493554
189789	6897	0.091493554
189789	1221	0.09149355
189789	1233	0.09149355
189789	2737	0.09149355
189855	3971	0.11726216
189855	5031	0.11726216
189855	810	0.117262155
189855	1189	0.117262155
189855	1415	0.117262155
189855	1869	0.117262155
189855	1935	0.117262155
189855	2121	0.117262155
189855	3616	0.117262155
189855	3750	0.117262155
189891	41	0.12682262
189891	387	0.12682262
189891	890	0.1268226
189891	997	0.1268226
189891	1869	0.1268226
189891	2121	0.1268226
189891	2138	0.1268226
189891	2728	0.1268226
189891	3971	0.1268226
189891	4076	0.1268226
189973	4885	0.116307065
189973	489	0.11630705
189973	1363	0.11630705
189973	4224	0.11630705
189973	4564	0.11630705
189973	2382	0.11630704
189973	3694	0.11630704
189973	4817	0.11630704
189973	4960	0.11630704
189973	5785	0.11630704
190080	2138	0.111074165
190080	3971	0.111074165
190080	6123	0.11107416
190080	387	0.11107415
190080	775	0.11107415
190080	1194	0.11107415
190080	1229	0.11107415
190080	1869	0.11107415
190080	3059	0.11107415
190080	4076	0.11107415
190185	173	0.118447915
190185	2342	0.11674465
190185	392	0.11674464
190185	6537	0.11674462
190185	1868	0.11674461
190185	5835	0.11606258
190185	3445	0.11606257
190185	3583	0.11606257
190185	3808	0.11606256
190185	6333	0.11606255
190350	5331	0.12152712
190350	5672	0.12152712
190350	6756	0.12152712
190350	6273	0.1215271
190350	4833	0.12152709
190350	4488	0.12152708
190350	828	0.121527076
190350	4351	0.12152706
190350	5343	0.12152706
190350	517	0.11973592
190374	387	0.12901632
190374	890	0.12901632
190374	3971	0.12901632
190374	41	0.12901631
190374	478	0.12901631
190374	645	0.12901631
190374	914	0.12901631
190374	922	0.12901631
190374	935	0.12901631
190374	997	0.12901631
190409	922	0.0899322
190409	1869	0.0899322
190409	3971	0.0899322
190409	4323	0.0899322
190409	49	0.089932196
190409	387	0.089932196
190409	579	0.089932196
190409	2138	0.089932196
190409	5886	0.089932196
190409	124	0.08993219
190422	3971	0.11779464
190422	41	0.11779463
190422	124	0.11779463
190422	890	0.11779463
190422	1869	0.11779463
190422	2138	0.11779463
190422	2364	0.11779463
190422	4076	0.11779463
190422	5886	0.11779463
190422	6123	0.11779463
190448	3997	0.10728474
190448	847	0.107284725
190448	463	0.10728471
190448	1740	0.10728471
190448	4690	0.10728471
190448	4529	0.107284695
190448	4769	0.107284695
190448	4167	0.10671485
190448	5666	0.106714845
190448	5697	0.106714845
190459	387	0.12977545
190459	3971	0.12977545
190459	6912	0.12977545
190459	775	0.12977543
190459	832	0.12977543
190459	890	0.12977543
190459	922	0.12977543
190459	997	0.12977543
190459	1869	0.12977543
190459	2138	0.12977543
190479	3616	0.08954552
190479	5031	0.08954552
190479	1869	0.08954551
190479	842	0.0895455
190479	997	0.0895455
190479	2138	0.0895455
190479	2364	0.0895455
190479	2646	0.0895455
190479	3971	0.0895455
190479	4076	0.0895455
190480	6674	0.1200112
190480	3493	0.120011196
190480	3853	0.120011196
190480	5454	0.120011196
190480	6643	0.120011196
190480	3418	0.12001119
190480	3700	0.12001119
190480	3830	0.12001119
190480	3866	0.12001119
190480	4595	0.12001119
190533	1567	0.06777841
190533	135	0.06777839
190533	248	0.06777839
190533	711	0.06777839
190533	2653	0.06777839
190533	3289	0.06777839
190533	4154	0.06777839
190533	4493	0.06777839
190533	4547	0.06777839
190533	4868	0.06777839
190708	3470	0.037449017
190708	2885	0.035979617
190708	2045	0.034873474
190708	331	0.03487347
190708	4460	0.03487347
190708	1692	0.034873463
190708	2840	0.034873463
190708	2583	0.034873456
190708	1531	0.034873452
190708	6435	0.034291755
190741	1745	0.14464772
190741	3029	0.14464772
190741	3112	0.14464772
190741	3418	0.14464772
190741	3830	0.14464772
190741	3853	0.14464772
190741	4241	0.14464772
190741	6768	0.14464772
190741	624	0.1446477
190741	1806	0.1446477
190789	3866	0.10451051
190789	533	0.1045105
190789	3853	0.1045105
190789	4718	0.1045105
190789	4727	0.1045105
190789	5312	0.1045105
190789	5454	0.1045105
190789	1806	0.10451049
190789	2304	0.10451049
190789	3980	0.10451049
190831	4740	0.12612998
190831	5914	0.12612998
190831	3677	0.12612997
190831	5534	0.12612997
190831	5599	0.12612997
190831	6396	0.12612997
190831	703	0.12612996
190831	1024	0.12612996
190831	1155	0.12612996
190831	1811	0.12612996
190844	3971	0.1430202
190844	387	0.14302018
190844	5031	0.14302018
190844	49	0.14302017
190844	890	0.14302017
190844	1862	0.14302017
190844	3616	0.14302017
190844	3750	0.14302017
190844	5886	0.14302017
190844	6123	0.14302017
190885	5718	0.1300612
190885	1741	0.13006118
190885	2446	0.13006118
190885	5986	0.13006118
190885	6332	0.13006118
190885	4103	0.12945515
190885	5731	0.12945515
190885	920	0.12945512
190885	1388	0.12945512
190885	1621	0.12945512
190923	6909	0.09952761
190923	4984	0.099527605
190923	80	0.0995276
190923	3644	0.0995276
190923	3868	0.0995276
190923	4813	0.0995276
190923	5151	0.0995276
190923	2647	0.09952759
190923	5327	0.09952759
190923	6735	0.09952759
191014	2138	0.12968624
191014	3971	0.12968624
191014	6123	0.12968624
191014	579	0.12968622
191014	1869	0.12968622
191014	5896	0.12968622
191014	41	0.1296862
191014	49	0.1296862
191014	387	0.1296862
191014	597	0.1296862
191093	4446	0.10561069
191093	2518	0.10561068
191093	6152	0.10561068
191093	3749	0.105610676
191093	6796	0.105610676
191093	759	0.10561067
191093	1362	0.10561067
191093	2017	0.10561067
191093	4004	0.10561067
191093	5427	0.10561067
191165	29	0.10214673
191165	4701	0.102146685
191165	1544	0.10160323
191165	3793	0.101603225
191165	5451	0.10160321
191165	3323	0.101603195
191165	2812	0.10160318
191165	668	0.10147533
191165	6840	0.10147533
191165	2402	0.10147532
191166	3971	0.09672393
191166	6123	0.09672393
191166	2138	0.09672392
191166	49	0.096723914
191166	387	0.096723914
191166	579	0.096723914
191166	642	0.096723914
191166	890	0.096723914
191166	1062	0.096723914
191166	1455	0.096723914
191188	5031	0.14425786
191188	124	0.14425784
191188	376	0.14425784
191188	387	0.14425784
191188	890	0.14425784
191188	986	0.14425784
191188	997	0.14425784
191188	1552	0.14425784
191188	1856	0.14425784
191188	1869	0.14425784
191523	6917	0.07948296
191523	4391	0.07948293
191523	1965	0.07904482
191523	859	0.079044804
191523	2359	0.079044804
191523	4099	0.0790448
191523	4908	0.0790448
191523	4291	0.07904479
191523	5565	0.07904479
191523	5931	0.07904479
191560	5731	0.1051072
191560	4103	0.105107196
191560	1621	0.10510717
191560	2209	0.10510717
191560	2450	0.10510717
191560	3657	0.10510717
191560	4703	0.10510717
191560	5465	0.10510717
191560	5473	0.10510717
191560	6149	0.10510717
191575	6310	0.11552824
191575	6643	0.11552823
191575	6674	0.11552823
191575	533	0.115528226
191575	3210	0.115528226
191575	4595	0.115528226
191575	3493	0.11552822
191575	3700	0.11552822
191575	4727	0.11552822
191575	5454	0.11552822
191638	6423	0.070778236
191638	2843	0.07077822
191638	1301	0.070778206
191638	6265	0.070102
191638	244	0.07010199
191638	149	0.07010198
191638	632	0.07010198
191638	4045	0.07010198
191638	4599	0.07010198
191638	582	0.07010197
191716	325	0.124399714
191716	244	0.123052016
191716	6265	0.123052016
191716	582	0.123052
191716	632	0.123052
191716	961	0.12305199
191716	4045	0.123051986
191716	4599	0.123051986
191716	149	0.12305198
191716	5437	0.12305198
191761	890	0.1005591
191761	3971	0.1005591
191761	6123	0.1005591
191761	1869	0.10055909
191761	387	0.100559086
191761	579	0.100559086
191761	842	0.100559086
191761	1146	0.100559086
191761	1194	0.100559086
191761	1229	0.100559086
191775	4103	0.09774026
191775	3657	0.09774025
191775	4703	0.09774025
191775	5731	0.09774025
191775	6670	0.09774025
191775	3610	0.09774024
191775	396	0.09774023
191775	605	0.09774023
191775	892	0.09774023
191775	1280	0.09774023
191803	5031	0.10122321
191803	645	0.101223186
191803	890	0.101223186
191803	1415	0.101223186
191803	3616	0.101223186
191803	5716	0.101223186
191803	5886	0.101223186
191803	5896	0.101223186
191803	6046	0.101223186
191803	6912	0.101223186
191841	6265	0.12564988
191841	244	0.12564987
191841	632	0.12564987
191841	582	0.12564985
191841	149	0.12564984
191841	961	0.12564984
191841	2962	0.12564984
191841	3548	0.12564984
191841	4045	0.12564984
191841	4599	0.12564984
191875	1146	0.06938814
191875	4076	0.06938814
191875	49	0.069388136
191875	387	0.069388136
191875	478	0.069388136
191875	628	0.069388136
191875	742	0.069388136
191875	890	0.069388136
191875	986	0.069388136
191875	1356	0.069388136
191883	2940	0.08678946
191883	5069	0.08678946
191883	305	0.086789444
191883	1848	0.084871754
191883	1258	0.08487174
191883	1388	0.08487174
191883	1621	0.08487174
191883	5176	0.08487174
191883	5731	0.08487174
191883	6084	0.08487174
192093	6032	0.12134785
192093	2701	0.121347845
192093	3380	0.121347845
192093	3654	0.121347845
192093	6745	0.121347845
192093	88	0.12134784
192093	3408	0.12134783
192093	3563	0.12134783
192093	4756	0.12134783
192093	6120	0.12134783
192119	1610	0.11446072
192119	4387	0.11446072
192119	3929	0.114460714
192119	2986	0.11446071
192119	3819	0.11446071
192119	4143	0.11446071
192119	4482	0.11446071
192119	626	0.1144607
192119	1404	0.1144607
192119	4489	0.1144607
192121	4103	0.13796863
192121	5731	0.13796863
192121	920	0.1379686
192121	1621	0.1379686
192121	1848	0.1379686
192121	2014	0.1379686
192121	2209	0.1379686
192121	5473	0.1379686
192121	6279	0.1379686
192121	1632	0.13796858
192158	2122	0.095404685
192158	3008	0.09540467
192158	1440	0.09540464
192158	2161	0.095404625
192158	3425	0.0945817
192158	5330	0.094581686
192158	5364	0.094581686
192158	565	0.09458168
192158	993	0.09458167
192158	3791	0.09458167
192176	1869	0.12761715
192176	2121	0.12761714
192176	3616	0.12761714
192176	3971	0.12761714
192176	5886	0.12761714
192176	24	0.12761712
192176	49	0.12761712
192176	180	0.12761712
192176	215	0.12761712
192176	216	0.12761712
192185	387	0.1549479
192185	890	0.1549479
192185	2121	0.1549479
192185	3971	0.1549479
192185	5886	0.1549479
192185	6123	0.1549479
192185	597	0.15494789
192185	1062	0.15494789
192185	1869	0.15494789
192185	2037	0.15494789
192191	5886	0.12079442
192191	5031	0.120794415
192191	645	0.12079441
192191	1869	0.12079441
192191	2138	0.12079441
192191	24	0.1207944
192191	387	0.1207944
192191	478	0.1207944
192191	890	0.1207944
192191	986	0.1207944
192211	231	0.084208354
192211	4176	0.08420835
192211	5197	0.08420834
192211	5949	0.08420834
192211	668	0.08420833
192211	1022	0.08420833
192211	1050	0.08420833
192211	1619	0.08420833
192211	5872	0.08420833
192211	6216	0.08420833
192244	3120	0.1270318
192244	4151	0.1270318
192244	801	0.12703179
192244	1650	0.12703179
192244	3785	0.12703179
192244	6222	0.12703179
192244	109	0.12703177
192244	400	0.12703177
192244	686	0.12703177
192244	1087	0.12703177
192245	3971	0.1354759
192245	387	0.13547587
192245	6912	0.13547587
192245	41	0.13547586
192245	890	0.13547586
192245	922	0.13547586
192245	997	0.13547586
192245	1869	0.13547586
192245	2138	0.13547586
192245	3452	0.13547586
192353	4532	0.08385324
192353	4971	0.08385324
192353	3850	0.08385323
192353	4387	0.083382644
192353	626	0.08338264
192353	1610	0.08338264
192353	2986	0.08338264
192353	3929	0.08338264
192353	497	0.08338263
192353	4143	0.08338263
192428	884	0.14115378
192428	4673	0.14115378
192428	247	0.14115377
192428	3606	0.14115377
192428	3870	0.14115377
192428	4080	0.14115377
192428	5041	0.14115377
192428	5864	0.14115377
192428	6834	0.14115377
192428	301	0.14115375
192460	6215	0.108671725
192460	1863	0.1086717
192460	5496	0.1086717
192460	3936	0.108671695
192460	5307	0.108671695
192460	1177	0.108376525
192460	4299	0.10837652
192460	6762	0.10837652
192460	6208	0.10837651
192460	6530	0.10837651
192462	3971	0.10710231
192462	890	0.107102305
192462	1869	0.107102305
192462	2138	0.107102305
192462	2364	0.107102305
192462	6123	0.1071023
192462	6515	0.1071023
192462	41	0.10710229
192462	124	0.10710229
192462	579	0.10710229
192479	997	0.12411877
192479	1194	0.12411876
192479	1455	0.12411876
192479	3971	0.12411876
192479	4076	0.12411876
192479	6123	0.12411876
192479	6912	0.12411876
192479	387	0.12411875
192479	775	0.12411875
192479	1869	0.12411875
192492	1869	0.11656721
192492	3971	0.11656721
192492	2138	0.1165672
192492	387	0.116567194
192492	775	0.116567194
192492	997	0.116567194
192492	1194	0.116567194
192492	1455	0.116567194
192492	1852	0.116567194
192492	2364	0.116567194
192696	5454	0.08544374
192696	533	0.085443735
192696	3210	0.085443735
192696	3418	0.085443735
192696	3853	0.085443735
192696	3866	0.085443735
192696	3980	0.085443735
192696	4241	0.085443735
192696	4595	0.085443735
192696	4718	0.085443735
192710	2419	0.10463717
192710	3443	0.10463716
192710	3606	0.10463716
192710	4673	0.10463716
192710	4938	0.10463716
192710	5041	0.10463716
192710	6716	0.10463716
192710	638	0.10463715
192710	1648	0.10463715
192710	3870	0.10463715
192727	520	0.06983408
192727	5033	0.06983408
192727	6810	0.06983408
192727	5653	0.069834076
192727	6147	0.06983407
192727	12	0.06937558
192727	1183	0.06907526
192727	2132	0.06907525
192727	1965	0.06850907
192727	2359	0.06850906
192733	1567	0.09586722
192733	4906	0.09586721
192733	5869	0.09586721
192733	711	0.0958672
192733	2653	0.0958672
192733	4493	0.0958672
192733	4903	0.0958672
192733	5086	0.0958672
192733	248	0.095867194
192733	4154	0.095867194
192914	1869	0.1130059
192914	5031	0.1130059
192914	832	0.11300589
192914	890	0.11300589
192914	2138	0.11300589
192914	3559	0.11300589
192914	3616	0.11300589
192914	3965	0.11300589
192914	3971	0.11300589
192914	5886	0.11300589
193106	2360	0.09566453
193106	2382	0.09566453
193106	3510	0.09566453
193106	4796	0.09566453
193106	4817	0.09566453
193106	4885	0.09566453
193106	5785	0.09566453
193106	6783	0.09566453
193106	489	0.09566452
193106	729	0.09566452
193131	1177	0.14519396
193131	4806	0.14519396
193131	1233	0.14519393
193131	2737	0.14519393
193131	3118	0.14519393
193131	5691	0.14519393
193131	6318	0.14519393
193131	6530	0.14519393
193131	6762	0.14519393
193131	6897	0.14519393
193156	690	0.10921884
193156	3974	0.10921884
193156	1365	0.10625182
193156	111	0.10528737
193156	5890	0.10528737
193156	4692	0.105287366
193156	1537	0.10528736
193156	1793	0.10528736
193156	2109	0.10528736
193156	3198	0.10528736
193350	3853	0.11578778
193350	3866	0.115787774
193350	3830	0.11578777
193350	4595	0.11578777
193350	5454	0.11578777
193350	3091	0.11578776
193350	3210	0.11578776
193350	3418	0.11578776
193350	3493	0.11578776
193350	3778	0.11578776
193412	2042	0.11589892
193412	4813	0.11588994
193412	4984	0.11588992
193412	80	0.115889914
193412	3868	0.115889914
193412	3644	0.11588991
193412	5106	0.11588991
193412	5151	0.11588991
193412	6525	0.11588991
193412	6909	0.11588991
193428	4493	0.11769451
193428	4906	0.11769451
193428	5869	0.11769451
193428	6492	0.11769451
193428	1567	0.117694505
193428	2653	0.117694505
193428	3359	0.117694505
193428	5086	0.117694505
193428	248	0.1176945
193428	4089	0.1176945
193448	3560	0.10383682
193448	1170	0.103836805
193448	4885	0.103836805
193448	489	0.1038368
193448	2360	0.1038368
193448	2382	0.1038368
193448	3694	0.1038368
193448	4796	0.1038368
193448	729	0.10383679
193448	854	0.10383679
193458	244	0.101174
193458	6265	0.10117399
193458	4045	0.101173975
193458	149	0.10117397
193458	632	0.10117397
193458	961	0.10117397
193458	4599	0.10117397
193458	582	0.10117396
193458	1442	0.10117396
193458	4082	0.10117396
193469	3799	0.123254076
193469	467	0.12325404
193469	6244	0.12325404
193469	2821	0.12325403
193469	3562	0.12325403
193469	4338	0.12325403
193469	6322	0.12325403
193469	3426	0.12325402
193469	3430	0.12325402
193469	4843	0.12325402
193470	5033	0.097830266
193470	6810	0.09783025
193470	520	0.09783024
193470	5653	0.097830236
193470	6147	0.097830236
193470	215	0.096755415
193470	387	0.096755415
193470	478	0.096755415
193470	5886	0.096755415
193470	645	0.09675541
193482	4595	0.117197424
193482	3700	0.11719742
193482	6310	0.11719742
193482	6674	0.11719742
193482	533	0.11719741
193482	3112	0.11719741
193482	3210	0.11719741
193482	3866	0.11719741
193482	3980	0.11719741
193482	4718	0.11719741
193499	1567	0.1617946
193499	4906	0.1617946
193499	5869	0.1617946
193499	2653	0.16179459
193499	5335	0.16179459
193499	248	0.16179457
193499	1585	0.16179457
193499	2207	0.16179457
193499	3289	0.16179457
193499	3359	0.16179457
193529	3380	0.09841236
193529	6032	0.09841235
193529	2701	0.09841234
193529	3563	0.098412335
193529	3654	0.098412335
193529	3815	0.098412335
193529	6284	0.098412335
193529	6745	0.098412335
193529	88	0.09841233
193529	4957	0.09841233
193610	5731	0.11267488
193610	4103	0.112674855
193610	1388	0.11267485
193610	1621	0.11267485
193610	1848	0.11267485
193610	4496	0.11267485
193610	4703	0.11267485
193610	6279	0.11267485
193610	6670	0.11267485
193610	920	0.11267484
193612	244	0.08706659
193612	3385	0.08706658
193612	6265	0.08706658
193612	149	0.087066576
193612	961	0.087066576
193612	4599	0.087066576
193612	632	0.08706657
193612	2962	0.08706657
193612	4045	0.08706657
193612	582	0.08706656
193676	3971	0.14702688
193676	124	0.14702687
193676	387	0.14702687
193676	579	0.14702687
193676	1455	0.14702687
193676	1869	0.14702687
193676	3559	0.14702687
193676	5886	0.14702687
193676	6912	0.14702687
193676	41	0.14702685
193738	511	0.08636026
193738	617	0.086360246
193738	1092	0.086360246
193738	2785	0.086360246
193738	6593	0.086360246
193738	985	0.08636024
193738	3097	0.08636024
193738	3526	0.08636024
193738	4341	0.08636024
193738	65	0.08636023
193740	6751	0.10611107
193740	4167	0.106010444
193740	6361	0.106010444
193740	3875	0.10601044
193740	3883	0.10601044
193740	5666	0.10601044
193740	5697	0.10601044
193740	2582	0.10601042
193740	6459	0.10601042
193740	2012	0.106010415
193750	4740	0.15269609
193750	1024	0.15269607
193750	2503	0.15269607
193750	4738	0.15269607
193750	5914	0.15269607
193750	6312	0.15269607
193750	6396	0.15269607
193750	1155	0.15269606
193750	703	0.15269604
193750	1163	0.15269604
193769	1567	0.08904021
193769	711	0.0890402
193769	4868	0.0890402
193769	4906	0.0890402
193769	5335	0.0890402
193769	106	0.08904019
193769	655	0.08904019
193769	2653	0.08904019
193769	2844	0.08904019
193769	3289	0.08904019
193778	128	0.08043595
193778	3211	0.08043595
193778	6138	0.08043595
193778	2560	0.08043594
193778	6293	0.08043593
193778	6498	0.080435924
193778	1468	0.08043592
193778	6746	0.08043592
193778	6918	0.0804359
193778	2929	0.08030617
193798	3477	0.10634814
193798	6130	0.1033624
193798	425	0.10223246
193798	1524	0.102232404
193798	5355	0.102232404
193798	4469	0.1022324
193798	5304	0.1022324
193798	5321	0.1022324
193798	91	0.10223238
193798	1185	0.10223238
193819	1340	0.11211135
193819	890	0.112111345
193819	5916	0.112111345
193819	538	0.11211134
193819	1856	0.11211134
193819	4603	0.11211134
193819	5031	0.11211134
193819	6912	0.11211134
193819	642	0.11211133
193819	810	0.11211133
193898	1469	0.15125322
193898	4616	0.1512532
193898	3682	0.15125318
193898	6444	0.15008345
193898	2085	0.15008344
193898	2987	0.15008342
193898	6030	0.15008342
193898	1864	0.15008341
193898	549	0.1500834
193898	4158	0.1500834
193966	6592	0.11100561
193966	6630	0.11100559
193966	1978	0.111005574
193966	3002	0.111005574
193966	3045	0.111005574
193966	3628	0.111005574
193966	5607	0.111005574
193966	6591	0.111005574
193966	6654	0.111005574
193966	6690	0.111005574
194027	3616	0.10995126
194027	5031	0.10995125
194027	328	0.10995124
194027	1869	0.10995124
194027	3750	0.10995124
194027	3971	0.10995124
194027	5886	0.10995124
194027	6912	0.10995124
194027	478	0.109951235
194027	890	0.109951235
194172	890	0.1489358
194172	2138	0.1489358
194172	3971	0.1489358
194172	4076	0.1489358
194172	5031	0.1489358
194172	6123	0.1489358
194172	6912	0.1489358
194172	3616	0.14893578
194172	6033	0.14893578
194172	24	0.14893577
194205	1869	0.09667106
194205	3971	0.09667106
194205	124	0.096671045
194205	997	0.096671045
194205	1455	0.096671045
194205	2138	0.096671045
194205	2364	0.096671045
194205	3616	0.096671045
194205	5886	0.096671045
194205	6123	0.096671045
194273	890	0.099831805
194273	997	0.099831805
194273	1869	0.099831805
194273	2138	0.099831805
194273	3616	0.099831805
194273	3971	0.099831805
194273	5031	0.099831805
194273	5886	0.099831805
194273	6912	0.099831805
194273	579	0.0998318
194287	6917	0.10597968
194287	4391	0.105979666
194287	3218	0.10473078
194287	5269	0.10473073
194287	4813	0.10461982
194287	3644	0.10461981
194287	3890	0.1046198
194287	4984	0.1046198
194287	5372	0.1046198
194287	821	0.10461979
194425	5886	0.08595495
194425	890	0.08595494
194425	1869	0.08595494
194425	3971	0.08595494
194425	41	0.085954934
194425	215	0.085954934
194425	387	0.085954934
194425	922	0.085954934
194425	1856	0.085954934
194425	2138	0.085954934
194514	1146	0.08099125
194514	6123	0.08099125
194514	1393	0.080991246
194514	1403	0.080991246
194514	3971	0.080991246
194514	5289	0.080991246
194514	6507	0.080991246
194514	41	0.08099124
194514	160	0.08099124
194514	215	0.08099124
194556	890	0.08243102
194556	5031	0.08243102
194556	5886	0.08243102
194556	6123	0.08243102
194556	997	0.08243101
194556	4076	0.08243101
194556	41	0.082431
194556	124	0.082431
194556	215	0.082431
194556	387	0.082431
194600	6423	0.090253785
194600	2843	0.09025377
194600	1301	0.09025375
194600	6890	0.09014245
194600	655	0.08836121
194600	4493	0.088361196
194600	5422	0.088361196
194600	106	0.08836119
194600	135	0.08836119
194600	711	0.08836119
194605	5886	0.15065971
194605	6123	0.15065971
194605	890	0.1506597
194605	997	0.1506597
194605	3971	0.1506597
194605	24	0.15065968
194605	49	0.15065968
194605	387	0.15065968
194605	478	0.15065968
194605	597	0.15065968
194606	49	0.09074138
194606	997	0.09074138
194606	6123	0.09074138
194606	6912	0.09074138
194606	1856	0.09074137
194606	1869	0.09074137
194606	1926	0.09074137
194606	3971	0.09074137
194606	5031	0.09074137
194606	24	0.090741366
194614	4446	0.09327333
194614	2017	0.09327331
194614	2518	0.09327331
194614	4004	0.09327331
194614	595	0.0932733
194614	759	0.0932733
194614	1344	0.0932733
194614	1362	0.0932733
194614	1742	0.0932733
194614	1958	0.0932733
194636	4813	0.08410616
194636	1997	0.08410615
194636	4775	0.08410615
194636	4984	0.08410615
194636	5106	0.08410615
194636	6909	0.08410615
194636	3644	0.08410614
194636	80	0.08410613
194636	1487	0.08410613
194636	2236	0.08410613
194639	3971	0.09215159
194639	890	0.09215158
194639	2138	0.09215158
194639	2364	0.09215158
194639	2515	0.09215158
194639	4076	0.09215158
194639	6123	0.09215158
194639	6912	0.09215158
194639	6915	0.09215158
194639	41	0.092151575
194646	626	0.10490844
194646	2986	0.10490843
194646	3929	0.10490843
194646	1610	0.10490842
194646	3819	0.10490842
194646	4387	0.10490842
194646	4482	0.10490842
194646	5512	0.10490842
194646	5974	0.10490842
194646	4143	0.104908414
194669	890	0.112996235
194669	3971	0.112996235
194669	4076	0.112996235
194669	6912	0.112996235
194669	41	0.11299622
194669	124	0.11299622
194669	387	0.11299622
194669	597	0.11299622
194669	842	0.11299622
194669	997	0.11299622
194676	5914	0.15456161
194676	4740	0.1545616
194676	1155	0.15456158
194676	2503	0.15456158
194676	4431	0.15456158
194676	5534	0.15456158
194676	5599	0.15456158
194676	3060	0.15456156
194676	3677	0.15456156
194676	4444	0.15456156
194699	5798	0.0787432
194699	1545	0.07874319
194699	4740	0.07871478
194699	5914	0.07871478
194699	3677	0.07871477
194699	1155	0.078714766
194699	5599	0.078714766
194699	6396	0.078714766
194699	2503	0.07871476
194699	4144	0.07871476
194877	4076	0.10718073
194877	41	0.10718072
194877	1869	0.10718072
194877	3616	0.10718072
194877	3971	0.10718072
194877	5886	0.10718072
194877	6123	0.10718072
194877	6912	0.10718072
194877	124	0.107180715
194877	387	0.107180715
194974	4885	0.10593432
194974	854	0.10593431
194974	3391	0.10593431
194974	3434	0.10593431
194974	3510	0.10593431
194974	3560	0.10593431
194974	3694	0.10593431
194974	4224	0.10593431
194974	4817	0.10593431
194974	4962	0.10593431
195041	5096	0.11108595
195041	90	0.111085944
195041	6431	0.11108594
195041	6556	0.11108594
195041	2002	0.11108593
195041	3096	0.11108593
195041	3738	0.11108593
195041	3453	0.11108592
195041	5714	0.11108592
195041	5767	0.11108592
195049	4740	0.12844558
195049	5914	0.12844558
195049	1155	0.12844557
195049	2503	0.12844557
195049	3677	0.12844557
195049	4144	0.12844557
195049	4738	0.12844557
195049	6312	0.12844557
195049	6396	0.12844557
195049	703	0.12844555
195079	1567	0.10725517
195079	4906	0.10725517
195079	2653	0.10725516
195079	5086	0.10725516
195079	248	0.10725515
195079	2080	0.107255146
195079	2207	0.107255146
195079	3359	0.107255146
195079	3361	0.107255146
195079	4493	0.107255146
195100	12	0.085153766
195100	5033	0.08477191
195100	520	0.084771894
195100	6147	0.08477189
195100	6810	0.08477189
195100	5653	0.08477188
195100	1362	0.08474995
195100	3749	0.08474995
195100	6612	0.084749945
195100	2017	0.08474994
195116	890	0.10531209
195116	4076	0.10531209
195116	6912	0.10531209
195116	124	0.10531208
195116	387	0.10531208
195116	997	0.10531208
195116	1146	0.10531208
195116	1869	0.10531208
195116	3164	0.10531208
195116	3616	0.10531208
195182	3560	0.12619457
195182	4885	0.12619457
195182	489	0.12619454
195182	729	0.12619454
195182	854	0.12619454
195182	1080	0.12619454
195182	1363	0.12619454
195182	1413	0.12619454
195182	1902	0.12619454
195182	2227	0.12619454
195247	6674	0.078115225
195247	846	0.07811521
195247	1806	0.07811521
195247	2220	0.07811521
195247	3418	0.07811521
195247	3493	0.07811521
195247	3700	0.07811521
195247	3866	0.07811521
195247	4595	0.07811521
195247	4680	0.07811521
195374	4241	0.1166335
195374	6674	0.1166335
195374	2304	0.11663349
195374	3853	0.11663349
195374	3866	0.11663349
195374	3980	0.11663349
195374	5115	0.11663349
195374	6310	0.11663349
195374	6768	0.11663349
195374	533	0.11663348
195386	890	0.13068315
195386	3971	0.13068315
195386	6123	0.13068315
195386	387	0.13068314
195386	6912	0.13068314
195386	7	0.13068312
195386	41	0.13068312
195386	124	0.13068312
195386	235	0.13068312
195386	376	0.13068312
195469	3971	0.13755924
195469	1869	0.13755922
195469	273	0.1375592
195469	387	0.1375592
195469	890	0.1375592
195469	1058	0.1375592
195469	1146	0.1375592
195469	2138	0.1375592
195469	5709	0.1375592
195469	5886	0.1375592
195694	4382	0.17296745
195694	6851	0.17296745
195694	2457	0.17296743
195694	4856	0.17296743
195694	482	0.17296742
195694	2988	0.1729674
195694	4007	0.1729674
195694	4986	0.1729674
195694	5315	0.1729674
195694	1394	0.17296737
195770	1621	0.13190809
195770	5731	0.13190809
195770	1848	0.13190807
195770	3657	0.13190807
195770	4103	0.13190807
195770	4703	0.13190807
195770	6279	0.13190807
195770	396	0.13190806
195770	398	0.13190806
195770	450	0.13190806
195904	425	0.11785035
195904	1524	0.117850274
195904	5355	0.117850274
195904	5304	0.11785027
195904	4469	0.11785026
195904	5859	0.11785026
195904	91	0.117850244
195904	3776	0.117850244
195904	4032	0.117850244
195904	5321	0.117850244
195943	3971	0.11899794
195943	387	0.11899793
195943	1869	0.11899793
195943	2138	0.11899793
195943	5031	0.11899793
195943	5886	0.11899793
195943	6123	0.11899793
195943	922	0.118997924
195943	3965	0.118997924
195943	4076	0.118997924
195965	5886	0.13484131
195965	41	0.1348413
195965	478	0.1348413
195965	997	0.1348413
195965	2138	0.1348413
195965	3616	0.1348413
195965	3750	0.1348413
195965	3971	0.1348413
195965	5218	0.1348413
195965	5896	0.1348413
196018	2419	0.099376485
196018	3230	0.099376485
196018	4673	0.099376485
196018	5864	0.099376485
196018	4452	0.09937648
196018	247	0.09937647
196018	1648	0.09937647
196018	3606	0.09937647
196018	4938	0.09937647
196018	5041	0.09937647
196031	3853	0.10698538
196031	533	0.106985375
196031	3866	0.106985375
196031	3980	0.106985375
196031	6674	0.106985375
196031	3210	0.10698537
196031	4595	0.10698537
196031	6310	0.10698537
196031	6643	0.10698537
196031	1324	0.10698536
196047	3971	0.09436449
196047	41	0.09436448
196047	832	0.09436448
196047	890	0.09436448
196047	1869	0.09436448
196047	2138	0.09436448
196047	6123	0.09436448
196047	6912	0.09436448
196047	124	0.09436447
196047	387	0.09436447
196050	2419	0.086377315
196050	247	0.08637731
196050	884	0.08637731
196050	1648	0.08637731
196050	3443	0.08637731
196050	3585	0.08637731
196050	3606	0.08637731
196050	3870	0.08637731
196050	4080	0.08637731
196050	4673	0.08637731
196052	1177	0.083983704
196052	6318	0.083983704
196052	6530	0.083983704
196052	6762	0.083983704
196052	3263	0.0839837
196052	5085	0.0839837
196052	6897	0.0839837
196052	589	0.08398369
196052	1221	0.08398369
196052	1233	0.08398369
196053	2419	0.13236013
196053	4673	0.13236013
196053	6834	0.13236013
196053	247	0.13236012
196053	884	0.13236012
196053	3606	0.13236012
196053	3870	0.13236012
196053	4589	0.13236012
196053	4938	0.13236012
196053	5041	0.13236012
196077	4500	0.080670975
196077	1741	0.08032271
196077	5718	0.08032271
196077	6332	0.08032271
196077	2446	0.080322705
196077	5986	0.08032269
196077	5404	0.07883291
196077	4806	0.07848467
196077	1177	0.078484654
196077	2737	0.078484654
196085	1869	0.11316052
196085	4076	0.11316052
196085	5716	0.11316052
196085	6123	0.11316052
196085	890	0.11316051
196085	1415	0.11316051
196085	3971	0.11316051
196085	4323	0.11316051
196085	5031	0.11316051
196085	49	0.113160506
196099	890	0.13740394
196099	1415	0.13740394
196099	1869	0.13740394
196099	2364	0.13740394
196099	3616	0.13740394
196099	4076	0.13740394
196099	5031	0.13740394
196099	6912	0.13740394
196099	842	0.13740392
196099	1194	0.13740392
196108	890	0.09674832
196108	1062	0.09674832
196108	1340	0.09674832
196108	2121	0.09674832
196108	2364	0.09674832
196108	2736	0.09674832
196108	3971	0.09674832
196108	5031	0.09674832
196108	6912	0.09674832
196108	124	0.096748315
196113	109	0.12126441
196113	1389	0.12126441
196113	2916	0.12126441
196113	6222	0.12126441
196113	801	0.121264406
196113	2126	0.121264406
196113	3120	0.121264406
196113	4151	0.121264406
196113	5121	0.121264406
196113	686	0.1212644
196137	3477	0.12506972
196137	5731	0.12481665
196137	2939	0.124816634
196137	605	0.12481663
196137	920	0.12481663
196137	1258	0.12481663
196137	2209	0.12481663
196137	2450	0.12481663
196137	3657	0.12481663
196137	3983	0.12481663
196146	1610	0.12068924
196146	4387	0.12068924
196146	6594	0.12068924
196146	3929	0.12068923
196146	6706	0.12068923
196146	2986	0.12068922
196146	5635	0.12068922
196146	626	0.12068921
196146	4143	0.12068921
196146	4162	0.12068921
196148	5886	0.16451503
196148	124	0.16451502
196148	215	0.16451502
196148	387	0.16451502
196148	478	0.16451502
196148	890	0.16451502
196148	1058	0.16451502
196148	1340	0.16451502
196148	1393	0.16451502
196148	1455	0.16451502
196149	4446	0.104006514
196149	6601	0.10400651
196149	1362	0.1040065
196149	1958	0.1040065
196149	2128	0.1040065
196149	2518	0.1040065
196149	4004	0.1040065
196149	5980	0.1040065
196149	6152	0.1040065
196149	6796	0.1040065
196160	4843	0.12106032
196160	4338	0.12106031
196160	6244	0.12106031
196160	3799	0.121060304
196160	6322	0.121060304
196160	6689	0.121060304
196160	887	0.1210603
196160	3384	0.1210603
196160	3562	0.1210603
196160	467	0.12106029
196187	266	0.11154811
196187	997	0.11154811
196187	1869	0.11154811
196187	3971	0.11154811
196187	5886	0.11154811
196187	6912	0.11154811
196187	24	0.1115481
196187	1856	0.1115481
196187	5031	0.1115481
196187	6123	0.1115481
196191	5914	0.109002806
196191	4740	0.1090028
196191	1155	0.10900279
196191	4738	0.10900279
196191	6312	0.10900279
196191	6396	0.10900279
196191	1024	0.109002784
196191	2503	0.109002784
196191	3677	0.109002784
196191	4144	0.109002784
196228	890	0.11075017
196228	3616	0.11075017
196228	3971	0.11075017
196228	5031	0.11075017
196228	6912	0.11075017
196228	1403	0.11075016
196228	1869	0.11075016
196228	2138	0.11075016
196228	2364	0.11075016
196228	5518	0.11075016
196253	997	0.12512448
196253	1869	0.12512448
196253	3971	0.12512448
196253	6123	0.12512448
196253	6912	0.12512448
196253	387	0.12512447
196253	775	0.12512447
196253	890	0.12512447
196253	1189	0.12512447
196253	1926	0.12512447
196282	1965	0.15964928
196282	859	0.15964924
196282	2359	0.15964924
196282	929	0.15964922
196282	4099	0.15964922
196282	4908	0.15964922
196282	5565	0.15964922
196282	6023	0.15964922
196282	4291	0.15964921
196282	5931	0.15964921
196317	152	0.10286951
196317	1892	0.10286951
196317	5286	0.1028695
196317	869	0.102869496
196317	1457	0.102869496
196317	3216	0.102869496
196317	4233	0.102869496
196317	5230	0.102869496
196317	1598	0.10286949
196317	1679	0.10286949
196457	890	0.13357946
196457	1869	0.13357946
196457	2138	0.13357946
196457	3971	0.13357946
196457	387	0.13357945
196457	579	0.13357945
196457	1340	0.13357945
196457	2037	0.13357945
196457	2103	0.13357945
196457	3452	0.13357945
196466	1995	0.14731891
196466	2929	0.14731891
196466	130	0.1473189
196466	172	0.1473189
196466	506	0.1473189
196466	529	0.1473189
196466	947	0.1473189
196466	1374	0.1473189
196466	1759	0.1473189
196466	1764	0.1473189
196492	2518	0.08265214
196492	4446	0.08265213
196492	1362	0.08265212
196492	1958	0.08265212
196492	4991	0.08265212
196492	6152	0.08265212
196492	6601	0.08265212
196492	6796	0.08265212
196492	4004	0.082652114
196492	5427	0.082652114
196502	6423	0.15003988
196502	2843	0.15003985
196502	1301	0.15003982
196502	3974	0.14912696
196502	690	0.14912695
196502	1856	0.14772826
196502	5031	0.14772826
196502	5886	0.14772826
196502	41	0.14772825
196502	478	0.14772825
196621	3971	0.13409996
196621	6912	0.13409995
196621	642	0.13409993
196621	890	0.13409993
196621	1194	0.13409993
196621	1340	0.13409993
196621	1415	0.13409993
196621	1856	0.13409993
196621	1869	0.13409993
196621	2138	0.13409993
196738	873	0.12268904
196738	868	0.12268902
196738	566	0.122689016
196738	5164	0.12268901
196738	4165	0.12223034
196738	1615	0.12223032
196738	5682	0.12223031
196738	1933	0.122230284
196738	3370	0.122230284
196738	5220	0.122230284
196775	387	0.1666617
196775	1869	0.1666617
196775	890	0.16666168
196775	997	0.16666168
196775	1194	0.16666168
196775	1415	0.16666168
196775	1455	0.16666168
196775	2121	0.16666168
196775	2364	0.16666168
196775	3616	0.16666168
196886	387	0.12786546
196886	890	0.12786546
196886	986	0.12786546
196886	1194	0.12786546
196886	2121	0.12786546
196886	2806	0.12786546
196886	3971	0.12786546
196886	4076	0.12786546
196886	4603	0.12786546
196886	5886	0.12786546
196891	3425	0.13334277
196891	565	0.13334274
196891	4899	0.13334274
196891	5330	0.13334274
196891	5364	0.13334274
196891	1918	0.13334273
196891	6025	0.13334273
196891	399	0.13334271
196891	993	0.13334271
196891	2581	0.13334271
197000	997	0.10434447
197000	1869	0.10434447
197000	6912	0.10434447
197000	41	0.104344465
197000	2138	0.104344465
197000	3616	0.104344465
197000	3971	0.104344465
197000	5031	0.104344465
197000	5886	0.104344465
197000	124	0.10434446
197206	1869	0.10389152
197206	3971	0.10389152
197206	49	0.103891514
197206	124	0.103891514
197206	832	0.103891514
197206	890	0.103891514
197206	41	0.10389151
197206	387	0.10389151
197206	579	0.10389151
197206	842	0.10389151
197364	3971	0.15357864
197364	387	0.15357862
197364	2138	0.15357862
197364	5886	0.15357862
197364	6123	0.15357862
197364	180	0.15357861
197364	597	0.15357861
197364	642	0.15357861
197364	832	0.15357861
197364	890	0.15357861
197410	387	0.10547167
197410	890	0.10547167
197410	1869	0.10547167
197410	3616	0.10547167
197410	3971	0.10547167
197410	5709	0.10547167
197410	6123	0.10547167
197410	997	0.10547166
197410	5031	0.10547166
197410	5886	0.10547166
197424	3644	0.08432995
197424	4813	0.08432995
197424	4984	0.08432995
197424	3271	0.08432993
197424	4775	0.08432993
197424	5327	0.08432993
197424	80	0.084329925
197424	1487	0.084329925
197424	2647	0.084329925
197424	5106	0.084329925
197425	756	0.08400481
197425	89	0.08326508
197425	5430	0.08301592
197425	364	0.083015904
197425	2780	0.0830159
197425	2606	0.08301589
197425	2879	0.08301589
197425	3824	0.08301589
197425	6260	0.08301589
197425	1826	0.08301588
197502	558	0.12360387
197502	3525	0.12322784
197502	4378	0.123227835
197502	2006	0.12322782
197502	5566	0.12322782
197502	6865	0.12322782
197502	6108	0.123227805
197502	6453	0.123227805
197502	6681	0.123227805
197502	4328	0.1232278
197664	4241	0.07691437
197664	6674	0.07691437
197664	3853	0.07691436
197664	3866	0.07691436
197664	3980	0.07691436
197664	5454	0.07691436
197664	5688	0.07691436
197664	6310	0.07691436
197664	987	0.076914355
197664	1530	0.076914355
197687	5886	0.1415081
197687	387	0.14150809
197687	997	0.14150809
197687	4076	0.14150809
197687	5031	0.14150809
197687	24	0.14150807
197687	41	0.14150807
197687	49	0.14150807
197687	124	0.14150807
197687	215	0.14150807
197727	4984	0.11553891
197727	6909	0.11553891
197727	2647	0.1155389
197727	4813	0.1155389
197727	3644	0.11553889
197727	3868	0.11553889
197727	3890	0.11553888
197727	4034	0.11553888
197727	4775	0.11553888
197727	5106	0.11553888
197775	3971	0.12587586
197775	1869	0.12587585
197775	2138	0.12587585
197775	3965	0.12587585
197775	24	0.12587583
197775	41	0.12587583
197775	124	0.12587583
197775	215	0.12587583
197775	387	0.12587583
197775	579	0.12587583
197866	5033	0.10306442
197866	520	0.1030644
197866	6147	0.10306439
197866	6810	0.10306439
197866	5653	0.10306437
197866	3321	0.102278344
197866	3991	0.10227834
197866	6435	0.10227833
197866	1218	0.102278315
197866	3469	0.10227831
197913	5150	0.09093827
197913	3392	0.09093826
197913	999	0.09093825
197913	702	0.09093824
197913	6088	0.090938225
197913	4806	0.09079558
197913	5691	0.09079558
197913	1177	0.09079557
197913	2737	0.09079556
197913	3118	0.09079556
197939	4103	0.14893751
197939	2209	0.1489375
197939	5731	0.1489375
197939	6149	0.1489375
197939	6279	0.1489375
197939	6465	0.1489375
197939	1621	0.14893748
197939	2644	0.14893748
197939	4703	0.14893748
197939	129	0.14893746
197942	5666	0.09131136
197942	2582	0.09131135
197942	3875	0.09131135
197942	3883	0.09131135
197942	4167	0.09131135
197942	5697	0.09131135
197942	6361	0.09131135
197942	6459	0.09131134
197942	2691	0.091311336
197942	4301	0.091311336
197997	3971	0.1284182
197997	5031	0.1284182
197997	5886	0.1284182
197997	387	0.12841819
197997	890	0.12841819
197997	997	0.12841819
197997	1869	0.12841819
197997	3616	0.12841819
197997	3965	0.12841819
197997	4076	0.12841819
198011	808	0.120091744
198011	631	0.12009174
198011	5579	0.12009174
198011	965	0.12009172
198011	1477	0.12009172
198011	1485	0.12009172
198011	3268	0.12009172
198011	2505	0.1200917
198011	623	0.12009169
198011	3100	0.12009168
198012	3866	0.11359799
198012	3853	0.11359798
198012	3765	0.113597974
198012	5115	0.113597974
198012	5454	0.113597974
198012	5688	0.113597974
198012	3418	0.11359797
198012	3778	0.11359797
198012	3980	0.11359797
198012	4241	0.11359797
198046	2160	0.07465185
198046	64	0.074651845
198046	4660	0.074651845
198046	3117	0.07465184
198046	5089	0.07465183
198046	5898	0.07465183
198046	2177	0.074651815
198046	511	0.07445638
198046	1092	0.07445637
198046	617	0.074456364
198114	111	0.12720305
198114	1793	0.12720302
198114	4692	0.12720302
198114	4729	0.12720302
198114	5695	0.12720302
198114	5890	0.12720302
198114	368	0.12720299
198114	1000	0.12720299
198114	1075	0.12720299
198114	1299	0.12720299
198213	3866	0.12134657
198213	3493	0.12134656
198213	3830	0.12134656
198213	4595	0.12134656
198213	5454	0.12134656
198213	5729	0.12134656
198213	6674	0.12134656
198213	2363	0.121346556
198213	3853	0.121346556
198213	5115	0.121346556
198216	6507	0.0686392
198216	775	0.06863919
198216	1856	0.06863919
198216	1862	0.06863919
198216	1869	0.06863919
198216	2087	0.06863919
198216	2138	0.06863919
198216	3971	0.06863919
198216	5886	0.06863919
198216	6123	0.06863919
198355	2547	0.10121623
198355	4896	0.10121623
198355	1199	0.10108462
198355	687	0.101084605
198355	3401	0.101084605
198355	1041	0.10108459
198355	1227	0.10108458
198355	2446	0.100924
198355	5718	0.100923985
198355	6332	0.100923985
198483	3445	0.08978324
198483	5835	0.08978324
198483	6333	0.08978324
198483	6428	0.08978323
198483	3583	0.08978322
198483	4495	0.089783214
198483	2383	0.08978321
198483	3507	0.08978321
198483	3808	0.08978321
198483	6869	0.08978321
198507	5495	0.09363024
198507	5182	0.093447275
198507	944	0.09344727
198507	1915	0.09344727
198507	4232	0.09344726
198507	4958	0.09344725
198507	5266	0.09344725
198507	1228	0.09277505
198507	5914	0.09259215
198507	3677	0.092592135
198557	173	0.10482894
198557	392	0.10419534
198557	2342	0.10419533
198557	6537	0.10419533
198557	1868	0.10419531
198557	3445	0.10411012
198557	5835	0.10411012
198557	6428	0.10411011
198557	3583	0.10411009
198557	6333	0.10411009
198726	387	0.12419934
198726	2138	0.12419934
198726	6123	0.12419934
198726	890	0.12419933
198726	997	0.12419933
198726	3559	0.12419933
198726	3971	0.12419933
198726	4076	0.12419933
198726	5886	0.12419933
198726	6507	0.12419933
198767	890	0.111037195
198767	1146	0.111037195
198767	1869	0.111037195
198767	3971	0.111037195
198767	5031	0.111037195
198767	5886	0.111037195
198767	6912	0.111037195
198767	997	0.11103719
198767	1094	0.11103719
198767	2138	0.11103719
198781	832	0.11037336
198781	3971	0.11037336
198781	5031	0.11037336
198781	5886	0.11037336
198781	890	0.110373355
198781	1340	0.110373355
198781	1869	0.110373355
198781	2343	0.110373355
198781	2728	0.110373355
198781	6912	0.110373355
198840	247	0.1041946
198840	884	0.1041946
198840	2419	0.1041946
198840	3606	0.1041946
198840	3870	0.1041946
198840	4080	0.1041946
198840	4474	0.1041946
198840	4673	0.1041946
198840	5041	0.1041946
198840	5864	0.1041946
198930	4448	0.10763235
198930	6599	0.107632294
198930	2419	0.10544532
198930	3606	0.10544531
198930	4452	0.10544531
198930	4673	0.10544531
198930	5041	0.10544531
198930	5864	0.10544531
198930	3230	0.1054453
198930	3870	0.1054453
198982	89	0.11566347
198982	6559	0.1151381
198982	5059	0.11513808
198982	42	0.11511965
198982	427	0.11511965
198982	5793	0.11511964
198982	5066	0.115119636
198982	5091	0.115119636
198982	5668	0.115119636
198982	1536	0.11511963
198983	3971	0.11540857
198983	2138	0.11540856
198983	387	0.115408555
198983	597	0.115408555
198983	997	0.115408555
198983	3822	0.115408555
198983	5716	0.115408555
198983	5886	0.115408555
198983	6123	0.115408555
198983	6912	0.115408555
198996	4460	0.09680929
198996	2045	0.09680927
198996	2840	0.09680926
198996	331	0.09680925
198996	1692	0.096809246
198996	1531	0.09680922
198996	2583	0.09680922
198996	2552	0.09645288
198996	6123	0.09645288
198996	986	0.09645287
199016	878	0.115516685
199016	1366	0.11551668
199016	2145	0.11549936
199016	6222	0.11549936
199016	400	0.115499355
199016	4342	0.115499355
199016	1438	0.11549935
199016	2126	0.11549935
199016	2916	0.11549935
199016	3785	0.11549935
199025	4460	0.122611284
199025	2045	0.12261126
199025	1692	0.12261124
199025	2840	0.12261124
199025	331	0.12261121
199025	1531	0.1226112
199025	2583	0.122611195
199025	387	0.12211775
199025	6096	0.12211775
199025	832	0.12211774
199041	387	0.11361694
199041	5886	0.11361694
199041	890	0.113616936
199041	645	0.11361693
199041	1455	0.11361693
199041	1862	0.11361693
199041	1869	0.11361693
199041	2121	0.11361693
199041	3616	0.11361693
199041	3971	0.11361693
199092	1869	0.090029106
199092	3971	0.090029106
199092	5031	0.0900291
199092	124	0.09002909
199092	215	0.09002909
199092	387	0.09002909
199092	901	0.09002909
199092	1856	0.09002909
199092	2138	0.09002909
199092	3616	0.09002909
199095	1411	0.06677073
199095	2196	0.06677072
199095	3379	0.06677072
199095	5158	0.06677072
199095	5350	0.06677071
199095	3206	0.0667707
199095	846	0.06675486
199095	2569	0.06675486
199095	3418	0.06675486
199095	3493	0.06675486
199178	1869	0.09031577
199178	6123	0.09031577
199178	387	0.09031576
199178	890	0.09031576
199178	997	0.09031576
199178	3452	0.09031576
199178	3616	0.09031576
199178	3971	0.09031576
199178	5031	0.09031576
199178	5886	0.09031576
199209	1177	0.09869494
199209	4806	0.098694935
199209	6530	0.098694935
199209	6762	0.098694935
199209	3263	0.09869493
199209	5691	0.09869493
199209	297	0.09869492
199209	519	0.09869492
199209	591	0.09869492
199209	2116	0.09869492
199416	5871	0.09301168
199416	1960	0.093011655
199416	3151	0.09301165
199416	4410	0.09301165
199416	5292	0.09301165
199416	5865	0.09301164
199416	766	0.09301163
199416	1969	0.09301162
199416	4774	0.09301162
199416	6593	0.092493616
199515	890	0.18318047
199515	1146	0.18318045
199515	2121	0.18318045
199515	5031	0.18318045
199515	387	0.18318044
199515	986	0.18318044
199515	1062	0.18318044
199515	1856	0.18318044
199515	2728	0.18318044
199515	3616	0.18318044
199772	890	0.12050925
199772	3971	0.12050925
199772	5031	0.12050925
199772	6123	0.12050925
199772	1094	0.120509245
199772	2138	0.120509245
199772	4323	0.120509245
199772	5716	0.120509245
199772	49	0.12050924
199772	124	0.12050924
199795	387	0.10784553
199795	2121	0.10784553
199795	5031	0.10784553
199795	6123	0.10784553
199795	41	0.10784552
199795	376	0.10784552
199795	901	0.10784552
199795	997	0.10784552
199795	1869	0.10784552
199795	2356	0.10784552
199871	4673	0.12354631
199871	884	0.123546295
199871	2419	0.123546295
199871	4080	0.123546295
199871	247	0.12354629
199871	3443	0.12354629
199871	3585	0.12354629
199871	4938	0.12354629
199871	5864	0.12354629
199871	3870	0.12354628
199981	4623	0.09166507
199981	6222	0.09095379
199981	686	0.09095378
199981	801	0.09095378
199981	3120	0.09095378
199981	3187	0.09095378
199981	3219	0.09095378
199981	3785	0.09095378
199981	4151	0.09095378
199981	4342	0.09095378
200009	890	0.15688758
200009	1146	0.15688758
200009	3971	0.15688758
200009	273	0.15688756
200009	387	0.15688756
200009	579	0.15688756
200009	645	0.15688756
200009	1393	0.15688756
200009	1869	0.15688756
200009	2121	0.15688756
200196	1177	0.12015365
200196	1221	0.120153636
200196	3511	0.120153636
200196	4299	0.120153636
200196	4324	0.120153636
200196	4650	0.120153636
200196	4806	0.120153636
200196	5085	0.120153636
200196	6318	0.120153636
200196	6762	0.120153636
200206	890	0.07342465
200206	1869	0.07342465
200206	2138	0.07342465
200206	3971	0.07342465
200206	4076	0.07342465
200206	5886	0.07342465
200206	6123	0.07342465
200206	6912	0.07342465
200206	387	0.073424645
200206	645	0.073424645
200213	364	0.08713345
200213	5430	0.087133445
200213	2780	0.08713344
200213	1826	0.08713343
200213	3435	0.08713343
200213	2606	0.08713342
200213	2636	0.08713342
200213	2879	0.08713342
200213	3824	0.08713342
200213	5584	0.08713342
200245	387	0.089648545
200245	1869	0.089648545
200245	3616	0.089648545
200245	3971	0.089648545
200245	5886	0.089648545
200245	478	0.08964854
200245	890	0.08964854
200245	2138	0.08964854
200245	6123	0.08964854
200245	124	0.08964853
200248	1415	0.10072899
200248	2736	0.10072899
200248	3971	0.10072899
200248	6915	0.10072899
200248	49	0.10072898
200248	1455	0.10072898
200248	1552	0.10072898
200248	1869	0.10072898
200248	2138	0.10072898
200248	387	0.100728974
200252	3146	0.071460955
200252	3040	0.07146095
200252	6381	0.07146093
200252	6535	0.071460925
200252	864	0.07146092
200252	4490	0.07146092
200252	5699	0.07146092
200252	5834	0.07146091
200252	5619	0.071400315
200252	3797	0.07140031
200323	41	0.08620331
200323	1869	0.08620331
200323	2121	0.08620331
200323	5031	0.08620331
200323	5886	0.08620331
200323	124	0.0862033
200323	890	0.0862033
200323	1856	0.0862033
200323	4076	0.0862033
200323	5396	0.0862033
200402	1228	0.08986066
200402	152	0.08963184
200402	869	0.08963184
200402	1892	0.08963184
200402	1937	0.08963184
200402	5556	0.08963184
200402	1598	0.08963183
200402	6747	0.08963183
200402	1457	0.089631826
200402	1679	0.089631826
200422	1869	0.1448499
200422	3971	0.1448499
200422	5031	0.1448499
200422	890	0.14484988
200422	1146	0.14484988
200422	3164	0.14484988
200422	3616	0.14484988
200422	5716	0.14484988
200422	6123	0.14484988
200422	6912	0.14484988
200493	5731	0.09348759
200493	1621	0.09348758
200493	398	0.093487576
200493	1280	0.093487576
200493	1848	0.093487576
200493	2014	0.093487576
200493	2320	0.093487576
200493	2450	0.093487576
200493	3006	0.093487576
200493	3143	0.093487576
200508	3616	0.0879817
200508	5031	0.0879817
200508	6123	0.0879817
200508	6912	0.0879817
200508	478	0.08798169
200508	645	0.08798169
200508	890	0.08798169
200508	922	0.08798169
200508	3971	0.08798169
200508	5886	0.08798169
200568	2364	0.114452414
200568	3616	0.114452414
200568	3971	0.114452414
200568	6123	0.114452414
200568	49	0.11445241
200568	997	0.11445241
200568	1194	0.11445241
200568	1552	0.11445241
200568	2055	0.11445241
200568	3059	0.11445241
200585	1455	0.10528731
200585	1869	0.10528731
200585	5886	0.10528731
200585	6123	0.10528731
200585	997	0.105287306
200585	124	0.1052873
200585	215	0.1052873
200585	387	0.1052873
200585	404	0.1052873
200585	478	0.1052873
200607	3749	0.096800245
200607	2518	0.09680024
200607	4446	0.09680024
200607	6601	0.09680023
200607	30	0.09680022
200607	759	0.09680022
200607	1742	0.09680022
200607	1958	0.09680022
200607	2017	0.09680022
200607	4004	0.09680022
200643	2138	0.13951582
200643	6123	0.13951582
200643	387	0.1395158
200643	597	0.1395158
200643	997	0.1395158
200643	1869	0.1395158
200643	4076	0.1395158
200643	5896	0.1395158
200643	124	0.13951579
200643	215	0.13951579
200674	3971	0.09371627
200674	1869	0.093716264
200674	6123	0.093716264
200674	387	0.09371626
200674	579	0.09371626
200674	41	0.09371625
200674	49	0.09371625
200674	273	0.09371625
200674	922	0.09371625
200674	997	0.09371625
200772	2121	0.08940979
200772	49	0.08940978
200772	387	0.08940978
200772	579	0.08940978
200772	890	0.08940978
200772	922	0.08940978
200772	997	0.08940978
200772	1856	0.08940978
200772	1869	0.08940978
200772	2364	0.08940978
200978	3187	0.10790477
200978	801	0.10790476
200978	1087	0.10790476
200978	1438	0.10790476
200978	1650	0.10790476
200978	3120	0.10790476
200978	4151	0.10790476
200978	5800	0.10790476
200978	400	0.107904755
200978	686	0.107904755
200993	6496	0.091597915
200993	4536	0.09112437
200993	1312	0.091124356
200993	2105	0.091124356
200993	3297	0.091124356
200993	6659	0.091124356
200993	2616	0.09112435
200993	5681	0.09112435
200993	148	0.09112434
200993	205	0.09112434
201017	1177	0.12845275
201017	2241	0.12845272
201017	3118	0.12845272
201017	3263	0.12845272
201017	4806	0.12845272
201017	6318	0.12845272
201017	2737	0.1284527
201017	4177	0.1284527
201017	4650	0.1284527
201017	5085	0.1284527
201036	579	0.12541914
201036	890	0.12541914
201036	1340	0.12541914
201036	1403	0.12541914
201036	1415	0.12541914
201036	1869	0.12541914
201036	2138	0.12541914
201036	2806	0.12541914
201036	3971	0.12541914
201036	4076	0.12541914
201042	1869	0.11723672
201042	387	0.1172367
201042	3616	0.1172367
201042	3965	0.1172367
201042	3971	0.1172367
201042	5031	0.1172367
201042	124	0.117236696
201042	832	0.117236696
201042	842	0.117236696
201042	997	0.117236696
201058	387	0.13267833
201058	3971	0.13267832
201058	41	0.1326783
201058	124	0.1326783
201058	832	0.1326783
201058	890	0.1326783
201058	1146	0.1326783
201058	1403	0.1326783
201058	1749	0.1326783
201058	1869	0.1326783
201141	5388	0.11761956
201141	1719	0.11761953
201141	2470	0.11761953
201141	4503	0.11761953
201141	5744	0.11761953
201141	4972	0.11761952
201141	139	0.117619514
201141	3602	0.117619514
201141	4516	0.1176195
201141	6564	0.11761949
201290	3971	0.115404435
201290	6123	0.11540442
201290	124	0.11540441
201290	387	0.11540441
201290	1869	0.11540441
201290	4076	0.11540441
201290	890	0.115404405
201290	997	0.115404405
201290	2138	0.115404405
201290	2364	0.115404405
201323	1087	0.15772302
201323	3120	0.15772302
201323	4151	0.15772302
201323	6222	0.15772302
201323	6236	0.15772302
201323	99	0.15772301
201323	686	0.15772301
201323	801	0.15772301
201323	1389	0.15772301
201323	1650	0.15772301
201447	890	0.07890254
201447	1869	0.07890254
201447	3971	0.07890254
201447	41	0.078902535
201447	387	0.078902535
201447	1393	0.078902535
201447	1403	0.078902535
201447	2121	0.078902535
201447	2138	0.078902535
201447	2806	0.078902535
201475	3971	0.09706166
201475	387	0.09706165
201475	922	0.09706165
201475	1146	0.09706165
201475	1869	0.09706165
201475	5031	0.09706165
201475	5886	0.09706165
201475	6123	0.09706165
201475	6912	0.09706165
201475	49	0.09706164
201521	3971	0.10281775
201521	890	0.102817744
201521	2138	0.102817744
201521	6123	0.102817744
201521	1340	0.10281774
201521	2103	0.10281774
201521	3452	0.10281774
201521	3559	0.10281774
201521	4603	0.10281774
201521	4949	0.10281774
201526	3971	0.13867831
201526	1869	0.1386783
201526	24	0.13867828
201526	124	0.13867828
201526	180	0.13867828
201526	579	0.13867828
201526	642	0.13867828
201526	645	0.13867828
201526	890	0.13867828
201526	901	0.13867828
201557	1177	0.14329362
201557	6762	0.14329362
201557	519	0.1432936
201557	531	0.1432936
201557	1255	0.1432936
201557	3118	0.1432936
201557	4806	0.1432936
201557	5085	0.1432936
201557	5691	0.1432936
201557	6530	0.1432936
201568	387	0.0874843
201568	890	0.0874843
201568	1146	0.0874843
201568	1869	0.0874843
201568	2138	0.0874843
201568	3616	0.0874843
201568	3971	0.0874843
201568	4076	0.0874843
201568	5031	0.0874843
201568	5886	0.0874843
201593	5115	0.117163375
201593	533	0.11716336
201593	3418	0.11716336
201593	4595	0.11716336
201593	5454	0.11716336
201593	5688	0.11716336
201593	6674	0.11716336
201593	6768	0.11716336
201593	1806	0.11716335
201593	3112	0.11716335
201641	6123	0.13299802
201641	3971	0.132998
201641	5886	0.132998
201641	41	0.13299799
201641	49	0.13299799
201641	273	0.13299799
201641	387	0.13299799
201641	890	0.13299799
201641	922	0.13299799
201641	997	0.13299799
201674	41	0.07518622
201674	387	0.07518622
201674	1869	0.07518622
201674	3059	0.07518622
201674	3616	0.07518622
201674	3971	0.07518622
201674	6046	0.07518622
201674	124	0.075186215
201674	215	0.075186215
201674	901	0.075186215
201677	111	0.1041895
201677	4729	0.104189485
201677	5890	0.104189485
201677	4692	0.10418948
201677	2099	0.10418947
201677	3198	0.10418946
201677	368	0.104189456
201677	1000	0.104189456
201677	1075	0.104189456
201677	1537	0.104189456
201684	2479	0.15019351
201684	1778	0.15019348
201684	2577	0.15019348
201684	1443	0.15019347
201684	73	0.15019345
201684	4276	0.15019345
201684	5489	0.15019345
201684	6846	0.15019345
201684	2891	0.15019344
201684	4071	0.15019342
201697	5031	0.09640311
201697	2364	0.0964031
201697	890	0.09640309
201697	1146	0.09640309
201697	1415	0.09640309
201697	1552	0.09640309
201697	1869	0.09640309
201697	3616	0.09640309
201697	3750	0.09640309
201697	3822	0.09640309
201725	1679	0.042915102
201725	1892	0.042915102
201725	1937	0.042915102
201725	152	0.0429151
201725	869	0.0429151
201725	1598	0.0429151
201725	5556	0.0429151
201725	6747	0.0429151
201725	4233	0.042915095
201725	1457	0.04291509
201751	1455	0.08968369
201751	2138	0.08968369
201751	3971	0.08968369
201751	124	0.08968368
201751	387	0.08968368
201751	890	0.08968368
201751	986	0.08968368
201751	997	0.08968368
201751	1194	0.08968368
201751	1869	0.08968368
201760	1869	0.105834424
201760	5886	0.10583442
201760	6123	0.10583442
201760	49	0.10583441
201760	478	0.10583441
201760	579	0.10583441
201760	775	0.10583441
201760	890	0.10583441
201760	997	0.10583441
201760	1340	0.10583441
201768	325	0.12110168
201768	244	0.12096433
201768	4599	0.12096433
201768	6265	0.12096433
201768	4045	0.12096431
201768	149	0.1209643
201768	632	0.1209643
201768	961	0.1209643
201768	5437	0.1209643
201768	582	0.120964296
201776	5031	0.16359405
201776	579	0.16359404
201776	1869	0.16359404
201776	3616	0.16359404
201776	3971	0.16359404
201776	6912	0.16359404
201776	1146	0.16359402
201776	2138	0.16359402
201776	2364	0.16359402
201776	5886	0.16359402
201783	2138	0.12661996
201783	3971	0.12661996
201783	5886	0.12661996
201783	6123	0.12661996
201783	775	0.12661995
201783	890	0.12661995
201783	997	0.12661995
201783	1194	0.12661995
201783	1869	0.12661995
201783	5716	0.12661995
201792	4030	0.09119472
201792	2154	0.09114526
201792	6423	0.09110536
201792	2843	0.09110534
201792	1301	0.09110531
201792	3425	0.09038971
201792	565	0.090389706
201792	2581	0.0903897
201792	4899	0.0903897
201792	5330	0.0903897
201829	5331	0.101592965
201829	5672	0.10159296
201829	6273	0.10159296
201829	6756	0.10159296
201829	4351	0.10159294
201829	4488	0.10159294
201829	4833	0.10159294
201829	5343	0.101592936
201829	828	0.10159293
201829	533	0.101451665
201923	962	0.11811873
201923	1567	0.11734775
201923	5869	0.11734775
201923	711	0.11734773
201923	2653	0.11734773
201923	3361	0.11734773
201923	4493	0.11734773
201923	4903	0.11734773
201923	4906	0.11734773
201923	5086	0.11734773
201969	319	0.07293702
201969	5256	0.07293701
201969	1138	0.072937004
201969	5988	0.072937004
201969	4274	0.07293699
201969	5647	0.07293699
201969	947	0.07285777
201969	2929	0.07285777
201969	3129	0.07285777
201969	1764	0.07285776
202000	2138	0.112301245
202000	3971	0.112301245
202000	3616	0.11230124
202000	387	0.11230123
202000	890	0.11230123
202000	1340	0.11230123
202000	1869	0.11230123
202000	2364	0.11230123
202000	5031	0.11230123
202000	5716	0.11230123
202036	890	0.13261494
202036	1340	0.13261494
202036	1869	0.13261494
202036	2138	0.13261494
202036	3059	0.13261494
202036	3616	0.13261494
202036	3971	0.13261494
202036	5886	0.13261494
202036	6123	0.13261494
202036	6912	0.13261494
202063	3971	0.08159454
202063	5886	0.08159454
202063	6912	0.08159454
202063	890	0.081594534
202063	1869	0.081594534
202063	24	0.08159453
202063	49	0.08159453
202063	387	0.08159453
202063	579	0.08159453
202063	775	0.08159453
202127	5031	0.11735357
202127	3616	0.11735356
202127	3971	0.11735356
202127	5886	0.11735356
202127	890	0.11735355
202127	1869	0.11735355
202127	24	0.11735354
202127	49	0.11735354
202127	266	0.11735354
202127	328	0.11735354
202147	660	0.08560689
202147	3179	0.08560689
202147	3597	0.08560689
202147	1423	0.085606866
202147	244	0.08548862
202147	6265	0.08548862
202147	149	0.0854886
202147	582	0.0854886
202147	632	0.0854886
202147	961	0.085488595
202173	890	0.12300852
202173	3616	0.12300851
202173	5031	0.12300851
202173	579	0.123008505
202173	1062	0.123008505
202173	1146	0.123008505
202173	1869	0.123008505
202173	2121	0.123008505
202173	2138	0.123008505
202173	3559	0.123008505
202182	49	0.08205499
202182	24	0.08205498
202182	1869	0.08205498
202182	3971	0.08205498
202182	41	0.08205497
202182	124	0.08205497
202182	387	0.08205497
202182	579	0.08205497
202182	775	0.08205497
202182	890	0.08205497
202195	3971	0.12999457
202195	387	0.12999454
202195	997	0.12999454
202195	1455	0.12999454
202195	1869	0.12999454
202195	2138	0.12999454
202195	3616	0.12999454
202195	3965	0.12999454
202195	5031	0.12999454
202195	5886	0.12999454
202212	1869	0.13763028
202212	5886	0.13763028
202212	215	0.13763027
202212	387	0.13763027
202212	890	0.13763027
202212	986	0.13763027
202212	1058	0.13763027
202212	2121	0.13763027
202212	3616	0.13763027
202212	3971	0.13763027
202277	3971	0.11470197
202277	6912	0.11470197
202277	890	0.114701964
202277	2138	0.114701964
202277	41	0.11470196
202277	124	0.11470196
202277	387	0.11470196
202277	579	0.11470196
202277	1869	0.11470196
202277	2364	0.11470196
202324	3971	0.0838853
202324	579	0.08388528
202324	1340	0.08388528
202324	1415	0.08388528
202324	1869	0.08388528
202324	2138	0.08388528
202324	2364	0.08388528
202324	3616	0.08388528
202324	4076	0.08388528
202324	5031	0.08388528
202346	1965	0.10433179
202346	2359	0.10433179
202346	859	0.10433177
202346	4099	0.10433176
202346	4291	0.10433176
202346	4908	0.10433176
202346	5565	0.10433176
202346	6023	0.10433176
202346	929	0.10433175
202346	5673	0.10433175
202353	3971	0.11827094
202353	387	0.11827093
202353	1869	0.11827093
202353	2037	0.11827093
202353	2138	0.11827093
202353	5886	0.11827093
202353	6123	0.11827093
202353	901	0.118270926
202353	1058	0.118270926
202353	2728	0.118270926
202358	3971	0.07456562
202358	1869	0.07456561
202358	49	0.074565604
202358	579	0.074565604
202358	6123	0.074565604
202358	387	0.0745656
202358	1146	0.0745656
202358	1229	0.0745656
202358	1455	0.0745656
202358	2138	0.0745656
202381	4076	0.090580955
202381	5886	0.090580955
202381	997	0.09058095
202381	2356	0.09058095
202381	3616	0.09058095
202381	6033	0.09058095
202381	6123	0.09058095
202381	6507	0.09058095
202381	41	0.09058094
202381	124	0.09058094
202462	6630	0.10731893
202462	6592	0.10731892
202462	3045	0.10731891
202462	3628	0.10731891
202462	6654	0.10731891
202462	6690	0.10731891
202462	3938	0.1073189
202462	6591	0.1073189
202462	1978	0.10731889
202462	3002	0.10731889
202532	4897	0.12273207
202532	3380	0.12250164
202532	3654	0.12250164
202532	3815	0.12250164
202532	6032	0.12250164
202532	2701	0.122501634
202532	4756	0.122501634
202532	6745	0.12250163
202532	4957	0.12250162
202532	6284	0.12250162
202553	3380	0.0928164
202553	2701	0.09281639
202553	4957	0.09281638
202553	6032	0.09281638
202553	6284	0.09281638
202553	857	0.092816375
202553	3408	0.092816375
202553	3563	0.092816375
202553	3654	0.092816375
202553	3815	0.092816375
202564	884	0.0886686
202564	2419	0.0886686
202564	4673	0.0886686
202564	3606	0.08866859
202564	6834	0.08866859
202564	1648	0.088668585
202564	2076	0.088668585
202564	3283	0.088668585
202564	3585	0.088668585
202564	3870	0.088668585
202706	4319	0.13447979
202706	6446	0.13447979
202706	5690	0.13447978
202706	803	0.13447976
202706	2623	0.13447976
202706	3536	0.13447976
202706	3865	0.13447976
202706	609	0.13447973
202706	1260	0.13447973
202706	2065	0.13447973
202711	387	0.13733724
202711	890	0.13733724
202711	1094	0.13733724
202711	3971	0.13733724
202711	5031	0.13733724
202711	5886	0.13733724
202711	1856	0.13733722
202711	1862	0.13733722
202711	1869	0.13733722
202711	2138	0.13733722
202885	4243	0.10780309
202885	5417	0.10780309
202885	1467	0.10780305
202885	3510	0.10718781
202885	3560	0.10718781
202885	3694	0.10718781
202885	5411	0.10718781
202885	854	0.1071878
202885	1413	0.1071878
202885	2360	0.1071878
202942	387	0.09187718
202942	1869	0.09187718
202942	3971	0.09187717
202942	6123	0.09187717
202942	478	0.09187716
202942	579	0.09187716
202942	890	0.09187716
202942	997	0.09187716
202942	1146	0.09187716
202942	1339	0.09187716
202963	4817	0.11235745
202963	4885	0.112357445
202963	4960	0.112357445
202963	5785	0.112357445
202963	6842	0.112357445
202963	489	0.11235744
202963	968	0.11235744
202963	1170	0.11235744
202963	1256	0.11235744
202963	2382	0.11235744
203017	231	0.122070484
203017	4176	0.12207048
203017	5197	0.12207047
203017	6840	0.12207047
203017	677	0.122070454
203017	1723	0.122070454
203017	2409	0.122070454
203017	5872	0.122070454
203017	6216	0.122070454
203017	668	0.12207045
203044	2138	0.1437996
203044	3971	0.1437996
203044	1869	0.14379959
203044	3616	0.14379959
203044	5886	0.14379959
203044	49	0.14379957
203044	387	0.14379957
203044	514	0.14379957
203044	597	0.14379957
203044	775	0.14379957
203058	3785	0.09900847
203058	4151	0.09900847
203058	5121	0.09900847
203058	6222	0.09900847
203058	3187	0.09900846
203058	400	0.099008456
203058	686	0.099008456
203058	801	0.099008456
203058	1087	0.099008456
203058	1389	0.099008456
203075	425	0.080188505
203075	3776	0.08018846
203075	4032	0.08018846
203075	5304	0.08018845
203075	91	0.080188446
203075	1524	0.080188446
203075	4469	0.080188446
203075	5355	0.080188446
203075	1185	0.08018844
203075	5321	0.08018844
203161	4906	0.11229132
203161	2653	0.11229131
203161	5086	0.11229131
203161	6429	0.11229131
203161	5715	0.112291306
203161	6492	0.112291306
203161	1567	0.1122913
203161	4493	0.1122913
203161	4868	0.1122913
203161	5335	0.1122913
203213	1177	0.07644209
203213	1221	0.07644208
203213	2241	0.07644208
203213	3118	0.07644208
203213	3693	0.07644208
203213	4806	0.07644208
203213	5085	0.07644208
203213	6530	0.07644208
203213	6762	0.07644208
203213	6897	0.07644208
203240	4460	0.13835844
203240	2045	0.1383584
203240	2840	0.1383584
203240	331	0.13835838
203240	1531	0.13835838
203240	1692	0.13835838
203240	2583	0.13835835
203240	2658	0.13637353
203240	122	0.1363732
203240	2851	0.1353569
203280	5031	0.11634697
203280	890	0.11634696
203280	1146	0.11634696
203280	1869	0.11634696
203280	3971	0.11634696
203280	387	0.116346955
203280	2138	0.116346955
203280	3236	0.116346955
203280	4323	0.116346955
203280	5886	0.116346955
203380	2138	0.11095494
203380	3971	0.11095494
203380	5031	0.11095494
203380	5886	0.11095494
203380	6123	0.11095494
203380	478	0.11095493
203380	997	0.11095493
203380	2356	0.11095493
203380	2364	0.11095493
203380	2965	0.11095493
203392	2552	0.100767
203392	5031	0.100767
203392	387	0.100766994
203392	1415	0.100766994
203392	1869	0.100766994
203392	4076	0.100766994
203392	5886	0.100766994
203392	6123	0.100766994
203392	49	0.10076699
203392	478	0.10076699
203401	890	0.11020589
203401	2138	0.11020589
203401	3971	0.11020589
203401	6123	0.11020588
203401	387	0.110205874
203401	597	0.110205874
203401	642	0.110205874
203401	1340	0.110205874
203401	1869	0.110205874
203401	2121	0.110205874
203422	5811	0.08527386
203422	4608	0.08527385
203422	3538	0.08527384
203422	6241	0.08527384
203422	231	0.084537596
203422	2402	0.084537596
203422	4176	0.084537596
203422	5197	0.084537596
203422	5949	0.084537596
203422	6216	0.084537596
203441	3971	0.12020406
203441	5886	0.120204054
203441	597	0.12020405
203441	890	0.12020405
203441	1869	0.12020405
203441	2138	0.12020405
203441	3616	0.12020405
203441	5031	0.12020405
203441	6123	0.12020405
203441	6515	0.12020405
203506	4121	0.12598285
203506	5919	0.12598285
203506	6886	0.12598285
203506	4173	0.12598284
203506	2651	0.12598282
203506	4384	0.12598282
203506	6103	0.12598282
203506	6463	0.12598282
203506	6000	0.1259828
203506	247	0.12523237
203598	1869	0.10782295
203598	3616	0.10782294
203598	3971	0.10782294
203598	5886	0.10782294
203598	1415	0.10782293
203598	4076	0.10782293
203598	5031	0.10782293
203598	6123	0.10782293
203598	387	0.107822925
203598	478	0.107822925
203603	1539	0.07603334
203603	5592	0.076033324
203603	891	0.07603332
203603	4368	0.07603332
203603	5008	0.07603332
203603	1899	0.07603331
203603	2388	0.07603331
203603	2667	0.07603331
203603	5113	0.07603331
203603	5146	0.07603331
203621	667	0.093163274
203621	191	0.09316327
203621	2022	0.09316327
203621	2936	0.09316327
203621	2971	0.09316327
203621	3121	0.09316327
203621	3338	0.09316327
203621	4461	0.09316327
203621	4666	0.09316327
203621	4671	0.09316327
203742	387	0.10688635
203742	3971	0.10688635
203742	41	0.10688634
203742	1869	0.10688634
203742	3616	0.10688634
203742	890	0.106886335
203742	2121	0.106886335
203742	3559	0.106886335
203742	5886	0.106886335
203742	124	0.10688633
203764	890	0.15558606
203764	1869	0.15558606
203764	3971	0.15558606
203764	5886	0.15558606
203764	387	0.15558605
203764	2138	0.15558605
203764	4076	0.15558605
203764	6123	0.15558605
203764	266	0.15558603
203764	478	0.15558603
203799	4740	0.13931793
203799	4738	0.13931791
203799	6312	0.13931791
203799	1155	0.1393179
203799	2503	0.1393179
203799	4144	0.1393179
203799	6396	0.1393179
203799	1163	0.13931789
203799	5914	0.13931789
203799	703	0.13931787
203805	4103	0.1178453
203805	5731	0.1178453
203805	6279	0.1178453
203805	3657	0.11784529
203805	2320	0.11784528
203805	2450	0.11784528
203805	2644	0.11784528
203805	3610	0.11784528
203805	3786	0.11784528
203805	6149	0.11784528
203844	890	0.11093724
203844	922	0.11093723
203844	5031	0.11093723
203844	41	0.11093722
203844	49	0.11093722
203844	387	0.11093722
203844	478	0.11093722
203844	597	0.11093722
203844	997	0.11093722
203844	1062	0.11093722
203877	4906	0.10954606
203877	248	0.10954605
203877	1567	0.10954605
203877	2653	0.10954605
203877	4493	0.10954605
203877	5295	0.10954605
203877	5335	0.10954605
203877	5715	0.10954605
203877	5869	0.10954605
203877	6492	0.10954605
203900	3616	0.1114458
203900	5031	0.1114458
203900	1869	0.11144579
203900	1856	0.111445785
203900	3971	0.111445785
203900	5716	0.111445785
203900	5886	0.111445785
203900	6073	0.111445785
203900	6912	0.111445785
203900	24	0.11144578
203910	511	0.09783751
203910	1092	0.09783749
203910	3526	0.09783749
203910	4557	0.09783749
203910	5288	0.09783749
203910	6364	0.09783749
203910	6593	0.097837485
203910	617	0.09783748
203910	1644	0.09783748
203910	2785	0.09783748
203918	3655	0.086707585
203918	6027	0.08670757
203918	6570	0.08670756
203918	6580	0.08670756
203918	2755	0.086707555
203918	4740	0.08642032
203918	5914	0.08642031
203918	6312	0.08642031
203918	6396	0.08642031
203918	4738	0.086420305
203973	5798	0.07704884
203973	4716	0.0768667
203973	4004	0.07646991
203973	4446	0.07646991
203973	6152	0.07646991
203973	6796	0.07646991
203973	5980	0.076469906
203973	759	0.0764699
203973	1362	0.0764699
203973	2184	0.0764699
204040	5031	0.10367655
204040	478	0.10367654
204040	645	0.10367654
204040	1869	0.10367654
204040	3616	0.10367654
204040	5886	0.10367654
204040	890	0.103676535
204040	1856	0.103676535
204040	3971	0.103676535
204040	6123	0.103676535
204167	307	0.1049888
204167	1424	0.1049888
204167	1436	0.1049888
204167	2689	0.1049888
204167	4728	0.1049888
204167	6365	0.1049888
204167	6523	0.10498879
204167	761	0.10498878
204167	2507	0.10498878
204167	2535	0.10498878
204179	1869	0.118645005
204179	3971	0.118645005
204179	579	0.118645
204179	775	0.118645
204179	890	0.118645
204179	1194	0.118645
204179	2087	0.118645
204179	2138	0.118645
204179	2364	0.118645
204179	3059	0.118645
204255	2933	0.08024577
204255	5471	0.08024577
204255	5472	0.08024576
204255	6585	0.08024576
204255	6655	0.08024576
204255	3378	0.080245756
204255	6645	0.080245756
204255	6680	0.080245756
204255	4103	0.07956788
204255	5731	0.07956788
204333	2017	0.08934349
204333	3749	0.08934349
204333	6152	0.08934349
204333	2518	0.08934348
204333	4004	0.08934348
204333	5058	0.08934348
204333	759	0.08934347
204333	1344	0.08934347
204333	1362	0.08934347
204333	2184	0.08934347
204359	3971	0.13430063
204359	387	0.13430062
204359	478	0.13430062
204359	645	0.13430062
204359	890	0.13430062
204359	922	0.13430062
204359	997	0.13430062
204359	1393	0.13430062
204359	1455	0.13430062
204359	1869	0.13430062
204393	3644	0.15356052
204393	4813	0.15356052
204393	4984	0.15356052
204393	6909	0.15356052
204393	80	0.1535605
204393	1997	0.1535605
204393	3868	0.1535605
204393	2236	0.15356049
204393	2647	0.15356049
204393	3271	0.15356049
204448	3477	0.0946098
204448	6841	0.093956985
204448	4822	0.09395697
204448	1848	0.093838565
204448	5731	0.093838565
204448	605	0.09383856
204448	920	0.09383856
204448	1258	0.09383856
204448	1621	0.09383856
204448	2287	0.09383856
204452	686	0.08093929
204452	1087	0.08093929
204452	2916	0.08093929
204452	3120	0.08093929
204452	5121	0.08093929
204452	6222	0.08093929
204452	99	0.080939285
204452	801	0.080939285
204452	3187	0.080939285
204452	96	0.08093928
204455	3241	0.10925304
204455	6266	0.109253034
204455	6469	0.109253034
204455	6410	0.10925303
204455	998	0.10925302
204455	3446	0.10925301
204455	2234	0.109253004
204455	3149	0.109253004
204455	5651	0.109253004
204455	2175	0.10925299
204457	890	0.11379549
204457	1856	0.11379549
204457	2121	0.11379549
204457	3971	0.11379549
204457	5031	0.11379549
204457	832	0.11379548
204457	1869	0.11379548
204457	2343	0.11379548
204457	4076	0.11379548
204457	5716	0.11379548
204470	2138	0.09141739
204470	3971	0.09141739
204470	6912	0.09141739
204470	387	0.09141738
204470	597	0.09141738
204470	1862	0.09141738
204470	2037	0.09141738
204470	3490	0.09141738
204470	3559	0.09141738
204470	5031	0.09141738
204474	4076	0.12886378
204474	6507	0.12886378
204474	890	0.12886377
204474	2806	0.12886377
204474	41	0.12886375
204474	387	0.12886375
204474	478	0.12886375
204474	775	0.12886375
204474	986	0.12886375
204474	997	0.12886375
204571	6674	0.08782579
204571	3866	0.08782578
204571	3853	0.087825775
204571	3980	0.087825775
204571	4718	0.087825775
204571	5454	0.087825775
204571	6643	0.087825775
204571	1806	0.08782577
204571	2569	0.08782577
204571	3091	0.08782577
204591	4138	0.124383576
204591	601	0.12438357
204591	1828	0.12438357
204591	3462	0.124383554
204591	1279	0.12438354
204591	2517	0.12438354
204591	2062	0.124383524
204591	4528	0.12438352
204591	6713	0.12438352
204591	5316	0.12438351
204619	4984	0.12882248
204619	3644	0.12882246
204619	1997	0.12882245
204619	3890	0.12882245
204619	4813	0.12882245
204619	5106	0.12882245
204619	5780	0.12882245
204619	6909	0.12882245
204619	80	0.12882243
204619	2647	0.12882243
204622	890	0.084160164
204622	3971	0.084160164
204622	5886	0.084160164
204622	387	0.08416016
204622	478	0.08416016
204622	2713	0.08416016
204622	5031	0.08416016
204622	24	0.08416015
204622	49	0.08416015
204622	579	0.08416015
204660	5031	0.083877124
204660	328	0.08387712
204660	478	0.08387712
204660	914	0.08387712
204660	997	0.08387712
204660	1869	0.08387712
204660	3616	0.08387712
204660	3750	0.08387712
204660	4076	0.08387712
204660	5886	0.08387712
204676	244	0.09760779
204676	6265	0.09760779
204676	149	0.097607784
204676	961	0.09760778
204676	2962	0.09760778
204676	3385	0.09760778
204676	4045	0.09760778
204676	4599	0.09760778
204676	582	0.09760777
204676	632	0.09760777
204696	3971	0.12237089
204696	5031	0.12237089
204696	6912	0.12237089
204696	645	0.122370884
204696	890	0.122370884
204696	1455	0.122370884
204696	1869	0.122370884
204696	2138	0.122370884
204696	2364	0.122370884
204696	3616	0.122370884
204698	111	0.112947956
204698	368	0.112947926
204698	1793	0.112947926
204698	3198	0.112947926
204698	4692	0.112947926
204698	4729	0.112947926
204698	5695	0.112947926
204698	5890	0.112947926
204698	1075	0.11294792
204698	1537	0.11294791
204790	1869	0.13616031
204790	3971	0.13616031
204790	6123	0.13616031
204790	387	0.1361603
204790	890	0.1361603
204790	1146	0.1361603
204790	1455	0.1361603
204790	3616	0.1361603
204790	4323	0.1361603
204790	49	0.13616028
204804	3971	0.11986159
204804	387	0.11986157
204804	1869	0.11986157
204804	124	0.119861566
204804	2138	0.119861566
204804	5886	0.119861566
204804	6123	0.119861566
204804	6515	0.119861566
204804	41	0.11986156
204804	49	0.11986156
204813	1869	0.14900127
204813	3971	0.14900127
204813	5886	0.14900127
204813	215	0.14900126
204813	5031	0.14900126
204813	24	0.14900124
204813	41	0.14900124
204813	49	0.14900124
204813	124	0.14900124
204813	156	0.14900124
204822	1869	0.12685162
204822	2138	0.12685162
204822	3971	0.12685162
204822	6123	0.12685162
204822	387	0.1268516
204822	597	0.1268516
204822	997	0.1268516
204822	1455	0.1268516
204822	3616	0.1268516
204822	5031	0.1268516
204844	2503	0.1030145
204844	4740	0.1030145
204844	5914	0.1030145
204844	6312	0.1030145
204844	6396	0.1030145
204844	1155	0.10301449
204844	3677	0.103014484
204844	4738	0.103014484
204844	1024	0.10301448
204844	3060	0.10301448
204909	2364	0.1036616
204909	3971	0.1036616
204909	3164	0.10366159
204909	6915	0.10366159
204909	41	0.10366158
204909	124	0.10366158
204909	387	0.10366158
204909	514	0.10366158
204909	579	0.10366158
204909	775	0.10366158
204929	3560	0.10578631
204929	3694	0.10578631
204929	4885	0.10578631
204929	854	0.1057863
204929	489	0.105786294
204929	1902	0.105786294
204929	2360	0.105786294
204929	2382	0.105786294
204929	3115	0.105786294
204929	3427	0.105786294
204936	1455	0.14231408
204936	5886	0.14231408
204936	41	0.14231406
204936	387	0.14231406
204936	478	0.14231406
204936	890	0.14231406
204936	922	0.14231406
204936	997	0.14231406
204936	1062	0.14231406
204936	1146	0.14231406
204946	4103	0.1142359
204946	1621	0.11423589
204946	5731	0.11423589
204946	6279	0.114235885
204946	1258	0.11423588
204946	1848	0.11423588
204946	4703	0.11423588
204946	6149	0.11423588
204946	920	0.11423587
204946	2119	0.11423587
204964	1155	0.12769316
204964	2503	0.12769316
204964	4740	0.12769316
204964	703	0.12769315
204964	1024	0.12769315
204964	1163	0.12769315
204964	1672	0.12769315
204964	3060	0.12769315
204964	3677	0.12769315
204964	4144	0.12769315
205085	231	0.08128132
205085	5872	0.08128131
205085	5949	0.08128131
205085	6840	0.08128131
205085	668	0.081281304
205085	1022	0.081281304
205085	1050	0.081281304
205085	1619	0.081281304
205085	1723	0.081281304
205085	2402	0.081281304
205145	5031	0.1000988
205145	1869	0.100098796
205145	3971	0.100098796
205145	6912	0.100098796
205145	124	0.10009879
205145	387	0.10009879
205145	642	0.10009879
205145	775	0.10009879
205145	890	0.10009879
205145	997	0.10009879
205197	1869	0.120655954
205197	3971	0.120655954
205197	49	0.12065595
205197	387	0.12065595
205197	922	0.12065595
205197	5031	0.12065595
205197	41	0.12065594
205197	124	0.12065594
205197	579	0.12065594
205197	775	0.12065594
205281	3971	0.114917874
205281	1869	0.11491787
205281	4076	0.11491787
205281	41	0.11491786
205281	49	0.11491786
205281	124	0.11491786
205281	387	0.11491786
205281	478	0.11491786
205281	2364	0.11491786
205281	2736	0.11491786
205285	1869	0.095396884
205285	6123	0.09539688
205285	2364	0.09539687
205285	3616	0.09539687
205285	6507	0.09539687
205285	160	0.09539686
205285	387	0.09539686
205285	478	0.09539686
205285	579	0.09539686
205285	775	0.09539686
205383	3853	0.16195095
205383	3866	0.16195095
205383	4595	0.16195095
205383	4727	0.16195095
205383	5454	0.16195095
205383	6643	0.16195095
205383	2220	0.16195093
205383	6674	0.16195093
205383	533	0.16195092
205383	624	0.16195092
205426	1869	0.09860243
205426	2121	0.09860243
205426	3971	0.09860243
205426	124	0.098602414
205426	376	0.098602414
205426	387	0.098602414
205426	642	0.098602414
205426	2138	0.098602414
205426	2343	0.098602414
205426	2364	0.098602414
205473	425	0.07989784
205473	5304	0.0798978
205473	91	0.07989779
205473	1524	0.07989779
205473	3776	0.07989779
205473	4032	0.07989779
205473	5355	0.07989778
205473	1185	0.079897776
205473	4469	0.079897776
205473	5321	0.079897776
205487	6643	0.076705135
205487	2220	0.07670513
205487	3418	0.07670513
205487	3765	0.07670513
205487	3853	0.07670513
205487	3866	0.07670513
205487	3980	0.07670513
205487	4718	0.07670513
205487	5454	0.07670513
205487	6674	0.07670513
205520	5886	0.12504075
205520	41	0.12504074
205520	124	0.12504074
205520	215	0.12504074
205520	387	0.12504074
205520	478	0.12504074
205520	645	0.12504074
205520	890	0.12504074
205520	922	0.12504074
205520	1146	0.12504074
205538	1306	0.0662744
205538	6427	0.0662744
205538	4400	0.06627439
205538	4698	0.06627439
205538	5232	0.06627439
205538	4693	0.06627438
205538	5583	0.066274375
205538	2323	0.06627436
205538	6775	0.06627436
205538	2653	0.06613215
205554	3971	0.114224166
205554	890	0.11422416
205554	2138	0.11422416
205554	5886	0.11422416
205554	387	0.11422415
205554	922	0.11422415
205554	3965	0.11422415
205554	5031	0.11422415
205554	6123	0.11422415
205554	6912	0.11422415
205608	1869	0.11056658
205608	3971	0.11056658
205608	5886	0.11056658
205608	642	0.11056657
205608	775	0.11056657
205608	890	0.11056657
205608	2138	0.11056657
205608	4076	0.11056657
205608	5031	0.11056657
205608	6033	0.11056657
205735	4387	0.12481294
205735	626	0.12481293
205735	1610	0.12481293
205735	4271	0.12481292
205735	990	0.124812916
205735	2986	0.124812916
205735	4162	0.124812916
205735	5974	0.124812916
205735	2283	0.12481291
205735	3929	0.12481291
205765	6423	0.10902873
205765	2843	0.10902869
205765	1301	0.10902867
205765	2419	0.10855596
205765	222	0.10855593
205765	1648	0.10855593
205765	2529	0.10855593
205765	3585	0.10855593
205765	3672	0.10855593
205765	3837	0.10855593
205843	3971	0.1742508
205843	124	0.17425078
205843	832	0.17425078
205843	1194	0.17425078
205843	1869	0.17425078
205843	5886	0.17425078
205843	6123	0.17425078
205843	6912	0.17425078
205843	387	0.17425077
205843	597	0.17425077
205878	4103	0.12357029
205878	1621	0.123570286
205878	1848	0.123570286
205878	5731	0.123570286
205878	6279	0.12357028
205878	1258	0.12357027
205878	3143	0.12357027
205878	3610	0.12357027
205878	3657	0.12357027
205878	4703	0.12357027
205919	2122	0.12571684
205919	3008	0.1257168
205919	1440	0.12571678
205919	2161	0.12571675
205919	1937	0.12531789
205919	152	0.12531787
205919	869	0.12531787
205919	1457	0.12531787
205919	1598	0.12531787
205919	1679	0.12531787
205943	2138	0.12027073
205943	3971	0.12027073
205943	3616	0.12027072
205943	124	0.120270714
205943	387	0.120270714
205943	890	0.120270714
205943	997	0.120270714
205943	1869	0.120270714
205943	3559	0.120270714
205943	4076	0.120270714
205963	152	0.10673191
205963	1679	0.10673191
205963	1892	0.10673191
205963	869	0.1067319
205963	1937	0.1067319
205963	1957	0.10673189
205963	2989	0.10673189
205963	4233	0.10673189
205963	5286	0.10673189
205963	6080	0.10673189
205967	5731	0.12088335
205967	4103	0.120883346
205967	2014	0.12088333
205967	1621	0.12088332
205967	1848	0.12088332
205967	3657	0.12088332
205967	398	0.120883316
205967	2209	0.120883316
205967	2450	0.120883316
205967	3143	0.120883316
205979	3799	0.114369735
205979	467	0.11436972
205979	2501	0.11436972
205979	2821	0.11436972
205979	4808	0.11436972
205979	6244	0.11436972
205979	4471	0.11436971
205979	4843	0.11436971
205979	3384	0.114369705
205979	3426	0.114369705
205980	425	0.11405056
205980	4032	0.114050485
205980	91	0.11405048
205980	1524	0.11405048
205980	5304	0.11405048
205980	5355	0.11405048
205980	5859	0.11405048
205980	1185	0.11405046
205980	3776	0.11405046
205980	4469	0.11405046
205992	3971	0.10237695
205992	2138	0.102376945
205992	387	0.10237694
205992	890	0.10237694
205992	2364	0.10237694
205992	5716	0.10237694
205992	6123	0.10237694
205992	6915	0.10237694
205992	41	0.10237693
205992	597	0.10237693
206016	3853	0.14263405
206016	533	0.14263403
206016	624	0.14263403
206016	3866	0.14263403
206016	3980	0.14263403
206016	4595	0.14263403
206016	4718	0.14263403
206016	4727	0.14263403
206016	5454	0.14263403
206016	5511	0.14263403
206058	2014	0.08069995
206058	2209	0.08069995
206058	4103	0.08069995
206058	4703	0.08069995
206058	5731	0.08069995
206058	6279	0.08069995
206058	605	0.08069994
206058	1621	0.08069994
206058	1848	0.08069994
206058	3143	0.08069994
206074	328	0.15648541
206074	387	0.15648541
206074	478	0.15648541
206074	832	0.15648541
206074	842	0.15648541
206074	890	0.15648541
206074	1340	0.15648541
206074	1415	0.15648541
206074	1856	0.15648541
206074	1869	0.15648541
206107	6082	0.103100955
206107	2975	0.10310094
206107	2910	0.103100926
206107	6109	0.10187507
206107	6674	0.10187507
206107	1806	0.10187506
206107	533	0.10187505
206107	3112	0.10187505
206107	3210	0.10187505
206107	3418	0.10187505
206109	511	0.10532327
206109	4557	0.10532327
206109	1092	0.10532326
206109	3526	0.10532326
206109	5288	0.10532326
206109	5998	0.10532326
206109	2779	0.105323255
206109	5078	0.105323255
206109	6364	0.105323255
206109	6593	0.105323255
206202	4595	0.15045479
206202	5115	0.15045479
206202	533	0.15045477
206202	2220	0.15045477
206202	3418	0.15045477
206202	3493	0.15045477
206202	3866	0.15045477
206202	6310	0.15045477
206202	528	0.15045476
206202	846	0.15045476
206219	387	0.14619508
206219	890	0.14619508
206219	1869	0.14619508
206219	2138	0.14619508
206219	3452	0.14619508
206219	3616	0.14619508
206219	3971	0.14619508
206219	4076	0.14619508
206219	5031	0.14619508
206219	5886	0.14619508
206249	3417	0.13652661
206249	6705	0.13652661
206249	1697	0.1365266
206249	286	0.13652658
206249	3473	0.13652658
206249	6742	0.13652658
206249	1968	0.13652657
206249	5284	0.13652657
206249	2419	0.13591789
206249	4472	0.13591789
206305	5637	0.14322056
206305	565	0.14153479
206305	3425	0.14153478
206305	4252	0.14153476
206305	4899	0.14153476
206305	6025	0.14153476
206305	993	0.14153475
206305	1918	0.14153475
206305	2581	0.14153475
206305	2907	0.14153475
206393	3799	0.115141146
206393	467	0.11514114
206393	3384	0.11514114
206393	6244	0.11514114
206393	2501	0.11514113
206393	4338	0.11514113
206393	395	0.11514112
206393	2821	0.11514112
206393	3430	0.11514112
206393	6322	0.11514112
206423	6215	0.10523157
206423	1863	0.10523155
206423	3936	0.105231546
206423	5307	0.10523154
206423	5496	0.10523154
206423	5495	0.1046067
206423	1892	0.103383124
206423	1937	0.103383124
206423	3216	0.10338312
206423	4233	0.10338312
206438	1869	0.11817292
206438	215	0.118172914
206438	5031	0.118172914
206438	49	0.11817291
206438	4323	0.11817291
206438	387	0.1181729
206438	579	0.1181729
206438	1146	0.1181729
206438	1315	0.1181729
206438	1888	0.1181729
206534	1869	0.11636748
206534	3971	0.11636748
206534	775	0.116367474
206534	997	0.116367474
206534	2103	0.116367474
206534	2138	0.116367474
206534	5218	0.116367474
206534	5886	0.116367474
206534	6123	0.116367474
206534	6507	0.116367474
206563	5031	0.100280106
206563	1869	0.1002801
206563	3616	0.1002801
206563	4076	0.1002801
206563	5886	0.1002801
206563	41	0.10028009
206563	842	0.10028009
206563	890	0.10028009
206563	997	0.10028009
206563	1415	0.10028009
206567	111	0.16638699
206567	1793	0.16638696
206567	5890	0.16638696
206567	1537	0.16638695
206567	4692	0.16638695
206567	5695	0.16638695
206567	2099	0.16638693
206567	3198	0.16638693
206567	4721	0.16638693
206567	4729	0.16638693
206675	2130	0.13145688
206675	2596	0.13145688
206675	6263	0.13145688
206675	1037	0.13145685
206675	4999	0.1311915
206675	2747	0.13119149
206675	6680	0.13081537
206675	2933	0.13081536
206675	3378	0.13081536
206675	5472	0.13081536
206691	4838	0.09309022
206691	548	0.09309019
206691	6003	0.09309019
206691	6294	0.09309019
206691	6402	0.093090184
206691	6484	0.093090184
206691	1427	0.09309018
206691	6678	0.09309018
206691	963	0.09309017
206691	522	0.09309016
206764	3866	0.1052718
206764	1806	0.105271794
206764	2220	0.10527179
206764	2304	0.10527179
206764	3112	0.10527179
206764	3418	0.10527179
206764	5454	0.10527179
206764	6643	0.10527179
206764	6674	0.10527179
206764	6768	0.10527179
206775	5309	0.101048365
206775	5619	0.101048365
206775	3902	0.10104836
206775	848	0.10104835
206775	3403	0.10104835
206775	3797	0.10104835
206775	1678	0.10104834
206775	3601	0.10104834
206775	1267	0.101048335
206775	2768	0.101048335
206877	1869	0.09926154
206877	3971	0.09926154
206877	5886	0.09926154
206877	6123	0.09926154
206877	387	0.09926153
206877	997	0.09926153
206877	1194	0.09926153
206877	3616	0.09926153
206877	49	0.09926152
206877	478	0.09926152
206891	3971	0.11599277
206891	478	0.11599276
206891	5031	0.11599276
206891	5886	0.11599276
206891	6123	0.11599276
206891	6912	0.11599276
206891	387	0.115992755
206891	645	0.115992755
206891	922	0.115992755
206891	997	0.115992755
206944	2220	0.13624077
206944	4595	0.13624077
206944	5511	0.13624077
206944	6674	0.13624077
206944	78	0.13624075
206944	1324	0.13624075
206944	3418	0.13624075
206944	3630	0.13624075
206944	3700	0.13624075
206944	3817	0.13624075
206959	489	0.11250967
206959	3510	0.11250967
206959	3658	0.11250967
206959	968	0.11250966
206959	1413	0.11250966
206959	1902	0.11250966
206959	2382	0.11250966
206959	3694	0.11250966
206959	4211	0.11250966
206959	4817	0.11250966
207134	890	0.12079387
207134	1869	0.12079387
207134	2138	0.12079387
207134	3971	0.12079387
207134	4076	0.12079387
207134	5218	0.12079387
207134	5886	0.12079387
207134	41	0.120793864
207134	478	0.120793864
207134	579	0.120793864
207148	1869	0.12230568
207148	124	0.12230567
207148	2728	0.12230567
207148	3971	0.12230567
207148	41	0.12230566
207148	215	0.12230566
207148	387	0.12230566
207148	890	0.12230566
207148	1146	0.12230566
207148	3616	0.12230566
207246	3971	0.1311615
207246	997	0.13116148
207246	1194	0.13116148
207246	1869	0.13116148
207246	2138	0.13116148
207246	2364	0.13116148
207246	3616	0.13116148
207246	6123	0.13116148
207246	49	0.13116147
207246	387	0.13116147
207259	4460	0.1324
207259	2045	0.13239999
207259	331	0.13239998
207259	2840	0.13239998
207259	1531	0.13239995
207259	1692	0.13239995
207259	2583	0.13239995
207259	3971	0.13112184
207259	1869	0.13112183
207259	2138	0.13112183
207275	5886	0.11565917
207275	387	0.11565916
207275	478	0.11565916
207275	2552	0.11565916
207275	3971	0.11565916
207275	5031	0.11565916
207275	6123	0.11565916
207275	997	0.115659155
207275	1194	0.115659155
207275	1869	0.115659155
207291	1869	0.09223516
207291	890	0.092235155
207291	1856	0.092235155
207291	2121	0.092235155
207291	2138	0.092235155
207291	3559	0.092235155
207291	5031	0.092235155
207291	215	0.09223515
207291	376	0.09223515
207291	387	0.09223515
207339	626	0.14051205
207339	1610	0.14051205
207339	4143	0.14051205
207339	4387	0.14051205
207339	4482	0.14051205
207339	5974	0.14051205
207339	3929	0.14051203
207339	990	0.14051202
207339	1814	0.14051202
207339	2083	0.14051202
207341	5031	0.11895998
207341	5886	0.11895997
207341	478	0.11895996
207341	890	0.11895996
207341	3750	0.11895996
207341	3971	0.11895996
207341	328	0.118959956
207341	914	0.118959956
207341	1146	0.118959956
207341	1869	0.118959956
207349	6437	0.16913645
207349	5296	0.16913642
207349	808	0.1684928
207349	631	0.16849278
207349	965	0.16849276
207349	1477	0.16849276
207349	5579	0.16849276
207349	1485	0.16849275
207349	3268	0.16849273
207349	2505	0.16849272
207350	5031	0.08428256
207350	890	0.084282555
207350	24	0.08428255
207350	997	0.08428255
207350	2138	0.08428255
207350	2356	0.08428255
207350	2364	0.08428255
207350	3559	0.08428255
207350	3616	0.08428255
207350	3971	0.08428255
207385	471	0.12669575
207385	1285	0.12669575
207385	2675	0.12669575
207385	3018	0.12669575
207385	3491	0.12669575
207385	3937	0.12669575
207385	5310	0.12669575
207385	5703	0.12669575
207385	6418	0.12669575
207385	6608	0.12669575
207450	6674	0.12079198
207450	3418	0.12079197
207450	3830	0.12079197
207450	4595	0.12079197
207450	6643	0.12079197
207450	6768	0.12079197
207450	3112	0.120791964
207450	3493	0.120791964
207450	3700	0.120791964
207450	3853	0.120791964
207494	5886	0.13371974
207494	890	0.13371973
207494	1146	0.13371973
207494	3971	0.13371973
207494	5218	0.13371973
207494	6123	0.13371973
207494	24	0.13371971
207494	41	0.13371971
207494	49	0.13371971
207494	180	0.13371971
207499	6909	0.13001446
207499	80	0.13001445
207499	3868	0.13001445
207499	4813	0.13001445
207499	4984	0.13001445
207499	2647	0.13001443
207499	3644	0.13001443
207499	5106	0.13001443
207499	821	0.13001442
207499	1487	0.13001442
207563	4103	0.10663004
207563	5731	0.10663004
207563	1621	0.10663003
207563	1632	0.10663003
207563	4149	0.10663003
207563	6149	0.10663003
207563	6279	0.10663003
207563	1848	0.10663002
207563	2014	0.10663002
207563	2209	0.10663002
207616	3750	0.15568526
207616	3971	0.15568526
207616	5886	0.15568526
207616	269	0.15568525
207616	328	0.15568525
207616	387	0.15568525
207616	478	0.15568525
207616	860	0.15568525
207616	890	0.15568525
207616	901	0.15568525
207686	2138	0.089937255
207686	387	0.08993724
207686	890	0.08993724
207686	997	0.08993724
207686	1856	0.08993724
207686	3559	0.08993724
207686	3971	0.08993724
207686	4603	0.08993724
207686	6123	0.08993724
207686	41	0.08993723
207782	5033	0.103481635
207782	520	0.10348162
207782	5653	0.10348162
207782	6810	0.10348162
207782	6147	0.10348161
207782	49	0.100203164
207782	5886	0.100203164
207782	124	0.10020316
207782	387	0.10020316
207782	645	0.10020316
207825	890	0.112771854
207825	3059	0.112771854
207825	3971	0.112771854
207825	4076	0.112771854
207825	6123	0.112771854
207825	2364	0.11277185
207825	5886	0.11277185
207825	6915	0.11277185
207825	49	0.11277184
207825	387	0.11277184
207835	489	0.14649189
207835	3560	0.14649189
207835	4796	0.14649189
207835	4885	0.14649189
207835	5785	0.14649189
207835	1363	0.14649187
207835	2360	0.14649187
207835	2382	0.14649187
207835	3434	0.14649187
207835	3510	0.14649187
207860	3971	0.12053512
207860	387	0.120535105
207860	922	0.120535105
207860	2138	0.120535105
207860	5886	0.120535105
207860	6123	0.120535105
207860	6912	0.120535105
207860	4076	0.1205351
207860	41	0.12053509
207860	124	0.12053509
207924	3971	0.10678263
207924	387	0.106782615
207924	890	0.106782615
207924	1869	0.106782615
207924	2121	0.106782615
207924	2138	0.106782615
207924	3616	0.106782615
207924	5031	0.106782615
207924	5886	0.106782615
207924	5896	0.106782615
207965	49	0.121749744
207965	124	0.121749744
207965	387	0.121749744
207965	1869	0.121749744
207965	2364	0.121749744
207965	514	0.12174974
207965	922	0.12174974
207965	3616	0.12174974
207965	3971	0.12174974
207965	4076	0.12174974
207971	4257	0.06288435
207971	3597	0.062852494
207971	660	0.06285249
207971	1423	0.06285249
207971	3179	0.06285249
207971	6630	0.06151442
207971	3938	0.061514415
207971	6591	0.061514407
207971	6690	0.061514404
207971	1978	0.0615144
208019	5886	0.103607886
208019	6123	0.103607886
208019	890	0.10360788
208019	997	0.10360788
208019	1146	0.10360788
208019	1869	0.10360788
208019	3971	0.10360788
208019	6507	0.10360788
208019	775	0.10360787
208019	2646	0.10360787
208058	364	0.104561865
208058	1826	0.104561865
208058	3435	0.104561865
208058	5430	0.104561865
208058	2636	0.10456186
208058	2780	0.10456186
208058	5584	0.10456186
208058	3824	0.10456185
208058	2606	0.104561836
208058	2879	0.104561836
208077	997	0.1164929
208077	1869	0.1164929
208077	2646	0.11649289
208077	3971	0.11649289
208077	5031	0.11649289
208077	5896	0.11649289
208077	6123	0.11649289
208077	6912	0.11649289
208077	41	0.11649288
208077	266	0.11649288
208095	997	0.09622933
208095	1869	0.09622933
208095	2138	0.09622933
208095	3452	0.09622933
208095	3971	0.09622933
208095	4076	0.09622933
208095	4323	0.09622933
208095	6123	0.09622933
208095	6915	0.09622933
208095	890	0.09622932
208112	387	0.09988675
208112	890	0.099886745
208112	997	0.099886745
208112	2121	0.099886745
208112	2125	0.099886745
208112	5031	0.099886745
208112	5381	0.099886745
208112	6123	0.099886745
208112	41	0.09988674
208112	266	0.09988674
208141	1869	0.102871515
208141	2728	0.1028715
208141	3616	0.1028715
208141	5031	0.1028715
208141	579	0.10287149
208141	842	0.10287149
208141	890	0.10287149
208141	997	0.10287149
208141	1058	0.10287149
208141	1340	0.10287149
208147	3971	0.13651377
208147	5031	0.13651375
208147	5886	0.13651375
208147	6912	0.13651375
208147	124	0.13651374
208147	387	0.13651374
208147	597	0.13651374
208147	645	0.13651374
208147	832	0.13651374
208147	842	0.13651374
208236	3971	0.09818229
208236	6123	0.09818228
208236	6915	0.09818228
208236	49	0.098182276
208236	642	0.098182276
208236	890	0.098182276
208236	1340	0.098182276
208236	1403	0.098182276
208236	1455	0.098182276
208236	1869	0.098182276
208251	4387	0.11898944
208251	1610	0.11898943
208251	3929	0.11898943
208251	2986	0.11898942
208251	5974	0.11898942
208251	626	0.118989415
208251	497	0.11898941
208251	1733	0.11898941
208251	3819	0.11898941
208251	4181	0.11898941
208302	5886	0.11195916
208302	387	0.11195915
208302	478	0.111959144
208302	890	0.111959144
208302	1869	0.111959144
208302	3971	0.111959144
208302	5031	0.111959144
208302	6123	0.111959144
208302	49	0.11195914
208302	215	0.11195914
208367	387	0.11274689
208367	1869	0.11274689
208367	3971	0.11274689
208367	890	0.11274688
208367	997	0.11274688
208367	1340	0.11274688
208367	2121	0.11274688
208367	2138	0.11274688
208367	2806	0.11274688
208367	3616	0.11274688
208376	4103	0.12544806
208376	1621	0.12544805
208376	2320	0.12544805
208376	4703	0.12544805
208376	5176	0.12544805
208376	5731	0.12544805
208376	6279	0.12544805
208376	6465	0.12544805
208376	6670	0.12544805
208376	605	0.12544803
208378	890	0.09233381
208378	3971	0.09233381
208378	6123	0.09233381
208378	387	0.0923338
208378	1869	0.0923338
208378	5886	0.0923338
208378	49	0.09233379
208378	478	0.09233379
208378	579	0.09233379
208378	642	0.09233379
208382	890	0.14952667
208382	3971	0.14952667
208382	41	0.14952666
208382	124	0.14952666
208382	387	0.14952666
208382	922	0.14952666
208382	1146	0.14952666
208382	1856	0.14952666
208382	1869	0.14952666
208382	2728	0.14952666
208406	6032	0.15473281
208406	2701	0.1547328
208406	3380	0.1547328
208406	3563	0.1547328
208406	3654	0.1547328
208406	3815	0.1547328
208406	4756	0.1547328
208406	6284	0.1547328
208406	4957	0.15473278
208406	6120	0.15473278
208410	3937	0.114548646
208410	3018	0.11454864
208410	5703	0.11454863
208410	6418	0.11454863
208410	102	0.11454862
208410	471	0.11454862
208410	606	0.11454862
208410	1285	0.11454862
208410	3491	0.11454862
208410	4065	0.11454862
208415	478	0.1391744
208415	3971	0.1391744
208415	5886	0.1391744
208415	387	0.13917439
208415	775	0.13917439
208415	997	0.13917439
208415	1869	0.13917439
208415	3965	0.13917439
208415	4076	0.13917439
208415	5031	0.13917439
208451	5031	0.13394846
208451	215	0.13394845
208451	387	0.13394845
208451	597	0.13394845
208451	642	0.13394845
208451	890	0.13394845
208451	901	0.13394845
208451	997	0.13394845
208451	1058	0.13394845
208451	1340	0.13394845
208468	511	0.12751186
208468	1092	0.12751186
208468	3526	0.12751184
208468	4318	0.12751184
208468	4369	0.12751184
208468	4557	0.12751184
208468	4905	0.12751184
208468	5288	0.12751184
208468	5998	0.12751184
208468	6364	0.12751184
208555	364	0.1351147
208555	2636	0.1351147
208555	2780	0.1351147
208555	3435	0.1351147
208555	5584	0.1351147
208555	1826	0.13511468
208555	2879	0.13511468
208555	2606	0.13511467
208555	2788	0.13511467
208555	3824	0.13511467
208568	41	0.09483406
208568	387	0.09483406
208568	1869	0.09483406
208568	2121	0.09483406
208568	3616	0.09483406
208568	3971	0.09483406
208568	6912	0.09483406
208568	124	0.09483405
208568	642	0.09483405
208568	2728	0.09483405
208591	5031	0.09229136
208591	1869	0.092291355
208591	5886	0.092291355
208591	3971	0.09229135
208591	215	0.09229134
208591	387	0.09229134
208591	890	0.09229134
208591	997	0.09229134
208591	1340	0.09229134
208591	2103	0.09229134
208600	387	0.13402623
208600	890	0.13402623
208600	1869	0.13402623
208600	3616	0.13402623
208600	3971	0.13402623
208600	5031	0.13402623
208600	5886	0.13402623
208600	6123	0.13402623
208600	6515	0.13402623
208600	1146	0.13402621
208605	6313	0.11429397
208605	3437	0.11392159
208605	2314	0.11392157
208605	1975	0.11392156
208605	6311	0.11392156
208605	5007	0.11392155
208605	5148	0.11392155
208605	5757	0.11392154
208605	2874	0.11388084
208605	1476	0.113880835
208620	6674	0.11418603
208620	533	0.11418602
208620	3866	0.11418602
208620	6310	0.11418602
208620	2220	0.11418601
208620	3210	0.11418601
208620	4595	0.11418601
208620	4680	0.11418601
208620	4718	0.11418601
208620	5454	0.11418601
208645	4813	0.11768336
208645	4984	0.11768335
208645	3868	0.11768334
208645	6178	0.117683336
208645	3890	0.11768333
208645	4775	0.11768333
208645	6909	0.11768333
208645	2647	0.11768332
208645	3271	0.11768332
208645	3644	0.11768332
208668	3971	0.13237177
208668	1869	0.13237175
208668	6912	0.13237175
208668	124	0.13237174
208668	642	0.13237174
208668	997	0.13237174
208668	1194	0.13237174
208668	3616	0.13237174
208668	3965	0.13237174
208668	5886	0.13237174
208671	3560	0.11141512
208671	3694	0.111415096
208671	4885	0.111415096
208671	1902	0.11141509
208671	2382	0.11141509
208671	3110	0.11141509
208671	3115	0.11141509
208671	3427	0.11141509
208671	3510	0.11141509
208671	3658	0.11141509
208683	6265	0.11959754
208683	244	0.11959753
208683	4045	0.119597524
208683	632	0.11959752
208683	4599	0.11959752
208683	149	0.11959751
208683	582	0.11959751
208683	961	0.11959751
208683	2962	0.11959751
208683	3385	0.11959751
208700	1238	0.083591685
208700	5128	0.08359167
208700	5275	0.08359166
208700	1449	0.083591655
208700	4320	0.083591655
208700	5045	0.083591655
208700	5508	0.083591655
208700	5630	0.083591655
208700	4267	0.08359165
208700	4295	0.08359165
208788	2121	0.08624876
208788	41	0.086248755
208788	124	0.086248755
208788	890	0.086248755
208788	901	0.086248755
208788	1869	0.086248755
208788	2138	0.086248755
208788	2364	0.086248755
208788	2736	0.086248755
208788	3059	0.086248755
208815	387	0.1049346
208815	597	0.1049346
208815	997	0.1049346
208815	3971	0.1049346
208815	5886	0.1049346
208815	6123	0.1049346
208815	1058	0.104934596
208815	2138	0.104934596
208815	3059	0.104934596
208815	3616	0.104934596
208829	3313	0.118019715
208829	4689	0.11801971
208829	6420	0.1180197
208829	4456	0.11801969
208829	5788	0.11801969
208829	3178	0.11801968
208829	4776	0.11801964
208829	1087	0.11706436
208829	1613	0.11706434
208829	4342	0.11706434
208877	4533	0.074420944
208877	5415	0.07442092
208877	5053	0.07270527
208877	152	0.0725373
208877	4233	0.0725373
208877	1937	0.072537296
208877	5286	0.072537296
208877	869	0.07253729
208877	1457	0.07253729
208877	1598	0.07253729
208897	4052	0.09012109
208897	4282	0.090121076
208897	4312	0.09012106
208897	44	0.090121046
208897	1578	0.090121046
208897	5115	0.09010884
208897	1739	0.09010883
208897	2304	0.09010883
208897	3210	0.09010883
208897	3700	0.09010883
208907	686	0.09994555
208907	801	0.099945545
208907	1438	0.099945545
208907	2916	0.099945545
208907	4151	0.099945545
208907	5121	0.099945545
208907	6236	0.099945545
208907	349	0.09994554
208907	400	0.09994554
208907	2145	0.09994554
208936	387	0.13661498
208936	645	0.13661498
208936	890	0.13661498
208936	1869	0.13661498
208936	2138	0.13661498
208936	3616	0.13661498
208936	3971	0.13661498
208936	5031	0.13661498
208936	6912	0.13661498
208936	24	0.13661496
208960	5731	0.12514518
208960	1848	0.12514517
208960	2209	0.12514517
208960	4103	0.12514517
208960	6149	0.12514517
208960	6279	0.12514517
208960	1621	0.12514515
208960	3143	0.12514515
208960	3657	0.12514515
208960	3786	0.12514515
209059	3971	0.09677178
209059	2138	0.09677177
209059	5886	0.09677177
209059	387	0.09677176
209059	597	0.09677176
209059	890	0.09677176
209059	997	0.09677176
209059	1340	0.09677176
209059	1856	0.09677176
209059	1869	0.09677176
209147	2518	0.12390879
209147	4446	0.12390879
209147	2017	0.12390878
209147	4004	0.12390878
209147	6152	0.12390877
209147	6796	0.12390877
209147	6601	0.123908766
209147	759	0.12390876
209147	1958	0.12390876
209147	2128	0.12390876
209156	2419	0.09614976
209156	4938	0.09614975
209156	5290	0.09614975
209156	884	0.09614974
209156	1648	0.09614974
209156	2783	0.09614974
209156	3230	0.09614974
209156	3585	0.09614974
209156	3870	0.09614974
209156	4080	0.09614974
209160	4387	0.14426166
209160	626	0.14426163
209160	1610	0.14426163
209160	2986	0.14426163
209160	3172	0.14426163
209160	3929	0.14426163
209160	4143	0.14426163
209160	4482	0.14426163
209160	4489	0.14426163
209160	5974	0.14426163
209163	387	0.09356408
209163	478	0.09356408
209163	997	0.09356408
209163	2356	0.09356408
209163	5218	0.09356408
209163	5886	0.09356408
209163	6123	0.09356408
209163	645	0.09356407
209163	3971	0.09356407
209163	4076	0.09356407
209174	655	0.082297385
209174	2653	0.082297385
209174	3361	0.08229738
209174	4906	0.08229738
209174	5869	0.08229738
209174	6785	0.08229738
209174	106	0.08229737
209174	1349	0.08229737
209174	1350	0.08229737
209174	2207	0.08229737
209229	5886	0.117950015
209229	1869	0.11795001
209229	2138	0.11795
209229	3971	0.11795
209229	215	0.11794999
209229	387	0.11794999
209229	922	0.11794999
209229	997	0.11794999
209229	2728	0.11794999
209229	3099	0.11794999
209238	4533	0.0916305
209238	5415	0.091630474
209238	946	0.09019136
209238	1937	0.08977088
209238	152	0.089770876
209238	1892	0.089770876
209238	869	0.08977087
209238	1457	0.08977086
209238	4233	0.08977086
209238	6747	0.08977086
209265	756	0.114625454
209265	364	0.11234985
209265	5430	0.11234985
209265	2780	0.11234983
209265	2102	0.11234982
209265	2606	0.11234982
209265	2636	0.11234982
209265	3435	0.11234982
209265	3824	0.11234982
209265	5584	0.11234982
209373	890	0.09504023
209373	1869	0.09504023
209373	4323	0.09504023
209373	124	0.095040224
209373	514	0.095040224
209373	832	0.095040224
209373	1856	0.095040224
209373	2728	0.095040224
209373	5031	0.095040224
209373	5886	0.095040224
209458	6423	0.09589966
209458	2843	0.09589965
209458	1301	0.09589963
209458	2419	0.09477852
209458	3230	0.09477851
209458	4474	0.09477851
209458	4673	0.09477851
209458	222	0.0947785
209458	2529	0.0947785
209458	3870	0.0947785
209464	1869	0.117143676
209464	3971	0.117143676
209464	49	0.11714366
209464	5886	0.11714366
209464	6123	0.11714366
209464	1146	0.11714365
209464	4323	0.11714365
209464	4588	0.11714365
209464	4603	0.11714365
209464	4949	0.11714365
209486	848	0.11229059
209486	5619	0.11229059
209486	3403	0.11229058
209486	2768	0.11229056
209486	3601	0.11229056
209486	3797	0.11229056
209486	3902	0.11229056
209486	3970	0.11229056
209486	5309	0.11229056
209486	6653	0.112290554
209536	4906	0.11904978
209536	655	0.11904977
209536	2653	0.11904977
209536	5086	0.11904977
209536	5869	0.11904977
209536	6492	0.11904977
209536	248	0.119049765
209536	2207	0.119049765
209536	3361	0.119049765
209536	1349	0.11904976
209563	4241	0.104382046
209563	2363	0.10438204
209563	3029	0.10438204
209563	3112	0.10438204
209563	3830	0.10438204
209563	3853	0.10438204
209563	5511	0.10438204
209563	6643	0.10438204
209563	6674	0.10438204
209563	1745	0.10438203
209625	4806	0.0867434
209625	6139	0.08674339
209625	2737	0.086743385
209625	4299	0.086743385
209625	5691	0.086743385
209625	6318	0.086743385
209625	6433	0.086743385
209625	6530	0.086743385
209625	6762	0.086743385
209625	6897	0.086743385
209631	3971	0.11158782
209631	890	0.111587815
209631	832	0.11158781
209631	2138	0.11158781
209631	3452	0.11158781
209631	5218	0.11158781
209631	6123	0.11158781
209631	6912	0.11158781
209631	49	0.1115878
209631	478	0.1115878
209684	3971	0.10300839
209684	387	0.103008375
209684	1869	0.103008375
209684	2138	0.103008375
209684	890	0.10300837
209684	1415	0.10300837
209684	3452	0.10300837
209684	4076	0.10300837
209684	5031	0.10300837
209684	5886	0.10300837
209756	6435	0.11022295
209756	3991	0.11022294
209756	1218	0.110222936
209756	3321	0.110222936
209756	3447	0.11022291
209756	3469	0.110222906
209756	3982	0.110222906
209756	759	0.11012698
209756	3749	0.11012698
209756	4004	0.11012698
209765	4817	0.08938787
209765	3658	0.089387864
209765	3694	0.089387864
209765	854	0.08938786
209765	968	0.08938786
209765	2382	0.08938786
209765	4885	0.08938786
209765	489	0.08938785
209765	1170	0.08938785
209765	1363	0.08938785
209817	3971	0.12584761
209817	6123	0.12584761
209817	387	0.1258476
209817	890	0.1258476
209817	2138	0.1258476
209817	5218	0.1258476
209817	5886	0.1258476
209817	6507	0.1258476
209817	41	0.12584758
209817	49	0.12584758
209833	1424	0.06836179
209833	4002	0.06836178
209833	307	0.068361774
209833	1436	0.068361774
209833	2535	0.068361774
209833	4728	0.068361774
209833	6523	0.068361774
209833	2507	0.06836177
209833	761	0.06836176
209833	2689	0.06836176
209875	41	0.12519367
209875	478	0.12519367
209875	1146	0.12519367
209875	2138	0.12519367
209875	3059	0.12519367
209875	5031	0.12519367
209875	5886	0.12519367
209875	5896	0.12519367
209875	6912	0.12519367
209875	24	0.12519366
209974	2138	0.13820478
209974	5886	0.13820478
209974	890	0.13820477
209974	3971	0.13820477
209974	5031	0.13820477
209974	5896	0.13820477
209974	41	0.13820475
209974	124	0.13820475
209974	214	0.13820475
209974	216	0.13820475
209985	511	0.08706802
209985	6364	0.08706802
209985	6593	0.08706802
209985	1092	0.087068014
209985	617	0.08706801
209985	2643	0.08706801
209985	2785	0.08706801
209985	3526	0.08706801
209985	4341	0.08706801
209985	4557	0.08706801
210035	1610	0.107207865
210035	3929	0.107207865
210035	4387	0.107207865
210035	626	0.10720786
210035	2986	0.10720785
210035	3819	0.10720785
210035	4143	0.10720785
210035	4763	0.10720785
210035	5512	0.10720785
210035	6594	0.10720785
210077	1177	0.0916866
210077	1221	0.09168659
210077	3118	0.09168659
210077	4806	0.09168659
210077	6318	0.09168659
210077	6530	0.09168659
210077	6762	0.09168659
210077	2737	0.091686584
210077	5085	0.091686584
210077	6208	0.091686584
210097	533	0.12873644
210097	1745	0.12873644
210097	3418	0.12873644
210097	3493	0.12873644
210097	3636	0.12873644
210097	3795	0.12873644
210097	3830	0.12873644
210097	3853	0.12873644
210097	3866	0.12873644
210097	4563	0.12873644
210168	5886	0.096180215
210168	890	0.09618021
210168	387	0.0961802
210168	922	0.0961802
210168	1189	0.0961802
210168	2339	0.0961802
210168	2364	0.0961802
210168	3559	0.0961802
210168	3616	0.0961802
210168	3971	0.0961802
210174	1567	0.09745279
210174	4906	0.09745279
210174	5869	0.09745279
210174	5086	0.09745278
210174	135	0.097452775
210174	248	0.097452775
210174	655	0.097452775
210174	711	0.097452775
210174	1350	0.097452775
210174	2080	0.097452775
210261	152	0.09709603
210261	1598	0.097096026
210261	1892	0.097096026
210261	1937	0.09709602
210261	6747	0.09709602
210261	869	0.09709601
210261	1457	0.09709601
210261	1679	0.09709601
210261	3216	0.09709601
210261	4233	0.09709601
210315	5454	0.12491966
210315	3853	0.124919645
210315	3866	0.124919645
210315	4727	0.124919645
210315	5115	0.124919645
210315	533	0.12491964
210315	3493	0.12491964
210315	4241	0.12491964
210315	5312	0.12491964
210315	5511	0.12491964
210317	1869	0.1097129
210317	3971	0.10971289
210317	6123	0.10971289
210317	49	0.109712884
210317	514	0.109712884
210317	2364	0.109712884
210317	2846	0.109712884
210317	3305	0.109712884
210317	3616	0.109712884
210317	5886	0.109712884
210481	1848	0.099368475
210481	4103	0.09936847
210481	5176	0.09936847
210481	5731	0.09936847
210481	1621	0.09936846
210481	6084	0.09936846
210481	6465	0.09936846
210481	920	0.09936845
210481	1258	0.09936845
210481	1280	0.09936845
210485	2518	0.12801126
210485	4446	0.12801126
210485	2017	0.12801124
210485	6796	0.12801124
210485	30	0.12801123
210485	107	0.12801123
210485	1012	0.12801123
210485	1362	0.12801123
210485	1958	0.12801123
210485	2128	0.12801123
210493	5914	0.081174
210493	4740	0.081173986
210493	6312	0.081173986
210493	6396	0.081173986
210493	3677	0.08117398
210493	4144	0.08117398
210493	4431	0.08117398
210493	5599	0.08117398
210493	797	0.08117397
210493	1024	0.08117397
210573	41	0.1250805
210573	387	0.1250805
210573	890	0.1250805
210573	997	0.1250805
210573	1146	0.1250805
210573	4076	0.1250805
210573	5886	0.1250805
210573	6123	0.1250805
210573	6912	0.1250805
210573	478	0.12508048
210587	5914	0.18527555
210587	4740	0.18527554
210587	4431	0.18527552
210587	4738	0.18527552
210587	5534	0.18527552
210587	6396	0.18527552
210587	1155	0.18527551
210587	1163	0.18527551
210587	6312	0.18527551
210587	1024	0.1852755
210597	6278	0.10532051
210597	3105	0.10532046
210597	2419	0.10524991
210597	222	0.1052499
210597	884	0.1052499
210597	3870	0.1052499
210597	4673	0.1052499
210597	4938	0.1052499
210597	5041	0.1052499
210597	6231	0.1052499
210599	3893	0.0937244
210599	3013	0.093724385
210599	5055	0.093724385
210599	2027	0.09372437
210599	626	0.091279425
210599	1610	0.091279425
210599	2986	0.091279425
210599	990	0.09127942
210599	3819	0.09127942
210599	3929	0.09127942
210627	1869	0.10228783
210627	6123	0.10228783
210627	3971	0.10228782
210627	5886	0.10228782
210627	49	0.102287814
210627	478	0.102287814
210627	890	0.102287814
210627	997	0.102287814
210627	1856	0.102287814
210627	2138	0.102287814
210685	2227	0.10304119
210685	2382	0.10304119
210685	3560	0.10304119
210685	1413	0.10304118
210685	1902	0.10304118
210685	3510	0.10304118
210685	3694	0.10304118
210685	4885	0.10304118
210685	854	0.10304117
210685	968	0.10304117
210717	139	0.06781569
210717	1719	0.06781569
210717	2470	0.067815684
210717	4503	0.067815684
210717	5388	0.067815684
210717	4972	0.06781568
210717	5744	0.06781568
210717	3602	0.06781567
210717	4516	0.06781567
210717	6564	0.06781566
210738	533	0.0984246
210738	2220	0.0984246
210738	3493	0.0984246
210738	3853	0.0984246
210738	3866	0.0984246
210738	4595	0.0984246
210738	3980	0.09842459
210738	4241	0.09842459
210738	5511	0.09842459
210738	5730	0.09842459
210791	387	0.10564242
210791	997	0.105642416
210791	1869	0.105642416
210791	3971	0.105642416
210791	5886	0.105642416
210791	41	0.10564241
210791	124	0.10564241
210791	215	0.10564241
210791	901	0.10564241
210791	1058	0.10564241
210822	4813	0.12243059
210822	3868	0.122430585
210822	80	0.12243058
210822	4984	0.12243058
210822	2647	0.12243057
210822	3644	0.12243057
210822	4775	0.122430556
210822	5106	0.122430556
210822	6909	0.122430556
210822	4034	0.12243055
210874	2419	0.14166093
210874	3870	0.14166091
210874	4472	0.14166091
210874	4938	0.14166091
210874	5539	0.14166091
210874	6834	0.14166091
210874	222	0.1416609
210874	247	0.1416609
210874	884	0.1416609
210874	900	0.1416609
210921	2419	0.08099383
210921	4673	0.08099382
210921	247	0.080993816
210921	792	0.080993816
210921	884	0.080993816
210921	1648	0.080993816
210921	2783	0.080993816
210921	3230	0.080993816
210921	3283	0.080993816
210921	3443	0.080993816
210923	387	0.10489775
210923	890	0.10489775
210923	1869	0.10489775
210923	3971	0.10489775
210923	5886	0.10489775
210923	6123	0.10489775
210923	41	0.10489774
210923	49	0.10489774
210923	124	0.10489774
210923	478	0.10489774
210959	962	0.10822323
210959	231	0.10776076
210959	1723	0.10776074
210959	4176	0.10776074
210959	4068	0.107760735
210959	1022	0.10776073
210959	1619	0.10776073
210959	4000	0.10776073
210959	6840	0.10776073
210959	3072	0.10776072
211041	2885	0.112114854
211041	1567	0.1115949
211041	5335	0.11159489
211041	5422	0.11159489
211041	2653	0.111594886
211041	2844	0.111594886
211041	4868	0.111594886
211041	4906	0.111594886
211041	5086	0.111594886
211041	5869	0.111594886
211098	2419	0.114255756
211098	3283	0.114255756
211098	4673	0.114255756
211098	884	0.11425575
211098	3585	0.11425575
211098	4080	0.11425575
211098	4452	0.11425575
211098	247	0.11425574
211098	1648	0.11425574
211098	2783	0.11425574
211137	4595	0.08178604
211137	6643	0.08178604
211137	3853	0.08178603
211137	6674	0.08178603
211137	533	0.08178602
211137	813	0.08178602
211137	846	0.08178602
211137	1025	0.08178602
211137	1324	0.08178602
211137	2304	0.08178602
211152	2419	0.08709252
211152	3870	0.08709252
211152	4673	0.08709252
211152	884	0.08709251
211152	3606	0.08709251
211152	4080	0.08709251
211152	4938	0.08709251
211152	247	0.087092504
211152	792	0.087092504
211152	1648	0.087092504
211176	3616	0.12413365
211176	3971	0.12413365
211176	5031	0.12413365
211176	5716	0.12413365
211176	6912	0.12413365
211176	1869	0.12413364
211176	2138	0.12413364
211176	6123	0.12413364
211176	41	0.12413363
211176	387	0.12413363
211231	3560	0.11463245
211231	4885	0.11463244
211231	489	0.114632435
211231	3427	0.114632435
211231	4796	0.114632435
211231	854	0.11463243
211231	1080	0.11463243
211231	1902	0.11463243
211231	2382	0.11463243
211231	2774	0.11463243
211288	3971	0.09916687
211288	41	0.099166855
211288	890	0.099166855
211288	2138	0.099166855
211288	6912	0.099166855
211288	387	0.09916685
211288	922	0.09916685
211288	5886	0.09916685
211288	6123	0.09916685
211288	24	0.09916684
211303	387	0.080992535
211303	3971	0.080992535
211303	5218	0.080992535
211303	6123	0.080992535
211303	922	0.08099253
211303	1869	0.08099253
211303	2138	0.08099253
211303	3059	0.08099253
211303	5886	0.08099253
211303	49	0.08099252
211344	3971	0.11268148
211344	5031	0.11268148
211344	1869	0.11268147
211344	3616	0.11268146
211344	24	0.112681456
211344	645	0.112681456
211344	1340	0.112681456
211344	2138	0.112681456
211344	3452	0.112681456
211344	3965	0.112681456
211351	1869	0.12550542
211351	3971	0.12550542
211351	4076	0.12550542
211351	5886	0.12550542
211351	6123	0.12550542
211351	49	0.1255054
211351	387	0.1255054
211351	478	0.1255054
211351	775	0.1255054
211351	890	0.1255054
211360	2885	0.08557615
211360	2653	0.084894806
211360	4493	0.084894806
211360	1567	0.0848948
211360	4906	0.0848948
211360	6492	0.0848948
211360	248	0.08489479
211360	655	0.08489479
211360	1349	0.08489479
211360	1350	0.08489479
211426	4176	0.15848081
211426	231	0.1584808
211426	1022	0.1584808
211426	1619	0.1584808
211426	4000	0.1584808
211426	5129	0.1584808
211426	5197	0.1584808
211426	6216	0.1584808
211426	6840	0.1584808
211426	2402	0.15848078
211430	5610	0.09517589
211430	5203	0.093062
211430	4976	0.09306199
211430	3344	0.092429444
211430	2853	0.09188765
211430	3716	0.09188764
211430	6029	0.09188758
211430	511	0.09153959
211430	1092	0.09153959
211430	1644	0.09153959
211500	827	0.09006742
211500	5476	0.09006742
211500	3646	0.09006741
211500	4771	0.0900674
211500	508	0.090067394
211500	3468	0.090067394
211500	518	0.09006739
211500	596	0.09006739
211500	1685	0.09006738
211500	489	0.08973779
211770	1869	0.114003085
211770	387	0.11400308
211770	478	0.11400308
211770	2138	0.11400308
211770	3971	0.11400308
211770	41	0.11400307
211770	890	0.11400307
211770	997	0.11400307
211770	5886	0.11400307
211770	6123	0.11400307
211919	5731	0.1097755
211919	1848	0.10977548
211919	4103	0.10977548
211919	6149	0.10977548
211919	6465	0.10977548
211919	2450	0.109775476
211919	398	0.10977547
211919	920	0.10977547
211919	1225	0.10977547
211919	1621	0.10977547
211937	5731	0.083321296
211937	4103	0.08332129
211937	1621	0.08332128
211937	6279	0.08332128
211937	1388	0.08332127
211937	1848	0.08332127
211937	2209	0.08332127
211937	3143	0.08332127
211937	3610	0.08332127
211937	3657	0.08332127
211944	6265	0.08580138
211944	244	0.08580137
211944	149	0.08580135
211944	632	0.08580135
211944	2962	0.08580135
211944	3385	0.08580135
211944	4045	0.08580135
211944	4599	0.08580135
211944	3548	0.08580134
211944	4082	0.08580134
211961	2122	0.11270946
211961	1440	0.11270945
211961	3008	0.112709425
211961	2161	0.11270939
211961	2747	0.112376645
211961	4999	0.112376645
211961	6651	0.11074765
211961	188	0.11074759
211961	5154	0.11074758
211961	4103	0.1107214
212088	387	0.0874773
212088	1869	0.0874773
212088	2138	0.0874773
212088	3971	0.0874773
212088	6123	0.0874773
212088	890	0.08747729
212088	2121	0.08747729
212088	3616	0.08747729
212088	4076	0.08747729
212088	5886	0.08747729
212109	3853	0.08211808
212109	4595	0.08211808
212109	5454	0.08211808
212109	3493	0.08211807
212109	3830	0.08211807
212109	3866	0.08211807
212109	4727	0.08211807
212109	5312	0.08211807
212109	6643	0.08211807
212109	533	0.082118064
212130	3971	0.124358565
212130	2138	0.12435856
212130	387	0.12435855
212130	4076	0.12435855
212130	6123	0.12435855
212130	6912	0.12435855
212130	1869	0.12435854
212130	5886	0.12435854
212130	41	0.124358535
212130	597	0.124358535
212142	6123	0.17441441
212142	6912	0.17441441
212142	41	0.1744144
212142	597	0.1744144
212142	642	0.1744144
212142	890	0.1744144
212142	997	0.1744144
212142	1146	0.1744144
212142	1393	0.1744144
212142	1856	0.1744144
212252	387	0.11157244
212252	1869	0.11157244
212252	3971	0.11157244
212252	5886	0.11157244
212252	215	0.11157243
212252	597	0.11157243
212252	890	0.11157243
212252	914	0.11157243
212252	2757	0.11157243
212252	5031	0.11157243
212260	690	0.11092239
212260	3974	0.11092238
212260	3971	0.109399244
212260	1869	0.10939924
212260	5218	0.10939924
212260	1862	0.10939923
212260	2138	0.10939923
212260	4390	0.10939923
212260	5886	0.10939923
212260	6123	0.10939923
212328	231	0.141444
212328	4176	0.141444
212328	5197	0.14144398
212328	668	0.14144397
212328	1022	0.14144397
212328	1619	0.14144397
212328	2302	0.14144397
212328	2409	0.14144397
212328	2950	0.14144397
212328	2956	0.14144397
212385	890	0.14564519
212385	1869	0.14564519
212385	2728	0.14564519
212385	3971	0.14564519
212385	5031	0.14564519
212385	41	0.14564517
212385	124	0.14564517
212385	376	0.14564517
212385	387	0.14564517
212385	579	0.14564517
212411	5904	0.084792174
212411	191	0.08479217
212411	2022	0.08479217
212411	4671	0.08479217
212411	6075	0.08479217
212411	2971	0.08479216
212411	3121	0.08479216
212411	6352	0.08479216
212411	551	0.08479215
212411	667	0.08479215
212427	6123	0.10615413
212427	2138	0.10615412
212427	5886	0.10615412
212427	269	0.106154114
212427	387	0.106154114
212427	478	0.106154114
212427	597	0.106154114
212427	890	0.106154114
212427	986	0.106154114
212427	997	0.106154114
212439	49	0.14657614
212439	2121	0.14657614
212439	5031	0.14657614
212439	124	0.14657612
212439	387	0.14657612
212439	1415	0.14657612
212439	1869	0.14657612
212439	2736	0.14657612
212439	3971	0.14657612
212439	6123	0.14657612
212467	2419	0.12548882
212467	3870	0.12548882
212467	6566	0.12548882
212467	884	0.1254888
212467	3837	0.1254888
212467	222	0.12548879
212467	247	0.12548879
212467	792	0.12548879
212467	900	0.12548879
212467	1547	0.12548879
212568	5827	0.12496519
212568	3580	0.12496516
212568	14	0.124965146
212568	6547	0.12496513
212568	6182	0.124965124
212568	5479	0.122645155
212568	884	0.12208226
212568	2783	0.12208226
212568	3283	0.12208226
212568	3870	0.12208226
212628	511	0.11171207
212628	6364	0.11171206
212628	1092	0.11171205
212628	4557	0.11171205
212628	5288	0.11171205
212628	6593	0.11171205
212628	6880	0.11171205
212628	617	0.111712046
212628	65	0.11171204
212628	2785	0.11171204
212631	890	0.121623546
212631	3971	0.121623546
212631	5886	0.121623546
212631	387	0.12162354
212631	997	0.12162354
212631	6123	0.12162354
212631	6912	0.12162354
212631	478	0.12162353
212631	922	0.12162353
212631	1146	0.12162353
212697	997	0.0918214
212697	1869	0.0918214
212697	2138	0.0918214
212697	3616	0.0918214
212697	3971	0.0918214
212697	5031	0.0918214
212697	5886	0.0918214
212697	6123	0.0918214
212697	6912	0.0918214
212697	597	0.091821395
212719	6123	0.092711166
212719	387	0.09271116
212719	3971	0.09271116
212719	49	0.09271115
212719	742	0.09271115
212719	890	0.09271115
212719	922	0.09271115
212719	997	0.09271115
212719	1094	0.09271115
212719	1146	0.09271115
212797	890	0.15511185
212797	1869	0.15511185
212797	3971	0.15511185
212797	5716	0.15511185
212797	6123	0.15511185
212797	387	0.15511183
212797	579	0.15511183
212797	1146	0.15511183
212797	2121	0.15511183
212797	5031	0.15511183
212849	3666	0.13895893
212849	1958	0.1387501
212849	2518	0.1387501
212849	4446	0.1387501
212849	2128	0.13875009
212849	4004	0.13875009
212849	5427	0.13875009
212849	6601	0.13875009
212849	6796	0.13875009
212849	759	0.13875008
212859	231	0.08955152
212859	4176	0.08955152
212859	6840	0.089551516
212859	1022	0.08955151
212859	1619	0.08955151
212859	5130	0.08955151
212859	6216	0.08955151
212859	1034	0.0895515
212859	5197	0.0895515
212859	668	0.08955149
212923	5031	0.16180761
212923	890	0.1618076
212923	1189	0.1618076
212923	1856	0.1618076
212923	1869	0.1618076
212923	3616	0.1618076
212923	3965	0.1618076
212923	3971	0.1618076
212923	5886	0.1618076
212923	6912	0.1618076
213064	1567	0.09627007
213064	4906	0.09627006
213064	248	0.096270055
213064	2207	0.096270055
213064	2653	0.096270055
213064	3289	0.096270055
213064	4868	0.096270055
213064	5086	0.096270055
213064	5335	0.096270055
213064	5869	0.096270055
213066	1621	0.12743358
213066	4103	0.12743358
213066	5731	0.12743358
213066	398	0.12743357
213066	2644	0.12743357
213066	4703	0.12743357
213066	6149	0.12743357
213066	6279	0.12743357
213066	1848	0.12743355
213066	2209	0.12743355
213119	890	0.11876501
213119	2138	0.11876501
213119	3971	0.11876501
213119	5886	0.11876501
213119	6123	0.11876501
213119	3559	0.118765004
213119	5031	0.118765004
213119	124	0.118765
213119	579	0.118765
213119	597	0.118765
213126	392	0.062197648
213126	2342	0.062197644
213126	1868	0.06219764
213126	6537	0.06219764
213126	2479	0.061918266
213126	4276	0.061918255
213126	5489	0.061918247
213126	1443	0.061918244
213126	1778	0.061918244
213126	73	0.06191824
213150	387	0.1483262
213150	2121	0.1483262
213150	3971	0.1483262
213150	41	0.14832619
213150	124	0.14832619
213150	832	0.14832619
213150	1455	0.14832619
213150	1552	0.14832619
213150	2138	0.14832619
213150	2343	0.14832619
213191	4007	0.08786543
213191	6851	0.08786543
213191	4382	0.08786542
213191	4856	0.08786542
213191	2457	0.08786541
213191	2988	0.087865405
213191	5315	0.087865405
213191	6749	0.087865405
213191	482	0.08786539
213191	2685	0.08786539
213197	3866	0.0878292
213197	5454	0.0878292
213197	3493	0.087829195
213197	3765	0.087829195
213197	2220	0.08782919
213197	2569	0.08782919
213197	3418	0.08782919
213197	3853	0.08782919
213197	3980	0.08782919
213197	4241	0.08782919
213255	392	0.104007915
213255	6537	0.1040079
213255	2342	0.104007885
213255	1868	0.10400787
213255	2653	0.10196732
213255	3289	0.10196732
213255	4906	0.10196732
213255	248	0.10196731
213255	6646	0.10196731
213255	4154	0.101967305
213312	1869	0.089532726
213312	3971	0.089532726
213312	3616	0.08953272
213312	5031	0.08953272
213312	2138	0.08953271
213312	2364	0.08953271
213312	5886	0.08953271
213312	5896	0.08953271
213312	6915	0.08953271
213312	24	0.0895327
213316	3425	0.09323249
213316	4899	0.09323246
213316	5364	0.09323246
213316	2581	0.09323245
213316	5330	0.09323245
213316	6025	0.09323245
213316	399	0.093232445
213316	565	0.09323244
213316	1918	0.09323244
213316	2907	0.09323244
213369	1869	0.126625
213369	387	0.12662499
213369	890	0.12662499
213369	997	0.12662499
213369	1194	0.12662499
213369	1856	0.12662499
213369	2121	0.12662499
213369	2138	0.12662499
213369	3971	0.12662499
213369	4076	0.12662499
213410	1848	0.11121753
213410	4103	0.11121753
213410	1258	0.11121752
213410	1621	0.11121752
213410	5731	0.11121752
213410	6149	0.11121752
213410	6279	0.11121752
213410	493	0.11121751
213410	892	0.11121751
213410	1388	0.11121751
213523	520	0.12563938
213523	5033	0.12563938
213523	5653	0.12563936
213523	6147	0.12563936
213523	6810	0.12563936
213523	49	0.12531881
213523	124	0.12531881
213523	387	0.12531881
213523	5886	0.12531881
213523	24	0.1253188
213531	4906	0.1794766
213531	248	0.17947659
213531	655	0.17947659
213531	1567	0.17947659
213531	3289	0.17947659
213531	4206	0.17947659
213531	4868	0.17947659
213531	5422	0.17947659
213531	5715	0.17947659
213531	6646	0.17947659
213625	4740	0.1039274
213625	5914	0.1039274
213625	2503	0.103927396
213625	4738	0.103927396
213625	6396	0.103927396
213625	1024	0.10392739
213625	3677	0.10392739
213625	6312	0.10392739
213625	1155	0.10392738
213625	3060	0.10392738
213628	1869	0.14621015
213628	215	0.14621013
213628	597	0.14621013
213628	890	0.14621013
213628	2138	0.14621013
213628	3616	0.14621013
213628	3971	0.14621013
213628	5031	0.14621013
213628	5716	0.14621013
213628	5886	0.14621013
213638	1610	0.09790998
213638	2986	0.09790997
213638	4387	0.09790997
213638	4482	0.097909965
213638	626	0.09790996
213638	6288	0.09790996
213638	497	0.09790995
213638	3819	0.09790995
213638	4143	0.09790995
213638	4783	0.09790995
213641	3971	0.09651418
213641	49	0.096514165
213641	387	0.096514165
213641	890	0.096514165
213641	922	0.096514165
213641	1415	0.096514165
213641	1552	0.096514165
213641	1869	0.096514165
213641	2138	0.096514165
213641	2364	0.096514165
213664	1869	0.10757029
213664	3971	0.10757029
213664	5886	0.10757029
213664	6912	0.10757028
213664	387	0.107570276
213664	478	0.107570276
213664	577	0.107570276
213664	597	0.107570276
213664	645	0.107570276
213664	890	0.107570276
213708	1092	0.11803218
213708	511	0.11803217
213708	3526	0.11803217
213708	4557	0.11803217
213708	6880	0.11803217
213708	4905	0.118032165
213708	3097	0.11803216
213708	4128	0.11803216
213708	4318	0.11803216
213708	4341	0.11803216
213760	1869	0.12538794
213760	3971	0.12538794
213760	6123	0.12538794
213760	124	0.12538792
213760	387	0.12538792
213760	478	0.12538792
213760	579	0.12538792
213760	775	0.12538792
213760	997	0.12538792
213760	5886	0.12538792
213839	307	0.12414077
213839	1424	0.12414077
213839	1436	0.12414077
213839	2507	0.124140754
213839	4002	0.124140754
213839	4728	0.124140754
213839	2535	0.12414075
213839	6523	0.12414075
213839	6365	0.12414074
213839	2689	0.12414073
213851	1413	0.11113416
213851	3560	0.11113416
213851	3694	0.11113416
213851	4224	0.11113416
213851	4885	0.11113416
213851	854	0.11113415
213851	2360	0.11113415
213851	2382	0.11113415
213851	3115	0.11113415
213851	3427	0.11113415
213972	890	0.10554926
213972	1146	0.10554925
213972	5031	0.10554925
213972	387	0.105549246
213972	478	0.105549246
213972	1340	0.105549246
213972	1415	0.105549246
213972	1869	0.105549246
213972	2121	0.105549246
213972	2364	0.105549246
214042	2138	0.12117115
214042	3971	0.12117115
214042	597	0.12117114
214042	5031	0.12117114
214042	6123	0.12117114
214042	387	0.12117113
214042	645	0.12117113
214042	890	0.12117113
214042	922	0.12117113
214042	997	0.12117113
214102	890	0.09390958
214102	1869	0.09390958
214102	3971	0.09390958
214102	5886	0.09390958
214102	1194	0.09390957
214102	2138	0.09390957
214102	4076	0.09390957
214102	6123	0.09390957
214102	41	0.09390956
214102	387	0.09390956
214138	4323	0.16207628
214138	6123	0.16207628
214138	376	0.16207626
214138	387	0.16207626
214138	478	0.16207626
214138	579	0.16207626
214138	645	0.16207626
214138	890	0.16207626
214138	997	0.16207626
214138	1393	0.16207626
214212	890	0.11954641
214212	986	0.11954641
214212	1455	0.11954641
214212	6123	0.11954641
214212	1062	0.119546406
214212	1340	0.119546406
214212	2138	0.119546406
214212	4603	0.119546406
214212	5505	0.119546406
214212	5716	0.119546406
214244	1869	0.08531585
214244	4076	0.085315846
214244	6123	0.085315846
214244	41	0.08531584
214244	49	0.08531584
214244	387	0.08531584
214244	478	0.08531584
214244	579	0.08531584
214244	628	0.08531584
214244	890	0.08531584
214272	1869	0.12853265
214272	5886	0.12853265
214272	6123	0.12853265
214272	49	0.12853263
214272	124	0.12853263
214272	890	0.12853263
214272	1146	0.12853263
214272	2364	0.12853263
214272	3305	0.12853263
214272	3971	0.12853263
214315	215	0.08862215
214315	1869	0.08862215
214315	3971	0.08862215
214315	5886	0.08862215
214315	41	0.08862214
214315	49	0.08862214
214315	124	0.08862214
214315	387	0.08862214
214315	478	0.08862214
214315	538	0.08862214
214348	1869	0.1251857
214348	3971	0.1251857
214348	5886	0.1251857
214348	6123	0.1251857
214348	2364	0.12518568
214348	24	0.12518567
214348	41	0.12518567
214348	49	0.12518567
214348	119	0.12518567
214348	180	0.12518567
214436	2988	0.08180332
214436	4007	0.08180332
214436	4382	0.08180332
214436	4856	0.08180332
214436	6851	0.08180332
214436	2457	0.081803314
214436	5315	0.08180331
214436	6749	0.08180331
214436	482	0.0818033
214436	1394	0.0818033
214686	1869	0.07467344
214686	41	0.07467343
214686	124	0.07467343
214686	387	0.07467343
214686	890	0.07467343
214686	1146	0.07467343
214686	1856	0.07467343
214686	2138	0.07467343
214686	2364	0.07467343
214686	3059	0.07467343
214786	890	0.15895197
214786	2138	0.15895197
214786	3616	0.15895197
214786	3965	0.15895197
214786	3971	0.15895197
214786	5716	0.15895197
214786	5886	0.15895197
214786	6123	0.15895197
214786	6912	0.15895197
214786	124	0.15895195
214879	854	0.12010038
214879	3510	0.12010038
214879	3560	0.12010038
214879	4885	0.12010038
214879	489	0.12010037
214879	1170	0.12010037
214879	3427	0.12010037
214879	4224	0.12010037
214879	6555	0.12010037
214879	729	0.120100364
214920	1869	0.10718214
214920	387	0.10718213
214920	3971	0.10718213
214920	5218	0.10718213
214920	5886	0.10718213
214920	997	0.10718212
214920	2356	0.10718212
214920	4076	0.10718212
214920	4323	0.10718212
214920	5031	0.10718212
215006	2122	0.074246086
215006	3008	0.07424606
215006	2161	0.074246034
215006	1440	0.07424603
215006	4103	0.07414202
215006	6149	0.07414202
215006	605	0.07414201
215006	1459	0.07414201
215006	1632	0.07414201
215006	1848	0.07414201
215071	6423	0.11530468
215071	2843	0.11530465
215071	1301	0.11530462
215071	1648	0.11502159
215071	2419	0.11502159
215071	4938	0.11502159
215071	3443	0.11502158
215071	247	0.11502157
215071	884	0.11502157
215071	3230	0.11502157
215139	6591	0.16443649
215139	6630	0.16443649
215139	3002	0.16443647
215139	3045	0.16443647
215139	3628	0.16443647
215139	3938	0.16443647
215139	6592	0.16443647
215139	6654	0.16443646
215139	6690	0.16443646
215139	1978	0.16443644
215148	2138	0.10114832
215148	3971	0.10114832
215148	597	0.101148315
215148	901	0.101148315
215148	6123	0.101148315
215148	24	0.10114831
215148	387	0.10114831
215148	579	0.10114831
215148	642	0.10114831
215148	645	0.10114831
215180	3974	0.09563233
215180	690	0.09563232
215180	244	0.095599055
215180	6265	0.095599055
215180	149	0.09559905
215180	961	0.09559905
215180	632	0.09559904
215180	2962	0.09559904
215180	3385	0.09559904
215180	4045	0.09559904
215256	4906	0.10995849
215256	248	0.109958485
215256	1567	0.109958485
215256	2653	0.109958485
215256	4493	0.109958485
215256	5086	0.109958485
215256	5715	0.10995848
215256	6028	0.10995848
215256	106	0.10995847
215256	655	0.10995847
215278	854	0.1333
215278	1080	0.1333
215278	1256	0.1333
215278	1902	0.1333
215278	2880	0.1333
215278	3115	0.1333
215278	3391	0.1333
215278	3560	0.1333
215278	3658	0.1333
215278	3694	0.1333
215359	1146	0.11960547
215359	1869	0.11960547
215359	890	0.11960546
215359	5886	0.11960546
215359	41	0.11960545
215359	124	0.11960545
215359	215	0.11960545
215359	387	0.11960545
215359	775	0.11960545
215359	922	0.11960545
215388	5731	0.15540978
215388	1621	0.15540977
215388	1848	0.15540977
215388	2014	0.15540977
215388	398	0.15540975
215388	493	0.15540975
215388	605	0.15540975
215388	920	0.15540975
215388	1258	0.15540975
215388	1280	0.15540975
215421	49	0.09926467
215421	387	0.09926467
215421	890	0.09926467
215421	1146	0.09926467
215421	2121	0.09926467
215421	3971	0.09926467
215421	4323	0.09926467
215421	5031	0.09926467
215421	5886	0.09926467
215421	6123	0.09926467
215498	6592	0.07155684
215498	6630	0.07155684
215498	1978	0.07155682
215498	3002	0.07155682
215498	3045	0.07155682
215498	3628	0.07155682
215498	3938	0.07155682
215498	5607	0.07155682
215498	6591	0.07155682
215498	6654	0.07155682
215609	799	0.09958286
215609	3914	0.09958286
215609	5812	0.09958286
215609	5664	0.09958285
215609	5199	0.09958282
215609	1464	0.09816076
215609	2266	0.09816076
215609	5076	0.09816076
215609	3546	0.09816075
215609	511	0.09802595
215627	3971	0.10745676
215627	387	0.10745675
215627	890	0.10745675
215627	579	0.10745674
215627	922	0.10745674
215627	1415	0.10745674
215627	1869	0.10745674
215627	2138	0.10745674
215627	2364	0.10745674
215627	3559	0.10745674
215693	3971	0.12497386
215693	4076	0.12497386
215693	5031	0.124973856
215693	5716	0.124973856
215693	5886	0.124973856
215693	6912	0.124973856
215693	269	0.12497385
215693	387	0.12497385
215693	478	0.12497385
215693	597	0.12497385
215709	6241	0.1291349
215709	5811	0.12913488
215709	4608	0.12913486
215709	3120	0.12799498
215709	96	0.12799497
215709	1087	0.12799497
215709	1650	0.12799497
215709	2944	0.12799497
215709	4749	0.12799497
215709	5019	0.12799497
215753	3059	0.07419203
215753	4076	0.07419203
215753	5886	0.07419203
215753	6507	0.07419203
215753	890	0.074192025
215753	1058	0.074192025
215753	1856	0.074192025
215753	2121	0.074192025
215753	2364	0.074192025
215753	3559	0.074192025
215829	1778	0.15771148
215829	4276	0.15771148
215829	73	0.15771146
215829	5489	0.15771146
215829	1443	0.15771145
215829	2577	0.15771145
215829	2891	0.15771142
215829	4071	0.15771142
215829	6846	0.1577114
215829	4906	0.15697664
215942	5731	0.09311789
215942	3657	0.093117885
215942	4103	0.093117885
215942	2209	0.09311787
215942	2450	0.09311787
215942	5473	0.09311787
215942	920	0.09311786
215942	1621	0.09311786
215942	1848	0.09311786
215942	2014	0.09311786
215986	1869	0.13924608
215986	4076	0.13924606
215986	6123	0.13924606
215986	41	0.13924605
215986	49	0.13924605
215986	124	0.13924605
215986	215	0.13924605
215986	328	0.13924605
215986	376	0.13924605
215986	387	0.13924605
215988	884	0.14202175
215988	2419	0.14202175
215988	3606	0.14202175
215988	4673	0.14202175
215988	6834	0.14202175
215988	247	0.14202173
215988	3230	0.14202173
215988	3838	0.14202173
215988	4472	0.14202173
215988	4758	0.14202173
216027	6630	0.071048945
216027	3628	0.07104894
216027	6592	0.07104894
216027	6654	0.07104894
216027	3045	0.07104893
216027	3938	0.07104893
216027	6591	0.07104893
216027	6690	0.07104893
216027	1978	0.07104892
216027	3002	0.07104892
216057	1869	0.12486254
216057	3971	0.12486253
216057	387	0.12486252
216057	2138	0.12486252
216057	3616	0.12486252
216057	6123	0.12486252
216057	890	0.124862514
216057	901	0.124862514
216057	2728	0.124862514
216057	3059	0.124862514
216099	41	0.12400899
216099	2138	0.12400899
216099	3059	0.12400899
216099	124	0.12400898
216099	387	0.12400898
216099	890	0.12400898
216099	1058	0.12400898
216099	1403	0.12400898
216099	1869	0.12400898
216099	2037	0.12400898
216100	1932	0.08441469
216100	3554	0.08441469
216100	3954	0.08441468
216100	5544	0.08441468
216100	5575	0.08441468
216100	4645	0.084414676
216100	5300	0.084414676
216100	3327	0.08441467
216100	4798	0.08441467
216100	2608	0.084414646
216151	997	0.10326244
216151	1869	0.10326244
216151	3971	0.10326244
216151	6123	0.10326244
216151	387	0.10326243
216151	4076	0.10326243
216151	4323	0.10326243
216151	41	0.103262424
216151	376	0.103262424
216151	579	0.103262424
216260	890	0.09000956
216260	2121	0.09000956
216260	3971	0.09000956
216260	41	0.090009555
216260	387	0.090009555
216260	538	0.090009555
216260	579	0.090009555
216260	922	0.090009555
216260	1856	0.090009555
216260	1869	0.090009555
216386	6559	0.10780822
216386	3380	0.10763287
216386	6032	0.10763287
216386	2701	0.10763286
216386	3563	0.10763286
216386	4756	0.10763285
216386	6439	0.10763285
216386	3408	0.107632846
216386	3654	0.107632846
216386	3815	0.107632846
216435	3971	0.1240006
216435	5886	0.1240006
216435	6912	0.1240006
216435	597	0.124000594
216435	890	0.124000594
216435	997	0.124000594
216435	1094	0.124000594
216435	1856	0.124000594
216435	5031	0.124000594
216435	24	0.12400059
216444	1869	0.15662009
216444	5886	0.15662009
216444	6123	0.15662009
216444	2138	0.15662007
216444	3971	0.15662007
216444	5031	0.15662007
216444	24	0.15662006
216444	41	0.15662006
216444	49	0.15662006
216444	215	0.15662006
216466	387	0.096457146
216466	1862	0.096457146
216466	41	0.09645714
216466	215	0.09645714
216466	579	0.09645714
216466	890	0.09645714
216466	922	0.09645714
216466	1058	0.09645714
216466	1146	0.09645714
216466	1869	0.09645714
216495	1856	0.120262355
216495	890	0.12026235
216495	5031	0.12026235
216495	41	0.12026234
216495	478	0.12026234
216495	832	0.12026234
216495	1094	0.12026234
216495	1869	0.12026234
216495	3897	0.12026234
216495	4076	0.12026234
216501	3866	0.13589944
216501	1806	0.13589942
216501	2220	0.13589942
216501	2304	0.13589942
216501	3853	0.13589942
216501	3980	0.13589942
216501	4718	0.13589942
216501	5454	0.13589942
216501	6643	0.13589942
216501	6674	0.13589942
216557	2138	0.098492295
216557	3971	0.098492295
216557	6123	0.09849229
216557	387	0.09849228
216557	642	0.09849228
216557	890	0.09849228
216557	997	0.09849228
216557	1194	0.09849228
216557	2364	0.09849228
216557	3059	0.09849228
216602	3971	0.08323185
216602	4076	0.08323185
216602	387	0.083231844
216602	478	0.083231844
216602	890	0.083231844
216602	5031	0.083231844
216602	49	0.08323184
216602	124	0.08323184
216602	328	0.08323184
216602	579	0.08323184
216670	1411	0.09930942
216670	2196	0.099309415
216670	3379	0.0993094
216670	5158	0.0993094
216670	3206	0.099309385
216670	5350	0.09930937
216670	152	0.09879078
216670	869	0.09879077
216670	1679	0.09879077
216670	1892	0.09879077
216724	3655	0.09973791
216724	6027	0.09973788
216724	6570	0.09973788
216724	2755	0.09973787
216724	6580	0.09973785
216724	4813	0.09874995
216724	3868	0.098749936
216724	4984	0.09874993
216724	80	0.09874992
216724	2647	0.09874992
216781	5478	0.1443864
216781	6355	0.1443864
216781	2619	0.14438637
216781	5475	0.14438635
216781	5895	0.14438635
216781	980	0.14438634
216781	492	0.14438632
216781	909	0.14438632
216781	2614	0.14438632
216781	3560	0.14293121
216829	4165	0.06863886
216829	1615	0.068638854
216829	5444	0.06863885
216829	3370	0.06863884
216829	5682	0.06863884
216829	1224	0.06863883
216829	4750	0.06863883
216829	5220	0.06863883
216829	1933	0.068638824
216829	1868	0.06799166
216877	6423	0.10450438
216877	2843	0.104504354
216877	1301	0.10450433
216877	215	0.10357143
216877	387	0.10357143
216877	1869	0.10357143
216877	41	0.10357142
216877	901	0.10357142
216877	4226	0.10357142
216877	5031	0.10357142
216882	3853	0.13763332
216882	5115	0.13763331
216882	1806	0.1376333
216882	3112	0.1376333
216882	3418	0.1376333
216882	3630	0.1376333
216882	3700	0.1376333
216882	3830	0.1376333
216882	3866	0.1376333
216882	4241	0.1376333
216955	4740	0.11813274
216955	5914	0.11813273
216955	6312	0.11813273
216955	3677	0.11813272
216955	1024	0.11813271
216955	1155	0.11813271
216955	2503	0.11813271
216955	4738	0.11813271
216955	5599	0.11813271
216955	6396	0.11813271
216962	579	0.10951063
216962	6123	0.10951062
216962	6507	0.10951062
216962	41	0.109510615
216962	124	0.109510615
216962	387	0.109510615
216962	775	0.109510615
216962	890	0.109510615
216962	997	0.109510615
216962	1229	0.109510615
217012	4906	0.074873194
217012	2653	0.07487319
217012	5335	0.07487319
217012	248	0.07487318
217012	1349	0.07487318
217012	1567	0.07487318
217012	2844	0.07487318
217012	3289	0.07487318
217012	3361	0.07487318
217012	4154	0.07487318
217056	4323	0.12157807
217056	6123	0.12157807
217056	4076	0.12157806
217056	5031	0.12157806
217056	41	0.12157805
217056	742	0.12157805
217056	890	0.12157805
217056	1146	0.12157805
217056	1869	0.12157805
217056	2138	0.12157805
217106	1869	0.1046267
217106	2138	0.1046267
217106	3971	0.1046267
217106	890	0.10462669
217106	2364	0.10462669
217106	579	0.104626685
217106	986	0.104626685
217106	1039	0.104626685
217106	1340	0.104626685
217106	1415	0.104626685
217107	1869	0.10300249
217107	2138	0.10300249
217107	3971	0.10300249
217107	5031	0.10300249
217107	124	0.10300248
217107	579	0.10300248
217107	890	0.10300248
217107	1393	0.10300248
217107	1403	0.10300248
217107	1455	0.10300248
217121	5059	0.12745753
217121	6559	0.12745753
217121	848	0.12642647
217121	5619	0.12642647
217121	2768	0.12642646
217121	3403	0.12642646
217121	3601	0.12642646
217121	3797	0.12642646
217121	3902	0.12642646
217121	5309	0.12642646
217270	387	0.11659792
217270	5886	0.11659792
217270	890	0.11659791
217270	2121	0.116597906
217270	2138	0.116597906
217270	2713	0.116597906
217270	3452	0.116597906
217270	3897	0.116597906
217270	3971	0.116597906
217270	4076	0.116597906
217318	6312	0.12736177
217318	4740	0.12736176
217318	1024	0.12736174
217318	3677	0.12736174
217318	4738	0.12736174
217318	5599	0.12736174
217318	5914	0.12736174
217318	6396	0.12736174
217318	1155	0.12736173
217318	4431	0.12736173
217375	5031	0.13411134
217375	5886	0.13411134
217375	1869	0.13411133
217375	3616	0.13411133
217375	24	0.13411132
217375	49	0.13411132
217375	215	0.13411132
217375	266	0.13411132
217375	328	0.13411132
217375	350	0.13411132
217444	5121	0.08749679
217444	6222	0.08749678
217444	6236	0.08749678
217444	400	0.08749677
217444	686	0.08749677
217444	801	0.08749677
217444	1389	0.08749677
217444	2145	0.08749677
217444	3187	0.08749677
217444	3785	0.08749677
217468	6674	0.11306029
217468	3210	0.11306028
217468	3700	0.11306028
217468	5115	0.11306028
217468	6310	0.11306028
217468	6643	0.11306028
217468	1745	0.11306027
217468	4595	0.11306027
217468	6768	0.11306027
217468	528	0.113060266
217496	5914	0.08229303
217496	4740	0.082293026
217496	1155	0.08229302
217496	4431	0.08229302
217496	4738	0.08229302
217496	6312	0.08229302
217496	6396	0.08229302
217496	1024	0.08229301
217496	2503	0.08229301
217496	3677	0.08229301
217512	5031	0.079185925
217512	49	0.07918592
217512	1869	0.07918592
217512	2646	0.07918592
217512	4323	0.07918592
217512	6123	0.07918592
217512	376	0.07918591
217512	514	0.07918591
217512	997	0.07918591
217512	1146	0.07918591
217513	1968	0.07203468
217513	286	0.07203467
217513	3417	0.07203467
217513	3473	0.07203467
217513	5284	0.07203467
217513	6705	0.07203467
217513	6742	0.07203467
217513	1697	0.072034664
217513	2419	0.0716023
217513	3230	0.071602285
217516	6833	0.10702993
217516	3335	0.1070299
217516	1953	0.10702989
217516	1222	0.107029885
217516	5838	0.10639497
217516	6511	0.10578018
217516	5393	0.105629414
217516	496	0.1056294
217516	5264	0.105629385
217516	5783	0.105629385
217673	579	0.08080784
217673	1869	0.08080784
217673	49	0.080807835
217673	387	0.080807835
217673	890	0.080807835
217673	1146	0.080807835
217673	1856	0.080807835
217673	2138	0.080807835
217673	3059	0.080807835
217673	3164	0.080807835
217811	711	0.118189454
217811	4868	0.118189454
217811	4906	0.118189454
217811	5295	0.118189454
217811	5335	0.118189454
217811	5715	0.118189454
217811	5869	0.118189454
217811	1567	0.11818945
217811	3359	0.11818945
217811	4154	0.11818945
217818	852	0.08632884
217818	2313	0.08632884
217818	4254	0.086328834
217818	5907	0.086328834
217818	6772	0.086328834
217818	2036	0.08632883
217818	4375	0.08632883
217818	2448	0.08632882
217818	2948	0.08632882
217818	3856	0.08632882
217958	4076	0.09440003
217958	49	0.09440002
217958	478	0.09440002
217958	890	0.09440002
217958	1146	0.09440002
217958	1415	0.09440002
217958	1455	0.09440002
217958	1852	0.09440002
217958	1869	0.09440002
217958	2138	0.09440002
217986	425	0.15396494
217986	91	0.15396485
217986	1524	0.15396485
217986	5355	0.15396485
217986	5304	0.15396483
217986	3703	0.15396482
217986	3776	0.15396482
217986	4032	0.15396482
217986	4469	0.15396482
217986	1185	0.1539648
218068	4673	0.11750075
218068	884	0.11750074
218068	4938	0.11750074
218068	2419	0.11750073
218068	819	0.11750072
218068	1648	0.11750072
218068	4602	0.11750072
218068	5041	0.11750072
218068	247	0.117500715
218068	903	0.117500715
218121	3853	0.1715507
218121	6643	0.1715507
218121	6674	0.1715507
218121	533	0.17155069
218121	2363	0.17155069
218121	3029	0.17155069
218121	3210	0.17155069
218121	3418	0.17155069
218121	3700	0.17155069
218121	3830	0.17155069
218221	495	0.13148849
218221	1242	0.13148847
218221	4802	0.13148847
218221	5244	0.13148847
218221	5250	0.13148846
218221	6739	0.13148846
218221	2202	0.13148844
218221	3128	0.13148844
218221	4618	0.13148844
218221	5498	0.13148841
218240	4387	0.12282036
218240	1610	0.12282034
218240	2986	0.12282034
218240	626	0.12282033
218240	6594	0.12282033
218240	4482	0.122820325
218240	497	0.12282032
218240	1814	0.12282032
218240	2083	0.12282032
218240	2283	0.12282032
218241	4103	0.08487419
218241	4703	0.08487418
218241	5731	0.08487418
218241	6279	0.08487418
218241	1258	0.084874175
218241	398	0.08487417
218241	493	0.08487417
218241	892	0.08487417
218241	920	0.08487417
218241	1280	0.08487417
218286	387	0.10163087
218286	478	0.10163087
218286	890	0.10163087
218286	997	0.10163087
218286	2121	0.10163087
218286	4076	0.10163087
218286	5031	0.10163087
218286	5886	0.10163087
218286	6123	0.10163087
218286	6912	0.10163087
218379	387	0.09631845
218379	890	0.09631845
218379	997	0.09631845
218379	1146	0.09631845
218379	1869	0.09631845
218379	3971	0.09631845
218379	5031	0.09631845
218379	5396	0.09631845
218379	5886	0.09631845
218379	5896	0.09631845
218411	597	0.13614586
218411	997	0.13614586
218411	1869	0.13614586
218411	2138	0.13614586
218411	3616	0.13614586
218411	3971	0.13614586
218411	5031	0.13614586
218411	5886	0.13614586
218411	6123	0.13614586
218411	6912	0.13614586
218514	4813	0.14820147
218514	3868	0.14820144
218514	4984	0.14820144
218514	6909	0.14820144
218514	80	0.14820142
218514	3890	0.14820142
218514	1487	0.1482014
218514	2647	0.1482014
218514	3271	0.1482014
218514	3644	0.1482014
218552	2017	0.09476854
218552	4004	0.09476854
218552	4446	0.09476854
218552	6152	0.09476854
218552	6789	0.09476854
218552	6796	0.09476854
218552	6601	0.09476853
218552	1362	0.094768524
218552	2128	0.094768524
218552	2518	0.094768524
218568	6032	0.12683758
218568	2701	0.12683757
218568	4756	0.12683757
218568	3380	0.12683755
218568	3654	0.12683755
218568	3815	0.12683755
218568	6120	0.12683755
218568	88	0.12683754
218568	6284	0.12683754
218568	6745	0.12683754
218608	3991	0.15526968
218608	6435	0.15526968
218608	3321	0.15526965
218608	1218	0.15526962
218608	3469	0.15526961
218608	3447	0.1552696
218608	3982	0.1552696
218608	655	0.15363064
218608	4906	0.15363064
218608	5869	0.15363064
218615	3120	0.090115204
218615	6222	0.090115204
218615	801	0.0901152
218615	2145	0.0901152
218615	5121	0.0901152
218615	1087	0.09011519
218615	1492	0.09011519
218615	1650	0.09011519
218615	3187	0.09011519
218615	3219	0.09011519
218636	387	0.08948034
218636	5031	0.08948034
218636	49	0.08948033
218636	3971	0.08948033
218636	5886	0.08948033
218636	922	0.089480326
218636	997	0.089480326
218636	1869	0.089480326
218636	3616	0.089480326
218636	6123	0.089480326
218640	1869	0.10173909
218640	5886	0.10173909
218640	997	0.101739086
218640	6123	0.101739086
218640	41	0.10173908
218640	124	0.10173908
218640	160	0.10173908
218640	215	0.10173908
218640	266	0.10173908
218640	387	0.10173908
218689	642	0.13386592
218689	890	0.13386592
218689	1062	0.13386592
218689	2121	0.13386592
218689	2138	0.13386592
218689	3616	0.13386592
218689	3971	0.13386592
218689	4076	0.13386592
218689	5031	0.13386592
218689	5716	0.13386592
218714	1869	0.09167858
218714	3971	0.09167858
218714	41	0.091678575
218714	890	0.091678575
218714	2138	0.091678575
218714	3164	0.091678575
218714	4076	0.091678575
218714	4352	0.091678575
218714	4390	0.091678575
218714	5716	0.091678575
218721	5454	0.1023427
218721	1745	0.102342695
218721	2363	0.102342695
218721	2569	0.102342695
218721	3029	0.102342695
218721	3112	0.102342695
218721	3210	0.102342695
218721	3418	0.102342695
218721	3866	0.102342695
218721	4718	0.102342695
218760	3971	0.122243196
218760	5886	0.12224319
218760	387	0.12224318
218760	890	0.12224318
218760	922	0.12224318
218760	997	0.12224318
218760	1856	0.12224318
218760	1869	0.12224318
218760	3559	0.12224318
218760	6123	0.12224318
218836	3560	0.10950885
218836	4885	0.10950884
218836	1256	0.109508835
218836	2227	0.109508835
218836	2382	0.109508835
218836	3434	0.109508835
218836	4960	0.109508835
218836	854	0.10950883
218836	2360	0.10950883
218836	3427	0.10950883
218844	6123	0.13226499
218844	890	0.13226497
218844	997	0.13226497
218844	1146	0.13226497
218844	1194	0.13226497
218844	1340	0.13226497
218844	1393	0.13226497
218844	1869	0.13226497
218844	2138	0.13226497
218844	2364	0.13226497
218875	3853	0.089216925
218875	6310	0.089216925
218875	3210	0.08921692
218875	3778	0.08921692
218875	3866	0.08921692
218875	4241	0.08921692
218875	4718	0.08921692
218875	4727	0.08921692
218875	5115	0.08921692
218875	5454	0.08921692
218976	3853	0.10377176
218976	6674	0.10377176
218976	5511	0.10377175
218976	533	0.103771746
218976	1324	0.103771746
218976	3866	0.103771746
218976	3980	0.103771746
218976	4680	0.103771746
218976	4718	0.103771746
218976	5115	0.103771746
219008	124	0.124030784
219008	1869	0.124030784
219008	3971	0.124030784
219008	5031	0.124030784
219008	2121	0.12403078
219008	3164	0.12403078
219008	41	0.12403077
219008	215	0.12403077
219008	387	0.12403077
219008	579	0.12403077
219035	5150	0.08830909
219035	999	0.088309065
219035	3392	0.088309065
219035	702	0.08830906
219035	6088	0.08830904
219035	2419	0.08823072
219035	4501	0.08823072
219035	247	0.088230714
219035	300	0.088230714
219035	2490	0.088230714
219065	6912	0.079847164
219065	376	0.07984716
219065	642	0.07984716
219065	997	0.07984716
219065	1869	0.07984716
219065	2138	0.07984716
219065	2364	0.07984716
219065	3559	0.07984716
219065	3616	0.07984716
219065	3971	0.07984716
219149	6630	0.09720529
219149	6592	0.09720528
219149	1978	0.09720527
219149	3938	0.09720527
219149	5607	0.09720527
219149	6591	0.09720527
219149	6654	0.09720527
219149	6690	0.09720527
219149	3045	0.09720526
219149	3628	0.09720526
219208	4300	0.11054871
219208	2890	0.10966772
219208	5349	0.1091232
219208	875	0.10871934
219208	95	0.10855341
219208	3146	0.10838599
219208	864	0.10838597
219208	3040	0.108385965
219208	4490	0.10838596
219208	5699	0.10838596
219209	1869	0.11124273
219209	5886	0.11124273
219209	6123	0.11124272
219209	3616	0.11124271
219209	3971	0.11124271
219209	5031	0.11124271
219209	6507	0.11124271
219209	478	0.111242704
219209	2138	0.111242704
219209	3059	0.111242704
219278	4598	0.08959498
219278	3223	0.089594975
219278	717	0.08959496
219278	1399	0.08959496
219278	3425	0.08832234
219278	1918	0.08832232
219278	4899	0.08832232
219278	399	0.08832231
219278	2581	0.08832231
219278	5330	0.08832231
219301	231	0.10087656
219301	4176	0.100876555
219301	1022	0.10087655
219301	2402	0.10087655
219301	5129	0.10087655
219301	668	0.10087654
219301	760	0.10087654
219301	1619	0.10087654
219301	3072	0.10087654
219301	5197	0.10087654
219321	4673	0.15459442
219321	884	0.15459439
219321	942	0.15459439
219321	2076	0.15459439
219321	2419	0.15459439
219321	3283	0.15459439
219321	3606	0.15459439
219321	3870	0.15459439
219321	4452	0.15459439
219321	4501	0.15459439
219353	3971	0.12241741
219353	5886	0.12241741
219353	6912	0.12241741
219353	890	0.122417405
219353	1869	0.122417405
219353	2138	0.122417405
219353	4076	0.122417405
219353	5031	0.122417405
219353	5716	0.122417405
219353	6123	0.122417405
219387	3616	0.107302554
219387	5031	0.107302554
219387	890	0.10730255
219387	997	0.10730255
219387	1869	0.10730255
219387	2364	0.10730255
219387	3559	0.10730255
219387	3971	0.10730255
219387	4076	0.10730255
219387	5886	0.10730255
219420	1539	0.07482093
219420	5592	0.07482092
219420	891	0.074820906
219420	2667	0.074820906
219420	4368	0.074820906
219420	5008	0.074820906
219420	5146	0.074820906
219420	1899	0.0748209
219420	2388	0.0748209
219420	5113	0.0748209
219530	2121	0.101147264
219530	387	0.10114725
219530	890	0.10114725
219530	1415	0.10114725
219530	1856	0.10114725
219530	1869	0.10114725
219530	2364	0.10114725
219530	2627	0.10114725
219530	2736	0.10114725
219530	3059	0.10114725
219546	884	0.14406419
219546	4673	0.14406417
219546	2419	0.14406416
219546	3606	0.14406416
219546	3837	0.14406416
219546	3870	0.14406416
219546	4080	0.14406416
219546	4472	0.14406416
219546	4474	0.14406416
219546	4938	0.14406416
219593	244	0.088307135
219593	6265	0.08830713
219593	149	0.08830711
219593	3385	0.08830711
219593	4599	0.08830711
219593	632	0.088307105
219593	4045	0.088307105
219593	582	0.0883071
219593	2962	0.0883071
219593	3548	0.0883071
219597	3616	0.12443201
219597	6912	0.12443201
219597	1415	0.124432005
219597	3971	0.124432005
219597	6123	0.124432005
219597	328	0.124432
219597	387	0.124432
219597	842	0.124432
219597	890	0.124432
219597	1189	0.124432
219671	890	0.069848135
219671	3971	0.069848135
219671	5886	0.069848135
219671	387	0.06984813
219671	1869	0.06984813
219671	2138	0.06984813
219671	24	0.06984812
219671	41	0.06984812
219671	215	0.06984812
219671	273	0.06984812
219683	6055	0.15026534
219683	6592	0.15026422
219683	6591	0.1502642
219683	6630	0.1502642
219683	6654	0.1502642
219683	3628	0.15026419
219683	3002	0.15026417
219683	3045	0.15026417
219683	3938	0.15026417
219683	4777	0.15026417
219921	6216	0.096072756
219921	231	0.09607275
219921	760	0.09607275
219921	1022	0.09607275
219921	1619	0.09607275
219921	4176	0.09607275
219921	5197	0.09607275
219921	6840	0.09607275
219921	668	0.09607274
219921	677	0.09607274
219924	3971	0.09851346
219924	1869	0.098513454
219924	387	0.09851345
219924	890	0.09851345
219924	1146	0.09851345
219924	5886	0.09851345
219924	6912	0.09851345
219924	41	0.09851344
219924	124	0.09851344
219924	538	0.09851344
219949	6092	0.08394999
219949	4725	0.08393849
219949	48	0.08393848
219949	6544	0.08393847
219949	83	0.083938465
219949	5725	0.08393845
219949	6519	0.08393845
219949	3182	0.083938435
219949	4946	0.083938435
219949	5750	0.083534665
219951	425	0.10709988
219951	5304	0.107099816
219951	5355	0.10709981
219951	91	0.1070998
219951	1524	0.1070998
219951	3776	0.1070998
219951	4032	0.10709979
219951	4469	0.10709979
219951	5321	0.10709979
219951	5859	0.10709979
219955	6310	0.10552049
219955	6674	0.10552049
219955	3700	0.10552048
219955	3866	0.10552048
219955	5115	0.10552048
219955	533	0.10552047
219955	1806	0.10552047
219955	2569	0.10552047
219955	3980	0.10552047
219955	4383	0.10552047
219974	387	0.13263968
219974	890	0.13263968
219974	6123	0.13263968
219974	478	0.13263966
219974	986	0.13263966
219974	997	0.13263966
219974	1194	0.13263966
219974	1856	0.13263966
219974	2121	0.13263966
219974	2138	0.13263966
220091	41	0.09833057
220091	890	0.09833057
220091	3971	0.09833057
220091	4076	0.09833057
220091	6123	0.09833057
220091	6912	0.09833057
220091	387	0.098330565
220091	5886	0.098330565
220091	49	0.09833056
220091	124	0.09833056
220095	4885	0.09463708
220095	3694	0.094637066
220095	729	0.09463706
220095	3560	0.09463706
220095	854	0.09463705
220095	1080	0.09463705
220095	1363	0.09463705
220095	1413	0.09463705
220095	1902	0.09463705
220095	2360	0.09463705
220122	4885	0.09663621
220122	3694	0.096636206
220122	2382	0.0966362
220122	3560	0.0966362
220122	4224	0.0966362
220122	729	0.09663619
220122	854	0.09663619
220122	968	0.09663619
220122	1080	0.09663619
220122	1413	0.09663619
220240	3971	0.15284654
220240	387	0.15284653
220240	2138	0.15284653
220240	3965	0.15284653
220240	24	0.15284652
220240	41	0.15284652
220240	579	0.15284652
220240	597	0.15284652
220240	642	0.15284652
220240	832	0.15284652
220278	5731	0.105157465
220278	3657	0.10515745
220278	4103	0.10515745
220278	4703	0.10515745
220278	5897	0.10515745
220278	6279	0.10515745
220278	1621	0.10515744
220278	2209	0.10515744
220278	2320	0.10515744
220278	2491	0.10515744
220314	387	0.09503916
220314	2138	0.09503916
220314	1869	0.09503915
220314	3616	0.09503915
220314	3971	0.09503915
220314	6912	0.09503915
220314	41	0.095039144
220314	124	0.095039144
220314	215	0.095039144
220314	273	0.095039144
220399	6318	0.08175096
220399	6762	0.08175095
220399	531	0.081750944
220399	1177	0.081750944
220399	1221	0.081750944
220399	1233	0.081750944
220399	2116	0.081750944
220399	3118	0.081750944
220399	3263	0.081750944
220399	4177	0.081750944
220484	6423	0.09066284
220484	2843	0.090662815
220484	1301	0.090662785
220484	4076	0.08789541
220484	4323	0.08789541
220484	3164	0.0878954
220484	49	0.08789539
220484	387	0.08789539
220484	628	0.08789539
220484	1869	0.08789539
220586	41	0.13119188
220586	215	0.13119188
220586	775	0.13119188
220586	890	0.13119188
220586	922	0.13119188
220586	1058	0.13119188
220586	1856	0.13119188
220586	1869	0.13119188
220586	2138	0.13119188
220586	2364	0.13119188
220597	5603	0.1329157
220597	5753	0.1329157
220597	5768	0.1329157
220597	6298	0.1329157
220597	6807	0.1329157
220597	3934	0.13291568
220597	3395	0.13184905
220597	3915	0.13184905
220597	4982	0.13184905
220597	5104	0.13184905
220608	6265	0.083073884
220608	244	0.08307388
220608	632	0.08307387
220608	4045	0.08307387
220608	4599	0.08307387
220608	582	0.08307386
220608	2962	0.08307386
220608	4082	0.08307386
220608	149	0.083073854
220608	650	0.083073854
220635	1177	0.08489381
220635	3263	0.08489379
220635	4806	0.08489379
220635	6530	0.08489379
220635	1221	0.084893785
220635	3118	0.084893785
220635	3511	0.084893785
220635	4177	0.084893785
220635	5085	0.084893785
220635	5691	0.084893785
220664	997	0.11498285
220664	2138	0.11498285
220664	3971	0.11498285
220664	387	0.11498284
220664	5886	0.11498284
220664	6123	0.11498284
220664	6912	0.11498284
220664	597	0.114982836
220664	642	0.114982836
220664	645	0.114982836
220688	376	0.13349944
220688	387	0.13349944
220688	579	0.13349944
220688	642	0.13349944
220688	890	0.13349944
220688	1856	0.13349944
220688	1862	0.13349944
220688	1869	0.13349944
220688	1945	0.13349944
220688	2121	0.13349944
220759	6494	0.07530229
220759	1238	0.074727565
220759	5128	0.074727565
220759	5275	0.074727565
220759	143	0.07472756
220759	4295	0.07472756
220759	4320	0.07472756
220759	5508	0.07472756
220759	1449	0.07472755
220759	1570	0.07472755
220867	852	0.09399477
220867	4254	0.09399477
220867	2313	0.09399475
220867	4892	0.09399475
220867	6772	0.093994744
220867	2036	0.09399474
220867	4375	0.09399474
220867	5907	0.09399474
220867	2948	0.09399473
220867	6553	0.09399473
220892	6674	0.08745661
220892	528	0.0874566
220892	2220	0.0874566
220892	3866	0.0874566
220892	6310	0.0874566
220892	6643	0.0874566
220892	6768	0.0874566
220892	3700	0.08745659
220892	3853	0.08745659
220892	4582	0.08745659
220911	4673	0.069793686
220911	884	0.06979368
220911	247	0.06979367
220911	1648	0.06979367
220911	2419	0.06979367
220911	3230	0.06979367
220911	3606	0.06979367
220911	4938	0.06979367
220911	5041	0.06979367
220911	5864	0.06979367
220931	1869	0.12934464
220931	3971	0.12934464
220931	1340	0.12934463
220931	2138	0.12934463
220931	3452	0.12934463
220931	3616	0.12934463
220931	5031	0.12934463
220931	5716	0.12934463
220931	24	0.12934461
220931	49	0.12934461
220945	1567	0.107382394
220945	4906	0.107382394
220945	6492	0.107382394
220945	248	0.10738239
220945	2653	0.10738239
220945	3361	0.10738239
220945	4493	0.10738239
220945	4903	0.10738239
220945	5086	0.10738239
220945	5335	0.10738239
221008	387	0.089779034
221008	890	0.08977903
221008	2121	0.08977903
221008	5031	0.08977903
221008	5886	0.08977903
221008	41	0.08977902
221008	538	0.08977902
221008	645	0.08977902
221008	842	0.08977902
221008	922	0.08977902
221040	3971	0.16031797
221040	1869	0.16031796
221040	4076	0.16031796
221040	5031	0.16031796
221040	5716	0.16031796
221040	5886	0.16031796
221040	6912	0.16031796
221040	24	0.16031794
221040	49	0.16031794
221040	387	0.16031794
221050	3029	0.10375728
221050	3700	0.10375728
221050	3853	0.10375728
221050	3866	0.10375728
221050	4241	0.10375728
221050	4595	0.10375728
221050	5115	0.10375728
221050	5454	0.10375728
221050	6674	0.10375728
221050	1745	0.10375727
221186	579	0.080184326
221186	5031	0.08018432
221186	41	0.08018431
221186	387	0.08018431
221186	645	0.08018431
221186	890	0.08018431
221186	901	0.08018431
221186	1062	0.08018431
221186	1146	0.08018431
221186	1189	0.08018431
221232	1869	0.10219303
221232	3616	0.10219303
221232	3971	0.10219303
221232	5031	0.10219303
221232	5886	0.10219303
221232	997	0.10219302
221232	1455	0.10219302
221232	2138	0.10219302
221232	3965	0.10219302
221232	124	0.10219301
221309	3971	0.097284205
221309	5886	0.0972842
221309	6915	0.0972842
221309	478	0.09728419
221309	890	0.09728419
221309	1869	0.09728419
221309	5716	0.09728419
221309	6123	0.09728419
221309	6912	0.09728419
221309	24	0.09728418
221327	1869	0.113388866
221327	3971	0.113388866
221327	5031	0.113388866
221327	215	0.11338885
221327	387	0.11338885
221327	579	0.11338885
221327	645	0.11338885
221327	890	0.11338885
221327	901	0.11338885
221327	1146	0.11338885
221368	41	0.11035782
221368	387	0.11035782
221368	3971	0.11035781
221368	124	0.110357806
221368	266	0.110357806
221368	890	0.110357806
221368	922	0.110357806
221368	1146	0.110357806
221368	1862	0.110357806
221368	1869	0.110357806
221445	4858	0.086510584
221445	3886	0.08651058
221445	3509	0.08651057
221445	1540	0.0860022
221445	2713	0.08538099
221445	3965	0.08538099
221445	5031	0.08538099
221445	5396	0.08538099
221445	5886	0.08538099
221445	387	0.08538098
221510	5619	0.110780306
221510	5309	0.1107803
221510	848	0.110780284
221510	2768	0.110780284
221510	3403	0.110780284
221510	3902	0.110780284
221510	1646	0.11078028
221510	3797	0.11078028
221510	5165	0.11078028
221510	1678	0.11078027
221543	111	0.09707542
221543	1793	0.0970754
221543	4729	0.097075395
221543	1075	0.09707539
221543	2099	0.09707539
221543	3198	0.09707539
221543	4692	0.09707539
221543	5695	0.09707539
221543	5890	0.09707539
221543	368	0.09707538
221557	801	0.10029775
221557	3120	0.10029775
221557	3785	0.10029775
221557	5121	0.10029775
221557	6222	0.10029775
221557	400	0.10029774
221557	686	0.100297734
221557	1087	0.100297734
221557	1389	0.100297734
221557	1492	0.100297734
221655	3971	0.11600894
221655	6912	0.11600894
221655	997	0.11600893
221655	387	0.11600892
221655	478	0.11600892
221655	1455	0.11600892
221655	2138	0.11600892
221655	5031	0.11600892
221655	5246	0.11600892
221655	5886	0.11600892
221672	2519	0.07322854
221672	3722	0.07322854
221672	2822	0.07322853
221672	1078	0.072769865
221672	6840	0.07256923
221672	231	0.07256922
221672	760	0.07256922
221672	1022	0.07256922
221672	1619	0.07256922
221672	2950	0.07256922
221681	4176	0.07938258
221681	6216	0.07938258
221681	231	0.079382576
221681	1619	0.079382576
221681	5129	0.079382576
221681	6840	0.079382576
221681	668	0.07938257
221681	677	0.07938257
221681	851	0.07938257
221681	1022	0.07938257
221687	2419	0.076839454
221687	884	0.07683945
221687	1648	0.07683945
221687	3870	0.07683945
221687	4080	0.07683945
221687	4673	0.07683945
221687	222	0.07683944
221687	4472	0.07683944
221687	4938	0.07683944
221687	638	0.07683943
221705	890	0.1575544
221705	3971	0.1575544
221705	387	0.15755439
221705	478	0.15755439
221705	645	0.15755439
221705	1094	0.15755439
221705	1146	0.15755439
221705	3452	0.15755439
221705	3897	0.15755439
221705	4076	0.15755439
221732	1177	0.14053324
221732	4299	0.14053324
221732	4806	0.14053324
221732	6318	0.14053324
221732	6530	0.14053324
221732	6762	0.14053324
221732	1221	0.14053322
221732	5085	0.14053322
221732	297	0.14053321
221732	519	0.14053321
221753	6116	0.13160342
221753	3844	0.1316034
221753	2492	0.13160339
221753	4924	0.13160338
221753	6219	0.13160338
221753	972	0.13160336
221753	5378	0.13160336
221753	5927	0.13160336
221753	6793	0.13160336
221753	1860	0.13160335
221777	5731	0.12755287
221777	4103	0.12755285
221777	6149	0.12755285
221777	920	0.12755284
221777	1621	0.12755284
221777	1848	0.12755284
221777	3657	0.12755284
221777	4496	0.12755284
221777	5376	0.12755284
221777	5473	0.12755284
221870	3477	0.1143422
221870	425	0.11218341
221870	1524	0.11218333
221870	5304	0.11218333
221870	5355	0.11218333
221870	5859	0.11218333
221870	4469	0.112183325
221870	91	0.11218332
221870	3776	0.11218332
221870	4032	0.11218332
221948	1869	0.11969796
221948	2728	0.11969795
221948	6123	0.11969795
221948	6507	0.11969795
221948	124	0.11969794
221948	160	0.11969794
221948	387	0.11969794
221948	478	0.11969794
221948	514	0.11969794
221948	832	0.11969794
221967	3421	0.07207286
221967	5904	0.07199894
221967	6352	0.071998924
221967	191	0.07199891
221967	551	0.07199891
221967	667	0.07199891
221967	953	0.07199891
221967	2022	0.07199891
221967	2361	0.07199891
221967	2936	0.07199891
222034	3866	0.114742935
222034	3853	0.11474292
222034	4718	0.11474292
222034	4727	0.11474292
222034	5454	0.11474292
222034	5729	0.11474292
222034	6643	0.11474292
222034	6674	0.11474292
222034	533	0.11474291
222034	1806	0.11474291
222035	1087	0.097401574
222035	2916	0.097401574
222035	3120	0.097401574
222035	4151	0.097401574
222035	686	0.09740157
222035	801	0.09740157
222035	6222	0.09740157
222035	6236	0.09740157
222035	99	0.09740156
222035	400	0.09740156
222050	49	0.107284546
222050	890	0.107284546
222050	997	0.107284546
222050	1194	0.107284546
222050	1869	0.107284546
222050	2121	0.107284546
222050	2364	0.107284546
222050	2646	0.107284546
222050	3971	0.107284546
222050	5031	0.107284546
222152	3971	0.11183722
222152	5886	0.11183722
222152	1869	0.111837216
222152	5218	0.111837216
222152	387	0.11183721
222152	890	0.11183721
222152	1146	0.11183721
222152	2138	0.11183721
222152	6123	0.11183721
222152	6300	0.11183721
222204	5886	0.12686807
222204	6912	0.12686807
222204	890	0.12686805
222204	1869	0.12686805
222204	3971	0.12686805
222204	4076	0.12686805
222204	5031	0.12686805
222204	24	0.12686804
222204	41	0.12686804
222204	49	0.12686804
222210	6222	0.10706275
222210	801	0.10706274
222210	4151	0.10706274
222210	686	0.107062735
222210	3120	0.107062735
222210	400	0.10706273
222210	1087	0.10706273
222210	1389	0.10706273
222210	1650	0.10706273
222210	2180	0.10706273
222220	5869	0.0968193
222220	4903	0.09681929
222220	4906	0.09681929
222220	711	0.09681928
222220	1567	0.09681928
222220	2653	0.09681928
222220	3359	0.09681928
222220	5335	0.09681928
222220	6429	0.09681928
222220	1874	0.096819274
222296	6152	0.12686792
222296	6601	0.12686792
222296	2518	0.1268679
222296	1362	0.12686789
222296	1958	0.12686789
222296	2017	0.12686789
222296	3749	0.12686789
222296	4446	0.12686789
222296	4991	0.12686789
222296	5427	0.12686789
222353	49	0.13296494
222353	387	0.13296494
222353	890	0.13296494
222353	1415	0.13296494
222353	4076	0.13296494
222353	5031	0.13296494
222353	5886	0.13296494
222353	6123	0.13296494
222353	478	0.13296492
222353	645	0.13296492
222372	244	0.101097405
222372	6265	0.1010974
222372	582	0.10109739
222372	149	0.10109738
222372	632	0.101097375
222372	4599	0.101097375
222372	5437	0.101097375
222372	961	0.10109737
222372	1442	0.10109736
222372	2962	0.10109736
222488	6265	0.1094027
222488	244	0.10940268
222488	632	0.10940267
222488	149	0.10940266
222488	582	0.10940266
222488	961	0.10940266
222488	2962	0.10940265
222488	1442	0.10940264
222488	3548	0.10940264
222488	4045	0.10940264
222492	387	0.11102274
222492	579	0.11102274
222492	775	0.11102274
222492	890	0.11102274
222492	922	0.11102274
222492	997	0.11102274
222492	1058	0.11102274
222492	1455	0.11102274
222492	1869	0.11102274
222492	2121	0.11102274
222501	3971	0.11899066
222501	1869	0.11899065
222501	2138	0.11899065
222501	5886	0.11899065
222501	1403	0.118990645
222501	1455	0.118990645
222501	3559	0.118990645
222501	5031	0.118990645
222501	49	0.11899064
222501	124	0.11899064
222506	1869	0.12874947
222506	4076	0.12874947
222506	5031	0.12874947
222506	5886	0.12874947
222506	24	0.12874946
222506	41	0.12874946
222506	124	0.12874946
222506	387	0.12874946
222506	597	0.12874946
222506	642	0.12874946
222563	387	0.13517576
222563	997	0.13517576
222563	2138	0.13517576
222563	3616	0.13517576
222563	3971	0.13517576
222563	4076	0.13517576
222563	5031	0.13517576
222563	5886	0.13517576
222563	6123	0.13517576
222563	266	0.13517575
222614	890	0.1622659
222614	1455	0.1622659
222614	1869	0.1622659
222614	2138	0.1622659
222614	3971	0.1622659
222614	387	0.16226588
222614	2364	0.16226588
222614	3559	0.16226588
222614	6123	0.16226588
222614	6912	0.16226588
222677	3853	0.09967224
222677	5115	0.09967224
222677	3418	0.09967223
222677	3866	0.09967223
222677	5454	0.09967223
222677	5688	0.09967223
222677	6643	0.09967223
222677	6674	0.09967223
222677	2304	0.09967222
222677	3210	0.09967222
222688	3971	0.10802542
222688	6123	0.10802541
222688	890	0.1080254
222688	997	0.1080254
222688	1194	0.1080254
222688	1869	0.1080254
222688	2138	0.1080254
222688	2364	0.1080254
222688	4076	0.1080254
222688	5886	0.1080254
222716	2204	0.074569605
222716	1478	0.07456957
222716	2228	0.07456957
222716	3317	0.07456956
222716	1607	0.07456955
222716	5309	0.0739398
222716	5619	0.0739398
222716	3403	0.07393979
222716	848	0.07393978
222716	979	0.07393978
222743	890	0.114345014
222743	2121	0.114345014
222743	2138	0.114345014
222743	5031	0.114345014
222743	5886	0.114345014
222743	6507	0.114345014
222743	1455	0.11434501
222743	1869	0.11434501
222743	3616	0.11434501
222743	3971	0.11434501
222788	1146	0.09106888
222788	5805	0.09106888
222788	49	0.09106887
222788	387	0.09106887
222788	890	0.09106887
222788	1869	0.09106887
222788	3971	0.09106887
222788	4323	0.09106887
222788	6123	0.09106887
222788	41	0.091068864
222941	41	0.16375002
222941	387	0.16375002
222941	890	0.16375002
222941	2121	0.16375002
222941	4076	0.16375002
222941	5031	0.16375002
222941	5886	0.16375002
222941	6912	0.16375002
222941	478	0.16375001
222941	1146	0.16375001
223066	1177	0.08492622
223066	4806	0.08492622
223066	6318	0.08492622
223066	6762	0.08492622
223066	1221	0.08492621
223066	2737	0.0849262
223066	3118	0.0849262
223066	3353	0.0849262
223066	3511	0.0849262
223066	4177	0.0849262
223078	2138	0.099089496
223078	5886	0.099089496
223078	890	0.09908949
223078	1058	0.09908949
223078	1094	0.09908949
223078	1869	0.09908949
223078	3971	0.09908949
223078	4076	0.09908949
223078	5031	0.09908949
223078	5896	0.09908949
223087	4984	0.14085367
223087	6909	0.14085367
223087	80	0.14085366
223087	4775	0.14085366
223087	4813	0.14085366
223087	1487	0.14085364
223087	1997	0.14085364
223087	2098	0.14085364
223087	2236	0.14085364
223087	2647	0.14085364
223132	6222	0.1275458
223132	801	0.12754579
223132	1087	0.12754579
223132	1389	0.12754579
223132	3187	0.12754579
223132	4151	0.12754579
223132	400	0.12754577
223132	686	0.12754577
223132	1438	0.12754577
223132	1650	0.12754577
223154	4446	0.106424645
223154	4004	0.10642463
223154	6796	0.10642463
223154	2017	0.10642462
223154	6152	0.10642462
223154	1362	0.106424615
223154	1958	0.106424615
223154	2128	0.106424615
223154	2518	0.106424615
223154	3749	0.106424615
223156	890	0.14362973
223156	5031	0.14362973
223156	5886	0.14362973
223156	1856	0.14362971
223156	24	0.1436297
223156	215	0.1436297
223156	387	0.1436297
223156	478	0.1436297
223156	997	0.1436297
223156	1062	0.1436297
223190	231	0.08561741
223190	4176	0.0856174
223190	1022	0.08561739
223190	5197	0.08561739
223190	5949	0.08561739
223190	6840	0.08561739
223190	668	0.085617386
223190	1034	0.085617386
223190	1619	0.085617386
223190	2956	0.085617386
223201	3971	0.14063539
223201	387	0.14063537
223201	997	0.14063537
223201	1869	0.14063537
223201	3616	0.14063537
223201	3965	0.14063537
223201	5031	0.14063537
223201	5886	0.14063537
223201	6912	0.14063537
223201	597	0.14063536
223210	3971	0.11595572
223210	5886	0.11595572
223210	387	0.11595571
223210	2138	0.11595571
223210	3559	0.11595571
223210	478	0.1159557
223210	922	0.1159557
223210	997	0.1159557
223210	1869	0.1159557
223210	5031	0.1159557
223231	2419	0.073314875
223231	4673	0.073314875
223231	4519	0.07331487
223231	247	0.07331486
223231	819	0.07331486
223231	903	0.07331486
223231	3606	0.07331486
223231	3870	0.07331486
223231	4452	0.07331486
223231	4501	0.07331486
223238	775	0.10539922
223238	1229	0.10539922
223238	1869	0.10539922
223238	5886	0.10539922
223238	5896	0.10539922
223238	5031	0.105399214
223238	6123	0.105399214
223238	6912	0.105399214
223238	24	0.10539921
223238	215	0.10539921
223253	2419	0.119339176
223253	4673	0.11933917
223253	1648	0.11933915
223253	3230	0.11933915
223253	4474	0.11933915
223253	4938	0.11933915
223253	5041	0.119339146
223253	6834	0.119339146
223253	247	0.11933914
223253	752	0.11933914
223325	6630	0.098551065
223325	3628	0.09855105
223325	6591	0.09855105
223325	6592	0.09855105
223325	3938	0.09855104
223325	6690	0.09855104
223325	1978	0.098551035
223325	3002	0.098551035
223325	3045	0.098551035
223325	5607	0.098551035
223402	1869	0.113585666
223402	3971	0.113585666
223402	49	0.11358565
223402	387	0.11358565
223402	890	0.11358565
223402	1229	0.11358565
223402	4076	0.11358565
223402	5886	0.11358565
223402	6915	0.11358565
223402	41	0.11358564
223431	801	0.118378356
223431	2305	0.118378356
223431	4151	0.118378356
223431	109	0.11837835
223431	3187	0.11837835
223431	6222	0.11837835
223431	1087	0.11837834
223431	1389	0.11837834
223431	1650	0.11837834
223431	2180	0.11837834
223438	3971	0.08439977
223438	49	0.08439976
223438	387	0.08439976
223438	890	0.08439976
223438	1869	0.08439976
223438	3164	0.08439976
223438	4076	0.08439976
223438	4323	0.08439976
223438	6123	0.08439976
223438	478	0.08439975
223454	1869	0.15872216
223454	3971	0.15872216
223454	2138	0.15872215
223454	3616	0.15872215
223454	5886	0.15872215
223454	6915	0.15872215
223454	24	0.15872213
223454	579	0.15872213
223454	775	0.15872213
223454	842	0.15872213
223455	6265	0.12955236
223455	244	0.12955233
223455	4045	0.12955233
223455	149	0.12955232
223455	582	0.1295523
223455	632	0.1295523
223455	961	0.1295523
223455	3385	0.1295523
223455	4082	0.1295523
223455	4599	0.1295523
223461	890	0.122883566
223461	3971	0.122883566
223461	6123	0.122883566
223461	387	0.12288356
223461	1869	0.12288356
223461	2121	0.12288356
223461	2138	0.12288356
223461	579	0.12288355
223461	1146	0.12288355
223461	2364	0.12288355
223501	890	0.16925944
223501	387	0.16925943
223501	1062	0.16925943
223501	1856	0.16925943
223501	2121	0.16925943
223501	3965	0.16925943
223501	3971	0.16925943
223501	5031	0.16925943
223501	5505	0.16925943
223501	5709	0.16925943
223530	801	0.13315511
223530	1087	0.13315511
223530	3120	0.13315511
223530	3187	0.13315511
223530	5019	0.13315511
223530	5121	0.13315511
223530	5339	0.13315511
223530	5800	0.13315511
223530	6222	0.13315511
223530	99	0.1331551
223554	4906	0.101634756
223554	248	0.10163474
223554	711	0.10163474
223554	2653	0.10163474
223554	3359	0.10163474
223554	3361	0.10163474
223554	4868	0.10163474
223554	5335	0.10163474
223554	5422	0.10163474
223554	5715	0.10163474
223566	3830	0.086868346
223566	3853	0.086868346
223566	5115	0.086868346
223566	3700	0.08686834
223566	5688	0.08686834
223566	624	0.08686833
223566	1530	0.08686833
223566	1745	0.08686833
223566	2569	0.08686833
223566	3112	0.08686833
223587	687	0.117659554
223587	1199	0.11765953
223587	1227	0.11765951
223587	1041	0.117659494
223587	3401	0.117659494
223587	2518	0.11657381
223587	4446	0.11657381
223587	759	0.1165738
223587	1742	0.116573796
223587	4004	0.116573796
223608	511	0.09578543
223608	1092	0.09578543
223608	4557	0.095785424
223608	5288	0.095785424
223608	6364	0.095785424
223608	6593	0.095785424
223608	2785	0.09578542
223608	3526	0.09578542
223608	4318	0.09578542
223608	5998	0.09578542
223644	765	0.09835723
223644	4867	0.098357216
223644	6458	0.0983572
223644	5646	0.09835719
223644	5731	0.09496287
223644	920	0.094962865
223644	1621	0.094962865
223644	2320	0.094962865
223644	3657	0.094962865
223644	4103	0.094962865
223714	3971	0.0988771
223714	5886	0.098877095
223714	41	0.09887709
223714	124	0.09887709
223714	387	0.09887709
223714	997	0.09887709
223714	1856	0.09887709
223714	1862	0.09887709
223714	5031	0.09887709
223714	6123	0.09887709
223721	1177	0.09152071
223721	4806	0.091520704
223721	3118	0.0915207
223721	4299	0.0915207
223721	6318	0.0915207
223721	6530	0.0915207
223721	2737	0.09152069
223721	3263	0.09152069
223721	6762	0.09152069
223721	589	0.09152068
223768	1869	0.09979956
223768	5886	0.09979956
223768	6123	0.09979956
223768	6507	0.09979956
223768	579	0.09979955
223768	775	0.09979955
223768	997	0.09979955
223768	1393	0.09979955
223768	1856	0.09979955
223768	2138	0.09979955
223787	3935	0.1247844
223787	4686	0.124784395
223787	1951	0.12478438
223787	3090	0.12478438
223787	4454	0.12478437
223787	2340	0.124784365
223787	2769	0.124784365
223787	3496	0.124784365
223787	5560	0.124784365
223787	3330	0.12478436
223814	4387	0.16554022
223814	1610	0.16554019
223814	2986	0.16554019
223814	3929	0.16554019
223814	5974	0.16554019
223814	626	0.16554017
223814	4181	0.16554017
223814	4482	0.16554017
223814	1814	0.16554016
223814	2083	0.16554016
223816	6592	0.12614332
223816	3628	0.1261433
223816	6591	0.1261433
223816	6630	0.1261433
223816	1978	0.12614329
223816	3002	0.12614329
223816	3045	0.12614329
223816	3938	0.12614329
223816	6654	0.12614329
223816	1008	0.12614328
223872	3971	0.12648048
223872	6123	0.12648048
223872	49	0.12648046
223872	775	0.12648046
223872	997	0.12648046
223872	1550	0.12648046
223872	1869	0.12648046
223872	1945	0.12648046
223872	2138	0.12648046
223872	2364	0.12648046
223879	4460	0.07241294
223879	2045	0.07241293
223879	331	0.07241291
223879	1692	0.07241291
223879	2840	0.07241291
223879	1531	0.0724129
223879	2583	0.0724129
223879	2885	0.071374
223879	387	0.070067525
223879	901	0.070067525
223892	6123	0.11774794
223892	478	0.11774793
223892	775	0.11774793
223892	3616	0.11774793
223892	1146	0.117747925
223892	1455	0.117747925
223892	2364	0.117747925
223892	5886	0.117747925
223892	6507	0.117747925
223892	49	0.11774792
223927	848	0.110121354
223927	3797	0.110121354
223927	3902	0.110121354
223927	5309	0.110121354
223927	5619	0.110121354
223927	1646	0.11012134
223927	3403	0.11012134
223927	5165	0.11012133
223927	1678	0.110121325
223927	2290	0.110121325
223953	801	0.09714965
223953	400	0.09714964
223953	686	0.09714964
223953	1389	0.09714964
223953	1650	0.09714964
223953	3785	0.09714964
223953	4151	0.09714964
223953	5037	0.09714964
223953	5121	0.09714964
223953	1045	0.09714963
223954	3848	0.105182365
223954	5830	0.10518235
223954	134	0.10518234
223954	2385	0.105182335
223954	5992	0.105182335
223954	6899	0.105182335
223954	6086	0.10518233
223954	2213	0.10518231
223954	4885	0.104786284
223954	1080	0.10478628
223977	5798	0.10591209
223977	1545	0.10591208
223977	5599	0.10579482
223977	6312	0.10579482
223977	3677	0.10579481
223977	4740	0.10579481
223977	5914	0.10579481
223977	4144	0.1057948
223977	6396	0.1057948
223977	2503	0.105794795
224122	387	0.10284093
224122	997	0.10284093
224122	5886	0.10284093
224122	41	0.10284092
224122	1869	0.10284092
224122	3616	0.10284092
224122	3750	0.10284092
224122	3971	0.10284092
224122	6123	0.10284092
224122	124	0.102840915
224138	3971	0.16236
224138	6912	0.16236
224138	124	0.16235998
224138	832	0.16235998
224138	890	0.16235998
224138	2364	0.16235998
224138	3616	0.16235998
224138	4076	0.16235998
224138	5031	0.16235998
224138	5716	0.16235998
224146	244	0.09977999
224146	6265	0.099779986
224146	4599	0.09977998
224146	149	0.09977996
224146	632	0.09977996
224146	1442	0.09977996
224146	2962	0.09977996
224146	4045	0.09977996
224146	5437	0.09977996
224146	582	0.099779956
224159	642	0.09879729
224159	3971	0.09879729
224159	6123	0.09879729
224159	997	0.098797284
224159	1869	0.098797284
224159	6912	0.098797284
224159	387	0.09879728
224159	478	0.09879728
224159	579	0.09879728
224159	775	0.09879728
224209	2419	0.07668713
224209	247	0.07668712
224209	884	0.07668712
224209	3606	0.07668712
224209	4673	0.07668712
224209	4938	0.07668712
224209	6834	0.07668712
224209	819	0.07668711
224209	942	0.07668711
224209	2076	0.07668711
224236	6851	0.09174441
224236	4007	0.09174439
224236	4856	0.09174439
224236	482	0.09174438
224236	4382	0.09174438
224236	4986	0.09174437
224236	2988	0.09174436
224236	5315	0.09174436
224236	6749	0.09174436
224236	1394	0.091744356
224249	4176	0.13738483
224249	6216	0.13738483
224249	231	0.13738482
224249	668	0.1373848
224249	1022	0.1373848
224249	1619	0.1373848
224249	4000	0.1373848
224249	5129	0.1373848
224249	5197	0.1373848
224249	6840	0.1373848
224289	511	0.114160255
224289	1092	0.11416025
224289	4318	0.11416025
224289	5998	0.11416025
224289	3526	0.11416024
224289	5288	0.11416024
224289	6593	0.11416024
224289	6364	0.11416023
224289	6880	0.11416023
224289	245	0.114160225
224303	5718	0.11509894
224303	1741	0.11509892
224303	2446	0.11509892
224303	5986	0.115098916
224303	6332	0.115098916
224303	1177	0.11242889
224303	4806	0.11242889
224303	4299	0.112428874
224303	6318	0.112428874
224303	6530	0.112428874
224308	1869	0.09974532
224308	3971	0.09974532
224308	997	0.09974531
224308	6123	0.09974531
224308	387	0.0997453
224308	597	0.0997453
224308	832	0.0997453
224308	842	0.0997453
224308	1393	0.0997453
224308	1504	0.0997453
224340	6265	0.114980295
224340	244	0.11498029
224340	149	0.11498028
224340	632	0.11498028
224340	4599	0.11498028
224340	582	0.11498027
224340	4045	0.11498027
224340	961	0.114980265
224340	4082	0.114980265
224340	5437	0.114980265
224342	1869	0.09251633
224342	3616	0.09251633
224342	5031	0.09251633
224342	5886	0.092516325
224342	215	0.09251632
224342	328	0.09251632
224342	387	0.09251632
224342	478	0.09251632
224342	810	0.09251632
224342	890	0.09251632
224349	1869	0.12160522
224349	3971	0.12160522
224349	5886	0.12160522
224349	1340	0.12160521
224349	6123	0.12160521
224349	49	0.1216052
224349	387	0.1216052
224349	832	0.1216052
224349	997	0.1216052
224349	1194	0.1216052
224430	5835	0.12114595
224430	3445	0.12114593
224430	6333	0.12114593
224430	6869	0.12114593
224430	3808	0.12114592
224430	4495	0.12114592
224430	6428	0.12114592
224430	3583	0.12114591
224430	2383	0.121145904
224430	126	0.1211459
224435	387	0.107902914
224435	1869	0.107902914
224435	6123	0.107902914
224435	3616	0.10790291
224435	124	0.1079029
224435	269	0.1079029
224435	579	0.1079029
224435	642	0.1079029
224435	890	0.1079029
224435	922	0.1079029
224479	387	0.10968409
224479	890	0.10968408
224479	1869	0.10968408
224479	3559	0.10968408
224479	3616	0.10968408
224479	3971	0.10968408
224479	5031	0.10968408
224479	6123	0.10968408
224479	597	0.10968407
224479	832	0.10968407
224525	1610	0.08233896
224525	3929	0.08233895
224525	4387	0.08233895
224525	626	0.082338944
224525	2986	0.082338944
224525	4482	0.082338944
224525	5512	0.082338944
224525	497	0.08233894
224525	3819	0.08233894
224525	4143	0.08233894
224626	387	0.10137451
224626	1146	0.1013745
224626	3971	0.1013745
224626	5031	0.1013745
224626	890	0.10137449
224626	1058	0.10137449
224626	1415	0.10137449
224626	1869	0.10137449
224626	2121	0.10137449
224626	2138	0.10137449
224646	6032	0.07982518
224646	2701	0.07982517
224646	4756	0.07982517
224646	3380	0.07982516
224646	3408	0.07982516
224646	3654	0.07982516
224646	3815	0.07982516
224646	4957	0.07982516
224646	3563	0.079825155
224646	6284	0.079825155
224764	5919	0.14640966
224764	6886	0.14640963
224764	4173	0.14640962
224764	4121	0.1464096
224764	4384	0.1464096
224764	6000	0.1464096
224764	6463	0.1464096
224764	2651	0.14640957
224764	6103	0.14640957
224764	2419	0.14626122
224768	6244	0.11745538
224768	467	0.11745537
224768	2821	0.11745536
224768	3799	0.11745536
224768	4471	0.11745536
224768	4843	0.11745536
224768	6641	0.11745536
224768	3426	0.11745535
224768	3430	0.11745535
224768	4338	0.11745535
224809	49	0.11744082
224809	4323	0.11744082
224809	890	0.11744081
224809	1869	0.11744081
224809	387	0.117440805
224809	832	0.117440805
224809	1856	0.117440805
224809	2121	0.117440805
224809	2736	0.117440805
224809	3897	0.117440805
224904	3971	0.111027144
224904	890	0.11102714
224904	1869	0.11102714
224904	2138	0.11102714
224904	3616	0.11102714
224904	5031	0.11102714
224904	5886	0.11102714
224904	6912	0.11102714
224904	387	0.11102713
224904	3822	0.11102713
224923	3560	0.13376895
224923	1256	0.13376892
224923	1902	0.13376892
224923	2360	0.13376892
224923	2382	0.13376892
224923	3391	0.13376892
224923	3427	0.13376892
224923	3510	0.13376892
224923	3694	0.13376892
224923	4367	0.13376892
224927	5871	0.12594235
224927	3151	0.12594232
224927	4410	0.12594232
224927	5292	0.12594232
224927	1960	0.1259423
224927	766	0.12594229
224927	4774	0.12594229
224927	5865	0.12594229
224927	1969	0.12594226
224927	3526	0.12549613
224944	5031	0.1324911
224944	387	0.13249108
224944	478	0.13249108
224944	890	0.13249108
224944	922	0.13249108
224944	986	0.13249108
224944	997	0.13249108
224944	1340	0.13249108
224944	1415	0.13249108
224944	1856	0.13249108
224997	890	0.15085018
224997	1415	0.15085018
224997	2121	0.15085018
224997	5031	0.15085018
224997	6123	0.15085018
224997	376	0.15085016
224997	387	0.15085016
224997	986	0.15085016
224997	997	0.15085016
224997	1393	0.15085016
225002	3971	0.09696031
225002	890	0.096960306
225002	1869	0.096960306
225002	2138	0.096960306
225002	6915	0.096960306
225002	579	0.0969603
225002	1229	0.0969603
225002	24	0.09696029
225002	124	0.09696029
225002	642	0.09696029
225066	1610	0.118111975
225066	4387	0.118111975
225066	2986	0.11811196
225066	4482	0.11811196
225066	990	0.118111946
225066	3929	0.118111946
225066	497	0.11811194
225066	626	0.11811194
225066	2300	0.11811194
225066	3819	0.11811194
225078	1869	0.1087281
225078	3971	0.1087281
225078	5886	0.1087281
225078	775	0.108728096
225078	890	0.108728096
225078	1146	0.108728096
225078	1229	0.108728096
225078	3616	0.108728096
225078	6123	0.108728096
225078	6507	0.108728096
225187	6123	0.10696134
225187	890	0.10696133
225187	387	0.106961325
225187	997	0.106961325
225187	1194	0.106961325
225187	1869	0.106961325
225187	2138	0.106961325
225187	3971	0.106961325
225187	4076	0.106961325
225187	4323	0.106961325
225191	6912	0.10494475
225191	1869	0.10494474
225191	3616	0.10494474
225191	4076	0.10494474
225191	642	0.104944736
225191	775	0.104944736
225191	890	0.104944736
225191	997	0.104944736
225191	2138	0.104944736
225191	2364	0.104944736
225199	1125	0.035237797
225199	5430	0.034969267
225199	2780	0.034969263
225199	5584	0.034969263
225199	364	0.034969255
225199	1826	0.034969255
225199	2606	0.034969255
225199	2636	0.034969255
225199	3435	0.034969255
225199	6260	0.034969255
225378	5031	0.10463386
225378	1869	0.10463385
225378	3616	0.10463385
225378	3971	0.10463385
225378	890	0.104633845
225378	1340	0.104633845
225378	5886	0.104633845
225378	387	0.10463384
225378	478	0.10463384
225378	628	0.10463384
225379	3018	0.17157133
225379	3937	0.17157131
225379	5703	0.17157131
225379	5821	0.17157131
225379	6418	0.17157131
225379	6608	0.17157131
225379	3012	0.1715713
225379	279	0.17157128
225379	471	0.17157128
225379	606	0.17157128
225411	231	0.10480984
225411	4176	0.104809836
225411	5197	0.10480983
225411	668	0.10480982
225411	1619	0.10480982
225411	1723	0.10480982
225411	4000	0.10480982
225411	6840	0.10480982
225411	4068	0.10480981
225411	4987	0.10480981
225435	3971	0.11206092
225435	6123	0.11206092
225435	2138	0.11206091
225435	3452	0.11206091
225435	4076	0.11206091
225435	6915	0.11206091
225435	49	0.112060905
225435	890	0.112060905
225435	1194	0.112060905
225435	1869	0.112060905
225449	997	0.12038912
225449	124	0.120389104
225449	478	0.120389104
225449	922	0.120389104
225449	1062	0.120389104
225449	1856	0.120389104
225449	3559	0.120389104
225449	3616	0.120389104
225449	3897	0.120389104
225449	5031	0.120389104
225542	4770	0.10226018
225542	1133	0.100349054
225542	4265	0.100349054
225542	2466	0.10034904
225542	5244	0.10021797
225542	495	0.10021796
225542	4802	0.10021795
225542	4618	0.10021794
225542	5250	0.10021794
225542	1242	0.10021793
225595	3799	0.11875261
225595	6244	0.11875261
225595	395	0.1187526
225595	2501	0.1187526
225595	467	0.118752584
225595	3426	0.118752584
225595	4338	0.118752584
225595	4843	0.118752584
225595	6689	0.118752584
225595	2821	0.11875258
225617	1869	0.09516804
225617	890	0.095168024
225617	2138	0.095168024
225617	2364	0.095168024
225617	3616	0.095168024
225617	3971	0.095168024
225617	4076	0.095168024
225617	5031	0.095168024
225617	5886	0.095168024
225617	5896	0.095168024
225683	4806	0.10850365
225683	1177	0.10850364
225683	6530	0.10850364
225683	2737	0.10850363
225683	3263	0.10850363
225683	5691	0.10850363
225683	6139	0.10850363
225683	2116	0.108503625
225683	4133	0.108503625
225683	4299	0.108503625
225686	5417	0.10707477
225686	4243	0.10707475
225686	1467	0.10707472
225686	244	0.10706872
225686	6265	0.10706872
225686	149	0.1070687
225686	4045	0.1070687
225686	632	0.107068695
225686	4599	0.107068695
225686	2962	0.10706869
225810	2726	0.068517834
225810	1567	0.068359494
225810	4906	0.068359494
225810	711	0.06835949
225810	4903	0.06835949
225810	5335	0.06835949
225810	248	0.06835948
225810	1585	0.06835948
225810	1874	0.06835948
225810	2653	0.06835948
225886	6318	0.11121237
225886	6762	0.11121237
225886	1177	0.11121236
225886	1221	0.11121236
225886	4299	0.11121236
225886	4806	0.11121236
225886	5085	0.11121236
225886	6530	0.11121236
225886	6208	0.11121235
225886	1255	0.11121234
225887	3853	0.13247052
225887	6310	0.13247052
225887	3866	0.1324705
225887	4595	0.1324705
225887	4727	0.1324705
225887	5454	0.1324705
225887	6643	0.1324705
225887	6674	0.1324705
225887	533	0.13247049
225887	624	0.13247049
225912	2138	0.11413746
225912	1869	0.114137456
225912	2364	0.114137456
225912	3971	0.114137456
225912	4076	0.114137456
225912	5896	0.114137456
225912	6912	0.114137456
225912	3616	0.11413745
225912	5886	0.11413745
225912	6507	0.11413745
225938	1869	0.118152544
225938	3971	0.118152544
225938	387	0.11815253
225938	3616	0.11815253
225938	5886	0.11815253
225938	6912	0.11815253
225938	124	0.11815252
225938	997	0.11815252
225938	2364	0.11815252
225938	49	0.118152514
225986	3425	0.10884031
225986	5364	0.10884029
225986	6025	0.10884028
225986	399	0.10884027
225986	565	0.10884027
225986	1918	0.10884027
225986	4899	0.10884027
225986	5330	0.10884027
225986	2907	0.108840264
225986	2581	0.10884026
225989	5890	0.1153657
225989	1793	0.11536569
225989	5695	0.11536569
225989	111	0.115365684
225989	4692	0.115365684
225989	1537	0.11536568
225989	3198	0.11536568
225989	3303	0.11536567
225989	4721	0.11536567
225989	4729	0.11536567
225996	5033	0.11407797
225996	520	0.11407796
225996	6810	0.11407793
225996	5653	0.114077926
225996	6147	0.114077926
225996	997	0.11329527
225996	3559	0.11329527
225996	6123	0.11329527
225996	6912	0.11329527
225996	41	0.113295265
226006	1092	0.12208323
226006	511	0.122083224
226006	6364	0.12208322
226006	2796	0.12208321
226006	5998	0.12208321
226006	617	0.1220832
226006	3097	0.1220832
226006	3526	0.1220832
226006	4141	0.1220832
226006	4557	0.1220832
226205	5121	0.14448136
226205	801	0.14448135
226205	686	0.14448133
226205	1087	0.14448133
226205	1389	0.14448133
226205	2145	0.14448133
226205	2305	0.14448133
226205	2916	0.14448133
226205	3120	0.14448133
226205	3219	0.14448133
226267	3644	0.10011642
226267	4984	0.10011642
226267	80	0.1001164
226267	3868	0.1001164
226267	4813	0.1001164
226267	6178	0.1001164
226267	1487	0.10011639
226267	3271	0.10011639
226267	3664	0.10011639
226267	3890	0.10011639
226349	387	0.088300705
226349	890	0.088300705
226349	986	0.088300705
226349	997	0.088300705
226349	1146	0.088300705
226349	1869	0.088300705
226349	2138	0.088300705
226349	3971	0.088300705
226349	5805	0.088300705
226349	5886	0.088300705
226393	511	0.09729413
226393	5288	0.09729413
226393	1092	0.09729412
226393	4318	0.09729412
226393	4557	0.09729412
226393	5998	0.09729412
226393	6364	0.09729412
226393	6593	0.09729412
226393	245	0.097294115
226393	3526	0.097294115
226394	5731	0.107848845
226394	1848	0.10784884
226394	4103	0.10784884
226394	2450	0.10784883
226394	3657	0.10784883
226394	6149	0.10784883
226394	920	0.10784882
226394	1621	0.10784882
226394	3143	0.10784882
226394	3786	0.10784882
226462	5731	0.13907288
226462	1621	0.13907287
226462	1848	0.13907287
226462	4103	0.13907287
226462	1258	0.13907285
226462	2450	0.13907285
226462	4496	0.13907285
226462	6149	0.13907285
226462	6465	0.13907285
226462	396	0.13907284
226482	1869	0.12030028
226482	3971	0.12030028
226482	997	0.12030027
226482	6123	0.12030027
226482	2138	0.12030026
226482	3559	0.12030026
226482	3616	0.12030026
226482	5886	0.12030026
226482	6507	0.12030026
226482	6912	0.12030026
226545	3971	0.14815345
226545	5031	0.14815344
226545	24	0.14815342
226545	49	0.14815342
226545	124	0.14815342
226545	266	0.14815342
226545	387	0.14815342
226545	832	0.14815342
226545	890	0.14815342
226545	997	0.14815342
226553	3560	0.13402966
226553	4885	0.13402964
226553	489	0.13402963
226553	1080	0.13402963
226553	2382	0.13402963
226553	3427	0.13402963
226553	4411	0.13402963
226553	4960	0.13402963
226553	5785	0.13402963
226553	6555	0.13402963
226554	3971	0.10261509
226554	2138	0.10261508
226554	49	0.10261507
226554	387	0.10261507
226554	478	0.10261507
226554	890	0.10261507
226554	1340	0.10261507
226554	1869	0.10261507
226554	3188	0.10261507
226554	3452	0.10261507
226616	49	0.12769908
226616	1146	0.12769908
226616	3971	0.12769908
226616	1031	0.12769906
226616	1194	0.12769906
226616	1415	0.12769906
226616	1856	0.12769906
226616	2364	0.12769906
226616	2655	0.12769906
226616	5218	0.12769906
226702	387	0.10312642
226702	41	0.10312641
226702	124	0.10312641
226702	478	0.10312641
226702	890	0.10312641
226702	922	0.10312641
226702	997	0.10312641
226702	1146	0.10312641
226702	1471	0.10312641
226702	2356	0.10312641
226713	3971	0.10088161
226713	5031	0.10088161
226713	5886	0.10088161
226713	6123	0.10088161
226713	890	0.1008816
226713	997	0.1008816
226713	1869	0.1008816
226713	4880	0.1008816
226713	5716	0.1008816
226713	6912	0.1008816
226739	3866	0.09705797
226739	4241	0.09705797
226739	6674	0.09705797
226739	4595	0.09705796
226739	4718	0.09705796
226739	5115	0.09705796
226739	6643	0.09705796
226739	6768	0.09705796
226739	533	0.09705795
226739	1806	0.09705795
226745	6655	0.10060172
226745	2933	0.10060171
226745	3378	0.1006017
226745	5471	0.1006017
226745	6585	0.1006017
226745	6645	0.1006017
226745	6680	0.100601695
226745	5472	0.10060169
226745	4176	0.10038359
226745	6216	0.10038358
226772	1610	0.090312734
226772	4143	0.090312734
226772	4387	0.090312734
226772	626	0.09031273
226772	2986	0.09031273
226772	990	0.09031272
226772	3172	0.09031272
226772	3929	0.09031272
226772	4290	0.09031272
226772	4482	0.09031272
226874	6831	0.06637056
226874	6581	0.06637052
226874	2492	0.06601493
226874	6116	0.06601493
226874	972	0.06601492
226874	3844	0.06601492
226874	4924	0.066014916
226874	6793	0.066014916
226874	1860	0.0660149
226874	6219	0.0660149
226879	5672	0.050375976
226879	5331	0.05037597
226879	6756	0.05037596
226879	828	0.050375953
226879	4833	0.05037595
226879	6273	0.05037595
226879	4488	0.050375946
226879	5343	0.050375946
226879	4351	0.05037594
226879	1539	0.050367337
226926	5886	0.12637669
226926	478	0.12637667
226926	6033	0.12637667
226926	6123	0.12637667
226926	6507	0.12637667
226926	124	0.12637666
226926	160	0.12637666
226926	328	0.12637666
226926	642	0.12637666
226926	775	0.12637666
226965	4775	0.09279227
226965	6909	0.09279227
226965	3644	0.092792265
226965	4984	0.092792265
226965	5151	0.092792265
226965	1487	0.09279226
226965	1997	0.09279226
226965	2098	0.09279226
226965	2236	0.09279226
226965	3271	0.09279226
226976	2138	0.11059762
226976	3971	0.11059762
226976	5886	0.11059762
226976	6123	0.11059762
226976	387	0.11059761
226976	775	0.11059761
226976	890	0.11059761
226976	986	0.11059761
226976	997	0.11059761
226976	1062	0.11059761
226987	4906	0.09061569
226987	1567	0.090615675
226987	3361	0.090615675
226987	5869	0.090615675
226987	106	0.09061567
226987	2653	0.09061567
226987	5335	0.09061567
226987	5422	0.09061567
226987	248	0.09061566
226987	655	0.09061566
227025	5031	0.094838366
227025	6912	0.094838366
227025	124	0.09483836
227025	890	0.09483836
227025	1062	0.09483836
227025	3616	0.09483836
227025	3971	0.09483836
227025	24	0.09483835
227025	41	0.09483835
227025	376	0.09483835
227054	325	0.06312442
227054	2148	0.062172957
227054	947	0.06217295
227054	1764	0.06217295
227054	1995	0.06217295
227054	2029	0.06217295
227054	2603	0.062172946
227054	3290	0.062172946
227054	6552	0.062172946
227054	1168	0.062172942
227072	1869	0.14907421
227072	579	0.1490742
227072	2138	0.1490742
227072	3616	0.1490742
227072	3971	0.1490742
227072	5886	0.1490742
227072	5896	0.1490742
227072	215	0.14907418
227072	775	0.14907418
227072	997	0.14907418
227097	4813	0.09617347
227097	4984	0.09617347
227097	6909	0.09617347
227097	3644	0.096173465
227097	80	0.09617346
227097	3890	0.09617346
227097	5780	0.09617346
227097	1487	0.09617345
227097	2647	0.09617345
227097	3271	0.09617345
227146	2220	0.10046199
227146	3853	0.10046199
227146	3866	0.10046199
227146	6310	0.10046199
227146	6643	0.10046199
227146	6674	0.10046199
227146	3418	0.10046198
227146	3493	0.10046198
227146	533	0.100461975
227146	938	0.100461975
227192	6152	0.12766148
227192	2017	0.12766147
227192	2518	0.12766147
227192	3749	0.12766147
227192	4004	0.12766147
227192	1362	0.12766145
227192	2184	0.12766145
227192	4446	0.12766145
227192	4789	0.12766145
227192	6601	0.12766145
227250	4906	0.12592134
227250	1567	0.12592132
227250	248	0.12592131
227250	2207	0.12592131
227250	2653	0.12592131
227250	4493	0.12592131
227250	5086	0.12592131
227250	655	0.1259213
227250	1349	0.1259213
227250	3361	0.1259213
227282	387	0.096489236
227282	3971	0.096489236
227282	1869	0.09648923
227282	49	0.09648922
227282	579	0.09648922
227282	922	0.09648922
227282	2138	0.09648922
227282	3616	0.09648922
227282	4323	0.09648922
227282	5218	0.09648922
227292	2705	0.097010985
227292	467	0.09588135
227292	4843	0.09588135
227292	3430	0.09588134
227292	3799	0.09588134
227292	4338	0.09588134
227292	4471	0.09588134
227292	6244	0.09588134
227292	6689	0.09588134
227292	5958	0.095881335
227295	4623	0.115547605
227295	1177	0.115161076
227295	3118	0.115161054
227295	1221	0.11516105
227295	2737	0.11516105
227295	4806	0.11516105
227295	6318	0.11516105
227295	6762	0.11516105
227295	3263	0.11516104
227295	6208	0.11516104
227327	1539	0.065187745
227327	2667	0.06518773
227327	891	0.06518772
227327	2388	0.06518772
227327	4368	0.06518772
227327	5592	0.06518772
227327	5008	0.065187715
227327	5146	0.065187715
227327	1899	0.06518771
227327	5113	0.06518771
227397	4388	0.1771901
227397	4536	0.17719008
227397	1312	0.17719007
227397	2105	0.17719007
227397	2616	0.17719007
227397	3297	0.17719007
227397	4417	0.17719007
227397	5681	0.17719007
227397	6659	0.17719007
227397	205	0.17719005
227413	1695	0.11073938
227413	5595	0.11073937
227413	4678	0.110739365
227413	5162	0.110739365
227413	1801	0.11073936
227413	2678	0.11073936
227413	6256	0.11073936
227413	1450	0.11073935
227413	4403	0.11073935
227413	4964	0.11073935
227422	387	0.090000436
227422	1869	0.090000436
227422	3971	0.090000436
227422	41	0.09000042
227422	215	0.09000042
227422	273	0.09000042
227422	579	0.09000042
227422	642	0.09000042
227422	901	0.09000042
227422	997	0.09000042
227447	149	0.13242033
227447	244	0.13242033
227447	6265	0.13242033
227447	582	0.13242032
227447	632	0.1324203
227447	2962	0.1324203
227447	3548	0.1324203
227447	4045	0.1324203
227447	4082	0.1324203
227447	4599	0.1324203
227467	3425	0.14150134
227467	1918	0.14150131
227467	4899	0.14150131
227467	5330	0.14150131
227467	5364	0.14150131
227467	6025	0.14150131
227467	565	0.1415013
227467	2581	0.1415013
227467	2907	0.1415013
227467	3791	0.1415013
227520	1719	0.1391949
227520	5388	0.1391949
227520	139	0.13919488
227520	2470	0.13919488
227520	4503	0.13919488
227520	6564	0.13919488
227520	4516	0.13919485
227520	4972	0.13919485
227520	5744	0.13919485
227520	3602	0.13919482
227544	5031	0.10192168
227544	5886	0.10192168
227544	387	0.10192166
227544	478	0.10192166
227544	890	0.10192166
227544	1856	0.10192166
227544	1869	0.10192166
227544	2121	0.10192166
227544	2138	0.10192166
227544	2736	0.10192166
227591	41	0.07769509
227591	1869	0.07769509
227591	3971	0.07769509
227591	124	0.07769508
227591	997	0.07769508
227591	6912	0.07769508
227591	119	0.07769507
227591	156	0.07769507
227591	215	0.07769507
227591	273	0.07769507
227654	5794	0.10227522
227654	3247	0.10227516
227654	4867	0.101754755
227654	765	0.10175475
227654	5646	0.10175473
227654	6458	0.101754725
227654	2479	0.10140574
227654	1778	0.101405725
227654	5489	0.10140571
227654	1443	0.1014057
227681	387	0.08524692
227681	890	0.08524692
227681	997	0.08524692
227681	1062	0.08524692
227681	1393	0.08524692
227681	1455	0.08524692
227681	2121	0.08524692
227681	3559	0.08524692
227681	5031	0.08524692
227681	5218	0.08524692
227702	3971	0.13630116
227702	124	0.13630114
227702	3616	0.13630114
227702	5031	0.13630114
227702	6912	0.13630114
227702	24	0.13630113
227702	41	0.13630113
227702	215	0.13630113
227702	266	0.13630113
227702	387	0.13630113
227705	2885	0.1337552
227705	4460	0.13361204
227705	2045	0.13361202
227705	1692	0.13361199
227705	2840	0.13361198
227705	1531	0.13361196
227705	331	0.13361195
227705	2583	0.13361195
227705	4906	0.12968145
227705	5086	0.12968145
227771	6265	0.11801975
227771	244	0.118019745
227771	4045	0.11801974
227771	582	0.11801973
227771	2962	0.11801973
227771	4599	0.11801973
227771	149	0.118019715
227771	632	0.118019715
227771	961	0.118019715
227771	1442	0.118019715
227836	3971	0.11928544
227836	387	0.119285434
227836	890	0.11928543
227836	5886	0.11928543
227836	41	0.11928542
227836	478	0.11928542
227836	922	0.11928542
227836	1146	0.11928542
227836	1862	0.11928542
227836	2138	0.11928542
227859	759	0.09427662
227859	2518	0.09427662
227859	4004	0.09427662
227859	4446	0.09427662
227859	2017	0.094276614
227859	1012	0.09427661
227859	1344	0.09427661
227859	1362	0.09427661
227859	1742	0.09427661
227859	1958	0.09427661
227884	598	0.07561454
227884	1949	0.07561454
227884	902	0.07561453
227884	1875	0.07561452
227884	122	0.074432604
227884	4103	0.073529646
227884	4703	0.073529646
227884	5731	0.073529646
227884	605	0.07352963
227884	1042	0.07352963
227925	4004	0.11857867
227925	4446	0.11857867
227925	2518	0.118578665
227925	6152	0.11857866
227925	6601	0.11857866
227925	6796	0.11857866
227925	1362	0.11857865
227925	3749	0.11857865
227925	4789	0.11857865
227925	5980	0.11857865
228021	3971	0.16041249
228021	6123	0.16041249
228021	1869	0.16041248
228021	24	0.16041246
228021	49	0.16041246
228021	124	0.16041246
228021	387	0.16041246
228021	478	0.16041246
228021	579	0.16041246
228021	645	0.16041246
228108	1306	0.1136325
228108	5232	0.11363247
228108	5583	0.11363247
228108	6427	0.11363247
228108	4400	0.11363246
228108	4693	0.11363246
228108	4698	0.11363245
228108	6775	0.11363244
228108	2323	0.11363243
228108	5086	0.11241687
228154	495	0.117053576
228154	5244	0.11705357
228154	4802	0.11705356
228154	3128	0.11705355
228154	4618	0.11705355
228154	5250	0.11705355
228154	5498	0.11705354
228154	1242	0.11705353
228154	2202	0.11705353
228154	6739	0.11705353
228181	4623	0.114403926
228181	1177	0.11252549
228181	3118	0.11252548
228181	4806	0.11252548
228181	1221	0.11252546
228181	3263	0.11252546
228181	6318	0.11252546
228181	6762	0.11252546
228181	2737	0.112525456
228181	4650	0.112525456
228206	3425	0.10343285
228206	1918	0.10343282
228206	3779	0.10343282
228206	6025	0.10343282
228206	2907	0.10343281
228206	4899	0.10343281
228206	5364	0.10343281
228206	399	0.103432804
228206	2581	0.103432804
228206	3791	0.103432804
228245	3971	0.1324764
228245	5031	0.1324764
228245	41	0.13247639
228245	387	0.13247639
228245	478	0.13247639
228245	597	0.13247639
228245	890	0.13247639
228245	1146	0.13247639
228245	1340	0.13247639
228245	1393	0.13247639
228311	247	0.07975376
228311	2419	0.07975376
228311	3230	0.07975376
228311	4673	0.07975376
228311	4758	0.07975376
228311	819	0.07975375
228311	4501	0.07975375
228311	5639	0.07975375
228311	5864	0.07975375
228311	6231	0.07975375
228313	1869	0.1497176
228313	3971	0.1497176
228313	2138	0.14971758
228313	6912	0.14971758
228313	41	0.14971757
228313	387	0.14971757
228313	579	0.14971757
228313	642	0.14971757
228313	775	0.14971757
228313	890	0.14971757
228321	6435	0.13035814
228321	3991	0.13035813
228321	1218	0.13035811
228321	3321	0.1303581
228321	3447	0.1303581
228321	3469	0.1303581
228321	3982	0.1303581
228321	3971	0.12927067
228321	5031	0.12927067
228321	124	0.12927066
228351	4885	0.120162286
228351	3560	0.12016226
228351	729	0.120162256
228351	4962	0.120162256
228351	6555	0.120162256
228351	489	0.12016225
228351	854	0.12016225
228351	1080	0.12016225
228351	1170	0.12016225
228351	1363	0.12016225
228445	3434	0.15658525
228445	4796	0.15658525
228445	3510	0.15658523
228445	4885	0.15658523
228445	6555	0.15658523
228445	489	0.15658522
228445	1413	0.15658522
228445	1758	0.15658522
228445	2227	0.15658522
228445	2274	0.15658522
228455	5059	0.106925815
228455	6559	0.106925815
228455	89	0.106830716
228455	848	0.10652907
228455	5619	0.10652907
228455	2768	0.10652906
228455	3797	0.10652906
228455	3902	0.10652906
228455	3970	0.10652906
228455	5309	0.10652906
228477	4446	0.107746825
228477	2518	0.10774681
228477	4004	0.10774681
228477	6601	0.10774681
228477	2017	0.1077468
228477	2128	0.1077468
228477	6152	0.1077468
228477	6612	0.1077468
228477	595	0.107746795
228477	759	0.107746795
228579	1621	0.13254493
228579	4103	0.13254493
228579	6279	0.13254493
228579	2209	0.13254492
228579	4703	0.13254492
228579	5731	0.13254492
228579	6149	0.13254492
228579	6670	0.13254492
228579	398	0.1325449
228579	920	0.1325449
228652	679	0.07654239
228652	186	0.07560927
228652	2970	0.07560927
228652	6516	0.07560927
228652	3937	0.07499112
228652	6418	0.07499112
228652	4065	0.074991114
228652	1575	0.07499111
228652	2428	0.07499111
228652	3018	0.07499111
228681	4446	0.045945287
228681	4004	0.045945283
228681	2128	0.04594528
228681	3749	0.04594528
228681	5980	0.04594528
228681	6796	0.04594528
228681	4789	0.045945276
228681	5656	0.045945276
228681	759	0.04594527
228681	1012	0.04594527
228727	3380	0.10355619
228727	3654	0.10355618
228727	6032	0.10355618
228727	2701	0.10355617
228727	3408	0.10355617
228727	3563	0.10355617
228727	4756	0.10355617
228727	4957	0.10355617
228727	6284	0.10355617
228727	6439	0.10355617
228738	387	0.09418301
228738	890	0.09418301
228738	922	0.09418301
228738	2138	0.09418301
228738	3971	0.09418301
228738	6912	0.09418301
228738	215	0.094183005
228738	997	0.094183005
228738	1062	0.094183005
228738	1869	0.094183005
228764	425	0.17350157
228764	5355	0.17350148
228764	4469	0.17350145
228764	91	0.17350143
228764	1185	0.17350143
228764	1524	0.17350143
228764	3776	0.17350143
228764	4032	0.17350142
228764	5304	0.17350142
228764	5859	0.1735014
228789	2419	0.13541856
228789	3606	0.13541855
228789	247	0.13541853
228789	884	0.13541853
228789	1648	0.13541853
228789	3230	0.13541853
228789	3443	0.13541853
228789	3870	0.13541853
228789	4080	0.13541853
228789	4472	0.13541853
228868	5760	0.08456206
228868	4486	0.08448538
228868	11	0.084485345
228868	5503	0.084485345
228868	5435	0.08448534
228868	1965	0.08433911
228868	859	0.084339105
228868	2359	0.084339105
228868	6023	0.0843391
228868	4099	0.08433909
228998	425	0.0917858
228998	4469	0.091785744
228998	5304	0.091785744
228998	91	0.09178574
228998	3776	0.09178574
228998	5355	0.09178574
228998	1524	0.09178573
228998	4032	0.09178573
228998	5321	0.09178573
228998	5859	0.09178573
229011	1719	0.1534872
229011	139	0.15348718
229011	4503	0.15348718
229011	4972	0.15348718
229011	5388	0.15348718
229011	2470	0.15348715
229011	5744	0.15348715
229011	6564	0.15348715
229011	3602	0.15348713
229011	4516	0.15348712
229055	2252	0.096995905
229055	2108	0.09699589
229055	3242	0.09699589
229055	5418	0.096995875
229055	6597	0.09699587
229055	6817	0.09699586
229055	511	0.0924612
229055	6880	0.0924612
229055	2643	0.09246119
229055	4557	0.09246119
229177	626	0.11272006
229177	4143	0.11272006
229177	4387	0.11272006
229177	1610	0.11272005
229177	2986	0.11272005
229177	3929	0.11272005
229177	497	0.11272004
229177	1733	0.11272004
229177	3819	0.11272004
229177	5974	0.11272004
229243	3866	0.12163299
229243	3853	0.121632986
229243	4718	0.121632986
229243	6310	0.121632986
229243	533	0.12163298
229243	3493	0.12163298
229243	4595	0.12163298
229243	4727	0.12163298
229243	5454	0.12163298
229243	6674	0.12163298
229313	5610	0.14990374
229313	111	0.14778042
229313	4729	0.14778039
229313	5695	0.14778037
229313	5890	0.14778037
229313	368	0.14778036
229313	1537	0.14778036
229313	1793	0.14778036
229313	2099	0.14778036
229313	3303	0.14778036
229331	4906	0.11594826
229331	1567	0.115948245
229331	4493	0.115948245
229331	5086	0.115948245
229331	106	0.11594824
229331	2207	0.11594824
229331	3356	0.11594824
229331	3361	0.11594824
229331	5295	0.11594824
229331	5869	0.11594824
229334	319	0.11063144
229334	5988	0.11063144
229334	5256	0.110631436
229334	1138	0.11063142
229334	5647	0.110631414
229334	4274	0.11063141
229334	5530	0.11063141
229334	1679	0.10997453
229334	152	0.10997452
229334	1457	0.10997452
229409	3700	0.107592836
229409	3830	0.107592836
229409	3853	0.107592836
229409	3866	0.107592836
229409	4241	0.107592836
229409	4595	0.107592836
229409	5729	0.107592836
229409	6109	0.107592836
229409	6643	0.107592836
229409	6674	0.107592836
229448	41	0.10193979
229448	3616	0.10193979
229448	24	0.10193978
229448	997	0.10193978
229448	1552	0.10193978
229448	1869	0.10193978
229448	2121	0.10193978
229448	2364	0.10193978
229448	3750	0.10193978
229448	3971	0.10193978
229454	3866	0.08397879
229454	5454	0.08397878
229454	2220	0.08397877
229454	2922	0.08397877
229454	3019	0.08397877
229454	3210	0.08397877
229454	3700	0.08397877
229454	3980	0.08397877
229454	4595	0.08397877
229454	4727	0.08397877
229496	3598	0.10269413
229496	2443	0.102694124
229496	2204	0.10260673
229496	3317	0.10260669
229496	1478	0.10260667
229496	2228	0.10260667
229496	1607	0.102606654
229496	852	0.10210352
229496	2313	0.1021035
229496	4254	0.1021035
229502	489	0.12650543
229502	854	0.12650543
229502	2595	0.12650543
229502	3560	0.12650543
229502	3658	0.12650543
229502	3694	0.12650543
229502	4224	0.12650543
229502	4796	0.12650543
229502	4817	0.12650543
229502	6555	0.12650543
229551	3716	0.04654856
229551	6029	0.04654853
229551	5215	0.04619179
229551	6544	0.04595715
229551	4725	0.045957148
229551	48	0.04595714
229551	83	0.045957137
229551	3182	0.045957133
229551	6519	0.045957133
229551	4946	0.045957126
229632	660	0.10282989
229632	3179	0.10282987
229632	3597	0.10282987
229632	1423	0.102829866
229632	3853	0.10192251
229632	3866	0.10192251
229632	3830	0.101922505
229632	5312	0.101922505
229632	6674	0.101922505
229632	6768	0.101922505
229656	2382	0.10957703
229656	2595	0.10957703
229656	3560	0.10957703
229656	3694	0.10957703
229656	4224	0.10957703
229656	4817	0.10957703
229656	4885	0.10957703
229656	4960	0.10957703
229656	489	0.10957702
229656	968	0.10957702
229681	4906	0.109932244
229681	5335	0.109932244
229681	1567	0.10993224
229681	5086	0.10993224
229681	248	0.10993223
229681	1349	0.10993223
229681	1816	0.10993223
229681	2207	0.10993223
229681	2653	0.10993223
229681	4903	0.10993223
229703	266	0.10395686
229703	387	0.10395686
229703	1869	0.10395686
229703	2121	0.10395686
229703	3971	0.10395686
229703	4226	0.10395686
229703	5031	0.10395686
229703	832	0.103956856
229703	997	0.103956856
229703	2091	0.103956856
229741	387	0.11071335
229741	1058	0.11071335
229741	1869	0.11071335
229741	3616	0.11071335
229741	3971	0.11071335
229741	5031	0.11071335
229741	5886	0.11071335
229741	645	0.11071334
229741	2121	0.11071334
229741	2728	0.11071334
229742	3971	0.09701826
229742	890	0.09701824
229742	1340	0.09701824
229742	1856	0.09701824
229742	2121	0.09701824
229742	3616	0.09701824
229742	5031	0.09701824
229742	5886	0.09701824
229742	6515	0.09701824
229742	124	0.097018234
229767	425	0.06263989
229767	91	0.06263986
229767	1524	0.06263986
229767	3776	0.06263986
229767	5355	0.06263986
229767	5304	0.062639855
229767	4032	0.06263985
229767	4469	0.06263985
229767	1185	0.06263984
229767	5859	0.06263984
229768	1194	0.10657543
229768	4076	0.10657543
229768	5886	0.10657543
229768	1869	0.10657542
229768	2121	0.10657542
229768	3971	0.10657542
229768	6123	0.10657542
229768	41	0.106575415
229768	49	0.106575415
229768	124	0.106575415
229899	2479	0.092800215
229899	1443	0.09280019
229899	1778	0.092800185
229899	2577	0.092800185
229899	4276	0.092800185
229899	5489	0.09280018
229899	73	0.09280017
229899	6846	0.09280017
229899	2891	0.092800155
229899	4071	0.09280015
229922	1411	0.11332722
229922	2196	0.11332719
229922	3379	0.11332719
229922	5158	0.11332719
229922	3206	0.11332716
229922	5350	0.11332716
229922	152	0.11127422
229922	1679	0.11127422
229922	1892	0.11127422
229922	1937	0.11127422
230013	3971	0.12505153
230013	387	0.12505151
230013	4076	0.12505151
230013	124	0.1250515
230013	597	0.1250515
230013	642	0.1250515
230013	832	0.1250515
230013	890	0.1250515
230013	1031	0.1250515
230013	1094	0.1250515
230030	5619	0.096493356
230030	5309	0.09649335
230030	848	0.09649334
230030	3403	0.09649334
230030	2768	0.09649333
230030	3601	0.09649333
230030	3797	0.09649333
230030	3902	0.09649333
230030	6531	0.09649333
230030	6653	0.09649333
230105	2518	0.09431658
230105	4004	0.09431658
230105	4446	0.09431658
230105	759	0.09431657
230105	1362	0.09431657
230105	1742	0.09431657
230105	1958	0.09431657
230105	3749	0.09431657
230105	6601	0.09431657
230105	6612	0.09431657
230115	2022	0.12383056
230115	5904	0.12383056
230115	667	0.12383055
230115	2936	0.12383055
230115	4671	0.12383055
230115	191	0.12383054
230115	2971	0.12383054
230115	3906	0.12383054
230115	4461	0.12383054
230115	551	0.123830535
230180	2518	0.104057565
230180	3749	0.104057565
230180	4004	0.104057565
230180	4446	0.104057565
230180	6601	0.10405756
230180	759	0.10405755
230180	1362	0.10405755
230180	1958	0.10405755
230180	2017	0.10405755
230180	2128	0.10405755
230293	5785	0.09966033
230293	1413	0.09966032
230293	2382	0.09966032
230293	3391	0.09966032
230293	3510	0.09966032
230293	3560	0.09966032
230293	3658	0.09966032
230293	3694	0.09966032
230293	4564	0.09966032
230293	4796	0.09966032
230400	4817	0.10980781
230400	4885	0.10980781
230400	729	0.109807804
230400	854	0.109807804
230400	1902	0.109807804
230400	2360	0.109807804
230400	3115	0.109807804
230400	3510	0.109807804
230400	3560	0.109807804
230400	3694	0.109807804
230428	1869	0.12969929
230428	3616	0.12969929
230428	3971	0.12969929
230428	124	0.12969927
230428	5886	0.12969927
230428	41	0.12969926
230428	328	0.12969926
230428	387	0.12969926
230428	579	0.12969926
230428	685	0.12969926
230496	231	0.13443407
230496	4176	0.13443407
230496	668	0.13443406
230496	1619	0.13443406
230496	6840	0.13443406
230496	677	0.13443404
230496	1022	0.13443404
230496	1723	0.13443404
230496	2402	0.13443404
230496	2409	0.13443404
230626	884	0.08366312
230626	2419	0.08366312
230626	3230	0.08366312
230626	5041	0.08366312
230626	6231	0.08366312
230626	3606	0.08366311
230626	4472	0.08366311
230626	4938	0.08366311
230626	247	0.083663106
230626	903	0.083663106
230627	1869	0.11723857
230627	6123	0.11723856
230627	387	0.11723855
230627	890	0.11723855
230627	997	0.11723855
230627	2121	0.11723855
230627	3971	0.11723855
230627	4323	0.11723855
230627	5031	0.11723855
230627	5381	0.11723855
230629	3866	0.12638994
230629	6674	0.12638994
230629	533	0.12638992
230629	1806	0.12638992
230629	2220	0.12638992
230629	2304	0.12638992
230629	2363	0.12638992
230629	3112	0.12638992
230629	3418	0.12638992
230629	3493	0.12638992
230687	478	0.07497308
230687	5886	0.07497308
230687	387	0.07497307
230687	890	0.07497307
230687	5031	0.07497307
230687	5218	0.07497307
230687	24	0.07497306
230687	41	0.07497306
230687	49	0.07497306
230687	215	0.07497306
230699	1869	0.1239768
230699	6123	0.1239768
230699	2364	0.12397679
230699	3971	0.12397679
230699	5886	0.12397679
230699	41	0.12397678
230699	124	0.12397678
230699	387	0.12397678
230699	890	0.12397678
230699	1146	0.12397678
230708	3971	0.14600492
230708	5031	0.14600492
230708	6912	0.14600492
230708	124	0.1460049
230708	890	0.1460049
230708	997	0.1460049
230708	3559	0.1460049
230708	3616	0.1460049
230708	3965	0.1460049
230708	5886	0.1460049
230878	1869	0.06884618
230878	3971	0.06884618
230878	5886	0.06884617
230878	49	0.068846166
230878	387	0.068846166
230878	478	0.068846166
230878	628	0.068846166
230878	645	0.068846166
230878	685	0.068846166
230878	775	0.068846166
230985	3560	0.12959754
230985	302	0.12959751
230985	489	0.12959751
230985	729	0.12959751
230985	854	0.12959751
230985	1334	0.12959751
230985	1363	0.12959751
230985	1413	0.12959751
230985	1514	0.12959751
230985	1902	0.12959751
231081	6516	0.08006781
231081	186	0.0800678
231081	2970	0.08006778
231081	4143	0.07946078
231081	626	0.07946077
231081	1610	0.07946077
231081	3929	0.07946077
231081	4387	0.07946077
231081	2986	0.07946076
231081	3056	0.07946076
231132	2138	0.12855697
231132	3616	0.12855697
231132	3971	0.12855697
231132	5716	0.12855697
231132	6123	0.12855697
231132	387	0.12855695
231132	478	0.12855695
231132	645	0.12855695
231132	890	0.12855695
231132	1340	0.12855695
231149	387	0.1292404
231149	478	0.1292404
231149	645	0.1292404
231149	890	0.1292404
231149	1869	0.1292404
231149	2121	0.1292404
231149	2728	0.1292404
231149	3971	0.1292404
231149	5031	0.1292404
231149	5709	0.1292404
231210	3700	0.099993564
231210	3830	0.09999356
231210	3853	0.09999356
231210	3866	0.09999356
231210	4241	0.09999356
231210	4595	0.09999356
231210	5115	0.09999356
231210	5454	0.09999356
231210	5688	0.09999356
231210	6643	0.09999356
231225	511	0.109849006
231225	1092	0.109849006
231225	4318	0.109849
231225	4905	0.109849
231225	2785	0.10984899
231225	3097	0.10984899
231225	3526	0.10984899
231225	4557	0.10984899
231225	5088	0.10984899
231225	5288	0.10984899
231237	1892	0.12292201
231237	1679	0.122922
231237	869	0.122921996
231237	4233	0.122921996
231237	152	0.12292199
231237	1937	0.12292199
231237	1957	0.12292199
231237	2723	0.12292199
231237	2977	0.12292199
231237	3216	0.12292199
231251	1146	0.09610068
231251	3559	0.09610068
231251	3971	0.09610068
231251	5031	0.09610068
231251	6123	0.09610068
231251	24	0.09610067
231251	49	0.09610067
231251	387	0.09610067
231251	890	0.09610067
231251	922	0.09610067
231252	3971	0.11873307
231252	997	0.11873306
231252	1869	0.11873306
231252	3452	0.11873306
231252	5218	0.11873306
231252	6123	0.11873306
231252	6507	0.11873306
231252	387	0.118733056
231252	842	0.118733056
231252	1393	0.118733056
231255	2378	0.08187117
231255	838	0.08187116
231255	6872	0.08187116
231255	4943	0.08187115
231255	5849	0.08187115
231255	3229	0.081871144
231255	2734	0.08187114
231255	2986	0.08145565
231255	4387	0.08145565
231255	626	0.08145564
231263	5886	0.107237145
231263	997	0.10723714
231263	3971	0.10723714
231263	6123	0.10723714
231263	6912	0.10723714
231263	269	0.10723713
231263	387	0.10723713
231263	478	0.10723713
231263	890	0.10723713
231263	922	0.10723713
231264	3997	0.11993635
231264	847	0.119936325
231264	4690	0.1199363
231264	463	0.119936295
231264	1740	0.119936295
231264	4769	0.11993629
231264	4529	0.11993627
231264	2590	0.118873686
231264	852	0.11770377
231264	4375	0.11770375
231337	1869	0.10995911
231337	3616	0.10995911
231337	5886	0.10995911
231337	901	0.1099591
231337	2714	0.1099591
231337	3971	0.1099591
231337	6123	0.1099591
231337	387	0.109959096
231337	478	0.109959096
231337	890	0.109959096
231340	1869	0.11823684
231340	3971	0.11823684
231340	2138	0.118236825
231340	5218	0.118236825
231340	5886	0.118236825
231340	41	0.11823682
231340	6123	0.11823682
231340	124	0.11823681
231340	215	0.11823681
231340	387	0.11823681
231351	6265	0.17396276
231351	244	0.17396274
231351	582	0.17396271
231351	149	0.1739627
231351	632	0.1739627
231351	4045	0.1739627
231351	4599	0.1739627
231351	961	0.17396268
231351	2962	0.17396268
231351	3385	0.17396268
231354	4446	0.11040763
231354	2518	0.11040762
231354	4004	0.11040762
231354	759	0.11040761
231354	6796	0.11040761
231354	1012	0.110407606
231354	2128	0.110407606
231354	4789	0.110407606
231354	6152	0.110407606
231354	6401	0.110407606
231357	997	0.14317623
231357	2121	0.14317623
231357	5031	0.14317623
231357	5886	0.14317623
231357	6912	0.14317623
231357	387	0.14317621
231357	478	0.14317621
231357	1062	0.14317621
231357	2728	0.14317621
231357	4323	0.14317621
231374	3425	0.101267695
231374	5364	0.101267666
231374	6025	0.101267666
231374	399	0.10126765
231374	565	0.10126765
231374	1918	0.10126765
231374	4899	0.10126765
231374	2581	0.10126764
231374	5330	0.10126764
231374	2907	0.101267636
231393	4813	0.12286694
231393	4984	0.12286694
231393	80	0.122866936
231393	1997	0.12286693
231393	3644	0.12286693
231393	3868	0.12286693
231393	4775	0.12286693
231393	5106	0.12286693
231393	5372	0.12286693
231393	6909	0.12286693
231395	1806	0.1212272
231395	3853	0.1212272
231395	6768	0.1212272
231395	533	0.12122719
231395	1745	0.12122719
231395	2304	0.12122719
231395	3210	0.12122719
231395	3418	0.12122719
231395	3830	0.12122719
231395	3980	0.12122719
231560	2364	0.12180661
231560	3971	0.12180661
231560	6123	0.1218066
231560	6915	0.1218066
231560	49	0.12180659
231560	890	0.12180659
231560	1393	0.12180659
231560	1455	0.12180659
231560	1856	0.12180659
231560	1869	0.12180659
231613	425	0.10615468
231613	5355	0.10615462
231613	91	0.106154606
231613	1524	0.106154606
231613	3776	0.106154606
231613	4469	0.106154606
231613	5321	0.1061546
231613	4032	0.10615459
231613	5304	0.10615459
231613	5859	0.10615459
231694	478	0.12615925
231694	890	0.12615925
231694	1869	0.12615925
231694	5031	0.12615925
231694	5886	0.12615925
231694	6912	0.12615925
231694	24	0.12615924
231694	328	0.12615924
231694	387	0.12615924
231694	914	0.12615924
231823	1621	0.107770994
231823	4103	0.107770994
231823	5731	0.107770994
231823	1848	0.10777099
231823	6279	0.10777099
231823	920	0.10777098
231823	3983	0.10777098
231823	6149	0.10777098
231823	6465	0.10777098
231823	6670	0.10777098
231827	1869	0.1355021
231827	3971	0.1355021
231827	5886	0.1355021
231827	1856	0.13550209
231827	2138	0.13550209
231827	3452	0.13550209
231827	3616	0.13550209
231827	5031	0.13550209
231827	6123	0.13550209
231827	41	0.13550207
231857	1856	0.1258718
231857	1869	0.1258718
231857	5031	0.1258718
231857	3616	0.12587179
231857	4323	0.12587179
231857	5886	0.12587179
231857	24	0.12587178
231857	49	0.12587178
231857	124	0.12587178
231857	215	0.12587178
231897	387	0.13025242
231897	997	0.13025242
231897	1869	0.13025242
231897	3971	0.13025242
231897	5031	0.13025242
231897	5886	0.13025242
231897	6912	0.13025242
231897	124	0.1302524
231897	842	0.1302524
231897	1146	0.1302524
231993	2492	0.08461866
231993	6116	0.08461866
231993	4924	0.08461864
231993	3844	0.084618635
231993	5378	0.084618635
231993	972	0.08461863
231993	1860	0.08461863
231993	6219	0.08461863
231993	6793	0.08461863
231993	3285	0.08461861
232030	3971	0.11438172
232030	6123	0.11438172
232030	387	0.114381716
232030	890	0.114381716
232030	3559	0.114381716
232030	5031	0.114381716
232030	5218	0.114381716
232030	5886	0.114381716
232030	6507	0.114381716
232030	922	0.11438171
232052	247	0.1294471
232052	2419	0.1294471
232052	4673	0.1294471
232052	884	0.12944709
232052	4758	0.12944709
232052	4797	0.12944709
232052	5041	0.12944709
232052	5864	0.12944709
232052	222	0.12944707
232052	792	0.12944707
232067	1194	0.1377106
232067	1455	0.1377106
232067	1869	0.1377106
232067	2138	0.1377106
232067	3616	0.1377106
232067	3971	0.1377106
232067	5031	0.1377106
232067	5886	0.1377106
232067	6123	0.1377106
232067	387	0.13771059
232103	3971	0.11641672
232103	1869	0.11641671
232103	2121	0.11641671
232103	6912	0.11641671
232103	387	0.1164167
232103	890	0.1164167
232103	1415	0.1164167
232103	2138	0.1164167
232103	2736	0.1164167
232103	3616	0.1164167
232106	3143	0.11587249
232106	4103	0.11587249
232106	5731	0.11587249
232106	4703	0.11587248
232106	1280	0.11587247
232106	1621	0.11587247
232106	1887	0.11587247
232106	2014	0.11587247
232106	4878	0.11587247
232106	398	0.115872465
232107	1869	0.1197809
232107	3971	0.1197809
232107	3616	0.11978089
232107	5031	0.11978089
232107	5886	0.11978089
232107	49	0.11978088
232107	3965	0.11978088
232107	6123	0.11978088
232107	6912	0.11978088
232107	24	0.119780876
232131	4394	0.17777881
232131	4380	0.17777877
232131	947	0.1745936
232131	1764	0.1745936
232131	2148	0.1745936
232131	3386	0.1745936
232131	130	0.17459358
232131	2029	0.17459358
232131	2057	0.17459358
232131	2366	0.17459358
232211	3971	0.092278376
232211	387	0.09227836
232211	579	0.09227836
232211	890	0.09227836
232211	922	0.09227836
232211	1146	0.09227836
232211	1189	0.09227836
232211	1869	0.09227836
232211	2138	0.09227836
232211	3616	0.09227836
232271	1869	0.10404688
232271	5031	0.10404688
232271	4076	0.104046874
232271	4323	0.104046874
232271	5886	0.104046874
232271	41	0.10404687
232271	215	0.10404687
232271	266	0.10404687
232271	387	0.10404687
232271	478	0.10404687
232292	1869	0.10574241
232292	3616	0.10574241
232292	3971	0.10574241
232292	5031	0.1057424
232292	387	0.105742395
232292	645	0.105742395
232292	997	0.105742395
232292	2121	0.105742395
232292	2364	0.105742395
232292	4076	0.105742395
232343	6222	0.09080759
232343	3120	0.09080758
232343	3219	0.09080758
232343	4151	0.09080758
232343	686	0.09080757
232343	801	0.09080757
232343	1087	0.09080757
232343	2145	0.09080757
232343	2305	0.09080757
232343	2916	0.09080757
232492	478	0.11140253
232492	1856	0.11140253
232492	3616	0.11140253
232492	4076	0.11140253
232492	5031	0.11140253
232492	5886	0.11140253
232492	6507	0.11140253
232492	6912	0.11140253
232492	41	0.11140252
232492	215	0.11140252
232583	4817	0.100766726
232583	854	0.10076672
232583	1170	0.10076672
232583	2382	0.10076672
232583	3115	0.10076672
232583	3560	0.10076672
232583	3658	0.10076672
232583	3694	0.10076672
232583	4885	0.10076672
232583	4960	0.10076672
232708	3146	0.12256251
232708	3040	0.122562505
232708	864	0.12256249
232708	6381	0.12256249
232708	4490	0.12256248
232708	5699	0.12256247
232708	6535	0.12256247
232708	5834	0.12256245
232708	6310	0.12172786
232708	1806	0.121727854
232736	4004	0.10125842
232736	4446	0.10125842
232736	6152	0.10125842
232736	759	0.10125841
232736	2017	0.10125841
232736	2518	0.10125841
232736	6601	0.10125841
232736	1362	0.101258405
232736	4789	0.101258405
232736	6796	0.101258405
232756	2419	0.1129337
232756	3606	0.112933695
232756	4673	0.112933695
232756	6834	0.112933695
232756	884	0.11293369
232756	1648	0.11293369
232756	3230	0.11293369
232756	3870	0.11293369
232756	5041	0.11293369
232756	5864	0.11293369
232838	1869	0.09379697
232838	3971	0.09379697
232838	4076	0.09379697
232838	5886	0.09379697
232838	6507	0.09379697
232838	41	0.09379696
232838	387	0.09379696
232838	2356	0.09379696
232838	5031	0.09379696
232838	5218	0.09379696
232929	1869	0.104983136
232929	3971	0.104983136
232929	387	0.10498312
232929	890	0.10498312
232929	2138	0.10498312
232929	3559	0.10498312
232929	3616	0.10498312
232929	5031	0.10498312
232929	5886	0.10498312
232929	6123	0.10498312
232945	6265	0.08424872
232945	244	0.08424871
232945	582	0.08424871
232945	149	0.08424869
232945	632	0.08424869
232945	961	0.08424869
232945	2962	0.08424869
232945	3385	0.08424869
232945	4045	0.08424869
232945	4599	0.08424869
232959	2419	0.1403212
232959	3870	0.1403212
232959	4474	0.1403212
232959	4673	0.1403212
232959	6231	0.1403212
232959	6234	0.1403212
232959	247	0.14032118
232959	819	0.14032118
232959	1804	0.14032118
232959	3230	0.14032118
232964	997	0.14894009
232964	2138	0.14894009
232964	5031	0.14894009
232964	5886	0.14894009
232964	5896	0.14894009
232964	597	0.14894007
232964	1869	0.14894007
232964	2646	0.14894007
232964	2655	0.14894007
232964	3559	0.14894007
232990	3677	0.09280114
232990	4740	0.09280114
232990	5914	0.09280114
232990	6312	0.09280114
232990	6396	0.09280114
232990	1155	0.092801124
232990	2503	0.092801124
232990	4431	0.092801124
232990	4738	0.092801124
232990	5599	0.092801124
233117	6912	0.09047892
233117	387	0.09047891
233117	597	0.09047891
233117	890	0.09047891
233117	997	0.09047891
233117	1062	0.09047891
233117	1393	0.09047891
233117	2103	0.09047891
233117	2121	0.09047891
233117	2138	0.09047891
233143	4533	0.08713509
233143	5415	0.087135084
233143	4885	0.08702258
233143	854	0.08702257
233143	2382	0.08702257
233143	3560	0.08702257
233143	3694	0.08702257
233143	3939	0.08702257
233143	4796	0.08702257
233143	4960	0.08702257
233312	6216	0.111584485
233312	6840	0.111584485
233312	231	0.11158447
233312	1022	0.11158447
233312	1619	0.11158447
233312	4176	0.11158447
233312	668	0.11158446
233312	2950	0.11158446
233312	677	0.111584455
233312	760	0.111584455
233427	686	0.10588792
233427	1087	0.10588792
233427	1389	0.10588792
233427	1650	0.10588792
233427	2126	0.10588792
233427	2916	0.10588792
233427	3187	0.10588792
233427	4151	0.10588792
233427	5121	0.10588792
233427	5800	0.10588792
233430	1424	0.11012797
233430	307	0.11012796
233430	4002	0.110127956
233430	1436	0.11012795
233430	2507	0.11012794
233430	2689	0.11012794
233430	4728	0.11012794
233430	6365	0.11012794
233430	6523	0.11012794
233430	2535	0.110127926
233431	2580	0.08987416
233431	3024	0.08987413
233431	5309	0.08839682
233431	3403	0.0883968
233431	3797	0.0883968
233431	3902	0.0883968
233431	5619	0.0883968
233431	848	0.088396795
233431	3601	0.08839679
233431	5642	0.08839679
233436	962	0.072127044
233436	6840	0.070242755
233436	231	0.07024275
233436	1022	0.07024275
233436	1619	0.07024275
233436	1723	0.07024275
233436	4068	0.07024275
233436	4176	0.07024275
233436	5197	0.07024275
233436	668	0.07024273
233445	1848	0.12824303
233445	5731	0.12824303
233445	4103	0.12824301
233445	605	0.128243
233445	920	0.128243
233445	1258	0.128243
233445	1280	0.128243
233445	1408	0.128243
233445	1621	0.128243
233445	1632	0.128243
233480	1087	0.09510946
233480	3120	0.09510946
233480	4151	0.09510946
233480	6222	0.09510946
233480	3785	0.095109455
233480	5121	0.095109455
233480	400	0.09510945
233480	686	0.09510945
233480	801	0.09510945
233480	1389	0.09510945
233526	387	0.11125781
233526	1229	0.11125781
233526	1869	0.11125781
233526	3971	0.11125781
233526	6123	0.11125781
233526	890	0.1112578
233526	4076	0.1112578
233526	41	0.11125779
233526	124	0.11125779
233526	579	0.11125779
233529	3971	0.1049414
233529	41	0.10494138
233529	49	0.10494138
233529	387	0.10494138
233529	597	0.10494138
233529	832	0.10494138
233529	890	0.10494138
233529	1094	0.10494138
233529	1340	0.10494138
233529	1393	0.10494138
233543	1567	0.09269932
233543	4906	0.09269932
233543	2653	0.09269931
233543	4903	0.09269931
233543	5335	0.09269931
233543	248	0.092699304
233543	2800	0.092699304
233543	3359	0.092699304
233543	3360	0.092699304
233543	4089	0.092699304
233578	4740	0.14803156
233578	5914	0.14803156
233578	6312	0.14803155
233578	1024	0.14803153
233578	2503	0.14803153
233578	4431	0.14803153
233578	4738	0.14803153
233578	5599	0.14803153
233578	6396	0.14803153
233578	1672	0.14803152
233711	1567	0.13339967
233711	2653	0.13339967
233711	4906	0.13339967
233711	655	0.13339965
233711	2207	0.13339965
233711	106	0.13339964
233711	248	0.13339964
233711	1349	0.13339964
233711	1585	0.13339964
233711	1816	0.13339964
233719	3971	0.08353676
233719	5886	0.08353676
233719	6123	0.08353676
233719	387	0.08353675
233719	890	0.08353675
233719	1869	0.08353675
233719	2138	0.08353675
233719	5716	0.08353675
233719	6912	0.08353675
233719	41	0.083536744
233856	4460	0.09960672
233856	2045	0.09960671
233856	2840	0.09960669
233856	1692	0.099606685
233856	331	0.09960668
233856	1531	0.09960668
233856	2583	0.09960666
233856	5886	0.099323355
233856	1869	0.09932335
233856	3897	0.09932335
233867	6537	0.08652473
233867	392	0.086524725
233867	2342	0.086524725
233867	1868	0.08652471
233867	1567	0.08619651
233867	5335	0.08619651
233867	4906	0.086196505
233867	106	0.0861965
233867	248	0.0861965
233867	711	0.0861965
233889	890	0.10627431
233889	2138	0.10627431
233889	2364	0.10627431
233889	3059	0.10627431
233889	3971	0.10627431
233889	4076	0.10627431
233889	6123	0.10627431
233889	41	0.1062743
233889	997	0.1062743
233889	1062	0.1062743
233903	511	0.12612799
233903	1092	0.12612799
233903	5998	0.12612797
233903	6880	0.12612797
233903	71	0.12612796
233903	245	0.12612796
233903	617	0.12612796
233903	3097	0.12612796
233903	4318	0.12612796
233903	4557	0.12612796
233911	1177	0.11833758
233911	6762	0.11833758
233911	6897	0.11833758
233911	1221	0.11833757
233911	3118	0.11833757
233911	3761	0.11833757
233911	4324	0.11833757
233911	4806	0.11833757
233911	6318	0.11833757
233911	4299	0.118337564
233976	152	0.07705278
233976	5286	0.07705278
233976	869	0.07705277
233976	1892	0.07705277
233976	2169	0.07705277
233976	4233	0.07705277
233976	5230	0.07705277
233976	6747	0.07705277
233976	1598	0.077052765
233976	1750	0.077052765
234023	2122	0.1326817
234023	1440	0.13268165
234023	3008	0.13268164
234023	2161	0.13268162
234023	6651	0.13250129
234023	188	0.13250123
234023	5154	0.13250121
234023	1569	0.13018991
234023	6853	0.13018987
234023	3916	0.12963878
234165	2121	0.13845848
234165	387	0.13845846
234165	890	0.13845846
234165	1393	0.13845846
234165	1856	0.13845846
234165	3971	0.13845846
234165	5031	0.13845846
234165	5218	0.13845846
234165	5886	0.13845846
234165	6123	0.13845846
234359	6351	0.101680726
234359	455	0.10168069
234359	4412	0.10168068
234359	4894	0.10168068
234359	5836	0.10168066
234359	311	0.10168065
234359	1155	0.10083637
234359	4740	0.10083637
234359	5914	0.10083637
234359	6312	0.10083637
234399	3971	0.11359456
234399	5886	0.11359456
234399	890	0.113594554
234399	5031	0.113594554
234399	387	0.11359455
234399	645	0.11359455
234399	922	0.11359455
234399	1094	0.11359455
234399	1146	0.11359455
234399	1869	0.11359455
234565	3971	0.13130866
234565	41	0.13130865
234565	124	0.13130865
234565	387	0.13130865
234565	1058	0.13130865
234565	1869	0.13130865
234565	5886	0.13130865
234565	6912	0.13130865
234565	215	0.13130863
234565	890	0.13130863
234597	1087	0.16650617
234597	6222	0.16650617
234597	400	0.16650616
234597	801	0.16650616
234597	2305	0.16650616
234597	4151	0.16650616
234597	5121	0.16650616
234597	109	0.16650614
234597	686	0.16650614
234597	1389	0.16650614
234614	4076	0.108660296
234614	890	0.10866029
234614	3971	0.10866029
234614	41	0.10866028
234614	1146	0.10866028
234614	1194	0.10866028
234614	2138	0.10866028
234614	2515	0.10866028
234614	5886	0.10866028
234614	6123	0.10866028
234623	3924	0.09421598
234623	6032	0.09378859
234623	2701	0.09378857
234623	3380	0.09378857
234623	6745	0.093788564
234623	3408	0.09378856
234623	3815	0.09378856
234623	4756	0.09378856
234623	857	0.09378855
234623	3563	0.09378855
234647	997	0.09707248
234647	1393	0.09707248
234647	1869	0.09707248
234647	2138	0.09707248
234647	2364	0.09707248
234647	3616	0.09707248
234647	3971	0.09707248
234647	4076	0.09707248
234647	5031	0.09707248
234647	5886	0.09707248
234672	5031	0.11294173
234672	5886	0.11294173
234672	478	0.11294172
234672	890	0.11294172
234672	2121	0.11294172
234672	6912	0.11294172
234672	41	0.11294171
234672	215	0.11294171
234672	387	0.11294171
234672	642	0.11294171
234675	1869	0.1285819
234675	4076	0.1285819
234675	5886	0.1285819
234675	41	0.12858188
234675	49	0.12858188
234675	387	0.12858188
234675	478	0.12858188
234675	579	0.12858188
234675	775	0.12858188
234675	890	0.12858188
234721	1094	0.16857406
234721	1340	0.16857406
234721	1869	0.16857406
234721	2138	0.16857406
234721	3559	0.16857406
234721	3616	0.16857406
234721	3965	0.16857406
234721	3971	0.16857406
234721	5031	0.16857406
234721	5886	0.16857406
234743	1856	0.11780476
234743	2121	0.11780476
234743	3559	0.11780476
234743	49	0.11780475
234743	376	0.11780475
234743	890	0.11780475
234743	986	0.11780475
234743	997	0.11780475
234743	1869	0.11780475
234743	2364	0.11780475
234765	3853	0.13353884
234765	5454	0.13353884
234765	3112	0.13353883
234765	3866	0.13353883
234765	5115	0.13353883
234765	6643	0.13353883
234765	533	0.13353881
234765	1739	0.13353881
234765	1806	0.13353881
234765	3019	0.13353881
234893	3971	0.12292886
234893	1869	0.12292884
234893	2138	0.12292884
234893	3616	0.12292884
234893	5886	0.12292884
234893	387	0.122928835
234893	5031	0.122928835
234893	124	0.12292883
234893	215	0.12292883
234893	538	0.12292883
234901	3971	0.09337468
234901	387	0.09337466
234901	41	0.093374655
234901	49	0.093374655
234901	124	0.093374655
234901	922	0.093374655
234901	1869	0.093374655
234901	2339	0.093374655
234901	2655	0.093374655
234901	5218	0.093374655
234925	6674	0.09276459
234925	3418	0.092764586
234925	3866	0.092764586
234925	6643	0.092764586
234925	6768	0.092764586
234925	533	0.09276458
234925	2220	0.09276458
234925	2363	0.09276458
234925	3112	0.09276458
234925	3493	0.09276458
234948	387	0.1134474
234948	1869	0.1134474
234948	3971	0.1134474
234948	5886	0.1134474
234948	6123	0.1134474
234948	41	0.11344739
234948	579	0.11344739
234948	890	0.11344739
234948	901	0.11344739
234948	997	0.11344739
234954	1424	0.08314628
234954	307	0.08314627
234954	1436	0.08314627
234954	4002	0.08314627
234954	2507	0.08314626
234954	2535	0.08314626
234954	2689	0.08314626
234954	4728	0.08314626
234954	6523	0.08314625
234954	761	0.083146244
235059	152	0.066241145
235059	1892	0.066241145
235059	1937	0.066241145
235059	869	0.06624113
235059	1457	0.06624113
235059	1598	0.06624113
235059	1679	0.06624113
235059	2349	0.06624113
235059	4233	0.06624113
235059	5431	0.06624113
235099	1764	0.11680225
235099	1775	0.11680225
235099	2603	0.11680225
235099	130	0.116802245
235099	646	0.116802245
235099	947	0.116802245
235099	2366	0.116802245
235099	506	0.11680224
235099	1374	0.11680224
235099	2090	0.11680224
235146	5886	0.121077605
235146	387	0.1210776
235146	1869	0.1210776
235146	3971	0.1210776
235146	1862	0.12107759
235146	3965	0.12107759
235146	5031	0.12107759
235146	124	0.12107758
235146	215	0.12107758
235146	478	0.12107758
235173	2016	0.08067685
235173	2021	0.08067685
235173	6839	0.08067685
235173	6630	0.080123365
235173	6591	0.08012335
235173	6592	0.08012335
235173	6690	0.08012335
235173	1978	0.08012334
235173	3628	0.08012334
235173	3938	0.08012334
235206	5731	0.08052883
235206	2209	0.080528826
235206	3657	0.080528826
235206	4103	0.080528826
235206	920	0.08052882
235206	2644	0.08052882
235206	6149	0.08052882
235206	6670	0.08052882
235206	398	0.08052881
235206	605	0.08052881
235282	4599	0.08683851
235282	6265	0.08683851
235282	961	0.086838506
235282	149	0.0868385
235282	244	0.0868385
235282	3385	0.0868385
235282	3548	0.0868385
235282	4045	0.0868385
235282	5437	0.0868385
235282	632	0.08683849
235384	5914	0.10658744
235384	1155	0.10658743
235384	4740	0.10658743
235384	6396	0.10658743
235384	1024	0.106587425
235384	2503	0.106587425
235384	3677	0.106587425
235384	4738	0.10658742
235384	6312	0.10658742
235384	703	0.10658741
235392	511	0.08058808
235392	1092	0.08058807
235392	617	0.080588065
235392	3366	0.080588065
235392	4557	0.080588065
235392	1288	0.08058806
235392	2643	0.08058806
235392	4128	0.08058806
235392	4318	0.08058806
235392	5288	0.08058806
235498	3700	0.13237527
235498	3853	0.13237527
235498	3866	0.13237527
235498	4595	0.13237527
235498	5115	0.13237527
235498	5454	0.13237527
235498	6643	0.13237527
235498	533	0.13237526
235498	1739	0.13237526
235498	2304	0.13237526
235506	1869	0.12080312
235506	3971	0.12080311
235506	890	0.1208031
235506	6123	0.1208031
235506	2138	0.120803095
235506	387	0.12080309
235506	579	0.12080309
235506	597	0.12080309
235506	642	0.12080309
235506	901	0.12080309
235543	2138	0.08825253
235543	3971	0.08825253
235543	6123	0.08825253
235543	1869	0.08825252
235543	4076	0.08825252
235543	5886	0.08825252
235543	387	0.088252515
235543	597	0.088252515
235543	775	0.088252515
235543	997	0.088252515
235671	1228	0.10135362
235671	1598	0.10044463
235671	1892	0.10044463
235671	2989	0.10044463
235671	152	0.10044462
235671	1937	0.10044462
235671	869	0.100444615
235671	1679	0.100444615
235671	1957	0.100444615
235671	4233	0.100444615
235684	2419	0.11291182
235684	4673	0.11291182
235684	5864	0.11291182
235684	4938	0.11291181
235684	5041	0.11291181
235684	247	0.112911806
235684	1648	0.112911806
235684	3230	0.112911806
235684	3870	0.112911806
235684	4452	0.112911806
235842	3935	0.10438563
235842	1951	0.104385614
235842	1472	0.10438561
235842	3090	0.10438561
235842	1515	0.1043856
235842	2769	0.1043856
235842	3496	0.1043856
235842	4169	0.1043856
235842	4686	0.1043856
235842	5560	0.10438559
235884	42	0.11033568
235884	5793	0.110335656
235884	427	0.11033565
235884	1536	0.11033563
235884	4218	0.11033563
235884	5091	0.11033563
235884	5668	0.11033563
235884	5758	0.11033563
235884	6711	0.11033563
235884	464	0.110335626
235888	5445	0.07626927
235888	3722	0.07404559
235888	2822	0.07404558
235888	2519	0.07404557
235888	4975	0.07336538
235888	5991	0.073365375
235888	6218	0.07336535
235888	5026	0.072669744
235888	5368	0.07265427
235888	29	0.0726465
235895	5886	0.19145176
235895	5031	0.19145174
235895	387	0.19145173
235895	478	0.19145173
235895	890	0.19145173
235895	1146	0.19145173
235895	1856	0.19145173
235895	1869	0.19145173
235895	2103	0.19145173
235895	2138	0.19145173
235935	6537	0.0767588
235935	1868	0.076758794
235935	2342	0.07675879
235935	392	0.07675877
235935	4215	0.07602079
235935	2153	0.07595868
235935	1567	0.07591234
235935	4906	0.07591234
235935	5869	0.07591234
235935	3359	0.075912334
235952	765	0.10666484
235952	4867	0.10666483
235952	6458	0.10666481
235952	5646	0.10666479
235952	3425	0.10664093
235952	565	0.10664089
235952	5330	0.10664089
235952	5364	0.10664089
235952	6025	0.10664089
235952	4899	0.10664088
236017	6265	0.10936299
236017	244	0.109362975
236017	4599	0.10936297
236017	632	0.10936296
236017	961	0.10936296
236017	4045	0.10936296
236017	149	0.10936295
236017	3548	0.10936295
236017	5437	0.10936295
236017	650	0.109362945
236025	1457	0.11528772
236025	152	0.11528771
236025	869	0.115287706
236025	1892	0.115287706
236025	1937	0.115287706
236025	5286	0.115287706
236025	1679	0.1152877
236025	3216	0.1152877
236025	4233	0.1152877
236025	1598	0.11528769
236030	1125	0.09583333
236030	364	0.095506504
236030	2780	0.09550649
236030	5430	0.09550649
236030	1826	0.09550648
236030	2636	0.09550648
236030	2879	0.09550648
236030	5584	0.09550648
236030	2606	0.095506474
236030	3435	0.095506474
236044	890	0.10405892
236044	3971	0.10405892
236044	5031	0.10405892
236044	5886	0.10405892
236044	6123	0.104058914
236044	6912	0.104058914
236044	41	0.10405891
236044	124	0.10405891
236044	387	0.10405891
236044	478	0.10405891
236058	4885	0.057268642
236058	6783	0.057268642
236058	729	0.057268634
236058	1080	0.057268634
236058	2382	0.057268634
236058	3694	0.057268634
236058	1363	0.05726863
236058	2360	0.05726863
236058	3427	0.05726863
236058	3560	0.05726863
236097	387	0.10106106
236097	890	0.10106106
236097	3971	0.10106106
236097	6123	0.10106106
236097	922	0.10106105
236097	3490	0.10106105
236097	5886	0.10106105
236097	124	0.101061046
236097	269	0.101061046
236097	579	0.101061046
236164	3525	0.07201813
236164	4378	0.07201812
236164	5566	0.07201812
236164	4328	0.07201811
236164	2006	0.0720181
236164	2408	0.0720181
236164	4502	0.0720181
236164	5042	0.0720181
236164	5813	0.0720181
236164	6108	0.0720181
236172	1321	0.10152055
236172	2539	0.10152055
236172	5237	0.099769264
236172	748	0.09976921
236172	1610	0.0992249
236172	2986	0.099224895
236172	4387	0.099224895
236172	990	0.09922489
236172	626	0.09922488
236172	2283	0.09922488
236235	2022	0.09707379
236235	5904	0.09707379
236235	4671	0.097073786
236235	191	0.09707378
236235	667	0.09707378
236235	1629	0.09707378
236235	2197	0.09707378
236235	2936	0.09707378
236235	2971	0.09707378
236235	3121	0.09707378
236255	1869	0.10648982
236255	4076	0.106489815
236255	5886	0.106489815
236255	6123	0.106489815
236255	387	0.10648981
236255	890	0.10648981
236255	2138	0.10648981
236255	3616	0.10648981
236255	3971	0.10648981
236255	5031	0.10648981
236267	387	0.12724271
236267	3971	0.12724271
236267	6123	0.12724271
236267	124	0.1272427
236267	579	0.1272427
236267	890	0.1272427
236267	1415	0.1272427
236267	1455	0.1272427
236267	1869	0.1272427
236267	2138	0.1272427
236269	5031	0.10704355
236269	5886	0.10704354
236269	24	0.107043535
236269	387	0.107043535
236269	478	0.107043535
236269	579	0.107043535
236269	645	0.107043535
236269	997	0.107043535
236269	1455	0.107043535
236269	1869	0.107043535
236322	4567	0.10748178
236322	5077	0.107481755
236322	3425	0.10699102
236322	5330	0.10699102
236322	5364	0.106991015
236322	565	0.10699101
236322	1918	0.10699101
236322	2907	0.10699101
236322	4252	0.10699101
236322	4899	0.10699101
236340	244	0.12488887
236340	6265	0.12488887
236340	632	0.12488885
236340	582	0.124888845
236340	4599	0.124888845
236340	149	0.12488884
236340	961	0.12488884
236340	4045	0.12488884
236340	650	0.12488882
236340	1442	0.12488882
236349	4176	0.096339054
236349	231	0.09633905
236349	6216	0.09633905
236349	6840	0.09633905
236349	668	0.09633903
236349	1034	0.09633903
236349	1619	0.09633903
236349	2956	0.09633903
236349	4577	0.09633903
236349	5197	0.09633903
236399	6643	0.10623001
236399	4241	0.106230006
236399	5454	0.106230006
236399	6674	0.106230006
236399	6768	0.106230006
236399	533	0.10623
236399	2220	0.10623
236399	2304	0.10623
236399	3291	0.10623
236399	3418	0.10623
236480	4176	0.12021814
236480	231	0.120218135
236480	1022	0.12021813
236480	1723	0.12021813
236480	5197	0.12021813
236480	6840	0.12021813
236480	6216	0.12021812
236480	668	0.12021811
236480	1619	0.12021811
236480	2400	0.12021811
236587	5731	0.09591707
236587	2209	0.09591706
236587	3657	0.09591706
236587	4103	0.09591705
236587	6149	0.09591705
236587	920	0.095917046
236587	1621	0.095917046
236587	1632	0.095917046
236587	1848	0.095917046
236587	2450	0.095917046
236595	2204	0.1197754
236595	3317	0.119775355
236595	1478	0.11977535
236595	2228	0.11977534
236595	1607	0.119775325
236595	3598	0.119461976
236595	2443	0.11946195
236595	5430	0.1190222
236595	364	0.11902218
236595	2780	0.119022176
236618	997	0.08840406
236618	1415	0.08840406
236618	1869	0.08840406
236618	2138	0.08840406
236618	2356	0.08840406
236618	2364	0.08840406
236618	3616	0.08840406
236618	3971	0.08840406
236618	4076	0.08840406
236618	5031	0.08840406
236621	5031	0.13046646
236621	478	0.13046645
236621	890	0.13046645
236621	1869	0.13046645
236621	3616	0.13046645
236621	4076	0.13046645
236621	5886	0.13046645
236621	6912	0.13046645
236621	41	0.13046643
236621	124	0.13046643
236700	3971	0.11352277
236700	1869	0.11352276
236700	41	0.11352275
236700	387	0.11352275
236700	890	0.11352275
236700	922	0.11352275
236700	1146	0.11352275
236700	2138	0.11352275
236700	5886	0.11352275
236700	6123	0.11352275
236754	1869	0.10595309
236754	3971	0.10595308
236754	2138	0.105953075
236754	6123	0.105953075
236754	387	0.10595307
236754	597	0.10595307
236754	832	0.10595307
236754	842	0.10595307
236754	997	0.10595307
236754	1229	0.10595307
236757	3437	0.28286594
236757	2314	0.2828659
236757	6311	0.2828659
236757	1975	0.28286585
236757	5007	0.28286585
236757	5148	0.28286585
236757	5757	0.28286582
236757	511	0.28080946
236757	985	0.28080946
236757	1092	0.28080946
236840	5031	0.10036601
236840	4323	0.100366004
236840	49	0.100366
236840	387	0.100366
236840	478	0.100366
236840	832	0.100366
236840	890	0.100366
236840	1031	0.100366
236840	1094	0.100366
236840	1393	0.100366
236943	2342	0.09739633
236943	6537	0.09739633
236943	392	0.09739632
236943	1868	0.097396314
236943	5476	0.09683218
236943	596	0.09683217
236943	827	0.09683217
236943	4771	0.09683217
236943	518	0.096832156
236943	3646	0.096832156
236948	152	0.14838925
236948	1892	0.14838925
236948	6747	0.14838925
236948	1937	0.14838924
236948	869	0.14838922
236948	1145	0.14838922
236948	1457	0.14838922
236948	1598	0.14838922
236948	1679	0.14838922
236948	1750	0.14838922
236955	1092	0.103674285
236955	511	0.10367428
236955	617	0.10367428
236955	2785	0.10367428
236955	4369	0.10367428
236955	4557	0.10367428
236955	6364	0.10367428
236955	6593	0.10367428
236955	1644	0.10367427
236955	3526	0.10367427
236959	24	0.12545079
236959	41	0.12545079
236959	124	0.12545079
236959	387	0.12545079
236959	890	0.12545079
236959	922	0.12545079
236959	997	0.12545079
236959	1856	0.12545079
236959	1869	0.12545079
236959	2138	0.12545079
236979	400	0.09515002
236979	109	0.095150016
236979	801	0.095150016
236979	6222	0.095150016
236979	686	0.09515001
236979	1087	0.09515001
236979	1389	0.09515001
236979	1438	0.09515001
236979	1650	0.09515001
236979	2126	0.09515001
236994	4813	0.08449734
236994	4984	0.08449733
236994	3271	0.084497325
236994	3868	0.084497325
236994	4034	0.084497325
236994	4775	0.084497325
236994	5327	0.084497325
236994	80	0.08449732
236994	1487	0.08449732
236994	1503	0.08449732
237064	1869	0.10466196
237064	3971	0.10466196
237064	1229	0.10466194
237064	1455	0.10466194
237064	2138	0.10466194
237064	2143	0.10466194
237064	2364	0.10466194
237064	3616	0.10466194
237064	5716	0.10466194
237064	6123	0.10466194
237264	1745	0.08113752
237264	3210	0.08113752
237264	3493	0.08113752
237264	3853	0.08113752
237264	3866	0.08113752
237264	4241	0.08113752
237264	4727	0.08113752
237264	5454	0.08113752
237264	6643	0.08113752
237264	6674	0.08113752
237271	4885	0.17242074
237271	4796	0.17242073
237271	489	0.17242071
237271	729	0.17242071
237271	1363	0.17242071
237271	2360	0.17242071
237271	3391	0.17242071
237271	3427	0.17242071
237271	3434	0.17242071
237271	3510	0.17242071
237275	387	0.12608019
237275	890	0.12608019
237275	1146	0.12608019
237275	2121	0.12608019
237275	2138	0.12608019
237275	3971	0.12608019
237275	4323	0.12608019
237275	5031	0.12608019
237275	5886	0.12608019
237275	6123	0.12608019
237397	3799	0.097202905
237397	6244	0.097202905
237397	467	0.0972029
237397	4338	0.0972029
237397	4843	0.0972029
237397	4471	0.09720289
237397	2501	0.09720288
237397	2821	0.09720288
237397	3384	0.09720288
237397	3430	0.09720288
237407	3477	0.10124569
237407	687	0.099481456
237407	1199	0.09948144
237407	1041	0.099481404
237407	1227	0.099481404
237407	3401	0.09948139
237407	1258	0.09924249
237407	4103	0.09924249
237407	5731	0.09924249
237407	6279	0.09924249
237411	3971	0.12748277
237411	890	0.12748276
237411	2138	0.12748276
237411	49	0.12748274
237411	387	0.12748274
237411	579	0.12748274
237411	832	0.12748274
237411	922	0.12748274
237411	1031	0.12748274
237411	1194	0.12748274
237429	478	0.11112576
237429	3971	0.11112576
237429	387	0.11112575
237429	890	0.11112575
237429	1415	0.11112575
237429	1869	0.11112575
237429	3616	0.11112575
237429	4076	0.11112575
237429	4352	0.11112575
237429	5031	0.11112575
237433	6123	0.12835237
237433	997	0.12835236
237433	1869	0.12835236
237433	2138	0.12835236
237433	3971	0.12835236
237433	4076	0.12835236
237433	6507	0.12835236
237433	6912	0.12835236
237433	24	0.12835234
237433	41	0.12835234
237434	3477	0.10805623
237434	425	0.10714589
237434	5304	0.10714583
237434	4032	0.10714582
237434	5355	0.10714582
237434	1524	0.107145816
237434	4469	0.107145816
237434	3776	0.10714581
237434	91	0.1071458
237434	1185	0.1071458
237474	5731	0.10399673
237474	1621	0.103996724
237474	1848	0.103996724
237474	6279	0.103996724
237474	6465	0.10399672
237474	920	0.10399671
237474	3657	0.10399671
237474	4103	0.10399671
237474	5176	0.10399671
237474	5376	0.10399671
237486	244	0.10177521
237486	2962	0.1017752
237486	3385	0.1017752
237486	6265	0.1017752
237486	149	0.101775184
237486	632	0.101775184
237486	3548	0.101775184
237486	4599	0.101775184
237486	582	0.10177518
237486	961	0.10177518
237534	3112	0.14629516
237534	3210	0.14629516
237534	3418	0.14629516
237534	3700	0.14629516
237534	3853	0.14629516
237534	4595	0.14629516
237534	4718	0.14629516
237534	4727	0.14629516
237534	6109	0.14629516
237534	6643	0.14629516
237715	801	0.08928935
237715	5121	0.08928935
237715	4151	0.089289345
237715	400	0.08928934
237715	1087	0.08928934
237715	1389	0.08928934
237715	3120	0.08928934
237715	3785	0.08928934
237715	6222	0.08928934
237715	109	0.08928933
237748	3677	0.13517836
237748	4738	0.13517836
237748	4740	0.13517836
237748	5914	0.13517836
237748	6396	0.13517836
237748	1155	0.13517834
237748	6312	0.13517834
237748	1024	0.13517833
237748	1163	0.13517833
237748	2503	0.13517833
237856	387	0.14954332
237856	890	0.14954332
237856	1146	0.14954332
237856	2138	0.14954332
237856	5031	0.14954332
237856	5886	0.14954332
237856	6123	0.14954332
237856	478	0.1495433
237856	997	0.1495433
237856	3616	0.1495433
237898	3600	0.11637637
237898	2022	0.115103155
237898	4671	0.115103155
237898	5904	0.11510315
237898	191	0.11510314
237898	551	0.11510313
237898	6075	0.11510313
237898	667	0.115103126
237898	953	0.115103126
237898	1234	0.115103126
237990	4460	0.088206366
237990	1692	0.08820634
237990	2045	0.08820634
237990	2840	0.08820634
237990	331	0.08820633
237990	1531	0.08820632
237990	2583	0.08820631
237990	1517	0.086692765
237990	387	0.08636208
237990	1869	0.08636208
238008	890	0.1114638
238008	2037	0.1114638
238008	2121	0.1114638
238008	3286	0.1114638
238008	3616	0.1114638
238008	2138	0.11146379
238008	4076	0.11146379
238008	4293	0.11146379
238008	387	0.111463785
238008	577	0.111463785
238010	913	0.105336964
238010	4712	0.10533694
238010	3482	0.10533692
238010	6265	0.10394698
238010	149	0.103946954
238010	244	0.103946954
238010	4045	0.103946954
238010	4599	0.10394695
238010	632	0.10394694
238010	961	0.10394694
238057	890	0.122915834
238057	3971	0.122915834
238057	6123	0.122915834
238057	387	0.12291583
238057	4323	0.12291583
238057	478	0.12291582
238057	579	0.12291582
238057	645	0.12291582
238057	1146	0.12291582
238057	1393	0.12291582
238065	4176	0.11360768
238065	1022	0.113607675
238065	6840	0.113607675
238065	231	0.11360767
238065	677	0.11360767
238065	5197	0.11360767
238065	1619	0.11360766
238065	5872	0.11360766
238065	6216	0.11360766
238065	1723	0.11360765
238120	1155	0.11069125
238120	3677	0.11069125
238120	4738	0.11069125
238120	6396	0.11069125
238120	1024	0.110691234
238120	3060	0.110691234
238120	4144	0.110691234
238120	4444	0.110691234
238120	4740	0.110691234
238120	5914	0.110691234
238179	1869	0.0865216
238179	3971	0.0865216
238179	5886	0.0865216
238179	387	0.086521596
238179	478	0.086521596
238179	775	0.086521596
238179	890	0.086521596
238179	997	0.086521596
238179	1194	0.086521596
238179	1415	0.086521596
238222	1869	0.089315355
238222	2138	0.089315355
238222	3971	0.089315355
238222	5886	0.089315355
238222	890	0.08931535
238222	997	0.08931535
238222	3616	0.08931535
238222	6123	0.08931535
238222	6912	0.08931535
238222	24	0.08931534
238246	4885	0.16391802
238246	3694	0.163918
238246	489	0.16391799
238246	854	0.16391799
238246	968	0.16391799
238246	1334	0.16391799
238246	1413	0.16391799
238246	1902	0.16391799
238246	2360	0.16391799
238246	2382	0.16391799
238319	2518	0.084981635
238319	4446	0.084981635
238319	6796	0.084981635
238319	4004	0.08498163
238319	759	0.08498162
238319	2128	0.08498162
238319	2828	0.08498162
238319	3749	0.08498162
238319	4789	0.08498162
238319	5980	0.08498162
238350	425	0.09328492
238350	91	0.09328486
238350	1524	0.09328486
238350	5304	0.09328486
238350	4469	0.09328485
238350	3776	0.093284845
238350	5321	0.093284845
238350	5355	0.093284845
238350	4032	0.09328484
238350	1185	0.09328483
238400	1306	0.09429669
238400	6427	0.09429668
238400	4400	0.094296664
238400	5232	0.094296664
238400	5583	0.094296664
238400	4693	0.09429665
238400	4698	0.09429665
238400	2323	0.094296634
238400	6775	0.094296634
238400	1567	0.09306462
238419	1567	0.12557995
238419	2653	0.12557995
238419	4493	0.12557995
238419	4868	0.12557995
238419	4906	0.12557995
238419	5715	0.12557995
238419	248	0.12557994
238419	711	0.12557994
238419	3360	0.12557994
238419	4089	0.12557994
238540	1869	0.1190001
238540	3971	0.11900009
238540	49	0.11900008
238540	387	0.11900008
238540	579	0.11900008
238540	832	0.11900008
238540	890	0.11900008
238540	997	0.11900008
238540	1552	0.11900008
238540	2138	0.11900008
238541	425	0.11076402
238541	1524	0.11076397
238541	5355	0.11076397
238541	91	0.11076395
238541	5304	0.11076395
238541	5321	0.11076395
238541	4469	0.110763945
238541	3776	0.11076394
238541	4032	0.11076394
238541	5859	0.11076393
238557	1362	0.13044322
238557	2017	0.13044322
238557	3749	0.13044322
238557	4004	0.13044322
238557	4446	0.13044322
238557	6152	0.13044322
238557	1958	0.1304432
238557	2128	0.1304432
238557	4789	0.1304432
238557	5656	0.1304432
238568	2364	0.08698319
238568	3971	0.08698319
238568	387	0.08698318
238568	1869	0.08698318
238568	3059	0.08698318
238568	3616	0.08698318
238568	41	0.086983174
238568	49	0.086983174
238568	215	0.086983174
238568	579	0.086983174
238607	3971	0.088300124
238607	5886	0.088300124
238607	387	0.08830012
238607	478	0.08830012
238607	2138	0.08830012
238607	3750	0.08830012
238607	4076	0.08830012
238607	642	0.08830011
238607	890	0.08830011
238607	901	0.08830011
238613	3876	0.12708771
238613	5968	0.12708771
238613	6093	0.12708771
238613	4862	0.1270877
238613	3637	0.12708768
238613	6004	0.12708768
238613	6245	0.12708768
238613	1223	0.12708765
238613	1498	0.12708765
238613	2557	0.12708765
238630	890	0.12286629
238630	997	0.12286629
238630	1869	0.12286629
238630	3616	0.12286629
238630	3971	0.12286629
238630	5031	0.12286629
238630	6123	0.12286629
238630	6912	0.12286629
238630	24	0.12286628
238630	1146	0.12286628
238639	1869	0.08981037
238639	3971	0.08981037
238639	5886	0.08981037
238639	3616	0.089810364
238639	49	0.08981036
238639	215	0.08981036
238639	387	0.08981036
238639	478	0.08981036
238639	775	0.08981036
238639	890	0.08981036
238699	3418	0.10484139
238699	3830	0.10484138
238699	4398	0.10484138
238699	4595	0.10484138
238699	5115	0.10484138
238699	5688	0.10484138
238699	6674	0.10484138
238699	1806	0.104841374
238699	3091	0.104841374
238699	3700	0.104841374
238735	856	0.040032234
238735	4409	0.04003223
238735	4658	0.04003223
238735	5247	0.04003223
238735	2282	0.040032227
238735	4407	0.040032227
238735	6090	0.040032227
238735	5179	0.040032215
238735	6387	0.038847
238735	1801	0.038475335
238739	3700	0.08650707
238739	6674	0.08650707
238739	5511	0.08650706
238739	6109	0.08650706
238739	533	0.08650705
238739	624	0.08650705
238739	1745	0.08650705
238739	1806	0.08650705
238739	3112	0.08650705
238739	3418	0.08650705
238757	4885	0.069998085
238757	854	0.06999807
238757	1363	0.06999807
238757	1413	0.06999807
238757	1758	0.06999807
238757	2360	0.06999807
238757	2382	0.06999807
238757	3115	0.06999807
238757	3427	0.06999807
238757	3540	0.06999807
238779	152	0.10519941
238779	869	0.10519941
238779	1598	0.10519941
238779	1679	0.10519941
238779	1457	0.105199404
238779	4233	0.105199404
238779	6747	0.105199404
238779	32	0.1051994
238779	1750	0.1051994
238779	1892	0.1051994
238781	884	0.10758825
238781	3606	0.10758825
238781	4673	0.10758825
238781	2419	0.10758824
238781	3870	0.10758824
238781	4938	0.10758824
238781	6834	0.10758824
238781	247	0.10758823
238781	1648	0.10758823
238781	2783	0.10758823
238836	4103	0.10185464
238836	1280	0.10185462
238836	1621	0.10185462
238836	2209	0.10185462
238836	3610	0.10185462
238836	3657	0.10185462
238836	6670	0.10185462
238836	2450	0.101854615
238836	2644	0.101854615
238836	3143	0.101854615
238849	4151	0.137722
238849	6222	0.137722
238849	99	0.13772199
238849	400	0.13772199
238849	686	0.13772199
238849	1087	0.13772199
238849	1389	0.13772199
238849	1650	0.13772199
238849	2145	0.13772199
238849	2305	0.13772199
238864	6756	0.1111976
238864	5672	0.11119759
238864	5331	0.11119758
238864	4833	0.11119756
238864	5343	0.11119756
238864	828	0.111197546
238864	4488	0.111197546
238864	6273	0.11119754
238864	4351	0.111197524
238864	6674	0.11094466
238889	890	0.12346154
238889	1869	0.12346154
238889	4323	0.12346154
238889	41	0.12346153
238889	832	0.12346153
238889	1146	0.12346153
238889	1856	0.12346153
238889	3164	0.12346153
238889	5031	0.12346153
238889	5886	0.12346153
239000	6851	0.071248755
239000	4382	0.07124875
239000	482	0.07124874
239000	2457	0.07124874
239000	4856	0.07124874
239000	2685	0.07124873
239000	2988	0.07124873
239000	5315	0.07124873
239000	4007	0.071248725
239000	4986	0.071248725
239020	1869	0.105359375
239020	6123	0.105359375
239020	3971	0.10535937
239020	124	0.10535936
239020	387	0.10535936
239020	997	0.10535936
239020	1455	0.10535936
239020	2138	0.10535936
239020	2309	0.10535936
239020	3305	0.10535936
239067	6032	0.087486774
239067	2701	0.08748677
239067	3380	0.08748677
239067	3654	0.08748676
239067	3815	0.08748676
239067	4756	0.08748676
239067	6120	0.08748676
239067	6745	0.08748676
239067	3408	0.08748675
239067	3563	0.08748675
239070	5033	0.08351943
239070	520	0.0835194
239070	5653	0.0835194
239070	6147	0.0835194
239070	6810	0.0835194
239070	120	0.08279312
239070	1695	0.08279312
239070	1801	0.08279311
239070	4964	0.08279311
239070	6256	0.08279311
239161	42	0.10236251
239161	4218	0.102362506
239161	427	0.1023625
239161	3494	0.1023625
239161	4968	0.1023625
239161	5066	0.1023625
239161	5793	0.1023625
239161	1536	0.10236249
239161	5668	0.10236249
239161	793	0.102362484
239374	3971	0.10278373
239374	579	0.102783725
239374	1869	0.102783725
239374	2138	0.102783725
239374	6123	0.10278372
239374	273	0.10278371
239374	387	0.10278371
239374	890	0.10278371
239374	1146	0.10278371
239374	1229	0.10278371
239407	124	0.13811985
239407	215	0.13811985
239407	387	0.13811985
239407	890	0.13811985
239407	1869	0.13811985
239407	2121	0.13811985
239407	2138	0.13811985
239407	2364	0.13811985
239407	3059	0.13811985
239407	3616	0.13811985
239423	89	0.08605398
239423	1243	0.085928336
239423	2654	0.08579351
239423	5320	0.0857935
239423	1274	0.085793495
239423	1556	0.085793495
239423	2104	0.085793495
239423	6518	0.085793495
239423	6802	0.085793495
239423	3227	0.08579349
239460	4838	0.1159796
239460	548	0.11597956
239460	1427	0.11597955
239460	6003	0.11597955
239460	6294	0.11597955
239460	6402	0.11597955
239460	6678	0.11597955
239460	963	0.11597954
239460	6484	0.11597954
239460	522	0.11597953
239468	6593	0.0872053
239468	511	0.08720529
239468	1092	0.08720529
239468	6364	0.08720529
239468	2785	0.08720528
239468	3526	0.08720528
239468	5288	0.08720528
239468	5998	0.08720528
239468	6880	0.08720528
239468	245	0.087205276
239481	5309	0.089518696
239481	5619	0.089518696
239481	848	0.08951868
239481	3403	0.08951868
239481	3797	0.08951868
239481	3902	0.08951868
239481	5954	0.08951868
239481	6653	0.08951868
239481	1267	0.08951867
239481	3601	0.08951867
239486	4004	0.14526123
239486	4446	0.14526123
239486	6601	0.14526123
239486	2128	0.14526121
239486	2518	0.14526121
239486	6152	0.14526121
239486	6796	0.14526121
239486	30	0.1452612
239486	759	0.1452612
239486	1344	0.1452612
239488	1430	0.10288872
239488	679	0.09818001
239488	1262	0.096309006
239488	3829	0.09576578
239488	4555	0.09576576
239488	6893	0.095372856
239488	38	0.09474433
239488	1657	0.09450933
239488	5972	0.09450932
239488	4967	0.0945093
239535	3971	0.19477972
239535	2138	0.19477971
239535	41	0.1947797
239535	124	0.1947797
239535	642	0.1947797
239535	810	0.1947797
239535	890	0.1947797
239535	922	0.1947797
239535	1058	0.1947797
239535	1094	0.1947797
239554	124	0.1282664
239554	3971	0.1282664
239554	890	0.12826638
239554	1146	0.12826638
239554	1869	0.12826638
239554	2138	0.12826638
239554	3559	0.12826638
239554	4076	0.12826638
239554	5716	0.12826638
239554	5886	0.12826638
239584	997	0.1709393
239584	1869	0.1709393
239584	3616	0.1709393
239584	3971	0.1709393
239584	5886	0.1709393
239584	6123	0.1709393
239584	266	0.17093928
239584	387	0.17093928
239584	1455	0.17093928
239584	1552	0.17093928
239594	5731	0.15382195
239594	3657	0.15382192
239594	4103	0.15382192
239594	920	0.1538219
239594	1459	0.1538219
239594	2320	0.1538219
239594	3983	0.1538219
239594	6465	0.1538219
239594	398	0.15382189
239594	605	0.15382189
239609	307	0.10221386
239609	1424	0.10221385
239609	1436	0.10221385
239609	2507	0.102213845
239609	4728	0.102213845
239609	6365	0.102213845
239609	6523	0.102213845
239609	761	0.10221384
239609	2535	0.10221383
239609	2689	0.10221383
239626	231	0.12827167
239626	4176	0.12827165
239626	668	0.12827164
239626	677	0.12827164
239626	1022	0.12827164
239626	1619	0.12827164
239626	1723	0.12827164
239626	4000	0.12827164
239626	4068	0.12827164
239626	5197	0.12827164
239670	597	0.10872108
239670	2138	0.10872108
239670	3971	0.10872108
239670	5031	0.10872108
239670	6912	0.10872108
239670	3616	0.10872107
239670	4076	0.10872107
239670	6123	0.10872107
239670	387	0.10872106
239670	890	0.10872106
239688	3971	0.11643097
239688	5886	0.11643095
239688	6912	0.11643095
239688	387	0.116430946
239688	922	0.116430946
239688	2138	0.116430946
239688	24	0.11643094
239688	41	0.11643094
239688	642	0.11643094
239688	645	0.11643094
239692	244	0.1039509
239692	6265	0.10395089
239692	149	0.10395087
239692	4045	0.10395087
239692	582	0.10395086
239692	632	0.10395086
239692	961	0.10395086
239692	4599	0.10395086
239692	1442	0.10395085
239692	650	0.10395084
239736	3560	0.10962178
239736	489	0.10962176
239736	854	0.10962176
239736	2382	0.10962176
239736	3510	0.10962176
239736	3658	0.10962176
239736	3694	0.10962176
239736	4796	0.10962176
239736	4817	0.10962176
239736	4885	0.10962176
239748	5331	0.11621912
239748	5672	0.1162191
239748	6756	0.1162191
239748	6273	0.11621908
239748	828	0.11621907
239748	4351	0.116219066
239748	4488	0.11621906
239748	4833	0.11621906
239748	5343	0.11621906
239748	854	0.11431962
239788	364	0.10178814
239788	3435	0.101788126
239788	2636	0.10178812
239788	2780	0.10178812
239788	5584	0.10178812
239788	1826	0.1017881
239788	3824	0.1017881
239788	5430	0.1017881
239788	6260	0.1017881
239788	2102	0.10178809
239801	1869	0.12531447
239801	3971	0.12531447
239801	6123	0.12531447
239801	387	0.12531446
239801	642	0.12531446
239801	890	0.12531446
239801	1146	0.12531446
239801	2138	0.12531446
239801	4076	0.12531446
239801	5886	0.12531446
239834	1424	0.119496785
239834	4002	0.11949678
239834	307	0.11949676
239834	4728	0.11949676
239834	6365	0.11949676
239834	1436	0.119496755
239834	2507	0.119496755
239834	2535	0.119496755
239834	6523	0.119496755
239834	2689	0.11949675
240035	2916	0.18724759
240035	3120	0.18724759
240035	3219	0.18724759
240035	6222	0.18724759
240035	801	0.18724757
240035	1087	0.18724757
240035	1650	0.18724757
240035	2126	0.18724757
240035	2305	0.18724757
240035	3785	0.18724757
240051	4906	0.16179228
240051	248	0.16179226
240051	1567	0.16179226
240051	2653	0.16179226
240051	4493	0.16179226
240051	1874	0.16179225
240051	2207	0.16179225
240051	3039	0.16179225
240051	3337	0.16179225
240051	3359	0.16179225
240107	890	0.08494207
240107	1340	0.08494207
240107	2138	0.08494207
240107	2364	0.08494207
240107	2515	0.08494207
240107	3559	0.08494207
240107	3971	0.08494207
240107	4076	0.08494207
240107	6123	0.08494207
240107	6912	0.08494207
240111	579	0.08708334
240111	890	0.08708334
240111	1869	0.08708334
240111	2138	0.08708334
240111	3971	0.08708334
240111	6123	0.08708334
240111	3616	0.08708333
240111	5031	0.08708333
240111	6915	0.08708333
240111	41	0.087083325
240113	6651	0.08953569
240113	188	0.089535646
240113	5154	0.08953564
240113	1741	0.08888142
240113	2446	0.08888142
240113	5718	0.08888142
240113	6332	0.08888142
240113	5986	0.0888814
240113	6215	0.08839032
240113	1863	0.0883903
240131	478	0.09442566
240131	1869	0.09442566
240131	4323	0.09442566
240131	5031	0.09442566
240131	5886	0.09442566
240131	387	0.094425656
240131	890	0.094425656
240131	997	0.094425656
240131	1393	0.094425656
240131	3965	0.094425656
240219	3971	0.09615675
240219	387	0.096156746
240219	1869	0.096156746
240219	5218	0.096156746
240219	6123	0.096156746
240219	6912	0.096156746
240219	41	0.09615674
240219	890	0.09615674
240219	997	0.09615674
240219	1194	0.09615674
240224	244	0.08779547
240224	6265	0.08779546
240224	149	0.08779545
240224	4045	0.08779545
240224	4599	0.087795444
240224	582	0.08779544
240224	1442	0.08779544
240224	2962	0.08779544
240224	5437	0.08779544
240224	632	0.08779543
240225	6507	0.11345913
240225	775	0.113459125
240225	2364	0.113459125
240225	3971	0.113459125
240225	4076	0.113459125
240225	5886	0.113459125
240225	6123	0.113459125
240225	41	0.11345912
240225	387	0.11345912
240225	890	0.11345912
240235	1869	0.14432864
240235	3971	0.14432864
240235	124	0.14432862
240235	387	0.14432862
240235	832	0.14432862
240235	1403	0.14432862
240235	2138	0.14432862
240235	3616	0.14432862
240235	3965	0.14432862
240235	5031	0.14432862
240267	2419	0.09398978
240267	3870	0.09398978
240267	4938	0.09398978
240267	884	0.093989775
240267	1648	0.093989775
240267	4472	0.093989775
240267	4474	0.093989775
240267	4519	0.093989775
240267	4673	0.093989775
240267	6231	0.093989775
240272	3425	0.08620812
240272	6025	0.0862081
240272	399	0.08620809
240272	1918	0.08620809
240272	5330	0.08620809
240272	5364	0.08620809
240272	565	0.08620808
240272	4899	0.08620808
240272	2581	0.086208075
240272	2907	0.086208075
240318	3971	0.11691222
240318	579	0.116912216
240318	890	0.116912216
240318	2138	0.116912216
240318	6123	0.116912216
240318	1869	0.11691221
240318	6915	0.11691221
240318	41	0.1169122
240318	49	0.1169122
240318	124	0.1169122
240333	1092	0.16694523
240333	511	0.16694522
240333	3526	0.16694522
240333	4369	0.16694522
240333	4557	0.16694522
240333	5288	0.16694522
240333	5998	0.16694522
240333	6364	0.16694522
240333	6593	0.16694522
240333	3729	0.1669452
240370	890	0.09391614
240370	387	0.09391613
240370	1062	0.09391613
240370	2121	0.09391613
240370	2138	0.09391613
240370	3971	0.09391613
240370	5031	0.09391613
240370	6123	0.09391613
240370	6912	0.09391613
240370	579	0.093916126
240401	387	0.12971286
240401	890	0.12971286
240401	2121	0.12971286
240401	41	0.12971285
240401	124	0.12971285
240401	404	0.12971285
240401	478	0.12971285
240401	579	0.12971285
240401	922	0.12971285
240401	1058	0.12971285
240403	2419	0.21896541
240403	3870	0.2189654
240403	6231	0.21896538
240403	4344	0.21896537
240403	5864	0.21896537
240403	247	0.21896535
240403	884	0.21896535
240403	1528	0.21896535
240403	3081	0.21896535
240403	3230	0.21896535
240484	4176	0.10505157
240484	2402	0.10505156
240484	5197	0.10505156
240484	6216	0.10505156
240484	6840	0.10505156
240484	231	0.105051555
240484	668	0.10505155
240484	760	0.10505155
240484	851	0.10505155
240484	1022	0.10505155
240495	4975	0.081111714
240495	5991	0.0811117
240495	6218	0.081111684
240495	5445	0.079279676
240495	5964	0.07927419
240495	2534	0.07895395
240495	511	0.078935035
240495	2643	0.078935035
240495	6880	0.078935035
240495	1092	0.07893503
240541	3853	0.15355437
240541	3866	0.15355437
240541	533	0.15355435
240541	1806	0.15355435
240541	2304	0.15355435
240541	2363	0.15355435
240541	3029	0.15355435
240541	3493	0.15355435
240541	3830	0.15355435
240541	4595	0.15355435
240567	3935	0.073400885
240567	1951	0.07340088
240567	2769	0.07340088
240567	1472	0.07340087
240567	3090	0.07340087
240567	3496	0.07340087
240567	4169	0.07340087
240567	5892	0.07340087
240567	1515	0.07340086
240567	4166	0.07340086
240568	5031	0.11685681
240568	890	0.116856806
240568	5886	0.116856806
240568	387	0.1168568
240568	645	0.1168568
240568	1146	0.1168568
240568	1869	0.1168568
240568	3616	0.1168568
240568	3971	0.1168568
240568	5716	0.1168568
240609	1869	0.10092911
240609	2138	0.10092911
240609	3616	0.100929104
240609	6123	0.100929104
240609	41	0.1009291
240609	387	0.1009291
240609	579	0.1009291
240609	642	0.1009291
240609	890	0.1009291
240609	901	0.1009291
240643	890	0.11256442
240643	5031	0.11256442
240643	387	0.112564415
240643	478	0.112564415
240643	997	0.112564415
240643	1146	0.112564415
240643	1856	0.112564415
240643	2138	0.112564415
240643	3559	0.112564415
240643	4076	0.112564415
240663	266	0.12699127
240663	387	0.12699127
240663	645	0.12699127
240663	890	0.12699127
240663	997	0.12699127
240663	1869	0.12699127
240663	2138	0.12699127
240663	3616	0.12699127
240663	3971	0.12699127
240663	5031	0.12699127
240670	4891	0.087502
240670	3531	0.086567216
240670	875	0.086474694
240670	425	0.08634454
240670	1524	0.086344495
240670	5355	0.086344495
240670	91	0.08634449
240670	3776	0.08634448
240670	4469	0.08634448
240670	5321	0.08634448
240677	244	0.119891845
240677	6265	0.119891845
240677	149	0.11989182
240677	2962	0.11989182
240677	4045	0.11989182
240677	4599	0.11989182
240677	582	0.119891815
240677	632	0.119891815
240677	961	0.11989181
240677	1442	0.11989181
240700	4103	0.1708804
240700	5731	0.1708804
240700	396	0.17088038
240700	892	0.17088038
240700	1258	0.17088038
240700	1621	0.17088038
240700	1848	0.17088038
240700	4496	0.17088038
240700	4703	0.17088038
240700	6279	0.17088038
240756	3971	0.08612296
240756	6123	0.08612296
240756	180	0.086122945
240756	215	0.086122945
240756	387	0.086122945
240756	579	0.086122945
240756	597	0.086122945
240756	642	0.086122945
240756	890	0.086122945
240756	997	0.086122945
240789	631	0.09893534
240789	808	0.09893534
240789	1477	0.09893534
240789	5579	0.09893534
240789	965	0.09893532
240789	1485	0.09893531
240789	2505	0.09893531
240789	623	0.098935306
240789	3100	0.09893529
240789	3018	0.09825231
240829	848	0.11277636
240829	5309	0.11277636
240829	5619	0.112776354
240829	3403	0.11277634
240829	3797	0.11277634
240829	3902	0.11277634
240829	3601	0.11277633
240829	5165	0.11277633
240829	1646	0.112776324
240829	2768	0.112776324
240906	5702	0.07604992
240906	2675	0.07532846
240906	3937	0.07532846
240906	4065	0.07532846
240906	102	0.075328454
240906	471	0.075328454
240906	606	0.075328454
240906	1285	0.075328454
240906	1635	0.075328454
240906	3018	0.075328454
240932	2492	0.09558241
240932	3844	0.095582396
240932	4924	0.095582396
240932	6116	0.095582396
240932	972	0.09558238
240932	6219	0.09558237
240932	6793	0.09558237
240932	1860	0.09558236
240932	5378	0.09558236
240932	3285	0.09558235
241042	3560	0.14362992
241042	4885	0.14362992
241042	854	0.14362991
241042	1413	0.14362991
241042	2227	0.14362991
241042	2360	0.14362991
241042	3115	0.14362991
241042	3434	0.14362991
241042	3510	0.14362991
241042	3694	0.14362991
241080	3971	0.11122729
241080	6123	0.11122728
241080	387	0.111227274
241080	579	0.111227274
241080	997	0.111227274
241080	1869	0.111227274
241080	2087	0.111227274
241080	2138	0.111227274
241080	2364	0.111227274
241080	4323	0.111227274
241086	6591	0.089736775
241086	3002	0.08973677
241086	6592	0.08973677
241086	3628	0.08973676
241086	3938	0.08973676
241086	6630	0.08973676
241086	6654	0.08973676
241086	3045	0.089736745
241086	3695	0.089736745
241086	4777	0.089736745
241100	1177	0.10957194
241100	6530	0.10957194
241100	3263	0.109571934
241100	6318	0.109571934
241100	6762	0.109571934
241100	4299	0.10957193
241100	5691	0.10957193
241100	3118	0.10957192
241100	3693	0.10957192
241100	4806	0.10957192
241204	5033	0.11804956
241204	520	0.11804954
241204	6810	0.11804954
241204	5653	0.118049525
241204	6147	0.11804952
241204	3971	0.117719725
241204	124	0.11771972
241204	49	0.11771971
241204	387	0.11771971
241204	890	0.11771971
241214	5731	0.08039823
241214	1258	0.08039822
241214	1280	0.08039822
241214	1621	0.08039822
241214	1848	0.08039822
241214	4103	0.08039822
241214	4703	0.08039822
241214	5176	0.08039822
241214	6279	0.08039822
241214	6465	0.08039822
241239	3866	0.09511711
241239	3980	0.0951171
241239	4718	0.0951171
241239	6310	0.0951171
241239	3210	0.09511709
241239	3853	0.09511709
241239	4241	0.09511709
241239	4563	0.09511709
241239	4727	0.09511709
241239	5454	0.09511709
241265	6265	0.11349088
241265	4599	0.11349087
241265	244	0.113490865
241265	4045	0.113490865
241265	149	0.11349086
241265	632	0.11349085
241265	2962	0.11349085
241265	582	0.11349084
241265	961	0.113490835
241265	1442	0.113490835
241357	2138	0.09727286
241357	2356	0.09727286
241357	4076	0.09727286
241357	5031	0.09727286
241357	5886	0.09727286
241357	997	0.09727285
241357	1194	0.09727285
241357	3164	0.09727285
241357	3971	0.09727285
241357	5396	0.09727285
241367	387	0.07293412
241367	4076	0.07293412
241367	5886	0.07293412
241367	922	0.07293411
241367	2138	0.07293411
241367	4323	0.07293411
241367	5031	0.07293411
241367	6123	0.07293411
241367	24	0.072934106
241367	41	0.072934106
241495	5886	0.10237581
241495	5031	0.102375805
241495	215	0.1023758
241495	890	0.1023758
241495	1856	0.1023758
241495	1869	0.1023758
241495	3971	0.1023758
241495	4603	0.1023758
241495	5896	0.1023758
241495	24	0.10237579
241513	6643	0.09902342
241513	6674	0.09902342
241513	533	0.0990234
241513	2363	0.0990234
241513	3210	0.0990234
241513	3418	0.0990234
241513	3493	0.0990234
241513	3700	0.0990234
241513	4595	0.0990234
241513	5511	0.0990234
241527	2940	0.116815865
241527	305	0.116815835
241527	5069	0.116815835
241527	5731	0.11572157
241527	1848	0.115721546
241527	4496	0.115721546
241527	4703	0.115721546
241527	1258	0.11572154
241527	1459	0.11572154
241527	1621	0.11572154
241537	1869	0.092156135
241537	3971	0.09215613
241537	5886	0.09215613
241537	890	0.09215612
241537	41	0.09215611
241537	215	0.09215611
241537	387	0.09215611
241537	579	0.09215611
241537	628	0.09215611
241537	1058	0.09215611
241548	80	0.14458466
241548	4813	0.14458466
241548	3868	0.14458464
241548	5106	0.14458464
241548	821	0.14458463
241548	1487	0.14458463
241548	1997	0.14458463
241548	2098	0.14458463
241548	2647	0.14458463
241548	3890	0.14458463
241565	1965	0.11141748
241565	2359	0.11141746
241565	4099	0.11141746
241565	4291	0.11141746
241565	859	0.11141744
241565	4908	0.11141744
241565	6023	0.11141744
241565	929	0.111417435
241565	5565	0.111417435
241565	5167	0.11141743
241597	6265	0.07994783
241597	1442	0.079947814
241597	2962	0.079947814
241597	4045	0.079947814
241597	4599	0.079947814
241597	149	0.07994781
241597	582	0.0799478
241597	632	0.0799478
241597	988	0.0799478
241597	3385	0.0799478
241666	80	0.13009891
241666	3644	0.13009891
241666	4984	0.13009891
241666	5106	0.13009891
241666	6909	0.13009891
241666	4813	0.1300989
241666	1487	0.13009888
241666	1997	0.13009888
241666	2647	0.13009888
241666	3664	0.13009888
241749	511	0.15484902
241749	1092	0.15484902
241749	4557	0.15484902
241749	5288	0.15484902
241749	5998	0.15484902
241749	6880	0.15484902
241749	2779	0.15484901
241749	3729	0.15484901
241749	4905	0.15484901
241749	6364	0.15484901
241791	5031	0.07234774
241791	404	0.07234773
241791	478	0.07234773
241791	579	0.07234773
241791	890	0.07234773
241791	1058	0.07234773
241791	1146	0.07234773
241791	1347	0.07234773
241791	1393	0.07234773
241791	4293	0.07234773
241799	2382	0.09263365
241799	489	0.092633635
241799	968	0.092633635
241799	2360	0.092633635
241799	3510	0.092633635
241799	3560	0.092633635
241799	3658	0.092633635
241799	3694	0.092633635
241799	4564	0.092633635
241799	4885	0.092633635
241861	2043	0.08746587
241861	3584	0.08746587
241861	5173	0.08746587
241861	5946	0.08746587
241861	6171	0.08746586
241861	3872	0.08746585
241861	5139	0.08746584
241861	5640	0.08746584
241861	5914	0.0859897
241861	4738	0.085989684
241885	231	0.11975915
241885	4176	0.11975915
241885	5129	0.11975914
241885	6216	0.11975914
241885	6840	0.11975914
241885	1022	0.119759135
241885	5197	0.119759135
241885	668	0.11975913
241885	677	0.11975913
241885	1619	0.11975913
241980	236	0.08672215
241980	1553	0.08672215
241980	2972	0.08672215
241980	3529	0.08672214
241980	3001	0.086722136
241980	5421	0.086722136
241980	2250	0.08672212
241980	3213	0.08672211
241980	6114	0.086722106
241980	6732	0.08468896
242007	46	0.101394534
242007	3018	0.101394534
242007	3937	0.101394534
242007	5821	0.101394534
242007	6418	0.101394534
242007	1285	0.10139453
242007	4065	0.10139453
242007	5703	0.10139453
242007	102	0.10139452
242007	1575	0.10139452
242037	6674	0.120181166
242037	2220	0.12018116
242037	3210	0.12018116
242037	3418	0.12018116
242037	3853	0.12018116
242037	3866	0.12018116
242037	4563	0.12018116
242037	5454	0.12018116
242037	6310	0.12018116
242037	6643	0.12018116
242073	231	0.14369027
242073	4000	0.14369026
242073	4176	0.14369026
242073	1022	0.14369024
242073	1619	0.14369024
242073	5197	0.14369024
242073	668	0.14369023
242073	1034	0.14369023
242073	1723	0.14369023
242073	2400	0.14369023
242083	2885	0.106126875
242083	4460	0.10543028
242083	2045	0.105430245
242083	1531	0.10543023
242083	1692	0.10543023
242083	2840	0.10543023
242083	331	0.10543019
242083	2583	0.10543017
242083	4249	0.103880696
242083	1517	0.10318411
242097	387	0.08417621
242097	890	0.08417621
242097	2121	0.08417621
242097	3559	0.08417621
242097	4076	0.08417621
242097	6123	0.08417621
242097	41	0.084176205
242097	124	0.084176205
242097	266	0.084176205
242097	842	0.084176205
242106	884	0.13777882
242106	1648	0.13777882
242106	2419	0.13777882
242106	3443	0.13777882
242106	4673	0.13777882
242106	3870	0.1377788
242106	4602	0.1377788
242106	4938	0.1377788
242106	5041	0.1377788
242106	247	0.13777879
242118	2138	0.099593505
242118	3971	0.099593505
242118	1869	0.0995935
242118	597	0.09959349
242118	642	0.09959349
242118	890	0.09959349
242118	3616	0.09959349
242118	5886	0.09959349
242118	6123	0.09959349
242118	579	0.09959348
242143	5454	0.09867299
242143	2220	0.098672986
242143	3112	0.098672986
242143	3853	0.098672986
242143	3980	0.098672986
242143	4595	0.098672986
242143	5115	0.098672986
242143	5312	0.098672986
242143	5683	0.098672986
242143	6109	0.098672986
242247	41	0.08496256
242247	2138	0.08496256
242247	3971	0.08496256
242247	6123	0.08496256
242247	890	0.084962554
242247	922	0.084962554
242247	1869	0.084962554
242247	4076	0.084962554
242247	4323	0.084962554
242247	6912	0.084962554
242269	1020	0.09749962
242269	5913	0.097499594
242269	2043	0.09569232
242269	5173	0.09569232
242269	6171	0.09569232
242269	3584	0.09569231
242269	5139	0.09569231
242269	5946	0.09569231
242269	3872	0.09569229
242269	5640	0.09569228
242299	4448	0.13010755
242299	6599	0.1301075
242299	58	0.13001916
242299	2568	0.13001916
242299	111	0.12953837
242299	368	0.12953836
242299	4692	0.12953836
242299	5890	0.12953836
242299	4729	0.12953834
242299	5695	0.12953834
242309	856	0.13388243
242309	2282	0.13388243
242309	4407	0.13388243
242309	6090	0.13388243
242309	4409	0.13388242
242309	5247	0.13388242
242309	4658	0.13388239
242309	5179	0.13388237
242309	2954	0.13349806
242309	647	0.13349801
242310	2122	0.11124687
242310	3008	0.11124683
242310	1440	0.111246824
242310	2161	0.111246794
242310	4999	0.11120893
242310	2747	0.111208916
242310	4103	0.11001606
242310	5731	0.11001606
242310	398	0.11001605
242310	2209	0.11001605
242317	890	0.13784146
242317	1869	0.13784146
242317	5886	0.13784146
242317	6123	0.13784146
242317	124	0.13784145
242317	775	0.13784145
242317	986	0.13784145
242317	1194	0.13784145
242317	1403	0.13784145
242317	2138	0.13784145
242361	2153	0.12785149
242361	4671	0.12744679
242361	551	0.12744677
242361	2022	0.12744677
242361	5904	0.12744677
242361	6075	0.12744677
242361	191	0.12744676
242361	4339	0.12744676
242361	4461	0.12744676
242361	6102	0.12744676
242409	3971	0.15092266
242409	1869	0.15092264
242409	2138	0.15092264
242409	3616	0.15092264
242409	5031	0.15092264
242409	5716	0.15092264
242409	6123	0.15092264
242409	24	0.15092263
242409	49	0.15092263
242409	124	0.15092263
242458	3971	0.078381866
242458	6123	0.078381866
242458	387	0.07838186
242458	4076	0.07838186
242458	5218	0.07838186
242458	41	0.07838185
242458	49	0.07838185
242458	478	0.07838185
242458	579	0.07838185
242458	775	0.07838185
242465	6265	0.075584166
242465	244	0.07558416
242465	4045	0.07558415
242465	632	0.07558414
242465	4082	0.07558414
242465	4599	0.07558414
242465	149	0.075584136
242465	650	0.075584136
242465	961	0.075584136
242465	1329	0.075584136
242499	3971	0.11232096
242499	890	0.11232095
242499	1862	0.11232095
242499	387	0.112320945
242499	579	0.112320945
242499	1869	0.112320945
242499	2037	0.112320945
242499	2138	0.112320945
242499	2345	0.112320945
242499	5218	0.112320945
242528	3971	0.110498756
242528	387	0.11049875
242528	1869	0.11049875
242528	3616	0.11049875
242528	5685	0.11049875
242528	5886	0.11049875
242528	6912	0.11049875
242528	41	0.11049874
242528	478	0.11049874
242528	597	0.11049874
242544	1869	0.088419884
242544	3616	0.088419884
242544	5031	0.088419884
242544	41	0.08841988
242544	387	0.08841988
242544	890	0.08841988
242544	2121	0.08841988
242544	2364	0.08841988
242544	3164	0.08841988
242544	3971	0.08841988
242637	854	0.08788948
242637	1413	0.08788948
242637	3115	0.08788948
242637	3560	0.08788948
242637	2360	0.08788947
242637	2382	0.08788947
242637	3510	0.08788947
242637	3694	0.08788947
242637	489	0.08788946
242637	1106	0.08788946
242639	660	0.075146414
242639	3179	0.07514641
242639	3597	0.07514641
242639	1423	0.07514639
242639	533	0.07476551
242639	1806	0.0747655
242639	2220	0.0747655
242639	2304	0.0747655
242639	3112	0.0747655
242639	3418	0.0747655
242646	266	0.11551948
242646	890	0.11551948
242646	997	0.11551948
242646	1869	0.11551948
242646	3616	0.11551948
242646	5031	0.11551948
242646	6912	0.11551948
242646	124	0.11551947
242646	387	0.11551947
242646	645	0.11551947
242763	3403	0.12755784
242763	5309	0.12755784
242763	5619	0.12755784
242763	848	0.12755781
242763	1267	0.12755781
242763	1646	0.12755781
242763	1678	0.12755781
242763	2290	0.12755781
242763	2768	0.12755781
242763	3601	0.12755781
242843	5031	0.096725725
242843	24	0.09672572
242843	645	0.09672572
242843	890	0.09672572
242843	1146	0.09672572
242843	1869	0.09672572
242843	2138	0.09672572
242843	5886	0.09672572
242843	6912	0.09672572
242843	41	0.09672571
242849	1177	0.12089785
242849	4806	0.120897844
242849	2737	0.12089784
242849	3118	0.12089783
242849	3263	0.12089783
242849	4299	0.12089783
242849	6318	0.12089783
242849	5691	0.12089782
242849	6762	0.12089782
242849	588	0.120897815
242878	5031	0.09107252
242878	890	0.09107251
242878	5886	0.09107251
242878	24	0.0910725
242878	376	0.0910725
242878	387	0.0910725
242878	597	0.0910725
242878	997	0.0910725
242878	1146	0.0910725
242878	1340	0.0910725
242891	5919	0.1129024
242891	6886	0.1129024
242891	4173	0.112902395
242891	4121	0.11290238
242891	6000	0.11290238
242891	6103	0.11290238
242891	2651	0.11290237
242891	4384	0.11290237
242891	6463	0.11290237
242891	2419	0.1125756
242914	4150	0.07813425
242914	5574	0.07813425
242914	2853	0.076793864
242914	3716	0.07679385
242914	6029	0.076793805
242914	855	0.07572346
242914	5702	0.07529665
242914	1325	0.07515846
242914	4297	0.07515846
242914	4865	0.07515846
242962	1869	0.13738818
242962	387	0.13738817
242962	478	0.13738817
242962	901	0.13738817
242962	997	0.13738817
242962	1194	0.13738817
242962	1455	0.13738817
242962	2121	0.13738817
242962	2138	0.13738817
242962	3616	0.13738817
243004	3018	0.095305584
243004	3937	0.095305584
243004	102	0.09530558
243004	471	0.09530558
243004	1285	0.09530558
243004	2675	0.09530558
243004	2904	0.09530558
243004	3491	0.09530558
243004	5414	0.09530558
243004	5703	0.09530558
243058	6082	0.11499536
243058	2910	0.11499535
243058	2975	0.114995345
243058	5115	0.11424707
243058	6674	0.11424707
243058	3866	0.11424706
243058	4595	0.11424706
243058	533	0.114247054
243058	624	0.114247054
243058	3029	0.114247054
243065	3560	0.12440485
243065	4885	0.12440485
243065	1256	0.12440483
243065	2360	0.12440483
243065	3427	0.12440483
243065	3939	0.12440483
243065	1363	0.124404825
243065	2274	0.124404825
243065	3510	0.124404825
243065	4224	0.124404825
243075	869	0.10970549
243075	6747	0.10970549
243075	1679	0.109705485
243075	152	0.10970548
243075	1598	0.10970548
243075	1892	0.10970548
243075	1937	0.10970548
243075	2349	0.10970548
243075	4233	0.10970548
243075	4451	0.10970548
243077	6311	0.10503128
243077	3437	0.10503127
243077	1975	0.105031244
243077	2314	0.105031244
243077	5007	0.10503124
243077	5148	0.10503124
243077	5757	0.10503124
243077	511	0.10447091
243077	1092	0.104470894
243077	3526	0.104470894
243142	4984	0.118027724
243142	3644	0.11802772
243142	4813	0.11802772
243142	5106	0.11802772
243142	1997	0.11802771
243142	80	0.1180277
243142	2647	0.1180277
243142	5151	0.1180277
243142	5372	0.1180277
243142	6525	0.1180277
243236	4802	0.14886586
243236	495	0.14886585
243236	1242	0.14886585
243236	3128	0.14886585
243236	4618	0.14886585
243236	5244	0.14886585
243236	5250	0.14886585
243236	6739	0.14886583
243236	5498	0.14886582
243236	533	0.14786044
243294	511	0.13636823
243294	1092	0.13636823
243294	5998	0.13636823
243294	6364	0.13636823
243294	2779	0.13636822
243294	3526	0.13636822
243294	4557	0.13636822
243294	4905	0.13636822
243294	5078	0.13636822
243294	5288	0.13636822
243312	511	0.09050493
243312	3526	0.09050493
243312	4557	0.09050493
243312	617	0.09050492
243312	6364	0.09050492
243312	245	0.090504915
243312	1092	0.090504915
243312	1288	0.090504915
243312	4318	0.090504915
243312	4341	0.090504915
243328	5128	0.12145491
243328	4320	0.12145489
243328	143	0.12145488
243328	1238	0.12145488
243328	1449	0.12145488
243328	5508	0.12145488
243328	1570	0.12145487
243328	4267	0.12145487
243328	5275	0.12145487
243328	5630	0.12145487
243360	511	0.13348208
243360	1092	0.13348208
243360	5288	0.13348208
243360	6593	0.13348208
243360	245	0.13348207
243360	2796	0.13348207
243360	3526	0.13348207
243360	4318	0.13348207
243360	4557	0.13348207
243360	5998	0.13348207
243429	2138	0.11973673
243429	3616	0.11973673
243429	5031	0.11973673
243429	6123	0.11973673
243429	890	0.11973672
243429	1869	0.11973672
243429	3971	0.11973672
243429	387	0.119736716
243429	842	0.119736716
243429	997	0.119736716
243448	3971	0.09747736
243448	5886	0.09747736
243448	387	0.097477354
243448	890	0.097477354
243448	1856	0.097477354
243448	597	0.09747735
243448	1340	0.09747735
243448	1862	0.09747735
243448	1869	0.09747735
243448	2103	0.09747735
243491	5430	0.07614574
243491	364	0.07614573
243491	1826	0.07614573
243491	2606	0.07614572
243491	2636	0.07614572
243491	2780	0.07614572
243491	2879	0.07614572
243491	3435	0.07614572
243491	3824	0.07614572
243491	5584	0.07614572
243584	4143	0.09536026
243584	626	0.09536025
243584	1610	0.09536025
243584	1733	0.09536025
243584	4387	0.09536025
243584	4482	0.09536025
243584	6288	0.09536025
243584	2986	0.09536024
243584	3819	0.09536024
243584	3929	0.09536024
243607	5919	0.066124335
243607	6886	0.066124335
243607	2651	0.06612433
243607	4121	0.06612433
243607	4173	0.06612433
243607	4384	0.06612433
243607	6103	0.06612432
243607	6463	0.06612431
243607	6000	0.066124305
243607	2419	0.065904975
243700	6423	0.100269996
243700	2843	0.10026999
243700	1301	0.10026996
243700	5031	0.09905508
243700	3616	0.099055074
243700	890	0.09905507
243700	2138	0.09905507
243700	3559	0.09905507
243700	5896	0.09905507
243700	5916	0.09905507
243720	1363	0.1318592
243720	2360	0.1318592
243720	3510	0.1318592
243720	3658	0.1318592
243720	3694	0.1318592
243720	4224	0.1318592
243720	4411	0.1318592
243720	4796	0.1318592
243720	4817	0.1318592
243720	4885	0.1318592
243745	387	0.124207884
243745	3971	0.124207884
243745	6123	0.124207884
243745	5886	0.12420788
243745	1869	0.12420787
243745	2138	0.12420787
243745	4076	0.12420787
243745	41	0.12420786
243745	49	0.12420786
243745	215	0.12420786
243759	4103	0.11260171
243759	5731	0.11260171
243759	3657	0.1126017
243759	1621	0.11260169
243759	1848	0.11260169
243759	2014	0.11260169
243759	2450	0.11260169
243759	3143	0.11260169
243759	5241	0.11260169
243759	6465	0.11260169
243785	6674	0.12276059
243785	3112	0.12276058
243785	3210	0.12276058
243785	3700	0.12276058
243785	6109	0.12276058
243785	6310	0.12276058
243785	6643	0.12276058
243785	1745	0.12276057
243785	3830	0.12276057
243785	3980	0.12276057
243814	1567	0.11920867
243814	2653	0.11920867
243814	5086	0.119208656
243814	248	0.11920865
243814	2080	0.11920865
243814	4903	0.11920865
243814	4906	0.11920865
243814	5335	0.11920865
243814	5606	0.11920865
243814	5715	0.11920865
243863	3560	0.12483188
243863	4885	0.12483187
243863	4224	0.12483186
243863	489	0.124831855
243863	854	0.124831855
243863	968	0.124831855
243863	2360	0.124831855
243863	2382	0.124831855
243863	3115	0.124831855
243863	3427	0.124831855
243879	686	0.13112527
243879	801	0.13112527
243879	3187	0.13112527
243879	4151	0.13112527
243879	400	0.13112526
243879	1087	0.13112526
243879	1650	0.13112526
243879	2305	0.13112526
243879	3120	0.13112526
243879	5019	0.13112526
243891	6630	0.09020782
243891	6591	0.090207815
243891	6592	0.090207815
243891	3628	0.09020781
243891	1978	0.0902078
243891	3002	0.0902078
243891	3938	0.0902078
243891	5607	0.0902078
243891	6654	0.0902078
243891	6690	0.0902078
243929	244	0.09800659
243929	6265	0.098006584
243929	149	0.09800658
243929	3385	0.09800658
243929	4045	0.09800657
243929	4599	0.09800657
243929	582	0.09800656
243929	632	0.09800656
243929	650	0.09800656
243929	961	0.09800656
243930	3971	0.14786847
243930	387	0.14786845
243930	890	0.14786845
243930	1869	0.14786845
243930	2138	0.14786845
243930	6123	0.14786845
243930	579	0.14786844
243930	642	0.14786844
243930	1058	0.14786844
243930	1146	0.14786844
243942	3425	0.11215533
243942	4899	0.1121553
243942	5330	0.1121553
243942	1918	0.112155296
243942	6025	0.112155296
243942	565	0.11215529
243942	2581	0.11215529
243942	3779	0.11215529
243942	5364	0.11215529
243942	993	0.11215528
243951	511	0.1490722
243951	1092	0.1490722
243951	5288	0.14907219
243951	617	0.14907217
243951	2643	0.14907217
243951	2785	0.14907217
243951	3097	0.14907217
243951	3526	0.14907217
243951	4141	0.14907217
243951	4318	0.14907217
243966	1869	0.089218006
243966	5886	0.089218006
243966	215	0.089218
243966	478	0.089218
243966	3971	0.089218
243966	6507	0.089218
243966	6912	0.089218
243966	124	0.08921799
243966	387	0.08921799
243966	775	0.08921799
243984	5886	0.142986
243984	6123	0.142986
243984	4076	0.14298598
243984	387	0.14298597
243984	478	0.14298597
243984	597	0.14298597
243984	775	0.14298597
243984	890	0.14298597
243984	922	0.14298597
243984	997	0.14298597
244039	6123	0.083680935
244039	387	0.08368093
244039	890	0.08368093
244039	5886	0.08368093
244039	922	0.08368092
244039	3971	0.08368092
244039	4076	0.08368092
244039	6507	0.08368092
244039	41	0.08368091
244039	49	0.08368091
244056	2701	0.08807813
244056	3380	0.08807813
244056	3815	0.08807813
244056	6284	0.08807812
244056	88	0.08807811
244056	3654	0.08807811
244056	4756	0.08807811
244056	4957	0.08807811
244056	6120	0.08807811
244056	6745	0.08807811
244070	890	0.13801847
244070	3971	0.13801847
244070	5031	0.13801847
244070	387	0.13801846
244070	478	0.13801846
244070	597	0.13801846
244070	832	0.13801846
244070	997	0.13801846
244070	1194	0.13801846
244070	1340	0.13801846
244092	1869	0.11553745
244092	3971	0.11553745
244092	6123	0.11553745
244092	5886	0.11553744
244092	6912	0.11553744
244092	387	0.115537435
244092	579	0.115537435
244092	890	0.115537435
244092	997	0.115537435
244092	2138	0.115537435
244171	1869	0.14116612
244171	2728	0.14116612
244171	3971	0.14116612
244171	124	0.1411661
244171	387	0.1411661
244171	832	0.1411661
244171	1058	0.1411661
244171	5886	0.1411661
244171	6123	0.1411661
244171	41	0.14116609
244189	1869	0.11382575
244189	3822	0.11382575
244189	3971	0.11382575
244189	5031	0.11382575
244189	2364	0.113825746
244189	6912	0.113825746
244189	24	0.11382574
244189	41	0.11382574
244189	49	0.11382574
244189	124	0.11382574
244277	5871	0.10142726
244277	4410	0.10142725
244277	5865	0.10142725
244277	1960	0.10142724
244277	3151	0.10142724
244277	766	0.101427235
244277	5292	0.10142723
244277	4774	0.10142722
244277	1969	0.1014272
244277	1092	0.10118298
244286	3971	0.118870266
244286	1869	0.11887026
244286	2138	0.11887025
244286	5886	0.11887025
244286	775	0.11887024
244286	997	0.11887024
244286	5031	0.11887024
244286	5305	0.11887024
244286	1403	0.118870236
244286	3965	0.118870236
244349	913	0.09083092
244349	4712	0.09083092
244349	3482	0.09083091
244349	5731	0.08955753
244349	4103	0.08955752
244349	1621	0.08955751
244349	3610	0.08955751
244349	4085	0.089557506
244349	6279	0.089557506
244349	396	0.0895575
244359	4673	0.12959683
244359	247	0.1295968
244359	884	0.1295968
244359	1648	0.1295968
244359	2419	0.1295968
244359	3230	0.1295968
244359	3443	0.1295968
244359	3606	0.1295968
244359	3870	0.1295968
244359	4080	0.1295968
244420	3853	0.11076538
244420	3866	0.11076538
244420	5454	0.11076538
244420	3418	0.11076537
244420	3493	0.11076537
244420	4718	0.11076537
244420	401	0.11076536
244420	3830	0.11076536
244420	4680	0.11076536
244420	5115	0.11076536
244452	4806	0.11523955
244452	1177	0.115239546
244452	3263	0.115239546
244452	6530	0.115239546
244452	5085	0.11523954
244452	6318	0.11523954
244452	6897	0.11523954
244452	297	0.11523953
244452	1221	0.11523953
244452	1581	0.11523953
244456	4906	0.10110133
244456	655	0.101101324
244456	1567	0.101101324
244456	2653	0.101101324
244456	4493	0.101101324
244456	5869	0.101101324
244456	6028	0.101101324
244456	2844	0.10110132
244456	4154	0.10110132
244456	106	0.10110131
244471	2496	0.112414815
244471	4740	0.11133274
244471	1155	0.11133273
244471	2503	0.11133273
244471	3677	0.11133273
244471	4738	0.11133273
244471	5599	0.11133273
244471	5914	0.11133273
244471	6312	0.11133273
244471	4431	0.11133272
244484	3403	0.10694019
244484	5619	0.10694018
244484	5309	0.10694017
244484	848	0.106940165
244484	3797	0.106940165
244484	3902	0.106940165
244484	6653	0.10694016
244484	1267	0.10694015
244484	1678	0.10694015
244484	2768	0.10694015
244494	3531	0.06429453
244494	425	0.063618794
244494	5355	0.06361876
244494	91	0.06361875
244494	1524	0.06361875
244494	4469	0.06361875
244494	1185	0.06361874
244494	3776	0.06361874
244494	4032	0.06361874
244494	5304	0.06361874
244517	997	0.10258156
244517	1869	0.10258156
244517	3971	0.10258156
244517	5886	0.10258156
244517	41	0.10258155
244517	890	0.10258155
244517	4323	0.10258155
244517	6123	0.10258155
244517	6912	0.10258155
244517	24	0.102581546
244593	5454	0.118995585
244593	533	0.11899558
244593	5511	0.11899558
244593	6674	0.11899558
244593	3830	0.11899557
244593	4727	0.11899557
244593	6310	0.11899557
244593	6768	0.11899557
244593	624	0.11899556
244593	1025	0.11899556
244622	997	0.080999635
244622	6507	0.080999635
244622	387	0.08099963
244622	538	0.08099963
244622	597	0.08099963
244622	642	0.08099963
244622	843	0.08099963
244622	890	0.08099963
244622	986	0.08099963
244622	1058	0.08099963
244627	1869	0.15040115
244627	5886	0.15040115
244627	890	0.15040113
244627	2728	0.15040113
244627	3971	0.15040113
244627	5031	0.15040113
244627	5709	0.15040113
244627	41	0.15040112
244627	124	0.15040112
244627	215	0.15040112
244657	1567	0.1127595
244657	2653	0.1127595
244657	711	0.11275949
244657	5086	0.11275949
244657	5869	0.11275949
244657	655	0.112759486
244657	1349	0.112759486
244657	3289	0.112759486
244657	3359	0.112759486
244657	3361	0.112759486
244662	997	0.1497336
244662	2138	0.1497336
244662	3971	0.1497336
244662	5886	0.1497336
244662	6123	0.1497336
244662	6912	0.1497336
244662	1869	0.14973359
244662	2364	0.14973359
244662	3559	0.14973359
244662	4076	0.14973359
244676	890	0.11396826
244676	5031	0.11396826
244676	1856	0.11396825
244676	1869	0.11396825
244676	387	0.113968246
244676	1340	0.113968246
244676	1455	0.113968246
244676	2138	0.113968246
244676	3616	0.113968246
244676	5716	0.113968246
244685	4712	0.05508135
244685	913	0.055081345
244685	3482	0.055081338
244685	1741	0.05506181
244685	6332	0.05506181
244685	2446	0.055061806
244685	5986	0.055061806
244685	5718	0.055061802
244685	3873	0.054584004
244685	1848	0.054583803
244708	1869	0.09312979
244708	387	0.093129784
244708	890	0.093129784
244708	3971	0.093129784
244708	4076	0.093129784
244708	5886	0.093129784
244708	6123	0.093129784
244708	1194	0.09312978
244708	1856	0.09312978
244708	2138	0.09312978
244710	4176	0.08648227
244710	6840	0.08648227
244710	231	0.086482264
244710	1619	0.086482264
244710	668	0.08648226
244710	677	0.08648226
244710	1022	0.08648226
244710	2950	0.08648226
244710	5197	0.08648226
244710	6216	0.08648226
244736	3971	0.10272587
244736	387	0.10272586
244736	5886	0.10272586
244736	1869	0.102725856
244736	3616	0.102725856
244736	49	0.10272585
244736	832	0.10272585
244736	890	0.10272585
244736	922	0.10272585
244736	997	0.10272585
244742	1567	0.12339766
244742	2653	0.12339765
244742	4903	0.12339765
244742	4906	0.12339765
244742	5086	0.12339765
244742	5335	0.12339765
244742	248	0.12339764
244742	5715	0.12339764
244742	5869	0.12339764
244742	711	0.12339763
244761	2701	0.14912237
244761	3380	0.14912237
244761	3654	0.14912236
244761	3815	0.14912236
244761	4756	0.14912236
244761	6032	0.14912236
244761	6745	0.14912236
244761	3563	0.14912234
244761	4957	0.14912234
244761	88	0.14912233
244779	6241	0.09628171
244779	3538	0.09628169
244779	4608	0.096281685
244779	5811	0.096281685
244779	349	0.09610407
244779	1087	0.09610407
244779	1438	0.09610407
244779	2070	0.09610407
244779	2305	0.09610407
244779	3187	0.09610407
244814	1869	0.12561087
244814	478	0.12561086
244814	775	0.12561086
244814	997	0.12561086
244814	1146	0.12561086
244814	3616	0.12561086
244814	4076	0.12561086
244814	5031	0.12561086
244814	5886	0.12561086
244814	6123	0.12561086
244873	4004	0.073673815
244873	2518	0.07367381
244873	4446	0.07367381
244873	4789	0.07367381
244873	6152	0.07367381
244873	759	0.0736738
244873	1012	0.0736738
244873	1344	0.0736738
244873	1362	0.0736738
244873	1958	0.0736738
244874	3971	0.111294374
244874	5886	0.111294374
244874	890	0.11129437
244874	1869	0.11129437
244874	215	0.11129436
244874	387	0.11129436
244874	579	0.11129436
244874	1146	0.11129436
244874	2138	0.11129436
244874	3897	0.11129436
244915	3971	0.12323878
244915	890	0.12323877
244915	2138	0.12323877
244915	4076	0.12323877
244915	1869	0.123238765
244915	41	0.12323876
244915	387	0.12323876
244915	1062	0.12323876
244915	1146	0.12323876
244915	1229	0.12323876
244925	1869	0.09779037
244925	2138	0.09779036
244925	3616	0.09779036
244925	3971	0.09779036
244925	5031	0.09779036
244925	5886	0.09779036
244925	6123	0.09779036
244925	645	0.09779035
244925	1146	0.09779035
244925	2364	0.09779035
244995	4623	0.09966888
244995	1389	0.09896828
244995	1650	0.098968275
244995	2916	0.098968275
244995	4151	0.098968275
244995	6236	0.098968275
244995	1087	0.09896827
244995	1438	0.09896827
244995	3120	0.09896827
244995	3187	0.09896827
245088	1869	0.17940916
245088	3971	0.17940916
245088	124	0.17940915
245088	2728	0.17940915
245088	3616	0.17940915
245088	5031	0.17940915
245088	5886	0.17940915
245088	387	0.17940913
245088	775	0.17940913
245088	890	0.17940913
245102	3915	0.06922053
245102	5104	0.06922053
245102	6576	0.06922053
245102	1116	0.06922051
245102	3173	0.06922051
245102	3395	0.06922051
245102	4982	0.06922051
245102	5385	0.06922051
245102	6386	0.06922051
245102	4478	0.069220506
245128	1610	0.1295865
245128	626	0.12958649
245128	2986	0.12958649
245128	4387	0.12958649
245128	4482	0.12958649
245128	5067	0.12958649
245128	5974	0.12958649
245128	497	0.12958647
245128	3819	0.12958647
245128	4181	0.12958647
245157	6222	0.1571012
245157	99	0.15710118
245157	686	0.15710118
245157	801	0.15710118
245157	1087	0.15710118
245157	1650	0.15710118
245157	2305	0.15710118
245157	3120	0.15710118
245157	3187	0.15710118
245157	3219	0.15710118
245188	1965	0.09967381
245188	2359	0.09967379
245188	859	0.09967378
245188	4291	0.09967378
245188	5565	0.09967378
245188	5931	0.09967378
245188	6023	0.09967378
245188	5673	0.09967377
245188	929	0.09967376
245188	4099	0.09967376
245194	2138	0.08981082
245194	3971	0.08981082
245194	6123	0.08981082
245194	1869	0.08981081
245194	4076	0.08981081
245194	387	0.0898108
245194	579	0.0898108
245194	775	0.0898108
245194	890	0.0898108
245194	922	0.0898108
245203	387	0.10496867
245203	890	0.10496867
245203	1869	0.10496867
245203	2121	0.10496867
245203	3971	0.10496867
245203	4323	0.10496867
245203	5886	0.10496867
245203	538	0.10496866
245203	3559	0.10496866
245203	3897	0.10496866
245215	3971	0.123629436
245215	1869	0.12362943
245215	2364	0.12362943
245215	6123	0.12362943
245215	49	0.12362942
245215	124	0.12362942
245215	387	0.12362942
245215	890	0.12362942
245215	1194	0.12362942
245215	2138	0.12362942
245281	49	0.11167678
245281	1869	0.11167678
245281	3971	0.11167678
245281	5031	0.11167678
245281	3616	0.111676775
245281	24	0.11167677
245281	233	0.11167677
245281	376	0.11167677
245281	387	0.11167677
245281	579	0.11167677
245295	2419	0.17010528
245295	3443	0.17010525
245295	3870	0.17010525
245295	4474	0.17010525
245295	4589	0.17010525
245295	4938	0.17010525
245295	5041	0.17010525
245295	5739	0.17010525
245295	5864	0.17010525
245295	6231	0.17010525
245311	4446	0.10906699
245311	2518	0.10906698
245311	759	0.10906697
245311	4004	0.10906697
245311	2017	0.10906696
245311	5980	0.10906696
245311	6152	0.10906696
245311	6422	0.10906696
245311	6601	0.10906696
245311	6796	0.10906696
245328	4906	0.12410954
245328	2653	0.12410952
245328	655	0.124109514
245328	1567	0.124109514
245328	4868	0.124109514
245328	5869	0.124109514
245328	2207	0.12410951
245328	4089	0.12410951
245328	4493	0.12410951
245328	4903	0.12410951
245346	5731	0.101329416
245346	4103	0.10132941
245346	1621	0.1013294
245346	2209	0.1013294
245346	6149	0.1013294
245346	6279	0.1013294
245346	6465	0.1013294
245346	1848	0.10132939
245346	4496	0.10132939
245346	4703	0.10132939
245371	6123	0.11685655
245371	579	0.116856545
245371	890	0.116856545
245371	1869	0.116856545
245371	3616	0.116856545
245371	3971	0.116856545
245371	5031	0.116856545
245371	5886	0.116856545
245371	901	0.11685654
245371	1146	0.11685654
245410	2615	0.036924623
245410	4308	0.036707874
245410	4330	0.036707874
245410	117	0.03577797
245410	2597	0.035742566
245410	3754	0.03535215
245410	594	0.03531277
245410	2953	0.035312757
245410	5098	0.035283476
245410	1083	0.035143442
245446	801	0.11217361
245446	3187	0.11217361
245446	4151	0.11217361
245446	5121	0.11217361
245446	6222	0.11217361
245446	686	0.1121736
245446	1087	0.1121736
245446	1650	0.1121736
245446	2145	0.1121736
245446	2305	0.1121736
245534	1869	0.11338008
245534	3971	0.11338008
245534	124	0.113380075
245534	832	0.113380075
245534	1403	0.113380075
245534	2364	0.113380075
245534	5031	0.113380075
245534	6912	0.113380075
245534	842	0.11338007
245534	890	0.11338007
245568	4885	0.12443209
245568	1363	0.12443206
245568	3427	0.12443206
245568	3560	0.12443206
245568	3694	0.12443206
245568	4796	0.12443206
245568	3939	0.12443205
245568	729	0.12443204
245568	1080	0.12443204
245568	1413	0.12443204
245604	6756	0.11013236
245604	5672	0.11013235
245604	4833	0.11013234
245604	5331	0.11013234
245604	6273	0.11013234
245604	828	0.11013233
245604	4351	0.11013232
245604	5343	0.110132314
245604	4488	0.11013231
245604	852	0.1099388
245616	3971	0.100698635
245616	5886	0.100698635
245616	5896	0.100698635
245616	6912	0.100698635
245616	645	0.10069863
245616	5031	0.10069863
245616	24	0.10069862
245616	215	0.10069862
245616	266	0.10069862
245616	387	0.10069862
245645	5031	0.10090639
245645	387	0.10090638
245645	1869	0.10090638
245645	645	0.10090637
245645	890	0.10090637
245645	1415	0.10090637
245645	1455	0.10090637
245645	2121	0.10090637
245645	3971	0.10090637
245645	5381	0.10090637
245649	1591	0.11902158
245649	5376	0.118893
245649	5731	0.118893
245649	6149	0.118893
245649	1621	0.11889298
245649	1848	0.11889298
245649	2209	0.11889298
245649	3657	0.11889298
245649	4103	0.11889298
245649	5241	0.11889298
245650	478	0.09752307
245650	6507	0.09752307
245650	124	0.09752306
245650	997	0.09752306
245650	3897	0.09752306
245650	3971	0.09752306
245650	5218	0.09752306
245650	5381	0.09752306
245650	5886	0.09752306
245650	6123	0.09752306
245655	3666	0.06947193
245655	4257	0.069388434
245655	2518	0.0691102
245655	4446	0.0691102
245655	6152	0.0691102
245655	4004	0.06911019
245655	6601	0.06911019
245655	759	0.069110185
245655	1344	0.069110185
245655	1362	0.069110185
245660	5218	0.09923234
245660	5886	0.09923234
245660	49	0.09923233
245660	266	0.09923233
245660	387	0.09923233
245660	478	0.09923233
245660	890	0.09923233
245660	1856	0.09923233
245660	1869	0.09923233
245660	3616	0.09923233
245814	890	0.123924285
245814	387	0.12392428
245814	2138	0.12392428
245814	5886	0.12392428
245814	6912	0.12392428
245814	41	0.12392427
245814	478	0.12392427
245814	1058	0.12392427
245814	1146	0.12392427
245814	1869	0.12392427
245963	2419	0.08347482
245963	3606	0.083474815
245963	884	0.08347481
245963	3870	0.08347481
245963	4080	0.08347481
245963	4472	0.08347481
245963	222	0.0834748
245963	247	0.0834748
245963	301	0.0834748
245963	638	0.0834748
246000	244	0.108398
246000	4599	0.10839799
246000	4045	0.10839798
246000	6265	0.108397976
246000	149	0.10839797
246000	1442	0.10839797
246000	582	0.10839796
246000	961	0.10839796
246000	4082	0.10839796
246000	5437	0.10839796
246156	4446	0.09343322
246156	4004	0.093433216
246156	6152	0.093433216
246156	6796	0.093433216
246156	2017	0.09343321
246156	759	0.0934332
246156	1362	0.0934332
246156	2128	0.0934332
246156	2518	0.0934332
246156	3749	0.0934332
246175	2122	0.09212592
246175	3008	0.09212591
246175	1440	0.09212589
246175	2161	0.09212588
246175	6823	0.09197169
246175	345	0.09197168
246175	3994	0.09197166
246175	5424	0.09183897
246175	4233	0.09173126
246175	152	0.09173125
246216	3971	0.12985693
246216	5031	0.12985693
246216	5886	0.12985693
246216	6912	0.12985693
246216	387	0.12985691
246216	478	0.12985691
246216	597	0.12985691
246216	645	0.12985691
246216	922	0.12985691
246216	997	0.12985691
246230	387	0.091068685
246230	645	0.091068685
246230	1415	0.091068685
246230	1869	0.091068685
246230	2121	0.091068685
246230	3616	0.091068685
246230	5031	0.091068685
246230	49	0.09106868
246230	890	0.09106868
246230	1146	0.09106868
246246	41	0.09587056
246246	2138	0.09587056
246246	5886	0.09587056
246246	215	0.095870554
246246	890	0.095870554
246246	1146	0.095870554
246246	1403	0.095870554
246246	1869	0.095870554
246246	3059	0.095870554
246246	3559	0.095870554
246247	3425	0.12599416
246247	4899	0.12599413
246247	5364	0.12599413
246247	565	0.12599412
246247	2581	0.12599412
246247	2907	0.12599412
246247	3779	0.12599412
246247	5330	0.12599412
246247	6025	0.12599412
246247	399	0.1259941
246311	3971	0.11773266
246311	387	0.117732644
246311	1869	0.117732644
246311	5886	0.117732644
246311	478	0.11773263
246311	577	0.11773263
246311	922	0.11773263
246311	1189	0.11773263
246311	2138	0.11773263
246311	2345	0.11773263
246388	4673	0.06621634
246388	884	0.066216335
246388	1648	0.066216335
246388	4938	0.066216335
246388	5041	0.066216335
246388	6716	0.066216335
246388	903	0.06621633
246388	2419	0.06621633
246388	4474	0.06621633
246388	222	0.06621632
246470	1869	0.14195618
246470	5031	0.14195618
246470	49	0.14195617
246470	997	0.14195617
246470	2138	0.14195617
246470	3616	0.14195617
246470	3971	0.14195617
246470	5886	0.14195617
246470	6123	0.14195617
246470	24	0.14195615
246507	1869	0.12231914
246507	5031	0.12231914
246507	3616	0.12231913
246507	6123	0.12231913
246507	387	0.122319125
246507	997	0.122319125
246507	3971	0.122319125
246507	24	0.12231912
246507	376	0.12231912
246507	642	0.12231912
246512	511	0.117085695
246512	1092	0.117085695
246512	6593	0.117085695
246512	6880	0.117085695
246512	3526	0.11708569
246512	4557	0.11708569
246512	4905	0.11708569
246512	245	0.11708568
246512	5088	0.11708568
246512	5288	0.11708568
246513	3421	0.080869675
246513	425	0.080337115
246513	1524	0.08033706
246513	5304	0.08033706
246513	91	0.080337055
246513	3776	0.08033705
246513	4032	0.08033705
246513	4469	0.08033705
246513	5321	0.08033705
246513	5355	0.08033705
246528	5886	0.12373724
246528	215	0.12373723
246528	1869	0.12373723
246528	5031	0.12373723
246528	41	0.12373722
246528	387	0.12373722
246528	997	0.12373722
246528	3616	0.12373722
246528	3897	0.12373722
246528	4076	0.12373722
246617	3971	0.12428216
246617	6123	0.12428216
246617	2138	0.12428215
246617	5886	0.12428215
246617	387	0.124282144
246617	922	0.124282144
246617	1194	0.124282144
246617	1455	0.124282144
246617	4076	0.124282144
246617	478	0.12428214
246634	511	0.09038611
246634	6593	0.09038611
246634	617	0.0903861
246634	985	0.0903861
246634	1092	0.0903861
246634	6880	0.0903861
246634	1644	0.09038609
246634	2785	0.09038609
246634	3097	0.09038609
246634	3526	0.09038609
246655	5835	0.12579754
246655	6333	0.12579754
246655	3445	0.12579753
246655	126	0.12579751
246655	2276	0.12579751
246655	3808	0.12579751
246655	4495	0.12579751
246655	6428	0.12579751
246655	6869	0.12579751
246655	3583	0.1257975
246759	1741	0.09146009
246759	5718	0.09146009
246759	5986	0.09146007
246759	6332	0.091460064
246759	2446	0.09146005
246759	4712	0.09097497
246759	913	0.09097494
246759	3482	0.090974934
246759	2154	0.09090835
246759	4103	0.09078744
246766	597	0.15314668
246766	890	0.15314668
246766	997	0.15314668
246766	1062	0.15314668
246766	1455	0.15314668
246766	1856	0.15314668
246766	1869	0.15314668
246766	2138	0.15314668
246766	4076	0.15314668
246766	5031	0.15314668
246776	1869	0.14546536
246776	3971	0.14546536
246776	49	0.14546534
246776	387	0.14546534
246776	579	0.14546534
246776	645	0.14546534
246776	890	0.14546534
246776	1058	0.14546534
246776	1146	0.14546534
246776	1393	0.14546534
246798	2519	0.12374173
246798	2822	0.12374173
246798	3722	0.12374172
246798	856	0.12310155
246798	2282	0.12310155
246798	6090	0.12310155
246798	4407	0.12310153
246798	4409	0.12310152
246798	5247	0.12310152
246798	4658	0.1231015
246820	4103	0.13575426
246820	5731	0.13575426
246820	920	0.13575423
246820	1621	0.13575423
246820	1848	0.13575423
246820	2014	0.13575423
246820	2209	0.13575423
246820	3657	0.13575423
246820	6149	0.13575423
246820	6279	0.13575423
246959	1892	0.112984814
246959	5286	0.112984814
246959	152	0.11298481
246959	869	0.11298481
246959	1679	0.11298481
246959	1937	0.11298481
246959	4233	0.11298481
246959	6747	0.11298481
246959	1598	0.1129848
246959	2349	0.1129848
247010	1177	0.102322645
247010	5085	0.10232264
247010	6762	0.10232264
247010	1221	0.10232263
247010	6318	0.10232263
247010	92	0.10232262
247010	1233	0.10232262
247010	1521	0.10232262
247010	2241	0.10232262
247010	3118	0.10232262
247055	5731	0.17105311
247055	4703	0.17105307
247055	6465	0.17105307
247055	651	0.17105305
247055	920	0.17105305
247055	1621	0.17105305
247055	1848	0.17105305
247055	2209	0.17105305
247055	3657	0.17105305
247055	3983	0.17105305
247060	5886	0.14034596
247060	49	0.14034593
247060	387	0.14034593
247060	478	0.14034593
247060	890	0.14034593
247060	1194	0.14034593
247060	1869	0.14034593
247060	2138	0.14034593
247060	2806	0.14034593
247060	3971	0.14034593
247129	3853	0.105351284
247129	5454	0.10535128
247129	3418	0.10535127
247129	3830	0.10535127
247129	3866	0.10535127
247129	4595	0.10535127
247129	5312	0.10535127
247129	5688	0.10535127
247129	4383	0.10535126
247129	5115	0.10535126
247166	1177	0.101398036
247166	3118	0.10139802
247166	4806	0.10139802
247166	5691	0.10139802
247166	6318	0.10139802
247166	1221	0.10139801
247166	297	0.101398006
247166	2116	0.101398006
247166	2241	0.101398006
247166	2737	0.101398006
247201	3214	0.09014257
247201	6475	0.090142556
247201	4903	0.089858994
247201	711	0.08985898
247201	1567	0.08985898
247201	2653	0.08985898
247201	3359	0.08985898
247201	3566	0.08985898
247201	4868	0.08985898
247201	5295	0.08985898
247240	387	0.11065398
247240	478	0.11065398
247240	1869	0.11065398
247240	3971	0.11065398
247240	6123	0.11065398
247240	3059	0.110653974
247240	3750	0.110653974
247240	5886	0.110653974
247240	597	0.11065397
247240	642	0.11065397
247241	41	0.12975329
247241	124	0.12975329
247241	3971	0.12975329
247241	49	0.12975328
247241	387	0.12975328
247241	890	0.12975328
247241	997	0.12975328
247241	2138	0.12975328
247241	3559	0.12975328
247241	4076	0.12975328
247278	1869	0.106684
247278	2728	0.106683984
247278	3971	0.106683984
247278	6123	0.106683984
247278	997	0.10668398
247278	1194	0.10668398
247278	3616	0.10668398
247278	4076	0.10668398
247278	5886	0.10668398
247278	49	0.10668397
247423	3937	0.09164795
247423	5821	0.091647945
247423	6608	0.091647945
247423	1285	0.09164794
247423	3018	0.09164794
247423	4065	0.09164794
247423	5414	0.09164794
247423	5703	0.09164794
247423	6418	0.09164794
247423	102	0.09164793
247429	890	0.1454762
247429	2121	0.1454762
247429	2138	0.1454762
247429	6123	0.1454762
247429	387	0.14547619
247429	538	0.14547619
247429	597	0.14547619
247429	642	0.14547619
247429	986	0.14547619
247429	997	0.14547619
247444	2138	0.10905017
247444	3971	0.10905017
247444	1869	0.10905016
247444	387	0.109050155
247444	1415	0.109050155
247444	4076	0.109050155
247444	6123	0.109050155
247444	890	0.10905015
247444	1194	0.10905015
247444	2087	0.10905015
247447	2615	0.061207473
247447	6589	0.06066771
247447	1849	0.0606677
247447	1370	0.060667694
247447	2258	0.06066769
247447	5754	0.06066769
247447	2261	0.060667686
247447	1271	0.060667682
247447	1633	0.060667682
247447	3852	0.060667682
247518	1869	0.12256831
247518	3616	0.1225683
247518	3971	0.1225683
247518	41	0.122568294
247518	890	0.122568294
247518	1856	0.122568294
247518	2138	0.122568294
247518	3750	0.122568294
247518	4076	0.122568294
247518	5029	0.122568294
247537	6851	0.0859543
247537	2457	0.08595429
247537	4007	0.08595429
247537	4382	0.08595429
247537	4856	0.08595429
247537	5315	0.085954286
247537	2685	0.08595427
247537	482	0.085954264
247537	1209	0.085954264
247537	1394	0.085954264
247626	997	0.13001883
247626	5031	0.13001883
247626	124	0.13001882
247626	387	0.13001882
247626	842	0.13001882
247626	890	0.13001882
247626	1403	0.13001882
247626	1869	0.13001882
247626	2364	0.13001882
247626	3559	0.13001882
247664	6912	0.09938452
247664	3971	0.09938451
247664	642	0.0993845
247664	997	0.0993845
247664	2138	0.0993845
247664	3559	0.0993845
247664	387	0.099384494
247664	597	0.099384494
247664	922	0.099384494
247664	41	0.09938449
247752	4103	0.14197467
247752	5731	0.14197466
247752	1621	0.14197464
247752	1848	0.14197464
247752	4703	0.14197464
247752	920	0.14197463
247752	1280	0.14197463
247752	2014	0.14197463
247752	2209	0.14197463
247752	2423	0.14197463
247829	5731	0.10128356
247829	4103	0.10128355
247829	1848	0.10128354
247829	605	0.101283535
247829	920	0.101283535
247829	1621	0.101283535
247829	2014	0.101283535
247829	2287	0.101283535
247829	3657	0.101283535
247829	3786	0.101283535
247840	124	0.10274019
247840	890	0.10274019
247840	922	0.10274019
247840	3616	0.10274019
247840	5886	0.10274019
247840	41	0.10274018
247840	49	0.10274018
247840	387	0.10274018
247840	478	0.10274018
247840	579	0.10274018
247852	2419	0.13227417
247852	3606	0.13227415
247852	3870	0.13227415
247852	4938	0.13227415
247852	1648	0.13227414
247852	4472	0.13227414
247852	4589	0.13227414
247852	4602	0.13227414
247852	4673	0.13227414
247852	5290	0.13227414
247855	4984	0.10458869
247855	4813	0.10458867
247855	1997	0.10458866
247855	3644	0.10458866
247855	5327	0.10458866
247855	1487	0.10458865
247855	3868	0.10458865
247855	4034	0.10458865
247855	5106	0.10458865
247855	5372	0.10458865
247897	49	0.115284786
247897	387	0.115284786
247897	1415	0.115284786
247897	1869	0.115284786
247897	2121	0.115284786
247897	4076	0.115284786
247897	4323	0.115284786
247897	5031	0.115284786
247897	5381	0.115284786
247897	6123	0.115284786
247918	3425	0.115529045
247918	4899	0.115529016
247918	2907	0.11552901
247918	399	0.115529
247918	1918	0.115529
247918	3779	0.115529
247918	5330	0.115529
247918	5364	0.115529
247918	6025	0.115529
247918	565	0.11552899
247966	4103	0.1032463
247966	1621	0.10324629
247966	4703	0.10324629
247966	5731	0.10324629
247966	398	0.10324627
247966	605	0.10324627
247966	892	0.10324627
247966	920	0.10324627
247966	1280	0.10324627
247966	2209	0.10324627
247998	890	0.130001
247998	5031	0.130001
247998	5886	0.130001
247998	269	0.13000098
247998	387	0.13000098
247998	478	0.13000098
247998	645	0.13000098
247998	922	0.13000098
247998	997	0.13000098
247998	1062	0.13000098
248003	1238	0.1173189
248003	5128	0.1173189
248003	4320	0.11731888
248003	5275	0.11731888
248003	5508	0.11731888
248003	1449	0.117318876
248003	143	0.11731887
248003	1570	0.11731887
248003	4267	0.11731887
248003	4295	0.11731887
248064	3971	0.10817829
248064	890	0.10817827
248064	2138	0.10817827
248064	2364	0.10817827
248064	6123	0.10817827
248064	6507	0.10817827
248064	6912	0.10817827
248064	124	0.108178265
248064	922	0.108178265
248064	997	0.108178265
248098	387	0.13953376
248098	3971	0.13953374
248098	6123	0.13953374
248098	41	0.13953373
248098	269	0.13953373
248098	328	0.13953373
248098	478	0.13953373
248098	577	0.13953373
248098	597	0.13953373
248098	645	0.13953373
248131	3700	0.11637157
248131	6643	0.11637157
248131	6768	0.11637157
248131	3493	0.116371565
248131	3853	0.116371565
248131	4595	0.116371565
248131	528	0.11637156
248131	533	0.11637156
248131	2220	0.11637156
248131	2304	0.11637156
248138	3971	0.12192847
248138	997	0.12192846
248138	6123	0.12192846
248138	6912	0.12192846
248138	49	0.12192845
248138	775	0.12192845
248138	890	0.12192845
248138	922	0.12192845
248138	1062	0.12192845
248138	1194	0.12192845
248221	1567	0.094726406
248221	4906	0.094726406
248221	5335	0.094726406
248221	248	0.0947264
248221	2653	0.0947264
248221	2844	0.0947264
248221	3289	0.0947264
248221	4493	0.0947264
248221	4868	0.0947264
248221	5086	0.0947264
248259	49	0.0935885
248259	1869	0.0935885
248259	3971	0.0935885
248259	6123	0.0935885
248259	387	0.09358849
248259	685	0.09358849
248259	1229	0.09358849
248259	1415	0.09358849
248259	1862	0.09358849
248259	2138	0.09358849
248280	1869	0.08980061
248280	3971	0.08980061
248280	387	0.0898006
248280	41	0.089800596
248280	49	0.089800596
248280	579	0.089800596
248280	832	0.089800596
248280	997	0.089800596
248280	1403	0.089800596
248280	4076	0.089800596
248464	6674	0.10163655
248464	3830	0.101636544
248464	3853	0.101636544
248464	4563	0.101636544
248464	5454	0.101636544
248464	6310	0.101636544
248464	3112	0.10163654
248464	3418	0.10163654
248464	3630	0.10163654
248464	3866	0.10163654
248468	4493	0.103205785
248468	5335	0.103205785
248468	5869	0.103205785
248468	2653	0.10320578
248468	4906	0.10320578
248468	711	0.10320577
248468	1350	0.10320577
248468	1567	0.10320577
248468	3360	0.10320577
248468	4154	0.10320577
248477	5886	0.11616931
248477	24	0.1161693
248477	890	0.1161693
248477	922	0.1161693
248477	1869	0.1161693
248477	2138	0.1161693
248477	2515	0.1161693
248477	3616	0.1161693
248477	3971	0.1161693
248477	4076	0.1161693
248479	511	0.0714311
248479	617	0.07143109
248479	6364	0.07143109
248479	6593	0.07143109
248479	985	0.071431085
248479	1092	0.071431085
248479	1129	0.071431085
248479	2643	0.071431085
248479	2785	0.071431085
248479	3526	0.071431085
248492	3991	0.10214213
248492	6435	0.10214213
248492	3982	0.102142125
248492	3321	0.10214212
248492	1218	0.10214211
248492	3447	0.102142096
248492	3469	0.102142096
248492	511	0.101341516
248492	4557	0.10134151
248492	6364	0.10134151
248496	511	0.13004643
248496	1092	0.13004643
248496	3526	0.13004643
248496	6593	0.13004643
248496	2643	0.13004641
248496	2785	0.13004641
248496	4369	0.13004641
248496	4557	0.13004641
248496	4905	0.13004641
248496	5288	0.13004641
248531	3971	0.10547614
248531	1869	0.10547613
248531	41	0.105476126
248531	387	0.105476126
248531	890	0.105476126
248531	1862	0.105476126
248531	2037	0.105476126
248531	2121	0.105476126
248531	2138	0.105476126
248531	3616	0.105476126
248540	231	0.14620201
248540	1022	0.146202
248540	4176	0.146202
248540	5197	0.146202
248540	5949	0.146202
248540	6216	0.146202
248540	760	0.14620198
248540	2402	0.14620198
248540	4000	0.14620198
248540	6840	0.14620198
248547	5886	0.122247055
248547	1869	0.12224705
248547	3971	0.12224705
248547	124	0.12224704
248547	387	0.12224704
248547	890	0.12224704
248547	2138	0.12224704
248547	2364	0.12224704
248547	3559	0.12224704
248547	3616	0.12224704
248615	1177	0.15396416
248615	1221	0.15396416
248615	3761	0.15396416
248615	4299	0.15396416
248615	5085	0.15396416
248615	6762	0.15396416
248615	1233	0.15396415
248615	2241	0.15396415
248615	3263	0.15396415
248615	4324	0.15396415
248656	4740	0.13633394
248656	5914	0.13633393
248656	1024	0.13633391
248656	1155	0.13633391
248656	3677	0.13633391
248656	4738	0.13633391
248656	6396	0.13633391
248656	3060	0.1363339
248656	5534	0.1363339
248656	6312	0.1363339
248749	5798	0.077731565
248749	1545	0.07773155
248749	759	0.07702504
248749	4004	0.07702504
248749	4446	0.07702504
248749	1742	0.07702503
248749	2184	0.07702503
248749	3749	0.07702503
248749	30	0.077025026
248749	1344	0.077025026
248805	244	0.08326857
248805	6265	0.08326857
248805	4045	0.08326856
248805	149	0.08326855
248805	4599	0.08326855
248805	582	0.083268546
248805	632	0.083268546
248805	2962	0.083268546
248805	650	0.08326854
248805	961	0.08326854
248850	387	0.10172205
248850	478	0.10172205
248850	890	0.10172205
248850	1146	0.10172205
248850	1393	0.10172205
248850	1869	0.10172205
248850	2138	0.10172205
248850	3971	0.10172205
248850	4076	0.10172205
248850	5031	0.10172205
248901	2121	0.07976781
248901	41	0.07976779
248901	49	0.07976779
248901	387	0.07976779
248901	890	0.07976779
248901	922	0.07976779
248901	997	0.07976779
248901	1194	0.07976779
248901	1415	0.07976779
248901	1869	0.07976779
248965	4387	0.118863076
248965	1610	0.11886307
248965	626	0.11886306
248965	4482	0.11886306
248965	3929	0.11886305
248965	5974	0.11886305
248965	6288	0.11886305
248965	990	0.118863046
248965	1733	0.118863046
248965	1814	0.118863046
249058	1869	0.15835366
249058	3971	0.15835366
249058	5031	0.15835366
249058	5886	0.15835366
249058	890	0.15835364
249058	2138	0.15835364
249058	3616	0.15835364
249058	24	0.15835363
249058	49	0.15835363
249058	215	0.15835363
249096	387	0.104839675
249096	5031	0.104839675
249096	5886	0.104839675
249096	1393	0.10483967
249096	1869	0.10483967
249096	2121	0.10483967
249096	2356	0.10483967
249096	3971	0.10483967
249096	6123	0.10483967
249096	645	0.10483966
249111	2128	0.1002174
249111	4004	0.1002174
249111	4446	0.1002174
249111	5058	0.1002174
249111	5427	0.1002174
249111	6152	0.1002174
249111	6289	0.1002174
249111	759	0.100217395
249111	1362	0.100217395
249111	2518	0.100217395
249128	3866	0.1315846
249128	533	0.13158458
249128	3853	0.13158458
249128	3980	0.13158458
249128	4595	0.13158458
249128	4718	0.13158458
249128	4727	0.13158458
249128	4807	0.13158458
249128	5115	0.13158458
249128	5454	0.13158458
249140	387	0.16267782
249140	890	0.16267782
249140	6123	0.16267782
249140	124	0.16267781
249140	997	0.16267781
249140	1856	0.16267781
249140	2138	0.16267781
249140	2728	0.16267781
249140	3559	0.16267781
249140	3616	0.16267781
249150	3971	0.10427865
249150	1869	0.10427864
249150	2364	0.10427864
249150	6123	0.10427864
249150	2138	0.10427863
249150	3616	0.10427863
249150	49	0.104278624
249150	579	0.104278624
249150	1189	0.104278624
249150	1194	0.104278624
249220	3018	0.08263998
249220	6418	0.08263998
249220	3937	0.08263997
249220	102	0.08263996
249220	279	0.08263996
249220	471	0.08263996
249220	1285	0.08263996
249220	2428	0.08263996
249220	4065	0.08263996
249220	5249	0.08263996
249223	1177	0.113454975
249223	1221	0.11345495
249223	3118	0.11345495
249223	4806	0.11345495
249223	6897	0.11345495
249223	5085	0.113454945
249223	6762	0.113454945
249223	297	0.11345494
249223	1233	0.11345494
249223	2241	0.11345494
249361	3971	0.08888495
249361	1869	0.08888494
249361	6123	0.08888494
249361	49	0.088884935
249361	387	0.088884935
249361	1194	0.088884935
249361	2138	0.088884935
249361	3452	0.088884935
249361	5218	0.088884935
249361	890	0.08888493
249407	3853	0.12368098
249407	4595	0.12368098
249407	2304	0.123680964
249407	3866	0.123680964
249407	3980	0.123680964
249407	5115	0.123680964
249407	6310	0.123680964
249407	6643	0.123680964
249407	6674	0.123680964
249407	533	0.12368096
249496	4387	0.12304975
249496	2986	0.12304974
249496	626	0.123049736
249496	1610	0.12304973
249496	3929	0.12304973
249496	6594	0.12304973
249496	497	0.12304972
249496	990	0.12304972
249496	4162	0.12304972
249496	4271	0.12304972
249628	24	0.1457445
249628	41	0.1457445
249628	124	0.1457445
249628	642	0.1457445
249628	997	0.1457445
249628	1869	0.1457445
249628	2364	0.1457445
249628	3616	0.1457445
249628	3822	0.1457445
249628	3965	0.1457445
249634	642	0.091029055
249634	3971	0.091029055
249634	6912	0.091029055
249634	579	0.09102905
249634	1869	0.09102905
249634	2121	0.09102905
249634	2138	0.09102905
249634	2364	0.09102905
249634	4076	0.09102905
249634	5716	0.09102905
249650	387	0.16812101
249650	890	0.16812101
249650	1869	0.16812101
249650	2138	0.16812101
249650	3616	0.16812101
249650	3971	0.16812101
249650	4076	0.16812101
249650	5031	0.16812101
249650	5886	0.16812101
249650	6912	0.16812101
249688	5731	0.110952735
249688	1621	0.11095272
249688	1848	0.11095272
249688	4103	0.11095272
249688	6279	0.11095272
249688	6670	0.11095272
249688	920	0.11095271
249688	4703	0.11095271
249688	6149	0.11095271
249688	396	0.110952705
249695	3749	0.10813428
249695	1362	0.10813427
249695	2128	0.10813427
249695	4004	0.10813427
249695	4446	0.10813427
249695	5656	0.10813427
249695	6152	0.10813427
249695	759	0.10813426
249695	2017	0.10813426
249695	2518	0.10813426
249732	5430	0.096085936
249732	364	0.09608593
249732	2780	0.09608592
249732	2879	0.09608592
249732	3435	0.09608592
249732	3824	0.09608592
249732	5584	0.09608592
249732	6260	0.09608592
249732	1826	0.09608591
249732	2102	0.09608591
249746	5031	0.11047091
249746	890	0.1104709
249746	5886	0.1104709
249746	24	0.11047089
249746	49	0.11047089
249746	215	0.11047089
249746	1146	0.11047089
249746	1869	0.11047089
249746	3616	0.11047089
249746	4076	0.11047089
249848	2419	0.09381801
249848	3230	0.09381801
249848	4673	0.09381801
249848	247	0.093818
249848	4080	0.093818
249848	5864	0.093818
249848	6834	0.093818
249848	884	0.093817994
249848	1648	0.093817994
249848	3283	0.093817994
249862	3866	0.16596408
249862	2220	0.16596407
249862	3830	0.16596407
249862	3853	0.16596407
249862	4595	0.16596407
249862	4727	0.16596407
249862	6643	0.16596407
249862	533	0.16596405
249862	3700	0.16596405
249862	6310	0.16596405
249924	111	0.096229665
249924	4692	0.09622965
249924	368	0.09622964
249924	1537	0.09622964
249924	2099	0.09622964
249924	4721	0.09622964
249924	4729	0.09622964
249924	5890	0.09622964
249924	1793	0.096229635
249924	3198	0.096229635
249939	3853	0.14036846
249939	3866	0.14036846
249939	6768	0.14036846
249939	528	0.14036845
249939	2220	0.14036845
249939	4241	0.14036845
249939	4595	0.14036845
249939	6643	0.14036845
249939	6674	0.14036845
249939	533	0.14036843
249953	387	0.14882886
249953	890	0.14882886
249953	2138	0.14882886
249953	3971	0.14882886
249953	6123	0.14882886
249953	41	0.14882885
249953	597	0.14882885
249953	901	0.14882885
249953	997	0.14882885
249953	1058	0.14882885
249958	2419	0.09458426
249958	4673	0.09458426
249958	5041	0.09458425
249958	4501	0.09458424
249958	942	0.094584234
249958	3606	0.094584234
249958	3672	0.094584234
249958	4519	0.094584234
249958	4938	0.094584234
249958	5864	0.094584234
249989	41	0.10398327
249989	387	0.10398327
249989	890	0.10398327
249989	1869	0.10398327
249989	2138	0.10398327
249989	3059	0.10398327
249989	3616	0.10398327
249989	3971	0.10398327
249989	4076	0.10398327
249989	6123	0.10398327
250006	2419	0.085842006
250006	4673	0.085842006
250006	903	0.085842
250006	1648	0.085842
250006	3230	0.085842
250006	3443	0.085842
250006	3870	0.085842
250006	4938	0.085842
250006	5041	0.085842
250006	222	0.08584199
250101	655	0.12631759
250101	1567	0.12631759
250101	4493	0.12631759
250101	4906	0.12631759
250101	5422	0.12631759
250101	2653	0.12631758
250101	3359	0.12631758
250101	3361	0.12631758
250101	4868	0.12631758
250101	4903	0.12631758
250184	1869	0.13029845
250184	3971	0.13029845
250184	41	0.13029844
250184	124	0.13029844
250184	387	0.13029844
250184	842	0.13029844
250184	3616	0.13029844
250184	5031	0.13029844
250184	5886	0.13029844
250184	180	0.13029842
250219	6093	0.110745616
250219	5968	0.11074561
250219	3876	0.1107456
250219	4862	0.110745594
250219	6004	0.110745594
250219	6245	0.110745594
250219	3637	0.11074559
250219	2557	0.110745564
250219	1223	0.11074556
250219	1498	0.11074556
250223	387	0.0745124
250223	41	0.07451239
250223	215	0.07451239
250223	890	0.07451239
250223	1058	0.07451239
250223	1146	0.07451239
250223	1403	0.07451239
250223	1869	0.07451239
250223	2121	0.07451239
250223	2138	0.07451239
250300	152	0.12836412
250300	869	0.12836412
250300	1892	0.12836412
250300	1679	0.1283641
250300	1937	0.1283641
250300	1957	0.1283641
250300	2989	0.1283641
250300	5286	0.1283641
250300	6747	0.1283641
250300	1145	0.12836409
250301	3971	0.08793997
250301	5886	0.08793997
250301	387	0.08793996
250301	890	0.08793996
250301	1869	0.08793996
250301	2138	0.08793996
250301	5031	0.08793996
250301	6123	0.08793996
250301	579	0.087939955
250301	922	0.087939955
250330	5886	0.111640856
250330	3971	0.11164085
250330	387	0.11164084
250330	1856	0.11164084
250330	6300	0.11164084
250330	890	0.11164083
250330	922	0.11164083
250330	41	0.111640826
250330	49	0.111640826
250330	124	0.111640826
250368	387	0.11227055
250368	3971	0.11227055
250368	890	0.11227054
250368	5886	0.11227054
250368	6123	0.11227054
250368	41	0.112270534
250368	215	0.112270534
250368	1058	0.112270534
250368	1146	0.112270534
250368	1862	0.112270534
250398	2138	0.10710747
250398	997	0.10710746
250398	1194	0.10710746
250398	3971	0.10710746
250398	5218	0.10710746
250398	5886	0.10710746
250398	6123	0.10710746
250398	6912	0.10710746
250398	387	0.10710745
250398	597	0.10710745
250405	1869	0.13820632
250405	3971	0.13820632
250405	5886	0.13820632
250405	6123	0.13820632
250405	41	0.1382063
250405	49	0.1382063
250405	124	0.1382063
250405	387	0.1382063
250405	478	0.1382063
250405	579	0.1382063
250456	5031	0.10960764
250456	387	0.10960763
250456	890	0.10960763
250456	1146	0.10960763
250456	41	0.10960762
250456	49	0.10960762
250456	478	0.10960762
250456	922	0.10960762
250456	997	0.10960762
250456	1415	0.10960762
250461	533	0.11113894
250461	3210	0.11113894
250461	3866	0.11113894
250461	3980	0.11113894
250461	4727	0.11113894
250461	6643	0.11113894
250461	3700	0.11113893
250461	3853	0.11113893
250461	4241	0.11113893
250461	4563	0.11113893
250494	2673	0.095473714
250494	2701	0.095280394
250494	3380	0.095280394
250494	6284	0.095280394
250494	6745	0.095280394
250494	3654	0.09528039
250494	3815	0.09528039
250494	6032	0.09528039
250494	88	0.09528038
250494	3408	0.09528038
250506	3214	0.11430846
250506	6475	0.11430842
250506	1567	0.11413066
250506	4906	0.11413066
250506	2844	0.11413065
250506	5335	0.11413065
250506	248	0.114130646
250506	2653	0.114130646
250506	3361	0.114130646
250506	4493	0.114130646
250543	64	0.11224696
250543	4660	0.11224696
250543	2160	0.11224694
250543	5089	0.11224693
250543	5898	0.11224692
250543	2177	0.1122469
250543	3117	0.1122469
250543	1679	0.1115417
250543	152	0.11154169
250543	1598	0.11154169
250683	3971	0.1554516
250683	1869	0.15545158
250683	387	0.15545157
250683	478	0.15545157
250683	579	0.15545157
250683	890	0.15545157
250683	1189	0.15545157
250683	1340	0.15545157
250683	1403	0.15545157
250683	2121	0.15545157
250709	3971	0.1274204
250709	5886	0.12742038
250709	49	0.12742037
250709	387	0.12742037
250709	922	0.12742037
250709	997	0.12742037
250709	1194	0.12742037
250709	1552	0.12742037
250709	1651	0.12742037
250709	1856	0.12742037
250733	1539	0.13605613
250733	891	0.1360561
250733	4368	0.1360561
250733	5008	0.1360561
250733	5592	0.13605608
250733	1899	0.13605607
250733	2388	0.13605607
250733	5113	0.13605607
250733	5146	0.13605607
250733	2667	0.13605605
250764	5731	0.12827154
250764	1848	0.12827152
250764	4103	0.12827152
250764	1621	0.1282715
250764	6149	0.1282715
250764	398	0.12827149
250764	493	0.12827149
250764	920	0.12827149
250764	1408	0.12827149
250764	2209	0.12827149
250832	511	0.076711535
250832	1092	0.07671153
250832	2785	0.07671152
250832	3097	0.07671152
250832	5288	0.07671152
250832	5998	0.07671152
250832	6364	0.07671152
250832	4318	0.07671151
250832	6579	0.07671151
250832	537	0.076711506
250851	3853	0.1006732
250851	3866	0.1006732
250851	5312	0.1006732
250851	5454	0.1006732
250851	5729	0.1006732
250851	401	0.10067319
250851	533	0.10067319
250851	4241	0.10067319
250851	5511	0.10067319
250851	5683	0.10067319
250925	3971	0.114975646
250925	890	0.11497564
250925	1146	0.11497564
250925	5886	0.11497564
250925	41	0.11497563
250925	124	0.11497563
250925	387	0.11497563
250925	832	0.11497563
250925	922	0.11497563
250925	1194	0.11497563
250936	4004	0.08479529
250936	4446	0.08479528
250936	6152	0.08479528
250936	759	0.084795274
250936	2518	0.084795274
250936	3077	0.084795274
250936	30	0.08479527
250936	1012	0.08479527
250936	2017	0.08479527
250936	2128	0.08479527
250939	1177	0.101389095
250939	5691	0.10138908
250939	2737	0.10138907
250939	3118	0.10138907
250939	4806	0.10138907
250939	6318	0.10138907
250939	1221	0.101389065
250939	1233	0.101389065
250939	3263	0.101389065
250939	4177	0.101389065
250962	3971	0.15451407
250962	387	0.15451406
250962	1869	0.15451406
250962	24	0.15451404
250962	49	0.15451404
250962	215	0.15451404
250962	478	0.15451404
250962	922	0.15451404
250962	1146	0.15451404
250962	3616	0.15451404
250989	3525	0.07620753
250989	2686	0.07620751
250989	4378	0.07620751
250989	5566	0.07620751
250989	1103	0.0762075
250989	2006	0.0762075
250989	2672	0.0762075
250989	4328	0.0762075
250989	5813	0.076207496
250989	6108	0.076207496
251003	1094	0.09728226
251003	4323	0.09728226
251003	5031	0.09728226
251003	5886	0.09728226
251003	6912	0.09728226
251003	832	0.09728225
251003	2472	0.09728225
251003	2646	0.09728225
251003	2713	0.09728225
251003	24	0.097282246
251019	2360	0.08948468
251019	3560	0.08948468
251019	3694	0.08948468
251019	4224	0.08948468
251019	4817	0.08948468
251019	4885	0.08948468
251019	5411	0.08948468
251019	5785	0.08948468
251019	6842	0.08948468
251019	854	0.08948467
251093	3418	0.08379258
251093	3866	0.08379258
251093	5115	0.08379258
251093	5454	0.08379258
251093	6674	0.08379258
251093	6768	0.08379258
251093	1806	0.083792575
251093	3493	0.083792575
251093	3830	0.083792575
251093	3853	0.083792575
251122	1806	0.11454566
251122	3418	0.11454566
251122	3493	0.11454566
251122	3866	0.11454566
251122	5454	0.11454566
251122	6643	0.11454566
251122	6674	0.11454566
251122	3112	0.11454565
251122	3817	0.11454565
251122	3830	0.11454565
251140	1869	0.119770765
251140	890	0.11977075
251140	2121	0.11977075
251140	2728	0.11977075
251140	3971	0.11977075
251140	4352	0.11977075
251140	5886	0.11977075
251140	41	0.11977074
251140	387	0.11977074
251140	1415	0.11977074
251146	3853	0.11635931
251146	3866	0.11635931
251146	4718	0.11635931
251146	5454	0.11635931
251146	6674	0.11635931
251146	3418	0.1163593
251146	5115	0.1163593
251146	6310	0.1163593
251146	533	0.11635929
251146	987	0.11635929
251149	3418	0.07635285
251149	3700	0.07635285
251149	3830	0.07635285
251149	3853	0.07635285
251149	3866	0.07635285
251149	4241	0.07635285
251149	5115	0.07635285
251149	5454	0.07635285
251149	5688	0.07635285
251149	6643	0.07635285
251164	3452	0.092188604
251164	49	0.0921886
251164	478	0.0921886
251164	890	0.0921886
251164	1194	0.0921886
251164	1415	0.0921886
251164	1869	0.0921886
251164	1935	0.0921886
251164	2138	0.0921886
251164	3971	0.0921886
251242	427	0.11569246
251242	5668	0.11569246
251242	42	0.11569245
251242	1536	0.115692444
251242	4968	0.11569244
251242	5066	0.11569244
251242	5608	0.11569244
251242	5758	0.11569244
251242	5759	0.11569244
251242	5793	0.11569244
251362	2138	0.093941316
251362	3971	0.093941316
251362	6123	0.09394131
251362	41	0.0939413
251362	387	0.0939413
251362	579	0.0939413
251362	597	0.0939413
251362	642	0.0939413
251362	890	0.0939413
251362	901	0.0939413
251391	3971	0.07989305
251391	997	0.079893045
251391	387	0.07989304
251391	1869	0.07989304
251391	2138	0.07989304
251391	2364	0.07989304
251391	5886	0.07989304
251391	5896	0.07989304
251391	6123	0.07989304
251391	6912	0.07989304
251394	1567	0.061785042
251394	4868	0.06178504
251394	6744	0.06178504
251394	106	0.061785035
251394	711	0.061785035
251394	3289	0.061785035
251394	3359	0.061785035
251394	3361	0.061785035
251394	4154	0.061785035
251394	4903	0.061785035
251398	425	0.09520507
251398	91	0.09520501
251398	3776	0.095204994
251398	5304	0.095204994
251398	5355	0.095204994
251398	1524	0.09520499
251398	4469	0.09520499
251398	4032	0.09520498
251398	5321	0.09520498
251398	3703	0.095204964
251422	49	0.1312724
251422	3971	0.1312724
251422	5031	0.1312724
251422	890	0.13127239
251422	922	0.13127239
251422	997	0.13127239
251422	1194	0.13127239
251422	1415	0.13127239
251422	1869	0.13127239
251422	2121	0.13127239
251423	3971	0.11060347
251423	6912	0.11060346
251423	41	0.11060345
251423	124	0.11060345
251423	387	0.11060345
251423	890	0.11060345
251423	1403	0.11060345
251423	1749	0.11060345
251423	1869	0.11060345
251423	2138	0.11060345
251483	400	0.09343384
251483	686	0.09343384
251483	801	0.09343384
251483	1087	0.09343384
251483	3187	0.09343384
251483	4151	0.09343384
251483	5121	0.09343384
251483	6222	0.09343384
251483	2145	0.093433835
251483	2305	0.093433835
251495	3042	0.107895344
251495	5031	0.107895344
251495	5886	0.107895344
251495	49	0.10789534
251495	3452	0.10789534
251495	180	0.10789533
251495	243	0.10789533
251495	387	0.10789533
251495	645	0.10789533
251495	890	0.10789533
251518	1567	0.10772308
251518	2653	0.10772308
251518	4906	0.10772308
251518	4868	0.10772307
251518	5086	0.10772307
251518	6429	0.10772307
251518	6785	0.10772307
251518	711	0.107723065
251518	4206	0.107723065
251518	4903	0.107723065
251527	1258	0.09503985
251527	5731	0.09503985
251527	1621	0.095039845
251527	2450	0.095039845
251527	4103	0.095039845
251527	4703	0.095039845
251527	5465	0.095039845
251527	6279	0.095039845
251527	6465	0.095039845
251527	6670	0.095039845
251560	387	0.08821082
251560	922	0.08821082
251560	1146	0.08821082
251560	1869	0.08821082
251560	2339	0.08821082
251560	3971	0.08821082
251560	4076	0.08821082
251560	5031	0.08821082
251560	5886	0.08821082
251560	6912	0.08821082
251606	5031	0.14989717
251606	49	0.14989716
251606	387	0.14989716
251606	890	0.14989716
251606	1031	0.14989716
251606	1062	0.14989716
251606	1146	0.14989716
251606	1415	0.14989716
251606	1856	0.14989716
251606	2121	0.14989716
251613	5731	0.11546191
251613	4103	0.1154619
251613	6279	0.1154619
251613	4703	0.11546189
251613	920	0.115461886
251613	1621	0.115461886
251613	1848	0.115461886
251613	3610	0.115461886
251613	4085	0.115461886
251613	6149	0.115461886
251642	1610	0.08156728
251642	3929	0.08156727
251642	626	0.081567265
251642	2083	0.081567265
251642	4290	0.081567265
251642	4387	0.081567265
251642	1733	0.08156726
251642	1814	0.08156726
251642	2441	0.08156726
251642	2986	0.08156726
251721	1457	0.09576794
251721	1892	0.09576794
251721	152	0.09576793
251721	1598	0.09576793
251721	1937	0.09576793
251721	4233	0.09576793
251721	5286	0.09576793
251721	869	0.09576792
251721	1679	0.09576792
251721	1145	0.095767915
251739	997	0.17031315
251739	3971	0.17031315
251739	5886	0.17031315
251739	387	0.17031313
251739	890	0.17031313
251739	922	0.17031313
251739	4076	0.17031313
251739	6912	0.17031313
251739	24	0.17031312
251739	49	0.17031312
251744	3971	0.097329006
251744	5031	0.097329006
251744	890	0.097329
251744	2138	0.097329
251744	5886	0.097329
251744	49	0.09732899
251744	387	0.09732899
251744	478	0.09732899
251744	1094	0.09732899
251744	1340	0.09732899
251843	4885	0.13178608
251843	3560	0.13178606
251843	3658	0.13178606
251843	4564	0.13178606
251843	4796	0.13178606
251843	489	0.13178605
251843	729	0.13178605
251843	747	0.13178605
251843	968	0.13178605
251843	1080	0.13178605
251844	1540	0.119493276
251844	6222	0.118581735
251844	3120	0.11858173
251844	4749	0.11858173
251844	1087	0.11858172
251844	3187	0.11858172
251844	3219	0.11858172
251844	3785	0.11858172
251844	4748	0.11858172
251844	5121	0.11858172
251890	890	0.09383465
251890	1869	0.09383465
251890	2364	0.09383465
251890	3616	0.09383465
251890	3971	0.09383465
251890	5886	0.09383465
251890	6915	0.09383465
251890	387	0.093834646
251890	1415	0.093834646
251890	1552	0.093834646
252071	3971	0.0896023
252071	579	0.089602284
252071	890	0.089602284
252071	1869	0.089602284
252071	2138	0.089602284
252071	2343	0.089602284
252071	5886	0.089602284
252071	41	0.08960228
252071	49	0.08960228
252071	267	0.08960228
252222	3971	0.11707813
252222	5886	0.11707813
252222	6123	0.11707813
252222	890	0.117078125
252222	997	0.117078125
252222	1869	0.117078125
252222	2138	0.117078125
252222	3616	0.117078125
252222	4076	0.117078125
252222	5709	0.117078125
252233	1080	0.075502075
252233	1413	0.075502075
252233	3560	0.075502075
252233	4885	0.075502075
252233	489	0.07550207
252233	729	0.07550207
252233	854	0.07550207
252233	2382	0.07550207
252233	3115	0.07550207
252233	3658	0.07550207
252282	1869	0.113601245
252282	3616	0.11360124
252282	3971	0.11360124
252282	5031	0.11360124
252282	997	0.11360123
252282	266	0.11360122
252282	387	0.11360122
252282	579	0.11360122
252282	645	0.11360122
252282	832	0.11360122
252287	3971	0.11652587
252287	6123	0.11652587
252287	2138	0.116525866
252287	387	0.11652586
252287	478	0.11652586
252287	1415	0.11652586
252287	1455	0.11652586
252287	1869	0.11652586
252287	2121	0.11652586
252287	2736	0.11652586
252292	997	0.104478195
252292	3971	0.10447819
252292	6123	0.10447819
252292	6912	0.10447819
252292	24	0.10447818
252292	41	0.10447818
252292	269	0.10447818
252292	328	0.10447818
252292	387	0.10447818
252292	478	0.10447818
252347	890	0.13697742
252347	3971	0.13697742
252347	124	0.1369774
252347	387	0.1369774
252347	538	0.1369774
252347	642	0.1369774
252347	922	0.1369774
252347	986	0.1369774
252347	997	0.1369774
252347	1058	0.1369774
252627	6643	0.09644416
252627	6674	0.09644416
252627	533	0.09644415
252627	3418	0.09644415
252627	4680	0.09644415
252627	5454	0.09644415
252627	1739	0.096444145
252627	1745	0.096444145
252627	1806	0.096444145
252627	2220	0.096444145
252654	890	0.12453717
252654	5886	0.12453717
252654	6507	0.12453717
252654	2121	0.12453716
252654	6912	0.12453716
252654	41	0.124537155
252654	376	0.124537155
252654	387	0.124537155
252654	478	0.124537155
252654	775	0.124537155
252698	5731	0.072093666
252698	1621	0.07209365
252698	1848	0.07209365
252698	3143	0.07209365
252698	3657	0.07209365
252698	4103	0.07209365
252698	6149	0.07209365
252698	6465	0.07209365
252698	2209	0.07209364
252698	4703	0.07209364
252775	1869	0.09484941
252775	3971	0.09484941
252775	5886	0.09484941
252775	6123	0.09484941
252775	997	0.0948494
252775	3616	0.0948494
252775	4076	0.0948494
252775	5031	0.0948494
252775	6912	0.0948494
252775	24	0.09484939
252785	2252	0.12493076
252785	3242	0.12493074
252785	2108	0.12493073
252785	6597	0.124930725
252785	6817	0.12493071
252785	5418	0.12493069
252785	4510	0.122487836
252785	6880	0.1217676
252785	511	0.121767595
252785	4557	0.121767595
252806	387	0.095578104
252806	3971	0.095578104
252806	1869	0.0955781
252806	6123	0.0955781
252806	1058	0.09557809
252806	2121	0.09557809
252806	2138	0.09557809
252806	3452	0.09557809
252806	4076	0.09557809
252806	4323	0.09557809
252820	231	0.12795168
252820	1022	0.12795168
252820	1619	0.12795168
252820	1723	0.12795168
252820	4068	0.12795168
252820	4176	0.12795168
252820	5197	0.12795168
252820	6840	0.12795168
252820	510	0.12795167
252820	2400	0.12795167
252827	134	0.09785694
252827	5830	0.09785694
252827	2385	0.09785693
252827	3848	0.09785693
252827	5992	0.09785693
252827	6086	0.097856924
252827	2213	0.09785692
252827	6899	0.09785692
252827	4885	0.095725395
252827	1413	0.09572539
252829	1610	0.091926366
252829	2986	0.09192636
252829	626	0.09192635
252829	3929	0.09192635
252829	4387	0.09192635
252829	4482	0.09192635
252829	5974	0.09192635
252829	4143	0.091926344
252829	497	0.09192634
252829	990	0.09192634
252843	3112	0.13459998
252843	3866	0.13459998
252843	4241	0.13459998
252843	5683	0.13459998
252843	6643	0.13459998
252843	3091	0.13459997
252843	4718	0.13459997
252843	5454	0.13459997
252843	5729	0.13459997
252843	6768	0.13459997
252846	5031	0.12739094
252846	997	0.12739092
252846	1869	0.12739092
252846	3616	0.12739092
252846	3971	0.12739092
252846	5886	0.12739092
252846	6033	0.12739092
252846	6123	0.12739092
252846	266	0.1273909
252846	376	0.1273909
252848	890	0.109288946
252848	1869	0.109288946
252848	3971	0.109288946
252848	1146	0.10928894
252848	1189	0.10928894
252848	3616	0.10928894
252848	5031	0.10928894
252848	5886	0.10928894
252848	24	0.10928893
252848	49	0.10928893
252865	3971	0.106488794
252865	2138	0.10648878
252865	597	0.10648877
252865	5886	0.10648877
252865	124	0.106488764
252865	387	0.106488764
252865	1146	0.106488764
252865	1340	0.106488764
252865	1403	0.106488764
252865	1869	0.106488764
252903	3988	0.09396867
252903	6189	0.09396863
252903	5904	0.09354003
252903	6075	0.09354002
252903	191	0.09354001
252903	551	0.09354001
252903	667	0.09354001
252903	1629	0.09354001
252903	2022	0.09354001
252903	2197	0.09354001
253005	1080	0.12717095
253005	2382	0.12717095
253005	2774	0.12717095
253005	3427	0.12717095
253005	3560	0.12717095
253005	3694	0.12717095
253005	4163	0.12717095
253005	4564	0.12717095
253005	4796	0.12717095
253005	4885	0.12717095
253106	3214	0.0925179
253106	6475	0.09251784
253106	1539	0.091513276
253106	2667	0.09151326
253106	5592	0.09151326
253106	891	0.09151325
253106	4368	0.09151325
253106	1899	0.09151324
253106	2388	0.09151324
253106	5008	0.09151324
253226	387	0.15273324
253226	478	0.15273324
253226	890	0.15273324
253226	1094	0.15273324
253226	1194	0.15273324
253226	1340	0.15273324
253226	1415	0.15273324
253226	2121	0.15273324
253226	3188	0.15273324
253226	3452	0.15273324
253310	1424	0.120939955
253310	2535	0.12093995
253310	307	0.12093994
253310	1436	0.12093994
253310	4002	0.12093994
253310	4728	0.12093993
253310	6365	0.120939925
253310	761	0.12093992
253310	2507	0.12093992
253310	6523	0.12093992
253311	6591	0.10140778
253311	6630	0.10140778
253311	3628	0.101407774
253311	6592	0.10140777
253311	3938	0.10140776
253311	4777	0.10140776
253311	5607	0.10140776
253311	1978	0.10140775
253311	6654	0.10140775
253311	6690	0.10140775
253322	4446	0.12947455
253322	6152	0.12947455
253322	6796	0.12947455
253322	4004	0.12947454
253322	6612	0.12947454
253322	595	0.12947452
253322	759	0.12947452
253322	1362	0.12947452
253322	2017	0.12947452
253322	2128	0.12947452
253386	4906	0.06900393
253386	248	0.069003925
253386	711	0.069003925
253386	3337	0.069003925
253386	3359	0.069003925
253386	3361	0.069003925
253386	4493	0.069003925
253386	5295	0.069003925
253386	5335	0.069003925
253386	5869	0.069003925
253403	3853	0.10965824
253403	6643	0.10965824
253403	4241	0.109658234
253403	5454	0.109658234
253403	533	0.10965823
253403	2220	0.10965823
253403	2304	0.10965823
253403	3029	0.10965823
253403	3112	0.10965823
253403	3210	0.10965823
253482	1869	0.108677894
253482	124	0.10867788
253482	2121	0.10867788
253482	2728	0.10867788
253482	3616	0.10867788
253482	5031	0.10867788
253482	387	0.10867787
253482	890	0.10867787
253482	986	0.10867787
253482	2138	0.10867787
253556	6279	0.13660382
253556	398	0.1366038
253556	1258	0.1366038
253556	1280	0.1366038
253556	1388	0.1366038
253556	1408	0.1366038
253556	1621	0.1366038
253556	1848	0.1366038
253556	2209	0.1366038
253556	2485	0.1366038
253563	425	0.10883837
253563	5355	0.10883831
253563	91	0.108838305
253563	1524	0.108838305
253563	5304	0.108838305
253563	3776	0.1088383
253563	4032	0.10883829
253563	4469	0.10883829
253563	5321	0.10883829
253563	5859	0.10883829
253580	4446	0.13913718
253580	595	0.13913715
253580	759	0.13913715
253580	1344	0.13913715
253580	1958	0.13913715
253580	2128	0.13913715
253580	2518	0.13913715
253580	3749	0.13913715
253580	4004	0.13913715
253580	4789	0.13913715
253602	5731	0.10958917
253602	1848	0.10958916
253602	2450	0.10958916
253602	4103	0.10958916
253602	6149	0.10958916
253602	6279	0.10958916
253602	6621	0.10958916
253602	1388	0.10958915
253602	1621	0.10958915
253602	2209	0.10958915
253626	3146	0.10944419
253626	3040	0.109444186
253626	864	0.10944417
253626	4490	0.10944417
253626	5699	0.10944417
253626	6381	0.10944416
253626	6535	0.10944415
253626	5834	0.10944413
253626	3853	0.10756037
253626	3866	0.10756037
253629	3971	0.12244996
253629	1869	0.12244995
253629	3616	0.12244995
253629	124	0.122449934
253629	387	0.122449934
253629	478	0.122449934
253629	642	0.122449934
253629	890	0.122449934
253629	901	0.122449934
253629	986	0.122449934
253668	3971	0.13752295
253668	2138	0.13752294
253668	5031	0.13752294
253668	5886	0.13752294
253668	387	0.13752292
253668	1869	0.13752292
253668	3616	0.13752292
253668	4076	0.13752292
253668	6123	0.13752292
253668	6912	0.13752292
253771	5309	0.12872428
253771	5619	0.12872428
253771	848	0.12872426
253771	3403	0.12872426
253771	3902	0.12872426
253771	1267	0.12872425
253771	1646	0.12872425
253771	1678	0.12872425
253771	2768	0.12872425
253771	3601	0.12872425
253797	3510	0.11309451
253797	3560	0.11309451
253797	4796	0.11309451
253797	4885	0.11309451
253797	4913	0.11309451
253797	5785	0.11309451
253797	3434	0.1130945
253797	4163	0.1130945
253797	4224	0.1130945
253797	6842	0.1130945
253821	425	0.13251138
253821	5355	0.13251129
253821	91	0.13251127
253821	1524	0.13251127
253821	3776	0.13251126
253821	4032	0.13251126
253821	4469	0.13251126
253821	5304	0.13251126
253821	5321	0.13251126
253821	1185	0.13251124
253867	4176	0.08294223
253867	6840	0.08294223
253867	231	0.082942225
253867	1619	0.082942225
253867	668	0.08294222
253867	1022	0.08294222
253867	5197	0.08294222
253867	6216	0.08294222
253867	1595	0.08294221
253867	1723	0.08294221
253871	2138	0.15687388
253871	3971	0.15687388
253871	6123	0.15687388
253871	6912	0.15687388
253871	387	0.15687387
253871	890	0.15687387
253871	997	0.15687387
253871	2364	0.15687387
253871	24	0.15687385
253871	49	0.15687385
253949	467	0.15782213
253949	3799	0.15782213
253949	4843	0.15782213
253949	6244	0.15782213
253949	887	0.1578221
253949	2501	0.1578221
253949	3384	0.1578221
253949	3426	0.1578221
253949	4338	0.1578221
253949	6689	0.1578221
253964	5031	0.10886619
253964	890	0.108866185
253964	387	0.10886618
253964	1869	0.10886618
253964	3971	0.10886618
253964	4076	0.10886618
253964	5886	0.10886618
253964	24	0.10886617
253964	49	0.10886617
253964	645	0.10886617
254038	124	0.15783763
254038	1869	0.15783763
254038	2138	0.15783763
254038	3616	0.15783763
254038	3971	0.15783763
254038	5886	0.15783763
254038	41	0.15783761
254038	387	0.15783761
254038	577	0.15783761
254038	3059	0.15783761
254053	152	0.112737164
254053	1679	0.11273716
254053	1892	0.11273716
254053	4233	0.11273716
254053	1457	0.11273715
254053	1598	0.11273715
254053	1937	0.11273715
254053	3216	0.11273715
254053	6080	0.11273715
254053	6747	0.11273715
254064	4623	0.088794515
254064	1177	0.08838278
254064	4806	0.08838277
254064	5819	0.08838276
254064	2241	0.08838275
254064	2737	0.08838275
254064	4177	0.08838275
254064	4234	0.08838275
254064	4299	0.08838275
254064	4372	0.08838275
254144	387	0.12664211
254144	478	0.12664211
254144	890	0.12664211
254144	922	0.12664211
254144	1058	0.12664211
254144	1146	0.12664211
254144	1415	0.12664211
254144	1552	0.12664211
254144	1869	0.12664211
254144	1935	0.12664211
254160	387	0.117012054
254160	1869	0.117012054
254160	2121	0.117012054
254160	49	0.11701205
254160	997	0.11701205
254160	3971	0.11701205
254160	5031	0.11701205
254160	6123	0.11701205
254160	41	0.11701204
254160	890	0.11701204
254196	4233	0.10866678
254196	152	0.10866677
254196	1937	0.10866677
254196	869	0.10866676
254196	1457	0.10866676
254196	1598	0.10866676
254196	1679	0.10866676
254196	1892	0.10866676
254196	2169	0.10866676
254196	6747	0.10866676
254201	2252	0.15041518
254201	2108	0.15041515
254201	3242	0.15041515
254201	6597	0.15041512
254201	6817	0.15041512
254201	5418	0.15041511
254201	2518	0.14913806
254201	6601	0.14913806
254201	759	0.14913803
254201	1362	0.14913803
254278	4673	0.080900855
254278	6834	0.08090085
254278	884	0.08090084
254278	5041	0.08090084
254278	5864	0.08090084
254278	903	0.08090083
254278	1648	0.08090083
254278	2076	0.08090083
254278	2419	0.08090083
254278	2783	0.08090083
254289	387	0.10573989
254289	3971	0.10573989
254289	5031	0.10573989
254289	1869	0.105739884
254289	5886	0.105739884
254289	6912	0.105739884
254289	124	0.10573988
254289	478	0.10573988
254289	597	0.10573988
254289	645	0.10573988
254299	2457	0.16675973
254299	4382	0.16675973
254299	4856	0.16675973
254299	6851	0.16675973
254299	2988	0.16675971
254299	4007	0.16675971
254299	482	0.1667597
254299	5315	0.1667597
254299	1394	0.16675968
254299	2685	0.16675967
254355	387	0.16150558
254355	3971	0.16150558
254355	5031	0.16150558
254355	5886	0.16150558
254355	6912	0.16150558
254355	24	0.16150557
254355	41	0.16150557
254355	1869	0.16150557
254355	2121	0.16150557
254355	2138	0.16150557
254376	1362	0.08812617
254376	2017	0.08812617
254376	3749	0.08812617
254376	4004	0.08812617
254376	4446	0.08812617
254376	5427	0.08812617
254376	6152	0.08812617
254376	6789	0.08812617
254376	1958	0.08812616
254376	2518	0.08812616
254377	244	0.10267232
254377	6265	0.10267232
254377	632	0.10267231
254377	149	0.1026723
254377	4599	0.1026723
254377	2962	0.102672294
254377	3385	0.102672294
254377	4045	0.10267229
254377	650	0.10267228
254377	961	0.10267228
254405	3971	0.116195664
254405	1869	0.11619565
254405	49	0.11619564
254405	387	0.11619564
254405	5031	0.11619564
254405	5886	0.11619564
254405	6123	0.11619564
254405	124	0.116195634
254405	579	0.116195634
254405	890	0.116195634
254417	5731	0.1349605
254417	1621	0.13496049
254417	1848	0.13496049
254417	493	0.13496047
254417	920	0.13496047
254417	1258	0.13496047
254417	1388	0.13496047
254417	1408	0.13496047
254417	1632	0.13496047
254417	2014	0.13496047
254465	6082	0.10594265
254465	2910	0.10594262
254465	2975	0.10594262
254465	5331	0.10576042
254465	5672	0.10576041
254465	6273	0.105760396
254465	6756	0.105760396
254465	828	0.10576038
254465	4351	0.10576038
254465	4833	0.10576038
254467	1411	0.11027874
254467	2196	0.110278726
254467	3379	0.11027872
254467	3206	0.11027871
254467	5158	0.11027871
254467	5350	0.110278696
254467	3866	0.11004342
254467	5454	0.11004342
254467	3853	0.110043414
254467	1806	0.11004341
254486	597	0.08321844
254486	3971	0.08321844
254486	387	0.08321843
254486	4076	0.08321843
254486	6912	0.08321843
254486	41	0.083218426
254486	124	0.083218426
254486	270	0.083218426
254486	832	0.083218426
254486	890	0.083218426
254690	3799	0.105145544
254690	4843	0.10514554
254690	467	0.10514553
254690	6244	0.10514553
254690	6689	0.10514553
254690	2501	0.10514552
254690	3384	0.10514552
254690	3562	0.10514552
254690	4338	0.10514552
254690	395	0.105145514
254751	5033	0.089358784
254751	520	0.08935876
254751	6810	0.08935876
254751	5653	0.089358754
254751	6147	0.08935875
254751	489	0.08916624
254751	1080	0.08916624
254751	1902	0.08916624
254751	4796	0.08916624
254751	4885	0.08916624
254754	325	0.11148685
254754	6265	0.111133635
254754	244	0.11113361
254754	4045	0.11113361
254754	4599	0.11113361
254754	149	0.111133605
254754	582	0.111133605
254754	632	0.111133605
254754	961	0.111133605
254754	1442	0.111133605
254777	5150	0.101061605
254777	999	0.10106159
254777	3392	0.10106158
254777	702	0.101061575
254777	6088	0.10106156
254777	4673	0.10045354
254777	2419	0.10045353
254777	1648	0.100453526
254777	3230	0.100453526
254777	3443	0.100453526
254822	3866	0.14903843
254822	4595	0.14903843
254822	5115	0.14903843
254822	6643	0.14903843
254822	6674	0.14903843
254822	6768	0.14903843
254822	533	0.14903842
254822	2220	0.14903842
254822	3700	0.14903842
254822	3830	0.14903842
254859	387	0.08032179
254859	3971	0.08032179
254859	1869	0.08032178
254859	2138	0.08032178
254859	49	0.080321774
254859	124	0.080321774
254859	216	0.080321774
254859	597	0.080321774
254859	832	0.080321774
254859	890	0.080321774
254863	4446	0.12461649
254863	2518	0.12461648
254863	6152	0.12461648
254863	759	0.124616474
254863	2017	0.124616474
254863	4004	0.124616474
254863	3749	0.12461647
254863	1344	0.12461646
254863	1958	0.12461646
254863	5058	0.12461646
254971	2518	0.117202096
254971	759	0.11720209
254971	4004	0.11720209
254971	4446	0.11720209
254971	1742	0.11720207
254971	5058	0.11720207
254971	6601	0.11720207
254971	6612	0.11720207
254971	6796	0.11720207
254971	1362	0.117202066
254995	4885	0.10501787
254995	2382	0.105017856
254995	3560	0.105017856
254995	3658	0.105017856
254995	4224	0.105017856
254995	4796	0.105017856
254995	3694	0.10501785
254995	4367	0.10501785
254995	4564	0.10501785
254995	489	0.10501784
255078	489	0.1283721
255078	854	0.1283721
255078	1256	0.1283721
255078	1413	0.1283721
255078	1902	0.1283721
255078	2360	0.1283721
255078	2880	0.1283721
255078	3115	0.1283721
255078	3510	0.1283721
255078	3560	0.1283721
255092	2419	0.14692244
255092	884	0.14692242
255092	4673	0.14692242
255092	247	0.14692241
255092	819	0.14692241
255092	903	0.14692241
255092	1648	0.14692241
255092	2783	0.14692241
255092	3230	0.14692241
255092	3606	0.14692241
255218	4243	0.13617599
255218	1467	0.13617593
255218	3560	0.13531733
255218	3694	0.13531733
255218	4885	0.13531733
255218	1080	0.13531731
255218	1413	0.13531731
255218	4796	0.13531731
255218	489	0.1353173
255218	729	0.1353173
255289	41	0.08171435
255289	124	0.08171435
255289	215	0.08171435
255289	387	0.08171435
255289	890	0.08171435
255289	997	0.08171435
255289	1146	0.08171435
255289	1862	0.08171435
255289	1869	0.08171435
255289	2138	0.08171435
255489	3584	0.12532008
255489	2043	0.12532005
255489	3872	0.12532005
255489	5173	0.12532005
255489	5946	0.12532005
255489	6171	0.12532005
255489	5139	0.12532002
255489	5640	0.12532002
255489	5869	0.124981344
255489	3359	0.124981314
255493	111	0.11851763
255493	5890	0.11851762
255493	1793	0.118517615
255493	4692	0.11851761
255493	4729	0.11851761
255493	1075	0.11851759
255493	2099	0.11851759
255493	4721	0.11851759
255493	5695	0.11851759
255493	5724	0.11851759
255544	1354	0.087057665
255544	676	0.087057635
255544	1951	0.086506635
255544	3935	0.086506635
255544	3330	0.08650663
255544	4454	0.08650663
255544	1472	0.08650662
255544	3090	0.08650662
255544	4686	0.08650662
255544	5892	0.08650662
255546	3971	0.11465596
255546	387	0.11465595
255546	1869	0.11465595
255546	2138	0.11465595
255546	6123	0.11465595
255546	597	0.11465594
255546	890	0.11465594
255546	4076	0.11465594
255546	4323	0.11465594
255546	5031	0.11465594
255618	773	0.09221212
255618	5469	0.09121576
255618	3313	0.09065965
255618	4689	0.09065965
255618	6420	0.09065965
255618	5788	0.09065964
255618	3178	0.09065963
255618	4456	0.09065963
255618	4776	0.09065961
255618	5812	0.090199195
255648	2406	0.09887485
255648	3726	0.09887485
255648	6630	0.09782171
255648	3938	0.0978217
255648	6591	0.0978217
255648	6690	0.0978217
255648	6592	0.09782169
255648	1978	0.09782168
255648	3628	0.09782168
255648	3002	0.097821675
255661	3971	0.0897301
255661	6507	0.0897301
255661	478	0.08973009
255661	1856	0.08973009
255661	1869	0.08973009
255661	5886	0.08973009
255661	6912	0.08973009
255661	41	0.089730084
255661	215	0.089730084
255661	387	0.089730084
255786	1806	0.08862416
255786	6643	0.08862416
255786	6674	0.08862416
255786	1752	0.08862415
255786	2220	0.08862415
255786	3112	0.08862415
255786	3291	0.08862415
255786	3418	0.08862415
255786	3817	0.08862415
255786	3866	0.08862415
255814	1087	0.15446086
255814	4151	0.15446086
255814	400	0.15446085
255814	801	0.15446085
255814	1438	0.15446085
255814	1650	0.15446085
255814	2180	0.15446085
255814	2305	0.15446085
255814	2916	0.15446085
255814	3187	0.15446085
255858	3853	0.12442482
255858	3866	0.12442482
255858	6643	0.12442482
255858	2220	0.124424815
255858	2304	0.124424815
255858	3112	0.124424815
255858	3700	0.124424815
255858	4241	0.124424815
255858	4595	0.124424815
255858	5115	0.124424815
256023	1869	0.124892935
256023	3971	0.124892935
256023	5886	0.12489293
256023	3897	0.12489292
256023	4076	0.12489292
256023	6123	0.12489292
256023	6507	0.12489292
256023	6912	0.12489292
256023	387	0.12489291
256023	775	0.12489291
256133	1869	0.1509186
256133	5886	0.1509186
256133	49	0.15091859
256133	3971	0.15091859
256133	24	0.15091857
256133	216	0.15091857
256133	387	0.15091857
256133	514	0.15091857
256133	774	0.15091857
256133	775	0.15091857
256167	3971	0.13336746
256167	5886	0.13336746
256167	124	0.13336745
256167	387	0.13336745
256167	645	0.13336745
256167	890	0.13336745
256167	1869	0.13336745
256167	3616	0.13336745
256167	3897	0.13336745
256167	5031	0.13336745
256247	1869	0.11980431
256247	3971	0.11980431
256247	387	0.11980429
256247	1194	0.11980429
256247	2138	0.11980429
256247	4076	0.11980429
256247	5886	0.11980429
256247	6123	0.11980429
256247	997	0.119804285
256247	3616	0.119804285
256270	3866	0.07142012
256270	4718	0.07142012
256270	4727	0.07142012
256270	5729	0.07142012
256270	6310	0.07142012
256270	6643	0.07142012
256270	6674	0.07142012
256270	6768	0.07142012
256270	533	0.07142011
256270	2220	0.07142011
256298	533	0.12380101
256298	2220	0.12380101
256298	2304	0.12380101
256298	3700	0.12380101
256298	3853	0.12380101
256298	3866	0.12380101
256298	3980	0.12380101
256298	4595	0.12380101
256298	4718	0.12380101
256298	5454	0.12380101
256402	890	0.16720095
256402	997	0.16720095
256402	1393	0.16720095
256402	3616	0.16720095
256402	4076	0.16720095
256402	5031	0.16720095
256402	5716	0.16720095
256402	5886	0.16720095
256402	6123	0.16720095
256402	478	0.16720094
256407	5886	0.05435785
256407	387	0.054357845
256407	997	0.054357845
256407	1869	0.054357845
256407	3559	0.054357845
256407	3971	0.054357845
256407	6912	0.054357845
256407	215	0.05435784
256407	478	0.05435784
256407	538	0.05435784
256507	3971	0.12103932
256507	1869	0.12103931
256507	2138	0.12103931
256507	1194	0.1210393
256507	5886	0.1210393
256507	6123	0.1210393
256507	6515	0.1210393
256507	387	0.12103929
256507	997	0.12103929
256507	3452	0.12103929
256603	1411	0.086515516
256603	3379	0.08651549
256603	5158	0.086515486
256603	2196	0.08651547
256603	3206	0.08651547
256603	5350	0.08651546
256603	152	0.08641921
256603	1892	0.0864192
256603	1937	0.0864192
256603	869	0.086419195
256843	913	0.14360651
256843	4712	0.1436065
256843	3482	0.14360645
256843	6265	0.14349496
256843	149	0.14349495
256843	244	0.14349493
256843	582	0.14349493
256843	632	0.14349493
256843	961	0.14349493
256843	2962	0.14349493
256844	6278	0.12447196
256844	3105	0.12447192
256844	2419	0.1234173
256844	3870	0.12341729
256844	4673	0.12341729
256844	884	0.12341728
256844	3230	0.12341728
256844	3443	0.12341728
256844	3606	0.12341728
256844	4602	0.12341728
256874	4151	0.087100595
256874	6222	0.087100595
256874	1650	0.08710059
256874	3120	0.08710059
256874	1087	0.08710058
256874	1389	0.08710058
256874	1613	0.08710058
256874	1674	0.08710058
256874	2916	0.08710058
256874	3187	0.08710058
256889	4556	0.098661184
256889	2787	0.09866117
256889	3308	0.09866117
256889	6137	0.09866117
256889	6896	0.09866117
256889	1879	0.09866116
256889	5740	0.09866116
256889	955	0.098661155
256889	4518	0.098661155
256889	6820	0.098661155
256925	478	0.10192388
256925	3971	0.101923876
256925	4076	0.101923876
256925	5716	0.101923876
256925	387	0.10192387
256925	890	0.10192387
256925	922	0.10192387
256925	1062	0.10192387
256925	1194	0.10192387
256925	1340	0.10192387
257024	4906	0.13053122
257024	1567	0.13053119
257024	1585	0.13053119
257024	2207	0.13053119
257024	2249	0.13053119
257024	2653	0.13053119
257024	3361	0.13053119
257024	5086	0.13053119
257024	5675	0.13053119
257024	6028	0.13053119
257028	3866	0.08346046
257028	2220	0.08346045
257028	3112	0.08346045
257028	3700	0.08346045
257028	3853	0.08346045
257028	4595	0.08346045
257028	5115	0.08346045
257028	5454	0.08346045
257028	6643	0.08346045
257028	6674	0.08346045
257145	2419	0.105678946
257145	3870	0.10567894
257145	5041	0.10567893
257145	6231	0.10567893
257145	247	0.10567892
257145	3606	0.10567892
257145	4501	0.10567892
257145	5787	0.10567892
257145	222	0.105678916
257145	884	0.105678916
257198	3971	0.19718128
257198	1869	0.19718127
257198	478	0.19718125
257198	579	0.19718125
257198	1189	0.19718125
257198	2138	0.19718125
257198	3616	0.19718125
257198	5031	0.19718125
257198	5716	0.19718125
257198	5886	0.19718125
257212	2419	0.09545624
257212	4938	0.095456235
257212	819	0.09545623
257212	884	0.09545623
257212	3230	0.09545623
257212	3606	0.09545623
257212	3870	0.09545623
257212	4474	0.09545623
257212	4519	0.09545623
257212	4673	0.09545623
257362	6423	0.09522018
257362	2843	0.09522015
257362	1301	0.09522013
257362	4740	0.09414244
257362	5599	0.09414244
257362	5914	0.09414244
257362	6396	0.09414244
257362	6312	0.09414243
257362	1024	0.09414242
257362	1155	0.09414242
257454	1087	0.14072245
257454	4151	0.14072245
257454	5121	0.14072245
257454	686	0.14072244
257454	801	0.14072244
257454	1650	0.14072244
257454	2916	0.14072244
257454	3120	0.14072244
257454	3187	0.14072244
257454	6222	0.14072244
257492	5731	0.104391724
257492	1621	0.10439172
257492	398	0.10439171
257492	3143	0.10439171
257492	4103	0.10439171
257492	5465	0.10439171
257492	6279	0.10439171
257492	1388	0.1043917
257492	4703	0.1043917
257492	5176	0.1043917
257534	2569	0.070969686
257534	3630	0.070969686
257534	3853	0.070969686
257534	3866	0.070969686
257534	4241	0.070969686
257534	1806	0.07096968
257534	3980	0.07096968
257534	4563	0.07096968
257534	4718	0.07096968
257534	4807	0.07096968
257548	1869	0.12982975
257548	775	0.12982973
257548	986	0.12982973
257548	2138	0.12982973
257548	3616	0.12982973
257548	3971	0.12982973
257548	4076	0.12982973
257548	6123	0.12982973
257548	890	0.12982972
257548	997	0.12982972
257625	6674	0.10923542
257625	5454	0.10923541
257625	3112	0.109235406
257625	3493	0.109235406
257625	3866	0.109235406
257625	4563	0.109235406
257625	4595	0.109235406
257625	4718	0.109235406
257625	533	0.1092354
257625	1025	0.1092354
257699	244	0.13332766
257699	6265	0.13332765
257699	149	0.13332763
257699	582	0.13332763
257699	632	0.13332763
257699	2962	0.13332763
257699	4045	0.13332763
257699	4599	0.13332763
257699	5437	0.13332763
257699	961	0.13332762
257700	6215	0.13039124
257700	1863	0.13039121
257700	5307	0.13039121
257700	3936	0.13039118
257700	5496	0.13039118
257700	1937	0.12951727
257700	6747	0.12951727
257700	152	0.12951726
257700	1457	0.12951726
257700	1598	0.12951726
257703	387	0.09553449
257703	478	0.09553448
257703	1856	0.09553448
257703	5886	0.09553448
257703	124	0.09553447
257703	538	0.09553447
257703	577	0.09553447
257703	890	0.09553447
257703	1869	0.09553447
257703	2121	0.09553447
257777	6123	0.12533508
257777	6507	0.12533508
257777	49	0.12533507
257777	215	0.12533507
257777	216	0.12533507
257777	387	0.12533507
257777	478	0.12533507
257777	642	0.12533507
257777	775	0.12533507
257777	890	0.12533507
258011	3937	0.11041379
258011	3018	0.11041378
258011	102	0.110413775
258011	1285	0.110413775
258011	2675	0.110413775
258011	4065	0.110413775
258011	5310	0.110413775
258011	5703	0.110413775
258011	6418	0.110413775
258011	6608	0.110413775
258084	686	0.101632476
258084	1087	0.101632476
258084	2145	0.101632476
258084	2916	0.101632476
258084	5121	0.101632476
258084	6222	0.101632476
258084	6252	0.101632476
258084	801	0.10163247
258084	1389	0.10163247
258084	3120	0.10163247
258107	4076	0.093175046
258107	387	0.09317504
258107	890	0.09317504
258107	1340	0.09317504
258107	1455	0.09317504
258107	1869	0.09317504
258107	2138	0.09317504
258107	3559	0.09317504
258107	3616	0.09317504
258107	3971	0.09317504
258109	997	0.10894501
258109	5886	0.10894501
258109	478	0.108945005
258109	890	0.108945005
258109	5218	0.108945005
258109	387	0.108945
258109	922	0.108945
258109	1194	0.108945
258109	1393	0.108945
258109	1455	0.108945
258151	231	0.11678964
258151	4176	0.11678964
258151	5197	0.11678963
258151	5872	0.11678962
258151	6216	0.11678962
258151	6840	0.11678962
258151	668	0.11678961
258151	760	0.11678961
258151	889	0.11678961
258151	1022	0.11678961
258152	5454	0.061460566
258152	6643	0.061460562
258152	4241	0.06146056
258152	6109	0.06146056
258152	533	0.061460555
258152	2569	0.061460555
258152	3210	0.061460555
258152	3418	0.061460555
258152	3636	0.061460555
258152	3700	0.061460555
258160	1312	0.11192721
258160	2105	0.11192721
258160	4417	0.11192721
258160	4536	0.11192721
258160	6659	0.11192721
258160	205	0.111927204
258160	3297	0.111927204
258160	2616	0.1119272
258160	4388	0.1119272
258160	4910	0.1119272
258240	49	0.14005524
258240	579	0.14005524
258240	775	0.14005524
258240	1229	0.14005524
258240	1455	0.14005524
258240	1869	0.14005524
258240	2138	0.14005524
258240	3971	0.14005524
258240	5886	0.14005524
258240	6123	0.14005524
258270	425	0.09403468
258270	1524	0.09403462
258270	91	0.09403461
258270	4469	0.09403461
258270	5304	0.09403461
258270	5321	0.09403461
258270	5355	0.09403461
258270	3776	0.0940346
258270	4032	0.0940346
258270	5859	0.0940346
258275	6494	0.07610611
258275	4320	0.074544385
258275	5128	0.074544385
258275	5508	0.074544385
258275	143	0.07454438
258275	1570	0.07454438
258275	5275	0.07454438
258275	1238	0.07454437
258275	1449	0.07454437
258275	5630	0.07454437
258329	5031	0.11510646
258329	1869	0.115106456
258329	41	0.11510645
258329	266	0.11510645
258329	387	0.11510645
258329	478	0.11510645
258329	890	0.11510645
258329	997	0.11510645
258329	1393	0.11510645
258329	1856	0.11510645
258460	4176	0.081308894
258460	231	0.08130889
258460	6216	0.08130889
258460	6840	0.08130889
258460	5129	0.08130888
258460	5197	0.08130888
258460	677	0.08130887
258460	1050	0.08130887
258460	1595	0.08130887
258460	1619	0.08130887
258482	989	0.062165778
258482	511	0.062145382
258482	6593	0.062145382
258482	5288	0.06214538
258482	617	0.062145375
258482	1092	0.062145375
258482	2785	0.062145375
258482	3097	0.062145375
258482	3526	0.062145375
258482	4318	0.062145375
258520	890	0.10837209
258520	1869	0.10837209
258520	2121	0.10837209
258520	2138	0.10837209
258520	3971	0.10837209
258520	5031	0.10837209
258520	5886	0.108372085
258520	5896	0.108372085
258520	216	0.10837208
258520	387	0.10837208
258534	2726	0.12041995
258534	4605	0.11899132
258534	244	0.118698806
258534	6265	0.118698806
258534	632	0.1186988
258534	582	0.11869877
258534	149	0.11869876
258534	650	0.11869876
258534	342	0.118698746
258534	961	0.118698746
258550	3560	0.09681567
258550	4224	0.09681567
258550	489	0.09681566
258550	854	0.09681566
258550	1413	0.09681566
258550	1902	0.09681566
258550	2227	0.09681566
258550	2360	0.09681566
258550	2382	0.09681566
258550	3115	0.09681566
258690	890	0.10705811
258690	6123	0.10705811
258690	387	0.1070581
258690	1340	0.1070581
258690	2138	0.1070581
258690	3559	0.1070581
258690	3971	0.1070581
258690	4603	0.1070581
258690	5716	0.1070581
258690	49	0.10705809
258777	3971	0.090163
258777	49	0.09016299
258777	387	0.09016299
258777	1869	0.09016299
258777	5218	0.09016299
258777	6123	0.09016299
258777	328	0.090162985
258777	478	0.090162985
258777	997	0.090162985
258777	1856	0.090162985
258884	130	0.13449927
258884	1764	0.13449927
258884	172	0.13449925
258884	1374	0.13449925
258884	2029	0.13449925
258884	2090	0.13449925
258884	2148	0.13449925
258884	2603	0.13449925
258884	3127	0.13449925
258884	3397	0.13449925
258938	387	0.09381871
258938	645	0.09381871
258938	890	0.09381871
258938	997	0.09381871
258938	1146	0.09381871
258938	3897	0.09381871
258938	3971	0.09381871
258938	4076	0.09381871
258938	5031	0.09381871
258938	5716	0.09381871
259004	3418	0.13432068
259004	3493	0.13432068
259004	3853	0.13432068
259004	3866	0.13432068
259004	5879	0.13432068
259004	6643	0.13432068
259004	6768	0.13432068
259004	1806	0.13432066
259004	3091	0.13432066
259004	3112	0.13432066
259006	3971	0.107953936
259006	6507	0.107953936
259006	41	0.10795392
259006	387	0.10795392
259006	1194	0.10795392
259006	1403	0.10795392
259006	1869	0.10795392
259006	5218	0.10795392
259006	5886	0.10795392
259006	5896	0.10795392
259035	890	0.13411091
259035	3971	0.13411091
259035	387	0.1341109
259035	642	0.1341109
259035	832	0.1341109
259035	997	0.1341109
259035	1094	0.1341109
259035	1146	0.1341109
259035	1158	0.1341109
259035	1340	0.1341109
259057	2121	0.10206339
259057	387	0.10206337
259057	538	0.10206337
259057	890	0.10206337
259057	1856	0.10206337
259057	4323	0.10206337
259057	5031	0.10206337
259057	2728	0.102063365
259057	5916	0.102063365
259057	41	0.10206336
259066	2419	0.092891715
259066	884	0.09289171
259066	1648	0.09289171
259066	2076	0.09289171
259066	3870	0.09289171
259066	4472	0.09289171
259066	4938	0.09289171
259066	6231	0.09289171
259066	3283	0.0928917
259066	3585	0.0928917
259078	41	0.09904119
259078	890	0.09904119
259078	4076	0.09904119
259078	6912	0.09904119
259078	387	0.099041186
259078	1062	0.099041186
259078	2138	0.099041186
259078	5886	0.099041186
259078	124	0.09904118
259078	215	0.09904118
259118	6265	0.09138859
259118	244	0.09138858
259118	632	0.09138857
259118	149	0.09138855
259118	582	0.09138855
259118	3385	0.09138855
259118	4045	0.09138855
259118	4599	0.09138855
259118	650	0.091388546
259118	961	0.09138854
259223	2138	0.10547832
259223	3971	0.10547832
259223	387	0.10547831
259223	1869	0.10547831
259223	3616	0.10547831
259223	5886	0.10547831
259223	1194	0.1054783
259223	1340	0.1054783
259223	1455	0.1054783
259223	2364	0.1054783
259259	112	0.10997398
259259	2518	0.109692246
259259	3749	0.109692246
259259	6796	0.10969224
259259	2017	0.10969223
259259	4004	0.10969223
259259	4446	0.10969223
259259	1958	0.10969222
259259	4789	0.10969222
259259	6401	0.10969222
259260	3525	0.17479649
259260	4378	0.17479645
259260	2006	0.17479643
259260	5566	0.17479643
259260	6108	0.17479643
259260	6681	0.17479643
259260	6865	0.17479643
259260	2672	0.17479642
259260	153	0.1747964
259260	2686	0.1747964
259264	1177	0.14305967
259264	4806	0.14305967
259264	6530	0.14305966
259264	297	0.14305964
259264	2241	0.14305964
259264	2737	0.14305964
259264	3118	0.14305964
259264	4177	0.14305964
259264	4299	0.14305964
259264	5691	0.14305964
259320	1869	0.12787291
259320	5031	0.12787291
259320	478	0.1278729
259320	890	0.1278729
259320	997	0.1278729
259320	1856	0.1278729
259320	2121	0.1278729
259320	3897	0.1278729
259320	4323	0.1278729
259320	5886	0.1278729
259378	5331	0.09549706
259378	6273	0.095497034
259378	5672	0.09549703
259378	6756	0.09549703
259378	4351	0.09549701
259378	4833	0.09549701
259378	828	0.095497005
259378	4488	0.095497005
259378	5343	0.095497
259378	6705	0.09493275
259380	4103	0.085056335
259380	5731	0.085056335
259380	1621	0.08505633
259380	2209	0.08505633
259380	3657	0.08505633
259380	605	0.08505632
259380	2014	0.08505632
259380	2320	0.08505632
259380	2450	0.08505632
259380	2491	0.08505632
259388	2022	0.1061636
259388	191	0.10616359
259388	5904	0.10616359
259388	667	0.10616358
259388	4671	0.10616358
259388	6352	0.10616358
259388	551	0.106163576
259388	2936	0.106163576
259388	2971	0.106163576
259388	3121	0.106163576
259430	4076	0.08817032
259430	1869	0.08817031
259430	2364	0.08817031
259430	3971	0.08817031
259430	24	0.088170305
259430	41	0.088170305
259430	124	0.088170305
259430	387	0.088170305
259430	642	0.088170305
259430	775	0.088170305
259542	997	0.09617437
259542	3616	0.09617437
259542	3971	0.09617437
259542	124	0.09617436
259542	266	0.09617436
259542	376	0.09617436
259542	642	0.09617436
259542	986	0.09617436
259542	1869	0.09617436
259542	2091	0.09617436
259626	1552	0.14483368
259626	1869	0.14483368
259626	3616	0.14483368
259626	3971	0.14483368
259626	5031	0.14483368
259626	5886	0.14483368
259626	6096	0.14483368
259626	6123	0.14483368
259626	6912	0.14483368
259626	387	0.14483367
259629	3971	0.12486124
259629	2138	0.124861225
259629	6123	0.124861225
259629	6912	0.124861225
259629	41	0.12486122
259629	124	0.12486122
259629	387	0.12486122
259629	642	0.12486122
259629	890	0.12486122
259629	1869	0.12486122
259660	6674	0.089074194
259660	5115	0.08907419
259660	3853	0.08907418
259660	3866	0.08907418
259660	5454	0.08907418
259660	5688	0.08907418
259660	6643	0.08907418
259660	3630	0.08907417
259660	3980	0.08907417
259660	6310	0.08907417
259734	852	0.14486252
259734	2313	0.1448625
259734	4254	0.1448625
259734	4375	0.1448625
259734	4892	0.14486249
259734	6772	0.14486249
259734	2036	0.14486247
259734	2448	0.14486247
259734	2948	0.14486247
259734	5907	0.14486247
259829	1869	0.10660184
259829	387	0.106601834
259829	3971	0.106601834
259829	4323	0.106601834
259829	5886	0.106601834
259829	1856	0.10660183
259829	2121	0.10660183
259829	2138	0.10660183
259829	3616	0.10660183
259829	5031	0.10660183
259901	890	0.16197386
259901	1869	0.16197386
259901	6123	0.16197386
259901	922	0.16197385
259901	1146	0.16197385
259901	1189	0.16197385
259901	1455	0.16197385
259901	1856	0.16197385
259901	2121	0.16197385
259901	2138	0.16197385
259930	6265	0.17493251
259930	244	0.1749325
259930	632	0.17493248
259930	149	0.17493246
259930	3385	0.17493246
259930	4599	0.17493246
259930	582	0.17493245
259930	650	0.17493245
259930	961	0.17493245
259930	2962	0.17493245
260067	690	0.09316474
260067	3974	0.09316474
260067	1146	0.09175909
260067	5886	0.09175909
260067	6123	0.09175909
260067	387	0.091759086
260067	478	0.091759086
260067	890	0.091759086
260067	922	0.091759086
260067	997	0.091759086
260108	3991	0.08259104
260108	6435	0.082591034
260108	3321	0.08259103
260108	1218	0.08259102
260108	3982	0.08259102
260108	3447	0.08259101
260108	3469	0.08259101
260108	2316	0.08226621
260108	4741	0.08226621
260108	6094	0.08226621
260183	1177	0.1182234
260183	3118	0.118223384
260183	3263	0.118223384
260183	4806	0.118223384
260183	6530	0.118223384
260183	1221	0.11822338
260183	1233	0.11822338
260183	519	0.11822337
260183	591	0.11822337
260183	2116	0.11822337
260316	1965	0.0889705
260316	859	0.08897049
260316	2359	0.08897048
260316	5565	0.08897048
260316	6023	0.088970475
260316	929	0.08897047
260316	4099	0.08897047
260316	4291	0.08897047
260316	4908	0.08897047
260316	5673	0.08897047
260363	1650	0.11849733
260363	801	0.11849732
260363	2916	0.11849732
260363	4151	0.11849732
260363	109	0.11849731
260363	2305	0.11849731
260363	3120	0.11849731
260363	3187	0.11849731
260363	5121	0.11849731
260363	6222	0.11849731
260388	1869	0.102685876
260388	579	0.10268587
260388	997	0.10268587
260388	1455	0.10268587
260388	2138	0.10268587
260388	3559	0.10268587
260388	3616	0.10268587
260388	3971	0.10268587
260388	5031	0.10268587
260388	6123	0.10268587
260419	3971	0.11550759
260419	1869	0.11550758
260419	387	0.11550757
260419	6123	0.11550757
260419	49	0.115507565
260419	3616	0.115507565
260419	5886	0.115507565
260419	901	0.11550756
260419	997	0.11550756
260419	1194	0.11550756
260473	5150	0.10288883
260473	999	0.10288882
260473	3392	0.10288881
260473	6088	0.10288878
260473	702	0.10288876
260473	247	0.102838084
260473	903	0.102838084
260473	1648	0.102838084
260473	2419	0.102838084
260473	3443	0.102838084
260520	3971	0.1272614
260520	3616	0.12726139
260520	387	0.12726137
260520	579	0.12726137
260520	597	0.12726137
260520	832	0.12726137
260520	842	0.12726137
260520	890	0.12726137
260520	901	0.12726137
260520	1031	0.12726137
260655	5031	0.13477327
260655	41	0.13477325
260655	387	0.13477325
260655	642	0.13477325
260655	901	0.13477325
260655	922	0.13477325
260655	997	0.13477325
260655	1058	0.13477325
260655	1552	0.13477325
260655	1869	0.13477325
260678	5835	0.06555161
260678	3445	0.065551594
260678	6333	0.065551594
260678	3808	0.06555159
260678	6428	0.06555159
260678	126	0.06555158
260678	2276	0.06555158
260678	3507	0.06555158
260678	3583	0.06555158
260678	4495	0.06555158
260699	890	0.15622255
260699	1146	0.15622255
260699	2121	0.15622255
260699	5031	0.15622255
260699	387	0.15622254
260699	597	0.15622254
260699	645	0.15622254
260699	997	0.15622254
260699	1062	0.15622254
260699	1455	0.15622254
260897	4727	0.06557887
260897	5454	0.06557887
260897	6768	0.06557887
260897	533	0.06557886
260897	2220	0.06557886
260897	3091	0.06557886
260897	3418	0.06557886
260897	3493	0.06557886
260897	3700	0.06557886
260897	3778	0.06557886
260944	387	0.1256719
260944	1415	0.1256719
260944	5031	0.1256719
260944	49	0.12567188
260944	124	0.12567188
260944	922	0.12567188
260944	1552	0.12567188
260944	1869	0.12567188
260944	2121	0.12567188
260944	2736	0.12567188
260967	231	0.09964633
260967	4176	0.09964632
260967	6216	0.09964632
260967	1022	0.099646315
260967	6840	0.099646315
260967	668	0.0996463
260967	677	0.0996463
260967	1619	0.0996463
260967	1723	0.0996463
260967	4000	0.0996463
261037	1869	0.10063724
261037	6123	0.100637235
261037	387	0.10063723
261037	579	0.10063723
261037	890	0.10063723
261037	2121	0.10063723
261037	2138	0.10063723
261037	3559	0.10063723
261037	3616	0.10063723
261037	3971	0.10063723
261105	1986	0.086618185
261105	3381	0.086618185
261105	1676	0.08661818
261105	2814	0.08661817
261105	4975	0.086217836
261105	5991	0.086217806
261105	6218	0.08621778
261105	5461	0.0859631
261105	467	0.085641876
261105	3799	0.085641876
261185	387	0.08093406
261185	890	0.08093406
261185	901	0.08093406
261185	986	0.08093406
261185	1869	0.08093406
261185	2121	0.08093406
261185	3971	0.08093406
261185	41	0.080934055
261185	273	0.080934055
261185	597	0.080934055
261314	6516	0.11797969
261314	2970	0.11797968
261314	186	0.117979676
261314	4971	0.1179262
261314	4532	0.117926195
261314	3850	0.11792618
261314	1610	0.11766249
261314	4387	0.11766249
261314	2986	0.11766248
261314	626	0.117662475
261327	4671	0.0906049
261327	5904	0.0906049
261327	551	0.090604894
261327	4461	0.090604894
261327	191	0.09060489
261327	1234	0.09060489
261327	2022	0.09060489
261327	2936	0.09060489
261327	3121	0.09060489
261327	3138	0.09060489
261567	1869	0.08351377
261567	3971	0.08351376
261567	49	0.08351375
261567	387	0.08351375
261567	579	0.08351375
261567	997	0.08351375
261567	1455	0.08351375
261567	2121	0.08351375
261567	2138	0.08351375
261567	2364	0.08351375
261578	3971	0.10262011
261578	997	0.102620095
261578	1869	0.102620095
261578	2138	0.102620095
261578	3559	0.102620095
261578	4076	0.102620095
261578	5218	0.102620095
261578	6912	0.102620095
261578	41	0.10262009
261578	1340	0.10262009
261590	5619	0.079881504
261590	3403	0.0798815
261590	5309	0.0798815
261590	6653	0.0798815
261590	848	0.07988149
261590	1267	0.079881474
261590	2740	0.079881474
261590	2768	0.079881474
261590	3601	0.079881474
261590	3902	0.079881474
261603	2539	0.092643306
261603	1321	0.0926433
261603	5104	0.092233926
261603	4982	0.09223391
261603	6386	0.09223391
261603	3915	0.0922339
261603	4478	0.0922339
261603	5385	0.0922339
261603	6262	0.0922339
261603	1116	0.092233896
261611	1087	0.121460944
261611	3120	0.121460944
261611	5121	0.121460944
261611	6222	0.121460944
261611	686	0.12146093
261611	801	0.12146093
261611	1650	0.12146093
261611	2305	0.12146093
261611	2916	0.12146093
261611	3785	0.12146093
261998	3597	0.15030691
261998	660	0.15030688
261998	1423	0.15030688
261998	3179	0.15030688
261998	3112	0.14822668
261998	3830	0.14822668
261998	4595	0.14822668
261998	4727	0.14822668
261998	5511	0.14822668
261998	6109	0.14822668
262040	4103	0.13357165
262040	5731	0.13357165
262040	1848	0.13357164
262040	4703	0.13357164
262040	605	0.13357162
262040	651	0.13357162
262040	892	0.13357162
262040	920	0.13357162
262040	1042	0.13357162
262040	1258	0.13357162
262118	1177	0.099567294
262118	3263	0.09956728
262118	4299	0.09956728
262118	4806	0.09956728
262118	6318	0.09956727
262118	1221	0.099567264
262118	1581	0.099567264
262118	2737	0.099567264
262118	3118	0.099567264
262118	3761	0.099567264
262151	3971	0.09402791
262151	5886	0.09402791
262151	387	0.0940279
262151	6912	0.0940279
262151	49	0.09402789
262151	478	0.09402789
262151	890	0.09402789
262151	922	0.09402789
262151	997	0.09402789
262151	1856	0.09402789
262169	5031	0.10422893
262169	5886	0.10422893
262169	1194	0.10422892
262169	1415	0.10422892
262169	2121	0.10422892
262169	49	0.104228914
262169	478	0.104228914
262169	645	0.104228914
262169	890	0.104228914
262169	997	0.104228914
262186	3937	0.11809385
262186	6418	0.11809385
262186	3018	0.11809384
262186	5703	0.11809384
262186	471	0.11809383
262186	1285	0.11809383
262186	1575	0.11809383
262186	4065	0.11809383
262186	4630	0.11809383
262186	5310	0.11809383
262271	1869	0.11483187
262271	5031	0.11483187
262271	3616	0.114831865
262271	3971	0.114831865
262271	4076	0.114831865
262271	5886	0.114831865
262271	124	0.11483186
262271	1552	0.11483186
262271	6912	0.11483186
262271	24	0.11483185
262311	1621	0.12698072
262311	4103	0.12698072
262311	5731	0.1269807
262311	6279	0.1269807
262311	6670	0.1269807
262311	396	0.12698069
262311	605	0.12698069
262311	920	0.12698069
262311	1258	0.12698069
262311	1408	0.12698069
262317	1869	0.11870751
262317	3971	0.11870751
262317	387	0.118707485
262317	890	0.118707485
262317	1194	0.118707485
262317	4076	0.118707485
262317	5886	0.118707485
262317	6123	0.118707485
262317	6515	0.118707485
262317	478	0.11870748
262391	3866	0.124260694
262391	6674	0.12426069
262391	533	0.12426068
262391	1806	0.12426068
262391	2220	0.12426068
262391	2304	0.12426068
262391	3418	0.12426068
262391	3830	0.12426068
262391	3853	0.12426068
262391	4595	0.12426068
262399	387	0.13018033
262399	1146	0.13018033
262399	1869	0.13018033
262399	3971	0.13018033
262399	5886	0.13018033
262399	6123	0.13018033
262399	41	0.13018031
262399	49	0.13018031
262399	124	0.13018031
262399	597	0.13018031
262407	3799	0.10545506
262407	6244	0.105455056
262407	395	0.10545504
262407	467	0.10545504
262407	2501	0.10545504
262407	2821	0.10545504
262407	3430	0.10545504
262407	4843	0.10545504
262407	6689	0.10545504
262407	4338	0.10545503
262459	2496	0.09278719
262459	6247	0.091871314
262459	2519	0.0917926
262459	2822	0.0917926
262459	3722	0.09179258
262459	3677	0.09155504
262459	1155	0.09155503
262459	5914	0.09155503
262459	6312	0.09155503
262459	6396	0.09155503
262469	5886	0.077990465
262469	41	0.07799046
262469	387	0.07799046
262469	901	0.07799046
262469	997	0.07799046
262469	1869	0.07799046
262469	2138	0.07799046
262469	3559	0.07799046
262469	3616	0.07799046
262469	3750	0.07799046
262525	3971	0.10909604
262525	1869	0.109096035
262525	5031	0.109096035
262525	5886	0.109096035
262525	890	0.10909603
262525	2138	0.10909603
262525	3616	0.10909603
262525	24	0.10909602
262525	49	0.10909602
262525	387	0.10909602
262541	2986	0.1437693
262541	4387	0.1437693
262541	1610	0.14376928
262541	4482	0.14376928
262541	626	0.14376926
262541	3228	0.14376926
262541	3929	0.14376926
262541	4271	0.14376926
262541	4290	0.14376926
262541	4763	0.14376926
262634	6537	0.123586915
262634	392	0.1235869
262634	2342	0.1235869
262634	1868	0.12358689
262634	5869	0.123334765
262634	4906	0.12333476
262634	711	0.12333475
262634	4493	0.12333475
262634	248	0.12333474
262634	1567	0.12333474
262666	3403	0.08143695
262666	5309	0.08143695
262666	5619	0.08143695
262666	848	0.08143694
262666	1646	0.08143693
262666	2768	0.08143693
262666	3797	0.08143693
262666	3902	0.08143693
262666	5165	0.08143693
262666	3601	0.081436925
262902	6426	0.10433903
262902	6265	0.10423723
262902	149	0.104237214
262902	244	0.104237214
262902	582	0.104237214
262902	632	0.104237214
262902	4599	0.104237214
262902	2962	0.10423721
262902	1442	0.1042372
262902	3548	0.10423719
262940	3971	0.103320226
262940	1869	0.10332022
262940	387	0.10332021
262940	890	0.10332021
262940	2138	0.10332021
262940	5886	0.10332021
262940	6123	0.10332021
262940	775	0.1033202
262940	1146	0.1033202
262940	1229	0.1033202
262974	5031	0.112234056
262974	890	0.11223404
262974	1455	0.11223404
262974	3616	0.11223404
262974	3971	0.11223404
262974	5716	0.11223404
262974	5886	0.11223404
262974	124	0.11223403
262974	645	0.11223403
262974	997	0.11223403
263078	3971	0.08620778
263078	6123	0.08620777
263078	387	0.08620776
263078	579	0.08620776
263078	775	0.08620776
263078	890	0.08620776
263078	997	0.08620776
263078	1062	0.08620776
263078	1194	0.08620776
263078	1229	0.08620776
263107	6472	0.1287519
263107	4387	0.12820992
263107	1610	0.1282099
263107	2986	0.1282099
263107	4482	0.1282099
263107	626	0.12820989
263107	1814	0.12820989
263107	2083	0.12820989
263107	2328	0.12820989
263107	3172	0.12820989
263163	6278	0.06598997
263163	425	0.06442104
263163	5304	0.06442101
263163	5355	0.064421006
263163	91	0.064421
263163	1524	0.064421
263163	3776	0.064421
263163	4032	0.064421
263163	5321	0.064421
263163	5859	0.06442099
263219	1965	0.07725604
263219	859	0.077256024
263219	2359	0.077256024
263219	5565	0.077256024
263219	929	0.07725601
263219	4099	0.07725601
263219	4291	0.07725601
263219	5673	0.07725601
263219	4640	0.077256
263219	4908	0.077256
263321	2138	0.07541342
263321	3971	0.07541342
263321	890	0.07541341
263321	1194	0.07541341
263321	4603	0.07541341
263321	6912	0.07541341
263321	6915	0.07541341
263321	41	0.075413406
263321	350	0.075413406
263321	387	0.075413406
263325	387	0.15540674
263325	579	0.15540674
263325	890	0.15540674
263325	1869	0.15540674
263325	2138	0.15540674
263325	3164	0.15540674
263325	3616	0.15540674
263325	3971	0.15540674
263325	6123	0.15540674
263325	922	0.15540673
263326	215	0.13236469
263326	387	0.13236469
263326	890	0.13236469
263326	1869	0.13236469
263326	2121	0.13236469
263326	3971	0.13236469
263326	4323	0.13236469
263326	41	0.13236468
263326	538	0.13236468
263326	577	0.13236468
263344	4885	0.14497696
263344	2382	0.14497694
263344	6842	0.14497694
263344	1080	0.14497693
263344	1170	0.14497693
263344	2360	0.14497693
263344	3560	0.14497693
263344	3694	0.14497693
263344	4817	0.14497693
263344	4960	0.14497693
263383	1869	0.118765146
263383	3616	0.11876514
263383	3971	0.11876514
263383	2138	0.11876513
263383	5031	0.11876513
263383	5716	0.11876513
263383	6912	0.11876513
263383	124	0.11876512
263383	645	0.11876512
263383	775	0.11876512
263413	4231	0.08567904
263413	852	0.085392095
263413	2313	0.08539209
263413	4254	0.08539208
263413	4892	0.08539208
263413	2036	0.08539207
263413	2448	0.08539207
263413	3856	0.08539207
263413	4375	0.08539207
263413	6772	0.08539207
263460	1869	0.18740073
263460	49	0.1874007
263460	387	0.1874007
263460	478	0.1874007
263460	842	0.1874007
263460	890	0.1874007
263460	997	0.1874007
263460	1415	0.1874007
263460	2364	0.1874007
263460	3559	0.1874007
263560	967	0.10283822
263560	6152	0.10212883
263560	6796	0.10212883
263560	4446	0.102128826
263560	1362	0.10212882
263560	2017	0.10212882
263560	2518	0.10212882
263560	3749	0.10212882
263560	4991	0.10212882
263560	4004	0.10212881
263645	511	0.09482649
263645	1092	0.09482648
263645	4557	0.09482648
263645	6364	0.09482648
263645	5288	0.094826475
263645	5998	0.094826475
263645	6880	0.094826475
263645	1551	0.09482647
263645	2785	0.09482647
263645	3526	0.09482647
263663	3616	0.12230942
263663	5031	0.12230942
263663	2121	0.12230941
263663	478	0.1223094
263663	986	0.1223094
263663	997	0.1223094
263663	1393	0.1223094
263663	1869	0.1223094
263663	2364	0.1223094
263663	3750	0.1223094
263842	686	0.08531114
263842	4151	0.08531114
263842	6222	0.08531114
263842	801	0.08531113
263842	3120	0.08531113
263842	3187	0.08531113
263842	3785	0.08531113
263842	5121	0.08531113
263842	99	0.08531112
263842	1087	0.08531112
263877	4460	0.106353216
263877	2045	0.10635321
263877	1692	0.10635318
263877	331	0.10635317
263877	1531	0.10635317
263877	2840	0.10635317
263877	2583	0.10635315
263877	2885	0.10545201
263877	387	0.10485922
263877	3971	0.10485922
264031	913	0.12356963
264031	3482	0.12356959
264031	4712	0.12356959
264031	4103	0.12302259
264031	2209	0.123022586
264031	5376	0.123022586
264031	5731	0.123022586
264031	3657	0.12302258
264031	5176	0.12302258
264031	6149	0.12302258
264082	3988	0.09727742
264082	6189	0.097277395
264082	3912	0.0972427
264082	2936	0.095240496
264082	667	0.09524049
264082	2022	0.09524049
264082	2959	0.09524049
264082	2971	0.09524049
264082	6075	0.09524049
264082	3121	0.09524048
264085	1598	0.09883536
264085	1679	0.09883536
264085	152	0.09883535
264085	1937	0.09883535
264085	4233	0.09883535
264085	869	0.098835334
264085	1457	0.098835334
264085	1892	0.098835334
264085	5109	0.098835334
264085	5191	0.098835334
264152	5339	0.13555722
264152	6222	0.13555722
264152	686	0.1355572
264152	1087	0.1355572
264152	1389	0.1355572
264152	1650	0.1355572
264152	2145	0.1355572
264152	2180	0.1355572
264152	2305	0.1355572
264152	3120	0.1355572
264204	997	0.09329724
264204	3971	0.09329724
264204	6123	0.09329724
264204	6912	0.09329724
264204	642	0.093297236
264204	1194	0.093297236
264204	4076	0.093297236
264204	5031	0.093297236
264204	41	0.09329723
264204	124	0.09329723
264284	5956	0.09872324
264284	2974	0.09872323
264284	3467	0.09872323
264284	5855	0.09872323
264284	3343	0.098723225
264284	5856	0.098723225
264284	5564	0.0987232
264284	757	0.098723195
264284	4106	0.09872319
264284	2701	0.098632365
264300	3971	0.10110453
264300	1869	0.10110451
264300	3616	0.101104505
264300	5031	0.101104505
264300	5886	0.101104505
264300	49	0.1011045
264300	387	0.1011045
264300	579	0.1011045
264300	1856	0.1011045
264300	1862	0.1011045
264311	1869	0.09552291
264311	5886	0.09552291
264311	3971	0.0955229
264311	215	0.095522895
264311	387	0.095522895
264311	1058	0.095522895
264311	2772	0.095522895
264311	6123	0.095522895
264311	6515	0.095522895
264311	124	0.09552289
264317	5956	0.12619524
264317	5855	0.12619522
264317	5856	0.12619522
264317	2974	0.1261952
264317	3467	0.1261952
264317	3343	0.12619519
264317	5564	0.12619518
264317	757	0.12619516
264317	4106	0.12619516
264317	2701	0.1255405
264349	1869	0.087731585
264349	3971	0.087731585
264349	5031	0.08773158
264349	387	0.08773157
264349	832	0.08773157
264349	890	0.08773157
264349	2138	0.08773157
264349	3452	0.08773157
264349	3616	0.08773157
264349	3965	0.08773157
264355	922	0.12941346
264355	3971	0.12941346
264355	5886	0.12941346
264355	387	0.12941344
264355	538	0.12941344
264355	890	0.12941344
264355	997	0.12941344
264355	1455	0.12941344
264355	1869	0.12941344
264355	2121	0.12941344
264464	1869	0.09763287
264464	215	0.097632855
264464	2037	0.097632855
264464	3971	0.097632855
264464	5886	0.097632855
264464	5896	0.097632855
264464	1862	0.09763285
264464	2138	0.09763285
264464	3616	0.09763285
264464	6123	0.09763285
264525	4103	0.1421731
264525	5731	0.1421731
264525	1848	0.14217308
264525	3657	0.14217308
264525	4703	0.14217308
264525	6149	0.14217308
264525	920	0.14217307
264525	2209	0.14217307
264525	5376	0.14217307
264525	5473	0.14217307
264543	890	0.14944395
264543	3971	0.14944395
264543	5031	0.14944395
264543	6123	0.14944395
264543	387	0.14944394
264543	478	0.14944394
264543	997	0.14944394
264543	1094	0.14944394
264543	1455	0.14944394
264543	2103	0.14944394
264600	80	0.096375555
264600	4813	0.096375555
264600	4984	0.09637555
264600	3644	0.09637554
264600	3868	0.09637554
264600	5106	0.09637554
264600	3271	0.09637553
264600	5151	0.09637553
264600	6909	0.09637553
264600	821	0.096375525
264627	908	0.077587575
264627	3514	0.077587545
264627	3080	0.07758754
264627	785	0.07758753
264627	4733	0.07758751
264627	4143	0.07723069
264627	626	0.07723068
264627	2986	0.07723068
264627	3929	0.07723068
264627	4387	0.07723068
264628	143	0.09103957
264628	5128	0.09103957
264628	1238	0.09103955
264628	2809	0.09103955
264628	4172	0.09103955
264628	4267	0.09103955
264628	4320	0.09103955
264628	5045	0.09103955
264628	5275	0.09103955
264628	5508	0.09103955
264634	4586	0.057551526
264634	5453	0.057551526
264634	2054	0.056294397
264634	1695	0.056277175
264634	120	0.05627717
264634	5162	0.05627717
264634	6256	0.05627717
264634	5595	0.056277167
264634	1801	0.056277163
264634	2678	0.056277163
264637	890	0.13162127
264637	1455	0.13162127
264637	1869	0.13162127
264637	2138	0.13162127
264637	5031	0.13162127
264637	5886	0.13162127
264637	6123	0.13162127
264637	387	0.13162126
264637	579	0.13162126
264637	997	0.13162126
264655	1155	0.12780058
264655	4738	0.12780058
264655	5914	0.12780058
264655	6312	0.12780058
264655	6396	0.12780058
264655	3677	0.12780057
264655	4740	0.12780057
264655	5599	0.12780057
264655	1024	0.12780055
264655	1163	0.12780055
264657	4176	0.13271216
264657	6216	0.13271214
264657	231	0.13271213
264657	668	0.13271213
264657	677	0.13271213
264657	1022	0.13271213
264657	1619	0.13271213
264657	2402	0.13271213
264657	5129	0.13271213
264657	5197	0.13271213
264862	679	0.109929964
264862	1430	0.108020276
264862	467	0.106781736
264862	4338	0.106781736
264862	6244	0.106781736
264862	6322	0.106781736
264862	6689	0.106781736
264862	3384	0.10678173
264862	4843	0.10678173
264862	887	0.10678172
264947	890	0.1295144
264947	997	0.1295144
264947	1856	0.1295144
264947	1869	0.1295144
264947	2138	0.1295144
264947	3059	0.1295144
264947	3971	0.1295144
264947	4076	0.1295144
264947	5031	0.1295144
264947	5218	0.1295144
264985	4806	0.08920939
264985	1177	0.089209385
264985	1221	0.089209385
264985	3118	0.089209385
264985	3511	0.08920938
264985	4650	0.08920938
264985	5691	0.08920938
264985	5959	0.08920938
264985	6318	0.08920938
264985	6433	0.08920938
264996	244	0.096236214
264996	6265	0.096236214
264996	582	0.09623621
264996	632	0.0962362
264996	4045	0.0962362
264996	4599	0.0962362
264996	5437	0.0962362
264996	961	0.09623619
264996	3385	0.09623619
264996	149	0.096236184
265083	884	0.08553231
265083	1648	0.08553229
265083	2076	0.08553229
265083	2419	0.08553229
265083	4080	0.08553229
265083	4501	0.08553229
265083	4673	0.08553229
265083	4938	0.08553229
265083	6834	0.08553229
265083	3230	0.085532285
265194	1362	0.09648582
265194	3749	0.09648582
265194	4004	0.09648582
265194	4446	0.09648582
265194	759	0.096485816
265194	2017	0.096485816
265194	5427	0.096485816
265194	6789	0.096485816
265194	1742	0.09648581
265194	1958	0.09648581
265205	5031	0.11095911
265205	890	0.110959105
265205	1869	0.110959105
265205	3616	0.110959105
265205	3971	0.110959105
265205	6912	0.110959105
265205	387	0.1109591
265205	478	0.1109591
265205	1340	0.1109591
265205	1415	0.1109591
265276	387	0.09056826
265276	3971	0.09056826
265276	6123	0.09056826
265276	1869	0.09056825
265276	5886	0.09056825
265276	6507	0.09056825
265276	124	0.090568244
265276	579	0.090568244
265276	597	0.090568244
265276	775	0.090568244
265313	3853	0.1015096
265313	3866	0.1015096
265313	4595	0.1015096
265313	6674	0.1015096
265313	3700	0.10150959
265313	4718	0.10150959
265313	5115	0.10150959
265313	533	0.101509586
265313	813	0.101509586
265313	1745	0.101509586
265383	6674	0.09842849
265383	2363	0.09842848
265383	533	0.09842847
265383	846	0.09842847
265383	1806	0.09842847
265383	3112	0.09842847
265383	3210	0.09842847
265383	3418	0.09842847
265383	3493	0.09842847
265383	3700	0.09842847
265487	3313	0.102624595
265487	4456	0.102624595
265487	4689	0.102624595
265487	5788	0.102624595
265487	3178	0.10262458
265487	6420	0.10262458
265487	4776	0.102624536
265487	596	0.10255499
265487	827	0.10255498
265487	5476	0.10255498
265504	2305	0.105945334
265504	6222	0.105945334
265504	1650	0.10594533
265504	4151	0.10594533
265504	5121	0.10594533
265504	400	0.10594532
265504	801	0.10594532
265504	1087	0.10594532
265504	1389	0.10594532
265504	3187	0.10594532
265546	6423	0.11065737
265546	2843	0.110657334
265546	1301	0.11065732
265546	478	0.110344395
265546	5031	0.110344395
265546	5886	0.110344395
265546	6912	0.110344395
265546	215	0.11034439
265546	387	0.11034439
265546	997	0.11034439
265553	3853	0.10879162
265553	3866	0.10879161
265553	4595	0.10879161
265553	5454	0.10879161
265553	6768	0.10879161
265553	1739	0.108791605
265553	1745	0.108791605
265553	2541	0.108791605
265553	3112	0.108791605
265553	3700	0.108791605
265591	2305	0.13643149
265591	4151	0.13643149
265591	6222	0.13643149
265591	400	0.13643147
265591	801	0.13643147
265591	1087	0.13643147
265591	1650	0.13643147
265591	5019	0.13643147
265591	109	0.13643146
265591	1045	0.13643146
265607	1869	0.11178543
265607	5886	0.11178543
265607	5031	0.11178542
265607	24	0.11178541
265607	41	0.11178541
265607	215	0.11178541
265607	775	0.11178541
265607	890	0.11178541
265607	997	0.11178541
265607	1856	0.11178541
265620	6423	0.102874435
265620	2843	0.10287441
265620	1301	0.1028744
265620	248	0.10227527
265620	711	0.10227527
265620	1567	0.10227527
265620	3360	0.10227527
265620	4493	0.10227527
265620	4906	0.10227527
265620	5606	0.10227527
265656	3971	0.081770994
265656	6123	0.081770994
265656	387	0.08177099
265656	890	0.08177099
265656	1194	0.08177099
265656	1415	0.08177099
265656	1869	0.08177099
265656	2121	0.08177099
265656	2646	0.08177099
265656	3616	0.08177099
265751	387	0.07449141
265751	478	0.07449141
265751	832	0.07449141
265751	890	0.07449141
265751	1393	0.07449141
265751	3971	0.07449141
265751	4076	0.07449141
265751	4323	0.07449141
265751	6123	0.07449141
265751	6507	0.07449141
265784	1869	0.12407306
265784	41	0.12407304
265784	124	0.12407304
265784	890	0.12407304
265784	997	0.12407304
265784	1403	0.12407304
265784	2728	0.12407304
265784	3305	0.12407304
265784	3616	0.12407304
265784	3971	0.12407304
265827	1869	0.06885495
265827	4076	0.06885495
265827	41	0.06885494
265827	124	0.06885494
265827	216	0.06885494
265827	387	0.06885494
265827	538	0.06885494
265827	890	0.06885494
265827	997	0.06885494
265827	1856	0.06885494
265918	1610	0.11271236
265918	4143	0.11271235
265918	4387	0.11271235
265918	626	0.112712346
265918	4489	0.112712346
265918	990	0.11271234
265918	2083	0.11271234
265918	2986	0.11271234
265918	3929	0.11271234
265918	4290	0.11271234
265932	49	0.076501444
265932	890	0.076501444
265932	1869	0.076501444
265932	3971	0.076501444
265932	4076	0.076501444
265932	5886	0.076501444
265932	387	0.07650144
265932	579	0.07650144
265932	922	0.07650144
265932	6123	0.07650144
265972	4740	0.13147078
265972	5914	0.13147078
265972	6312	0.13147078
265972	1024	0.13147077
265972	2503	0.13147077
265972	3677	0.13147077
265972	4144	0.13147077
265972	4738	0.13147077
265972	5534	0.13147077
265972	5599	0.13147077
266054	3971	0.10526454
266054	387	0.10526453
266054	1869	0.10526453
266054	5031	0.10526453
266054	6912	0.10526453
266054	997	0.10526452
266054	3616	0.10526452
266054	3822	0.10526452
266054	4076	0.10526452
266054	5886	0.10526452
266056	2653	0.17465225
266056	4868	0.17465223
266056	4906	0.17465223
266056	5086	0.17465223
266056	655	0.17465222
266056	1567	0.17465222
266056	2207	0.17465222
266056	3359	0.17465222
266056	3361	0.17465222
266056	4493	0.17465222
266109	5886	0.07067232
266109	3971	0.07067231
266109	6507	0.07067231
266109	6912	0.07067231
266109	24	0.0706723
266109	41	0.0706723
266109	49	0.0706723
266109	124	0.0706723
266109	180	0.0706723
266109	215	0.0706723
266164	4533	0.10087043
266164	5415	0.1008704
266164	2382	0.100207314
266164	3560	0.100207314
266164	3694	0.10020731
266164	4796	0.10020731
266164	4885	0.10020731
266164	854	0.1002073
266164	2360	0.1002073
266164	3939	0.1002073
266226	533	0.15406924
266226	3091	0.15406924
266226	3112	0.15406924
266226	3210	0.15406924
266226	3700	0.15406924
266226	3830	0.15406924
266226	3853	0.15406924
266226	4595	0.15406924
266226	5454	0.15406924
266226	5688	0.15406924
266229	6265	0.16601956
266229	244	0.16601953
266229	149	0.16601951
266229	632	0.16601951
266229	4599	0.16601951
266229	582	0.1660195
266229	961	0.1660195
266229	2962	0.1660195
266229	4045	0.1660195
266229	1442	0.16601948
266268	4103	0.124735266
266268	5731	0.124735266
266268	1848	0.12473524
266268	2014	0.12473524
266268	3657	0.12473524
266268	605	0.124735236
266268	920	0.124735236
266268	2209	0.124735236
266268	2450	0.124735236
266268	2644	0.124735236
266283	387	0.12880647
266283	579	0.12880647
266283	645	0.12880647
266283	890	0.12880647
266283	997	0.12880647
266283	1393	0.12880647
266283	1869	0.12880647
266283	2138	0.12880647
266283	2356	0.12880647
266283	3971	0.12880647
266299	4103	0.09373206
266299	5731	0.09373206
266299	4703	0.09373205
266299	1621	0.093732044
266299	2209	0.093732044
266299	2320	0.093732044
266299	3610	0.093732044
266299	3983	0.093732044
266299	6149	0.093732044
266299	6279	0.093732044
266331	997	0.10394275
266331	5031	0.10394275
266331	5886	0.10394275
266331	387	0.103942744
266331	478	0.103942744
266331	1415	0.103942744
266331	49	0.10394274
266331	832	0.10394274
266331	842	0.10394274
266331	890	0.10394274
266355	962	0.11984941
266355	4906	0.11965732
266355	1567	0.11965731
266355	5086	0.11965731
266355	711	0.11965729
266355	2653	0.11965729
266355	4154	0.11965729
266355	4493	0.11965729
266355	4694	0.11965729
266355	4868	0.11965729
266419	3971	0.116019286
266419	387	0.11601928
266419	890	0.11601927
266419	5031	0.11601927
266419	5886	0.11601927
266419	6123	0.11601927
266419	24	0.116019264
266419	49	0.116019264
266419	597	0.116019264
266419	645	0.116019264
266457	111	0.09166737
266457	1793	0.09166737
266457	5695	0.09166736
266457	4692	0.091667354
266457	4729	0.091667354
266457	5890	0.091667354
266457	3303	0.09166735
266457	368	0.09166734
266457	1075	0.09166734
266457	1537	0.09166734
266466	690	0.13610572
266466	3974	0.13610572
266466	3971	0.1360531
266466	387	0.13605309
266466	597	0.13605309
266466	890	0.13605309
266466	997	0.13605309
266466	1340	0.13605309
266466	1856	0.13605309
266466	2138	0.13605309
266478	1087	0.13351306
266478	1389	0.13351306
266478	1650	0.13351306
266478	4151	0.13351306
266478	6222	0.13351306
266478	109	0.13351305
266478	686	0.13351305
266478	801	0.13351305
266478	3120	0.13351305
266478	3187	0.13351305
266522	5331	0.12327387
266522	5672	0.123273864
266522	6756	0.12327385
266522	6273	0.12327384
266522	828	0.12327383
266522	4488	0.12327382
266522	5343	0.12327382
266522	4351	0.12327381
266522	4833	0.12327381
266522	854	0.122173145
266650	3562	0.13401188
266650	3799	0.13401188
266650	6244	0.13401188
266650	467	0.13401186
266650	3430	0.13401186
266650	4338	0.13401186
266650	4843	0.13401186
266650	6322	0.13401186
266650	6689	0.13401186
266650	2025	0.13401185
266678	997	0.13509843
266678	2138	0.13509843
266678	3616	0.13509843
266678	3971	0.13509843
266678	4076	0.13509843
266678	5886	0.13509843
266678	6123	0.13509843
266678	24	0.13509841
266678	387	0.13509841
266678	478	0.13509841
266697	2138	0.09442845
266697	3971	0.09442845
266697	5031	0.09442845
266697	5886	0.09442845
266697	6912	0.09442845
266697	890	0.09442844
266697	1403	0.09442844
266697	1869	0.09442844
266697	4076	0.09442844
266697	4477	0.09442844
266753	1869	0.12048629
266753	215	0.12048628
266753	5886	0.12048628
266753	1862	0.120486274
266753	3971	0.120486274
266753	41	0.12048627
266753	387	0.12048627
266753	1856	0.12048627
266753	2037	0.12048627
266753	3616	0.12048627
266807	5914	0.12801807
266807	3677	0.12801805
266807	4740	0.12801805
266807	6312	0.12801805
266807	1163	0.12801804
266807	2503	0.12801804
266807	5599	0.12801804
266807	6396	0.12801804
266807	703	0.12801802
266807	797	0.12801802
266840	3700	0.18401356
266840	3830	0.18401356
266840	5511	0.18401356
266840	528	0.18401355
266840	624	0.18401355
266840	3029	0.18401355
266840	3853	0.18401355
266840	3866	0.18401355
266840	4595	0.18401355
266840	4727	0.18401355
266842	3694	0.118535094
266842	4885	0.118535094
266842	854	0.11853509
266842	1902	0.11853509
266842	2360	0.11853509
266842	3560	0.11853509
266842	4796	0.11853509
266842	489	0.11853508
266842	1080	0.11853508
266842	1256	0.11853508
266865	3971	0.107845634
266865	387	0.10784562
266865	1869	0.10784562
266865	6123	0.10784562
266865	2714	0.10784561
266865	3616	0.10784561
266865	5886	0.10784561
266865	579	0.107845604
266865	642	0.107845604
266865	645	0.107845604
266866	2204	0.12766716
266866	3317	0.12766713
266866	2228	0.12766711
266866	1607	0.12766708
266866	848	0.12620519
266866	5309	0.12620519
266866	3403	0.12620518
266866	3902	0.12620518
266866	2768	0.12620516
266866	3601	0.12620516
266872	2527	0.078536525
266872	5700	0.07853651
266872	4448	0.078269705
266872	6599	0.078269675
266872	709	0.07728982
266872	6610	0.07728982
266872	6622	0.07728982
266872	5308	0.077289805
266872	5687	0.077289805
266872	6549	0.077289805
266940	6265	0.11611437
266940	244	0.11611436
266940	3385	0.11611436
266940	149	0.116114356
266940	961	0.116114356
266940	632	0.11611435
266940	4045	0.11611435
266940	4599	0.11611434
266940	582	0.11611433
266940	2962	0.11611433
267033	3655	0.12719932
267033	6027	0.12719926
267033	6570	0.12719926
267033	6580	0.12719926
267033	2755	0.12719925
267033	1024	0.1263288
267033	1155	0.1263288
267033	3677	0.1263288
267033	4738	0.1263288
267033	4740	0.1263288
267061	5886	0.11616651
267061	124	0.1161665
267061	890	0.1161665
267061	922	0.1161665
267061	1856	0.1161665
267061	3971	0.1161665
267061	5031	0.1161665
267061	6123	0.1161665
267061	387	0.116166495
267061	1058	0.116166495
267180	997	0.12431621
267180	5886	0.12431621
267180	387	0.1243162
267180	478	0.1243162
267180	645	0.1243162
267180	1869	0.1243162
267180	2364	0.1243162
267180	3616	0.1243162
267180	3971	0.1243162
267180	6123	0.1243162
267184	6674	0.11115943
267184	3112	0.111159414
267184	3418	0.111159414
267184	3700	0.111159414
267184	3830	0.111159414
267184	3853	0.111159414
267184	3866	0.111159414
267184	4595	0.111159414
267184	5115	0.111159414
267184	5454	0.111159414
267249	2653	0.11878546
267249	4906	0.11878546
267249	4868	0.118785456
267249	5086	0.118785456
267249	3360	0.11878545
267249	4493	0.11878545
267249	5869	0.11878545
267249	6429	0.11878545
267249	248	0.11878544
267249	711	0.11878544
267256	231	0.11876446
267256	4176	0.11876446
267256	5197	0.11876446
267256	6216	0.11876446
267256	6840	0.11876446
267256	668	0.118764445
267256	1022	0.118764445
267256	3950	0.118764445
267256	4000	0.118764445
267256	4068	0.118764445
267282	1655	0.11255132
267282	5999	0.11255129
267282	9	0.112551264
267282	4627	0.11255126
267282	1177	0.11246425
267282	2737	0.11246425
267282	3118	0.11246425
267282	3263	0.11246425
267282	4177	0.11246425
267282	4715	0.11246425
267326	3971	0.09050986
267326	6915	0.09050986
267326	2138	0.090509854
267326	49	0.09050985
267326	890	0.09050985
267326	922	0.09050985
267326	1146	0.09050985
267326	1289	0.09050985
267326	1340	0.09050985
267326	1403	0.09050985
267334	1869	0.08670293
267334	3971	0.08670293
267334	5031	0.08670293
267334	5886	0.08670293
267334	124	0.08670292
267334	387	0.08670292
267334	1403	0.08670292
267334	3164	0.08670292
267334	3188	0.08670292
267334	3616	0.08670292
267354	387	0.14659733
267354	997	0.14659733
267354	2364	0.14659733
267354	2728	0.14659733
267354	3971	0.14659733
267354	4076	0.14659733
267354	4323	0.14659733
267354	5031	0.14659733
267354	5246	0.14659733
267354	5505	0.14659733
267356	387	0.1267534
267356	986	0.1267534
267356	1194	0.1267534
267356	1520	0.1267534
267356	1856	0.1267534
267356	2103	0.1267534
267356	2515	0.1267534
267356	3559	0.1267534
267356	4323	0.1267534
267356	4876	0.1267534
267442	3425	0.10751358
267442	399	0.10751353
267442	4899	0.10751353
267442	5364	0.10751353
267442	6025	0.10751353
267442	5330	0.107513525
267442	1918	0.10751352
267442	2581	0.10751352
267442	3779	0.10751352
267442	3791	0.10751352
267444	6376	0.17096561
267444	3757	0.1709656
267444	5152	0.17096558
267444	6305	0.17096558
267444	2101	0.17096555
267444	2379	0.17096555
267444	4755	0.17096554
267444	4813	0.16966718
267444	2236	0.16966717
267444	80	0.16966715
267453	2518	0.102154
267453	6601	0.102154
267453	6789	0.102154
267453	759	0.102153994
267453	4789	0.102153994
267453	6401	0.102153994
267453	1362	0.10215399
267453	2017	0.10215399
267453	2128	0.10215399
267453	2738	0.10215399
267510	152	0.12241274
267510	1892	0.122412734
267510	2169	0.122412734
267510	869	0.12241273
267510	1750	0.12241273
267510	1937	0.12241273
267510	6747	0.12241273
267510	1457	0.12241272
267510	1679	0.12241271
267510	2349	0.12241271
267529	3493	0.185781
267529	3830	0.185781
267529	4727	0.185781
267529	5312	0.185781
267529	5454	0.185781
267529	4941	0.18578099
267529	401	0.18578097
267529	1745	0.18578097
267529	2220	0.18578097
267529	3029	0.18578097
267538	1567	0.17690912
267538	2653	0.17690912
267538	4906	0.17690912
267538	5086	0.17690912
267538	5715	0.17690912
267538	5869	0.17690912
267538	1349	0.1769091
267538	2080	0.1769091
267538	5335	0.1769091
267538	6646	0.1769091
267596	6154	0.13585545
267596	3678	0.13585544
267596	2106	0.13585542
267596	4238	0.1358554
267596	4951	0.1358554
267596	4176	0.13458157
267596	231	0.13458155
267596	1034	0.13458155
267596	1723	0.13458155
267596	6840	0.13458155
267621	387	0.12949854
267621	645	0.12949854
267621	890	0.12949854
267621	997	0.12949854
267621	4322	0.12949854
267621	5031	0.12949854
267621	5716	0.12949854
267621	6912	0.12949854
267621	24	0.12949853
267621	350	0.12949853
267635	4813	0.12131944
267635	80	0.121319436
267635	3868	0.121319436
267635	3271	0.12131943
267635	3890	0.12131943
267635	4691	0.12131943
267635	5106	0.12131943
267635	5372	0.12131943
267635	6525	0.12131943
267635	6909	0.12131943
267642	3179	0.11403772
267642	3597	0.11403772
267642	660	0.1140377
267642	1423	0.11403768
267642	244	0.11315805
267642	582	0.11315805
267642	4599	0.11315805
267642	6265	0.11315805
267642	149	0.11315803
267642	632	0.11315803
267644	152	0.14991423
267644	869	0.14991423
267644	2169	0.14991423
267644	5286	0.14991422
267644	1457	0.1499142
267644	1679	0.1499142
267644	1750	0.1499142
267644	1892	0.1499142
267644	1937	0.1499142
267644	2989	0.1499142
267648	425	0.16479209
267648	91	0.16479203
267648	1524	0.16479203
267648	3776	0.16479203
267648	5304	0.16479203
267648	4032	0.16479202
267648	4469	0.16479202
267648	5355	0.16479202
267648	1185	0.164792
267648	5321	0.164792
267680	5031	0.16426018
267680	387	0.16426016
267680	3164	0.16426016
267680	124	0.16426015
267680	350	0.16426015
267680	579	0.16426015
267680	832	0.16426015
267680	842	0.16426015
267680	890	0.16426015
267680	997	0.16426015
267802	4004	0.09282107
267802	2017	0.09282106
267802	2518	0.09282106
267802	4446	0.09282106
267802	6601	0.09282106
267802	6789	0.09282106
267802	6796	0.09282106
267802	1362	0.092821054
267802	4789	0.092821054
267802	5058	0.092821054
267830	1745	0.12546149
267830	3029	0.12546149
267830	6674	0.12546149
267830	3210	0.12546147
267830	3418	0.12546147
267830	3830	0.12546147
267830	3853	0.12546147
267830	4241	0.12546147
267830	4595	0.12546147
267830	4727	0.12546147
267895	2419	0.15897882
267895	884	0.15897879
267895	1648	0.15897878
267895	4501	0.15897878
267895	4673	0.15897878
267895	5739	0.15897878
267895	222	0.15897876
267895	247	0.15897876
267895	2205	0.15897876
267895	2783	0.15897876
268025	1472	0.105216056
268025	1951	0.105216056
268025	3090	0.105216056
268025	3592	0.105216056
268025	3935	0.105216056
268025	4686	0.105216056
268025	2769	0.10521605
268025	1515	0.10521604
268025	3496	0.10521604
268025	4169	0.10521604
268030	4802	0.17746064
268030	5250	0.17746061
268030	3128	0.1774606
268030	5244	0.1774606
268030	6739	0.1774606
268030	495	0.17746058
268030	1242	0.17746058
268030	2202	0.17746058
268030	4618	0.17746058
268030	5498	0.17746058
268032	350	0.15839793
268032	890	0.15839793
268032	2515	0.15839793
268032	3965	0.15839793
268032	5031	0.15839793
268032	24	0.15839791
268032	363	0.15839791
268032	387	0.15839791
268032	469	0.15839791
268032	612	0.15839791
268110	6831	0.090848595
268110	6581	0.09084855
268110	2492	0.08964603
268110	4924	0.08964601
268110	6116	0.08964601
268110	972	0.08964599
268110	3844	0.08964598
268110	5927	0.08964598
268110	6219	0.08964598
268110	6793	0.08964598
268156	2342	0.13304453
268156	6537	0.13304453
268156	392	0.13304451
268156	1868	0.13304451
268156	2382	0.13184202
268156	3658	0.13184202
268156	4224	0.13184202
268156	4564	0.13184202
268156	4885	0.13184202
268156	968	0.131842
268239	852	0.10224803
268239	2313	0.10224803
268239	2948	0.10224801
268239	4375	0.10224801
268239	6772	0.10224801
268239	4892	0.102248006
268239	309	0.102248
268239	4254	0.102248
268239	5907	0.102248
268239	2036	0.10224799
268262	4533	0.10210037
268262	5415	0.10210035
268262	2378	0.101954184
268262	838	0.10195416
268262	5849	0.10195416
268262	6872	0.101954155
268262	3229	0.10195415
268262	4943	0.10195414
268262	2734	0.10195413
268262	5411	0.10189104
268282	6802	0.13283329
268282	1274	0.13283327
268282	2104	0.13283327
268282	2654	0.13283327
268282	2786	0.13283327
268282	3227	0.13283327
268282	5320	0.13283327
268282	5704	0.13283327
268282	6518	0.13283327
268282	1198	0.13283326
268300	3018	0.2726207
268300	471	0.27262068
268300	1575	0.27262068
268300	3937	0.27262068
268300	5821	0.27262068
268300	6418	0.27262068
268300	6608	0.27262068
268300	279	0.27262065
268300	606	0.27262065
268300	4065	0.27262065
268540	4692	0.16284181
268540	111	0.1628418
268540	1793	0.1628418
268540	4729	0.1628418
268540	5695	0.1628418
268540	5890	0.1628418
268540	368	0.16284177
268540	2099	0.16284177
268540	2109	0.16284177
268540	3198	0.16284177
268544	1177	0.12753695
268544	2241	0.12753695
268544	5085	0.12753695
268544	6897	0.12753695
268544	2737	0.12753694
268544	4177	0.12753694
268544	4299	0.12753694
268544	4806	0.12753694
268544	6318	0.12753694
268544	92	0.12753692
268618	5033	0.10882133
268618	520	0.10882132
268618	6147	0.10882132
268618	6810	0.10882132
268618	5653	0.1088213
268618	890	0.10512358
268618	1058	0.10512358
268618	1062	0.10512358
268618	1415	0.10512358
268618	2468	0.10512358
268622	2916	0.16983551
268622	3785	0.16983551
268622	801	0.1698355
268622	1650	0.1698355
268622	3050	0.1698355
268622	3120	0.1698355
268622	4151	0.1698355
268622	109	0.16983548
268622	686	0.16983548
268622	1087	0.16983548
268639	350	0.11488706
268639	997	0.11488706
268639	5031	0.11488706
268639	2138	0.11488705
268639	2515	0.11488705
268639	2728	0.11488705
268639	3305	0.11488705
268639	3971	0.11488705
268639	4054	0.11488705
268639	5311	0.11488705
268657	5031	0.11246109
268657	387	0.11246108
268657	2138	0.11246108
268657	3616	0.11246108
268657	350	0.112461075
268657	612	0.112461075
268657	645	0.112461075
268657	890	0.112461075
268657	986	0.112461075
268657	1077	0.112461075
268691	387	0.1430106
268691	478	0.14301059
268691	829	0.14301059
268691	833	0.14301059
268691	890	0.14301059
268691	997	0.14301059
268691	1062	0.14301059
268691	1455	0.14301059
268691	1833	0.14301059
268691	2138	0.14301059
268704	511	0.10721384
268704	5998	0.10721384
268704	5288	0.10721383
268704	6593	0.10721383
268704	587	0.107213825
268704	4369	0.107213825
268704	4557	0.107213825
268704	245	0.10721382
268704	246	0.10721382
268704	1798	0.10721382
268751	4243	0.07832712
268751	5417	0.078327104
268751	1467	0.07832709
268751	1321	0.07822344
268751	2539	0.07822344
268751	244	0.07782523
268751	582	0.07782523
268751	4045	0.07782523
268751	6265	0.07782523
268751	149	0.07782522
268761	1965	0.12035379
268761	6023	0.120353766
268761	4099	0.12035376
268761	5565	0.12035376
268761	2359	0.12035375
268761	4291	0.12035375
268761	859	0.12035374
268761	4908	0.12035374
268761	5167	0.12035374
268761	5931	0.12035374
268786	12	0.122564904
268786	6601	0.120883025
268786	1958	0.12088302
268786	2017	0.12088302
268786	2518	0.12088302
268786	4991	0.12088302
268786	6401	0.12088302
268786	3077	0.12088301
268786	3749	0.12088301
268786	4004	0.12088301
268833	467	0.16418985
268833	6244	0.16418985
268833	3426	0.16418983
268833	3799	0.16418983
268833	6689	0.16418983
268833	395	0.16418982
268833	2501	0.16418982
268833	2821	0.16418982
268833	3384	0.16418982
268833	4338	0.16418982
268932	4802	0.05962366
268932	5244	0.059623647
268932	1242	0.059623644
268932	3128	0.059623644
268932	495	0.05962364
268932	2202	0.059623636
268932	5250	0.059623636
268932	4618	0.059623633
268932	6739	0.059623633
268932	5498	0.05962363
269011	890	0.15370427
269011	997	0.15370427
269011	5031	0.15370427
269011	24	0.15370426
269011	215	0.15370426
269011	273	0.15370426
269011	350	0.15370426
269011	387	0.15370426
269011	469	0.15370426
269011	645	0.15370426
269114	5031	0.104313165
269114	24	0.10431315
269114	350	0.10431315
269114	363	0.10431315
269114	387	0.10431315
269114	478	0.10431315
269114	829	0.10431315
269114	997	0.10431315
269114	1415	0.10431315
269114	2356	0.10431315
269140	273	0.16533928
269140	387	0.16533928
269140	842	0.16533928
269140	1058	0.16533928
269140	3616	0.16533928
269140	5031	0.16533928
269140	41	0.16533926
269140	124	0.16533926
269140	579	0.16533926
269140	901	0.16533926
269157	215	0.07781949
269157	273	0.07781949
269157	1058	0.07781949
269157	2728	0.07781949
269157	3616	0.07781949
269157	4323	0.07781949
269157	5031	0.07781949
269157	41	0.07781948
269157	350	0.07781948
269157	362	0.07781948
269244	124	0.13814424
269244	387	0.13814424
269244	24	0.13814422
269244	41	0.13814422
269244	97	0.13814422
269244	215	0.13814422
269244	273	0.13814422
269244	350	0.13814422
269244	379	0.13814422
269244	469	0.13814422
269273	387	0.13115418
269273	1455	0.13115418
269273	1869	0.13115418
269273	2728	0.13115418
269273	3971	0.13115418
269273	4323	0.13115418
269273	5311	0.13115418
269273	5886	0.13115418
269273	6515	0.13115418
269273	6587	0.13115418
269308	1177	0.07956662
269308	6318	0.07956662
269308	1221	0.07956661
269308	2241	0.07956661
269308	4806	0.07956661
269308	5085	0.07956661
269308	5959	0.07956661
269308	6762	0.07956661
269308	519	0.079566605
269308	2737	0.079566605
269313	1826	0.11198501
269313	6260	0.11198501
269313	2606	0.111985
269313	2636	0.111985
269313	2780	0.111985
269313	5430	0.111985
269313	2102	0.11198499
269313	3435	0.11198499
269313	2536	0.11198498
269313	2788	0.11198498
269321	511	0.18741116
269321	5998	0.18741116
269321	1092	0.18741113
269321	6593	0.18741113
269321	2796	0.18741111
269321	4369	0.18741111
269321	5288	0.18741111
269321	5829	0.18741111
269321	6880	0.18741111
269321	71	0.1874111
269344	2518	0.15615587
269344	6796	0.15615587
269344	733	0.15615585
269344	1958	0.15615585
269344	2128	0.15615585
269344	2308	0.15615585
269344	2738	0.15615585
269344	4004	0.15615585
269344	4446	0.15615585
269344	4789	0.15615585
269353	1826	0.07644525
269353	3435	0.07644525
269353	5430	0.07644525
269353	6260	0.07644525
269353	364	0.076445244
269353	2636	0.076445244
269353	2780	0.076445244
269353	2102	0.07644524
269353	2477	0.07644524
269353	2606	0.07644524
269378	2138	0.11415014
269378	3059	0.11415014
269378	387	0.11415013
269378	901	0.11415012
269378	3616	0.11415012
269378	3971	0.11415012
269378	4076	0.11415012
269378	5031	0.11415012
269378	1869	0.114150114
269378	2799	0.114150114
269386	6265	0.13855474
269386	244	0.13855472
269386	582	0.13855472
269386	632	0.13855472
269386	2962	0.13855472
269386	4045	0.13855472
269386	149	0.1385547
269386	961	0.1385547
269386	3385	0.1385547
269386	4255	0.1385547
269439	5033	0.17319998
269439	520	0.17319997
269439	5653	0.17319995
269439	6147	0.17319995
269439	6810	0.17319995
269439	24	0.17275506
269439	49	0.17275506
269439	362	0.17275506
269439	363	0.17275506
269439	1415	0.17275506
269557	1745	0.12691426
269557	2220	0.12691426
269557	5312	0.12691426
269557	3493	0.12691425
269557	3853	0.12691425
269557	3866	0.12691425
269557	4680	0.12691425
269557	4727	0.12691425
269557	5205	0.12691425
269557	5454	0.12691425
269702	91	0.113913625
269702	5304	0.113913625
269702	5355	0.113913625
269702	5859	0.11391362
269702	1524	0.11391361
269702	3776	0.11391361
269702	4032	0.11391361
269702	4469	0.11391361
269702	5321	0.11391361
269702	1185	0.113913596
269719	2364	0.13686317
269719	997	0.13686316
269719	2356	0.13686316
269719	3049	0.13686316
269719	3059	0.13686316
269719	4076	0.13686316
269719	6123	0.13686316
269719	6153	0.13686316
269719	24	0.13686314
269719	124	0.13686314
269728	1849	0.12539172
269728	1271	0.12539169
269728	1633	0.12539169
269728	6205	0.12539169
269728	6589	0.12539169
269728	2261	0.12539168
269728	1370	0.12539166
269728	2258	0.12539166
269728	3852	0.12539166
269728	5754	0.12539166
269738	3146	0.1561679
269738	864	0.15616786
269738	3040	0.15616783
269738	4490	0.15616783
269738	5699	0.15616782
269738	6535	0.15616782
269738	6381	0.1561678
269738	5834	0.15616779
269738	6244	0.15608296
269738	467	0.15608293
269759	5890	0.12038785
269759	111	0.120387845
269759	1793	0.12038784
269759	4692	0.12038784
269759	4729	0.12038784
269759	5183	0.12038784
269759	5695	0.12038784
269759	368	0.12038783
269759	4721	0.12038783
269759	882	0.12038782
269799	511	0.13356832
269799	5288	0.13356832
269799	4369	0.1335683
269799	6593	0.1335683
269799	6880	0.1335683
269799	587	0.13356829
269799	617	0.13356829
269799	985	0.13356829
269799	4557	0.13356829
269799	4664	0.13356829
269808	5031	0.0886544
269808	890	0.08865439
269808	350	0.088654384
269808	387	0.088654384
269808	469	0.088654384
269808	645	0.088654384
269808	833	0.088654384
269808	995	0.088654384
269808	997	0.088654384
269808	1058	0.088654384
269835	2916	0.15323435
269835	99	0.15323433
269835	801	0.15323433
269835	1087	0.15323433
269835	1389	0.15323433
269835	1438	0.15323433
269835	1492	0.15323433
269835	1650	0.15323433
269835	2180	0.15323433
269835	3050	0.15323433
269890	6265	0.122426465
269890	244	0.122426435
269890	4045	0.122426435
269890	582	0.12242643
269890	3548	0.12242643
269890	988	0.12242642
269890	4599	0.12242642
269890	149	0.12242641
269890	632	0.12242641
269890	650	0.12242641
270069	3830	0.13462302
270069	3853	0.13462302
270069	3493	0.134623
270069	401	0.13462299
270069	472	0.13462299
270069	813	0.13462299
270069	1745	0.13462299
270069	2220	0.13462299
270069	2363	0.13462299
270069	2541	0.13462299
270121	5031	0.116220966
270121	901	0.11622096
270121	2138	0.11622096
270121	3059	0.11622096
270121	5896	0.11622096
270121	273	0.11622095
270121	387	0.11622095
270121	446	0.11622095
270121	890	0.11622095
270121	986	0.11622095
270156	392	0.15694714
270156	2342	0.15694714
270156	1868	0.15694712
270156	6537	0.15694712
270156	4885	0.1563259
270156	729	0.15632588
270156	854	0.15632588
270156	1363	0.15632588
270156	2274	0.15632588
270156	2382	0.15632588
270211	2138	0.10687577
270211	24	0.10687576
270211	579	0.10687576
270211	890	0.10687576
270211	2468	0.10687576
270211	3059	0.10687576
270211	3616	0.10687576
270211	3971	0.10687576
270211	4226	0.10687576
270211	4880	0.10687576
270226	511	0.10572877
270226	5998	0.10572877
270226	1092	0.10572876
270226	5288	0.10572876
270226	6364	0.10572876
270226	3526	0.10572875
270226	4369	0.10572875
270226	6593	0.10572875
270226	245	0.105728745
270226	885	0.105728745
270326	387	0.07761668
270326	2138	0.07761667
270326	3971	0.07761667
270326	469	0.07761666
270326	579	0.07761666
270326	890	0.07761666
270326	901	0.07761666
270326	986	0.07761666
270326	997	0.07761666
270326	1039	0.07761666
270339	1741	0.088866636
270339	2446	0.088866636
270339	5718	0.088866636
270339	5986	0.088866636
270339	6332	0.08886662
270339	4299	0.08851118
270339	2241	0.08851117
270339	2737	0.08851117
270339	4806	0.08851117
270339	5691	0.08851117
270352	1965	0.15283623
270352	2359	0.15283622
270352	6023	0.15283622
270352	859	0.1528362
270352	4099	0.1528362
270352	4291	0.1528362
270352	4908	0.1528362
270352	5565	0.1528362
270352	5673	0.1528362
270352	929	0.15283619
270401	612	0.13988712
270401	829	0.13988712
270401	890	0.13988712
270401	2364	0.13988712
270401	3049	0.13988712
270401	3971	0.13988712
270401	5031	0.13988712
270401	6123	0.13988712
270401	363	0.13988711
270401	387	0.13988711
270554	511	0.13852754
270554	587	0.13852751
270554	1092	0.13852751
270554	2785	0.13852751
270554	3097	0.13852751
270554	3433	0.13852751
270554	4824	0.13852751
270554	5288	0.13852751
270554	5614	0.13852751
270554	5829	0.13852751
270605	4960	0.11188686
270605	3115	0.11188685
270605	3560	0.11188685
270605	4885	0.11188685
270605	5411	0.11188685
270605	729	0.111886844
270605	854	0.111886844
270605	1902	0.111886844
270605	2274	0.111886844
270605	2382	0.111886844
270629	5031	0.09961694
270629	6515	0.09961694
270629	890	0.09961693
270629	901	0.09961693
270629	986	0.09961693
270629	1058	0.09961693
270629	1062	0.09961693
270629	1340	0.09961693
270629	2138	0.09961693
270629	3099	0.09961693
270666	244	0.11214011
270666	6265	0.11214011
270666	582	0.112140104
270666	4045	0.1121401
270666	149	0.11214009
270666	632	0.11214009
270666	4599	0.11214009
270666	3385	0.11214008
270666	3548	0.11214008
270666	650	0.112140074
270715	3868	0.103515975
270715	4813	0.103515975
270715	4984	0.103515975
270715	5372	0.103515975
270715	3890	0.10351597
270715	5106	0.10351597
270715	5151	0.10351597
270715	5780	0.10351597
270715	6525	0.10351597
270715	6735	0.10351597
270723	4143	0.10944107
270723	1404	0.10944106
270723	5512	0.10944106
270723	6634	0.10944106
270723	3929	0.10944105
270723	5974	0.10944105
270723	497	0.10944104
270723	626	0.10944104
270723	824	0.10944104
270723	1277	0.10944104
270737	2138	0.18273811
270737	273	0.1827381
270737	387	0.1827381
270737	597	0.1827381
270737	612	0.1827381
270737	890	0.1827381
270737	986	0.1827381
270737	997	0.1827381
270737	1058	0.1827381
270737	1393	0.1827381
270754	5974	0.1056526
270754	4489	0.10565259
270754	1610	0.105652586
270754	2986	0.105652586
270754	3929	0.105652586
270754	4143	0.105652586
270754	4387	0.105652586
270754	4491	0.105652586
270754	626	0.10565258
270754	4271	0.10565258
270801	1619	0.09181456
270801	4176	0.09181456
270801	231	0.09181455
270801	668	0.09181455
270801	760	0.09181455
270801	1022	0.09181455
270801	1034	0.09181455
270801	2326	0.09181455
270801	2950	0.09181455
270801	3567	0.09181455
270820	319	0.13882905
270820	1138	0.13882904
270820	5256	0.13882904
270820	4274	0.13882902
270820	5530	0.13882902
270820	5647	0.13882902
270820	5988	0.13882902
270820	175	0.13822591
270820	506	0.13822591
270820	947	0.13822591
270828	387	0.11458437
270828	986	0.11458437
270828	1058	0.11458437
270828	2364	0.11458437
270828	3971	0.11458437
270828	6587	0.11458437
270828	890	0.114584364
270828	935	0.114584364
270828	997	0.114584364
270828	1869	0.114584364
270829	890	0.13226345
270829	1094	0.13226345
270829	2138	0.13226345
270829	2728	0.13226345
270829	6123	0.13226345
270829	350	0.13226344
270829	363	0.13226344
270829	387	0.13226344
270829	469	0.13226344
270829	579	0.13226344
270838	387	0.11066687
270838	6123	0.11066687
270838	2138	0.11066686
270838	3971	0.11066686
270838	5031	0.11066686
270838	24	0.110666856
270838	469	0.110666856
270838	890	0.110666856
270838	901	0.110666856
270838	997	0.110666856
270863	244	0.13590634
270863	582	0.13590634
270863	4045	0.13590634
270863	6265	0.13590634
270863	149	0.13590632
270863	4599	0.13590632
270863	632	0.13590631
270863	650	0.13590631
270863	1442	0.13590631
270863	2962	0.13590631
270897	186	0.12691335
270897	6516	0.12691334
270897	2970	0.12691332
270897	1828	0.12631716
270897	601	0.12631714
270897	3462	0.12631714
270897	4138	0.12631714
270897	6713	0.12631714
270897	1279	0.12631713
270897	2062	0.12631713
270906	1610	0.117194146
270906	5974	0.11719414
270906	626	0.11719413
270906	990	0.11719413
270906	1404	0.11719413
270906	2461	0.11719413
270906	2986	0.11719413
270906	3228	0.11719413
270906	3929	0.11719413
270906	4143	0.11719413
271000	4595	0.15628551
271000	5312	0.15628551
271000	624	0.1562855
271000	813	0.1562855
271000	1324	0.1562855
271000	1479	0.1562855
271000	1745	0.1562855
271000	2220	0.1562855
271000	2304	0.1562855
271000	2541	0.1562855
271144	5031	0.13315643
271144	24	0.13315642
271144	273	0.13315642
271144	362	0.13315642
271144	387	0.13315642
271144	469	0.13315642
271144	612	0.13315642
271144	833	0.13315642
271144	842	0.13315642
271144	890	0.13315642
271156	1411	0.0978608
271156	2196	0.09786078
271156	5158	0.09786077
271156	3206	0.09786075
271156	3379	0.09786075
271156	5350	0.097860746
271156	5090	0.09719091
271156	3988	0.09708548
271156	6189	0.09708546
271156	4897	0.0962296
271176	3666	0.10414234
271176	6265	0.10187746
271176	244	0.10187745
271176	582	0.10187745
271176	1442	0.101877436
271176	2962	0.101877436
271176	3548	0.101877436
271176	4599	0.101877436
271176	632	0.10187743
271176	4045	0.10187743
271195	387	0.09547369
271195	3971	0.09547369
271195	2728	0.095473684
271195	5031	0.095473684
271195	24	0.09547368
271195	124	0.09547368
271195	326	0.09547368
271195	350	0.09547368
271195	579	0.09547368
271195	833	0.09547368
271284	884	0.10347736
271284	2419	0.10347736
271284	222	0.103477344
271284	247	0.103477344
271284	1648	0.103477344
271284	3870	0.103477344
271284	4472	0.103477344
271284	4501	0.103477344
271284	4519	0.103477344
271284	4938	0.103477344
271306	612	0.12953125
271306	1455	0.12953125
271306	1869	0.12953125
271306	1877	0.12953125
271306	2138	0.12953125
271306	3571	0.12953125
271306	5031	0.12953125
271306	5896	0.12953125
271306	6515	0.12953125
271306	24	0.12953123
271375	2882	0.10002831
271375	4447	0.1000283
271375	3915	0.09927784
271375	4478	0.099277824
271375	4982	0.099277824
271375	6386	0.099277824
271375	5104	0.09927782
271375	1116	0.09927781
271375	3173	0.09927781
271375	3395	0.09927781
271448	5031	0.12755495
271448	24	0.12755492
271448	326	0.12755492
271448	350	0.12755492
271448	362	0.12755492
271448	363	0.12755492
271448	387	0.12755492
271448	469	0.12755492
271448	612	0.12755492
271448	645	0.12755492
271460	2653	0.16236919
271460	4906	0.16236919
271460	5086	0.16236919
271460	5869	0.16236919
271460	655	0.16236918
271460	1349	0.16236918
271460	1874	0.16236918
271460	2207	0.16236918
271460	4868	0.16236918
271460	5295	0.16236918
271503	4299	0.12357493
271503	4806	0.12357492
271503	2737	0.12357491
271503	5691	0.12357491
271503	6318	0.12357491
271503	1177	0.123574905
271503	3118	0.123574905
271503	6897	0.123574905
271503	250	0.1235749
271503	2241	0.1235749
271531	5454	0.17173186
271531	5312	0.17173184
271531	401	0.17173183
271531	533	0.17173183
271531	624	0.17173183
271531	1745	0.17173183
271531	3103	0.17173183
271531	3493	0.17173183
271531	3630	0.17173183
271531	3802	0.17173183
271538	387	0.1299203
271538	2364	0.1299203
271538	3059	0.1299203
271538	3616	0.1299203
271538	5031	0.1299203
271538	124	0.12992029
271538	350	0.12992029
271538	579	0.12992029
271538	842	0.12992029
271538	901	0.12992029
271557	387	0.14151594
271557	890	0.14151594
271557	1340	0.14151594
271557	1455	0.14151594
271557	2138	0.14151594
271557	2364	0.14151594
271557	2728	0.14151594
271557	2736	0.14151594
271557	3616	0.14151594
271557	4940	0.14151594
271558	1869	0.1909733
271558	6515	0.1909733
271558	124	0.19097328
271558	215	0.19097328
271558	363	0.19097328
271558	387	0.19097328
271558	612	0.19097328
271558	997	0.19097328
271558	1058	0.19097328
271558	1455	0.19097328
271587	2138	0.09421253
271587	2364	0.09421253
271587	3971	0.09421253
271587	4323	0.09421253
271587	4876	0.09421253
271587	4940	0.09421253
271587	6123	0.09421253
271587	24	0.094212525
271587	350	0.094212525
271587	387	0.094212525
271588	4004	0.15097839
271588	4789	0.15097839
271588	759	0.15097837
271588	2017	0.15097837
271588	2128	0.15097837
271588	2518	0.15097837
271588	6152	0.15097837
271588	6601	0.15097837
271588	6796	0.15097837
271588	1344	0.15097836
271622	3971	0.10080822
271622	5031	0.10080821
271622	24	0.1008082
271622	124	0.1008082
271622	387	0.1008082
271622	579	0.1008082
271622	890	0.1008082
271622	997	0.1008082
271622	1058	0.1008082
271622	1077	0.1008082
271659	687	0.13572443
271659	1199	0.13572443
271659	1041	0.13572441
271659	1227	0.1357244
271659	3401	0.1357244
271659	4004	0.13477975
271659	6601	0.13477975
271659	2128	0.13477974
271659	2518	0.13477974
271659	629	0.13477972
271705	1965	0.12698302
271705	2359	0.12698299
271705	5565	0.12698299
271705	6023	0.12698299
271705	859	0.12698297
271705	4908	0.12698297
271705	4099	0.12698296
271705	4291	0.12698296
271705	4640	0.12698296
271705	5167	0.12698296
271833	5695	0.08708277
271833	4692	0.087082766
271833	5890	0.087082766
271833	111	0.08708275
271833	2109	0.08708275
271833	1075	0.08708274
271833	1537	0.08708274
271833	1793	0.08708274
271833	2099	0.08708274
271833	3198	0.08708274
272120	1177	0.11323753
272120	3118	0.11323752
272120	6318	0.11323752
272120	1221	0.113237515
272120	2737	0.113237515
272120	4299	0.113237515
272120	4806	0.113237515
272120	6897	0.113237515
272120	2241	0.11323751
272120	3761	0.11323751
272202	4004	0.13191333
272202	759	0.13191332
272202	2128	0.13191332
272202	2518	0.13191332
272202	3749	0.13191332
272202	4789	0.13191332
272202	5656	0.13191332
272202	6152	0.13191332
272202	6401	0.13191332
272202	6789	0.13191332
272225	244	0.18861617
272225	4045	0.18861616
272225	4599	0.18861616
272225	6265	0.18861616
272225	149	0.18861614
272225	582	0.18861614
272225	632	0.18861614
272225	1442	0.18861613
272225	2962	0.18861613
272225	3548	0.18861613
272233	3380	0.11299278
272233	2701	0.11299276
272233	3815	0.11299276
272233	4756	0.11299276
272233	4957	0.11299276
272233	6032	0.11299276
272233	2380	0.112992756
272233	3654	0.112992756
272233	3345	0.11299275
272233	3563	0.11299275
272385	4673	0.080420636
272385	884	0.08042063
272385	2419	0.08042063
272385	1648	0.08042062
272385	4080	0.08042062
272385	222	0.08042061
272385	247	0.08042061
272385	819	0.08042061
272385	1462	0.08042061
272385	2076	0.08042061
272395	5031	0.122377455
272395	387	0.12237744
272395	579	0.12237744
272395	997	0.12237744
272395	1058	0.12237744
272395	1869	0.12237744
272395	3452	0.12237744
272395	3559	0.12237744
272395	3616	0.12237744
272395	4322	0.12237744
272407	997	0.13482821
272407	2468	0.13482821
272407	3971	0.13482821
272407	5716	0.13482821
272407	6587	0.13482821
272407	6912	0.13482821
272407	350	0.1348282
272407	363	0.1348282
272407	387	0.1348282
272407	890	0.1348282
272423	152	0.11814855
272423	869	0.11814855
272423	1137	0.11814852
272423	1457	0.11814852
272423	1598	0.11814852
272423	1679	0.11814852
272423	1750	0.11814852
272423	1892	0.11814852
272423	1937	0.11814852
272423	2169	0.11814852
272573	997	0.14037177
272573	5031	0.14037177
272573	24	0.14037175
272573	1455	0.14037175
272573	3049	0.14037175
272573	5381	0.14037175
272573	5716	0.14037175
272573	6912	0.14037175
272573	8	0.14037174
272573	37	0.14037174
272671	2582	0.14024872
272671	4167	0.14024872
272671	5666	0.14024872
272671	5697	0.14024872
272671	3875	0.1402487
272671	2012	0.14024869
272671	2691	0.14024869
272671	2900	0.14024869
272671	3883	0.14024869
272671	4301	0.14024869
272705	387	0.09837721
272705	6123	0.09837721
272705	469	0.098377205
272705	997	0.098377205
272705	1194	0.098377205
272705	2515	0.098377205
272705	4076	0.098377205
272705	24	0.0983772
272705	156	0.0983772
272705	350	0.0983772
272715	890	0.11723765
272715	2364	0.11723764
272715	2468	0.11723764
272715	3059	0.11723764
272715	6123	0.11723764
272715	478	0.117237635
272715	1340	0.117237635
272715	3971	0.117237635
272715	5311	0.117237635
272715	5399	0.117237635
272786	2128	0.11384494
272786	4004	0.11384494
272786	1958	0.11384493
272786	2518	0.11384493
272786	4446	0.11384493
272786	5058	0.11384493
272786	6601	0.11384493
272786	759	0.11384492
272786	2017	0.11384492
272786	4789	0.11384492
272810	4167	0.103510335
272810	5666	0.10351033
272810	5697	0.10351032
272810	3875	0.103510305
272810	3883	0.103510305
272810	4912	0.103510305
272810	6361	0.103510305
272810	6459	0.103510305
272810	2582	0.1035103
272810	5547	0.1035103
272890	1875	0.098961614
272890	598	0.09896161
272890	1949	0.09896161
272890	902	0.09896158
272890	3657	0.09853962
272890	5731	0.09853962
272890	575	0.098539606
272890	1042	0.098539606
272890	1280	0.098539606
272890	1848	0.098539606
272961	106	0.14309788
272961	248	0.14309788
272961	655	0.14309788
272961	1349	0.14309788
272961	1567	0.14309788
272961	1874	0.14309788
272961	2207	0.14309788
272961	2653	0.14309788
272961	3337	0.14309788
272961	3361	0.14309788
273063	236	0.13678643
273063	2972	0.13678643
273063	1553	0.1367864
273063	3001	0.1367864
273063	3213	0.13678639
273063	2250	0.13678637
273063	5421	0.13678637
273063	6114	0.13678637
273063	248	0.13554496
273063	5715	0.13554496
273071	3677	0.1379015
273071	5914	0.1379015
273071	6312	0.1379015
273071	1024	0.13790148
273071	1155	0.13790148
273071	2257	0.13790148
273071	2503	0.13790148
273071	3060	0.13790148
273071	4144	0.13790148
273071	4444	0.13790148
273086	387	0.15242173
273086	1194	0.15242173
273086	3971	0.15242173
273086	350	0.15242171
273086	612	0.15242171
273086	890	0.15242171
273086	1520	0.15242171
273086	1590	0.15242171
273086	1603	0.15242171
273086	1749	0.15242171
273089	813	0.08953801
273089	3493	0.08953801
273089	3700	0.08953801
273089	3830	0.08953801
273089	4595	0.08953801
273089	4941	0.08953801
273089	5312	0.08953801
273089	5454	0.08953801
273089	6674	0.08953801
273089	1745	0.089538
273110	801	0.12865107
273110	2916	0.12865107
273110	3187	0.12865107
273110	5121	0.12865107
273110	99	0.12865105
273110	400	0.12865105
273110	686	0.12865105
273110	931	0.12865105
273110	1087	0.12865105
273110	1492	0.12865105
273113	4623	0.092990085
273113	1177	0.09260968
273113	4806	0.092609674
273113	2241	0.09260966
273113	3118	0.09260966
273113	2737	0.09260965
273113	3761	0.09260965
273113	3967	0.09260965
273113	5691	0.09260965
273113	6530	0.09260965
273167	1869	0.13280779
273167	2138	0.13280779
273167	3059	0.13280779
273167	3971	0.13280779
273167	6123	0.13280779
273167	124	0.13280778
273167	387	0.13280778
273167	901	0.13280778
273167	997	0.13280778
273167	3249	0.13280778
273190	1902	0.16461742
273190	3391	0.16461742
273190	3560	0.16461742
273190	3658	0.16461742
273190	3694	0.16461742
273190	3939	0.16461742
273190	4224	0.16461742
273190	4796	0.16461742
273190	4885	0.16461742
273190	4960	0.16461742
273197	511	0.14043272
273197	1092	0.14043272
273197	4369	0.14043272
273197	5998	0.14043272
273197	6593	0.14043272
273197	4132	0.1404327
273197	4557	0.1404327
273197	245	0.14043269
273197	246	0.14043269
273197	587	0.14043269
273307	6833	0.1321844
273307	3335	0.13218439
273307	1953	0.13218436
273307	1222	0.13218434
273307	173	0.13184163
273307	5968	0.13151634
273307	6093	0.13151634
273307	6245	0.13151634
273307	3637	0.13151632
273307	3876	0.13151631
273318	387	0.11618393
273318	5031	0.11618393
273318	645	0.11618392
273318	890	0.11618392
273318	2138	0.11618392
273318	612	0.116183914
273318	1455	0.116183914
273318	1935	0.116183914
273318	2364	0.116183914
273318	2468	0.116183914
273336	6244	0.123681426
273336	467	0.12368141
273336	3426	0.12368141
273336	3799	0.12368141
273336	4843	0.12368141
273336	6689	0.12368141
273336	395	0.123681396
273336	2025	0.123681396
273336	2501	0.123681396
273336	2821	0.123681396
273344	244	0.2084871
273344	6265	0.20848708
273344	4599	0.20848706
273344	2962	0.20848705
273344	149	0.20848703
273344	582	0.20848703
273344	632	0.20848703
273344	988	0.20848703
273344	1442	0.20848703
273344	3548	0.20848702
273440	6912	0.12638381
273440	24	0.1263838
273440	350	0.1263838
273440	387	0.1263838
273440	579	0.1263838
273440	890	0.1263838
273440	1058	0.1263838
273440	1062	0.1263838
273440	1146	0.1263838
273440	1455	0.1263838
273465	901	0.13629153
273465	3059	0.13629153
273465	5031	0.13629153
273465	273	0.13629152
273465	986	0.13629152
273465	1058	0.13629152
273465	1393	0.13629152
273465	2091	0.13629152
273465	2138	0.13629152
273465	2364	0.13629152
273507	1745	0.121963695
273507	3029	0.121963695
273507	3493	0.121963695
273507	3830	0.121963695
273507	4595	0.121963695
273507	5312	0.121963695
273507	5454	0.121963695
273507	6197	0.121963695
273507	6674	0.121963695
273507	3700	0.12196369
273535	2138	0.127882
273535	387	0.12788199
273535	3616	0.12788199
273535	5031	0.12788199
273535	41	0.12788197
273535	124	0.12788197
273535	273	0.12788197
273535	350	0.12788197
273535	363	0.12788197
273535	446	0.12788197
273635	2940	0.104849264
273635	5069	0.10484925
273635	305	0.10484922
273635	5914	0.103300974
273635	3677	0.10330097
273635	4740	0.10330097
273635	4144	0.10330096
273635	5599	0.10330096
273635	6312	0.10330096
273635	1024	0.10330095
273718	2014	0.13956067
273718	3657	0.13956067
273718	3983	0.13956067
273718	4103	0.13956067
273718	5731	0.13956067
273718	6149	0.13956067
273718	1621	0.13956065
273718	2209	0.13956065
273718	2320	0.13956065
273718	4496	0.13956065
273805	5619	0.11919013
273805	979	0.11919011
273805	3970	0.11919011
273805	5309	0.11919011
273805	6653	0.11919011
273805	848	0.119190104
273805	1267	0.1191901
273805	3403	0.1191901
273805	3797	0.1191901
273805	3851	0.1191901
273813	997	0.14975305
273813	273	0.14975303
273813	387	0.14975303
273813	1189	0.14975303
273813	1403	0.14975303
273813	1455	0.14975303
273813	1869	0.14975303
273813	2138	0.14975303
273813	2364	0.14975303
273813	3049	0.14975303
273869	2364	0.089239106
273869	3971	0.089239106
273869	6123	0.089239106
273869	350	0.0892391
273869	829	0.0892391
273869	997	0.0892391
273869	1415	0.0892391
273869	2468	0.0892391
273869	3059	0.0892391
273869	3164	0.0892391
273906	3018	0.1391746
273906	3937	0.1391746
273906	6418	0.1391746
273906	471	0.13917458
273906	606	0.13917458
273906	1285	0.13917458
273906	1575	0.13917458
273906	1787	0.13917458
273906	4065	0.13917458
273906	4990	0.13917458
273976	1619	0.119818814
273976	668	0.11981881
273976	4176	0.11981881
273976	231	0.1198188
273976	677	0.1198188
273976	6840	0.1198188
273976	1034	0.11981879
273976	1723	0.11981879
273976	2402	0.11981879
273976	3567	0.11981879
273979	15	0.09401311
273979	273	0.09401311
273979	280	0.09401311
273979	328	0.09401311
273979	350	0.09401311
273979	387	0.09401311
273979	901	0.09401311
273979	914	0.09401311
273979	997	0.09401311
273979	1856	0.09401311
274004	4076	0.2122808
274004	6123	0.2122808
274004	387	0.21228078
274004	612	0.21228078
274004	997	0.21228078
274004	1455	0.21228078
274004	1935	0.21228078
274004	2138	0.21228078
274004	2364	0.21228078
274004	2468	0.21228078
274056	387	0.13614793
274056	2138	0.13614793
274056	3971	0.13614793
274056	5031	0.13614793
274056	5716	0.13614793
274056	6912	0.13614793
274056	24	0.13614792
274056	124	0.13614792
274056	156	0.13614792
274056	233	0.13614792
274111	5991	0.13015082
274111	4975	0.13015081
274111	6218	0.1301508
274111	2933	0.12940112
274111	3378	0.12940112
274111	6585	0.12940112
274111	6655	0.12940112
274111	6645	0.1294011
274111	6680	0.1294011
274111	5472	0.12940109
274199	3018	0.17871556
274199	3937	0.17871554
274199	606	0.17871553
274199	1285	0.17871553
274199	1575	0.17871553
274199	4065	0.17871553
274199	5703	0.17871553
274199	5821	0.17871553
274199	6608	0.17871553
274199	46	0.17871551
274301	387	0.18096344
274301	2728	0.18096344
274301	5031	0.18096344
274301	6123	0.18096344
274301	350	0.18096343
274301	362	0.18096343
274301	612	0.18096343
274301	833	0.18096343
274301	890	0.18096343
274301	986	0.18096343
274308	6705	0.20841016
274308	6742	0.20841016
274308	286	0.20841014
274308	1968	0.20841013
274308	5284	0.20841013
274308	1697	0.20841011
274308	3417	0.20841011
274308	3473	0.20841011
274308	4885	0.20610528
274308	854	0.20610526
274325	582	0.1445032
274325	244	0.14450319
274325	632	0.14450318
274325	1442	0.14450318
274325	4599	0.14450318
274325	6265	0.14450318
274325	3548	0.14450316
274325	4045	0.14450316
274325	149	0.14450315
274325	650	0.14450315
274380	6601	0.120455444
274380	6796	0.120455444
274380	2518	0.12045544
274380	3077	0.12045544
274380	4789	0.12045544
274380	6789	0.12045544
274380	1958	0.12045543
274380	2128	0.12045543
274380	3481	0.12045543
274380	4004	0.12045543
274393	997	0.16449994
274393	1455	0.16449994
274393	1869	0.16449994
274393	2138	0.16449994
274393	3971	0.16449994
274393	387	0.16449992
274393	3049	0.16449992
274393	3249	0.16449992
274393	3305	0.16449992
274393	3424	0.16449992
274423	3059	0.111876234
274423	3616	0.111876234
274423	5896	0.111876234
274423	901	0.11187623
274423	1058	0.11187623
274423	2138	0.11187623
274423	5031	0.11187623
274423	41	0.11187622
274423	124	0.11187622
274423	215	0.11187622
274466	2138	0.09258248
274466	5031	0.09258248
274466	387	0.09258247
274466	3616	0.09258247
274466	41	0.092582464
274466	124	0.092582464
274466	469	0.092582464
274466	579	0.092582464
274466	678	0.092582464
274466	890	0.092582464
274549	3335	0.16436766
274549	6833	0.16436765
274549	1222	0.16436762
274549	1953	0.16436762
274549	655	0.163181
274549	1316	0.163181
274549	1567	0.163181
274549	3337	0.163181
274549	3359	0.163181
274549	4906	0.163181
274618	668	0.10433012
274618	1619	0.10433012
274618	4176	0.10433012
274618	6840	0.10433012
274618	231	0.104330115
274618	677	0.104330115
274618	1034	0.104330115
274618	5129	0.104330115
274618	5197	0.104330115
274618	6216	0.104330115
274634	41	0.1665667
274634	215	0.1665667
274634	387	0.1665667
274634	1058	0.1665667
274634	2138	0.1665667
274634	2468	0.1665667
274634	2757	0.1665667
274634	3059	0.1665667
274634	3616	0.1665667
274634	3971	0.1665667
274656	5312	0.12785073
274656	813	0.12785071
274656	2220	0.12785071
274656	2751	0.12785071
274656	3029	0.12785071
274656	3103	0.12785071
274656	3112	0.12785071
274656	3210	0.12785071
274656	3367	0.12785071
274656	3493	0.12785071
274808	4813	0.19951992
274808	2236	0.1995199
274808	4984	0.1995199
274808	80	0.19951989
274808	3868	0.19951989
274808	3890	0.19951989
274808	5106	0.19951989
274808	1487	0.19951987
274808	1997	0.19951987
274808	3644	0.19951987
274881	191	0.1431609
274881	2022	0.1431609
274881	3121	0.1431609
274881	4671	0.1431609
274881	551	0.14316088
274881	2971	0.14316088
274881	3338	0.14316088
274881	3906	0.14316088
274881	4438	0.14316088
274881	4461	0.14316088
274925	2364	0.12841666
274925	4076	0.12841666
274925	124	0.12841664
274925	387	0.12841664
274925	890	0.12841664
274925	997	0.12841664
274925	1194	0.12841664
274925	1455	0.12841664
274925	1869	0.12841664
274925	2138	0.12841664
274979	3029	0.11832125
274979	6674	0.11832125
274979	1745	0.11832124
274979	2220	0.11832124
274979	4595	0.11832124
274979	4680	0.11832124
274979	4727	0.11832124
274979	5312	0.11832124
274979	5454	0.11832124
274979	6109	0.11832124
275020	5037	0.08745957
275020	400	0.08745955
275020	801	0.08745955
275020	931	0.08745955
275020	1045	0.08745955
275020	1087	0.08745955
275020	2180	0.08745955
275020	2549	0.08745955
275020	3187	0.08745955
275020	4151	0.08745955
275075	5731	0.13338919
275075	1280	0.13338917
275075	1388	0.13338917
275075	1848	0.13338917
275075	2014	0.13338917
275075	4496	0.13338917
275075	5465	0.13338917
275075	6465	0.13338917
275075	344	0.13338916
275075	1042	0.13338916
275111	387	0.11340221
275111	997	0.1134022
275111	1455	0.1134022
275111	2138	0.1134022
275111	3559	0.1134022
275111	5031	0.1134022
275111	273	0.113402195
275111	986	0.113402195
275111	1405	0.113402195
275111	2515	0.113402195
275154	884	0.14797424
275154	1648	0.14797424
275154	2419	0.14797424
275154	247	0.14797422
275154	301	0.14797422
275154	3081	0.14797422
275154	3443	0.14797422
275154	4080	0.14797422
275154	4501	0.14797422
275154	4558	0.14797422
275210	511	0.12819436
275210	587	0.12819433
275210	1092	0.12819433
275210	3526	0.12819433
275210	4557	0.12819433
275210	5288	0.12819433
275210	5998	0.12819433
275210	6364	0.12819433
275210	245	0.12819432
275210	617	0.12819432
275220	1194	0.12933123
275220	2138	0.12933123
275220	6123	0.12933123
275220	612	0.12933122
275220	2515	0.12933122
275220	2709	0.12933122
275220	3059	0.12933122
275220	3971	0.12933122
275220	4076	0.12933122
275220	4323	0.12933122
275228	244	0.15087235
275228	6265	0.15087235
275228	149	0.15087232
275228	582	0.15087232
275228	632	0.15087232
275228	2962	0.15087232
275228	4045	0.15087232
275228	4599	0.15087232
275228	961	0.1508723
275228	3385	0.1508723
275264	2138	0.11798236
275264	5031	0.11798236
275264	890	0.11798235
275264	3616	0.11798235
275264	4880	0.11798235
275264	404	0.11798234
275264	612	0.11798234
275264	842	0.11798234
275264	997	0.11798234
275264	1146	0.11798234
275306	3971	0.117331006
275306	387	0.117331
275306	890	0.117331
275306	2138	0.117331
275306	2515	0.117331
275306	4876	0.117331
275306	4880	0.117331
275306	5218	0.117331
275306	5709	0.117331
275306	6123	0.117331
275318	80	0.10482202
275318	3868	0.10482202
275318	4813	0.10482202
275318	1487	0.10482201
275318	1997	0.10482201
275318	3890	0.10482201
275318	4034	0.10482201
275318	4984	0.10482201
275318	5151	0.10482201
275318	5155	0.10482201
275383	1745	0.11330892
275383	3853	0.11330892
275383	4718	0.11330892
275383	5312	0.11330892
275383	3103	0.113308914
275383	3493	0.113308914
275383	5454	0.113308914
275383	401	0.11330891
275383	2541	0.11330891
275383	3029	0.11330891
275401	387	0.122545585
275401	986	0.122545585
275401	1194	0.122545585
275401	1869	0.122545585
275401	3049	0.122545585
275401	3059	0.122545585
275401	3971	0.122545585
275401	4076	0.122545585
275401	5189	0.122545585
275401	6123	0.122545585
275439	4623	0.10432089
275439	1650	0.10312776
275439	2916	0.10312776
275439	3050	0.10312776
275439	3785	0.10312776
275439	4151	0.10312776
275439	400	0.103127755
275439	1087	0.103127755
275439	1438	0.103127755
275439	2180	0.103127755
275476	3121	0.08413684
275476	4671	0.08413684
275476	5904	0.08413684
275476	6075	0.08413684
275476	191	0.084136836
275476	6352	0.084136836
275476	6562	0.084136836
275476	551	0.08413683
275476	570	0.08413683
275476	806	0.08413683
275481	111	0.117540285
275481	4692	0.117540285
275481	2099	0.11754027
275481	5695	0.11754027
275481	5890	0.11754027
275481	4721	0.11754026
275481	4729	0.11754026
275481	1537	0.117540255
275481	1793	0.117540255
275481	1992	0.117540255
275520	49	0.14492479
275520	350	0.14492479
275520	363	0.14492479
275520	387	0.14492479
275520	890	0.14492479
275520	1340	0.14492479
275520	2138	0.14492479
275520	2343	0.14492479
275520	2364	0.14492479
275520	2515	0.14492479
275611	387	0.101697996
275611	890	0.101697996
275611	997	0.101697996
275611	1455	0.101697996
275611	2364	0.101697996
275611	2468	0.101697996
275611	3049	0.101697996
275611	3071	0.101697996
275611	3452	0.101697996
275611	4323	0.101697996
275638	1619	0.13325308
275638	6840	0.13325308
275638	231	0.13325307
275638	668	0.13325307
275638	677	0.13325307
275638	760	0.13325307
275638	4176	0.13325307
275638	5129	0.13325307
275638	5197	0.13325307
275638	5949	0.13325307
275673	387	0.17203876
275673	890	0.17203876
275673	986	0.17203876
275673	2138	0.17203876
275673	2728	0.17203876
275673	3616	0.17203876
275673	3971	0.17203876
275673	4940	0.17203876
275673	5031	0.17203876
275673	6515	0.17203876
275732	2603	0.10726468
275732	2929	0.10726468
275732	506	0.107264675
275732	947	0.107264675
275732	1764	0.107264675
275732	4764	0.107264675
275732	175	0.10726467
275732	646	0.10726467
275732	1139	0.10726467
275732	1374	0.10726467
275758	1610	0.13375142
275758	2986	0.13375142
275758	4387	0.13375142
275758	5974	0.13375142
275758	6706	0.13375142
275758	3228	0.1337514
275758	3929	0.1337514
275758	4143	0.1337514
275758	4489	0.1337514
275758	5512	0.1337514
275761	1058	0.1478775
275761	6123	0.1478775
275761	6912	0.1478775
275761	24	0.14787748
275761	41	0.14787748
275761	124	0.14787748
275761	180	0.14787748
275761	273	0.14787748
275761	350	0.14787748
275761	362	0.14787748
275922	6601	0.12401399
275922	759	0.124013975
275922	1958	0.124013975
275922	2128	0.124013975
275922	2518	0.124013975
275922	3077	0.124013975
275922	3481	0.124013975
275922	4004	0.124013975
275922	4446	0.124013975
275922	5994	0.124013975
275970	215	0.3486234
275970	350	0.3486234
275970	469	0.3486234
275970	890	0.3486234
275970	997	0.3486234
275970	1062	0.3486234
275970	1146	0.3486234
275970	1455	0.3486234
275970	1869	0.3486234
275970	2364	0.3486234
275994	24	0.14191514
275994	350	0.14191514
275994	387	0.14191514
275994	890	0.14191514
275994	901	0.14191514
275994	1058	0.14191514
275994	1869	0.14191514
275994	1945	0.14191514
275994	2138	0.14191514
275994	2515	0.14191514
276017	387	0.16105875
276017	645	0.16105875
276017	833	0.16105875
276017	1058	0.16105875
276017	1455	0.16105875
276017	2728	0.16105875
276017	5031	0.16105875
276017	829	0.16105874
276017	890	0.16105874
276017	1935	0.16105874
276038	387	0.12719789
276038	612	0.12719789
276038	890	0.12719789
276038	997	0.12719789
276038	2138	0.12719789
276038	2364	0.12719789
276038	3049	0.12719789
276038	4323	0.12719789
276038	4880	0.12719789
276038	5031	0.12719789
276050	2153	0.12359293
276050	4906	0.120638795
276050	5295	0.12063877
276050	5715	0.12063877
276050	1567	0.120638765
276050	2207	0.120638765
276050	248	0.12063876
276050	655	0.12063876
276050	711	0.12063876
276050	1349	0.12063876
276071	3477	0.13283665
276071	2014	0.13259405
276071	3657	0.13259405
276071	3983	0.13259405
276071	4496	0.13259405
276071	4703	0.13259405
276071	5731	0.13259405
276071	6670	0.13259405
276071	604	0.13259403
276071	605	0.13259403
276165	5031	0.15604393
276165	24	0.15604392
276165	269	0.15604392
276165	350	0.15604392
276165	363	0.15604392
276165	387	0.15604392
276165	645	0.15604392
276165	833	0.15604392
276165	890	0.15604392
276165	986	0.15604392
276167	2419	0.11712504
276167	884	0.117125034
276167	4501	0.117125034
276167	4673	0.117125034
276167	222	0.11712502
276167	247	0.11712502
276167	3606	0.11712502
276167	4080	0.11712502
276167	5041	0.11712502
276167	5739	0.11712502
276231	2728	0.21867876
276231	49	0.21867874
276231	387	0.21867874
276231	1415	0.21867874
276231	1869	0.21867874
276231	2364	0.21867874
276231	890	0.21867873
276231	1455	0.21867873
276231	2343	0.21867873
276231	3164	0.21867873
276291	511	0.14711642
276291	5998	0.14711642
276291	5288	0.14711641
276291	6593	0.14711641
276291	6880	0.14711641
276291	587	0.1471164
276291	1092	0.1471164
276291	3526	0.1471164
276291	4369	0.1471164
276291	4557	0.1471164
276307	2468	0.14077534
276307	362	0.14077532
276307	387	0.14077532
276307	612	0.14077532
276307	775	0.14077532
276307	890	0.14077532
276307	997	0.14077532
276307	1393	0.14077532
276307	1455	0.14077532
276307	2138	0.14077532
276313	5031	0.15152194
276313	350	0.1515219
276313	2138	0.1515219
276313	3616	0.1515219
276313	5716	0.1515219
276313	15	0.15152189
276313	24	0.15152189
276313	41	0.15152189
276313	124	0.15152189
276313	140	0.15152189
276328	4856	0.10191576
276328	6851	0.101915754
276328	2457	0.10191575
276328	2988	0.10191575
276328	5315	0.10191575
276328	4007	0.10191574
276328	482	0.10191573
276328	2685	0.101915725
276328	4986	0.101915725
276328	1394	0.10191572
276463	1745	0.1254633
276463	3029	0.1254633
276463	3700	0.1254633
276463	3853	0.1254633
276463	4718	0.1254633
276463	6109	0.1254633
276463	6197	0.1254633
276463	6310	0.1254633
276463	6674	0.1254633
276463	401	0.12546329
276521	471	0.17322212
276521	1575	0.17322212
276521	3018	0.17322212
276521	3937	0.17322212
276521	4065	0.17322212
276521	4990	0.17322212
276521	5703	0.17322212
276521	6418	0.17322212
276521	6608	0.17322212
276521	1746	0.17322211
276563	387	0.12015539
276563	2138	0.12015539
276563	469	0.12015538
276563	579	0.12015538
276563	890	0.12015538
276563	997	0.12015538
276563	1058	0.12015538
276563	1455	0.12015538
276563	2728	0.12015538
276563	3049	0.12015538
276641	3029	0.15445447
276641	3493	0.15445447
276641	1745	0.15445445
276641	2220	0.15445445
276641	3830	0.15445445
276641	4595	0.15445445
276641	4727	0.15445445
276641	5312	0.15445445
276641	5454	0.15445445
276641	5683	0.15445445
276670	6427	0.11701769
276670	1306	0.11701768
276670	4400	0.11701767
276670	5232	0.11701766
276670	6775	0.11701765
276670	4698	0.11701764
276670	4693	0.117017634
276670	5583	0.117017634
276670	2323	0.11701761
276670	4850	0.11641298
276680	690	0.15101093
276680	3974	0.15101093
276680	3971	0.15087698
276680	5031	0.15087698
276680	5709	0.15087698
276680	24	0.15087697
276680	49	0.15087697
276680	156	0.15087697
276680	350	0.15087697
276680	387	0.15087697
276681	3380	0.11080012
276681	2701	0.11080011
276681	3654	0.11080011
276681	3815	0.11080011
276681	6032	0.11080011
276681	6745	0.11080011
276681	3563	0.1108001
276681	4957	0.1108001
276681	6120	0.1108001
276681	6284	0.1108001
276688	2138	0.13811627
276688	3971	0.13811627
276688	387	0.13811626
276688	612	0.13811626
276688	890	0.13811626
276688	986	0.13811626
276688	997	0.13811626
276688	3059	0.13811626
276688	5189	0.13811626
276688	5218	0.13811626
