276847	6083	0.02050949
276847	1722	0.020509489
276847	2528	0.020509489
276847	6391	0.020509489
276847	3564	0.020509487
276847	4369	0.020509487
276847	4900	0.020509487
276847	79	0.020509485
276847	105	0.020509485
276847	1143	0.020509485
276964	6083	0.027609529
276964	1722	0.027609527
276964	2528	0.027609527
276964	6391	0.027609525
276964	3564	0.027609523
276964	4369	0.027609523
276964	4900	0.027609523
276964	79	0.027609522
276964	1143	0.027609522
276964	105	0.02760952
277042	6083	0.02713375
277042	1722	0.027133748
277042	2528	0.027133748
277042	4900	0.027133748
277042	6391	0.027133748
277042	4369	0.027133746
277042	79	0.027133744
277042	105	0.027133744
277042	1143	0.027133744
277042	3564	0.027133744
277157	6083	0.020449385
277157	1722	0.020449383
277157	2528	0.020449383
277157	6391	0.020449383
277157	4369	0.020449381
277157	4900	0.020449381
277157	79	0.02044938
277157	3564	0.02044938
277157	105	0.020449378
277157	804	0.020449378
277195	2528	0.029545482
277195	6083	0.029545482
277195	1722	0.02954548
277195	4369	0.029545479
277195	4900	0.029545479
277195	6391	0.029545479
277195	1143	0.029545477
277195	3564	0.029545477
277195	79	0.029545475
277195	105	0.029545475
277203	6083	0.026313175
277203	1722	0.02631317
277203	2528	0.02631317
277203	4900	0.02631317
277203	6391	0.026313169
277203	105	0.026313167
277203	1143	0.026313167
277203	3564	0.026313167
277203	4369	0.026313167
277203	79	0.026313165
277378	6083	0.032416888
277378	1722	0.03241688
277378	2528	0.03241688
277378	4369	0.03241688
277378	4900	0.03241688
277378	6391	0.03241688
277378	79	0.032416876
277378	3564	0.032416876
277378	105	0.032416873
277378	804	0.032416873
277427	6083	0.038948286
277427	1722	0.038948283
277427	2528	0.038948283
277427	4900	0.038948283
277427	6391	0.038948283
277427	3564	0.03894828
277427	4369	0.03894828
277427	804	0.038948275
277427	1143	0.038948275
277427	1557	0.038948275
277439	2528	0.022086672
277439	6083	0.022086672
277439	1722	0.02208667
277439	4900	0.022086669
277439	6391	0.022086669
277439	105	0.022086667
277439	1143	0.022086667
277439	4369	0.022086667
277439	79	0.022086665
277439	3088	0.022086665
277478	2528	0.029174266
277478	6083	0.029174266
277478	1722	0.029174265
277478	4900	0.029174263
277478	6391	0.029174263
277478	4369	0.02917426
277478	79	0.029174259
277478	1143	0.029174259
277478	3564	0.029174259
277478	105	0.029174257
277523	1722	0.03565328
277523	2528	0.03565328
277523	6083	0.03565328
277523	4900	0.035653275
277523	6391	0.035653275
277523	79	0.03565327
277523	105	0.03565327
277523	1143	0.03565327
277523	3088	0.03565327
277523	3564	0.03565327
277623	2528	0.033083152
277623	6083	0.033083152
277623	1722	0.03308315
277623	3564	0.03308315
277623	4369	0.03308315
277623	4900	0.03308315
277623	6391	0.03308315
277623	79	0.03308314
277623	105	0.03308314
277623	804	0.03308314
277629	2528	0.028305475
277629	6083	0.028305475
277629	1722	0.028305473
277629	4369	0.028305471
277629	4900	0.028305471
277629	6391	0.028305471
277629	79	0.02830547
277629	3564	0.02830547
277629	105	0.028305467
277629	1143	0.028305467
277639	2528	0.037933797
277639	6083	0.037933797
277639	1722	0.037933793
277639	4900	0.037933793
277639	6391	0.037933793
277639	79	0.03793379
277639	1143	0.03793379
277639	3564	0.03793379
277639	4369	0.03793379
277639	3088	0.037933785
277710	1722	0.039967373
277710	2528	0.039967373
277710	6083	0.039967373
277710	4900	0.03996737
277710	6391	0.03996737
277710	105	0.039967366
277710	1143	0.039967366
277710	3564	0.039967366
277710	4369	0.039967366
277710	79	0.03996736
277744	6083	0.025536465
277744	1722	0.025536463
277744	2528	0.025536463
277744	4900	0.025536463
277744	6391	0.02553646
277744	79	0.025536459
277744	3564	0.025536459
277744	4369	0.025536459
277744	1143	0.025536457
277744	105	0.025536455
277873	2528	0.02741228
277873	4900	0.02741228
277873	6083	0.02741228
277873	6391	0.02741228
277873	1722	0.027412279
277873	1143	0.027412277
277873	3564	0.027412277
277873	4369	0.027412277
277873	79	0.027412275
277873	105	0.027412275
277922	1722	0.03130623
277922	2528	0.03130623
277922	4369	0.03130623
277922	4900	0.03130623
277922	6083	0.03130623
277922	6391	0.03130623
277922	3564	0.031306226
277922	79	0.031306222
277922	105	0.031306222
277922	804	0.031306222
277928	1722	0.03105915
277928	2528	0.03105915
277928	6083	0.03105915
277928	4900	0.031059148
277928	6391	0.031059148
277928	1143	0.031059146
277928	4369	0.031059146
277928	79	0.031059144
277928	3564	0.031059144
277928	105	0.031059142
277937	6083	0.03537011
277937	1722	0.035370104
277937	2528	0.035370104
277937	4900	0.035370104
277937	6391	0.035370104
277937	1143	0.0353701
277937	3564	0.0353701
277937	4369	0.0353701
277937	79	0.035370097
277937	105	0.035370097
277945	2528	0.029572327
277945	6083	0.029572327
277945	1722	0.029572323
277945	4369	0.029572323
277945	4900	0.029572323
277945	6391	0.029572323
277945	79	0.02957232
277945	105	0.02957232
277945	1143	0.02957232
277945	3564	0.02957232
277959	6083	0.020541102
277959	1722	0.020541098
277959	2528	0.020541098
277959	4900	0.020541098
277959	6391	0.020541098
277959	79	0.020541096
277959	1143	0.020541096
277959	3564	0.020541096
277959	4369	0.020541096
277959	5896	0.020541096
277965	1722	0.03181861
277965	2528	0.03181861
277965	6083	0.03181861
277965	1143	0.031818606
277965	4369	0.031818606
277965	4900	0.031818606
277965	6391	0.031818606
277965	79	0.031818602
277965	105	0.031818602
277965	3564	0.031818602
278007	2528	0.02240802
278007	6083	0.02240802
278007	1722	0.022408018
278007	4900	0.022408016
278007	6391	0.022408016
278007	3564	0.022408014
278007	4369	0.022408014
278007	79	0.022408012
278007	105	0.022408012
278007	1143	0.022408012
278026	2528	0.042811885
278026	1722	0.04281188
278026	6083	0.04281188
278026	4369	0.042811878
278026	4900	0.042811878
278026	6391	0.042811878
278026	79	0.04281187
278026	105	0.04281187
278026	1143	0.04281187
278026	1557	0.04281187
278137	2528	0.03279639
278137	6083	0.03279639
278137	1143	0.032796383
278137	1722	0.032796383
278137	3564	0.032796383
278137	4900	0.032796383
278137	6391	0.032796383
278137	79	0.03279638
278137	4369	0.03279638
278137	105	0.032796375
278188	1722	0.02056073
278188	2528	0.02056073
278188	4900	0.02056073
278188	6083	0.02056073
278188	6391	0.02056073
278188	4369	0.020560728
278188	79	0.020560727
278188	105	0.020560727
278188	1143	0.020560727
278188	3564	0.020560727
278194	6083	0.033196643
278194	1722	0.03319664
278194	2528	0.03319664
278194	3564	0.033196636
278194	4369	0.033196636
278194	4900	0.033196636
278194	6391	0.033196636
278194	79	0.03319663
278194	105	0.03319663
278194	1143	0.03319663
278202	2528	0.03377772
278202	4900	0.03377772
278202	6083	0.03377772
278202	1722	0.033777718
278202	79	0.033777714
278202	1143	0.033777714
278202	3564	0.033777714
278202	4369	0.033777714
278202	6391	0.033777714
278202	3088	0.03377771
278221	2528	0.03149355
278221	6083	0.03149355
278221	1143	0.031493545
278221	1722	0.031493545
278221	4369	0.031493545
278221	4900	0.031493545
278221	6391	0.031493545
278221	79	0.03149354
278221	105	0.03149354
278221	3564	0.03149354
278356	1722	0.038370647
278356	2528	0.038370647
278356	6083	0.038370647
278356	4900	0.038370643
278356	6391	0.038370643
278356	79	0.03837064
278356	105	0.03837064
278356	1143	0.03837064
278356	3564	0.03837064
278356	3917	0.03837064
278390	2528	0.036912568
278390	6083	0.036912568
278390	1722	0.036912564
278390	4369	0.03691256
278390	4900	0.03691256
278390	6391	0.03691256
278390	105	0.036912557
278390	1143	0.036912557
278390	3564	0.036912557
278390	79	0.036912553
278418	6083	0.031094357
278418	2528	0.031094356
278418	1722	0.031094354
278418	4900	0.031094354
278418	4369	0.031094352
278418	6391	0.031094352
278418	1143	0.03109435
278418	3564	0.03109435
278418	79	0.031094348
278418	105	0.031094346
278535	6083	0.028822187
278535	2528	0.028822185
278535	1722	0.028822184
278535	4900	0.028822184
278535	4369	0.028822182
278535	6391	0.028822182
278535	79	0.02882218
278535	1143	0.02882218
278535	3564	0.02882218
278535	105	0.028822178
278554	2528	0.02061633
278554	6083	0.02061633
278554	1722	0.020616326
278554	4369	0.020616326
278554	4900	0.020616326
278554	6391	0.020616326
278554	3564	0.020616325
278554	79	0.020616323
278554	105	0.020616323
278554	1143	0.020616323
278582	6083	0.025614114
278582	1722	0.025614113
278582	2528	0.025614113
278582	4900	0.02561411
278582	6391	0.02561411
278582	79	0.025614109
278582	1143	0.025614109
278582	3564	0.025614109
278582	4369	0.025614109
278582	105	0.025614107
278633	2528	0.027567886
278633	6083	0.027567886
278633	1722	0.027567882
278633	4900	0.027567882
278633	6391	0.027567882
278633	1143	0.02756788
278633	4369	0.02756788
278633	79	0.027567878
278633	105	0.027567878
278633	3564	0.027567878
278843	6083	0.024114646
278843	2528	0.024114644
278843	1722	0.024114642
278843	4369	0.024114642
278843	4900	0.024114642
278843	6391	0.024114642
278843	79	0.024114639
278843	105	0.024114639
278843	1143	0.024114639
278843	3088	0.024114639
99	6083	0.02573767
99	1722	0.025737666
99	2528	0.025737666
99	4900	0.025737666
99	6391	0.025737666
99	4369	0.025737664
99	1143	0.025737662
99	3564	0.025737662
99	79	0.02573766
99	105	0.025737658
114	6083	0.028843025
114	1722	0.028843023
114	2528	0.028843023
114	6391	0.028843021
114	3564	0.02884302
114	4369	0.02884302
114	4900	0.02884302
114	79	0.028843017
114	1143	0.028843017
114	105	0.028843015
243	1722	0.032324776
243	2528	0.032324776
243	4900	0.032324776
243	6083	0.032324776
243	6391	0.032324776
243	4369	0.032324772
243	79	0.03232477
243	105	0.03232477
243	804	0.03232477
243	1143	0.03232477
244	2528	0.024385456
244	6083	0.024385456
244	1722	0.024385454
244	6391	0.024385454
244	4369	0.024385452
244	4900	0.024385452
244	105	0.02438545
244	1143	0.02438545
244	3564	0.02438545
244	79	0.024385449
254	2528	0.038364917
254	6083	0.038364917
254	6391	0.038364917
254	1722	0.038364913
254	79	0.03836491
254	105	0.03836491
254	3564	0.03836491
254	4369	0.03836491
254	4900	0.03836491
254	1143	0.038364906
388	1722	0.03166494
388	2528	0.03166494
388	6083	0.03166494
388	1143	0.031664938
388	4369	0.031664938
388	4900	0.031664938
388	6391	0.031664938
388	79	0.031664934
388	105	0.031664934
388	3564	0.031664934
446	6083	0.035883795
446	1722	0.03588379
446	2528	0.03588379
446	4369	0.03588379
446	4900	0.03588379
446	6391	0.03588379
446	79	0.035883784
446	105	0.035883784
446	804	0.035883784
446	1143	0.035883784
503	2528	0.030149497
503	6083	0.030149497
503	1722	0.030149493
503	4900	0.030149493
503	6391	0.030149493
503	4369	0.030149492
503	1143	0.03014949
503	3564	0.03014949
503	79	0.030149488
503	105	0.030149488
505	6083	0.033934858
505	1722	0.033934854
505	2528	0.033934854
505	6391	0.033934854
505	4900	0.03393485
505	79	0.033934847
505	105	0.033934847
505	1143	0.033934847
505	3088	0.033934847
505	3564	0.033934847
507	2528	0.03324211
507	6083	0.03324211
507	1722	0.033242106
507	4369	0.033242106
507	4900	0.033242106
507	6391	0.033242106
507	79	0.0332421
507	105	0.0332421
507	804	0.0332421
507	1143	0.0332421
638	2528	0.0357125
638	6083	0.0357125
638	1722	0.035712495
638	4369	0.035712495
638	4900	0.035712495
638	6391	0.035712495
638	1143	0.03571249
638	79	0.035712488
638	105	0.035712488
638	1557	0.035712488
643	2528	0.021512968
643	6083	0.021512968
643	1722	0.021512967
643	4900	0.021512967
643	4369	0.021512965
643	6391	0.021512965
643	79	0.021512963
643	105	0.021512963
643	1143	0.021512963
643	3088	0.021512963
651	2528	0.022514705
651	6083	0.022514705
651	1722	0.022514703
651	4900	0.0225147
651	6391	0.0225147
651	4369	0.022514699
651	79	0.022514697
651	105	0.022514697
651	1143	0.022514697
651	3088	0.022514697
709	2528	0.01889702
709	1722	0.018897017
709	6083	0.018897017
709	4369	0.018897016
709	4900	0.018897016
709	6391	0.018897016
709	79	0.018897014
709	1143	0.018897014
709	105	0.018897012
709	804	0.018897012
735	1722	0.041708566
735	2528	0.041708566
735	6083	0.041708566
735	6391	0.041708563
735	79	0.04170856
735	1143	0.04170856
735	4369	0.04170856
735	4900	0.04170856
735	3564	0.041708555
735	5896	0.041708555
805	6083	0.03875976
805	1722	0.038759757
805	2528	0.038759757
805	4900	0.038759757
805	1143	0.038759753
805	4369	0.038759753
805	6391	0.038759753
805	3564	0.03875975
805	3917	0.03875975
805	79	0.038759746
834	2528	0.035819728
834	6083	0.035819728
834	1722	0.035819724
834	4369	0.035819724
834	4900	0.035819724
834	6391	0.035819724
834	79	0.03581972
834	1143	0.03581972
834	105	0.035819717
834	1557	0.035819717
882	2528	0.042024862
882	1722	0.04202486
882	4369	0.04202486
882	4900	0.04202486
882	6083	0.04202486
882	6391	0.04202486
882	79	0.04202485
882	105	0.04202485
882	1143	0.04202485
882	3088	0.04202485
929	6083	0.029610572
929	2528	0.02961057
929	1722	0.029610569
929	4369	0.029610567
929	4900	0.029610567
929	6391	0.029610567
929	1143	0.029610565
929	3564	0.029610565
929	79	0.029610563
929	105	0.029610563
1025	2528	0.026514916
1025	1722	0.026514914
1025	6083	0.026514914
1025	4369	0.026514912
1025	4900	0.026514912
1025	6391	0.026514912
1025	79	0.02651491
1025	1143	0.02651491
1025	3564	0.02651491
1025	105	0.026514906
1075	2528	0.03442719
1075	6083	0.03442719
1075	1722	0.034427185
1075	4900	0.034427185
1075	105	0.03442718
1075	1143	0.03442718
1075	3088	0.03442718
1075	3564	0.03442718
1075	4369	0.03442718
1075	5896	0.03442718
1116	6083	0.03146497
1116	1722	0.031464964
1116	2528	0.031464964
1116	4369	0.031464964
1116	4900	0.031464964
1116	6391	0.031464964
1116	79	0.03146496
1116	1143	0.03146496
1116	3564	0.03146496
1116	3917	0.03146496
1129	2528	0.020909261
1129	6083	0.020909261
1129	1722	0.020909257
1129	3564	0.020909257
1129	4369	0.020909257
1129	4900	0.020909257
1129	6391	0.020909257
1129	79	0.020909255
1129	1143	0.020909255
1129	105	0.020909254
1131	6083	0.030441785
1131	1722	0.030441783
1131	2528	0.030441783
1131	4369	0.03044178
1131	4900	0.03044178
1131	6391	0.03044178
1131	3564	0.030441778
1131	79	0.030441776
1131	105	0.030441776
1131	1143	0.030441776
1155	1722	0.021696612
1155	2528	0.021696612
1155	4900	0.021696612
1155	6083	0.021696612
1155	6391	0.021696612
1155	79	0.021696609
1155	1143	0.021696609
1155	3564	0.021696609
1155	4369	0.021696609
1155	105	0.021696607
1167	6083	0.027793419
1167	1722	0.027793417
1167	2528	0.027793417
1167	4900	0.027793415
1167	6391	0.027793415
1167	4369	0.027793413
1167	79	0.027793411
1167	105	0.027793411
1167	1143	0.027793411
1167	3088	0.027793411
1211	1722	0.0338386
1211	2528	0.0338386
1211	4900	0.0338386
1211	6083	0.0338386
1211	1143	0.033838596
1211	4369	0.033838596
1211	6391	0.033838596
1211	79	0.033838592
1211	105	0.033838592
1211	804	0.033838592
1261	6083	0.031871814
1261	1722	0.03187181
1261	2528	0.03187181
1261	4900	0.03187181
1261	6391	0.03187181
1261	105	0.031871807
1261	1143	0.031871807
1261	3564	0.031871807
1261	4369	0.031871807
1261	79	0.031871803
1409	6083	0.028238539
1409	2528	0.028238537
1409	1722	0.028238535
1409	4900	0.028238535
1409	6391	0.028238535
1409	4369	0.028238533
1409	79	0.028238531
1409	105	0.028238531
1409	3564	0.028238531
1409	1143	0.02823853
1412	2528	0.025847005
1412	6083	0.025847005
1412	1722	0.025847003
1412	6391	0.025847003
1412	1143	0.025847
1412	3564	0.025847
1412	4369	0.025847
1412	4900	0.025847
1412	79	0.025846997
1412	105	0.025846997
1424	2528	0.036343876
1424	6083	0.036343876
1424	1722	0.036343873
1424	4900	0.036343873
1424	6391	0.036343873
1424	79	0.03634387
1424	1143	0.03634387
1424	3564	0.03634387
1424	3917	0.03634387
1424	4369	0.03634387
1435	6083	0.03560894
1435	1722	0.035608932
1435	2528	0.035608932
1435	4900	0.035608932
1435	6391	0.035608932
1435	1143	0.03560893
1435	3564	0.03560893
1435	4369	0.03560893
1435	79	0.035608925
1435	105	0.035608925
1548	6083	0.025501218
1548	2528	0.025501216
1548	1722	0.025501214
1548	4900	0.025501214
1548	6391	0.025501214
1548	3564	0.025501212
1548	4369	0.025501212
1548	79	0.02550121
1548	105	0.02550121
1548	1143	0.02550121
1585	2528	0.023397071
1585	6083	0.023397071
1585	1722	0.02339707
1585	4900	0.02339707
1585	6391	0.02339707
1585	4369	0.023397068
1585	79	0.023397066
1585	1143	0.023397066
1585	3564	0.023397066
1585	105	0.023397064
1660	6083	0.029390417
1660	2528	0.029390415
1660	1722	0.029390413
1660	1143	0.02939041
1660	3564	0.02939041
1660	4369	0.02939041
1660	4900	0.02939041
1660	6391	0.02939041
1660	79	0.029390408
1660	105	0.029390408
1674	1722	0.033101246
1674	2528	0.033101246
1674	6083	0.033101246
1674	4900	0.033101242
1674	6391	0.033101242
1674	79	0.03310124
1674	1143	0.03310124
1674	3564	0.03310124
1674	4369	0.03310124
1674	5896	0.03310124
1733	2528	0.036158994
1733	6083	0.036158994
1733	1722	0.03615899
1733	4900	0.03615899
1733	79	0.036158986
1733	105	0.036158986
1733	1143	0.036158986
1733	3564	0.036158986
1733	4369	0.036158986
1733	6391	0.036158986
1848	6083	0.023037694
1848	1722	0.023037693
1848	2528	0.02303769
1848	4900	0.02303769
1848	6391	0.02303769
1848	3564	0.023037689
1848	4369	0.023037689
1848	79	0.023037687
1848	105	0.023037687
1848	1143	0.023037687
1903	2528	0.029178893
1903	6083	0.029178893
1903	1722	0.029178891
1903	4900	0.02917889
1903	6391	0.02917889
1903	1143	0.029178888
1903	4369	0.029178888
1903	79	0.029178884
1903	105	0.029178884
1903	1557	0.029178884
2010	2528	0.033986107
2010	6083	0.033986107
2010	1722	0.033986103
2010	3564	0.0339861
2010	4369	0.0339861
2010	4900	0.0339861
2010	6391	0.0339861
2010	79	0.033986095
2010	105	0.033986095
2010	1143	0.033986095
2012	2528	0.0348941
2012	6083	0.0348941
2012	1722	0.034894098
2012	4900	0.034894098
2012	79	0.034894094
2012	105	0.034894094
2012	1143	0.034894094
2012	3564	0.034894094
2012	4369	0.034894094
2012	6391	0.034894094
2030	1722	0.036036912
2030	2528	0.036036912
2030	6083	0.036036912
2030	4369	0.03603691
2030	4900	0.03603691
2030	6391	0.03603691
2030	1143	0.036036905
2030	3564	0.036036905
2030	79	0.0360369
2030	105	0.0360369
2033	2528	0.03330595
2033	6083	0.03330595
2033	1722	0.033305947
2033	4369	0.033305947
2033	4900	0.033305947
2033	6391	0.033305947
2033	79	0.033305943
2033	1143	0.033305943
2033	3564	0.033305943
2033	5896	0.033305943
2041	2528	0.022627046
2041	6083	0.022627046
2041	1722	0.022627044
2041	3564	0.022627044
2041	4369	0.022627044
2041	4900	0.022627044
2041	6391	0.022627044
2041	79	0.022627043
2041	1143	0.022627043
2041	105	0.02262704
2110	2528	0.026218873
2110	6083	0.026218873
2110	1722	0.026218869
2110	4369	0.026218869
2110	4900	0.026218869
2110	6391	0.026218869
2110	79	0.026218865
2110	105	0.026218865
2110	1143	0.026218865
2110	3088	0.026218865
2139	6083	0.029508717
2139	2528	0.029508715
2139	1722	0.029508714
2139	4900	0.029508714
2139	6391	0.029508714
2139	4369	0.029508712
2139	79	0.02950871
2139	1143	0.02950871
2139	3564	0.02950871
2139	105	0.029508708
2179	1722	0.037743688
2179	2528	0.037743688
2179	4900	0.037743688
2179	6083	0.037743688
2179	4369	0.037743684
2179	6391	0.037743684
2179	79	0.03774368
2179	105	0.03774368
2179	1143	0.03774368
2179	3088	0.03774368
2287	6083	0.025185999
2287	2528	0.025185997
2287	1722	0.025185995
2287	4900	0.025185995
2287	6391	0.025185995
2287	4369	0.025185993
2287	79	0.025185991
2287	105	0.025185991
2287	1143	0.025185991
2287	3564	0.025185991
2288	6083	0.035805862
2288	1722	0.03580586
2288	2528	0.03580586
2288	3564	0.03580586
2288	4900	0.03580586
2288	6391	0.03580586
2288	4369	0.035805855
2288	79	0.03580585
2288	105	0.03580585
2288	1143	0.03580585
2313	6083	0.02635034
2313	2528	0.026350338
2313	1722	0.026350336
2313	6391	0.026350336
2313	3564	0.026350334
2313	4369	0.026350334
2313	4900	0.026350334
2313	79	0.026350332
2313	1143	0.026350332
2313	105	0.02635033
2337	2528	0.02988185
2337	6083	0.02988185
2337	1722	0.029881848
2337	4369	0.029881846
2337	4900	0.029881846
2337	6391	0.029881846
2337	79	0.029881842
2337	105	0.029881842
2337	1143	0.029881842
2337	3564	0.029881842
2358	2528	0.027358
2358	6083	0.027358
2358	1722	0.027357996
2358	4900	0.027357996
2358	6391	0.027357996
2358	4369	0.027357994
2358	79	0.027357992
2358	105	0.027357992
2358	1143	0.027357992
2358	3564	0.027357992
2399	2528	0.037313998
2399	6083	0.037313998
2399	1722	0.037313994
2399	3564	0.03731399
2399	4369	0.03731399
2399	4900	0.03731399
2399	6391	0.03731399
2399	79	0.037313987
2399	105	0.037313987
2399	1143	0.037313987
2766	2528	0.03674598
2766	6083	0.03674598
2766	1722	0.036745977
2766	4900	0.036745977
2766	1143	0.036745973
2766	4369	0.036745973
2766	6391	0.036745973
2766	105	0.03674597
2766	3564	0.03674597
2766	79	0.036745965
2891	1722	0.039011136
2891	2528	0.039011136
2891	6083	0.039011136
2891	6391	0.039011132
2891	79	0.03901113
2891	1143	0.03901113
2891	3564	0.03901113
2891	4369	0.03901113
2891	4900	0.03901113
2891	105	0.039011125
2977	6083	0.025453908
2977	1722	0.025453907
2977	2528	0.025453907
2977	6391	0.025453907
2977	4900	0.025453905
2977	1143	0.025453903
2977	3564	0.025453903
2977	4369	0.025453903
2977	79	0.0254539
2977	105	0.0254539
3145	2528	0.026706422
3145	6083	0.026706422
3145	1722	0.02670642
3145	4369	0.02670642
3145	4900	0.02670642
3145	6391	0.02670642
3145	79	0.026706416
3145	105	0.026706416
3145	1143	0.026706416
3145	3564	0.026706416
3167	2528	0.02409447
3167	6083	0.02409447
3167	1722	0.024094468
3167	4369	0.024094466
3167	4900	0.024094466
3167	6391	0.024094466
3167	79	0.024094464
3167	1143	0.024094464
3167	3564	0.024094464
3167	105	0.024094462
3282	6083	0.040365137
3282	2528	0.040365133
3282	1722	0.04036513
3282	4369	0.04036513
3282	4900	0.04036513
3282	6391	0.04036513
3282	79	0.040365122
3282	105	0.040365122
3282	804	0.040365122
3282	1143	0.040365122
3329	1722	0.031689223
3329	2528	0.031689223
3329	6083	0.031689223
3329	1143	0.03168922
3329	3564	0.03168922
3329	4369	0.03168922
3329	4900	0.03168922
3329	6391	0.03168922
3329	79	0.031689215
3329	105	0.031689215
3331	1722	0.031481758
3331	2528	0.031481758
3331	6083	0.031481758
3331	4369	0.031481754
3331	4900	0.031481754
3331	6391	0.031481754
3331	79	0.03148175
3331	105	0.03148175
3331	1143	0.03148175
3331	3564	0.03148175
3346	2528	0.036914557
3346	6083	0.036914557
3346	1722	0.036914553
3346	4369	0.036914553
3346	4900	0.036914553
3346	6391	0.036914553
3346	79	0.03691455
3346	105	0.03691455
3346	1143	0.03691455
3346	3564	0.03691455
3363	6083	0.041638024
3363	2528	0.04163802
3363	1722	0.041638017
3363	4369	0.041638017
3363	4900	0.041638017
3363	6391	0.041638017
3363	79	0.04163801
3363	105	0.04163801
3363	1143	0.04163801
3363	3088	0.04163801
3371	2528	0.038841836
3371	4900	0.038841836
3371	6083	0.038841836
3371	1722	0.038841832
3371	6391	0.038841832
3371	79	0.03884183
3371	105	0.03884183
3371	1143	0.03884183
3371	3564	0.03884183
3371	4369	0.03884183
3373	2528	0.030499179
3373	6083	0.030499179
3373	1722	0.030499175
3373	4900	0.030499175
3373	6391	0.030499175
3373	4369	0.030499173
3373	79	0.030499171
3373	105	0.030499171
3373	1143	0.030499171
3373	3564	0.030499171
3556	2528	0.03651047
3556	1722	0.036510468
3556	4900	0.036510468
3556	6083	0.036510468
3556	4369	0.036510464
3556	6391	0.036510464
3556	79	0.03651046
3556	105	0.03651046
3556	1143	0.03651046
3556	3564	0.03651046
3578	2528	0.027896486
3578	6083	0.027896486
3578	1722	0.027896484
3578	4900	0.027896482
3578	6391	0.027896482
3578	4369	0.02789648
3578	79	0.027896479
3578	105	0.027896479
3578	1143	0.027896479
3578	3564	0.027896479
3640	1722	0.034415282
3640	2528	0.034415282
3640	6083	0.034415282
3640	4900	0.03441528
3640	6391	0.03441528
3640	79	0.034415275
3640	1143	0.034415275
3640	3564	0.034415275
3640	4369	0.034415275
3640	105	0.03441527
3719	2528	0.03070917
3719	6083	0.03070917
3719	1722	0.030709166
3719	4369	0.030709166
3719	4900	0.030709166
3719	6391	0.030709166
3719	1143	0.030709164
3719	79	0.030709162
3719	105	0.030709162
3719	3564	0.030709162
3817	6083	0.027584959
3817	2528	0.027584957
3817	1722	0.027584955
3817	4369	0.027584955
3817	4900	0.027584955
3817	6391	0.027584955
3817	79	0.027584951
3817	1143	0.027584951
3817	3564	0.027584951
3817	105	0.02758495
3827	1722	0.04265427
3827	2528	0.04265427
3827	6083	0.04265427
3827	4369	0.042654265
3827	6391	0.042654265
3827	1143	0.04265426
3827	3564	0.04265426
3827	4900	0.04265426
3827	79	0.042654257
3827	3088	0.042654257
3840	2528	0.026778508
3840	6083	0.026778508
3840	1722	0.026778506
3840	4369	0.026778504
3840	4900	0.026778504
3840	6391	0.026778504
3840	79	0.026778502
3840	3564	0.026778502
3840	105	0.0267785
3840	1143	0.0267785
3917	2528	0.026535625
3917	6083	0.026535623
3917	1722	0.02653562
3917	4369	0.026535619
3917	4900	0.026535619
3917	6391	0.026535619
3917	3564	0.026535617
3917	79	0.026535615
3917	105	0.026535615
3917	3088	0.026535615
3923	6083	0.024179857
3923	1722	0.024179855
3923	2528	0.024179855
3923	4369	0.024179853
3923	4900	0.024179853
3923	6391	0.024179853
3923	79	0.02417985
3923	105	0.02417985
3923	1143	0.02417985
3923	3564	0.02417985
4017	1722	0.041922614
4017	2528	0.041922614
4017	6083	0.041922614
4017	4900	0.04192261
4017	3564	0.041922607
4017	4369	0.041922607
4017	6391	0.041922607
4017	79	0.041922603
4017	5896	0.041922603
4017	105	0.0419226
4098	2528	0.029556796
4098	6083	0.029556796
4098	1722	0.029556792
4098	4900	0.029556792
4098	6391	0.029556792
4098	1143	0.029556789
4098	3564	0.029556789
4098	4369	0.029556789
4098	79	0.029556787
4098	105	0.029556785
4157	2528	0.036147483
4157	6083	0.036147483
4157	1722	0.036147475
4157	3564	0.036147475
4157	4369	0.036147475
4157	4900	0.036147475
4157	6391	0.036147475
4157	79	0.03614747
4157	105	0.03614747
4157	1143	0.03614747
4197	2528	0.036196046
4197	6083	0.036196046
4197	1722	0.03619604
4197	4900	0.03619604
4197	79	0.036196038
4197	1143	0.036196038
4197	3088	0.036196038
4197	3564	0.036196038
4197	3917	0.036196038
4197	4369	0.036196038
4221	2528	0.034821115
4221	6083	0.034821115
4221	1722	0.03482111
4221	6391	0.03482111
4221	105	0.034821108
4221	1143	0.034821108
4221	3564	0.034821108
4221	4369	0.034821108
4221	4900	0.034821108
4221	79	0.034821104
4334	2528	0.029305294
4334	6083	0.029305294
4334	1722	0.029305292
4334	4369	0.02930529
4334	4900	0.02930529
4334	6391	0.02930529
4334	79	0.029305287
4334	105	0.029305287
4334	1143	0.029305287
4334	3088	0.029305287
4483	6083	0.033991694
4483	1722	0.03399169
4483	2528	0.03399169
4483	4900	0.03399169
4483	6391	0.03399169
4483	79	0.033991687
4483	105	0.033991687
4483	1143	0.033991687
4483	3088	0.033991687
4483	3564	0.033991687
4622	2528	0.04134088
4622	6083	0.04134088
4622	1722	0.041340876
4622	4900	0.041340876
4622	6391	0.041340876
4622	79	0.041340873
4622	1143	0.041340873
4622	3564	0.041340873
4622	4369	0.041340873
4622	105	0.04134087
4785	1722	0.036132373
4785	2528	0.036132373
4785	4369	0.036132373
4785	4900	0.036132373
4785	6083	0.036132373
4785	6391	0.036132373
4785	79	0.036132365
4785	105	0.036132365
4785	804	0.036132365
4785	1143	0.036132365
4795	6083	0.029574249
4795	2528	0.029574247
4795	1722	0.029574245
4795	4900	0.029574245
4795	6391	0.029574245
4795	79	0.029574241
4795	105	0.029574241
4795	1143	0.029574241
4795	3564	0.029574241
4795	4369	0.029574241
4809	6083	0.022536127
4809	1722	0.022536125
4809	2528	0.022536125
4809	4369	0.022536125
4809	4900	0.022536125
4809	6391	0.022536125
4809	79	0.022536121
4809	105	0.022536121
4809	1143	0.022536121
4809	3564	0.022536121
4938	2528	0.031435832
4938	1722	0.03143583
4938	6083	0.03143583
4938	6391	0.03143583
4938	4369	0.031435825
4938	4900	0.031435825
4938	79	0.03143582
4938	105	0.03143582
4938	1143	0.03143582
4938	3088	0.03143582
5037	2528	0.027574915
5037	6083	0.027574915
5037	1722	0.027574912
5037	4900	0.027574912
5037	6391	0.027574912
5037	4369	0.02757491
5037	79	0.027574908
5037	1143	0.027574908
5037	3564	0.027574908
5037	3917	0.027574908
5209	6083	0.02565937
5209	2528	0.025659367
5209	1722	0.025659366
5209	4900	0.025659366
5209	4369	0.025659364
5209	6391	0.025659364
5209	79	0.025659362
5209	105	0.025659362
5209	1143	0.025659362
5209	3564	0.025659362
5385	6083	0.026321912
5385	1722	0.02632191
5385	2528	0.02632191
5385	6391	0.026321908
5385	1143	0.026321907
5385	3564	0.026321907
5385	4369	0.026321907
5385	4900	0.026321907
5385	79	0.026321905
5385	105	0.026321903
5439	1722	0.032904785
5439	6083	0.032904785
5439	2528	0.03290478
5439	4369	0.03290478
5439	4900	0.03290478
5439	6391	0.03290478
5439	3564	0.032904778
5439	79	0.032904774
5439	105	0.032904774
5439	804	0.032904774
5476	6083	0.03859213
5476	1722	0.038592126
5476	2528	0.038592126
5476	4369	0.038592122
5476	4900	0.038592122
5476	6391	0.038592122
5476	79	0.038592115
5476	105	0.038592115
5476	804	0.038592115
5476	1143	0.038592115
5499	6083	0.022788411
5499	1722	0.02278841
5499	2528	0.02278841
5499	3564	0.022788405
5499	4369	0.022788405
5499	4900	0.022788405
5499	6391	0.022788405
5499	79	0.022788404
5499	105	0.022788404
5499	1143	0.022788404
5539	6083	0.029367657
5539	1722	0.029367656
5539	2528	0.029367656
5539	4900	0.029367654
5539	6391	0.029367654
5539	4369	0.029367652
5539	105	0.02936765
5539	1143	0.02936765
5539	3564	0.02936765
5539	79	0.029367648
5582	2528	0.033175148
5582	6083	0.033175148
5582	4900	0.033175144
5582	79	0.03317514
5582	105	0.03317514
5582	1143	0.03317514
5582	1722	0.03317514
5582	3564	0.03317514
5582	4369	0.03317514
5582	6391	0.03317514
5665	1722	0.032004975
5665	2528	0.032004975
5665	6083	0.032004975
5665	6391	0.032004975
5665	4369	0.03200497
5665	4900	0.03200497
5665	79	0.032004967
5665	105	0.032004967
5665	1143	0.032004967
5665	3564	0.032004967
5728	6083	0.027102169
5728	2528	0.027102167
5728	1722	0.027102165
5728	4369	0.027102165
5728	4900	0.027102165
5728	6391	0.027102163
5728	79	0.027102161
5728	1143	0.027102161
5728	3564	0.027102161
5728	105	0.02710216
5741	2528	0.034672312
5741	6083	0.034672312
5741	1722	0.03467231
5741	6391	0.03467231
5741	79	0.034672305
5741	1143	0.034672305
5741	3088	0.034672305
5741	3564	0.034672305
5741	4369	0.034672305
5741	4900	0.034672305
5746	2528	0.025681624
5746	6083	0.025681624
5746	1722	0.025681622
5746	4900	0.025681622
5746	6391	0.02568162
5746	79	0.025681619
5746	1143	0.025681619
5746	3564	0.025681619
5746	4369	0.025681619
5746	105	0.025681617
5815	2528	0.03701724
5815	1722	0.037017237
5815	6083	0.037017237
5815	1143	0.037017234
5815	3564	0.037017234
5815	4369	0.037017234
5815	4900	0.037017234
5815	6391	0.037017234
5815	79	0.03701723
5815	105	0.03701723
5903	6083	0.03251193
5903	1722	0.032511927
5903	2528	0.032511927
5903	4900	0.032511927
5903	6391	0.032511927
5903	79	0.032511923
5903	3564	0.032511923
5903	4369	0.032511923
5903	105	0.03251192
5903	804	0.03251192
5963	6083	0.026804052
5963	2528	0.02680405
5963	6391	0.02680405
5963	1722	0.026804049
5963	4369	0.026804049
5963	4900	0.026804049
5963	3564	0.026804047
5963	79	0.026804045
5963	105	0.026804045
5963	1143	0.026804045
6073	6083	0.030739017
6073	2528	0.030739015
6073	1722	0.030739013
6073	6391	0.030739013
6073	4900	0.030739011
6073	1143	0.03073901
6073	3564	0.03073901
6073	4369	0.03073901
6073	79	0.030739006
6073	105	0.030739006
6115	6083	0.029128965
6115	2528	0.029128961
6115	1722	0.02912896
6115	4900	0.02912896
6115	6391	0.02912896
6115	1143	0.029128958
6115	4369	0.029128958
6115	79	0.029128956
6115	3564	0.029128956
6115	105	0.029128954
6238	6083	0.026343025
6238	1722	0.026343023
6238	2528	0.026343023
6238	4369	0.026343022
6238	4900	0.026343022
6238	6391	0.026343022
6238	79	0.026343018
6238	105	0.026343018
6238	3088	0.026343018
6238	3564	0.026343018
6323	6083	0.04191315
6323	2528	0.041913148
6323	1722	0.041913144
6323	4369	0.041913144
6323	4900	0.041913144
6323	6391	0.041913144
6323	1143	0.04191314
6323	79	0.041913137
6323	105	0.041913137
6323	3564	0.041913137
6333	6083	0.037386823
6333	1722	0.03738682
6333	2528	0.03738682
6333	4369	0.03738682
6333	4900	0.03738682
6333	6391	0.03738682
6333	79	0.037386812
6333	105	0.037386812
6333	804	0.037386812
6333	1143	0.037386812
6345	6083	0.026561204
6345	2528	0.026561202
6345	1722	0.0265612
6345	6391	0.0265612
6345	1143	0.026561197
6345	4369	0.026561197
6345	4900	0.026561197
6345	79	0.026561195
6345	105	0.026561195
6345	3564	0.026561195
6431	2528	0.028563466
6431	6083	0.028563466
6431	1722	0.028563462
6431	4900	0.028563462
6431	6391	0.028563462
6431	4369	0.02856346
6431	79	0.028563458
6431	105	0.028563458
6431	1143	0.028563458
6431	3564	0.028563458
6532	6083	0.02692313
6532	2528	0.026923127
6532	1722	0.026923126
6532	1143	0.026923124
6532	4900	0.026923124
6532	6391	0.026923124
6532	3564	0.026923122
6532	4369	0.026923122
6532	79	0.02692312
6532	105	0.02692312
6537	1722	0.031359747
6537	2528	0.031359747
6537	6083	0.031359747
6537	4900	0.031359743
6537	6391	0.031359743
6537	79	0.03135974
6537	105	0.03135974
6537	804	0.03135974
6537	1143	0.03135974
6537	1557	0.03135974
6543	6083	0.036531843
6543	2528	0.03653184
6543	1722	0.036531836
6543	3564	0.036531836
6543	4369	0.036531836
6543	4900	0.036531836
6543	6391	0.036531836
6543	79	0.036531832
6543	105	0.03653183
6543	804	0.03653183
6563	1722	0.03279613
6563	2528	0.03279613
6563	6083	0.03279613
6563	4900	0.032796126
6563	6391	0.032796126
6563	79	0.032796122
6563	105	0.032796122
6563	1143	0.032796122
6563	3088	0.032796122
6563	3564	0.032796122
6564	6083	0.02611265
6564	2528	0.026112648
6564	1722	0.026112646
6564	4900	0.026112646
6564	6391	0.026112646
6564	4369	0.026112644
6564	79	0.026112642
6564	105	0.026112642
6564	1143	0.026112642
6564	3564	0.026112642
6566	2528	0.04021326
6566	1722	0.040213257
6566	4900	0.040213257
6566	6083	0.040213257
6566	6391	0.040213257
6566	4369	0.040213253
6566	79	0.04021325
6566	105	0.04021325
6566	1143	0.04021325
6566	3564	0.04021325
6577	2528	0.023468554
6577	6083	0.023468554
6577	1722	0.02346855
6577	4369	0.02346855
6577	4900	0.02346855
6577	6391	0.02346855
6577	1143	0.023468548
6577	3564	0.023468548
6577	79	0.023468547
6577	105	0.023468547
6611	2528	0.023553053
6611	6083	0.023553053
6611	1722	0.023553051
6611	4900	0.023553051
6611	6391	0.023553051
6611	79	0.023553047
6611	105	0.023553047
6611	1143	0.023553047
6611	3564	0.023553047
6611	4369	0.023553047
6662	6083	0.021897022
6662	2528	0.02189702
6662	1722	0.021897018
6662	4900	0.021897018
6662	6391	0.021897018
6662	4369	0.021897016
6662	79	0.021897014
6662	105	0.021897014
6662	1143	0.021897014
6662	3564	0.021897014
6671	2528	0.018864421
6671	6083	0.018864421
6671	1722	0.01886442
6671	4900	0.01886442
6671	6391	0.01886442
6671	79	0.018864416
6671	105	0.018864416
6671	1143	0.018864416
6671	3088	0.018864416
6671	3564	0.018864416
6679	2528	0.022183962
6679	6083	0.022183962
6679	1722	0.02218396
6679	6391	0.02218396
6679	4369	0.022183958
6679	4900	0.022183958
6679	105	0.022183957
6679	1143	0.022183957
6679	3564	0.022183957
6679	79	0.022183955
6769	6083	0.026386466
6769	2528	0.026386464
6769	1722	0.026386462
6769	4369	0.026386462
6769	4900	0.026386462
6769	6391	0.026386462
6769	79	0.026386458
6769	1143	0.026386458
6769	3564	0.026386458
6769	105	0.026386457
6772	6083	0.032524467
6772	1722	0.032524463
6772	2528	0.032524463
6772	105	0.03252446
6772	1143	0.03252446
6772	4369	0.03252446
6772	4900	0.03252446
6772	6391	0.03252446
6772	79	0.032524455
6772	3564	0.032524455
6789	6083	0.033304214
6789	1722	0.033304207
6789	2528	0.033304207
6789	4900	0.033304207
6789	6391	0.033304207
6789	105	0.033304203
6789	1143	0.033304203
6789	3564	0.033304203
6789	3917	0.033304203
6789	4369	0.033304203
7082	6083	0.032224912
7082	1722	0.03222491
7082	2528	0.03222491
7082	4369	0.032224905
7082	4900	0.032224905
7082	6391	0.032224905
7082	79	0.0322249
7082	105	0.0322249
7082	1143	0.0322249
7082	1557	0.0322249
7105	6083	0.02529094
7105	2528	0.025290938
7105	1722	0.025290936
7105	4900	0.025290936
7105	6391	0.025290936
7105	1143	0.025290934
7105	79	0.025290933
7105	3564	0.025290933
7105	4369	0.025290933
7105	105	0.02529093
7125	6083	0.041474838
7125	1722	0.041474834
7125	2528	0.041474834
7125	6391	0.041474834
7125	4900	0.04147483
7125	79	0.041474827
7125	105	0.041474827
7125	804	0.041474827
7125	1143	0.041474827
7125	3564	0.041474827
7134	6083	0.02545705
7134	2528	0.025457049
7134	1722	0.025457047
7134	4369	0.025457045
7134	4900	0.025457045
7134	6391	0.025457045
7134	105	0.025457043
7134	1143	0.025457043
7134	3564	0.025457043
7134	3917	0.025457043
7158	1722	0.03515768
7158	2528	0.03515768
7158	4900	0.03515768
7158	6083	0.03515768
7158	6391	0.03515768
7158	1143	0.035157677
7158	3564	0.035157677
7158	4369	0.035157677
7158	79	0.035157673
7158	105	0.035157673
7210	6083	0.029742332
7210	1722	0.02974233
7210	2528	0.02974233
7210	6391	0.029742328
7210	4369	0.029742327
7210	4900	0.029742327
7210	79	0.029742323
7210	1143	0.029742323
7210	3564	0.029742323
7210	5896	0.029742323
7283	2528	0.0380703
7283	6083	0.0380703
7283	1722	0.038070295
7283	4900	0.038070295
7283	6391	0.038070295
7283	79	0.03807029
7283	105	0.03807029
7283	1143	0.03807029
7283	4369	0.03807029
7283	804	0.038070288
7286	6083	0.026643824
7286	2528	0.026643822
7286	1722	0.02664382
7286	6391	0.02664382
7286	4900	0.026643818
7286	79	0.026643816
7286	1143	0.026643816
7286	3564	0.026643816
7286	4369	0.026643816
7286	105	0.026643815
7312	6083	0.023652727
7312	2528	0.023652725
7312	4900	0.023652723
7312	6391	0.023652723
7312	1143	0.023652721
7312	3564	0.023652721
7312	4369	0.023652721
7312	79	0.02365272
7312	105	0.02365272
7312	804	0.023652717
7352	2528	0.03059838
7352	6083	0.03059838
7352	1722	0.030598376
7352	4900	0.030598376
7352	6391	0.030598376
7352	4369	0.030598374
7352	79	0.030598372
7352	1143	0.030598372
7352	3564	0.030598372
7352	105	0.03059837
7371	6083	0.026865216
7371	1722	0.026865214
7371	2528	0.026865214
7371	4900	0.026865214
7371	6391	0.026865214
7371	4369	0.026865212
7371	79	0.02686521
7371	105	0.02686521
7371	1143	0.02686521
7371	3564	0.02686521
7569	6083	0.03266538
7569	1722	0.032665376
7569	2528	0.032665376
7569	6391	0.032665376
7569	79	0.032665372
7569	105	0.032665372
7569	1143	0.032665372
7569	3564	0.032665372
7569	3917	0.032665372
7569	4369	0.032665372
7620	2528	0.030825842
7620	6083	0.030825842
7620	1722	0.03082584
7620	4900	0.030825838
7620	6391	0.030825838
7620	105	0.030825835
7620	1143	0.030825835
7620	3564	0.030825835
7620	4369	0.030825835
7620	79	0.030825833
7809	6083	0.023886753
7809	1722	0.023886751
7809	2528	0.023886751
7809	6391	0.023886751
7809	4900	0.02388675
7809	79	0.023886748
7809	105	0.023886748
7809	1143	0.023886748
7809	3564	0.023886748
7809	4369	0.023886748
7841	2528	0.02667934
7841	6083	0.02667934
7841	1722	0.026679337
7841	6391	0.026679337
7841	4369	0.026679335
7841	4900	0.026679335
7841	79	0.026679333
7841	1143	0.026679333
7841	3564	0.026679333
7841	105	0.026679331
7860	6083	0.034598235
7860	1722	0.03459823
7860	2528	0.03459823
7860	4369	0.03459823
7860	4900	0.03459823
7860	6391	0.03459823
7860	1143	0.034598228
7860	3564	0.034598228
7860	79	0.034598224
7860	105	0.034598224
7864	2528	0.017812205
7864	6083	0.017812205
7864	1722	0.017812204
7864	4369	0.017812204
7864	4900	0.017812204
7864	6391	0.017812204
7864	3564	0.017812202
7864	79	0.0178122
7864	105	0.0178122
7864	804	0.0178122
7887	6083	0.033531766
7887	1722	0.033531763
7887	2528	0.033531763
7887	4369	0.033531763
7887	4900	0.033531763
7887	6391	0.033531763
7887	79	0.03353176
7887	3564	0.03353176
7887	105	0.033531755
7887	804	0.033531755
7890	2528	0.023007844
7890	6083	0.023007844
7890	1722	0.02300784
7890	3564	0.02300784
7890	4369	0.02300784
7890	4900	0.02300784
7890	6391	0.02300784
7890	105	0.023007838
7890	1143	0.023007838
7890	79	0.023007836
7913	6083	0.026366951
7913	1722	0.02636695
7913	2528	0.02636695
7913	4900	0.02636695
7913	6391	0.02636695
7913	4369	0.026366947
7913	79	0.026366945
7913	105	0.026366945
7913	1143	0.026366945
7913	3564	0.026366945
7915	2528	0.029163342
7915	6083	0.029163342
7915	1722	0.029163338
7915	4900	0.029163338
7915	6391	0.029163338
7915	4369	0.029163336
7915	79	0.029163335
7915	105	0.029163335
7915	1143	0.029163335
7915	3564	0.029163335
7958	1722	0.03548131
7958	2528	0.03548131
7958	6083	0.03548131
7958	4900	0.035481308
7958	6391	0.035481308
7958	79	0.035481304
7958	105	0.035481304
7958	1143	0.035481304
7958	3564	0.035481304
7958	3917	0.035481304
8019	6083	0.036309525
8019	2528	0.03630952
8019	1722	0.036309518
8019	4369	0.036309518
8019	4900	0.036309518
8019	6391	0.036309518
8019	79	0.036309514
8019	1143	0.036309514
8019	3564	0.036309514
8019	5896	0.036309514
8066	6083	0.029825935
8066	1722	0.029825933
8066	2528	0.029825933
8066	4900	0.029825933
8066	6391	0.029825933
8066	4369	0.029825931
8066	3564	0.02982593
8066	79	0.029825928
8066	105	0.029825928
8066	1143	0.029825928
8067	6083	0.033907566
8067	1722	0.033907562
8067	2528	0.033907562
8067	4900	0.033907562
8067	6391	0.033907562
8067	4369	0.03390756
8067	79	0.033907555
8067	105	0.033907555
8067	1143	0.033907555
8067	3088	0.033907555
8089	2528	0.0320061
8089	6083	0.0320061
8089	1143	0.032006092
8089	1722	0.032006092
8089	3564	0.032006092
8089	4900	0.032006092
8089	6391	0.032006092
8089	79	0.03200609
8089	4369	0.03200609
8089	105	0.032006085
8187	2528	0.03099977
8187	6083	0.03099977
8187	1722	0.030999769
8187	4369	0.030999767
8187	4900	0.030999765
8187	6391	0.030999765
8187	79	0.030999763
8187	1143	0.030999763
8187	3564	0.030999763
8187	105	0.030999761
8188	2528	0.021652266
8188	6083	0.021652266
8188	4900	0.021652265
8188	79	0.021652263
8188	105	0.021652263
8188	1722	0.021652263
8188	4369	0.021652263
8188	6391	0.021652263
8188	3564	0.02165226
8188	3917	0.02165226
8234	6083	0.029442756
8234	2528	0.029442754
8234	1722	0.029442752
8234	6391	0.029442752
8234	4369	0.02944275
8234	4900	0.02944275
8234	79	0.029442746
8234	105	0.029442746
8234	1143	0.029442746
8234	3088	0.029442746
8245	1722	0.03279607
8245	2528	0.03279607
8245	4369	0.03279607
8245	4900	0.03279607
8245	6083	0.03279607
8245	6391	0.03279607
8245	79	0.032796066
8245	105	0.032796063
8245	804	0.032796063
8245	1143	0.032796063
8253	6083	0.038384162
8253	2528	0.03838416
8253	1143	0.038384154
8253	1722	0.038384154
8253	4369	0.038384154
8253	4900	0.038384154
8253	6391	0.038384154
8253	3564	0.03838415
8253	79	0.038384147
8253	105	0.038384147
8255	6083	0.030281978
8255	1722	0.030281976
8255	2528	0.030281976
8255	4900	0.030281974
8255	6391	0.030281974
8255	1143	0.030281972
8255	3564	0.030281972
8255	4369	0.030281972
8255	79	0.03028197
8255	105	0.03028197
8284	2528	0.033427272
8284	6083	0.033427272
8284	1722	0.03342727
8284	4369	0.03342727
8284	4900	0.03342727
8284	6391	0.03342727
8284	79	0.033427265
8284	105	0.03342726
8284	804	0.03342726
8284	1143	0.03342726
8314	6083	0.03143824
8314	2528	0.031438235
8314	1143	0.03143823
8314	1722	0.03143823
8314	3564	0.03143823
8314	4369	0.03143823
8314	4900	0.03143823
8314	6391	0.03143823
8314	79	0.031438228
8314	105	0.031438224
8323	1722	0.032904394
8323	2528	0.032904394
8323	6083	0.032904394
8323	4369	0.03290439
8323	6391	0.03290439
8323	79	0.032904387
8323	105	0.032904387
8323	804	0.032904387
8323	1143	0.032904387
8323	3088	0.032904387
8362	1722	0.036372937
8362	2528	0.036372937
8362	6083	0.036372937
8362	6391	0.036372937
8362	4900	0.036372934
8362	79	0.03637293
8362	105	0.03637293
8362	1143	0.03637293
8362	3564	0.03637293
8362	4369	0.03637293
8454	1722	0.03113323
8454	2528	0.03113323
8454	6083	0.03113323
8454	6391	0.031133229
8454	4369	0.031133227
8454	4900	0.031133227
8454	1143	0.031133225
8454	79	0.031133223
8454	105	0.031133223
8454	3564	0.031133223
8487	6083	0.038645655
8487	2528	0.03864565
8487	1722	0.038645647
8487	4369	0.038645647
8487	4900	0.038645647
8487	6391	0.038645647
8487	79	0.038645644
8487	3564	0.038645644
8487	105	0.03864564
8487	804	0.03864564
8529	6083	0.029075913
8529	2528	0.029075911
8529	1722	0.02907591
8529	4900	0.02907591
8529	6391	0.02907591
8529	79	0.029075906
8529	1143	0.029075906
8529	3564	0.029075906
8529	4369	0.029075906
8529	105	0.029075904
8570	1722	0.023399785
8570	2528	0.023399785
8570	6083	0.023399785
8570	6391	0.023399783
8570	1143	0.023399781
8570	3564	0.023399781
8570	4369	0.023399781
8570	4900	0.023399781
8570	79	0.02339978
8570	105	0.02339978
8680	1722	0.020845111
8680	2528	0.020845111
8680	6083	0.020845111
8680	4369	0.02084511
8680	6391	0.02084511
8680	79	0.020845108
8680	1143	0.020845108
8680	3564	0.020845108
8680	4900	0.020845108
8680	105	0.020845104
8681	1722	0.0386177
8681	2528	0.0386177
8681	4900	0.0386177
8681	6083	0.0386177
8681	6391	0.038617697
8681	79	0.038617693
8681	105	0.038617693
8681	1143	0.038617693
8681	3088	0.038617693
8681	3564	0.038617693
8695	2528	0.0260467
8695	6083	0.0260467
8695	1722	0.026046699
8695	4900	0.026046699
8695	4369	0.026046697
8695	6391	0.026046697
8695	1143	0.026046695
8695	3564	0.026046695
8695	79	0.026046693
8695	105	0.026046693
8734	1722	0.03463962
8734	2528	0.03463962
8734	4369	0.03463962
8734	6083	0.03463962
8734	4900	0.034639616
8734	6391	0.034639616
8734	79	0.03463961
8734	105	0.03463961
8734	1143	0.03463961
8734	3088	0.03463961
8782	2528	0.02249735
8782	6083	0.02249735
8782	1722	0.022497348
8782	4900	0.022497348
8782	6391	0.022497347
8782	105	0.022497345
8782	1143	0.022497345
8782	3564	0.022497345
8782	4369	0.022497345
8782	79	0.022497343
8801	2528	0.033749618
8801	6083	0.033749614
8801	1722	0.03374961
8801	4369	0.03374961
8801	4900	0.03374961
8801	6391	0.03374961
8801	105	0.033749606
8801	1143	0.033749606
8801	3564	0.033749606
8801	5896	0.033749606
8864	6083	0.030461103
8864	2528	0.0304611
8864	1722	0.030461099
8864	4900	0.030461099
8864	6391	0.030461099
8864	1143	0.030461095
8864	3564	0.030461095
8864	4369	0.030461095
8864	79	0.030461093
8864	105	0.030461093
8870	2528	0.02670772
8870	6083	0.02670772
8870	1722	0.026707716
8870	4900	0.026707716
8870	6391	0.026707716
8870	4369	0.026707714
8870	79	0.026707713
8870	105	0.026707713
8870	1143	0.026707713
8870	3564	0.026707713
8872	6083	0.02872815
8872	2528	0.028728148
8872	1722	0.028728146
8872	4369	0.028728146
8872	6391	0.028728146
8872	4900	0.028728144
8872	1143	0.028728142
8872	3564	0.028728142
8872	79	0.02872814
8872	105	0.02872814
8930	2528	0.035501547
8930	6083	0.035501547
8930	1722	0.035501543
8930	79	0.03550154
8930	1143	0.03550154
8930	4369	0.03550154
8930	4900	0.03550154
8930	6391	0.03550154
8930	105	0.035501536
8930	3564	0.035501536
8935	6083	0.0243077
8935	1722	0.024307698
8935	2528	0.024307698
8935	4900	0.024307696
8935	6391	0.024307696
8935	1143	0.024307694
8935	3564	0.024307694
8935	4369	0.024307694
8935	79	0.024307692
8935	105	0.02430769
8936	2528	0.03939665
8936	6083	0.03939665
8936	1722	0.039396647
8936	3564	0.039396644
8936	4369	0.039396644
8936	4900	0.039396644
8936	6391	0.039396644
8936	79	0.03939664
8936	1143	0.03939664
8936	5896	0.03939664
8937	1722	0.03700135
8937	2528	0.03700135
8937	4369	0.03700135
8937	4900	0.03700135
8937	6083	0.03700135
8937	6391	0.03700135
8937	79	0.03700134
8937	105	0.03700134
8937	1143	0.03700134
8937	3564	0.03700134
8971	2528	0.029202376
8971	6083	0.029202376
8971	1722	0.029202374
8971	4369	0.029202372
8971	4900	0.029202372
8971	6391	0.029202372
8971	79	0.029202368
8971	105	0.029202368
8971	1143	0.029202368
8971	3564	0.029202368
9094	2528	0.023655225
9094	6083	0.023655225
9094	1722	0.023655223
9094	4369	0.02365522
9094	4900	0.02365522
9094	6391	0.02365522
9094	3564	0.023655219
9094	79	0.023655217
9094	105	0.023655217
9094	1143	0.023655217
9177	2528	0.029650329
9177	6083	0.029650329
9177	1722	0.029650327
9177	4900	0.029650327
9177	6391	0.029650325
9177	3564	0.029650323
9177	4369	0.029650323
9177	79	0.029650321
9177	105	0.029650321
9177	1143	0.029650321
9226	2528	0.031699885
9226	6083	0.031699885
9226	1722	0.03169988
9226	4369	0.03169988
9226	4900	0.03169988
9226	6391	0.03169988
9226	79	0.031699877
9226	1143	0.031699877
9226	3564	0.031699877
9226	105	0.031699874
9227	6083	0.024890726
9227	1722	0.024890725
9227	2528	0.024890725
9227	4900	0.024890723
9227	79	0.02489072
9227	4369	0.02489072
9227	6391	0.02489072
9227	1143	0.024890719
9227	3564	0.024890719
9227	105	0.024890717
9343	6083	0.02270335
9343	2528	0.022703348
9343	1722	0.022703346
9343	4900	0.022703346
9343	6391	0.022703346
9343	79	0.022703344
9343	1143	0.022703344
9343	4369	0.022703344
9343	105	0.022703342
9343	3088	0.022703342
9354	6083	0.034826342
9354	1722	0.03482634
9354	2528	0.03482634
9354	6391	0.03482634
9354	4900	0.034826335
9354	79	0.03482633
9354	105	0.03482633
9354	804	0.03482633
9354	1143	0.03482633
9354	3088	0.03482633
9381	1722	0.035320677
9381	2528	0.035320677
9381	6083	0.035320677
9381	4900	0.035320673
9381	6391	0.035320673
9381	79	0.03532067
9381	105	0.03532067
9381	1143	0.03532067
9381	3088	0.03532067
9381	3564	0.03532067
9417	6083	0.034146078
9417	1722	0.03414607
9417	2528	0.03414607
9417	6391	0.03414607
9417	4369	0.034146067
9417	4900	0.034146067
9417	79	0.034146063
9417	105	0.034146063
9417	1143	0.034146063
9417	3088	0.034146063
9454	1722	0.03192479
9454	2528	0.03192479
9454	6083	0.03192479
9454	4900	0.031924788
9454	79	0.031924784
9454	105	0.031924784
9454	1143	0.031924784
9454	4369	0.031924784
9454	6391	0.031924784
9454	804	0.03192478
9568	2528	0.0238548
9568	6083	0.0238548
9568	1722	0.023854798
9568	4900	0.023854796
9568	6391	0.023854796
9568	79	0.023854794
9568	1143	0.023854794
9568	3564	0.023854794
9568	4369	0.023854794
9568	105	0.023854792
9574	2528	0.025472779
9574	6083	0.025472779
9574	1722	0.025472775
9574	4369	0.025472775
9574	4900	0.025472775
9574	6391	0.025472775
9574	79	0.025472771
9574	105	0.025472771
9574	1143	0.025472771
9574	3088	0.025472771
9613	2528	0.033348165
9613	6083	0.033348165
9613	1722	0.03334816
9613	79	0.033348158
9613	105	0.033348158
9613	1143	0.033348158
9613	3564	0.033348158
9613	4369	0.033348158
9613	4900	0.033348158
9613	6391	0.033348158
9747	2528	0.034103043
9747	6083	0.034103043
9747	1722	0.03410304
9747	1143	0.034103036
9747	3564	0.034103036
9747	4369	0.034103036
9747	4900	0.034103036
9747	6391	0.034103036
9747	79	0.034103032
9747	105	0.034103032
9856	2528	0.04339789
9856	6083	0.04339789
9856	1722	0.043397885
9856	4900	0.043397885
9856	1143	0.04339788
9856	4369	0.04339788
9856	6391	0.04339788
9856	79	0.043397877
9856	3564	0.043397877
9856	105	0.043397874
9908	6083	0.036854923
9908	1722	0.03685492
9908	2528	0.03685492
9908	1143	0.036854915
9908	4369	0.036854915
9908	4900	0.036854915
9908	6391	0.036854915
9908	79	0.03685491
9908	3564	0.03685491
9908	105	0.036854908
10030	1722	0.026873603
10030	6083	0.026873603
10030	2528	0.026873602
10030	3564	0.0268736
10030	4369	0.0268736
10030	4900	0.0268736
10030	6391	0.0268736
10030	1143	0.026873598
10030	79	0.026873596
10030	105	0.026873596
10118	6083	0.030358944
10118	2528	0.030358942
10118	1722	0.03035894
10118	6391	0.03035894
10118	4369	0.030358939
10118	4900	0.030358939
10118	1143	0.030358937
10118	3564	0.030358937
10118	79	0.030358935
10118	105	0.030358935
10199	2528	0.028982539
10199	6083	0.028982539
10199	1722	0.028982537
10199	6391	0.028982537
10199	4369	0.028982535
10199	4900	0.028982535
10199	3564	0.028982533
10199	79	0.028982531
10199	105	0.028982531
10199	1143	0.028982531
10241	2528	0.023211926
10241	6083	0.023211926
10241	1722	0.023211922
10241	6391	0.023211922
10241	4900	0.02321192
10241	79	0.023211919
10241	105	0.023211919
10241	1143	0.023211919
10241	3564	0.023211919
10241	3917	0.023211919
10314	1722	0.034156553
10314	2528	0.034156553
10314	6083	0.034156553
10314	4369	0.03415655
10314	4900	0.03415655
10314	6391	0.03415655
10314	79	0.034156546
10314	1143	0.034156546
10314	3564	0.034156546
10314	3917	0.034156546
10315	2528	0.03273661
10315	6083	0.032736607
10315	1722	0.032736603
10315	3564	0.032736603
10315	4369	0.032736603
10315	4900	0.032736603
10315	6391	0.032736603
10315	79	0.0327366
10315	105	0.0327366
10315	804	0.0327366
10354	6083	0.040767673
10354	1722	0.04076767
10354	2528	0.04076767
10354	4900	0.04076767
10354	6391	0.04076767
10354	4369	0.040767666
10354	79	0.040767662
10354	1143	0.040767662
10354	3088	0.040767662
10354	3564	0.040767662
10447	6083	0.04065547
10447	2528	0.040655468
10447	1722	0.040655464
10447	4369	0.040655464
10447	4900	0.040655464
10447	6391	0.040655464
10447	79	0.04065546
10447	1143	0.04065546
10447	3564	0.04065546
10447	105	0.040655456
10532	1722	0.031253584
10532	2528	0.031253584
10532	6083	0.031253584
10532	4369	0.03125358
10532	4900	0.03125358
10532	6391	0.03125358
10532	79	0.031253576
10532	105	0.031253576
10532	1143	0.031253576
10532	3564	0.031253576
10560	2528	0.038861483
10560	6083	0.038861483
10560	1722	0.038861476
10560	4369	0.038861476
10560	4900	0.038861476
10560	6391	0.038861476
10560	79	0.038861472
10560	1143	0.038861472
10560	3564	0.038861472
10560	105	0.03886147
10607	2528	0.02801923
10607	6083	0.02801923
10607	1722	0.028019227
10607	4900	0.028019227
10607	6391	0.028019227
10607	4369	0.028019225
10607	79	0.028019223
10607	105	0.028019223
10607	1143	0.028019223
10607	3564	0.028019223
10668	6083	0.04307492
10668	1722	0.043074913
10668	2528	0.043074913
10668	4369	0.043074913
10668	4900	0.043074913
10668	6391	0.043074913
10668	79	0.043074906
10668	105	0.043074906
10668	1143	0.043074906
10668	3564	0.043074906
10699	2528	0.033447754
10699	6083	0.033447754
10699	1722	0.03344775
10699	4900	0.03344775
10699	6391	0.03344775
10699	1143	0.033447746
10699	3564	0.033447746
10699	4369	0.033447746
10699	79	0.033447742
10699	105	0.033447742
10819	6083	0.032723583
10819	1722	0.032723576
10819	2528	0.032723576
10819	4900	0.032723576
10819	6391	0.032723576
10819	79	0.032723572
10819	1143	0.032723572
10819	4369	0.032723572
10819	105	0.03272357
10819	804	0.03272357
10946	2528	0.031073393
10946	6083	0.031073393
10946	1722	0.031073391
10946	6391	0.03107339
10946	3564	0.031073388
10946	4369	0.031073388
10946	4900	0.031073388
10946	79	0.031073386
10946	1143	0.031073386
10946	105	0.031073384
10949	6083	0.041957565
10949	1722	0.04195756
10949	2528	0.04195756
10949	3564	0.041957557
10949	4369	0.041957557
10949	4900	0.041957557
10949	6391	0.041957557
10949	79	0.04195755
10949	105	0.04195755
10949	804	0.04195755
11070	2528	0.021913283
11070	6083	0.021913283
11070	1722	0.021913279
11070	4900	0.021913279
11070	6391	0.021913279
11070	3564	0.021913277
11070	4369	0.021913277
11070	79	0.021913275
11070	105	0.021913275
11070	1143	0.021913275
11120	6083	0.020858184
11120	2528	0.020858182
11120	1722	0.02085818
11120	4900	0.02085818
11120	6391	0.02085818
11120	3564	0.020858178
11120	4369	0.020858178
11120	79	0.020858176
11120	105	0.020858176
11120	804	0.020858176
11224	6083	0.025055727
11224	1722	0.025055725
11224	2528	0.025055725
11224	4369	0.025055723
11224	4900	0.025055723
11224	6391	0.025055723
11224	1143	0.025055721
11224	3564	0.025055721
11224	79	0.02505572
11224	105	0.02505572
11245	6083	0.026792906
11245	2528	0.026792904
11245	1722	0.026792902
11245	4369	0.026792902
11245	4900	0.026792902
11245	6391	0.026792902
11245	1143	0.0267929
11245	79	0.026792899
11245	105	0.026792899
11245	3564	0.026792899
11362	6083	0.029236216
11362	2528	0.029236214
11362	1722	0.029236212
11362	4900	0.029236212
11362	6391	0.029236212
11362	4369	0.02923621
11362	1143	0.029236209
11362	3564	0.029236209
11362	79	0.029236207
11362	105	0.029236207
11400	6083	0.02495909
11400	1722	0.024959087
11400	2528	0.024959087
11400	4900	0.024959086
11400	1143	0.024959084
11400	3564	0.024959084
11400	6391	0.024959084
11400	79	0.024959082
11400	4369	0.024959082
11400	105	0.02495908
11529	6083	0.03129146
11529	1722	0.031291455
11529	2528	0.031291455
11529	4900	0.031291455
11529	6391	0.031291455
11529	4369	0.03129145
11529	79	0.031291448
11529	105	0.031291448
11529	804	0.031291448
11529	1143	0.031291448
11601	2528	0.032738388
11601	6083	0.032738388
11601	1722	0.032738384
11601	6391	0.032738384
11601	3564	0.03273838
11601	4369	0.03273838
11601	4900	0.03273838
11601	79	0.032738376
11601	105	0.032738376
11601	1143	0.032738376
11621	2528	0.02668319
11621	6083	0.02668319
11621	1722	0.026683189
11621	6391	0.026683189
11621	4900	0.026683187
11621	79	0.026683185
11621	3564	0.026683185
11621	4369	0.026683185
11621	105	0.026683183
11621	1143	0.026683183
11629	6083	0.02879379
11629	2528	0.028793788
11629	1722	0.028793786
11629	4900	0.028793786
11629	6391	0.028793786
11629	79	0.028793782
11629	3564	0.028793782
11629	4369	0.028793782
11629	1143	0.02879378
11629	5896	0.02879378
11638	1722	0.037866622
11638	2528	0.037866622
11638	6083	0.037866622
11638	4900	0.03786662
11638	6391	0.03786662
11638	79	0.037866615
11638	105	0.037866615
11638	3564	0.037866615
11638	3917	0.037866615
11638	4369	0.037866615
11657	2528	0.024538435
11657	6083	0.024538435
11657	1722	0.024538433
11657	1143	0.024538431
11657	4369	0.024538431
11657	4900	0.024538431
11657	6391	0.024538431
11657	79	0.02453843
11657	3564	0.02453843
11657	105	0.024538428
11687	2528	0.02817924
11687	6083	0.02817924
11687	1722	0.028179238
11687	4900	0.028179238
11687	6391	0.028179236
11687	1143	0.028179234
11687	3564	0.028179234
11687	4369	0.028179234
11687	79	0.028179232
11687	105	0.028179232
11708	2528	0.027497835
11708	6083	0.027497835
11708	1722	0.027497834
11708	4369	0.027497832
11708	4900	0.027497832
11708	6391	0.027497832
11708	1143	0.02749783
11708	79	0.027497828
11708	105	0.027497828
11708	3564	0.027497828
11718	2528	0.04170493
11718	6083	0.04170493
11718	1722	0.041704927
11718	4369	0.041704927
11718	4900	0.041704927
11718	79	0.041704923
11718	1143	0.041704923
11718	3564	0.041704923
11718	6391	0.041704923
11718	105	0.04170492
11724	2528	0.040587403
11724	6083	0.040587403
11724	1722	0.0405874
11724	4900	0.0405874
11724	6391	0.0405874
11724	79	0.040587395
11724	1143	0.040587395
11724	3564	0.040587395
11724	4369	0.040587395
11724	105	0.04058739
11788	1722	0.03450896
11788	2528	0.03450896
11788	6083	0.03450896
11788	4369	0.034508955
11788	6391	0.034508955
11788	79	0.03450895
11788	105	0.03450895
11788	1143	0.03450895
11788	3564	0.03450895
11788	3917	0.03450895
11832	1722	0.025875323
11832	2528	0.025875323
11832	6083	0.025875323
11832	4900	0.02587532
11832	6391	0.02587532
11832	3564	0.025875319
11832	4369	0.025875319
11832	79	0.025875317
11832	1143	0.025875317
11832	105	0.025875315
11916	6083	0.0279334
11916	2528	0.027933398
11916	1722	0.027933396
11916	4900	0.027933396
11916	6391	0.027933396
11916	4369	0.027933395
11916	79	0.027933393
11916	105	0.027933393
11916	1143	0.027933393
11916	3564	0.027933393
11944	2528	0.031320844
11944	6083	0.031320844
11944	6391	0.031320844
11944	79	0.03132084
11944	1143	0.03132084
11944	1722	0.03132084
11944	3564	0.03132084
11944	4369	0.03132084
11944	4900	0.03132084
11944	105	0.031320836
11993	2528	0.047620513
11993	6083	0.047620513
11993	1722	0.04762051
11993	4900	0.04762051
11993	1143	0.047620505
11993	4369	0.047620505
11993	6391	0.047620505
11993	79	0.0476205
11993	3564	0.0476205
11993	105	0.047620498
12100	1722	0.033792883
12100	2528	0.033792883
12100	6083	0.033792883
12100	4900	0.03379288
12100	79	0.033792876
12100	1143	0.033792876
12100	4369	0.033792876
12100	6391	0.033792876
12100	105	0.033792872
12100	804	0.033792872
12123	2528	0.030609947
12123	6083	0.030609947
12123	1722	0.030609943
12123	4900	0.030609943
12123	6391	0.030609943
12123	3564	0.030609941
12123	4369	0.030609941
12123	105	0.03060994
12123	1143	0.03060994
12123	79	0.030609937
12154	6083	0.03327463
12154	1722	0.03327462
12154	2528	0.03327462
12154	4900	0.03327462
12154	6391	0.03327462
12154	1143	0.033274617
12154	3564	0.033274617
12154	4369	0.033274617
12154	79	0.033274613
12154	105	0.033274613
12194	6083	0.0304609
12194	2528	0.030460898
12194	1722	0.030460896
12194	4369	0.030460894
12194	4900	0.030460894
12194	6391	0.030460894
12194	79	0.03046089
12194	105	0.03046089
12194	1143	0.03046089
12194	3564	0.03046089
12272	2528	0.024314027
12272	6083	0.024314027
12272	1722	0.024314024
12272	4900	0.024314024
12272	6391	0.024314024
12272	1143	0.024314022
12272	4369	0.024314022
12272	79	0.02431402
12272	105	0.02431402
12272	3564	0.02431402
12316	2528	0.033684656
12316	6083	0.033684656
12316	1722	0.033684652
12316	4900	0.033684652
12316	6391	0.033684652
12316	105	0.03368465
12316	1143	0.03368465
12316	3564	0.03368465
12316	4369	0.03368465
12316	5896	0.03368465
12348	1722	0.031434283
12348	2528	0.031434283
12348	4369	0.031434283
12348	6083	0.031434283
12348	4900	0.03143428
12348	6391	0.03143428
12348	79	0.031434275
12348	105	0.031434275
12348	804	0.031434275
12348	1143	0.031434275
12515	2528	0.028810825
12515	6083	0.028810823
12515	1722	0.028810821
12515	4900	0.028810821
12515	4369	0.02881082
12515	6391	0.02881082
12515	79	0.028810818
12515	1143	0.028810816
12515	3564	0.028810816
12515	105	0.028810814
12538	1722	0.03890013
12538	6083	0.03890013
12538	4900	0.038900126
12538	6391	0.038900126
12538	1143	0.038900122
12538	3564	0.038900122
12538	4369	0.038900122
12538	79	0.03890012
12538	105	0.03890012
12538	5308	0.03890012
12569	2528	0.034947187
12569	6083	0.034947187
12569	1722	0.034947183
12569	105	0.03494718
12569	1143	0.03494718
12569	3564	0.03494718
12569	4369	0.03494718
12569	4900	0.03494718
12569	6391	0.03494718
12569	79	0.034947176
12619	6083	0.030790102
12619	2528	0.0307901
12619	1722	0.030790098
12619	4369	0.030790096
12619	4900	0.030790096
12619	6391	0.030790096
12619	1143	0.030790092
12619	3564	0.030790092
12619	79	0.03079009
12619	105	0.03079009
12698	6083	0.028050704
12698	1722	0.028050702
12698	2528	0.028050702
12698	4369	0.028050698
12698	4900	0.028050698
12698	6391	0.028050698
12698	79	0.028050695
12698	105	0.028050695
12698	1143	0.028050695
12698	3564	0.028050695
12702	2528	0.02364847
12702	6083	0.02364847
12702	1722	0.023648469
12702	4900	0.023648469
12702	6391	0.023648469
12702	3564	0.023648467
12702	4369	0.023648467
12702	79	0.023648465
12702	105	0.023648465
12702	1143	0.023648465
12707	6083	0.030102767
12707	1722	0.030102765
12707	2528	0.030102765
12707	4900	0.030102763
12707	6391	0.030102763
12707	79	0.03010276
12707	105	0.03010276
12707	1143	0.03010276
12707	3564	0.03010276
12707	4369	0.03010276
12784	2528	0.029604759
12784	6083	0.029604759
12784	1722	0.029604755
12784	4900	0.029604755
12784	6391	0.029604755
12784	4369	0.029604753
12784	79	0.029604752
12784	105	0.029604752
12784	1143	0.029604752
12784	3564	0.029604752
12811	2528	0.020560293
12811	1722	0.02056029
12811	4900	0.02056029
12811	6083	0.02056029
12811	4369	0.020560289
12811	6391	0.020560289
12811	79	0.020560287
12811	105	0.020560287
12811	1143	0.020560287
12811	3564	0.020560287
12824	2528	0.0387125
12824	4900	0.0387125
12824	6083	0.0387125
12824	6391	0.0387125
12824	1722	0.038712498
12824	79	0.038712494
12824	105	0.038712494
12824	3088	0.038712494
12824	3564	0.038712494
12824	4369	0.038712494
12863	2528	0.027597906
12863	6083	0.027597904
12863	1722	0.027597902
12863	4369	0.0275979
12863	4900	0.0275979
12863	6391	0.0275979
12863	3564	0.027597899
12863	79	0.027597897
12863	105	0.027597897
12863	1143	0.027597897
12917	1722	0.02449039
12917	2528	0.02449039
12917	4900	0.02449039
12917	6083	0.02449039
12917	6391	0.024490388
12917	1143	0.024490386
12917	3564	0.024490386
12917	4369	0.024490386
12917	79	0.024490384
12917	105	0.024490384
12982	6083	0.036308493
12982	1722	0.03630849
12982	2528	0.03630849
12982	4369	0.03630849
12982	4900	0.03630849
12982	6391	0.03630849
12982	79	0.036308482
12982	105	0.036308482
12982	804	0.036308482
12982	1143	0.036308482
12990	2528	0.024847755
12990	6083	0.024847755
12990	1722	0.024847753
12990	6391	0.024847753
12990	4369	0.024847751
12990	4900	0.024847751
12990	79	0.02484775
12990	3564	0.02484775
12990	105	0.024847748
12990	1143	0.024847748
13080	2528	0.027445596
13080	6083	0.027445596
13080	1722	0.027445594
13080	4369	0.027445592
13080	4900	0.027445592
13080	6391	0.027445592
13080	3564	0.02744559
13080	79	0.027445588
13080	105	0.027445588
13080	1143	0.027445588
13082	2528	0.038073115
13082	6083	0.038073115
13082	1722	0.038073108
13082	3564	0.038073108
13082	4369	0.038073108
13082	4900	0.038073108
13082	6391	0.038073108
13082	1143	0.038073104
13082	79	0.0380731
13082	105	0.0380731
13093	2528	0.032200094
13093	1722	0.03220009
13093	4369	0.03220009
13093	4900	0.03220009
13093	6083	0.03220009
13093	6391	0.03220009
13093	3564	0.032200087
13093	79	0.032200083
13093	105	0.032200083
13093	804	0.032200083
13094	2528	0.033114508
13094	6083	0.033114508
13094	1722	0.033114504
13094	4900	0.033114504
13094	6391	0.033114504
13094	79	0.0331145
13094	1143	0.0331145
13094	3564	0.0331145
13094	3917	0.0331145
13094	4369	0.0331145
13126	6083	0.03326584
13126	1722	0.033265837
13126	2528	0.033265837
13126	4900	0.033265837
13126	6391	0.033265837
13126	1143	0.033265833
13126	3564	0.033265833
13126	4369	0.033265833
13126	79	0.03326583
13126	105	0.03326583
13221	2528	0.026785318
13221	6083	0.026785318
13221	1722	0.026785316
13221	4369	0.026785314
13221	4900	0.026785314
13221	6391	0.026785314
13221	3564	0.026785312
13221	79	0.02678531
13221	105	0.02678531
13221	1143	0.02678531
13273	1722	0.034122758
13273	2528	0.034122758
13273	4900	0.034122758
13273	6083	0.034122758
13273	6391	0.034122758
13273	4369	0.034122754
13273	79	0.03412275
13273	105	0.03412275
13273	804	0.03412275
13273	1143	0.03412275
13279	2528	0.026527818
13279	6083	0.026527818
13279	1722	0.026527816
13279	4900	0.026527816
13279	6391	0.026527816
13279	4369	0.026527815
13279	3564	0.026527813
13279	79	0.02652781
13279	105	0.02652781
13279	804	0.02652781
13331	1722	0.032651402
13331	2528	0.032651402
13331	4369	0.032651402
13331	6083	0.032651402
13331	6391	0.032651402
13331	4900	0.0326514
13331	79	0.032651395
13331	105	0.032651395
13331	804	0.032651395
13331	1143	0.032651395
13518	2528	0.026617311
13518	6083	0.026617311
13518	1722	0.02661731
13518	4369	0.026617307
13518	4900	0.026617307
13518	6391	0.026617307
13518	79	0.026617305
13518	1143	0.026617305
13518	3564	0.026617305
13518	105	0.026617303
13551	6083	0.035811216
13551	2528	0.035811212
13551	6391	0.035811212
13551	79	0.03581121
13551	105	0.03581121
13551	1722	0.03581121
13551	3564	0.03581121
13551	4369	0.03581121
13551	4900	0.03581121
13551	1143	0.035811204
13582	6083	0.04024515
13582	1722	0.040245146
13582	2528	0.040245146
13582	4900	0.040245146
13582	6391	0.040245146
13582	4369	0.04024514
13582	79	0.040245138
13582	105	0.040245138
13582	1143	0.040245138
13582	3088	0.040245138
13600	2528	0.03494369
13600	6083	0.03494369
13600	1722	0.034943685
13600	4369	0.034943685
13600	4900	0.034943685
13600	6391	0.034943685
13600	79	0.03494368
13600	105	0.03494368
13600	1143	0.03494368
13600	3564	0.03494368
13604	1722	0.024756538
13604	2528	0.024756538
13604	6083	0.024756538
13604	4900	0.024756536
13604	6391	0.024756536
13604	4369	0.024756534
13604	79	0.024756532
13604	105	0.024756532
13604	1143	0.024756532
13604	3564	0.024756532
13664	1722	0.033010222
13664	2528	0.033010222
13664	6083	0.033010222
13664	4900	0.03301022
13664	6391	0.03301022
13664	79	0.033010215
13664	1143	0.033010215
13664	4369	0.033010215
13664	105	0.03301021
13664	1557	0.03301021
13666	2528	0.028410036
13666	6083	0.028410036
13666	1722	0.028410034
13666	4369	0.028410032
13666	4900	0.028410032
13666	6391	0.028410032
13666	79	0.028410029
13666	105	0.028410029
13666	1143	0.028410029
13666	3564	0.028410029
13733	6083	0.030622328
13733	2528	0.030622326
13733	1722	0.030622324
13733	4369	0.030622322
13733	4900	0.030622322
13733	6391	0.030622322
13733	79	0.03062232
13733	105	0.030622318
13733	1143	0.030622318
13733	3564	0.030622318
13850	6083	0.028661974
13850	2528	0.028661972
13850	1722	0.02866197
13850	4369	0.028661968
13850	4900	0.028661968
13850	6391	0.028661968
13850	79	0.028661966
13850	1143	0.028661966
13850	3564	0.028661966
13850	105	0.028661964
13973	6083	0.026800092
13973	2528	0.02680009
13973	1722	0.026800089
13973	4369	0.026800089
13973	4900	0.026800089
13973	6391	0.026800089
13973	79	0.026800085
13973	105	0.026800085
13973	1143	0.026800085
13973	3564	0.026800085
13995	2528	0.032440014
13995	6083	0.03244001
13995	1722	0.032440007
13995	3564	0.032440007
13995	4369	0.032440007
13995	4900	0.032440007
13995	6391	0.032440007
13995	79	0.032440003
13995	105	0.032440003
13995	1143	0.032440003
14049	2528	0.0301475
14049	6083	0.0301475
14049	1722	0.030147497
14049	4900	0.030147497
14049	6391	0.030147497
14049	1143	0.030147495
14049	4369	0.030147495
14049	79	0.030147493
14049	105	0.030147493
14049	3564	0.030147493
14180	6083	0.02705102
14180	2528	0.027051019
14180	1722	0.027051017
14180	4900	0.027051015
14180	6391	0.027051015
14180	79	0.027051013
14180	3564	0.027051013
14180	4369	0.027051013
14180	105	0.027051011
14180	1143	0.027051011
14271	1722	0.03406234
14271	2528	0.03406234
14271	4900	0.03406234
14271	6083	0.03406234
14271	6391	0.03406234
14271	79	0.034062333
14271	105	0.034062333
14271	804	0.034062333
14271	1143	0.034062333
14271	3564	0.034062333
14374	2528	0.0292764
14374	6083	0.0292764
14374	1722	0.029276397
14374	4900	0.029276397
14374	6391	0.029276397
14374	4369	0.029276395
14374	79	0.029276393
14374	105	0.029276393
14374	1143	0.029276393
14374	3564	0.029276393
14387	2528	0.028326109
14387	6083	0.028326109
14387	1722	0.028326107
14387	4900	0.028326107
14387	6391	0.028326107
14387	4369	0.028326105
14387	79	0.028326102
14387	105	0.028326102
14387	1143	0.028326102
14387	3088	0.028326102
14393	1722	0.023970764
14393	2528	0.023970764
14393	6083	0.023970764
14393	4900	0.023970762
14393	6391	0.023970762
14393	79	0.02397076
14393	4369	0.02397076
14393	1143	0.023970759
14393	3564	0.023970759
14393	105	0.023970757
14422	2528	0.036256153
14422	1722	0.03625615
14422	6083	0.03625615
14422	6391	0.03625615
14422	79	0.036256146
14422	1143	0.036256146
14422	4900	0.036256146
14422	105	0.036256142
14422	804	0.036256142
14422	3088	0.036256142
14456	2528	0.035327137
14456	6083	0.035327137
14456	1722	0.035327133
14456	4900	0.035327133
14456	6391	0.035327133
14456	79	0.03532713
14456	1143	0.03532713
14456	3564	0.03532713
14456	4369	0.03532713
14456	105	0.035327125
14461	2528	0.03302955
14461	6083	0.03302955
14461	1722	0.033029545
14461	4900	0.033029545
14461	79	0.03302954
14461	105	0.03302954
14461	1143	0.03302954
14461	3564	0.03302954
14461	3978	0.03302954
14461	4369	0.03302954
14521	6083	0.04473686
14521	1722	0.044736855
14521	2528	0.044736855
14521	4900	0.044736855
14521	6391	0.044736855
14521	4369	0.04473685
14521	79	0.044736847
14521	105	0.044736847
14521	1143	0.044736847
14521	3564	0.044736847
14638	2528	0.026470356
14638	6083	0.026470356
14638	1722	0.026470354
14638	6391	0.026470354
14638	4369	0.026470352
14638	4900	0.026470352
14638	3564	0.02647035
14638	79	0.026470348
14638	105	0.026470348
14638	804	0.026470348
14667	1722	0.031449266
14667	2528	0.031449266
14667	6083	0.031449266
14667	4369	0.031449262
14667	6391	0.031449262
14667	79	0.03144926
14667	105	0.03144926
14667	1143	0.03144926
14667	3088	0.03144926
14667	3564	0.03144926
14698	1722	0.03235797
14698	2528	0.03235797
14698	4900	0.03235797
14698	6083	0.03235797
14698	6391	0.03235797
14698	4369	0.032357965
14698	79	0.03235796
14698	105	0.03235796
14698	804	0.03235796
14698	1143	0.03235796
14744	6083	0.03336173
14744	1722	0.033361726
14744	2528	0.033361726
14744	4900	0.033361726
14744	6391	0.033361726
14744	4369	0.03336172
14744	79	0.033361718
14744	105	0.033361718
14744	804	0.033361718
14744	1143	0.033361718
14768	6083	0.025891818
14768	1722	0.025891814
14768	2528	0.025891814
14768	4900	0.025891813
14768	6391	0.025891813
14768	79	0.02589181
14768	105	0.02589181
14768	1143	0.02589181
14768	3564	0.02589181
14768	4369	0.02589181
14897	2528	0.022069726
14897	6083	0.022069726
14897	1722	0.022069724
14897	4900	0.022069722
14897	6391	0.022069722
14897	3564	0.02206972
14897	4369	0.02206972
14897	79	0.022069719
14897	105	0.022069719
14897	804	0.022069719
15021	6083	0.028057253
15021	2528	0.028057251
15021	4900	0.02805725
15021	1722	0.028057247
15021	4369	0.028057247
15021	6391	0.028057247
15021	3564	0.028057246
15021	79	0.028057244
15021	105	0.028057244
15021	1143	0.028057244
15046	6083	0.029872641
15046	1722	0.029872637
15046	2528	0.029872637
15046	4900	0.029872637
15046	6391	0.029872635
15046	3564	0.029872634
15046	4369	0.029872634
15046	79	0.029872632
15046	1143	0.029872632
15046	105	0.02987263
15049	2528	0.020998575
15049	6083	0.020998575
15049	1722	0.020998573
15049	4900	0.020998573
15049	6391	0.020998573
15049	105	0.020998571
15049	3564	0.020998571
15049	4369	0.020998571
15049	79	0.02099857
15049	1143	0.02099857
15144	6083	0.021130174
15144	2528	0.021130173
15144	1722	0.02113017
15144	4900	0.02113017
15144	6391	0.02113017
15144	79	0.021130169
15144	1143	0.021130169
15144	3564	0.021130169
15144	4369	0.021130169
15144	105	0.021130167
15408	2528	0.033599757
15408	6083	0.033599757
15408	1722	0.033599753
15408	4900	0.033599753
15408	6391	0.033599753
15408	79	0.03359975
15408	105	0.03359975
15408	1143	0.03359975
15408	1557	0.03359975
15408	3564	0.03359975
15418	2528	0.04923562
15418	6083	0.04923562
15418	1722	0.049235616
15418	1143	0.049235612
15418	4900	0.049235612
15418	6391	0.049235612
15418	3564	0.04923561
15418	4369	0.04923561
15418	79	0.049235605
15418	105	0.049235605
15497	6083	0.03189054
15497	2528	0.031890538
15497	1722	0.031890534
15497	4369	0.031890534
15497	4900	0.031890534
15497	6391	0.031890534
15497	79	0.03189053
15497	3564	0.03189053
15497	105	0.031890526
15497	804	0.031890526
15602	2528	0.028272346
15602	6083	0.028272346
15602	1722	0.028272342
15602	4369	0.028272342
15602	4900	0.028272342
15602	6391	0.028272342
15602	3564	0.02827234
15602	79	0.028272338
15602	105	0.028272338
15602	1143	0.028272338
15651	6083	0.023356171
15651	1722	0.02335617
15651	2528	0.02335617
15651	4369	0.02335617
15651	4900	0.02335617
15651	6391	0.02335617
15651	79	0.023356166
15651	105	0.023356166
15651	1143	0.023356166
15651	3564	0.023356166
15654	2528	0.02486447
15654	6083	0.02486447
15654	1722	0.024864469
15654	4900	0.024864469
15654	6391	0.024864469
15654	3564	0.024864467
15654	4369	0.024864467
15654	79	0.024864465
15654	105	0.024864465
15654	1143	0.024864465
15670	2528	0.03010546
15670	6083	0.030105459
15670	1722	0.030105457
15670	4369	0.030105457
15670	4900	0.030105457
15670	6391	0.030105455
15670	79	0.030105453
15670	3564	0.030105453
15670	105	0.030105451
15670	1143	0.030105451
15819	6083	0.029309131
15819	2528	0.029309127
15819	1722	0.029309126
15819	4900	0.029309126
15819	6391	0.029309126
15819	4369	0.029309124
15819	79	0.02930912
15819	105	0.02930912
15819	1143	0.02930912
15819	3088	0.02930912
15845	2528	0.039054617
15845	6083	0.039054617
15845	6391	0.039054614
15845	1722	0.03905461
15845	4369	0.03905461
15845	4900	0.03905461
15845	79	0.039054606
15845	3564	0.039054606
15845	105	0.039054602
15845	804	0.039054602
15945	6083	0.02274821
15945	2528	0.022748208
15945	1722	0.022748206
15945	4369	0.022748206
15945	4900	0.022748206
15945	6391	0.022748206
15945	79	0.022748204
15945	3564	0.022748204
15945	105	0.022748202
15945	804	0.022748202
15957	2528	0.032250036
15957	6083	0.032250036
15957	1722	0.03225003
15957	4369	0.03225003
15957	4900	0.03225003
15957	6391	0.03225003
15957	79	0.032250028
15957	105	0.032250024
15957	804	0.032250024
15957	1143	0.032250024
16009	6083	0.03273631
16009	2528	0.032736305
16009	79	0.0327363
16009	1722	0.0327363
16009	3564	0.0327363
16009	4369	0.0327363
16009	4900	0.0327363
16009	6391	0.0327363
16009	1143	0.032736298
16009	3917	0.032736298
16010	1722	0.024981406
16010	2528	0.024981406
16010	6083	0.024981406
16010	4900	0.024981404
16010	6391	0.024981404
16010	1143	0.024981402
16010	3564	0.024981402
16010	4369	0.024981402
16010	79	0.0249814
16010	105	0.0249814
16036	6083	0.034403708
16036	1722	0.034403704
16036	2528	0.034403704
16036	6391	0.034403704
16036	79	0.0344037
16036	4369	0.0344037
16036	4900	0.0344037
16036	105	0.034403697
16036	804	0.034403697
16036	1143	0.034403697
16046	6083	0.022472806
16046	2528	0.022472804
16046	1722	0.022472803
16046	4900	0.022472803
16046	6391	0.022472803
16046	79	0.022472799
16046	105	0.022472799
16046	1143	0.022472799
16046	3564	0.022472799
16046	3917	0.022472799
16106	6083	0.033066195
16106	1722	0.03306619
16106	2528	0.03306619
16106	6391	0.03306619
16106	3564	0.033066187
16106	4369	0.033066187
16106	4900	0.033066187
16106	5896	0.033066187
16106	79	0.033066183
16106	105	0.033066183
16121	6083	0.028504856
16121	1722	0.028504852
16121	2528	0.028504852
16121	6391	0.028504852
16121	4369	0.02850485
16121	4900	0.02850485
16121	3564	0.028504848
16121	1143	0.028504847
16121	79	0.028504845
16121	105	0.028504845
16155	2528	0.0396211
16155	6083	0.0396211
16155	1143	0.039621092
16155	1722	0.039621092
16155	4369	0.039621092
16155	4900	0.039621092
16155	6391	0.039621092
16155	3564	0.03962109
16155	79	0.039621085
16155	105	0.039621085
16161	6083	0.020547457
16161	1722	0.020547453
16161	2528	0.020547453
16161	4900	0.020547453
16161	4369	0.020547451
16161	6391	0.020547451
16161	79	0.02054745
16161	105	0.02054745
16161	1143	0.02054745
16161	3564	0.02054745
16231	2528	0.03022873
16231	6083	0.03022873
16231	1722	0.030228727
16231	6391	0.030228727
16231	4900	0.030228725
16231	79	0.030228723
16231	1143	0.030228723
16231	3564	0.030228723
16231	4369	0.030228723
16231	105	0.030228721
16246	1722	0.032920666
16246	2528	0.032920666
16246	4900	0.032920666
16246	6083	0.032920666
16246	6391	0.032920666
16246	4369	0.032920662
16246	79	0.03292066
16246	105	0.03292066
16246	804	0.03292066
16246	1143	0.03292066
16263	1722	0.033418342
16263	2528	0.033418342
16263	4900	0.033418342
16263	6083	0.033418342
16263	6391	0.03341834
16263	79	0.033418335
16263	105	0.033418335
16263	1143	0.033418335
16263	3088	0.033418335
16263	3564	0.033418335
16383	2528	0.026789851
16383	6083	0.026789851
16383	1722	0.026789848
16383	4900	0.026789848
16383	6391	0.026789848
16383	4369	0.026789846
16383	79	0.026789844
16383	105	0.026789844
16383	1143	0.026789844
16383	3564	0.026789844
16488	2528	0.034132127
16488	6083	0.034132127
16488	1722	0.034132123
16488	4900	0.034132123
16488	6391	0.034132123
16488	4369	0.03413212
16488	79	0.034132116
16488	105	0.034132116
16488	804	0.034132116
16488	1143	0.034132116
16504	1722	0.03657173
16504	6083	0.03657173
16504	2528	0.036571726
16504	4369	0.036571726
16504	4900	0.036571726
16504	6391	0.036571726
16504	79	0.036571722
16504	1143	0.036571722
16504	3564	0.036571722
16504	105	0.03657172
16510	6083	0.029423693
16510	1722	0.029423691
16510	2528	0.029423691
16510	6391	0.029423691
16510	4900	0.02942369
16510	4369	0.029423688
16510	79	0.029423686
16510	105	0.029423686
16510	1143	0.029423686
16510	3564	0.029423686
16545	2528	0.034259908
16545	6083	0.034259908
16545	1722	0.034259904
16545	4900	0.034259904
16545	6391	0.034259904
16545	79	0.0342599
16545	105	0.0342599
16545	1143	0.0342599
16545	3564	0.0342599
16545	4369	0.0342599
16551	1722	0.035846867
16551	2528	0.035846867
16551	4900	0.035846867
16551	6083	0.035846867
16551	6391	0.035846867
16551	79	0.03584686
16551	105	0.03584686
16551	1143	0.03584686
16551	3088	0.03584686
16551	3564	0.03584686
16599	1722	0.03366927
16599	2528	0.03366927
16599	6083	0.03366927
16599	4900	0.033669267
16599	6391	0.033669267
16599	79	0.033669263
16599	105	0.033669263
16599	1143	0.033669263
16599	3088	0.033669263
16599	3564	0.033669263
16601	1722	0.036187425
16601	2528	0.036187425
16601	6083	0.036187425
16601	4900	0.03618742
16601	79	0.036187418
16601	1143	0.036187418
16601	3564	0.036187418
16601	4369	0.036187418
16601	6391	0.036187418
16601	105	0.036187414
16666	1722	0.02124238
16666	2528	0.02124238
16666	6083	0.02124238
16666	79	0.021242376
16666	1143	0.021242376
16666	4369	0.021242376
16666	4900	0.021242376
16666	6391	0.021242376
16666	3564	0.021242375
16666	105	0.021242373
16718	6083	0.033620406
16718	1722	0.033620402
16718	2528	0.033620402
16718	3564	0.033620402
16718	4900	0.033620402
16718	6391	0.033620402
16718	1143	0.0336204
16718	4369	0.0336204
16718	79	0.033620395
16718	105	0.033620395
16721	6083	0.024702381
16721	2528	0.02470238
16721	1722	0.024702378
16721	4369	0.024702378
16721	4900	0.024702378
16721	6391	0.024702378
16721	79	0.024702374
16721	105	0.024702374
16721	1143	0.024702374
16721	3564	0.024702374
16755	2528	0.027063554
16755	1722	0.027063552
16755	6083	0.027063552
16755	6391	0.027063552
16755	4369	0.02706355
16755	4900	0.02706355
16755	1143	0.027063549
16755	79	0.027063547
16755	105	0.027063547
16755	3564	0.027063547
16777	6083	0.023218654
16777	1722	0.023218652
16777	2528	0.023218652
16777	4369	0.02321865
16777	4900	0.02321865
16777	6391	0.02321865
16777	79	0.023218649
16777	105	0.023218649
16777	1143	0.023218649
16777	3564	0.023218649
16781	2528	0.02694793
16781	6083	0.02694793
16781	6391	0.026947929
16781	1722	0.026947927
16781	4369	0.026947927
16781	4900	0.026947927
16781	79	0.026947923
16781	105	0.026947923
16781	1143	0.026947923
16781	3088	0.026947923
16798	2528	0.027380308
16798	6083	0.027380308
16798	1722	0.027380306
16798	4900	0.027380304
16798	6391	0.027380304
16798	3564	0.027380303
16798	4369	0.027380303
16798	79	0.0273803
16798	105	0.0273803
16798	1143	0.0273803
16818	2528	0.028275987
16818	1722	0.028275985
16818	6083	0.028275985
16818	1143	0.028275982
16818	4369	0.028275982
16818	4900	0.028275982
16818	6391	0.028275982
16818	79	0.02827598
16818	3564	0.02827598
16818	105	0.028275978
16877	2528	0.035104718
16877	6083	0.035104718
16877	1722	0.035104714
16877	4900	0.035104714
16877	6391	0.035104714
16877	1143	0.03510471
16877	3564	0.03510471
16877	4369	0.03510471
16877	79	0.035104707
16877	105	0.035104707
16908	1722	0.032379113
16908	2528	0.032379113
16908	6083	0.032379113
16908	6391	0.032379113
16908	4369	0.03237911
16908	4900	0.03237911
16908	79	0.032379106
16908	105	0.032379106
16908	804	0.032379106
16908	1143	0.032379106
16916	6083	0.02276523
16916	1722	0.022765227
16916	2528	0.022765227
16916	6391	0.022765227
16916	4369	0.022765225
16916	4900	0.022765225
16916	79	0.022765223
16916	105	0.022765223
16916	1143	0.022765223
16916	3564	0.022765223
16943	6083	0.024799738
16943	2528	0.024799736
16943	1722	0.024799734
16943	4900	0.024799734
16943	6391	0.024799734
16943	4369	0.024799732
16943	79	0.02479973
16943	105	0.02479973
16943	1143	0.02479973
16943	3564	0.02479973
16949	1722	0.031993635
16949	2528	0.031993635
16949	6083	0.031993635
16949	4900	0.03199363
16949	79	0.031993628
16949	105	0.031993628
16949	1143	0.031993628
16949	3564	0.031993628
16949	3978	0.031993628
16949	4369	0.031993628
16966	2528	0.03300818
16966	6083	0.03300818
16966	1722	0.033008177
16966	6391	0.033008177
16966	79	0.033008173
16966	105	0.033008173
16966	1143	0.033008173
16966	4369	0.033008173
16966	4900	0.033008173
16966	5896	0.033008173
16996	1722	0.037490577
16996	2528	0.037490577
16996	6083	0.037490577
16996	79	0.03749057
16996	1143	0.03749057
16996	4369	0.03749057
16996	4900	0.03749057
16996	6391	0.03749057
16996	804	0.037490565
16996	3088	0.037490565
16999	6083	0.028051686
16999	2528	0.028051684
16999	1722	0.028051682
16999	4900	0.028051682
16999	6391	0.028051682
16999	4369	0.02805168
16999	79	0.028051678
16999	105	0.028051678
16999	1143	0.028051678
16999	3564	0.028051678
17003	6083	0.033852514
17003	1722	0.03385251
17003	2528	0.03385251
17003	4900	0.03385251
17003	6391	0.03385251
17003	4369	0.033852506
17003	79	0.033852503
17003	105	0.033852503
17003	804	0.033852503
17003	1143	0.033852503
17046	1722	0.027007796
17046	2528	0.027007796
17046	6083	0.027007796
17046	4369	0.027007792
17046	4900	0.027007792
17046	6391	0.027007792
17046	3564	0.02700779
17046	79	0.027007788
17046	105	0.027007788
17046	1143	0.027007788
17159	6083	0.026383774
17159	1722	0.026383772
17159	2528	0.026383772
17159	4900	0.026383772
17159	6391	0.026383772
17159	1143	0.026383769
17159	3564	0.026383769
17159	4369	0.026383769
17159	79	0.026383767
17159	105	0.026383767
17177	6083	0.022612546
17177	2528	0.022612544
17177	6391	0.022612544
17177	1722	0.022612542
17177	4369	0.022612542
17177	4900	0.022612542
17177	79	0.02261254
17177	1143	0.02261254
17177	3564	0.02261254
17177	105	0.022612538
17183	1722	0.031562723
17183	2528	0.03156272
17183	6083	0.03156272
17183	6391	0.03156272
17183	105	0.031562716
17183	1143	0.031562716
17183	3564	0.031562716
17183	4369	0.031562716
17183	4900	0.031562716
17183	79	0.031562712
17190	2528	0.02416899
17190	6083	0.02416899
17190	1722	0.024168989
17190	4369	0.024168987
17190	4900	0.024168987
17190	6391	0.024168987
17190	79	0.024168985
17190	105	0.024168985
17190	1143	0.024168985
17190	3564	0.024168985
17233	2528	0.03867437
17233	6083	0.038674366
17233	1722	0.038674362
17233	4369	0.038674362
17233	4900	0.038674362
17233	6391	0.038674362
17233	1143	0.03867436
17233	79	0.038674355
17233	105	0.038674355
17233	804	0.038674355
17282	2528	0.042121433
17282	6083	0.042121433
17282	1722	0.042121425
17282	4369	0.042121425
17282	4900	0.042121425
17282	6391	0.042121425
17282	79	0.04212142
17282	3564	0.04212142
17282	105	0.042121418
17282	1143	0.042121418
17402	1722	0.03469771
17402	2528	0.03469771
17402	4900	0.03469771
17402	6083	0.03469771
17402	6391	0.03469771
17402	1143	0.034697708
17402	4369	0.034697708
17402	79	0.034697704
17402	105	0.034697704
17402	1557	0.034697704
17507	6083	0.02225076
17507	2528	0.022250758
17507	1722	0.022250757
17507	4369	0.022250757
17507	4900	0.022250757
17507	6391	0.022250757
17507	1143	0.022250755
17507	3564	0.022250755
17507	79	0.022250753
17507	105	0.022250753
17596	6083	0.028156161
17596	1722	0.02815616
17596	2528	0.02815616
17596	4369	0.028156158
17596	4900	0.028156158
17596	6391	0.028156158
17596	79	0.028156154
17596	105	0.028156154
17596	1143	0.028156154
17596	3564	0.028156154
17667	2528	0.047478646
17667	6083	0.047478646
17667	1722	0.047478642
17667	1143	0.04747864
17667	3564	0.04747864
17667	4369	0.04747864
17667	4900	0.04747864
17667	6391	0.04747864
17667	79	0.047478635
17667	105	0.047478635
17761	2528	0.027409237
17761	6083	0.027409237
17761	1722	0.027409233
17761	4369	0.027409233
17761	4900	0.027409233
17761	6391	0.027409233
17761	3564	0.027409231
17761	79	0.02740923
17761	105	0.02740923
17761	1143	0.02740923
17859	2528	0.030662097
17859	6083	0.030662097
17859	1722	0.030662093
17859	4900	0.030662093
17859	6391	0.030662093
17859	4369	0.030662091
17859	105	0.03066209
17859	1143	0.03066209
17859	3564	0.03066209
17859	79	0.030662088
17894	1722	0.024862241
17894	2528	0.024862241
17894	6083	0.024862241
17894	4369	0.024862237
17894	4900	0.024862237
17894	6391	0.024862237
17894	79	0.024862235
17894	1143	0.024862235
17894	3564	0.024862235
17894	105	0.024862234
17906	6083	0.02575523
17906	2528	0.025755228
17906	1722	0.025755227
17906	4369	0.025755227
17906	4900	0.025755227
17906	6391	0.025755227
17906	79	0.025755223
17906	105	0.025755223
17906	804	0.025755223
17906	1143	0.025755223
17950	1722	0.034192525
17950	2528	0.034192525
17950	6083	0.034192525
17950	4900	0.03419252
17950	6391	0.03419252
17950	79	0.034192517
17950	105	0.034192517
17950	1143	0.034192517
17950	3088	0.034192517
17950	3564	0.034192517
17970	2528	0.032375284
17970	6083	0.032375284
17970	1722	0.03237528
17970	6391	0.03237528
17970	3564	0.032375276
17970	4369	0.032375276
17970	4900	0.032375276
17970	79	0.032375272
17970	105	0.032375272
17970	1143	0.032375272
18067	6083	0.03592263
18067	2528	0.035922628
18067	1722	0.035922624
18067	4900	0.035922624
18067	6391	0.035922624
18067	3564	0.03592262
18067	4369	0.03592262
18067	79	0.035922617
18067	105	0.035922617
18067	1143	0.035922617
18082	6083	0.034196854
18082	2528	0.03419685
18082	1722	0.034196846
18082	4369	0.034196846
18082	4900	0.034196846
18082	6391	0.034196846
18082	1143	0.034196842
18082	3564	0.034196842
18082	79	0.03419684
18082	105	0.03419684
18095	6083	0.022934908
18095	1722	0.022934906
18095	2528	0.022934906
18095	4900	0.022934906
18095	6391	0.022934906
18095	105	0.022934902
18095	1143	0.022934902
18095	3564	0.022934902
18095	4369	0.022934902
18095	79	0.0229349
18096	6083	0.021412043
18096	1722	0.021412041
18096	2528	0.021412041
18096	4900	0.021412041
18096	6391	0.021412041
18096	79	0.021412037
18096	105	0.021412037
18096	1143	0.021412037
18096	3564	0.021412037
18096	3917	0.021412037
18155	1722	0.03300864
18155	6083	0.03300864
18155	2528	0.033008635
18155	4369	0.033008635
18155	4900	0.033008635
18155	6391	0.033008635
18155	79	0.03300863
18155	1143	0.03300863
18155	3564	0.03300863
18155	105	0.033008628
18172	2528	0.029017128
18172	6083	0.029017128
18172	1722	0.029017126
18172	6391	0.029017126
18172	4369	0.029017124
18172	4900	0.029017124
18172	1143	0.029017122
18172	3564	0.029017122
18172	79	0.02901712
18172	105	0.02901712
18176	1722	0.022921547
18176	2528	0.022921547
18176	6083	0.022921547
18176	6391	0.022921545
18176	3564	0.022921544
18176	4369	0.022921544
18176	4900	0.022921544
18176	79	0.022921542
18176	105	0.022921542
18176	1143	0.022921542
18203	6083	0.034864508
18203	1722	0.034864504
18203	2528	0.034864504
18203	4900	0.034864504
18203	6391	0.034864504
18203	79	0.0348645
18203	105	0.0348645
18203	1143	0.0348645
18203	3564	0.0348645
18203	3917	0.0348645
18311	1722	0.033460524
18311	2528	0.033460524
18311	6083	0.033460524
18311	4369	0.03346052
18311	4900	0.03346052
18311	6391	0.03346052
18311	79	0.033460516
18311	105	0.033460513
18311	804	0.033460513
18311	1143	0.033460513
18384	1722	0.03330577
18384	2528	0.03330577
18384	6083	0.03330577
18384	1143	0.033305768
18384	4900	0.033305768
18384	6391	0.033305768
18384	79	0.033305764
18384	105	0.033305764
18384	3564	0.033305764
18384	3917	0.033305764
18401	2528	0.027715001
18401	6083	0.027715001
18401	1722	0.027715
18401	4369	0.027714998
18401	4900	0.027714998
18401	6391	0.027714998
18401	79	0.027714994
18401	105	0.027714994
18401	804	0.027714994
18401	1143	0.027714994
18439	6083	0.031597763
18439	1722	0.03159776
18439	2528	0.03159776
18439	1143	0.031597756
18439	3564	0.031597756
18439	4369	0.031597756
18439	4900	0.031597756
18439	6391	0.031597756
18439	79	0.031597752
18439	105	0.03159775
18689	6083	0.024091499
18689	1722	0.024091497
18689	2528	0.024091497
18689	4900	0.024091495
18689	6391	0.024091495
18689	79	0.024091493
18689	1143	0.024091493
18689	3564	0.024091493
18689	4369	0.024091493
18689	105	0.024091491
18979	2528	0.029304221
18979	6083	0.029304221
18979	1722	0.02930422
18979	4369	0.029304218
18979	4900	0.029304218
18979	6391	0.029304218
18979	1143	0.029304214
18979	3564	0.029304214
18979	3917	0.029304214
18979	5896	0.029304214
19085	2528	0.03588409
19085	6083	0.03588409
19085	79	0.035884082
19085	1143	0.035884082
19085	1722	0.035884082
19085	3564	0.035884082
19085	4369	0.035884082
19085	4900	0.035884082
19085	6391	0.035884082
19085	105	0.03588408
19107	1722	0.031131562
19107	2528	0.031131562
19107	6083	0.031131562
19107	6391	0.031131558
19107	4900	0.031131556
19107	79	0.031131554
19107	1143	0.031131554
19107	3564	0.031131554
19107	3917	0.031131554
19107	4369	0.031131554
19145	6083	0.028371636
19145	2528	0.028371634
19145	1722	0.028371632
19145	6391	0.028371632
19145	4369	0.02837163
19145	4900	0.02837163
19145	1143	0.028371628
19145	3564	0.028371628
19145	79	0.028371627
19145	105	0.028371627
19233	6083	0.029968474
19233	2528	0.029968472
19233	1722	0.02996847
19233	4900	0.02996847
19233	6391	0.02996847
19233	4369	0.029968468
19233	3564	0.029968467
19233	79	0.029968465
19233	105	0.029968463
19233	1557	0.029968463
19336	2528	0.029483732
19336	6083	0.029483732
19336	1722	0.029483728
19336	4369	0.029483728
19336	4900	0.029483728
19336	6391	0.029483728
19336	79	0.029483724
19336	105	0.029483724
19336	1143	0.029483724
19336	3564	0.029483724
19362	6083	0.026505921
19362	1722	0.026505917
19362	2528	0.026505917
19362	4900	0.026505915
19362	6391	0.026505915
19362	3564	0.026505914
19362	4369	0.026505914
19362	79	0.026505912
19362	105	0.026505912
19362	1143	0.026505912
19429	6083	0.030317139
19429	2528	0.030317137
19429	1722	0.030317135
19429	4369	0.030317133
19429	4900	0.030317133
19429	6391	0.030317133
19429	79	0.030317131
19429	1143	0.030317131
19429	3564	0.030317131
19429	105	0.03031713
19493	2528	0.03666001
19493	6083	0.03666001
19493	1722	0.036660008
19493	4900	0.036660008
19493	1143	0.036660004
19493	3564	0.036660004
19493	4369	0.036660004
19493	6391	0.036660004
19493	79	0.03666
19493	105	0.03666
19503	6083	0.032139603
19503	1722	0.0321396
19503	2528	0.0321396
19503	4369	0.0321396
19503	4900	0.0321396
19503	6391	0.0321396
19503	1143	0.032139596
19503	3564	0.032139596
19503	79	0.032139592
19503	105	0.032139592
19570	2528	0.028580012
19570	6083	0.028580012
19570	1722	0.02858001
19570	4900	0.02858001
19570	6391	0.02858001
19570	4369	0.028580008
19570	1143	0.028580006
19570	3564	0.028580006
19570	79	0.028580004
19570	105	0.028580004
19571	2528	0.02763356
19571	6083	0.02763356
19571	1722	0.027633559
19571	4900	0.027633559
19571	6391	0.027633559
19571	79	0.027633555
19571	105	0.027633555
19571	1143	0.027633555
19571	3564	0.027633555
19571	4369	0.027633555
19573	6083	0.030193657
19573	2528	0.030193655
19573	1722	0.030193653
19573	6391	0.030193653
19573	4900	0.030193651
19573	79	0.03019365
19573	1143	0.03019365
19573	3564	0.03019365
19573	4369	0.03019365
19573	105	0.030193647
19659	1722	0.033171058
19659	2528	0.033171058
19659	4900	0.033171058
19659	6083	0.033171058
19659	6391	0.033171058
19659	4369	0.033171054
19659	79	0.03317105
19659	105	0.03317105
19659	1143	0.03317105
19659	3088	0.03317105
19664	2528	0.044857375
19664	6083	0.044857375
19664	1722	0.044857368
19664	3564	0.044857368
19664	4369	0.044857368
19664	4900	0.044857368
19664	6391	0.044857368
19664	79	0.044857364
19664	105	0.044857364
19664	1143	0.044857364
19681	2528	0.024349703
19681	6083	0.024349703
19681	1722	0.0243497
19681	4900	0.0243497
19681	6391	0.0243497
19681	4369	0.024349699
19681	79	0.024349697
19681	105	0.024349697
19681	1143	0.024349697
19681	3564	0.024349697
19711	6083	0.03162856
19711	1722	0.031628557
19711	2528	0.031628557
19711	4369	0.031628557
19711	4900	0.031628557
19711	6391	0.031628557
19711	79	0.03162855
19711	105	0.03162855
19711	1143	0.03162855
19711	1557	0.03162855
19760	1722	0.0330359
19760	6083	0.0330359
19760	2528	0.033035897
19760	4369	0.033035897
19760	4900	0.033035897
19760	105	0.033035893
19760	1143	0.033035893
19760	3564	0.033035893
19760	6391	0.033035893
19760	79	0.03303589
19842	6083	0.028219825
19842	1722	0.028219823
19842	2528	0.028219823
19842	4900	0.028219821
19842	6391	0.028219821
19842	1143	0.02821982
19842	4369	0.02821982
19842	79	0.028219817
19842	3564	0.028219817
19842	105	0.028219815
19972	6083	0.030361846
19972	1722	0.030361842
19972	2528	0.030361842
19972	6391	0.03036184
19972	4369	0.030361839
19972	4900	0.030361839
19972	3564	0.030361837
19972	79	0.030361835
19972	105	0.030361835
19972	1143	0.030361835
20005	1722	0.031421505
20005	2528	0.031421505
20005	6083	0.031421505
20005	4900	0.0314215
20005	79	0.031421497
20005	1143	0.031421497
20005	3564	0.031421497
20005	4369	0.031421497
20005	5896	0.031421497
20005	6391	0.031421497
20032	6083	0.033231564
20032	1722	0.033231556
20032	2528	0.033231556
20032	4369	0.033231556
20032	4900	0.033231556
20032	1143	0.033231553
20032	3564	0.033231553
20032	6391	0.033231553
20032	79	0.03323155
20032	105	0.03323155
20034	1722	0.025421351
20034	2528	0.025421351
20034	6083	0.025421351
20034	4369	0.02542135
20034	4900	0.02542135
20034	6391	0.02542135
20034	1143	0.025421347
20034	3564	0.025421347
20034	79	0.025421346
20034	105	0.025421344
20060	6083	0.049596254
20060	2528	0.04959625
20060	1722	0.049596246
20060	4900	0.049596246
20060	6391	0.049596246
20060	3564	0.049596243
20060	4369	0.049596243
20060	79	0.049596235
20060	105	0.049596235
20060	804	0.049596235
20106	2528	0.02412403
20106	6083	0.02412403
20106	6391	0.024124028
20106	1722	0.024124026
20106	4369	0.024124026
20106	4900	0.024124026
20106	79	0.024124024
20106	1143	0.024124024
20106	3564	0.024124024
20106	105	0.024124023
20115	6083	0.026852654
20115	2528	0.026852652
20115	1722	0.02685265
20115	4369	0.02685265
20115	4900	0.02685265
20115	6391	0.026852649
20115	1143	0.026852647
20115	3564	0.026852647
20115	79	0.026852645
20115	105	0.026852645
20119	1722	0.03484852
20119	2528	0.03484852
20119	4900	0.03484852
20119	6083	0.03484852
20119	6391	0.03484852
20119	1143	0.034848515
20119	4369	0.034848515
20119	79	0.03484851
20119	105	0.03484851
20119	804	0.03484851
20147	6083	0.027964618
20147	2528	0.027964616
20147	1722	0.027964614
20147	4900	0.027964614
20147	6391	0.027964614
20147	4369	0.027964612
20147	79	0.02796461
20147	105	0.02796461
20147	1143	0.02796461
20147	3564	0.02796461
20149	1722	0.0344033
20149	2528	0.0344033
20149	6083	0.0344033
20149	6391	0.0344033
20149	4369	0.034403298
20149	79	0.034403294
20149	105	0.034403294
20149	1143	0.034403294
20149	3564	0.034403294
20149	3917	0.034403294
20150	2528	0.03001729
20150	6083	0.03001729
20150	1722	0.030017287
20150	4900	0.030017287
20150	6391	0.030017287
20150	3564	0.030017285
20150	4369	0.030017285
20150	79	0.030017283
20150	1143	0.030017283
20150	105	0.030017281
20172	1722	0.043837816
20172	2528	0.043837816
20172	6083	0.043837816
20172	4900	0.04383781
20172	6391	0.04383781
20172	79	0.043837808
20172	105	0.043837808
20172	3564	0.043837808
20172	4369	0.043837808
20172	1143	0.043837804
20180	6083	0.030247219
20180	2528	0.030247217
20180	1722	0.030247215
20180	4900	0.030247215
20180	6391	0.030247215
20180	4369	0.030247211
20180	79	0.03024721
20180	105	0.03024721
20180	1143	0.03024721
20180	3564	0.03024721
20201	2528	0.02363426
20201	6083	0.02363426
20201	1722	0.023634259
20201	4900	0.023634259
20201	6391	0.023634259
20201	4369	0.023634257
20201	79	0.023634255
20201	1143	0.023634255
20201	3564	0.023634255
20201	105	0.023634253
20245	1722	0.03388942
20245	2528	0.03388942
20245	6083	0.03388942
20245	4900	0.033889417
20245	6391	0.033889417
20245	79	0.033889413
20245	105	0.033889413
20245	804	0.033889413
20245	1143	0.033889413
20245	3088	0.033889413
20250	2528	0.02651754
20250	6083	0.02651754
20250	1722	0.026517538
20250	6391	0.026517538
20250	4369	0.026517536
20250	4900	0.026517536
20250	79	0.026517535
20250	3564	0.026517535
20250	105	0.026517533
20250	1143	0.026517533
20265	2528	0.026070543
20265	6083	0.026070543
20265	1722	0.026070539
20265	4900	0.026070539
20265	6391	0.026070539
20265	4369	0.026070537
20265	105	0.026070535
20265	1143	0.026070535
20265	3564	0.026070535
20265	79	0.026070533
20336	1722	0.03178227
20336	2528	0.03178227
20336	6083	0.03178227
20336	6391	0.03178227
20336	4369	0.031782266
20336	4900	0.031782266
20336	79	0.031782262
20336	105	0.031782262
20336	804	0.031782262
20336	1143	0.031782262
20347	6083	0.027281774
20347	2528	0.027281772
20347	1722	0.02728177
20347	4900	0.02728177
20347	3564	0.027281769
20347	4369	0.027281769
20347	6391	0.027281769
20347	1143	0.027281767
20347	79	0.027281765
20347	105	0.027281765
20388	6083	0.039365724
20388	2528	0.03936572
20388	1722	0.039365716
20388	4369	0.039365716
20388	4900	0.039365716
20388	6391	0.039365716
20388	3564	0.039365713
20388	79	0.03936571
20388	105	0.03936571
20388	804	0.03936571
20462	6083	0.025631076
20462	1722	0.025631074
20462	2528	0.025631074
20462	4900	0.025631072
20462	6391	0.025631072
20462	1143	0.02563107
20462	3564	0.02563107
20462	4369	0.02563107
20462	79	0.025631068
20462	5896	0.025631068
20484	1722	0.031436324
20484	2528	0.031436324
20484	4900	0.031436324
20484	6083	0.031436324
20484	4369	0.03143632
20484	6391	0.03143632
20484	79	0.031436317
20484	105	0.031436317
20484	1143	0.031436317
20484	3088	0.031436317
20561	2528	0.025617212
20561	6083	0.025617212
20561	1722	0.025617208
20561	4369	0.025617208
20561	4900	0.025617208
20561	6391	0.025617208
20561	79	0.025617205
20561	1143	0.025617205
20561	3564	0.025617205
20561	3917	0.025617205
20627	2528	0.029786784
20627	6083	0.029786784
20627	1722	0.029786782
20627	4900	0.029786782
20627	4369	0.02978678
20627	6391	0.02978678
20627	79	0.029786777
20627	105	0.029786777
20627	1143	0.029786777
20627	3564	0.029786777
20629	6083	0.02605201
20629	2528	0.026052007
20629	1722	0.026052006
20629	4900	0.026052006
20629	6391	0.026052006
20629	79	0.026052002
20629	1143	0.026052002
20629	3564	0.026052002
20629	4369	0.026052002
20629	3917	0.026052
20680	6083	0.028029494
20680	2528	0.028029492
20680	1722	0.02802949
20680	4900	0.02802949
20680	6391	0.02802949
20680	1143	0.028029487
20680	3564	0.028029487
20680	4369	0.028029487
20680	79	0.028029485
20680	105	0.028029485
20703	2528	0.028618047
20703	6083	0.028618047
20703	1722	0.028618045
20703	4369	0.028618043
20703	4900	0.028618043
20703	6391	0.028618043
20703	105	0.028618041
20703	1143	0.028618041
20703	3564	0.028618041
20703	79	0.02861804
20794	1722	0.035561703
20794	2528	0.035561703
20794	6083	0.035561703
20794	6391	0.035561703
20794	4369	0.0355617
20794	4900	0.0355617
20794	79	0.035561696
20794	105	0.035561696
20794	1143	0.035561696
20794	3564	0.035561696
20961	6083	0.028601712
20961	1722	0.02860171
20961	2528	0.02860171
20961	4900	0.028601708
20961	6391	0.028601708
20961	1143	0.028601706
20961	4369	0.028601706
20961	79	0.028601704
20961	105	0.028601704
20961	3564	0.028601704
20971	6083	0.023643889
20971	2528	0.023643885
20971	6391	0.023643885
20971	1722	0.023643883
20971	4369	0.023643883
20971	4900	0.023643883
20971	79	0.023643881
20971	105	0.023643881
20971	1143	0.023643881
20971	3564	0.023643881
21011	1722	0.037935555
21011	6083	0.037935555
21011	2528	0.03793555
21011	6391	0.03793555
21011	1143	0.037935548
21011	3564	0.037935548
21011	4369	0.037935548
21011	4900	0.037935548
21011	79	0.037935544
21011	105	0.037935544
21014	2528	0.0352626
21014	6083	0.0352626
21014	1722	0.035262596
21014	1143	0.035262592
21014	3564	0.035262592
21014	4369	0.035262592
21014	4900	0.035262592
21014	6391	0.035262592
21014	79	0.03526259
21014	105	0.03526259
21031	2528	0.033689372
21031	6083	0.033689372
21031	1722	0.03368937
21031	4900	0.03368937
21031	6391	0.03368937
21031	1143	0.033689365
21031	4369	0.033689365
21031	79	0.03368936
21031	105	0.03368936
21031	804	0.03368936
21049	2528	0.024821835
21049	6083	0.024821835
21049	1722	0.024821833
21049	4900	0.024821833
21049	4369	0.02482183
21049	6391	0.02482183
21049	79	0.024821829
21049	105	0.024821829
21049	1143	0.024821829
21049	3564	0.024821829
21202	2528	0.032203916
21202	6083	0.032203916
21202	1722	0.032203913
21202	3564	0.032203913
21202	4369	0.032203913
21202	4900	0.032203913
21202	6391	0.032203913
21202	79	0.03220391
21202	1143	0.03220391
21202	5896	0.03220391
21207	2528	0.024295786
21207	6083	0.024295786
21207	1722	0.024295785
21207	4369	0.024295785
21207	4900	0.024295785
21207	6391	0.024295785
21207	79	0.02429578
21207	1143	0.02429578
21207	3564	0.02429578
21207	105	0.024295779
21229	2528	0.03256914
21229	6083	0.03256914
21229	6391	0.03256914
21229	1722	0.032569136
21229	4369	0.032569136
21229	4900	0.032569136
21229	79	0.032569133
21229	105	0.032569133
21229	1143	0.032569133
21229	3564	0.032569133
21252	6083	0.029553657
21252	1722	0.029553656
21252	2528	0.029553656
21252	4900	0.029553656
21252	6391	0.029553654
21252	4369	0.029553652
21252	79	0.02955365
21252	105	0.02955365
21252	1143	0.02955365
21252	3564	0.02955365
21356	1722	0.034038685
21356	2528	0.034038685
21356	6083	0.034038685
21356	6391	0.034038685
21356	4369	0.03403868
21356	4900	0.03403868
21356	79	0.034038678
21356	105	0.034038678
21356	1143	0.034038678
21356	3564	0.034038678
21364	2528	0.027403887
21364	6083	0.027403887
21364	1722	0.027403885
21364	4369	0.027403884
21364	4900	0.027403884
21364	6391	0.027403884
21364	3564	0.027403882
21364	79	0.02740388
21364	105	0.02740388
21364	1143	0.02740388
21404	6083	0.03420592
21404	2528	0.034205917
21404	1722	0.034205914
21404	4369	0.034205914
21404	4900	0.034205914
21404	6391	0.034205914
21404	3564	0.03420591
21404	79	0.034205906
21404	105	0.034205906
21404	804	0.034205906
21462	2528	0.034657784
21462	6083	0.034657784
21462	1722	0.03465778
21462	79	0.034657776
21462	1143	0.034657776
21462	3564	0.034657776
21462	4369	0.034657776
21462	4900	0.034657776
21462	6391	0.034657776
21462	105	0.034657773
21484	6083	0.038170174
21484	1722	0.03817017
21484	2528	0.03817017
21484	79	0.038170166
21484	1143	0.038170166
21484	3564	0.038170166
21484	4369	0.038170166
21484	4900	0.038170166
21484	6391	0.038170166
21484	105	0.038170163
21540	6083	0.031118775
21540	1722	0.031118773
21540	2528	0.031118773
21540	4900	0.031118773
21540	6391	0.031118773
21540	3564	0.03111877
21540	4369	0.03111877
21540	79	0.031118767
21540	1143	0.031118767
21540	105	0.031118765
21576	2528	0.04405192
21576	6083	0.04405192
21576	1722	0.044051915
21576	4900	0.044051915
21576	6391	0.044051915
21576	1143	0.04405191
21576	3564	0.04405191
21576	4369	0.04405191
21576	79	0.044051908
21576	105	0.044051908
21618	1722	0.028769758
21618	2528	0.028769758
21618	6083	0.028769758
21618	4900	0.028769754
21618	6391	0.028769754
21618	1143	0.028769752
21618	4369	0.028769752
21618	79	0.02876975
21618	105	0.02876975
21618	3564	0.02876975
21659	6083	0.049116034
21659	1722	0.04911603
21659	2528	0.04911603
21659	4900	0.04911603
21659	6391	0.04911603
21659	4369	0.049116027
21659	79	0.049116023
21659	1143	0.049116023
21659	3564	0.049116023
21659	3917	0.049116023
21660	2528	0.02504016
21660	6083	0.02504016
21660	1722	0.025040159
21660	6391	0.025040159
21660	4369	0.025040157
21660	4900	0.025040157
21660	1143	0.025040155
21660	3564	0.025040155
21660	79	0.025040153
21660	105	0.025040153
21708	2528	0.027972694
21708	6083	0.027972694
21708	6391	0.027972693
21708	1722	0.02797269
21708	4900	0.02797269
21708	3564	0.027972689
21708	4369	0.027972689
21708	79	0.027972687
21708	105	0.027972687
21708	1143	0.027972687
21875	1722	0.021543387
21875	2528	0.021543387
21875	4900	0.021543387
21875	6083	0.021543387
21875	6391	0.021543387
21875	79	0.021543384
21875	105	0.021543384
21875	1143	0.021543384
21875	3564	0.021543384
21875	3917	0.021543384
21903	1722	0.023695722
21903	2528	0.023695722
21903	6083	0.023695722
21903	6391	0.023695722
21903	4900	0.02369572
21903	79	0.023695718
21903	1143	0.023695718
21903	3564	0.023695718
21903	4369	0.023695718
21903	105	0.023695717
21912	2528	0.02631983
21912	6083	0.02631983
21912	1722	0.026319828
21912	4900	0.026319828
21912	6391	0.026319828
21912	79	0.026319824
21912	1143	0.026319824
21912	3564	0.026319824
21912	4369	0.026319824
21912	105	0.026319822
21930	6083	0.02448308
21930	2528	0.024483077
21930	1722	0.024483075
21930	4900	0.024483075
21930	6391	0.024483075
21930	4369	0.024483074
21930	79	0.024483072
21930	105	0.024483072
21930	1143	0.024483072
21930	804	0.02448307
22045	2528	0.038826037
22045	6083	0.038826037
22045	1722	0.038826033
22045	4369	0.038826033
22045	4900	0.038826033
22045	6391	0.038826033
22045	3564	0.03882603
22045	79	0.038826026
22045	105	0.038826026
22045	1143	0.038826026
22062	2528	0.028099343
22062	6083	0.028099343
22062	1722	0.028099341
22062	4369	0.02809934
22062	4900	0.02809934
22062	6391	0.02809934
22062	79	0.028099338
22062	3564	0.028099338
22062	105	0.028099336
22062	1143	0.028099336
22074	2528	0.03466558
22074	6083	0.03466558
22074	1143	0.034665577
22074	1722	0.034665577
22074	4369	0.034665577
22074	4900	0.034665577
22074	6391	0.034665577
22074	3564	0.034665573
22074	79	0.03466557
22074	105	0.03466557
22089	6083	0.026136283
22089	2528	0.026136281
22089	1722	0.02613628
22089	4369	0.02613628
22089	4900	0.02613628
22089	6391	0.02613628
22089	1143	0.026136277
22089	79	0.026136275
22089	105	0.026136275
22089	3088	0.026136275
22107	2528	0.02868957
22107	6083	0.02868957
22107	1722	0.028689567
22107	4369	0.028689567
22107	4900	0.028689567
22107	6391	0.028689567
22107	79	0.028689563
22107	105	0.028689563
22107	1143	0.028689563
22107	3564	0.028689563
22167	1722	0.031847708
22167	2528	0.031847708
22167	4900	0.031847708
22167	6083	0.031847708
22167	6391	0.031847708
22167	4369	0.031847704
22167	79	0.0318477
22167	105	0.0318477
22167	804	0.0318477
22167	1143	0.0318477
22252	6083	0.023784542
22252	1722	0.02378454
22252	2528	0.02378454
22252	3564	0.023784537
22252	4369	0.023784537
22252	4900	0.023784537
22252	6391	0.023784537
22252	79	0.023784535
22252	105	0.023784535
22252	1143	0.023784535
22338	2528	0.028461145
22338	1722	0.028461143
22338	4900	0.028461143
22338	6083	0.028461143
22338	6391	0.028461143
22338	1143	0.02846114
22338	4369	0.02846114
22338	79	0.028461138
22338	105	0.028461138
22338	3564	0.028461138
22365	2528	0.029593224
22365	6083	0.029593224
22365	1722	0.029593222
22365	6391	0.029593222
22365	4369	0.02959322
22365	4900	0.02959322
22365	79	0.029593218
22365	1143	0.029593218
22365	3564	0.029593218
22365	105	0.029593216
22464	6083	0.04018812
22464	2528	0.040188115
22464	4900	0.040188115
22464	79	0.04018811
22464	1143	0.04018811
22464	1722	0.04018811
22464	4369	0.04018811
22464	6391	0.04018811
22464	105	0.040188108
22464	3564	0.040188108
22495	2528	0.029597253
22495	6083	0.029597253
22495	1722	0.02959725
22495	4900	0.029597249
22495	6391	0.029597249
22495	1143	0.029597247
22495	4369	0.029597247
22495	79	0.029597245
22495	105	0.029597245
22495	3088	0.029597245
22503	6083	0.036098193
22503	1722	0.03609819
22503	2528	0.03609819
22503	4900	0.03609819
22503	6391	0.03609819
22503	4369	0.036098186
22503	79	0.036098182
22503	105	0.036098182
22503	804	0.036098182
22503	1143	0.036098182
22521	1722	0.0337319
22521	2528	0.0337319
22521	6083	0.0337319
22521	4900	0.033731896
22521	6391	0.033731896
22521	79	0.033731893
22521	105	0.033731893
22521	1143	0.033731893
22521	3564	0.033731893
22521	3917	0.033731893
22625	2528	0.032597564
22625	6083	0.032597564
22625	79	0.032597557
22625	1722	0.032597557
22625	3564	0.032597557
22625	4369	0.032597557
22625	4900	0.032597557
22625	6391	0.032597557
22625	105	0.032597553
22625	1143	0.032597553
22695	1722	0.03426703
22695	2528	0.03426703
22695	4900	0.03426703
22695	6083	0.03426703
22695	6391	0.03426703
22695	79	0.034267023
22695	105	0.034267023
22695	804	0.034267023
22695	1143	0.034267023
22695	3088	0.034267023
22773	6083	0.022349311
22773	1722	0.02234931
22773	2528	0.02234931
22773	4900	0.02234931
22773	6391	0.02234931
22773	4369	0.022349307
22773	79	0.022349305
22773	105	0.022349305
22773	1143	0.022349305
22773	3564	0.022349305
22813	1722	0.03871952
22813	2528	0.03871952
22813	6083	0.03871952
22813	79	0.038719513
22813	105	0.038719513
22813	1143	0.038719513
22813	3088	0.038719513
22813	3564	0.038719513
22813	4369	0.038719513
22813	4900	0.038719513
22818	6083	0.02734724
22818	2528	0.027347239
22818	1722	0.027347237
22818	4369	0.027347237
22818	4900	0.027347237
22818	6391	0.027347237
22818	79	0.027347233
22818	105	0.027347233
22818	1143	0.027347233
22818	3564	0.027347233
22912	1722	0.03129389
22912	2528	0.03129389
22912	4369	0.03129389
22912	4900	0.03129389
22912	6083	0.03129389
22912	6391	0.031293888
22912	79	0.031293884
22912	105	0.031293884
22912	1143	0.031293884
22912	1557	0.031293884
22936	1722	0.03364008
22936	2528	0.03364008
22936	6083	0.03364008
22936	6391	0.03364008
22936	4369	0.033640075
22936	4900	0.033640075
22936	79	0.03364007
22936	105	0.03364007
22936	1143	0.03364007
22936	1557	0.03364007
22975	2528	0.026924277
22975	6083	0.026924277
22975	1722	0.026924275
22975	4369	0.026924273
22975	4900	0.026924273
22975	6391	0.026924273
22975	1143	0.026924271
22975	3564	0.026924271
22975	79	0.02692427
22975	105	0.02692427
23020	6083	0.030307073
23020	2528	0.030307071
23020	1722	0.030307068
23020	6391	0.030307068
23020	4369	0.030307066
23020	4900	0.030307066
23020	79	0.030307064
23020	105	0.030307062
23020	1143	0.030307062
23020	3564	0.030307062
23128	6083	0.028379006
23128	1722	0.028379004
23128	2528	0.028379004
23128	4900	0.028379003
23128	6391	0.028379003
23128	105	0.028379
23128	1143	0.028379
23128	3564	0.028379
23128	4369	0.028379
23128	79	0.028378999
23288	2528	0.0406895
23288	6083	0.0406895
23288	1722	0.040689494
23288	4369	0.04068949
23288	4900	0.04068949
23288	6391	0.04068949
23288	1143	0.040689487
23288	3564	0.040689487
23288	79	0.040689483
23288	105	0.040689483
23459	6083	0.028570876
23459	2528	0.028570874
23459	1722	0.028570872
23459	4900	0.028570872
23459	6391	0.028570872
23459	79	0.028570868
23459	1143	0.028570868
23459	3564	0.028570868
23459	4369	0.028570868
23459	5896	0.028570866
23511	6083	0.030067265
23511	2528	0.030067263
23511	1722	0.030067261
23511	4900	0.030067261
23511	6391	0.030067261
23511	4369	0.03006726
23511	1143	0.030067258
23511	3564	0.030067258
23511	79	0.030067256
23511	105	0.030067256
23547	1722	0.032285728
23547	2528	0.032285728
23547	4900	0.032285728
23547	6083	0.032285728
23547	6391	0.032285728
23547	4369	0.032285724
23547	79	0.03228572
23547	105	0.03228572
23547	804	0.03228572
23547	1143	0.03228572
23571	6083	0.039204154
23571	1722	0.03920415
23571	2528	0.03920415
23571	4900	0.03920415
23571	6391	0.03920415
23571	4369	0.039204147
23571	79	0.039204143
23571	105	0.039204143
23571	804	0.039204143
23571	1143	0.039204143
23582	6083	0.028442446
23582	2528	0.028442444
23582	1722	0.028442442
23582	4900	0.028442442
23582	6391	0.028442442
23582	4369	0.02844244
23582	79	0.028442439
23582	1143	0.028442439
23582	3564	0.028442439
23582	105	0.028442437
23619	1722	0.029770464
23619	2528	0.029770464
23619	6083	0.029770464
23619	4900	0.029770462
23619	4369	0.02977046
23619	6391	0.02977046
23619	1143	0.029770458
23619	3564	0.029770458
23619	79	0.029770456
23619	105	0.029770456
23624	6083	0.033687953
23624	1722	0.03368795
23624	2528	0.03368795
23624	6391	0.03368795
23624	1143	0.033687945
23624	4369	0.033687945
23624	4900	0.033687945
23624	79	0.03368794
23624	105	0.03368794
23624	804	0.03368794
23652	2528	0.032041654
23652	6083	0.032041654
23652	1722	0.03204165
23652	4900	0.03204165
23652	6391	0.03204165
23652	79	0.032041647
23652	105	0.032041647
23652	1143	0.032041647
23652	3088	0.032041647
23652	3564	0.032041647
23659	6083	0.027930668
23659	1722	0.027930666
23659	2528	0.027930666
23659	4900	0.027930664
23659	6391	0.027930664
23659	4369	0.027930662
23659	105	0.02793066
23659	1143	0.02793066
23659	3564	0.02793066
23659	79	0.027930658
23680	2528	0.027582295
23680	6083	0.027582295
23680	1722	0.027582292
23680	4369	0.027582292
23680	4900	0.027582292
23680	6391	0.027582292
23680	79	0.02758229
23680	105	0.027582288
23680	1143	0.027582288
23680	3088	0.027582288
23699	2528	0.027015857
23699	6083	0.027015857
23699	1722	0.027015854
23699	4369	0.027015854
23699	4900	0.027015854
23699	6391	0.027015854
23699	1143	0.027015852
23699	79	0.02701585
23699	105	0.02701585
23699	3088	0.02701585
23771	6083	0.03342027
23771	1722	0.033420265
23771	2528	0.033420265
23771	4369	0.033420265
23771	4900	0.033420265
23771	6391	0.033420265
23771	79	0.03342026
23771	105	0.03342026
23771	1143	0.03342026
23771	3564	0.03342026
23847	1722	0.032252192
23847	2528	0.032252192
23847	4900	0.032252192
23847	6083	0.032252192
23847	6391	0.032252192
23847	79	0.032252185
23847	105	0.032252185
23847	1143	0.032252185
23847	3564	0.032252185
23847	3917	0.032252185
23871	6083	0.034334276
23871	1722	0.034334272
23871	2528	0.034334272
23871	4369	0.034334272
23871	4900	0.034334272
23871	6391	0.034334272
23871	79	0.034334265
23871	105	0.034334265
23871	804	0.034334265
23871	1143	0.034334265
23933	6083	0.027112732
23933	1722	0.02711273
23933	2528	0.02711273
23933	6391	0.027112728
23933	1143	0.027112726
23933	4369	0.027112726
23933	4900	0.027112726
23933	79	0.027112724
23933	3564	0.027112724
23933	105	0.027112722
24052	2528	0.027160592
24052	6083	0.02716059
24052	1722	0.027160589
24052	6391	0.027160589
24052	4900	0.027160587
24052	79	0.027160585
24052	105	0.027160585
24052	1143	0.027160585
24052	3564	0.027160585
24052	4369	0.027160585
24090	6083	0.032928426
24090	1722	0.032928422
24090	2528	0.032928422
24090	4900	0.032928422
24090	6391	0.032928422
24090	1143	0.03292842
24090	3564	0.03292842
24090	4369	0.03292842
24090	79	0.032928415
24090	105	0.032928415
24186	2528	0.03023643
24186	6083	0.03023643
24186	1722	0.030236427
24186	4900	0.030236427
24186	6391	0.030236427
24186	4369	0.030236425
24186	79	0.030236423
24186	105	0.030236423
24186	1143	0.030236423
24186	3564	0.030236423
24194	1722	0.03330441
24194	2528	0.03330441
24194	6083	0.03330441
24194	3564	0.033304404
24194	4900	0.033304404
24194	6391	0.033304404
24194	79	0.0333044
24194	105	0.0333044
24194	1143	0.0333044
24194	1557	0.0333044
24379	2528	0.030032132
24379	6083	0.030032132
24379	1722	0.03003213
24379	4369	0.030032128
24379	4900	0.030032128
24379	6391	0.030032128
24379	79	0.030032124
24379	105	0.030032124
24379	1143	0.030032124
24379	3564	0.030032124
24391	2528	0.03583554
24391	6083	0.03583554
24391	1143	0.035835534
24391	1722	0.035835534
24391	3564	0.035835534
24391	4369	0.035835534
24391	4900	0.035835534
24391	6391	0.035835534
24391	79	0.03583553
24391	105	0.03583553
24427	1722	0.032851078
24427	2528	0.032851078
24427	6083	0.032851078
24427	79	0.03285107
24427	105	0.03285107
24427	1143	0.03285107
24427	3564	0.03285107
24427	4369	0.03285107
24427	4900	0.03285107
24427	5896	0.03285107
24433	2528	0.034550186
24433	6083	0.034550186
24433	1722	0.034550183
24433	4900	0.034550183
24433	6391	0.034550183
24433	79	0.03455018
24433	3564	0.03455018
24433	4369	0.03455018
24433	105	0.034550175
24433	1143	0.034550175
24525	1722	0.033871464
24525	2528	0.033871464
24525	6083	0.033871464
24525	6391	0.033871464
24525	1143	0.03387146
24525	4369	0.03387146
24525	4900	0.03387146
24525	79	0.033871457
24525	105	0.033871457
24525	804	0.033871457
24627	6083	0.031814776
24627	2528	0.031814773
24627	79	0.03181477
24627	1722	0.03181477
24627	3564	0.03181477
24627	4369	0.03181477
24627	4900	0.03181477
24627	6391	0.03181477
24627	105	0.031814765
24627	1143	0.031814765
24641	2528	0.028768327
24641	6083	0.028768327
24641	1722	0.028768323
24641	4900	0.028768323
24641	6391	0.028768323
24641	3564	0.028768321
24641	4369	0.028768321
24641	79	0.02876832
24641	1143	0.02876832
24641	105	0.028768318
24733	6083	0.024013827
24733	1722	0.024013825
24733	2528	0.024013825
24733	6391	0.024013823
24733	1143	0.024013821
24733	4369	0.024013821
24733	4900	0.024013821
24733	79	0.02401382
24733	3564	0.02401382
24733	105	0.024013817
24846	6083	0.026062502
24846	2528	0.0260625
24846	1722	0.026062498
24846	4900	0.026062498
24846	6391	0.026062498
24846	79	0.026062496
24846	1143	0.026062496
24846	3564	0.026062496
24846	4369	0.026062496
24846	105	0.026062492
24878	6083	0.040689975
24878	2528	0.04068997
24878	1722	0.040689968
24878	4369	0.040689968
24878	4900	0.040689968
24878	6391	0.040689968
24878	79	0.040689964
24878	1143	0.040689964
24878	3564	0.040689964
24878	105	0.04068996
24921	1722	0.03445282
24921	2528	0.03445282
24921	4900	0.03445282
24921	6083	0.03445282
24921	6391	0.03445282
24921	4369	0.034452815
24921	79	0.03445281
24921	105	0.03445281
24921	1143	0.03445281
24921	3564	0.03445281
24933	2528	0.032121543
24933	6083	0.032121543
24933	4369	0.03212154
24933	4900	0.03212154
24933	6391	0.03212154
24933	79	0.032121535
24933	1143	0.032121535
24933	3564	0.032121535
24933	105	0.03212153
24933	804	0.03212153
24934	2528	0.029044922
24934	6083	0.029044922
24934	1722	0.029044919
24934	4369	0.029044919
24934	4900	0.029044919
24934	6391	0.029044919
24934	79	0.029044915
24934	105	0.029044915
24934	3564	0.029044915
24934	1143	0.029044913
24960	6083	0.02470015
24960	1722	0.024700146
24960	2528	0.024700146
24960	4900	0.024700146
24960	6391	0.024700146
24960	79	0.024700142
24960	105	0.024700142
24960	1143	0.024700142
24960	3564	0.024700142
24960	4369	0.024700142
24995	2528	0.026690586
24995	6083	0.026690586
24995	1722	0.026690584
24995	4900	0.026690584
24995	79	0.02669058
24995	1143	0.02669058
24995	3564	0.02669058
24995	4369	0.02669058
24995	6391	0.02669058
24995	105	0.026690578
25009	6083	0.03944825
25009	1722	0.039448246
25009	2528	0.039448246
25009	4369	0.039448246
25009	4900	0.039448246
25009	6391	0.039448246
25009	3564	0.039448243
25009	79	0.03944824
25009	105	0.03944824
25009	804	0.03944824
25103	6083	0.029756965
25103	1722	0.029756963
25103	2528	0.029756963
25103	4369	0.02975696
25103	4900	0.02975696
25103	6391	0.02975696
25103	1143	0.029756958
25103	3564	0.029756958
25103	79	0.029756956
25103	105	0.029756956
25109	2528	0.023330774
25109	6083	0.023330774
25109	1722	0.023330772
25109	4900	0.023330772
25109	6391	0.023330772
25109	1143	0.02333077
25109	3564	0.02333077
25109	4369	0.02333077
25109	79	0.023330767
25109	105	0.023330767
25131	1722	0.032075822
25131	2528	0.032075822
25131	6083	0.032075822
25131	6391	0.032075822
25131	1143	0.03207582
25131	4369	0.03207582
25131	4900	0.03207582
25131	79	0.032075815
25131	105	0.032075815
25131	804	0.032075815
25216	2528	0.0316831
25216	6083	0.0316831
25216	1722	0.031683095
25216	3564	0.031683095
25216	4369	0.031683095
25216	4900	0.031683095
25216	6391	0.031683095
25216	79	0.03168309
25216	105	0.03168309
25216	1143	0.03168309
25225	1722	0.032043733
25225	2528	0.032043733
25225	6083	0.032043733
25225	4900	0.03204373
25225	79	0.032043725
25225	105	0.032043725
25225	1143	0.032043725
25225	3564	0.032043725
25225	4369	0.032043725
25225	6391	0.032043725
25253	2528	0.037706338
25253	6083	0.037706338
25253	1722	0.037706334
25253	4900	0.037706334
25253	79	0.03770633
25253	1143	0.03770633
25253	3564	0.03770633
25253	4369	0.03770633
25253	6391	0.03770633
25253	105	0.037706327
25395	1722	0.0357795
25395	2528	0.0357795
25395	4900	0.0357795
25395	6083	0.0357795
25395	4369	0.035779495
25395	6391	0.035779495
25395	79	0.03577949
25395	1143	0.03577949
25395	3564	0.03577949
25395	105	0.035779487
25410	1722	0.038364165
25410	2528	0.038364165
25410	6083	0.038364165
25410	6391	0.038364165
25410	4369	0.03836416
25410	79	0.038364157
25410	105	0.038364157
25410	1143	0.038364157
25410	3564	0.038364157
25410	4900	0.038364157
25533	2528	0.031925134
25533	6083	0.031925134
25533	1722	0.03192513
25533	79	0.031925127
25533	3564	0.031925127
25533	4369	0.031925127
25533	4900	0.031925127
25533	6391	0.031925127
25533	105	0.031925123
25533	804	0.031925123
25545	1722	0.028472919
25545	2528	0.028472919
25545	6083	0.028472919
25545	6391	0.028472917
25545	1143	0.028472915
25545	3564	0.028472915
25545	4369	0.028472915
25545	4900	0.028472915
25545	79	0.028472912
25545	105	0.028472912
25583	2528	0.027381081
25583	6083	0.027381081
25583	1722	0.027381077
25583	4369	0.027381077
25583	4900	0.027381077
25583	6391	0.027381077
25583	79	0.027381074
25583	105	0.027381074
25583	1143	0.027381074
25583	3564	0.027381074
25601	1722	0.034596898
25601	2528	0.034596898
25601	6083	0.034596898
25601	79	0.03459689
25601	1143	0.03459689
25601	3564	0.03459689
25601	4369	0.03459689
25601	4900	0.03459689
25601	6391	0.03459689
25601	105	0.034596886
25711	2528	0.02717689
25711	6083	0.02717689
25711	1722	0.027176889
25711	4369	0.027176887
25711	4900	0.027176887
25711	6391	0.027176887
25711	1143	0.027176885
25711	3564	0.027176885
25711	79	0.027176883
25711	105	0.027176883
25804	2528	0.01900873
25804	6083	0.01900873
25804	1722	0.019008728
25804	4369	0.019008728
25804	4900	0.019008728
25804	3564	0.019008726
25804	6391	0.019008726
25804	79	0.019008724
25804	105	0.019008724
25804	1143	0.019008724
25827	2528	0.030871611
25827	6083	0.030871611
25827	1722	0.030871607
25827	4900	0.030871606
25827	6391	0.030871606
25827	1143	0.030871604
25827	3564	0.030871604
25827	4369	0.030871604
25827	79	0.0308716
25827	105	0.0308716
25850	2528	0.030628776
25850	6083	0.030628776
25850	1722	0.030628774
25850	6391	0.030628772
25850	4369	0.03062877
25850	4900	0.03062877
25850	1143	0.030628769
25850	3564	0.030628769
25850	79	0.030628767
25850	105	0.030628767
25890	6083	0.034884166
25890	1722	0.034884162
25890	2528	0.034884162
25890	4369	0.034884162
25890	6391	0.034884162
25890	4900	0.03488416
25890	79	0.034884155
25890	105	0.034884155
25890	1143	0.034884155
25890	3088	0.034884155
25919	2528	0.028411165
25919	6083	0.028411165
25919	1722	0.028411163
25919	4369	0.028411161
25919	4900	0.028411161
25919	6391	0.028411161
25919	79	0.028411157
25919	105	0.028411157
25919	1143	0.028411157
25919	3564	0.028411157
25930	1722	0.01947233
25930	2528	0.01947233
25930	6083	0.01947233
25930	6391	0.01947233
25930	4900	0.019472329
25930	79	0.019472327
25930	105	0.019472327
25930	1143	0.019472327
25930	3564	0.019472327
25930	4369	0.019472327
25966	2528	0.024722723
25966	6083	0.024722723
25966	1722	0.024722721
25966	4900	0.024722721
25966	6391	0.024722721
25966	4369	0.02472272
25966	79	0.024722718
25966	105	0.024722718
25966	1143	0.024722718
25966	3564	0.024722718
25996	1722	0.0281974
25996	2528	0.0281974
25996	6083	0.0281974
25996	4900	0.028197397
25996	6391	0.028197397
25996	1143	0.028197395
25996	3564	0.028197395
25996	4369	0.028197395
25996	79	0.028197393
25996	105	0.028197393
26057	2528	0.02487909
26057	6083	0.02487909
26057	1722	0.024879089
26057	3564	0.024879087
26057	4369	0.024879087
26057	4900	0.024879087
26057	6391	0.024879087
26057	79	0.024879085
26057	1143	0.024879085
26057	105	0.024879083
26084	2528	0.032950945
26084	6083	0.032950945
26084	105	0.032950938
26084	1722	0.032950938
26084	3564	0.032950938
26084	4369	0.032950938
26084	4900	0.032950938
26084	6391	0.032950938
26084	79	0.032950934
26084	1143	0.032950934
26134	2528	0.032639198
26134	6083	0.032639198
26134	1722	0.032639194
26134	1143	0.03263919
26134	3564	0.03263919
26134	4369	0.03263919
26134	4900	0.03263919
26134	6391	0.03263919
26134	79	0.032639187
26134	105	0.032639187
26145	2528	0.02621685
26145	6083	0.02621685
26145	1722	0.026216848
26145	4369	0.026216846
26145	4900	0.026216846
26145	6391	0.026216846
26145	1143	0.026216844
26145	3564	0.026216844
26145	79	0.026216842
26145	105	0.026216842
26240	6083	0.034245834
26240	1722	0.03424583
26240	2528	0.03424583
26240	1143	0.034245826
26240	3564	0.034245826
26240	4369	0.034245826
26240	4900	0.034245826
26240	6391	0.034245826
26240	79	0.034245823
26240	105	0.03424582
26371	2528	0.030541888
26371	1722	0.030541886
26371	6083	0.030541886
26371	4900	0.030541884
26371	6391	0.030541884
26371	3564	0.030541882
26371	4369	0.030541882
26371	79	0.030541878
26371	105	0.030541878
26371	1143	0.030541878
26374	2528	0.029490862
26374	6083	0.029490862
26374	1722	0.02949086
26374	4900	0.029490858
26374	6391	0.029490858
26374	4369	0.029490856
26374	79	0.029490855
26374	105	0.029490855
26374	1143	0.029490855
26374	3564	0.029490855
26487	6083	0.030719426
26487	1722	0.030719422
26487	2528	0.030719422
26487	6391	0.03071942
26487	4369	0.030719418
26487	4900	0.030719418
26487	79	0.030719416
26487	105	0.030719416
26487	1143	0.030719416
26487	3564	0.030719416
26516	6083	0.04195804
26516	1722	0.041958038
26516	2528	0.041958038
26516	79	0.041958034
26516	3564	0.041958034
26516	4369	0.041958034
26516	4900	0.041958034
26516	6391	0.041958034
26516	1143	0.04195803
26516	105	0.041958027
26517	2528	0.042741194
26517	6083	0.04274119
26517	1722	0.042741187
26517	4900	0.042741187
26517	6391	0.042741187
26517	3564	0.042741183
26517	4369	0.042741183
26517	79	0.04274118
26517	105	0.04274118
26517	804	0.04274118
26521	2528	0.032687433
26521	6083	0.032687433
26521	6391	0.03268743
26521	1722	0.032687426
26521	4369	0.032687426
26521	4900	0.032687426
26521	1143	0.032687422
26521	3088	0.032687422
26521	3564	0.032687422
26521	79	0.03268742
26535	2528	0.03892666
26535	6083	0.03892666
26535	1722	0.038926654
26535	4369	0.038926654
26535	4900	0.038926654
26535	6391	0.038926654
26535	3564	0.03892665
26535	79	0.038926646
26535	105	0.038926646
26535	804	0.038926646
26538	6083	0.029055854
26538	2528	0.029055852
26538	1722	0.02905585
26538	4900	0.02905585
26538	6391	0.02905585
26538	4369	0.029055849
26538	79	0.029055847
26538	1143	0.029055847
26538	3564	0.029055847
26538	105	0.029055845
26544	6083	0.035990965
26544	1722	0.03599096
26544	2528	0.03599096
26544	4369	0.03599096
26544	6391	0.03599096
26544	79	0.035990957
26544	1143	0.035990957
26544	4900	0.035990957
26544	105	0.035990953
26544	804	0.035990953
26553	6083	0.037087835
26553	1722	0.037087828
26553	2528	0.037087828
26553	4369	0.037087828
26553	6391	0.037087828
26553	1143	0.037087824
26553	4900	0.037087824
26553	79	0.03708782
26553	105	0.03708782
26553	3564	0.03708782
26583	6083	0.030721016
26583	1722	0.030721014
26583	2528	0.030721014
26583	4900	0.030721013
26583	6391	0.030721013
26583	4369	0.03072101
26583	79	0.030721009
26583	105	0.030721009
26583	1143	0.030721009
26583	3564	0.030721009
26593	2528	0.038352884
26593	6083	0.038352884
26593	1722	0.038352877
26593	4369	0.038352877
26593	4900	0.038352877
26593	6391	0.038352877
26593	79	0.038352873
26593	1143	0.038352873
26593	105	0.03835287
26593	804	0.03835287
26598	1722	0.031559594
26598	2528	0.031559594
26598	6083	0.031559594
26598	4369	0.03155959
26598	4900	0.03155959
26598	79	0.031559587
26598	105	0.031559587
26598	1143	0.031559587
26598	3088	0.031559587
26598	3564	0.031559587
26611	2528	0.025147215
26611	6083	0.025147215
26611	1722	0.025147213
26611	4900	0.025147213
26611	79	0.02514721
26611	1143	0.02514721
26611	4369	0.02514721
26611	6391	0.02514721
26611	105	0.025147209
26611	3564	0.025147209
26615	2528	0.0236019
26615	6083	0.0236019
26615	1722	0.023601897
26615	4900	0.023601897
26615	6391	0.023601897
26615	4369	0.023601895
26615	79	0.023601893
26615	105	0.023601893
26615	804	0.023601893
26615	1143	0.023601893
26620	6083	0.028858155
26620	2528	0.028858153
26620	1722	0.028858151
26620	4900	0.028858151
26620	4369	0.02885815
26620	6391	0.02885815
26620	79	0.028858148
26620	105	0.028858148
26620	1143	0.028858148
26620	3564	0.028858148
26621	1722	0.039825603
26621	2528	0.039825603
26621	6083	0.039825603
26621	1143	0.039825596
26621	3564	0.039825596
26621	4369	0.039825596
26621	4900	0.039825596
26621	6391	0.039825596
26621	79	0.039825592
26621	105	0.039825592
26624	1722	0.032534283
26624	2528	0.032534283
26624	6083	0.032534283
26624	4369	0.03253428
26624	4900	0.03253428
26624	6391	0.03253428
26624	79	0.032534275
26624	3564	0.032534275
26624	105	0.03253427
26624	804	0.03253427
26628	2528	0.022924656
26628	6083	0.022924656
26628	1722	0.022924654
26628	4900	0.022924654
26628	6391	0.022924654
26628	79	0.02292465
26628	105	0.02292465
26628	1143	0.02292465
26628	3088	0.02292465
26628	3564	0.02292465
26664	1722	0.033059333
26664	2528	0.033059333
26664	6083	0.033059333
26664	3564	0.03305933
26664	4369	0.03305933
26664	4900	0.03305933
26664	6391	0.03305933
26664	79	0.033059325
26664	105	0.03305932
26664	804	0.03305932
26713	2528	0.027397227
26713	6083	0.027397227
26713	1722	0.027397225
26713	4900	0.027397225
26713	4369	0.027397223
26713	6391	0.027397223
26713	79	0.027397221
26713	1143	0.027397221
26713	3564	0.027397221
26713	105	0.02739722
26756	2528	0.029669337
26756	6083	0.029669337
26756	1722	0.029669333
26756	4900	0.029669333
26756	6391	0.029669333
26756	4369	0.029669331
26756	79	0.02966933
26756	1143	0.02966933
26756	3564	0.02966933
26756	5896	0.02966933
26782	6083	0.027629375
26782	2528	0.027629374
26782	1722	0.027629372
26782	4900	0.027629372
26782	4369	0.02762937
26782	6391	0.02762937
26782	1143	0.027629368
26782	3564	0.027629368
26782	105	0.027629366
26782	79	0.027629364
26813	2528	0.019548303
26813	6083	0.019548303
26813	1722	0.0195483
26813	3564	0.0195483
26813	4900	0.0195483
26813	6391	0.0195483
26813	4369	0.019548299
26813	79	0.019548297
26813	105	0.019548297
26813	1143	0.019548297
26883	6083	0.04030922
26883	1722	0.040309213
26883	2528	0.040309213
26883	4369	0.040309213
26883	4900	0.040309213
26883	6391	0.040309213
26883	3564	0.04030921
26883	79	0.040309206
26883	105	0.040309206
26883	1143	0.040309206
27091	6083	0.034172602
27091	2528	0.0341726
27091	1722	0.034172595
27091	4369	0.034172595
27091	4900	0.034172595
27091	6391	0.034172595
27091	79	0.03417259
27091	1143	0.03417259
27091	3564	0.03417259
27091	105	0.034172587
27140	6083	0.02932361
27140	1722	0.029323608
27140	2528	0.029323608
27140	6391	0.029323606
27140	1143	0.029323604
27140	3564	0.029323604
27140	4369	0.029323604
27140	4900	0.029323604
27140	79	0.029323602
27140	105	0.0293236
27169	2528	0.027435727
27169	6083	0.027435727
27169	1722	0.027435724
27169	4369	0.027435724
27169	4900	0.027435724
27169	6391	0.027435724
27169	79	0.02743572
27169	105	0.02743572
27169	1143	0.02743572
27169	3564	0.02743572
27193	6083	0.030784447
27193	2528	0.030784445
27193	1722	0.030784443
27193	4900	0.030784443
27193	6391	0.030784443
27193	4369	0.030784441
27193	79	0.03078444
27193	1143	0.03078444
27193	3564	0.03078444
27193	105	0.030784437
27204	2528	0.029892195
27204	6083	0.029892195
27204	1722	0.029892193
27204	4369	0.029892191
27204	4900	0.029892191
27204	6391	0.029892191
27204	3564	0.02989219
27204	79	0.029892188
27204	1143	0.029892188
27204	105	0.029892186
27265	2528	0.031139478
27265	6083	0.031139478
27265	1722	0.031139476
27265	4369	0.031139474
27265	4900	0.031139474
27265	6391	0.031139474
27265	79	0.03113947
27265	105	0.03113947
27265	1143	0.03113947
27265	3564	0.03113947
27313	6083	0.023770899
27313	1722	0.023770897
27313	2528	0.023770895
27313	4369	0.023770895
27313	4900	0.023770895
27313	6391	0.023770895
27313	1143	0.023770893
27313	79	0.023770891
27313	105	0.023770891
27313	1557	0.023770891
27317	6083	0.029582053
27317	2528	0.029582052
27317	1722	0.02958205
27317	4369	0.02958205
27317	4900	0.02958205
27317	6391	0.02958205
27317	79	0.029582046
27317	105	0.029582046
27317	1143	0.029582046
27317	3564	0.029582046
27352	1722	0.023402628
27352	2528	0.023402628
27352	6083	0.023402628
27352	6391	0.023402628
27352	4900	0.023402626
27352	79	0.023402624
27352	105	0.023402624
27352	1143	0.023402624
27352	3564	0.023402624
27352	4369	0.023402624
27383	6083	0.028728731
27383	2528	0.02872873
27383	1722	0.028728727
27383	4369	0.028728727
27383	4900	0.028728727
27383	6391	0.028728727
27383	1143	0.028728724
27383	3564	0.028728724
27383	79	0.028728722
27383	105	0.028728722
27462	6083	0.026978346
27462	1722	0.026978344
27462	2528	0.026978344
27462	4900	0.026978342
27462	6391	0.026978342
27462	1143	0.02697834
27462	3564	0.02697834
27462	4369	0.02697834
27462	79	0.026978338
27462	105	0.026978336
27472	2528	0.041364234
27472	6083	0.041364234
27472	1722	0.04136423
27472	4900	0.04136423
27472	6391	0.04136423
27472	1143	0.041364226
27472	4369	0.041364226
27472	79	0.041364223
27472	105	0.041364223
27472	3088	0.041364223
27573	2528	0.036213063
27573	6083	0.036213063
27573	1722	0.036213055
27573	4369	0.036213055
27573	4900	0.036213055
27573	6391	0.036213055
27573	79	0.03621305
27573	1143	0.03621305
27573	3564	0.03621305
27573	105	0.036213048
27617	6083	0.034117166
27617	1722	0.034117162
27617	2528	0.034117162
27617	4369	0.034117162
27617	6391	0.034117162
27617	79	0.03411716
27617	3564	0.03411716
27617	4900	0.03411716
27617	105	0.034117155
27617	1143	0.034117155
27647	2528	0.037249703
27647	6083	0.037249703
27647	1143	0.0372497
27647	1722	0.0372497
27647	4900	0.0372497
27647	6391	0.0372497
27647	4369	0.037249696
27647	79	0.03724969
27647	105	0.03724969
27647	804	0.03724969
27684	2528	0.024354678
27684	6083	0.024354678
27684	1722	0.024354674
27684	4900	0.024354674
27684	3564	0.024354672
27684	4369	0.024354672
27684	6391	0.024354672
27684	79	0.02435467
27684	105	0.02435467
27684	1143	0.02435467
27740	2528	0.032272067
27740	6083	0.032272067
27740	1143	0.032272063
27740	1722	0.032272063
27740	4369	0.032272063
27740	4900	0.032272063
27740	6391	0.032272063
27740	79	0.03227206
27740	105	0.03227206
27740	3564	0.03227206
27812	6083	0.029079752
27812	1722	0.02907975
27812	2528	0.02907975
27812	4369	0.029079748
27812	4900	0.029079748
27812	6391	0.029079748
27812	1143	0.029079745
27812	3564	0.029079745
27812	79	0.029079743
27812	105	0.029079743
27813	2528	0.037675776
27813	6083	0.037675776
27813	79	0.037675768
27813	1143	0.037675768
27813	1722	0.037675768
27813	4369	0.037675768
27813	4900	0.037675768
27813	6391	0.037675768
27813	105	0.037675764
27813	804	0.037675764
27821	6083	0.029827911
27821	1722	0.029827908
27821	2528	0.029827908
27821	6391	0.029827906
27821	3564	0.029827904
27821	4369	0.029827904
27821	4900	0.029827904
27821	1143	0.029827902
27821	79	0.0298279
27821	105	0.0298279
27875	6083	0.025461897
27875	2528	0.025461895
27875	1722	0.025461894
27875	4369	0.025461894
27875	4900	0.025461894
27875	6391	0.025461894
27875	79	0.02546189
27875	105	0.02546189
27875	1143	0.02546189
27875	3564	0.02546189
27888	6083	0.028356424
27888	2528	0.028356422
27888	1722	0.028356418
27888	4369	0.028356418
27888	4900	0.028356418
27888	6391	0.028356418
27888	3564	0.028356416
27888	79	0.028356414
27888	105	0.028356414
27888	1143	0.028356414
27891	1722	0.0343341
27891	2528	0.0343341
27891	4900	0.0343341
27891	6083	0.0343341
27891	6391	0.0343341
27891	79	0.034334097
27891	105	0.034334093
27891	804	0.034334093
27891	1143	0.034334093
27891	3088	0.034334093
27947	6083	0.028365754
27947	2528	0.028365752
27947	1722	0.02836575
27947	4900	0.028365748
27947	6391	0.028365748
27947	1143	0.028365746
27947	3564	0.028365746
27947	4369	0.028365746
27947	79	0.028365742
27947	105	0.028365742
27956	2528	0.034839053
27956	6083	0.034839053
27956	1722	0.03483905
27956	4369	0.03483905
27956	4900	0.03483905
27956	6391	0.03483905
27956	79	0.034839045
27956	1143	0.034839045
27956	3564	0.034839045
27956	105	0.03483904
28016	2528	0.02665925
28016	6083	0.02665925
28016	1722	0.026659248
28016	6391	0.026659248
28016	4369	0.026659247
28016	4900	0.026659247
28016	1143	0.026659245
28016	3564	0.026659245
28016	79	0.026659243
28016	105	0.026659243
28076	6083	0.036292765
28076	1722	0.03629276
28076	2528	0.03629276
28076	4900	0.03629276
28076	6391	0.03629276
28076	4369	0.036292758
28076	79	0.036292754
28076	105	0.036292754
28076	1143	0.036292754
28076	3564	0.036292754
28091	2528	0.026713928
28091	1722	0.026713926
28091	6083	0.026713926
28091	6391	0.026713926
28091	4900	0.026713924
28091	79	0.026713923
28091	1143	0.026713923
28091	3564	0.026713923
28091	4369	0.026713923
28091	105	0.02671392
28096	1722	0.035827562
28096	2528	0.035827562
28096	4369	0.035827562
28096	6083	0.035827562
28096	6391	0.035827562
28096	79	0.03582756
28096	1143	0.03582756
28096	3564	0.03582756
28096	4900	0.03582756
28096	105	0.035827555
28139	2528	0.025017267
28139	6083	0.025017267
28139	4900	0.025017265
28139	1722	0.025017263
28139	6391	0.025017263
28139	79	0.025017262
28139	3564	0.025017262
28139	4369	0.025017262
28139	1143	0.02501726
28139	5896	0.02501726
28144	6083	0.024456745
28144	1722	0.024456743
28144	2528	0.024456743
28144	4369	0.024456741
28144	4900	0.024456741
28144	6391	0.024456741
28144	79	0.02445674
28144	1143	0.02445674
28144	3564	0.02445674
28144	105	0.024456738
28150	6083	0.020365022
28150	1722	0.020365018
28150	2528	0.020365018
28150	4369	0.020365018
28150	4900	0.020365018
28150	6391	0.020365018
28150	3564	0.020365017
28150	79	0.020365015
28150	105	0.020365015
28150	1143	0.020365015
28177	2528	0.041950844
28177	6083	0.041950844
28177	1722	0.04195084
28177	4900	0.04195084
28177	3564	0.041950837
28177	4369	0.041950837
28177	6391	0.041950837
28177	79	0.041950833
28177	1143	0.041950833
28177	105	0.04195083
28204	2528	0.046751283
28204	6083	0.046751283
28204	1722	0.04675128
28204	4900	0.046751276
28204	6391	0.046751276
28204	4369	0.046751272
28204	79	0.04675127
28204	105	0.04675127
28204	804	0.04675127
28204	1143	0.04675127
28222	2528	0.038202673
28222	6083	0.038202673
28222	1722	0.03820267
28222	1143	0.038202666
28222	3564	0.038202666
28222	4369	0.038202666
28222	4900	0.038202666
28222	6391	0.038202666
28222	79	0.038202662
28222	105	0.038202662
28255	2528	0.032789744
28255	6083	0.032789744
28255	1722	0.03278974
28255	4900	0.03278974
28255	6391	0.03278974
28255	79	0.032789737
28255	1143	0.032789737
28255	3564	0.032789737
28255	4369	0.032789737
28255	105	0.032789733
28257	1722	0.029279403
28257	2528	0.029279403
28257	6083	0.029279403
28257	4900	0.0292794
28257	6391	0.0292794
28257	3564	0.029279398
28257	4369	0.029279398
28257	79	0.029279396
28257	105	0.029279396
28257	1143	0.029279396
28289	2528	0.02621821
28289	6083	0.02621821
28289	1722	0.026218208
28289	4369	0.026218206
28289	4900	0.026218206
28289	6391	0.026218206
28289	79	0.026218202
28289	105	0.026218202
28289	1143	0.026218202
28289	3564	0.026218202
28360	2528	0.024291627
28360	6083	0.024291627
28360	1722	0.024291623
28360	4369	0.024291623
28360	4900	0.024291623
28360	6391	0.024291623
28360	79	0.02429162
28360	105	0.02429162
28360	1143	0.02429162
28360	3564	0.02429162
28448	6083	0.026265558
28448	2528	0.026265556
28448	1722	0.026265554
28448	6391	0.026265554
28448	4900	0.026265552
28448	79	0.02626555
28448	3564	0.02626555
28448	4369	0.02626555
28448	105	0.026265549
28448	1143	0.026265549
28451	1722	0.033440962
28451	2528	0.033440962
28451	6083	0.033440962
28451	6391	0.03344096
28451	79	0.033440955
28451	105	0.033440955
28451	1143	0.033440955
28451	3564	0.033440955
28451	4369	0.033440955
28451	4900	0.033440955
28454	6083	0.027403764
28454	2528	0.027403763
28454	1722	0.02740376
28454	4900	0.02740376
28454	6391	0.02740376
28454	4369	0.027403759
28454	79	0.027403757
28454	1143	0.027403757
28454	3564	0.027403757
28454	105	0.027403755
28492	2528	0.024540264
28492	6083	0.024540264
28492	1722	0.02454026
28492	4369	0.02454026
28492	4900	0.02454026
28492	6391	0.02454026
28492	79	0.024540259
28492	1143	0.024540259
28492	105	0.024540257
28492	3088	0.024540257
28523	2528	0.028303947
28523	6083	0.028303947
28523	1722	0.028303944
28523	4900	0.028303944
28523	6391	0.028303944
28523	4369	0.028303942
28523	79	0.02830394
28523	105	0.02830394
28523	1143	0.02830394
28523	3564	0.02830394
28543	1722	0.038661227
28543	2528	0.038661227
28543	6083	0.038661227
28543	6391	0.038661223
28543	79	0.03866122
28543	1143	0.03866122
28543	3564	0.03866122
28543	4369	0.03866122
28543	4900	0.03866122
28543	105	0.038661215
28591	2528	0.03398949
28591	6083	0.03398949
28591	1722	0.033989485
28591	4900	0.033989485
28591	6391	0.033989485
28591	4369	0.03398948
28591	79	0.033989478
28591	105	0.033989478
28591	1143	0.033989478
28591	3088	0.033989478
28592	6083	0.028935209
28592	2528	0.028935207
28592	1722	0.028935205
28592	4369	0.028935205
28592	4900	0.028935205
28592	6391	0.028935205
28592	79	0.028935201
28592	1143	0.028935201
28592	3564	0.028935201
28592	105	0.0289352
28594	2528	0.027540602
28594	6083	0.027540602
28594	1722	0.0275406
28594	4900	0.027540598
28594	6391	0.027540598
28594	1143	0.027540596
28594	4369	0.027540596
28594	79	0.027540594
28594	105	0.027540594
28594	3564	0.027540594
28619	6083	0.043473337
28619	1722	0.043473333
28619	2528	0.043473333
28619	4369	0.043473333
28619	4900	0.043473333
28619	6391	0.043473333
28619	79	0.043473326
28619	105	0.043473326
28619	1143	0.043473326
28619	3088	0.043473326
28634	6083	0.038030658
28634	1722	0.038030654
28634	2528	0.038030654
28634	6391	0.038030654
28634	4900	0.03803065
28634	79	0.038030647
28634	105	0.038030647
28634	1143	0.038030647
28634	3564	0.038030647
28634	4369	0.038030647
28647	6083	0.02930559
28647	1722	0.029305588
28647	2528	0.029305588
28647	6391	0.029305588
28647	4900	0.029305587
28647	4369	0.029305585
28647	79	0.029305583
28647	1143	0.029305583
28647	3564	0.029305583
28647	105	0.029305581
28667	6083	0.031663876
28667	1722	0.031663872
28667	2528	0.031663872
28667	4900	0.031663872
28667	6391	0.031663872
28667	4369	0.03166387
28667	79	0.031663865
28667	105	0.031663865
28667	804	0.031663865
28667	1143	0.031663865
28700	2528	0.025241088
28700	6083	0.025241088
28700	1722	0.025241084
28700	4369	0.025241084
28700	4900	0.025241084
28700	6391	0.025241084
28700	79	0.025241083
28700	1143	0.025241083
28700	3564	0.025241083
28700	105	0.02524108
28709	6083	0.025637088
28709	2528	0.025637086
28709	1722	0.025637083
28709	3564	0.025637083
28709	4369	0.025637083
28709	4900	0.025637083
28709	6391	0.025637083
28709	79	0.02563708
28709	1143	0.02563708
28709	105	0.025637079
28731	2528	0.02110158
28731	6083	0.021101577
28731	1722	0.021101575
28731	4369	0.021101575
28731	4900	0.021101575
28731	6391	0.021101575
28731	3564	0.021101573
28731	79	0.021101572
28731	105	0.021101572
28731	804	0.021101572
28735	2528	0.032096606
28735	6083	0.032096606
28735	1722	0.032096602
28735	4369	0.032096602
28735	4900	0.032096602
28735	6391	0.032096602
28735	79	0.0320966
28735	105	0.0320966
28735	1143	0.0320966
28735	3564	0.0320966
28820	2528	0.02463921
28820	6083	0.02463921
28820	1722	0.024639208
28820	4900	0.024639206
28820	3564	0.024639204
28820	4369	0.024639204
28820	6391	0.024639204
28820	79	0.024639202
28820	1143	0.024639202
28820	105	0.0246392
28865	2528	0.0337798
28865	6083	0.0337798
28865	1722	0.033779796
28865	79	0.033779792
28865	105	0.033779792
28865	1143	0.033779792
28865	3564	0.033779792
28865	3917	0.033779792
28865	4369	0.033779792
28865	4900	0.033779792
28938	6083	0.029418945
28938	2528	0.029418943
28938	1722	0.029418942
28938	4900	0.029418942
28938	6391	0.029418942
28938	4369	0.02941894
28938	79	0.029418938
28938	105	0.029418938
28938	1143	0.029418938
28938	3564	0.029418938
28945	6083	0.029931627
28945	1722	0.029931625
28945	2528	0.029931625
28945	4900	0.029931623
28945	6391	0.029931623
28945	4369	0.029931622
28945	79	0.02993162
28945	105	0.02993162
28945	1143	0.02993162
28945	3564	0.02993162
29028	6083	0.034542687
29028	1722	0.034542684
29028	2528	0.03454268
29028	3564	0.03454268
29028	4369	0.03454268
29028	4900	0.03454268
29028	6391	0.03454268
29028	79	0.034542676
29028	105	0.034542676
29028	1143	0.034542676
29056	6083	0.04342613
29056	1722	0.043426126
29056	2528	0.043426126
29056	6391	0.043426126
29056	4369	0.043426123
29056	4900	0.043426123
29056	79	0.04342612
29056	1143	0.04342612
29056	3564	0.04342612
29056	3917	0.04342612
29094	2528	0.024577979
29094	6083	0.024577979
29094	1722	0.024577977
29094	6391	0.024577977
29094	3564	0.024577975
29094	4369	0.024577975
29094	4900	0.024577975
29094	79	0.024577973
29094	1143	0.024577973
29094	105	0.024577972
29101	6083	0.023742452
29101	1722	0.023742449
29101	2528	0.023742449
29101	6391	0.023742449
29101	4369	0.023742447
29101	4900	0.023742447
29101	79	0.023742445
29101	105	0.023742445
29101	1143	0.023742445
29101	3564	0.023742445
29204	2528	0.024472654
29204	6083	0.024472654
29204	1722	0.024472652
29204	1143	0.02447265
29204	3564	0.02447265
29204	4369	0.02447265
29204	4900	0.02447265
29204	6391	0.02447265
29204	79	0.024472646
29204	105	0.024472646
29209	6083	0.037503567
29209	1722	0.037503563
29209	2528	0.037503563
29209	4369	0.037503563
29209	4900	0.037503563
29209	6391	0.037503563
29209	79	0.03750356
29209	1143	0.03750356
29209	105	0.037503555
29209	804	0.037503555
29259	1722	0.030802932
29259	2528	0.030802932
29259	6083	0.030802932
29259	4900	0.03080293
29259	6391	0.03080293
29259	1143	0.030802928
29259	4369	0.030802928
29259	79	0.030802924
29259	105	0.030802924
29259	3564	0.030802924
29306	2528	0.02449859
29306	6083	0.02449859
29306	1722	0.024498587
29306	4369	0.024498586
29306	4900	0.024498586
29306	6391	0.024498586
29306	79	0.024498584
29306	3564	0.024498584
29306	105	0.024498582
29306	804	0.024498582
29419	2528	0.030306231
29419	6083	0.030306231
29419	6391	0.03030623
29419	1722	0.030306228
29419	4369	0.030306228
29419	4900	0.030306228
29419	79	0.030306224
29419	105	0.030306224
29419	1143	0.030306224
29419	3564	0.030306224
29424	1722	0.027536329
29424	2528	0.027536329
29424	6083	0.027536329
29424	4900	0.027536327
29424	4369	0.027536325
29424	6391	0.027536325
29424	1143	0.027536323
29424	3564	0.027536323
29424	79	0.027536321
29424	105	0.027536321
29497	2528	0.033991236
29497	6083	0.033991236
29497	1722	0.033991233
29497	6391	0.033991233
29497	1143	0.03399123
29497	3564	0.03399123
29497	4900	0.03399123
29497	79	0.033991225
29497	105	0.033991225
29497	804	0.033991225
29526	6083	0.030286446
29526	1722	0.030286442
29526	2528	0.030286442
29526	4900	0.03028644
29526	6391	0.03028644
29526	4369	0.030286439
29526	79	0.030286437
29526	1143	0.030286437
29526	3564	0.030286437
29526	105	0.030286435
29539	6083	0.04246006
29539	2528	0.042460058
29539	1722	0.042460054
29539	3564	0.042460054
29539	4369	0.042460054
29539	4900	0.042460054
29539	6391	0.042460054
29539	79	0.042460047
29539	105	0.042460047
29539	1143	0.042460047
29570	6083	0.0353365
29570	1722	0.035336494
29570	2528	0.035336494
29570	4900	0.035336494
29570	6391	0.035336494
29570	4369	0.03533649
29570	79	0.035336487
29570	105	0.035336487
29570	804	0.035336487
29570	1143	0.035336487
29789	1722	0.029374626
29789	2528	0.029374626
29789	6083	0.029374626
29789	6391	0.029374624
29789	1143	0.029374622
29789	3564	0.029374622
29789	4369	0.029374622
29789	4900	0.029374622
29789	79	0.02937462
29789	105	0.029374618
29855	1722	0.035801925
29855	2528	0.035801925
29855	4900	0.035801925
29855	6083	0.035801925
29855	3564	0.03580192
29855	4369	0.03580192
29855	6391	0.03580192
29855	79	0.035801917
29855	105	0.035801917
29855	1143	0.035801917
29867	6083	0.030249882
29867	2528	0.030249879
29867	1722	0.030249877
29867	4900	0.030249877
29867	4369	0.030249875
29867	6391	0.030249875
29867	79	0.030249873
29867	105	0.030249871
29867	1143	0.030249871
29867	3564	0.030249871
29915	1722	0.03477115
29915	2528	0.03477115
29915	4900	0.03477115
29915	6083	0.03477115
29915	6391	0.03477115
29915	4369	0.034771148
29915	79	0.034771144
29915	105	0.034771144
29915	1143	0.034771144
29915	1557	0.034771144
30022	6083	0.023041576
30022	1722	0.023041572
30022	2528	0.023041572
30022	4900	0.023041572
30022	6391	0.023041572
30022	4369	0.02304157
30022	79	0.023041569
30022	1143	0.023041569
30022	3564	0.023041569
30022	5896	0.023041569
30029	1722	0.03193979
30029	2528	0.03193979
30029	6083	0.03193979
30029	4900	0.031939786
30029	79	0.031939782
30029	105	0.031939782
30029	1143	0.031939782
30029	3564	0.031939782
30029	4369	0.031939782
30029	5896	0.031939782
30035	6083	0.031883642
30035	2528	0.03188364
30035	79	0.031883635
30035	3564	0.031883635
30035	4369	0.031883635
30035	4900	0.031883635
30035	6391	0.031883635
30035	105	0.03188363
30035	1143	0.03188363
30035	3088	0.03188363
30052	6083	0.028787568
30052	2528	0.028787566
30052	1722	0.028787564
30052	4900	0.028787564
30052	6391	0.028787564
30052	79	0.02878756
30052	1143	0.02878756
30052	3564	0.02878756
30052	4369	0.02878756
30052	105	0.028787559
30081	6083	0.032312587
30081	1722	0.032312583
30081	2528	0.032312583
30081	4900	0.032312583
30081	6391	0.032312583
30081	1143	0.03231258
30081	3564	0.03231258
30081	4369	0.03231258
30081	79	0.032312576
30081	105	0.032312576
30120	1722	0.02589507
30120	2528	0.02589507
30120	6083	0.02589507
30120	4900	0.025895068
30120	6391	0.025895068
30120	1143	0.025895067
30120	3564	0.025895067
30120	4369	0.025895067
30120	79	0.025895065
30120	105	0.025895063
30210	2528	0.02707043
30210	6083	0.02707043
30210	1722	0.027070427
30210	1143	0.027070425
30210	4369	0.027070425
30210	4900	0.027070425
30210	6391	0.027070425
30210	3564	0.027070424
30210	79	0.027070422
30210	105	0.027070422
30245	6083	0.025314495
30245	2528	0.025314493
30245	1722	0.025314491
30245	4900	0.025314491
30245	6391	0.025314491
30245	4369	0.02531449
30245	79	0.025314488
30245	105	0.025314488
30245	1143	0.025314488
30245	3564	0.025314488
30261	2528	0.024177123
30261	6083	0.024177123
30261	1722	0.024177121
30261	6391	0.024177121
30261	1143	0.02417712
30261	3564	0.02417712
30261	4369	0.02417712
30261	4900	0.02417712
30261	5896	0.024177117
30261	79	0.024177115
30273	6083	0.027090486
30273	2528	0.027090484
30273	1722	0.027090482
30273	4900	0.027090482
30273	6391	0.027090482
30273	4369	0.02709048
30273	79	0.027090479
30273	105	0.027090479
30273	1143	0.027090479
30273	3564	0.027090479
30290	2528	0.02411028
30290	6083	0.02411028
30290	1722	0.024110278
30290	6391	0.024110278
30290	1143	0.024110276
30290	3564	0.024110276
30290	4369	0.024110276
30290	4900	0.024110276
30290	79	0.024110274
30290	105	0.024110273
30319	6083	0.03204615
30319	1722	0.032046147
30319	2528	0.032046147
30319	4900	0.032046147
30319	6391	0.032046147
30319	79	0.03204614
30319	105	0.03204614
30319	1143	0.03204614
30319	1557	0.03204614
30319	3088	0.03204614
30333	6083	0.03246439
30333	1722	0.032464385
30333	2528	0.032464385
30333	4900	0.032464385
30333	6391	0.032464385
30333	79	0.03246438
30333	1143	0.03246438
30333	4369	0.03246438
30333	105	0.032464378
30333	804	0.032464378
30385	1722	0.021786418
30385	2528	0.021786418
30385	6083	0.021786418
30385	4900	0.021786416
30385	6391	0.021786416
30385	79	0.021786414
30385	105	0.021786414
30385	3564	0.021786414
30385	4369	0.021786414
30385	1143	0.021786412
30445	2528	0.027428137
30445	6083	0.027428137
30445	1722	0.027428135
30445	4369	0.027428133
30445	4900	0.027428133
30445	6391	0.027428133
30445	3564	0.027428132
30445	79	0.02742813
30445	1143	0.02742813
30445	105	0.027428128
30461	2528	0.030559553
30461	6083	0.030559553
30461	4900	0.030559551
30461	1722	0.03055955
30461	6391	0.03055955
30461	3564	0.030559547
30461	4369	0.030559547
30461	79	0.030559545
30461	105	0.030559544
30461	1143	0.030559544
30487	2528	0.039522555
30487	6083	0.039522555
30487	1722	0.03952255
30487	4900	0.03952255
30487	3564	0.039522547
30487	4369	0.039522547
30487	6391	0.039522547
30487	79	0.039522544
30487	105	0.039522544
30487	1143	0.039522544
30495	1722	0.032093104
30495	2528	0.032093104
30495	6083	0.032093104
30495	1143	0.0320931
30495	4369	0.0320931
30495	4900	0.0320931
30495	6391	0.0320931
30495	79	0.032093097
30495	3564	0.032093097
30495	5896	0.032093097
30531	2528	0.036094226
30531	6083	0.036094226
30531	1143	0.03609422
30531	1722	0.03609422
30531	3564	0.03609422
30531	4369	0.03609422
30531	4900	0.03609422
30531	6391	0.03609422
30531	79	0.036094215
30531	105	0.036094215
30533	6083	0.041965425
30533	2528	0.04196542
30533	1722	0.041965418
30533	4369	0.041965418
30533	4900	0.041965418
30533	6391	0.041965418
30533	1143	0.041965414
30533	3564	0.041965414
30533	79	0.04196541
30533	105	0.04196541
30555	6083	0.03172348
30555	1722	0.031723477
30555	2528	0.031723477
30555	6391	0.031723477
30555	4369	0.031723473
30555	4900	0.031723473
30555	79	0.03172347
30555	105	0.03172347
30555	804	0.03172347
30555	1143	0.03172347
30594	6083	0.04136581
30594	2528	0.041365806
30594	1722	0.041365802
30594	4369	0.041365802
30594	4900	0.041365802
30594	6391	0.041365802
30594	79	0.0413658
30594	3564	0.0413658
30594	105	0.041365795
30594	804	0.041365795
30607	6083	0.02857304
30607	2528	0.028573038
30607	1722	0.028573036
30607	4900	0.028573036
30607	6391	0.028573036
30607	4369	0.028573034
30607	79	0.028573032
30607	1143	0.028573032
30607	3564	0.028573032
30607	105	0.02857303
30645	1722	0.032356195
30645	2528	0.032356195
30645	6083	0.032356195
30645	6391	0.032356195
30645	4900	0.03235619
30645	79	0.032356188
30645	105	0.032356188
30645	1143	0.032356188
30645	3088	0.032356188
30645	3564	0.032356188
30657	6083	0.027983237
30657	2528	0.027983235
30657	1722	0.027983233
30657	4900	0.027983233
30657	6391	0.027983233
30657	4369	0.027983231
30657	1143	0.02798323
30657	3564	0.02798323
30657	79	0.027983228
30657	105	0.027983228
30711	2528	0.039283082
30711	6083	0.039283082
30711	4900	0.03928308
30711	6391	0.03928308
30711	79	0.039283074
30711	1143	0.039283074
30711	1722	0.039283074
30711	3564	0.039283074
30711	3917	0.039283074
30711	4369	0.039283074
30712	6083	0.036271017
30712	2528	0.036271013
30712	6391	0.036271013
30712	1722	0.03627101
30712	4369	0.03627101
30712	4900	0.03627101
30712	79	0.036271006
30712	105	0.036271006
30712	804	0.036271006
30712	1143	0.036271006
30716	2528	0.02869753
30716	6083	0.02869753
30716	1722	0.028697528
30716	6391	0.028697528
30716	4900	0.028697526
30716	1143	0.028697524
30716	3564	0.028697524
30716	4369	0.028697524
30716	79	0.028697522
30716	105	0.02869752
30735	2528	0.036732946
30735	6083	0.036732946
30735	1722	0.036732942
30735	4900	0.036732942
30735	6391	0.036732942
30735	1143	0.03673294
30735	4369	0.03673294
30735	79	0.036732934
30735	105	0.036732934
30735	804	0.036732934
30749	1722	0.03536389
30749	2528	0.03536389
30749	6083	0.03536389
30749	4900	0.035363887
30749	6391	0.035363887
30749	79	0.035363883
30749	1143	0.035363883
30749	3564	0.035363883
30749	4369	0.035363883
30749	105	0.03536388
30770	2528	0.031886924
30770	6083	0.031886924
30770	1722	0.03188692
30770	4900	0.03188692
30770	6391	0.03188692
30770	79	0.031886917
30770	4369	0.031886917
30770	105	0.031886913
30770	804	0.031886913
30770	1143	0.031886913
30806	2528	0.030754095
30806	6083	0.030754095
30806	1722	0.030754093
30806	6391	0.030754091
30806	1143	0.03075409
30806	4369	0.03075409
30806	4900	0.03075409
30806	79	0.030754087
30806	105	0.030754087
30806	3564	0.030754087
30810	6083	0.03343422
30810	1722	0.033434216
30810	2528	0.033434216
30810	4900	0.033434216
30810	6391	0.033434216
30810	1143	0.033434212
30810	3564	0.033434212
30810	4369	0.033434212
30810	79	0.03343421
30810	105	0.03343421
30824	6083	0.037362453
30824	2528	0.03736245
30824	1722	0.037362445
30824	4369	0.037362445
30824	4900	0.037362445
30824	79	0.03736244
30824	105	0.03736244
30824	1143	0.03736244
30824	3564	0.03736244
30824	6391	0.03736244
30838	6083	0.02008436
30838	1722	0.020084359
30838	2528	0.020084359
30838	4900	0.020084359
30838	6391	0.020084359
30838	79	0.020084355
30838	1143	0.020084355
30838	3564	0.020084355
30838	4369	0.020084355
30838	105	0.020084353
30854	1722	0.041537806
30854	2528	0.041537806
30854	4900	0.041537806
30854	6083	0.041537806
30854	6391	0.041537806
30854	79	0.0415378
30854	105	0.0415378
30854	1143	0.0415378
30854	3564	0.0415378
30854	4369	0.0415378
30887	6083	0.027463757
30887	2528	0.027463755
30887	1722	0.027463753
30887	4900	0.027463753
30887	6391	0.027463753
30887	79	0.027463749
30887	1143	0.027463749
30887	3564	0.027463749
30887	4369	0.027463749
30887	105	0.027463747
30898	1722	0.033833038
30898	2528	0.033833038
30898	1143	0.033833034
30898	4369	0.033833034
30898	4900	0.033833034
30898	6083	0.033833034
30898	6391	0.033833034
30898	79	0.03383303
30898	105	0.033833027
30898	804	0.033833027
30906	2528	0.023987478
30906	1722	0.023987476
30906	4900	0.023987476
30906	6083	0.023987476
30906	6391	0.023987476
30906	4369	0.023987474
30906	79	0.023987472
30906	105	0.023987472
30906	1143	0.023987472
30906	3564	0.023987472
30939	1722	0.0373917
30939	2528	0.0373917
30939	6083	0.0373917
30939	4900	0.037391696
30939	79	0.037391692
30939	1143	0.037391692
30939	3564	0.037391692
30939	4369	0.037391692
30939	5896	0.037391692
30939	6391	0.037391692
30968	6083	0.029686943
30968	2528	0.02968694
30968	1722	0.029686939
30968	6391	0.029686939
30968	4369	0.029686937
30968	4900	0.029686937
30968	79	0.029686935
30968	1143	0.029686935
30968	3564	0.029686935
30968	105	0.029686932
30972	2528	0.034001768
30972	6083	0.034001768
30972	1722	0.034001764
30972	4900	0.034001764
30972	6391	0.034001764
30972	79	0.03400176
30972	105	0.03400176
30972	1143	0.03400176
30972	3088	0.03400176
30972	3564	0.03400176
30985	6083	0.026070764
30985	1722	0.026070762
30985	2528	0.026070762
30985	4900	0.02607076
30985	6391	0.02607076
30985	1143	0.026070759
30985	3564	0.026070759
30985	4369	0.026070759
30985	79	0.026070757
30985	105	0.026070755
30989	2528	0.031541884
30989	6083	0.031541884
30989	1722	0.03154188
30989	4900	0.03154188
30989	79	0.031541876
30989	105	0.031541876
30989	1143	0.031541876
30989	3564	0.031541876
30989	4369	0.031541876
30989	6391	0.031541876
30994	6083	0.037690982
30994	2528	0.03769098
30994	4369	0.037690975
30994	4900	0.037690975
30994	6391	0.037690975
30994	79	0.03769097
30994	3564	0.03769097
30994	105	0.037690967
30994	804	0.037690967
30994	1143	0.037690967
31006	2528	0.028646
31006	6083	0.028646
31006	1722	0.028645996
31006	4900	0.028645996
31006	4369	0.028645994
31006	6391	0.028645994
31006	79	0.028645992
31006	1143	0.028645992
31006	3564	0.028645992
31006	105	0.02864599
31008	1722	0.029399954
31008	2528	0.029399954
31008	6083	0.029399954
31008	4900	0.029399952
31008	6391	0.029399952
31008	4369	0.02939995
31008	79	0.029399948
31008	1143	0.029399948
31008	105	0.029399946
31008	1557	0.029399946
31040	2528	0.03476941
31040	6083	0.03476941
31040	1722	0.034769405
31040	4369	0.0347694
31040	4900	0.0347694
31040	6391	0.0347694
31040	105	0.034769397
31040	1143	0.034769397
31040	3564	0.034769397
31040	79	0.034769394
31050	2528	0.03620936
31050	6083	0.03620936
31050	1722	0.036209356
31050	3564	0.036209352
31050	4369	0.036209352
31050	4900	0.036209352
31050	6391	0.036209352
31050	79	0.03620935
31050	1143	0.03620935
31050	105	0.036209345
31094	1722	0.026662823
31094	2528	0.026662823
31094	6083	0.026662823
31094	4900	0.026662821
31094	6391	0.02666282
31094	79	0.026662817
31094	1143	0.026662817
31094	3564	0.026662817
31094	105	0.026662815
31094	804	0.026662815
31144	6083	0.025269281
31144	2528	0.02526928
31144	1722	0.025269277
31144	4900	0.025269277
31144	6391	0.025269277
31144	4369	0.025269276
31144	79	0.025269274
31144	1143	0.025269274
31144	3564	0.025269274
31144	105	0.025269272
31158	2528	0.02639293
31158	6083	0.02639293
31158	1722	0.026392926
31158	4369	0.026392926
31158	4900	0.026392926
31158	6391	0.026392926
31158	79	0.026392922
31158	105	0.026392922
31158	1143	0.026392922
31158	3564	0.026392922
31226	6083	0.029453514
31226	1722	0.029453512
31226	2528	0.029453512
31226	6391	0.029453512
31226	4900	0.02945351
31226	1143	0.029453509
31226	3564	0.029453509
31226	4369	0.029453509
31226	79	0.029453507
31226	105	0.029453507
31229	1722	0.038862944
31229	2528	0.038862944
31229	6083	0.038862944
31229	4900	0.03886294
31229	6391	0.03886294
31229	79	0.038862936
31229	105	0.038862936
31229	3564	0.038862936
31229	4369	0.038862936
31229	804	0.038862932
31250	2528	0.031467512
31250	6083	0.031467512
31250	1722	0.03146751
31250	6391	0.03146751
31250	79	0.031467505
31250	1143	0.031467505
31250	3564	0.031467505
31250	3917	0.031467505
31250	4369	0.031467505
31250	4900	0.031467505
31256	2528	0.02634737
31256	6083	0.02634737
31256	1722	0.026347369
31256	6391	0.026347369
31256	4900	0.026347367
31256	79	0.026347365
31256	105	0.026347365
31256	1143	0.026347365
31256	3564	0.026347365
31256	4369	0.026347365
31343	2528	0.019077145
31343	1722	0.019077143
31343	6083	0.019077143
31343	3564	0.01907714
31343	4369	0.01907714
31343	4900	0.01907714
31343	6391	0.01907714
31343	79	0.019077139
31343	1143	0.019077139
31343	105	0.019077137
31391	2528	0.028168581
31391	6083	0.028168581
31391	1722	0.02816858
31391	4369	0.028168578
31391	4900	0.028168578
31391	6391	0.028168578
31391	79	0.028168574
31391	105	0.028168574
31391	1143	0.028168574
31391	3564	0.028168574
31393	2528	0.04388751
31393	6083	0.04388751
31393	1722	0.043887507
31393	3564	0.043887503
31393	4369	0.043887503
31393	4900	0.043887503
31393	6391	0.043887503
31393	105	0.0438875
31393	1143	0.0438875
31393	5896	0.0438875
31412	6083	0.026058456
31412	1722	0.026058454
31412	2528	0.026058454
31412	6391	0.026058454
31412	4369	0.026058452
31412	4900	0.026058452
31412	79	0.02605845
31412	1143	0.02605845
31412	3564	0.02605845
31412	105	0.026058448
31431	6083	0.031829506
31431	1722	0.031829502
31431	2528	0.031829502
31431	6391	0.031829502
31431	79	0.0318295
31431	105	0.0318295
31431	1143	0.0318295
31431	3564	0.0318295
31431	3917	0.0318295
31431	4369	0.0318295
31446	2528	0.02451735
31446	6083	0.02451735
31446	6391	0.024517348
31446	1722	0.024517346
31446	3564	0.024517346
31446	4369	0.024517346
31446	4900	0.024517346
31446	1143	0.024517344
31446	79	0.024517342
31446	105	0.024517342
31468	2528	0.022675537
31468	6083	0.022675537
31468	1722	0.022675535
31468	4900	0.022675535
31468	6391	0.022675535
31468	1143	0.022675533
31468	4369	0.022675533
31468	79	0.022675531
31468	105	0.022675531
31468	3564	0.022675531
31471	6083	0.033813998
31471	2528	0.033813994
31471	1143	0.03381399
31471	1722	0.03381399
31471	4369	0.03381399
31471	4900	0.03381399
31471	6391	0.03381399
31471	105	0.033813987
31471	3088	0.033813987
31471	3564	0.033813987
31609	1722	0.03332687
31609	2528	0.03332687
31609	4369	0.03332687
31609	6083	0.03332687
31609	6391	0.03332687
31609	3564	0.033326868
31609	4900	0.033326868
31609	79	0.033326864
31609	105	0.033326864
31609	1143	0.033326864
31652	2528	0.028118536
31652	6083	0.028118536
31652	1722	0.028118532
31652	6391	0.028118532
31652	4369	0.02811853
31652	4900	0.02811853
31652	79	0.028118528
31652	105	0.028118528
31652	1143	0.028118528
31652	3564	0.028118528
31681	6083	0.028878666
31681	2528	0.028878663
31681	6391	0.028878663
31681	1722	0.02887866
31681	4900	0.02887866
31681	1143	0.028878659
31681	4369	0.028878659
31681	79	0.028878657
31681	105	0.028878657
31681	3564	0.028878657
31688	2528	0.030767426
31688	6083	0.030767426
31688	1722	0.030767424
31688	4369	0.030767422
31688	4900	0.030767422
31688	6391	0.03076742
31688	79	0.030767418
31688	1143	0.030767418
31688	3564	0.030767418
31688	105	0.030767417
31714	6083	0.030920953
31714	1722	0.030920949
31714	2528	0.030920949
31714	4900	0.030920947
31714	6391	0.030920947
31714	4369	0.030920945
31714	1143	0.030920943
31714	3564	0.030920943
31714	79	0.030920941
31714	105	0.030920941
31740	6083	0.026926205
31740	2528	0.026926203
31740	1722	0.0269262
31740	4900	0.0269262
31740	6391	0.0269262
31740	4369	0.026926199
31740	79	0.026926197
31740	105	0.026926197
31740	1143	0.026926197
31740	3088	0.026926197
31846	6083	0.029496232
31846	2528	0.02949623
31846	4900	0.029496228
31846	1722	0.029496226
31846	4369	0.029496226
31846	6391	0.029496226
31846	3564	0.029496225
31846	79	0.029496223
31846	105	0.029496223
31846	1143	0.029496223
31860	2528	0.027781282
31860	6083	0.027781282
31860	1722	0.02778128
31860	4369	0.027781278
31860	4900	0.027781278
31860	6391	0.027781278
31860	1143	0.027781276
31860	3564	0.027781276
31860	79	0.027781274
31860	105	0.027781274
31900	6083	0.029383577
31900	2528	0.029383576
31900	1722	0.029383574
31900	4369	0.029383574
31900	4900	0.029383574
31900	6391	0.029383574
31900	79	0.02938357
31900	105	0.02938357
31900	1143	0.02938357
31900	3088	0.02938357
31919	2528	0.022780813
31919	6083	0.022780813
31919	1722	0.022780811
31919	4900	0.02278081
31919	6391	0.02278081
31919	4369	0.022780808
31919	79	0.022780806
31919	105	0.022780806
31919	1143	0.022780806
31919	3088	0.022780806
31948	1722	0.032855302
31948	2528	0.032855302
31948	6083	0.032855302
31948	4900	0.0328553
31948	6391	0.0328553
31948	79	0.032855295
31948	105	0.032855295
31948	1143	0.032855295
31948	1557	0.032855295
31948	3564	0.032855295
32034	2528	0.030541025
32034	6083	0.030541025
32034	1722	0.030541023
32034	4369	0.030541021
32034	6391	0.030541021
32034	4900	0.03054102
32034	105	0.030541018
32034	1143	0.030541018
32034	3564	0.030541018
32034	3917	0.030541016
32087	2528	0.032837972
32087	1722	0.03283797
32087	6083	0.03283797
32087	79	0.032837965
32087	1143	0.032837965
32087	3564	0.032837965
32087	4369	0.032837965
32087	4900	0.032837965
32087	6391	0.032837965
32087	3917	0.03283796
32122	6083	0.027486095
32122	1722	0.027486093
32122	2528	0.027486093
32122	4369	0.027486091
32122	4900	0.027486091
32122	6391	0.027486091
32122	1143	0.02748609
32122	3564	0.02748609
32122	79	0.027486088
32122	105	0.027486088
32148	6083	0.024215756
32148	1722	0.024215754
32148	2528	0.024215754
32148	4900	0.024215754
32148	6391	0.024215754
32148	4369	0.024215752
32148	79	0.02421575
32148	105	0.02421575
32148	1143	0.02421575
32148	3088	0.02421575
32188	6083	0.026107425
32188	1722	0.026107423
32188	2528	0.026107423
32188	4900	0.026107423
32188	6391	0.026107421
32188	3564	0.02610742
32188	4369	0.02610742
32188	79	0.026107417
32188	105	0.026107417
32188	1143	0.026107417
32195	6083	0.028702188
32195	2528	0.028702186
32195	1722	0.028702185
32195	6391	0.028702185
32195	4900	0.028702183
32195	79	0.02870218
32195	3564	0.02870218
32195	4369	0.02870218
32195	105	0.028702179
32195	1143	0.028702179
32244	6083	0.031033518
32244	1722	0.031033516
32244	2528	0.031033516
32244	4900	0.031033514
32244	3564	0.031033512
32244	4369	0.031033512
32244	6391	0.031033512
32244	79	0.03103351
32244	105	0.03103351
32244	1143	0.03103351
32250	2528	0.026699323
32250	6083	0.026699323
32250	1722	0.026699321
32250	1143	0.02669932
32250	4369	0.02669932
32250	4900	0.02669932
32250	6391	0.02669932
32250	3564	0.026699318
32250	79	0.026699316
32250	105	0.026699316
32275	6083	0.027665107
32275	1722	0.027665105
32275	2528	0.027665105
32275	4900	0.027665103
32275	6391	0.027665103
32275	1143	0.027665101
32275	3564	0.027665101
32275	4369	0.027665101
32275	105	0.0276651
32275	79	0.027665097
32329	2528	0.027500648
32329	6083	0.027500646
32329	1722	0.027500644
32329	4369	0.027500644
32329	4900	0.027500644
32329	6391	0.027500644
32329	79	0.02750064
32329	105	0.02750064
32329	1143	0.02750064
32329	3564	0.02750064
32440	2528	0.039309587
32440	6083	0.039309587
32440	1722	0.039309584
32440	4369	0.039309584
32440	4900	0.039309584
32440	6391	0.039309584
32440	1143	0.03930958
32440	3564	0.03930958
32440	79	0.039309576
32440	105	0.039309576
32516	2528	0.029813882
32516	6083	0.029813882
32516	1722	0.029813878
32516	6391	0.029813878
32516	4900	0.029813876
32516	1143	0.029813875
32516	3564	0.029813875
32516	4369	0.029813875
32516	79	0.029813873
32516	105	0.029813873
32569	1722	0.03557171
32569	2528	0.03557171
32569	4369	0.03557171
32569	4900	0.03557171
32569	6083	0.03557171
32569	6391	0.03557171
32569	79	0.0355717
32569	105	0.0355717
32569	1143	0.0355717
32569	3088	0.0355717
32599	6083	0.034849662
32599	1722	0.03484966
32599	2528	0.03484966
32599	4900	0.03484966
32599	6391	0.03484966
32599	4369	0.034849655
32599	79	0.03484965
32599	105	0.03484965
32599	804	0.03484965
32599	1143	0.03484965
32627	6083	0.035373893
32627	1722	0.03537389
32627	2528	0.03537389
32627	4900	0.03537389
32627	6391	0.03537389
32627	1143	0.035373885
32627	3564	0.035373885
32627	4369	0.035373885
32627	79	0.03537388
32627	105	0.03537388
32641	1722	0.03285805
32641	2528	0.03285805
32641	6083	0.03285805
32641	6391	0.03285805
32641	1143	0.032858048
32641	4369	0.032858048
32641	4900	0.032858048
32641	79	0.032858044
32641	105	0.032858044
32641	1557	0.032858044
32721	1722	0.034685053
32721	2528	0.034685053
32721	6083	0.034685053
32721	4369	0.03468505
32721	6391	0.03468505
32721	79	0.034685045
32721	1143	0.034685045
32721	3564	0.034685045
32721	4900	0.034685045
32721	105	0.03468504
32773	1722	0.039310746
32773	2528	0.039310746
32773	6083	0.039310746
32773	4369	0.039310742
32773	4900	0.039310742
32773	6391	0.039310742
32773	79	0.03931074
32773	1143	0.03931074
32773	3564	0.03931074
32773	3917	0.039310735
32802	4900	0.03579037
32802	6083	0.03579037
32802	1722	0.035790365
32802	2528	0.035790365
32802	4369	0.035790365
32802	6391	0.035790365
32802	79	0.03579036
32802	105	0.03579036
32802	1143	0.035790358
32802	3564	0.035790358
32991	2528	0.024211321
32991	6083	0.024211321
32991	1722	0.024211317
32991	4369	0.024211317
32991	4900	0.024211317
32991	6391	0.024211317
32991	79	0.024211314
32991	105	0.024211314
32991	1143	0.024211314
32991	3564	0.024211314
33004	2528	0.02615944
33004	6083	0.02615944
33004	1722	0.026159436
33004	4900	0.026159436
33004	6391	0.026159436
33004	4369	0.026159434
33004	105	0.026159432
33004	1143	0.026159432
33004	3564	0.026159432
33004	79	0.02615943
33036	6083	0.02545476
33036	2528	0.025454758
33036	1722	0.025454756
33036	4900	0.025454756
33036	6391	0.025454756
33036	4369	0.025454754
33036	79	0.025454752
33036	105	0.025454752
33036	1143	0.025454752
33036	3564	0.025454752
33124	2528	0.04021915
33124	6083	0.04021915
33124	4369	0.040219143
33124	4900	0.040219143
33124	6391	0.040219143
33124	3564	0.04021914
33124	79	0.040219136
33124	105	0.040219136
33124	804	0.040219136
33124	1143	0.040219136
33179	2528	0.03541804
33179	6083	0.03541804
33179	1722	0.035418037
33179	4900	0.035418037
33179	1143	0.035418034
33179	3564	0.035418034
33179	4369	0.035418034
33179	5896	0.035418034
33179	6391	0.035418034
33179	79	0.03541803
33200	6083	0.02149321
33200	1722	0.021493208
33200	2528	0.021493208
33200	4900	0.021493206
33200	6391	0.021493206
33200	79	0.021493204
33200	105	0.021493204
33200	1143	0.021493204
33200	3564	0.021493204
33200	4369	0.021493204
33264	6083	0.019997275
33264	2528	0.019997273
33264	6391	0.019997273
33264	1722	0.01999727
33264	4369	0.01999727
33264	4900	0.01999727
33264	79	0.019997269
33264	105	0.019997269
33264	1143	0.019997269
33264	3564	0.019997269
33270	2528	0.032847505
33270	6083	0.032847505
33270	1722	0.0328475
33270	4369	0.0328475
33270	4900	0.0328475
33270	6391	0.0328475
33270	1143	0.032847498
33270	3564	0.032847498
33270	79	0.032847494
33270	105	0.032847494
33283	6083	0.024645962
33283	2528	0.02464596
33283	1722	0.024645958
33283	4369	0.024645958
33283	4900	0.024645958
33283	6391	0.024645958
33283	79	0.024645954
33283	105	0.024645954
33283	1143	0.024645954
33283	3564	0.024645954
33319	1722	0.028092284
33319	2528	0.028092284
33319	6083	0.028092284
33319	4900	0.028092282
33319	6391	0.028092282
33319	1143	0.02809228
33319	3564	0.02809228
33319	4369	0.02809228
33319	105	0.028092278
33319	79	0.028092276
33461	6083	0.028860135
33461	1722	0.028860133
33461	2528	0.028860133
33461	6391	0.028860133
33461	4900	0.028860131
33461	4369	0.02886013
33461	79	0.028860128
33461	105	0.028860128
33461	1143	0.028860128
33461	3564	0.028860128
33491	2528	0.0262356
33491	6083	0.0262356
33491	1722	0.026235595
33491	4900	0.026235595
33491	4369	0.026235593
33491	6391	0.026235593
33491	79	0.026235592
33491	1143	0.026235592
33491	3564	0.026235592
33491	5896	0.026235592
33580	1722	0.03218119
33580	2528	0.03218119
33580	4900	0.03218119
33580	6083	0.03218119
33580	6391	0.03218119
33580	1143	0.032181185
33580	4369	0.032181185
33580	79	0.03218118
33580	105	0.03218118
33580	804	0.03218118
33614	1722	0.031561106
33614	2528	0.031561106
33614	6083	0.031561106
33614	6391	0.031561103
33614	79	0.0315611
33614	105	0.0315611
33614	1143	0.0315611
33614	3564	0.0315611
33614	4369	0.0315611
33614	4900	0.0315611
33656	2528	0.026098728
33656	6083	0.026098728
33656	1722	0.026098724
33656	4369	0.026098724
33656	4900	0.026098724
33656	6391	0.026098724
33656	3564	0.026098723
33656	79	0.02609872
33656	105	0.02609872
33656	1143	0.02609872
33681	1722	0.03742197
33681	2528	0.03742197
33681	6083	0.03742197
33681	6391	0.03742197
33681	4900	0.037421968
33681	79	0.037421964
33681	105	0.037421964
33681	1143	0.037421964
33681	3564	0.037421964
33681	3917	0.037421964
33816	2528	0.029541317
33816	6083	0.029541317
33816	1722	0.029541314
33816	4900	0.029541314
33816	6391	0.029541314
33816	4369	0.029541312
33816	79	0.02954131
33816	1143	0.02954131
33816	3564	0.02954131
33816	105	0.029541308
33818	2528	0.042382285
33818	1722	0.04238228
33818	6083	0.04238228
33818	1143	0.042382278
33818	4369	0.042382278
33818	4900	0.042382278
33818	6391	0.042382278
33818	79	0.042382274
33818	3564	0.042382274
33818	105	0.04238227
33832	6083	0.02737198
33832	2528	0.027371978
33832	1722	0.027371977
33832	4900	0.027371977
33832	6391	0.027371977
33832	79	0.027371973
33832	105	0.027371973
33832	1143	0.027371973
33832	3564	0.027371973
33832	4369	0.027371973
33862	6083	0.029872052
33862	2528	0.02987205
33862	1722	0.029872049
33862	4369	0.029872049
33862	4900	0.029872049
33862	6391	0.029872049
33862	79	0.029872045
33862	1143	0.029872045
33862	3564	0.029872045
33862	105	0.029872043
33933	6083	0.04649955
33933	1722	0.046499543
33933	2528	0.046499543
33933	6391	0.046499543
33933	4369	0.04649954
33933	4900	0.04649954
33933	79	0.046499535
33933	105	0.046499535
33933	1143	0.046499535
33933	3564	0.046499535
33958	1722	0.02448053
33958	2528	0.02448053
33958	6083	0.02448053
33958	4369	0.024480525
33958	4900	0.024480525
33958	6391	0.024480525
33958	79	0.024480524
33958	105	0.024480524
33958	1143	0.024480524
33958	3564	0.024480524
33974	1722	0.0373381
33974	2528	0.0373381
33974	6083	0.0373381
33974	6391	0.0373381
33974	4369	0.037338097
33974	79	0.037338093
33974	105	0.037338093
33974	1143	0.037338093
33974	3564	0.037338093
33974	4900	0.037338093
33980	2528	0.03161203
33980	6083	0.03161203
33980	1722	0.031612027
33980	4900	0.031612027
33980	105	0.031612024
33980	1143	0.031612024
33980	3564	0.031612024
33980	4369	0.031612024
33980	6391	0.031612024
33980	79	0.03161202
33999	6083	0.028281046
33999	1722	0.028281044
33999	2528	0.028281044
33999	6391	0.028281042
33999	1143	0.02828104
33999	3564	0.02828104
33999	4369	0.02828104
33999	4900	0.02828104
33999	79	0.028281039
33999	105	0.028281037
34075	6083	0.034872264
34075	2528	0.03487226
34075	1143	0.034872256
34075	1722	0.034872256
34075	3564	0.034872256
34075	4369	0.034872256
34075	4900	0.034872256
34075	6391	0.034872256
34075	79	0.034872252
34075	105	0.034872252
34087	6083	0.034006763
34087	1722	0.03400676
34087	2528	0.03400676
34087	4369	0.03400676
34087	4900	0.034006756
34087	79	0.034006752
34087	105	0.034006752
34087	1143	0.034006752
34087	3088	0.034006752
34087	3564	0.034006752
34115	2528	0.035157725
34115	6083	0.035157725
34115	1722	0.03515772
34115	79	0.035157718
34115	1143	0.035157718
34115	3564	0.035157718
34115	4369	0.035157718
34115	4900	0.035157718
34115	6391	0.035157718
34115	105	0.035157714
34215	2528	0.025104571
34215	6083	0.025104571
34215	1722	0.02510457
34215	6391	0.02510457
34215	4900	0.025104567
34215	79	0.025104564
34215	105	0.025104564
34215	1143	0.025104564
34215	3564	0.025104564
34215	3917	0.025104564
34300	2528	0.04403817
34300	6083	0.04403817
34300	1722	0.044038165
34300	4369	0.04403816
34300	4900	0.04403816
34300	6391	0.04403816
34300	3564	0.044038158
34300	79	0.044038154
34300	105	0.044038154
34300	804	0.044038154
34377	1722	0.029801346
34377	2528	0.029801346
34377	6083	0.029801346
34377	6391	0.029801344
34377	4369	0.029801343
34377	4900	0.029801343
34377	79	0.029801339
34377	105	0.029801339
34377	1143	0.029801339
34377	3088	0.029801339
34501	1722	0.026389472
34501	2528	0.026389472
34501	6083	0.026389472
34501	4369	0.026389468
34501	4900	0.026389468
34501	6391	0.026389468
34501	1143	0.026389467
34501	3564	0.026389467
34501	79	0.026389465
34501	105	0.026389465
34526	6083	0.026736988
34526	2528	0.026736986
34526	1722	0.026736984
34526	4369	0.026736984
34526	4900	0.026736984
34526	6391	0.026736984
34526	79	0.02673698
34526	1143	0.02673698
34526	3564	0.02673698
34526	105	0.026736978
34588	1722	0.035926364
34588	2528	0.035926364
34588	4900	0.035926364
34588	6083	0.035926364
34588	3564	0.03592636
34588	4369	0.03592636
34588	6391	0.03592636
34588	79	0.035926357
34588	105	0.035926357
34588	804	0.035926357
34600	2528	0.033896074
34600	6083	0.033896074
34600	1722	0.03389607
34600	4900	0.03389607
34600	6391	0.03389607
34600	79	0.033896066
34600	1143	0.033896066
34600	3564	0.033896066
34600	4369	0.033896066
34600	105	0.033896063
34636	2528	0.025944669
34636	6083	0.025944669
34636	1722	0.025944665
34636	4900	0.025944665
34636	6391	0.025944665
34636	4369	0.025944663
34636	79	0.025944661
34636	105	0.025944661
34636	1143	0.025944661
34636	3088	0.025944661
34752	1722	0.024519451
34752	2528	0.024519451
34752	4900	0.024519451
34752	6083	0.024519451
34752	1143	0.024519447
34752	3564	0.024519447
34752	4369	0.024519447
34752	6391	0.024519447
34752	79	0.024519445
34752	105	0.024519444
34801	2528	0.035285853
34801	6083	0.035285853
34801	6391	0.035285853
34801	1722	0.03528585
34801	4900	0.03528585
34801	79	0.035285845
34801	105	0.035285845
34801	1143	0.035285845
34801	3564	0.035285845
34801	4369	0.035285845
34840	6083	0.03830204
34840	1722	0.038302034
34840	2528	0.038302034
34840	4900	0.038302034
34840	6391	0.038302034
34840	4369	0.03830203
34840	79	0.038302027
34840	105	0.038302027
34840	804	0.038302027
34840	1143	0.038302027
34932	6083	0.02961925
34932	1722	0.029619249
34932	2528	0.029619249
34932	6391	0.029619247
34932	4369	0.029619245
34932	4900	0.029619245
34932	79	0.029619243
34932	105	0.029619243
34932	1143	0.029619243
34932	3564	0.029619243
34987	6083	0.029885469
34987	2528	0.029885465
34987	1722	0.029885463
34987	4369	0.029885463
34987	4900	0.029885463
34987	6391	0.029885463
34987	3564	0.029885462
34987	79	0.02988546
34987	105	0.02988546
34987	1143	0.02988546
34988	6083	0.025342513
34988	2528	0.025342511
34988	1722	0.02534251
34988	4900	0.02534251
34988	6391	0.02534251
34988	79	0.025342505
34988	105	0.025342505
34988	1143	0.025342505
34988	3564	0.025342505
34988	4369	0.025342505
35030	2528	0.029872604
35030	6083	0.029872604
35030	1722	0.029872602
35030	4900	0.0298726
35030	6391	0.0298726
35030	1143	0.029872598
35030	4369	0.029872598
35030	79	0.029872596
35030	105	0.029872596
35030	3564	0.029872596
35050	6083	0.029358448
35050	1722	0.029358447
35050	2528	0.029358447
35050	4900	0.029358447
35050	6391	0.029358447
35050	4369	0.029358445
35050	79	0.029358441
35050	105	0.029358441
35050	1143	0.029358441
35050	3564	0.029358441
35081	2528	0.032109
35081	6083	0.032109
35081	1722	0.032108996
35081	4900	0.032108996
35081	79	0.032108992
35081	105	0.032108992
35081	1143	0.032108992
35081	3564	0.032108992
35081	4369	0.032108992
35081	6391	0.032108992
35148	2528	0.021460999
35148	6083	0.021460999
35148	1722	0.021460997
35148	4900	0.021460997
35148	4369	0.021460995
35148	6391	0.021460995
35148	79	0.021460993
35148	1143	0.021460993
35148	3564	0.021460993
35148	105	0.021460991
35179	2528	0.022605274
35179	6083	0.022605274
35179	1722	0.022605272
35179	1143	0.02260527
35179	3564	0.02260527
35179	4369	0.02260527
35179	4900	0.02260527
35179	6391	0.02260527
35179	79	0.022605268
35179	105	0.022605268
35188	2528	0.031287145
35188	6083	0.031287145
35188	1722	0.03128714
35188	4369	0.03128714
35188	4900	0.03128714
35188	6391	0.03128714
35188	79	0.031287137
35188	105	0.031287137
35188	1143	0.031287137
35188	3564	0.031287137
35233	2528	0.029518364
35233	6083	0.029518364
35233	1722	0.029518362
35233	4900	0.029518362
35233	6391	0.029518362
35233	3564	0.029518358
35233	4369	0.029518358
35233	79	0.029518357
35233	105	0.029518357
35233	1143	0.029518357
35270	2528	0.031653237
35270	6083	0.031653237
35270	1722	0.031653233
35270	4369	0.031653233
35270	4900	0.031653233
35270	6391	0.031653233
35270	105	0.03165323
35270	1143	0.03165323
35270	3564	0.03165323
35270	79	0.031653225
35320	1722	0.023519922
35320	2528	0.023519922
35320	6083	0.023519922
35320	6391	0.02351992
35320	3564	0.023519918
35320	4369	0.023519918
35320	4900	0.023519918
35320	79	0.023519916
35320	105	0.023519916
35320	1143	0.023519916
35424	6083	0.023180518
35424	1722	0.023180516
35424	2528	0.023180516
35424	4369	0.023180515
35424	4900	0.023180515
35424	6391	0.023180515
35424	105	0.023180513
35424	79	0.02318051
35424	1143	0.02318051
35424	3564	0.02318051
35445	1722	0.035092272
35445	2528	0.035092272
35445	4900	0.035092272
35445	6083	0.035092272
35445	6391	0.035092272
35445	4369	0.03509227
35445	79	0.035092264
35445	105	0.035092264
35445	1143	0.035092264
35445	1557	0.035092264
35532	2528	0.027809951
35532	6083	0.027809951
35532	1722	0.02780995
35532	4369	0.027809948
35532	4900	0.027809948
35532	6391	0.027809948
35532	79	0.027809944
35532	105	0.027809944
35532	1143	0.027809944
35532	3564	0.027809944
35631	1722	0.02261201
35631	2528	0.02261201
35631	6083	0.02261201
35631	6391	0.02261201
35631	4900	0.022612007
35631	105	0.022612005
35631	1143	0.022612005
35631	3564	0.022612005
35631	4369	0.022612005
35631	79	0.022612004
35704	2528	0.036847927
35704	6083	0.036847927
35704	1722	0.036847923
35704	79	0.03684792
35704	3564	0.03684792
35704	4369	0.03684792
35704	4900	0.03684792
35704	6391	0.03684792
35704	1143	0.036847916
35704	3917	0.036847916
35707	1722	0.03365828
35707	2528	0.03365828
35707	6083	0.03365828
35707	4900	0.033658277
35707	6391	0.033658277
35707	79	0.033658274
35707	1143	0.033658274
35707	3564	0.033658274
35707	4369	0.033658274
35707	105	0.03365827
35793	6083	0.03502592
35793	1722	0.035025917
35793	2528	0.035025917
35793	4900	0.035025917
35793	6391	0.035025917
35793	4369	0.035025913
35793	79	0.03502591
35793	105	0.03502591
35793	804	0.03502591
35793	1143	0.03502591
35836	2528	0.044885837
35836	6083	0.044885837
35836	1722	0.044885833
35836	4369	0.04488583
35836	4900	0.04488583
35836	6391	0.04488583
35836	79	0.044885825
35836	1143	0.044885825
35836	3564	0.044885825
35836	105	0.04488582
35841	2528	0.03255523
35841	6083	0.03255523
35841	1722	0.032555226
35841	4900	0.032555226
35841	6391	0.032555226
35841	79	0.032555223
35841	105	0.032555223
35841	1143	0.032555223
35841	3564	0.032555223
35841	4369	0.032555223
35845	2528	0.031592734
35845	6083	0.031592734
35845	1722	0.03159273
35845	4900	0.03159273
35845	79	0.031592727
35845	1143	0.031592727
35845	3564	0.031592727
35845	4369	0.031592727
35845	5896	0.031592727
35845	6391	0.031592727
35857	6083	0.031464294
35857	1722	0.03146429
35857	2528	0.03146429
35857	105	0.031464286
35857	1143	0.031464286
35857	3564	0.031464286
35857	4369	0.031464286
35857	4900	0.031464286
35857	6391	0.031464286
35857	79	0.031464282
35865	6083	0.022940569
35865	1722	0.022940567
35865	2528	0.022940567
35865	4369	0.022940565
35865	4900	0.022940565
35865	6391	0.022940565
35865	1143	0.022940563
35865	79	0.022940561
35865	105	0.022940561
35865	3564	0.022940561
35909	2528	0.025157336
35909	6083	0.025157336
35909	1722	0.025157334
35909	4369	0.025157332
35909	4900	0.025157332
35909	6391	0.025157332
35909	1143	0.02515733
35909	79	0.025157329
35909	105	0.025157329
35909	1557	0.025157329
35918	2528	0.0336944
35918	4900	0.0336944
35918	6083	0.0336944
35918	1722	0.033694398
35918	6391	0.033694398
35918	79	0.033694394
35918	105	0.033694394
35918	804	0.033694394
35918	1143	0.033694394
35918	3564	0.033694394
35922	2528	0.023065152
35922	6083	0.023065152
35922	1722	0.02306515
35922	4900	0.02306515
35922	4369	0.023065148
35922	6391	0.023065148
35922	79	0.023065146
35922	105	0.023065146
35922	1143	0.023065146
35922	3564	0.023065146
35925	2528	0.023774024
35925	6083	0.023774024
35925	1722	0.023774022
35925	4900	0.023774022
35925	3564	0.02377402
35925	4369	0.02377402
35925	6391	0.02377402
35925	1143	0.023774019
35925	79	0.023774017
35925	105	0.023774017
35998	2528	0.030334119
35998	6083	0.030334119
35998	1722	0.030334115
35998	6391	0.030334115
35998	4900	0.030334113
35998	79	0.030334111
35998	105	0.030334111
35998	1143	0.030334111
35998	3564	0.030334111
35998	4369	0.030334111
36003	1722	0.029296763
36003	2528	0.029296763
36003	6083	0.029296763
36003	6391	0.029296763
36003	4900	0.029296761
36003	1143	0.02929676
36003	3564	0.02929676
36003	4369	0.02929676
36003	79	0.029296758
36003	105	0.029296758
36043	2528	0.025801722
36043	6083	0.025801722
36043	1722	0.02580172
36043	6391	0.02580172
36043	1143	0.025801718
36043	3564	0.025801718
36043	4369	0.025801718
36043	4900	0.025801718
36043	79	0.025801715
36043	105	0.025801715
36103	2528	0.028956447
36103	6083	0.028956447
36103	1722	0.028956443
36103	4900	0.028956443
36103	6391	0.028956443
36103	4369	0.028956441
36103	79	0.02895644
36103	105	0.02895644
36103	1143	0.02895644
36103	3564	0.02895644
36135	2528	0.02368153
36135	6083	0.02368153
36135	1722	0.023681529
36135	6391	0.023681529
36135	4900	0.023681527
36135	79	0.023681525
36135	105	0.023681525
36135	1143	0.023681525
36135	3564	0.023681525
36135	3917	0.023681525
36141	1722	0.029740635
36141	2528	0.029740635
36141	6083	0.029740635
36141	4900	0.029740633
36141	1143	0.029740632
36141	3564	0.029740632
36141	4369	0.029740632
36141	6391	0.029740632
36141	79	0.029740628
36141	105	0.029740628
36157	6083	0.028602635
36157	2528	0.028602634
36157	1722	0.02860263
36157	4369	0.02860263
36157	4900	0.02860263
36157	6391	0.02860263
36157	79	0.028602628
36157	3564	0.028602628
36157	105	0.028602626
36157	1143	0.028602626
36256	2528	0.03552175
36256	1722	0.035521746
36256	4900	0.035521746
36256	6083	0.035521746
36256	6391	0.035521746
36256	3564	0.035521742
36256	4369	0.035521742
36256	79	0.03552174
36256	105	0.03552174
36256	804	0.03552174
36299	1722	0.036141686
36299	2528	0.036141686
36299	4900	0.036141686
36299	6083	0.036141686
36299	6391	0.036141686
36299	4369	0.036141682
36299	79	0.03614168
36299	105	0.03614168
36299	1143	0.03614168
36299	3564	0.03614168
36307	2528	0.020917404
36307	6083	0.020917404
36307	1722	0.020917403
36307	6391	0.020917403
36307	79	0.0209174
36307	1143	0.0209174
36307	3564	0.0209174
36307	4369	0.0209174
36307	4900	0.0209174
36307	105	0.020917399
36326	2528	0.031532142
36326	1722	0.03153214
36326	6083	0.03153214
36326	4369	0.031532135
36326	4900	0.031532135
36326	6391	0.031532135
36326	79	0.03153213
36326	105	0.03153213
36326	804	0.03153213
36326	1143	0.03153213
36327	6083	0.036872383
36327	1722	0.03687238
36327	2528	0.03687238
36327	6391	0.03687238
36327	1143	0.036872376
36327	4369	0.036872376
36327	4900	0.036872376
36327	79	0.036872372
36327	105	0.036872372
36327	804	0.036872372
36357	6083	0.031908676
36357	1722	0.031908672
36357	2528	0.031908672
36357	6391	0.031908672
36357	1143	0.03190867
36357	3564	0.03190867
36357	4369	0.03190867
36357	4900	0.03190867
36357	79	0.031908665
36357	105	0.031908665
36554	2528	0.027763717
36554	6083	0.027763717
36554	1722	0.027763713
36554	4900	0.027763713
36554	6391	0.027763713
36554	4369	0.027763711
36554	105	0.02776371
36554	1143	0.02776371
36554	3564	0.02776371
36554	79	0.027763708
36562	6083	0.026315946
36562	2528	0.026315944
36562	1722	0.026315942
36562	4900	0.026315942
36562	6391	0.026315942
36562	4369	0.02631594
36562	79	0.026315939
36562	1143	0.026315939
36562	3564	0.026315939
36562	5896	0.026315939
36568	6083	0.0245674
36568	1722	0.024567395
36568	2528	0.024567395
36568	4900	0.024567395
36568	6391	0.024567395
36568	105	0.024567392
36568	1143	0.024567392
36568	3564	0.024567392
36568	4369	0.024567392
36568	79	0.02456739
36609	6083	0.037602432
36609	2528	0.03760243
36609	1143	0.037602425
36609	1722	0.037602425
36609	4369	0.037602425
36609	4900	0.037602425
36609	6391	0.037602425
36609	79	0.03760242
36609	3564	0.03760242
36609	5896	0.03760242
36638	6083	0.028583208
36638	1722	0.028583206
36638	2528	0.028583206
36638	4900	0.028583206
36638	6391	0.028583204
36638	4369	0.028583203
36638	79	0.0285832
36638	3564	0.0285832
36638	105	0.028583199
36638	804	0.028583199
36673	2528	0.020619214
36673	6083	0.020619214
36673	1722	0.020619212
36673	4900	0.020619212
36673	6391	0.020619212
36673	79	0.02061921
36673	105	0.02061921
36673	1143	0.02061921
36673	3564	0.02061921
36673	4369	0.02061921
36693	2528	0.029019762
36693	6083	0.029019762
36693	1722	0.029019758
36693	4369	0.029019758
36693	4900	0.029019758
36693	6391	0.029019758
36693	79	0.029019754
36693	105	0.029019754
36693	1143	0.029019754
36693	3564	0.029019754
36715	6083	0.041497614
36715	1722	0.04149761
36715	2528	0.04149761
36715	4900	0.04149761
36715	4369	0.041497607
36715	6391	0.041497607
36715	79	0.041497603
36715	105	0.041497603
36715	1143	0.041497603
36715	3088	0.041497603
36741	6083	0.031995725
36741	1722	0.03199572
36741	2528	0.03199572
36741	4900	0.03199572
36741	6391	0.03199572
36741	79	0.031995717
36741	1143	0.031995717
36741	3917	0.031995717
36741	4369	0.031995717
36741	5896	0.031995717
36749	2528	0.029259562
36749	6083	0.029259562
36749	1722	0.02925956
36749	4900	0.029259559
36749	6391	0.029259559
36749	4369	0.029259557
36749	79	0.029259555
36749	105	0.029259555
36749	1143	0.029259555
36749	3564	0.029259555
36801	6083	0.021705493
36801	1722	0.021705491
36801	2528	0.021705491
36801	4369	0.02170549
36801	4900	0.02170549
36801	6391	0.02170549
36801	1143	0.021705488
36801	3564	0.021705488
36801	79	0.021705486
36801	105	0.021705486
36807	2528	0.025526516
36807	6083	0.025526516
36807	1722	0.025526512
36807	4900	0.025526512
36807	6391	0.025526512
36807	4369	0.02552651
36807	79	0.025526509
36807	105	0.025526509
36807	1143	0.025526509
36807	3088	0.025526509
36811	6083	0.04091528
36811	2528	0.040915277
36811	1722	0.040915273
36811	4369	0.040915273
36811	6391	0.040915273
36811	4900	0.04091527
36811	79	0.040915266
36811	105	0.040915266
36811	1143	0.040915266
36811	3564	0.040915266
36817	2528	0.037873797
36817	6083	0.037873797
36817	1722	0.03787379
36817	4369	0.03787379
36817	4900	0.03787379
36817	6391	0.03787379
36817	105	0.037873786
36817	3564	0.037873786
36817	79	0.037873782
36817	804	0.037873782
36836	1722	0.028324645
36836	2528	0.028324645
36836	6083	0.028324645
36836	4369	0.028324641
36836	4900	0.028324641
36836	6391	0.028324641
36836	79	0.02832464
36836	105	0.028324638
36836	1143	0.028324638
36836	3564	0.028324638
36839	6083	0.030424174
36839	2528	0.030424172
36839	1722	0.03042417
36839	4900	0.03042417
36839	6391	0.03042417
36839	4369	0.030424168
36839	3564	0.030424166
36839	79	0.030424165
36839	1143	0.030424165
36839	105	0.030424163
36907	6083	0.03525226
36907	1722	0.035252254
36907	2528	0.035252254
36907	6391	0.035252254
36907	1143	0.03525225
36907	4369	0.03525225
36907	4900	0.03525225
36907	79	0.035252247
36907	105	0.035252247
36907	3564	0.035252247
36938	6083	0.035008293
36938	1722	0.03500829
36938	2528	0.03500829
36938	6391	0.03500829
36938	3564	0.035008285
36938	4900	0.035008285
36938	79	0.03500828
36938	105	0.03500828
36938	804	0.03500828
36938	1143	0.03500828
36978	6083	0.029130574
36978	2528	0.029130572
36978	1722	0.02913057
36978	4369	0.02913057
36978	4900	0.02913057
36978	6391	0.02913057
36978	79	0.029130567
36978	105	0.029130567
36978	1143	0.029130567
36978	3564	0.029130567
37147	1722	0.033372533
37147	2528	0.033372533
37147	6083	0.033372533
37147	1143	0.03337253
37147	3564	0.03337253
37147	4369	0.03337253
37147	4900	0.03337253
37147	6391	0.03337253
37147	79	0.033372525
37147	105	0.033372525
37168	6083	0.028996032
37168	2528	0.02899603
37168	1722	0.028996028
37168	4900	0.028996028
37168	6391	0.028996028
37168	4369	0.028996026
37168	79	0.028996024
37168	1143	0.028996024
37168	3564	0.028996024
37168	105	0.028996022
37208	6083	0.03887494
37208	2528	0.038874935
37208	1722	0.03887493
37208	4369	0.03887493
37208	6391	0.03887493
37208	4900	0.038874928
37208	79	0.038874924
37208	105	0.038874924
37208	1143	0.038874924
37208	3088	0.038874924
37227	6083	0.046213884
37227	2528	0.04621388
37227	1722	0.046213876
37227	4369	0.046213876
37227	4900	0.046213876
37227	6391	0.046213876
37227	79	0.046213873
37227	105	0.046213873
37227	1143	0.046213873
37227	3564	0.046213873
37235	6083	0.030125717
37235	1722	0.030125715
37235	2528	0.030125715
37235	4900	0.030125713
37235	79	0.030125711
37235	1143	0.030125711
37235	4369	0.030125711
37235	6391	0.030125711
37235	105	0.030125707
37235	3088	0.030125707
37239	2528	0.02532943
37239	6083	0.02532943
37239	1722	0.025329428
37239	4369	0.025329426
37239	4900	0.025329426
37239	6391	0.025329426
37239	79	0.025329422
37239	105	0.025329422
37239	804	0.025329422
37239	1143	0.025329422
37244	1722	0.024994984
37244	2528	0.024994984
37244	6083	0.024994984
37244	4900	0.024994982
37244	3564	0.02499498
37244	4369	0.02499498
37244	6391	0.02499498
37244	1143	0.024994979
37244	79	0.024994977
37244	105	0.024994977
37293	2528	0.032759994
37293	6083	0.032759994
37293	6391	0.03275999
37293	1143	0.032759987
37293	1722	0.032759987
37293	4369	0.032759987
37293	4900	0.032759987
37293	79	0.032759983
37293	105	0.032759983
37293	3088	0.032759983
37310	1722	0.034181662
37310	2528	0.034181662
37310	6083	0.034181662
37310	6391	0.034181662
37310	4369	0.03418166
37310	4900	0.03418166
37310	79	0.034181654
37310	105	0.034181654
37310	1143	0.034181654
37310	3088	0.034181654
37311	6083	0.031247431
37311	1722	0.03124743
37311	2528	0.03124743
37311	4900	0.031247428
37311	6391	0.031247428
37311	1143	0.031247426
37311	4369	0.031247426
37311	3564	0.031247424
37311	79	0.031247422
37311	105	0.031247422
37400	6083	0.035702683
37400	2528	0.03570268
37400	1722	0.035702676
37400	4900	0.035702676
37400	6391	0.035702676
37400	1143	0.03570267
37400	3564	0.03570267
37400	4369	0.03570267
37400	79	0.035702668
37400	105	0.035702668
37426	6083	0.031245897
37426	2528	0.031245895
37426	1722	0.031245893
37426	4369	0.031245891
37426	4900	0.031245891
37426	6391	0.031245891
37426	1143	0.03124589
37426	79	0.031245887
37426	105	0.031245887
37426	3564	0.031245887
37447	6083	0.030575246
37447	2528	0.030575244
37447	1722	0.030575242
37447	4900	0.03057524
37447	6391	0.03057524
37447	1143	0.030575238
37447	3564	0.030575238
37447	4369	0.030575238
37447	79	0.030575236
37447	105	0.030575234
37493	2528	0.027513413
37493	6083	0.027513413
37493	1722	0.02751341
37493	4900	0.02751341
37493	6391	0.02751341
37493	79	0.027513407
37493	1143	0.027513407
37493	3564	0.027513407
37493	4369	0.027513407
37493	3917	0.027513405
37512	6083	0.03149546
37512	2528	0.031495456
37512	1722	0.031495452
37512	4369	0.031495452
37512	4900	0.031495452
37512	6391	0.031495452
37512	79	0.03149545
37512	1143	0.03149545
37512	1557	0.03149545
37512	3564	0.03149545
37538	1722	0.03357411
37538	2528	0.03357411
37538	4900	0.03357411
37538	6083	0.03357411
37538	3564	0.033574108
37538	4369	0.033574108
37538	6391	0.033574108
37538	79	0.033574104
37538	105	0.033574104
37538	804	0.033574104
37556	2528	0.03274386
37556	6083	0.03274386
37556	1143	0.032743856
37556	1722	0.032743856
37556	3564	0.032743856
37556	4369	0.032743856
37556	4900	0.032743856
37556	6391	0.032743856
37556	79	0.03274385
37556	105	0.03274385
37567	6083	0.02796068
37567	2528	0.027960679
37567	1722	0.027960677
37567	6391	0.027960677
37567	4369	0.027960675
37567	4900	0.027960675
37567	79	0.027960673
37567	1143	0.027960673
37567	3564	0.027960673
37567	105	0.027960671
37571	2528	0.0336836
37571	6083	0.0336836
37571	1722	0.033683598
37571	4900	0.033683598
37571	6391	0.033683598
37571	79	0.033683594
37571	3564	0.033683594
37571	4369	0.033683594
37571	105	0.03368359
37571	804	0.03368359
37573	2528	0.025802545
37573	6083	0.025802545
37573	1722	0.025802543
37573	4369	0.025802542
37573	4900	0.025802542
37573	6391	0.025802542
37573	1143	0.02580254
37573	79	0.025802538
37573	105	0.025802538
37573	3564	0.025802538
37584	2528	0.030138433
37584	6083	0.030138433
37584	1722	0.030138431
37584	4900	0.03013843
37584	6391	0.03013843
37584	4369	0.030138427
37584	79	0.030138426
37584	1143	0.030138426
37584	3564	0.030138426
37584	3917	0.030138424
37605	6083	0.025807751
37605	2528	0.02580775
37605	1722	0.025807746
37605	4369	0.025807746
37605	4900	0.025807746
37605	6391	0.025807746
37605	3564	0.025807744
37605	79	0.025807742
37605	105	0.025807742
37605	1143	0.025807742
37623	6083	0.0359404
37623	2528	0.035940398
37623	1722	0.035940394
37623	4900	0.035940394
37623	6391	0.035940394
37623	1143	0.03594039
37623	3564	0.03594039
37623	4369	0.03594039
37623	79	0.035940386
37623	105	0.035940386
37644	2528	0.042178914
37644	6083	0.042178914
37644	1722	0.04217891
37644	4900	0.04217891
37644	6391	0.04217891
37644	1143	0.042178907
37644	3564	0.042178907
37644	4369	0.042178907
37644	79	0.042178903
37644	3917	0.042178903
37691	6083	0.030279176
37691	2528	0.030279174
37691	1722	0.030279173
37691	4369	0.03027917
37691	4900	0.03027917
37691	6391	0.03027917
37691	79	0.030279169
37691	1143	0.030279169
37691	3564	0.030279169
37691	105	0.030279167
37712	1722	0.04049848
37712	2528	0.04049848
37712	6083	0.04049848
37712	4900	0.040498476
37712	6391	0.040498476
37712	105	0.040498473
37712	1143	0.040498473
37712	3564	0.040498473
37712	3917	0.040498473
37712	4369	0.040498473
37790	6083	0.025726493
37790	2528	0.025726492
37790	1722	0.02572649
37790	4369	0.02572649
37790	4900	0.02572649
37790	6391	0.02572649
37790	79	0.025726486
37790	105	0.025726486
37790	1143	0.025726486
37790	3564	0.025726486
37817	6083	0.022347804
37817	2528	0.022347802
37817	1722	0.0223478
37817	4900	0.0223478
37817	6391	0.0223478
37817	3564	0.022347799
37817	4369	0.022347799
37817	79	0.022347797
37817	105	0.022347797
37817	1143	0.022347797
37822	2528	0.03145001
37822	6083	0.031450007
37822	6391	0.031450007
37822	105	0.031450003
37822	1143	0.031450003
37822	1722	0.031450003
37822	3564	0.031450003
37822	4369	0.031450003
37822	4900	0.031450003
37822	79	0.03145
37874	6083	0.02870311
37874	1722	0.028703108
37874	2528	0.028703108
37874	6391	0.028703108
37874	4900	0.028703107
37874	4369	0.028703105
37874	79	0.028703103
37874	105	0.028703103
37874	3564	0.028703103
37874	1143	0.028703101
37968	6083	0.030490547
37968	1722	0.030490544
37968	2528	0.030490544
37968	6391	0.030490544
37968	4369	0.030490542
37968	4900	0.030490542
37968	79	0.03049054
37968	1143	0.03049054
37968	3564	0.03049054
37968	105	0.030490536
37974	2528	0.030504141
37974	6083	0.030504141
37974	1722	0.03050414
37974	4900	0.030504137
37974	6391	0.030504137
37974	4369	0.030504135
37974	79	0.030504134
37974	105	0.030504134
37974	1143	0.030504134
37974	3564	0.030504134
37989	1722	0.03452381
37989	2528	0.03452381
37989	6083	0.03452381
37989	1143	0.034523807
37989	3564	0.034523807
37989	4369	0.034523807
37989	4900	0.034523807
37989	6391	0.034523807
37989	79	0.034523804
37989	105	0.034523804
38034	2528	0.026164355
38034	6083	0.026164355
38034	1722	0.026164353
38034	4900	0.026164351
38034	6391	0.026164351
38034	1143	0.02616435
38034	3564	0.02616435
38034	4369	0.02616435
38034	79	0.026164347
38034	105	0.026164347
38081	2528	0.03158404
38081	6083	0.031584036
38081	1722	0.031584032
38081	4369	0.031584032
38081	4900	0.031584032
38081	6391	0.031584032
38081	1143	0.03158403
38081	79	0.031584024
38081	105	0.031584024
38081	804	0.031584024
38091	2528	0.022077512
38091	6083	0.022077512
38091	1722	0.022077508
38091	4369	0.022077508
38091	4900	0.022077508
38091	6391	0.022077508
38091	79	0.022077506
38091	1143	0.022077506
38091	3564	0.022077506
38091	105	0.022077505
38176	2528	0.02678157
38176	6083	0.02678157
38176	1722	0.026781568
38176	6391	0.026781568
38176	4369	0.026781566
38176	4900	0.026781566
38176	79	0.026781563
38176	105	0.026781563
38176	1143	0.026781563
38176	3088	0.026781563
38250	6083	0.026356028
38250	1722	0.026356027
38250	2528	0.026356027
38250	4900	0.026356027
38250	6391	0.026356025
38250	1143	0.026356023
38250	3564	0.026356023
38250	4369	0.026356023
38250	105	0.026356021
38250	804	0.02635602
38281	6083	0.034648154
38281	1722	0.03464815
38281	2528	0.03464815
38281	6391	0.03464815
38281	4369	0.034648146
38281	79	0.034648143
38281	105	0.034648143
38281	804	0.034648143
38281	1143	0.034648143
38281	3088	0.034648143
38457	2528	0.036874067
38457	1722	0.036874063
38457	4900	0.036874063
38457	6083	0.036874063
38457	4369	0.03687406
38457	6391	0.03687406
38457	79	0.036874056
38457	105	0.036874056
38457	1143	0.036874056
38457	3088	0.036874056
38464	1722	0.024804063
38464	2528	0.024804063
38464	6083	0.024804063
38464	3564	0.02480406
38464	4369	0.02480406
38464	4900	0.02480406
38464	6391	0.02480406
38464	79	0.024804058
38464	1143	0.024804058
38464	105	0.024804056
38482	2528	0.026496325
38482	6083	0.026496325
38482	1722	0.026496323
38482	4369	0.026496321
38482	4900	0.026496321
38482	6391	0.026496321
38482	3564	0.02649632
38482	79	0.026496317
38482	105	0.026496317
38482	1143	0.026496317
38544	6083	0.025948204
38544	2528	0.025948202
38544	1722	0.0259482
38544	4900	0.0259482
38544	6391	0.0259482
38544	4369	0.025948199
38544	79	0.025948197
38544	105	0.025948197
38544	1143	0.025948197
38544	3564	0.025948197
38556	6083	0.042045478
38556	1722	0.042045474
38556	2528	0.042045474
38556	6391	0.042045474
38556	4369	0.04204547
38556	4900	0.04204547
38556	1143	0.042045467
38556	3564	0.042045467
38556	79	0.042045463
38556	105	0.042045463
38590	6083	0.028243523
38590	2528	0.028243521
38590	1722	0.02824352
38590	4900	0.02824352
38590	6391	0.02824352
38590	4369	0.028243518
38590	79	0.028243516
38590	105	0.028243516
38590	1143	0.028243516
38590	3564	0.028243516
38654	2528	0.030428253
38654	6083	0.030428251
38654	1722	0.03042825
38654	6391	0.030428248
38654	4369	0.030428246
38654	4900	0.030428246
38654	1143	0.030428244
38654	3564	0.030428244
38654	79	0.030428242
38654	105	0.030428242
38660	1722	0.032373093
38660	2528	0.032373093
38660	6083	0.032373093
38660	4369	0.03237309
38660	4900	0.03237309
38660	6391	0.03237309
38660	79	0.032373086
38660	105	0.032373086
38660	1143	0.032373086
38660	1557	0.032373086
38661	6083	0.03316636
38661	1722	0.033166356
38661	2528	0.033166356
38661	4900	0.033166356
38661	1143	0.033166353
38661	3564	0.033166353
38661	4369	0.033166353
38661	6391	0.033166353
38661	79	0.03316635
38661	105	0.03316635
38679	1722	0.026953466
38679	2528	0.026953466
38679	6083	0.026953466
38679	4900	0.026953464
38679	3564	0.026953463
38679	4369	0.026953463
38679	6391	0.026953463
38679	79	0.02695346
38679	105	0.02695346
38679	1143	0.02695346
38703	1722	0.033169743
38703	2528	0.033169743
38703	6083	0.033169743
38703	1143	0.03316974
38703	3564	0.03316974
38703	4369	0.03316974
38703	4900	0.03316974
38703	6391	0.03316974
38703	79	0.033169735
38703	5896	0.033169735
38718	6083	0.03059322
38718	2528	0.030593218
38718	1722	0.030593216
38718	4900	0.030593216
38718	6391	0.030593216
38718	4369	0.030593215
38718	105	0.030593213
38718	1143	0.030593213
38718	3564	0.030593213
38718	79	0.03059321
38781	2528	0.032488342
38781	6083	0.032488342
38781	1722	0.03248834
38781	3564	0.03248834
38781	4369	0.03248834
38781	4900	0.03248834
38781	6391	0.03248834
38781	79	0.032488335
38781	1143	0.032488335
38781	105	0.03248833
38802	1722	0.029244937
38802	2528	0.029244937
38802	6083	0.029244937
38802	4369	0.029244933
38802	4900	0.029244933
38802	6391	0.029244933
38802	1143	0.029244931
38802	3564	0.029244931
38802	79	0.02924493
38802	105	0.02924493
38818	1722	0.021527067
38818	2528	0.021527067
38818	4900	0.021527067
38818	6083	0.021527067
38818	6391	0.021527067
38818	1143	0.021527065
38818	4369	0.021527065
38818	79	0.021527063
38818	105	0.021527063
38818	3564	0.021527063
38887	6083	0.024637591
38887	1722	0.024637587
38887	2528	0.024637587
38887	4369	0.024637587
38887	6391	0.024637587
38887	4900	0.024637586
38887	79	0.024637584
38887	105	0.024637584
38887	1143	0.024637584
38887	3564	0.024637584
38899	6083	0.028487809
38899	2528	0.028487807
38899	1722	0.028487805
38899	4900	0.028487805
38899	6391	0.028487805
38899	4369	0.028487803
38899	79	0.028487802
38899	1143	0.028487802
38899	3564	0.028487802
38899	105	0.0284878
38933	2528	0.03216065
38933	6083	0.03216065
38933	1722	0.032160647
38933	4369	0.032160647
38933	4900	0.032160647
38933	6391	0.032160647
38933	105	0.032160643
38933	1143	0.032160643
38933	3564	0.032160643
38933	79	0.03216064
38950	6083	0.026718877
38950	2528	0.026718875
38950	1722	0.026718874
38950	6391	0.026718874
38950	4900	0.026718872
38950	79	0.02671887
38950	1143	0.02671887
38950	3564	0.02671887
38950	4369	0.02671887
38950	105	0.026718868
38991	2528	0.0261551
38991	6083	0.0261551
38991	1722	0.026155097
38991	4369	0.026155096
38991	4900	0.026155096
38991	6391	0.026155096
38991	3564	0.026155094
38991	79	0.026155092
38991	105	0.026155092
38991	804	0.026155092
38995	6083	0.02514676
38995	1722	0.025146756
38995	2528	0.025146756
38995	4900	0.025146756
38995	6391	0.025146756
38995	79	0.025146753
38995	105	0.025146753
38995	1143	0.025146753
38995	3088	0.025146753
38995	3564	0.025146753
39087	2528	0.031873435
39087	6083	0.031873435
39087	1722	0.03187343
39087	79	0.031873427
39087	105	0.031873427
39087	1143	0.031873427
39087	3564	0.031873427
39087	4369	0.031873427
39087	4900	0.031873427
39087	5896	0.031873427
39159	6083	0.026281217
39159	2528	0.026281215
39159	6391	0.026281215
39159	1722	0.026281213
39159	4900	0.026281213
39159	79	0.026281212
39159	1143	0.026281212
39159	3564	0.026281212
39159	4369	0.026281212
39159	105	0.02628121
39219	2528	0.030523535
39219	6083	0.030523535
39219	1722	0.030523531
39219	4900	0.030523531
39219	4369	0.03052353
39219	6391	0.03052353
39219	79	0.030523527
39219	1143	0.030523527
39219	3564	0.030523527
39219	105	0.030523524
39227	2528	0.0326195
39227	6083	0.0326195
39227	4900	0.032619495
39227	79	0.03261949
39227	1143	0.03261949
39227	1722	0.03261949
39227	4369	0.03261949
39227	6391	0.03261949
39227	105	0.032619487
39227	3088	0.032619487
39281	2528	0.04152335
39281	6083	0.04152335
39281	1722	0.041523345
39281	4900	0.041523345
39281	6391	0.041523345
39281	4369	0.04152334
39281	79	0.041523337
39281	105	0.041523337
39281	1143	0.041523337
39281	3564	0.041523337
39284	2528	0.02898831
39284	6083	0.02898831
39284	1722	0.028988305
39284	4369	0.028988305
39284	4900	0.028988305
39284	6391	0.028988305
39284	79	0.028988302
39284	1143	0.028988302
39284	3564	0.028988302
39284	105	0.0289883
39345	6083	0.030490672
39345	2528	0.03049067
39345	1722	0.030490668
39345	4369	0.030490667
39345	4900	0.030490667
39345	6391	0.030490667
39345	79	0.030490663
39345	105	0.030490663
39345	1143	0.030490663
39345	3564	0.030490663
39353	2528	0.030392025
39353	6083	0.030392025
39353	1722	0.030392023
39353	4900	0.030392023
39353	6391	0.030392023
39353	3564	0.030392021
39353	4369	0.030392021
39353	79	0.03039202
39353	1143	0.03039202
39353	105	0.030392017
39372	6083	0.019857707
39372	2528	0.019857705
39372	1722	0.019857703
39372	4369	0.019857703
39372	105	0.0198577
39372	1143	0.0198577
39372	3564	0.0198577
39372	4900	0.0198577
39372	6391	0.0198577
39372	79	0.019857699
39374	6083	0.025503933
39374	1722	0.025503932
39374	2528	0.025503932
39374	4369	0.02550393
39374	4900	0.02550393
39374	6391	0.02550393
39374	1143	0.025503928
39374	3564	0.025503928
39374	79	0.025503926
39374	105	0.025503926
39396	2528	0.028614562
39396	6083	0.028614562
39396	1722	0.02861456
39396	4900	0.02861456
39396	4369	0.028614558
39396	6391	0.028614558
39396	1143	0.028614556
39396	3564	0.028614556
39396	79	0.028614555
39396	105	0.028614555
39441	2528	0.028619189
39441	6083	0.028619189
39441	1722	0.028619187
39441	4900	0.028619187
39441	6391	0.028619187
39441	4369	0.028619185
39441	79	0.028619183
39441	3564	0.028619183
39441	105	0.028619181
39441	1143	0.028619181
39502	2528	0.032762475
39502	6083	0.032762475
39502	6391	0.032762475
39502	4900	0.03276247
39502	79	0.032762468
39502	1143	0.032762468
39502	1722	0.032762468
39502	3564	0.032762468
39502	3917	0.032762468
39502	4369	0.032762468
39513	2528	0.027957562
39513	6083	0.027957562
39513	1722	0.027957559
39513	4900	0.027957559
39513	6391	0.027957559
39513	79	0.027957555
39513	105	0.027957555
39513	1143	0.027957555
39513	3564	0.027957555
39513	4369	0.027957555
39616	2528	0.04052811
39616	6083	0.040528107
39616	1722	0.040528104
39616	4369	0.040528104
39616	4900	0.040528104
39616	6391	0.040528104
39616	79	0.040528096
39616	105	0.040528096
39616	1143	0.040528096
39616	3088	0.040528096
39646	2528	0.042186722
39646	4900	0.042186722
39646	6083	0.042186722
39646	1722	0.04218672
39646	6391	0.04218672
39646	3564	0.042186715
39646	4369	0.042186715
39646	79	0.04218671
39646	105	0.04218671
39646	1143	0.04218671
39662	6083	0.023442391
39662	2528	0.02344239
39662	1722	0.023442388
39662	4369	0.023442388
39662	4900	0.023442388
39662	6391	0.023442388
39662	79	0.023442384
39662	1143	0.023442384
39662	3564	0.023442384
39662	3917	0.023442384
39705	2528	0.020226907
39705	6083	0.020226907
39705	1722	0.020226905
39705	4369	0.020226903
39705	4900	0.020226903
39705	6391	0.020226903
39705	79	0.020226901
39705	105	0.020226901
39705	1143	0.020226901
39705	3564	0.020226901
39773	2528	0.042875238
39773	1722	0.042875234
39773	6083	0.042875234
39773	4900	0.04287523
39773	6391	0.04287523
39773	3564	0.042875227
39773	4369	0.042875227
39773	79	0.042875223
39773	105	0.042875223
39773	1143	0.042875223
39928	6083	0.02504623
39928	1722	0.025046226
39928	2528	0.025046226
39928	4900	0.025046226
39928	6391	0.025046224
39928	79	0.025046222
39928	1143	0.025046222
39928	3564	0.025046222
39928	4369	0.025046222
39928	105	0.02504622
40052	2528	0.0321156
40052	6083	0.0321156
40052	1722	0.032115597
40052	4900	0.032115597
40052	6391	0.032115597
40052	79	0.032115594
40052	105	0.032115594
40052	1143	0.032115594
40052	3564	0.032115594
40052	3917	0.032115594
40110	6083	0.027594615
40110	2528	0.027594613
40110	1722	0.027594611
40110	4900	0.027594611
40110	6391	0.027594611
40110	4369	0.02759461
40110	79	0.027594607
40110	1143	0.027594607
40110	3564	0.027594607
40110	105	0.027594605
40222	2528	0.027184501
40222	6083	0.027184501
40222	1722	0.0271845
40222	4900	0.027184498
40222	6391	0.027184498
40222	3564	0.027184496
40222	4369	0.027184496
40222	79	0.027184494
40222	105	0.027184494
40222	1143	0.027184494
40299	6083	0.035822123
40299	1722	0.035822116
40299	2528	0.035822116
40299	3564	0.035822116
40299	4900	0.035822116
40299	6391	0.035822116
40299	1143	0.035822112
40299	4369	0.035822112
40299	79	0.03582211
40299	105	0.03582211
40330	6083	0.03513484
40330	1722	0.035134837
40330	2528	0.035134837
40330	6391	0.035134837
40330	4900	0.035134833
40330	79	0.03513483
40330	105	0.03513483
40330	1143	0.03513483
40330	3564	0.03513483
40330	4369	0.03513483
40415	2528	0.04448264
40415	6083	0.04448264
40415	1722	0.044482637
40415	6391	0.044482637
40415	79	0.044482633
40415	3564	0.044482633
40415	4369	0.044482633
40415	4900	0.044482633
40415	1143	0.04448263
40415	105	0.044482626
40466	2528	0.033686627
40466	1143	0.033686623
40466	1722	0.033686623
40466	4369	0.033686623
40466	4900	0.033686623
40466	6083	0.033686623
40466	6391	0.033686623
40466	79	0.03368662
40466	3564	0.03368662
40466	105	0.033686616
40505	2528	0.036192805
40505	6083	0.036192805
40505	1722	0.0361928
40505	1143	0.036192797
40505	3564	0.036192797
40505	4369	0.036192797
40505	4900	0.036192797
40505	6391	0.036192797
40505	79	0.036192793
40505	105	0.03619279
40511	1722	0.028574292
40511	2528	0.028574292
40511	6083	0.028574292
40511	4900	0.02857429
40511	3564	0.028574288
40511	4369	0.028574288
40511	6391	0.028574288
40511	1143	0.028574286
40511	79	0.028574284
40511	105	0.028574284
40553	1722	0.032156765
40553	2528	0.032156765
40553	4900	0.032156765
40553	6083	0.032156765
40553	6391	0.032156765
40553	4369	0.03215676
40553	79	0.032156758
40553	105	0.032156758
40553	804	0.032156758
40553	1143	0.032156758
40612	2528	0.03482941
40612	1722	0.034829408
40612	4900	0.034829408
40612	6083	0.034829408
40612	3564	0.034829404
40612	4369	0.034829404
40612	6391	0.034829404
40612	79	0.0348294
40612	105	0.0348294
40612	1143	0.0348294
40640	6083	0.028066473
40640	1722	0.028066471
40640	2528	0.028066471
40640	4900	0.02806647
40640	6391	0.02806647
40640	3564	0.028066467
40640	4369	0.028066467
40640	79	0.028066466
40640	105	0.028066466
40640	1143	0.028066466
40772	2528	0.023688573
40772	6083	0.023688573
40772	6391	0.023688572
40772	1722	0.02368857
40772	4369	0.02368857
40772	4900	0.02368857
40772	79	0.023688568
40772	1143	0.023688568
40772	3564	0.023688568
40772	105	0.023688566
40795	1722	0.028064974
40795	2528	0.028064974
40795	6083	0.028064974
40795	6391	0.028064972
40795	4369	0.02806497
40795	4900	0.02806497
40795	79	0.028064968
40795	1143	0.028064968
40795	3564	0.028064968
40795	105	0.028064966
40796	6083	0.026502691
40796	1722	0.026502687
40796	2528	0.026502687
40796	4900	0.026502687
40796	6391	0.026502687
40796	4369	0.026502686
40796	79	0.026502684
40796	1143	0.026502684
40796	3564	0.026502684
40796	105	0.026502682
40798	2528	0.025329784
40798	6083	0.025329784
40798	1722	0.025329782
40798	4369	0.02532978
40798	4900	0.02532978
40798	6391	0.02532978
40798	1143	0.025329778
40798	79	0.025329776
40798	105	0.025329776
40798	3088	0.025329776
40838	1722	0.032555006
40838	2528	0.032555006
40838	4900	0.032555006
40838	6083	0.032555006
40838	6391	0.032555006
40838	4369	0.032555003
40838	79	0.032555
40838	105	0.032555
40838	804	0.032555
40838	1143	0.032555
40888	2528	0.024974756
40888	6083	0.024974756
40888	1722	0.024974752
40888	3564	0.024974752
40888	4369	0.024974752
40888	4900	0.024974752
40888	6391	0.024974752
40888	1143	0.02497475
40888	79	0.024974748
40888	105	0.024974748
40889	2528	0.043328166
40889	6083	0.043328166
40889	1722	0.043328162
40889	4369	0.04332816
40889	4900	0.04332816
40889	6391	0.04332816
40889	79	0.043328155
40889	1143	0.043328155
40889	3564	0.043328155
40889	105	0.04332815
40914	1722	0.034208253
40914	2528	0.034208253
40914	4900	0.034208253
40914	6083	0.034208253
40914	6391	0.034208253
40914	4369	0.03420825
40914	79	0.034208246
40914	105	0.034208246
40914	804	0.034208246
40914	1143	0.034208246
40922	2528	0.029624868
40922	6083	0.029624868
40922	1722	0.029624864
40922	4369	0.029624864
40922	4900	0.029624864
40922	6391	0.029624864
40922	79	0.02962486
40922	1143	0.02962486
40922	3564	0.02962486
40922	105	0.029624859
40943	2528	0.037409082
40943	6083	0.037409082
40943	1722	0.03740908
40943	4900	0.03740908
40943	6391	0.03740908
40943	105	0.037409075
40943	1143	0.037409075
40943	3564	0.037409075
40943	4369	0.037409075
40943	79	0.03740907
41058	6083	0.024786007
41058	2528	0.024786005
41058	1722	0.024786003
41058	4369	0.024786003
41058	4900	0.024786003
41058	6391	0.024786003
41058	79	0.024786
41058	105	0.024786
41058	1143	0.024786
41058	3564	0.024786
41080	2528	0.02521942
41080	6083	0.02521942
41080	1722	0.025219418
41080	4900	0.025219418
41080	6391	0.025219418
41080	79	0.025219414
41080	105	0.025219414
41080	1143	0.025219414
41080	3564	0.025219414
41080	4369	0.025219414
41084	1722	0.03742063
41084	2528	0.03742063
41084	4900	0.03742063
41084	6083	0.03742063
41084	4369	0.037420627
41084	6391	0.037420627
41084	79	0.037420623
41084	105	0.037420623
41084	1143	0.037420623
41084	5896	0.037420623
41086	2528	0.023702208
41086	6083	0.023702208
41086	1722	0.023702206
41086	3564	0.023702204
41086	4369	0.023702204
41086	4900	0.023702204
41086	6391	0.023702204
41086	79	0.023702202
41086	1143	0.023702202
41086	5896	0.023702202
41088	2528	0.022456385
41088	6083	0.022456385
41088	1722	0.022456383
41088	4369	0.022456381
41088	4900	0.022456381
41088	6391	0.022456381
41088	1143	0.02245638
41088	3564	0.02245638
41088	79	0.022456378
41088	105	0.022456378
41111	2528	0.027614925
41111	6083	0.027614925
41111	1722	0.027614923
41111	4900	0.027614921
41111	6391	0.027614921
41111	4369	0.02761492
41111	79	0.027614918
41111	105	0.027614918
41111	1143	0.027614918
41111	3564	0.027614918
41123	2528	0.028861541
41123	6083	0.028861541
41123	1722	0.02886154
41123	4369	0.028861538
41123	4900	0.028861538
41123	6391	0.028861538
41123	79	0.028861534
41123	105	0.028861534
41123	1143	0.028861534
41123	3564	0.028861534
41177	2528	0.023769498
41177	6083	0.023769498
41177	6391	0.023769496
41177	1143	0.023769494
41177	1722	0.023769494
41177	3564	0.023769494
41177	4369	0.023769494
41177	4900	0.023769494
41177	79	0.023769492
41177	105	0.02376949
41245	6083	0.025752908
41245	2528	0.025752906
41245	1722	0.025752902
41245	4369	0.025752902
41245	4900	0.025752902
41245	6391	0.025752902
41245	79	0.0257529
41245	1143	0.0257529
41245	3564	0.0257529
41245	105	0.025752898
41364	2528	0.026142284
41364	6083	0.026142284
41364	1722	0.02614228
41364	4369	0.02614228
41364	4900	0.02614228
41364	6391	0.02614228
41364	79	0.026142277
41364	105	0.026142277
41364	1143	0.026142277
41364	3564	0.026142277
41395	6083	0.026455676
41395	2528	0.026455674
41395	4900	0.026455674
41395	1722	0.026455672
41395	4369	0.02645567
41395	6391	0.02645567
41395	79	0.026455669
41395	3564	0.026455669
41395	105	0.026455667
41395	804	0.026455667
41403	2528	0.03388452
41403	6083	0.03388452
41403	1722	0.033884518
41403	3564	0.033884518
41403	4369	0.033884518
41403	4900	0.033884518
41403	6391	0.033884518
41403	79	0.033884514
41403	1143	0.033884514
41403	105	0.03388451
41425	2528	0.024913471
41425	6083	0.024913471
41425	1722	0.024913467
41425	4900	0.024913467
41425	6391	0.024913467
41425	4369	0.024913466
41425	79	0.024913464
41425	105	0.024913464
41425	1143	0.024913464
41425	3564	0.024913464
41449	6083	0.037618175
41449	1722	0.037618168
41449	2528	0.037618168
41449	3564	0.037618168
41449	4369	0.037618168
41449	4900	0.037618168
41449	6391	0.037618168
41449	79	0.037618164
41449	105	0.037618164
41449	1143	0.03761816
41450	2528	0.02751283
41450	6083	0.02751283
41450	1722	0.027512826
41450	4369	0.027512826
41450	4900	0.027512826
41450	6391	0.027512826
41450	3564	0.027512824
41450	79	0.027512822
41450	1143	0.027512822
41450	5896	0.027512822
41455	2528	0.022878766
41455	6083	0.022878766
41455	1722	0.022878764
41455	1143	0.022878762
41455	4900	0.022878762
41455	6391	0.022878762
41455	79	0.02287876
41455	3564	0.02287876
41455	4369	0.02287876
41455	105	0.022878759
41589	2528	0.030901859
41589	6083	0.030901859
41589	1722	0.030901855
41589	4369	0.030901853
41589	4900	0.030901853
41589	6391	0.030901853
41589	3564	0.030901851
41589	79	0.03090185
41589	105	0.03090185
41589	1143	0.03090185
41596	2528	0.028106678
41596	6083	0.028106678
41596	1722	0.028106675
41596	4900	0.028106675
41596	6391	0.028106675
41596	4369	0.028106673
41596	79	0.02810667
41596	105	0.02810667
41596	1143	0.02810667
41596	3564	0.02810667
41634	2528	0.037108462
41634	1722	0.03710846
41634	4900	0.03710846
41634	6083	0.03710846
41634	6391	0.03710846
41634	4369	0.037108455
41634	79	0.03710845
41634	105	0.03710845
41634	1143	0.03710845
41634	3088	0.03710845
41667	6083	0.028663706
41667	1722	0.028663702
41667	2528	0.028663702
41667	4900	0.028663702
41667	6391	0.028663702
41667	4369	0.0286637
41667	79	0.028663699
41667	1143	0.028663699
41667	3564	0.028663699
41667	105	0.028663695
41676	2528	0.023960093
41676	6083	0.023960093
41676	1722	0.023960091
41676	4900	0.023960091
41676	6391	0.023960091
41676	3564	0.02396009
41676	4369	0.02396009
41676	79	0.023960087
41676	105	0.023960087
41676	1143	0.023960087
41757	1722	0.038457237
41757	2528	0.038457237
41757	4900	0.038457237
41757	6083	0.038457237
41757	6391	0.038457237
41757	4369	0.038457233
41757	79	0.03845723
41757	105	0.03845723
41757	1143	0.03845723
41757	3564	0.03845723
41760	2528	0.030892191
41760	6083	0.030892191
41760	1722	0.03089219
41760	6391	0.030892188
41760	1143	0.030892186
41760	4369	0.030892186
41760	4900	0.030892186
41760	3564	0.030892184
41760	79	0.030892182
41760	105	0.030892182
41781	1722	0.051030807
41781	2528	0.051030807
41781	6083	0.051030807
41781	6391	0.051030807
41781	4900	0.051030803
41781	1143	0.0510308
41781	3564	0.0510308
41781	4369	0.0510308
41781	79	0.051030796
41781	105	0.051030796
41841	1722	0.038073923
41841	2528	0.038073923
41841	6083	0.038073923
41841	79	0.03807392
41841	4900	0.03807392
41841	6391	0.03807392
41841	1143	0.038073916
41841	3564	0.038073916
41841	4369	0.038073916
41841	105	0.038073912
41911	1722	0.032088175
41911	2528	0.032088175
41911	4900	0.032088175
41911	6083	0.032088175
41911	6391	0.032088175
41911	79	0.032088168
41911	105	0.032088168
41911	1143	0.032088168
41911	3088	0.032088168
41911	3564	0.032088168
41985	2528	0.024213258
41985	6083	0.024213258
41985	1722	0.024213256
41985	4369	0.024213254
41985	4900	0.024213254
41985	6391	0.024213254
41985	1143	0.024213253
41985	3564	0.024213253
41985	79	0.02421325
41985	105	0.02421325
42093	2528	0.031513616
42093	6083	0.031513616
42093	1722	0.031513613
42093	4900	0.031513613
42093	6391	0.031513613
42093	79	0.03151361
42093	1143	0.03151361
42093	3564	0.03151361
42093	3917	0.03151361
42093	4369	0.03151361
42099	2528	0.033528402
42099	6083	0.033528402
42099	1722	0.0335284
42099	4900	0.0335284
42099	79	0.033528395
42099	3564	0.033528395
42099	4369	0.033528395
42099	6391	0.033528395
42099	105	0.03352839
42099	1143	0.03352839
42323	1722	0.027900733
42323	2528	0.027900733
42323	6083	0.027900733
42323	6391	0.027900733
42323	4900	0.027900731
42323	3564	0.02790073
42323	4369	0.02790073
42323	79	0.027900727
42323	1143	0.027900727
42323	105	0.027900726
42372	1722	0.016331859
42372	2528	0.016331859
42372	6083	0.016331859
42372	4900	0.016331857
42372	6391	0.016331857
42372	79	0.016331855
42372	105	0.016331855
42372	1143	0.016331855
42372	3564	0.016331855
42372	4369	0.016331855
42408	6083	0.0238943
42408	1722	0.023894299
42408	2528	0.023894299
42408	105	0.023894295
42408	4369	0.023894295
42408	4900	0.023894295
42408	6391	0.023894295
42408	79	0.023894293
42408	1143	0.023894293
42408	3564	0.023894293
42410	1722	0.026709653
42410	2528	0.026709653
42410	6083	0.026709653
42410	6391	0.026709653
42410	3564	0.02670965
42410	4369	0.02670965
42410	4900	0.02670965
42410	79	0.026709648
42410	105	0.026709648
42410	1143	0.026709648
42419	2528	0.030010689
42419	6083	0.030010689
42419	1722	0.030010687
42419	4369	0.030010685
42419	4900	0.030010685
42419	6391	0.030010685
42419	79	0.030010682
42419	105	0.030010682
42419	1143	0.030010682
42419	3564	0.030010682
42450	2528	0.030980485
42450	6083	0.030980485
42450	1722	0.030980483
42450	4900	0.030980483
42450	6391	0.030980483
42450	1143	0.030980479
42450	4369	0.030980479
42450	3564	0.030980477
42450	79	0.030980475
42450	105	0.030980475
42458	6083	0.038461752
42458	2528	0.03846175
42458	1722	0.038461745
42458	3564	0.038461745
42458	4369	0.038461745
42458	4900	0.038461745
42458	6391	0.038461745
42458	79	0.03846174
42458	1143	0.03846174
42458	5896	0.03846174
42466	1722	0.034230117
42466	2528	0.034230117
42466	6083	0.034230117
42466	1143	0.034230113
42466	3564	0.034230113
42466	4369	0.034230113
42466	4900	0.034230113
42466	6391	0.034230113
42466	79	0.03423011
42466	105	0.03423011
42573	2528	0.03755996
42573	6083	0.03755996
42573	1722	0.037559956
42573	4369	0.037559956
42573	4900	0.037559956
42573	6391	0.037559956
42573	1143	0.037559953
42573	79	0.03755995
42573	105	0.03755995
42573	804	0.03755995
42597	1722	0.030178197
42597	2528	0.030178197
42597	6083	0.030178197
42597	4369	0.030178193
42597	4900	0.030178193
42597	6391	0.030178193
42597	1143	0.030178191
42597	3564	0.030178191
42597	79	0.03017819
42597	105	0.03017819
42611	2528	0.028591674
42611	6083	0.028591674
42611	1722	0.02859167
42611	4900	0.02859167
42611	6391	0.02859167
42611	4369	0.028591668
42611	79	0.028591666
42611	105	0.028591666
42611	1143	0.028591666
42611	3564	0.028591666
42651	6083	0.02234403
42651	1722	0.022344029
42651	2528	0.022344029
42651	3564	0.022344027
42651	4369	0.022344027
42651	4900	0.022344027
42651	6391	0.022344027
42651	79	0.022344025
42651	1143	0.022344025
42651	105	0.022344023
42730	6083	0.03975601
42730	1722	0.039756007
42730	2528	0.039756007
42730	4900	0.039756007
42730	6391	0.039756007
42730	4369	0.039756004
42730	79	0.039756
42730	1143	0.039756
42730	3564	0.039756
42730	105	0.039755996
42780	2528	0.032877352
42780	6083	0.032877352
42780	1722	0.03287735
42780	3564	0.03287735
42780	4369	0.03287735
42780	4900	0.03287735
42780	6391	0.03287735
42780	79	0.032877345
42780	105	0.03287734
42780	804	0.03287734
42798	2528	0.029248979
42798	6083	0.029248979
42798	1722	0.029248977
42798	4369	0.029248975
42798	4900	0.029248975
42798	6391	0.029248975
42798	3564	0.029248973
42798	79	0.029248971
42798	105	0.029248971
42798	1143	0.029248971
42847	6083	0.02463431
42847	2528	0.024634307
42847	1722	0.024634305
42847	4900	0.024634305
42847	6391	0.024634305
42847	4369	0.024634304
42847	79	0.024634302
42847	105	0.024634302
42847	804	0.024634302
42847	1143	0.024634302
42883	2528	0.037203427
42883	6083	0.037203427
42883	1722	0.037203424
42883	4900	0.037203424
42883	4369	0.03720342
42883	6391	0.03720342
42883	79	0.037203416
42883	105	0.037203416
42883	1143	0.037203416
42883	1557	0.037203416
42914	6083	0.045813028
42914	1722	0.045813024
42914	2528	0.045813024
42914	4900	0.045813024
42914	4369	0.04581302
42914	6391	0.04581302
42914	1143	0.045813017
42914	79	0.045813013
42914	105	0.045813013
42914	3564	0.045813013
42948	2528	0.028651
42948	6083	0.028651
42948	1722	0.028650995
42948	4900	0.028650995
42948	6391	0.028650995
42948	4369	0.028650993
42948	79	0.028650992
42948	1143	0.028650992
42948	3564	0.028650992
42948	105	0.02865099
43004	6083	0.034558985
43004	1722	0.03455898
43004	2528	0.03455898
43004	4369	0.03455898
43004	4900	0.03455898
43004	6391	0.03455898
43004	79	0.034558974
43004	105	0.034558974
43004	1143	0.034558974
43004	1557	0.034558974
43006	2528	0.038016386
43006	4900	0.038016386
43006	6083	0.038016386
43006	1722	0.038016383
43006	1143	0.03801638
43006	3564	0.03801638
43006	4369	0.03801638
43006	6391	0.03801638
43006	79	0.038016375
43006	105	0.038016375
43021	6083	0.030227087
43021	2528	0.030227084
43021	1722	0.03022708
43021	4369	0.03022708
43021	4900	0.03022708
43021	6391	0.03022708
43021	3564	0.030227078
43021	79	0.030227076
43021	105	0.030227076
43021	1143	0.030227076
43093	1722	0.030735668
43093	2528	0.030735668
43093	6083	0.030735668
43093	4369	0.030735664
43093	4900	0.030735664
43093	6391	0.030735664
43093	3564	0.030735662
43093	79	0.03073566
43093	105	0.03073566
43093	1143	0.03073566
43157	6083	0.03320076
43157	1722	0.033200756
43157	2528	0.033200756
43157	4900	0.033200756
43157	6391	0.033200756
43157	4369	0.033200752
43157	79	0.03320075
43157	105	0.03320075
43157	804	0.03320075
43157	1143	0.03320075
43163	2528	0.022517754
43163	1722	0.022517752
43163	4900	0.022517752
43163	6083	0.022517752
43163	4369	0.02251775
43163	6391	0.02251775
43163	79	0.022517748
43163	105	0.022517748
43163	1143	0.022517748
43163	3564	0.022517748
43282	1722	0.032661356
43282	2528	0.032661356
43282	4369	0.032661356
43282	4900	0.032661356
43282	6083	0.032661356
43282	6391	0.032661356
43282	105	0.032661352
43282	1143	0.032661352
43282	3564	0.032661352
43282	79	0.03266135
43359	6083	0.027796483
43359	1722	0.02779648
43359	2528	0.02779648
43359	3564	0.027796477
43359	4900	0.027796477
43359	6391	0.027796477
43359	4369	0.027796475
43359	79	0.027796473
43359	105	0.027796473
43359	1143	0.027796473
43436	1722	0.039337046
43436	2528	0.039337046
43436	6083	0.039337046
43436	6391	0.039337046
43436	79	0.03933704
43436	105	0.03933704
43436	1143	0.03933704
43436	3564	0.03933704
43436	4369	0.03933704
43436	4900	0.03933704
43481	6083	0.043910135
43481	1722	0.04391013
43481	2528	0.04391013
43481	4900	0.043910127
43481	6391	0.043910127
43481	79	0.043910123
43481	105	0.043910123
43481	1143	0.043910123
43481	3564	0.043910123
43481	4369	0.043910123
43595	2528	0.024867143
43595	6083	0.024867143
43595	1722	0.024867142
43595	4369	0.02486714
43595	4900	0.02486714
43595	6391	0.02486714
43595	1143	0.024867138
43595	3564	0.024867138
43595	79	0.024867136
43595	105	0.024867136
43619	2528	0.028256297
43619	6083	0.028256297
43619	1722	0.028256295
43619	4900	0.028256295
43619	4369	0.028256293
43619	6391	0.028256293
43619	105	0.028256292
43619	1143	0.028256292
43619	79	0.02825629
43619	1557	0.02825629
43626	6083	0.029112544
43626	2528	0.029112542
43626	1722	0.02911254
43626	4900	0.02911254
43626	4369	0.029112538
43626	6391	0.029112538
43626	1143	0.029112536
43626	3564	0.029112536
43626	79	0.029112535
43626	105	0.029112535
43639	6083	0.037775278
43639	2528	0.037775274
43639	1722	0.03777527
43639	4369	0.03777527
43639	4900	0.03777527
43639	6391	0.03777527
43639	1143	0.037775267
43639	3564	0.037775267
43639	79	0.037775263
43639	105	0.037775263
43687	1722	0.031284727
43687	6083	0.031284727
43687	2528	0.031284723
43687	105	0.03128472
43687	1143	0.03128472
43687	3564	0.03128472
43687	4369	0.03128472
43687	4900	0.03128472
43687	5896	0.03128472
43687	6391	0.03128472
43698	6083	0.02190252
43698	2528	0.021902518
43698	1722	0.021902516
43698	4369	0.021902516
43698	4900	0.021902516
43698	6391	0.021902516
43698	1143	0.021902515
43698	79	0.021902513
43698	105	0.021902513
43698	3564	0.021902513
43806	2528	0.027888227
43806	6083	0.027888227
43806	1722	0.027888225
43806	4369	0.027888224
43806	4900	0.027888224
43806	6391	0.027888224
43806	105	0.027888222
43806	3564	0.027888222
43806	79	0.02788822
43806	1143	0.02788822
43807	6083	0.036860265
43807	1722	0.03686026
43807	2528	0.03686026
43807	3564	0.036860257
43807	4369	0.036860257
43807	4900	0.036860257
43807	6391	0.036860257
43807	1143	0.036860254
43807	79	0.03686025
43807	105	0.03686025
43842	2528	0.038308363
43842	1722	0.03830836
43842	4900	0.03830836
43842	6083	0.03830836
43842	6391	0.03830836
43842	4369	0.038308356
43842	79	0.038308352
43842	105	0.038308352
43842	1143	0.038308352
43842	3088	0.038308352
43852	2528	0.023017146
43852	6083	0.023017146
43852	105	0.023017142
43852	1722	0.023017142
43852	4369	0.023017142
43852	4900	0.023017142
43852	6391	0.023017142
43852	79	0.02301714
43852	1143	0.02301714
43852	3564	0.02301714
43901	2528	0.023918176
43901	6083	0.023918176
43901	1722	0.023918174
43901	4900	0.023918174
43901	6391	0.023918174
43901	4369	0.023918172
43901	79	0.02391817
43901	105	0.02391817
43901	1143	0.02391817
43901	3088	0.02391817
43910	2528	0.027708262
43910	6083	0.027708262
43910	1722	0.02770826
43910	4369	0.027708258
43910	4900	0.027708258
43910	6391	0.027708258
43910	79	0.027708255
43910	105	0.027708255
43910	1143	0.027708255
43910	3088	0.027708255
44089	2528	0.02933222
44089	6083	0.02933222
44089	1722	0.029332217
44089	4900	0.029332217
44089	6391	0.029332217
44089	3564	0.029332215
44089	4369	0.029332215
44089	79	0.029332213
44089	105	0.029332213
44089	1143	0.029332213
44252	1722	0.036773287
44252	2528	0.036773287
44252	6083	0.036773287
44252	6391	0.036773287
44252	4900	0.036773283
44252	79	0.03677328
44252	105	0.03677328
44252	1143	0.03677328
44252	3088	0.03677328
44252	3564	0.03677328
44295	6083	0.0302061
44295	2528	0.030206097
44295	1722	0.030206095
44295	4900	0.030206095
44295	6391	0.030206095
44295	4369	0.030206094
44295	79	0.030206092
44295	105	0.030206092
44295	1143	0.030206092
44295	3564	0.030206092
44296	2528	0.030073427
44296	6083	0.030073427
44296	1722	0.030073425
44296	4369	0.030073423
44296	4900	0.030073423
44296	6391	0.030073423
44296	105	0.03007342
44296	1143	0.03007342
44296	3564	0.03007342
44296	3917	0.03007342
44297	6083	0.037774455
44297	2528	0.03777445
44297	6391	0.03777445
44297	1722	0.037774447
44297	4369	0.037774447
44297	4900	0.037774447
44297	79	0.037774444
44297	105	0.037774444
44297	1143	0.037774444
44297	3564	0.037774444
44389	1722	0.039939567
44389	2528	0.039939567
44389	6083	0.039939567
44389	4900	0.039939564
44389	6391	0.039939564
44389	79	0.03993956
44389	105	0.03993956
44389	1143	0.03993956
44389	3564	0.03993956
44389	4369	0.03993956
44467	2528	0.027866796
44467	6083	0.027866796
44467	6391	0.027866794
44467	1722	0.027866792
44467	4369	0.027866792
44467	4900	0.027866792
44467	79	0.027866788
44467	105	0.027866788
44467	1143	0.027866788
44467	3564	0.027866788
44472	6083	0.02648173
44472	2528	0.026481729
44472	1722	0.026481727
44472	4900	0.026481727
44472	6391	0.026481727
44472	3564	0.026481725
44472	4369	0.026481725
44472	79	0.026481723
44472	105	0.026481722
44472	804	0.026481722
44535	6083	0.027547127
44535	1722	0.027547125
44535	2528	0.027547125
44535	4369	0.027547121
44535	4900	0.027547121
44535	6391	0.027547121
44535	3564	0.02754712
44535	79	0.027547117
44535	105	0.027547117
44535	1143	0.027547117
44595	2528	0.031830646
44595	6083	0.031830646
44595	1722	0.031830642
44595	4369	0.031830642
44595	6391	0.031830642
44595	79	0.03183064
44595	105	0.03183064
44595	1143	0.03183064
44595	3088	0.03183064
44595	3564	0.03183064
44611	6083	0.027481245
44611	1722	0.027481243
44611	2528	0.027481243
44611	6391	0.027481241
44611	4369	0.02748124
44611	4900	0.02748124
44611	1143	0.027481237
44611	3564	0.027481237
44611	79	0.027481236
44611	105	0.027481236
44663	6083	0.02849308
44663	1722	0.028493077
44663	2528	0.028493077
44663	6391	0.028493077
44663	4369	0.028493075
44663	4900	0.028493075
44663	79	0.028493073
44663	105	0.028493073
44663	3564	0.028493073
44663	1143	0.028493071
44727	6083	0.024978545
44727	2528	0.024978543
44727	1722	0.02497854
44727	4369	0.02497854
44727	4900	0.02497854
44727	6391	0.02497854
44727	79	0.024978539
44727	105	0.024978537
44727	1143	0.024978537
44727	1557	0.024978537
44728	6083	0.02525144
44728	2528	0.025251439
44728	1722	0.025251437
44728	4900	0.025251437
44728	6391	0.025251437
44728	79	0.025251433
44728	1143	0.025251433
44728	3564	0.025251433
44728	4369	0.025251433
44728	105	0.025251431
44743	2528	0.029223343
44743	6083	0.029223343
44743	1722	0.029223341
44743	6391	0.029223341
44743	4900	0.02922334
44743	79	0.029223338
44743	1143	0.029223338
44743	3564	0.029223338
44743	4369	0.029223338
44743	105	0.029223334
44756	6083	0.033023812
44756	1722	0.033023804
44756	2528	0.033023804
44756	4900	0.033023804
44756	6391	0.033023804
44756	79	0.0330238
44756	3564	0.0330238
44756	4369	0.0330238
44756	105	0.033023797
44756	804	0.033023797
44837	6083	0.02994755
44837	1722	0.029947545
44837	2528	0.029947545
44837	6391	0.029947545
44837	4900	0.029947544
44837	1143	0.029947542
44837	3564	0.029947542
44837	4369	0.029947542
44837	79	0.02994754
44837	105	0.02994754
44842	1722	0.031411327
44842	2528	0.031411327
44842	4900	0.031411327
44842	6083	0.031411327
44842	6391	0.031411327
44842	4369	0.031411324
44842	79	0.03141132
44842	105	0.03141132
44842	804	0.03141132
44842	1143	0.03141132
44845	6083	0.027775623
44845	1722	0.02777562
44845	2528	0.02777562
44845	6391	0.027775617
44845	1143	0.027775615
44845	3564	0.027775615
44845	4369	0.027775615
44845	4900	0.027775615
44845	79	0.027775614
44845	105	0.027775614
44852	1722	0.037286617
44852	2528	0.037286617
44852	6083	0.037286617
44852	4900	0.037286613
44852	6391	0.037286613
44852	79	0.03728661
44852	1143	0.03728661
44852	3564	0.03728661
44852	4369	0.03728661
44852	105	0.037286606
44893	6083	0.04149759
44893	2528	0.041497584
44893	1722	0.04149758
44893	4900	0.04149758
44893	6391	0.04149758
44893	1143	0.041497577
44893	3564	0.041497577
44893	4369	0.041497577
44893	79	0.041497573
44893	105	0.041497573
44925	6083	0.03373277
44925	1722	0.033732764
44925	2528	0.033732764
44925	6391	0.033732764
44925	1143	0.03373276
44925	4369	0.03373276
44925	4900	0.03373276
44925	79	0.033732757
44925	105	0.033732757
44925	804	0.033732757
44932	2528	0.036729
44932	6083	0.036729
44932	6391	0.036729
44932	1722	0.036728997
44932	4900	0.036728997
44932	79	0.036728993
44932	105	0.036728993
44932	1143	0.036728993
44932	3564	0.036728993
44932	4369	0.036728993
44985	2528	0.024124514
44985	6083	0.024124514
44985	1722	0.024124512
44985	4369	0.02412451
44985	4900	0.02412451
44985	6391	0.02412451
44985	1143	0.024124509
44985	79	0.024124507
44985	105	0.024124507
44985	804	0.024124507
45064	2528	0.025848486
45064	6083	0.025848486
45064	1722	0.025848484
45064	4369	0.025848482
45064	4900	0.025848482
45064	6391	0.025848482
45064	1143	0.02584848
45064	3564	0.02584848
45064	79	0.025848478
45064	105	0.025848478
45068	2528	0.029325023
45068	6083	0.029325023
45068	6391	0.029325021
45068	1722	0.02932502
45068	4369	0.02932502
45068	4900	0.02932502
45068	3564	0.029325018
45068	79	0.029325016
45068	105	0.029325016
45068	1143	0.029325016
45078	6083	0.022436999
45078	2528	0.022436997
45078	1722	0.022436995
45078	4369	0.022436995
45078	4900	0.022436995
45078	6391	0.022436995
45078	79	0.022436993
45078	105	0.022436993
45078	1143	0.022436993
45078	3564	0.022436993
45107	1722	0.024557468
45107	2528	0.024557468
45107	6083	0.024557468
45107	4900	0.024557466
45107	4369	0.024557464
45107	6391	0.024557464
45107	79	0.024557462
45107	105	0.024557462
45107	1143	0.024557462
45107	3564	0.024557462
45113	6083	0.027423862
45113	2528	0.02742386
45113	1722	0.027423859
45113	6391	0.027423859
45113	4369	0.027423857
45113	4900	0.027423857
45113	79	0.027423855
45113	1143	0.027423855
45113	3564	0.027423855
45113	3917	0.027423855
45119	2528	0.023866462
45119	6083	0.023866462
45119	1722	0.02386646
45119	6391	0.02386646
45119	4369	0.023866458
45119	4900	0.023866458
45119	79	0.023866456
45119	105	0.023866456
45119	1143	0.023866456
45119	3564	0.023866456
45184	2528	0.02451393
45184	6083	0.02451393
45184	1722	0.024513928
45184	6391	0.024513928
45184	79	0.024513926
45184	1143	0.024513926
45184	4369	0.024513926
45184	4900	0.024513926
45184	105	0.024513924
45184	3564	0.024513924
45255	2528	0.01972276
45255	6083	0.01972276
45255	1722	0.019722758
45255	4900	0.019722758
45255	1143	0.019722756
45255	3564	0.019722756
45255	4369	0.019722756
45255	6391	0.019722756
45255	79	0.019722754
45255	105	0.019722754
45305	2528	0.031240776
45305	6083	0.031240776
45305	1722	0.031240772
45305	4900	0.031240772
45305	6391	0.031240772
45305	79	0.031240769
45305	105	0.031240769
45305	1143	0.031240769
45305	3564	0.031240769
45305	4369	0.031240769
45315	1722	0.037462123
45315	2528	0.037462123
45315	4369	0.037462123
45315	6083	0.037462123
45315	6391	0.037462123
45315	79	0.037462115
45315	1143	0.037462115
45315	3088	0.037462115
45315	3564	0.037462115
45315	4900	0.037462115
45340	2528	0.027953118
45340	6083	0.027953118
45340	6391	0.027953116
45340	1722	0.027953114
45340	4369	0.027953114
45340	4900	0.027953114
45340	1143	0.027953112
45340	3564	0.027953112
45340	79	0.02795311
45340	105	0.02795311
45383	6083	0.02889173
45383	1722	0.028891727
45383	2528	0.028891727
45383	6391	0.028891727
45383	4900	0.028891725
45383	1143	0.028891724
45383	3564	0.028891724
45383	4369	0.028891724
45383	79	0.028891722
45383	105	0.028891722
45391	6083	0.02519433
45391	1722	0.025194328
45391	2528	0.025194328
45391	4369	0.025194326
45391	4900	0.025194326
45391	6391	0.025194326
45391	79	0.025194325
45391	1143	0.025194325
45391	3564	0.025194325
45391	5896	0.025194325
45416	1722	0.02127273
45416	6083	0.02127273
45416	2528	0.021272728
45416	6391	0.021272728
45416	3564	0.021272726
45416	4369	0.021272726
45416	4900	0.021272726
45416	5896	0.021272724
45416	79	0.021272723
45416	105	0.021272723
45418	1722	0.034780577
45418	2528	0.034780577
45418	4900	0.034780577
45418	6083	0.034780577
45418	6391	0.034780577
45418	79	0.03478057
45418	105	0.03478057
45418	1143	0.03478057
45418	3564	0.03478057
45418	3917	0.03478057
45444	2528	0.020833854
45444	6083	0.020833854
45444	1722	0.020833852
45444	4900	0.020833852
45444	6391	0.020833852
45444	79	0.02083385
45444	1143	0.02083385
45444	3564	0.02083385
45444	4369	0.02083385
45444	105	0.020833848
45471	2528	0.024441335
45471	6083	0.024441335
45471	1722	0.024441333
45471	6391	0.024441333
45471	4369	0.024441332
45471	4900	0.024441332
45471	79	0.02444133
45471	105	0.024441328
45471	804	0.024441328
45471	1143	0.024441328
45557	1722	0.033345968
45557	2528	0.033345968
45557	4900	0.033345968
45557	6083	0.033345968
45557	6391	0.033345968
45557	3564	0.033345964
45557	4369	0.033345964
45557	79	0.03334596
45557	105	0.03334596
45557	804	0.03334596
45564	1722	0.033049546
45564	2528	0.033049546
45564	4900	0.033049546
45564	6083	0.033049546
45564	6391	0.033049546
45564	4369	0.033049542
45564	79	0.03304954
45564	105	0.03304954
45564	1143	0.03304954
45564	1557	0.03304954
45641	2528	0.02920634
45641	6083	0.02920634
45641	1722	0.029206336
45641	4900	0.029206336
45641	6391	0.029206336
45641	4369	0.029206334
45641	79	0.029206332
45641	105	0.029206332
45641	1143	0.029206332
45641	3564	0.029206332
45911	1722	0.031395927
45911	2528	0.031395927
45911	6083	0.031395927
45911	4900	0.031395923
45911	79	0.03139592
45911	105	0.03139592
45911	1143	0.03139592
45911	3088	0.03139592
45911	3564	0.03139592
45911	3917	0.03139592
45987	6083	0.023390267
45987	2528	0.023390265
45987	1722	0.023390263
45987	6391	0.023390263
45987	4369	0.023390261
45987	4900	0.023390261
45987	79	0.02339026
45987	105	0.02339026
45987	1143	0.02339026
45987	3564	0.02339026
46099	6083	0.023238847
46099	2528	0.023238845
46099	4900	0.023238845
46099	6391	0.023238845
46099	1722	0.023238843
46099	79	0.023238841
46099	105	0.023238841
46099	1143	0.023238841
46099	3564	0.023238841
46099	4369	0.023238841
46145	2528	0.030840827
46145	6083	0.030840827
46145	1722	0.030840825
46145	4900	0.030840825
46145	6391	0.030840825
46145	1143	0.030840822
46145	3564	0.030840822
46145	4369	0.030840822
46145	79	0.03084082
46145	105	0.030840818
46154	6083	0.03114434
46154	2528	0.031144338
46154	1722	0.031144336
46154	4900	0.031144336
46154	6391	0.031144336
46154	4369	0.031144334
46154	3564	0.031144332
46154	79	0.03114433
46154	1143	0.03114433
46154	105	0.031144328
46197	2528	0.03086118
46197	6083	0.03086118
46197	1722	0.030861178
46197	6391	0.030861178
46197	4369	0.030861177
46197	4900	0.030861177
46197	3564	0.030861175
46197	79	0.030861173
46197	105	0.030861173
46197	1143	0.030861173
46258	2528	0.028672166
46258	6083	0.028672166
46258	1722	0.028672162
46258	4369	0.028672162
46258	4900	0.028672162
46258	6391	0.028672162
46258	3564	0.02867216
46258	79	0.028672159
46258	105	0.028672159
46258	1143	0.028672159
46269	2528	0.022599466
46269	6083	0.022599466
46269	1722	0.022599464
46269	6391	0.022599464
46269	1143	0.022599462
46269	3564	0.022599462
46269	4369	0.022599462
46269	4900	0.022599462
46269	79	0.02259946
46269	3917	0.02259946
46293	1722	0.035116762
46293	2528	0.035116762
46293	4369	0.035116762
46293	4900	0.035116762
46293	6083	0.035116762
46293	6391	0.035116762
46293	79	0.035116754
46293	105	0.035116754
46293	804	0.035116754
46293	1143	0.035116754
46295	6083	0.024498848
46295	1722	0.024498846
46295	2528	0.024498846
46295	6391	0.024498846
46295	4369	0.024498845
46295	4900	0.024498845
46295	105	0.024498843
46295	1143	0.024498843
46295	3564	0.024498843
46295	3917	0.024498843
46350	6083	0.030967416
46350	1722	0.030967414
46350	2528	0.030967414
46350	4900	0.03096741
46350	6391	0.03096741
46350	3564	0.030967409
46350	4369	0.030967409
46350	79	0.030967407
46350	105	0.030967407
46350	1143	0.030967407
46389	6083	0.026175326
46389	2528	0.026175324
46389	1722	0.026175322
46389	6391	0.026175322
46389	1143	0.02617532
46389	4369	0.02617532
46389	4900	0.02617532
46389	79	0.026175318
46389	3564	0.026175318
46389	105	0.026175316
46417	1722	0.034351014
46417	2528	0.034351014
46417	4900	0.034351014
46417	6083	0.034351014
46417	6391	0.034351014
46417	4369	0.03435101
46417	79	0.034351006
46417	105	0.034351006
46417	1143	0.034351006
46417	3564	0.034351006
46443	2528	0.03242827
46443	6083	0.03242827
46443	1722	0.032428265
46443	4900	0.032428265
46443	6391	0.032428265
46443	79	0.03242826
46443	1143	0.03242826
46443	4369	0.03242826
46443	105	0.032428257
46443	804	0.032428257
46461	1722	0.034220256
46461	2528	0.034220256
46461	6083	0.034220256
46461	6391	0.034220252
46461	79	0.03422025
46461	105	0.03422025
46461	1143	0.03422025
46461	3088	0.03422025
46461	3564	0.03422025
46461	4369	0.03422025
46541	6083	0.02800972
46541	1722	0.028009716
46541	2528	0.028009716
46541	4900	0.028009716
46541	6391	0.028009716
46541	1143	0.028009713
46541	3564	0.028009713
46541	4369	0.028009713
46541	79	0.02800971
46541	105	0.02800971
46671	6083	0.029581882
46671	2528	0.02958188
46671	1722	0.029581878
46671	6391	0.029581878
46671	4900	0.029581876
46671	3564	0.029581875
46671	4369	0.029581875
46671	1143	0.029581873
46671	79	0.02958187
46671	105	0.02958187
46690	2528	0.029137917
46690	6083	0.029137917
46690	1722	0.029137913
46690	4369	0.029137913
46690	4900	0.029137913
46690	6391	0.029137913
46690	79	0.02913791
46690	105	0.02913791
46690	1143	0.02913791
46690	3564	0.02913791
46892	6083	0.034983046
46892	2528	0.034983043
46892	6391	0.034983043
46892	79	0.03498304
46892	1143	0.03498304
46892	1722	0.03498304
46892	3564	0.03498304
46892	4369	0.03498304
46892	4900	0.03498304
46892	105	0.034983035
46907	6083	0.032454688
46907	1722	0.032454684
46907	2528	0.032454684
46907	4900	0.032454684
46907	6391	0.032454684
46907	1143	0.03245468
46907	3564	0.03245468
46907	4369	0.03245468
46907	79	0.032454677
46907	105	0.032454677
46909	2528	0.041417412
46909	6083	0.041417412
46909	1722	0.04141741
46909	6391	0.04141741
46909	79	0.041417405
46909	1143	0.041417405
46909	4369	0.041417405
46909	4900	0.041417405
46909	3564	0.0414174
46909	5896	0.0414174
47117	2528	0.03500461
47117	6083	0.03500461
47117	1722	0.035004605
47117	4369	0.035004605
47117	79	0.0350046
47117	3564	0.0350046
47117	4900	0.0350046
47117	6391	0.0350046
47117	105	0.035004597
47117	1143	0.035004597
47118	2528	0.028197296
47118	6083	0.028197296
47118	1722	0.028197292
47118	4369	0.028197292
47118	4900	0.028197292
47118	6391	0.028197292
47118	1143	0.02819729
47118	79	0.028197289
47118	105	0.028197289
47118	3564	0.028197289
47127	2528	0.021899205
47127	6083	0.021899205
47127	1722	0.021899203
47127	3564	0.021899201
47127	4369	0.021899201
47127	4900	0.021899201
47127	6391	0.021899201
47127	1143	0.0218992
47127	79	0.021899197
47127	105	0.021899197
47128	6083	0.03226142
47128	1722	0.032261416
47128	2528	0.032261416
47128	4369	0.032261416
47128	4900	0.032261416
47128	6391	0.032261416
47128	105	0.032261413
47128	3564	0.032261413
47128	79	0.03226141
47128	804	0.03226141
47152	6083	0.027821962
47152	2528	0.02782196
47152	1722	0.027821958
47152	4900	0.027821958
47152	6391	0.027821958
47152	4369	0.027821956
47152	79	0.027821954
47152	105	0.027821954
47152	1143	0.027821954
47152	3564	0.027821954
47279	2528	0.029250078
47279	6083	0.029250078
47279	1722	0.029250074
47279	4900	0.029250074
47279	6391	0.029250074
47279	4369	0.029250072
47279	79	0.02925007
47279	105	0.02925007
47279	1143	0.02925007
47279	3564	0.02925007
47316	1722	0.04278914
47316	2528	0.04278914
47316	6083	0.04278914
47316	4900	0.042789135
47316	6391	0.042789135
47316	1143	0.04278913
47316	3564	0.04278913
47316	4369	0.04278913
47316	79	0.042789128
47316	105	0.042789128
47458	6083	0.027583864
47458	2528	0.027583862
47458	1722	0.02758386
47458	6391	0.02758386
47458	4900	0.027583858
47458	79	0.027583856
47458	1143	0.027583856
47458	3564	0.027583856
47458	4369	0.027583856
47458	105	0.027583854
47512	1722	0.021074262
47512	2528	0.021074262
47512	6083	0.021074262
47512	4369	0.02107426
47512	4900	0.02107426
47512	6391	0.02107426
47512	79	0.021074258
47512	105	0.021074258
47512	1143	0.021074258
47512	3564	0.021074258
47594	2528	0.033408314
47594	6083	0.033408314
47594	1722	0.03340831
47594	105	0.033408307
47594	1143	0.033408307
47594	3564	0.033408307
47594	4369	0.033408307
47594	4900	0.033408307
47594	5896	0.033408307
47594	6391	0.033408307
47609	6083	0.030797577
47609	2528	0.030797575
47609	1722	0.030797571
47609	4369	0.030797571
47609	4900	0.030797571
47609	6391	0.030797571
47609	79	0.030797567
47609	105	0.030797567
47609	1143	0.030797567
47609	3564	0.030797567
47779	2528	0.023782685
47779	6083	0.023782685
47779	1722	0.023782684
47779	4369	0.023782682
47779	4900	0.023782682
47779	6391	0.023782682
47779	79	0.02378268
47779	105	0.02378268
47779	3564	0.02378268
47779	804	0.023782678
47793	2528	0.026097853
47793	6083	0.026097853
47793	1722	0.026097849
47793	6391	0.026097849
47793	4369	0.026097847
47793	4900	0.026097847
47793	79	0.026097845
47793	105	0.026097845
47793	1143	0.026097845
47793	3564	0.026097845
47807	2528	0.03049557
47807	6083	0.03049557
47807	1722	0.030495567
47807	4369	0.030495565
47807	4900	0.030495565
47807	6391	0.030495565
47807	3564	0.030495564
47807	79	0.030495562
47807	105	0.030495562
47807	1143	0.030495562
47856	2528	0.034177955
47856	6083	0.034177955
47856	1722	0.03417795
47856	4900	0.03417795
47856	6391	0.03417795
47856	1143	0.034177948
47856	3564	0.034177948
47856	79	0.034177944
47856	105	0.034177944
47856	1557	0.034177944
47925	6083	0.028225087
47925	2528	0.028225083
47925	1722	0.028225081
47925	4900	0.028225081
47925	6391	0.028225081
47925	3564	0.02822508
47925	4369	0.02822508
47925	1143	0.028225077
47925	79	0.028225075
47925	105	0.028225075
47971	2528	0.027997104
47971	6083	0.027997104
47971	1722	0.027997103
47971	4900	0.027997103
47971	6391	0.027997103
47971	4369	0.0279971
47971	79	0.027997099
47971	1143	0.027997099
47971	3564	0.027997099
47971	105	0.027997097
47975	6083	0.024020534
47975	1722	0.024020532
47975	2528	0.024020532
47975	4369	0.02402053
47975	4900	0.02402053
47975	6391	0.02402053
47975	79	0.024020528
47975	1143	0.024020528
47975	3564	0.024020528
47975	105	0.024020527
48025	6083	0.030910095
48025	2528	0.030910093
48025	1722	0.030910091
48025	4369	0.03091009
48025	4900	0.03091009
48025	6391	0.03091009
48025	79	0.030910086
48025	105	0.030910086
48025	1143	0.030910086
48025	5896	0.030910086
48037	1722	0.033413667
48037	2528	0.033413667
48037	6083	0.033413667
48037	4369	0.033413664
48037	4900	0.033413664
48037	6391	0.033413664
48037	79	0.03341366
48037	1143	0.03341366
48037	3564	0.03341366
48037	105	0.033413656
48046	6083	0.04431457
48046	2528	0.044314567
48046	1722	0.044314563
48046	4900	0.044314563
48046	6391	0.044314563
48046	1143	0.04431456
48046	4369	0.04431456
48046	5896	0.04431456
48046	79	0.044314556
48046	105	0.044314556
48213	2528	0.03605327
48213	6083	0.03605327
48213	1143	0.036053263
48213	1722	0.036053263
48213	3564	0.036053263
48213	4369	0.036053263
48213	4900	0.036053263
48213	6391	0.036053263
48213	79	0.03605326
48213	105	0.03605326
48217	6083	0.028783387
48217	2528	0.028783385
48217	1722	0.028783383
48217	4900	0.028783383
48217	6391	0.028783383
48217	4369	0.028783381
48217	79	0.02878338
48217	105	0.02878338
48217	1143	0.02878338
48217	3564	0.02878338
48268	2528	0.028378315
48268	6083	0.028378315
48268	1722	0.028378312
48268	4900	0.028378312
48268	6391	0.028378312
48268	4369	0.02837831
48268	79	0.028378308
48268	105	0.028378308
48268	1143	0.028378308
48268	3564	0.028378308
48355	6083	0.034266975
48355	1722	0.03426697
48355	2528	0.03426697
48355	6391	0.03426697
48355	3564	0.034266967
48355	4369	0.034266967
48355	4900	0.034266967
48355	79	0.034266964
48355	105	0.034266964
48355	1143	0.034266964
48382	2528	0.03233318
48382	6083	0.03233318
48382	1722	0.032333177
48382	4900	0.032333177
48382	6391	0.032333177
48382	79	0.032333173
48382	105	0.032333173
48382	1143	0.032333173
48382	3564	0.032333173
48382	4369	0.032333173
48494	2528	0.02559564
48494	6083	0.02559564
48494	1722	0.025595639
48494	4369	0.025595639
48494	4900	0.025595639
48494	6391	0.025595639
48494	79	0.025595635
48494	1143	0.025595635
48494	3564	0.025595635
48494	5896	0.025595635
48579	6083	0.027093217
48579	2528	0.027093215
48579	1722	0.027093213
48579	4369	0.027093211
48579	4900	0.027093211
48579	6391	0.027093211
48579	79	0.02709321
48579	1143	0.02709321
48579	3564	0.02709321
48579	105	0.027093207
48630	6083	0.020872729
48630	1722	0.020872727
48630	2528	0.020872727
48630	6391	0.020872727
48630	4369	0.020872725
48630	4900	0.020872725
48630	79	0.020872723
48630	105	0.020872723
48630	1143	0.020872723
48630	1557	0.020872723
48743	6083	0.02802748
48743	1722	0.028027479
48743	2528	0.028027479
48743	6391	0.028027479
48743	4369	0.028027477
48743	4900	0.028027477
48743	3564	0.028027475
48743	79	0.028027473
48743	105	0.028027473
48743	1143	0.028027473
48911	1722	0.031627078
48911	2528	0.031627078
48911	6083	0.031627078
48911	1143	0.031627074
48911	4369	0.031627074
48911	4900	0.031627074
48911	6391	0.031627074
48911	79	0.03162707
48911	105	0.03162707
48911	3564	0.03162707
48929	2528	0.025496919
48929	6083	0.025496919
48929	1722	0.025496915
48929	4369	0.025496915
48929	4900	0.025496915
48929	6391	0.025496915
48929	3564	0.025496913
48929	79	0.025496911
48929	105	0.025496911
48929	1143	0.025496911
48975	6083	0.025121951
48975	1722	0.02512195
48975	2528	0.02512195
48975	4900	0.025121948
48975	6391	0.025121948
48975	79	0.025121946
48975	1143	0.025121946
48975	3564	0.025121946
48975	4369	0.025121946
48975	105	0.025121944
48995	1722	0.022300377
48995	2528	0.022300377
48995	6083	0.022300377
48995	4900	0.022300376
48995	6391	0.022300376
48995	1143	0.022300374
48995	3564	0.022300374
48995	4369	0.022300374
48995	79	0.022300372
48995	105	0.022300372
49061	2528	0.024759967
49061	6083	0.024759967
49061	6391	0.024759967
49061	1722	0.024759965
49061	4900	0.024759965
49061	4369	0.024759963
49061	79	0.024759961
49061	105	0.024759961
49061	3564	0.024759961
49061	1143	0.02475996
49109	6083	0.040746864
49109	1722	0.04074686
49109	2528	0.04074686
49109	4900	0.04074686
49109	4369	0.040746856
49109	6391	0.040746856
49109	79	0.040746853
49109	105	0.040746853
49109	1143	0.040746853
49109	3564	0.040746853
49154	6083	0.030835018
49154	1722	0.030835014
49154	2528	0.030835014
49154	4900	0.030835012
49154	6391	0.030835012
49154	1143	0.03083501
49154	3564	0.03083501
49154	4369	0.03083501
49154	79	0.030835008
49154	105	0.030835006
49155	6083	0.02606104
49155	2528	0.026061038
49155	1722	0.026061036
49155	4900	0.026061036
49155	6391	0.026061036
49155	4369	0.026061034
49155	79	0.026061032
49155	105	0.026061032
49155	1143	0.026061032
49155	3564	0.026061032
49212	6083	0.04208829
49212	1722	0.042088285
49212	2528	0.042088285
49212	6391	0.042088285
49212	4369	0.04208828
49212	4900	0.04208828
49212	79	0.042088278
49212	105	0.042088278
49212	3564	0.042088278
49212	5896	0.042088278
49225	1722	0.04332327
49225	2528	0.04332327
49225	6083	0.04332327
49225	6391	0.043323267
49225	79	0.043323264
49225	1143	0.043323264
49225	3564	0.043323264
49225	4369	0.043323264
49225	4900	0.043323264
49225	105	0.04332326
49262	2528	0.023317838
49262	6083	0.023317838
49262	1722	0.023317836
49262	4900	0.023317836
49262	6391	0.023317836
49262	4369	0.023317834
49262	79	0.023317832
49262	105	0.023317832
49262	1143	0.023317832
49262	3088	0.023317832
49289	6083	0.026607987
49289	2528	0.026607985
49289	1722	0.026607983
49289	4369	0.026607983
49289	4900	0.026607983
49289	6391	0.026607983
49289	3564	0.026607981
49289	79	0.02660798
49289	105	0.02660798
49289	1143	0.02660798
49300	2528	0.029477872
49300	6083	0.029477872
49300	1722	0.02947787
49300	4900	0.02947787
49300	3564	0.029477868
49300	4369	0.029477868
49300	6391	0.029477868
49300	79	0.029477865
49300	105	0.029477865
49300	804	0.029477865
49313	1722	0.034670837
49313	2528	0.034670837
49313	4900	0.034670837
49313	6083	0.034670837
49313	6391	0.034670837
49313	4369	0.034670833
49313	79	0.03467083
49313	105	0.03467083
49313	1143	0.03467083
49313	3088	0.03467083
49314	1722	0.03133253
49314	2528	0.03133253
49314	4369	0.03133253
49314	4900	0.03133253
49314	6083	0.03133253
49314	6391	0.03133253
49314	79	0.031332523
49314	105	0.031332523
49314	804	0.031332523
49314	1143	0.031332523
49324	2528	0.031367425
49324	6083	0.031367425
49324	1143	0.03136742
49324	1722	0.03136742
49324	3564	0.03136742
49324	4369	0.03136742
49324	4900	0.03136742
49324	6391	0.03136742
49324	79	0.031367417
49324	105	0.031367414
49392	6083	0.02846505
49392	1722	0.028465047
49392	2528	0.028465047
49392	4369	0.028465046
49392	4900	0.028465046
49392	6391	0.028465046
49392	3564	0.028465044
49392	79	0.028465042
49392	105	0.028465042
49392	1143	0.028465042
49422	2528	0.037984695
49422	6083	0.037984695
49422	1722	0.03798469
49422	6391	0.03798469
49422	1143	0.037984688
49422	4369	0.037984688
49422	4900	0.037984688
49422	79	0.037984684
49422	105	0.037984684
49422	1557	0.037984684
49423	1722	0.026041172
49423	2528	0.026041172
49423	6083	0.026041172
49423	4369	0.026041169
49423	4900	0.026041169
49423	6391	0.026041169
49423	79	0.026041167
49423	105	0.026041167
49423	1143	0.026041167
49423	3564	0.026041167
49460	1722	0.04287184
49460	2528	0.04287184
49460	4900	0.04287184
49460	6083	0.04287184
49460	6391	0.042871837
49460	105	0.042871833
49460	1143	0.042871833
49460	3564	0.042871833
49460	4369	0.042871833
49460	79	0.04287183
49526	6083	0.030429713
49526	1722	0.03042971
49526	2528	0.03042971
49526	4900	0.030429708
49526	6391	0.030429708
49526	3564	0.030429706
49526	4369	0.030429706
49526	1143	0.030429704
49526	79	0.030429702
49526	105	0.030429702
49683	6083	0.025669735
49683	1722	0.025669733
49683	2528	0.025669733
49683	4900	0.025669731
49683	6391	0.02566973
49683	79	0.025669727
49683	105	0.025669727
49683	1143	0.025669727
49683	3564	0.025669727
49683	4369	0.025669727
49771	6083	0.029454065
49771	1722	0.029454064
49771	2528	0.029454064
49771	6391	0.029454064
49771	4900	0.029454062
49771	4369	0.02945406
49771	1143	0.029454058
49771	3564	0.029454058
49771	79	0.029454056
49771	105	0.029454056
49842	6083	0.030465482
49842	2528	0.03046548
49842	1722	0.030465478
49842	4369	0.030465476
49842	4900	0.030465476
49842	6391	0.030465476
49842	3564	0.030465474
49842	79	0.030465472
49842	105	0.030465472
49842	1143	0.030465472
49889	6083	0.029077698
49889	1722	0.029077694
49889	2528	0.029077694
49889	4900	0.029077692
49889	6391	0.029077692
49889	3564	0.02907769
49889	4369	0.02907769
49889	79	0.029077688
49889	1143	0.029077688
49889	105	0.029077686
49900	2528	0.03416911
49900	1722	0.034169108
49900	4369	0.034169108
49900	4900	0.034169108
49900	6083	0.034169108
49900	6391	0.034169108
49900	1143	0.034169104
49900	79	0.0341691
49900	105	0.0341691
49900	804	0.0341691
49980	2528	0.039750837
49980	6083	0.039750837
49980	1722	0.039750833
49980	4900	0.039750833
49980	79	0.03975083
49980	1143	0.03975083
49980	3564	0.03975083
49980	4369	0.03975083
49980	6391	0.03975083
49980	105	0.039750826
50073	2528	0.03249482
50073	6083	0.03249482
50073	1722	0.032494817
50073	6391	0.032494817
50073	79	0.032494813
50073	105	0.032494813
50073	1143	0.032494813
50073	3564	0.032494813
50073	3917	0.032494813
50073	4369	0.032494813
50098	6083	0.029818771
50098	1722	0.02981877
50098	2528	0.02981877
50098	4900	0.029818768
50098	6391	0.029818768
50098	79	0.029818766
50098	1143	0.029818766
50098	3564	0.029818766
50098	4369	0.029818766
50098	105	0.029818762
50129	2528	0.035791118
50129	6083	0.035791118
50129	1722	0.035791114
50129	4369	0.035791114
50129	4900	0.035791114
50129	6391	0.035791114
50129	3564	0.03579111
50129	79	0.035791107
50129	105	0.035791107
50129	1143	0.035791107
50130	6083	0.01974688
50130	1722	0.019746877
50130	2528	0.019746877
50130	4900	0.019746877
50130	6391	0.019746877
50130	4369	0.019746875
50130	79	0.019746874
50130	105	0.019746874
50130	1143	0.019746874
50130	3564	0.019746874
50141	6083	0.034699067
50141	1722	0.034699064
50141	2528	0.034699064
50141	6391	0.034699064
50141	79	0.03469906
50141	105	0.03469906
50141	1143	0.03469906
50141	3564	0.03469906
50141	4369	0.03469906
50141	4900	0.03469906
50193	6083	0.037204474
50193	2528	0.03720447
50193	79	0.037204467
50193	1722	0.037204467
50193	3564	0.037204467
50193	4369	0.037204467
50193	4900	0.037204467
50193	6391	0.037204467
50193	105	0.037204463
50193	1143	0.037204463
50204	2528	0.024986912
50204	6083	0.024986912
50204	1722	0.02498691
50204	3564	0.024986908
50204	4369	0.024986908
50204	4900	0.024986908
50204	6391	0.024986908
50204	79	0.024986906
50204	1143	0.024986906
50204	105	0.024986904
50205	6083	0.032269727
50205	1143	0.032269724
50205	1722	0.032269724
50205	2528	0.032269724
50205	4900	0.032269724
50205	6391	0.032269724
50205	79	0.03226972
50205	3564	0.03226972
50205	4369	0.03226972
50205	105	0.032269716
50225	2528	0.03959835
50225	1722	0.039598346
50225	4900	0.039598346
50225	6083	0.039598346
50225	6391	0.039598346
50225	3564	0.039598342
50225	4369	0.039598342
50225	79	0.03959834
50225	105	0.03959834
50225	1143	0.03959834
50504	6083	0.019174857
50504	1722	0.019174855
50504	2528	0.019174855
50504	4900	0.019174855
50504	6391	0.019174855
50504	3564	0.019174853
50504	4369	0.019174853
50504	79	0.019174851
50504	105	0.019174851
50504	1143	0.019174851
50539	2528	0.02752711
50539	6083	0.02752711
50539	1722	0.027527109
50539	6391	0.027527109
50539	4900	0.027527107
50539	79	0.027527105
50539	105	0.027527105
50539	1143	0.027527105
50539	3564	0.027527105
50539	4369	0.027527105
50612	2528	0.029741973
50612	6083	0.029741973
50612	1722	0.029741969
50612	4369	0.029741969
50612	4900	0.029741969
50612	6391	0.029741969
50612	1143	0.029741967
50612	3564	0.029741967
50612	79	0.029741965
50612	105	0.029741965
50615	1722	0.030040327
50615	2528	0.030040327
50615	6083	0.030040327
50615	4369	0.030040324
50615	4900	0.030040324
50615	6391	0.030040324
50615	79	0.03004032
50615	105	0.03004032
50615	1143	0.03004032
50615	3564	0.03004032
50650	1722	0.026189761
50650	2528	0.026189761
50650	6083	0.026189761
50650	4369	0.02618976
50650	4900	0.02618976
50650	6391	0.02618976
50650	79	0.026189756
50650	1143	0.026189756
50650	3564	0.026189756
50650	3917	0.026189756
50681	2528	0.02846837
50681	6083	0.02846837
50681	1722	0.028468369
50681	4369	0.028468367
50681	4900	0.028468367
50681	6391	0.028468367
50681	1143	0.028468365
50681	79	0.028468363
50681	105	0.028468363
50681	804	0.028468363
50730	2528	0.029593065
50730	6083	0.029593065
50730	1722	0.029593064
50730	4369	0.029593062
50730	4900	0.029593062
50730	6391	0.029593062
50730	79	0.029593058
50730	105	0.029593058
50730	1143	0.029593058
50730	3564	0.029593058
50749	1722	0.0366093
50749	2528	0.0366093
50749	4900	0.0366093
50749	6083	0.0366093
50749	6391	0.036609296
50749	79	0.036609292
50749	105	0.036609292
50749	1143	0.036609292
50749	3564	0.036609292
50749	3917	0.036609292
50823	6083	0.029506182
50823	2528	0.02950618
50823	1722	0.029506179
50823	4900	0.029506179
50823	6391	0.029506179
50823	4369	0.029506177
50823	79	0.029506173
50823	105	0.029506173
50823	1143	0.029506173
50823	3564	0.029506173
50849	2528	0.024459902
50849	6083	0.024459902
50849	1722	0.024459898
50849	4369	0.024459898
50849	4900	0.024459898
50849	6391	0.024459898
50849	1143	0.024459897
50849	3564	0.024459897
50849	79	0.024459895
50849	105	0.024459895
50859	2528	0.026617467
50859	6083	0.026617467
50859	1722	0.026617466
50859	4900	0.026617464
50859	6391	0.026617464
50859	1143	0.026617462
50859	3564	0.026617462
50859	4369	0.026617462
50859	79	0.02661746
50859	105	0.02661746
50895	2528	0.040136166
50895	6083	0.040136166
50895	1722	0.04013616
50895	4900	0.04013616
50895	6391	0.04013616
50895	79	0.040136155
50895	1143	0.040136155
50895	3564	0.040136155
50895	4369	0.040136155
50895	105	0.04013615
50972	6083	0.022207303
50972	1722	0.022207301
50972	2528	0.022207301
50972	6391	0.022207301
50972	4900	0.0222073
50972	79	0.022207297
50972	105	0.022207297
50972	1143	0.022207297
50972	3564	0.022207297
50972	3917	0.022207297
51071	6083	0.029448805
51071	1722	0.029448804
51071	2528	0.029448804
51071	6391	0.029448804
51071	1143	0.0294488
51071	4369	0.0294488
51071	4900	0.0294488
51071	3564	0.029448798
51071	79	0.029448796
51071	105	0.029448796
51082	2528	0.030240996
51082	6083	0.030240996
51082	1722	0.030240994
51082	6391	0.030240994
51082	4900	0.030240992
51082	1143	0.03024099
51082	3564	0.03024099
51082	4369	0.03024099
51082	79	0.030240986
51082	105	0.030240986
51100	6083	0.025310343
51100	2528	0.025310341
51100	4900	0.025310341
51100	1722	0.02531034
51100	79	0.025310338
51100	1143	0.025310338
51100	4369	0.025310338
51100	6391	0.025310338
51100	105	0.025310336
51100	3564	0.025310336
51207	2528	0.024807751
51207	6083	0.024807751
51207	1722	0.024807747
51207	4369	0.024807747
51207	4900	0.024807747
51207	6391	0.024807747
51207	79	0.024807744
51207	105	0.024807744
51207	804	0.024807744
51207	1143	0.024807744
51252	6083	0.031072225
51252	2528	0.031072224
51252	1722	0.031072222
51252	4369	0.031072222
51252	4900	0.031072222
51252	6391	0.031072222
51252	79	0.031072218
51252	105	0.031072218
51252	1143	0.031072218
51252	3564	0.031072218
51350	2528	0.028830122
51350	6083	0.028830122
51350	1722	0.028830118
51350	6391	0.028830118
51350	4900	0.028830117
51350	79	0.028830115
51350	1143	0.028830115
51350	3564	0.028830115
51350	4369	0.028830115
51350	105	0.028830113
51359	1722	0.03595023
51359	2528	0.03595023
51359	4369	0.03595023
51359	4900	0.03595023
51359	6083	0.03595023
51359	6391	0.03595023
51359	79	0.03595022
51359	105	0.03595022
51359	804	0.03595022
51359	1143	0.03595022
51364	6083	0.029109953
51364	1722	0.029109951
51364	2528	0.029109951
51364	4900	0.029109951
51364	6391	0.029109951
51364	3564	0.029109947
51364	4369	0.029109947
51364	1143	0.029109946
51364	79	0.029109944
51364	105	0.029109944
51365	1722	0.041509427
51365	2528	0.041509427
51365	6083	0.041509427
51365	6391	0.041509427
51365	4900	0.041509423
51365	79	0.04150942
51365	1143	0.04150942
51365	3564	0.04150942
51365	4369	0.04150942
51365	105	0.041509416
51386	1722	0.025396653
51386	2528	0.025396653
51386	6083	0.025396653
51386	4900	0.02539665
51386	6391	0.02539665
51386	3564	0.025396649
51386	4369	0.025396649
51386	79	0.025396647
51386	105	0.025396647
51386	804	0.025396645
51403	1722	0.035012566
51403	2528	0.035012566
51403	4369	0.035012566
51403	4900	0.035012566
51403	6083	0.035012566
51403	6391	0.035012566
51403	79	0.035012558
51403	105	0.035012558
51403	804	0.035012558
51403	1143	0.035012558
51450	6083	0.03642679
51450	2528	0.036426786
51450	1143	0.036426783
51450	1722	0.036426783
51450	4900	0.036426783
51450	6391	0.036426783
51450	79	0.03642678
51450	105	0.03642678
51450	3564	0.03642678
51450	4369	0.03642678
51511	1722	0.034938358
51511	2528	0.034938358
51511	6083	0.034938358
51511	4900	0.034938354
51511	79	0.03493835
51511	105	0.03493835
51511	1143	0.03493835
51511	3564	0.03493835
51511	4369	0.03493835
51511	6391	0.03493835
51526	6083	0.033322223
51526	1143	0.033322215
51526	1722	0.033322215
51526	2528	0.033322215
51526	3564	0.033322215
51526	4900	0.033322215
51526	6391	0.033322215
51526	4369	0.03332221
51526	79	0.033322208
51526	105	0.033322208
51559	6083	0.027723303
51559	2528	0.027723301
51559	1722	0.0277233
51559	6391	0.0277233
51559	4369	0.027723297
51559	4900	0.027723297
51559	79	0.027723294
51559	105	0.027723294
51559	1143	0.027723294
51559	3564	0.027723294
51589	6083	0.026721302
51589	1722	0.026721299
51589	2528	0.026721299
51589	6391	0.026721299
51589	4369	0.026721297
51589	4900	0.026721297
51589	79	0.026721295
51589	105	0.026721295
51589	1143	0.026721295
51589	3564	0.026721295
51627	2528	0.025037207
51627	6083	0.025037207
51627	1722	0.025037205
51627	6391	0.025037205
51627	3564	0.025037203
51627	4369	0.025037203
51627	4900	0.025037203
51627	79	0.0250372
51627	105	0.0250372
51627	1143	0.0250372
51663	1722	0.022739492
51663	2528	0.022739492
51663	6083	0.022739492
51663	4900	0.02273949
51663	6391	0.02273949
51663	79	0.022739489
51663	1143	0.022739489
51663	3564	0.022739489
51663	4369	0.022739489
51663	105	0.022739487
51665	6083	0.027548678
51665	1722	0.027548674
51665	2528	0.027548674
51665	6391	0.027548674
51665	4900	0.027548673
51665	1143	0.02754867
51665	3564	0.02754867
51665	4369	0.02754867
51665	79	0.027548669
51665	105	0.027548669
51742	6083	0.04250265
51742	2528	0.042502645
51742	1722	0.04250264
51742	4900	0.04250264
51742	6391	0.04250264
51742	4369	0.042502638
51742	79	0.042502634
51742	105	0.042502634
51742	804	0.042502634
51742	1143	0.042502634
51803	6083	0.031101402
51803	2528	0.0311014
51803	1722	0.031101398
51803	4900	0.031101398
51803	6391	0.031101398
51803	4369	0.031101396
51803	79	0.031101394
51803	1143	0.031101394
51803	3564	0.031101394
51803	105	0.03110139
51805	6083	0.027439786
51805	1722	0.027439784
51805	2528	0.027439784
51805	105	0.02743978
51805	1143	0.02743978
51805	3564	0.02743978
51805	4369	0.02743978
51805	4900	0.02743978
51805	6391	0.02743978
51805	79	0.027439779
51826	6083	0.020176314
51826	2528	0.020176312
51826	1722	0.02017631
51826	4900	0.02017631
51826	6391	0.02017631
51826	79	0.020176308
51826	1143	0.020176308
51826	3564	0.020176308
51826	4369	0.020176308
51826	105	0.020176306
51992	6083	0.041606206
51992	1722	0.041606203
51992	2528	0.041606203
51992	4900	0.041606203
51992	6391	0.041606203
51992	4369	0.0416062
51992	79	0.041606195
51992	105	0.041606195
51992	1143	0.041606195
51992	3088	0.041606195
52002	6083	0.030284535
52002	1722	0.030284533
52002	2528	0.030284533
52002	4900	0.030284531
52002	6391	0.030284531
52002	4369	0.03028453
52002	105	0.030284528
52002	1143	0.030284528
52002	3564	0.030284528
52002	79	0.030284526
52011	6083	0.036387555
52011	1722	0.036387548
52011	2528	0.036387548
52011	4369	0.036387548
52011	4900	0.036387548
52011	6391	0.036387548
52011	79	0.036387544
52011	105	0.036387544
52011	1143	0.036387544
52011	3564	0.036387544
52044	6083	0.03572005
52044	1722	0.035720043
52044	2528	0.035720043
52044	4900	0.035720043
52044	3564	0.03572004
52044	4369	0.03572004
52044	6391	0.03572004
52044	79	0.035720035
52044	105	0.035720035
52044	1143	0.035720035
52141	2528	0.022051862
52141	6083	0.022051862
52141	1722	0.02205186
52141	4900	0.02205186
52141	6391	0.02205186
52141	4369	0.022051858
52141	79	0.022051856
52141	105	0.022051856
52141	1143	0.022051856
52141	3088	0.022051856
52159	2528	0.031979587
52159	6083	0.031979587
52159	1722	0.031979583
52159	4900	0.031979583
52159	6391	0.031979583
52159	79	0.03197958
52159	3564	0.03197958
52159	4369	0.03197958
52159	105	0.031979576
52159	1143	0.031979576
52175	6083	0.03252947
52175	1722	0.032529466
52175	2528	0.032529466
52175	4900	0.032529466
52175	6391	0.032529466
52175	4369	0.032529462
52175	79	0.03252946
52175	105	0.03252946
52175	804	0.03252946
52175	3088	0.03252946
52199	6083	0.041596152
52199	1722	0.041596144
52199	2528	0.041596144
52199	4900	0.041596144
52199	6391	0.041596144
52199	3564	0.04159614
52199	4369	0.04159614
52199	105	0.041596137
52199	804	0.041596137
52199	1143	0.041596137
52293	6083	0.029913837
52293	1722	0.029913835
52293	2528	0.029913835
52293	4369	0.029913832
52293	4900	0.029913832
52293	6391	0.029913832
52293	105	0.02991383
52293	3564	0.02991383
52293	79	0.029913828
52293	1143	0.029913828
52350	2528	0.038681433
52350	6083	0.038681433
52350	4900	0.03868143
52350	1722	0.038681425
52350	3564	0.038681425
52350	4369	0.038681425
52350	6391	0.038681425
52350	79	0.03868142
52350	105	0.03868142
52350	804	0.03868142
52425	6083	0.029075574
52425	1722	0.02907557
52425	2528	0.02907557
52425	6391	0.02907557
52425	4369	0.029075569
52425	4900	0.029075569
52425	3564	0.029075567
52425	79	0.029075565
52425	105	0.029075565
52425	1143	0.029075565
52472	6083	0.031613816
52472	1722	0.03161381
52472	2528	0.03161381
52472	4369	0.03161381
52472	4900	0.03161381
52472	6391	0.03161381
52472	79	0.031613808
52472	105	0.031613804
52472	804	0.031613804
52472	1143	0.031613804
52521	2528	0.038348943
52521	6083	0.038348943
52521	1722	0.038348936
52521	4369	0.038348936
52521	4900	0.038348936
52521	6391	0.038348936
52521	79	0.03834893
52521	105	0.03834893
52521	1143	0.03834893
52521	3564	0.03834893
52532	2528	0.025052395
52532	6083	0.025052395
52532	1722	0.025052393
52532	4369	0.025052391
52532	4900	0.025052391
52532	6391	0.025052391
52532	79	0.02505239
52532	1143	0.02505239
52532	3564	0.02505239
52532	105	0.025052387
52584	2528	0.02873388
52584	6083	0.02873388
52584	1722	0.028733877
52584	4900	0.028733876
52584	6391	0.028733876
52584	4369	0.028733874
52584	79	0.028733872
52584	105	0.028733872
52584	1143	0.028733872
52584	3564	0.028733872
52614	2528	0.03639743
52614	6083	0.03639743
52614	1722	0.036397427
52614	3564	0.036397427
52614	4369	0.036397427
52614	4900	0.036397427
52614	6391	0.036397427
52614	79	0.036397424
52614	1143	0.036397424
52614	105	0.03639742
52670	6083	0.024194699
52670	1722	0.024194695
52670	2528	0.024194695
52670	4900	0.024194695
52670	6391	0.024194693
52670	105	0.024194691
52670	1143	0.024194691
52670	3564	0.024194691
52670	4369	0.024194691
52670	79	0.02419469
52853	2528	0.042768933
52853	6083	0.042768933
52853	1722	0.042768925
52853	4900	0.042768925
52853	6391	0.042768925
52853	79	0.04276892
52853	1143	0.04276892
52853	3564	0.04276892
52853	4369	0.04276892
52853	5896	0.04276892
52887	2528	0.022721946
52887	6083	0.022721946
52887	1722	0.022721944
52887	4369	0.022721943
52887	4900	0.022721943
52887	6391	0.022721943
52887	3564	0.02272194
52887	79	0.022721939
52887	105	0.022721939
52887	1143	0.022721939
52917	6083	0.04137277
52917	2528	0.041372765
52917	1722	0.04137276
52917	4369	0.04137276
52917	4900	0.04137276
52917	6391	0.041372757
52917	79	0.041372754
52917	105	0.041372754
52917	804	0.041372754
52917	1143	0.041372754
52994	2528	0.029661868
52994	6083	0.029661868
52994	1722	0.029661864
52994	4900	0.029661864
52994	6391	0.029661864
52994	1143	0.029661862
52994	3564	0.029661862
52994	4369	0.029661862
52994	79	0.02966186
52994	105	0.02966186
53042	6083	0.040656924
53042	2528	0.04065692
53042	1722	0.040656917
53042	4369	0.040656917
53042	4900	0.040656917
53042	6391	0.040656917
53042	3564	0.040656913
53042	79	0.04065691
53042	105	0.04065691
53042	1143	0.04065691
53069	6083	0.029440515
53069	1722	0.029440511
53069	2528	0.029440511
53069	6391	0.029440511
53069	4900	0.02944051
53069	3564	0.029440507
53069	4369	0.029440507
53069	79	0.029440505
53069	105	0.029440505
53069	1143	0.029440505
53140	2528	0.027258962
53140	6083	0.027258962
53140	1722	0.02725896
53140	4369	0.027258959
53140	4900	0.027258959
53140	6391	0.027258959
53140	1143	0.027258957
53140	79	0.027258955
53140	105	0.027258955
53140	3564	0.027258955
53174	2528	0.04235825
53174	6083	0.04235825
53174	1722	0.042358246
53174	6391	0.042358246
53174	105	0.042358242
53174	1143	0.042358242
53174	3564	0.042358242
53174	4369	0.042358242
53174	4900	0.042358242
53174	79	0.04235824
53220	6083	0.034821123
53220	1722	0.03482112
53220	2528	0.03482112
53220	79	0.034821115
53220	1143	0.034821115
53220	3564	0.034821115
53220	4369	0.034821115
53220	4900	0.034821115
53220	6391	0.034821115
53220	5896	0.03482111
53241	1722	0.04104255
53241	2528	0.04104255
53241	6083	0.04104255
53241	6391	0.04104255
53241	4900	0.041042548
53241	79	0.041042544
53241	105	0.041042544
53241	1143	0.041042544
53241	3088	0.041042544
53241	3564	0.041042544
53256	2528	0.02934121
53256	6083	0.02934121
53256	1722	0.029341208
53256	4369	0.029341206
53256	4900	0.029341206
53256	6391	0.029341206
53256	3564	0.029341204
53256	79	0.029341202
53256	105	0.029341202
53256	1143	0.029341202
53265	2528	0.032413557
53265	6083	0.032413557
53265	4900	0.032413553
53265	79	0.03241355
53265	105	0.03241355
53265	1143	0.03241355
53265	1722	0.03241355
53265	3564	0.03241355
53265	4369	0.03241355
53265	6391	0.03241355
53278	6083	0.027611168
53278	1722	0.027611166
53278	2528	0.027611166
53278	4900	0.027611166
53278	4369	0.027611164
53278	6391	0.027611164
53278	1143	0.027611163
53278	3564	0.027611163
53278	79	0.02761116
53278	105	0.02761116
53304	6083	0.038449388
53304	1722	0.038449384
53304	2528	0.038449384
53304	4900	0.038449384
53304	6391	0.038449384
53304	1143	0.03844938
53304	4369	0.03844938
53304	79	0.038449377
53304	105	0.038449377
53304	1557	0.038449377
53365	6083	0.015516203
53365	1722	0.015516201
53365	2528	0.015516201
53365	4900	0.015516201
53365	6391	0.015516201
53365	4369	0.0155162
53365	79	0.015516199
53365	105	0.015516199
53365	1143	0.015516199
53365	3564	0.015516199
53392	6083	0.029352214
53392	2528	0.029352212
53392	1722	0.02935221
53392	4900	0.02935221
53392	4369	0.029352209
53392	6391	0.029352209
53392	79	0.029352207
53392	3564	0.029352207
53392	105	0.029352205
53392	1143	0.029352205
53408	6083	0.02210416
53408	2528	0.022104159
53408	1722	0.022104157
53408	4900	0.022104157
53408	6391	0.022104157
53408	79	0.022104155
53408	1143	0.022104155
53408	3564	0.022104155
53408	4369	0.022104155
53408	105	0.022104153
53414	2528	0.03101778
53414	6083	0.03101778
53414	1722	0.031017778
53414	4369	0.031017777
53414	4900	0.031017777
53414	6391	0.031017777
53414	3564	0.031017775
53414	79	0.031017773
53414	105	0.031017773
53414	1143	0.031017773
53418	2528	0.027235013
53418	6083	0.027235013
53418	1722	0.02723501
53418	4369	0.027235009
53418	4900	0.027235009
53418	6391	0.027235009
53418	1143	0.027235007
53418	3564	0.027235007
53418	79	0.027235005
53418	105	0.027235005
53456	1722	0.040382534
53456	2528	0.040382534
53456	6083	0.040382534
53456	4900	0.04038253
53456	6391	0.04038253
53456	79	0.040382527
53456	105	0.040382527
53456	1143	0.040382527
53456	3564	0.040382527
53456	4369	0.040382527
53520	2528	0.022968821
53520	6083	0.022968821
53520	1722	0.022968818
53520	4900	0.022968818
53520	6391	0.022968818
53520	79	0.022968816
53520	1143	0.022968816
53520	3564	0.022968816
53520	4369	0.022968816
53520	5896	0.022968816
53575	6083	0.027213685
53575	2528	0.027213683
53575	1722	0.027213681
53575	4900	0.027213681
53575	6391	0.027213681
53575	4369	0.02721368
53575	79	0.027213678
53575	105	0.027213678
53575	1143	0.027213678
53575	3564	0.027213678
53590	6083	0.031721015
53590	1722	0.03172101
53590	2528	0.03172101
53590	4900	0.03172101
53590	6391	0.03172101
53590	79	0.031721007
53590	3564	0.031721007
53590	4369	0.031721007
53590	105	0.031721003
53590	804	0.031721003
53605	6083	0.03065944
53605	1722	0.030659437
53605	2528	0.030659437
53605	4900	0.030659435
53605	6391	0.030659435
53605	1143	0.030659433
53605	3564	0.030659433
53605	4369	0.030659433
53605	105	0.030659432
53605	79	0.03065943
53614	2528	0.037635528
53614	6083	0.037635528
53614	1722	0.03763552
53614	3564	0.03763552
53614	4369	0.03763552
53614	4900	0.03763552
53614	6391	0.03763552
53614	79	0.037635516
53614	105	0.037635516
53614	1143	0.037635516
53628	2528	0.019369032
53628	6083	0.019369032
53628	1722	0.01936903
53628	4900	0.01936903
53628	105	0.019369029
53628	1143	0.019369029
53628	4369	0.019369029
53628	5896	0.019369029
53628	6391	0.019369029
53628	79	0.019369027
53663	2528	0.033218015
53663	6083	0.033218015
53663	1722	0.03321801
53663	4369	0.03321801
53663	4900	0.03321801
53663	6391	0.03321801
53663	79	0.033218008
53663	1143	0.033218008
53663	105	0.033218004
53663	804	0.033218004
53664	6083	0.026804592
53664	2528	0.02680459
53664	1722	0.026804589
53664	6391	0.026804589
53664	4369	0.026804587
53664	4900	0.026804587
53664	79	0.026804585
53664	1143	0.026804585
53664	3564	0.026804585
53664	105	0.026804583
53729	6083	0.029780667
53729	1722	0.029780664
53729	2528	0.029780664
53729	4900	0.029780662
53729	6391	0.029780662
53729	4369	0.02978066
53729	3564	0.029780658
53729	79	0.029780656
53729	105	0.029780656
53729	1143	0.029780656
53846	6083	0.034592386
53846	1722	0.034592383
53846	2528	0.034592383
53846	4369	0.034592383
53846	4900	0.034592383
53846	6391	0.034592383
53846	1143	0.03459238
53846	3564	0.03459238
53846	79	0.034592375
53846	105	0.034592375
54072	6083	0.028277844
54072	2528	0.028277842
54072	1722	0.02827784
54072	4900	0.02827784
54072	6391	0.02827784
54072	79	0.028277837
54072	1143	0.028277837
54072	3564	0.028277837
54072	4369	0.028277837
54072	105	0.028277835
54193	1722	0.025760662
54193	2528	0.025760662
54193	6083	0.025760662
54193	6391	0.02576066
54193	79	0.025760658
54193	1143	0.025760658
54193	3564	0.025760658
54193	4369	0.025760658
54193	4900	0.025760658
54193	105	0.025760656
54206	2528	0.034374714
54206	4900	0.034374714
54206	6083	0.034374714
54206	6391	0.034374714
54206	1722	0.03437471
54206	79	0.034374706
54206	105	0.034374706
54206	1143	0.034374706
54206	3088	0.034374706
54206	3564	0.034374706
54222	6083	0.024441808
54222	1722	0.024441805
54222	2528	0.024441805
54222	4900	0.024441805
54222	6391	0.024441803
54222	79	0.024441801
54222	105	0.024441801
54222	1143	0.024441801
54222	3564	0.024441801
54222	4369	0.024441801
54283	2528	0.026332092
54283	6083	0.026332092
54283	1722	0.026332088
54283	4900	0.026332088
54283	6391	0.026332088
54283	79	0.026332086
54283	3564	0.026332086
54283	4369	0.026332086
54283	105	0.026332084
54283	1143	0.026332084
54290	6083	0.04063991
54290	1722	0.040639907
54290	2528	0.040639907
54290	6391	0.040639907
54290	4369	0.040639903
54290	105	0.0406399
54290	1143	0.0406399
54290	3564	0.0406399
54290	4900	0.0406399
54290	5896	0.0406399
54335	2528	0.042513445
54335	6083	0.042513445
54335	1722	0.04251344
54335	6391	0.04251344
54335	79	0.042513438
54335	1143	0.042513438
54335	3564	0.042513438
54335	4369	0.042513438
54335	4900	0.042513438
54335	105	0.042513434
54374	6083	0.029677695
54374	1722	0.029677693
54374	2528	0.029677693
54374	4369	0.02967769
54374	4900	0.02967769
54374	6391	0.02967769
54374	79	0.029677685
54374	105	0.029677685
54374	1143	0.029677685
54374	3088	0.029677685
54453	6083	0.03166964
54453	1722	0.031669635
54453	2528	0.031669635
54453	1143	0.03166963
54453	3564	0.03166963
54453	4369	0.03166963
54453	4900	0.03166963
54453	6391	0.03166963
54453	79	0.031669628
54453	105	0.031669628
54492	2528	0.027523201
54492	6083	0.027523201
54492	1722	0.0275232
54492	4369	0.027523197
54492	4900	0.027523197
54492	6391	0.027523197
54492	3564	0.027523195
54492	79	0.027523194
54492	105	0.027523194
54492	1143	0.027523194
54512	2528	0.0344776
54512	1722	0.034477595
54512	6083	0.034477595
54512	79	0.03447759
54512	4369	0.03447759
54512	4900	0.03447759
54512	6391	0.03447759
54512	1143	0.034477588
54512	3564	0.034477588
54512	105	0.034477584
54547	1722	0.033558965
54547	6083	0.033558965
54547	2528	0.03355896
54547	6391	0.03355896
54547	79	0.033558957
54547	1143	0.033558957
54547	3564	0.033558957
54547	4369	0.033558957
54547	4900	0.033558957
54547	105	0.033558954
54578	6083	0.030298393
54578	1722	0.03029839
54578	2528	0.03029839
54578	4900	0.03029839
54578	6391	0.030298388
54578	79	0.030298386
54578	1143	0.030298386
54578	3564	0.030298386
54578	4369	0.030298386
54578	105	0.030298384
54605	6083	0.024214497
54605	1722	0.024214495
54605	2528	0.024214495
54605	4369	0.024214493
54605	4900	0.024214493
54605	6391	0.024214493
54605	79	0.024214491
54605	105	0.024214491
54605	1143	0.024214491
54605	3564	0.024214491
54622	2528	0.03370037
54622	6083	0.03370037
54622	1722	0.03370036
54622	3564	0.03370036
54622	4900	0.03370036
54622	6391	0.03370036
54622	79	0.033700358
54622	1143	0.033700358
54622	4369	0.033700358
54622	105	0.033700354
54624	2528	0.026559468
54624	6083	0.026559468
54624	1722	0.026559466
54624	4900	0.026559465
54624	6391	0.026559465
54624	3564	0.026559463
54624	4369	0.026559463
54624	79	0.02655946
54624	105	0.02655946
54624	1143	0.02655946
54652	6083	0.02650371
54652	1722	0.026503708
54652	2528	0.026503708
54652	4900	0.026503708
54652	6391	0.026503708
54652	79	0.026503704
54652	1143	0.026503704
54652	3564	0.026503704
54652	4369	0.026503704
54652	105	0.026503703
54817	2528	0.027333498
54817	6083	0.027333498
54817	1722	0.027333494
54817	4369	0.027333494
54817	4900	0.027333494
54817	6391	0.027333494
54817	79	0.02733349
54817	105	0.02733349
54817	1143	0.02733349
54817	3564	0.02733349
54884	2528	0.03686622
54884	6083	0.03686622
54884	1722	0.036866218
54884	4900	0.036866218
54884	6391	0.036866218
54884	1143	0.036866214
54884	3564	0.036866214
54884	4369	0.036866214
54884	79	0.03686621
54884	105	0.03686621
54898	2528	0.024507098
54898	6083	0.024507098
54898	1722	0.024507096
54898	4369	0.024507094
54898	4900	0.024507094
54898	6391	0.024507094
54898	1143	0.024507092
54898	3564	0.024507092
54898	79	0.02450709
54898	105	0.02450709
54911	1722	0.030172586
54911	2528	0.030172586
54911	6083	0.030172586
54911	6391	0.030172585
54911	1143	0.030172583
54911	4369	0.030172583
54911	4900	0.030172583
54911	79	0.030172579
54911	105	0.030172579
54911	3564	0.030172579
54968	1722	0.029191509
54968	2528	0.029191509
54968	6083	0.029191509
54968	4369	0.029191505
54968	4900	0.029191505
54968	6391	0.029191505
54968	1143	0.029191503
54968	3564	0.029191503
54968	79	0.029191501
54968	105	0.029191501
55006	6083	0.029591937
55006	2528	0.029591935
55006	1722	0.029591933
55006	6391	0.029591933
55006	4369	0.029591931
55006	4900	0.029591931
55006	105	0.02959193
55006	1143	0.02959193
55006	3564	0.02959193
55006	79	0.029591927
55027	2528	0.026756395
55027	6083	0.026756395
55027	1722	0.026756393
55027	6391	0.026756393
55027	3564	0.02675639
55027	4369	0.02675639
55027	4900	0.02675639
55027	79	0.026756389
55027	1143	0.026756389
55027	105	0.026756387
55065	6083	0.02527284
55065	1722	0.025272839
55065	2528	0.025272839
55065	4369	0.025272837
55065	4900	0.025272837
55065	6391	0.025272837
55065	1143	0.025272835
55065	3564	0.025272835
55065	79	0.025272833
55065	105	0.025272833
55075	6083	0.034732446
55075	1722	0.034732442
55075	2528	0.034732442
55075	4900	0.034732442
55075	105	0.03473244
55075	1143	0.03473244
55075	3564	0.03473244
55075	4369	0.03473244
55075	6391	0.03473244
55075	79	0.034732435
55097	6083	0.032134864
55097	1722	0.03213486
55097	2528	0.03213486
55097	4369	0.03213486
55097	4900	0.03213486
55097	6391	0.03213486
55097	79	0.032134857
55097	105	0.032134857
55097	3564	0.032134857
55097	804	0.032134853
55142	6083	0.029035524
55142	2528	0.029035522
55142	1722	0.02903552
55142	4900	0.02903552
55142	6391	0.02903552
55142	4369	0.029035518
55142	79	0.029035516
55142	105	0.029035516
55142	1143	0.029035516
55142	3564	0.029035516
55178	2528	0.032461613
55178	6083	0.032461613
55178	6391	0.03246161
55178	79	0.032461606
55178	105	0.032461606
55178	1143	0.032461606
55178	1722	0.032461606
55178	4369	0.032461606
55178	4900	0.032461606
55178	1557	0.032461602
55187	2528	0.038305853
55187	6083	0.038305853
55187	1722	0.03830585
55187	4369	0.03830585
55187	4900	0.03830585
55187	6391	0.03830585
55187	105	0.038305845
55187	1143	0.038305845
55187	79	0.03830584
55187	804	0.03830584
55270	2528	0.029638965
55270	6083	0.029638965
55270	1722	0.029638963
55270	6391	0.029638963
55270	4369	0.029638961
55270	4900	0.029638961
55270	3564	0.02963896
55270	79	0.029638957
55270	105	0.029638957
55270	1143	0.029638957
55272	6083	0.028589597
55272	1722	0.028589595
55272	2528	0.028589595
55272	6391	0.028589595
55272	4900	0.028589593
55272	3564	0.028589591
55272	4369	0.028589591
55272	79	0.02858959
55272	1143	0.02858959
55272	105	0.028589588
55398	6083	0.04628717
55398	2528	0.046287168
55398	1722	0.046287164
55398	3564	0.046287164
55398	4369	0.046287164
55398	4900	0.046287164
55398	6391	0.046287164
55398	1143	0.04628716
55398	79	0.046287157
55398	105	0.046287157
55438	6083	0.027858498
55438	2528	0.027858496
55438	6391	0.027858496
55438	1722	0.027858494
55438	4900	0.027858494
55438	1143	0.027858492
55438	3564	0.027858492
55438	4369	0.027858492
55438	79	0.02785849
55438	105	0.02785849
55441	6083	0.028274566
55441	1722	0.028274562
55441	2528	0.028274562
55441	4900	0.028274562
55441	6391	0.028274562
55441	1143	0.028274558
55441	3564	0.028274558
55441	4369	0.028274558
55441	79	0.028274557
55441	105	0.028274557
55487	6083	0.038607813
55487	2528	0.03860781
55487	4900	0.03860781
55487	6391	0.03860781
55487	79	0.038607806
55487	1143	0.038607806
55487	1722	0.038607806
55487	3564	0.038607806
55487	4369	0.038607806
55487	105	0.038607802
55492	6083	0.038850736
55492	1722	0.038850732
55492	2528	0.038850732
55492	4900	0.038850732
55492	6391	0.038850732
55492	4369	0.03885073
55492	79	0.038850725
55492	105	0.038850725
55492	804	0.038850725
55492	1143	0.038850725
55493	2528	0.0376603
55493	6083	0.0376603
55493	1722	0.037660297
55493	4900	0.037660297
55493	1143	0.037660293
55493	3564	0.037660293
55493	4369	0.037660293
55493	6391	0.037660293
55493	79	0.03766029
55493	105	0.03766029
55548	2528	0.035145774
55548	6083	0.035145774
55548	1722	0.03514577
55548	1143	0.035145767
55548	4369	0.035145767
55548	4900	0.035145767
55548	6391	0.035145767
55548	79	0.035145763
55548	105	0.035145763
55548	3088	0.035145763
55559	6083	0.02568106
55559	1722	0.025681058
55559	2528	0.025681058
55559	4369	0.025681056
55559	4900	0.025681056
55559	6391	0.025681056
55559	1143	0.025681054
55559	3564	0.025681054
55559	79	0.025681052
55559	105	0.025681052
55562	6083	0.02979083
55562	1722	0.029790828
55562	2528	0.029790828
55562	6391	0.029790826
55562	4369	0.029790824
55562	4900	0.029790824
55562	79	0.029790822
55562	1143	0.029790822
55562	3564	0.029790822
55562	105	0.02979082
55607	6083	0.040304493
55607	1722	0.04030449
55607	2528	0.04030449
55607	4900	0.04030449
55607	6391	0.04030449
55607	1143	0.040304486
55607	3564	0.040304486
55607	4369	0.040304486
55607	79	0.040304482
55607	105	0.040304482
55631	2528	0.02890214
55631	6083	0.02890214
55631	1722	0.028902136
55631	4900	0.028902136
55631	6391	0.028902136
55631	4369	0.028902134
55631	79	0.028902132
55631	105	0.028902132
55631	1143	0.028902132
55631	3564	0.028902132
55655	2528	0.025439277
55655	6083	0.025439277
55655	1722	0.025439275
55655	1143	0.025439274
55655	4369	0.025439274
55655	4900	0.025439274
55655	6391	0.025439274
55655	79	0.02543927
55655	105	0.02543927
55655	3088	0.02543927
55734	6083	0.029439496
55734	1722	0.029439492
55734	2528	0.029439492
55734	4369	0.02943949
55734	4900	0.02943949
55734	6391	0.02943949
55734	3564	0.029439488
55734	79	0.029439487
55734	105	0.029439487
55734	1143	0.029439487
55751	1722	0.03511125
55751	2528	0.03511125
55751	6083	0.03511125
55751	6391	0.03511125
55751	4900	0.035111245
55751	79	0.03511124
55751	105	0.03511124
55751	1143	0.03511124
55751	3088	0.03511124
55751	3564	0.03511124
55779	6083	0.027491419
55779	1722	0.027491417
55779	2528	0.027491417
55779	6391	0.027491417
55779	4900	0.027491415
55779	1143	0.027491413
55779	3564	0.027491413
55779	4369	0.027491413
55779	79	0.027491411
55779	105	0.027491411
55787	2528	0.039446395
55787	6083	0.039446395
55787	1722	0.03944639
55787	4900	0.03944639
55787	6391	0.03944639
55787	4369	0.039446387
55787	79	0.039446384
55787	105	0.039446384
55787	1143	0.039446384
55787	1557	0.039446384
55789	2528	0.024850164
55789	6083	0.024850164
55789	1722	0.024850162
55789	1143	0.02485016
55789	3564	0.02485016
55789	4369	0.02485016
55789	4900	0.02485016
55789	6391	0.02485016
55789	79	0.024850158
55789	105	0.024850156
55799	6083	0.030645674
55799	1722	0.030645672
55799	2528	0.030645672
55799	6391	0.03064567
55799	1143	0.030645669
55799	4369	0.030645669
55799	4900	0.030645669
55799	79	0.030645667
55799	105	0.030645667
55799	3564	0.030645667
55826	2528	0.025008256
55826	6083	0.025008256
55826	1722	0.025008254
55826	6391	0.025008254
55826	4369	0.025008252
55826	4900	0.025008252
55826	105	0.02500825
55826	1143	0.02500825
55826	3564	0.02500825
55826	3917	0.02500825
55858	6083	0.031630322
55858	2528	0.03163032
55858	1722	0.031630315
55858	3564	0.031630315
55858	4369	0.031630315
55858	4900	0.031630315
55858	6391	0.031630315
55858	79	0.03163031
55858	105	0.03163031
55858	1143	0.03163031
55892	2528	0.04248715
55892	1722	0.042487144
55892	4900	0.042487144
55892	6083	0.042487144
55892	6391	0.042487144
55892	79	0.042487137
55892	105	0.042487137
55892	1143	0.042487137
55892	3564	0.042487137
55892	4369	0.042487137
55927	1722	0.034465313
55927	2528	0.034465313
55927	6083	0.034465313
55927	6391	0.034465313
55927	4900	0.03446531
55927	79	0.034465306
55927	105	0.034465306
55927	1143	0.034465306
55927	3564	0.034465306
55927	4369	0.034465306
55961	6083	0.0372697
55961	1722	0.037269697
55961	2528	0.037269697
55961	3564	0.037269697
55961	4369	0.037269697
55961	4900	0.037269697
55961	6391	0.037269697
55961	79	0.037269693
55961	105	0.037269693
55961	1143	0.037269693
56157	6083	0.031693123
56157	2528	0.03169312
56157	1722	0.031693116
56157	3564	0.031693116
56157	4900	0.031693116
56157	6391	0.031693116
56157	79	0.031693112
56157	4369	0.031693112
56157	5896	0.031693112
56157	105	0.03169311
56246	2528	0.026957616
56246	6083	0.026957616
56246	1722	0.026957614
56246	6391	0.026957614
56246	4369	0.026957612
56246	4900	0.026957612
56246	105	0.02695761
56246	1143	0.02695761
56246	3564	0.02695761
56246	79	0.026957609
56272	2528	0.020920094
56272	6083	0.020920094
56272	1722	0.020920092
56272	4900	0.020920092
56272	1143	0.02092009
56272	3564	0.02092009
56272	4369	0.02092009
56272	6391	0.02092009
56272	105	0.020920089
56272	79	0.020920087
56307	6083	0.045785695
56307	1722	0.045785688
56307	2528	0.045785688
56307	4900	0.045785688
56307	6391	0.045785688
56307	4369	0.045785684
56307	79	0.04578568
56307	105	0.04578568
56307	804	0.04578568
56307	1143	0.04578568
56315	6083	0.032271665
56315	1722	0.03227166
56315	2528	0.03227166
56315	6391	0.032271657
56315	79	0.032271653
56315	105	0.032271653
56315	1143	0.032271653
56315	3564	0.032271653
56315	4369	0.032271653
56315	4900	0.032271653
56369	2528	0.02552227
56369	6083	0.02552227
56369	1722	0.025522267
56369	4369	0.025522266
56369	4900	0.025522266
56369	6391	0.025522266
56369	79	0.025522264
56369	1143	0.025522264
56369	3564	0.025522264
56369	105	0.025522262
56391	2528	0.024414051
56391	6083	0.024414051
56391	1722	0.024414048
56391	4369	0.024414048
56391	6391	0.024414048
56391	4900	0.024414046
56391	79	0.024414044
56391	105	0.024414044
56391	1143	0.024414044
56391	3564	0.024414044
56554	1722	0.03336248
56554	2528	0.03336248
56554	6083	0.03336248
56554	1143	0.033362478
56554	4369	0.033362478
56554	4900	0.033362478
56554	6391	0.033362478
56554	79	0.033362474
56554	105	0.03336247
56554	804	0.03336247
56623	6083	0.029016353
56623	2528	0.029016351
56623	1722	0.02901635
56623	4369	0.02901635
56623	4900	0.02901635
56623	6391	0.02901635
56623	79	0.029016346
56623	105	0.029016346
56623	1143	0.029016346
56623	3564	0.029016346
56625	6083	0.033749755
56625	1722	0.03374975
56625	2528	0.03374975
56625	4900	0.03374975
56625	6391	0.03374975
56625	79	0.033749748
56625	3564	0.033749748
56625	4369	0.033749748
56625	105	0.033749744
56625	804	0.033749744
56654	2528	0.027857129
56654	6083	0.027857129
56654	1722	0.027857127
56654	6391	0.027857127
56654	4369	0.027857125
56654	4900	0.027857125
56654	3564	0.027857123
56654	79	0.027857121
56654	105	0.027857121
56654	1143	0.027857121
56661	2528	0.025416095
56661	6083	0.025416095
56661	1722	0.025416093
56661	4900	0.025416091
56661	6391	0.025416091
56661	4369	0.02541609
56661	79	0.025416087
56661	105	0.025416087
56661	1143	0.025416087
56661	3564	0.025416087
56663	1722	0.030664574
56663	2528	0.030664574
56663	6083	0.030664574
56663	4900	0.030664572
56663	4369	0.03066457
56663	6391	0.03066457
56663	1143	0.030664569
56663	79	0.030664567
56663	105	0.030664567
56663	3088	0.030664567
56804	6083	0.03288846
56804	1722	0.032888457
56804	2528	0.032888457
56804	4900	0.032888457
56804	6391	0.032888457
56804	4369	0.032888453
56804	79	0.03288845
56804	105	0.03288845
56804	804	0.03288845
56804	1143	0.03288845
56856	2528	0.041517332
56856	6083	0.041517332
56856	1722	0.04151733
56856	4900	0.04151733
56856	6391	0.04151733
56856	79	0.041517325
56856	105	0.041517325
56856	1143	0.041517325
56856	3564	0.041517325
56856	4369	0.041517325
56905	2528	0.03604819
56905	6083	0.03604819
56905	1722	0.036048185
56905	4900	0.036048185
56905	1143	0.03604818
56905	3564	0.03604818
56905	4369	0.03604818
56905	6391	0.03604818
56905	79	0.036048178
56905	105	0.036048178
56917	1722	0.028213006
56917	2528	0.028213006
56917	6083	0.028213006
56917	6391	0.028213006
56917	4369	0.028213002
56917	4900	0.028213002
56917	105	0.028213
56917	1143	0.028213
56917	3564	0.028213
56917	79	0.028212998
56985	6083	0.0272449
56985	1722	0.027244898
56985	2528	0.027244898
56985	4369	0.027244896
56985	4900	0.027244896
56985	6391	0.027244896
56985	105	0.027244894
56985	1143	0.027244894
56985	79	0.027244892
56985	3088	0.027244892
57095	6083	0.026753886
57095	1722	0.026753884
57095	2528	0.026753884
57095	4900	0.026753884
57095	6391	0.026753882
57095	1143	0.02675388
57095	3564	0.02675388
57095	4369	0.02675388
57095	79	0.026753878
57095	105	0.026753878
57105	6083	0.029610664
57105	2528	0.029610662
57105	1722	0.02961066
57105	4900	0.02961066
57105	6391	0.02961066
57105	4369	0.029610658
57105	79	0.029610656
57105	105	0.029610656
57105	1143	0.029610656
57105	3564	0.029610656
57108	6083	0.02714109
57108	1722	0.027141089
57108	2528	0.027141089
57108	4369	0.027141087
57108	4900	0.027141087
57108	6391	0.027141087
57108	1143	0.027141085
57108	79	0.027141083
57108	105	0.027141083
57108	804	0.027141083
57124	1722	0.032521658
57124	2528	0.032521658
57124	4900	0.032521658
57124	6083	0.032521658
57124	6391	0.032521658
57124	4369	0.032521654
57124	79	0.03252165
57124	105	0.03252165
57124	804	0.03252165
57124	1143	0.03252165
57200	6083	0.020624878
57200	1722	0.020624876
57200	2528	0.020624876
57200	4900	0.020624876
57200	4369	0.020624874
57200	6391	0.020624874
57200	79	0.020624872
57200	105	0.020624872
57200	1143	0.020624872
57200	3564	0.020624872
57234	6083	0.0287488
57234	2528	0.028748797
57234	1722	0.028748795
57234	4900	0.028748795
57234	6391	0.028748795
57234	4369	0.028748794
57234	79	0.028748792
57234	105	0.028748792
57234	1143	0.028748792
57234	3564	0.028748792
57255	2528	0.025340784
57255	6083	0.025340784
57255	1722	0.025340782
57255	6391	0.025340782
57255	4369	0.02534078
57255	4900	0.02534078
57255	1143	0.025340779
57255	3564	0.025340779
57255	79	0.025340777
57255	105	0.025340777
57267	2528	0.029528785
57267	6083	0.029528785
57267	1722	0.029528782
57267	4900	0.029528782
57267	6391	0.029528782
57267	4369	0.02952878
57267	79	0.029528778
57267	105	0.029528778
57267	1143	0.029528778
57267	3564	0.029528778
57269	2528	0.027673751
57269	6083	0.027673751
57269	1722	0.027673747
57269	4369	0.027673747
57269	4900	0.027673747
57269	6391	0.027673747
57269	3564	0.027673746
57269	79	0.027673744
57269	105	0.027673744
57269	1143	0.027673744
57302	1722	0.025309436
57302	2528	0.025309436
57302	6083	0.025309436
57302	4900	0.025309434
57302	6391	0.025309434
57302	1143	0.025309432
57302	3564	0.025309432
57302	4369	0.025309432
57302	79	0.02530943
57302	105	0.02530943
57369	6083	0.027070682
57369	2528	0.02707068
57369	1722	0.027070679
57369	6391	0.027070679
57369	4369	0.027070677
57369	4900	0.027070677
57369	79	0.027070675
57369	1143	0.027070675
57369	3564	0.027070675
57369	105	0.027070673
57398	6083	0.056024205
57398	1722	0.0560242
57398	2528	0.0560242
57398	4900	0.056024197
57398	6391	0.056024197
57398	4369	0.056024194
57398	79	0.05602419
57398	1143	0.05602419
57398	3564	0.05602419
57398	105	0.056024186
57449	2528	0.02599493
57449	6083	0.02599493
57449	1722	0.025994929
57449	4369	0.025994927
57449	4900	0.025994927
57449	6391	0.025994927
57449	1143	0.025994925
57449	3564	0.025994925
57449	79	0.025994923
57449	105	0.025994923
57599	1722	0.034421444
57599	2528	0.034421444
57599	4900	0.034421444
57599	6083	0.034421444
57599	4369	0.03442144
57599	6391	0.03442144
57599	79	0.034421436
57599	105	0.034421436
57599	1143	0.034421436
57599	3088	0.034421436
57620	2528	0.030775066
57620	6083	0.030775066
57620	1722	0.030775063
57620	4369	0.030775063
57620	4900	0.030775063
57620	6391	0.030775063
57620	79	0.030775059
57620	105	0.030775059
57620	1143	0.030775059
57620	3564	0.030775059
57632	6083	0.023546802
57632	1722	0.0235468
57632	2528	0.0235468
57632	4900	0.0235468
57632	6391	0.0235468
57632	4369	0.023546798
57632	79	0.023546796
57632	1143	0.023546796
57632	3088	0.023546796
57632	3564	0.023546796
57713	2528	0.02623139
57713	6083	0.02623139
57713	1722	0.026231388
57713	4369	0.026231386
57713	4900	0.026231386
57713	6391	0.026231386
57713	79	0.026231382
57713	105	0.026231382
57713	1143	0.026231382
57713	3088	0.026231382
57725	2528	0.041955605
57725	6083	0.041955605
57725	1722	0.0419556
57725	4900	0.0419556
57725	1143	0.041955598
57725	3564	0.041955598
57725	4369	0.041955598
57725	6391	0.041955598
57725	79	0.041955594
57725	105	0.041955594
57833	1722	0.027091883
57833	2528	0.027091883
57833	6083	0.027091883
57833	4369	0.02709188
57833	4900	0.02709188
57833	6391	0.02709188
57833	79	0.027091876
57833	105	0.027091876
57833	1143	0.027091876
57833	3564	0.027091876
57920	1722	0.039041743
57920	6083	0.039041743
57920	2528	0.03904174
57920	4900	0.03904174
57920	6391	0.03904174
57920	1143	0.039041735
57920	4369	0.039041735
57920	79	0.03904173
57920	105	0.03904173
57920	3088	0.03904173
57935	6083	0.01964229
57935	2528	0.019642288
57935	1722	0.019642286
57935	4369	0.019642286
57935	4900	0.019642286
57935	6391	0.019642286
57935	3564	0.019642284
57935	79	0.019642282
57935	105	0.019642282
57935	804	0.019642282
57959	1722	0.03153823
57959	2528	0.03153823
57959	6083	0.03153823
57959	4369	0.031538226
57959	4900	0.031538226
57959	6391	0.031538226
57959	79	0.031538222
57959	1143	0.031538222
57959	3564	0.031538222
57959	105	0.03153822
57960	6083	0.029838404
57960	2528	0.029838402
57960	1722	0.0298384
57960	4369	0.029838398
57960	4900	0.029838398
57960	6391	0.029838398
57960	79	0.029838396
57960	3564	0.029838396
57960	105	0.029838394
57960	1143	0.029838394
57976	6083	0.02664585
57976	2528	0.026645849
57976	1722	0.026645847
57976	4369	0.026645847
57976	4900	0.026645847
57976	6391	0.026645847
57976	79	0.026645843
57976	105	0.026645843
57976	1143	0.026645843
57976	3564	0.026645843
58062	2528	0.026882365
58062	6083	0.026882365
58062	1722	0.026882363
58062	4369	0.026882362
58062	4900	0.026882362
58062	6391	0.026882362
58062	1143	0.02688236
58062	3564	0.02688236
58062	79	0.026882358
58062	105	0.026882358
58142	6083	0.036655795
58142	1722	0.03665579
58142	2528	0.03665579
58142	4369	0.03665579
58142	4900	0.03665579
58142	6391	0.03665579
58142	79	0.036655784
58142	105	0.036655784
58142	804	0.036655784
58142	1143	0.036655784
58151	1722	0.025335487
58151	2528	0.025335487
58151	6083	0.025335487
58151	4900	0.025335485
58151	6391	0.025335485
58151	4369	0.025335483
58151	79	0.025335481
58151	1143	0.025335481
58151	3564	0.025335481
58151	105	0.02533548
58224	2528	0.021128422
58224	6083	0.021128422
58224	1722	0.02112842
58224	4900	0.02112842
58224	6391	0.02112842
58224	1143	0.021128418
58224	4369	0.021128418
58224	79	0.021128416
58224	105	0.021128416
58224	3088	0.021128416
58255	2528	0.031419918
58255	6083	0.031419918
58255	1722	0.031419914
58255	6391	0.031419914
58255	79	0.03141991
58255	3564	0.03141991
58255	4369	0.03141991
58255	4900	0.03141991
58255	105	0.031419907
58255	1143	0.031419907
58342	6083	0.033586543
58342	1722	0.03358654
58342	2528	0.03358654
58342	6391	0.03358654
58342	4369	0.033586536
58342	4900	0.033586536
58342	79	0.033586532
58342	105	0.033586532
58342	804	0.033586532
58342	1143	0.033586532
58351	1722	0.034043238
58351	2528	0.034043238
58351	4900	0.034043238
58351	6083	0.034043238
58351	6391	0.034043234
58351	79	0.03404323
58351	105	0.03404323
58351	1143	0.03404323
58351	1557	0.03404323
58351	3088	0.03404323
58389	1722	0.02420855
58389	2528	0.02420855
58389	6083	0.02420855
58389	6391	0.024208548
58389	1143	0.024208546
58389	3564	0.024208546
58389	4369	0.024208546
58389	4900	0.024208546
58389	79	0.024208544
58389	105	0.024208544
58458	6083	0.025857627
58458	2528	0.025857626
58458	1722	0.025857624
58458	4900	0.025857624
58458	6391	0.025857624
58458	79	0.02585762
58458	1143	0.02585762
58458	3564	0.02585762
58458	4369	0.02585762
58458	105	0.025857618
58497	1722	0.02446109
58497	2528	0.02446109
58497	6083	0.02446109
58497	105	0.024461087
58497	1143	0.024461087
58497	3564	0.024461087
58497	4369	0.024461087
58497	4900	0.024461087
58497	6391	0.024461087
58497	804	0.024461083
58529	1722	0.033835962
58529	2528	0.033835962
58529	6083	0.033835962
58529	6391	0.033835962
58529	4900	0.03383596
58529	79	0.033835955
58529	105	0.033835955
58529	1143	0.033835955
58529	3564	0.033835955
58529	4369	0.033835955
58594	1722	0.038989857
58594	2528	0.038989857
58594	6083	0.038989857
58594	4900	0.038989853
58594	6391	0.038989853
58594	4369	0.03898985
58594	79	0.038989846
58594	105	0.038989846
58594	1143	0.038989846
58594	3564	0.038989846
58612	6083	0.030346526
58612	2528	0.030346524
58612	1722	0.03034652
58612	4369	0.03034652
58612	4900	0.03034652
58612	6391	0.03034652
58612	1143	0.030346518
58612	3564	0.030346518
58612	79	0.030346517
58612	105	0.030346517
58708	6083	0.029784288
58708	2528	0.029784286
58708	1722	0.029784285
58708	6391	0.029784285
58708	4900	0.029784283
58708	1143	0.02978428
58708	3564	0.02978428
58708	4369	0.02978428
58708	79	0.029784279
58708	105	0.029784279
58768	2528	0.029132329
58768	6083	0.029132329
58768	1722	0.029132325
58768	4900	0.029132325
58768	6391	0.029132325
58768	4369	0.029132323
58768	79	0.029132321
58768	105	0.029132321
58768	1143	0.029132321
58768	3564	0.029132321
58792	1722	0.031366557
58792	2528	0.031366557
58792	4900	0.031366557
58792	6083	0.031366557
58792	6391	0.031366557
58792	4369	0.031366553
58792	79	0.03136655
58792	105	0.03136655
58792	804	0.03136655
58792	1143	0.03136655
58877	1722	0.02281801
58877	2528	0.02281801
58877	6083	0.02281801
58877	4900	0.022818008
58877	6391	0.022818008
58877	79	0.022818007
58877	1143	0.022818007
58877	3564	0.022818007
58877	4369	0.022818007
58877	105	0.022818005
58911	2528	0.028823305
58911	6083	0.028823305
58911	1722	0.028823303
58911	6391	0.028823303
58911	4900	0.028823301
58911	4369	0.0288233
58911	79	0.028823297
58911	105	0.028823297
58911	1143	0.028823297
58911	3088	0.028823297
58961	1722	0.036546715
58961	2528	0.036546715
58961	4900	0.036546715
58961	6083	0.036546715
58961	4369	0.03654671
58961	6391	0.03654671
58961	79	0.036546707
58961	105	0.036546707
58961	1143	0.036546707
58961	1557	0.036546707
58964	2528	0.032948434
58964	6083	0.032948434
58964	1722	0.03294843
58964	4369	0.03294843
58964	4900	0.03294843
58964	6391	0.03294843
58964	79	0.032948427
58964	105	0.032948427
58964	804	0.032948427
58964	1143	0.032948427
59038	2528	0.024408728
59038	6083	0.024408728
59038	1722	0.024408726
59038	1143	0.024408724
59038	3564	0.024408724
59038	4369	0.024408724
59038	4900	0.024408724
59038	6391	0.024408724
59038	79	0.02440872
59038	105	0.02440872
59059	2528	0.030693106
59059	6083	0.030693106
59059	1722	0.030693104
59059	4369	0.030693103
59059	4900	0.030693103
59059	6391	0.030693103
59059	79	0.030693099
59059	105	0.030693099
59059	1143	0.030693099
59059	3564	0.030693099
59150	2528	0.039065298
59150	1722	0.039065294
59150	4900	0.039065294
59150	6083	0.039065294
59150	6391	0.039065294
59150	1143	0.03906529
59150	4369	0.03906529
59150	79	0.039065287
59150	105	0.039065287
59150	804	0.039065287
59172	1722	0.046508312
59172	2528	0.046508312
59172	4900	0.046508312
59172	6083	0.046508312
59172	6391	0.04650831
59172	1143	0.046508305
59172	3564	0.046508305
59172	4369	0.046508305
59172	79	0.0465083
59172	105	0.0465083
59180	1722	0.02995722
59180	2528	0.02995722
59180	6083	0.02995722
59180	4369	0.029957216
59180	4900	0.029957216
59180	6391	0.029957216
59180	79	0.029957214
59180	1143	0.029957214
59180	3564	0.029957214
59180	105	0.029957213
59189	6083	0.025310488
59189	1722	0.025310487
59189	2528	0.025310487
59189	1143	0.025310483
59189	4369	0.025310483
59189	4900	0.025310483
59189	6391	0.025310483
59189	79	0.025310481
59189	3564	0.025310481
59189	105	0.02531048
59206	2528	0.030351117
59206	6083	0.030351117
59206	1722	0.030351115
59206	6391	0.030351115
59206	4369	0.030351114
59206	4900	0.030351114
59206	3564	0.030351112
59206	79	0.03035111
59206	105	0.03035111
59206	1143	0.03035111
59209	6083	0.029406209
59209	2528	0.029406207
59209	1722	0.029406205
59209	6391	0.029406205
59209	4369	0.029406203
59209	4900	0.029406203
59209	105	0.029406201
59209	1143	0.029406201
59209	3564	0.029406201
59209	79	0.0294062
59267	6083	0.034926888
59267	1722	0.034926884
59267	2528	0.034926884
59267	4369	0.034926884
59267	4900	0.034926884
59267	6391	0.034926884
59267	79	0.03492688
59267	105	0.034926876
59267	804	0.034926876
59267	1143	0.034926876
59269	6083	0.03137813
59269	1722	0.031378128
59269	2528	0.031378128
59269	4369	0.031378128
59269	4900	0.031378128
59269	6391	0.031378128
59269	79	0.031378124
59269	1143	0.031378124
59269	105	0.03137812
59269	804	0.03137812
59305	2528	0.032691095
59305	6083	0.032691095
59305	1722	0.03269109
59305	4369	0.03269109
59305	4900	0.03269109
59305	6391	0.03269109
59305	3564	0.032691088
59305	79	0.032691084
59305	105	0.032691084
59305	804	0.032691084
59390	2528	0.02318447
59390	6083	0.02318447
59390	1722	0.023184469
59390	4369	0.023184467
59390	4900	0.023184467
59390	6391	0.023184467
59390	79	0.023184465
59390	3564	0.023184465
59390	105	0.023184463
59390	804	0.023184463
59499	2528	0.030346658
59499	6083	0.030346658
59499	1722	0.030346654
59499	4900	0.030346654
59499	6391	0.030346654
59499	4369	0.030346652
59499	79	0.03034665
59499	1143	0.03034665
59499	3564	0.03034665
59499	105	0.030346649
59504	6083	0.027850782
59504	2528	0.02785078
59504	1722	0.027850779
59504	4900	0.027850779
59504	6391	0.027850779
59504	4369	0.027850777
59504	79	0.027850775
59504	3564	0.027850775
59504	105	0.027850773
59504	1143	0.027850773
59554	1722	0.017305404
59554	2528	0.017305404
59554	4900	0.017305404
59554	6083	0.017305404
59554	6391	0.017305404
59554	1143	0.017305402
59554	4369	0.017305402
59554	79	0.0173054
59554	105	0.0173054
59554	804	0.0173054
59612	2528	0.031930633
59612	6083	0.031930633
59612	6391	0.031930633
59612	1722	0.03193063
59612	4369	0.03193063
59612	4900	0.03193063
59612	79	0.031930625
59612	105	0.031930625
59612	804	0.031930625
59612	1143	0.031930625
59656	6083	0.02605968
59656	2528	0.026059678
59656	1722	0.026059676
59656	4900	0.026059676
59656	6391	0.026059676
59656	3564	0.026059674
59656	4369	0.026059674
59656	79	0.026059672
59656	1143	0.026059672
59656	105	0.02605967
59727	6083	0.023420349
59727	2528	0.023420347
59727	1722	0.023420345
59727	4369	0.023420345
59727	4900	0.023420345
59727	6391	0.023420345
59727	1143	0.023420343
59727	79	0.023420341
59727	105	0.023420341
59727	3088	0.023420341
59770	6083	0.033382908
59770	2528	0.033382904
59770	1722	0.0333829
59770	4369	0.0333829
59770	4900	0.0333829
59770	6391	0.0333829
59770	79	0.033382896
59770	1143	0.033382896
59770	3564	0.033382896
59770	3917	0.033382896
59820	2528	0.026366424
59820	6083	0.026366424
59820	1722	0.026366422
59820	4900	0.026366422
59820	4369	0.02636642
59820	6391	0.02636642
59820	1143	0.026366418
59820	3564	0.026366418
59820	79	0.026366416
59820	105	0.026366416
59895	6083	0.030706402
59895	2528	0.0307064
59895	1722	0.030706398
59895	4900	0.030706398
59895	6391	0.030706398
59895	4369	0.030706396
59895	1143	0.030706394
59895	3564	0.030706394
59895	79	0.030706393
59895	105	0.030706393
59912	2528	0.029487893
59912	6083	0.029487893
59912	1722	0.029487891
59912	4369	0.02948789
59912	4900	0.02948789
59912	6391	0.02948789
59912	79	0.029487887
59912	105	0.029487886
59912	1143	0.029487886
59912	3564	0.029487886
59933	6083	0.028680447
59933	2528	0.028680446
59933	1722	0.028680444
59933	4369	0.028680444
59933	4900	0.028680444
59933	6391	0.028680444
59933	79	0.02868044
59933	105	0.02868044
59933	1143	0.02868044
59933	3564	0.02868044
59971	6083	0.030874519
59971	2528	0.030874517
59971	1722	0.030874515
59971	4900	0.030874513
59971	6391	0.030874513
59971	4369	0.030874511
59971	79	0.03087451
59971	105	0.03087451
59971	1143	0.03087451
59971	3564	0.03087451
60029	6083	0.029858684
60029	2528	0.029858682
60029	1722	0.029858679
60029	4369	0.029858679
60029	4900	0.029858679
60029	6391	0.029858679
60029	79	0.029858675
60029	105	0.029858675
60029	1143	0.029858675
60029	3564	0.029858675
60040	2528	0.02063391
60040	6083	0.02063391
60040	1722	0.020633908
60040	4900	0.020633908
60040	6391	0.020633908
60040	79	0.020633906
60040	1143	0.020633906
60040	3564	0.020633906
60040	4369	0.020633906
60040	5896	0.020633906
60050	1722	0.04347264
60050	2528	0.04347264
60050	4900	0.04347264
60050	6083	0.04347264
60050	6391	0.04347264
60050	79	0.043472633
60050	105	0.043472633
60050	1143	0.043472633
60050	3564	0.043472633
60050	4369	0.043472633
60079	6083	0.021241322
60079	1722	0.021241318
60079	2528	0.021241318
60079	4900	0.021241318
60079	6391	0.021241318
60079	4369	0.021241317
60079	79	0.021241315
60079	105	0.021241315
60079	804	0.021241315
60079	1143	0.021241315
60130	2528	0.02885406
60130	6083	0.02885406
60130	1722	0.028854059
60130	4369	0.028854057
60130	4900	0.028854057
60130	6391	0.028854057
60130	79	0.028854053
60130	105	0.028854053
60130	1143	0.028854053
60130	3564	0.028854053
60140	1722	0.032695863
60140	2528	0.032695863
60140	6083	0.032695863
60140	4369	0.03269586
60140	4900	0.03269586
60140	6391	0.03269586
60140	79	0.032695856
60140	105	0.032695856
60140	1143	0.032695856
60140	3564	0.032695856
60157	6083	0.024283946
60157	1722	0.024283942
60157	2528	0.024283942
60157	4369	0.024283942
60157	4900	0.024283942
60157	6391	0.024283942
60157	79	0.024283938
60157	105	0.024283938
60157	1143	0.024283938
60157	3564	0.024283938
60168	6083	0.021021433
60168	1722	0.021021431
60168	2528	0.021021431
60168	3564	0.02102143
60168	4369	0.02102143
60168	4900	0.02102143
60168	6391	0.02102143
60168	79	0.021021428
60168	105	0.021021428
60168	804	0.021021426
60211	6083	0.028437702
60211	1722	0.0284377
60211	2528	0.0284377
60211	4900	0.0284377
60211	6391	0.028437698
60211	1143	0.028437696
60211	3564	0.028437696
60211	4369	0.028437696
60211	79	0.028437695
60211	105	0.028437695
60253	1722	0.022877336
60253	2528	0.022877336
60253	6083	0.022877336
60253	79	0.022877332
60253	3564	0.022877332
60253	4369	0.022877332
60253	4900	0.022877332
60253	6391	0.022877332
60253	105	0.02287733
60253	1143	0.02287733
60263	6083	0.034476355
60263	1722	0.03447635
60263	2528	0.03447635
60263	4369	0.034476347
60263	4900	0.034476347
60263	6391	0.034476347
60263	79	0.034476344
60263	1143	0.034476344
60263	3564	0.034476344
60263	3917	0.034476344
60278	6083	0.030393591
60278	1722	0.03039359
60278	2528	0.03039359
60278	6391	0.03039359
60278	4900	0.030393587
60278	3564	0.030393586
60278	4369	0.030393586
60278	79	0.030393584
60278	1143	0.030393584
60278	105	0.030393582
60307	6083	0.029813016
60307	2528	0.029813014
60307	1722	0.029813012
60307	4900	0.029813012
60307	4369	0.02981301
60307	6391	0.02981301
60307	1143	0.029813008
60307	3564	0.029813008
60307	79	0.029813007
60307	105	0.029813007
60319	2528	0.025949612
60319	6083	0.02594961
60319	1722	0.025949609
60319	4369	0.025949609
60319	4900	0.025949609
60319	6391	0.025949607
60319	79	0.025949605
60319	105	0.025949605
60319	1143	0.025949605
60319	3564	0.025949605
60336	2528	0.02360595
60336	6083	0.02360595
60336	1722	0.023605948
60336	79	0.023605946
60336	4369	0.023605946
60336	4900	0.023605946
60336	6391	0.023605946
60336	1143	0.023605945
60336	3564	0.023605945
60336	105	0.023605943
60337	1722	0.034591813
60337	2528	0.034591813
60337	4900	0.034591813
60337	6083	0.034591813
60337	3564	0.03459181
60337	4369	0.03459181
60337	6391	0.03459181
60337	79	0.034591805
60337	1143	0.034591805
60337	5896	0.034591805
60392	2528	0.028183635
60392	6083	0.028183635
60392	1722	0.028183633
60392	4369	0.028183632
60392	4900	0.028183632
60392	6391	0.028183632
60392	3564	0.02818363
60392	79	0.028183628
60392	105	0.028183628
60392	1143	0.028183628
60412	2528	0.028546732
60412	6083	0.028546732
60412	1722	0.02854673
60412	4369	0.028546728
60412	4900	0.028546728
60412	6391	0.028546728
60412	79	0.028546724
60412	105	0.028546724
60412	1143	0.028546724
60412	3564	0.028546724
60427	1722	0.042428076
60427	2528	0.042428076
60427	6083	0.042428076
60427	6391	0.042428076
60427	4900	0.042428073
60427	79	0.04242807
60427	105	0.04242807
60427	1143	0.04242807
60427	3088	0.04242807
60427	3564	0.04242807
60445	6083	0.023388524
60445	2528	0.023388522
60445	1722	0.02338852
60445	4900	0.02338852
60445	6391	0.02338852
60445	3564	0.023388518
60445	4369	0.023388518
60445	79	0.023388516
60445	105	0.023388516
60445	804	0.023388516
60475	2528	0.037774518
60475	6083	0.037774518
60475	1722	0.037774514
60475	4369	0.037774514
60475	6391	0.037774514
60475	79	0.03777451
60475	105	0.03777451
60475	1143	0.03777451
60475	3564	0.03777451
60475	4900	0.03777451
60546	1722	0.025769692
60546	2528	0.025769692
60546	6083	0.025769692
60546	4900	0.02576969
60546	79	0.025769688
60546	3564	0.025769688
60546	4369	0.025769688
60546	6391	0.025769688
60546	1143	0.025769686
60546	105	0.025769684
60569	6083	0.030573148
60569	1722	0.030573145
60569	2528	0.030573145
60569	6391	0.030573145
60569	4369	0.03057314
60569	4900	0.03057314
60569	1143	0.030573139
60569	3564	0.030573139
60569	79	0.030573137
60569	105	0.030573137
60583	6083	0.026799783
60583	2528	0.026799781
60583	1722	0.02679978
60583	4900	0.02679978
60583	6391	0.02679978
60583	4369	0.026799778
60583	79	0.026799776
60583	105	0.026799776
60583	1143	0.026799776
60583	3564	0.026799776
60621	6083	0.04579672
60621	1722	0.045796715
60621	2528	0.045796715
60621	4369	0.04579671
60621	6391	0.04579671
60621	1143	0.045796707
60621	3564	0.045796707
60621	4900	0.045796707
60621	79	0.045796704
60621	105	0.045796704
60703	2528	0.03101773
60703	6083	0.03101773
60703	1722	0.031017728
60703	4369	0.031017726
60703	6391	0.031017726
60703	4900	0.031017724
60703	79	0.031017723
60703	1143	0.031017723
60703	3564	0.031017723
60703	105	0.03101772
60797	6083	0.036084674
60797	1722	0.03608467
60797	2528	0.03608467
60797	6391	0.03608467
60797	79	0.036084667
60797	3564	0.036084667
60797	4369	0.036084667
60797	4900	0.036084667
60797	105	0.036084663
60797	1143	0.036084663
60858	2528	0.035566732
60858	6083	0.035566732
60858	1722	0.03556673
60858	4900	0.03556673
60858	6391	0.03556673
60858	79	0.035566725
60858	105	0.035566725
60858	1143	0.035566725
60858	3564	0.035566725
60858	3917	0.035566725
60905	1722	0.031820633
60905	2528	0.031820633
60905	4900	0.031820633
60905	6083	0.031820633
60905	6391	0.031820633
60905	1143	0.03182063
60905	3564	0.03182063
60905	4369	0.03182063
60905	79	0.031820625
60905	105	0.031820625
60977	6083	0.01814478
60977	1722	0.018144779
60977	2528	0.018144779
60977	4369	0.018144779
60977	4900	0.018144779
60977	6391	0.018144779
60977	79	0.018144775
60977	105	0.018144775
60977	804	0.018144775
60977	1143	0.018144775
61028	2528	0.028094806
61028	6083	0.028094806
61028	1722	0.028094802
61028	4369	0.028094802
61028	4900	0.028094802
61028	6391	0.028094802
61028	3564	0.0280948
61028	79	0.028094798
61028	105	0.028094798
61028	1143	0.028094798
61038	6083	0.030839972
61038	2528	0.03083997
61038	1722	0.030839968
61038	6391	0.030839968
61038	4369	0.030839967
61038	4900	0.030839967
61038	79	0.030839965
61038	3564	0.030839965
61038	1143	0.030839963
61038	5896	0.030839963
61042	2528	0.026593596
61042	6083	0.026593596
61042	1722	0.026593594
61042	4369	0.026593592
61042	4900	0.026593592
61042	6391	0.026593592
61042	79	0.02659359
61042	3564	0.02659359
61042	105	0.026593588
61042	804	0.026593588
61146	6083	0.028251838
61146	2528	0.028251836
61146	1722	0.028251834
61146	4900	0.028251834
61146	6391	0.028251834
61146	4369	0.028251832
61146	1143	0.02825183
61146	3564	0.02825183
61146	79	0.028251829
61146	105	0.028251829
61147	2528	0.026661202
61147	6083	0.0266612
61147	1722	0.026661199
61147	4900	0.026661199
61147	6391	0.026661199
61147	4369	0.026661197
61147	79	0.026661195
61147	1143	0.026661195
61147	3564	0.026661195
61147	3917	0.026661195
61211	6083	0.027217556
61211	1722	0.027217554
61211	2528	0.027217554
61211	4369	0.027217552
61211	4900	0.027217552
61211	6391	0.027217552
61211	1143	0.02721755
61211	79	0.027217548
61211	105	0.027217548
61211	3564	0.027217548
61257	6083	0.027887493
61257	1722	0.027887492
61257	2528	0.027887492
61257	4900	0.02788749
61257	6391	0.02788749
61257	1143	0.027887488
61257	4369	0.027887488
61257	79	0.027887486
61257	105	0.027887486
61257	3564	0.027887486
61283	1722	0.02454875
61283	2528	0.02454875
61283	6083	0.02454875
61283	6391	0.024548749
61283	1143	0.024548747
61283	3564	0.024548747
61283	4369	0.024548747
61283	4900	0.024548747
61283	79	0.024548745
61283	105	0.024548745
61348	2528	0.02672888
61348	6083	0.02672888
61348	6391	0.026728878
61348	1722	0.026728876
61348	4369	0.026728876
61348	4900	0.026728876
61348	1143	0.026728874
61348	79	0.026728872
61348	105	0.026728872
61348	3088	0.026728872
61354	6083	0.026335187
61354	2528	0.026335185
61354	1722	0.026335184
61354	4900	0.026335184
61354	6391	0.026335184
61354	3564	0.026335182
61354	4369	0.026335182
61354	79	0.02633518
61354	105	0.02633518
61354	1143	0.02633518
61427	6083	0.04535165
61427	1722	0.045351647
61427	2528	0.045351647
61427	4369	0.045351647
61427	4900	0.045351647
61427	6391	0.045351647
61427	79	0.04535164
61427	105	0.04535164
61427	1143	0.04535164
61427	3564	0.04535164
61619	6083	0.026890371
61619	1722	0.02689037
61619	2528	0.02689037
61619	4369	0.026890367
61619	4900	0.026890367
61619	6391	0.026890367
61619	79	0.026890365
61619	1143	0.026890365
61619	105	0.026890364
61619	3088	0.026890364
61668	6083	0.023452533
61668	2528	0.023452532
61668	6391	0.023452532
61668	1722	0.02345253
61668	4900	0.02345253
61668	3564	0.023452528
61668	4369	0.023452528
61668	79	0.023452526
61668	105	0.023452526
61668	1143	0.023452526
61704	2528	0.022388583
61704	1722	0.022388581
61704	6083	0.022388581
61704	4369	0.02238858
61704	4900	0.02238858
61704	6391	0.02238858
61704	79	0.022388577
61704	105	0.022388577
61704	1143	0.022388577
61704	3564	0.022388577
61759	2528	0.026704077
61759	6083	0.026704077
61759	1722	0.026704073
61759	4369	0.026704073
61759	4900	0.026704073
61759	6391	0.026704073
61759	3564	0.026704071
61759	79	0.02670407
61759	105	0.02670407
61759	1143	0.02670407
61798	6083	0.037674777
61798	2528	0.037674773
61798	1722	0.03767477
61798	4369	0.03767477
61798	4900	0.03767477
61798	6391	0.03767477
61798	105	0.037674766
61798	1143	0.037674766
61798	3564	0.037674766
61798	79	0.037674762
61835	6083	0.030235874
61835	1722	0.030235872
61835	2528	0.030235872
61835	4900	0.030235872
61835	6391	0.03023587
61835	79	0.030235868
61835	1143	0.030235868
61835	3564	0.030235868
61835	4369	0.030235868
61835	105	0.030235866
61845	2528	0.030914888
61845	6083	0.030914888
61845	1722	0.030914884
61845	4369	0.030914884
61845	4900	0.030914884
61845	6391	0.030914884
61845	79	0.03091488
61845	1143	0.03091488
61845	3564	0.03091488
61845	5896	0.03091488
61854	2528	0.03801246
61854	6083	0.03801246
61854	1722	0.038012456
61854	79	0.038012452
61854	4369	0.038012452
61854	4900	0.038012452
61854	6391	0.038012452
61854	105	0.03801245
61854	1143	0.03801245
61854	3088	0.03801245
61888	2528	0.030048382
61888	6083	0.030048382
61888	1722	0.030048378
61888	6391	0.030048378
61888	4900	0.030048376
61888	79	0.030048374
61888	105	0.030048374
61888	1143	0.030048374
61888	3564	0.030048374
61888	4369	0.030048374
61901	6083	0.03466659
61901	79	0.034666583
61901	1143	0.034666583
61901	1722	0.034666583
61901	2528	0.034666583
61901	3564	0.034666583
61901	4369	0.034666583
61901	4900	0.034666583
61901	6391	0.034666583
61901	3088	0.03466658
61910	6083	0.02154218
61910	2528	0.021542178
61910	1722	0.021542177
61910	4900	0.021542177
61910	6391	0.021542177
61910	79	0.021542175
61910	3564	0.021542175
61910	4369	0.021542175
61910	105	0.021542173
61910	1143	0.021542173
62150	6083	0.035076518
62150	1722	0.035076514
62150	2528	0.035076514
62150	4369	0.035076514
62150	4900	0.035076514
62150	6391	0.03507651
62150	79	0.035076506
62150	105	0.035076506
62150	1143	0.035076506
62150	3088	0.035076506
62172	1722	0.020012762
62172	2528	0.020012762
62172	6083	0.020012762
62172	4900	0.02001276
62172	6391	0.02001276
62172	79	0.020012759
62172	105	0.020012759
62172	1143	0.020012759
62172	3564	0.020012759
62172	4369	0.020012759
62239	6083	0.026285186
62239	2528	0.026285185
62239	1722	0.026285183
62239	4900	0.026285183
62239	6391	0.026285183
62239	4369	0.02628518
62239	79	0.026285179
62239	105	0.026285179
62239	1143	0.026285179
62239	3564	0.026285179
62272	1722	0.044517793
62272	2528	0.044517793
62272	6083	0.044517793
62272	4900	0.04451779
62272	6391	0.04451779
62272	4369	0.044517785
62272	79	0.04451778
62272	105	0.04451778
62272	1143	0.04451778
62272	3564	0.04451778
62303	2528	0.027034577
62303	6083	0.027034577
62303	1722	0.027034575
62303	4900	0.027034573
62303	6391	0.027034573
62303	4369	0.027034571
62303	79	0.02703457
62303	105	0.02703457
62303	1143	0.02703457
62303	3564	0.02703457
62316	6083	0.027555047
62316	1722	0.027555045
62316	2528	0.027555045
62316	4900	0.027555043
62316	6391	0.027555043
62316	3564	0.027555041
62316	4369	0.027555041
62316	79	0.02755504
62316	105	0.02755504
62316	1143	0.02755504
62464	6083	0.028624855
62464	2528	0.028624853
62464	1722	0.028624851
62464	6391	0.028624851
62464	4900	0.02862485
62464	79	0.028624848
62464	105	0.028624848
62464	1143	0.028624848
62464	4369	0.028624848
62464	3564	0.028624846
62471	2528	0.017619357
62471	6083	0.017619357
62471	1722	0.017619355
62471	1143	0.017619353
62471	3564	0.017619353
62471	4369	0.017619353
62471	4900	0.017619353
62471	6391	0.017619353
62471	79	0.01761935
62471	105	0.01761935
62542	6083	0.045591183
62542	1722	0.045591176
62542	2528	0.045591176
62542	4900	0.045591176
62542	6391	0.045591176
62542	4369	0.04559117
62542	79	0.045591168
62542	105	0.045591168
62542	1143	0.045591168
62542	3564	0.045591168
62558	6083	0.029952496
62558	2528	0.029952494
62558	1722	0.029952493
62558	6391	0.029952493
62558	4900	0.02995249
62558	1143	0.029952489
62558	3564	0.029952489
62558	4369	0.029952489
62558	79	0.029952487
62558	105	0.029952487
62582	6083	0.02356624
62582	1722	0.023566239
62582	2528	0.023566239
62582	4369	0.023566237
62582	4900	0.023566237
62582	1143	0.023566235
62582	3564	0.023566235
62582	6391	0.023566235
62582	105	0.023566233
62582	3088	0.023566233
62688	1722	0.02786836
62688	2528	0.02786836
62688	6083	0.02786836
62688	4900	0.027868358
62688	6391	0.027868358
62688	3564	0.027868357
62688	4369	0.027868357
62688	1143	0.027868355
62688	79	0.027868353
62688	105	0.027868353
62716	6083	0.02385397
62716	1722	0.023853969
62716	2528	0.023853969
62716	4900	0.023853967
62716	6391	0.023853967
62716	79	0.023853965
62716	105	0.023853965
62716	1143	0.023853965
62716	3564	0.023853965
62716	4369	0.023853965
62755	2528	0.02924005
62755	6083	0.02924005
62755	1722	0.029240046
62755	4900	0.029240046
62755	6391	0.029240046
62755	4369	0.029240044
62755	79	0.029240042
62755	1143	0.029240042
62755	3564	0.029240042
62755	5896	0.029240042
62862	2528	0.03027863
62862	6083	0.03027863
62862	1722	0.030278629
62862	4900	0.030278629
62862	6391	0.030278629
62862	4369	0.030278627
62862	79	0.030278625
62862	3564	0.030278625
62862	105	0.030278623
62862	1143	0.030278623
62881	2528	0.02672303
62881	6083	0.02672303
62881	1722	0.026723027
62881	6391	0.026723027
62881	4369	0.026723025
62881	4900	0.026723025
62881	1143	0.026723024
62881	3564	0.026723024
62881	79	0.026723022
62881	105	0.026723022
62891	6083	0.033725593
62891	1722	0.03372559
62891	2528	0.03372559
62891	4900	0.03372559
62891	6391	0.03372559
62891	4369	0.033725586
62891	79	0.033725582
62891	105	0.033725582
62891	804	0.033725582
62891	1143	0.033725582
62895	6083	0.031811416
62895	1143	0.03181141
62895	1722	0.03181141
62895	2528	0.03181141
62895	3564	0.03181141
62895	4369	0.03181141
62895	4900	0.03181141
62895	6391	0.03181141
62895	105	0.031811405
62895	79	0.0318114
62958	1722	0.02465041
62958	2528	0.02465041
62958	6083	0.02465041
62958	6391	0.024650408
62958	1143	0.024650406
62958	4369	0.024650406
62958	4900	0.024650406
62958	79	0.024650404
62958	3564	0.024650404
62958	105	0.024650402
62966	2528	0.03675232
62966	6083	0.03675232
62966	1722	0.036752317
62966	79	0.036752313
62966	1143	0.036752313
62966	4369	0.036752313
62966	4900	0.036752313
62966	6391	0.036752313
62966	105	0.03675231
62966	3088	0.03675231
62968	2528	0.031560596
62968	6083	0.031560596
62968	1143	0.031560592
62968	1722	0.031560592
62968	3564	0.031560592
62968	4369	0.031560592
62968	4900	0.031560592
62968	6391	0.031560592
62968	79	0.03156059
62968	105	0.03156059
63004	6083	0.025351474
63004	1722	0.025351472
63004	2528	0.025351472
63004	4369	0.02535147
63004	4900	0.02535147
63004	105	0.025351468
63004	1143	0.025351468
63004	3564	0.025351468
63004	6391	0.025351468
63004	79	0.025351467
63360	6083	0.025464121
63360	2528	0.02546412
63360	1722	0.025464118
63360	4900	0.025464118
63360	6391	0.025464118
63360	4369	0.025464116
63360	79	0.025464114
63360	105	0.025464114
63360	1143	0.025464114
63360	3564	0.025464114
63389	2528	0.028932098
63389	6083	0.028932098
63389	1722	0.028932096
63389	4369	0.028932095
63389	4900	0.028932095
63389	6391	0.028932095
63389	79	0.02893209
63389	105	0.02893209
63389	1143	0.02893209
63389	3564	0.02893209
63394	1722	0.050665535
63394	2528	0.050665535
63394	6083	0.050665535
63394	6391	0.05066553
63394	1143	0.050665528
63394	4369	0.050665528
63394	4900	0.050665528
63394	79	0.050665524
63394	3564	0.050665524
63394	105	0.05066552
63452	6083	0.024561353
63452	1722	0.02456135
63452	2528	0.02456135
63452	4900	0.02456135
63452	6391	0.02456135
63452	4369	0.024561347
63452	79	0.024561346
63452	105	0.024561346
63452	1143	0.024561346
63452	3564	0.024561346
63506	6083	0.02949131
63506	2528	0.029491307
63506	1722	0.029491305
63506	4900	0.029491305
63506	6391	0.029491305
63506	4369	0.029491303
63506	79	0.029491302
63506	1143	0.029491302
63506	3564	0.029491302
63506	105	0.0294913
63507	6083	0.024640704
63507	1722	0.024640702
63507	2528	0.024640702
63507	4900	0.0246407
63507	6391	0.0246407
63507	1143	0.024640698
63507	3564	0.024640698
63507	4369	0.024640698
63507	79	0.024640696
63507	105	0.024640696
63595	6083	0.03980531
63595	1722	0.039805308
63595	2528	0.039805308
63595	4900	0.039805308
63595	6391	0.039805308
63595	4369	0.039805304
63595	79	0.0398053
63595	105	0.0398053
63595	804	0.0398053
63595	1143	0.0398053
63625	6083	0.035267185
63625	1722	0.03526718
63625	2528	0.03526718
63625	4900	0.03526718
63625	6391	0.03526718
63625	4369	0.035267178
63625	79	0.035267174
63625	105	0.035267174
63625	804	0.035267174
63625	1143	0.035267174
63854	6083	0.03362012
63854	2528	0.033620115
63854	1722	0.03362011
63854	3564	0.03362011
63854	4369	0.03362011
63854	4900	0.03362011
63854	6391	0.03362011
63854	79	0.033620108
63854	1143	0.033620108
63854	105	0.033620104
63865	2528	0.030771565
63865	6083	0.030771565
63865	1722	0.030771563
63865	4900	0.030771561
63865	6391	0.030771561
63865	4369	0.03077156
63865	79	0.030771557
63865	105	0.030771557
63865	1143	0.030771557
63865	3564	0.030771557
63923	6083	0.027727854
63923	1722	0.02772785
63923	2528	0.02772785
63923	6391	0.02772785
63923	4900	0.027727848
63923	79	0.027727846
63923	105	0.027727846
63923	1143	0.027727846
63923	3564	0.027727846
63923	4369	0.027727846
63938	6083	0.023527654
63938	1722	0.023527652
63938	2528	0.023527652
63938	6391	0.023527652
63938	4369	0.02352765
63938	4900	0.02352765
63938	79	0.023527648
63938	105	0.023527648
63938	1143	0.023527648
63938	3564	0.023527648
63956	2528	0.047444202
63956	6083	0.047444202
63956	1722	0.047444195
63956	4369	0.047444195
63956	4900	0.047444195
63956	6391	0.047444195
63956	1143	0.04744419
63956	3564	0.04744419
63956	79	0.047444187
63956	105	0.047444187
64075	6083	0.032940168
64075	1722	0.032940164
64075	2528	0.032940164
64075	4369	0.032940164
64075	4900	0.032940164
64075	6391	0.032940164
64075	1143	0.03294016
64075	3564	0.03294016
64075	79	0.032940157
64075	105	0.032940157
64220	1722	0.03357084
64220	2528	0.03357084
64220	4369	0.03357084
64220	4900	0.03357084
64220	6083	0.03357084
64220	6391	0.03357084
64220	79	0.033570834
64220	105	0.033570834
64220	1143	0.033570834
64220	1557	0.033570834
64241	2528	0.03185317
64241	6083	0.03185317
64241	1722	0.031853165
64241	4900	0.031853165
64241	79	0.03185316
64241	105	0.03185316
64241	1143	0.03185316
64241	3564	0.03185316
64241	3917	0.03185316
64241	4369	0.03185316
64270	6083	0.03831288
64270	1722	0.038312875
64270	2528	0.038312875
64270	4369	0.038312875
64270	4900	0.038312875
64270	6391	0.038312875
64270	79	0.03831287
64270	1143	0.03831287
64270	3564	0.03831287
64270	105	0.038312867
64271	6083	0.03769853
64271	6391	0.037698526
64271	1722	0.037698522
64271	2528	0.037698522
64271	4369	0.037698522
64271	4900	0.037698522
64271	105	0.03769852
64271	1143	0.03769852
64271	3564	0.03769852
64271	79	0.037698515
64310	6083	0.034711387
64310	1722	0.034711383
64310	2528	0.034711383
64310	4900	0.034711383
64310	6391	0.034711383
64310	1143	0.03471138
64310	4369	0.03471138
64310	79	0.034711376
64310	105	0.034711376
64310	3088	0.034711376
64316	6083	0.030958451
64316	2528	0.03095845
64316	1722	0.030958448
64316	4900	0.030958448
64316	6391	0.030958448
64316	4369	0.030958446
64316	79	0.030958444
64316	105	0.030958444
64316	1143	0.030958444
64316	3564	0.030958444
64396	6083	0.027397975
64396	2528	0.027397973
64396	1722	0.027397972
64396	6391	0.027397972
64396	4900	0.02739797
64396	1143	0.027397968
64396	3564	0.027397968
64396	4369	0.027397968
64396	79	0.027397966
64396	105	0.027397966
64435	1722	0.024597362
64435	2528	0.024597362
64435	4900	0.024597362
64435	6083	0.024597362
64435	6391	0.02459736
64435	79	0.024597358
64435	105	0.024597358
64435	1143	0.024597358
64435	3564	0.024597358
64435	4369	0.024597358
64436	6083	0.031940877
64436	1722	0.031940874
64436	2528	0.031940874
64436	6391	0.031940874
64436	105	0.03194087
64436	1143	0.03194087
64436	3564	0.03194087
64436	4369	0.03194087
64436	4900	0.03194087
64436	79	0.031940866
64449	2528	0.019489786
64449	6083	0.019489786
64449	1722	0.019489784
64449	4900	0.019489784
64449	6391	0.019489784
64449	105	0.019489782
64449	1143	0.019489782
64449	4369	0.019489782
64449	79	0.01948978
64449	804	0.01948978
64535	2528	0.043982446
64535	6083	0.043982446
64535	79	0.04398244
64535	1143	0.04398244
64535	1722	0.04398244
64535	3564	0.04398244
64535	4369	0.04398244
64535	4900	0.04398244
64535	6391	0.04398244
64535	105	0.043982435
64679	6083	0.031192638
64679	2528	0.031192636
64679	1722	0.031192634
64679	4369	0.031192634
64679	4900	0.031192634
64679	6391	0.031192634
64679	1143	0.03119263
64679	3564	0.03119263
64679	79	0.031192629
64679	105	0.031192629
64846	6083	0.023363525
64846	1722	0.023363523
64846	2528	0.023363523
64846	6391	0.023363523
64846	4900	0.023363521
64846	79	0.02336352
64846	105	0.02336352
64846	1143	0.02336352
64846	3564	0.02336352
64846	4369	0.02336352
64946	6083	0.020932099
64946	1722	0.020932097
64946	2528	0.020932097
64946	4369	0.020932097
64946	4900	0.020932097
64946	6391	0.020932097
64946	79	0.020932093
64946	105	0.020932093
64946	1143	0.020932093
64946	3088	0.020932093
65032	2528	0.024343438
65032	6083	0.024343438
65032	1722	0.024343435
65032	4369	0.024343435
65032	4900	0.024343435
65032	6391	0.024343435
65032	79	0.024343433
65032	3564	0.024343433
65032	105	0.024343431
65032	1143	0.024343431
65068	2528	0.014224725
65068	6083	0.014224725
65068	1722	0.014224723
65068	4900	0.014224723
65068	6391	0.014224723
65068	4369	0.014224722
65068	79	0.014224721
65068	1143	0.014224721
65068	3564	0.014224721
65068	105	0.01422472
65145	6083	0.026955118
65145	1722	0.026955117
65145	2528	0.026955117
65145	4900	0.026955117
65145	6391	0.026955117
65145	105	0.026955113
65145	3564	0.026955113
65145	4369	0.026955113
65145	79	0.026955111
65145	1143	0.026955111
65183	1722	0.03740581
65183	2528	0.03740581
65183	4900	0.03740581
65183	6083	0.03740581
65183	3564	0.037405808
65183	4369	0.037405808
65183	6391	0.037405808
65183	79	0.037405804
65183	105	0.037405804
65183	1143	0.037405804
65208	6083	0.030775253
65208	2528	0.03077525
65208	1722	0.030775249
65208	6391	0.030775249
65208	4369	0.030775247
65208	4900	0.030775247
65208	79	0.030775245
65208	1143	0.030775245
65208	3564	0.030775245
65208	105	0.030775243
65228	6083	0.028087504
65228	2528	0.028087502
65228	1722	0.0280875
65228	4369	0.0280875
65228	4900	0.0280875
65228	6391	0.0280875
65228	79	0.028087497
65228	105	0.028087497
65228	1143	0.028087497
65228	3088	0.028087497
65238	2528	0.026669297
65238	6083	0.026669297
65238	1722	0.026669296
65238	6391	0.026669296
65238	4369	0.026669294
65238	4900	0.026669294
65238	1143	0.026669292
65238	3564	0.026669292
65238	79	0.02666929
65238	105	0.02666929
65258	1722	0.03822527
65258	2528	0.03822527
65258	6083	0.03822527
65258	6391	0.03822527
65258	4900	0.038225267
65258	1143	0.038225263
65258	3564	0.038225263
65258	4369	0.038225263
65258	79	0.03822526
65258	105	0.03822526
65370	1722	0.023480907
65370	6083	0.023480907
65370	2528	0.023480905
65370	3564	0.023480903
65370	4369	0.023480903
65370	4900	0.023480903
65370	6391	0.023480903
65370	79	0.023480901
65370	105	0.023480901
65370	1143	0.023480901
65484	6083	0.02908743
65484	2528	0.029087428
65484	1722	0.029087426
65484	4369	0.029087424
65484	4900	0.029087424
65484	6391	0.029087424
65484	3564	0.029087422
65484	79	0.02908742
65484	105	0.02908742
65484	1143	0.02908742
65487	2528	0.027843222
65487	6083	0.027843222
65487	1722	0.02784322
65487	4369	0.027843218
65487	4900	0.027843218
65487	6391	0.027843218
65487	1143	0.027843216
65487	3564	0.027843216
65487	79	0.027843215
65487	105	0.027843215
65497	6083	0.019247772
65497	1722	0.01924777
65497	2528	0.01924777
65497	4369	0.01924777
65497	4900	0.01924777
65497	6391	0.01924777
65497	1143	0.019247768
65497	3564	0.019247768
65497	79	0.019247767
65497	105	0.019247767
65584	6083	0.03601113
65584	1722	0.036011126
65584	2528	0.036011126
65584	6391	0.036011126
65584	79	0.036011122
65584	105	0.036011122
65584	1143	0.036011122
65584	3088	0.036011122
65584	3564	0.036011122
65584	3917	0.036011122
65663	2528	0.027503042
65663	6083	0.027503042
65663	1722	0.02750304
65663	4900	0.027503038
65663	6391	0.027503038
65663	1143	0.027503036
65663	3564	0.027503036
65663	4369	0.027503036
65663	79	0.027503034
65663	105	0.027503034
65665	2528	0.028503109
65665	6083	0.028503109
65665	1722	0.028503107
65665	4369	0.028503105
65665	4900	0.028503105
65665	6391	0.028503105
65665	1143	0.028503103
65665	3564	0.028503103
65665	79	0.028503101
65665	105	0.028503101
65769	6083	0.029440667
65769	2528	0.029440666
65769	1722	0.029440664
65769	4900	0.029440664
65769	6391	0.029440664
65769	105	0.02944066
65769	1143	0.02944066
65769	3564	0.02944066
65769	4369	0.02944066
65769	79	0.029440658
65791	6083	0.036335472
65791	1722	0.03633547
65791	2528	0.03633547
65791	6391	0.03633547
65791	4369	0.036335465
65791	4900	0.036335465
65791	79	0.03633546
65791	105	0.03633546
65791	804	0.03633546
65791	1143	0.03633546
65817	2528	0.037304204
65817	6083	0.037304204
65817	1722	0.0373042
65817	4369	0.0373042
65817	4900	0.0373042
65817	6391	0.0373042
65817	79	0.037304197
65817	1143	0.037304197
65817	105	0.037304193
65817	3088	0.037304193
65837	6083	0.029186094
65837	1722	0.029186092
65837	2528	0.029186092
65837	4900	0.02918609
65837	4369	0.029186089
65837	6391	0.029186089
65837	79	0.029186087
65837	105	0.029186087
65837	1143	0.029186087
65837	3564	0.029186087
65877	6083	0.040948268
65877	1722	0.040948264
65877	2528	0.040948264
65877	4900	0.04094826
65877	6391	0.04094826
65877	79	0.040948257
65877	105	0.040948257
65877	1143	0.040948257
65877	3564	0.040948257
65877	3917	0.040948257
65913	2528	0.029238869
65913	6083	0.029238869
65913	1722	0.029238865
65913	4900	0.029238865
65913	6391	0.029238865
65913	4369	0.029238863
65913	79	0.029238861
65913	105	0.029238861
65913	1143	0.029238861
65913	3564	0.029238861
65946	2528	0.024571355
65946	6083	0.024571355
65946	1722	0.024571354
65946	3564	0.024571352
65946	4369	0.024571352
65946	4900	0.024571352
65946	6391	0.024571352
65946	1143	0.02457135
65946	79	0.024571348
65946	105	0.024571348
66055	1722	0.032333218
66055	2528	0.032333218
66055	4900	0.032333218
66055	6083	0.032333218
66055	6391	0.032333218
66055	1143	0.032333214
66055	79	0.03233321
66055	105	0.03233321
66055	804	0.03233321
66055	1557	0.03233321
66073	2528	0.03871735
66073	6083	0.03871735
66073	1722	0.038717348
66073	6391	0.038717348
66073	1143	0.038717344
66073	3564	0.038717344
66073	4369	0.038717344
66073	4900	0.038717344
66073	79	0.03871734
66073	105	0.03871734
66100	6083	0.028041594
66100	2528	0.028041592
66100	1722	0.02804159
66100	4900	0.02804159
66100	6391	0.02804159
66100	79	0.028041586
66100	1143	0.028041586
66100	3564	0.028041586
66100	4369	0.028041586
66100	105	0.028041584
66323	2528	0.018063001
66323	6083	0.018063001
66323	1722	0.018063
66323	6391	0.018063
66323	79	0.018062998
66323	1143	0.018062998
66323	3564	0.018062998
66323	4369	0.018062998
66323	4900	0.018062998
66323	5896	0.018062998
66387	2528	0.03430966
66387	6083	0.03430966
66387	1722	0.034309655
66387	3564	0.034309655
66387	4900	0.034309655
66387	6391	0.034309655
66387	1143	0.03430965
66387	4369	0.03430965
66387	5896	0.03430965
66387	79	0.034309648
66443	6083	0.028698862
66443	2528	0.02869886
66443	1722	0.028698858
66443	4900	0.028698858
66443	6391	0.028698858
66443	79	0.028698854
66443	105	0.028698854
66443	1143	0.028698854
66443	3564	0.028698854
66443	4369	0.028698854
66473	2528	0.0266882
66473	6083	0.0266882
66473	1722	0.026688198
66473	4369	0.026688196
66473	4900	0.026688196
66473	6391	0.026688196
66473	3564	0.026688194
66473	79	0.026688192
66473	105	0.026688192
66473	1143	0.026688192
66483	6083	0.027044814
66483	2528	0.027044812
66483	1722	0.02704481
66483	4900	0.02704481
66483	6391	0.02704481
66483	4369	0.027044808
66483	79	0.027044807
66483	105	0.027044807
66483	1143	0.027044807
66483	3564	0.027044807
66485	2528	0.038977332
66485	6083	0.038977332
66485	1722	0.03897733
66485	4900	0.03897733
66485	6391	0.03897733
66485	79	0.038977325
66485	105	0.038977325
66485	1143	0.038977325
66485	3564	0.038977325
66485	4369	0.038977325
66487	2528	0.03262035
66487	6083	0.03262035
66487	1722	0.032620348
66487	4900	0.032620348
66487	6391	0.032620348
66487	79	0.032620344
66487	4369	0.032620344
66487	105	0.03262034
66487	804	0.03262034
66487	1143	0.03262034
66518	1722	0.028787129
66518	2528	0.028787129
66518	6083	0.028787129
66518	4900	0.028787127
66518	4369	0.028787125
66518	6391	0.028787125
66518	105	0.028787123
66518	1143	0.028787123
66518	3564	0.028787123
66518	79	0.028787121
66533	6083	0.028389407
66533	1722	0.028389405
66533	2528	0.028389405
66533	4900	0.028389405
66533	6391	0.028389405
66533	1143	0.028389402
66533	3564	0.028389402
66533	4369	0.028389402
66533	79	0.0283894
66533	105	0.0283894
66556	2528	0.030702231
66556	6083	0.030702231
66556	1722	0.03070223
66556	4900	0.030702226
66556	6391	0.030702226
66556	79	0.030702224
66556	3564	0.030702224
66556	4369	0.030702224
66556	105	0.030702222
66556	1143	0.030702222
66574	1722	0.04443695
66574	6083	0.04443695
66574	2528	0.044436947
66574	4369	0.044436947
66574	4900	0.044436947
66574	6391	0.044436947
66574	3564	0.044436943
66574	79	0.04443694
66574	105	0.04443694
66574	804	0.04443694
66591	2528	0.028373744
66591	6083	0.028373744
66591	1722	0.028373742
66591	4369	0.02837374
66591	4900	0.02837374
66591	6391	0.02837374
66591	79	0.028373737
66591	105	0.028373737
66591	1143	0.028373737
66591	3088	0.028373737
66640	2528	0.024769172
66640	6083	0.024769172
66640	1722	0.024769168
66640	4900	0.024769168
66640	6391	0.024769168
66640	3564	0.024769166
66640	4369	0.024769166
66640	79	0.024769165
66640	105	0.024769165
66640	1143	0.024769165
66680	1722	0.03833565
66680	2528	0.03833565
66680	6083	0.03833565
66680	6391	0.03833565
66680	4900	0.038335647
66680	79	0.038335644
66680	105	0.038335644
66680	1143	0.038335644
66680	3564	0.038335644
66680	3917	0.038335644
66789	6083	0.028356448
66789	1722	0.028356444
66789	2528	0.028356444
66789	4900	0.028356444
66789	6391	0.028356442
66789	1143	0.02835644
66789	3564	0.02835644
66789	4369	0.02835644
66789	79	0.028356439
66789	105	0.028356439
66797	2528	0.027728576
66797	6083	0.027728576
66797	1722	0.027728574
66797	4900	0.027728574
66797	6391	0.027728574
66797	4369	0.027728572
66797	105	0.02772857
66797	1143	0.02772857
66797	3564	0.02772857
66797	79	0.027728569
66853	6083	0.03551521
66853	2528	0.035515208
66853	1722	0.035515204
66853	4369	0.035515204
66853	4900	0.035515204
66853	6391	0.035515204
66853	79	0.0355152
66853	1143	0.0355152
66853	3564	0.0355152
66853	105	0.035515197
66878	2528	0.029011313
66878	6083	0.029011313
66878	1722	0.029011311
66878	4369	0.02901131
66878	4900	0.02901131
66878	6391	0.02901131
66878	79	0.029011305
66878	105	0.029011305
66878	1143	0.029011305
66878	3088	0.029011305
66942	2528	0.036923043
66942	6083	0.036923043
66942	1722	0.03692304
66942	79	0.036923036
66942	1143	0.036923036
66942	3564	0.036923036
66942	4369	0.036923036
66942	4900	0.036923036
66942	6391	0.036923036
66942	105	0.036923032
66953	6083	0.038399618
66953	1722	0.038399614
66953	2528	0.038399614
66953	4900	0.038399614
66953	6391	0.038399614
66953	4369	0.03839961
66953	79	0.038399607
66953	105	0.038399607
66953	1143	0.038399607
66953	3088	0.038399607
66960	6083	0.02515514
66960	1722	0.025155138
66960	2528	0.025155138
66960	6391	0.025155136
66960	1143	0.025155134
66960	3564	0.025155134
66960	4369	0.025155134
66960	4900	0.025155134
66960	79	0.025155133
66960	105	0.025155133
67079	6083	0.0358968
67079	1722	0.035896793
67079	2528	0.035896793
67079	3564	0.035896793
67079	4369	0.035896793
67079	4900	0.035896793
67079	6391	0.035896793
67079	79	0.03589679
67079	105	0.03589679
67079	1143	0.03589679
67085	2528	0.024068985
67085	6083	0.024068985
67085	1722	0.024068981
67085	4900	0.024068981
67085	6391	0.024068981
67085	105	0.02406898
67085	3564	0.02406898
67085	4369	0.02406898
67085	79	0.024068978
67085	804	0.024068978
67174	2528	0.027824935
67174	6083	0.027824935
67174	1722	0.02782493
67174	4369	0.02782493
67174	4900	0.02782493
67174	6391	0.02782493
67174	1143	0.027824929
67174	79	0.027824927
67174	105	0.027824927
67174	3564	0.027824927
67176	2528	0.03305842
67176	4900	0.03305842
67176	6083	0.03305842
67176	1722	0.033058416
67176	4369	0.033058416
67176	6391	0.033058416
67176	79	0.033058412
67176	105	0.033058412
67176	1143	0.033058412
67176	3088	0.033058412
67178	1722	0.030143458
67178	2528	0.030143458
67178	6083	0.030143458
67178	4900	0.030143457
67178	4369	0.030143455
67178	6391	0.030143455
67178	3564	0.030143453
67178	79	0.030143451
67178	105	0.030143451
67178	1143	0.030143451
67198	1722	0.035778575
67198	2528	0.035778575
67198	6083	0.035778575
67198	6391	0.035778575
67198	4369	0.03577857
67198	4900	0.03577857
67198	79	0.035778567
67198	105	0.035778567
67198	1143	0.035778567
67198	3088	0.035778567
67270	1722	0.020672824
67270	2528	0.020672824
67270	6083	0.020672824
67270	4900	0.020672822
67270	6391	0.020672822
67270	79	0.02067282
67270	105	0.02067282
67270	1143	0.02067282
67270	3564	0.02067282
67270	3917	0.02067282
67288	2528	0.030715168
67288	6083	0.030715168
67288	1722	0.030715164
67288	6391	0.030715164
67288	4900	0.030715162
67288	1143	0.03071516
67288	3564	0.03071516
67288	4369	0.03071516
67288	79	0.030715158
67288	105	0.030715158
67296	6083	0.036761027
67296	1722	0.036761023
67296	2528	0.036761023
67296	6391	0.036761023
67296	4900	0.03676102
67296	105	0.036761016
67296	1143	0.036761016
67296	3564	0.036761016
67296	3917	0.036761016
67296	4369	0.036761016
67354	1722	0.027874447
67354	2528	0.027874447
67354	4900	0.027874447
67354	6083	0.027874447
67354	6391	0.027874447
67354	1143	0.027874444
67354	3564	0.027874444
67354	4369	0.027874444
67354	79	0.027874442
67354	105	0.027874442
67402	6083	0.026186379
67402	1722	0.026186377
67402	2528	0.026186377
67402	4900	0.026186377
67402	4369	0.026186375
67402	6391	0.026186375
67402	105	0.026186373
67402	1143	0.026186373
67402	3564	0.026186373
67402	79	0.026186371
67403	6083	0.03195111
67403	1722	0.031951107
67403	2528	0.031951107
67403	4900	0.031951107
67403	6391	0.031951107
67403	4369	0.031951103
67403	79	0.0319511
67403	105	0.0319511
67403	804	0.0319511
67403	1143	0.0319511
67415	2528	0.02057347
67415	6083	0.02057347
67415	4900	0.020573469
67415	6391	0.020573469
67415	79	0.020573467
67415	1143	0.020573467
67415	1722	0.020573467
67415	3564	0.020573467
67415	4369	0.020573467
67415	105	0.020573465
67487	1722	0.024883471
67487	2528	0.024883471
67487	6083	0.024883471
67487	4369	0.02488347
67487	4900	0.02488347
67487	3564	0.024883468
67487	6391	0.024883468
67487	79	0.024883466
67487	105	0.024883466
67487	1143	0.024883466
67515	2528	0.036716737
67515	6083	0.036716737
67515	1722	0.03671673
67515	4369	0.03671673
67515	4900	0.03671673
67515	6391	0.03671673
67515	79	0.036716726
67515	105	0.036716726
67515	1143	0.036716726
67515	3088	0.036716726
67544	6083	0.022458475
67544	2528	0.022458473
67544	1722	0.022458471
67544	4369	0.022458471
67544	4900	0.022458471
67544	6391	0.022458471
67544	79	0.02245847
67544	1143	0.02245847
67544	3564	0.02245847
67544	105	0.022458468
67547	1722	0.032166168
67547	2528	0.032166168
67547	4900	0.032166168
67547	6083	0.032166168
67547	6391	0.032166164
67547	79	0.03216616
67547	105	0.03216616
67547	1143	0.03216616
67547	3088	0.03216616
67547	3564	0.03216616
67591	2528	0.036829695
67591	6083	0.036829695
67591	1143	0.036829688
67591	1722	0.036829688
67591	4369	0.036829688
67591	4900	0.036829688
67591	6391	0.036829688
67591	79	0.036829684
67591	3564	0.036829684
67591	105	0.03682968
67627	6083	0.033319946
67627	1722	0.033319943
67627	2528	0.033319943
67627	4369	0.033319943
67627	4900	0.033319943
67627	6391	0.033319943
67627	79	0.033319935
67627	105	0.033319935
67627	804	0.033319935
67627	1143	0.033319935
67663	6083	0.031095799
67663	1722	0.031095795
67663	2528	0.031095795
67663	4900	0.031095795
67663	6391	0.031095795
67663	3564	0.031095792
67663	4369	0.031095792
67663	79	0.03109579
67663	1143	0.03109579
67663	105	0.031095788
67677	6083	0.037656993
67677	1722	0.037656985
67677	2528	0.037656985
67677	4369	0.037656985
67677	6391	0.037656985
67677	3564	0.03765698
67677	4900	0.03765698
67677	79	0.037656978
67677	105	0.037656978
67677	804	0.037656978
67693	2528	0.027477358
67693	6083	0.027477358
67693	1722	0.027477356
67693	4900	0.027477354
67693	6391	0.027477354
67693	3564	0.027477352
67693	4369	0.027477352
67693	79	0.02747735
67693	105	0.02747735
67693	1143	0.02747735
67840	6083	0.03556589
67840	1722	0.035565887
67840	2528	0.035565887
67840	4369	0.035565883
67840	4900	0.035565883
67840	6391	0.035565883
67840	79	0.03556588
67840	1143	0.03556588
67840	3564	0.03556588
67840	105	0.035565875
67910	6083	0.029348515
67910	1722	0.029348511
67910	2528	0.029348511
67910	4369	0.02934851
67910	4900	0.02934851
67910	6391	0.02934851
67910	79	0.029348508
67910	1143	0.029348508
67910	3564	0.029348508
67910	105	0.029348506
67930	2528	0.030237447
67930	6083	0.030237447
67930	6391	0.030237446
67930	1722	0.030237444
67930	4369	0.030237444
67930	4900	0.030237444
67930	79	0.03023744
67930	1143	0.03023744
67930	3564	0.03023744
67930	105	0.030237438
68000	2528	0.030193843
68000	6083	0.030193843
68000	1722	0.03019384
68000	4369	0.03019384
68000	4900	0.03019384
68000	6391	0.03019384
68000	79	0.030193835
68000	105	0.030193835
68000	1143	0.030193835
68000	3564	0.030193835
68081	2528	0.027399324
68081	6083	0.027399324
68081	1722	0.027399322
68081	4369	0.02739932
68081	4900	0.02739932
68081	6391	0.02739932
68081	1143	0.027399318
68081	3564	0.027399318
68081	79	0.027399316
68081	105	0.027399316
68128	2528	0.030051034
68128	6083	0.030051034
68128	1722	0.030051032
68128	4900	0.03005103
68128	6391	0.03005103
68128	3564	0.030051028
68128	4369	0.030051028
68128	79	0.030051026
68128	105	0.030051026
68128	1143	0.030051026
68156	2528	0.033934068
68156	6083	0.033934068
68156	1722	0.033934064
68156	4900	0.033934064
68156	6391	0.033934064
68156	79	0.03393406
68156	3564	0.03393406
68156	4369	0.03393406
68156	105	0.033934057
68156	804	0.033934057
68185	2528	0.039679237
68185	6083	0.039679237
68185	1722	0.039679233
68185	3564	0.03967923
68185	4369	0.03967923
68185	4900	0.03967923
68185	6391	0.03967923
68185	105	0.039679226
68185	1143	0.039679226
68185	79	0.03967922
68249	6083	0.030680606
68249	1722	0.030680604
68249	2528	0.030680604
68249	4369	0.030680602
68249	4900	0.030680602
68249	6391	0.030680602
68249	1143	0.0306806
68249	3564	0.0306806
68249	79	0.030680599
68249	105	0.030680597
68256	6083	0.030414764
68256	1722	0.03041476
68256	2528	0.03041476
68256	4900	0.030414758
68256	6391	0.030414758
68256	3564	0.030414756
68256	4369	0.030414756
68256	105	0.030414755
68256	1143	0.030414755
68256	79	0.030414753
68309	2528	0.03132916
68309	1722	0.031329155
68309	4369	0.031329155
68309	4900	0.031329155
68309	6083	0.031329155
68309	6391	0.031329155
68309	79	0.03132915
68309	105	0.031329148
68309	804	0.031329148
68309	1143	0.031329148
68344	2528	0.03837832
68344	6083	0.03837832
68344	6391	0.038378317
68344	79	0.038378313
68344	1143	0.038378313
68344	1722	0.038378313
68344	3564	0.038378313
68344	4369	0.038378313
68344	4900	0.038378313
68344	3917	0.03837831
68383	2528	0.034805786
68383	6083	0.034805786
68383	1722	0.034805782
68383	4900	0.034805782
68383	6391	0.034805782
68383	1143	0.03480578
68383	3564	0.03480578
68383	4369	0.03480578
68383	5896	0.03480578
68383	79	0.034805775
68436	6083	0.029806688
68436	2528	0.029806687
68436	1722	0.029806685
68436	4900	0.029806683
68436	79	0.029806681
68436	1143	0.029806681
68436	3564	0.029806681
68436	4369	0.029806681
68436	6391	0.029806681
68436	105	0.029806677
68447	2528	0.02271862
68447	6083	0.02271862
68447	6391	0.02271862
68447	1722	0.022718618
68447	4369	0.022718618
68447	4900	0.022718618
68447	3564	0.022718616
68447	79	0.022718614
68447	105	0.022718614
68447	1143	0.022718614
68465	6083	0.031584147
68465	1722	0.031584144
68465	2528	0.031584144
68465	4900	0.03158414
68465	6391	0.03158414
68465	79	0.031584136
68465	105	0.031584136
68465	1143	0.031584136
68465	3564	0.031584136
68465	3917	0.031584136
68537	1722	0.0291376
68537	2528	0.0291376
68537	6083	0.0291376
68537	4900	0.029137596
68537	6391	0.029137596
68537	1143	0.029137595
68537	4369	0.029137595
68537	79	0.029137593
68537	105	0.029137593
68537	3564	0.029137593
68568	2528	0.026480492
68568	6083	0.026480492
68568	1722	0.02648049
68568	4900	0.02648049
68568	79	0.026480488
68568	1143	0.026480488
68568	4369	0.026480488
68568	6391	0.026480488
68568	105	0.026480487
68568	3564	0.026480487
68581	1722	0.024401797
68581	2528	0.024401797
68581	6083	0.024401797
68581	4369	0.024401795
68581	4900	0.024401795
68581	6391	0.024401795
68581	79	0.024401791
68581	105	0.024401791
68581	1143	0.024401791
68581	3564	0.024401791
68615	6083	0.027610188
68615	2528	0.027610186
68615	1722	0.027610185
68615	4900	0.027610185
68615	6391	0.027610185
68615	4369	0.027610183
68615	79	0.02761018
68615	1143	0.02761018
68615	3564	0.02761018
68615	105	0.027610179
68700	2528	0.04006638
68700	6083	0.04006638
68700	1722	0.040066376
68700	3564	0.040066376
68700	4369	0.040066376
68700	4900	0.040066376
68700	6391	0.040066376
68700	79	0.040066373
68700	105	0.040066373
68700	804	0.04006637
68729	6083	0.028594933
68729	2528	0.028594932
68729	1722	0.02859493
68729	6391	0.02859493
68729	4369	0.028594928
68729	4900	0.028594928
68729	79	0.028594926
68729	1143	0.028594926
68729	3564	0.028594926
68729	105	0.028594922
68760	2528	0.04438765
68760	6083	0.04438765
68760	1722	0.044387646
68760	4369	0.044387646
68760	4900	0.044387646
68760	6391	0.044387646
68760	79	0.04438764
68760	105	0.04438764
68760	1143	0.04438764
68760	3088	0.04438764
68767	6083	0.015587992
68767	2528	0.015587991
68767	1722	0.015587989
68767	4900	0.015587989
68767	6391	0.015587989
68767	4369	0.015587988
68767	79	0.015587987
68767	105	0.015587987
68767	1143	0.015587987
68767	3564	0.015587987
68768	6083	0.023896664
68768	2528	0.023896663
68768	1722	0.02389666
68768	4369	0.02389666
68768	4900	0.02389666
68768	6391	0.02389666
68768	1143	0.023896659
68768	79	0.023896657
68768	105	0.023896657
68768	804	0.023896657
68846	2528	0.024232928
68846	6083	0.024232928
68846	1722	0.024232924
68846	4369	0.024232924
68846	4900	0.024232924
68846	6391	0.024232924
68846	1143	0.024232922
68846	3564	0.024232922
68846	79	0.02423292
68846	105	0.02423292
68886	2528	0.033462796
68886	6083	0.033462796
68886	1722	0.033462793
68886	4369	0.033462793
68886	4900	0.033462793
68886	6391	0.033462793
68886	79	0.03346279
68886	1143	0.03346279
68886	3564	0.03346279
68886	3917	0.03346279
68943	6083	0.026083773
68943	2528	0.026083771
68943	1722	0.02608377
68943	6391	0.02608377
68943	1143	0.026083767
68943	3564	0.026083767
68943	4369	0.026083767
68943	4900	0.026083767
68943	105	0.026083766
68943	79	0.026083764
68984	6083	0.030057186
68984	2528	0.030057184
68984	1722	0.030057183
68984	4369	0.03005718
68984	4900	0.03005718
68984	6391	0.03005718
68984	1143	0.030057179
68984	3564	0.030057179
68984	79	0.030057177
68984	105	0.030057177
69012	1722	0.020017475
69012	2528	0.020017475
69012	6083	0.020017475
69012	4900	0.020017473
69012	6391	0.020017473
69012	79	0.020017471
69012	105	0.020017471
69012	1143	0.020017471
69012	3564	0.020017471
69012	3917	0.020017471
69023	2528	0.028818965
69023	6083	0.028818965
69023	1722	0.028818961
69023	4900	0.028818961
69023	4369	0.02881896
69023	6391	0.02881896
69023	79	0.028818958
69023	105	0.028818958
69023	1143	0.028818958
69023	3564	0.028818958
69042	1722	0.034700826
69042	2528	0.034700826
69042	6083	0.034700826
69042	79	0.03470082
69042	1143	0.03470082
69042	3564	0.03470082
69042	4369	0.03470082
69042	4900	0.03470082
69042	6391	0.03470082
69042	105	0.034700815
69089	1722	0.033137985
69089	2528	0.033137985
69089	6083	0.033137985
69089	1143	0.03313798
69089	4900	0.03313798
69089	6391	0.03313798
69089	79	0.033137977
69089	105	0.033137977
69089	3564	0.033137977
69089	4369	0.033137977
69156	2528	0.047300622
69156	6083	0.047300622
69156	1722	0.04730062
69156	4369	0.047300614
69156	4900	0.047300614
69156	6391	0.047300614
69156	1143	0.04730061
69156	3564	0.04730061
69156	79	0.047300607
69156	105	0.047300607
69188	1722	0.0353138
69188	2528	0.0353138
69188	6083	0.0353138
69188	1143	0.035313793
69188	3564	0.035313793
69188	4369	0.035313793
69188	4900	0.035313793
69188	6391	0.035313793
69188	79	0.03531379
69188	105	0.03531379
69211	6083	0.04070235
69211	2528	0.040702347
69211	1722	0.040702343
69211	4900	0.040702343
69211	6391	0.040702343
69211	79	0.04070234
69211	4369	0.04070234
69211	105	0.040702336
69211	1143	0.040702336
69211	3088	0.040702336
69232	6083	0.035692077
69232	1722	0.035692073
69232	2528	0.035692073
69232	6391	0.035692073
69232	4369	0.03569207
69232	4900	0.03569207
69232	79	0.035692066
69232	105	0.035692066
69232	804	0.035692066
69232	1143	0.035692066
69252	2528	0.023663629
69252	6083	0.023663629
69252	1722	0.023663627
69252	1143	0.023663625
69252	4369	0.023663625
69252	4900	0.023663625
69252	6391	0.023663625
69252	79	0.023663623
69252	3564	0.023663623
69252	3917	0.023663623
69355	6083	0.027620079
69355	2528	0.027620077
69355	1722	0.027620075
69355	4369	0.027620073
69355	4900	0.027620073
69355	6391	0.027620073
69355	3564	0.027620072
69355	79	0.02762007
69355	105	0.02762007
69355	1143	0.02762007
69378	1722	0.03217555
69378	2528	0.03217555
69378	4900	0.03217555
69378	6083	0.03217555
69378	6391	0.03217555
69378	1143	0.032175545
69378	4369	0.032175545
69378	79	0.03217554
69378	105	0.03217554
69378	804	0.03217554
69389	1722	0.042677224
69389	2528	0.042677224
69389	6083	0.042677224
69389	6391	0.04267722
69389	79	0.042677216
69389	1143	0.042677216
69389	3564	0.042677216
69389	4369	0.042677216
69389	4900	0.042677216
69389	105	0.042677213
69405	2528	0.034283288
69405	6083	0.034283288
69405	1722	0.034283284
69405	6391	0.034283284
69405	79	0.03428328
69405	105	0.03428328
69405	1143	0.03428328
69405	3564	0.03428328
69405	4369	0.03428328
69405	4900	0.03428328
69410	6083	0.028302617
69410	1722	0.028302616
69410	2528	0.028302616
69410	4369	0.028302614
69410	4900	0.028302614
69410	6391	0.028302614
69410	79	0.02830261
69410	105	0.02830261
69410	1143	0.02830261
69410	3564	0.02830261
69460	2528	0.034971073
69460	6083	0.034971073
69460	1722	0.03497107
69460	4900	0.03497107
69460	3564	0.034971066
69460	4369	0.034971066
69460	6391	0.034971066
69460	79	0.034971062
69460	1143	0.034971062
69460	3917	0.034971062
69512	6083	0.022912484
69512	2528	0.022912482
69512	4900	0.02291248
69512	6391	0.022912478
69512	105	0.022912476
69512	1143	0.022912476
69512	3564	0.022912476
69512	4369	0.022912476
69512	79	0.022912474
69512	3917	0.022912474
69684	1722	0.038666435
69684	2528	0.038666435
69684	6083	0.038666435
69684	4900	0.03866643
69684	6391	0.03866643
69684	105	0.038666427
69684	1143	0.038666427
69684	3564	0.038666427
69684	3917	0.038666427
69684	4369	0.038666427
69709	2528	0.030085977
69709	6083	0.030085977
69709	1722	0.030085975
69709	4369	0.030085973
69709	4900	0.030085973
69709	6391	0.030085973
69709	79	0.03008597
69709	105	0.03008597
69709	1143	0.03008597
69709	3564	0.03008597
69721	2528	0.033673234
69721	6083	0.033673234
69721	1722	0.03367323
69721	1143	0.033673227
69721	3564	0.033673227
69721	4369	0.033673227
69721	4900	0.033673227
69721	6391	0.033673227
69721	79	0.033673223
69721	105	0.033673223
69749	2528	0.029490858
69749	6083	0.029490858
69749	1722	0.029490855
69749	6391	0.029490855
69749	4369	0.029490853
69749	4900	0.029490853
69749	79	0.02949085
69749	105	0.02949085
69749	1143	0.02949085
69749	3564	0.02949085
69775	2528	0.025617737
69775	6083	0.025617737
69775	1722	0.025617734
69775	4900	0.025617734
69775	6391	0.025617734
69775	4369	0.025617732
69775	79	0.02561773
69775	105	0.02561773
69775	1143	0.02561773
69775	3564	0.02561773
69790	2528	0.024161136
69790	6083	0.024161136
69790	1722	0.024161134
69790	4900	0.024161134
69790	6391	0.024161134
69790	4369	0.024161132
69790	79	0.02416113
69790	105	0.02416113
69790	1143	0.02416113
69790	3564	0.02416113
69808	1722	0.03245222
69808	2528	0.03245222
69808	6083	0.03245222
69808	6391	0.03245222
69808	1143	0.032452215
69808	4369	0.032452215
69808	4900	0.032452215
69808	79	0.03245221
69808	105	0.03245221
69808	804	0.03245221
69929	2528	0.029349335
69929	6083	0.029349335
69929	1722	0.029349333
69929	6391	0.029349333
69929	4369	0.02934933
69929	4900	0.02934933
69929	1143	0.029349329
69929	3564	0.029349329
69929	79	0.029349327
69929	105	0.029349327
69933	6083	0.029617755
69933	2528	0.029617753
69933	1722	0.02961775
69933	4369	0.02961775
69933	4900	0.02961775
69933	6391	0.02961775
69933	79	0.029617745
69933	105	0.029617745
69933	1143	0.029617745
69933	3564	0.029617745
69971	1722	0.034064244
69971	2528	0.034064244
69971	6083	0.034064244
69971	3564	0.03406424
69971	4369	0.03406424
69971	4900	0.03406424
69971	6391	0.03406424
69971	79	0.034064237
69971	105	0.034064237
69971	1143	0.034064237
70014	6083	0.032068595
70014	1722	0.03206859
70014	2528	0.03206859
70014	79	0.032068588
70014	105	0.032068588
70014	1143	0.032068588
70014	4369	0.032068588
70014	4900	0.032068588
70014	6391	0.032068588
70014	804	0.032068584
70052	6083	0.03283821
70052	1722	0.032838207
70052	2528	0.032838207
70052	3564	0.032838203
70052	4369	0.032838203
70052	4900	0.032838203
70052	6391	0.032838203
70052	79	0.0328382
70052	105	0.0328382
70052	1143	0.0328382
70065	6083	0.033105306
70065	1722	0.0331053
70065	2528	0.0331053
70065	4369	0.0331053
70065	4900	0.0331053
70065	6391	0.0331053
70065	105	0.033105295
70065	1143	0.033105295
70065	3088	0.033105295
70065	3564	0.033105295
70183	6083	0.03598471
70183	2528	0.035984706
70183	1722	0.035984702
70183	4369	0.035984702
70183	4900	0.035984702
70183	6391	0.035984702
70183	1143	0.0359847
70183	79	0.035984695
70183	105	0.035984695
70183	903	0.035984695
70189	2528	0.027431352
70189	6083	0.027431352
70189	1722	0.02743135
70189	4369	0.02743135
70189	4900	0.02743135
70189	6391	0.02743135
70189	105	0.027431346
70189	1143	0.027431346
70189	3564	0.027431346
70189	79	0.027431345
70192	2528	0.038684115
70192	6083	0.038684115
70192	1722	0.03868411
70192	1143	0.038684107
70192	3564	0.038684107
70192	4369	0.038684107
70192	4900	0.038684107
70192	6391	0.038684107
70192	79	0.038684104
70192	105	0.038684104
70222	2528	0.03688183
70222	6083	0.03688183
70222	1722	0.036881827
70222	4900	0.036881827
70222	6391	0.036881827
70222	1143	0.036881823
70222	4369	0.036881823
70222	105	0.03688182
70222	804	0.03688182
70222	1557	0.03688182
70302	2528	0.020583618
70302	6083	0.020583618
70302	1722	0.020583617
70302	4900	0.020583617
70302	6391	0.020583617
70302	79	0.020583615
70302	1143	0.020583615
70302	3564	0.020583615
70302	4369	0.020583615
70302	105	0.020583613
70379	6083	0.028324256
70379	1722	0.028324254
70379	2528	0.028324254
70379	4900	0.028324252
70379	6391	0.028324252
70379	3564	0.02832425
70379	4369	0.02832425
70379	79	0.028324248
70379	105	0.028324248
70379	1143	0.028324248
70401	6083	0.028168093
70401	2528	0.028168092
70401	1722	0.02816809
70401	6391	0.02816809
70401	4369	0.028168088
70401	4900	0.028168088
70401	79	0.028168086
70401	1143	0.028168086
70401	3564	0.028168086
70401	105	0.028168084
70402	6083	0.034405127
70402	1722	0.034405123
70402	2528	0.034405123
70402	4900	0.034405123
70402	6391	0.034405123
70402	79	0.03440512
70402	3564	0.03440512
70402	4369	0.03440512
70402	105	0.034405116
70402	1143	0.034405116
70415	1722	0.035943583
70415	2528	0.035943583
70415	4900	0.035943583
70415	6083	0.035943583
70415	6391	0.035943583
70415	3564	0.03594358
70415	4369	0.03594358
70415	79	0.035943575
70415	105	0.035943575
70415	804	0.035943575
70435	6083	0.03552944
70435	1722	0.035529435
70435	2528	0.035529435
70435	6391	0.035529435
70435	4369	0.03552943
70435	4900	0.03552943
70435	79	0.035529427
70435	105	0.035529427
70435	1143	0.035529427
70435	1557	0.035529427
70448	6083	0.027832191
70448	1722	0.027832188
70448	2528	0.027832188
70448	6391	0.027832188
70448	4900	0.027832186
70448	79	0.027832184
70448	105	0.027832184
70448	1143	0.027832184
70448	3564	0.027832184
70448	4369	0.027832184
70541	6083	0.044325326
70541	1722	0.044325322
70541	2528	0.044325322
70541	4900	0.04432532
70541	1143	0.044325314
70541	3564	0.044325314
70541	4369	0.044325314
70541	6391	0.044325314
70541	79	0.044325307
70541	105	0.044325307
70594	2528	0.033995807
70594	6083	0.033995807
70594	1722	0.033995803
70594	6391	0.033995803
70594	79	0.0339958
70594	105	0.0339958
70594	1143	0.0339958
70594	3564	0.0339958
70594	3917	0.0339958
70594	4369	0.0339958
70628	2528	0.025238682
70628	6083	0.025238682
70628	1722	0.02523868
70628	4369	0.025238678
70628	4900	0.025238678
70628	6391	0.025238678
70628	1143	0.025238676
70628	3564	0.025238676
70628	79	0.025238674
70628	105	0.025238674
70649	2528	0.028601803
70649	6083	0.028601803
70649	1722	0.028601801
70649	4369	0.0286018
70649	4900	0.0286018
70649	6391	0.0286018
70649	1143	0.028601797
70649	79	0.028601795
70649	105	0.028601795
70649	3564	0.028601795
70666	2528	0.029396094
70666	6083	0.029396094
70666	1722	0.02939609
70666	4900	0.02939609
70666	6391	0.02939609
70666	4369	0.029396089
70666	79	0.029396087
70666	1143	0.029396087
70666	3564	0.029396087
70666	105	0.029396085
70703	1722	0.03295043
70703	2528	0.03295043
70703	4369	0.03295043
70703	6083	0.03295043
70703	3564	0.032950427
70703	4900	0.032950427
70703	6391	0.032950427
70703	79	0.032950424
70703	105	0.032950424
70703	1143	0.032950424
70772	1722	0.030062031
70772	2528	0.030062031
70772	6083	0.030062031
70772	6391	0.03006203
70772	4369	0.030062027
70772	4900	0.030062027
70772	79	0.030062025
70772	1143	0.030062025
70772	3564	0.030062025
70772	105	0.030062024
70864	6083	0.028815402
70864	1722	0.0288154
70864	2528	0.0288154
70864	6391	0.028815398
70864	4369	0.028815396
70864	4900	0.028815396
70864	3564	0.028815394
70864	79	0.028815392
70864	105	0.028815392
70864	1143	0.028815392
70878	2528	0.038504757
70878	6083	0.038504757
70878	1722	0.038504753
70878	4369	0.03850475
70878	4900	0.03850475
70878	6391	0.03850475
70878	79	0.038504746
70878	105	0.038504746
70878	1143	0.038504746
70878	804	0.038504742
70918	1722	0.034298867
70918	2528	0.034298867
70918	6083	0.034298867
70918	6391	0.034298867
70918	4900	0.034298863
70918	79	0.03429886
70918	105	0.03429886
70918	1143	0.03429886
70918	3088	0.03429886
70918	3564	0.03429886
70931	6083	0.035407666
70931	1722	0.035407662
70931	2528	0.035407662
70931	4369	0.03540766
70931	4900	0.03540766
70931	6391	0.03540766
70931	79	0.035407655
70931	105	0.035407655
70931	1143	0.035407655
70931	3088	0.035407655
71102	2528	0.029733256
71102	6083	0.029733256
71102	1722	0.029733252
71102	4900	0.029733252
71102	6391	0.029733252
71102	4369	0.02973325
71102	79	0.029733248
71102	1143	0.029733248
71102	3564	0.029733248
71102	105	0.029733246
71162	2528	0.02795462
71162	6083	0.02795462
71162	1722	0.027954618
71162	4900	0.027954616
71162	6391	0.027954616
71162	4369	0.027954614
71162	79	0.027954612
71162	105	0.027954612
71162	1143	0.027954612
71162	3564	0.027954612
71181	6083	0.031445853
71181	1722	0.03144585
71181	2528	0.03144585
71181	105	0.031445846
71181	1143	0.031445846
71181	3564	0.031445846
71181	4369	0.031445846
71181	4900	0.031445846
71181	6391	0.031445846
71181	79	0.031445842
71183	6083	0.03013921
71183	2528	0.030139206
71183	1722	0.030139204
71183	4900	0.030139204
71183	6391	0.030139204
71183	4369	0.030139202
71183	79	0.0301392
71183	105	0.0301392
71183	1143	0.0301392
71183	3564	0.0301392
71193	6083	0.03402894
71193	2528	0.034028936
71193	1722	0.034028932
71193	4369	0.034028932
71193	4900	0.034028932
71193	6391	0.034028932
71193	1143	0.03402893
71193	3564	0.03402893
71193	79	0.034028925
71193	105	0.034028925
71207	6083	0.033282187
71207	105	0.033282183
71207	1143	0.033282183
71207	1722	0.033282183
71207	2528	0.033282183
71207	3564	0.033282183
71207	4900	0.033282183
71207	6391	0.033282183
71207	4369	0.03328218
71207	79	0.033282176
71223	6083	0.02590159
71223	1722	0.025901586
71223	2528	0.025901586
71223	4900	0.025901584
71223	6391	0.025901584
71223	105	0.025901582
71223	1143	0.025901582
71223	3564	0.025901582
71223	4369	0.025901582
71223	79	0.02590158
71234	2528	0.030097563
71234	6083	0.030097563
71234	1722	0.030097561
71234	4369	0.03009756
71234	4900	0.03009756
71234	6391	0.03009756
71234	79	0.030097555
71234	105	0.030097555
71234	1143	0.030097555
71234	3564	0.030097555
71490	1722	0.036700994
71490	2528	0.036700994
71490	6083	0.036700994
71490	4900	0.03670099
71490	79	0.036700986
71490	1143	0.036700986
71490	3564	0.036700986
71490	4369	0.036700986
71490	6391	0.036700986
71490	105	0.036700983
71522	1722	0.03209351
71522	2528	0.03209351
71522	6083	0.03209351
71522	4369	0.032093506
71522	4900	0.032093506
71522	6391	0.032093506
71522	79	0.032093503
71522	105	0.032093503
71522	1143	0.032093503
71522	3564	0.032093503
71587	1722	0.036029115
71587	2528	0.036029115
71587	4369	0.036029115
71587	4900	0.036029115
71587	6083	0.036029115
71587	6391	0.036029115
71587	79	0.036029108
71587	105	0.036029108
71587	804	0.036029108
71587	1143	0.036029108
71628	2528	0.0286634
71628	6083	0.0286634
71628	1722	0.028663397
71628	4369	0.028663397
71628	4900	0.028663397
71628	6391	0.028663397
71628	79	0.028663393
71628	1143	0.028663393
71628	3564	0.028663393
71628	105	0.028663391
71662	6083	0.026821246
71662	1722	0.026821245
71662	2528	0.026821245
71662	6391	0.026821243
71662	4369	0.02682124
71662	4900	0.02682124
71662	79	0.026821239
71662	1143	0.026821239
71662	3564	0.026821239
71662	105	0.026821237
71712	2528	0.023722
71712	6083	0.023722
71712	1722	0.023721999
71712	4900	0.023721999
71712	6391	0.023721999
71712	4369	0.023721997
71712	79	0.023721995
71712	105	0.023721995
71712	1143	0.023721995
71712	3564	0.023721995
71752	1722	0.029522084
71752	2528	0.029522084
71752	6083	0.029522084
71752	4369	0.02952208
71752	4900	0.02952208
71752	6391	0.02952208
71752	1143	0.029522078
71752	3564	0.029522078
71752	79	0.029522076
71752	105	0.029522076
71786	2528	0.027480777
71786	6083	0.027480777
71786	1722	0.027480775
71786	4369	0.027480774
71786	4900	0.027480774
71786	6391	0.027480774
71786	1143	0.027480772
71786	79	0.02748077
71786	105	0.02748077
71786	3564	0.02748077
71800	6083	0.035140935
71800	1722	0.03514093
71800	2528	0.03514093
71800	4900	0.03514093
71800	6391	0.03514093
71800	105	0.035140928
71800	3564	0.035140928
71800	4369	0.035140928
71800	79	0.035140924
71800	804	0.035140924
71831	6083	0.028009381
71831	1722	0.02800938
71831	2528	0.02800938
71831	4900	0.028009377
71831	6391	0.028009377
71831	4369	0.028009376
71831	79	0.028009374
71831	1143	0.028009374
71831	3564	0.028009374
71831	105	0.028009372
71853	6083	0.032158434
71853	1722	0.03215843
71853	2528	0.03215843
71853	4900	0.03215843
71853	6391	0.03215843
71853	79	0.032158427
71853	105	0.032158427
71853	1143	0.032158427
71853	3564	0.032158427
71853	4369	0.032158427
71900	2528	0.026504532
71900	6083	0.026504532
71900	1722	0.02650453
71900	6391	0.02650453
71900	4369	0.026504528
71900	4900	0.026504528
71900	79	0.026504526
71900	1143	0.026504526
71900	3564	0.026504526
71900	105	0.026504524
71902	1722	0.028477736
71902	2528	0.028477736
71902	6083	0.028477736
71902	1143	0.028477732
71902	4369	0.028477732
71902	4900	0.028477732
71902	6391	0.028477732
71902	79	0.02847773
71902	3564	0.02847773
71902	105	0.028477728
72099	2528	0.026660193
72099	6083	0.026660193
72099	1722	0.026660189
72099	4369	0.026660189
72099	4900	0.026660189
72099	6391	0.026660189
72099	79	0.026660185
72099	105	0.026660185
72099	1143	0.026660185
72099	3564	0.026660185
72100	1722	0.032610282
72100	2528	0.032610282
72100	6083	0.032610282
72100	6391	0.032610282
72100	4369	0.03261028
72100	4900	0.03261028
72100	79	0.032610275
72100	105	0.032610275
72100	1143	0.032610275
72100	3564	0.032610275
72183	1722	0.021463383
72183	2528	0.021463383
72183	6083	0.021463383
72183	4900	0.021463381
72183	6391	0.021463381
72183	105	0.02146338
72183	1143	0.02146338
72183	3564	0.02146338
72183	4369	0.02146338
72183	79	0.021463377
72190	2528	0.038503774
72190	6083	0.038503774
72190	1722	0.03850377
72190	4369	0.03850377
72190	6391	0.03850377
72190	1143	0.038503766
72190	3564	0.038503766
72190	4900	0.038503766
72190	79	0.038503762
72190	105	0.038503762
72214	2528	0.036613774
72214	6083	0.036613774
72214	1722	0.03661377
72214	3564	0.036613766
72214	4369	0.036613766
72214	4900	0.036613766
72214	6391	0.036613766
72214	79	0.036613762
72214	105	0.036613762
72214	804	0.036613762
72238	2528	0.023033386
72238	1722	0.023033384
72238	6083	0.023033384
72238	4369	0.023033382
72238	4900	0.023033382
72238	6391	0.023033382
72238	79	0.02303338
72238	105	0.02303338
72238	1143	0.02303338
72238	3564	0.02303338
72287	2528	0.023847934
72287	6083	0.023847934
72287	1722	0.023847932
72287	4369	0.02384793
72287	4900	0.02384793
72287	6391	0.02384793
72287	1143	0.023847928
72287	79	0.023847926
72287	105	0.023847926
72287	3564	0.023847926
72296	1722	0.03330941
72296	2528	0.03330941
72296	6083	0.03330941
72296	105	0.033309408
72296	1143	0.033309408
72296	3564	0.033309408
72296	4369	0.033309408
72296	4900	0.033309408
72296	6391	0.033309408
72296	79	0.033309404
72352	2528	0.026438933
72352	6083	0.026438933
72352	1722	0.02643893
72352	4369	0.02643893
72352	4900	0.02643893
72352	6391	0.02643893
72352	79	0.026438925
72352	105	0.026438925
72352	1143	0.026438925
72352	3564	0.026438925
72368	1722	0.031280197
72368	2528	0.031280197
72368	6083	0.031280197
72368	1143	0.031280193
72368	4369	0.031280193
72368	4900	0.031280193
72368	6391	0.031280193
72368	79	0.03128019
72368	105	0.03128019
72368	804	0.03128019
72418	2528	0.02760574
72418	6083	0.02760574
72418	1722	0.027605738
72418	6391	0.027605738
72418	4369	0.027605737
72418	4900	0.027605737
72418	79	0.027605735
72418	105	0.027605735
72418	3564	0.027605735
72418	1143	0.027605733
72451	2528	0.027790232
72451	6083	0.027790232
72451	1722	0.02779023
72451	6391	0.02779023
72451	4369	0.027790228
72451	4900	0.027790228
72451	79	0.027790226
72451	1143	0.027790226
72451	3564	0.027790226
72451	5896	0.027790226
72470	6083	0.029353848
72470	2528	0.029353846
72470	1722	0.029353844
72470	4369	0.029353842
72470	4900	0.029353842
72470	6391	0.029353842
72470	3564	0.02935384
72470	79	0.029353838
72470	105	0.029353838
72470	1143	0.029353838
72523	1722	0.03200002
72523	2528	0.03200002
72523	4900	0.03200002
72523	6083	0.03200002
72523	6391	0.032000016
72523	79	0.032000013
72523	1143	0.032000013
72523	3088	0.032000013
72523	3564	0.032000013
72523	4369	0.032000013
72530	2528	0.026342599
72530	6083	0.026342599
72530	1722	0.026342597
72530	6391	0.026342595
72530	1143	0.026342593
72530	3564	0.026342593
72530	4369	0.026342593
72530	4900	0.026342593
72530	79	0.026342591
72530	105	0.026342591
72575	2528	0.02361185
72575	6083	0.02361185
72575	1722	0.023611847
72575	4900	0.023611847
72575	6391	0.023611847
72575	105	0.023611844
72575	1143	0.023611844
72575	3564	0.023611844
72575	3917	0.023611844
72575	4369	0.023611844
72601	2528	0.026588408
72601	6083	0.026588408
72601	1722	0.026588406
72601	6391	0.026588406
72601	4900	0.026588405
72601	1143	0.026588403
72601	3564	0.026588403
72601	4369	0.026588403
72601	79	0.0265884
72601	105	0.0265884
72636	6083	0.026181797
72636	1722	0.026181795
72636	2528	0.026181795
72636	4900	0.026181793
72636	6391	0.026181793
72636	1143	0.026181791
72636	3564	0.026181791
72636	4369	0.026181791
72636	79	0.02618179
72636	105	0.026181787
72707	6083	0.027956786
72707	1722	0.027956784
72707	2528	0.027956784
72707	6391	0.027956782
72707	3564	0.02795678
72707	4369	0.02795678
72707	4900	0.02795678
72707	79	0.027956778
72707	1143	0.027956778
72707	105	0.027956776
72742	1722	0.033543758
72742	2528	0.033543758
72742	6083	0.033543758
72742	4900	0.033543754
72742	6391	0.033543754
72742	79	0.03354375
72742	105	0.03354375
72742	1143	0.03354375
72742	3564	0.03354375
72742	4369	0.03354375
72785	6083	0.03255026
72785	1722	0.032550253
72785	2528	0.032550253
72785	4369	0.032550253
72785	4900	0.032550253
72785	6391	0.032550253
72785	105	0.03255025
72785	1143	0.03255025
72785	3564	0.03255025
72785	3917	0.03255025
72990	2528	0.024898395
72990	6083	0.024898395
72990	1722	0.024898391
72990	4369	0.024898391
72990	4900	0.024898391
72990	6391	0.024898391
72990	3564	0.02489839
72990	79	0.024898387
72990	105	0.024898387
72990	1143	0.024898387
73003	6083	0.030630909
73003	1722	0.030630905
73003	2528	0.030630905
73003	4900	0.030630903
73003	6391	0.030630903
73003	4369	0.030630901
73003	1143	0.0306309
73003	79	0.030630898
73003	105	0.030630898
73003	3088	0.030630898
73022	6083	0.031751692
73022	1722	0.03175169
73022	2528	0.03175169
73022	4900	0.03175169
73022	1143	0.031751685
73022	3564	0.031751685
73022	4369	0.031751685
73022	6391	0.031751685
73022	79	0.03175168
73022	105	0.03175168
73044	6083	0.030650774
73044	2528	0.030650772
73044	1722	0.03065077
73044	4369	0.030650768
73044	4900	0.030650768
73044	6391	0.030650768
73044	1143	0.030650767
73044	3564	0.030650767
73044	79	0.030650765
73044	105	0.030650765
73056	2528	0.03494355
73056	6083	0.03494355
73056	1722	0.034943547
73056	1143	0.034943543
73056	3564	0.034943543
73056	4369	0.034943543
73056	4900	0.034943543
73056	6391	0.034943543
73056	79	0.03494354
73056	105	0.03494354
73330	6083	0.033010952
73330	2528	0.03301095
73330	79	0.033010945
73330	1722	0.033010945
73330	4369	0.033010945
73330	4900	0.033010945
73330	6391	0.033010945
73330	105	0.03301094
73330	1143	0.03301094
73330	3088	0.03301094
73363	2528	0.022858357
73363	6083	0.022858357
73363	1722	0.022858355
73363	4900	0.022858355
73363	6391	0.022858355
73363	3564	0.022858353
73363	4369	0.022858353
73363	79	0.022858351
73363	105	0.022858351
73363	1143	0.022858351
73394	6083	0.039230358
73394	1722	0.039230354
73394	2528	0.039230354
73394	6391	0.039230354
73394	4369	0.03923035
73394	4900	0.03923035
73394	79	0.039230347
73394	105	0.039230347
73394	1143	0.039230347
73394	3088	0.039230347
73398	1722	0.021300972
73398	2528	0.021300972
73398	6083	0.021300972
73398	6391	0.02130097
73398	79	0.021300968
73398	1143	0.021300968
73398	3564	0.021300968
73398	3917	0.021300968
73398	4369	0.021300968
73398	4900	0.021300968
73548	2528	0.020676024
73548	6083	0.020676024
73548	1722	0.020676022
73548	4369	0.02067602
73548	4900	0.02067602
73548	6391	0.02067602
73548	79	0.020676017
73548	105	0.020676017
73548	804	0.020676017
73548	1143	0.020676017
73588	6083	0.045330446
73588	2528	0.045330442
73588	1722	0.04533044
73588	4369	0.045330435
73588	4900	0.045330435
73588	6391	0.045330435
73588	79	0.04533043
73588	3564	0.04533043
73588	105	0.045330428
73588	804	0.045330428
73622	6083	0.020123959
73622	2528	0.020123957
73622	1722	0.020123955
73622	4369	0.020123955
73622	4900	0.020123955
73622	6391	0.020123955
73622	3564	0.020123953
73622	79	0.020123951
73622	105	0.020123951
73622	1143	0.020123951
73651	2528	0.036115833
73651	6083	0.036115833
73651	1143	0.036115825
73651	1722	0.036115825
73651	4369	0.036115825
73651	4900	0.036115825
73651	6391	0.036115825
73651	79	0.03611582
73651	105	0.03611582
73651	3564	0.03611582
73681	1722	0.042326942
73681	2528	0.042326942
73681	6083	0.042326942
73681	4900	0.04232694
73681	3564	0.042326935
73681	4369	0.042326935
73681	6391	0.042326935
73681	79	0.04232693
73681	105	0.04232693
73681	1143	0.04232693
73741	2528	0.027547795
73741	6083	0.027547795
73741	1722	0.027547793
73741	4369	0.027547792
73741	4900	0.027547792
73741	6391	0.027547792
73741	3564	0.02754779
73741	79	0.027547788
73741	105	0.027547788
73741	1143	0.027547788
73795	2528	0.02725619
73795	6083	0.02725619
73795	1722	0.027256187
73795	4900	0.027256187
73795	6391	0.027256187
73795	3564	0.027256185
73795	4369	0.027256185
73795	79	0.027256183
73795	105	0.027256183
73795	1143	0.027256183
73837	1722	0.026731111
73837	2528	0.026731111
73837	6083	0.026731111
73837	6391	0.026731111
73837	4369	0.02673111
73837	4900	0.02673111
73837	1143	0.026731107
73837	79	0.026731106
73837	105	0.026731106
73837	3564	0.026731106
73923	2528	0.029610597
73923	6083	0.029610597
73923	1722	0.029610595
73923	4900	0.029610595
73923	6391	0.029610595
73923	4369	0.029610593
73923	79	0.029610591
73923	1143	0.029610591
73923	3564	0.029610591
73923	105	0.02961059
74026	1722	0.04013186
74026	2528	0.04013186
74026	6083	0.04013186
74026	4900	0.040131856
74026	6391	0.040131856
74026	1143	0.040131852
74026	3564	0.040131852
74026	4369	0.040131852
74026	79	0.04013185
74026	105	0.04013185
74056	1722	0.03896161
74056	2528	0.03896161
74056	6083	0.03896161
74056	4900	0.038961608
74056	6391	0.038961608
74056	79	0.038961604
74056	1143	0.038961604
74056	3564	0.038961604
74056	4369	0.038961604
74056	105	0.0389616
74093	6083	0.032878343
74093	1722	0.03287834
74093	2528	0.03287834
74093	4900	0.03287834
74093	6391	0.03287834
74093	79	0.032878336
74093	105	0.032878336
74093	1143	0.032878336
74093	3088	0.032878336
74093	3564	0.032878336
74106	6083	0.03609977
74106	1722	0.036099765
74106	2528	0.036099765
74106	6391	0.036099765
74106	79	0.03609976
74106	105	0.03609976
74106	1143	0.03609976
74106	3564	0.03609976
74106	4369	0.03609976
74106	4900	0.03609976
74175	6083	0.02884042
74175	1722	0.028840419
74175	2528	0.028840419
74175	6391	0.028840419
74175	4369	0.028840417
74175	4900	0.028840417
74175	105	0.028840415
74175	1143	0.028840415
74175	3564	0.028840415
74175	79	0.028840413
74185	6083	0.026519775
74185	2528	0.026519774
74185	1722	0.026519772
74185	6391	0.026519772
74185	4369	0.02651977
74185	4900	0.02651977
74185	79	0.026519768
74185	1143	0.026519768
74185	3564	0.026519768
74185	105	0.026519766
74274	6083	0.024978215
74274	1722	0.024978213
74274	2528	0.024978213
74274	4900	0.024978213
74274	6391	0.024978213
74274	4369	0.024978211
74274	79	0.02497821
74274	1143	0.02497821
74274	3564	0.02497821
74274	3917	0.02497821
74286	2528	0.03258595
74286	6083	0.03258595
74286	1722	0.032585945
74286	6391	0.032585945
74286	79	0.03258594
74286	105	0.03258594
74286	1143	0.03258594
74286	3564	0.03258594
74286	4369	0.03258594
74286	4900	0.03258594
74328	6083	0.02741558
74328	1722	0.027415577
74328	2528	0.027415577
74328	6391	0.027415577
74328	4900	0.027415575
74328	1143	0.027415574
74328	3564	0.027415574
74328	4369	0.027415574
74328	105	0.027415572
74328	79	0.02741557
74356	6083	0.022418056
74356	2528	0.022418054
74356	1722	0.022418052
74356	6391	0.022418052
74356	79	0.022418048
74356	105	0.022418048
74356	1143	0.022418048
74356	3564	0.022418048
74356	3917	0.022418048
74356	4369	0.022418048
74453	1722	0.022171415
74453	2528	0.022171415
74453	6083	0.022171415
74453	1143	0.022171412
74453	3564	0.022171412
74453	4369	0.022171412
74453	4900	0.022171412
74453	6391	0.022171412
74453	79	0.022171408
74453	105	0.022171408
74487	1722	0.024321023
74487	2528	0.024321023
74487	6083	0.024321023
74487	6391	0.024321023
74487	4900	0.024321022
74487	79	0.02432102
74487	3564	0.02432102
74487	4369	0.02432102
74487	1143	0.024321018
74487	105	0.024321016
74493	1722	0.03132458
74493	2528	0.03132458
74493	6083	0.03132458
74493	6391	0.03132458
74493	4900	0.031324577
74493	79	0.031324573
74493	105	0.031324573
74493	804	0.031324573
74493	1143	0.031324573
74493	1557	0.031324573
74571	2528	0.028002575
74571	6083	0.028002575
74571	1722	0.028002573
74571	4369	0.028002571
74571	4900	0.028002571
74571	6391	0.028002571
74571	79	0.028002568
74571	105	0.028002568
74571	1143	0.028002568
74571	3564	0.028002568
74630	6083	0.02558549
74630	1722	0.025585487
74630	2528	0.025585487
74630	6391	0.025585486
74630	79	0.025585484
74630	1143	0.025585484
74630	3564	0.025585484
74630	4369	0.025585484
74630	4900	0.025585484
74630	105	0.025585482
74665	2528	0.03131032
74665	6083	0.03131032
74665	1722	0.031310316
74665	79	0.031310312
74665	105	0.031310312
74665	1143	0.031310312
74665	3564	0.031310312
74665	3917	0.031310312
74665	4369	0.031310312
74665	4900	0.031310312
74687	1722	0.041412584
74687	2528	0.041412584
74687	6083	0.041412584
74687	6391	0.04141258
74687	79	0.041412577
74687	1143	0.041412577
74687	3564	0.041412577
74687	4369	0.041412577
74687	4900	0.041412577
74687	105	0.041412573
74689	6083	0.037739642
74689	1722	0.03773964
74689	2528	0.03773964
74689	6391	0.03773964
74689	4369	0.037739635
74689	4900	0.037739635
74689	79	0.03773963
74689	105	0.03773963
74689	1143	0.03773963
74689	3088	0.03773963
74691	2528	0.0273541
74691	6083	0.0273541
74691	1722	0.027354099
74691	4369	0.027354097
74691	4900	0.027354097
74691	6391	0.027354097
74691	3564	0.027354095
74691	79	0.027354093
74691	1143	0.027354093
74691	105	0.027354091
74743	2528	0.03146779
74743	6083	0.03146779
74743	1143	0.031467788
74743	1722	0.031467788
74743	3564	0.031467788
74743	4369	0.031467788
74743	4900	0.031467788
74743	6391	0.031467788
74743	79	0.031467784
74743	105	0.031467784
74758	6083	0.025998268
74758	1722	0.025998265
74758	2528	0.025998265
74758	6391	0.025998265
74758	4369	0.025998263
74758	1143	0.02599826
74758	3564	0.02599826
74758	4900	0.02599826
74758	79	0.025998259
74758	105	0.025998259
74833	2528	0.034717813
74833	6083	0.034717813
74833	6391	0.034717813
74833	1722	0.03471781
74833	79	0.034717806
74833	105	0.034717806
74833	1143	0.034717806
74833	3564	0.034717806
74833	4369	0.034717806
74833	4900	0.034717806
74849	1722	0.021773793
74849	2528	0.021773793
74849	6083	0.021773793
74849	4369	0.021773791
74849	6391	0.021773791
74849	79	0.02177379
74849	105	0.02177379
74849	1143	0.02177379
74849	3564	0.02177379
74849	4900	0.02177379
74911	6083	0.030185027
74911	1722	0.030185025
74911	2528	0.030185025
74911	6391	0.030185025
74911	3564	0.030185021
74911	4369	0.030185021
74911	4900	0.030185021
74911	105	0.03018502
74911	1143	0.03018502
74911	79	0.030185018
75013	6083	0.033170033
75013	1722	0.03317003
75013	2528	0.03317003
75013	4369	0.03317003
75013	4900	0.03317003
75013	6391	0.03317003
75013	3564	0.033170026
75013	79	0.033170022
75013	105	0.033170022
75013	804	0.033170022
75028	2528	0.03547152
75028	6083	0.035471518
75028	1143	0.035471514
75028	1722	0.035471514
75028	3564	0.035471514
75028	4369	0.035471514
75028	4900	0.035471514
75028	6391	0.035471514
75028	79	0.03547151
75028	105	0.03547151
75081	1722	0.03147855
75081	2528	0.03147855
75081	6083	0.03147855
75081	4369	0.031478547
75081	4900	0.031478547
75081	6391	0.031478547
75081	79	0.031478543
75081	105	0.031478543
75081	1143	0.031478543
75081	3564	0.031478543
75089	6083	0.029733598
75089	1722	0.029733596
75089	2528	0.029733596
75089	4900	0.029733595
75089	6391	0.029733595
75089	79	0.02973359
75089	105	0.02973359
75089	1143	0.02973359
75089	3564	0.02973359
75089	4369	0.02973359
75115	6083	0.026472492
75115	2528	0.02647249
75115	6391	0.02647249
75115	1722	0.026472488
75115	4900	0.026472488
75115	1143	0.026472487
75115	3564	0.026472487
75115	4369	0.026472487
75115	79	0.026472485
75115	5896	0.026472485
75119	6083	0.026086207
75119	2528	0.026086206
75119	1722	0.026086204
75119	4369	0.026086204
75119	4900	0.026086204
75119	6391	0.026086204
75119	79	0.0260862
75119	105	0.0260862
75119	1143	0.0260862
75119	3564	0.0260862
75149	1722	0.033263594
75149	2528	0.033263594
75149	6083	0.033263594
75149	6391	0.033263594
75149	4369	0.03326359
75149	79	0.033263586
75149	105	0.033263586
75149	804	0.033263586
75149	1143	0.033263586
75149	1557	0.033263586
75330	2528	0.026883869
75330	6083	0.026883869
75330	1722	0.026883867
75330	6391	0.026883865
75330	3564	0.026883863
75330	4369	0.026883863
75330	4900	0.026883863
75330	79	0.026883861
75330	1143	0.026883861
75330	105	0.02688386
75429	6083	0.024046555
75429	1722	0.024046551
75429	2528	0.024046551
75429	4369	0.02404655
75429	4900	0.02404655
75429	6391	0.02404655
75429	79	0.024046548
75429	105	0.024046548
75429	1143	0.024046548
75429	3564	0.024046548
75485	1722	0.03567785
75485	2528	0.03567785
75485	6083	0.03567785
75485	6391	0.03567785
75485	4369	0.035677847
75485	4900	0.035677847
75485	79	0.035677843
75485	105	0.035677843
75485	804	0.035677843
75485	1143	0.035677843
75491	6083	0.030050222
75491	2528	0.03005022
75491	1722	0.030050218
75491	4369	0.030050218
75491	4900	0.030050218
75491	6391	0.030050218
75491	1143	0.030050214
75491	3564	0.030050214
75491	79	0.030050213
75491	105	0.030050213
75551	1722	0.022409942
75551	2528	0.022409942
75551	6083	0.022409942
75551	6391	0.02240994
75551	79	0.022409938
75551	105	0.022409938
75551	1143	0.022409938
75551	4369	0.022409938
75551	4900	0.022409938
75551	3564	0.022409936
75701	1722	0.03340415
75701	2528	0.03340415
75701	4900	0.03340415
75701	6083	0.03340415
75701	6391	0.03340415
75701	79	0.03340414
75701	105	0.03340414
75701	804	0.03340414
75701	1143	0.03340414
75701	3088	0.03340414
75762	6083	0.030354949
75762	1722	0.030354947
75762	2528	0.030354947
75762	4900	0.030354947
75762	6391	0.030354947
75762	4369	0.030354945
75762	3564	0.030354943
75762	79	0.030354941
75762	105	0.030354941
75762	1143	0.030354941
75777	6083	0.022621159
75777	1722	0.022621157
75777	2528	0.022621157
75777	6391	0.022621157
75777	4369	0.022621155
75777	4900	0.022621155
75777	79	0.022621153
75777	3564	0.022621153
75777	105	0.022621151
75777	804	0.022621151
75787	6083	0.02613589
75787	1722	0.026135888
75787	2528	0.026135888
75787	4369	0.026135886
75787	4900	0.026135886
75787	6391	0.026135886
75787	79	0.026135884
75787	105	0.026135884
75787	1143	0.026135884
75787	3564	0.026135884
75809	2528	0.028985089
75809	6083	0.028985089
75809	1722	0.028985087
75809	4900	0.028985085
75809	6391	0.028985085
75809	3564	0.028985083
75809	4369	0.028985083
75809	79	0.028985081
75809	1143	0.028985081
75809	105	0.02898508
75819	6083	0.040171888
75819	1722	0.040171884
75819	2528	0.040171884
75819	6391	0.040171884
75819	4369	0.04017188
75819	4900	0.04017188
75819	79	0.040171877
75819	105	0.040171877
75819	1143	0.040171877
75819	3088	0.040171877
75860	1722	0.03130866
75860	2528	0.03130866
75860	4900	0.03130866
75860	6083	0.03130866
75860	6391	0.03130866
75860	3564	0.031308655
75860	4369	0.031308655
75860	79	0.03130865
75860	105	0.03130865
75860	804	0.03130865
76001	1722	0.036816202
76001	2528	0.036816202
76001	6083	0.036816202
76001	79	0.036816195
76001	105	0.036816195
76001	1143	0.036816195
76001	3917	0.036816195
76001	4369	0.036816195
76001	4900	0.036816195
76001	6391	0.036816195
76019	2528	0.02931993
76019	6083	0.02931993
76019	1722	0.029319929
76019	4369	0.029319927
76019	4900	0.029319927
76019	6391	0.029319927
76019	79	0.029319923
76019	1143	0.029319923
76019	3564	0.029319923
76019	105	0.029319922
76102	2528	0.03185586
76102	6083	0.03185586
76102	1143	0.03185585
76102	1722	0.03185585
76102	3564	0.03185585
76102	4369	0.03185585
76102	4900	0.03185585
76102	6391	0.03185585
76102	79	0.031855848
76102	105	0.031855848
76105	6083	0.026261047
76105	1722	0.026261043
76105	2528	0.026261043
76105	4900	0.026261043
76105	6391	0.026261043
76105	4369	0.026261041
76105	79	0.02626104
76105	105	0.02626104
76105	1143	0.02626104
76105	3564	0.02626104
76151	2528	0.0379873
76151	6083	0.0379873
76151	6391	0.037987296
76151	79	0.03798729
76151	1722	0.03798729
76151	4369	0.03798729
76151	4900	0.03798729
76151	105	0.037987288
76151	1143	0.037987288
76151	3564	0.037987288
76168	6083	0.021809243
76168	1722	0.02180924
76168	2528	0.02180924
76168	6391	0.02180924
76168	1143	0.021809239
76168	4369	0.021809239
76168	4900	0.021809239
76168	105	0.021809237
76168	3564	0.021809237
76168	3917	0.021809237
76173	2528	0.034024708
76173	6083	0.034024704
76173	1143	0.0340247
76173	1722	0.0340247
76173	3564	0.0340247
76173	4369	0.0340247
76173	4900	0.0340247
76173	6391	0.0340247
76173	79	0.034024697
76173	105	0.034024697
76218	6083	0.029935502
76218	1722	0.0299355
76218	2528	0.0299355
76218	4900	0.029935498
76218	6391	0.029935498
76218	4369	0.029935496
76218	105	0.029935494
76218	1143	0.029935494
76218	3564	0.029935494
76218	79	0.029935492
76223	6083	0.043227382
76223	2528	0.04322738
76223	1722	0.043227375
76223	4369	0.043227375
76223	4900	0.043227375
76223	6391	0.043227375
76223	3564	0.04322737
76223	79	0.043227367
76223	105	0.043227367
76223	1143	0.043227367
76351	6083	0.025371011
76351	1722	0.025371008
76351	2528	0.025371008
76351	4900	0.025371008
76351	4369	0.025371006
76351	6391	0.025371006
76351	1143	0.025371004
76351	3564	0.025371004
76351	79	0.025371002
76351	105	0.025371002
76352	6083	0.039328862
76352	1722	0.03932886
76352	2528	0.03932886
76352	4900	0.03932886
76352	6391	0.03932886
76352	3564	0.039328855
76352	4369	0.039328855
76352	79	0.03932885
76352	105	0.03932885
76352	804	0.03932885
76482	6083	0.028481457
76482	1722	0.028481454
76482	2528	0.028481454
76482	4369	0.028481452
76482	4900	0.028481452
76482	6391	0.028481452
76482	3564	0.02848145
76482	79	0.028481448
76482	105	0.028481448
76482	1143	0.028481448
76483	2528	0.029665917
76483	6083	0.029665917
76483	1722	0.029665913
76483	4900	0.029665913
76483	6391	0.029665913
76483	4369	0.029665912
76483	1143	0.02966591
76483	3564	0.02966591
76483	79	0.029665908
76483	105	0.029665908
76530	6083	0.040597145
76530	1722	0.04059714
76530	2528	0.04059714
76530	4369	0.04059714
76530	4900	0.04059714
76530	6391	0.04059714
76530	79	0.040597133
76530	105	0.040597133
76530	1143	0.040597133
76530	3088	0.040597133
76532	6083	0.028801635
76532	2528	0.028801633
76532	1722	0.028801631
76532	6391	0.028801631
76532	3564	0.02880163
76532	4369	0.02880163
76532	4900	0.02880163
76532	79	0.028801627
76532	105	0.028801627
76532	1143	0.028801627
76576	2528	0.030256119
76576	6083	0.030256119
76576	1722	0.030256117
76576	4369	0.030256115
76576	4900	0.030256115
76576	6391	0.030256115
76576	79	0.030256111
76576	105	0.030256111
76576	1143	0.030256111
76576	3564	0.030256111
76710	2528	0.03064153
76710	6083	0.03064153
76710	1722	0.030641528
76710	6391	0.030641528
76710	1143	0.030641526
76710	4369	0.030641526
76710	4900	0.030641526
76710	79	0.030641524
76710	3564	0.030641524
76710	105	0.030641522
76741	6083	0.027454924
76741	2528	0.027454922
76741	1722	0.02745492
76741	4900	0.02745492
76741	6391	0.02745492
76741	4369	0.027454918
76741	79	0.027454916
76741	105	0.027454916
76741	1143	0.027454916
76741	3564	0.027454916
76803	1722	0.035985626
76803	2528	0.035985626
76803	4900	0.035985626
76803	6083	0.035985626
76803	4369	0.035985623
76803	6391	0.035985623
76803	79	0.03598562
76803	105	0.03598562
76803	1143	0.03598562
76803	3564	0.03598562
76812	2528	0.034302484
76812	6083	0.034302484
76812	1722	0.03430248
76812	4369	0.034302477
76812	4900	0.034302477
76812	6391	0.034302477
76812	79	0.034302473
76812	105	0.034302473
76812	1143	0.034302473
76812	1557	0.034302473
76815	2528	0.03273885
76815	6083	0.03273885
76815	1722	0.032738846
76815	6391	0.032738846
76815	79	0.032738842
76815	105	0.032738842
76815	1143	0.032738842
76815	3088	0.032738842
76815	3564	0.032738842
76815	4369	0.032738842
76818	6083	0.03109118
76818	1722	0.031091176
76818	2528	0.031091176
76818	6391	0.031091176
76818	4369	0.031091174
76818	4900	0.031091174
76818	3564	0.031091172
76818	79	0.03109117
76818	105	0.03109117
76818	5896	0.03109117
76873	2528	0.030360028
76873	6083	0.030360028
76873	1722	0.030360024
76873	4369	0.030360024
76873	4900	0.030360024
76873	6391	0.030360024
76873	79	0.03036002
76873	105	0.03036002
76873	1143	0.03036002
76873	3564	0.03036002
76888	6083	0.03836617
76888	2528	0.038366165
76888	1722	0.03836616
76888	4369	0.03836616
76888	4900	0.03836616
76888	6391	0.03836616
76888	79	0.038366158
76888	3564	0.038366158
76888	105	0.038366154
76888	804	0.038366154
76942	2528	0.03739261
76942	6083	0.03739261
76942	1722	0.0373926
76942	4369	0.0373926
76942	4900	0.0373926
76942	6391	0.0373926
76942	1143	0.037392598
76942	3564	0.037392598
76942	79	0.037392594
76942	105	0.037392594
76976	6083	0.02473925
76976	2528	0.024739249
76976	1722	0.024739247
76976	4900	0.024739247
76976	6391	0.024739247
76976	4369	0.024739245
76976	79	0.024739243
76976	105	0.024739243
76976	1143	0.024739243
76976	3564	0.024739243
77039	2528	0.037367046
77039	6083	0.037367046
77039	1722	0.037367042
77039	6391	0.037367042
77039	79	0.03736704
77039	1143	0.03736704
77039	4369	0.03736704
77039	4900	0.03736704
77039	3564	0.037367035
77039	105	0.03736703
77052	2528	0.03814421
77052	6083	0.03814421
77052	1722	0.038144205
77052	4900	0.0381442
77052	6391	0.0381442
77052	1143	0.038144197
77052	4369	0.038144197
77052	79	0.038144194
77052	105	0.038144194
77052	804	0.038144194
77181	1722	0.030789848
77181	2528	0.030789848
77181	6083	0.030789848
77181	4369	0.030789845
77181	4900	0.030789845
77181	6391	0.030789845
77181	3564	0.030789843
77181	79	0.030789841
77181	105	0.030789841
77181	1143	0.030789841
77261	2528	0.033895805
77261	6083	0.033895805
77261	1722	0.0338958
77261	79	0.033895798
77261	105	0.033895798
77261	1143	0.033895798
77261	4369	0.033895798
77261	4900	0.033895798
77261	6391	0.033895798
77261	3564	0.033895794
77273	6083	0.028262418
77273	1722	0.028262414
77273	2528	0.028262414
77273	6391	0.028262414
77273	4369	0.028262412
77273	4900	0.028262412
77273	79	0.02826241
77273	105	0.02826241
77273	1143	0.02826241
77273	3564	0.02826241
77307	2528	0.029186897
77307	6083	0.029186897
77307	1722	0.029186895
77307	4369	0.029186893
77307	4900	0.029186893
77307	6391	0.029186893
77307	79	0.02918689
77307	105	0.02918689
77307	1143	0.02918689
77307	3564	0.02918689
77359	2528	0.025643583
77359	6083	0.025643583
77359	1722	0.025643582
77359	4369	0.02564358
77359	4900	0.02564358
77359	6391	0.02564358
77359	79	0.025643576
77359	105	0.025643576
77359	804	0.025643576
77359	1143	0.025643576
77383	2528	0.0281448
77383	6083	0.0281448
77383	1722	0.028144797
77383	4369	0.028144795
77383	4900	0.028144795
77383	6391	0.028144795
77383	79	0.028144792
77383	105	0.028144792
77383	1143	0.028144792
77383	3564	0.028144792
77480	6083	0.03175067
77480	1722	0.031750668
77480	2528	0.031750668
77480	6391	0.031750668
77480	79	0.031750664
77480	1143	0.031750664
77480	3564	0.031750664
77480	3917	0.031750664
77480	4369	0.031750664
77480	4900	0.031750664
77491	1722	0.033903457
77491	2528	0.033903457
77491	4369	0.033903457
77491	4900	0.033903457
77491	6083	0.033903457
77491	6391	0.033903457
77491	79	0.033903453
77491	105	0.03390345
77491	804	0.03390345
77491	1143	0.03390345
77499	6083	0.02501434
77499	2528	0.025014339
77499	1722	0.025014337
77499	6391	0.025014337
77499	4369	0.025014335
77499	4900	0.025014335
77499	79	0.025014333
77499	1143	0.025014333
77499	3564	0.025014333
77499	105	0.025014332
77517	6083	0.0267117
77517	1722	0.026711699
77517	2528	0.026711699
77517	6391	0.026711697
77517	1143	0.026711695
77517	3564	0.026711695
77517	4369	0.026711695
77517	4900	0.026711695
77517	79	0.026711693
77517	105	0.026711691
77585	6083	0.029218715
77585	2528	0.029218713
77585	1722	0.029218711
77585	4900	0.029218711
77585	4369	0.02921871
77585	6391	0.02921871
77585	105	0.029218707
77585	1143	0.029218707
77585	3564	0.029218707
77585	79	0.029218705
77724	6083	0.037412826
77724	2528	0.037412822
77724	1722	0.03741282
77724	6391	0.03741282
77724	105	0.037412815
77724	3564	0.037412815
77724	4369	0.037412815
77724	4900	0.037412815
77724	79	0.03741281
77724	1143	0.03741281
77772	6083	0.023175698
77772	2528	0.023175696
77772	6391	0.023175696
77772	1722	0.023175694
77772	4369	0.023175694
77772	4900	0.023175694
77772	1143	0.023175692
77772	79	0.02317569
77772	105	0.02317569
77772	1557	0.02317569
77809	1722	0.03515426
77809	2528	0.03515426
77809	6083	0.03515426
77809	6391	0.03515426
77809	4900	0.035154257
77809	79	0.035154253
77809	105	0.035154253
77809	1143	0.035154253
77809	3564	0.035154253
77809	4369	0.035154253
77816	6083	0.03429267
77816	2528	0.034292668
77816	6391	0.034292668
77816	1722	0.034292664
77816	4369	0.034292664
77816	4900	0.034292664
77816	79	0.03429266
77816	105	0.03429266
77816	1143	0.03429266
77816	1557	0.03429266
77860	6083	0.030681817
77860	1722	0.030681815
77860	2528	0.030681815
77860	4900	0.030681813
77860	6391	0.030681813
77860	4369	0.030681811
77860	79	0.030681808
77860	105	0.030681808
77860	1143	0.030681808
77860	3564	0.030681808
77868	6083	0.0275295
77868	1722	0.027529497
77868	2528	0.027529497
77868	4369	0.027529495
77868	4900	0.027529495
77868	6391	0.027529495
77868	79	0.027529493
77868	1143	0.027529493
77868	3564	0.027529493
77868	105	0.027529491
77940	1722	0.03238543
77940	2528	0.03238543
77940	6083	0.03238543
77940	6391	0.032385428
77940	79	0.032385424
77940	1143	0.032385424
77940	3564	0.032385424
77940	4369	0.032385424
77940	4900	0.032385424
77940	105	0.03238542
77960	6083	0.02303974
77960	1722	0.023039736
77960	2528	0.023039736
77960	4900	0.023039736
77960	6391	0.023039736
77960	4369	0.023039734
77960	79	0.023039732
77960	105	0.023039732
77960	1143	0.023039732
77960	3564	0.023039732
78007	6083	0.028944774
78007	1722	0.028944772
78007	2528	0.028944772
78007	4900	0.02894477
78007	1143	0.028944768
78007	4369	0.028944768
78007	6391	0.028944768
78007	3564	0.028944766
78007	79	0.028944764
78007	105	0.028944764
78015	6083	0.033194657
78015	1722	0.033194654
78015	2528	0.033194654
78015	4900	0.033194654
78015	6391	0.033194654
78015	79	0.03319465
78015	105	0.03319465
78015	4369	0.03319465
78015	804	0.033194646
78015	1143	0.033194646
78229	1722	0.02941639
78229	2528	0.02941639
78229	6083	0.02941639
78229	4369	0.029416386
78229	4900	0.029416386
78229	6391	0.029416386
78229	1143	0.029416384
78229	3564	0.029416384
78229	79	0.029416382
78229	105	0.029416382
78328	6083	0.028675275
78328	1722	0.028675273
78328	2528	0.028675273
78328	6391	0.028675271
78328	3564	0.02867527
78328	4369	0.02867527
78328	4900	0.02867527
78328	79	0.028675267
78328	105	0.028675266
78328	1143	0.028675266
78440	6083	0.024886305
78440	1722	0.024886303
78440	2528	0.024886303
78440	6391	0.0248863
78440	1143	0.024886299
78440	3564	0.024886299
78440	4369	0.024886299
78440	4900	0.024886299
78440	79	0.024886297
78440	105	0.024886297
78448	1722	0.03285729
78448	2528	0.03285729
78448	6083	0.03285729
78448	6391	0.032857288
78448	79	0.032857284
78448	3564	0.032857284
78448	4369	0.032857284
78448	4900	0.032857284
78448	105	0.03285728
78448	1143	0.03285728
78471	2528	0.030394323
78471	6083	0.030394323
78471	1722	0.03039432
78471	4900	0.03039432
78471	6391	0.03039432
78471	4369	0.030394318
78471	1143	0.030394316
78471	3564	0.030394316
78471	79	0.030394314
78471	105	0.030394314
78496	6083	0.028256353
78496	1722	0.02825635
78496	2528	0.02825635
78496	4369	0.028256347
78496	4900	0.028256347
78496	6391	0.028256347
78496	79	0.028256346
78496	105	0.028256344
78496	1143	0.028256344
78496	1557	0.028256342
78545	2528	0.026415948
78545	6083	0.026415948
78545	1722	0.026415946
78545	1143	0.026415944
78545	4369	0.026415944
78545	4900	0.026415944
78545	6391	0.026415944
78545	79	0.026415942
78545	3564	0.026415942
78545	105	0.02641594
78564	6083	0.029083848
78564	2528	0.029083846
78564	6391	0.029083844
78564	1722	0.029083842
78564	4900	0.029083842
78564	1143	0.02908384
78564	4369	0.02908384
78564	79	0.029083839
78564	105	0.029083839
78564	3564	0.029083839
78573	2528	0.024047859
78573	6083	0.024047859
78573	6391	0.024047859
78573	1722	0.024047857
78573	3564	0.024047855
78573	4369	0.024047855
78573	4900	0.024047855
78573	1143	0.024047853
78573	79	0.024047852
78573	105	0.024047852
78589	6083	0.03957131
78589	1722	0.039571308
78589	2528	0.039571308
78589	4900	0.039571304
78589	6391	0.039571304
78589	79	0.0395713
78589	105	0.0395713
78589	1143	0.0395713
78589	3564	0.0395713
78589	4369	0.0395713
78719	1722	0.032374002
78719	2528	0.032374002
78719	4900	0.032374002
78719	6083	0.032374002
78719	6391	0.032374
78719	79	0.032373995
78719	105	0.032373995
78719	1143	0.032373995
78719	3088	0.032373995
78719	3564	0.032373995
78778	1722	0.025909942
78778	2528	0.025909942
78778	6083	0.025909942
78778	4900	0.02590994
78778	6391	0.02590994
78778	3564	0.025909938
78778	4369	0.025909938
78778	79	0.025909936
78778	1143	0.025909936
78778	5896	0.025909936
78783	6083	0.044060316
78783	1722	0.044060312
78783	2528	0.044060312
78783	4369	0.044060312
78783	4900	0.044060312
78783	6391	0.044060312
78783	79	0.044060305
78783	105	0.044060305
78783	1143	0.044060305
78783	3564	0.044060305
78834	2528	0.040818952
78834	6083	0.040818952
78834	1722	0.04081895
78834	4900	0.04081895
78834	1143	0.040818945
78834	3564	0.040818945
78834	4369	0.040818945
78834	6391	0.040818945
78834	79	0.04081894
78834	105	0.04081894
78841	2528	0.027879493
78841	6083	0.027879493
78841	1722	0.027879491
78841	4900	0.02787949
78841	6391	0.02787949
78841	3564	0.027879488
78841	4369	0.027879488
78841	79	0.027879486
78841	1143	0.027879486
78841	105	0.027879484
78846	2528	0.02629867
78846	6083	0.02629867
78846	1722	0.026298668
78846	4900	0.026298666
78846	6391	0.026298666
78846	79	0.026298665
78846	105	0.026298665
78846	1143	0.026298665
78846	3564	0.026298665
78846	4369	0.026298665
78901	6083	0.029286481
78901	2528	0.02928648
78901	1722	0.029286478
78901	6391	0.029286478
78901	4369	0.029286476
78901	4900	0.029286476
78901	3564	0.029286474
78901	79	0.029286472
78901	105	0.029286472
78901	1143	0.029286472
79009	1722	0.036203288
79009	2528	0.036203288
79009	6083	0.036203288
79009	6391	0.036203288
79009	4900	0.036203284
79009	79	0.03620328
79009	105	0.03620328
79009	1143	0.03620328
79009	1557	0.03620328
79009	3564	0.03620328
79055	2528	0.035376802
79055	6083	0.035376802
79055	1722	0.0353768
79055	4369	0.0353768
79055	4900	0.0353768
79055	6391	0.0353768
79055	79	0.035376795
79055	105	0.035376795
79055	1143	0.035376795
79055	3564	0.035376795
79089	6083	0.035618458
79089	1722	0.035618454
79089	2528	0.035618454
79089	4900	0.035618454
79089	6391	0.035618454
79089	105	0.03561845
79089	4369	0.03561845
79089	79	0.035618447
79089	1143	0.035618447
79089	1557	0.035618447
79172	1722	0.034438327
79172	2528	0.034438327
79172	6083	0.034438327
79172	4900	0.034438323
79172	6391	0.034438323
79172	79	0.03443832
79172	105	0.03443832
79172	804	0.03443832
79172	1143	0.03443832
79172	3564	0.03443832
79182	2528	0.01800392
79182	6083	0.01800392
79182	1722	0.018003918
79182	4900	0.018003918
79182	6391	0.018003918
79182	1143	0.018003916
79182	3564	0.018003916
79182	4369	0.018003916
79182	79	0.018003915
79182	105	0.018003915
79186	6083	0.03059477
79186	1722	0.030594768
79186	2528	0.030594768
79186	4900	0.030594766
79186	6391	0.030594766
79186	4369	0.030594764
79186	79	0.030594762
79186	1143	0.030594762
79186	3564	0.030594762
79186	105	0.03059476
79215	2528	0.02339324
79215	6083	0.02339324
79215	1722	0.023393238
79215	3564	0.023393236
79215	4369	0.023393236
79215	4900	0.023393236
79215	6391	0.023393236
79215	79	0.023393232
79215	105	0.023393232
79215	1143	0.023393232
79266	2528	0.036597177
79266	6083	0.036597177
79266	1722	0.036597174
79266	6391	0.036597174
79266	79	0.03659717
79266	1143	0.03659717
79266	3564	0.03659717
79266	4369	0.03659717
79266	4900	0.03659717
79266	105	0.036597166
79285	6083	0.02940634
79285	1722	0.029406339
79285	2528	0.029406339
79285	4369	0.029406335
79285	4900	0.029406335
79285	6391	0.029406335
79285	3564	0.029406333
79285	79	0.029406331
79285	105	0.029406331
79285	1143	0.029406331
79366	6083	0.024635803
79366	1722	0.024635801
79366	2528	0.024635801
79366	4900	0.024635801
79366	6391	0.024635801
79366	1143	0.0246358
79366	3564	0.0246358
79366	4369	0.0246358
79366	79	0.024635797
79366	105	0.024635797
79556	2528	0.032222018
79556	6083	0.032222018
79556	1722	0.032222014
79556	6391	0.032222014
79556	79	0.03222201
79556	105	0.03222201
79556	1143	0.03222201
79556	3564	0.03222201
79556	4369	0.03222201
79556	4900	0.03222201
79724	6083	0.030523561
79724	1722	0.030523557
79724	2528	0.030523557
79724	4900	0.030523555
79724	6391	0.030523555
79724	4369	0.030523553
79724	79	0.030523552
79724	1143	0.030523552
79724	3564	0.030523552
79724	105	0.03052355
79736	6083	0.037591953
79736	1722	0.03759195
79736	2528	0.03759195
79736	4369	0.03759195
79736	4900	0.03759195
79736	6391	0.03759195
79736	1143	0.037591945
79736	3564	0.037591945
79736	5896	0.037591945
79736	79	0.03759194
79740	2528	0.027480163
79740	6083	0.027480163
79740	1722	0.027480159
79740	4369	0.027480159
79740	6391	0.027480159
79740	1143	0.027480157
79740	4900	0.027480157
79740	79	0.027480155
79740	3088	0.027480155
79740	3564	0.027480155
79747	6083	0.024660138
79747	1722	0.024660137
79747	2528	0.024660137
79747	4900	0.024660135
79747	6391	0.024660135
79747	79	0.024660133
79747	1143	0.024660133
79747	3564	0.024660133
79747	4369	0.024660133
79747	105	0.024660131
79754	2528	0.034373
79754	6083	0.034373
79754	1143	0.034372993
79754	1722	0.034372993
79754	3564	0.034372993
79754	4369	0.034372993
79754	4900	0.034372993
79754	6391	0.034372993
79754	79	0.03437299
79754	105	0.03437299
79923	2528	0.03278938
79923	6083	0.03278938
79923	79	0.032789372
79923	105	0.032789372
79923	1722	0.032789372
79923	3564	0.032789372
79923	4369	0.032789372
79923	4900	0.032789372
79923	6391	0.032789372
79923	1143	0.03278937
79942	2528	0.033693265
79942	6083	0.033693265
79942	1722	0.03369326
79942	4369	0.03369326
79942	4900	0.03369326
79942	6391	0.03369326
79942	79	0.033693258
79942	105	0.033693258
79942	804	0.033693254
79942	1143	0.033693254
79958	1722	0.024185684
79958	2528	0.024185684
79958	6083	0.024185684
79958	6391	0.024185684
79958	4900	0.024185682
79958	79	0.02418568
79958	105	0.02418568
79958	1143	0.02418568
79958	3564	0.02418568
79958	4369	0.02418568
79961	6083	0.032690458
79961	1722	0.032690454
79961	2528	0.032690454
79961	4900	0.032690454
79961	6391	0.032690454
79961	105	0.03269045
79961	3564	0.03269045
79961	4369	0.03269045
79961	79	0.032690447
79961	1143	0.032690447
79977	6083	0.03649065
79977	2528	0.036490645
79977	1722	0.03649064
79977	4900	0.03649064
79977	6391	0.03649064
79977	1143	0.036490638
79977	3564	0.036490638
79977	4369	0.036490638
79977	79	0.036490634
79977	105	0.036490634
80036	1722	0.034039207
80036	2528	0.034039207
80036	4900	0.034039207
80036	6083	0.034039207
80036	6391	0.034039207
80036	79	0.0340392
80036	105	0.0340392
80036	804	0.0340392
80036	1143	0.0340392
80036	3088	0.0340392
80071	6083	0.022114066
80071	2528	0.022114065
80071	1722	0.022114063
80071	4900	0.022114063
80071	6391	0.022114063
80071	79	0.02211406
80071	105	0.02211406
80071	1143	0.02211406
80071	3564	0.02211406
80071	4369	0.02211406
80075	6083	0.023670526
80075	1722	0.023670524
80075	2528	0.023670524
80075	6391	0.023670524
80075	4369	0.023670522
80075	4900	0.023670522
80075	79	0.02367052
80075	105	0.02367052
80075	1143	0.02367052
80075	3564	0.02367052
80105	2528	0.024880935
80105	6083	0.024880935
80105	1722	0.024880933
80105	4369	0.02488093
80105	4900	0.02488093
80105	6391	0.02488093
80105	1143	0.024880929
80105	3564	0.024880929
80105	79	0.024880927
80105	105	0.024880927
80203	6083	0.026778692
80203	1722	0.02677869
80203	2528	0.02677869
80203	4900	0.02677869
80203	6391	0.02677869
80203	3564	0.026778687
80203	4369	0.026778687
80203	105	0.026778685
80203	1143	0.026778685
80203	3917	0.026778685
80234	6083	0.028721053
80234	1722	0.02872105
80234	2528	0.02872105
80234	4369	0.028721048
80234	6391	0.028721048
80234	79	0.028721046
80234	1143	0.028721046
80234	3564	0.028721046
80234	4900	0.028721046
80234	105	0.028721042
80266	2528	0.024006903
80266	6083	0.024006903
80266	1722	0.0240069
80266	4369	0.0240069
80266	4900	0.0240069
80266	6391	0.0240069
80266	79	0.024006898
80266	3564	0.024006898
80266	105	0.024006896
80266	804	0.024006896
80323	6083	0.038139824
80323	1722	0.03813982
80323	2528	0.03813982
80323	4900	0.03813982
80323	6391	0.03813982
80323	4369	0.038139816
80323	105	0.038139813
80323	804	0.038139813
80323	1143	0.038139813
80323	3088	0.038139813
80453	6083	0.02926177
80453	1722	0.029261768
80453	2528	0.029261768
80453	4369	0.029261764
80453	4900	0.029261764
80453	6391	0.029261764
80453	79	0.02926176
80453	105	0.02926176
80453	1143	0.02926176
80453	3564	0.02926176
80516	6083	0.023765918
80516	1722	0.023765916
80516	2528	0.023765916
80516	4369	0.023765914
80516	4900	0.023765914
80516	6391	0.023765914
80516	3564	0.023765912
80516	79	0.02376591
80516	105	0.02376591
80516	1143	0.02376591
80538	6083	0.04356668
80538	1722	0.043566678
80538	2528	0.043566678
80538	3564	0.043566674
80538	4369	0.043566674
80538	4900	0.043566674
80538	6391	0.043566674
80538	79	0.043566667
80538	105	0.043566667
80538	804	0.043566667
80555	6083	0.029534468
80555	1722	0.029534467
80555	2528	0.029534467
80555	6391	0.029534465
80555	1143	0.029534463
80555	3564	0.029534463
80555	4369	0.029534463
80555	4900	0.029534463
80555	79	0.029534461
80555	105	0.02953446
80642	2528	0.03016107
80642	6083	0.030161068
80642	1722	0.030161066
80642	6391	0.030161066
80642	3564	0.030161064
80642	4369	0.030161064
80642	4900	0.030161064
80642	79	0.030161062
80642	1143	0.030161062
80642	105	0.03016106
80661	2528	0.026832044
80661	6083	0.026832044
80661	1722	0.026832042
80661	3564	0.02683204
80661	4369	0.02683204
80661	4900	0.02683204
80661	6391	0.02683204
80661	1143	0.026832039
80661	79	0.026832037
80661	105	0.026832037
80683	2528	0.040901244
80683	4900	0.040901244
80683	6083	0.040901244
80683	1722	0.04090124
80683	6391	0.04090124
80683	79	0.040901236
80683	105	0.040901236
80683	1143	0.040901236
80683	3564	0.040901236
80683	4369	0.040901236
80684	1722	0.021854855
80684	2528	0.021854855
80684	6083	0.021854855
80684	4900	0.021854853
80684	6391	0.021854853
80684	105	0.021854851
80684	1143	0.021854851
80684	3564	0.021854851
80684	4369	0.021854851
80684	79	0.02185485
80690	6083	0.029327739
80690	2528	0.029327737
80690	1722	0.029327735
80690	4900	0.029327735
80690	6391	0.029327735
80690	79	0.029327732
80690	105	0.029327732
80690	1143	0.029327732
80690	3564	0.029327732
80690	4369	0.029327732
80810	6083	0.038404
80810	1722	0.038403995
80810	2528	0.038403995
80810	4900	0.038403995
80810	6391	0.038403995
80810	3564	0.03840399
80810	4369	0.03840399
80810	79	0.038403988
80810	105	0.038403988
80810	1143	0.038403988
80820	6083	0.036331058
80820	1722	0.036331054
80820	2528	0.036331054
80820	4369	0.03633105
80820	4900	0.03633105
80820	6391	0.03633105
80820	79	0.036331046
80820	105	0.036331046
80820	1143	0.036331046
80820	3564	0.036331046
80826	6083	0.03526717
80826	1722	0.035267167
80826	2528	0.035267167
80826	4369	0.035267167
80826	6391	0.035267167
80826	1143	0.035267163
80826	4900	0.035267163
80826	79	0.03526716
80826	105	0.03526716
80826	1557	0.03526716
80837	2528	0.020631377
80837	6083	0.020631377
80837	1722	0.020631375
80837	4900	0.020631375
80837	6391	0.020631375
80837	79	0.020631373
80837	1143	0.020631373
80837	3564	0.020631373
80837	4369	0.020631373
80837	105	0.020631371
80929	6083	0.031294696
80929	1722	0.031294692
80929	2528	0.031294692
80929	105	0.03129469
80929	1143	0.03129469
80929	3564	0.03129469
80929	4369	0.03129469
80929	4900	0.03129469
80929	5896	0.03129469
80929	6391	0.03129469
80945	2528	0.034571104
80945	6083	0.034571104
80945	4900	0.0345711
80945	6391	0.0345711
80945	79	0.034571096
80945	1722	0.034571096
80945	3564	0.034571096
80945	4369	0.034571096
80945	105	0.034571093
80945	804	0.034571093
80954	6083	0.03338068
80954	2528	0.033380676
80954	1722	0.033380672
80954	4369	0.033380672
80954	4900	0.033380672
80954	6391	0.033380672
80954	1143	0.03338067
80954	3564	0.03338067
80954	79	0.033380665
80954	105	0.033380665
80996	2528	0.027116138
80996	6083	0.027116138
80996	1722	0.027116137
80996	4900	0.027116135
80996	6391	0.027116135
80996	3564	0.027116133
80996	4369	0.027116133
80996	79	0.027116131
80996	105	0.027116131
80996	1143	0.027116131
81015	2528	0.036982737
81015	6083	0.036982737
81015	1722	0.036982734
81015	4900	0.036982734
81015	1143	0.03698273
81015	3564	0.03698273
81015	4369	0.03698273
81015	6391	0.03698273
81015	79	0.036982726
81015	105	0.036982726
81045	1722	0.033371024
81045	2528	0.033371024
81045	6083	0.033371024
81045	6391	0.033371024
81045	4369	0.03337102
81045	4900	0.03337102
81045	79	0.033371016
81045	105	0.033371016
81045	1143	0.033371016
81045	1557	0.033371016
81064	6083	0.032020837
81064	1722	0.032020833
81064	2528	0.032020833
81064	6391	0.032020833
81064	1143	0.03202083
81064	3564	0.03202083
81064	4369	0.03202083
81064	4900	0.03202083
81064	79	0.032020826
81064	105	0.032020826
81088	6083	0.03847457
81088	1722	0.038474567
81088	2528	0.038474567
81088	4369	0.038474567
81088	4900	0.038474567
81088	6391	0.038474567
81088	3564	0.038474564
81088	79	0.03847456
81088	105	0.03847456
81088	804	0.03847456
81121	1722	0.033272654
81121	2528	0.033272654
81121	6083	0.033272654
81121	4369	0.03327265
81121	4900	0.03327265
81121	6391	0.03327265
81121	79	0.033272646
81121	105	0.033272646
81121	1143	0.033272646
81121	3564	0.033272646
81136	6083	0.041597985
81136	1722	0.04159798
81136	2528	0.04159798
81136	4369	0.041597977
81136	4900	0.041597977
81136	6391	0.041597977
81136	79	0.041597974
81136	3564	0.041597974
81136	5896	0.041597974
81136	105	0.04159797
81207	6083	0.030305808
81207	1722	0.030305807
81207	2528	0.030305807
81207	4369	0.030305803
81207	4900	0.030305803
81207	6391	0.030305803
81207	3564	0.030305801
81207	79	0.0303058
81207	105	0.0303058
81207	1143	0.0303058
81216	2528	0.023090772
81216	6083	0.023090772
81216	1722	0.02309077
81216	4900	0.023090769
81216	6391	0.023090769
81216	1143	0.023090767
81216	3564	0.023090767
81216	4369	0.023090767
81216	79	0.023090765
81216	105	0.023090765
81249	6083	0.028866883
81249	1722	0.02886688
81249	2528	0.02886688
81249	6391	0.02886688
81249	4369	0.028866878
81249	4900	0.028866878
81249	79	0.028866876
81249	3564	0.028866876
81249	105	0.028866874
81249	804	0.028866872
81263	2528	0.039441403
81263	6083	0.039441403
81263	1722	0.0394414
81263	4900	0.0394414
81263	6391	0.0394414
81263	4369	0.039441396
81263	79	0.03944139
81263	105	0.03944139
81263	1143	0.03944139
81263	1557	0.03944139
81274	2528	0.029434925
81274	6083	0.029434925
81274	1722	0.029434923
81274	6391	0.029434923
81274	4369	0.029434921
81274	4900	0.029434921
81274	79	0.02943492
81274	1143	0.02943492
81274	3564	0.02943492
81274	105	0.029434917
81298	6083	0.038627688
81298	1722	0.038627684
81298	2528	0.038627684
81298	4369	0.03862768
81298	6391	0.03862768
81298	79	0.038627677
81298	1143	0.038627677
81298	3564	0.038627677
81298	4900	0.038627677
81298	5896	0.038627677
81303	2528	0.038566492
81303	6083	0.038566492
81303	1722	0.03856649
81303	4900	0.03856649
81303	79	0.038566485
81303	1143	0.038566485
81303	3564	0.038566485
81303	4369	0.038566485
81303	5896	0.038566485
81303	6391	0.038566485
81318	1722	0.03693092
81318	2528	0.03693092
81318	6083	0.03693092
81318	4900	0.036930915
81318	79	0.03693091
81318	1143	0.03693091
81318	3564	0.03693091
81318	4369	0.03693091
81318	5896	0.03693091
81318	6391	0.03693091
81324	2528	0.023600718
81324	6083	0.023600718
81324	1722	0.023600716
81324	6391	0.023600716
81324	79	0.023600712
81324	1143	0.023600712
81324	3564	0.023600712
81324	4369	0.023600712
81324	4900	0.023600712
81324	105	0.02360071
81333	6083	0.044200134
81333	2528	0.04420013
81333	1722	0.044200126
81333	4900	0.044200126
81333	79	0.044200122
81333	1143	0.044200122
81333	3564	0.044200122
81333	4369	0.044200122
81333	6391	0.044200122
81333	105	0.04420012
81368	6083	0.029306665
81368	1722	0.029306661
81368	2528	0.029306661
81368	6391	0.02930666
81368	1143	0.029306658
81368	4369	0.029306658
81368	4900	0.029306658
81368	79	0.029306656
81368	105	0.029306656
81368	3564	0.029306656
81434	1722	0.033975184
81434	2528	0.033975184
81434	6083	0.033975184
81434	4900	0.03397518
81434	6391	0.03397518
81434	79	0.033975177
81434	105	0.033975177
81434	804	0.033975177
81434	1143	0.033975177
81434	3564	0.033975177
81459	1722	0.02735306
81459	2528	0.02735306
81459	4900	0.02735306
81459	6083	0.02735306
81459	6391	0.02735306
81459	3564	0.027353056
81459	4369	0.027353056
81459	79	0.027353054
81459	1143	0.027353054
81459	5896	0.027353054
81484	6083	0.034147326
81484	1722	0.034147322
81484	2528	0.034147322
81484	4900	0.034147322
81484	6391	0.034147322
81484	1143	0.03414732
81484	4369	0.03414732
81484	79	0.034147315
81484	105	0.034147315
81484	1557	0.034147315
81492	2528	0.032117825
81492	6083	0.032117825
81492	1722	0.03211782
81492	4900	0.03211782
81492	6391	0.03211782
81492	79	0.032117818
81492	3564	0.032117818
81492	4369	0.032117818
81492	105	0.032117814
81492	804	0.032117814
81578	6083	0.026861995
81578	2528	0.026861994
81578	1722	0.026861992
81578	4900	0.026861992
81578	6391	0.026861992
81578	4369	0.02686199
81578	79	0.026861988
81578	105	0.026861988
81578	1143	0.026861988
81578	3564	0.026861988
81597	6083	0.0327823
81597	1722	0.032782294
81597	2528	0.032782294
81597	4900	0.032782294
81597	6391	0.032782294
81597	1143	0.03278229
81597	3564	0.03278229
81597	4369	0.03278229
81597	79	0.032782286
81597	105	0.032782286
81609	2528	0.02959362
81609	6083	0.02959362
81609	1722	0.029593617
81609	4900	0.029593617
81609	6391	0.029593617
81609	3564	0.029593615
81609	4369	0.029593615
81609	79	0.029593613
81609	1143	0.029593613
81609	105	0.029593611
81672	1722	0.037775055
81672	2528	0.037775055
81672	6083	0.037775055
81672	4900	0.03777505
81672	6391	0.03777505
81672	79	0.037775047
81672	1143	0.037775047
81672	3564	0.037775047
81672	4369	0.037775047
81672	105	0.037775043
81682	2528	0.04722016
81682	6083	0.04722016
81682	1722	0.047220156
81682	4900	0.047220156
81682	4369	0.047220152
81682	6391	0.047220152
81682	1143	0.04722015
81682	3564	0.04722015
81682	79	0.047220144
81682	105	0.047220144
81771	2528	0.035184994
81771	1722	0.03518499
81771	6083	0.03518499
81771	105	0.035184987
81771	1143	0.035184987
81771	3564	0.035184987
81771	4369	0.035184987
81771	4900	0.035184987
81771	6391	0.035184987
81771	79	0.035184983
81848	6083	0.02958105
81848	1722	0.029581048
81848	2528	0.029581048
81848	6391	0.029581048
81848	4900	0.029581046
81848	3564	0.029581044
81848	4369	0.029581044
81848	79	0.02958104
81848	105	0.02958104
81848	804	0.02958104
81855	6083	0.032758914
81855	1722	0.03275891
81855	2528	0.03275891
81855	4900	0.03275891
81855	6391	0.03275891
81855	1143	0.032758906
81855	4369	0.032758906
81855	79	0.032758903
81855	105	0.032758903
81855	3564	0.032758903
81865	6083	0.027844545
81865	2528	0.027844543
81865	1722	0.02784454
81865	4369	0.02784454
81865	4900	0.02784454
81865	6391	0.02784454
81865	79	0.027844537
81865	105	0.027844537
81865	1143	0.027844537
81865	3564	0.027844537
81927	6083	0.029101897
81927	2528	0.029101895
81927	1722	0.029101893
81927	4900	0.029101891
81927	6391	0.029101891
81927	1143	0.02910189
81927	3564	0.02910189
81927	4369	0.02910189
81927	79	0.029101888
81927	105	0.029101888
81950	1722	0.033636168
81950	2528	0.033636168
81950	6083	0.033636168
81950	6391	0.033636168
81950	4369	0.033636164
81950	79	0.03363616
81950	105	0.03363616
81950	1143	0.03363616
81950	1557	0.03363616
81950	3564	0.03363616
81977	1722	0.0405655
81977	2528	0.0405655
81977	6083	0.0405655
81977	4900	0.040565494
81977	6391	0.040565494
81977	79	0.04056549
81977	105	0.04056549
81977	1143	0.04056549
81977	3564	0.04056549
81977	3917	0.04056549
82164	2528	0.033965033
82164	6083	0.033965033
82164	1722	0.03396503
82164	3564	0.03396503
82164	4369	0.03396503
82164	4900	0.03396503
82164	6391	0.03396503
82164	105	0.033965025
82164	1143	0.033965025
82164	79	0.03396502
82391	6083	0.024414293
82391	1722	0.02441429
82391	2528	0.02441429
82391	4900	0.02441429
82391	6391	0.02441429
82391	79	0.024414286
82391	105	0.024414286
82391	1143	0.024414286
82391	3564	0.024414286
82391	3917	0.024414286
82407	1722	0.042255178
82407	2528	0.042255178
82407	6083	0.042255178
82407	6391	0.042255174
82407	1143	0.04225517
82407	4369	0.04225517
82407	4900	0.04225517
82407	79	0.042255167
82407	3564	0.042255167
82407	105	0.042255163
82497	6083	0.037344623
82497	2528	0.03734462
82497	4900	0.03734462
82497	6391	0.03734462
82497	4369	0.037344616
82497	79	0.037344612
82497	105	0.037344612
82497	1143	0.037344612
82497	1557	0.037344612
82497	3088	0.037344612
82511	2528	0.026662268
82511	6083	0.026662268
82511	1722	0.026662266
82511	4900	0.026662266
82511	1143	0.026662264
82511	4369	0.026662264
82511	6391	0.026662264
82511	79	0.026662262
82511	105	0.026662262
82511	3564	0.026662262
82608	6083	0.03222527
82608	1722	0.032225266
82608	2528	0.032225266
82608	4369	0.032225266
82608	4900	0.032225266
82608	6391	0.032225266
82608	79	0.032225262
82608	105	0.032225262
82608	1143	0.032225262
82608	3564	0.032225262
82628	6083	0.025621759
82628	2528	0.025621757
82628	1722	0.025621755
82628	4369	0.025621753
82628	4900	0.025621753
82628	6391	0.025621753
82628	1143	0.025621751
82628	3564	0.025621751
82628	79	0.02562175
82628	105	0.02562175
82673	2528	0.027408905
82673	6083	0.027408905
82673	1722	0.027408903
82673	4900	0.027408902
82673	6391	0.027408902
82673	3564	0.0274089
82673	4369	0.0274089
82673	79	0.027408898
82673	105	0.027408898
82673	1143	0.027408898
82699	1722	0.03127518
82699	2528	0.03127518
82699	6083	0.03127518
82699	79	0.031275176
82699	3564	0.031275176
82699	4369	0.031275176
82699	4900	0.031275176
82699	6391	0.031275176
82699	105	0.03127517
82699	1143	0.03127517
82720	2528	0.02498862
82720	1722	0.024988618
82720	6083	0.024988618
82720	4900	0.024988616
82720	6391	0.024988616
82720	79	0.024988614
82720	1143	0.024988614
82720	4369	0.024988614
82720	105	0.024988612
82720	3564	0.024988612
82751	6083	0.041275963
82751	2528	0.04127596
82751	1722	0.041275956
82751	4369	0.041275956
82751	4900	0.041275956
82751	6391	0.041275956
82751	1143	0.041275952
82751	79	0.04127595
82751	105	0.04127595
82751	1557	0.04127595
82808	6083	0.029624337
82808	1722	0.029624335
82808	2528	0.029624335
82808	4900	0.029624334
82808	6391	0.029624334
82808	1143	0.029624332
82808	3564	0.029624332
82808	4369	0.029624332
82808	79	0.02962433
82808	105	0.029624328
82825	2528	0.03243439
82825	6083	0.03243439
82825	1722	0.032434385
82825	6391	0.032434385
82825	79	0.03243438
82825	105	0.03243438
82825	1143	0.03243438
82825	3564	0.03243438
82825	4369	0.03243438
82825	4900	0.03243438
82831	6083	0.0333089
82831	1722	0.033308897
82831	2528	0.033308897
82831	79	0.033308893
82831	105	0.033308893
82831	1143	0.033308893
82831	3564	0.033308893
82831	4369	0.033308893
82831	4900	0.033308893
82831	6391	0.033308893
82841	2528	0.02665912
82841	6083	0.02665912
82841	1722	0.026659118
82841	4369	0.026659116
82841	4900	0.026659116
82841	6391	0.026659116
82841	1143	0.026659114
82841	79	0.026659112
82841	105	0.026659112
82841	3088	0.026659112
82893	1722	0.0319452
82893	2528	0.0319452
82893	4900	0.0319452
82893	6083	0.0319452
82893	6391	0.0319452
82893	79	0.031945195
82893	4369	0.031945195
82893	105	0.03194519
82893	804	0.03194519
82893	1143	0.03194519
82901	6083	0.029583829
82901	1722	0.029583827
82901	2528	0.029583827
82901	4369	0.029583823
82901	4900	0.029583823
82901	6391	0.029583823
82901	105	0.029583821
82901	1143	0.029583821
82901	3564	0.029583821
82901	79	0.02958382
82942	6083	0.02472971
82942	2528	0.024729708
82942	1722	0.024729706
82942	4369	0.024729706
82942	4900	0.024729706
82942	6391	0.024729706
82942	105	0.024729704
82942	1143	0.024729704
82942	79	0.024729703
82942	804	0.024729703
82955	6083	0.032811552
82955	79	0.032811545
82955	1722	0.032811545
82955	2528	0.032811545
82955	4369	0.032811545
82955	4900	0.032811545
82955	6391	0.032811545
82955	105	0.03281154
82955	1143	0.03281154
82955	3564	0.03281154
83069	6083	0.024497153
83069	1722	0.024497151
83069	2528	0.024497151
83069	4900	0.024497151
83069	6391	0.024497151
83069	79	0.024497148
83069	105	0.024497148
83069	3564	0.024497148
83069	4369	0.024497148
83069	1143	0.024497146
83109	2528	0.028569903
83109	6083	0.028569903
83109	1722	0.0285699
83109	4900	0.0285699
83109	6391	0.0285699
83109	4369	0.028569898
83109	1143	0.028569896
83109	3564	0.028569896
83109	5896	0.028569896
83109	79	0.028569894
83110	6083	0.027620362
83110	2528	0.02762036
83110	1722	0.027620358
83110	6391	0.027620358
83110	3564	0.027620357
83110	4369	0.027620357
83110	4900	0.027620357
83110	79	0.027620355
83110	1143	0.027620355
83110	105	0.027620353
83135	6083	0.021756789
83135	1722	0.021756787
83135	2528	0.021756787
83135	4900	0.021756787
83135	6391	0.021756787
83135	105	0.021756783
83135	1143	0.021756783
83135	4369	0.021756783
83135	79	0.021756781
83135	1557	0.021756781
83166	2528	0.033582933
83166	6083	0.033582933
83166	6391	0.033582933
83166	1722	0.03358293
83166	79	0.033582926
83166	105	0.033582926
83166	1143	0.033582926
83166	4369	0.033582926
83166	4900	0.033582926
83166	3088	0.033582922
83235	6083	0.024368957
83235	2528	0.024368955
83235	1722	0.024368953
83235	4900	0.024368953
83235	6391	0.024368953
83235	3564	0.024368951
83235	4369	0.024368951
83235	79	0.02436895
83235	105	0.02436895
83235	1143	0.02436895
83239	6083	0.038104463
83239	1722	0.03810446
83239	2528	0.03810446
83239	4900	0.03810446
83239	6391	0.03810446
83239	4369	0.038104456
83239	79	0.038104452
83239	105	0.038104452
83239	804	0.038104452
83239	1143	0.038104452
83252	6083	0.03293342
83252	1722	0.032933414
83252	2528	0.032933414
83252	4369	0.032933414
83252	4900	0.032933414
83252	6391	0.032933414
83252	105	0.03293341
83252	1143	0.03293341
83252	3564	0.03293341
83252	79	0.032933407
83287	2528	0.042313773
83287	6083	0.042313773
83287	1722	0.04231377
83287	4900	0.04231377
83287	4369	0.042313766
83287	6391	0.042313766
83287	79	0.042313762
83287	105	0.042313762
83287	1143	0.042313762
83287	3088	0.042313762
83306	2528	0.02773746
83306	6083	0.02773746
83306	1722	0.027737457
83306	4900	0.027737455
83306	6391	0.027737455
83306	79	0.027737454
83306	1143	0.027737454
83306	4369	0.027737454
83306	105	0.027737452
83306	3564	0.027737452
83383	6083	0.02618446
83383	1722	0.026184458
83383	2528	0.026184458
83383	4900	0.026184458
83383	6391	0.026184456
83383	1143	0.026184455
83383	3564	0.026184455
83383	4369	0.026184455
83383	79	0.026184453
83383	105	0.026184453
83390	6083	0.027805895
83390	2528	0.027805893
83390	1722	0.02780589
83390	6391	0.02780589
83390	4369	0.027805889
83390	4900	0.027805889
83390	1143	0.027805887
83390	3564	0.027805887
83390	79	0.027805885
83390	105	0.027805885
83431	1722	0.042297855
83431	2528	0.042297855
83431	6083	0.042297855
83431	4369	0.04229785
83431	4900	0.04229785
83431	79	0.042297848
83431	6391	0.042297848
83431	105	0.042297844
83431	1143	0.042297844
83431	3564	0.042297844
83443	2528	0.021948244
83443	6083	0.021948244
83443	4369	0.021948243
83443	1722	0.02194824
83443	3564	0.02194824
83443	4900	0.02194824
83443	6391	0.02194824
83443	79	0.021948239
83443	1143	0.021948239
83443	3088	0.021948239
83496	6083	0.027793484
83496	1722	0.027793482
83496	2528	0.027793482
83496	6391	0.027793482
83496	4900	0.02779348
83496	3564	0.027793478
83496	4369	0.027793478
83496	79	0.027793476
83496	105	0.027793476
83496	1143	0.027793476
83561	6083	0.024484232
83561	1722	0.024484228
83561	2528	0.024484228
83561	4900	0.024484228
83561	6391	0.024484228
83561	1143	0.024484226
83561	4369	0.024484226
83561	79	0.024484225
83561	105	0.024484225
83561	3564	0.024484225
83637	1722	0.035349987
83637	2528	0.035349987
83637	4900	0.035349987
83637	6083	0.035349987
83637	6391	0.035349987
83637	4369	0.035349984
83637	79	0.03534998
83637	105	0.03534998
83637	804	0.03534998
83637	1143	0.03534998
83646	2528	0.022902824
83646	6083	0.022902824
83646	1722	0.022902822
83646	1143	0.02290282
83646	3564	0.02290282
83646	4369	0.02290282
83646	4900	0.02290282
83646	6391	0.02290282
83646	79	0.022902818
83646	105	0.022902818
83671	2528	0.047491625
83671	6083	0.047491625
83671	1722	0.04749162
83671	79	0.047491618
83671	4369	0.047491618
83671	4900	0.047491618
83671	6391	0.047491618
83671	1143	0.047491614
83671	3564	0.047491614
83671	105	0.04749161
83754	6083	0.031247323
83754	1722	0.031247322
83754	2528	0.031247322
83754	4900	0.031247322
83754	4369	0.031247318
83754	6391	0.031247318
83754	1143	0.031247316
83754	3564	0.031247316
83754	79	0.031247314
83754	105	0.031247314
83775	1722	0.035642494
83775	2528	0.035642494
83775	6083	0.035642494
83775	6391	0.035642494
83775	105	0.03564249
83775	3564	0.03564249
83775	4369	0.03564249
83775	4900	0.03564249
83775	79	0.035642486
83775	1143	0.035642486
83842	6083	0.038721465
83842	1722	0.03872146
83842	2528	0.03872146
83842	4900	0.03872146
83842	1143	0.038721457
83842	3564	0.038721457
83842	4369	0.038721457
83842	6391	0.038721457
83842	79	0.038721453
83842	105	0.038721453
83971	6083	0.02685665
83971	2528	0.026856648
83971	1722	0.026856646
83971	6391	0.026856646
83971	4369	0.026856644
83971	4900	0.026856644
83971	1143	0.026856642
83971	3564	0.026856642
83971	105	0.02685664
83971	3917	0.02685664
84024	6083	0.030287432
84024	2528	0.03028743
84024	1722	0.030287428
84024	4369	0.030287426
84024	4900	0.030287426
84024	6391	0.030287426
84024	3564	0.030287424
84024	79	0.030287422
84024	105	0.030287422
84024	1143	0.030287422
84126	6083	0.03693926
84126	1722	0.036939256
84126	2528	0.036939256
84126	6391	0.036939256
84126	4900	0.036939252
84126	79	0.03693925
84126	105	0.03693925
84126	1143	0.03693925
84126	3564	0.03693925
84126	3917	0.03693925
84146	2528	0.022711866
84146	6083	0.022711866
84146	1722	0.022711864
84146	4369	0.022711862
84146	4900	0.022711862
84146	6391	0.022711862
84146	3564	0.02271186
84146	79	0.022711858
84146	105	0.022711858
84146	1143	0.022711858
84178	2528	0.029628191
84178	6083	0.029628191
84178	1722	0.02962819
84178	4369	0.029628187
84178	4900	0.029628187
84178	6391	0.029628187
84178	79	0.029628184
84178	105	0.029628184
84178	1143	0.029628184
84178	3564	0.029628184
84201	6083	0.031237662
84201	2528	0.031237658
84201	1722	0.031237654
84201	4900	0.031237654
84201	6391	0.031237654
84201	3564	0.031237653
84201	79	0.03123765
84201	1143	0.03123765
84201	4369	0.03123765
84201	105	0.031237649
84427	6083	0.031933308
84427	1722	0.031933304
84427	2528	0.031933304
84427	6391	0.031933304
84427	105	0.0319333
84427	1143	0.0319333
84427	3564	0.0319333
84427	3917	0.0319333
84427	4369	0.0319333
84427	4900	0.0319333
84479	1722	0.03336148
84479	2528	0.03336148
84479	4369	0.03336148
84479	4900	0.03336148
84479	6083	0.03336148
84479	6391	0.03336148
84479	1143	0.033361476
84479	79	0.033361472
84479	105	0.033361472
84479	1557	0.033361472
84523	2528	0.038080476
84523	6083	0.038080476
84523	1722	0.038080472
84523	3564	0.03808047
84523	4369	0.03808047
84523	4900	0.03808047
84523	6391	0.03808047
84523	79	0.038080465
84523	105	0.038080465
84523	1143	0.038080465
84729	6083	0.028500492
84729	1722	0.02850049
84729	2528	0.02850049
84729	4900	0.028500488
84729	6391	0.028500488
84729	79	0.028500486
84729	3564	0.028500486
84729	4369	0.028500486
84729	105	0.028500484
84729	1143	0.028500484
84795	6083	0.031111674
84795	1722	0.031111673
84795	2528	0.031111673
84795	4369	0.031111669
84795	4900	0.031111669
84795	6391	0.031111669
84795	1143	0.031111667
84795	3564	0.031111667
84795	79	0.031111665
84795	105	0.031111665
84820	2528	0.030477889
84820	6083	0.030477889
84820	1722	0.030477887
84820	4369	0.030477885
84820	4900	0.030477885
84820	6391	0.030477885
84820	79	0.030477881
84820	105	0.030477881
84820	1143	0.030477881
84820	3564	0.030477881
84866	1722	0.029593196
84866	2528	0.029593196
84866	6083	0.029593196
84866	3564	0.029593192
84866	4369	0.029593192
84866	4900	0.029593192
84866	6391	0.029593192
84866	1143	0.02959319
84866	79	0.029593188
84866	105	0.029593188
84882	6083	0.036815047
84882	2528	0.036815044
84882	1722	0.03681504
84882	3564	0.03681504
84882	4369	0.03681504
84882	4900	0.03681504
84882	6391	0.03681504
84882	79	0.036815036
84882	105	0.036815032
84882	804	0.036815032
84897	1722	0.034211457
84897	2528	0.034211457
84897	4369	0.034211457
84897	4900	0.034211457
84897	6083	0.034211457
84897	6391	0.034211457
84897	1143	0.034211453
84897	3564	0.034211453
84897	5896	0.034211453
84897	79	0.03421145
84900	6083	0.029921329
84900	1722	0.029921327
84900	2528	0.029921327
84900	6391	0.029921325
84900	1143	0.029921323
84900	4369	0.029921323
84900	4900	0.029921323
84900	79	0.02992132
84900	105	0.02992132
84900	3088	0.02992132
84910	2528	0.025444426
84910	6083	0.025444426
84910	1722	0.025444422
84910	4900	0.025444422
84910	6391	0.025444422
84910	4369	0.02544442
84910	79	0.025444418
84910	1143	0.025444418
84910	3564	0.025444418
84910	5896	0.025444418
85033	2528	0.033662125
85033	6083	0.033662125
85033	1722	0.03366212
85033	4369	0.03366212
85033	4900	0.03366212
85033	6391	0.03366212
85033	79	0.033662118
85033	105	0.033662118
85033	1143	0.033662118
85033	3564	0.033662118
85043	6083	0.033708278
85043	2528	0.033708274
85043	1722	0.03370827
85043	4900	0.03370827
85043	6391	0.03370827
85043	79	0.033708267
85043	105	0.033708267
85043	1143	0.033708267
85043	3564	0.033708267
85043	3917	0.033708267
85256	6083	0.025947275
85256	1722	0.025947273
85256	2528	0.025947273
85256	4900	0.025947273
85256	6391	0.025947273
85256	79	0.025947269
85256	105	0.025947269
85256	1143	0.025947269
85256	3564	0.025947269
85256	4369	0.025947269
85367	6083	0.022893526
85367	1722	0.022893522
85367	2528	0.022893522
85367	4900	0.022893522
85367	4369	0.02289352
85367	6391	0.02289352
85367	79	0.022893518
85367	105	0.022893518
85367	1143	0.022893518
85367	3564	0.022893518
85426	6083	0.03432506
85426	79	0.034325056
85426	1722	0.034325056
85426	2528	0.034325056
85426	4369	0.034325056
85426	4900	0.034325056
85426	6391	0.034325056
85426	105	0.034325052
85426	1143	0.034325052
85426	3564	0.034325052
85433	2528	0.034329206
85433	6083	0.034329206
85433	1722	0.034329202
85433	79	0.0343292
85433	105	0.0343292
85433	1143	0.0343292
85433	3564	0.0343292
85433	4369	0.0343292
85433	4900	0.0343292
85433	6391	0.0343292
85455	2528	0.020919118
85455	6083	0.020919118
85455	1722	0.020919116
85455	79	0.020919114
85455	1143	0.020919114
85455	3564	0.020919114
85455	4369	0.020919114
85455	4900	0.020919114
85455	6391	0.020919114
85455	105	0.020919112
85502	2528	0.028286539
85502	6083	0.028286539
85502	1722	0.028286537
85502	4369	0.028286535
85502	4900	0.028286535
85502	6391	0.028286535
85502	3564	0.028286533
85502	79	0.028286532
85502	105	0.028286532
85502	1143	0.028286532
85526	2528	0.03027119
85526	6083	0.03027119
85526	1722	0.030271187
85526	4369	0.030271184
85526	4900	0.030271184
85526	1143	0.030271182
85526	3564	0.030271182
85526	79	0.03027118
85526	105	0.03027118
85526	804	0.03027118
85554	2528	0.02345056
85554	6083	0.02345056
85554	1722	0.023450559
85554	4900	0.023450559
85554	3564	0.023450557
85554	4369	0.023450557
85554	6391	0.023450557
85554	1143	0.023450555
85554	79	0.023450553
85554	105	0.023450553
85587	6083	0.027461793
85587	2528	0.027461791
85587	1722	0.02746179
85587	6391	0.02746179
85587	4369	0.027461788
85587	4900	0.027461788
85587	79	0.027461786
85587	1143	0.027461786
85587	3564	0.027461786
85587	3917	0.027461784
85656	2528	0.04016043
85656	6083	0.04016043
85656	1722	0.040160425
85656	4900	0.04016042
85656	6391	0.04016042
85656	79	0.040160418
85656	105	0.040160418
85656	1143	0.040160418
85656	3564	0.040160418
85656	3917	0.040160418
85701	2528	0.031856857
85701	6083	0.031856857
85701	4900	0.031856854
85701	79	0.03185685
85701	1143	0.03185685
85701	1722	0.03185685
85701	3564	0.03185685
85701	4369	0.03185685
85701	5896	0.03185685
85701	6391	0.03185685
85757	6083	0.03193897
85757	1722	0.031938966
85757	2528	0.031938966
85757	3564	0.031938963
85757	4369	0.031938963
85757	4900	0.031938963
85757	6391	0.031938963
85757	79	0.03193896
85757	105	0.03193896
85757	1143	0.03193896
85833	6083	0.024686798
85833	2528	0.024686797
85833	1722	0.024686795
85833	4900	0.024686795
85833	6391	0.024686795
85833	4369	0.024686793
85833	79	0.024686791
85833	105	0.024686791
85833	1143	0.024686791
85833	3564	0.024686791
85851	6083	0.027094305
85851	2528	0.027094303
85851	6391	0.027094303
85851	1722	0.0270943
85851	4369	0.0270943
85851	4900	0.0270943
85851	79	0.027094297
85851	105	0.027094297
85851	1143	0.027094297
85851	3564	0.027094297
85872	2528	0.035407543
85872	6083	0.035407543
85872	1722	0.03540754
85872	79	0.035407536
85872	1143	0.035407536
85872	3564	0.035407536
85872	4369	0.035407536
85872	4900	0.035407536
85872	5896	0.035407536
85872	6391	0.035407536
85962	2528	0.027009163
85962	6083	0.027009161
85962	1722	0.02700916
85962	4900	0.02700916
85962	6391	0.02700916
85962	4369	0.027009157
85962	105	0.027009156
85962	1143	0.027009156
85962	3564	0.027009156
85962	79	0.027009154
85992	6083	0.031414814
85992	2528	0.03141481
85992	105	0.031414807
85992	1722	0.031414807
85992	3564	0.031414807
85992	4369	0.031414807
85992	4900	0.031414807
85992	6391	0.031414807
85992	79	0.031414803
85992	1143	0.031414803
85993	2528	0.03858967
85993	6083	0.03858967
85993	1722	0.038589668
85993	4369	0.038589668
85993	4900	0.038589668
85993	6391	0.038589668
85993	79	0.038589664
85993	3564	0.038589664
85993	105	0.03858966
85993	1143	0.03858966
86033	1722	0.035623647
86033	2528	0.035623647
86033	4900	0.035623647
86033	6083	0.035623647
86033	4369	0.035623644
86033	6391	0.035623644
86033	79	0.03562364
86033	105	0.03562364
86033	1143	0.03562364
86033	3564	0.03562364
86051	2528	0.03025308
86051	6083	0.03025308
86051	1722	0.030253079
86051	4900	0.030253079
86051	6391	0.030253077
86051	1143	0.030253075
86051	3564	0.030253075
86051	4369	0.030253075
86051	79	0.030253073
86051	105	0.030253071
86093	2528	0.02850347
86093	6083	0.02850347
86093	1722	0.028503468
86093	4900	0.028503466
86093	6391	0.028503466
86093	3564	0.028503465
86093	4369	0.028503465
86093	79	0.028503463
86093	105	0.028503463
86093	1143	0.028503463
86123	6083	0.03442514
86123	2528	0.034425136
86123	1722	0.034425132
86123	4369	0.034425132
86123	4900	0.034425132
86123	6391	0.034425132
86123	79	0.03442513
86123	1143	0.03442513
86123	3564	0.03442513
86123	105	0.034425125
86145	6083	0.038821965
86145	2528	0.03882196
86145	1722	0.038821958
86145	4900	0.038821958
86145	6391	0.038821958
86145	105	0.038821954
86145	1143	0.038821954
86145	3564	0.038821954
86145	4369	0.038821954
86145	79	0.03882195
86170	1722	0.02617348
86170	2528	0.02617348
86170	6083	0.02617348
86170	4900	0.026173478
86170	4369	0.026173476
86170	6391	0.026173476
86170	1143	0.026173474
86170	3564	0.026173474
86170	79	0.026173472
86170	105	0.026173472
86189	1722	0.03198746
86189	6083	0.03198746
86189	2528	0.031987455
86189	79	0.03198745
86189	1143	0.03198745
86189	3088	0.03198745
86189	3564	0.03198745
86189	4369	0.03198745
86189	4900	0.03198745
86189	6391	0.03198745
86202	6083	0.037687164
86202	1722	0.03768716
86202	2528	0.03768716
86202	4900	0.03768716
86202	6391	0.03768716
86202	1143	0.037687156
86202	3564	0.037687156
86202	4369	0.037687156
86202	79	0.037687153
86202	105	0.037687153
86242	2528	0.027294457
86242	6083	0.027294457
86242	1722	0.027294455
86242	4900	0.027294453
86242	6391	0.027294453
86242	1143	0.027294451
86242	4369	0.027294451
86242	79	0.02729445
86242	105	0.02729445
86242	3564	0.02729445
86243	6083	0.032761373
86243	1722	0.03276137
86243	2528	0.03276137
86243	1143	0.032761365
86243	4369	0.032761365
86243	4900	0.032761365
86243	6391	0.032761365
86243	79	0.03276136
86243	105	0.03276136
86243	3564	0.03276136
86368	2528	0.025823537
86368	6083	0.025823537
86368	1722	0.025823535
86368	4369	0.025823534
86368	4900	0.025823534
86368	6391	0.025823534
86368	3564	0.025823532
86368	79	0.02582353
86368	105	0.02582353
86368	1143	0.02582353
86392	6083	0.030531682
86392	1722	0.03053168
86392	2528	0.03053168
86392	4900	0.030531678
86392	6391	0.030531678
86392	4369	0.030531676
86392	79	0.030531675
86392	105	0.030531675
86392	1143	0.030531675
86392	3564	0.030531675
86408	6083	0.050996326
86408	2528	0.050996322
86408	1722	0.05099632
86408	4369	0.05099632
86408	4900	0.05099632
86408	6391	0.05099632
86408	79	0.05099631
86408	105	0.05099631
86408	1143	0.05099631
86408	3564	0.05099631
86419	6083	0.038282346
86419	1722	0.038282342
86419	2528	0.038282342
86419	4900	0.038282342
86419	6391	0.038282342
86419	1143	0.03828234
86419	4369	0.03828234
86419	79	0.038282335
86419	105	0.038282335
86419	1557	0.038282335
86489	6083	0.03970472
86489	1722	0.039704718
86489	2528	0.039704718
86489	4900	0.039704718
86489	6391	0.039704718
86489	3564	0.039704714
86489	79	0.03970471
86489	105	0.03970471
86489	1143	0.03970471
86489	3088	0.03970471
86548	2528	0.020442933
86548	6083	0.020442933
86548	1722	0.02044293
86548	4369	0.02044293
86548	4900	0.02044293
86548	6391	0.02044293
86548	79	0.020442927
86548	105	0.020442927
86548	1143	0.020442927
86548	3564	0.020442927
86555	6083	0.031027507
86555	1722	0.031027503
86555	2528	0.031027503
86555	4900	0.031027501
86555	6391	0.031027501
86555	4369	0.0310275
86555	3564	0.031027498
86555	79	0.031027496
86555	105	0.031027496
86555	1143	0.031027496
86641	2528	0.03289883
86641	6083	0.03289883
86641	1722	0.032898825
86641	6391	0.032898825
86641	79	0.03289882
86641	105	0.03289882
86641	1143	0.03289882
86641	3564	0.03289882
86641	3917	0.03289882
86641	4369	0.03289882
86720	1722	0.039636225
86720	2528	0.039636225
86720	6083	0.039636225
86720	6391	0.039636225
86720	4369	0.03963622
86720	4900	0.03963622
86720	1143	0.039636217
86720	3564	0.039636217
86720	105	0.039636213
86720	3917	0.039636213
86819	2528	0.02528964
86819	6083	0.02528964
86819	1722	0.025289638
86819	4900	0.025289638
86819	1143	0.025289636
86819	3564	0.025289636
86819	4369	0.025289636
86819	6391	0.025289636
86819	79	0.025289634
86819	105	0.025289632
86835	6083	0.034696486
86835	1722	0.034696482
86835	2528	0.034696482
86835	4369	0.034696482
86835	4900	0.034696482
86835	6391	0.034696482
86835	1143	0.03469648
86835	3564	0.03469648
86835	79	0.034696475
86835	105	0.034696475
86906	2528	0.027376536
86906	6083	0.027376536
86906	1722	0.027376534
86906	4369	0.027376533
86906	4900	0.027376533
86906	6391	0.027376533
86906	3564	0.02737653
86906	79	0.027376529
86906	1143	0.027376529
86906	3088	0.027376529
86932	6083	0.029506743
86932	2528	0.029506741
86932	1722	0.02950674
86932	4900	0.029506737
86932	6391	0.029506737
86932	1143	0.029506736
86932	3564	0.029506736
86932	4369	0.029506736
86932	79	0.029506734
86932	5896	0.029506734
86959	1722	0.032218486
86959	2528	0.032218486
86959	6083	0.032218486
86959	4900	0.032218482
86959	79	0.03221848
86959	1143	0.03221848
86959	3564	0.03221848
86959	3978	0.03221848
86959	4369	0.03221848
86959	6391	0.03221848
86969	1722	0.025676142
86969	2528	0.025676142
86969	6083	0.025676142
86969	4900	0.02567614
86969	6391	0.02567614
86969	3564	0.025676139
86969	4369	0.025676139
86969	79	0.025676137
86969	105	0.025676137
86969	1143	0.025676137
87051	2528	0.030235868
87051	6083	0.030235868
87051	1722	0.030235864
87051	4369	0.030235864
87051	4900	0.030235864
87051	6391	0.030235864
87051	1143	0.030235862
87051	79	0.03023586
87051	105	0.03023586
87051	3564	0.03023586
87108	6083	0.04151142
87108	1722	0.041511416
87108	2528	0.041511416
87108	6391	0.041511416
87108	4369	0.041511413
87108	4900	0.041511413
87108	79	0.04151141
87108	105	0.04151141
87108	1143	0.04151141
87108	3564	0.04151141
87155	2528	0.028611265
87155	6083	0.028611265
87155	1722	0.028611261
87155	4369	0.028611261
87155	4900	0.028611261
87155	6391	0.028611261
87155	1143	0.028611258
87155	3564	0.028611258
87155	79	0.028611256
87155	105	0.028611256
87302	1722	0.02785984
87302	2528	0.02785984
87302	6083	0.02785984
87302	4900	0.027859839
87302	3564	0.027859837
87302	4369	0.027859837
87302	6391	0.027859837
87302	79	0.027859835
87302	1143	0.027859835
87302	105	0.027859833
87351	6083	0.030501345
87351	1722	0.030501343
87351	2528	0.030501343
87351	6391	0.030501343
87351	3564	0.03050134
87351	4369	0.03050134
87351	4900	0.03050134
87351	105	0.030501338
87351	79	0.030501336
87351	804	0.030501336
87401	6083	0.026903953
87401	2528	0.026903952
87401	1722	0.02690395
87401	4900	0.02690395
87401	6391	0.02690395
87401	4369	0.026903948
87401	79	0.026903946
87401	105	0.026903946
87401	1143	0.026903946
87401	3564	0.026903946
87540	1722	0.033964932
87540	2528	0.033964932
87540	6083	0.033964932
87540	4900	0.03396493
87540	6391	0.03396493
87540	79	0.033964925
87540	105	0.033964925
87540	1143	0.033964925
87540	3564	0.033964925
87540	3917	0.033964925
87555	2528	0.040087663
87555	6083	0.040087663
87555	1722	0.04008766
87555	4369	0.04008766
87555	4900	0.04008766
87555	6391	0.04008766
87555	79	0.040087655
87555	105	0.040087655
87555	1143	0.040087655
87555	3564	0.040087655
87579	2528	0.021760413
87579	6083	0.021760413
87579	1722	0.021760412
87579	4369	0.021760412
87579	4900	0.021760412
87579	6391	0.021760412
87579	79	0.021760408
87579	105	0.021760408
87579	1143	0.021760408
87579	3088	0.021760408
87688	1722	0.02357651
87688	2528	0.02357651
87688	6083	0.02357651
87688	1143	0.023576505
87688	4369	0.023576505
87688	4900	0.023576505
87688	6391	0.023576505
87688	3564	0.023576504
87688	79	0.023576502
87688	105	0.023576502
87712	2528	0.041278645
87712	6083	0.041278645
87712	1722	0.04127864
87712	4369	0.041278638
87712	4900	0.041278638
87712	6391	0.041278638
87712	1143	0.041278634
87712	3564	0.041278634
87712	79	0.04127863
87712	105	0.04127863
87820	6083	0.027410023
87820	2528	0.027410021
87820	1722	0.02741002
87820	6391	0.02741002
87820	4369	0.027410017
87820	4900	0.027410017
87820	79	0.027410015
87820	1143	0.027410015
87820	3564	0.027410015
87820	105	0.027410014
87911	6083	0.031129861
87911	2528	0.03112986
87911	1722	0.031129856
87911	4369	0.031129856
87911	4900	0.031129856
87911	6391	0.031129854
87911	79	0.031129852
87911	105	0.031129852
87911	1143	0.031129852
87911	3564	0.031129852
87929	6083	0.02851892
87929	2528	0.028518919
87929	1722	0.028518917
87929	4900	0.028518917
87929	4369	0.028518915
87929	6391	0.028518915
87929	79	0.028518913
87929	1143	0.028518913
87929	105	0.028518911
87929	3088	0.028518911
87938	1722	0.033696786
87938	2528	0.033696786
87938	6083	0.033696786
87938	4900	0.03369678
87938	6391	0.03369678
87938	79	0.033696778
87938	105	0.033696778
87938	1143	0.033696778
87938	3564	0.033696778
87938	4369	0.033696778
87948	2528	0.025761075
87948	6083	0.025761075
87948	1722	0.025761072
87948	4369	0.025761072
87948	4900	0.025761072
87948	6391	0.025761072
87948	79	0.02576107
87948	105	0.025761068
87948	1143	0.025761068
87948	1557	0.025761068
87949	6083	0.030892348
87949	2528	0.030892346
87949	1722	0.030892342
87949	4369	0.030892342
87949	4900	0.030892342
87949	6391	0.030892342
87949	79	0.030892339
87949	105	0.030892339
87949	1143	0.030892339
87949	3564	0.030892339
87964	6083	0.03934896
87964	1722	0.039348952
87964	2528	0.039348952
87964	4900	0.039348952
87964	6391	0.039348952
87964	3564	0.03934895
87964	4369	0.03934895
87964	79	0.039348945
87964	105	0.039348945
87964	1143	0.039348945
87974	1722	0.028315686
87974	2528	0.028315686
87974	6083	0.028315686
87974	6391	0.028315684
87974	4369	0.028315682
87974	4900	0.028315682
87974	3564	0.02831568
87974	79	0.028315678
87974	105	0.028315678
87974	1143	0.028315678
88029	6083	0.03202345
88029	1722	0.032023445
88029	2528	0.032023445
88029	6391	0.032023445
88029	4369	0.03202344
88029	4900	0.03202344
88029	79	0.032023437
88029	105	0.032023437
88029	1143	0.032023437
88029	1557	0.032023437
88122	2528	0.034487676
88122	6083	0.034487676
88122	1722	0.034487672
88122	4369	0.034487672
88122	4900	0.034487672
88122	6391	0.034487672
88122	79	0.03448767
88122	105	0.03448767
88122	1143	0.03448767
88122	3564	0.03448767
88170	2528	0.024438381
88170	6083	0.024438381
88170	1722	0.02443838
88170	1143	0.024438377
88170	4369	0.024438377
88170	4900	0.024438377
88170	6391	0.024438377
88170	79	0.024438376
88170	3564	0.024438376
88170	105	0.024438374
88187	2528	0.024524497
88187	6083	0.024524497
88187	1722	0.024524495
88187	4900	0.024524495
88187	6391	0.024524495
88187	4369	0.024524493
88187	79	0.024524491
88187	105	0.024524491
88187	1143	0.024524491
88187	3564	0.024524491
88229	1722	0.036403514
88229	2528	0.036403514
88229	6083	0.036403514
88229	6391	0.03640351
88229	79	0.036403507
88229	105	0.036403507
88229	1143	0.036403507
88229	3564	0.036403507
88229	3917	0.036403507
88229	4369	0.036403507
88248	6083	0.021236759
88248	2528	0.021236757
88248	1722	0.021236755
88248	4900	0.021236755
88248	6391	0.021236755
88248	3564	0.021236753
88248	4369	0.021236753
88248	79	0.021236751
88248	105	0.021236751
88248	1143	0.021236751
88283	6083	0.036762632
88283	1722	0.036762625
88283	2528	0.036762625
88283	4369	0.036762625
88283	4900	0.036762625
88283	6391	0.036762625
88283	3564	0.03676262
88283	79	0.036762618
88283	105	0.036762618
88283	804	0.036762618
88288	1722	0.023698248
88288	2528	0.023698248
88288	6083	0.023698248
88288	6391	0.023698248
88288	1143	0.023698246
88288	4900	0.023698246
88288	79	0.023698244
88288	105	0.023698244
88288	3564	0.023698244
88288	3917	0.023698244
88299	2528	0.040660866
88299	6083	0.040660866
88299	1722	0.040660862
88299	4369	0.04066086
88299	4900	0.04066086
88299	6391	0.04066086
88299	79	0.040660854
88299	105	0.040660854
88299	1143	0.040660854
88299	3564	0.040660854
88330	2528	0.024659956
88330	6083	0.024659956
88330	1722	0.024659954
88330	6391	0.024659954
88330	4900	0.024659952
88330	1143	0.02465995
88330	3564	0.02465995
88330	4369	0.02465995
88330	79	0.024659948
88330	105	0.024659948
88389	2528	0.028916627
88389	6083	0.028916627
88389	1722	0.028916623
88389	4369	0.028916623
88389	4900	0.028916623
88389	6391	0.028916623
88389	105	0.02891662
88389	1143	0.02891662
88389	3564	0.02891662
88389	79	0.028916618
88412	6083	0.03874711
88412	2528	0.038747106
88412	1722	0.038747102
88412	3564	0.038747102
88412	4369	0.038747102
88412	4900	0.038747102
88412	6391	0.038747102
88412	1143	0.0387471
88412	79	0.038747095
88412	105	0.038747095
88416	2528	0.031169642
88416	6083	0.031169642
88416	1722	0.03116964
88416	4900	0.031169638
88416	6391	0.031169638
88416	4369	0.031169636
88416	79	0.031169634
88416	105	0.031169634
88416	1143	0.031169634
88416	3564	0.031169634
88435	6083	0.03185154
88435	1143	0.031851538
88435	1722	0.031851538
88435	2528	0.031851538
88435	4369	0.031851538
88435	4900	0.031851538
88435	6391	0.031851538
88435	3564	0.031851534
88435	79	0.03185153
88435	105	0.03185153
88574	2528	0.029080566
88574	6083	0.029080566
88574	1722	0.029080564
88574	4369	0.029080562
88574	4900	0.029080562
88574	6391	0.029080562
88574	3564	0.02908056
88574	79	0.029080559
88574	105	0.029080559
88574	1143	0.029080559
88605	1722	0.020320129
88605	6083	0.020320129
88605	2528	0.020320127
88605	6391	0.020320127
88605	1143	0.020320125
88605	4369	0.020320125
88605	4900	0.020320125
88605	79	0.020320123
88605	3564	0.020320123
88605	5896	0.020320123
88620	1722	0.031421334
88620	2528	0.031421334
88620	4369	0.031421334
88620	4900	0.031421334
88620	6083	0.031421334
88620	6391	0.031421334
88620	1143	0.03142133
88620	79	0.031421326
88620	105	0.031421326
88620	804	0.031421326
88652	6083	0.03673257
88652	1143	0.036732562
88652	1722	0.036732562
88652	2528	0.036732562
88652	3564	0.036732562
88652	4369	0.036732562
88652	4900	0.036732562
88652	6391	0.036732562
88652	105	0.03673256
88652	79	0.036732554
88693	2528	0.037121654
88693	6083	0.037121654
88693	1722	0.03712165
88693	4900	0.03712165
88693	79	0.037121646
88693	105	0.037121646
88693	3564	0.037121646
88693	4369	0.037121646
88693	6391	0.037121646
88693	1143	0.037121642
88738	6083	0.03786096
88738	2528	0.037860956
88738	1143	0.037860952
88738	1722	0.037860952
88738	4369	0.037860952
88738	4900	0.037860952
88738	6391	0.037860952
88738	3564	0.03786095
88738	79	0.037860945
88738	105	0.037860945
88793	6083	0.04053708
88793	1722	0.040537074
88793	2528	0.040537074
88793	4369	0.040537074
88793	4900	0.040537074
88793	6391	0.040537074
88793	79	0.040537067
88793	105	0.040537067
88793	1143	0.040537067
88793	3088	0.040537067
88937	2528	0.035372972
88937	6083	0.035372972
88937	1722	0.03537297
88937	4900	0.03537297
88937	1143	0.035372965
88937	3564	0.035372965
88937	4369	0.035372965
88937	6391	0.035372965
88937	79	0.03537296
88937	105	0.03537296
88976	1722	0.026828203
88976	2528	0.026828203
88976	6083	0.026828203
88976	1143	0.0268282
88976	3564	0.0268282
88976	4369	0.0268282
88976	4900	0.0268282
88976	6391	0.0268282
88976	79	0.026828198
88976	105	0.026828198
88993	6083	0.026726184
88993	1722	0.026726183
88993	2528	0.026726183
88993	4900	0.026726183
88993	6391	0.02672618
88993	79	0.026726179
88993	1143	0.026726179
88993	3564	0.026726179
88993	4369	0.026726179
88993	105	0.026726177
89014	6083	0.035300497
89014	1722	0.035300493
89014	2528	0.035300493
89014	6391	0.035300493
89014	4369	0.03530049
89014	4900	0.03530049
89014	79	0.035300486
89014	105	0.035300486
89014	1143	0.035300486
89014	3088	0.035300486
89057	2528	0.025562434
89057	6083	0.025562434
89057	1722	0.025562432
89057	6391	0.025562432
89057	4369	0.02556243
89057	4900	0.02556243
89057	79	0.025562428
89057	105	0.025562428
89057	1143	0.025562428
89057	3564	0.025562428
89192	6083	0.03636453
89192	1722	0.036364526
89192	2528	0.036364526
89192	4369	0.036364526
89192	4900	0.036364526
89192	6391	0.036364526
89192	105	0.03636452
89192	1143	0.03636452
89192	3564	0.03636452
89192	79	0.036364518
89207	6083	0.03086352
89207	2528	0.030863518
89207	1722	0.030863516
89207	4900	0.030863516
89207	6391	0.030863516
89207	4369	0.030863514
89207	3564	0.030863512
89207	79	0.03086351
89207	1143	0.03086351
89207	105	0.030863509
89307	6083	0.0241347
89307	1722	0.024134697
89307	2528	0.024134697
89307	4369	0.024134696
89307	4900	0.024134696
89307	6391	0.024134696
89307	1143	0.024134694
89307	3564	0.024134694
89307	79	0.024134692
89307	105	0.024134692
89391	2528	0.030387547
89391	6083	0.030387547
89391	1722	0.030387543
89391	4900	0.030387543
89391	6391	0.030387541
89391	79	0.03038754
89391	1143	0.03038754
89391	3564	0.03038754
89391	4369	0.03038754
89391	105	0.030387538
89507	2528	0.026365243
89507	6083	0.026365243
89507	1722	0.02636524
89507	3564	0.02636524
89507	4369	0.02636524
89507	4900	0.02636524
89507	6391	0.02636524
89507	79	0.026365235
89507	105	0.026365235
89507	1143	0.026365235
89551	1722	0.032479823
89551	2528	0.032479823
89551	6083	0.032479823
89551	4900	0.03247982
89551	6391	0.03247982
89551	79	0.032479815
89551	105	0.032479815
89551	1143	0.032479815
89551	3564	0.032479815
89551	4369	0.032479815
89851	2528	0.03691853
89851	6083	0.03691853
89851	1722	0.036918525
89851	6391	0.036918525
89851	79	0.03691852
89851	105	0.03691852
89851	1143	0.03691852
89851	4369	0.03691852
89851	4900	0.03691852
89851	3088	0.036918517
89852	1722	0.032724537
89852	2528	0.032724537
89852	6083	0.032724537
89852	4369	0.032724533
89852	4900	0.032724533
89852	6391	0.032724533
89852	79	0.03272453
89852	105	0.03272453
89852	804	0.03272453
89852	1143	0.03272453
89867	6083	0.02750072
89867	1722	0.027500719
89867	2528	0.027500719
89867	6391	0.027500717
89867	1143	0.027500715
89867	4369	0.027500715
89867	4900	0.027500715
89867	79	0.027500713
89867	105	0.027500713
89867	3564	0.027500713
89874	6083	0.03174655
89874	1722	0.031746548
89874	2528	0.031746544
89874	4900	0.031746544
89874	6391	0.031746544
89874	3564	0.03174654
89874	4369	0.03174654
89874	79	0.031746536
89874	105	0.031746536
89874	804	0.031746536
89913	2528	0.030593932
89913	6083	0.030593932
89913	1722	0.03059393
89913	6391	0.03059393
89913	4369	0.030593928
89913	4900	0.030593928
89913	79	0.030593924
89913	1143	0.030593924
89913	3564	0.030593924
89913	5896	0.030593924
89945	2528	0.026143402
89945	6083	0.026143402
89945	1722	0.026143398
89945	4369	0.026143398
89945	4900	0.026143398
89945	6391	0.026143398
89945	79	0.026143396
89945	105	0.026143394
89945	1143	0.026143394
89945	3564	0.026143394
90049	6083	0.03249691
90049	1722	0.032496907
90049	2528	0.032496907
90049	4369	0.032496907
90049	4900	0.032496907
90049	6391	0.032496907
90049	105	0.032496903
90049	1143	0.032496903
90049	3564	0.032496903
90049	79	0.0324969
90075	2528	0.034311876
90075	6083	0.034311876
90075	1722	0.034311872
90075	4900	0.034311872
90075	79	0.03431187
90075	1143	0.03431187
90075	3564	0.03431187
90075	4369	0.03431187
90075	6391	0.03431187
90075	105	0.034311865
90137	6083	0.030904742
90137	2528	0.03090474
90137	1722	0.030904738
90137	4900	0.030904738
90137	6391	0.030904738
90137	4369	0.030904736
90137	1143	0.030904735
90137	3564	0.030904735
90137	79	0.030904733
90137	105	0.030904733
90174	2528	0.027571391
90174	6083	0.027571391
90174	1722	0.02757139
90174	4369	0.027571388
90174	4900	0.027571388
90174	6391	0.027571388
90174	3564	0.027571386
90174	79	0.027571384
90174	105	0.027571384
90174	804	0.027571384
90198	1722	0.032130204
90198	2528	0.032130204
90198	4369	0.032130204
90198	4900	0.032130204
90198	6083	0.032130204
90198	3564	0.0321302
90198	6391	0.0321302
90198	79	0.032130197
90198	105	0.032130197
90198	1143	0.032130197
90232	6083	0.026951406
90232	1722	0.026951404
90232	2528	0.026951404
90232	6391	0.026951404
90232	4369	0.026951402
90232	4900	0.026951402
90232	1143	0.0269514
90232	79	0.026951399
90232	105	0.026951399
90232	3564	0.026951399
90322	2528	0.03367286
90322	6083	0.03367286
90322	1722	0.033672858
90322	79	0.033672854
90322	105	0.033672854
90322	1143	0.033672854
90322	3564	0.033672854
90322	3978	0.033672854
90322	4369	0.033672854
90322	4900	0.033672854
90391	2528	0.023240015
90391	6083	0.023240015
90391	1722	0.023240013
90391	4900	0.023240013
90391	4369	0.023240011
90391	6391	0.023240011
90391	1143	0.02324001
90391	3564	0.02324001
90391	79	0.023240007
90391	105	0.023240007
90417	6083	0.026992403
90417	1722	0.026992401
90417	2528	0.026992401
90417	4900	0.0269924
90417	6391	0.0269924
90417	3564	0.026992397
90417	4369	0.026992397
90417	79	0.026992396
90417	105	0.026992396
90417	1143	0.026992396
90467	2528	0.022027263
90467	6083	0.022027263
90467	1722	0.022027262
90467	4369	0.022027262
90467	4900	0.022027262
90467	6391	0.022027262
90467	79	0.02202726
90467	3564	0.02202726
90467	105	0.022027258
90467	1143	0.022027258
90517	6083	0.038886398
90517	1722	0.038886394
90517	2528	0.038886394
90517	3564	0.03888639
90517	4369	0.03888639
90517	4900	0.03888639
90517	6391	0.03888639
90517	105	0.038886387
90517	1143	0.038886387
90517	3917	0.038886387
90614	6083	0.030653948
90614	1722	0.030653946
90614	2528	0.030653946
90614	4900	0.030653944
90614	6391	0.030653944
90614	3564	0.030653942
90614	4369	0.030653942
90614	105	0.03065394
90614	1143	0.03065394
90614	79	0.030653939
90616	6083	0.03103037
90616	2528	0.031030368
90616	1722	0.031030366
90616	6391	0.031030366
90616	4369	0.031030364
90616	4900	0.031030364
90616	1143	0.031030362
90616	3564	0.031030362
90616	105	0.03103036
90616	3917	0.03103036
90653	1722	0.032804653
90653	6083	0.032804653
90653	2528	0.03280465
90653	6391	0.03280465
90653	79	0.032804646
90653	105	0.032804646
90653	1143	0.032804646
90653	3088	0.032804646
90653	3564	0.032804646
90653	4369	0.032804646
90657	2528	0.0298053
90657	6083	0.0298053
90657	1722	0.029805299
90657	4900	0.029805297
90657	79	0.029805295
90657	4369	0.029805295
90657	6391	0.029805295
90657	105	0.029805293
90657	1143	0.029805293
90657	3564	0.029805293
90766	6083	0.020989645
90766	1722	0.020989642
90766	2528	0.020989642
90766	4369	0.020989642
90766	6391	0.020989642
90766	4900	0.02098964
90766	79	0.020989638
90766	1143	0.020989638
90766	3088	0.020989638
90766	3564	0.020989638
90776	1722	0.027359694
90776	2528	0.027359694
90776	6083	0.027359694
90776	4900	0.027359692
90776	4369	0.02735969
90776	6391	0.02735969
90776	1143	0.027359689
90776	3564	0.027359689
90776	79	0.027359687
90776	105	0.027359687
90793	2528	0.030657627
90793	6083	0.030657627
90793	1722	0.030657623
90793	4369	0.030657623
90793	6391	0.030657623
90793	4900	0.030657621
90793	105	0.03065762
90793	1143	0.03065762
90793	3564	0.03065762
90793	79	0.030657617
90915	6083	0.026304701
90915	1722	0.0263047
90915	2528	0.0263047
90915	4900	0.0263047
90915	6391	0.026304698
90915	79	0.026304696
90915	1143	0.026304696
90915	3564	0.026304696
90915	4369	0.026304696
90915	105	0.026304694
91002	1722	0.040522486
91002	2528	0.040522486
91002	4900	0.040522486
91002	6083	0.040522486
91002	4369	0.040522482
91002	6391	0.040522482
91002	1143	0.04052248
91002	3564	0.04052248
91002	79	0.040522475
91002	105	0.040522475
91017	2528	0.027955338
91017	6083	0.027955338
91017	1722	0.027955336
91017	4369	0.027955335
91017	4900	0.027955335
91017	6391	0.027955335
91017	3564	0.027955333
91017	79	0.02795533
91017	105	0.02795533
91017	1143	0.02795533
91058	1722	0.028215978
91058	2528	0.028215978
91058	6083	0.028215978
91058	4369	0.028215976
91058	4900	0.028215976
91058	79	0.028215975
91058	1143	0.028215975
91058	3564	0.028215975
91058	6391	0.028215975
91058	105	0.02821597
91103	6083	0.035154313
91103	1722	0.03515431
91103	2528	0.03515431
91103	3564	0.035154305
91103	4369	0.035154305
91103	4900	0.035154305
91103	6391	0.035154305
91103	79	0.0351543
91103	105	0.0351543
91103	1143	0.0351543
91113	1722	0.032601163
91113	2528	0.032601163
91113	6083	0.032601163
91113	4369	0.03260116
91113	6391	0.03260116
91113	79	0.032601155
91113	105	0.032601155
91113	1143	0.032601155
91113	3088	0.032601155
91113	3564	0.032601155
91119	1722	0.027480692
91119	2528	0.027480692
91119	6083	0.027480692
91119	4369	0.027480688
91119	4900	0.027480688
91119	6391	0.027480688
91119	1143	0.027480686
91119	3564	0.027480686
91119	79	0.027480684
91119	105	0.027480684
91130	1722	0.035769004
91130	6083	0.035769004
91130	2528	0.035769
91130	3564	0.035769
91130	4369	0.035769
91130	4900	0.035769
91130	6391	0.035769
91130	79	0.035768997
91130	1143	0.035768997
91130	3917	0.035768997
91165	6083	0.040293254
91165	2528	0.04029325
91165	6391	0.04029325
91165	1722	0.040293247
91165	4369	0.040293247
91165	4900	0.040293247
91165	105	0.040293243
91165	1143	0.040293243
91165	3564	0.040293243
91165	79	0.04029324
91184	2528	0.041370783
91184	1722	0.04137078
91184	6083	0.04137078
91184	4369	0.041370776
91184	6391	0.041370776
91184	79	0.04137077
91184	105	0.04137077
91184	1143	0.04137077
91184	3564	0.04137077
91184	4900	0.04137077
91203	6083	0.027823223
91203	1722	0.027823221
91203	2528	0.027823221
91203	4900	0.02782322
91203	6391	0.02782322
91203	3564	0.027823217
91203	4369	0.027823217
91203	1143	0.027823215
91203	79	0.027823213
91203	105	0.027823213
91263	2528	0.029999517
91263	6083	0.029999517
91263	1722	0.029999515
91263	4369	0.029999513
91263	4900	0.029999513
91263	6391	0.029999513
91263	79	0.02999951
91263	105	0.02999951
91263	1143	0.02999951
91263	3564	0.02999951
91342	1722	0.042038396
91342	2528	0.042038396
91342	6083	0.042038396
91342	4900	0.042038392
91342	105	0.04203839
91342	1143	0.04203839
91342	3564	0.04203839
91342	4369	0.04203839
91342	6391	0.04203839
91342	79	0.042038385
91425	1722	0.036136217
91425	2528	0.036136217
91425	4900	0.036136217
91425	6083	0.036136217
91425	6391	0.036136217
91425	3564	0.036136214
91425	4369	0.036136214
91425	79	0.03613621
91425	105	0.03613621
91425	804	0.03613621
91428	2528	0.04059744
91428	6083	0.04059744
91428	1722	0.040597435
91428	1143	0.04059743
91428	3564	0.04059743
91428	4369	0.04059743
91428	4900	0.04059743
91428	6391	0.04059743
91428	79	0.040597428
91428	105	0.040597428
91449	1722	0.023670603
91449	2528	0.023670603
91449	6083	0.023670603
91449	1143	0.023670599
91449	3564	0.023670599
91449	4369	0.023670599
91449	4900	0.023670599
91449	6391	0.023670599
91449	79	0.023670597
91449	105	0.023670597
91491	2528	0.038791906
91491	6083	0.038791906
91491	1722	0.038791902
91491	4900	0.038791902
91491	6391	0.038791902
91491	1143	0.0387919
91491	4369	0.0387919
91491	79	0.038791895
91491	105	0.038791895
91491	1557	0.038791895
91576	6083	0.028685844
91576	1722	0.028685842
91576	2528	0.028685842
91576	4900	0.02868584
91576	6391	0.02868584
91576	3564	0.028685838
91576	4369	0.028685838
91576	79	0.028685836
91576	1143	0.028685836
91576	3917	0.028685836
91631	2528	0.028193517
91631	6083	0.028193517
91631	1722	0.028193515
91631	6391	0.028193513
91631	4369	0.028193511
91631	4900	0.028193511
91631	79	0.02819351
91631	1143	0.02819351
91631	3564	0.02819351
91631	105	0.028193507
91634	2528	0.031683818
91634	6083	0.031683818
91634	1722	0.031683814
91634	105	0.03168381
91634	1143	0.03168381
91634	3564	0.03168381
91634	3917	0.03168381
91634	4369	0.03168381
91634	4900	0.03168381
91634	6391	0.03168381
91647	6083	0.02064523
91647	1722	0.020645227
91647	2528	0.020645227
91647	4900	0.020645227
91647	6391	0.020645227
91647	1143	0.020645225
91647	4369	0.020645225
91647	79	0.020645224
91647	105	0.020645224
91647	3088	0.020645224
91685	1722	0.035876803
91685	2528	0.035876803
91685	6083	0.035876803
91685	6391	0.035876803
91685	4369	0.0358768
91685	4900	0.0358768
91685	79	0.035876796
91685	105	0.035876796
91685	804	0.035876796
91685	1143	0.035876796
91761	6083	0.025420321
91761	1722	0.02542032
91761	2528	0.02542032
91761	6391	0.025420317
91761	1143	0.025420316
91761	3564	0.025420316
91761	4369	0.025420316
91761	4900	0.025420316
91761	79	0.025420314
91761	105	0.025420314
91832	6083	0.036994196
91832	1722	0.036994193
91832	2528	0.036994193
91832	1143	0.03699419
91832	3564	0.03699419
91832	4369	0.03699419
91832	4900	0.03699419
91832	6391	0.03699419
91832	79	0.036994185
91832	3088	0.036994185
91875	2528	0.031107513
91875	6083	0.031107513
91875	1722	0.031107511
91875	4369	0.03110751
91875	4900	0.03110751
91875	6391	0.03110751
91875	79	0.031107508
91875	1143	0.031107508
91875	3564	0.031107508
91875	105	0.031107506
91931	2528	0.029226992
91931	6083	0.029226992
91931	1722	0.02922699
91931	4900	0.029226989
91931	6391	0.029226989
91931	1143	0.029226987
91931	3564	0.029226987
91931	4369	0.029226987
91931	79	0.029226985
91931	105	0.029226985
92132	1722	0.03283993
92132	2528	0.03283993
92132	6083	0.03283993
92132	6391	0.03283993
92132	4369	0.032839928
92132	4900	0.032839928
92132	79	0.032839924
92132	105	0.032839924
92132	804	0.032839924
92132	1143	0.032839924
92152	1722	0.039276436
92152	2528	0.039276436
92152	6083	0.039276436
92152	4900	0.039276432
92152	6391	0.039276432
92152	79	0.03927643
92152	105	0.03927643
92152	1143	0.03927643
92152	3564	0.03927643
92152	4369	0.03927643
92156	6083	0.032623906
92156	1722	0.032623902
92156	2528	0.032623902
92156	4900	0.032623902
92156	6391	0.032623902
92156	4369	0.0326239
92156	79	0.032623895
92156	105	0.032623895
92156	804	0.032623895
92156	1143	0.032623895
92184	1143	0.032103762
92184	1722	0.032103762
92184	2528	0.032103762
92184	4900	0.032103762
92184	6083	0.032103762
92184	6391	0.032103762
92184	3564	0.03210376
92184	4369	0.03210376
92184	79	0.032103755
92184	105	0.032103755
92215	6083	0.028295353
92215	1722	0.02829535
92215	2528	0.02829535
92215	4900	0.02829535
92215	6391	0.02829535
92215	3564	0.028295347
92215	4369	0.028295347
92215	79	0.028295346
92215	1143	0.028295346
92215	105	0.028295344
92278	6083	0.028774286
92278	2528	0.028774284
92278	4900	0.028774282
92278	1722	0.02877428
92278	6391	0.02877428
92278	1143	0.028774278
92278	4369	0.028774278
92278	79	0.028774276
92278	105	0.028774276
92278	3088	0.028774276
92316	6083	0.0253196
92316	1722	0.025319599
92316	2528	0.025319599
92316	4369	0.025319597
92316	4900	0.025319597
92316	6391	0.025319597
92316	79	0.025319595
92316	105	0.025319595
92316	1143	0.025319595
92316	3564	0.025319595
92398	2528	0.026330512
92398	6083	0.026330512
92398	1722	0.02633051
92398	4369	0.026330508
92398	4900	0.026330508
92398	6391	0.026330508
92398	3564	0.026330506
92398	79	0.026330505
92398	105	0.026330505
92398	1143	0.026330505
92405	6083	0.028221065
92405	2528	0.028221063
92405	1722	0.028221061
92405	4369	0.02822106
92405	4900	0.02822106
92405	6391	0.02822106
92405	3564	0.028221058
92405	79	0.028221056
92405	105	0.028221056
92405	1143	0.028221056
92498	1722	0.046993982
92498	6083	0.046993982
92498	2528	0.04699398
92498	4369	0.04699398
92498	4900	0.04699398
92498	6391	0.04699398
92498	3564	0.046993975
92498	79	0.04699397
92498	105	0.04699397
92498	1143	0.04699397
92524	6083	0.028825272
92524	1722	0.028825268
92524	2528	0.028825268
92524	4900	0.028825268
92524	6391	0.028825268
92524	3564	0.028825266
92524	4369	0.028825266
92524	79	0.028825264
92524	105	0.028825264
92524	1143	0.028825264
92547	6083	0.030803317
92547	1722	0.030803315
92547	2528	0.030803315
92547	6391	0.030803313
92547	1143	0.030803312
92547	3564	0.030803312
92547	4369	0.030803312
92547	4900	0.030803312
92547	79	0.030803308
92547	105	0.030803308
92648	6083	0.03126728
92648	1722	0.031267278
92648	2528	0.031267278
92648	3564	0.031267278
92648	4369	0.031267278
92648	4900	0.031267278
92648	6391	0.031267278
92648	79	0.031267274
92648	1143	0.031267274
92648	105	0.03126727
92652	1722	0.02359683
92652	2528	0.02359683
92652	6083	0.02359683
92652	4900	0.023596829
92652	6391	0.023596829
92652	1143	0.023596827
92652	3564	0.023596827
92652	4369	0.023596827
92652	79	0.023596825
92652	105	0.023596825
92658	6083	0.031087648
92658	1722	0.031087644
92658	2528	0.031087644
92658	4369	0.031087643
92658	4900	0.031087643
92658	6391	0.031087643
92658	79	0.03108764
92658	3564	0.03108764
92658	1143	0.031087639
92658	105	0.031087637
92693	1722	0.03539367
92693	2528	0.03539367
92693	6083	0.03539367
92693	6391	0.03539367
92693	3564	0.035393666
92693	4369	0.035393666
92693	4900	0.035393666
92693	79	0.035393663
92693	105	0.035393663
92693	1143	0.035393663
92696	2528	0.023658546
92696	6083	0.023658546
92696	1722	0.023658544
92696	6391	0.023658544
92696	4900	0.023658542
92696	79	0.02365854
92696	1143	0.02365854
92696	3564	0.02365854
92696	4369	0.02365854
92696	105	0.023658538
92804	6083	0.026078977
92804	1722	0.026078975
92804	2528	0.026078973
92804	4369	0.026078973
92804	4900	0.026078973
92804	6391	0.026078973
92804	79	0.02607897
92804	105	0.02607897
92804	1143	0.02607897
92804	3564	0.02607897
92810	2528	0.035356976
92810	6083	0.035356976
92810	1722	0.035356972
92810	1143	0.03535697
92810	3564	0.03535697
92810	4369	0.03535697
92810	4900	0.03535697
92810	6391	0.03535697
92810	79	0.035356965
92810	105	0.035356965
92853	6083	0.039197844
92853	1722	0.03919784
92853	2528	0.03919784
92853	4900	0.03919784
92853	6391	0.03919784
92853	4369	0.039197836
92853	79	0.039197832
92853	105	0.039197832
92853	804	0.039197832
92853	1143	0.039197832
92861	1722	0.0336596
92861	2528	0.0336596
92861	6083	0.0336596
92861	4900	0.033659596
92861	79	0.033659592
92861	1143	0.033659592
92861	3564	0.033659592
92861	4369	0.033659592
92861	6391	0.033659592
92861	105	0.03365959
92979	6083	0.026671033
92979	1722	0.02667103
92979	2528	0.02667103
92979	6391	0.02667103
92979	4369	0.026671028
92979	4900	0.026671028
92979	105	0.026671026
92979	1143	0.026671026
92979	3564	0.026671026
92979	79	0.026671024
93018	6083	0.035133753
93018	1722	0.03513375
93018	2528	0.03513375
93018	4900	0.03513375
93018	6391	0.03513375
93018	4369	0.035133746
93018	79	0.03513374
93018	105	0.03513374
93018	1143	0.03513374
93018	3088	0.03513374
93034	2528	0.026098646
93034	6083	0.026098646
93034	1722	0.026098644
93034	6391	0.026098644
93034	3564	0.026098642
93034	4369	0.026098642
93034	4900	0.026098642
93034	79	0.02609864
93034	1143	0.02609864
93034	105	0.026098639
93046	2528	0.03082558
93046	6083	0.03082558
93046	1722	0.030825578
93046	4900	0.030825578
93046	6391	0.030825576
93046	79	0.030825574
93046	1143	0.030825574
93046	3564	0.030825574
93046	4369	0.030825574
93046	105	0.030825572
93085	1722	0.03176804
93085	2528	0.03176804
93085	4900	0.03176804
93085	6083	0.03176804
93085	6391	0.03176804
93085	1143	0.031768035
93085	4369	0.031768035
93085	79	0.03176803
93085	105	0.03176803
93085	804	0.03176803
93092	6083	0.029575411
93092	1722	0.029575408
93092	2528	0.029575408
93092	4900	0.029575408
93092	6391	0.029575408
93092	79	0.029575404
93092	1143	0.029575404
93092	3564	0.029575404
93092	4369	0.029575404
93092	5896	0.029575402
93105	6083	0.024285743
93105	1722	0.024285741
93105	2528	0.024285741
93105	6391	0.024285741
93105	4369	0.02428574
93105	4900	0.02428574
93105	79	0.024285737
93105	105	0.024285737
93105	1143	0.024285737
93105	3564	0.024285737
93130	1722	0.025852017
93130	2528	0.025852017
93130	6083	0.025852017
93130	4369	0.025852013
93130	6391	0.025852013
93130	3564	0.025852012
93130	4900	0.025852012
93130	79	0.02585201
93130	105	0.02585201
93130	1143	0.02585201
93141	2528	0.021866169
93141	6083	0.021866169
93141	1722	0.021866165
93141	4900	0.021866165
93141	6391	0.021866165
93141	1143	0.021866163
93141	4369	0.021866163
93141	79	0.021866161
93141	105	0.021866161
93141	3088	0.021866161
93147	1722	0.03422109
93147	2528	0.03422109
93147	4369	0.03422109
93147	4900	0.03422109
93147	6083	0.03422109
93147	6391	0.03422109
93147	79	0.034221083
93147	105	0.034221083
93147	804	0.034221083
93147	1143	0.034221083
93179	6083	0.04831476
93179	1722	0.048314758
93179	2528	0.048314758
93179	4900	0.048314758
93179	6391	0.048314758
93179	4369	0.048314754
93179	79	0.04831475
93179	105	0.04831475
93179	1143	0.04831475
93179	3564	0.04831475
93241	6083	0.034261696
93241	1722	0.034261692
93241	2528	0.034261692
93241	4369	0.03426169
93241	4900	0.03426169
93241	6391	0.03426169
93241	79	0.034261685
93241	105	0.034261685
93241	1143	0.034261685
93241	1557	0.034261685
93308	1722	0.022834264
93308	2528	0.022834264
93308	6083	0.022834264
93308	4369	0.022834262
93308	4900	0.022834262
93308	6391	0.022834262
93308	79	0.02283426
93308	1143	0.02283426
93308	3564	0.02283426
93308	105	0.022834258
93355	2528	0.02435647
93355	6083	0.02435647
93355	1722	0.024356468
93355	4369	0.024356466
93355	4900	0.024356466
93355	6391	0.024356466
93355	79	0.024356464
93355	1143	0.024356464
93355	3564	0.024356464
93355	105	0.024356462
93358	6083	0.037008036
93358	1722	0.037008032
93358	2528	0.037008032
93358	6391	0.037008032
93358	4369	0.03700803
93358	4900	0.03700803
93358	79	0.037008025
93358	105	0.037008025
93358	804	0.037008025
93358	1143	0.037008025
93363	6083	0.0313933
93363	1722	0.031393297
93363	2528	0.031393297
93363	4369	0.031393297
93363	4900	0.031393297
93363	6391	0.031393297
93363	105	0.031393293
93363	1143	0.031393293
93363	3564	0.031393293
93363	79	0.03139329
93364	6083	0.03220271
93364	1722	0.032202706
93364	2528	0.032202706
93364	4369	0.032202706
93364	4900	0.032202706
93364	6391	0.032202706
93364	105	0.032202702
93364	3564	0.032202702
93364	79	0.0322027
93364	1143	0.0322027
93421	2528	0.026240718
93421	6083	0.026240718
93421	1722	0.026240714
93421	4900	0.026240714
93421	6391	0.026240714
93421	1143	0.026240712
93421	4369	0.026240712
93421	79	0.02624071
93421	105	0.02624071
93421	3564	0.02624071
93426	2528	0.036305435
93426	6083	0.036305435
93426	1722	0.03630543
93426	6391	0.03630543
93426	1143	0.036305428
93426	3564	0.036305428
93426	4369	0.036305428
93426	4900	0.036305428
93426	79	0.036305424
93426	105	0.036305424
93453	2528	0.04121338
93453	6083	0.04121338
93453	6391	0.041213375
93453	1143	0.04121337
93453	1722	0.04121337
93453	4369	0.04121337
93453	4900	0.04121337
93453	79	0.041213367
93453	3564	0.041213367
93453	105	0.041213363
93513	2528	0.024249012
93513	6083	0.024249012
93513	1722	0.024249008
93513	4369	0.024249008
93513	4900	0.024249008
93513	6391	0.024249008
93513	79	0.024249006
93513	1143	0.024249006
93513	3564	0.024249006
93513	105	0.024249002
93518	2528	0.034231186
93518	6083	0.034231186
93518	1722	0.034231182
93518	4900	0.034231182
93518	79	0.03423118
93518	105	0.03423118
93518	1143	0.03423118
93518	3564	0.03423118
93518	4369	0.03423118
93518	5896	0.03423118
93562	1722	0.021126274
93562	2528	0.021126274
93562	6083	0.021126274
93562	4900	0.021126272
93562	6391	0.021126272
93562	79	0.02112627
93562	105	0.02112627
93562	1143	0.02112627
93562	3564	0.02112627
93562	4369	0.02112627
93565	2528	0.032589927
93565	6083	0.032589927
93565	1722	0.032589924
93565	79	0.03258992
93565	1143	0.03258992
93565	3564	0.03258992
93565	4369	0.03258992
93565	4900	0.03258992
93565	6391	0.03258992
93565	105	0.032589916
93615	6083	0.019303448
93615	1722	0.019303447
93615	2528	0.019303447
93615	3564	0.019303445
93615	4369	0.019303445
93615	4900	0.019303445
93615	6391	0.019303445
93615	79	0.019303443
93615	105	0.019303443
93615	1143	0.019303443
93629	1722	0.037158586
93629	6083	0.037158586
93629	2528	0.037158582
93629	6391	0.037158582
93629	79	0.03715858
93629	1143	0.03715858
93629	3564	0.03715858
93629	4900	0.03715858
93629	105	0.037158575
93629	804	0.037158575
93630	1722	0.026699606
93630	2528	0.026699606
93630	6083	0.026699606
93630	6391	0.026699604
93630	4369	0.026699603
93630	4900	0.026699603
93630	3564	0.0266996
93630	79	0.026699599
93630	105	0.026699599
93630	804	0.026699599
93631	6083	0.027202891
93631	1722	0.02720289
93631	2528	0.02720289
93631	6391	0.02720289
93631	4900	0.027202887
93631	79	0.027202886
93631	1143	0.027202886
93631	3564	0.027202886
93631	4369	0.027202886
93631	105	0.027202884
93636	1722	0.03587947
93636	2528	0.03587947
93636	6083	0.03587947
93636	4900	0.035879467
93636	79	0.035879463
93636	105	0.035879463
93636	1143	0.035879463
93636	3564	0.035879463
93636	4369	0.035879463
93636	6391	0.035879463
93698	6083	0.030283937
93698	1722	0.030283935
93698	2528	0.030283935
93698	6391	0.030283934
93698	1143	0.030283932
93698	4369	0.030283932
93698	4900	0.030283932
93698	79	0.03028393
93698	105	0.03028393
93698	3564	0.03028393
93732	6083	0.026746199
93732	1722	0.026746197
93732	2528	0.026746197
93732	4900	0.026746195
93732	6391	0.026746195
93732	79	0.026746191
93732	105	0.026746191
93732	1143	0.026746191
93732	3564	0.026746191
93732	3917	0.026746191
93770	1722	0.03281413
93770	2528	0.03281413
93770	4369	0.03281413
93770	4900	0.03281413
93770	6083	0.03281413
93770	6391	0.03281413
93770	1143	0.032814126
93770	3564	0.032814126
93770	79	0.032814123
93770	105	0.032814123
93800	1722	0.03400339
93800	2528	0.03400339
93800	6083	0.03400339
93800	6391	0.034003388
93800	79	0.034003384
93800	1143	0.034003384
93800	3088	0.034003384
93800	3564	0.034003384
93800	3917	0.034003384
93800	4369	0.034003384
93871	1722	0.021433756
93871	2528	0.021433756
93871	6083	0.021433756
93871	4369	0.021433754
93871	6391	0.021433754
93871	1143	0.021433752
93871	3564	0.021433752
93871	4900	0.021433752
93871	79	0.02143375
93871	105	0.02143375
93985	2528	0.033509247
93985	6083	0.033509247
93985	105	0.03350924
93985	1143	0.03350924
93985	1722	0.03350924
93985	3564	0.03350924
93985	4369	0.03350924
93985	4900	0.03350924
93985	6391	0.03350924
93985	79	0.033509236
94023	1722	0.03482113
94023	2528	0.03482113
94023	6083	0.03482113
94023	6391	0.03482113
94023	4369	0.034821127
94023	4900	0.034821127
94023	79	0.034821123
94023	105	0.034821123
94023	804	0.034821123
94023	1143	0.034821123
94094	6083	0.024466436
94094	1722	0.024466434
94094	2528	0.024466433
94094	6391	0.024466433
94094	4900	0.02446643
94094	79	0.024466429
94094	105	0.024466429
94094	1143	0.024466429
94094	3564	0.024466429
94094	3917	0.024466429
94213	6083	0.027095739
94213	2528	0.027095737
94213	1722	0.027095735
94213	4900	0.027095735
94213	6391	0.027095735
94213	4369	0.027095733
94213	79	0.027095731
94213	105	0.027095731
94213	1143	0.027095731
94213	3564	0.027095731
94242	6083	0.02696793
94242	1722	0.026967928
94242	2528	0.026967928
94242	1143	0.026967924
94242	4369	0.026967924
94242	4900	0.026967924
94242	6391	0.026967924
94242	79	0.026967922
94242	105	0.026967922
94242	3564	0.026967922
94263	2528	0.033821717
94263	1722	0.033821713
94263	6083	0.033821713
94263	3564	0.03382171
94263	4369	0.03382171
94263	4900	0.03382171
94263	6391	0.03382171
94263	79	0.033821706
94263	105	0.033821706
94263	1143	0.033821706
94334	6083	0.027174484
94334	1722	0.02717448
94334	2528	0.02717448
94334	6391	0.02717448
94334	4900	0.027174478
94334	4369	0.027174477
94334	79	0.027174475
94334	105	0.027174475
94334	1143	0.027174475
94334	3564	0.027174475
94362	2528	0.022421971
94362	6083	0.022421971
94362	1722	0.022421967
94362	4900	0.022421967
94362	6391	0.022421967
94362	1143	0.022421965
94362	3564	0.022421965
94362	4369	0.022421965
94362	79	0.022421964
94362	105	0.022421964
94366	6083	0.029547716
94366	1722	0.029547714
94366	2528	0.029547714
94366	4369	0.029547712
94366	4900	0.029547712
94366	6391	0.029547712
94366	105	0.029547708
94366	3564	0.029547708
94366	79	0.029547706
94366	804	0.029547706
94376	2528	0.024219487
94376	6083	0.024219487
94376	1722	0.024219485
94376	4369	0.024219483
94376	4900	0.024219483
94376	6391	0.024219483
94376	1143	0.024219481
94376	3564	0.024219481
94376	79	0.02421948
94376	105	0.02421948
94385	2528	0.025591137
94385	6083	0.025591137
94385	1722	0.025591135
94385	4900	0.025591135
94385	6391	0.025591135
94385	79	0.025591131
94385	1143	0.025591131
94385	3564	0.025591131
94385	4369	0.025591131
94385	105	0.02559113
94396	1722	0.027638193
94396	2528	0.027638193
94396	6083	0.027638193
94396	6391	0.027638191
94396	4369	0.02763819
94396	4900	0.02763819
94396	1143	0.027638188
94396	3564	0.027638188
94396	79	0.027638186
94396	105	0.027638186
94494	6083	0.035770535
94494	1722	0.035770528
94494	2528	0.035770528
94494	3564	0.035770528
94494	4369	0.035770528
94494	4900	0.035770528
94494	6391	0.035770528
94494	79	0.035770524
94494	1143	0.035770524
94494	5896	0.035770524
94495	2528	0.02880564
94495	6083	0.02880564
94495	1722	0.028805636
94495	4369	0.028805636
94495	4900	0.028805636
94495	6391	0.028805636
94495	79	0.028805632
94495	105	0.028805632
94495	1143	0.028805632
94495	3564	0.028805632
94519	6083	0.026289798
94519	1722	0.026289796
94519	2528	0.026289796
94519	4369	0.026289795
94519	4900	0.026289795
94519	6391	0.026289795
94519	1143	0.026289793
94519	3564	0.026289793
94519	79	0.02628979
94519	105	0.02628979
94529	6083	0.023062022
94529	1722	0.02306202
94529	2528	0.02306202
94529	6391	0.023062019
94529	1143	0.023062017
94529	3564	0.023062017
94529	4369	0.023062017
94529	4900	0.023062017
94529	79	0.023062015
94529	105	0.023062015
94630	1722	0.034893677
94630	2528	0.034893677
94630	6083	0.034893677
94630	6391	0.034893677
94630	4369	0.034893673
94630	79	0.03489367
94630	105	0.03489367
94630	804	0.03489367
94630	1143	0.03489367
94630	1557	0.03489367
94730	1722	0.030945886
94730	2528	0.030945886
94730	6083	0.030945886
94730	4369	0.030945882
94730	4900	0.030945882
94730	6391	0.030945882
94730	79	0.030945878
94730	105	0.030945878
94730	1143	0.030945878
94730	3564	0.030945878
94787	1722	0.032320663
94787	2528	0.032320663
94787	6083	0.032320663
94787	4900	0.03232066
94787	79	0.032320656
94787	1143	0.032320656
94787	3564	0.032320656
94787	4369	0.032320656
94787	5896	0.032320656
94787	6391	0.032320656
94818	2528	0.027808692
94818	6083	0.027808692
94818	1722	0.02780869
94818	6391	0.02780869
94818	3564	0.027808689
94818	4369	0.027808689
94818	4900	0.027808687
94818	79	0.027808685
94818	105	0.027808685
94818	1143	0.027808685
94843	1722	0.02441551
94843	6083	0.02441551
94843	2528	0.024415508
94843	4369	0.024415506
94843	4900	0.024415506
94843	6391	0.024415506
94843	79	0.024415504
94843	105	0.024415504
94843	1143	0.024415504
94843	3088	0.024415504
94923	2528	0.023816038
94923	6083	0.023816038
94923	1722	0.023816034
94923	4900	0.023816034
94923	6391	0.023816034
94923	4369	0.023816032
94923	79	0.02381603
94923	105	0.02381603
94923	1143	0.02381603
94923	3088	0.02381603
94951	2528	0.023140993
94951	6083	0.023140993
94951	1722	0.023140991
94951	4369	0.02314099
94951	4900	0.02314099
94951	6391	0.02314099
94951	79	0.023140987
94951	105	0.023140986
94951	804	0.023140986
94951	1143	0.023140986
94952	2528	0.02838742
94952	6083	0.02838742
94952	1722	0.028387416
94952	4369	0.028387416
94952	4900	0.028387416
94952	6391	0.028387416
94952	79	0.028387412
94952	105	0.028387412
94952	1143	0.028387412
94952	3564	0.028387412
94965	2528	0.026110958
94965	6083	0.026110958
94965	1722	0.026110956
94965	4369	0.026110955
94965	4900	0.026110955
94965	6391	0.026110955
94965	1143	0.026110953
94965	3564	0.026110953
94965	79	0.02611095
94965	105	0.02611095
94985	6083	0.037489757
94985	1722	0.03748975
94985	2528	0.03748975
94985	4369	0.03748975
94985	6391	0.03748975
94985	105	0.037489746
94985	1143	0.037489746
94985	79	0.037489742
94985	804	0.037489742
94985	1557	0.037489742
94997	6083	0.027150726
94997	1722	0.027150724
94997	2528	0.027150724
94997	4369	0.02715072
94997	4900	0.02715072
94997	6391	0.02715072
94997	3564	0.027150718
94997	79	0.027150717
94997	105	0.027150717
94997	1143	0.027150717
95010	2528	0.028443146
95010	6083	0.028443146
95010	1722	0.028443143
95010	6391	0.028443143
95010	4369	0.02844314
95010	4900	0.02844314
95010	79	0.028443139
95010	105	0.028443139
95010	3564	0.028443139
95010	1143	0.028443137
95025	2528	0.029857289
95025	6083	0.029857289
95025	1722	0.029857287
95025	4369	0.029857285
95025	4900	0.029857285
95025	6391	0.029857285
95025	79	0.029857282
95025	105	0.029857282
95025	1143	0.029857282
95025	3088	0.029857282
95043	6083	0.02575671
95043	2528	0.025756707
95043	1722	0.025756706
95043	4369	0.025756704
95043	4900	0.025756704
95043	6391	0.025756704
95043	105	0.025756702
95043	1143	0.025756702
95043	3088	0.025756702
95043	3564	0.025756702
95173	2528	0.041010257
95173	6083	0.041010257
95173	1722	0.041010253
95173	4369	0.041010253
95173	4900	0.041010253
95173	6391	0.041010253
95173	79	0.041010246
95173	105	0.041010246
95173	1143	0.041010246
95173	3088	0.041010246
95226	6083	0.030421436
95226	1722	0.030421432
95226	2528	0.030421432
95226	4900	0.03042143
95226	6391	0.03042143
95226	3564	0.030421428
95226	4369	0.030421428
95226	105	0.030421427
95226	1143	0.030421427
95226	79	0.030421425
95250	6083	0.022536665
95250	2528	0.022536663
95250	1722	0.022536661
95250	4369	0.022536661
95250	4900	0.022536661
95250	6391	0.022536661
95250	79	0.022536658
95250	105	0.022536658
95250	1143	0.022536658
95250	3564	0.022536658
95261	2528	0.030246977
95261	6083	0.030246977
95261	1722	0.030246973
95261	4900	0.030246973
95261	6391	0.030246973
95261	4369	0.030246971
95261	79	0.03024697
95261	105	0.03024697
95261	1143	0.03024697
95261	3564	0.03024697
95301	6083	0.027169935
95301	1722	0.027169934
95301	2528	0.027169934
95301	4900	0.027169932
95301	6391	0.027169932
95301	3564	0.02716993
95301	4369	0.02716993
95301	79	0.027169928
95301	105	0.027169928
95301	1143	0.027169928
95316	2528	0.025365684
95316	6083	0.025365684
95316	1722	0.025365682
95316	4369	0.02536568
95316	4900	0.02536568
95316	6391	0.02536568
95316	79	0.025365677
95316	105	0.025365677
95316	1143	0.025365677
95316	3088	0.025365677
95353	6083	0.02923014
95353	1722	0.029230136
95353	2528	0.029230136
95353	4900	0.029230135
95353	6391	0.029230135
95353	4369	0.029230133
95353	79	0.02923013
95353	105	0.02923013
95353	1143	0.02923013
95353	3564	0.02923013
95360	2528	0.030111726
95360	6083	0.030111726
95360	1722	0.030111725
95360	4369	0.030111723
95360	4900	0.030111723
95360	6391	0.030111723
95360	105	0.03011172
95360	1143	0.03011172
95360	3564	0.03011172
95360	79	0.030111719
95393	2528	0.030933173
95393	6083	0.030933173
95393	1722	0.030933172
95393	4900	0.03093317
95393	6391	0.03093317
95393	79	0.030933168
95393	1143	0.030933168
95393	3564	0.030933168
95393	4369	0.030933168
95393	105	0.030933166
95452	1722	0.034036867
95452	2528	0.034036867
95452	6083	0.034036867
95452	4900	0.034036864
95452	6391	0.034036864
95452	79	0.03403686
95452	105	0.03403686
95452	1143	0.03403686
95452	3088	0.03403686
95452	3564	0.03403686
95506	2528	0.028837677
95506	6083	0.028837677
95506	1722	0.028837675
95506	4369	0.028837673
95506	4900	0.028837673
95506	6391	0.028837673
95506	3564	0.028837672
95506	79	0.02883767
95506	105	0.02883767
95506	1143	0.02883767
95509	2528	0.026922561
95509	6083	0.026922561
95509	1722	0.026922558
95509	4369	0.026922558
95509	4900	0.026922558
95509	6391	0.026922558
95509	79	0.026922554
95509	105	0.026922554
95509	1143	0.026922554
95509	3564	0.026922554
95525	6083	0.03449568
95525	1722	0.034495678
95525	2528	0.034495678
95525	79	0.034495674
95525	3564	0.034495674
95525	4369	0.034495674
95525	4900	0.034495674
95525	6391	0.034495674
95525	105	0.03449567
95525	1143	0.03449567
95574	6083	0.02976273
95574	1722	0.029762726
95574	2528	0.029762726
95574	4900	0.029762726
95574	6391	0.029762726
95574	4369	0.029762724
95574	79	0.029762723
95574	3564	0.029762723
95574	105	0.02976272
95574	1143	0.02976272
95781	1722	0.036626935
95781	2528	0.036626935
95781	4900	0.036626935
95781	6083	0.036626935
95781	6391	0.036626935
95781	3564	0.03662693
95781	4369	0.03662693
95781	79	0.036626928
95781	105	0.036626928
95781	1143	0.036626928
95903	1722	0.03966219
95903	6083	0.03966219
95903	2528	0.039662186
95903	105	0.039662182
95903	1143	0.039662182
95903	4369	0.039662182
95903	4900	0.039662182
95903	6391	0.039662182
95903	3564	0.03966218
95903	3917	0.03966218
95907	1722	0.03294123
95907	2528	0.03294123
95907	6083	0.03294123
95907	6391	0.03294123
95907	3564	0.032941226
95907	4369	0.032941226
95907	4900	0.032941226
95907	79	0.032941222
95907	105	0.032941222
95907	1143	0.032941222
95921	2528	0.032516815
95921	6083	0.032516815
95921	4900	0.03251681
95921	6391	0.03251681
95921	79	0.032516807
95921	105	0.032516807
95921	1143	0.032516807
95921	1722	0.032516807
95921	3564	0.032516807
95921	4369	0.032516807
95923	2528	0.039775882
95923	1722	0.03977588
95923	6083	0.03977588
95923	4900	0.039775874
95923	6391	0.039775874
95923	79	0.03977587
95923	105	0.03977587
95923	1143	0.03977587
95923	3564	0.03977587
95923	3917	0.03977587
95932	1722	0.046586193
95932	2528	0.046586193
95932	6083	0.046586193
95932	4900	0.04658619
95932	6391	0.04658619
95932	79	0.046586186
95932	3564	0.046586186
95932	4369	0.046586186
95932	105	0.046586182
95932	1143	0.046586182
95991	6083	0.04215793
95991	1722	0.042157926
95991	2528	0.042157926
95991	4900	0.042157926
95991	6391	0.042157926
95991	3564	0.042157922
95991	4369	0.042157922
95991	105	0.04215792
95991	1143	0.04215792
95991	79	0.042157914
96019	2528	0.023988308
96019	6083	0.023988308
96019	1722	0.023988307
96019	4900	0.023988307
96019	6391	0.023988307
96019	4369	0.023988305
96019	105	0.023988303
96019	1143	0.023988303
96019	3564	0.023988303
96019	79	0.023988301
96053	1722	0.017922495
96053	2528	0.017922495
96053	6083	0.017922495
96053	6391	0.017922495
96053	79	0.017922493
96053	4900	0.017922493
96053	105	0.01792249
96053	804	0.01792249
96053	1143	0.01792249
96053	3088	0.01792249
96054	6083	0.029521752
96054	1722	0.029521748
96054	2528	0.029521748
96054	4900	0.029521747
96054	6391	0.029521747
96054	79	0.029521745
96054	1143	0.029521745
96054	3564	0.029521745
96054	4369	0.029521745
96054	105	0.029521743
96055	6083	0.03077647
96055	1722	0.030776469
96055	2528	0.030776469
96055	4369	0.030776467
96055	4900	0.030776467
96055	6391	0.030776467
96055	79	0.030776463
96055	105	0.030776463
96055	1143	0.030776463
96055	3564	0.030776463
96194	6083	0.030026402
96194	2528	0.0300264
96194	1722	0.030026399
96194	6391	0.030026399
96194	1143	0.030026395
96194	4369	0.030026395
96194	4900	0.030026395
96194	79	0.030026393
96194	105	0.030026393
96194	3564	0.030026393
96320	6083	0.030756561
96320	1722	0.03075656
96320	2528	0.03075656
96320	6391	0.03075656
96320	1143	0.030756555
96320	4369	0.030756555
96320	4900	0.030756555
96320	3564	0.030756554
96320	79	0.030756552
96320	105	0.030756552
96335	6083	0.027645871
96335	1722	0.027645867
96335	2528	0.027645867
96335	6391	0.027645867
96335	4900	0.027645865
96335	79	0.027645864
96335	3564	0.027645864
96335	4369	0.027645864
96335	105	0.027645862
96335	1143	0.027645862
96357	2528	0.024965081
96357	6083	0.024965081
96357	1722	0.02496508
96357	3564	0.024965078
96357	4369	0.024965078
96357	4900	0.024965078
96357	6391	0.024965078
96357	79	0.024965076
96357	1143	0.024965076
96357	105	0.024965074
96440	2528	0.038529046
96440	6083	0.038529046
96440	1722	0.038529042
96440	4900	0.038529042
96440	79	0.03852904
96440	105	0.03852904
96440	1143	0.03852904
96440	3564	0.03852904
96440	4369	0.03852904
96440	6391	0.03852904
96444	6083	0.037369482
96444	2528	0.03736948
96444	1722	0.037369475
96444	4369	0.037369475
96444	4900	0.037369475
96444	6391	0.037369475
96444	3564	0.03736947
96444	79	0.037369467
96444	105	0.037369467
96444	804	0.037369467
96448	2528	0.036516346
96448	6083	0.036516346
96448	6391	0.036516346
96448	1722	0.036516342
96448	4900	0.036516342
96448	105	0.03651634
96448	1143	0.03651634
96448	3088	0.03651634
96448	3564	0.03651634
96448	3917	0.03651634
96474	2528	0.03196593
96474	1722	0.031965926
96474	4900	0.031965926
96474	6083	0.031965926
96474	6391	0.031965926
96474	79	0.031965923
96474	3564	0.031965923
96474	4369	0.031965923
96474	105	0.03196592
96474	804	0.03196592
96493	6083	0.03687093
96493	2528	0.036870927
96493	6391	0.036870927
96493	1722	0.036870923
96493	4369	0.036870923
96493	4900	0.036870923
96493	79	0.03687092
96493	105	0.03687092
96493	1143	0.03687092
96493	1557	0.03687092
96521	6083	0.023519032
96521	1722	0.023519028
96521	2528	0.023519028
96521	4369	0.023519028
96521	4900	0.023519028
96521	6391	0.023519028
96521	79	0.023519024
96521	105	0.023519024
96521	1143	0.023519024
96521	3564	0.023519024
96554	2528	0.027854122
96554	6083	0.027854122
96554	6391	0.027854122
96554	1722	0.02785412
96554	4900	0.02785412
96554	4369	0.027854118
96554	105	0.027854117
96554	1143	0.027854117
96554	3564	0.027854117
96554	79	0.027854115
96679	6083	0.025060616
96679	1722	0.025060615
96679	2528	0.025060615
96679	4900	0.025060613
96679	6391	0.025060613
96679	3564	0.02506061
96679	4369	0.02506061
96679	79	0.025060609
96679	105	0.025060609
96679	1143	0.025060609
96744	1722	0.03749247
96744	2528	0.03749247
96744	6083	0.03749247
96744	79	0.03749246
96744	1143	0.03749246
96744	3564	0.03749246
96744	4369	0.03749246
96744	6391	0.03749246
96744	105	0.037492458
96744	3978	0.037492458
96771	1722	0.029776666
96771	2528	0.029776666
96771	6083	0.029776666
96771	4369	0.029776663
96771	4900	0.029776663
96771	6391	0.029776663
96771	1143	0.02977666
96771	79	0.029776659
96771	105	0.029776659
96771	3564	0.029776659
96869	2528	0.028518079
96869	6083	0.028518079
96869	1722	0.028518077
96869	6391	0.028518077
96869	4369	0.028518075
96869	4900	0.028518075
96869	1143	0.028518073
96869	3564	0.028518073
96869	79	0.028518071
96869	105	0.028518071
96880	6083	0.03312033
96880	1722	0.033120327
96880	2528	0.033120327
96880	4369	0.033120327
96880	4900	0.033120327
96880	6391	0.033120327
96880	1143	0.033120323
96880	79	0.03312032
96880	105	0.03312032
96880	804	0.03312032
96900	6083	0.025874082
96900	2528	0.02587408
96900	1722	0.025874078
96900	4900	0.025874078
96900	6391	0.025874078
96900	4369	0.025874076
96900	79	0.025874075
96900	1143	0.025874075
96900	3564	0.025874075
96900	105	0.025874073
96936	2528	0.023316313
96936	6083	0.023316313
96936	1722	0.02331631
96936	4900	0.023316309
96936	6391	0.023316309
96936	1143	0.023316307
96936	3564	0.023316307
96936	4369	0.023316307
96936	79	0.023316305
96936	105	0.023316305
96954	2528	0.02511924
96954	6083	0.02511924
96954	1722	0.025119238
96954	4369	0.025119238
96954	4900	0.025119238
96954	6391	0.025119238
96954	79	0.025119234
96954	105	0.025119234
96954	1143	0.025119234
96954	3564	0.025119234
96970	2528	0.031225799
96970	6083	0.031225799
96970	1722	0.031225797
96970	4900	0.031225797
96970	6391	0.031225795
96970	79	0.031225793
96970	3564	0.031225793
96970	4369	0.031225793
96970	105	0.031225791
96970	3917	0.031225791
96989	2528	0.033265878
96989	6083	0.033265878
96989	1722	0.033265874
96989	3564	0.033265874
96989	4369	0.033265874
96989	4900	0.033265874
96989	6391	0.033265874
96989	79	0.03326587
96989	1143	0.03326587
96989	105	0.033265866
97160	6083	0.02996219
97160	2528	0.029962188
97160	1722	0.029962186
97160	6391	0.029962186
97160	4900	0.029962184
97160	1143	0.029962182
97160	3564	0.029962182
97160	4369	0.029962182
97160	79	0.02996218
97160	105	0.02996218
97179	2528	0.024323862
97179	6083	0.024323862
97179	1722	0.02432386
97179	4369	0.024323858
97179	4900	0.024323858
97179	6391	0.024323858
97179	1143	0.024323856
97179	79	0.024323855
97179	105	0.024323855
97179	1557	0.024323855
97208	6083	0.029543243
97208	2528	0.029543241
97208	1722	0.02954324
97208	4369	0.02954324
97208	4900	0.02954324
97208	6391	0.02954324
97208	79	0.029543236
97208	105	0.029543236
97208	1143	0.029543236
97208	3564	0.029543236
97290	6083	0.032896742
97290	1143	0.032896735
97290	1722	0.032896735
97290	2528	0.032896735
97290	3564	0.032896735
97290	4369	0.032896735
97290	4900	0.032896735
97290	6391	0.032896735
97290	79	0.03289673
97290	105	0.032896727
97324	2528	0.035297934
97324	6083	0.035297934
97324	1722	0.03529793
97324	4369	0.03529793
97324	4900	0.03529793
97324	6391	0.03529793
97324	105	0.035297927
97324	1143	0.035297927
97324	3564	0.035297927
97324	3917	0.035297927
97423	1722	0.025685024
97423	2528	0.025685024
97423	6083	0.025685024
97423	4900	0.025685022
97423	6391	0.025685022
97423	1143	0.02568502
97423	3564	0.02568502
97423	4369	0.02568502
97423	79	0.025685018
97423	105	0.025685018
97515	2528	0.033792175
97515	6083	0.033792175
97515	1722	0.03379217
97515	6391	0.03379217
97515	79	0.033792168
97515	105	0.033792168
97515	1143	0.033792168
97515	3564	0.033792168
97515	3917	0.033792168
97515	4369	0.033792168
97587	1722	0.04035908
97587	2528	0.04035908
97587	6083	0.04035908
97587	6391	0.040359076
97587	79	0.040359072
97587	1143	0.040359072
97587	4369	0.040359072
97587	4900	0.040359072
97587	3088	0.04035907
97587	3564	0.04035907
97694	2528	0.030184869
97694	6083	0.030184869
97694	1722	0.030184867
97694	4369	0.030184865
97694	4900	0.030184865
97694	6391	0.030184865
97694	3564	0.030184863
97694	79	0.030184861
97694	105	0.030184861
97694	1143	0.030184861
97721	6083	0.0306838
97721	2528	0.030683799
97721	1722	0.030683797
97721	4900	0.030683797
97721	6391	0.030683797
97721	4369	0.030683795
97721	79	0.030683793
97721	1143	0.030683793
97721	3564	0.030683793
97721	105	0.030683791
97754	6083	0.038331375
97754	2528	0.03833137
97754	1722	0.038331367
97754	4369	0.038331367
97754	6391	0.038331367
97754	3564	0.038331363
97754	4900	0.038331363
97754	79	0.03833136
97754	105	0.03833136
97754	804	0.03833136
97848	6083	0.0413852
97848	1722	0.041385196
97848	2528	0.041385196
97848	4900	0.041385196
97848	4369	0.041385192
97848	6391	0.041385192
97848	79	0.04138519
97848	105	0.04138519
97848	1143	0.04138519
97848	3088	0.04138519
97972	1722	0.042082004
97972	2528	0.042082004
97972	4900	0.042082004
97972	6083	0.042082004
97972	6391	0.042082004
97972	4369	0.042082
97972	79	0.042081997
97972	105	0.042081997
97972	1143	0.042081997
97972	3088	0.042081997
98026	6083	0.031028401
98026	1722	0.031028397
98026	2528	0.031028397
98026	4900	0.031028397
98026	6391	0.031028396
98026	1143	0.031028394
98026	3564	0.031028394
98026	4369	0.031028394
98026	105	0.031028392
98026	79	0.03102839
98159	2528	0.026574666
98159	6083	0.026574666
98159	1722	0.026574664
98159	6391	0.026574664
98159	4900	0.026574662
98159	1143	0.02657466
98159	3564	0.02657466
98159	4369	0.02657466
98159	79	0.026574658
98159	105	0.026574658
98263	2528	0.039027553
98263	1722	0.03902755
98263	4369	0.03902755
98263	6083	0.03902755
98263	6391	0.03902755
98263	4900	0.039027546
98263	79	0.039027542
98263	105	0.039027542
98263	804	0.039027542
98263	1143	0.039027542
98297	6083	0.035548374
98297	2528	0.03554837
98297	1143	0.035548367
98297	1722	0.035548367
98297	3564	0.035548367
98297	4369	0.035548367
98297	4900	0.035548367
98297	6391	0.035548367
98297	79	0.035548363
98297	105	0.035548363
98320	6083	0.0329565
98320	1722	0.032956496
98320	2528	0.032956496
98320	4900	0.032956496
98320	6391	0.032956496
98320	105	0.032956492
98320	1143	0.032956492
98320	3564	0.032956492
98320	4369	0.032956492
98320	79	0.03295649
98322	1722	0.01638817
98322	2528	0.01638817
98322	6083	0.01638817
98322	6391	0.01638817
98322	4369	0.016388169
98322	4900	0.016388169
98322	79	0.016388167
98322	105	0.016388167
98322	1143	0.016388167
98322	1557	0.016388167
98344	6083	0.024143144
98344	2528	0.024143143
98344	1722	0.02414314
98344	4369	0.02414314
98344	4900	0.02414314
98344	6391	0.02414314
98344	79	0.024143137
98344	105	0.024143137
98344	1143	0.024143137
98344	1557	0.024143137
98356	1722	0.029253785
98356	2528	0.029253785
98356	6083	0.029253785
98356	6391	0.029253783
98356	1143	0.02925378
98356	3564	0.02925378
98356	4369	0.02925378
98356	4900	0.02925378
98356	79	0.029253779
98356	105	0.029253779
98422	2528	0.024053145
98422	6083	0.024053145
98422	1722	0.024053143
98422	4369	0.024053141
98422	4900	0.024053141
98422	6391	0.024053141
98422	3564	0.02405314
98422	79	0.024053138
98422	105	0.024053138
98422	1143	0.024053138
98440	1722	0.03937064
98440	2528	0.03937064
98440	6083	0.03937064
98440	4369	0.039370637
98440	4900	0.039370637
98440	6391	0.039370637
98440	79	0.039370634
98440	105	0.039370634
98440	1143	0.039370634
98440	3564	0.039370634
98484	6083	0.030510765
98484	1722	0.030510763
98484	2528	0.030510763
98484	4900	0.03051076
98484	6391	0.03051076
98484	4369	0.030510759
98484	79	0.030510757
98484	105	0.030510757
98484	1143	0.030510757
98484	3564	0.030510757
98525	6083	0.024670562
98525	2528	0.02467056
98525	1722	0.024670558
98525	6391	0.024670558
98525	3564	0.024670556
98525	4369	0.024670556
98525	4900	0.024670556
98525	105	0.024670554
98525	1143	0.024670554
98525	79	0.024670552
98547	2528	0.03530568
98547	6083	0.03530568
98547	1143	0.03530567
98547	1722	0.03530567
98547	3564	0.03530567
98547	4369	0.03530567
98547	4900	0.03530567
98547	6391	0.03530567
98547	79	0.035305668
98547	105	0.035305664
98574	6083	0.03670413
98574	2528	0.036704127
98574	1143	0.036704123
98574	1722	0.036704123
98574	3564	0.036704123
98574	4369	0.036704123
98574	4900	0.036704123
98574	6391	0.036704123
98574	79	0.03670412
98574	105	0.03670412
98575	6083	0.023601538
98575	1722	0.023601536
98575	2528	0.023601536
98575	6391	0.023601536
98575	3564	0.023601534
98575	4369	0.023601534
98575	4900	0.023601534
98575	79	0.023601532
98575	105	0.023601532
98575	1143	0.023601532
98628	6083	0.023506751
98628	1722	0.023506748
98628	2528	0.023506748
98628	6391	0.023506748
98628	4369	0.023506746
98628	4900	0.023506746
98628	79	0.023506744
98628	105	0.023506744
98628	1143	0.023506744
98628	804	0.023506742
98647	2528	0.031686965
98647	6083	0.031686965
98647	1722	0.03168696
98647	4900	0.03168696
98647	3564	0.031686958
98647	4369	0.031686958
98647	6391	0.031686958
98647	79	0.031686954
98647	105	0.031686954
98647	1143	0.031686954
98686	2528	0.03869147
98686	6083	0.03869147
98686	1722	0.038691465
98686	4900	0.038691465
98686	3564	0.03869146
98686	4369	0.03869146
98686	6391	0.03869146
98686	79	0.038691457
98686	105	0.038691457
98686	1143	0.038691457
98722	6083	0.030320697
98722	2528	0.030320695
98722	1722	0.030320693
98722	4900	0.030320693
98722	6391	0.030320693
98722	4369	0.030320691
98722	105	0.03032069
98722	1143	0.03032069
98722	3564	0.03032069
98722	79	0.030320687
98723	6083	0.043573238
98723	2528	0.043573234
98723	1722	0.04357323
98723	3564	0.04357323
98723	4369	0.04357323
98723	4900	0.04357323
98723	6391	0.04357323
98723	1143	0.043573227
98723	79	0.043573223
98723	105	0.043573223
98741	1722	0.03199028
98741	2528	0.03199028
98741	6083	0.03199028
98741	4369	0.031990275
98741	4900	0.031990275
98741	6391	0.031990275
98741	79	0.03199027
98741	1143	0.03199027
98741	3564	0.03199027
98741	105	0.031990267
98758	6083	0.032639172
98758	1722	0.03263917
98758	2528	0.03263917
98758	4369	0.03263917
98758	6391	0.03263917
98758	4900	0.032639164
98758	79	0.03263916
98758	105	0.03263916
98758	804	0.03263916
98758	1143	0.03263916
98783	6083	0.035825845
98783	1722	0.03582584
98783	2528	0.03582584
98783	6391	0.03582584
98783	4900	0.035825837
98783	79	0.035825834
98783	105	0.035825834
98783	1143	0.035825834
98783	3088	0.035825834
98783	3564	0.035825834
98787	2528	0.045877118
98787	6083	0.045877118
98787	1722	0.045877114
98787	4369	0.045877114
98787	4900	0.045877114
98787	6391	0.045877114
98787	79	0.04587711
98787	105	0.045877106
98787	804	0.045877106
98787	1143	0.045877106
98861	2528	0.024969928
98861	6083	0.024969928
98861	1722	0.024969926
98861	4369	0.024969924
98861	4900	0.024969924
98861	6391	0.024969924
98861	1143	0.024969922
98861	3564	0.024969922
98861	79	0.02496992
98861	105	0.02496992
98887	1722	0.03462994
98887	2528	0.03462994
98887	6083	0.03462994
98887	4369	0.034629937
98887	4900	0.034629937
98887	6391	0.034629937
98887	79	0.034629934
98887	105	0.034629934
98887	1143	0.034629934
98887	3564	0.034629934
98904	1722	0.04063727
98904	2528	0.04063727
98904	4900	0.04063727
98904	6083	0.04063727
98904	6391	0.040637266
98904	79	0.040637262
98904	105	0.040637262
98904	1143	0.040637262
98904	3564	0.040637262
98904	4369	0.040637262
98923	6083	0.036716014
98923	1722	0.036716007
98923	2528	0.036716007
98923	4369	0.036716007
98923	4900	0.036716007
98923	6391	0.036716007
98923	79	0.036716003
98923	105	0.036716003
98923	3564	0.036716003
98923	804	0.036716
98930	6083	0.026594793
98930	1722	0.026594792
98930	2528	0.026594792
98930	6391	0.02659479
98930	3564	0.026594788
98930	4369	0.026594788
98930	4900	0.026594788
98930	1143	0.026594786
98930	79	0.026594784
98930	105	0.026594784
98943	1722	0.023258172
98943	2528	0.023258172
98943	6083	0.023258172
98943	4369	0.023258168
98943	4900	0.023258168
98943	6391	0.023258168
98943	1143	0.023258166
98943	3564	0.023258166
98943	79	0.023258165
98943	105	0.023258165
98958	2528	0.024843184
98958	6083	0.024843184
98958	1722	0.024843182
98958	4369	0.024843182
98958	4900	0.024843182
98958	6391	0.024843182
98958	1143	0.02484318
98958	79	0.024843179
98958	105	0.024843179
98958	3564	0.024843179
98988	6083	0.029481493
98988	1722	0.02948149
98988	2528	0.02948149
98988	6391	0.029481487
98988	3564	0.029481485
98988	4369	0.029481485
98988	4900	0.029481485
98988	1143	0.029481484
98988	105	0.029481482
98988	804	0.029481482
99026	1722	0.026350431
99026	2528	0.026350431
99026	6083	0.026350431
99026	4369	0.02635043
99026	6391	0.02635043
99026	3564	0.026350427
99026	4900	0.026350427
99026	105	0.026350426
99026	1143	0.026350426
99026	79	0.026350424
99032	1722	0.02314232
99032	2528	0.02314232
99032	6083	0.02314232
99032	6391	0.023142317
99032	4369	0.023142315
99032	4900	0.023142315
99032	1143	0.023142314
99032	3564	0.023142314
99032	79	0.023142312
99032	105	0.023142312
99068	6083	0.024861138
99068	1722	0.024861135
99068	2528	0.024861135
99068	4900	0.024861135
99068	6391	0.024861135
99068	105	0.02486113
99068	1143	0.02486113
99068	3564	0.02486113
99068	4369	0.02486113
99068	79	0.024861129
99102	6083	0.036651064
99102	1722	0.03665106
99102	2528	0.03665106
99102	4369	0.036651056
99102	4900	0.036651056
99102	6391	0.036651056
99102	79	0.036651053
99102	105	0.036651053
99102	1143	0.036651053
99102	1557	0.036651053
99146	6083	0.035819612
99146	1722	0.03581961
99146	2528	0.03581961
99146	3564	0.035819605
99146	4369	0.035819605
99146	4900	0.035819605
99146	6391	0.035819605
99146	79	0.0358196
99146	1143	0.0358196
99146	105	0.035819598
99193	2528	0.03245737
99193	6083	0.03245737
99193	1143	0.032457367
99193	1722	0.032457367
99193	3564	0.032457367
99193	4369	0.032457367
99193	4900	0.032457367
99193	6391	0.032457367
99193	79	0.032457363
99193	105	0.032457363
99204	1722	0.03485576
99204	2528	0.03485576
99204	6083	0.03485576
99204	3564	0.034855757
99204	4369	0.034855757
99204	4900	0.034855757
99204	6391	0.034855757
99204	79	0.034855753
99204	105	0.034855753
99204	1143	0.034855753
99222	6083	0.0372925
99222	1722	0.037292495
99222	2528	0.037292495
99222	4900	0.037292495
99222	6391	0.037292495
99222	79	0.03729249
99222	1143	0.03729249
99222	3564	0.03729249
99222	4369	0.03729249
99222	105	0.037292488
99252	1722	0.026221134
99252	2528	0.026221134
99252	6083	0.026221134
99252	4369	0.026221132
99252	3564	0.02622113
99252	4900	0.02622113
99252	6391	0.02622113
99252	1143	0.026221128
99252	79	0.026221126
99252	105	0.026221126
99312	2528	0.031811044
99312	6083	0.031811044
99312	1722	0.03181104
99312	4369	0.03181104
99312	4900	0.03181104
99312	79	0.031811036
99312	105	0.031811036
99312	1143	0.031811036
99312	3564	0.031811036
99312	3917	0.031811036
99313	6083	0.027049586
99313	1722	0.027049584
99313	2528	0.027049584
99313	4369	0.027049582
99313	4900	0.027049582
99313	6391	0.027049582
99313	105	0.027049579
99313	1143	0.027049579
99313	3564	0.027049579
99313	3917	0.027049579
99314	6083	0.030802742
99314	2528	0.03080274
99314	1722	0.030802738
99314	4900	0.030802736
99314	6391	0.030802736
99314	79	0.030802734
99314	1143	0.030802734
99314	3564	0.030802734
99314	4369	0.030802734
99314	105	0.030802732
99322	2528	0.025191354
99322	6083	0.025191354
99322	1722	0.025191352
99322	4369	0.025191352
99322	4900	0.025191352
99322	6391	0.025191352
99322	3564	0.02519135
99322	79	0.025191348
99322	105	0.025191348
99322	1143	0.025191348
99347	1722	0.03531704
99347	2528	0.03531704
99347	4900	0.03531704
99347	6083	0.03531704
99347	6391	0.03531704
99347	4369	0.035317037
99347	79	0.035317034
99347	105	0.035317034
99347	1143	0.035317034
99347	3088	0.035317034
99441	1722	0.041096814
99441	2528	0.041096814
99441	6083	0.041096814
99441	6391	0.04109681
99441	79	0.041096807
99441	105	0.041096807
99441	1143	0.041096807
99441	3564	0.041096807
99441	4369	0.041096807
99441	4900	0.041096807
99523	1722	0.034945585
99523	2528	0.034945585
99523	6083	0.034945585
99523	4369	0.03494558
99523	4900	0.03494558
99523	6391	0.03494558
99523	79	0.034945577
99523	105	0.034945577
99523	1143	0.034945577
99523	3564	0.034945577
99616	6083	0.024578664
99616	1722	0.024578663
99616	2528	0.024578663
99616	4369	0.02457866
99616	4900	0.02457866
99616	6391	0.02457866
99616	3564	0.024578659
99616	79	0.024578657
99616	105	0.024578657
99616	1143	0.024578657
99630	1722	0.031215593
99630	2528	0.031215593
99630	6083	0.031215593
99630	4369	0.03121559
99630	4900	0.03121559
99630	6391	0.03121559
99630	3564	0.031215588
99630	79	0.031215586
99630	105	0.031215586
99630	1143	0.031215586
99720	6083	0.03415742
99720	1722	0.034157418
99720	2528	0.034157418
99720	4900	0.034157418
99720	6391	0.034157418
99720	4369	0.034157414
99720	79	0.03415741
99720	105	0.03415741
99720	804	0.03415741
99720	1143	0.03415741
99955	6083	0.03735305
99955	1722	0.037353046
99955	2528	0.037353046
99955	4369	0.037353046
99955	4900	0.037353046
99955	6391	0.037353046
99955	3564	0.037353043
99955	79	0.03735304
99955	105	0.03735304
99955	804	0.03735304
99996	2528	0.032795683
99996	6083	0.032795683
99996	1722	0.03279568
99996	105	0.032795675
99996	1143	0.032795675
99996	3564	0.032795675
99996	4369	0.032795675
99996	4900	0.032795675
99996	6391	0.032795675
99996	79	0.03279567
99997	1722	0.03579268
99997	2528	0.03579268
99997	6083	0.03579268
99997	4900	0.035792675
99997	6391	0.035792675
99997	79	0.03579267
99997	105	0.03579267
99997	1143	0.03579267
99997	3088	0.03579267
99997	3564	0.03579267
100004	6083	0.028308623
100004	1722	0.02830862
100004	2528	0.02830862
100004	4369	0.028308619
100004	4900	0.028308619
100004	6391	0.028308619
100004	79	0.028308615
100004	105	0.028308615
100004	1143	0.028308615
100004	3564	0.028308615
100009	6083	0.03164599
100009	1722	0.031645987
100009	2528	0.031645987
100009	1143	0.031645983
100009	3088	0.031645983
100009	3564	0.031645983
100009	4369	0.031645983
100009	4900	0.031645983
100009	6391	0.031645983
100009	79	0.03164598
100053	6083	0.027172307
100053	1722	0.027172305
100053	2528	0.027172305
100053	4900	0.027172303
100053	6391	0.027172303
100053	3564	0.027172301
100053	4369	0.027172301
100053	79	0.0271723
100053	105	0.0271723
100053	1143	0.0271723
100066	1722	0.03337927
100066	2528	0.03337927
100066	6083	0.03337927
100066	6391	0.03337927
100066	4369	0.033379268
100066	4900	0.033379268
100066	79	0.033379264
100066	105	0.033379264
100066	1143	0.033379264
100066	3088	0.033379264
100088	6083	0.027141124
100088	2528	0.027141122
100088	1722	0.02714112
100088	6391	0.02714112
100088	4369	0.027141118
100088	4900	0.027141118
100088	79	0.027141117
100088	1143	0.027141117
100088	3564	0.027141117
100088	105	0.027141115
100115	2528	0.022959765
100115	6083	0.022959765
100115	1722	0.022959763
100115	4369	0.022959763
100115	6391	0.022959763
100115	79	0.022959761
100115	105	0.022959761
100115	1143	0.022959761
100115	3564	0.022959761
100115	4900	0.022959761
100223	1722	0.032508507
100223	2528	0.032508507
100223	6083	0.032508507
100223	6391	0.032508507
100223	4369	0.032508504
100223	4900	0.032508504
100223	79	0.0325085
100223	105	0.0325085
100223	804	0.0325085
100223	1143	0.0325085
100227	6083	0.031707093
100227	1143	0.031707086
100227	1722	0.031707086
100227	2528	0.031707086
100227	3564	0.031707086
100227	4369	0.031707086
100227	4900	0.031707086
100227	6391	0.031707086
100227	79	0.031707082
100227	105	0.03170708
100264	1722	0.031628024
100264	2528	0.031628024
100264	6083	0.031628024
100264	4369	0.03162802
100264	4900	0.03162802
100264	6391	0.03162802
100264	79	0.031628016
100264	105	0.031628016
100264	1143	0.031628016
100264	3564	0.031628016
100361	6083	0.032661278
100361	1722	0.032661274
100361	2528	0.032661274
100361	4900	0.032661274
100361	6391	0.032661274
100361	79	0.03266127
100361	4369	0.03266127
100361	105	0.032661267
100361	1143	0.032661267
100361	3088	0.032661267
100393	6083	0.035052035
100393	1722	0.03505203
100393	2528	0.03505203
100393	6391	0.03505203
100393	79	0.035052028
100393	4369	0.035052028
100393	4900	0.035052028
100393	105	0.035052024
100393	804	0.035052024
100393	1143	0.035052024
100454	1722	0.033847913
100454	2528	0.033847913
100454	6083	0.033847913
100454	6391	0.033847913
100454	79	0.03384791
100454	1143	0.03384791
100454	4369	0.03384791
100454	4900	0.03384791
100454	105	0.033847906
100454	804	0.033847906
100459	2528	0.030631617
100459	6083	0.030631615
100459	1722	0.030631613
100459	4900	0.030631613
100459	6391	0.030631613
100459	79	0.03063161
100459	105	0.03063161
100459	1143	0.03063161
100459	4369	0.03063161
100459	804	0.030631606
100460	6083	0.029986586
100460	2528	0.029986585
100460	1722	0.029986583
100460	4900	0.02998658
100460	6391	0.02998658
100460	3564	0.029986579
100460	4369	0.029986579
100460	79	0.029986577
100460	105	0.029986577
100460	1143	0.029986577
100471	2528	0.029155409
100471	6083	0.029155409
100471	1722	0.029155407
100471	6391	0.029155407
100471	4369	0.029155405
100471	4900	0.029155405
100471	79	0.029155403
100471	105	0.029155403
100471	1143	0.029155403
100471	3564	0.029155403
100578	2528	0.02629231
100578	6083	0.02629231
100578	1722	0.026292307
100578	3564	0.026292305
100578	4369	0.026292305
100578	4900	0.026292305
100578	6391	0.026292305
100578	79	0.026292304
100578	1143	0.026292304
100578	105	0.026292302
100594	1722	0.036403723
100594	2528	0.036403723
100594	6083	0.036403723
100594	6391	0.036403723
100594	4369	0.03640372
100594	79	0.036403716
100594	105	0.036403716
100594	1143	0.036403716
100594	3564	0.036403716
100594	3917	0.036403716
100610	2528	0.023577137
100610	6083	0.023577137
100610	1722	0.023577135
100610	4900	0.023577135
100610	6391	0.023577135
100610	3564	0.023577133
100610	4369	0.023577133
100610	79	0.023577131
100610	105	0.023577131
100610	1143	0.023577131
100644	6083	0.0366958
100644	2528	0.036695797
100644	1722	0.036695793
100644	4369	0.036695793
100644	4900	0.036695793
100644	6391	0.036695793
100644	1143	0.03669579
100644	3564	0.03669579
100644	5896	0.03669579
100644	79	0.036695786
100648	6083	0.026039014
100648	1722	0.026039012
100648	2528	0.026039012
100648	4369	0.026039012
100648	4900	0.026039012
100648	6391	0.02603901
100648	79	0.026039008
100648	105	0.026039008
100648	1143	0.026039008
100648	3564	0.026039008
100694	2528	0.024609268
100694	6083	0.024609268
100694	1722	0.024609266
100694	4369	0.024609264
100694	4900	0.024609264
100694	6391	0.024609264
100694	1143	0.024609262
100694	3564	0.024609262
100694	79	0.02460926
100694	105	0.02460926
100782	2528	0.024440706
100782	6083	0.024440706
100782	1722	0.024440704
100782	6391	0.024440704
100782	4369	0.024440702
100782	4900	0.024440702
100782	79	0.0244407
100782	105	0.0244407
100782	1143	0.024440698
100782	1557	0.024440698
100815	6083	0.03108256
100815	2528	0.031082558
100815	1722	0.031082556
100815	4900	0.031082556
100815	6391	0.031082556
100815	4369	0.031082554
100815	105	0.031082552
100815	3564	0.031082552
100815	79	0.03108255
100815	1143	0.03108255
100846	2528	0.039402746
100846	6083	0.039402746
100846	1143	0.03940274
100846	1722	0.03940274
100846	4369	0.03940274
100846	4900	0.03940274
100846	6391	0.03940274
100846	79	0.039402734
100846	3564	0.039402734
100846	105	0.03940273
100903	6083	0.030847128
100903	2528	0.030847127
100903	1722	0.030847125
100903	6391	0.030847125
100903	4369	0.030847123
100903	4900	0.030847123
100903	1143	0.030847121
100903	3564	0.030847121
100903	79	0.03084712
100903	105	0.030847117
100984	1722	0.037811927
100984	2528	0.037811927
100984	6083	0.037811927
100984	4369	0.037811924
100984	4900	0.037811924
100984	6391	0.037811924
100984	79	0.03781192
100984	105	0.03781192
100984	1143	0.03781192
100984	3564	0.03781192
101035	2528	0.030642997
101035	6083	0.030642997
101035	1722	0.030642994
101035	4900	0.030642994
101035	6391	0.030642994
101035	4369	0.030642992
101035	79	0.03064299
101035	105	0.03064299
101035	1143	0.03064299
101035	3564	0.03064299
101041	2528	0.02899488
101041	6083	0.02899488
101041	1722	0.028994879
101041	4369	0.028994877
101041	4900	0.028994877
101041	6391	0.028994877
101041	79	0.028994873
101041	105	0.028994873
101041	1143	0.028994873
101041	1557	0.028994873
101081	6083	0.02275806
101081	2528	0.022758057
101081	1722	0.022758055
101081	3564	0.022758055
101081	4369	0.022758055
101081	4900	0.022758055
101081	6391	0.022758055
101081	79	0.022758052
101081	105	0.022758052
101081	804	0.022758052
101091	2528	0.031029329
101091	6083	0.031029329
101091	1722	0.031029325
101091	4900	0.031029325
101091	6391	0.031029325
101091	4369	0.031029323
101091	79	0.031029321
101091	105	0.031029321
101091	1143	0.031029321
101091	3564	0.031029321
101141	6083	0.030766139
101141	1722	0.030766137
101141	2528	0.030766137
101141	6391	0.030766135
101141	4369	0.030766133
101141	4900	0.030766133
101141	3564	0.030766131
101141	79	0.03076613
101141	105	0.03076613
101141	1143	0.03076613
101196	2528	0.02936713
101196	6083	0.02936713
101196	1722	0.029367128
101196	4369	0.029367127
101196	4900	0.029367127
101196	6391	0.029367127
101196	79	0.029367123
101196	105	0.029367123
101196	1143	0.029367123
101196	1557	0.029367123
101214	1722	0.033724003
101214	2528	0.033724003
101214	4369	0.033724003
101214	6083	0.033724003
101214	1143	0.033724
101214	4900	0.033724
101214	79	0.033723995
101214	105	0.033723995
101214	1557	0.033723995
101214	3088	0.033723995
101304	6083	0.028026955
101304	1722	0.028026953
101304	2528	0.028026953
101304	4900	0.028026951
101304	6391	0.028026951
101304	3564	0.02802695
101304	4369	0.02802695
101304	79	0.028026948
101304	1143	0.028026948
101304	105	0.028026946
101305	1722	0.031444587
101305	2528	0.031444587
101305	6083	0.031444587
101305	4900	0.031444583
101305	6391	0.031444583
101305	79	0.03144458
101305	105	0.03144458
101305	1143	0.03144458
101305	3564	0.03144458
101305	4369	0.03144458
101336	6083	0.025258513
101336	1722	0.025258511
101336	2528	0.025258511
101336	6391	0.025258511
101336	4369	0.02525851
101336	1143	0.025258508
101336	3564	0.025258508
101336	4900	0.025258508
101336	79	0.025258506
101336	105	0.025258506
101422	2528	0.02518982
101422	6083	0.02518982
101422	1722	0.025189819
101422	4900	0.025189817
101422	6391	0.025189817
101422	4369	0.025189815
101422	79	0.025189813
101422	105	0.025189813
101422	1143	0.025189813
101422	3088	0.025189813
101513	6083	0.0324033
101513	1722	0.032403298
101513	2528	0.032403298
101513	4369	0.032403298
101513	4900	0.032403298
101513	6391	0.032403298
101513	1143	0.032403294
101513	79	0.03240329
101513	105	0.03240329
101513	804	0.03240329
101517	2528	0.02659398
101517	6083	0.02659398
101517	1722	0.026593978
101517	4900	0.026593978
101517	6391	0.026593976
101517	79	0.026593974
101517	3564	0.026593974
101517	4369	0.026593974
101517	105	0.026593972
101517	1143	0.026593972
101550	1722	0.028665483
101550	2528	0.028665483
101550	6083	0.028665483
101550	4369	0.028665481
101550	6391	0.028665481
101550	1143	0.02866548
101550	3564	0.02866548
101550	4900	0.02866548
101550	79	0.028665477
101550	105	0.028665477
101606	2528	0.032479726
101606	1722	0.032479722
101606	6083	0.032479722
101606	3564	0.03247972
101606	3917	0.03247972
101606	4369	0.03247972
101606	4900	0.03247972
101606	6391	0.03247972
101606	79	0.032479715
101606	105	0.032479715
101620	6083	0.029602723
101620	1722	0.029602721
101620	2528	0.029602721
101620	6391	0.02960272
101620	1143	0.029602718
101620	4369	0.029602718
101620	4900	0.029602718
101620	105	0.029602716
101620	3564	0.029602716
101620	79	0.029602714
101696	6083	0.03478236
101696	1722	0.034782358
101696	2528	0.034782358
101696	1143	0.034782354
101696	3564	0.034782354
101696	4369	0.034782354
101696	4900	0.034782354
101696	6391	0.034782354
101696	79	0.03478235
101696	105	0.03478235
101731	6083	0.021957286
101731	1722	0.021957284
101731	2528	0.021957284
101731	4900	0.021957282
101731	6391	0.021957282
101731	1143	0.02195728
101731	3564	0.02195728
101731	4369	0.02195728
101731	79	0.021957278
101731	105	0.021957278
101874	1722	0.030412048
101874	2528	0.030412048
101874	6083	0.030412048
101874	4369	0.030412044
101874	4900	0.030412044
101874	6391	0.030412044
101874	79	0.030412043
101874	1143	0.030412043
101874	3564	0.030412043
101874	105	0.03041204
101876	2528	0.02764628
101876	1722	0.027646279
101876	6083	0.027646279
101876	4900	0.027646277
101876	6391	0.027646277
101876	1143	0.027646275
101876	4369	0.027646275
101876	79	0.027646273
101876	105	0.027646273
101876	3564	0.027646273
101887	2528	0.026730865
101887	6083	0.026730865
101887	1722	0.026730862
101887	4369	0.026730862
101887	4900	0.026730862
101887	6391	0.026730862
101887	79	0.026730858
101887	105	0.026730858
101887	1143	0.026730858
101887	1557	0.026730858
102019	6083	0.026839338
102019	1722	0.026839336
102019	2528	0.026839336
102019	6391	0.026839335
102019	4369	0.026839333
102019	4900	0.026839333
102019	79	0.02683933
102019	105	0.02683933
102019	1143	0.02683933
102019	3564	0.02683933
102032	6083	0.023418168
102032	2528	0.023418166
102032	1722	0.023418164
102032	6391	0.023418164
102032	4369	0.023418162
102032	4900	0.023418162
102032	1143	0.02341816
102032	3564	0.02341816
102032	3917	0.02341816
102032	5896	0.02341816
102117	6083	0.023774903
102117	1722	0.023774901
102117	2528	0.023774901
102117	4369	0.0237749
102117	4900	0.0237749
102117	6391	0.0237749
102117	79	0.023774896
102117	105	0.023774896
102117	804	0.023774896
102117	1143	0.023774896
102129	6083	0.02716209
102129	1722	0.027162088
102129	2528	0.027162088
102129	4369	0.027162086
102129	4900	0.027162086
102129	6391	0.027162086
102129	3564	0.027162084
102129	79	0.027162082
102129	105	0.027162082
102129	1143	0.027162082
102130	2528	0.029561725
102130	6083	0.029561725
102130	1722	0.02956172
102130	4369	0.02956172
102130	4900	0.02956172
102130	6391	0.02956172
102130	79	0.029561717
102130	105	0.029561717
102130	1143	0.029561717
102130	3564	0.029561717
102154	1722	0.032696858
102154	2528	0.032696858
102154	6083	0.032696858
102154	4900	0.032696854
102154	6391	0.032696854
102154	79	0.03269685
102154	105	0.03269685
102154	1143	0.03269685
102154	1557	0.03269685
102154	3088	0.03269685
102189	1722	0.02338494
102189	2528	0.02338494
102189	6083	0.02338494
102189	6391	0.023384938
102189	79	0.023384936
102189	1143	0.023384936
102189	3564	0.023384936
102189	4369	0.023384936
102189	4900	0.023384936
102189	105	0.023384934
102220	2528	0.033243842
102220	6083	0.033243842
102220	1722	0.03324384
102220	79	0.033243835
102220	105	0.033243835
102220	1143	0.033243835
102220	3564	0.033243835
102220	4369	0.033243835
102220	4900	0.033243835
102220	6391	0.033243835
102275	2528	0.04236795
102275	6083	0.04236795
102275	1722	0.042367943
102275	3564	0.042367943
102275	4369	0.042367943
102275	4900	0.042367943
102275	6391	0.042367943
102275	79	0.04236794
102275	1143	0.04236794
102275	105	0.042367935
102284	6083	0.027736282
102284	1722	0.02773628
102284	2528	0.02773628
102284	4900	0.027736278
102284	6391	0.027736278
102284	105	0.027736276
102284	1143	0.027736276
102284	3564	0.027736276
102284	4369	0.027736276
102284	79	0.027736275
102359	1722	0.032910813
102359	6083	0.032910813
102359	2528	0.03291081
102359	4369	0.03291081
102359	4900	0.03291081
102359	6391	0.03291081
102359	105	0.032910805
102359	1143	0.032910805
102359	3564	0.032910805
102359	3917	0.032910805
102375	2528	0.03250008
102375	6083	0.03250008
102375	1722	0.032500077
102375	6391	0.032500077
102375	79	0.032500073
102375	105	0.032500073
102375	1143	0.032500073
102375	3088	0.032500073
102375	3564	0.032500073
102375	3917	0.032500073
102430	1722	0.02185836
102430	2528	0.02185836
102430	6083	0.02185836
102430	1143	0.021858357
102430	3564	0.021858357
102430	4369	0.021858357
102430	4900	0.021858357
102430	6391	0.021858357
102430	79	0.021858355
102430	105	0.021858355
102564	2528	0.028940085
102564	6083	0.028940085
102564	1722	0.028940083
102564	4900	0.028940083
102564	1143	0.028940082
102564	4369	0.028940082
102564	6391	0.028940082
102564	79	0.02894008
102564	3564	0.02894008
102564	105	0.028940078
102571	2528	0.031354435
102571	6083	0.031354435
102571	1722	0.03135443
102571	4900	0.03135443
102571	6391	0.03135443
102571	79	0.031354427
102571	105	0.031354427
102571	1143	0.031354427
102571	3564	0.031354427
102571	4369	0.031354427
102581	6083	0.024121882
102581	1722	0.02412188
102581	2528	0.02412188
102581	4900	0.024121879
102581	1143	0.024121877
102581	4369	0.024121877
102581	6391	0.024121877
102581	79	0.024121875
102581	3564	0.024121875
102581	105	0.024121873
102642	6083	0.027043832
102642	1722	0.02704383
102642	2528	0.02704383
102642	6391	0.027043829
102642	4369	0.027043827
102642	4900	0.027043827
102642	1143	0.027043825
102642	3564	0.027043825
102642	79	0.027043823
102642	105	0.027043823
102647	6083	0.043620557
102647	2528	0.043620553
102647	1722	0.04362055
102647	4900	0.04362055
102647	6391	0.04362055
102647	1143	0.043620545
102647	4369	0.043620545
102647	79	0.04362054
102647	105	0.04362054
102647	5896	0.04362054
102668	6083	0.032190297
102668	1722	0.032190293
102668	2528	0.032190293
102668	4369	0.032190293
102668	4900	0.032190293
102668	6391	0.032190293
102668	1143	0.03219029
102668	3564	0.03219029
102668	105	0.032190286
102668	804	0.032190286
102676	1722	0.017633677
102676	2528	0.017633677
102676	6083	0.017633677
102676	6391	0.017633677
102676	4369	0.017633675
102676	4900	0.017633675
102676	79	0.017633673
102676	105	0.017633673
102676	1143	0.017633673
102676	3088	0.017633673
102702	6083	0.038684368
102702	1722	0.038684364
102702	2528	0.038684364
102702	4900	0.03868436
102702	6391	0.03868436
102702	1143	0.038684357
102702	4369	0.038684357
102702	79	0.038684353
102702	105	0.038684353
102702	804	0.038684353
102705	2528	0.028582383
102705	6083	0.028582383
102705	1722	0.028582381
102705	4369	0.02858238
102705	4900	0.02858238
102705	6391	0.02858238
102705	79	0.028582375
102705	105	0.028582375
102705	1143	0.028582375
102705	3564	0.028582375
102719	1722	0.034219336
102719	6083	0.034219336
102719	2528	0.034219332
102719	4369	0.034219332
102719	6391	0.034219332
102719	1143	0.03421933
102719	3564	0.03421933
102719	4900	0.03421933
102719	79	0.034219325
102719	105	0.034219325
102772	6083	0.029297018
102772	1722	0.029297017
102772	2528	0.029297017
102772	4369	0.029297015
102772	6391	0.029297015
102772	79	0.029297013
102772	3564	0.029297013
102772	4900	0.029297013
102772	1143	0.029297011
102772	105	0.02929701
102945	2528	0.025389586
102945	6083	0.025389586
102945	1722	0.025389584
102945	4369	0.025389582
102945	4900	0.025389582
102945	6391	0.025389582
102945	3564	0.02538958
102945	105	0.025389578
102945	1143	0.025389578
102945	3088	0.025389578
102967	6083	0.041583627
102967	1722	0.04158362
102967	2528	0.04158362
102967	4900	0.04158362
102967	6391	0.04158362
102967	1143	0.041583616
102967	4369	0.041583616
102967	79	0.041583613
102967	105	0.041583613
102967	3564	0.041583613
103251	2528	0.026038544
103251	6083	0.026038544
103251	6391	0.026038542
103251	1722	0.02603854
103251	79	0.026038539
103251	1143	0.026038539
103251	4369	0.026038539
103251	4900	0.026038539
103251	105	0.026038537
103251	3088	0.026038537
103277	6083	0.034517944
103277	1722	0.034517936
103277	2528	0.034517936
103277	4369	0.034517936
103277	4900	0.034517936
103277	6391	0.034517936
103277	79	0.034517933
103277	105	0.034517933
103277	1143	0.034517933
103277	3564	0.034517933
103304	6083	0.03296266
103304	1722	0.032962658
103304	2528	0.032962658
103304	3564	0.032962658
103304	4369	0.032962658
103304	4900	0.032962658
103304	6391	0.032962658
103304	79	0.032962654
103304	105	0.03296265
103304	804	0.03296265
103315	1722	0.03130668
103315	2528	0.03130668
103315	6083	0.03130668
103315	1143	0.031306677
103315	4369	0.031306677
103315	4900	0.031306677
103315	6391	0.031306677
103315	79	0.031306673
103315	105	0.031306673
103315	3088	0.031306673
103336	2528	0.03588576
103336	6083	0.03588576
103336	1722	0.03588575
103336	4369	0.03588575
103336	4900	0.03588575
103336	6391	0.03588575
103336	79	0.035885748
103336	105	0.035885748
103336	3564	0.035885748
103336	804	0.035885744
103445	1722	0.023435537
103445	2528	0.023435537
103445	6083	0.023435537
103445	6391	0.023435537
103445	4369	0.023435535
103445	4900	0.023435535
103445	79	0.023435533
103445	1143	0.023435533
103445	3564	0.023435533
103445	105	0.023435531
103467	6083	0.03272926
103467	1722	0.032729257
103467	2528	0.032729257
103467	79	0.032729253
103467	1143	0.032729253
103467	3088	0.032729253
103467	3564	0.032729253
103467	4369	0.032729253
103467	4900	0.032729253
103467	5896	0.032729253
103496	2528	0.032279547
103496	6083	0.032279547
103496	1143	0.032279544
103496	1722	0.032279544
103496	3564	0.032279544
103496	4369	0.032279544
103496	4900	0.032279544
103496	6391	0.032279544
103496	79	0.03227954
103496	105	0.03227954
103541	6083	0.030575471
103541	1722	0.03057547
103541	2528	0.03057547
103541	4369	0.030575465
103541	4900	0.030575465
103541	6391	0.030575465
103541	79	0.030575462
103541	105	0.030575462
103541	1143	0.030575462
103541	3564	0.030575462
103577	2528	0.028546184
103577	6083	0.028546184
103577	1722	0.028546182
103577	4900	0.02854618
103577	6391	0.02854618
103577	4369	0.028546179
103577	79	0.028546177
103577	105	0.028546177
103577	1143	0.028546177
103577	3564	0.028546177
103656	6083	0.029574245
103656	1722	0.029574241
103656	2528	0.029574241
103656	6391	0.02957424
103656	3564	0.029574238
103656	4369	0.029574238
103656	4900	0.029574238
103656	1143	0.029574236
103656	79	0.029574234
103656	105	0.029574234
103811	6083	0.022127291
103811	1722	0.02212729
103811	2528	0.02212729
103811	4900	0.02212729
103811	6391	0.02212729
103811	4369	0.022127287
103811	79	0.022127286
103811	105	0.022127286
103811	1143	0.022127286
103811	3088	0.022127286
103935	6083	0.022563674
103935	1722	0.022563672
103935	2528	0.022563672
103935	6391	0.022563672
103935	4369	0.02256367
103935	4900	0.02256367
103935	79	0.022563668
103935	1143	0.022563668
103935	105	0.022563666
103935	804	0.022563666
104051	2528	0.030091142
104051	6083	0.030091142
104051	1722	0.03009114
104051	4900	0.030091139
104051	6391	0.030091139
104051	1143	0.030091137
104051	3564	0.030091137
104051	4369	0.030091137
104051	79	0.030091135
104051	105	0.030091135
104058	6083	0.03881032
104058	1722	0.038810316
104058	2528	0.038810316
104058	4369	0.038810313
104058	4900	0.038810313
104058	6391	0.038810313
104058	79	0.03881031
104058	1143	0.03881031
104058	3564	0.03881031
104058	5896	0.03881031
104098	1722	0.03594701
104098	2528	0.03594701
104098	6083	0.03594701
104098	6391	0.035947006
104098	79	0.035947002
104098	105	0.035947002
104098	1143	0.035947002
104098	3564	0.035947002
104098	4369	0.035947002
104098	4900	0.035947002
104113	2528	0.03561762
104113	6083	0.03561762
104113	1722	0.035617616
104113	6391	0.035617616
104113	105	0.035617612
104113	1143	0.035617612
104113	3564	0.035617612
104113	4369	0.035617612
104113	4900	0.035617612
104113	804	0.03561761
104123	1722	0.0338791
104123	2528	0.0338791
104123	6083	0.0338791
104123	6391	0.0338791
104123	3564	0.033879098
104123	4369	0.033879098
104123	4900	0.033879098
104123	79	0.033879094
104123	105	0.033879094
104123	1143	0.033879094
104144	2528	0.0300651
104144	6083	0.0300651
104144	1722	0.030065099
104144	4369	0.030065097
104144	4900	0.030065097
104144	6391	0.030065097
104144	79	0.030065093
104144	105	0.030065093
104144	1143	0.030065093
104144	3564	0.030065093
104211	6083	0.029106444
104211	1722	0.029106442
104211	2528	0.029106442
104211	4369	0.029106438
104211	4900	0.029106438
104211	6391	0.029106438
104211	1143	0.029106436
104211	3564	0.029106436
104211	79	0.029106434
104211	105	0.029106434
104243	6083	0.023094611
104243	1722	0.02309461
104243	2528	0.02309461
104243	4369	0.023094608
104243	4900	0.023094608
104243	6391	0.023094608
104243	79	0.023094606
104243	105	0.023094606
104243	1143	0.023094606
104243	3564	0.023094606
104268	1722	0.027965434
104268	2528	0.027965434
104268	6083	0.027965434
104268	3564	0.02796543
104268	4369	0.02796543
104268	4900	0.02796543
104268	6391	0.02796543
104268	79	0.027965426
104268	105	0.027965426
104268	1143	0.027965426
104278	6083	0.032207455
104278	1722	0.03220745
104278	2528	0.03220745
104278	4369	0.032207448
104278	4900	0.032207448
104278	6391	0.032207448
104278	79	0.032207444
104278	105	0.032207444
104278	1143	0.032207444
104278	3088	0.032207444
104311	2528	0.02311968
104311	6083	0.02311968
104311	1722	0.023119677
104311	4369	0.023119677
104311	4900	0.023119677
104311	6391	0.023119677
104311	1143	0.023119675
104311	79	0.023119673
104311	105	0.023119673
104311	1557	0.023119673
104334	6083	0.03147053
104334	1722	0.031470522
104334	2528	0.031470522
104334	4369	0.031470522
104334	4900	0.031470522
104334	6391	0.031470522
104334	105	0.03147052
104334	1143	0.03147052
104334	3564	0.03147052
104334	3917	0.03147052
104362	6083	0.023371056
104362	1722	0.023371052
104362	2528	0.023371052
104362	4900	0.023371052
104362	6391	0.023371052
104362	4369	0.02337105
104362	79	0.023371048
104362	105	0.023371048
104362	1143	0.023371048
104362	3088	0.023371048
104399	6083	0.030182939
104399	1722	0.030182935
104399	2528	0.030182935
104399	6391	0.030182933
104399	79	0.030182932
104399	3564	0.030182932
104399	4369	0.030182932
104399	4900	0.030182932
104399	1143	0.03018293
104399	105	0.030182928
104413	6083	0.03187537
104413	1722	0.031875364
104413	2528	0.031875364
104413	4369	0.031875364
104413	4900	0.031875364
104413	6391	0.031875364
104413	79	0.03187536
104413	1143	0.03187536
104413	3564	0.03187536
104413	105	0.031875357
104429	6083	0.030244406
104429	1722	0.030244403
104429	2528	0.030244403
104429	6391	0.0302444
104429	1143	0.030244399
104429	3564	0.030244399
104429	4369	0.030244399
104429	4900	0.030244399
104429	79	0.030244395
104429	105	0.030244395
104437	1722	0.028739106
104437	2528	0.028739106
104437	6083	0.028739106
104437	6391	0.028739104
104437	3564	0.028739102
104437	4369	0.028739102
104437	4900	0.028739102
104437	1143	0.0287391
104437	79	0.028739098
104437	105	0.028739098
104447	2528	0.025124911
104447	6083	0.025124911
104447	1722	0.02512491
104447	4900	0.02512491
104447	79	0.025124907
104447	105	0.025124907
104447	1143	0.025124907
104447	3564	0.025124907
104447	4369	0.025124907
104447	6391	0.025124907
104505	6083	0.032647707
104505	2528	0.032647703
104505	79	0.0326477
104505	1722	0.0326477
104505	3564	0.0326477
104505	4369	0.0326477
104505	4900	0.0326477
104505	6391	0.0326477
104505	105	0.032647695
104505	1143	0.032647695
104550	6083	0.023500808
104550	2528	0.023500806
104550	1722	0.023500804
104550	4900	0.023500804
104550	6391	0.023500804
104550	4369	0.023500802
104550	79	0.0235008
104550	105	0.0235008
104550	1143	0.0235008
104550	3564	0.0235008
104569	2528	0.023622554
104569	6083	0.023622554
104569	1722	0.023622552
104569	4369	0.02362255
104569	4900	0.02362255
104569	6391	0.02362255
104569	3564	0.023622548
104569	79	0.023622546
104569	105	0.023622546
104569	1143	0.023622546
104604	2528	0.029329713
104604	6083	0.029329713
104604	1722	0.029329712
104604	4369	0.02932971
104604	4900	0.02932971
104604	6391	0.02932971
104604	79	0.029329706
104604	105	0.029329706
104604	1143	0.029329706
104604	3088	0.029329706
104657	6083	0.029410463
104657	1722	0.029410461
104657	2528	0.029410461
104657	4369	0.02941046
104657	4900	0.02941046
104657	6391	0.02941046
104657	79	0.029410455
104657	1143	0.029410455
104657	3564	0.029410455
104657	105	0.029410454
104665	1722	0.030309226
104665	6083	0.030309226
104665	2528	0.030309225
104665	4900	0.030309223
104665	6391	0.030309223
104665	4369	0.03030922
104665	79	0.030309219
104665	105	0.030309219
104665	1143	0.030309219
104665	3564	0.030309219
104705	6083	0.030043859
104705	1722	0.030043857
104705	2528	0.030043857
104705	4900	0.030043855
104705	6391	0.030043855
104705	3564	0.030043853
104705	4369	0.030043853
104705	79	0.030043852
104705	1143	0.030043852
104705	105	0.03004385
104759	6083	0.026529755
104759	2528	0.026529754
104759	1722	0.026529752
104759	6391	0.026529752
104759	4369	0.02652975
104759	4900	0.02652975
104759	105	0.026529748
104759	1143	0.026529748
104759	3564	0.026529748
104759	79	0.026529746
104796	6083	0.030493667
104796	1722	0.030493665
104796	2528	0.030493665
104796	6391	0.030493664
104796	4369	0.030493662
104796	4900	0.030493662
104796	1143	0.03049366
104796	3564	0.03049366
104796	79	0.030493658
104796	105	0.030493658
104812	1722	0.027232744
104812	2528	0.027232744
104812	6083	0.027232744
104812	4369	0.02723274
104812	4900	0.02723274
104812	6391	0.02723274
104812	1143	0.027232738
104812	79	0.027232736
104812	105	0.027232736
104812	1557	0.027232736
104880	2528	0.0262898
104880	6083	0.0262898
104880	1722	0.026289798
104880	6391	0.026289796
104880	1143	0.026289795
104880	3564	0.026289795
104880	4369	0.026289795
104880	4900	0.026289795
104880	79	0.026289793
104880	105	0.026289793
104883	6083	0.020943347
104883	1722	0.020943346
104883	2528	0.020943346
104883	6391	0.020943346
104883	4369	0.020943344
104883	4900	0.020943344
104883	79	0.020943342
104883	105	0.020943342
104883	1143	0.020943342
104883	3564	0.020943342
104925	6083	0.038104285
104925	1722	0.03810428
104925	2528	0.03810428
104925	4900	0.03810428
104925	6391	0.03810428
104925	4369	0.038104277
104925	79	0.038104273
104925	105	0.038104273
104925	1143	0.038104273
104925	1557	0.038104273
105028	6083	0.03168151
105028	1722	0.031681508
105028	2528	0.031681508
105028	4900	0.031681508
105028	6391	0.031681508
105028	105	0.031681504
105028	4369	0.031681504
105028	79	0.0316815
105028	1143	0.0316815
105028	1557	0.0316815
105054	1722	0.040512778
105054	2528	0.040512778
105054	4900	0.040512778
105054	6083	0.040512778
105054	6391	0.040512778
105054	4369	0.040512774
105054	79	0.04051277
105054	105	0.04051277
105054	1143	0.04051277
105054	3564	0.04051277
105058	6083	0.02939501
105058	2528	0.029395008
105058	1722	0.029395007
105058	6391	0.029395007
105058	4369	0.029395005
105058	4900	0.029395005
105058	79	0.029395003
105058	1143	0.029395003
105058	3564	0.029395003
105058	105	0.029395001
105101	1722	0.03284277
105101	2528	0.03284277
105101	6083	0.03284277
105101	4369	0.032842766
105101	4900	0.032842766
105101	6391	0.032842766
105101	79	0.032842763
105101	105	0.032842763
105101	1143	0.032842763
105101	1557	0.032842763
105108	6083	0.038908996
105108	2528	0.038908992
105108	1722	0.03890899
105108	3564	0.03890899
105108	4369	0.03890899
105108	4900	0.03890899
105108	6391	0.03890899
105108	79	0.038908985
105108	105	0.038908985
105108	1143	0.038908985
105115	6083	0.0271333
105115	2528	0.027133299
105115	1722	0.027133297
105115	4900	0.027133295
105115	6391	0.027133295
105115	79	0.027133293
105115	1143	0.027133293
105115	3564	0.027133293
105115	4369	0.027133293
105115	105	0.027133292
105214	1722	0.035847344
105214	2528	0.035847344
105214	4900	0.035847344
105214	6083	0.035847344
105214	4369	0.03584734
105214	6391	0.03584734
105214	79	0.035847336
105214	105	0.035847336
105214	804	0.035847336
105214	1143	0.035847336
105221	2528	0.038783222
105221	6083	0.038783222
105221	6391	0.038783222
105221	1722	0.03878322
105221	79	0.038783215
105221	105	0.038783215
105221	3564	0.038783215
105221	4369	0.038783215
105221	4900	0.038783215
105221	1143	0.03878321
105317	2528	0.023059016
105317	6083	0.023059016
105317	1722	0.023059014
105317	4900	0.023059014
105317	6391	0.023059014
105317	79	0.02305901
105317	105	0.02305901
105317	1143	0.02305901
105317	3564	0.02305901
105317	4369	0.02305901
105335	2528	0.03348998
105335	6083	0.03348998
105335	1722	0.033489976
105335	4900	0.033489976
105335	1143	0.033489972
105335	3564	0.033489972
105335	4369	0.033489972
105335	6391	0.033489972
105335	79	0.03348997
105335	105	0.03348997
105374	2528	0.02882879
105374	6083	0.02882879
105374	1722	0.028828789
105374	6391	0.028828789
105374	4900	0.028828787
105374	1143	0.028828785
105374	3564	0.028828785
105374	4369	0.028828785
105374	79	0.028828783
105374	105	0.028828783
105476	6083	0.024593178
105476	2528	0.024593176
105476	1722	0.024593174
105476	6391	0.024593174
105476	4369	0.024593173
105476	79	0.02459317
105476	105	0.02459317
105476	3564	0.02459317
105476	3088	0.024593169
105476	3917	0.024593169
105536	6083	0.025787832
105536	1722	0.02578783
105536	2528	0.02578783
105536	4900	0.025787828
105536	6391	0.025787828
105536	1143	0.025787827
105536	3564	0.025787827
105536	4369	0.025787827
105536	105	0.025787825
105536	5896	0.025787825
105572	6083	0.027621755
105572	1722	0.027621754
105572	2528	0.027621754
105572	1143	0.02762175
105572	4369	0.02762175
105572	4900	0.02762175
105572	6391	0.02762175
105572	79	0.027621748
105572	3564	0.027621748
105572	105	0.027621746
105576	1722	0.036267154
105576	2528	0.036267154
105576	6083	0.036267154
105576	6391	0.036267154
105576	4369	0.03626715
105576	4900	0.03626715
105576	79	0.036267146
105576	105	0.036267146
105576	804	0.036267146
105576	1143	0.036267146
105627	6083	0.037579328
105627	2528	0.037579324
105627	6391	0.037579324
105627	1143	0.03757932
105627	1722	0.03757932
105627	4369	0.03757932
105627	4900	0.03757932
105627	79	0.037579317
105627	105	0.037579317
105627	3088	0.037579317
105874	1722	0.036489464
105874	2528	0.036489464
105874	6083	0.036489464
105874	4369	0.03648946
105874	6391	0.03648946
105874	79	0.036489457
105874	105	0.036489457
105874	1143	0.036489457
105874	3564	0.036489457
105874	3917	0.036489457
105937	2528	0.039335318
105937	6083	0.039335318
105937	4369	0.039335314
105937	1143	0.03933531
105937	1722	0.03933531
105937	3564	0.03933531
105937	3917	0.03933531
105937	4900	0.03933531
105937	6391	0.03933531
105937	79	0.039335307
105968	1722	0.029356778
105968	2528	0.029356778
105968	6083	0.029356778
105968	4900	0.029356774
105968	6391	0.029356774
105968	1143	0.029356772
105968	3564	0.029356772
105968	4369	0.029356772
105968	79	0.02935677
105968	105	0.02935677
105979	6083	0.037052322
105979	1722	0.03705232
105979	2528	0.03705232
105979	4369	0.03705232
105979	6391	0.03705232
105979	1143	0.037052315
105979	3564	0.037052315
105979	4900	0.037052315
105979	79	0.03705231
105979	105	0.03705231
106007	6083	0.052050244
106007	1722	0.05205024
106007	2528	0.05205024
106007	6391	0.052050237
106007	79	0.052050233
106007	3564	0.052050233
106007	4369	0.052050233
106007	4900	0.052050233
106007	105	0.05205023
106007	1143	0.05205023
106059	1722	0.028440956
106059	2528	0.028440956
106059	6083	0.028440956
106059	6391	0.028440954
106059	4369	0.028440952
106059	4900	0.028440952
106059	1143	0.02844095
106059	3564	0.02844095
106059	79	0.028440949
106059	105	0.028440949
106078	2528	0.038323324
106078	6083	0.038323324
106078	1722	0.03832332
106078	6391	0.03832332
106078	1143	0.038323317
106078	3564	0.038323317
106078	4369	0.038323317
106078	4900	0.038323317
106078	79	0.038323313
106078	105	0.038323313
106114	1722	0.032113418
106114	2528	0.032113418
106114	4369	0.032113418
106114	4900	0.032113418
106114	6083	0.032113418
106114	6391	0.032113418
106114	105	0.032113414
106114	1143	0.032113414
106114	3564	0.032113414
106114	79	0.03211341
106131	1722	0.03214679
106131	2528	0.03214679
106131	6083	0.03214679
106131	4369	0.032146785
106131	4900	0.032146785
106131	6391	0.032146785
106131	79	0.03214678
106131	105	0.03214678
106131	1143	0.03214678
106131	3564	0.03214678
106208	6083	0.025959708
106208	2528	0.025959706
106208	1722	0.025959704
106208	4369	0.025959704
106208	4900	0.025959704
106208	6391	0.025959704
106208	105	0.0259597
106208	1143	0.0259597
106208	3088	0.0259597
106208	3564	0.0259597
106225	2528	0.028627165
106225	6083	0.028627165
106225	1722	0.028627163
106225	4900	0.028627161
106225	6391	0.028627161
106225	1143	0.02862716
106225	3564	0.02862716
106225	4369	0.02862716
106225	79	0.028627157
106225	3917	0.028627157
106280	1722	0.029073298
106280	2528	0.029073298
106280	6083	0.029073298
106280	4900	0.029073294
106280	6391	0.029073294
106280	4369	0.029073292
106280	79	0.02907329
106280	105	0.02907329
106280	1143	0.02907329
106280	3564	0.02907329
106282	2528	0.03711658
106282	6083	0.03711658
106282	1722	0.037116576
106282	1143	0.037116572
106282	3564	0.037116572
106282	4369	0.037116572
106282	4900	0.037116572
106282	6391	0.037116572
106282	79	0.03711657
106282	3088	0.03711657
106294	1722	0.028980669
106294	2528	0.028980669
106294	6083	0.028980669
106294	4369	0.028980665
106294	4900	0.028980665
106294	6391	0.028980665
106294	1143	0.028980663
106294	3564	0.028980663
106294	79	0.028980661
106294	105	0.028980661
106302	1722	0.03245189
106302	2528	0.03245189
106302	6083	0.03245189
106302	4900	0.032451887
106302	79	0.032451883
106302	105	0.032451883
106302	1143	0.032451883
106302	3564	0.032451883
106302	3917	0.032451883
106302	4369	0.032451883
106331	1722	0.020767242
106331	2528	0.020767242
106331	6083	0.020767242
106331	6391	0.02076724
106331	105	0.020767238
106331	1143	0.020767238
106331	3564	0.020767238
106331	4369	0.020767238
106331	4900	0.020767238
106331	79	0.020767236
106369	6083	0.034011673
106369	1722	0.03401167
106369	2528	0.03401167
106369	6391	0.03401167
106369	4900	0.034011666
106369	105	0.034011662
106369	1143	0.034011662
106369	3564	0.034011662
106369	4369	0.034011662
106369	5896	0.034011662
106388	6083	0.024025112
106388	1722	0.02402511
106388	2528	0.024025109
106388	4369	0.024025109
106388	4900	0.024025109
106388	6391	0.024025109
106388	1143	0.024025107
106388	79	0.024025105
106388	105	0.024025105
106388	3088	0.024025105
106406	2528	0.034021564
106406	6083	0.034021564
106406	1722	0.03402156
106406	105	0.034021556
106406	1143	0.034021556
106406	3564	0.034021556
106406	4369	0.034021556
106406	4900	0.034021556
106406	6391	0.034021556
106406	79	0.034021553
106553	6083	0.028987182
106553	1722	0.02898718
106553	2528	0.02898718
106553	3564	0.028987177
106553	4900	0.028987177
106553	6391	0.028987177
106553	105	0.028987175
106553	1143	0.028987175
106553	4369	0.028987175
106553	79	0.028987173
106768	2528	0.034536418
106768	6083	0.034536418
106768	1722	0.034536414
106768	3564	0.034536414
106768	4369	0.034536414
106768	4900	0.034536414
106768	6391	0.034536414
106768	1143	0.03453641
106768	79	0.034536406
106768	105	0.034536406
106816	2528	0.031083662
106816	6083	0.031083662
106816	1722	0.031083658
106816	4369	0.031083658
106816	4900	0.031083658
106816	6391	0.031083658
106816	3564	0.031083656
106816	79	0.031083655
106816	105	0.031083655
106816	1143	0.031083655
106845	6083	0.031271894
106845	1143	0.03127189
106845	1722	0.03127189
106845	2528	0.03127189
106845	4369	0.03127189
106845	4900	0.03127189
106845	6391	0.03127189
106845	79	0.031271886
106845	105	0.031271886
106845	3564	0.031271886
106846	1722	0.022610094
106846	2528	0.022610094
106846	6083	0.022610094
106846	6391	0.022610093
106846	4369	0.02261009
106846	4900	0.02261009
106846	105	0.022610089
106846	1143	0.022610089
106846	3564	0.022610089
106846	79	0.022610087
106849	1722	0.037485532
106849	2528	0.037485532
106849	6083	0.037485532
106849	4900	0.03748553
106849	6391	0.03748553
106849	79	0.037485525
106849	105	0.037485525
106849	1143	0.037485525
106849	3564	0.037485525
106849	4369	0.037485525
106862	2528	0.029351078
106862	6083	0.029351078
106862	1722	0.029351076
106862	6391	0.029351076
106862	4900	0.029351074
106862	1143	0.029351072
106862	3564	0.029351072
106862	4369	0.029351072
106862	79	0.02935107
106862	105	0.02935107
106893	2528	0.033001307
106893	6083	0.033001307
106893	1722	0.033001304
106893	4369	0.033001304
106893	4900	0.033001304
106893	6391	0.033001304
106893	105	0.0330013
106893	1143	0.0330013
106893	3564	0.0330013
106893	3917	0.0330013
106946	6083	0.033088855
106946	1722	0.03308885
106946	2528	0.03308885
106946	3564	0.033088848
106946	4369	0.033088848
106946	4900	0.033088848
106946	6391	0.033088848
106946	79	0.033088844
106946	105	0.033088844
106946	1143	0.033088844
106950	1722	0.027922045
106950	2528	0.027922045
106950	6083	0.027922045
106950	3564	0.027922042
106950	4369	0.027922042
106950	4900	0.027922042
106950	6391	0.027922042
106950	1143	0.02792204
106950	79	0.027922038
106950	105	0.027922038
107021	6083	0.0322329
107021	1722	0.032232895
107021	2528	0.032232895
107021	4369	0.03223289
107021	4900	0.03223289
107021	6391	0.03223289
107021	79	0.032232888
107021	105	0.032232888
107021	804	0.032232888
107021	1143	0.032232888
107044	1722	0.032899335
107044	2528	0.032899335
107044	4900	0.032899335
107044	6083	0.032899335
107044	6391	0.032899335
107044	79	0.032899328
107044	105	0.032899328
107044	804	0.032899328
107044	1143	0.032899328
107044	3088	0.032899328
107099	2528	0.036212493
107099	6083	0.036212493
107099	1722	0.03621249
107099	3564	0.03621249
107099	4369	0.03621249
107099	4900	0.03621249
107099	6391	0.03621249
107099	105	0.036212485
107099	1143	0.036212485
107099	5896	0.036212485
107109	2528	0.02713542
107109	6083	0.02713542
107109	1722	0.027135419
107109	4900	0.027135417
107109	6391	0.027135417
107109	3564	0.027135415
107109	4369	0.027135415
107109	79	0.027135413
107109	105	0.027135413
107109	1143	0.027135413
107244	2528	0.035162877
107244	6083	0.035162877
107244	1722	0.035162874
107244	4369	0.035162874
107244	4900	0.035162874
107244	6391	0.035162874
107244	79	0.03516287
107244	1143	0.03516287
107244	3564	0.03516287
107244	105	0.035162866
107258	2528	0.031181028
107258	1722	0.031181026
107258	6083	0.031181026
107258	6391	0.031181024
107258	3564	0.031181023
107258	4369	0.031181023
107258	4900	0.031181023
107258	1143	0.03118102
107258	79	0.031181019
107258	105	0.031181019
107288	1722	0.033692412
107288	2528	0.033692412
107288	6083	0.033692412
107288	6391	0.033692412
107288	4369	0.03369241
107288	4900	0.03369241
107288	79	0.033692405
107288	1143	0.033692405
107288	3088	0.033692405
107288	3564	0.033692405
107301	6083	0.034830928
107301	2528	0.034830924
107301	1722	0.03483092
107301	4900	0.03483092
107301	6391	0.03483092
107301	105	0.034830917
107301	1143	0.034830917
107301	3564	0.034830917
107301	3917	0.034830917
107301	4369	0.034830917
107324	1722	0.020759396
107324	2528	0.020759396
107324	6083	0.020759396
107324	6391	0.020759394
107324	79	0.020759393
107324	1143	0.020759393
107324	3564	0.020759393
107324	4369	0.020759393
107324	4900	0.020759393
107324	105	0.02075939
107326	2528	0.0359158
107326	6083	0.0359158
107326	1143	0.035915792
107326	1722	0.035915792
107326	3564	0.035915792
107326	4369	0.035915792
107326	4900	0.035915792
107326	6391	0.035915792
107326	79	0.03591579
107326	105	0.03591579
107453	6083	0.031677216
107453	1722	0.03167721
107453	2528	0.03167721
107453	3564	0.03167721
107453	4369	0.03167721
107453	4900	0.03167721
107453	6391	0.03167721
107453	105	0.031677205
107453	1143	0.031677205
107453	79	0.0316772
107510	6083	0.025358547
107510	1722	0.025358543
107510	2528	0.025358543
107510	4369	0.025358541
107510	4900	0.025358541
107510	6391	0.025358541
107510	79	0.02535854
107510	105	0.02535854
107510	1143	0.02535854
107510	3564	0.02535854
107523	6083	0.025949067
107523	1722	0.025949065
107523	2528	0.025949065
107523	4900	0.025949065
107523	6391	0.025949063
107523	79	0.02594906
107523	1143	0.02594906
107523	3564	0.02594906
107523	4369	0.02594906
107523	105	0.025949059
107865	2528	0.03142941
107865	6083	0.03142941
107865	1722	0.031429406
107865	4369	0.031429406
107865	4900	0.031429406
107865	6391	0.031429406
107865	79	0.031429403
107865	105	0.031429403
107865	1143	0.031429403
107865	3088	0.031429403
107889	2528	0.030641165
107889	6083	0.030641165
107889	1722	0.030641163
107889	6391	0.030641163
107889	4369	0.03064116
107889	4900	0.03064116
107889	3564	0.030641159
107889	79	0.030641157
107889	105	0.030641157
107889	1143	0.030641157
107921	2528	0.021078702
107921	6083	0.0210787
107921	1722	0.021078698
107921	4369	0.021078698
107921	4900	0.021078698
107921	6391	0.021078698
107921	79	0.021078696
107921	1143	0.021078696
107921	3564	0.021078696
107921	105	0.021078695
108005	6083	0.042365734
108005	1722	0.04236573
108005	2528	0.04236573
108005	4369	0.042365726
108005	4900	0.042365726
108005	6391	0.042365726
108005	79	0.042365722
108005	105	0.042365722
108005	1143	0.042365722
108005	1557	0.042365722
108104	1722	0.02773723
108104	2528	0.02773723
108104	6083	0.02773723
108104	4900	0.027737228
108104	6391	0.027737228
108104	3564	0.027737226
108104	4369	0.027737226
108104	105	0.027737224
108104	1143	0.027737224
108104	79	0.027737223
108143	6083	0.026032116
108143	1722	0.026032113
108143	2528	0.026032113
108143	4900	0.026032113
108143	6391	0.026032113
108143	4369	0.02603211
108143	79	0.026032109
108143	105	0.026032109
108143	1143	0.026032109
108143	3564	0.026032109
108155	2528	0.039020434
108155	6083	0.03902043
108155	1722	0.039020427
108155	3564	0.039020427
108155	4369	0.039020427
108155	4900	0.039020427
108155	6391	0.039020427
108155	1143	0.039020423
108155	79	0.03902042
108155	105	0.03902042
108158	6083	0.033579625
108158	1722	0.03357962
108158	2528	0.03357962
108158	4369	0.033579618
108158	4900	0.033579618
108158	6391	0.033579618
108158	105	0.033579614
108158	1143	0.033579614
108158	3564	0.033579614
108158	3917	0.033579614
108197	6083	0.032679223
108197	1722	0.03267922
108197	2528	0.03267922
108197	1143	0.032679215
108197	3564	0.032679215
108197	4369	0.032679215
108197	4900	0.032679215
108197	6391	0.032679215
108197	79	0.03267921
108197	105	0.03267921
108213	2528	0.03171925
108213	6083	0.03171925
108213	1722	0.031719245
108213	4369	0.031719245
108213	4900	0.031719245
108213	6391	0.031719245
108213	79	0.03171924
108213	105	0.03171924
108213	1143	0.03171924
108213	3564	0.03171924
108243	1722	0.033974
108243	2528	0.033974
108243	6083	0.033974
108243	4369	0.033973996
108243	4900	0.033973996
108243	6391	0.033973996
108243	79	0.033973992
108243	105	0.033973992
108243	1143	0.033973992
108243	3088	0.033973992
108261	2528	0.026725791
108261	6083	0.026725791
108261	1722	0.026725788
108261	4900	0.026725788
108261	6391	0.026725788
108261	3564	0.026725786
108261	4369	0.026725786
108261	79	0.026725784
108261	105	0.026725784
108261	1143	0.026725784
108267	2528	0.03306721
108267	6083	0.03306721
108267	1722	0.033067208
108267	6391	0.033067208
108267	79	0.033067204
108267	105	0.033067204
108267	1143	0.033067204
108267	3088	0.033067204
108267	3564	0.033067204
108267	3917	0.033067204
108285	6083	0.03545275
108285	1722	0.035452746
108285	2528	0.035452746
108285	4369	0.035452746
108285	6391	0.035452746
108285	3564	0.035452742
108285	4900	0.035452742
108285	79	0.03545274
108285	105	0.03545274
108285	1143	0.03545274
108336	6083	0.032662258
108336	1722	0.032662254
108336	2528	0.032662254
108336	105	0.03266225
108336	1143	0.03266225
108336	3564	0.03266225
108336	4369	0.03266225
108336	4900	0.03266225
108336	6391	0.03266225
108336	5896	0.032662246
108352	6083	0.028992308
108352	1722	0.028992306
108352	2528	0.028992306
108352	4900	0.028992305
108352	6391	0.028992305
108352	1143	0.028992303
108352	4369	0.028992303
108352	79	0.0289923
108352	105	0.0289923
108352	3564	0.0289923
108392	2528	0.026863314
108392	6083	0.026863314
108392	1722	0.02686331
108392	3564	0.02686331
108392	4369	0.02686331
108392	4900	0.02686331
108392	6391	0.02686331
108392	79	0.026863309
108392	105	0.026863307
108392	804	0.026863307
108405	1722	0.035883784
108405	2528	0.035883784
108405	6083	0.035883784
108405	4900	0.03588378
108405	6391	0.03588378
108405	79	0.035883777
108405	105	0.035883777
108405	804	0.035883777
108405	1143	0.035883777
108405	3564	0.035883777
108480	2528	0.03434267
108480	6083	0.03434267
108480	105	0.03434266
108480	1143	0.03434266
108480	1722	0.03434266
108480	3564	0.03434266
108480	4369	0.03434266
108480	4900	0.03434266
108480	6391	0.03434266
108480	79	0.034342658
108481	2528	0.030476637
108481	6083	0.030476637
108481	1722	0.030476633
108481	4369	0.030476632
108481	4900	0.030476632
108481	6391	0.030476632
108481	79	0.03047663
108481	1143	0.03047663
108481	3564	0.03047663
108481	105	0.030476628
108485	2528	0.027435407
108485	6083	0.027435407
108485	1722	0.027435405
108485	6391	0.027435405
108485	4369	0.027435403
108485	4900	0.027435403
108485	79	0.027435401
108485	3564	0.027435401
108485	105	0.0274354
108485	1143	0.0274354
108535	6083	0.031591143
108535	1722	0.03159114
108535	2528	0.03159114
108535	4369	0.03159114
108535	6391	0.03159114
108535	4900	0.031591136
108535	79	0.031591132
108535	105	0.031591132
108535	804	0.031591132
108535	1143	0.031591132
108563	1722	0.034083508
108563	2528	0.034083508
108563	6083	0.034083508
108563	4900	0.034083504
108563	6391	0.034083504
108563	79	0.0340835
108563	105	0.0340835
108563	1143	0.0340835
108563	3088	0.0340835
108563	3564	0.0340835
108622	2528	0.035437398
108622	6083	0.035437398
108622	1722	0.035437394
108622	1143	0.03543739
108622	3564	0.03543739
108622	4369	0.03543739
108622	4900	0.03543739
108622	6391	0.03543739
108622	79	0.035437386
108622	105	0.035437386
108700	1722	0.030511469
108700	2528	0.030511469
108700	6083	0.030511469
108700	4900	0.030511467
108700	4369	0.030511465
108700	6391	0.030511465
108700	3564	0.030511463
108700	79	0.030511461
108700	105	0.030511461
108700	1143	0.030511461
108752	1722	0.025768533
108752	2528	0.025768533
108752	6083	0.025768533
108752	4900	0.025768531
108752	6391	0.025768531
108752	1143	0.02576853
108752	4369	0.02576853
108752	105	0.025768528
108752	3564	0.025768528
108752	79	0.025768526
108753	6083	0.043496605
108753	1722	0.0434966
108753	2528	0.0434966
108753	4900	0.0434966
108753	6391	0.0434966
108753	4369	0.043496598
108753	79	0.043496594
108753	105	0.043496594
108753	1143	0.043496594
108753	3564	0.043496594
108763	6083	0.026024004
108763	1722	0.026024003
108763	2528	0.026024003
108763	4900	0.026024003
108763	4369	0.026024
108763	6391	0.026024
108763	79	0.026023999
108763	1143	0.026023999
108763	3564	0.026023999
108763	105	0.026023997
108773	6083	0.029850427
108773	2528	0.029850425
108773	1722	0.029850423
108773	4900	0.029850423
108773	6391	0.029850423
108773	4369	0.029850421
108773	79	0.02985042
108773	105	0.02985042
108773	1143	0.02985042
108773	3564	0.02985042
108799	6083	0.03727054
108799	1722	0.03727053
108799	2528	0.03727053
108799	4369	0.03727053
108799	4900	0.03727053
108799	6391	0.03727053
108799	3564	0.037270527
108799	79	0.037270524
108799	105	0.037270524
108799	1143	0.037270524
108827	2528	0.023113124
108827	6083	0.023113124
108827	1722	0.023113122
108827	3564	0.02311312
108827	4369	0.02311312
108827	4900	0.02311312
108827	6391	0.02311312
108827	79	0.023113118
108827	1143	0.023113118
108827	3917	0.023113118
108950	6083	0.021956727
108950	1722	0.021956723
108950	2528	0.021956723
108950	4369	0.021956723
108950	4900	0.021956723
108950	6391	0.021956723
108950	105	0.021956721
108950	1143	0.021956721
108950	79	0.02195672
108950	3088	0.02195672
109013	6083	0.021344759
109013	1722	0.021344757
109013	2528	0.021344757
109013	3564	0.021344755
109013	4369	0.021344755
109013	4900	0.021344755
109013	6391	0.021344755
109013	79	0.021344751
109013	105	0.021344751
109013	1143	0.021344751
109014	6083	0.029541587
109014	1722	0.029541586
109014	2528	0.029541586
109014	6391	0.029541584
109014	3564	0.029541582
109014	4369	0.029541582
109014	4900	0.029541582
109014	79	0.029541578
109014	105	0.029541578
109014	1143	0.029541578
109084	2528	0.031557187
109084	6083	0.031557187
109084	1722	0.031557184
109084	6391	0.031557184
109084	79	0.03155718
109084	105	0.03155718
109084	1143	0.03155718
109084	3088	0.03155718
109084	3564	0.03155718
109084	4369	0.03155718
109107	6083	0.03129064
109107	1722	0.031290635
109107	2528	0.031290635
109107	4369	0.031290635
109107	4900	0.031290635
109107	6391	0.031290635
109107	105	0.03129063
109107	1143	0.03129063
109107	3564	0.03129063
109107	79	0.031290628
109122	2528	0.035703238
109122	1143	0.035703234
109122	1722	0.035703234
109122	4369	0.035703234
109122	4900	0.035703234
109122	6083	0.035703234
109122	6391	0.035703234
109122	3564	0.03570323
109122	79	0.035703227
109122	105	0.035703227
109135	1722	0.03362488
109135	2528	0.03362488
109135	4369	0.03362488
109135	6083	0.03362488
109135	6391	0.03362488
109135	1143	0.033624876
109135	3564	0.033624876
109135	4900	0.033624876
109135	79	0.033624873
109135	105	0.033624873
109276	2528	0.030361623
109276	6083	0.030361623
109276	1722	0.03036162
109276	4900	0.030361619
109276	6391	0.030361619
109276	4369	0.030361617
109276	79	0.030361615
109276	1143	0.030361615
109276	3564	0.030361615
109276	105	0.030361613
109287	6083	0.030310756
109287	1722	0.030310754
109287	2528	0.030310754
109287	4900	0.030310752
109287	6391	0.030310752
109287	4369	0.03031075
109287	3564	0.030310748
109287	79	0.030310746
109287	105	0.030310746
109287	1143	0.030310746
109349	6083	0.027596943
109349	2528	0.027596941
109349	1722	0.02759694
109349	4900	0.02759694
109349	6391	0.02759694
109349	4369	0.027596937
109349	79	0.027596936
109349	105	0.027596936
109349	1143	0.027596936
109349	3564	0.027596936
109357	2528	0.03006281
109357	6083	0.03006281
109357	1722	0.030062806
109357	4369	0.030062806
109357	4900	0.030062806
109357	6391	0.030062806
109357	3564	0.030062804
109357	79	0.030062802
109357	105	0.030062802
109357	1143	0.030062802
109388	2528	0.033978157
109388	6083	0.033978157
109388	4900	0.033978153
109388	1143	0.03397815
109388	1722	0.03397815
109388	3564	0.03397815
109388	4369	0.03397815
109388	6391	0.03397815
109388	79	0.033978146
109388	105	0.033978146
109403	2528	0.02680105
109403	6083	0.02680105
109403	1722	0.026801046
109403	4369	0.026801046
109403	4900	0.026801046
109403	6391	0.026801046
109403	105	0.026801042
109403	1143	0.026801042
109403	3564	0.026801042
109403	79	0.02680104
109427	2528	0.03369253
109427	6083	0.03369253
109427	1722	0.033692524
109427	4369	0.033692524
109427	4900	0.033692524
109427	6391	0.033692524
109427	79	0.033692516
109427	105	0.033692516
109427	804	0.033692516
109427	1143	0.033692516
109461	2528	0.032211978
109461	1722	0.032211974
109461	4369	0.032211974
109461	4900	0.032211974
109461	6083	0.032211974
109461	6391	0.032211974
109461	3564	0.03221197
109461	79	0.032211967
109461	105	0.032211967
109461	804	0.032211967
109491	1722	0.032055087
109491	2528	0.032055087
109491	6083	0.032055087
109491	4369	0.032055084
109491	4900	0.032055084
109491	6391	0.032055084
109491	79	0.03205508
109491	105	0.03205508
109491	804	0.03205508
109491	1143	0.03205508
109502	2528	0.028845651
109502	6083	0.028845651
109502	1722	0.02884565
109502	6391	0.02884565
109502	4369	0.028845647
109502	4900	0.028845647
109502	1143	0.028845645
109502	3564	0.028845645
109502	79	0.028845644
109502	3917	0.028845644
109516	2528	0.030733317
109516	6083	0.030733317
109516	1722	0.030733315
109516	4369	0.030733313
109516	4900	0.030733313
109516	6391	0.030733313
109516	79	0.03073331
109516	105	0.03073331
109516	1143	0.03073331
109516	3564	0.03073331
109519	6083	0.029255101
109519	2528	0.0292551
109519	1722	0.029255098
109519	4900	0.029255098
109519	4369	0.029255096
109519	6391	0.029255096
109519	79	0.029255094
109519	1143	0.029255094
109519	3564	0.029255094
109519	105	0.029255092
109562	1722	0.027001258
109562	2528	0.027001258
109562	6083	0.027001258
109562	4900	0.027001256
109562	6391	0.027001256
109562	3564	0.027001254
109562	4369	0.027001254
109562	79	0.027001252
109562	1143	0.027001252
109562	105	0.02700125
109574	1722	0.0383664
109574	2528	0.0383664
109574	4900	0.0383664
109574	6083	0.0383664
109574	6391	0.0383664
109574	1143	0.038366396
109574	4369	0.038366396
109574	79	0.038366392
109574	105	0.038366392
109574	804	0.038366392
109605	6083	0.024965389
109605	1722	0.024965387
109605	2528	0.024965387
109605	4900	0.024965385
109605	6391	0.024965385
109605	1143	0.024965383
109605	3564	0.024965383
109605	4369	0.024965383
109605	79	0.024965381
109605	105	0.02496538
109741	2528	0.026487863
109741	6083	0.026487863
109741	1722	0.02648786
109741	4369	0.02648786
109741	4900	0.02648786
109741	1143	0.026487859
109741	6391	0.026487859
109741	79	0.026487857
109741	105	0.026487857
109741	3564	0.026487857
109779	2528	0.04503476
109779	1722	0.045034755
109779	6083	0.045034755
109779	4369	0.04503475
109779	4900	0.04503475
109779	6391	0.04503475
109779	3564	0.045034748
109779	79	0.045034744
109779	105	0.045034744
109779	804	0.045034744
109783	2528	0.029449858
109783	6083	0.029449856
109783	1722	0.029449854
109783	4900	0.029449854
109783	6391	0.029449854
109783	1143	0.02944985
109783	3564	0.02944985
109783	4369	0.02944985
109783	105	0.029449848
109783	79	0.029449847
109864	1722	0.024293918
109864	2528	0.024293918
109864	6083	0.024293918
109864	6391	0.024293918
109864	4900	0.024293916
109864	79	0.024293914
109864	105	0.024293914
109864	1143	0.024293914
109864	3564	0.024293914
109864	3917	0.024293914
109899	6083	0.03441029
109899	2528	0.034410287
109899	1143	0.034410283
109899	1722	0.034410283
109899	4369	0.034410283
109899	4900	0.034410283
109899	6391	0.034410283
109899	79	0.03441028
109899	3564	0.03441028
109899	105	0.034410276
109901	2528	0.035568774
109901	1722	0.03556877
109901	6083	0.03556877
109901	3564	0.035568766
109901	4369	0.035568766
109901	4900	0.035568766
109901	6391	0.035568766
109901	79	0.035568763
109901	105	0.035568763
109901	804	0.03556876
109955	1722	0.034934588
109955	2528	0.034934588
109955	6083	0.034934588
109955	3564	0.034934584
109955	4900	0.034934584
109955	6391	0.034934584
109955	79	0.03493458
109955	105	0.03493458
109955	1143	0.03493458
109955	1557	0.03493458
110029	6083	0.03622343
110029	1722	0.036223426
110029	2528	0.036223426
110029	4369	0.036223426
110029	4900	0.036223426
110029	6391	0.036223426
110029	79	0.036223423
110029	3564	0.036223423
110029	105	0.03622342
110029	804	0.03622342
110040	6083	0.021342982
110040	2528	0.02134298
110040	1722	0.021342978
110040	4369	0.021342978
110040	4900	0.021342978
110040	6391	0.021342978
110040	79	0.021342976
110040	1143	0.021342976
110040	3564	0.021342976
110040	105	0.021342974
110076	2528	0.022669647
110076	6083	0.022669647
110076	1722	0.022669645
110076	4369	0.022669643
110076	4900	0.022669643
110076	6391	0.022669643
110076	3564	0.022669641
110076	79	0.02266964
110076	105	0.02266964
110076	1143	0.02266964
110110	2528	0.026284434
110110	6083	0.026284434
110110	1722	0.026284432
110110	4900	0.02628443
110110	6391	0.02628443
110110	4369	0.026284428
110110	79	0.026284426
110110	105	0.026284426
110110	1143	0.026284426
110110	3088	0.026284426
110112	6083	0.034202043
110112	1722	0.03420204
110112	2528	0.03420204
110112	4369	0.034202036
110112	4900	0.034202036
110112	6391	0.034202036
110112	79	0.03420203
110112	105	0.03420203
110112	804	0.03420203
110112	1143	0.03420203
110160	1722	0.038041398
110160	2528	0.038041398
110160	6083	0.038041398
110160	4900	0.038041394
110160	6391	0.038041394
110160	1143	0.03804139
110160	4369	0.03804139
110160	79	0.038041387
110160	105	0.038041387
110160	3088	0.038041387
110165	2528	0.025236676
110165	6083	0.025236676
110165	1722	0.025236674
110165	4900	0.025236672
110165	6391	0.025236672
110165	1143	0.02523667
110165	3564	0.02523667
110165	4369	0.02523667
110165	79	0.025236668
110165	105	0.025236668
110208	6083	0.039763056
110208	2528	0.039763052
110208	1722	0.03976305
110208	4369	0.03976305
110208	6391	0.03976305
110208	4900	0.039763045
110208	79	0.03976304
110208	105	0.03976304
110208	1143	0.03976304
110208	1557	0.03976304
110214	2528	0.029310055
110214	6083	0.029310055
110214	1722	0.029310053
110214	4369	0.029310051
110214	4900	0.029310051
110214	6391	0.029310051
110214	79	0.029310048
110214	105	0.029310048
110214	1143	0.029310048
110214	3564	0.029310048
110308	6083	0.031105805
110308	1722	0.031105801
110308	2528	0.031105801
110308	4900	0.031105801
110308	6391	0.031105801
110308	3564	0.031105798
110308	4369	0.031105798
110308	79	0.031105796
110308	1143	0.031105796
110308	105	0.031105794
110317	2528	0.03992178
110317	6083	0.03992178
110317	1722	0.039921775
110317	4900	0.039921775
110317	4369	0.03992177
110317	6391	0.03992177
110317	79	0.039921768
110317	105	0.039921768
110317	1143	0.039921768
110317	3564	0.039921768
110361	2528	0.03237568
110361	6083	0.03237568
110361	1143	0.03237567
110361	1722	0.03237567
110361	3564	0.03237567
110361	4369	0.03237567
110361	4900	0.03237567
110361	6391	0.03237567
110361	79	0.032375667
110361	105	0.032375664
110373	6083	0.04179191
110373	2528	0.041791905
110373	1722	0.0417919
110373	4369	0.0417919
110373	4900	0.0417919
110373	6391	0.0417919
110373	1143	0.041791897
110373	3564	0.041791897
110373	79	0.041791894
110373	105	0.041791894
110382	6083	0.026349317
110382	2528	0.026349315
110382	1722	0.026349314
110382	6391	0.026349314
110382	4900	0.026349312
110382	79	0.02634931
110382	105	0.02634931
110382	1143	0.02634931
110382	3564	0.02634931
110382	4369	0.02634931
110440	6083	0.034297615
110440	1722	0.03429761
110440	2528	0.03429761
110440	4369	0.034297608
110440	4900	0.034297608
110440	6391	0.034297608
110440	79	0.034297604
110440	1143	0.034297604
110440	3564	0.034297604
110440	105	0.0342976
110483	6083	0.038842846
110483	1722	0.038842842
110483	2528	0.038842842
110483	3564	0.03884284
110483	4369	0.03884284
110483	4900	0.03884284
110483	6391	0.03884284
110483	79	0.038842835
110483	105	0.038842835
110483	1143	0.038842835
110493	6083	0.029738655
110493	2528	0.029738653
110493	1722	0.029738652
110493	6391	0.029738652
110493	4369	0.02973865
110493	4900	0.02973865
110493	79	0.029738648
110493	3564	0.029738648
110493	105	0.029738646
110493	1143	0.029738646
110558	6083	0.02948572
110558	1722	0.029485717
110558	2528	0.029485717
110558	6391	0.029485716
110558	1143	0.029485714
110558	3564	0.029485714
110558	4369	0.029485714
110558	4900	0.029485714
110558	79	0.029485712
110558	5896	0.029485712
110609	1722	0.02635935
110609	2528	0.02635935
110609	6083	0.02635935
110609	3564	0.026359346
110609	4369	0.026359346
110609	4900	0.026359346
110609	6391	0.026359346
110609	79	0.026359344
110609	105	0.026359344
110609	1143	0.026359344
110700	1722	0.027813796
110700	2528	0.027813796
110700	6083	0.027813796
110700	6391	0.027813794
110700	4369	0.027813792
110700	4900	0.027813792
110700	79	0.02781379
110700	3564	0.02781379
110700	105	0.027813789
110700	1143	0.027813789
110746	2528	0.027292233
110746	6083	0.027292233
110746	1722	0.027292231
110746	4369	0.02729223
110746	4900	0.02729223
110746	6391	0.02729223
110746	3564	0.027292227
110746	79	0.027292226
110746	105	0.027292226
110746	1143	0.027292226
110887	1722	0.034147955
110887	2528	0.034147955
110887	6083	0.034147955
110887	6391	0.034147955
110887	4369	0.03414795
110887	4900	0.03414795
110887	79	0.034147948
110887	105	0.034147948
110887	804	0.034147948
110887	1143	0.034147948
110912	2528	0.047170125
110912	6083	0.047170125
110912	1722	0.04717012
110912	4900	0.04717012
110912	79	0.047170117
110912	105	0.047170117
110912	3564	0.047170117
110912	4369	0.047170117
110912	6391	0.047170117
110912	1143	0.047170114
111133	6083	0.029027225
111133	1722	0.029027224
111133	2528	0.029027224
111133	6391	0.029027222
111133	3564	0.02902722
111133	4369	0.02902722
111133	4900	0.02902722
111133	79	0.029027218
111133	105	0.029027216
111133	1143	0.029027216
111166	6083	0.021562533
111166	1722	0.021562532
111166	2528	0.021562532
111166	6391	0.021562532
111166	4369	0.02156253
111166	4900	0.02156253
111166	79	0.021562528
111166	105	0.021562528
111166	1143	0.021562528
111166	3088	0.021562528
111174	2528	0.040348977
111174	6083	0.040348977
111174	1722	0.04034897
111174	4900	0.04034897
111174	6391	0.04034897
111174	79	0.040348966
111174	1143	0.040348966
111174	3564	0.040348966
111174	4369	0.040348966
111174	105	0.040348962
111190	2528	0.033450805
111190	6083	0.033450805
111190	1722	0.0334508
111190	4900	0.0334508
111190	6391	0.0334508
111190	79	0.033450797
111190	105	0.033450797
111190	1143	0.033450797
111190	3564	0.033450797
111190	3978	0.033450797
111241	1722	0.031307973
111241	2528	0.031307973
111241	6083	0.031307973
111241	6391	0.031307973
111241	4369	0.03130797
111241	4900	0.03130797
111241	79	0.031307966
111241	105	0.031307966
111241	1143	0.031307966
111241	3088	0.031307966
111261	6083	0.026744954
111261	1722	0.02674495
111261	2528	0.02674495
111261	4900	0.02674495
111261	6391	0.026744949
111261	79	0.026744947
111261	1143	0.026744947
111261	3564	0.026744947
111261	4369	0.026744947
111261	105	0.026744945
111286	1722	0.029754046
111286	2528	0.029754046
111286	6083	0.029754046
111286	4900	0.029754044
111286	4369	0.029754043
111286	6391	0.029754043
111286	79	0.02975404
111286	1143	0.02975404
111286	3564	0.02975404
111286	105	0.029754039
111390	6083	0.031228673
111390	2528	0.03122867
111390	4900	0.031228669
111390	1722	0.031228667
111390	3564	0.031228665
111390	4369	0.031228665
111390	6391	0.031228665
111390	79	0.031228663
111390	105	0.031228663
111390	1143	0.031228662
111438	6083	0.02562844
111438	1722	0.025628438
111438	2528	0.025628438
111438	4369	0.025628436
111438	4900	0.025628436
111438	6391	0.025628436
111438	105	0.025628434
111438	1143	0.025628434
111438	3564	0.025628434
111438	79	0.025628433
111536	2528	0.027752101
111536	6083	0.027752101
111536	1722	0.027752098
111536	4900	0.027752098
111536	6391	0.027752098
111536	4369	0.027752096
111536	105	0.027752094
111536	1143	0.027752094
111536	3564	0.027752094
111536	79	0.027752092
111578	1722	0.03622446
111578	6083	0.03622446
111578	1143	0.036224455
111578	2528	0.036224455
111578	3564	0.036224455
111578	4369	0.036224455
111578	4900	0.036224455
111578	6391	0.036224455
111578	79	0.03622445
111578	3088	0.03622445
111634	2528	0.021815136
111634	6083	0.021815136
111634	1722	0.021815134
111634	3564	0.021815132
111634	4369	0.021815132
111634	4900	0.021815132
111634	6391	0.021815132
111634	105	0.02181513
111634	1143	0.02181513
111634	79	0.021815129
111637	2528	0.031583298
111637	1722	0.031583294
111637	4900	0.031583294
111637	6083	0.031583294
111637	6391	0.031583294
111637	79	0.03158329
111637	1143	0.03158329
111637	3564	0.03158329
111637	4369	0.03158329
111637	105	0.031583287
111733	2528	0.030572876
111733	6083	0.030572876
111733	1722	0.030572874
111733	4900	0.030572874
111733	4369	0.030572873
111733	6391	0.030572873
111733	79	0.030572869
111733	105	0.030572869
111733	1143	0.030572869
111733	3088	0.030572869
111816	6083	0.03173894
111816	1722	0.031738937
111816	2528	0.031738937
111816	4900	0.031738937
111816	3564	0.031738933
111816	4369	0.031738933
111816	6391	0.031738933
111816	79	0.03173893
111816	105	0.03173893
111816	1143	0.03173893
111847	2528	0.041613176
111847	6083	0.041613176
111847	1722	0.04161317
111847	4369	0.04161317
111847	4900	0.04161317
111847	6391	0.04161317
111847	1143	0.041613165
111847	3564	0.041613165
111847	79	0.04161316
111847	105	0.04161316
111888	6083	0.040690184
111888	1722	0.04069018
111888	2528	0.040690176
111888	4369	0.040690176
111888	4900	0.040690176
111888	6391	0.040690176
111888	105	0.040690172
111888	3564	0.040690172
111888	79	0.04069017
111888	804	0.04069017
111924	6083	0.02743634
111924	1722	0.027436338
111924	2528	0.027436338
111924	3564	0.027436335
111924	4369	0.027436335
111924	4900	0.027436335
111924	6391	0.027436335
111924	1143	0.027436333
111924	79	0.02743633
111924	105	0.02743633
111938	6083	0.024726737
111938	2528	0.024726735
111938	1722	0.024726734
111938	4369	0.024726734
111938	4900	0.024726734
111938	6391	0.024726734
111938	79	0.02472673
111938	105	0.02472673
111938	1143	0.02472673
111938	3088	0.02472673
111944	1722	0.04161469
111944	2528	0.04161469
111944	6083	0.04161469
111944	4900	0.041614685
111944	6391	0.041614685
111944	79	0.04161468
111944	1143	0.04161468
111944	3564	0.04161468
111944	4369	0.04161468
111944	105	0.041614678
111947	2528	0.043852277
111947	6083	0.043852273
111947	1722	0.04385227
111947	4369	0.04385227
111947	4900	0.04385227
111947	6391	0.04385227
111947	3564	0.043852266
111947	79	0.043852262
111947	105	0.043852262
111947	1143	0.043852262
112026	2528	0.03272877
112026	6083	0.03272877
112026	1722	0.032728765
112026	4369	0.032728765
112026	4900	0.032728765
112026	6391	0.032728765
112026	79	0.03272876
112026	105	0.03272876
112026	1143	0.03272876
112026	3088	0.03272876
112083	2528	0.03262379
112083	6083	0.03262379
112083	1722	0.032623786
112083	79	0.032623783
112083	105	0.032623783
112083	1143	0.032623783
112083	3564	0.032623783
112083	3917	0.032623783
112083	4369	0.032623783
112083	4900	0.032623783
112088	6083	0.030161167
112088	1722	0.030161165
112088	2528	0.030161165
112088	6391	0.030161163
112088	4369	0.030161161
112088	4900	0.030161161
112088	3564	0.03016116
112088	79	0.030161157
112088	105	0.030161157
112088	1143	0.030161157
112093	6083	0.03388705
112093	1722	0.033887047
112093	2528	0.033887047
112093	1143	0.033887044
112093	3564	0.033887044
112093	4369	0.033887044
112093	4900	0.033887044
112093	5896	0.033887044
112093	6391	0.033887044
112093	79	0.03388704
112109	1722	0.025859907
112109	2528	0.025859907
112109	6083	0.025859907
112109	4900	0.025859905
112109	6391	0.025859905
112109	3564	0.025859904
112109	4369	0.025859904
112109	79	0.025859902
112109	1143	0.025859902
112109	105	0.0258599
112148	6083	0.03630791
112148	1722	0.0363079
112148	2528	0.0363079
112148	4369	0.0363079
112148	4900	0.0363079
112148	6391	0.0363079
112148	1143	0.036307897
112148	79	0.036307894
112148	105	0.036307894
112148	804	0.036307894
112173	6083	0.032434102
112173	1722	0.0324341
112173	2528	0.0324341
112173	3564	0.032434095
112173	4369	0.032434095
112173	4900	0.032434095
112173	6391	0.032434095
112173	79	0.03243409
112173	105	0.03243409
112173	1143	0.03243409
112199	2528	0.038007088
112199	6083	0.038007088
112199	1722	0.038007084
112199	6391	0.038007084
112199	3564	0.03800708
112199	4369	0.03800708
112199	4900	0.03800708
112199	79	0.038007077
112199	105	0.038007077
112199	1143	0.038007077
112240	6083	0.028578008
112240	1722	0.028578006
112240	2528	0.028578006
112240	4369	0.028578004
112240	6391	0.028578004
112240	3564	0.028578002
112240	4900	0.028578002
112240	1143	0.028578
112240	79	0.028577998
112240	105	0.028577998
112298	6083	0.026689697
112298	1722	0.026689693
112298	2528	0.026689693
112298	4900	0.026689693
112298	6391	0.026689693
112298	4369	0.026689691
112298	79	0.02668969
112298	105	0.02668969
112298	1143	0.02668969
112298	3564	0.02668969
112401	1722	0.03613023
112401	2528	0.03613023
112401	4900	0.03613023
112401	6083	0.03613023
112401	1143	0.036130227
112401	3564	0.036130227
112401	4369	0.036130227
112401	6391	0.036130227
112401	79	0.036130223
112401	3917	0.036130223
112402	2528	0.036554933
112402	6083	0.036554933
112402	1722	0.03655493
112402	6391	0.03655493
112402	105	0.036554925
112402	1143	0.036554925
112402	3564	0.036554925
112402	4369	0.036554925
112402	4900	0.036554925
112402	79	0.03655492
112408	6083	0.039664995
112408	1722	0.03966499
112408	2528	0.03966499
112408	6391	0.03966499
112408	4369	0.039664987
112408	79	0.039664984
112408	1143	0.039664984
112408	4900	0.039664984
112408	105	0.03966498
112408	1557	0.03966498
112507	2528	0.03630683
112507	6083	0.03630683
112507	1722	0.036306825
112507	79	0.03630682
112507	1143	0.03630682
112507	4369	0.03630682
112507	4900	0.03630682
112507	6391	0.03630682
112507	3564	0.036306817
112507	5896	0.036306817
112512	2528	0.03439397
112512	6083	0.03439397
112512	1143	0.034393966
112512	1722	0.034393966
112512	4369	0.034393966
112512	4900	0.034393966
112512	6391	0.034393966
112512	3564	0.034393962
112512	79	0.03439396
112512	105	0.03439396
112541	2528	0.03105005
112541	6083	0.03105005
112541	1722	0.031050049
112541	6391	0.031050049
112541	1143	0.031050045
112541	3564	0.031050045
112541	4369	0.031050045
112541	4900	0.031050045
112541	79	0.031050043
112541	105	0.031050041
112559	6083	0.028487992
112559	1722	0.028487988
112559	2528	0.028487988
112559	4369	0.028487986
112559	6391	0.028487986
112559	1143	0.028487984
112559	3564	0.028487984
112559	4900	0.028487984
112559	105	0.028487982
112559	79	0.02848798
112590	6083	0.033367645
112590	1722	0.03336764
112590	2528	0.03336764
112590	6391	0.03336764
112590	1143	0.033367638
112590	3564	0.033367638
112590	4900	0.033367638
112590	79	0.033367634
112590	105	0.033367634
112590	3088	0.033367634
112598	1722	0.023568261
112598	2528	0.023568261
112598	6083	0.023568261
112598	1143	0.023568258
112598	4369	0.023568258
112598	4900	0.023568258
112598	6391	0.023568258
112598	79	0.023568256
112598	105	0.023568256
112598	3564	0.023568256
112672	2528	0.027338188
112672	6083	0.027338188
112672	1722	0.027338186
112672	4369	0.027338184
112672	4900	0.027338184
112672	6391	0.027338184
112672	79	0.027338183
112672	105	0.02733818
112672	1143	0.02733818
112672	3088	0.02733818
112761	6083	0.026273157
112761	1722	0.026273154
112761	2528	0.026273154
112761	4369	0.026273154
112761	4900	0.026273154
112761	6391	0.026273152
112761	105	0.02627315
112761	1143	0.02627315
112761	3564	0.02627315
112761	79	0.026273148
112765	2528	0.02878378
112765	6083	0.02878378
112765	1722	0.028783778
112765	6391	0.028783776
112765	4369	0.028783774
112765	4900	0.028783774
112765	79	0.028783772
112765	105	0.028783772
112765	1143	0.028783772
112765	3564	0.028783772
112818	6083	0.026694806
112818	1722	0.026694804
112818	2528	0.026694804
112818	4369	0.026694804
112818	4900	0.026694804
112818	6391	0.026694804
112818	79	0.0266948
112818	105	0.0266948
112818	1143	0.0266948
112818	3564	0.0266948
112845	2528	0.03422475
112845	6083	0.03422475
112845	1722	0.03422474
112845	4369	0.03422474
112845	4900	0.03422474
112845	6391	0.03422474
112845	79	0.034224737
112845	1143	0.034224737
112845	3564	0.034224737
112845	105	0.034224734
112881	6083	0.024007412
112881	1722	0.02400741
112881	2528	0.02400741
112881	4900	0.02400741
112881	6391	0.024007408
112881	79	0.024007406
112881	105	0.024007406
112881	1143	0.024007406
112881	3564	0.024007406
112881	3917	0.024007406
112914	6083	0.02626633
112914	1722	0.026266329
112914	2528	0.026266329
112914	6391	0.026266329
112914	4369	0.026266327
112914	4900	0.026266327
112914	1143	0.026266325
112914	3564	0.026266325
112914	79	0.026266323
112914	105	0.026266323
112953	1722	0.041419867
112953	2528	0.041419867
112953	6083	0.041419867
112953	4369	0.041419864
112953	4900	0.041419864
112953	6391	0.041419864
112953	105	0.04141986
112953	3564	0.04141986
112953	79	0.041419856
112953	804	0.041419856
112979	6083	0.028138444
112979	1722	0.02813844
112979	2528	0.02813844
112979	4900	0.02813844
112979	6391	0.02813844
112979	4369	0.028138438
112979	1143	0.028138436
112979	3564	0.028138436
112979	105	0.028138435
112979	79	0.028138433
113030	2528	0.036748126
113030	6083	0.036748126
113030	6391	0.036748122
113030	79	0.03674812
113030	1143	0.03674812
113030	1722	0.03674812
113030	3564	0.03674812
113030	4369	0.03674812
113030	4900	0.03674812
113030	105	0.036748115
113259	2528	0.023626793
113259	6083	0.023626793
113259	1722	0.023626791
113259	3564	0.02362679
113259	4369	0.02362679
113259	4900	0.02362679
113259	6391	0.02362679
113259	79	0.023626788
113259	105	0.023626788
113259	1143	0.023626788
113270	1722	0.032818034
113270	2528	0.032818034
113270	4900	0.032818034
113270	6083	0.032818034
113270	6391	0.032818034
113270	4369	0.03281803
113270	79	0.032818027
113270	105	0.032818027
113270	804	0.032818027
113270	1143	0.032818027
113279	1722	0.025088701
113279	2528	0.025088701
113279	6083	0.025088701
113279	4369	0.025088698
113279	4900	0.025088698
113279	6391	0.025088698
113279	1143	0.025088696
113279	3564	0.025088696
113279	79	0.025088694
113279	105	0.025088694
113292	1722	0.037232384
113292	2528	0.037232384
113292	6083	0.037232384
113292	4900	0.03723238
113292	6391	0.03723238
113292	79	0.037232377
113292	1143	0.037232377
113292	3564	0.037232377
113292	4369	0.037232377
113292	5896	0.037232377
113334	2528	0.030400854
113334	6083	0.030400854
113334	1722	0.03040085
113334	4900	0.03040085
113334	6391	0.03040085
113334	4369	0.030400848
113334	79	0.030400846
113334	1143	0.030400846
113334	3564	0.030400846
113334	105	0.030400844
113364	2528	0.025230499
113364	6083	0.025230499
113364	1722	0.025230497
113364	4900	0.025230497
113364	6391	0.025230497
113364	4369	0.025230495
113364	79	0.025230493
113364	105	0.025230493
113364	1143	0.025230493
113364	3564	0.025230493
113435	2528	0.027260851
113435	6083	0.027260851
113435	1722	0.027260847
113435	4369	0.027260847
113435	4900	0.027260847
113435	6391	0.027260847
113435	79	0.027260844
113435	105	0.027260844
113435	1143	0.027260844
113435	3564	0.027260844
113475	1722	0.024557848
113475	2528	0.024557848
113475	6083	0.024557848
113475	4369	0.024557846
113475	6391	0.024557846
113475	3564	0.024557844
113475	4900	0.024557844
113475	79	0.024557842
113475	105	0.024557842
113475	1143	0.024557842
113519	1722	0.033143125
113519	2528	0.033143125
113519	4369	0.033143125
113519	6083	0.033143125
113519	6391	0.033143125
113519	105	0.03314312
113519	1143	0.03314312
113519	3564	0.03314312
113519	4900	0.03314312
113519	79	0.033143118
113531	2528	0.029839393
113531	6083	0.029839393
113531	1722	0.02983939
113531	6391	0.02983939
113531	4369	0.029839389
113531	4900	0.029839389
113531	3564	0.029839387
113531	79	0.029839385
113531	105	0.029839385
113531	1143	0.029839385
113602	2528	0.02958522
113602	6083	0.02958522
113602	1722	0.029585216
113602	4900	0.029585216
113602	6391	0.029585216
113602	4369	0.029585214
113602	79	0.029585212
113602	1143	0.029585212
113602	3564	0.029585212
113602	105	0.02958521
113624	6083	0.029380452
113624	1722	0.02938045
113624	2528	0.02938045
113624	4369	0.029380448
113624	4900	0.029380448
113624	6391	0.029380448
113624	3564	0.029380446
113624	79	0.029380444
113624	105	0.029380444
113624	1143	0.029380444
113657	6083	0.02159456
113657	1722	0.021594558
113657	2528	0.021594558
113657	4369	0.021594558
113657	6391	0.021594558
113657	4900	0.021594556
113657	79	0.021594554
113657	105	0.021594554
113657	1143	0.021594554
113657	1557	0.021594554
113661	2528	0.028685417
113661	6083	0.028685417
113661	1722	0.028685415
113661	4900	0.028685413
113661	6391	0.028685413
113661	1143	0.028685411
113661	4369	0.028685411
113661	79	0.02868541
113661	105	0.02868541
113661	3564	0.02868541
113663	6083	0.038127907
113663	2528	0.038127903
113663	1722	0.0381279
113663	4369	0.0381279
113663	4900	0.0381279
113663	6391	0.0381279
113663	1143	0.038127895
113663	3564	0.038127895
113663	79	0.03812789
113663	105	0.03812789
113752	1722	0.019839875
113752	2528	0.019839875
113752	6083	0.019839875
113752	6391	0.019839875
113752	4369	0.019839874
113752	4900	0.019839874
113752	79	0.019839872
113752	105	0.019839872
113752	1143	0.019839872
113752	3564	0.019839872
113804	6083	0.03075354
113804	1722	0.030753538
113804	2528	0.030753538
113804	6391	0.030753536
113804	1143	0.030753534
113804	3564	0.030753534
113804	4369	0.030753534
113804	4900	0.030753534
113804	105	0.030753532
113804	79	0.03075353
113817	2528	0.029452229
113817	6083	0.029452229
113817	1722	0.029452227
113817	6391	0.029452227
113817	4900	0.029452225
113817	1143	0.029452223
113817	4369	0.029452223
113817	105	0.029452221
113817	3564	0.029452221
113817	79	0.02945222
113904	6083	0.030039938
113904	1722	0.030039936
113904	2528	0.030039936
113904	4900	0.030039934
113904	6391	0.030039934
113904	3564	0.030039933
113904	4369	0.030039933
113904	1143	0.03003993
113904	79	0.030039929
113904	105	0.030039929
113944	6083	0.025226593
113944	2528	0.025226591
113944	1722	0.02522659
113944	4369	0.02522659
113944	4900	0.02522659
113944	6391	0.02522659
113944	1143	0.025226587
113944	79	0.025226586
113944	105	0.025226586
113944	804	0.025226586
113955	6083	0.026732467
113955	2528	0.026732465
113955	1722	0.026732463
113955	4900	0.026732463
113955	6391	0.026732463
113955	4369	0.026732462
113955	79	0.02673246
113955	105	0.02673246
113955	1143	0.02673246
113955	3564	0.02673246
113966	6083	0.024965778
113966	2528	0.024965776
113966	1722	0.024965774
113966	4369	0.024965774
113966	4900	0.024965774
113966	6391	0.024965774
113966	79	0.02496577
113966	105	0.02496577
113966	1143	0.02496577
113966	3088	0.02496577
113983	2528	0.02990933
113983	6083	0.02990933
113983	1722	0.029909328
113983	1143	0.029909324
113983	3564	0.029909324
113983	4369	0.029909324
113983	4900	0.029909324
113983	6391	0.029909324
113983	79	0.029909322
113983	105	0.02990932
114007	2528	0.027327552
114007	6083	0.027327552
114007	1722	0.02732755
114007	6391	0.02732755
114007	3564	0.027327549
114007	4369	0.027327549
114007	4900	0.027327549
114007	1143	0.027327547
114007	79	0.027327545
114007	105	0.027327545
114075	2528	0.03462331
114075	6083	0.03462331
114075	6391	0.03462331
114075	1722	0.034623306
114075	105	0.034623303
114075	1143	0.034623303
114075	3564	0.034623303
114075	3917	0.034623303
114075	4369	0.034623303
114075	4900	0.034623303
114085	6083	0.023728518
114085	1722	0.023728516
114085	2528	0.023728516
114085	6391	0.023728516
114085	4900	0.023728514
114085	105	0.023728512
114085	1143	0.023728512
114085	3564	0.023728512
114085	4369	0.023728512
114085	79	0.02372851
114089	2528	0.0315762
114089	6083	0.0315762
114089	1722	0.031576198
114089	4369	0.031576198
114089	4900	0.031576198
114089	6391	0.031576198
114089	79	0.031576194
114089	105	0.031576194
114089	1143	0.031576194
114089	3088	0.031576194
114178	2528	0.028037902
114178	6083	0.028037902
114178	1722	0.028037898
114178	4900	0.028037898
114178	6391	0.028037898
114178	4369	0.028037896
114178	79	0.028037895
114178	105	0.028037895
114178	1143	0.028037895
114178	3564	0.028037895
114200	2528	0.027811065
114200	6083	0.027811065
114200	1722	0.027811063
114200	4900	0.027811062
114200	6391	0.027811062
114200	4369	0.02781106
114200	79	0.027811058
114200	105	0.027811058
114200	1143	0.027811058
114200	3564	0.027811058
114216	2528	0.022813693
114216	6083	0.022813693
114216	1722	0.022813689
114216	4900	0.022813689
114216	6391	0.022813689
114216	4369	0.022813687
114216	79	0.022813685
114216	105	0.022813685
114216	1143	0.022813685
114216	3088	0.022813685
114217	6083	0.026063964
114217	2528	0.026063962
114217	1722	0.02606396
114217	4900	0.02606396
114217	6391	0.02606396
114217	4369	0.026063958
114217	79	0.026063956
114217	105	0.026063956
114217	1143	0.026063956
114217	3564	0.026063956
114258	1722	0.026045993
114258	2528	0.026045993
114258	6083	0.026045993
114258	6391	0.026045991
114258	1143	0.02604599
114258	3564	0.02604599
114258	4369	0.02604599
114258	4900	0.02604599
114258	79	0.026045986
114258	105	0.026045986
114265	1722	0.031756572
114265	2528	0.031756572
114265	6083	0.031756572
114265	6391	0.031756572
114265	4900	0.03175657
114265	79	0.031756565
114265	105	0.031756565
114265	1143	0.031756565
114265	1557	0.031756565
114265	3088	0.031756565
114279	6083	0.0287324
114279	2528	0.028732399
114279	1722	0.028732397
114279	4900	0.028732397
114279	6391	0.028732395
114279	105	0.028732393
114279	1143	0.028732393
114279	3564	0.028732393
114279	4369	0.028732393
114279	79	0.028732391
114306	6083	0.025139064
114306	2528	0.025139062
114306	1722	0.02513906
114306	4369	0.025139058
114306	6391	0.025139058
114306	79	0.025139056
114306	105	0.025139056
114306	1143	0.025139056
114306	3088	0.025139056
114306	3564	0.025139056
114378	2528	0.021822292
114378	6083	0.021822292
114378	1722	0.021822289
114378	4369	0.021822289
114378	4900	0.021822289
114378	6391	0.021822289
114378	79	0.021822287
114378	1143	0.021822287
114378	3564	0.021822287
114378	105	0.021822285
114414	2528	0.03740776
114414	6083	0.03740776
114414	1722	0.037407756
114414	4369	0.037407756
114414	4900	0.037407756
114414	6391	0.037407756
114414	3564	0.037407752
114414	79	0.03740775
114414	105	0.03740775
114414	1143	0.03740775
114444	6083	0.047051914
114444	2528	0.04705191
114444	1722	0.047051907
114444	4369	0.047051907
114444	4900	0.047051907
114444	6391	0.047051907
114444	79	0.047051903
114444	3564	0.047051903
114444	105	0.0470519
114444	1143	0.0470519
114446	2528	0.032131243
114446	6083	0.032131243
114446	1722	0.03213124
114446	4369	0.03213124
114446	4900	0.03213124
114446	6391	0.03213124
114446	105	0.032131236
114446	1143	0.032131236
114446	3564	0.032131236
114446	3978	0.032131236
114452	6083	0.032299366
114452	1722	0.032299362
114452	2528	0.032299362
114452	4900	0.032299362
114452	6391	0.032299362
114452	4369	0.03229936
114452	79	0.032299355
114452	105	0.032299355
114452	804	0.032299355
114452	1143	0.032299355
114483	2528	0.028779775
114483	6083	0.028779775
114483	1722	0.028779773
114483	4369	0.028779771
114483	4900	0.028779771
114483	6391	0.028779771
114483	79	0.028779767
114483	105	0.028779767
114483	1143	0.028779767
114483	3088	0.028779767
114498	6083	0.037476886
114498	1722	0.037476882
114498	2528	0.037476882
114498	4369	0.037476882
114498	6391	0.037476882
114498	105	0.03747688
114498	4900	0.03747688
114498	79	0.037476875
114498	804	0.037476875
114498	1143	0.037476875
114544	6083	0.031924207
114544	1722	0.031924203
114544	2528	0.031924203
114544	4900	0.031924203
114544	6391	0.031924203
114544	1143	0.0319242
114544	3564	0.0319242
114544	4369	0.0319242
114544	79	0.031924196
114544	105	0.031924196
114581	6083	0.030982956
114581	1722	0.030982953
114581	2528	0.030982953
114581	4900	0.03098295
114581	6391	0.03098295
114581	4369	0.030982949
114581	1143	0.030982947
114581	3564	0.030982947
114581	79	0.030982945
114581	105	0.030982945
114634	6083	0.028148517
114634	1722	0.028148513
114634	2528	0.028148513
114634	6391	0.028148513
114634	4900	0.028148511
114634	1143	0.02814851
114634	3564	0.02814851
114634	4369	0.02814851
114634	79	0.028148508
114634	105	0.028148508
114643	6083	0.038464844
114643	1722	0.03846484
114643	2528	0.03846484
114643	3564	0.038464837
114643	4369	0.038464837
114643	4900	0.038464837
114643	6391	0.038464837
114643	79	0.038464833
114643	105	0.038464833
114643	1143	0.038464833
114662	6083	0.033551592
114662	1722	0.03355159
114662	2528	0.03355159
114662	4369	0.03355159
114662	4900	0.03355159
114662	6391	0.03355159
114662	79	0.033551585
114662	105	0.033551585
114662	1143	0.033551585
114662	804	0.03355158
114742	6083	0.02851836
114742	1722	0.028518358
114742	2528	0.028518358
114742	4369	0.028518356
114742	4900	0.028518356
114742	6391	0.028518356
114742	79	0.028518353
114742	105	0.028518353
114742	1143	0.028518353
114742	3088	0.028518353
114813	6083	0.031463563
114813	1722	0.03146356
114813	2528	0.03146356
114813	1143	0.031463556
114813	3564	0.031463556
114813	4369	0.031463556
114813	4900	0.031463556
114813	6391	0.031463556
114813	79	0.031463552
114813	105	0.031463552
114868	1722	0.03359382
114868	2528	0.03359382
114868	4900	0.03359382
114868	6083	0.03359382
114868	79	0.03359381
114868	105	0.03359381
114868	804	0.03359381
114868	1143	0.03359381
114868	3564	0.03359381
114868	3978	0.03359381
114893	2528	0.029027775
114893	6083	0.029027775
114893	1722	0.029027771
114893	4900	0.029027771
114893	6391	0.029027771
114893	4369	0.02902777
114893	79	0.029027767
114893	105	0.029027767
114893	1143	0.029027767
114893	3564	0.029027767
115002	1722	0.034791954
115002	2528	0.034791954
115002	6083	0.034791954
115002	6391	0.034791954
115002	79	0.034791946
115002	105	0.034791946
115002	1143	0.034791946
115002	3088	0.034791946
115002	3564	0.034791946
115002	4369	0.034791946
115003	1722	0.04023263
115003	2528	0.04023263
115003	6083	0.04023263
115003	1143	0.04023262
115003	3564	0.04023262
115003	4369	0.04023262
115003	4900	0.04023262
115003	6391	0.04023262
115003	79	0.040232617
115003	105	0.040232617
115097	2528	0.038528256
115097	6083	0.038528256
115097	1143	0.03852825
115097	1722	0.03852825
115097	3564	0.03852825
115097	4369	0.03852825
115097	4900	0.03852825
115097	6391	0.03852825
115097	105	0.038528245
115097	79	0.03852824
115120	6083	0.02649574
115120	1722	0.026495738
115120	2528	0.026495738
115120	4369	0.026495736
115120	4900	0.026495736
115120	6391	0.026495736
115120	3564	0.026495734
115120	79	0.026495732
115120	105	0.026495732
115120	1143	0.026495732
115150	6083	0.02874333
115150	1722	0.028743329
115150	2528	0.028743329
115150	4900	0.028743327
115150	6391	0.028743327
115150	4369	0.028743325
115150	79	0.028743323
115150	105	0.028743323
115150	1143	0.028743323
115150	3564	0.028743323
115180	1722	0.028046627
115180	2528	0.028046627
115180	6083	0.028046627
115180	6391	0.028046625
115180	1143	0.028046623
115180	4369	0.028046623
115180	4900	0.028046623
115180	105	0.028046621
115180	3564	0.028046621
115180	79	0.02804662
115224	1722	0.028500713
115224	2528	0.028500713
115224	6083	0.028500713
115224	6391	0.028500712
115224	4369	0.02850071
115224	4900	0.02850071
115224	1143	0.028500708
115224	79	0.028500706
115224	105	0.028500706
115224	3088	0.028500706
115435	1722	0.040241815
115435	2528	0.040241815
115435	6083	0.040241815
115435	3564	0.040241808
115435	4369	0.040241808
115435	4900	0.040241808
115435	6391	0.040241808
115435	79	0.040241804
115435	1143	0.040241804
115435	3917	0.040241804
115490	1722	0.036476426
115490	2528	0.036476426
115490	6083	0.036476426
115490	6391	0.036476426
115490	4900	0.036476422
115490	79	0.03647642
115490	105	0.03647642
115490	1143	0.03647642
115490	3564	0.03647642
115490	3917	0.03647642
115503	1722	0.032532588
115503	2528	0.032532588
115503	6083	0.032532588
115503	4369	0.032532584
115503	4900	0.032532584
115503	6391	0.032532584
115503	79	0.03253258
115503	1143	0.03253258
115503	3088	0.03253258
115503	3564	0.03253258
115537	6083	0.030347873
115537	2528	0.03034787
115537	1722	0.030347869
115537	6391	0.030347869
115537	4369	0.030347867
115537	4900	0.030347867
115537	105	0.030347865
115537	3564	0.030347865
115537	79	0.030347863
115537	1143	0.030347863
115552	1722	0.032774817
115552	6083	0.032774817
115552	2528	0.032774813
115552	4369	0.032774813
115552	4900	0.032774813
115552	6391	0.032774813
115552	79	0.03277481
115552	3564	0.03277481
115552	105	0.032774806
115552	804	0.032774806
115572	2528	0.039784558
115572	6083	0.039784558
115572	1722	0.039784554
115572	4369	0.03978455
115572	4900	0.03978455
115572	6391	0.03978455
115572	79	0.039784547
115572	1143	0.039784547
115572	3564	0.039784547
115572	105	0.039784543
115679	2528	0.023448192
115679	6083	0.023448192
115679	1722	0.02344819
115679	4369	0.023448188
115679	4900	0.023448188
115679	6391	0.023448188
115679	3564	0.023448186
115679	79	0.023448184
115679	105	0.023448184
115679	1143	0.023448184
115692	6083	0.027026532
115692	1722	0.02702653
115692	2528	0.02702653
115692	3564	0.027026527
115692	4369	0.027026527
115692	4900	0.027026527
115692	6391	0.027026527
115692	1143	0.027026525
115692	79	0.027026523
115692	105	0.027026523
115700	6083	0.028905334
115700	2528	0.028905332
115700	1722	0.02890533
115700	6391	0.02890533
115700	4369	0.028905328
115700	4900	0.028905328
115700	79	0.028905325
115700	105	0.028905325
115700	1143	0.028905325
115700	1557	0.028905325
115759	2528	0.026178561
115759	6083	0.026178561
115759	1722	0.02617856
115759	4369	0.026178557
115759	4900	0.026178557
115759	6391	0.026178557
115759	79	0.026178556
115759	1143	0.026178556
115759	3564	0.026178556
115759	105	0.026178554
115833	1722	0.020884015
115833	2528	0.020884015
115833	6083	0.020884015
115833	6391	0.020884015
115833	4900	0.020884013
115833	79	0.020884011
115833	1143	0.020884011
115833	3564	0.020884011
115833	4369	0.020884011
115833	105	0.02088401
115874	2528	0.021369029
115874	6083	0.021369029
115874	1722	0.021369027
115874	1143	0.021369025
115874	3564	0.021369025
115874	4369	0.021369025
115874	4900	0.021369025
115874	6391	0.021369025
115874	79	0.021369023
115874	105	0.021369023
115907	2528	0.024176411
115907	6083	0.024176411
115907	1722	0.024176408
115907	4369	0.024176408
115907	4900	0.024176408
115907	6391	0.024176408
115907	79	0.024176404
115907	105	0.024176404
115907	1143	0.024176404
115907	3564	0.024176404
115929	2528	0.026543286
115929	6083	0.026543286
115929	1722	0.026543284
115929	4369	0.026543282
115929	4900	0.026543282
115929	6391	0.026543282
115929	1143	0.02654328
115929	3564	0.02654328
115929	79	0.026543278
115929	105	0.026543278
115953	6083	0.03628848
115953	1722	0.036288477
115953	2528	0.036288477
115953	6391	0.036288477
115953	4369	0.036288474
115953	4900	0.036288474
115953	79	0.03628847
115953	105	0.03628847
115953	1143	0.03628847
115953	1557	0.03628847
115956	6083	0.023594901
115956	1722	0.0235949
115956	2528	0.0235949
115956	4369	0.023594897
115956	4900	0.023594897
115956	6391	0.023594897
115956	3564	0.023594895
115956	79	0.023594894
115956	105	0.023594894
115956	1143	0.023594894
115963	6083	0.026172891
115963	2528	0.02617289
115963	1722	0.026172888
115963	4369	0.026172888
115963	4900	0.026172888
115963	6391	0.026172888
115963	3564	0.026172886
115963	79	0.026172884
115963	105	0.026172884
115963	1143	0.026172884
115971	6083	0.026547913
115971	2528	0.02654791
115971	1722	0.026547909
115971	6391	0.026547909
115971	4369	0.026547907
115971	4900	0.026547907
115971	105	0.026547905
115971	1143	0.026547905
115971	3564	0.026547905
115971	79	0.026547903
115997	6083	0.028924355
115997	1722	0.028924353
115997	2528	0.028924353
115997	3564	0.02892435
115997	4369	0.02892435
115997	4900	0.02892435
115997	6391	0.02892435
115997	1143	0.028924348
115997	79	0.028924346
115997	105	0.028924346
115998	1722	0.027678993
115998	2528	0.027678993
115998	6083	0.027678993
115998	1143	0.027678989
115998	4369	0.027678989
115998	4900	0.027678989
115998	6391	0.027678989
115998	3564	0.027678987
115998	79	0.027678985
115998	105	0.027678985
116005	2528	0.03630819
116005	6083	0.03630819
116005	1722	0.036308188
116005	4900	0.036308188
116005	1143	0.036308184
116005	3088	0.036308184
116005	3564	0.036308184
116005	4369	0.036308184
116005	6391	0.036308184
116005	79	0.03630818
116090	6083	0.029350942
116090	1722	0.02935094
116090	2528	0.02935094
116090	4900	0.029350938
116090	6391	0.029350938
116090	4369	0.029350936
116090	105	0.029350935
116090	1143	0.029350935
116090	3564	0.029350935
116090	79	0.029350933
116122	2528	0.027329922
116122	6083	0.027329922
116122	1722	0.02732992
116122	4369	0.027329918
116122	4900	0.027329918
116122	6391	0.027329918
116122	3564	0.027329916
116122	79	0.027329914
116122	105	0.027329914
116122	1143	0.027329914
116123	6083	0.028576534
116123	2528	0.028576532
116123	1722	0.02857653
116123	4900	0.02857653
116123	6391	0.02857653
116123	105	0.028576527
116123	1143	0.028576527
116123	3564	0.028576527
116123	4369	0.028576527
116123	79	0.028576525
116183	6083	0.028494028
116183	1722	0.028494027
116183	2528	0.028494027
116183	4900	0.028494027
116183	6391	0.028494027
116183	4369	0.028494025
116183	79	0.028494023
116183	105	0.028494023
116183	1143	0.028494023
116183	3564	0.028494023
116249	1722	0.025228359
116249	2528	0.025228359
116249	6083	0.025228359
116249	4369	0.025228355
116249	4900	0.025228355
116249	6391	0.025228355
116249	105	0.025228353
116249	3564	0.025228353
116249	79	0.025228351
116249	804	0.025228351
116301	2528	0.022921214
116301	6083	0.022921214
116301	1722	0.022921212
116301	4900	0.022921212
116301	6391	0.022921212
116301	3564	0.02292121
116301	79	0.022921208
116301	105	0.022921208
116301	1143	0.022921208
116301	3917	0.022921208
116313	2528	0.026010439
116313	6083	0.026010439
116313	1722	0.026010437
116313	4369	0.026010435
116313	4900	0.026010435
116313	6391	0.026010435
116313	105	0.026010433
116313	1143	0.026010433
116313	3564	0.026010433
116313	79	0.026010431
116395	6083	0.025728969
116395	1722	0.025728967
116395	2528	0.025728967
116395	6391	0.025728965
116395	3564	0.025728963
116395	4369	0.025728963
116395	4900	0.025728963
116395	79	0.025728961
116395	1143	0.025728961
116395	105	0.02572896
116428	6083	0.030335952
116428	2528	0.03033595
116428	1722	0.030335948
116428	4900	0.030335948
116428	6391	0.030335946
116428	1143	0.030335944
116428	3564	0.030335944
116428	4369	0.030335944
116428	79	0.030335942
116428	105	0.030335942
116433	1722	0.02803249
116433	2528	0.02803249
116433	6083	0.02803249
116433	4369	0.028032485
116433	4900	0.028032485
116433	6391	0.028032485
116433	79	0.028032484
116433	3564	0.028032484
116433	105	0.028032482
116433	1143	0.028032482
116521	6083	0.026869033
116521	1722	0.02686903
116521	2528	0.02686903
116521	4369	0.026869029
116521	4900	0.026869029
116521	6391	0.026869029
116521	1143	0.026869027
116521	3564	0.026869027
116521	79	0.026869025
116521	105	0.026869025
116537	6083	0.031342592
116537	1722	0.03134259
116537	2528	0.03134259
116537	4900	0.031342585
116537	6391	0.031342585
116537	79	0.03134258
116537	105	0.03134258
116537	1143	0.03134258
116537	1557	0.03134258
116537	3564	0.03134258
116549	2528	0.035932828
116549	6083	0.035932828
116549	1722	0.035932824
116549	3564	0.035932824
116549	4369	0.035932824
116549	4900	0.035932824
116549	6391	0.035932824
116549	79	0.03593282
116549	105	0.03593282
116549	1143	0.03593282
116582	2528	0.034835987
116582	6083	0.034835987
116582	1143	0.03483598
116582	1722	0.03483598
116582	3564	0.03483598
116582	4369	0.03483598
116582	4900	0.03483598
116582	6391	0.03483598
116582	79	0.034835976
116582	3978	0.034835976
116599	6083	0.03520725
116599	2528	0.035207245
116599	1143	0.03520724
116599	1722	0.03520724
116599	3564	0.03520724
116599	4369	0.03520724
116599	4900	0.03520724
116599	6391	0.03520724
116599	79	0.035207238
116599	105	0.035207238
116758	2528	0.03575625
116758	6083	0.03575625
116758	1722	0.035756245
116758	4369	0.03575624
116758	4900	0.03575624
116758	6391	0.03575624
116758	79	0.035756238
116758	105	0.035756238
116758	1143	0.035756238
116758	3088	0.035756238
116816	2528	0.02762844
116816	6083	0.02762844
116816	6391	0.027628439
116816	1722	0.027628437
116816	4369	0.027628437
116816	4900	0.027628437
116816	1143	0.027628435
116816	79	0.027628433
116816	105	0.027628433
116816	3564	0.027628433
116866	6083	0.027242362
116866	2528	0.02724236
116866	1722	0.027242359
116866	4900	0.027242359
116866	6391	0.027242359
116866	79	0.027242355
116866	105	0.027242355
116866	1143	0.027242355
116866	3564	0.027242355
116866	4369	0.027242355
116897	6083	0.027193652
116897	1722	0.02719365
116897	2528	0.02719365
116897	6391	0.027193649
116897	1143	0.027193647
116897	3564	0.027193647
116897	4369	0.027193647
116897	4900	0.027193647
116897	79	0.027193643
116897	105	0.027193643
116904	2528	0.02706535
116904	6083	0.02706535
116904	1722	0.027065348
116904	4900	0.027065348
116904	6391	0.027065346
116904	79	0.027065344
116904	105	0.027065344
116904	1143	0.027065344
116904	3088	0.027065344
116904	3564	0.027065344
116931	2528	0.029860666
116931	6083	0.029860666
116931	1722	0.029860664
116931	4900	0.029860662
116931	6391	0.029860662
116931	3564	0.02986066
116931	4369	0.02986066
116931	79	0.029860659
116931	105	0.029860659
116931	1143	0.029860659
117092	2528	0.022510534
117092	1722	0.022510532
117092	4900	0.022510532
117092	6083	0.022510532
117092	6391	0.022510532
117092	4369	0.02251053
117092	79	0.022510529
117092	105	0.022510529
117092	1143	0.022510529
117092	3564	0.022510529
117111	1722	0.03989204
117111	2528	0.03989204
117111	6083	0.03989204
117111	6391	0.039892036
117111	79	0.039892033
117111	105	0.039892033
117111	1143	0.039892033
117111	3564	0.039892033
117111	4369	0.039892033
117111	4900	0.039892033
117115	1722	0.032811135
117115	2528	0.032811135
117115	6083	0.032811135
117115	6391	0.03281113
117115	79	0.032811128
117115	105	0.032811128
117115	1143	0.032811128
117115	3088	0.032811128
117115	3564	0.032811128
117115	4369	0.032811128
117132	6083	0.04214385
117132	1722	0.042143848
117132	2528	0.042143848
117132	6391	0.042143848
117132	3564	0.042143844
117132	4369	0.042143844
117132	4900	0.042143844
117132	1143	0.04214384
117132	5896	0.04214384
117132	79	0.042143837
117251	6083	0.04620483
117251	1722	0.046204828
117251	2528	0.046204828
117251	6391	0.046204828
117251	4369	0.046204824
117251	4900	0.046204824
117251	79	0.04620482
117251	105	0.04620482
117251	1143	0.04620482
117251	3088	0.04620482
117255	6083	0.04051244
117255	1722	0.040512435
117255	2528	0.040512435
117255	6391	0.040512435
117255	4369	0.04051243
117255	4900	0.04051243
117255	79	0.040512428
117255	105	0.040512428
117255	1143	0.040512428
117255	3564	0.040512428
117256	6083	0.026967943
117256	2528	0.02696794
117256	1722	0.026967939
117256	4369	0.026967939
117256	4900	0.026967939
117256	6391	0.026967939
117256	79	0.026967935
117256	105	0.026967935
117256	1143	0.026967935
117256	3564	0.026967935
117318	1722	0.031189982
117318	2528	0.031189982
117318	6083	0.031189982
117318	4900	0.03118998
117318	6391	0.03118998
117318	4369	0.031189978
117318	79	0.031189976
117318	1143	0.031189976
117318	3564	0.031189976
117318	105	0.031189974
117384	1722	0.033099987
117384	2528	0.033099987
117384	6083	0.033099987
117384	3564	0.033099983
117384	4900	0.033099983
117384	6391	0.033099983
117384	79	0.03309998
117384	105	0.03309998
117384	1143	0.03309998
117384	3088	0.03309998
117396	1722	0.031717107
117396	2528	0.031717107
117396	6083	0.031717107
117396	6391	0.031717103
117396	79	0.0317171
117396	105	0.0317171
117396	1143	0.0317171
117396	3564	0.0317171
117396	4369	0.0317171
117396	4900	0.0317171
117489	6083	0.027421847
117489	2528	0.027421845
117489	1722	0.027421843
117489	4369	0.027421843
117489	6391	0.027421843
117489	4900	0.027421841
117489	79	0.02742184
117489	1143	0.02742184
117489	3564	0.02742184
117489	105	0.027421838
117539	6083	0.028217971
117539	1722	0.02821797
117539	2528	0.02821797
117539	4900	0.028217968
117539	4369	0.028217966
117539	6391	0.028217966
117539	79	0.028217964
117539	105	0.028217964
117539	1143	0.028217964
117539	3564	0.028217964
117553	2528	0.018972797
117553	1722	0.018972795
117553	6083	0.018972795
117553	6391	0.018972795
117553	4369	0.018972794
117553	79	0.018972792
117553	105	0.018972792
117553	1143	0.018972792
117553	1557	0.018972792
117553	3564	0.018972792
117557	6083	0.024807243
117557	1722	0.02480724
117557	2528	0.02480724
117557	4900	0.02480724
117557	6391	0.02480724
117557	4369	0.024807239
117557	79	0.024807237
117557	105	0.024807237
117557	1143	0.024807237
117557	3564	0.024807237
117577	6083	0.024391811
117577	1722	0.024391808
117577	2528	0.024391808
117577	4900	0.024391808
117577	6391	0.024391808
117577	4369	0.024391806
117577	79	0.024391804
117577	105	0.024391804
117577	1143	0.024391804
117577	3564	0.024391804
117594	2528	0.037283152
117594	6083	0.037283152
117594	1722	0.03728315
117594	4900	0.03728315
117594	6391	0.03728315
117594	79	0.037283145
117594	1143	0.037283145
117594	3564	0.037283145
117594	4369	0.037283145
117594	105	0.03728314
117683	2528	0.020815596
117683	6083	0.020815596
117683	1722	0.020815594
117683	1143	0.020815592
117683	3564	0.020815592
117683	4369	0.020815592
117683	4900	0.020815592
117683	6391	0.020815592
117683	79	0.02081559
117683	105	0.02081559
117700	6083	0.026076954
117700	1722	0.026076952
117700	2528	0.026076952
117700	4369	0.02607695
117700	4900	0.02607695
117700	6391	0.02607695
117700	79	0.026076948
117700	105	0.026076948
117700	3564	0.026076948
117700	1143	0.026076946
117738	6083	0.024654623
117738	2528	0.024654621
117738	1722	0.02465462
117738	4369	0.02465462
117738	4900	0.02465462
117738	6391	0.02465462
117738	3564	0.024654618
117738	79	0.024654616
117738	105	0.024654616
117738	804	0.024654616
117873	2528	0.028759746
117873	6083	0.028759746
117873	1722	0.028759744
117873	6391	0.028759744
117873	4369	0.028759742
117873	4900	0.028759742
117873	79	0.02875974
117873	105	0.02875974
117873	1143	0.02875974
117873	3564	0.02875974
117925	2528	0.03735866
117925	6083	0.03735866
117925	1722	0.037358657
117925	4900	0.037358657
117925	6391	0.037358657
117925	3564	0.037358653
117925	4369	0.037358653
117925	79	0.03735865
117925	105	0.03735865
117925	804	0.03735865
117963	6083	0.024333637
117963	2528	0.024333635
117963	1722	0.024333633
117963	4369	0.024333633
117963	4900	0.024333633
117963	6391	0.024333633
117963	79	0.02433363
117963	1143	0.02433363
117963	3088	0.02433363
117963	3564	0.02433363
118101	6083	0.03704915
118101	1722	0.037049145
118101	2528	0.037049145
118101	6391	0.037049145
118101	4369	0.03704914
118101	4900	0.03704914
118101	105	0.037049137
118101	1143	0.037049137
118101	3088	0.037049137
118101	3564	0.037049137
118135	6083	0.030149674
118135	1722	0.030149672
118135	2528	0.030149672
118135	4900	0.03014967
118135	6391	0.03014967
118135	1143	0.030149668
118135	3564	0.030149668
118135	4369	0.030149668
118135	79	0.030149665
118135	105	0.030149665
118228	6083	0.027593192
118228	1722	0.02759319
118228	2528	0.02759319
118228	4369	0.027593188
118228	4900	0.027593188
118228	6391	0.027593188
118228	79	0.027593184
118228	105	0.027593184
118228	1143	0.027593184
118228	3088	0.027593184
118275	2528	0.025062352
118275	6083	0.025062352
118275	1722	0.02506235
118275	4369	0.025062349
118275	4900	0.025062349
118275	6391	0.025062349
118275	1143	0.025062347
118275	79	0.025062345
118275	105	0.025062345
118275	3564	0.025062345
118320	1722	0.024965696
118320	2528	0.024965696
118320	6083	0.024965696
118320	6391	0.024965696
118320	1143	0.024965692
118320	3564	0.024965692
118320	4369	0.024965692
118320	4900	0.024965692
118320	79	0.02496569
118320	3088	0.02496569
118344	2528	0.033495277
118344	1722	0.033495273
118344	6083	0.033495273
118344	1143	0.03349527
118344	4369	0.03349527
118344	4900	0.03349527
118344	6391	0.03349527
118344	79	0.033495266
118344	1557	0.033495266
118344	3564	0.033495266
118414	1722	0.035225756
118414	2528	0.035225756
118414	6083	0.035225756
118414	6391	0.035225753
118414	79	0.03522575
118414	105	0.03522575
118414	1143	0.03522575
118414	3564	0.03522575
118414	4369	0.03522575
118414	4900	0.03522575
118422	6083	0.030609848
118422	1722	0.030609846
118422	2528	0.030609846
118422	4900	0.030609844
118422	6391	0.030609844
118422	4369	0.030609842
118422	3564	0.03060984
118422	79	0.030609839
118422	105	0.030609839
118422	1143	0.030609839
118434	1722	0.027931698
118434	2528	0.027931698
118434	6083	0.027931698
118434	6391	0.027931696
118434	1143	0.027931694
118434	4369	0.027931694
118434	4900	0.027931694
118434	79	0.027931692
118434	105	0.027931692
118434	3564	0.027931692
118484	6083	0.029535538
118484	1722	0.029535536
118484	2528	0.029535536
118484	6391	0.029535534
118484	1143	0.029535532
118484	3564	0.029535532
118484	4369	0.029535532
118484	4900	0.029535532
118484	79	0.02953553
118484	105	0.02953553
118489	1722	0.03790407
118489	6083	0.03790407
118489	2528	0.037904065
118489	1143	0.03790406
118489	4369	0.03790406
118489	4900	0.03790406
118489	6391	0.03790406
118489	79	0.037904058
118489	3088	0.037904058
118489	3564	0.037904058
118528	1722	0.023483522
118528	2528	0.023483522
118528	6083	0.023483522
118528	6391	0.023483522
118528	4900	0.02348352
118528	1143	0.023483519
118528	3564	0.023483519
118528	4369	0.023483519
118528	79	0.023483517
118528	105	0.023483517
118533	1722	0.024657827
118533	2528	0.024657827
118533	6083	0.024657827
118533	6391	0.024657825
118533	3564	0.024657823
118533	4369	0.024657823
118533	4900	0.024657823
118533	105	0.024657821
118533	1143	0.024657821
118533	79	0.02465782
118628	6083	0.039062258
118628	1722	0.039062254
118628	2528	0.039062254
118628	4369	0.039062254
118628	4900	0.039062254
118628	6391	0.039062254
118628	79	0.039062247
118628	105	0.039062247
118628	1143	0.039062247
118628	3088	0.039062247
118654	1722	0.023172751
118654	2528	0.023172751
118654	6083	0.023172751
118654	6391	0.02317275
118654	1143	0.023172747
118654	4369	0.023172747
118654	4900	0.023172747
118654	79	0.023172745
118654	105	0.023172745
118654	3564	0.023172745
118659	1722	0.022441396
118659	2528	0.022441396
118659	6083	0.022441396
118659	6391	0.022441395
118659	1143	0.022441393
118659	4369	0.022441393
118659	4900	0.022441393
118659	79	0.02244139
118659	105	0.02244139
118659	3564	0.02244139
118677	2528	0.02788391
118677	6083	0.02788391
118677	1722	0.027883908
118677	3564	0.027883906
118677	4369	0.027883906
118677	4900	0.027883906
118677	6391	0.027883906
118677	1143	0.027883904
118677	79	0.027883902
118677	105	0.027883902
118881	2528	0.026567958
118881	6083	0.026567958
118881	1722	0.026567956
118881	4900	0.026567955
118881	6391	0.026567955
118881	3564	0.026567953
118881	4369	0.026567953
118881	79	0.02656795
118881	105	0.02656795
118881	1143	0.02656795
118955	2528	0.025276579
118955	6083	0.025276579
118955	1722	0.025276575
118955	3564	0.025276575
118955	4369	0.025276575
118955	4900	0.025276575
118955	6391	0.025276575
118955	79	0.025276572
118955	105	0.025276572
118955	804	0.025276572
119027	1722	0.036022164
119027	2528	0.036022164
119027	6083	0.036022164
119027	6391	0.03602216
119027	79	0.036022156
119027	105	0.036022156
119027	1143	0.036022156
119027	3564	0.036022156
119027	4369	0.036022156
119027	4900	0.036022156
119248	6083	0.023156825
119248	2528	0.023156824
119248	1722	0.023156822
119248	4369	0.023156822
119248	4900	0.023156822
119248	6391	0.023156822
119248	3564	0.02315682
119248	79	0.023156818
119248	105	0.023156818
119248	1143	0.023156818
119326	2528	0.036781058
119326	6083	0.036781058
119326	1722	0.036781054
119326	1143	0.03678105
119326	3564	0.03678105
119326	4369	0.03678105
119326	4900	0.03678105
119326	6391	0.03678105
119326	79	0.036781047
119326	105	0.036781047
119418	2528	0.017850779
119418	6083	0.017850779
119418	6391	0.017850777
119418	1143	0.017850775
119418	1722	0.017850775
119418	3564	0.017850775
119418	4369	0.017850775
119418	4900	0.017850775
119418	79	0.017850773
119418	105	0.017850773
119446	1722	0.031884164
119446	2528	0.031884164
119446	6083	0.031884164
119446	4369	0.03188416
119446	4900	0.03188416
119446	6391	0.03188416
119446	79	0.031884156
119446	105	0.031884156
119446	804	0.031884156
119446	1143	0.031884156
119505	1722	0.030842513
119505	2528	0.030842513
119505	6083	0.030842513
119505	4369	0.03084251
119505	4900	0.03084251
119505	6391	0.03084251
119505	79	0.030842507
119505	1143	0.030842507
119505	3564	0.030842507
119505	105	0.030842505
119517	2528	0.025629587
119517	6083	0.025629587
119517	1722	0.025629586
119517	4369	0.025629584
119517	4900	0.025629584
119517	6391	0.025629584
119517	1143	0.025629582
119517	3564	0.025629582
119517	79	0.02562958
119517	105	0.02562958
119575	6083	0.037339468
119575	1722	0.037339464
119575	2528	0.037339464
119575	4369	0.03733946
119575	4900	0.03733946
119575	6391	0.03733946
119575	105	0.037339456
119575	1143	0.037339456
119575	3564	0.037339456
119575	79	0.037339453
119590	1722	0.02247331
119590	2528	0.02247331
119590	6083	0.02247331
119590	4900	0.022473307
119590	6391	0.022473307
119590	79	0.022473305
119590	1143	0.022473305
119590	3564	0.022473305
119590	4369	0.022473305
119590	105	0.022473304
119594	1722	0.027861271
119594	2528	0.027861271
119594	6083	0.027861271
119594	4900	0.02786127
119594	4369	0.027861267
119594	6391	0.027861267
119594	1143	0.027861265
119594	3564	0.027861265
119594	79	0.027861264
119594	105	0.027861264
119631	1722	0.021777317
119631	6083	0.021777317
119631	2528	0.021777315
119631	4369	0.021777313
119631	4900	0.021777313
119631	6391	0.021777313
119631	79	0.021777311
119631	1143	0.021777311
119631	3564	0.021777311
119631	105	0.02177731
119654	6083	0.026090547
119654	2528	0.026090546
119654	1722	0.026090544
119654	4369	0.026090544
119654	4900	0.026090544
119654	6391	0.026090544
119654	1143	0.026090542
119654	3564	0.026090542
119654	79	0.02609054
119654	105	0.02609054
119671	1722	0.028171483
119671	2528	0.028171483
119671	6083	0.028171483
119671	6391	0.028171482
119671	1143	0.02817148
119671	3564	0.02817148
119671	4369	0.02817148
119671	4900	0.02817148
119671	105	0.028171478
119671	79	0.028171476
119725	2528	0.036412735
119725	6083	0.036412735
119725	1722	0.03641273
119725	4369	0.03641273
119725	4900	0.03641273
119725	6391	0.03641273
119725	3564	0.036412727
119725	79	0.036412723
119725	105	0.036412723
119725	804	0.036412723
119749	6083	0.028427254
119749	1722	0.028427253
119749	2528	0.028427253
119749	4369	0.02842725
119749	4900	0.02842725
119749	6391	0.02842725
119749	79	0.028427247
119749	105	0.028427247
119749	1143	0.028427247
119749	3564	0.028427247
119806	6083	0.024564605
119806	2528	0.024564603
119806	1722	0.024564601
119806	4369	0.024564601
119806	4900	0.024564601
119806	6391	0.024564601
119806	79	0.024564598
119806	105	0.024564598
119806	1143	0.024564598
119806	3088	0.024564598
119858	2528	0.026024688
119858	6083	0.026024688
119858	1722	0.026024686
119858	1143	0.026024684
119858	3564	0.026024684
119858	4369	0.026024684
119858	4900	0.026024684
119858	6391	0.026024684
119858	79	0.026024682
119858	105	0.02602468
119963	1722	0.026467063
119963	2528	0.026467063
119963	6083	0.026467063
119963	4900	0.02646706
119963	6391	0.02646706
119963	79	0.026467059
119963	3564	0.026467059
119963	4369	0.026467059
119963	105	0.026467057
119963	1143	0.026467057
120030	6083	0.034032237
120030	1722	0.034032233
120030	2528	0.034032233
120030	4369	0.034032233
120030	4900	0.034032233
120030	6391	0.034032233
120030	79	0.034032226
120030	105	0.034032226
120030	804	0.034032226
120030	1143	0.034032226
120080	2528	0.027206711
120080	6083	0.027206711
120080	1722	0.02720671
120080	4900	0.027206708
120080	6391	0.027206708
120080	3564	0.027206706
120080	4369	0.027206706
120080	79	0.027206704
120080	105	0.027206704
120080	1143	0.027206704
120082	6083	0.028509885
120082	1722	0.028509881
120082	2528	0.028509881
120082	4900	0.02850988
120082	6391	0.02850988
120082	4369	0.028509878
120082	79	0.028509876
120082	105	0.028509876
120082	1143	0.028509876
120082	3564	0.028509876
120093	1722	0.0417345
120093	2528	0.0417345
120093	6083	0.0417345
120093	4369	0.041734498
120093	4900	0.041734498
120093	6391	0.041734498
120093	105	0.041734494
120093	1143	0.041734494
120093	79	0.04173449
120093	3564	0.04173449
120137	1722	0.022272754
120137	2528	0.022272754
120137	6083	0.022272754
120137	79	0.02227275
120137	3564	0.02227275
120137	4369	0.02227275
120137	4900	0.02227275
120137	6391	0.02227275
120137	105	0.022272749
120137	1143	0.022272749
120155	2528	0.029878896
120155	6083	0.029878896
120155	1722	0.029878892
120155	4369	0.029878892
120155	4900	0.029878892
120155	6391	0.029878892
120155	79	0.029878888
120155	105	0.029878888
120155	1143	0.029878888
120155	3564	0.029878888
120178	6083	0.03073677
120178	1722	0.030736769
120178	2528	0.030736769
120178	4900	0.030736767
120178	6391	0.030736767
120178	4369	0.030736765
120178	79	0.030736763
120178	105	0.030736763
120178	1143	0.030736763
120178	3564	0.030736763
120181	1722	0.031280786
120181	2528	0.031280786
120181	6083	0.031280786
120181	4369	0.031280782
120181	4900	0.031280782
120181	6391	0.031280782
120181	79	0.03128078
120181	105	0.03128078
120181	804	0.03128078
120181	1143	0.03128078
120332	6083	0.025395699
120332	2528	0.025395697
120332	1722	0.025395695
120332	4900	0.025395695
120332	6391	0.025395695
120332	4369	0.025395693
120332	79	0.025395691
120332	105	0.025395691
120332	1143	0.025395691
120332	3088	0.025395691
120333	1722	0.0344679
120333	2528	0.0344679
120333	6083	0.0344679
120333	4369	0.034467895
120333	6391	0.034467895
120333	79	0.03446789
120333	105	0.03446789
120333	1143	0.03446789
120333	3088	0.03446789
120333	3564	0.03446789
120345	1722	0.03725651
120345	2528	0.03725651
120345	6083	0.03725651
120345	6391	0.037256505
120345	79	0.0372565
120345	1143	0.0372565
120345	3564	0.0372565
120345	4369	0.0372565
120345	4900	0.0372565
120345	105	0.037256498
120396	6083	0.03959111
120396	1722	0.039591108
120396	2528	0.039591108
120396	4369	0.039591104
120396	4900	0.039591104
120396	6391	0.039591104
120396	1143	0.0395911
120396	79	0.039591096
120396	105	0.039591096
120396	3088	0.039591096
120548	6083	0.031034073
120548	1722	0.031034071
120548	2528	0.031034071
120548	4369	0.03103407
120548	4900	0.03103407
120548	6391	0.03103407
120548	1143	0.031034067
120548	3564	0.031034065
120548	79	0.031034064
120548	105	0.031034064
120565	6083	0.03526444
120565	2528	0.035264436
120565	1722	0.035264432
120565	4369	0.035264432
120565	4900	0.035264432
120565	6391	0.035264432
120565	105	0.03526443
120565	1143	0.03526443
120565	3564	0.03526443
120565	79	0.035264425
120598	1722	0.0383123
120598	2528	0.0383123
120598	6083	0.0383123
120598	6391	0.038312297
120598	79	0.038312294
120598	105	0.038312294
120598	1143	0.038312294
120598	3564	0.038312294
120598	4369	0.038312294
120598	4900	0.038312294
120610	6083	0.024704164
120610	1722	0.024704162
120610	2528	0.024704162
120610	4900	0.02470416
120610	6391	0.02470416
120610	1143	0.024704158
120610	3564	0.024704158
120610	4369	0.024704158
120610	79	0.024704156
120610	105	0.024704156
120696	2528	0.032277077
120696	6083	0.032277077
120696	1722	0.032277074
120696	79	0.03227707
120696	1143	0.03227707
120696	3564	0.03227707
120696	4369	0.03227707
120696	4900	0.03227707
120696	6391	0.03227707
120696	105	0.032277066
120735	6083	0.026761321
120735	1722	0.02676132
120735	2528	0.02676132
120735	6391	0.02676132
120735	4369	0.026761318
120735	4900	0.026761318
120735	105	0.026761316
120735	1143	0.026761316
120735	3564	0.026761316
120735	79	0.026761314
120807	6083	0.03333291
120807	1722	0.033332907
120807	2528	0.033332907
120807	6391	0.033332907
120807	4369	0.033332903
120807	4900	0.033332903
120807	79	0.0333329
120807	105	0.0333329
120807	804	0.0333329
120807	1143	0.0333329
120828	2528	0.031423386
120828	6083	0.031423386
120828	1722	0.031423382
120828	4900	0.031423382
120828	6391	0.031423382
120828	1143	0.03142338
120828	3564	0.03142338
120828	4369	0.03142338
120828	79	0.031423375
120828	105	0.031423375
120829	6083	0.02647573
120829	1722	0.026475728
120829	2528	0.026475728
120829	3564	0.026475724
120829	4369	0.026475724
120829	4900	0.026475724
120829	6391	0.026475724
120829	79	0.026475722
120829	1143	0.026475722
120829	105	0.02647572
120860	6083	0.033080135
120860	2528	0.03308013
120860	4900	0.03308013
120860	1722	0.033080127
120860	6391	0.033080127
120860	79	0.033080123
120860	105	0.033080123
120860	1143	0.033080123
120860	3564	0.033080123
120860	3917	0.033080123
120873	1722	0.039426014
120873	2528	0.039426014
120873	6083	0.039426014
120873	6391	0.03942601
120873	1143	0.039426006
120873	3564	0.039426006
120873	4369	0.039426006
120873	4900	0.039426006
120873	79	0.039426003
120873	105	0.039426003
120908	2528	0.03544295
120908	6083	0.03544295
120908	1722	0.035442945
120908	1143	0.03544294
120908	3564	0.03544294
120908	4369	0.03544294
120908	4900	0.03544294
120908	6391	0.03544294
120908	79	0.035442937
120908	3917	0.035442937
120985	1722	0.03612657
120985	2528	0.03612657
120985	6083	0.03612657
120985	6391	0.036126565
120985	1143	0.03612656
120985	3564	0.03612656
120985	4369	0.03612656
120985	4900	0.03612656
120985	5896	0.03612656
120985	79	0.036126558
121065	6083	0.027779287
121065	2528	0.027779285
121065	1722	0.027779283
121065	3564	0.027779281
121065	4369	0.027779281
121065	4900	0.027779281
121065	6391	0.027779281
121065	79	0.02777928
121065	1143	0.02777928
121065	105	0.027779277
121083	6083	0.021651125
121083	1722	0.021651123
121083	2528	0.021651123
121083	6391	0.02165112
121083	105	0.021651119
121083	1143	0.021651119
121083	3564	0.021651119
121083	4369	0.021651119
121083	4900	0.021651119
121083	79	0.021651117
121093	6083	0.030629482
121093	2528	0.03062948
121093	1722	0.030629478
121093	4900	0.030629478
121093	6391	0.030629478
121093	105	0.030629475
121093	1143	0.030629475
121093	3564	0.030629475
121093	4369	0.030629475
121093	79	0.030629473
121135	6083	0.025558352
121135	2528	0.02555835
121135	1722	0.025558349
121135	4900	0.025558349
121135	6391	0.025558349
121135	4369	0.025558347
121135	79	0.025558345
121135	105	0.025558345
121135	1143	0.025558345
121135	3088	0.025558345
121166	1722	0.026577849
121166	2528	0.026577849
121166	6083	0.026577849
121166	6391	0.026577847
121166	4369	0.026577845
121166	4900	0.026577845
121166	79	0.026577843
121166	105	0.026577843
121166	1143	0.026577843
121166	3564	0.026577843
121167	2528	0.023184069
121167	6083	0.023184069
121167	1722	0.023184067
121167	4900	0.023184067
121167	6391	0.023184067
121167	3564	0.023184065
121167	4369	0.023184065
121167	79	0.023184063
121167	105	0.023184063
121167	1143	0.023184063
121170	1722	0.043252528
121170	2528	0.043252528
121170	6083	0.043252528
121170	4900	0.043252524
121170	6391	0.043252524
121170	105	0.04325252
121170	1143	0.04325252
121170	3564	0.04325252
121170	4369	0.04325252
121170	79	0.043252517
121251	2528	0.026511416
121251	6083	0.026511416
121251	1722	0.026511412
121251	4900	0.026511412
121251	6391	0.026511412
121251	4369	0.02651141
121251	79	0.026511408
121251	105	0.026511408
121251	1143	0.026511408
121251	3564	0.026511408
121264	2528	0.04041568
121264	6083	0.04041568
121264	1722	0.040415674
121264	4369	0.040415674
121264	4900	0.040415674
121264	6391	0.040415674
121264	79	0.04041567
121264	105	0.04041567
121264	1143	0.04041567
121264	3564	0.04041567
121405	6083	0.021259176
121405	1722	0.021259174
121405	2528	0.021259174
121405	4369	0.021259174
121405	4900	0.021259174
121405	6391	0.021259174
121405	79	0.02125917
121405	105	0.02125917
121405	1143	0.02125917
121405	3088	0.02125917
121547	1722	0.034815274
121547	6083	0.034815274
121547	2528	0.03481527
121547	4900	0.03481527
121547	6391	0.03481527
121547	105	0.034815267
121547	1143	0.034815267
121547	3564	0.034815267
121547	4369	0.034815267
121547	79	0.034815263
121592	2528	0.035364628
121592	6083	0.035364628
121592	1722	0.035364624
121592	6391	0.035364624
121592	79	0.03536462
121592	4369	0.03536462
121592	4900	0.03536462
121592	105	0.035364617
121592	1143	0.035364617
121592	3088	0.035364617
121594	2528	0.025943104
121594	6083	0.025943104
121594	1722	0.025943102
121594	4369	0.0259431
121594	4900	0.0259431
121594	6391	0.0259431
121594	79	0.025943099
121594	3564	0.025943099
121594	105	0.025943097
121594	804	0.025943097
121606	6083	0.029361064
121606	2528	0.029361062
121606	1722	0.02936106
121606	3564	0.029361058
121606	4369	0.029361058
121606	4900	0.029361058
121606	6391	0.029361058
121606	105	0.029361056
121606	1143	0.029361056
121606	79	0.029361054
121620	2528	0.034468487
121620	6083	0.034468487
121620	6391	0.034468487
121620	1722	0.034468483
121620	4900	0.034468483
121620	79	0.03446848
121620	105	0.03446848
121620	1143	0.03446848
121620	3564	0.03446848
121620	4369	0.03446848
121817	2528	0.02914944
121817	6083	0.02914944
121817	1722	0.029149437
121817	4369	0.029149435
121817	4900	0.029149435
121817	6391	0.029149435
121817	3564	0.029149434
121817	79	0.029149432
121817	105	0.029149432
121817	1143	0.029149432
121986	2528	0.025244992
121986	6083	0.025244992
121986	1722	0.025244989
121986	4900	0.025244989
121986	6391	0.025244989
121986	1143	0.025244987
121986	3564	0.025244987
121986	4369	0.025244987
121986	79	0.025244985
121986	105	0.025244985
122045	1722	0.026715282
122045	6083	0.026715282
122045	2528	0.02671528
122045	4369	0.026715279
122045	4900	0.026715279
122045	6391	0.026715279
122045	79	0.026715275
122045	105	0.026715275
122045	1143	0.026715275
122045	3564	0.026715275
122096	2528	0.020852603
122096	4900	0.020852603
122096	6083	0.020852603
122096	1722	0.020852601
122096	6391	0.020852601
122096	1143	0.0208526
122096	3564	0.0208526
122096	4369	0.0208526
122096	79	0.020852597
122096	105	0.020852597
122321	6083	0.026857086
122321	1722	0.026857084
122321	2528	0.026857084
122321	6391	0.026857084
122321	4369	0.026857082
122321	4900	0.026857082
122321	1143	0.02685708
122321	79	0.026857078
122321	105	0.026857078
122321	1557	0.026857078
122386	2528	0.041951887
122386	6083	0.041951887
122386	1722	0.041951884
122386	4369	0.04195188
122386	4900	0.04195188
122386	6391	0.04195188
122386	79	0.041951876
122386	1143	0.041951876
122386	3564	0.041951876
122386	105	0.041951872
122418	2528	0.023158826
122418	6083	0.023158826
122418	1722	0.023158822
122418	4369	0.023158822
122418	4900	0.023158822
122418	6391	0.023158822
122418	3564	0.02315882
122418	79	0.023158818
122418	105	0.023158818
122418	804	0.023158818
122429	6083	0.027747847
122429	1722	0.027747843
122429	2528	0.027747843
122429	6391	0.027747843
122429	4369	0.027747842
122429	4900	0.027747842
122429	79	0.02774784
122429	1143	0.02774784
122429	3564	0.02774784
122429	3917	0.027747838
122440	2528	0.051819704
122440	6083	0.051819704
122440	1722	0.051819697
122440	4369	0.051819697
122440	4900	0.051819697
122440	6391	0.051819697
122440	3564	0.051819693
122440	79	0.05181969
122440	105	0.05181969
122440	1143	0.05181969
122506	2528	0.03450657
122506	1722	0.034506567
122506	4900	0.034506567
122506	6083	0.034506567
122506	6391	0.034506567
122506	105	0.034506563
122506	1143	0.034506563
122506	3564	0.034506563
122506	4369	0.034506563
122506	79	0.03450656
122542	2528	0.020364296
122542	6083	0.020364296
122542	6391	0.020364296
122542	1722	0.020364294
122542	4900	0.020364294
122542	79	0.020364292
122542	1143	0.020364292
122542	3564	0.020364292
122542	4369	0.020364292
122542	105	0.02036429
122643	2528	0.024944741
122643	6083	0.024944741
122643	1722	0.02494474
122643	4369	0.024944738
122643	4900	0.024944738
122643	6391	0.024944738
122643	1143	0.024944736
122643	3564	0.024944736
122643	79	0.024944734
122643	105	0.024944734
122671	2528	0.022615178
122671	6083	0.022615178
122671	1722	0.022615176
122671	6391	0.022615176
122671	4900	0.022615174
122671	105	0.022615172
122671	1143	0.022615172
122671	3564	0.022615172
122671	4369	0.022615172
122671	5896	0.022615172
122716	1722	0.032754645
122716	2528	0.032754645
122716	4900	0.032754645
122716	6083	0.032754645
122716	6391	0.032754645
122716	4369	0.03275464
122716	79	0.032754637
122716	105	0.032754637
122716	804	0.032754637
122716	1143	0.032754637
122782	1722	0.028382875
122782	2528	0.028382875
122782	6083	0.028382875
122782	4369	0.028382871
122782	4900	0.028382871
122782	6391	0.028382871
122782	79	0.028382868
122782	105	0.028382868
122782	1143	0.028382868
122782	3564	0.028382868
122784	2528	0.018567676
122784	6083	0.018567676
122784	1722	0.018567674
122784	4369	0.018567674
122784	4900	0.018567674
122784	6391	0.018567674
122784	79	0.018567672
122784	105	0.01856767
122784	804	0.01856767
122784	1143	0.01856767
122793	1722	0.034119777
122793	2528	0.034119777
122793	6083	0.034119777
122793	4900	0.034119774
122793	6391	0.034119774
122793	79	0.03411977
122793	1143	0.03411977
122793	3564	0.03411977
122793	4369	0.03411977
122793	105	0.034119766
122801	1722	0.029756743
122801	2528	0.029756743
122801	6083	0.029756743
122801	4369	0.02975674
122801	4900	0.02975674
122801	6391	0.02975674
122801	79	0.029756736
122801	105	0.029756736
122801	1143	0.029756736
122801	3564	0.029756736
122802	6083	0.028755149
122802	1722	0.028755147
122802	2528	0.028755147
122802	4900	0.028755145
122802	6391	0.028755145
122802	79	0.028755143
122802	1143	0.028755143
122802	3564	0.028755143
122802	4369	0.028755143
122802	105	0.02875514
122867	6083	0.039574943
122867	2528	0.03957494
122867	1722	0.039574936
122867	4369	0.039574936
122867	4900	0.039574936
122867	6391	0.039574936
122867	1143	0.039574932
122867	3564	0.039574932
122867	79	0.03957493
122867	105	0.03957493
122883	2528	0.035914585
122883	6083	0.035914585
122883	1722	0.03591458
122883	1143	0.035914578
122883	3564	0.035914578
122883	4369	0.035914578
122883	4900	0.035914578
122883	6391	0.035914578
122883	79	0.035914574
122883	105	0.035914574
122901	2528	0.02583833
122901	6083	0.02583833
122901	1722	0.025838327
122901	4369	0.025838327
122901	4900	0.025838327
122901	6391	0.025838327
122901	1143	0.025838325
122901	3564	0.025838325
122901	79	0.025838323
122901	105	0.025838323
122958	6083	0.027375478
122958	2528	0.027375476
122958	1722	0.027375475
122958	6391	0.027375475
122958	4900	0.027375473
122958	79	0.02737547
122958	105	0.02737547
122958	1143	0.02737547
122958	3564	0.02737547
122958	4369	0.02737547
123056	1722	0.039425917
123056	2528	0.039425917
123056	6083	0.039425917
123056	1143	0.03942591
123056	4900	0.03942591
123056	6391	0.03942591
123056	79	0.039425906
123056	105	0.039425906
123056	3564	0.039425906
123056	3917	0.039425906
123066	1722	0.028276034
123066	2528	0.028276034
123066	6083	0.028276034
123066	6391	0.028276032
123066	4369	0.02827603
123066	4900	0.02827603
123066	1143	0.028276028
123066	3564	0.028276028
123066	79	0.028276026
123066	105	0.028276026
123094	2528	0.037998214
123094	6083	0.037998214
123094	1722	0.03799821
123094	6391	0.03799821
123094	79	0.037998207
123094	105	0.037998207
123094	1143	0.037998207
123094	3564	0.037998207
123094	4369	0.037998207
123094	4900	0.037998207
123095	2528	0.030184913
123095	6083	0.030184913
123095	1722	0.030184912
123095	4369	0.03018491
123095	4900	0.03018491
123095	6391	0.03018491
123095	3564	0.030184908
123095	79	0.030184906
123095	105	0.030184906
123095	1143	0.030184906
123115	6083	0.02263183
123115	2528	0.022631828
123115	1722	0.022631826
123115	1143	0.022631824
123115	3564	0.022631824
123115	4369	0.022631824
123115	4900	0.022631824
123115	6391	0.022631824
123115	79	0.022631822
123115	105	0.022631822
123143	6083	0.02746327
123143	1722	0.027463268
123143	2528	0.027463268
123143	6391	0.027463267
123143	79	0.027463265
123143	1143	0.027463265
123143	3564	0.027463265
123143	4369	0.027463265
123143	4900	0.027463265
123143	105	0.027463263
123154	6083	0.025356475
123154	2528	0.025356473
123154	1722	0.025356472
123154	4369	0.025356472
123154	4900	0.025356472
123154	6391	0.025356472
123154	105	0.02535647
123154	79	0.025356468
123154	1143	0.025356468
123154	3564	0.025356468
123160	1722	0.033421442
123160	2528	0.033421442
123160	4900	0.033421442
123160	6083	0.033421442
123160	4369	0.03342144
123160	6391	0.03342144
123160	79	0.033421434
123160	105	0.033421434
123160	1143	0.033421434
123160	1557	0.033421434
123203	6083	0.023567185
123203	2528	0.023567183
123203	1722	0.023567181
123203	4369	0.023567181
123203	4900	0.023567181
123203	6391	0.023567181
123203	3564	0.02356718
123203	79	0.023567177
123203	105	0.023567177
123203	1143	0.023567177
123215	6083	0.032779712
123215	1722	0.03277971
123215	2528	0.03277971
123215	4900	0.03277971
123215	6391	0.03277971
123215	4369	0.032779705
123215	79	0.0327797
123215	105	0.0327797
123215	1143	0.0327797
123215	3088	0.0327797
123228	6083	0.025889896
123228	2528	0.025889894
123228	1722	0.025889892
123228	4369	0.025889892
123228	4900	0.025889892
123228	6391	0.025889892
123228	3564	0.02588989
123228	79	0.025889888
123228	105	0.025889888
123228	1143	0.025889888
123257	1722	0.041000172
123257	2528	0.041000172
123257	6083	0.041000172
123257	6391	0.04100017
123257	105	0.041000165
123257	1143	0.041000165
123257	3564	0.041000165
123257	4369	0.041000165
123257	4900	0.041000165
123257	79	0.04100016
123298	2528	0.030748693
123298	6083	0.030748693
123298	1722	0.030748691
123298	6391	0.030748691
123298	4900	0.03074869
123298	4369	0.030748688
123298	79	0.030748686
123298	1143	0.030748686
123298	3564	0.030748686
123298	105	0.030748684
123430	6083	0.02374204
123430	1722	0.023742039
123430	2528	0.023742039
123430	4900	0.023742037
123430	6391	0.023742037
123430	79	0.023742035
123430	3564	0.023742035
123430	4369	0.023742035
123430	105	0.023742033
123430	1143	0.023742033
123433	6083	0.028336247
123433	1722	0.028336246
123433	2528	0.028336246
123433	4900	0.028336246
123433	6391	0.028336244
123433	1143	0.028336242
123433	3564	0.028336242
123433	4369	0.028336242
123433	79	0.02833624
123433	105	0.028336238
123460	1722	0.034076333
123460	2528	0.034076333
123460	6083	0.034076333
123460	4900	0.03407633
123460	6391	0.03407633
123460	79	0.034076326
123460	105	0.034076326
123460	1143	0.034076326
123460	3088	0.034076326
123460	3564	0.034076326
123468	2528	0.036833357
123468	6083	0.036833357
123468	1722	0.036833353
123468	3564	0.036833353
123468	4369	0.036833353
123468	4900	0.036833353
123468	6391	0.036833353
123468	105	0.03683335
123468	3917	0.03683335
123468	79	0.036833346
123510	6083	0.03387546
123510	1722	0.033875458
123510	2528	0.033875458
123510	4369	0.033875458
123510	6391	0.033875458
123510	105	0.033875454
123510	1143	0.033875454
123510	3564	0.033875454
123510	4900	0.033875454
123510	79	0.03387545
123515	6083	0.02822242
123515	2528	0.028222417
123515	1722	0.028222416
123515	4900	0.028222416
123515	6391	0.028222416
123515	1143	0.028222412
123515	3564	0.028222412
123515	4369	0.028222412
123515	79	0.02822241
123515	105	0.02822241
123543	2528	0.039228294
123543	1722	0.03922829
123543	6083	0.03922829
123543	4900	0.039228287
123543	6391	0.039228287
123543	79	0.039228283
123543	105	0.039228283
123543	1143	0.039228283
123543	3564	0.039228283
123543	4369	0.039228283
123544	6083	0.039456747
123544	1722	0.039456744
123544	2528	0.039456744
123544	4369	0.03945674
123544	4900	0.03945674
123544	6391	0.03945674
123544	79	0.039456736
123544	3564	0.039456736
123544	105	0.039456733
123544	804	0.039456733
123597	2528	0.02514958
123597	6083	0.02514958
123597	1722	0.025149578
123597	79	0.025149576
123597	4369	0.025149576
123597	4900	0.025149576
123597	6391	0.025149576
123597	105	0.025149575
123597	1143	0.025149575
123597	3564	0.025149575
123608	2528	0.02531072
123608	1722	0.025310718
123608	6083	0.025310718
123608	3564	0.025310714
123608	4369	0.025310714
123608	4900	0.025310714
123608	6391	0.025310714
123608	79	0.025310712
123608	105	0.025310712
123608	1143	0.025310712
123625	6083	0.031443164
123625	1722	0.031443156
123625	2528	0.031443156
123625	4369	0.031443156
123625	4900	0.031443156
123625	6391	0.031443156
123625	105	0.031443153
123625	1143	0.031443153
123625	3564	0.031443153
123625	79	0.03144315
123649	2528	0.03411915
123649	6083	0.03411915
123649	1722	0.034119148
123649	6391	0.034119148
123649	79	0.034119144
123649	1143	0.034119144
123649	3088	0.034119144
123649	3564	0.034119144
123649	4369	0.034119144
123649	4900	0.034119144
123676	1722	0.02611624
123676	2528	0.02611624
123676	6083	0.02611624
123676	4369	0.026116239
123676	4900	0.026116239
123676	6391	0.026116239
123676	1143	0.026116237
123676	3564	0.026116237
123676	79	0.026116235
123676	105	0.026116235
123724	1722	0.023720969
123724	2528	0.023720969
123724	6083	0.023720969
123724	4900	0.023720967
123724	6391	0.023720967
123724	79	0.023720965
123724	3564	0.023720965
123724	4369	0.023720965
123724	105	0.023720963
123724	1143	0.023720963
123732	6083	0.027980922
123732	1722	0.02798092
123732	2528	0.02798092
123732	6391	0.02798092
123732	4900	0.027980918
123732	79	0.027980916
123732	105	0.027980916
123732	3564	0.027980916
123732	4369	0.027980916
123732	1143	0.027980914
123744	1722	0.0347849
123744	2528	0.0347849
123744	4900	0.0347849
123744	6083	0.0347849
123744	6391	0.0347849
123744	4369	0.034784894
123744	79	0.03478489
123744	105	0.03478489
123744	804	0.03478489
123744	1143	0.03478489
123790	6083	0.025672914
123790	1722	0.025672913
123790	2528	0.025672913
123790	4369	0.025672909
123790	4900	0.025672909
123790	6391	0.025672909
123790	79	0.025672907
123790	3564	0.025672907
123790	105	0.025672905
123790	804	0.025672905
123801	1722	0.023053166
123801	2528	0.023053166
123801	6083	0.023053166
123801	4900	0.023053164
123801	6391	0.023053164
123801	79	0.023053162
123801	105	0.023053162
123801	1143	0.023053162
123801	3564	0.023053162
123801	4369	0.023053162
123825	2528	0.037872642
123825	6083	0.037872642
123825	1722	0.03787264
123825	1143	0.037872635
123825	3564	0.037872635
123825	4369	0.037872635
123825	4900	0.037872635
123825	6391	0.037872635
123825	79	0.03787263
123825	105	0.03787263
123867	1722	0.025330018
123867	2528	0.025330018
123867	6083	0.025330018
123867	6391	0.025330016
123867	4900	0.025330015
123867	4369	0.025330013
123867	79	0.02533001
123867	105	0.02533001
123867	1143	0.02533001
123867	1557	0.02533001
123981	6083	0.037307896
123981	1722	0.037307892
123981	2528	0.037307892
123981	1143	0.03730789
123981	4369	0.03730789
123981	4900	0.03730789
123981	6391	0.03730789
123981	79	0.037307885
123981	105	0.037307885
123981	804	0.03730788
123988	2528	0.021313395
123988	1722	0.021313393
123988	6083	0.021313393
123988	1143	0.021313392
123988	4369	0.021313392
123988	4900	0.021313392
123988	6391	0.021313392
123988	3564	0.02131339
123988	79	0.021313388
123988	105	0.021313388
124048	6083	0.026436154
124048	1722	0.026436152
124048	2528	0.026436152
124048	4900	0.02643615
124048	6391	0.02643615
124048	3564	0.026436148
124048	4369	0.026436148
124048	79	0.026436146
124048	105	0.026436146
124048	1143	0.026436146
124066	6083	0.026248217
124066	1722	0.026248215
124066	2528	0.026248215
124066	4369	0.026248213
124066	4900	0.026248213
124066	6391	0.026248213
124066	1143	0.026248211
124066	3564	0.026248211
124066	79	0.02624821
124066	105	0.02624821
124078	2528	0.037029456
124078	1722	0.037029453
124078	6083	0.037029453
124078	4369	0.03702945
124078	6391	0.03702945
124078	79	0.037029445
124078	105	0.037029445
124078	1143	0.037029445
124078	1557	0.037029445
124078	3088	0.037029445
124079	6083	0.029205706
124079	2528	0.029205704
124079	1722	0.029205702
124079	6391	0.029205702
124079	4900	0.0292057
124079	3564	0.029205699
124079	4369	0.029205699
124079	79	0.029205697
124079	1143	0.029205697
124079	5896	0.029205697
124175	6083	0.03808067
124175	2528	0.038080666
124175	1722	0.038080662
124175	4369	0.038080662
124175	4900	0.038080662
124175	6391	0.038080662
124175	1143	0.03808066
124175	3564	0.03808066
124175	79	0.038080655
124175	105	0.038080655
124207	2528	0.03368097
124207	6083	0.03368097
124207	1722	0.033680968
124207	4900	0.033680968
124207	6391	0.033680968
124207	1143	0.033680964
124207	3564	0.033680964
124207	4369	0.033680964
124207	79	0.03368096
124207	105	0.03368096
124259	6083	0.033624284
124259	1722	0.03362428
124259	2528	0.03362428
124259	79	0.033624277
124259	105	0.033624277
124259	1143	0.033624277
124259	3088	0.033624277
124259	4369	0.033624277
124259	4900	0.033624277
124259	6391	0.033624277
124298	1722	0.023739222
124298	2528	0.023739222
124298	6083	0.023739222
124298	4369	0.023739219
124298	4900	0.023739219
124298	6391	0.023739219
124298	79	0.023739217
124298	3564	0.023739217
124298	105	0.023739215
124298	804	0.023739215
124310	6083	0.026303314
124310	1722	0.02630331
124310	2528	0.02630331
124310	6391	0.02630331
124310	4369	0.026303308
124310	4900	0.026303308
124310	1143	0.026303306
124310	3564	0.026303306
124310	79	0.026303304
124310	105	0.026303304
124322	1722	0.03628494
124322	2528	0.03628494
124322	4369	0.03628494
124322	6083	0.03628494
124322	6391	0.03628494
124322	3564	0.036284935
124322	4900	0.036284935
124322	79	0.03628493
124322	105	0.03628493
124322	1143	0.03628493
124363	1722	0.03349539
124363	2528	0.03349539
124363	6083	0.03349539
124363	4900	0.033495385
124363	6391	0.033495385
124363	79	0.03349538
124363	1143	0.03349538
124363	3564	0.03349538
124363	4369	0.03349538
124363	105	0.033495378
124474	2528	0.039348524
124474	1722	0.03934852
124474	6083	0.03934852
124474	4369	0.039348517
124474	4900	0.039348517
124474	6391	0.039348517
124474	79	0.039348513
124474	105	0.039348513
124474	1143	0.039348513
124474	1557	0.039348513
124487	2528	0.033098385
124487	6083	0.033098385
124487	1722	0.03309838
124487	79	0.033098377
124487	105	0.033098377
124487	1143	0.033098377
124487	3564	0.033098377
124487	4900	0.033098377
124487	6391	0.033098377
124487	3088	0.033098374
124488	6083	0.026837906
124488	1722	0.026837904
124488	2528	0.026837904
124488	6391	0.026837902
124488	3564	0.0268379
124488	4369	0.0268379
124488	4900	0.0268379
124488	1143	0.026837898
124488	79	0.026837897
124488	105	0.026837897
124597	1722	0.041388035
124597	2528	0.041388035
124597	6083	0.041388035
124597	4900	0.04138803
124597	6391	0.04138803
124597	79	0.041388027
124597	1143	0.041388027
124597	3564	0.041388027
124597	4369	0.041388027
124597	105	0.041388024
124688	6083	0.027815124
124688	1722	0.027815122
124688	2528	0.027815122
124688	4369	0.027815118
124688	4900	0.027815118
124688	79	0.027815117
124688	105	0.027815117
124688	1143	0.027815117
124688	3564	0.027815117
124688	1557	0.027815115
124720	1722	0.031306632
124720	2528	0.031306632
124720	6083	0.031306632
124720	4369	0.03130663
124720	4900	0.03130663
124720	6391	0.03130663
124720	79	0.031306624
124720	105	0.031306624
124720	1143	0.031306624
124720	3088	0.031306624
124732	1722	0.023738597
124732	2528	0.023738597
124732	6083	0.023738597
124732	4900	0.023738595
124732	6391	0.023738595
124732	79	0.023738593
124732	105	0.023738593
124732	1143	0.023738593
124732	3564	0.023738593
124732	4369	0.023738593
124747	1722	0.03136199
124747	2528	0.03136199
124747	6083	0.03136199
124747	4900	0.031361986
124747	6391	0.031361986
124747	79	0.031361982
124747	105	0.031361982
124747	1143	0.031361982
124747	3564	0.031361982
124747	3917	0.031361982
124769	2528	0.034463897
124769	6083	0.034463894
124769	1722	0.03446389
124769	3564	0.03446389
124769	4369	0.03446389
124769	4900	0.03446389
124769	6391	0.03446389
124769	79	0.034463886
124769	1143	0.034463886
124769	105	0.034463882
124852	6083	0.027965823
124852	1722	0.027965821
124852	2528	0.027965821
124852	4369	0.02796582
124852	4900	0.02796582
124852	6391	0.02796582
124852	79	0.027965818
124852	105	0.027965818
124852	1143	0.027965818
124852	3564	0.027965818
124874	6083	0.038624812
124874	1722	0.03862481
124874	2528	0.03862481
124874	4369	0.038624804
124874	4900	0.038624804
124874	6391	0.038624804
124874	79	0.0386248
124874	105	0.0386248
124874	1143	0.0386248
124874	1557	0.0386248
124876	6083	0.035856266
124876	1722	0.03585626
124876	2528	0.03585626
124876	4900	0.03585626
124876	6391	0.03585626
124876	4369	0.035856258
124876	79	0.035856254
124876	105	0.035856254
124876	1143	0.035856254
124876	3088	0.035856254
124888	1722	0.033276096
124888	2528	0.033276096
124888	6083	0.033276096
124888	4369	0.033276092
124888	4900	0.033276092
124888	6391	0.033276092
124888	79	0.03327609
124888	105	0.03327609
124888	804	0.03327609
124888	1143	0.03327609
124915	1722	0.029050123
124915	2528	0.029050123
124915	6083	0.029050123
124915	6391	0.029050121
124915	4369	0.02905012
124915	4900	0.02905012
124915	79	0.029050117
124915	3564	0.029050117
124915	105	0.029050115
124915	804	0.029050115
124942	6083	0.02743123
124942	2528	0.027431227
124942	1722	0.027431225
124942	4369	0.027431224
124942	4900	0.027431224
124942	6391	0.027431224
124942	79	0.027431222
124942	3564	0.027431222
124942	105	0.02743122
124942	1143	0.02743122
124983	6083	0.030146519
124983	1722	0.030146517
124983	2528	0.030146517
124983	6391	0.030146517
124983	4900	0.030146515
124983	3564	0.030146513
124983	4369	0.030146513
124983	105	0.030146511
124983	1143	0.030146511
124983	79	0.03014651
124989	6083	0.041378926
124989	2528	0.041378923
124989	1722	0.04137892
124989	4900	0.04137892
124989	79	0.041378915
124989	1143	0.041378915
124989	3564	0.041378915
124989	4369	0.041378915
124989	6391	0.041378915
124989	105	0.04137891
124993	6083	0.030239204
124993	1722	0.030239202
124993	2528	0.030239202
124993	6391	0.0302392
124993	4369	0.030239198
124993	4900	0.030239198
124993	1143	0.030239196
124993	3564	0.030239196
124993	79	0.030239195
124993	105	0.030239195
125031	6083	0.035825167
125031	1722	0.035825163
125031	2528	0.035825163
125031	4369	0.035825163
125031	6391	0.035825163
125031	4900	0.03582516
125031	79	0.035825156
125031	105	0.035825156
125031	1143	0.035825156
125031	1557	0.035825156
125039	1722	0.03553077
125039	2528	0.03553077
125039	6083	0.03553077
125039	6391	0.03553077
125039	4369	0.035530765
125039	79	0.03553076
125039	105	0.03553076
125039	1143	0.03553076
125039	3564	0.03553076
125039	4900	0.03553076
125060	2528	0.023746878
125060	6083	0.023746878
125060	1722	0.023746876
125060	4369	0.023746874
125060	4900	0.023746874
125060	6391	0.023746874
125060	1143	0.023746872
125060	79	0.02374687
125060	105	0.02374687
125060	3088	0.02374687
125063	2528	0.02173205
125063	6083	0.02173205
125063	1722	0.021732049
125063	4900	0.021732049
125063	1143	0.021732047
125063	3564	0.021732047
125063	4369	0.021732047
125063	6391	0.021732047
125063	79	0.021732045
125063	105	0.021732043
125133	6083	0.028954716
125133	1722	0.028954715
125133	2528	0.028954715
125133	4369	0.028954713
125133	4900	0.028954713
125133	6391	0.028954713
125133	3564	0.02895471
125133	79	0.028954709
125133	1143	0.028954709
125133	105	0.028954707
125171	1722	0.022439927
125171	2528	0.022439927
125171	6083	0.022439927
125171	6391	0.022439927
125171	4900	0.022439925
125171	79	0.022439923
125171	105	0.022439923
125171	1143	0.022439923
125171	3564	0.022439923
125171	4369	0.022439923
125203	1722	0.03681951
125203	2528	0.03681951
125203	6083	0.03681951
125203	6391	0.036819506
125203	79	0.036819503
125203	105	0.036819503
125203	1143	0.036819503
125203	3564	0.036819503
125203	3917	0.036819503
125203	4369	0.036819503
125216	2528	0.029468972
125216	6083	0.029468972
125216	1722	0.02946897
125216	4900	0.029468969
125216	6391	0.029468969
125216	4369	0.029468967
125216	79	0.029468965
125216	105	0.029468965
125216	1143	0.029468965
125216	3564	0.029468965
125217	1722	0.033845022
125217	2528	0.033845022
125217	6083	0.033845022
125217	6391	0.033845022
125217	4369	0.03384502
125217	79	0.033845015
125217	105	0.033845015
125217	1143	0.033845015
125217	1557	0.033845015
125217	3088	0.033845015
125287	6083	0.02883446
125287	1722	0.028834458
125287	2528	0.028834458
125287	4369	0.028834457
125287	4900	0.028834457
125287	6391	0.028834457
125287	3564	0.028834455
125287	1143	0.028834453
125287	79	0.028834451
125287	105	0.028834451
125396	2528	0.035063136
125396	6083	0.035063136
125396	1722	0.035063133
125396	4369	0.035063133
125396	4900	0.035063133
125396	6391	0.035063133
125396	3564	0.03506313
125396	79	0.035063125
125396	105	0.035063125
125396	804	0.035063125
125411	1722	0.0344268
125411	2528	0.0344268
125411	6083	0.0344268
125411	6391	0.0344268
125411	4369	0.034426797
125411	4900	0.034426797
125411	79	0.034426793
125411	105	0.034426793
125411	804	0.034426793
125411	1143	0.034426793
125514	2528	0.03656704
125514	6083	0.03656704
125514	1722	0.036567036
125514	79	0.036567032
125514	3564	0.036567032
125514	4369	0.036567032
125514	4900	0.036567032
125514	6391	0.036567032
125514	105	0.03656703
125514	1143	0.03656703
125519	2528	0.04745473
125519	6083	0.04745473
125519	1722	0.047454726
125519	6391	0.047454726
125519	1143	0.047454722
125519	3564	0.047454722
125519	4369	0.047454722
125519	4900	0.047454722
125519	79	0.047454715
125519	105	0.047454715
125538	1722	0.031327076
125538	2528	0.031327076
125538	4900	0.031327076
125538	6083	0.031327076
125538	6391	0.031327076
125538	105	0.031327073
125538	3564	0.031327073
125538	4369	0.031327073
125538	79	0.03132707
125538	1143	0.03132707
125692	1722	0.034347787
125692	2528	0.034347787
125692	6083	0.034347787
125692	4900	0.034347784
125692	6391	0.034347784
125692	79	0.03434778
125692	105	0.03434778
125692	1143	0.03434778
125692	3564	0.03434778
125692	3917	0.03434778
125701	1722	0.02734343
125701	2528	0.02734343
125701	6083	0.02734343
125701	6391	0.027343428
125701	4369	0.027343426
125701	4900	0.027343426
125701	79	0.027343424
125701	1143	0.027343424
125701	3564	0.027343424
125701	105	0.027343422
125736	2528	0.029757198
125736	6083	0.029757198
125736	1722	0.029757194
125736	4900	0.029757194
125736	6391	0.029757194
125736	4369	0.029757192
125736	79	0.02975719
125736	1143	0.02975719
125736	3564	0.02975719
125736	105	0.029757189
125779	1722	0.024979994
125779	2528	0.024979994
125779	4369	0.024979994
125779	6083	0.024979994
125779	6391	0.024979994
125779	105	0.02497999
125779	1143	0.02497999
125779	3564	0.02497999
125779	4900	0.02497999
125779	79	0.024979988
125808	1722	0.032665387
125808	2528	0.032665387
125808	6083	0.032665387
125808	4900	0.032665383
125808	6391	0.032665383
125808	79	0.03266538
125808	105	0.03266538
125808	1143	0.03266538
125808	3564	0.03266538
125808	3917	0.03266538
125878	1722	0.023776975
125878	2528	0.023776975
125878	6083	0.023776975
125878	6391	0.023776973
125878	1143	0.02377697
125878	3564	0.02377697
125878	4369	0.02377697
125878	4900	0.02377697
125878	79	0.023776969
125878	105	0.023776969
125892	6083	0.026908567
125892	1722	0.026908563
125892	2528	0.026908563
125892	3564	0.026908562
125892	4369	0.026908562
125892	4900	0.026908562
125892	6391	0.026908562
125892	105	0.02690856
125892	1143	0.02690856
125892	79	0.026908558
125928	1722	0.031904943
125928	2528	0.031904943
125928	4900	0.031904943
125928	6083	0.031904943
125928	4369	0.03190494
125928	6391	0.03190494
125928	79	0.031904936
125928	105	0.031904936
125928	804	0.031904936
125928	1143	0.031904936
126053	6083	0.025610963
126053	1722	0.025610961
126053	2528	0.025610961
126053	6391	0.02561096
126053	79	0.025610957
126053	1143	0.025610957
126053	3564	0.025610957
126053	4369	0.025610957
126053	4900	0.025610957
126053	105	0.025610955
126072	1722	0.030679002
126072	2528	0.030679002
126072	6083	0.030679002
126072	6391	0.030679
126072	3564	0.030678999
126072	4369	0.030678999
126072	4900	0.030678999
126072	79	0.030678997
126072	105	0.030678995
126072	1143	0.030678995
126149	6083	0.036884055
126149	1722	0.036884047
126149	2528	0.036884047
126149	6391	0.036884047
126149	4369	0.036884043
126149	4900	0.036884043
126149	79	0.03688404
126149	105	0.03688404
126149	804	0.03688404
126149	1143	0.03688404
126196	1722	0.038368106
126196	2528	0.038368106
126196	6083	0.038368106
126196	4900	0.038368102
126196	1143	0.0383681
126196	4369	0.0383681
126196	6391	0.0383681
126196	79	0.038368095
126196	105	0.038368095
126196	3564	0.038368095
126232	6083	0.02652703
126232	1722	0.026527029
126232	2528	0.026527029
126232	4900	0.026527027
126232	6391	0.026527027
126232	79	0.026527025
126232	3564	0.026527025
126232	4369	0.026527025
126232	105	0.026527023
126232	1143	0.026527023
126240	2528	0.02441924
126240	6083	0.02441924
126240	1722	0.024419239
126240	4369	0.024419237
126240	4900	0.024419237
126240	6391	0.024419237
126240	79	0.024419233
126240	105	0.024419233
126240	1143	0.024419233
126240	3564	0.024419233
126296	2528	0.032392077
126296	6083	0.032392077
126296	6391	0.032392077
126296	1722	0.032392073
126296	4369	0.032392073
126296	4900	0.032392073
126296	79	0.03239207
126296	105	0.03239207
126296	804	0.03239207
126296	1143	0.03239207
126298	1722	0.027914334
126298	2528	0.027914334
126298	6083	0.027914334
126298	6391	0.027914332
126298	4369	0.02791433
126298	4900	0.02791433
126298	1143	0.027914329
126298	3564	0.027914329
126298	79	0.027914327
126298	105	0.027914327
126388	6083	0.035303418
126388	1722	0.035303414
126388	2528	0.035303414
126388	6391	0.03530341
126388	79	0.035303406
126388	105	0.035303406
126388	1143	0.035303406
126388	1557	0.035303406
126388	3564	0.035303406
126388	4369	0.035303406
126395	2528	0.02837558
126395	6083	0.02837558
126395	1722	0.028375577
126395	4369	0.028375577
126395	4900	0.028375577
126395	6391	0.028375577
126395	79	0.028375573
126395	105	0.028375573
126395	1143	0.028375573
126395	3088	0.028375573
126487	6083	0.03541281
126487	1722	0.035412807
126487	2528	0.035412807
126487	3564	0.035412803
126487	4369	0.035412803
126487	4900	0.035412803
126487	6391	0.035412803
126487	79	0.0354128
126487	105	0.0354128
126487	1143	0.0354128
126492	1722	0.038471296
126492	2528	0.038471296
126492	6083	0.038471296
126492	79	0.03847129
126492	105	0.03847129
126492	3564	0.03847129
126492	4369	0.03847129
126492	4900	0.03847129
126492	6391	0.03847129
126492	1143	0.038471285
126585	6083	0.02954312
126585	1722	0.029543117
126585	2528	0.029543117
126585	6391	0.029543117
126585	4369	0.029543115
126585	4900	0.029543115
126585	79	0.029543113
126585	1143	0.029543113
126585	3564	0.029543113
126585	105	0.029543111
126604	1722	0.03417459
126604	2528	0.03417459
126604	6083	0.03417459
126604	4900	0.034174588
126604	6391	0.034174588
126604	79	0.034174584
126604	105	0.034174584
126604	1143	0.034174584
126604	3564	0.034174584
126604	4369	0.034174584
126693	1722	0.027042877
126693	2528	0.027042877
126693	6083	0.027042877
126693	4900	0.027042875
126693	6391	0.027042875
126693	1143	0.027042873
126693	4369	0.027042873
126693	79	0.027042871
126693	105	0.027042871
126693	3564	0.027042871
126697	6083	0.027355459
126697	1722	0.027355457
126697	2528	0.027355457
126697	4369	0.027355455
126697	4900	0.027355455
126697	6391	0.027355455
126697	3564	0.027355453
126697	79	0.027355451
126697	105	0.027355451
126697	1143	0.027355451
126726	1722	0.035643045
126726	2528	0.035643045
126726	6083	0.035643045
126726	4369	0.03564304
126726	4900	0.03564304
126726	6391	0.03564304
126726	105	0.035643037
126726	1143	0.035643037
126726	3564	0.035643037
126726	79	0.035643034
126736	1722	0.042209245
126736	2528	0.042209245
126736	4900	0.042209245
126736	6083	0.042209245
126736	6391	0.042209245
126736	4369	0.04220924
126736	79	0.042209238
126736	105	0.042209238
126736	1143	0.042209238
126736	3088	0.042209238
126803	2528	0.03279633
126803	6083	0.03279633
126803	4900	0.032796327
126803	6391	0.032796327
126803	79	0.032796323
126803	105	0.032796323
126803	1143	0.032796323
126803	1722	0.032796323
126803	3564	0.032796323
126803	4369	0.032796323
126810	6083	0.029993474
126810	2528	0.029993473
126810	1722	0.02999347
126810	6391	0.02999347
126810	4369	0.029993469
126810	4900	0.029993469
126810	79	0.029993467
126810	105	0.029993467
126810	1143	0.029993467
126810	3564	0.029993467
126812	6083	0.03324854
126812	1722	0.033248536
126812	2528	0.033248536
126812	4369	0.033248536
126812	4900	0.033248536
126812	6391	0.033248536
126812	79	0.033248533
126812	105	0.03324853
126812	804	0.03324853
126812	1143	0.03324853
126814	2528	0.028328326
126814	6083	0.028328326
126814	1722	0.028328324
126814	6391	0.028328324
126814	4369	0.028328322
126814	4900	0.028328322
126814	3564	0.02832832
126814	79	0.028328318
126814	105	0.028328318
126814	804	0.028328318
126824	6083	0.029733349
126824	1722	0.029733345
126824	2528	0.029733345
126824	6391	0.029733345
126824	4900	0.029733343
126824	3564	0.029733341
126824	4369	0.029733341
126824	1143	0.02973334
126824	79	0.029733337
126824	105	0.029733337
126827	6083	0.02951883
126827	1722	0.029518828
126827	2528	0.029518828
126827	4369	0.029518824
126827	4900	0.029518824
126827	6391	0.029518824
126827	1143	0.029518822
126827	79	0.02951882
126827	105	0.02951882
126827	3088	0.02951882
126860	6083	0.026449101
126860	1722	0.0264491
126860	2528	0.0264491
126860	4900	0.026449097
126860	6391	0.026449097
126860	3564	0.026449095
126860	4369	0.026449095
126860	79	0.026449094
126860	105	0.026449094
126860	804	0.026449092
126903	6083	0.03190386
126903	1722	0.031903856
126903	2528	0.031903856
126903	4369	0.031903856
126903	4900	0.031903856
126903	6391	0.031903856
126903	1143	0.03190385
126903	79	0.031903848
126903	105	0.031903848
126903	1557	0.031903848
126907	1722	0.029727172
126907	2528	0.029727172
126907	6083	0.029727172
126907	4369	0.029727168
126907	4900	0.029727168
126907	6391	0.029727168
126907	105	0.029727167
126907	1143	0.029727167
126907	3564	0.029727167
126907	79	0.029727165
126985	1722	0.031711236
126985	2528	0.031711236
126985	6083	0.031711236
126985	6391	0.031711232
126985	79	0.03171123
126985	105	0.03171123
126985	1143	0.03171123
126985	3564	0.03171123
126985	4369	0.03171123
126985	4900	0.03171123
127024	6083	0.028920088
127024	2528	0.028920086
127024	1722	0.028920084
127024	6391	0.028920084
127024	4369	0.028920082
127024	4900	0.028920082
127024	79	0.02892008
127024	105	0.02892008
127024	1143	0.02892008
127024	3564	0.02892008
127036	6083	0.030623054
127036	1722	0.030623052
127036	2528	0.030623052
127036	6391	0.03062305
127036	1143	0.030623049
127036	4369	0.030623049
127036	4900	0.030623049
127036	3564	0.030623047
127036	79	0.030623045
127036	105	0.030623045
127049	1722	0.02877172
127049	2528	0.02877172
127049	6083	0.02877172
127049	4369	0.028771717
127049	4900	0.028771717
127049	6391	0.028771717
127049	1143	0.028771715
127049	79	0.028771713
127049	105	0.028771713
127049	3088	0.028771713
127113	2528	0.02762818
127113	6083	0.02762818
127113	1722	0.027628178
127113	4900	0.027628178
127113	6391	0.027628178
127113	1143	0.027628176
127113	3564	0.027628176
127113	4369	0.027628176
127113	79	0.027628174
127113	105	0.027628174
127122	6083	0.028706836
127122	1722	0.028706834
127122	2528	0.028706834
127122	4900	0.028706832
127122	6391	0.028706832
127122	79	0.02870683
127122	3564	0.02870683
127122	4369	0.02870683
127122	105	0.028706828
127122	1143	0.028706828
127129	6083	0.036664855
127129	1722	0.03666485
127129	2528	0.03666485
127129	3564	0.03666485
127129	4369	0.03666485
127129	4900	0.03666485
127129	6391	0.03666485
127129	79	0.036664847
127129	1143	0.036664847
127129	105	0.036664844
127131	2528	0.03472466
127131	6083	0.03472466
127131	1722	0.034724656
127131	105	0.034724653
127131	1143	0.034724653
127131	3564	0.034724653
127131	3978	0.034724653
127131	4369	0.034724653
127131	4900	0.034724653
127131	6391	0.034724653
127168	2528	0.028720545
127168	6083	0.028720545
127168	1722	0.028720543
127168	4900	0.02872054
127168	6391	0.02872054
127168	1143	0.028720539
127168	3564	0.028720539
127168	4369	0.028720539
127168	79	0.028720537
127168	105	0.028720537
127171	6083	0.03224611
127171	1722	0.032246105
127171	2528	0.032246105
127171	4900	0.032246105
127171	6391	0.032246105
127171	4369	0.0322461
127171	79	0.032246098
127171	105	0.032246098
127171	1143	0.032246098
127171	1557	0.032246098
127190	2528	0.030147288
127190	6083	0.030147286
127190	1722	0.030147284
127190	6391	0.030147284
127190	4369	0.030147282
127190	4900	0.030147282
127190	79	0.03014728
127190	1143	0.03014728
127190	3564	0.03014728
127190	105	0.030147279
127200	2528	0.03506703
127200	6083	0.03506703
127200	1722	0.035067026
127200	79	0.03506702
127200	1143	0.03506702
127200	4369	0.03506702
127200	4900	0.03506702
127200	6391	0.03506702
127200	105	0.035067018
127200	3088	0.035067018
127203	6083	0.027823841
127203	1722	0.02782384
127203	2528	0.02782384
127203	4900	0.027823837
127203	6391	0.027823837
127203	3564	0.027823836
127203	4369	0.027823836
127203	1143	0.027823834
127203	79	0.027823832
127203	105	0.027823832
127233	2528	0.039028287
127233	6083	0.039028287
127233	1722	0.039028283
127233	3564	0.03902828
127233	4369	0.03902828
127233	4900	0.03902828
127233	6391	0.03902828
127233	105	0.039028276
127233	1143	0.039028276
127233	79	0.039028272
127359	1722	0.04371696
127359	2528	0.04371696
127359	6083	0.04371696
127359	4900	0.043716956
127359	105	0.043716952
127359	1143	0.043716952
127359	3564	0.043716952
127359	4369	0.043716952
127359	6391	0.043716952
127359	79	0.04371695
127384	6083	0.03176135
127384	1722	0.03176134
127384	2528	0.03176134
127384	3564	0.03176134
127384	4369	0.03176134
127384	4900	0.03176134
127384	6391	0.03176134
127384	1143	0.031761337
127384	5896	0.031761337
127384	79	0.031761333
127389	6083	0.027477432
127389	2528	0.02747743
127389	1722	0.027477428
127389	6391	0.027477428
127389	4900	0.027477426
127389	79	0.027477425
127389	105	0.027477425
127389	1143	0.027477425
127389	3564	0.027477425
127389	4369	0.027477425
127404	6083	0.034383304
127404	79	0.034383297
127404	1722	0.034383297
127404	2528	0.034383297
127404	4369	0.034383297
127404	4900	0.034383297
127404	6391	0.034383297
127404	1143	0.034383293
127404	3564	0.034383293
127404	105	0.03438329
127417	6083	0.027077254
127417	1722	0.02707725
127417	2528	0.02707725
127417	4369	0.02707725
127417	4900	0.02707725
127417	6391	0.02707725
127417	79	0.027077246
127417	105	0.027077246
127417	1143	0.027077246
127417	3564	0.027077246
127432	6083	0.039243516
127432	1722	0.03924351
127432	2528	0.03924351
127432	4900	0.03924351
127432	6391	0.03924351
127432	1143	0.039243508
127432	4369	0.039243508
127432	79	0.039243504
127432	105	0.039243504
127432	804	0.039243504
127438	2528	0.029721525
127438	6083	0.029721525
127438	1722	0.029721523
127438	4900	0.02972152
127438	6391	0.02972152
127438	4369	0.029721519
127438	79	0.029721517
127438	105	0.029721517
127438	1143	0.029721517
127438	3564	0.029721517
127481	2528	0.02145066
127481	1722	0.021450657
127481	6083	0.021450657
127481	6391	0.021450656
127481	3564	0.021450654
127481	4369	0.021450654
127481	4900	0.021450654
127481	79	0.021450652
127481	105	0.021450652
127481	1143	0.021450652
127564	6083	0.028494425
127564	2528	0.028494423
127564	1722	0.028494421
127564	4369	0.028494421
127564	4900	0.028494421
127564	6391	0.028494421
127564	3564	0.02849442
127564	79	0.028494418
127564	105	0.028494418
127564	1143	0.028494418
127621	6083	0.021191774
127621	2528	0.021191772
127621	1722	0.02119177
127621	4369	0.02119177
127621	4900	0.02119177
127621	79	0.021191768
127621	105	0.021191768
127621	1143	0.021191768
127621	3564	0.021191768
127621	6391	0.021191768
127648	6083	0.025561113
127648	2528	0.025561111
127648	1722	0.02556111
127648	4900	0.02556111
127648	6391	0.02556111
127648	4369	0.025561107
127648	79	0.025561105
127648	105	0.025561105
127648	1143	0.025561105
127648	3564	0.025561105
127782	6083	0.024482293
127782	1722	0.024482291
127782	2528	0.024482291
127782	4369	0.02448229
127782	4900	0.02448229
127782	6391	0.02448229
127782	79	0.024482287
127782	1143	0.024482287
127782	3564	0.024482287
127782	105	0.024482286
127826	1722	0.04374896
127826	2528	0.04374896
127826	6083	0.04374896
127826	1143	0.043748952
127826	3564	0.043748952
127826	4369	0.043748952
127826	4900	0.043748952
127826	6391	0.043748952
127826	79	0.04374895
127826	105	0.043748945
127893	6083	0.027982093
127893	2528	0.027982092
127893	1722	0.02798209
127893	4900	0.02798209
127893	6391	0.02798209
127893	4369	0.027982088
127893	105	0.027982086
127893	1143	0.027982086
127893	3564	0.027982086
127893	79	0.027982084
127914	2528	0.036977626
127914	6083	0.036977626
127914	1722	0.036977623
127914	6391	0.036977623
127914	1143	0.03697762
127914	3564	0.03697762
127914	4369	0.03697762
127914	4900	0.03697762
127914	79	0.036977615
127914	105	0.036977615
127970	6083	0.031735174
127970	79	0.031735167
127970	1722	0.031735167
127970	2528	0.031735167
127970	4369	0.031735167
127970	4900	0.031735167
127970	6391	0.031735167
127970	105	0.031735163
127970	804	0.031735163
127970	1143	0.031735163
128014	2528	0.026911572
128014	6083	0.026911572
128014	1722	0.02691157
128014	6391	0.02691157
128014	3564	0.026911568
128014	4369	0.026911568
128014	4900	0.026911568
128014	79	0.026911564
128014	105	0.026911564
128014	804	0.026911564
128033	1722	0.03991203
128033	2528	0.03991203
128033	6083	0.03991203
128033	4369	0.039912026
128033	4900	0.039912026
128033	6391	0.039912026
128033	79	0.039912023
128033	105	0.039912023
128033	1143	0.039912023
128033	3564	0.039912023
128040	6083	0.02774956
128040	1722	0.027749559
128040	2528	0.027749559
128040	4369	0.027749557
128040	4900	0.027749557
128040	6391	0.027749557
128040	3564	0.027749555
128040	79	0.027749553
128040	1143	0.027749553
128040	3917	0.027749553
128045	2528	0.030979708
128045	6083	0.030979708
128045	1722	0.030979706
128045	4900	0.030979704
128045	6391	0.030979704
128045	4369	0.030979702
128045	79	0.0309797
128045	105	0.0309797
128045	1143	0.0309797
128045	3564	0.0309797
128060	1722	0.03350021
128060	2528	0.03350021
128060	6083	0.03350021
128060	6391	0.033500206
128060	79	0.033500202
128060	1143	0.033500202
128060	3564	0.033500202
128060	3917	0.033500202
128060	4369	0.033500202
128060	4900	0.033500202
128085	6083	0.031255007
128085	1722	0.031255003
128085	2528	0.031255003
128085	79	0.031255
128085	3564	0.031255
128085	4369	0.031255
128085	4900	0.031255
128085	6391	0.031255
128085	105	0.031254996
128085	804	0.031254996
128119	6083	0.034971453
128119	1143	0.034971446
128119	1722	0.034971446
128119	2528	0.034971446
128119	4900	0.034971446
128119	6391	0.034971446
128119	3564	0.034971442
128119	4369	0.034971442
128119	79	0.03497144
128119	105	0.03497144
128122	6083	0.040690776
128122	1722	0.040690772
128122	2528	0.040690772
128122	6391	0.040690772
128122	4369	0.04069077
128122	79	0.040690765
128122	105	0.040690765
128122	1143	0.040690765
128122	3564	0.040690765
128122	4900	0.040690765
128208	2528	0.023063172
128208	6083	0.023063172
128208	1722	0.02306317
128208	6391	0.02306317
128208	1143	0.023063168
128208	4369	0.023063168
128208	4900	0.023063168
128208	3564	0.023063166
128208	79	0.023063164
128208	105	0.023063164
128214	1722	0.025693845
128214	2528	0.025693845
128214	6083	0.025693845
128214	4900	0.025693843
128214	6391	0.025693843
128214	1143	0.025693841
128214	3564	0.025693841
128214	4369	0.025693841
128214	79	0.02569384
128214	105	0.02569384
128257	6083	0.02836148
128257	2528	0.028361479
128257	1722	0.028361477
128257	4900	0.028361477
128257	6391	0.028361477
128257	1143	0.028361473
128257	3564	0.028361473
128257	4369	0.028361473
128257	79	0.028361471
128257	105	0.028361471
128276	1722	0.033572838
128276	2528	0.033572838
128276	6083	0.033572838
128276	6391	0.033572838
128276	4369	0.033572834
128276	4900	0.033572834
128276	79	0.03357283
128276	105	0.03357283
128276	804	0.03357283
128276	1143	0.03357283
128325	2528	0.032382365
128325	6083	0.032382365
128325	1722	0.03238236
128325	4369	0.03238236
128325	4900	0.03238236
128325	6391	0.03238236
128325	79	0.032382358
128325	105	0.032382358
128325	1143	0.032382358
128325	3564	0.032382358
128331	1722	0.033676498
128331	2528	0.033676498
128331	4900	0.033676498
128331	6083	0.033676498
128331	6391	0.033676498
128331	4369	0.033676494
128331	79	0.03367649
128331	105	0.03367649
128331	1143	0.03367649
128331	3088	0.03367649
128332	2528	0.028174192
128332	6083	0.028174192
128332	1722	0.02817419
128332	4369	0.028174188
128332	4900	0.028174188
128332	6391	0.028174188
128332	79	0.028174186
128332	3564	0.028174186
128332	105	0.028174184
128332	1143	0.028174184
128406	1722	0.0304958
128406	2528	0.0304958
128406	6083	0.0304958
128406	4900	0.030495798
128406	6391	0.030495798
128406	3564	0.030495796
128406	4369	0.030495796
128406	79	0.030495793
128406	105	0.030495793
128406	1143	0.030495793
128434	2528	0.025023993
128434	6083	0.025023993
128434	1722	0.025023991
128434	6391	0.025023991
128434	4900	0.02502399
128434	79	0.025023988
128434	1143	0.025023988
128434	3564	0.025023988
128434	4369	0.025023988
128434	105	0.025023986
128622	6083	0.02338043
128622	1722	0.023380429
128622	2528	0.023380429
128622	6391	0.023380429
128622	1143	0.023380425
128622	3564	0.023380425
128622	4369	0.023380425
128622	4900	0.023380425
128622	79	0.023380423
128622	105	0.023380423
128693	2528	0.0271145
128693	6083	0.0271145
128693	1722	0.027114497
128693	4900	0.027114497
128693	6391	0.027114496
128693	3564	0.027114494
128693	4369	0.027114494
128693	79	0.027114492
128693	105	0.027114492
128693	804	0.027114492
128696	1722	0.034292195
128696	2528	0.034292195
128696	6083	0.034292195
128696	4369	0.03429219
128696	6391	0.03429219
128696	79	0.034292188
128696	3564	0.034292188
128696	4900	0.034292188
128696	105	0.034292184
128696	1143	0.034292184
128732	2528	0.035610773
128732	6083	0.035610773
128732	1143	0.035610765
128732	1722	0.035610765
128732	4369	0.035610765
128732	4900	0.035610765
128732	6391	0.035610765
128732	79	0.03561076
128732	105	0.035610758
128732	804	0.035610758
128790	6083	0.029557042
128790	1722	0.02955704
128790	2528	0.02955704
128790	4369	0.029557038
128790	4900	0.029557038
128790	6391	0.029557038
128790	105	0.029557034
128790	1143	0.029557034
128790	3564	0.029557034
128790	3917	0.029557034
128915	2528	0.026049186
128915	6083	0.026049186
128915	1722	0.026049184
128915	3564	0.026049182
128915	4369	0.026049182
128915	4900	0.026049182
128915	6391	0.026049182
128915	1143	0.02604918
128915	79	0.026049178
128915	105	0.026049178
128962	6083	0.023315609
128962	2528	0.023315607
128962	1722	0.023315605
128962	4369	0.023315605
128962	6391	0.023315605
128962	4900	0.023315603
128962	79	0.023315601
128962	105	0.023315601
128962	1143	0.023315601
128962	3564	0.023315601
129008	6083	0.027723353
129008	1722	0.027723351
129008	2528	0.027723351
129008	4900	0.02772335
129008	6391	0.02772335
129008	4369	0.027723348
129008	79	0.027723346
129008	1143	0.027723346
129008	3564	0.027723346
129008	105	0.027723344
129084	2528	0.040893182
129084	6083	0.040893182
129084	1722	0.04089318
129084	4369	0.04089318
129084	4900	0.04089318
129084	105	0.040893175
129084	1143	0.040893175
129084	3564	0.040893175
129084	6391	0.040893175
129084	79	0.04089317
129338	2528	0.025235794
129338	6083	0.025235794
129338	1722	0.025235793
129338	4369	0.02523579
129338	4900	0.02523579
129338	6391	0.02523579
129338	1143	0.025235789
129338	79	0.025235787
129338	105	0.025235787
129338	1557	0.025235787
129358	1722	0.034429103
129358	2528	0.034429103
129358	6083	0.034429103
129358	6391	0.034429103
129358	4369	0.0344291
129358	4900	0.0344291
129358	79	0.034429096
129358	105	0.034429096
129358	1143	0.034429096
129358	1557	0.034429096
129368	2528	0.032786574
129368	1722	0.03278657
129368	4369	0.03278657
129368	4900	0.03278657
129368	6083	0.03278657
129368	6391	0.03278657
129368	1143	0.032786567
129368	3917	0.032786567
129368	79	0.032786563
129368	105	0.032786563
129373	2528	0.022879887
129373	6083	0.022879887
129373	1722	0.022879884
129373	4369	0.022879884
129373	4900	0.022879884
129373	6391	0.022879884
129373	79	0.022879882
129373	1143	0.022879882
129373	3564	0.022879882
129373	105	0.02287988
129389	6083	0.031611953
129389	1722	0.03161195
129389	2528	0.03161195
129389	4369	0.03161195
129389	4900	0.03161195
129389	6391	0.03161195
129389	79	0.031611945
129389	1143	0.031611945
129389	3564	0.031611945
129389	105	0.03161194
129393	6083	0.02572233
129393	1722	0.025722329
129393	2528	0.025722329
129393	4900	0.025722327
129393	1143	0.025722325
129393	3564	0.025722325
129393	4369	0.025722325
129393	6391	0.025722325
129393	79	0.025722323
129393	105	0.025722321
129399	6083	0.029808886
129399	2528	0.029808884
129399	1722	0.029808883
129399	6391	0.029808883
129399	4900	0.02980888
129399	1143	0.029808879
129399	3564	0.029808879
129399	4369	0.029808879
129399	79	0.029808877
129399	5896	0.029808877
129465	1722	0.03405031
129465	2528	0.03405031
129465	6083	0.03405031
129465	4369	0.034050304
129465	4900	0.034050304
129465	6391	0.034050304
129465	79	0.0340503
129465	105	0.0340503
129465	1143	0.0340503
129465	1557	0.0340503
129474	6083	0.027426803
129474	1722	0.027426802
129474	2528	0.027426802
129474	6391	0.0274268
129474	1143	0.027426798
129474	3564	0.027426798
129474	4369	0.027426798
129474	4900	0.027426798
129474	79	0.027426796
129474	105	0.027426794
129489	1722	0.04089895
129489	2528	0.04089895
129489	6083	0.04089895
129489	4900	0.040898945
129489	6391	0.040898945
129489	79	0.04089894
129489	1143	0.04089894
129489	3564	0.04089894
129489	4369	0.04089894
129489	105	0.040898938
129494	2528	0.02199521
129494	6083	0.02199521
129494	1722	0.021995207
129494	1143	0.021995205
129494	3564	0.021995205
129494	4369	0.021995205
129494	4900	0.021995205
129494	6391	0.021995205
129494	105	0.021995204
129494	79	0.021995202
129503	1722	0.03388775
129503	2528	0.03388775
129503	6083	0.03388775
129503	4900	0.033887748
129503	6391	0.033887748
129503	105	0.033887744
129503	1143	0.033887744
129503	3564	0.033887744
129503	4369	0.033887744
129503	79	0.03388774
129505	2528	0.022966884
129505	6083	0.022966884
129505	1722	0.022966882
129505	4369	0.02296688
129505	4900	0.02296688
129505	6391	0.02296688
129505	105	0.022966878
129505	1143	0.022966878
129505	3564	0.022966878
129505	79	0.022966877
129690	2528	0.03240151
129690	6083	0.032401506
129690	1722	0.032401502
129690	4369	0.032401502
129690	4900	0.032401502
129690	6391	0.032401502
129690	1143	0.0324015
129690	79	0.032401495
129690	105	0.032401495
129690	804	0.032401495
129725	1722	0.013166286
129725	2528	0.013166286
129725	6083	0.013166286
129725	6391	0.013166286
129725	79	0.013166284
129725	1143	0.013166284
129725	4369	0.013166284
129725	4900	0.013166284
129725	105	0.013166283
129725	3564	0.013166283
129851	1722	0.02906752
129851	2528	0.02906752
129851	6083	0.02906752
129851	4900	0.029067518
129851	6391	0.029067518
129851	1143	0.029067516
129851	3564	0.029067516
129851	4369	0.029067516
129851	79	0.029067513
129851	105	0.029067513
129883	2528	0.032239124
129883	6083	0.032239124
129883	1722	0.03223912
129883	4900	0.03223912
129883	1143	0.032239117
129883	3564	0.032239117
129883	4369	0.032239117
129883	6391	0.032239117
129883	79	0.032239113
129883	105	0.032239113
130166	6083	0.030246586
130166	1722	0.030246582
130166	2528	0.030246582
130166	4900	0.03024658
130166	6391	0.03024658
130166	79	0.030246578
130166	1143	0.030246578
130166	3564	0.030246578
130166	4369	0.030246578
130166	105	0.030246576
130168	6083	0.02812543
130168	1722	0.028125428
130168	2528	0.028125428
130168	6391	0.028125428
130168	4900	0.028125426
130168	79	0.028125424
130168	1143	0.028125424
130168	3564	0.028125424
130168	4369	0.028125424
130168	5896	0.028125422
130258	6083	0.02457458
130258	1722	0.024574578
130258	2528	0.024574578
130258	4900	0.024574576
130258	6391	0.024574576
130258	1143	0.024574574
130258	3564	0.024574574
130258	4369	0.024574574
130258	79	0.024574572
130258	105	0.024574572
130438	6083	0.039024998
130438	1722	0.039024994
130438	2528	0.039024994
130438	6391	0.039024994
130438	1143	0.03902499
130438	4369	0.03902499
130438	4900	0.03902499
130438	79	0.039024986
130438	105	0.039024986
130438	3088	0.039024986
130474	1722	0.046155505
130474	2528	0.046155505
130474	6083	0.046155505
130474	4369	0.0461555
130474	79	0.046155497
130474	105	0.046155497
130474	1143	0.046155497
130474	3564	0.046155497
130474	4900	0.046155497
130474	6391	0.046155497
130482	6083	0.03162561
130482	1722	0.031625606
130482	2528	0.031625606
130482	4900	0.031625606
130482	6391	0.031625606
130482	3564	0.031625602
130482	4369	0.031625602
130482	79	0.0316256
130482	105	0.0316256
130482	804	0.0316256
130502	6083	0.023324955
130502	2528	0.023324953
130502	1722	0.023324952
130502	4369	0.023324952
130502	6391	0.023324952
130502	4900	0.02332495
130502	79	0.023324948
130502	105	0.023324948
130502	1143	0.023324948
130502	3564	0.023324948
130543	6083	0.031102953
130543	2528	0.031102952
130543	1722	0.03110295
130543	4369	0.031102948
130543	4900	0.031102948
130543	6391	0.031102948
130543	79	0.031102946
130543	1143	0.031102946
130543	3564	0.031102946
130543	105	0.031102944
130570	6083	0.022907626
130570	1722	0.022907622
130570	2528	0.022907622
130570	4369	0.02290762
130570	4900	0.02290762
130570	6391	0.02290762
130570	1143	0.022907618
130570	3564	0.022907618
130570	5896	0.022907618
130570	79	0.022907617
130571	6083	0.04285808
130571	2528	0.042858075
130571	1722	0.04285807
130571	4369	0.04285807
130571	4900	0.04285807
130571	6391	0.04285807
130571	79	0.042858068
130571	1143	0.042858068
130571	3564	0.042858068
130571	105	0.042858064
130581	6083	0.02416402
130581	2528	0.024164017
130581	6391	0.024164017
130581	1722	0.024164015
130581	1143	0.024164014
130581	4369	0.024164014
130581	4900	0.024164014
130581	79	0.024164012
130581	105	0.024164012
130581	3564	0.024164012
130636	6083	0.029527798
130636	2528	0.029527796
130636	1722	0.029527795
130636	6391	0.029527795
130636	4900	0.029527793
130636	1143	0.02952779
130636	3564	0.02952779
130636	4369	0.02952779
130636	79	0.029527787
130636	105	0.029527787
130658	2528	0.038495068
130658	6083	0.038495068
130658	1722	0.038495064
130658	4369	0.038495064
130658	6391	0.038495064
130658	105	0.03849506
130658	4900	0.03849506
130658	79	0.038495056
130658	804	0.038495056
130658	1143	0.038495056
130705	6083	0.040753264
130705	1722	0.04075326
130705	2528	0.04075326
130705	4900	0.04075326
130705	6391	0.04075326
130705	1143	0.040753257
130705	4369	0.040753257
130705	79	0.040753253
130705	105	0.040753253
130705	804	0.040753253
130784	1722	0.026832197
130784	2528	0.026832197
130784	6083	0.026832197
130784	4369	0.026832195
130784	4900	0.026832195
130784	79	0.026832193
130784	1143	0.026832193
130784	6391	0.026832193
130784	3564	0.026832191
130784	5896	0.026832191
130792	2528	0.029726733
130792	6083	0.029726733
130792	1722	0.029726729
130792	6391	0.029726729
130792	4900	0.029726727
130792	79	0.029726725
130792	105	0.029726725
130792	1143	0.029726725
130792	3564	0.029726725
130792	4369	0.029726725
130837	6083	0.027716083
130837	1722	0.027716082
130837	2528	0.027716082
130837	4369	0.027716078
130837	4900	0.027716078
130837	6391	0.027716078
130837	1143	0.027716076
130837	79	0.027716074
130837	105	0.027716074
130837	1557	0.027716074
130847	6083	0.037825532
130847	1722	0.03782553
130847	2528	0.03782553
130847	4369	0.03782553
130847	3564	0.037825525
130847	4900	0.037825525
130847	6391	0.037825525
130847	105	0.03782552
130847	1143	0.03782552
130847	3088	0.03782552
130866	2528	0.032536022
130866	6083	0.032536022
130866	1722	0.032536015
130866	3564	0.032536015
130866	4369	0.032536015
130866	4900	0.032536015
130866	6391	0.032536015
130866	79	0.03253601
130866	105	0.03253601
130866	1143	0.03253601
130950	2528	0.027670402
130950	6083	0.027670402
130950	1722	0.0276704
130950	6391	0.0276704
130950	4369	0.027670398
130950	4900	0.027670398
130950	1143	0.027670396
130950	79	0.027670395
130950	105	0.027670395
130950	3088	0.027670395
130961	2528	0.032254606
130961	4900	0.032254606
130961	6083	0.032254606
130961	1722	0.032254603
130961	4369	0.032254603
130961	79	0.0322546
130961	105	0.0322546
130961	804	0.0322546
130961	1143	0.0322546
130961	3564	0.0322546
130978	6083	0.031165088
130978	1722	0.031165086
130978	2528	0.031165086
130978	4369	0.031165082
130978	4900	0.031165082
130978	6391	0.031165082
130978	1143	0.03116508
130978	3564	0.03116508
130978	79	0.031165078
130978	105	0.031165078
131027	2528	0.037116375
131027	1722	0.03711637
131027	6083	0.03711637
131027	4369	0.037116367
131027	4900	0.037116367
131027	6391	0.037116367
131027	79	0.037116364
131027	105	0.037116364
131027	1143	0.037116364
131027	3088	0.037116364
131032	2528	0.027040306
131032	6083	0.027040306
131032	1722	0.027040305
131032	4369	0.027040303
131032	4900	0.027040303
131032	6391	0.027040303
131032	79	0.0270403
131032	1143	0.0270403
131032	105	0.027040299
131032	3088	0.027040299
131046	6083	0.034754008
131046	1722	0.034754004
131046	2528	0.034754004
131046	4369	0.034754
131046	4900	0.034754
131046	6391	0.034754
131046	79	0.034753997
131046	1143	0.034753997
131046	3564	0.034753997
131046	105	0.034753993
131099	1722	0.03389103
131099	2528	0.03389103
131099	6083	0.03389103
131099	4900	0.033891026
131099	6391	0.033891026
131099	79	0.033891022
131099	1143	0.033891022
131099	1557	0.033891022
131099	3564	0.033891022
131099	4369	0.033891022
131126	2528	0.028754188
131126	6083	0.028754188
131126	1722	0.028754186
131126	4900	0.028754186
131126	6391	0.028754186
131126	79	0.028754182
131126	105	0.028754182
131126	1143	0.028754182
131126	3564	0.028754182
131126	4369	0.028754182
131154	6083	0.03017516
131154	2528	0.030175159
131154	1722	0.030175157
131154	4900	0.030175157
131154	6391	0.030175157
131154	4369	0.030175155
131154	79	0.030175153
131154	1143	0.030175153
131154	3564	0.030175153
131154	105	0.030175151
131182	1722	0.018086625
131182	2528	0.018086625
131182	6083	0.018086625
131182	4369	0.018086623
131182	4900	0.018086623
131182	6391	0.018086623
131182	79	0.018086622
131182	1143	0.018086622
131182	3564	0.018086622
131182	5896	0.018086622
131202	2528	0.027361099
131202	6083	0.027361099
131202	1722	0.027361095
131202	4369	0.027361095
131202	4900	0.027361095
131202	6391	0.027361095
131202	105	0.027361091
131202	1143	0.027361091
131202	3564	0.027361091
131202	79	0.02736109
131238	2528	0.029487072
131238	6083	0.029487072
131238	1722	0.02948707
131238	4900	0.029487068
131238	6391	0.029487068
131238	1143	0.029487066
131238	3564	0.029487066
131238	4369	0.029487066
131238	79	0.029487064
131238	105	0.029487062
131317	2528	0.032272737
131317	6083	0.032272737
131317	1722	0.032272734
131317	4369	0.032272734
131317	4900	0.032272734
131317	6391	0.032272734
131317	3564	0.03227273
131317	79	0.032272726
131317	105	0.032272726
131317	804	0.032272726
131363	1722	0.03161392
131363	2528	0.03161392
131363	6083	0.03161392
131363	6391	0.03161392
131363	105	0.031613916
131363	1143	0.031613916
131363	3564	0.031613916
131363	3917	0.031613916
131363	4369	0.031613916
131363	4900	0.031613916
131402	2528	0.03966592
131402	1722	0.039665915
131402	6083	0.039665915
131402	6391	0.039665915
131402	3564	0.03966591
131402	4369	0.03966591
131402	4900	0.03966591
131402	79	0.039665908
131402	105	0.039665908
131402	804	0.039665908
131437	6083	0.026953422
131437	2528	0.026953418
131437	6391	0.026953418
131437	1722	0.026953416
131437	4900	0.026953416
131437	1143	0.026953414
131437	4369	0.026953414
131437	79	0.026953412
131437	105	0.026953412
131437	3564	0.026953412
131510	1722	0.029030725
131510	2528	0.029030725
131510	6083	0.029030725
131510	4900	0.029030723
131510	6391	0.029030723
131510	1143	0.029030722
131510	4369	0.029030722
131510	79	0.02903072
131510	3564	0.02903072
131510	105	0.029030718
131594	2528	0.02266131
131594	6083	0.02266131
131594	1722	0.022661308
131594	1143	0.022661306
131594	4369	0.022661306
131594	4900	0.022661306
131594	6391	0.022661306
131594	79	0.022661304
131594	3564	0.022661304
131594	105	0.022661302
131597	6083	0.027107414
131597	1722	0.02710741
131597	2528	0.02710741
131597	4369	0.027107408
131597	3564	0.027107406
131597	4900	0.027107406
131597	6391	0.027107406
131597	79	0.027107405
131597	105	0.027107405
131597	1143	0.027107405
131617	6083	0.03231272
131617	1722	0.032312717
131617	2528	0.032312717
131617	79	0.032312714
131617	105	0.032312714
131617	1143	0.032312714
131617	3564	0.032312714
131617	3917	0.032312714
131617	4369	0.032312714
131617	4900	0.032312714
131622	6083	0.027004896
131622	1722	0.027004894
131622	2528	0.027004894
131622	6391	0.027004892
131622	1143	0.02700489
131622	4369	0.02700489
131622	4900	0.02700489
131622	3564	0.027004888
131622	79	0.027004886
131622	105	0.027004886
131655	1722	0.03182771
131655	6083	0.03182771
131655	2528	0.031827707
131655	4900	0.031827707
131655	6391	0.031827707
131655	79	0.031827703
131655	105	0.031827703
131655	1143	0.031827703
131655	3088	0.031827703
131655	3564	0.031827703
131657	6083	0.042584494
131657	1722	0.042584486
131657	2528	0.042584486
131657	6391	0.042584486
131657	4369	0.042584483
131657	4900	0.042584483
131657	79	0.04258448
131657	105	0.04258448
131657	1143	0.04258448
131657	3088	0.04258448
131686	6083	0.03221639
131686	1722	0.032216385
131686	2528	0.032216385
131686	4369	0.032216385
131686	4900	0.032216385
131686	6391	0.032216385
131686	1143	0.03221638
131686	3564	0.03221638
131686	79	0.032216378
131686	105	0.032216378
131837	6083	0.025255308
131837	2528	0.025255306
131837	1722	0.025255304
131837	4369	0.025255302
131837	4900	0.025255302
131837	6391	0.025255302
131837	79	0.0252553
131837	105	0.0252553
131837	1143	0.0252553
131837	3564	0.0252553
131855	6083	0.043841492
131855	1722	0.04384149
131855	2528	0.04384149
131855	4900	0.04384149
131855	4369	0.043841485
131855	6391	0.043841485
131855	79	0.04384148
131855	105	0.04384148
131855	1143	0.04384148
131855	3564	0.04384148
131974	6083	0.02570812
131974	2528	0.025708118
131974	1722	0.025708117
131974	4369	0.025708117
131974	4900	0.025708117
131974	6391	0.025708117
131974	79	0.025708113
131974	1143	0.025708113
131974	3564	0.025708113
131974	3917	0.025708113
132007	6083	0.030009143
132007	1722	0.03000914
132007	2528	0.03000914
132007	4900	0.030009137
132007	6391	0.030009137
132007	3564	0.030009136
132007	4369	0.030009136
132007	79	0.030009134
132007	1143	0.030009134
132007	105	0.030009132
132083	1722	0.040037878
132083	2528	0.040037878
132083	6083	0.040037878
132083	4900	0.040037874
132083	6391	0.040037874
132083	79	0.04003787
132083	105	0.04003787
132083	3564	0.04003787
132083	3917	0.04003787
132083	4369	0.04003787
132171	6083	0.03180314
132171	1722	0.031803135
132171	2528	0.031803135
132171	4900	0.031803135
132171	105	0.03180313
132171	1143	0.03180313
132171	3564	0.03180313
132171	4369	0.03180313
132171	6391	0.03180313
132171	79	0.031803127
132173	6083	0.03383263
132173	2528	0.033832625
132173	6391	0.033832625
132173	1722	0.03383262
132173	4900	0.03383262
132173	79	0.033832617
132173	105	0.033832617
132173	1143	0.033832617
132173	3088	0.033832617
132173	3564	0.033832617
132188	1722	0.036453567
132188	2528	0.036453567
132188	6083	0.036453567
132188	4369	0.036453564
132188	4900	0.036453564
132188	6391	0.036453564
132188	79	0.03645356
132188	105	0.03645356
132188	1143	0.03645356
132188	3564	0.03645356
132199	1722	0.036952745
132199	2528	0.036952745
132199	6083	0.036952745
132199	3564	0.03695274
132199	4900	0.03695274
132199	6391	0.03695274
132199	79	0.036952738
132199	105	0.036952738
132199	1143	0.036952738
132199	4369	0.036952738
132203	6083	0.027783427
132203	1722	0.027783424
132203	2528	0.027783424
132203	4369	0.027783422
132203	4900	0.027783422
132203	6391	0.027783422
132203	105	0.02778342
132203	1143	0.02778342
132203	3564	0.02778342
132203	79	0.027783418
132282	1722	0.03467329
132282	2528	0.03467329
132282	4369	0.03467329
132282	4900	0.03467329
132282	6083	0.03467329
132282	6391	0.03467329
132282	105	0.034673285
132282	1143	0.034673285
132282	79	0.03467328
132282	804	0.03467328
132290	6083	0.027604263
132290	2528	0.027604261
132290	1722	0.02760426
132290	4900	0.02760426
132290	6391	0.02760426
132290	4369	0.027604258
132290	79	0.027604256
132290	105	0.027604256
132290	1143	0.027604256
132290	3564	0.027604256
132375	6083	0.04147594
132375	1722	0.041475937
132375	2528	0.041475937
132375	4369	0.041475933
132375	4900	0.041475933
132375	6391	0.041475933
132375	79	0.04147593
132375	105	0.04147593
132375	1143	0.04147593
132375	3564	0.04147593
132382	6083	0.032351337
132382	2528	0.032351334
132382	1143	0.03235133
132382	1722	0.03235133
132382	3564	0.03235133
132382	4369	0.03235133
132382	4900	0.03235133
132382	6391	0.03235133
132382	79	0.032351326
132382	105	0.032351326
132392	6083	0.030553166
132392	2528	0.030553164
132392	1722	0.030553162
132392	4369	0.030553162
132392	4900	0.030553162
132392	6391	0.030553162
132392	79	0.030553158
132392	1143	0.030553158
132392	3564	0.030553158
132392	105	0.030553157
132572	6083	0.031617373
132572	1722	0.03161737
132572	2528	0.03161737
132572	1143	0.031617366
132572	3564	0.031617366
132572	4369	0.031617366
132572	4900	0.031617366
132572	6391	0.031617366
132572	105	0.031617362
132572	79	0.03161736
132616	2528	0.030369906
132616	6083	0.030369906
132616	1722	0.030369904
132616	4369	0.0303699
132616	4900	0.0303699
132616	6391	0.0303699
132616	79	0.030369898
132616	1143	0.030369898
132616	3564	0.030369898
132616	105	0.030369896
132624	1722	0.03283208
132624	2528	0.03283208
132624	6083	0.03283208
132624	4369	0.032832075
132624	4900	0.032832075
132624	6391	0.032832075
132624	79	0.03283207
132624	105	0.03283207
132624	1143	0.03283207
132624	3088	0.03283207
132663	6083	0.030323775
132663	2528	0.030323774
132663	1722	0.030323772
132663	4369	0.03032377
132663	4900	0.03032377
132663	6391	0.03032377
132663	79	0.030323766
132663	105	0.030323766
132663	1143	0.030323766
132663	3564	0.030323766
132684	2528	0.0316431
132684	6083	0.0316431
132684	6391	0.0316431
132684	1722	0.031643096
132684	79	0.031643093
132684	105	0.031643093
132684	1143	0.031643093
132684	3564	0.031643093
132684	4369	0.031643093
132684	4900	0.031643093
132716	1722	0.03612537
132716	2528	0.03612537
132716	4900	0.03612537
132716	6083	0.03612537
132716	6391	0.03612537
132716	4369	0.036125366
132716	79	0.036125362
132716	105	0.036125362
132716	1143	0.036125362
132716	1557	0.036125362
132786	6083	0.024118965
132786	1722	0.024118964
132786	2528	0.024118964
132786	4369	0.024118964
132786	6391	0.024118964
132786	4900	0.024118962
132786	79	0.02411896
132786	105	0.02411896
132786	1143	0.02411896
132786	3564	0.02411896
132836	6083	0.043702394
132836	2528	0.04370239
132836	1722	0.043702386
132836	4900	0.043702386
132836	6391	0.043702386
132836	1143	0.043702383
132836	4369	0.043702383
132836	79	0.04370238
132836	105	0.04370238
132836	1557	0.04370238
132851	1722	0.028426263
132851	2528	0.028426263
132851	6083	0.028426263
132851	6391	0.028426263
132851	4900	0.028426262
132851	1143	0.02842626
132851	4369	0.02842626
132851	79	0.028426258
132851	105	0.028426258
132851	3564	0.028426258
132901	1722	0.030299678
132901	2528	0.030299678
132901	6083	0.030299678
132901	4369	0.030299675
132901	4900	0.030299675
132901	6391	0.030299675
132901	3564	0.030299673
132901	79	0.030299671
132901	105	0.030299671
132901	1143	0.030299671
132909	2528	0.030665234
132909	6083	0.030665234
132909	1722	0.03066523
132909	4369	0.03066523
132909	4900	0.03066523
132909	6391	0.03066523
132909	79	0.030665226
132909	1143	0.030665226
132909	3564	0.030665226
132909	105	0.030665224
132930	1722	0.049145594
132930	2528	0.049145594
132930	6083	0.049145594
132930	4900	0.04914559
132930	6391	0.04914559
132930	1143	0.049145587
132930	3564	0.049145587
132930	4369	0.049145587
132930	79	0.049145583
132930	3917	0.049145583
132981	2528	0.026348032
132981	6083	0.026348032
132981	1722	0.02634803
132981	4900	0.02634803
132981	6391	0.026348028
132981	3564	0.026348026
132981	4369	0.026348026
132981	79	0.026348025
132981	105	0.026348025
132981	1143	0.026348025
133041	1722	0.030093607
133041	2528	0.030093607
133041	6083	0.030093607
133041	4369	0.030093603
133041	4900	0.030093603
133041	6391	0.030093603
133041	79	0.0300936
133041	105	0.0300936
133041	1143	0.0300936
133041	3088	0.0300936
133166	2528	0.029893164
133166	6083	0.029893164
133166	1722	0.02989316
133166	4369	0.02989316
133166	4900	0.02989316
133166	6391	0.02989316
133166	79	0.029893156
133166	105	0.029893156
133166	1143	0.029893156
133166	3088	0.029893156
133192	6083	0.037112746
133192	1722	0.037112743
133192	2528	0.037112743
133192	3564	0.037112743
133192	4369	0.037112743
133192	4900	0.037112743
133192	6391	0.037112743
133192	79	0.037112735
133192	105	0.037112735
133192	804	0.037112735
133225	6083	0.02902115
133225	2528	0.029021148
133225	1722	0.029021146
133225	6391	0.029021146
133225	4369	0.029021144
133225	4900	0.029021144
133225	3564	0.029021142
133225	79	0.02902114
133225	105	0.02902114
133225	1143	0.02902114
133258	6083	0.024493163
133258	1722	0.024493162
133258	2528	0.024493162
133258	6391	0.024493162
133258	4900	0.02449316
133258	1143	0.024493158
133258	3564	0.024493158
133258	4369	0.024493158
133258	79	0.024493156
133258	105	0.024493156
133284	2528	0.03576134
133284	6083	0.03576134
133284	1722	0.035761338
133284	4369	0.035761334
133284	4900	0.035761334
133284	6391	0.035761334
133284	79	0.03576133
133284	105	0.03576133
133284	1143	0.03576133
133284	3564	0.03576133
133296	1722	0.03382824
133296	2528	0.03382824
133296	6083	0.03382824
133296	4369	0.033828236
133296	4900	0.033828236
133296	6391	0.033828236
133296	79	0.033828232
133296	105	0.033828232
133296	1143	0.033828232
133296	3564	0.033828232
133416	6083	0.039148968
133416	2528	0.039148964
133416	1722	0.03914896
133416	4369	0.03914896
133416	6391	0.03914896
133416	79	0.039148957
133416	1143	0.039148957
133416	3564	0.039148957
133416	4900	0.039148957
133416	105	0.039148953
133418	2528	0.025349237
133418	6083	0.025349237
133418	4900	0.025349235
133418	1722	0.025349233
133418	4369	0.025349233
133418	6391	0.025349233
133418	3564	0.025349231
133418	79	0.02534923
133418	105	0.02534923
133418	804	0.02534923
133557	2528	0.023018913
133557	1722	0.023018911
133557	4900	0.023018911
133557	6083	0.023018911
133557	6391	0.023018911
133557	79	0.023018908
133557	1143	0.023018908
133557	3564	0.023018908
133557	4369	0.023018908
133557	105	0.023018906
133571	6083	0.034668703
133571	1722	0.0346687
133571	2528	0.0346687
133571	4900	0.0346687
133571	6391	0.0346687
133571	3564	0.034668695
133571	4369	0.034668695
133571	79	0.03466869
133571	105	0.03466869
133571	804	0.03466869
133682	1722	0.03702923
133682	2528	0.03702923
133682	4900	0.03702923
133682	6083	0.03702923
133682	4369	0.037029225
133682	6391	0.037029225
133682	79	0.03702922
133682	105	0.03702922
133682	1143	0.03702922
133682	3564	0.03702922
133689	6083	0.036550578
133689	1722	0.036550574
133689	2528	0.036550574
133689	4900	0.036550574
133689	6391	0.036550574
133689	79	0.036550567
133689	105	0.036550567
133689	1143	0.036550567
133689	3088	0.036550567
133689	3564	0.036550567
133706	6083	0.035471782
133706	1143	0.035471775
133706	1722	0.035471775
133706	2528	0.035471775
133706	4369	0.035471775
133706	4900	0.035471775
133706	6391	0.035471775
133706	105	0.03547177
133706	3564	0.03547177
133706	79	0.035471767
133738	2528	0.024268778
133738	6083	0.024268778
133738	1722	0.024268776
133738	6391	0.024268776
133738	4369	0.024268774
133738	4900	0.024268774
133738	79	0.024268772
133738	1143	0.024268772
133738	3564	0.024268772
133738	3917	0.024268772
133747	6083	0.032890283
133747	2528	0.03289028
133747	79	0.032890275
133747	105	0.032890275
133747	1143	0.032890275
133747	1722	0.032890275
133747	3564	0.032890275
133747	4369	0.032890275
133747	4900	0.032890275
133747	5896	0.032890275
133846	1722	0.040912613
133846	2528	0.040912613
133846	4900	0.040912613
133846	6083	0.040912613
133846	6391	0.040912613
133846	79	0.040912606
133846	1143	0.040912606
133846	3564	0.040912606
133846	4369	0.040912606
133846	5896	0.040912606
133905	1722	0.033872552
133905	2528	0.033872552
133905	6083	0.033872552
133905	4900	0.03387255
133905	6391	0.03387255
133905	79	0.033872545
133905	105	0.033872545
133905	1143	0.033872545
133905	3564	0.033872545
133905	3917	0.033872545
133935	1722	0.026507083
133935	2528	0.026507083
133935	6083	0.026507083
133935	6391	0.026507083
133935	4369	0.026507081
133935	4900	0.026507081
133935	1143	0.02650708
133935	3564	0.02650708
133935	79	0.026507078
133935	105	0.026507078
133957	2528	0.03123384
133957	6083	0.03123384
133957	1722	0.031233838
133957	6391	0.031233836
133957	4369	0.031233834
133957	79	0.031233832
133957	3564	0.031233832
133957	4900	0.031233832
133957	1143	0.03123383
133957	3088	0.03123383
134005	6083	0.028233662
134005	2528	0.02823366
134005	1722	0.028233659
134005	4900	0.028233659
134005	6391	0.028233659
134005	79	0.028233655
134005	1143	0.028233655
134005	3564	0.028233655
134005	4369	0.028233655
134005	105	0.028233653
134029	2528	0.03243008
134029	6083	0.03243008
134029	1722	0.032430075
134029	4369	0.032430075
134029	4900	0.032430075
134029	6391	0.032430075
134029	79	0.03243007
134029	3564	0.03243007
134029	105	0.032430068
134029	804	0.032430068
134118	6083	0.02744914
134118	1722	0.027449138
134118	2528	0.027449138
134118	6391	0.027449137
134118	4369	0.027449135
134118	4900	0.027449135
134118	79	0.027449133
134118	1143	0.027449133
134118	3564	0.027449133
134118	105	0.027449131
134120	6083	0.03571877
134120	2528	0.035718765
134120	1722	0.03571876
134120	3564	0.03571876
134120	4369	0.03571876
134120	4900	0.03571876
134120	6391	0.03571876
134120	79	0.035718758
134120	105	0.035718754
134120	804	0.035718754
134225	6083	0.02766071
134225	1722	0.027660709
134225	2528	0.027660709
134225	4900	0.027660709
134225	6391	0.027660709
134225	1143	0.027660705
134225	3564	0.027660705
134225	4369	0.027660705
134225	79	0.027660703
134225	105	0.027660703
134247	2528	0.017922496
134247	6083	0.017922496
134247	1722	0.017922495
134247	4900	0.017922495
134247	1143	0.017922493
134247	3564	0.017922493
134247	4369	0.017922493
134247	6391	0.017922493
134247	105	0.01792249
134247	804	0.01792249
134264	6083	0.029956147
134264	1722	0.029956143
134264	2528	0.029956143
134264	6391	0.029956143
134264	4900	0.029956141
134264	79	0.02995614
134264	1143	0.02995614
134264	3564	0.02995614
134264	4369	0.02995614
134264	105	0.029956136
134311	6083	0.028762296
134311	2528	0.028762292
134311	6391	0.028762292
134311	1722	0.02876229
134311	4900	0.02876229
134311	79	0.028762288
134311	1143	0.028762288
134311	3564	0.028762288
134311	4369	0.028762288
134311	105	0.028762285
134347	6083	0.02337986
134347	1722	0.023379859
134347	2528	0.023379859
134347	4900	0.023379857
134347	1143	0.023379855
134347	3564	0.023379855
134347	4369	0.023379855
134347	6391	0.023379855
134347	79	0.023379853
134347	105	0.023379851
134403	6083	0.028582307
134403	1722	0.028582305
134403	2528	0.028582305
134403	4900	0.028582303
134403	6391	0.028582303
134403	4369	0.028582301
134403	3564	0.0285823
134403	79	0.028582297
134403	105	0.028582297
134403	1143	0.028582297
134434	6083	0.035131086
134434	1722	0.035131082
134434	2528	0.035131082
134434	6391	0.03513108
134434	79	0.035131074
134434	105	0.035131074
134434	1143	0.035131074
134434	3564	0.035131074
134434	4369	0.035131074
134434	6560	0.035131074
134483	6083	0.031116227
134483	1722	0.031116225
134483	2528	0.031116225
134483	4369	0.031116221
134483	4900	0.031116221
134483	6391	0.031116221
134483	3564	0.03111622
134483	79	0.031116217
134483	105	0.031116217
134483	1143	0.031116217
134508	2528	0.034856282
134508	6083	0.034856282
134508	79	0.034856275
134508	1722	0.034856275
134508	4369	0.034856275
134508	4900	0.034856275
134508	6391	0.034856275
134508	105	0.03485627
134508	1143	0.03485627
134508	3564	0.03485627
134556	6083	0.03130225
134556	1722	0.031302247
134556	2528	0.031302247
134556	1143	0.031302243
134556	3917	0.031302243
134556	4369	0.031302243
134556	6391	0.031302243
134556	79	0.03130224
134556	105	0.03130224
134556	1557	0.03130224
134630	2528	0.036833353
134630	6083	0.036833353
134630	6391	0.03683335
134630	1143	0.036833346
134630	1722	0.036833346
134630	4369	0.036833346
134630	4900	0.036833346
134630	79	0.036833342
134630	3564	0.036833342
134630	105	0.03683334
134684	1722	0.035668284
134684	2528	0.035668284
134684	6083	0.035668284
134684	4369	0.03566828
134684	6391	0.03566828
134684	79	0.035668276
134684	1143	0.035668276
134684	3564	0.035668276
134684	4900	0.035668276
134684	105	0.035668273
134694	6083	0.024211604
134694	1722	0.0242116
134694	2528	0.0242116
134694	6391	0.0242116
134694	4900	0.024211599
134694	79	0.024211597
134694	1143	0.024211597
134694	3564	0.024211597
134694	4369	0.024211597
134694	105	0.024211595
134761	1722	0.02726055
134761	2528	0.02726055
134761	6083	0.02726055
134761	1143	0.027260546
134761	3564	0.027260546
134761	4369	0.027260546
134761	4900	0.027260546
134761	6391	0.027260546
134761	79	0.027260544
134761	105	0.027260542
134784	2528	0.02617832
134784	6083	0.02617832
134784	1722	0.026178319
134784	4369	0.026178319
134784	6391	0.026178319
134784	4900	0.026178317
134784	79	0.026178315
134784	105	0.026178315
134784	1143	0.026178315
134784	3564	0.026178315
134797	2528	0.030723557
134797	6083	0.030723557
134797	1722	0.030723555
134797	6391	0.030723555
134797	4369	0.030723553
134797	4900	0.030723553
134797	79	0.03072355
134797	105	0.03072355
134797	1143	0.03072355
134797	3088	0.03072355
134837	1722	0.032444548
134837	2528	0.032444548
134837	6083	0.032444548
134837	1143	0.032444544
134837	3564	0.032444544
134837	4369	0.032444544
134837	4900	0.032444544
134837	6391	0.032444544
134837	79	0.03244454
134837	105	0.03244454
134863	6083	0.031119114
134863	1722	0.031119112
134863	2528	0.031119112
134863	4369	0.03111911
134863	4900	0.03111911
134863	6391	0.03111911
134863	1143	0.031119108
134863	3564	0.031119108
134863	79	0.031119104
134863	105	0.031119104
134900	6083	0.026573727
134900	1722	0.026573725
134900	2528	0.026573725
134900	4369	0.026573721
134900	4900	0.026573721
134900	6391	0.026573721
134900	79	0.02657372
134900	1143	0.02657372
134900	3564	0.02657372
134900	105	0.026573718
135043	6083	0.036185548
135043	1722	0.036185544
135043	2528	0.036185544
135043	4369	0.03618554
135043	4900	0.03618554
135043	6391	0.03618554
135043	79	0.036185537
135043	1143	0.036185537
135043	105	0.036185533
135043	804	0.036185533
135045	6083	0.042165168
135045	1722	0.042165164
135045	2528	0.04216516
135045	4369	0.04216516
135045	4900	0.04216516
135045	6391	0.04216516
135045	79	0.042165156
135045	105	0.042165153
135045	804	0.042165153
135045	1143	0.042165153
135141	2528	0.03293351
135141	6083	0.03293351
135141	1722	0.032933507
135141	4369	0.032933507
135141	4900	0.032933507
135141	79	0.032933503
135141	3564	0.032933503
135141	6391	0.032933503
135141	105	0.0329335
135141	804	0.0329335
135329	2528	0.025364414
135329	6083	0.025364414
135329	1722	0.025364412
135329	4900	0.02536441
135329	6391	0.02536441
135329	4369	0.025364408
135329	79	0.025364406
135329	105	0.025364406
135329	1143	0.025364406
135329	3564	0.025364406
135351	6083	0.022727445
135351	2528	0.022727443
135351	1722	0.022727441
135351	4369	0.022727441
135351	4900	0.022727441
135351	6391	0.022727441
135351	1143	0.02272744
135351	3564	0.02272744
135351	79	0.022727437
135351	105	0.022727437
135360	2528	0.037561014
135360	1722	0.03756101
135360	6083	0.03756101
135360	4369	0.037561007
135360	4900	0.037561007
135360	6391	0.037561007
135360	79	0.037561003
135360	1143	0.037561003
135360	3564	0.037561003
135360	105	0.037561
135367	6083	0.028662317
135367	1722	0.028662315
135367	2528	0.028662315
135367	4369	0.028662313
135367	4900	0.028662313
135367	6391	0.028662313
135367	79	0.028662309
135367	1143	0.028662309
135367	3564	0.028662309
135367	105	0.028662307
135376	2528	0.042462822
135376	6083	0.042462822
135376	1722	0.04246282
135376	4900	0.04246282
135376	6391	0.04246282
135376	4369	0.042462815
135376	79	0.04246281
135376	105	0.04246281
135376	1143	0.04246281
135376	3088	0.04246281
135398	6083	0.029444253
135398	1722	0.029444251
135398	2528	0.029444251
135398	4900	0.02944425
135398	6391	0.02944425
135398	4369	0.029444247
135398	1143	0.029444246
135398	3564	0.029444246
135398	79	0.029444244
135398	105	0.029444244
135411	6083	0.030401018
135411	1722	0.030401014
135411	2528	0.030401014
135411	4900	0.030401014
135411	6391	0.030401012
135411	1143	0.03040101
135411	3564	0.03040101
135411	4369	0.03040101
135411	79	0.030401008
135411	105	0.030401008
135458	6083	0.038944393
135458	1722	0.038944386
135458	2528	0.038944386
135458	4369	0.038944386
135458	4900	0.038944386
135458	6391	0.038944386
135458	79	0.038944382
135458	3564	0.038944382
135458	105	0.03894438
135458	804	0.03894438
135460	6083	0.02834709
135460	1722	0.028347088
135460	2528	0.028347088
135460	4900	0.028347086
135460	6391	0.028347086
135460	79	0.028347082
135460	1143	0.028347082
135460	3564	0.028347082
135460	4369	0.028347082
135460	105	0.02834708
135609	2528	0.036760148
135609	6083	0.036760148
135609	1722	0.036760144
135609	4369	0.036760144
135609	4900	0.036760144
135609	6391	0.036760144
135609	79	0.03676014
135609	1143	0.03676014
135609	3564	0.03676014
135609	105	0.036760136
135653	6083	0.03244843
135653	1722	0.032448426
135653	2528	0.032448426
135653	6391	0.032448426
135653	4369	0.032448422
135653	4900	0.032448422
135653	79	0.03244842
135653	105	0.03244842
135653	804	0.03244842
135653	1143	0.03244842
135665	1722	0.027991448
135665	2528	0.027991448
135665	6083	0.027991448
135665	4900	0.027991446
135665	6391	0.027991446
135665	1143	0.027991444
135665	4369	0.027991444
135665	79	0.027991442
135665	105	0.027991442
135665	3564	0.027991442
135673	2528	0.033650674
135673	6083	0.033650674
135673	1722	0.03365067
135673	4369	0.03365067
135673	6391	0.03365067
135673	79	0.033650666
135673	105	0.033650666
135673	1143	0.033650666
135673	3564	0.033650666
135673	4900	0.033650666
135681	1722	0.024945077
135681	2528	0.024945077
135681	6083	0.024945077
135681	1143	0.024945073
135681	4369	0.024945073
135681	4900	0.024945073
135681	6391	0.024945073
135681	79	0.024945071
135681	3564	0.024945071
135681	105	0.02494507
135703	1722	0.038898446
135703	2528	0.038898446
135703	4900	0.038898446
135703	6083	0.038898446
135703	6391	0.038898446
135703	4369	0.038898442
135703	105	0.03889844
135703	1143	0.03889844
135703	3564	0.03889844
135703	79	0.038898434
135736	2528	0.03792907
135736	6083	0.03792907
135736	1722	0.037929066
135736	6391	0.037929066
135736	4900	0.03792906
135736	79	0.037929058
135736	105	0.037929058
135736	804	0.037929058
135736	1143	0.037929058
135736	3088	0.037929058
135753	2528	0.034880582
135753	6083	0.034880582
135753	1722	0.03488058
135753	3564	0.03488058
135753	4369	0.03488058
135753	4900	0.03488058
135753	6391	0.03488058
135753	79	0.034880575
135753	105	0.03488057
135753	804	0.03488057
135768	1722	0.03980744
135768	2528	0.03980744
135768	6083	0.03980744
135768	4900	0.039807435
135768	6391	0.039807435
135768	79	0.03980743
135768	1143	0.03980743
135768	3564	0.03980743
135768	4369	0.03980743
135768	105	0.039807424
135776	6083	0.019303901
135776	1722	0.0193039
135776	2528	0.0193039
135776	4900	0.0193039
135776	6391	0.0193039
135776	1143	0.019303897
135776	4369	0.019303897
135776	79	0.019303896
135776	105	0.019303896
135776	3088	0.019303896
135799	6083	0.026722856
135799	1722	0.026722852
135799	2528	0.026722852
135799	4900	0.026722852
135799	4369	0.02672285
135799	6391	0.02672285
135799	79	0.026722848
135799	1143	0.026722848
135799	105	0.026722847
135799	3917	0.026722847
135831	6083	0.030553756
135831	1722	0.030553754
135831	2528	0.030553754
135831	4900	0.030553753
135831	3564	0.03055375
135831	4369	0.03055375
135831	6391	0.03055375
135831	79	0.030553747
135831	105	0.030553747
135831	1143	0.030553747
135869	6083	0.031038435
135869	1722	0.031038433
135869	2528	0.031038433
135869	4900	0.031038431
135869	6391	0.031038431
135869	3564	0.03103843
135869	4369	0.03103843
135869	79	0.031038428
135869	105	0.031038426
135869	1143	0.031038426
135873	1722	0.034461215
135873	2528	0.034461215
135873	6083	0.034461215
135873	4369	0.03446121
135873	4900	0.03446121
135873	6391	0.03446121
135873	79	0.034461208
135873	105	0.034461208
135873	1143	0.034461208
135873	3088	0.034461208
135895	2528	0.021753255
135895	6083	0.021753255
135895	1722	0.021753253
135895	4900	0.021753253
135895	6391	0.021753253
135895	79	0.021753252
135895	1143	0.021753252
135895	3564	0.021753252
135895	4369	0.021753252
135895	105	0.02175325
135965	6083	0.027395051
135965	2528	0.02739505
135965	1722	0.027395047
135965	4369	0.027395047
135965	4900	0.027395047
135965	6391	0.027395045
135965	79	0.027395044
135965	105	0.027395044
135965	1143	0.027395044
135965	3564	0.027395044
135996	1722	0.027767245
135996	2528	0.027767245
135996	6083	0.027767245
135996	4900	0.027767243
135996	3564	0.027767241
135996	4369	0.027767241
135996	6391	0.027767241
135996	79	0.02776724
135996	105	0.02776724
135996	1143	0.02776724
136010	2528	0.038784552
136010	6083	0.038784552
136010	1722	0.03878455
136010	4369	0.03878455
136010	4900	0.03878455
136010	6391	0.03878455
136010	3564	0.038784545
136010	79	0.03878454
136010	105	0.03878454
136010	804	0.03878454
136011	6083	0.04159297
136011	2528	0.041592967
136011	1722	0.041592963
136011	4369	0.041592963
136011	4900	0.04159296
136011	6391	0.04159296
136011	79	0.041592956
136011	105	0.041592956
136011	1143	0.041592956
136011	3088	0.041592956
136014	6083	0.02865701
136014	1722	0.028657008
136014	2528	0.028657008
136014	4369	0.028657004
136014	4900	0.028657004
136014	6391	0.028657004
136014	1143	0.028657002
136014	3564	0.028657002
136014	79	0.028657
136014	105	0.028657
136071	1722	0.041650053
136071	6083	0.041650053
136071	2528	0.04165005
136071	4900	0.04165005
136071	6391	0.04165005
136071	4369	0.041650046
136071	79	0.041650042
136071	105	0.041650042
136071	1143	0.041650042
136071	3088	0.041650042
136104	2528	0.027300425
136104	6083	0.027300425
136104	1722	0.027300423
136104	4900	0.027300421
136104	6391	0.027300421
136104	4369	0.02730042
136104	79	0.027300417
136104	105	0.027300417
136104	1143	0.027300417
136104	3564	0.027300417
136136	2528	0.02573146
136136	6083	0.02573146
136136	1722	0.025731457
136136	6391	0.025731457
136136	4369	0.025731456
136136	4900	0.025731456
136136	79	0.025731454
136136	1143	0.025731454
136136	3564	0.025731454
136136	105	0.025731452
136139	1722	0.036614828
136139	2528	0.036614828
136139	6083	0.036614828
136139	4900	0.036614824
136139	6391	0.036614824
136139	105	0.03661482
136139	1143	0.03661482
136139	3564	0.03661482
136139	4369	0.03661482
136139	79	0.036614817
136193	2528	0.021407234
136193	6083	0.021407234
136193	1722	0.021407232
136193	4900	0.021407232
136193	6391	0.021407232
136193	3564	0.02140723
136193	4369	0.02140723
136193	79	0.021407228
136193	105	0.021407228
136193	1143	0.021407228
136205	1722	0.03975629
136205	2528	0.03975629
136205	6083	0.03975629
136205	4900	0.039756287
136205	6391	0.039756287
136205	79	0.039756283
136205	105	0.039756283
136205	1143	0.039756283
136205	3564	0.039756283
136205	4369	0.039756283
136237	1722	0.03204839
136237	2528	0.03204839
136237	6083	0.03204839
136237	1143	0.032048386
136237	3564	0.032048386
136237	4369	0.032048386
136237	4900	0.032048386
136237	6391	0.032048386
136237	79	0.032048382
136237	105	0.032048382
136240	2528	0.030019078
136240	6083	0.030019078
136240	1722	0.030019077
136240	4900	0.030019077
136240	6391	0.030019077
136240	3564	0.030019075
136240	4369	0.030019075
136240	79	0.030019073
136240	105	0.030019071
136240	1143	0.030019071
136252	6083	0.030764353
136252	2528	0.03076435
136252	1722	0.030764349
136252	4900	0.030764347
136252	6391	0.030764347
136252	1143	0.030764345
136252	4369	0.030764345
136252	105	0.030764343
136252	3564	0.030764343
136252	79	0.030764341
136255	1722	0.030864771
136255	2528	0.030864771
136255	6083	0.030864771
136255	4369	0.030864768
136255	4900	0.030864768
136255	6391	0.030864768
136255	79	0.030864764
136255	3564	0.030864764
136255	105	0.030864762
136255	1143	0.030864762
136291	6083	0.029112611
136291	2528	0.02911261
136291	1722	0.029112607
136291	4900	0.029112607
136291	6391	0.029112607
136291	79	0.029112604
136291	1143	0.029112604
136291	3564	0.029112604
136291	4369	0.029112604
136291	105	0.029112602
136313	2528	0.029492162
136313	6083	0.029492162
136313	1722	0.02949216
136313	4369	0.029492158
136313	4900	0.029492158
136313	6391	0.029492158
136313	79	0.029492155
136313	1143	0.029492155
136313	3564	0.029492155
136313	3917	0.029492155
136326	2528	0.033674166
136326	6083	0.033674166
136326	79	0.03367416
136326	1143	0.03367416
136326	1722	0.03367416
136326	3564	0.03367416
136326	4369	0.03367416
136326	4900	0.03367416
136326	6391	0.03367416
136326	105	0.033674154
136348	6083	0.031075139
136348	1722	0.031075135
136348	2528	0.031075135
136348	4900	0.031075135
136348	6391	0.031075135
136348	3564	0.031075131
136348	4369	0.031075131
136348	79	0.03107513
136348	105	0.031075127
136348	1143	0.031075127
136382	1722	0.03226813
136382	2528	0.03226813
136382	6083	0.03226813
136382	4369	0.032268126
136382	6391	0.032268126
136382	79	0.03226812
136382	105	0.03226812
136382	804	0.03226812
136382	1143	0.03226812
136382	3564	0.03226812
136396	2528	0.024148257
136396	6083	0.024148257
136396	1722	0.024148256
136396	4900	0.024148256
136396	6391	0.024148256
136396	3564	0.024148254
136396	4369	0.024148254
136396	79	0.024148252
136396	105	0.024148252
136396	1143	0.024148252
136465	1722	0.033372402
136465	2528	0.033372402
136465	6083	0.033372402
136465	4900	0.0333724
136465	79	0.033372395
136465	3564	0.033372395
136465	3917	0.033372395
136465	4369	0.033372395
136465	6391	0.033372395
136465	105	0.03337239
136491	1722	0.03407137
136491	2528	0.03407137
136491	6083	0.03407137
136491	4369	0.034071367
136491	6391	0.034071367
136491	79	0.034071364
136491	105	0.034071364
136491	1143	0.034071364
136491	3088	0.034071364
136491	3564	0.034071364
136561	6083	0.029423758
136561	2528	0.029423757
136561	1722	0.029423755
136561	4369	0.029423753
136561	4900	0.029423753
136561	6391	0.029423753
136561	1143	0.029423751
136561	3564	0.029423751
136561	79	0.02942375
136561	5896	0.02942375
136735	6083	0.030308241
136735	1722	0.03030824
136735	2528	0.03030824
136735	4369	0.030308235
136735	4900	0.030308235
136735	6391	0.030308235
136735	79	0.030308234
136735	1143	0.030308234
136735	3564	0.030308234
136735	105	0.030308232
136747	2528	0.028762084
136747	6083	0.028762084
136747	1722	0.02876208
136747	4369	0.02876208
136747	4900	0.02876208
136747	6391	0.02876208
136747	79	0.028762076
136747	1143	0.028762076
136747	3564	0.028762076
136747	105	0.028762074
136829	2528	0.03243285
136829	6083	0.03243285
136829	1143	0.032432847
136829	1722	0.032432847
136829	4369	0.032432847
136829	4900	0.032432847
136829	6391	0.032432847
136829	79	0.032432843
136829	105	0.032432843
136829	3564	0.032432843
136916	2528	0.03307697
136916	6083	0.03307697
136916	1722	0.033076968
136916	4900	0.033076968
136916	79	0.033076964
136916	1143	0.033076964
136916	4369	0.033076964
136916	6391	0.033076964
136916	105	0.03307696
136916	3088	0.03307696
136943	1722	0.032318078
136943	2528	0.032318078
136943	6083	0.032318078
136943	4369	0.032318074
136943	6391	0.032318074
136943	79	0.03231807
136943	105	0.03231807
136943	1143	0.03231807
136943	3088	0.03231807
136943	3564	0.03231807
137118	6083	0.036421448
137118	1722	0.03642144
137118	2528	0.03642144
137118	4369	0.03642144
137118	4900	0.03642144
137118	6391	0.03642144
137118	79	0.036421433
137118	105	0.036421433
137118	1143	0.036421433
137118	1557	0.036421433
137134	6083	0.03325389
137134	1722	0.033253886
137134	2528	0.033253886
137134	4900	0.033253886
137134	6391	0.033253886
137134	79	0.033253882
137134	1143	0.033253882
137134	3564	0.033253882
137134	4369	0.033253882
137134	105	0.03325388
137137	2528	0.039617036
137137	6083	0.039617036
137137	1722	0.03961703
137137	4369	0.03961703
137137	4900	0.03961703
137137	6391	0.03961703
137137	79	0.039617028
137137	1143	0.039617028
137137	3564	0.039617028
137137	105	0.039617024
137143	1722	0.02730561
137143	2528	0.02730561
137143	6083	0.02730561
137143	6391	0.027305609
137143	4369	0.027305607
137143	4900	0.027305607
137143	1143	0.027305605
137143	79	0.027305603
137143	105	0.027305603
137143	3088	0.027305603
137190	2528	0.030850086
137190	6083	0.030850086
137190	1722	0.030850083
137190	4900	0.030850083
137190	6391	0.030850083
137190	4369	0.03085008
137190	1143	0.030850079
137190	3564	0.030850079
137190	5896	0.030850079
137190	79	0.030850077
137211	6083	0.038406894
137211	1722	0.03840689
137211	2528	0.03840689
137211	1143	0.038406886
137211	4369	0.038406886
137211	4900	0.038406886
137211	6391	0.038406886
137211	79	0.038406882
137211	105	0.038406882
137211	3564	0.038406882
137222	1722	0.037633844
137222	2528	0.037633844
137222	6083	0.037633844
137222	6391	0.037633844
137222	3564	0.03763384
137222	4369	0.03763384
137222	4900	0.03763384
137222	79	0.037633836
137222	105	0.037633836
137222	1143	0.037633836
137336	1722	0.048803937
137336	2528	0.048803937
137336	6083	0.048803937
137336	4900	0.048803933
137336	6391	0.048803933
137336	4369	0.04880393
137336	79	0.048803926
137336	105	0.048803926
137336	1143	0.048803926
137336	3088	0.048803926
137397	2528	0.02898246
137397	6083	0.02898246
137397	1722	0.028982459
137397	4369	0.028982457
137397	4900	0.028982457
137397	6391	0.028982457
137397	1143	0.028982455
137397	3564	0.028982453
137397	3917	0.028982453
137397	5896	0.028982453
137434	6083	0.03096512
137434	1722	0.030965116
137434	2528	0.030965116
137434	6391	0.030965116
137434	3564	0.030965112
137434	4369	0.030965112
137434	4900	0.030965112
137434	79	0.03096511
137434	1143	0.03096511
137434	105	0.030965108
137437	2528	0.022147046
137437	6083	0.022147046
137437	1722	0.022147045
137437	4900	0.022147043
137437	6391	0.022147043
137437	79	0.02214704
137437	105	0.02214704
137437	3088	0.02214704
137437	3564	0.02214704
137437	3917	0.02214704
137524	2528	0.028047673
137524	6083	0.028047673
137524	1722	0.028047672
137524	4369	0.02804767
137524	4900	0.02804767
137524	6391	0.02804767
137524	3564	0.028047668
137524	79	0.028047666
137524	105	0.028047666
137524	1143	0.028047666
137587	6083	0.030961331
137587	2528	0.03096133
137587	1722	0.030961327
137587	4900	0.030961327
137587	6391	0.030961327
137587	4369	0.030961325
137587	79	0.030961324
137587	1143	0.030961324
137587	3564	0.030961324
137587	105	0.030961322
137588	2528	0.023629587
137588	6083	0.023629587
137588	1722	0.023629585
137588	4900	0.023629585
137588	3564	0.023629583
137588	4369	0.023629583
137588	6391	0.023629583
137588	79	0.023629582
137588	1143	0.023629582
137588	105	0.02362958
137589	6083	0.037415326
137589	1722	0.037415322
137589	2528	0.037415322
137589	79	0.03741532
137589	3564	0.03741532
137589	4369	0.03741532
137589	4900	0.03741532
137589	6391	0.03741532
137589	1143	0.037415314
137589	105	0.03741531
137620	6083	0.0235903
137620	2528	0.023590298
137620	1722	0.023590297
137620	4900	0.023590297
137620	6391	0.023590297
137620	4369	0.023590295
137620	79	0.023590293
137620	105	0.023590293
137620	1143	0.023590293
137620	3088	0.023590293
137627	2528	0.034960635
137627	6083	0.034960635
137627	1722	0.03496063
137627	4900	0.03496063
137627	79	0.034960628
137627	1143	0.034960628
137627	3564	0.034960628
137627	4369	0.034960628
137627	6391	0.034960628
137627	105	0.034960624
137684	1722	0.034615755
137684	2528	0.034615755
137684	4900	0.034615755
137684	6083	0.034615755
137684	6391	0.034615755
137684	4369	0.03461575
137684	79	0.034615748
137684	105	0.034615748
137684	804	0.034615748
137684	1143	0.034615748
137688	1722	0.03126526
137688	2528	0.03126526
137688	6083	0.03126526
137688	4369	0.031265255
137688	4900	0.031265255
137688	6391	0.031265255
137688	79	0.03126525
137688	105	0.03126525
137688	804	0.03126525
137688	1143	0.03126525
137742	2528	0.030246882
137742	6083	0.030246882
137742	1722	0.03024688
137742	6391	0.030246878
137742	1143	0.030246876
137742	4369	0.030246876
137742	4900	0.030246876
137742	105	0.030246874
137742	3564	0.030246874
137742	79	0.030246872
137803	6083	0.027581334
137803	1722	0.02758133
137803	2528	0.02758133
137803	4900	0.02758133
137803	6391	0.02758133
137803	4369	0.027581329
137803	79	0.027581327
137803	1143	0.027581327
137803	3564	0.027581327
137803	105	0.027581325
137816	2528	0.038435265
137816	6083	0.038435265
137816	1722	0.03843526
137816	6391	0.03843526
137816	79	0.038435258
137816	105	0.038435258
137816	1143	0.038435258
137816	3564	0.038435258
137816	4369	0.038435258
137816	4900	0.038435258
137968	6083	0.032775268
137968	1722	0.03277526
137968	2528	0.03277526
137968	4369	0.03277526
137968	4900	0.03277526
137968	6391	0.03277526
137968	1143	0.032775257
137968	3564	0.032775257
137968	79	0.032775253
137968	105	0.032775253
137986	6083	0.028362105
137986	2528	0.028362103
137986	1722	0.028362101
137986	4369	0.0283621
137986	4900	0.0283621
137986	6391	0.0283621
137986	79	0.028362095
137986	105	0.028362095
137986	1143	0.028362095
137986	3564	0.028362095
138010	6083	0.021675674
138010	1722	0.021675672
138010	2528	0.021675672
138010	4900	0.02167567
138010	1143	0.021675669
138010	3564	0.021675669
138010	4369	0.021675669
138010	6391	0.021675669
138010	79	0.021675667
138010	105	0.021675667
138018	2528	0.023509234
138018	6083	0.023509234
138018	6391	0.023509232
138018	1722	0.02350923
138018	4369	0.02350923
138018	4900	0.02350923
138018	1143	0.023509229
138018	79	0.023509227
138018	105	0.023509227
138018	804	0.023509227
138045	6083	0.023167202
138045	1722	0.0231672
138045	2528	0.0231672
138045	4900	0.023167199
138045	6391	0.023167199
138045	3564	0.023167197
138045	4369	0.023167197
138045	79	0.023167195
138045	105	0.023167195
138045	1143	0.023167195
138073	2528	0.024048332
138073	6083	0.024048332
138073	1722	0.02404833
138073	4369	0.024048328
138073	4900	0.024048328
138073	6391	0.024048328
138073	3564	0.024048327
138073	79	0.024048325
138073	105	0.024048325
138073	804	0.024048325
138097	1722	0.035023324
138097	2528	0.035023324
138097	4369	0.035023324
138097	4900	0.035023324
138097	6083	0.035023324
138097	6391	0.035023324
138097	79	0.035023317
138097	105	0.035023317
138097	804	0.035023317
138097	1143	0.035023317
138100	6083	0.026325602
138100	1722	0.0263256
138100	2528	0.0263256
138100	6391	0.026325598
138100	4369	0.026325596
138100	4900	0.026325596
138100	79	0.026325595
138100	105	0.026325595
138100	1143	0.026325595
138100	3564	0.026325595
138124	6083	0.026189543
138124	1722	0.02618954
138124	2528	0.02618954
138124	4900	0.02618954
138124	6391	0.02618954
138124	4369	0.026189538
138124	79	0.026189536
138124	1143	0.026189536
138124	3564	0.026189536
138124	105	0.026189534
138138	6083	0.030967057
138138	1722	0.030967053
138138	2528	0.030967053
138138	4900	0.030967051
138138	3564	0.03096705
138138	4369	0.03096705
138138	6391	0.03096705
138138	79	0.030967047
138138	1143	0.030967047
138138	105	0.030967046
138176	6083	0.029112346
138176	1722	0.029112345
138176	2528	0.029112345
138176	4900	0.029112343
138176	6391	0.029112343
138176	4369	0.02911234
138176	79	0.029112339
138176	105	0.029112339
138176	1143	0.029112339
138176	3564	0.029112339
138189	1722	0.03316632
138189	2528	0.03316632
138189	4369	0.03316632
138189	4900	0.03316632
138189	6083	0.03316632
138189	6391	0.03316632
138189	79	0.03316631
138189	105	0.03316631
138189	804	0.03316631
138189	1143	0.03316631
138193	2528	0.021233115
138193	6083	0.021233115
138193	1722	0.021233113
138193	4900	0.021233113
138193	6391	0.021233113
138193	79	0.021233112
138193	1143	0.021233112
138193	3564	0.021233112
138193	4369	0.021233112
138193	105	0.02123311
138198	1722	0.035344057
138198	2528	0.035344057
138198	6083	0.035344057
138198	4900	0.035344053
138198	79	0.03534405
138198	105	0.03534405
138198	1143	0.03534405
138198	3088	0.03534405
138198	3564	0.03534405
138198	4369	0.03534405
138202	1722	0.02710133
138202	2528	0.02710133
138202	6083	0.02710133
138202	4900	0.027101329
138202	6391	0.027101329
138202	3564	0.027101327
138202	4369	0.027101327
138202	79	0.027101325
138202	1143	0.027101325
138202	105	0.027101323
138239	6083	0.025706114
138239	1722	0.025706112
138239	2528	0.025706112
138239	4900	0.025706112
138239	6391	0.02570611
138239	3564	0.025706109
138239	4369	0.025706109
138239	79	0.025706107
138239	105	0.025706107
138239	1143	0.025706107
138307	6083	0.026409421
138307	1722	0.02640942
138307	2528	0.02640942
138307	4900	0.026409417
138307	6391	0.026409417
138307	1143	0.026409416
138307	3564	0.026409416
138307	4369	0.026409416
138307	79	0.026409414
138307	105	0.026409414
138330	1722	0.03415653
138330	2528	0.03415653
138330	6083	0.03415653
138330	6391	0.034156527
138330	79	0.034156524
138330	1143	0.034156524
138330	3564	0.034156524
138330	4369	0.034156524
138330	4900	0.034156524
138330	105	0.03415652
138379	1722	0.03843409
138379	2528	0.03843409
138379	6083	0.03843409
138379	6391	0.03843409
138379	4900	0.038434085
138379	79	0.03843408
138379	105	0.03843408
138379	804	0.03843408
138379	1143	0.03843408
138379	3564	0.03843408
138382	6083	0.03876598
138382	2528	0.038765978
138382	79	0.038765974
138382	1143	0.038765974
138382	1722	0.038765974
138382	4369	0.038765974
138382	4900	0.038765974
138382	6391	0.038765974
138382	3564	0.03876597
138382	105	0.038765967
138425	1722	0.031578608
138425	2528	0.031578608
138425	6083	0.031578608
138425	3564	0.031578604
138425	4900	0.031578604
138425	6391	0.031578604
138425	79	0.0315786
138425	105	0.0315786
138425	804	0.0315786
138425	1143	0.0315786
138441	6083	0.030450195
138441	1722	0.030450191
138441	2528	0.030450191
138441	6391	0.030450191
138441	4369	0.03045019
138441	4900	0.03045019
138441	105	0.030450188
138441	1143	0.030450188
138441	3564	0.030450188
138441	79	0.030450186
138515	6083	0.032423683
138515	2528	0.03242368
138515	79	0.032423675
138515	1722	0.032423675
138515	3564	0.032423675
138515	4369	0.032423675
138515	4900	0.032423675
138515	6391	0.032423675
138515	1143	0.03242367
138515	3917	0.03242367
138529	6083	0.02842008
138529	2528	0.028420078
138529	1722	0.028420076
138529	6391	0.028420076
138529	4369	0.028420074
138529	4900	0.028420074
138529	1143	0.028420072
138529	3564	0.028420072
138529	79	0.02842007
138529	105	0.02842007
138543	1722	0.041704148
138543	2528	0.041704148
138543	6083	0.041704148
138543	3564	0.04170414
138543	4369	0.04170414
138543	4900	0.04170414
138543	6391	0.04170414
138543	79	0.041704137
138543	1143	0.041704137
138543	105	0.041704133
138578	1722	0.035834186
138578	2528	0.035834186
138578	6083	0.035834186
138578	4369	0.035834182
138578	4900	0.035834182
138578	6391	0.035834182
138578	79	0.03583418
138578	105	0.03583418
138578	1143	0.03583418
138578	3564	0.03583418
138602	6083	0.029454662
138602	2528	0.02945466
138602	1722	0.029454658
138602	4900	0.029454658
138602	4369	0.029454656
138602	6391	0.029454656
138602	79	0.029454654
138602	1143	0.029454654
138602	3564	0.029454654
138602	105	0.029454652
138647	6083	0.02514112
138647	1722	0.025141118
138647	2528	0.025141118
138647	4369	0.025141116
138647	4900	0.025141116
138647	6391	0.025141116
138647	3564	0.025141114
138647	79	0.025141113
138647	105	0.025141113
138647	1143	0.025141113
138674	1722	0.032232866
138674	2528	0.032232866
138674	4369	0.032232866
138674	4900	0.032232866
138674	6083	0.032232866
138674	6391	0.032232866
138674	3564	0.032232862
138674	79	0.03223286
138674	105	0.03223286
138674	804	0.03223286
138777	6083	0.030562319
138777	1722	0.030562315
138777	2528	0.030562315
138777	6391	0.030562315
138777	4369	0.030562313
138777	4900	0.030562313
138777	79	0.030562311
138777	1143	0.030562311
138777	3564	0.030562311
138777	105	0.03056231
138813	1722	0.03553039
138813	2528	0.03553039
138813	6083	0.03553039
138813	4900	0.035530385
138813	1143	0.03553038
138813	3564	0.03553038
138813	4369	0.03553038
138813	6391	0.03553038
138813	79	0.035530377
138813	105	0.035530377
138826	2528	0.025254164
138826	6083	0.025254164
138826	1722	0.025254162
138826	4369	0.02525416
138826	4900	0.02525416
138826	6391	0.02525416
138826	1143	0.025254158
138826	79	0.025254156
138826	105	0.025254156
138826	3564	0.025254156
138844	6083	0.031547945
138844	1722	0.03154794
138844	2528	0.03154794
138844	4369	0.03154794
138844	4900	0.03154794
138844	6391	0.03154794
138844	79	0.031547938
138844	105	0.031547934
138844	804	0.031547934
138844	1143	0.031547934
138849	6083	0.026991371
138849	2528	0.02699137
138849	1722	0.026991367
138849	4900	0.026991367
138849	6391	0.026991367
138849	4369	0.026991365
138849	79	0.026991364
138849	105	0.026991364
138849	1143	0.026991364
138849	3564	0.026991364
138867	2528	0.026786916
138867	6083	0.026786916
138867	1722	0.026786914
138867	4369	0.026786912
138867	4900	0.026786912
138867	6391	0.026786912
138867	79	0.026786909
138867	105	0.026786909
138867	1143	0.026786909
138867	3088	0.026786909
138906	2528	0.026102263
138906	6083	0.026102263
138906	1722	0.02610226
138906	4900	0.02610226
138906	6391	0.02610226
138906	4369	0.026102258
138906	79	0.026102256
138906	1143	0.026102256
138906	3564	0.026102256
138906	3917	0.026102256
138954	2528	0.022524785
138954	6083	0.022524785
138954	1722	0.022524783
138954	6391	0.022524783
138954	1143	0.022524782
138954	3564	0.022524782
138954	4369	0.022524782
138954	4900	0.022524782
138954	79	0.02252478
138954	105	0.022524778
138955	6083	0.028506605
138955	1722	0.028506603
138955	2528	0.028506603
138955	4369	0.028506601
138955	4900	0.028506601
138955	6391	0.028506601
138955	79	0.0285066
138955	3564	0.0285066
138955	105	0.028506598
138955	1143	0.028506598
138995	6083	0.03822898
138995	1722	0.038228974
138995	2528	0.038228974
138995	4369	0.038228974
138995	6391	0.038228974
138995	1143	0.03822897
138995	3564	0.03822897
138995	4900	0.03822897
138995	79	0.038228966
138995	105	0.038228966
139070	1722	0.03490983
139070	2528	0.03490983
139070	4900	0.03490983
139070	6083	0.03490983
139070	6391	0.034909826
139070	79	0.034909822
139070	1143	0.034909822
139070	3564	0.034909822
139070	3917	0.034909822
139070	4369	0.034909822
139126	1722	0.02101275
139126	2528	0.02101275
139126	4900	0.02101275
139126	6083	0.02101275
139126	3564	0.021012748
139126	6391	0.021012748
139126	79	0.021012746
139126	105	0.021012746
139126	1143	0.021012746
139126	4369	0.021012746
139141	2528	0.026666999
139141	6083	0.026666999
139141	1722	0.026666997
139141	4369	0.026666995
139141	4900	0.026666995
139141	6391	0.026666995
139141	79	0.026666993
139141	3564	0.026666993
139141	105	0.026666991
139141	1143	0.026666991
139206	2528	0.02552098
139206	6083	0.02552098
139206	1722	0.025520978
139206	4369	0.025520977
139206	4900	0.025520977
139206	6391	0.025520977
139206	1143	0.025520975
139206	3564	0.025520975
139206	79	0.025520973
139206	105	0.025520973
139243	1722	0.03231626
139243	2528	0.03231626
139243	6083	0.03231626
139243	4900	0.032316256
139243	6391	0.032316256
139243	79	0.032316253
139243	1143	0.032316253
139243	3564	0.032316253
139243	4369	0.032316253
139243	105	0.03231625
139287	6083	0.033901326
139287	1722	0.03390132
139287	2528	0.03390132
139287	4900	0.03390132
139287	6391	0.03390132
139287	4369	0.033901315
139287	79	0.03390131
139287	105	0.03390131
139287	1143	0.03390131
139287	3088	0.03390131
139359	6083	0.039742652
139359	1722	0.03974265
139359	2528	0.03974265
139359	4900	0.039742645
139359	6391	0.039742645
139359	79	0.03974264
139359	105	0.03974264
139359	3564	0.03974264
139359	4369	0.03974264
139359	3088	0.039742637
139376	1722	0.038484737
139376	2528	0.038484737
139376	4369	0.038484737
139376	6083	0.038484737
139376	4900	0.038484734
139376	6391	0.038484734
139376	79	0.03848473
139376	1143	0.03848473
139376	3564	0.03848473
139376	105	0.038484726
139387	2528	0.043369647
139387	6083	0.043369647
139387	1722	0.043369643
139387	4369	0.043369643
139387	4900	0.043369643
139387	6391	0.043369643
139387	79	0.043369636
139387	105	0.043369636
139387	1143	0.043369636
139387	3088	0.043369636
139421	6083	0.030185746
139421	1722	0.030185744
139421	2528	0.030185744
139421	6391	0.030185744
139421	4900	0.030185742
139421	3564	0.03018574
139421	4369	0.03018574
139421	79	0.030185739
139421	1143	0.030185739
139421	105	0.030185737
139462	2528	0.034508012
139462	6083	0.034508012
139462	1722	0.03450801
139462	3564	0.034508005
139462	4369	0.034508005
139462	4900	0.034508005
139462	6391	0.034508005
139462	79	0.034508
139462	1143	0.034508
139462	105	0.034507997
139467	1722	0.026244553
139467	6083	0.026244553
139467	2528	0.026244551
139467	6391	0.026244551
139467	4369	0.02624455
139467	4900	0.02624455
139467	79	0.026244547
139467	1143	0.026244547
139467	3564	0.026244547
139467	105	0.026244545
139548	6083	0.027759297
139548	1722	0.027759295
139548	2528	0.027759295
139548	4900	0.027759295
139548	6391	0.027759295
139548	4369	0.027759293
139548	79	0.027759291
139548	1143	0.027759291
139548	3564	0.027759291
139548	105	0.02775929
139575	1722	0.03411535
139575	2528	0.03411535
139575	6083	0.03411535
139575	6391	0.03411535
139575	4369	0.034115348
139575	4900	0.034115348
139575	79	0.034115344
139575	105	0.034115344
139575	1143	0.034115344
139575	1557	0.034115344
139586	6083	0.027964488
139586	1722	0.027964484
139586	2528	0.027964484
139586	4900	0.027964484
139586	6391	0.027964484
139586	1143	0.02796448
139586	3564	0.02796448
139586	4369	0.02796448
139586	79	0.027964478
139586	105	0.027964478
139607	6083	0.029668523
139607	1722	0.029668521
139607	2528	0.029668521
139607	6391	0.02966852
139607	1143	0.029668517
139607	3564	0.029668517
139607	4369	0.029668517
139607	4900	0.029668517
139607	79	0.029668516
139607	105	0.029668514
139706	6083	0.036433354
139706	1722	0.036433347
139706	2528	0.036433347
139706	4369	0.036433347
139706	4900	0.036433347
139706	6391	0.036433347
139706	105	0.036433343
139706	3564	0.036433343
139706	79	0.03643334
139706	804	0.03643334
139742	1722	0.03354613
139742	2528	0.03354613
139742	6083	0.03354613
139742	4369	0.033546127
139742	4900	0.033546127
139742	6391	0.033546127
139742	3564	0.033546124
139742	79	0.03354612
139742	105	0.03354612
139742	804	0.03354612
139827	6083	0.03431684
139827	1722	0.034316838
139827	2528	0.034316838
139827	6391	0.034316838
139827	3564	0.034316834
139827	4369	0.034316834
139827	4900	0.034316834
139827	79	0.03431683
139827	105	0.03431683
139827	1143	0.03431683
139828	1722	0.037799954
139828	2528	0.037799954
139828	6083	0.037799954
139828	4900	0.03779995
139828	6391	0.03779995
139828	79	0.037799947
139828	105	0.037799947
139828	1143	0.037799947
139828	3564	0.037799947
139828	4369	0.037799947
139913	2528	0.047018684
139913	6083	0.047018684
139913	1722	0.04701868
139913	4900	0.04701868
139913	6391	0.04701868
139913	79	0.047018677
139913	1143	0.047018677
139913	4369	0.047018677
139913	3564	0.047018673
139913	5896	0.047018673
139934	1722	0.036362678
139934	2528	0.036362678
139934	6083	0.036362678
139934	4900	0.036362674
139934	6391	0.036362674
139934	79	0.03636267
139934	105	0.03636267
139934	1143	0.03636267
139934	3088	0.03636267
139934	3564	0.03636267
140000	6083	0.038326904
140000	2528	0.0383269
140000	1722	0.038326897
140000	4369	0.038326897
140000	4900	0.038326897
140000	6391	0.038326897
140000	79	0.03832689
140000	105	0.03832689
140000	1143	0.03832689
140000	3088	0.03832689
140005	1722	0.032022383
140005	2528	0.032022383
140005	6083	0.032022383
140005	3564	0.03202238
140005	4369	0.03202238
140005	4900	0.03202238
140005	6391	0.03202238
140005	79	0.032022376
140005	105	0.032022376
140005	1143	0.032022376
140036	2528	0.038424805
140036	6083	0.038424805
140036	6391	0.0384248
140036	79	0.038424797
140036	1722	0.038424797
140036	4369	0.038424797
140036	4900	0.038424797
140036	105	0.038424794
140036	3564	0.038424794
140036	804	0.03842479
140069	1722	0.03951773
140069	2528	0.03951773
140069	6083	0.03951773
140069	4900	0.039517727
140069	6391	0.039517727
140069	1143	0.039517723
140069	3917	0.039517723
140069	4369	0.039517723
140069	79	0.03951772
140069	105	0.03951772
140080	6083	0.021008113
140080	1722	0.021008112
140080	2528	0.021008112
140080	4369	0.021008112
140080	4900	0.021008112
140080	6391	0.021008112
140080	79	0.021008108
140080	105	0.021008108
140080	1143	0.021008108
140080	1557	0.021008108
140087	6083	0.028693508
140087	1722	0.028693505
140087	2528	0.028693505
140087	6391	0.028693505
140087	4900	0.028693503
140087	79	0.0286935
140087	105	0.0286935
140087	3564	0.0286935
140087	4369	0.0286935
140087	1143	0.028693499
140167	6083	0.029448241
140167	2528	0.02944824
140167	1722	0.029448237
140167	6391	0.029448237
140167	4900	0.029448235
140167	3564	0.029448234
140167	4369	0.029448234
140167	79	0.029448232
140167	1143	0.029448232
140167	105	0.02944823
140196	6083	0.031564906
140196	1722	0.031564903
140196	1143	0.0315649
140196	2528	0.0315649
140196	3564	0.0315649
140196	4900	0.0315649
140196	6391	0.0315649
140196	79	0.031564895
140196	3978	0.031564895
140196	4369	0.031564895
140223	6083	0.03608327
140223	1722	0.036083266
140223	2528	0.036083266
140223	4369	0.036083266
140223	6391	0.036083266
140223	4900	0.036083262
140223	79	0.03608326
140223	105	0.03608326
140223	1143	0.03608326
140223	1557	0.03608326
140255	1722	0.031572
140255	2528	0.031572
140255	6083	0.031572
140255	6391	0.031572
140255	4369	0.031571995
140255	4900	0.031571995
140255	79	0.03157199
140255	105	0.03157199
140255	804	0.03157199
140255	1143	0.03157199
140294	2528	0.031320818
140294	6083	0.031320818
140294	1722	0.031320814
140294	79	0.03132081
140294	1143	0.03132081
140294	4369	0.03132081
140294	4900	0.03132081
140294	6391	0.03132081
140294	105	0.031320807
140294	3088	0.031320807
140340	2528	0.026738692
140340	6083	0.026738692
140340	1722	0.02673869
140340	4369	0.026738688
140340	4900	0.026738688
140340	6391	0.026738688
140340	3564	0.026738686
140340	79	0.026738685
140340	105	0.026738685
140340	1143	0.026738685
140410	1722	0.02861625
140410	2528	0.02861625
140410	6083	0.02861625
140410	1143	0.028616246
140410	4369	0.028616246
140410	4900	0.028616246
140410	6391	0.028616246
140410	3564	0.028616244
140410	79	0.028616242
140410	105	0.028616242
140451	2528	0.02654725
140451	6083	0.02654725
140451	1722	0.026547248
140451	4369	0.026547246
140451	4900	0.026547246
140451	6391	0.026547246
140451	1143	0.026547244
140451	3564	0.026547244
140451	79	0.026547242
140451	105	0.026547242
140555	6083	0.03197957
140555	1143	0.03197956
140555	1722	0.03197956
140555	2528	0.03197956
140555	3564	0.03197956
140555	4369	0.03197956
140555	4900	0.03197956
140555	6391	0.03197956
140555	105	0.031979557
140555	79	0.031979553
140662	2528	0.032282405
140662	4900	0.032282405
140662	6083	0.032282405
140662	1722	0.0322824
140662	4369	0.0322824
140662	6391	0.0322824
140662	79	0.032282397
140662	105	0.032282397
140662	1143	0.032282397
140662	3088	0.032282397
140763	6083	0.030908354
140763	1722	0.030908352
140763	2528	0.030908352
140763	4900	0.03090835
140763	6391	0.03090835
140763	4369	0.030908348
140763	79	0.030908346
140763	105	0.030908346
140763	1143	0.030908346
140763	3564	0.030908346
140863	1722	0.03355267
140863	2528	0.03355267
140863	6083	0.03355267
140863	3564	0.033552665
140863	4369	0.033552665
140863	4900	0.033552665
140863	6391	0.033552665
140863	79	0.03355266
140863	105	0.03355266
140863	1143	0.03355266
140879	6083	0.023891725
140879	2528	0.023891723
140879	1722	0.02389172
140879	4369	0.02389172
140879	4900	0.02389172
140879	6391	0.02389172
140879	79	0.023891717
140879	105	0.023891717
140879	1143	0.023891717
140879	3564	0.023891717
141010	6083	0.024305223
141010	1722	0.02430522
141010	2528	0.02430522
141010	4900	0.02430522
141010	6391	0.02430522
141010	79	0.024305217
141010	1143	0.024305217
141010	3564	0.024305217
141010	4369	0.024305217
141010	105	0.024305215
141047	2528	0.033166207
141047	6083	0.033166207
141047	1722	0.033166204
141047	79	0.0331662
141047	1143	0.0331662
141047	3564	0.0331662
141047	4369	0.0331662
141047	4900	0.0331662
141047	6391	0.0331662
141047	105	0.033166196
141065	1722	0.028957117
141065	2528	0.028957117
141065	4900	0.028957117
141065	6083	0.028957117
141065	6391	0.028957115
141065	3564	0.028957114
141065	4369	0.028957114
141065	79	0.028957112
141065	1143	0.028957112
141065	105	0.02895711
141070	2528	0.027389549
141070	6083	0.027389549
141070	1722	0.027389545
141070	4369	0.027389545
141070	4900	0.027389545
141070	6391	0.027389545
141070	79	0.027389541
141070	105	0.027389541
141070	1143	0.027389541
141070	3088	0.027389541
141089	1722	0.02804644
141089	2528	0.02804644
141089	6083	0.02804644
141089	4900	0.028046438
141089	6391	0.028046438
141089	4369	0.028046437
141089	79	0.028046435
141089	105	0.028046435
141089	1143	0.028046435
141089	3564	0.028046435
141109	2528	0.02111135
141109	6083	0.02111135
141109	1722	0.021111347
141109	4900	0.021111347
141109	6391	0.021111347
141109	79	0.021111345
141109	1143	0.021111345
141109	3564	0.021111345
141109	4369	0.021111345
141109	105	0.021111343
141127	6083	0.029963803
141127	2528	0.0299638
141127	1722	0.029963799
141127	4900	0.029963799
141127	6391	0.029963799
141127	4369	0.029963797
141127	79	0.029963795
141127	1143	0.029963795
141127	3564	0.029963795
141127	105	0.029963793
141201	6083	0.024660524
141201	2528	0.024660522
141201	1722	0.02466052
141201	4900	0.02466052
141201	6391	0.02466052
141201	4369	0.024660518
141201	79	0.024660517
141201	105	0.024660517
141201	1143	0.024660517
141201	3564	0.024660517
141210	1722	0.036207445
141210	2528	0.036207445
141210	4900	0.036207445
141210	6083	0.036207445
141210	4369	0.03620744
141210	6391	0.03620744
141210	79	0.036207438
141210	105	0.036207438
141210	1143	0.036207438
141210	3564	0.036207438
141309	6083	0.027252432
141309	2528	0.02725243
141309	1722	0.027252428
141309	4900	0.027252428
141309	6391	0.027252428
141309	4369	0.027252426
141309	105	0.027252425
141309	1143	0.027252425
141309	3564	0.027252425
141309	79	0.027252423
141310	6083	0.019877238
141310	1722	0.019877236
141310	2528	0.019877236
141310	6391	0.019877236
141310	4900	0.019877234
141310	79	0.019877233
141310	1143	0.019877233
141310	3564	0.019877233
141310	4369	0.019877233
141310	5896	0.019877233
141444	2528	0.038354844
141444	6083	0.038354844
141444	1722	0.03835484
141444	4900	0.03835484
141444	6391	0.03835484
141444	79	0.038354836
141444	1143	0.038354836
141444	3564	0.038354836
141444	4369	0.038354836
141444	105	0.038354833
141491	2528	0.03838051
141491	6083	0.03838051
141491	1722	0.038380504
141491	4369	0.038380504
141491	4900	0.038380504
141491	6391	0.038380504
141491	79	0.0383805
141491	105	0.0383805
141491	1143	0.0383805
141491	3564	0.0383805
141493	1722	0.03487236
141493	2528	0.03487236
141493	6083	0.03487236
141493	4369	0.034872357
141493	4900	0.034872357
141493	79	0.034872353
141493	1143	0.034872353
141493	3564	0.034872353
141493	6391	0.034872353
141493	105	0.03487235
141511	6083	0.04025259
141511	1722	0.040252585
141511	2528	0.040252585
141511	4369	0.04025258
141511	4900	0.04025258
141511	6391	0.04025258
141511	79	0.040252578
141511	105	0.040252578
141511	3564	0.040252578
141511	3917	0.040252578
141600	6083	0.025783714
141600	2528	0.025783712
141600	1722	0.02578371
141600	4900	0.02578371
141600	4369	0.025783708
141600	6391	0.025783708
141600	79	0.025783706
141600	1143	0.025783706
141600	3564	0.025783706
141600	105	0.025783705
141704	6083	0.034245245
141704	1722	0.03424524
141704	2528	0.03424524
141704	4900	0.03424524
141704	4369	0.034245238
141704	6391	0.034245238
141704	79	0.034245234
141704	1143	0.034245234
141704	3564	0.034245234
141704	105	0.03424523
141710	6083	0.028723944
141710	2528	0.028723942
141710	1722	0.02872394
141710	4900	0.02872394
141710	6391	0.02872394
141710	4369	0.028723938
141710	79	0.028723937
141710	105	0.028723937
141710	1143	0.028723937
141710	3564	0.028723937
141719	6083	0.032994047
141719	1722	0.032994043
141719	2528	0.032994043
141719	3564	0.03299404
141719	4369	0.03299404
141719	4900	0.03299404
141719	6391	0.03299404
141719	79	0.032994036
141719	105	0.032994032
141719	804	0.032994032
141805	6083	0.030341452
141805	1722	0.03034145
141805	2528	0.03034145
141805	4900	0.030341448
141805	6391	0.030341448
141805	4369	0.030341446
141805	79	0.030341445
141805	1143	0.030341445
141805	3564	0.030341445
141805	105	0.030341443
141819	6083	0.029724404
141819	2528	0.029724402
141819	1722	0.0297244
141819	4900	0.0297244
141819	6391	0.0297244
141819	4369	0.029724399
141819	1143	0.029724397
141819	3564	0.029724397
141819	79	0.029724395
141819	105	0.029724395
141871	1722	0.03126347
141871	2528	0.03126347
141871	6083	0.03126347
141871	4369	0.031263467
141871	4900	0.031263467
141871	6391	0.031263467
141871	79	0.031263463
141871	105	0.031263463
141871	1143	0.031263463
141871	3564	0.031263463
141888	2528	0.032175265
141888	6083	0.032175265
141888	1722	0.03217526
141888	4900	0.03217526
141888	6391	0.03217526
141888	79	0.032175258
141888	1143	0.032175258
141888	3564	0.032175258
141888	3917	0.032175258
141888	4369	0.032175258
141901	6083	0.031631093
141901	1722	0.03163109
141901	2528	0.03163109
141901	4369	0.03163109
141901	4900	0.03163109
141901	6391	0.03163109
141901	79	0.031631086
141901	3564	0.031631086
141901	105	0.031631082
141901	804	0.031631082
141902	2528	0.027877953
141902	6083	0.027877953
141902	1722	0.027877951
141902	4369	0.02787795
141902	4900	0.02787795
141902	6391	0.02787795
141902	3564	0.027877947
141902	79	0.027877945
141902	105	0.027877945
141902	1143	0.027877945
141958	6083	0.032235797
141958	1722	0.032235794
141958	2528	0.032235794
141958	4900	0.032235794
141958	3564	0.03223579
141958	6391	0.03223579
141958	79	0.032235786
141958	105	0.032235786
141958	1143	0.032235786
141958	3088	0.032235786
142005	6083	0.0285189
142005	1722	0.028518897
142005	2528	0.028518897
142005	4900	0.028518895
142005	6391	0.028518895
142005	1143	0.028518893
142005	3564	0.028518893
142005	4369	0.028518893
142005	79	0.028518891
142005	105	0.02851889
142017	6083	0.021557173
142017	1722	0.02155717
142017	2528	0.02155717
142017	6391	0.02155717
142017	4900	0.021557169
142017	79	0.021557167
142017	105	0.021557167
142017	1143	0.021557167
142017	3564	0.021557167
142017	4369	0.021557167
142062	1722	0.04378289
142062	2528	0.04378289
142062	6083	0.04378289
142062	4900	0.043782886
142062	6391	0.043782886
142062	79	0.043782882
142062	3564	0.043782882
142062	4369	0.043782882
142062	105	0.04378288
142062	1143	0.04378288
142121	6083	0.040278018
142121	1722	0.040278014
142121	2528	0.040278014
142121	4900	0.040278014
142121	4369	0.04027801
142121	6391	0.04027801
142121	79	0.040278003
142121	105	0.040278003
142121	804	0.040278003
142121	1143	0.040278003
142134	6083	0.026087664
142134	1722	0.026087662
142134	2528	0.026087662
142134	4369	0.02608766
142134	4900	0.02608766
142134	6391	0.02608766
142134	3564	0.026087658
142134	79	0.026087657
142134	105	0.026087657
142134	1143	0.026087657
142143	6083	0.030602435
142143	1722	0.030602433
142143	2528	0.030602433
142143	4369	0.030602429
142143	4900	0.030602429
142143	6391	0.030602429
142143	1143	0.030602427
142143	3564	0.030602427
142143	79	0.030602425
142143	105	0.030602425
142212	2528	0.031807706
142212	6083	0.031807706
142212	1722	0.031807702
142212	79	0.0318077
142212	3564	0.0318077
142212	4369	0.0318077
142212	4900	0.0318077
142212	6391	0.0318077
142212	105	0.031807695
142212	1143	0.031807695
142253	1722	0.022617191
142253	2528	0.022617191
142253	6083	0.022617191
142253	4369	0.02261719
142253	4900	0.02261719
142253	6391	0.02261719
142253	79	0.022617187
142253	105	0.022617187
142253	1143	0.022617187
142253	3564	0.022617187
142256	6083	0.028580384
142256	1722	0.028580382
142256	2528	0.028580382
142256	4900	0.028580382
142256	6391	0.028580382
142256	1143	0.028580379
142256	3564	0.028580379
142256	4369	0.028580379
142256	79	0.028580377
142256	105	0.028580377
142398	6083	0.027142676
142398	1722	0.027142674
142398	2528	0.027142674
142398	6391	0.027142672
142398	1143	0.02714267
142398	4369	0.02714267
142398	4900	0.02714267
142398	79	0.027142668
142398	3564	0.027142668
142398	105	0.027142666
142442	6083	0.027179757
142442	1722	0.027179753
142442	2528	0.027179753
142442	4369	0.027179752
142442	4900	0.027179752
142442	6391	0.027179752
142442	79	0.027179748
142442	105	0.027179748
142442	1143	0.027179748
142442	3564	0.027179748
142479	2528	0.029820971
142479	6083	0.029820971
142479	1722	0.02982097
142479	4369	0.029820967
142479	4900	0.029820967
142479	6391	0.029820967
142479	79	0.029820964
142479	105	0.029820964
142479	1143	0.029820964
142479	3088	0.029820964
142565	6083	0.03155425
142565	1722	0.031554244
142565	2528	0.031554244
142565	4369	0.03155424
142565	4900	0.03155424
142565	6391	0.03155424
142565	79	0.031554237
142565	105	0.031554237
142565	1143	0.031554237
142565	1557	0.031554237
142579	6083	0.03364704
142579	1722	0.033647038
142579	2528	0.033647038
142579	6391	0.033647038
142579	4369	0.033647034
142579	4900	0.033647034
142579	79	0.03364703
142579	105	0.03364703
142579	804	0.03364703
142579	1143	0.03364703
142584	6083	0.02416312
142584	2528	0.024163118
142584	1722	0.024163116
142584	4369	0.024163116
142584	4900	0.024163116
142584	6391	0.024163116
142584	1143	0.024163114
142584	79	0.024163112
142584	105	0.024163112
142584	1557	0.024163112
142600	6083	0.029543433
142600	2528	0.029543431
142600	1722	0.02954343
142600	6391	0.02954343
142600	4369	0.029543428
142600	4900	0.029543428
142600	3564	0.029543426
142600	79	0.029543424
142600	105	0.029543424
142600	1143	0.029543424
142623	6083	0.03179611
142623	1722	0.031796105
142623	2528	0.031796105
142623	6391	0.031796105
142623	1143	0.0317961
142623	4369	0.0317961
142623	4900	0.0317961
142623	79	0.031796098
142623	105	0.031796098
142623	1557	0.031796098
142661	1722	0.032666504
142661	2528	0.032666504
142661	4900	0.032666504
142661	6083	0.032666504
142661	4369	0.0326665
142661	6391	0.0326665
142661	79	0.032666497
142661	105	0.032666497
142661	804	0.032666497
142661	1143	0.032666497
142671	2528	0.026015446
142671	6083	0.026015446
142671	1722	0.026015444
142671	3564	0.026015442
142671	4369	0.026015442
142671	4900	0.026015442
142671	6391	0.026015442
142671	79	0.02601544
142671	1143	0.02601544
142671	105	0.026015438
142672	2528	0.029549867
142672	6083	0.029549867
142672	1722	0.029549865
142672	4369	0.029549863
142672	4900	0.029549863
142672	6391	0.029549863
142672	3564	0.029549861
142672	79	0.02954986
142672	105	0.02954986
142672	1143	0.02954986
142680	2528	0.031006224
142680	6083	0.031006224
142680	1722	0.031006223
142680	4900	0.03100622
142680	6391	0.03100622
142680	4369	0.031006219
142680	79	0.031006217
142680	105	0.031006217
142680	1143	0.031006217
142680	3564	0.031006217
142715	2528	0.029841714
142715	6083	0.029841714
142715	1722	0.029841712
142715	6391	0.029841712
142715	4369	0.02984171
142715	4900	0.02984171
142715	79	0.029841706
142715	105	0.029841706
142715	1143	0.029841706
142715	3088	0.029841706
142745	6083	0.031357158
142745	1722	0.031357154
142745	2528	0.031357154
142745	4369	0.031357154
142745	4900	0.031357154
142745	6391	0.031357154
142745	79	0.031357147
142745	105	0.031357147
142745	804	0.031357147
142745	1143	0.031357147
142801	6083	0.02935288
142801	1722	0.029352877
142801	2528	0.029352877
142801	6391	0.029352877
142801	4900	0.029352875
142801	4369	0.029352874
142801	79	0.029352872
142801	105	0.029352872
142801	1143	0.029352872
142801	3088	0.029352872
142817	6083	0.027451742
142817	2528	0.027451739
142817	1722	0.027451737
142817	6391	0.027451737
142817	3564	0.027451735
142817	4369	0.027451735
142817	4900	0.027451735
142817	79	0.027451733
142817	105	0.027451731
142817	1143	0.027451731
142823	6083	0.030113796
142823	2528	0.030113794
142823	1722	0.030113792
142823	4369	0.03011379
142823	4900	0.03011379
142823	6391	0.03011379
142823	79	0.030113786
142823	105	0.030113786
142823	1143	0.030113786
142823	3564	0.030113786
142861	1722	0.020326499
142861	6083	0.020326499
142861	2528	0.020326497
142861	4369	0.020326495
142861	4900	0.020326495
142861	6391	0.020326495
142861	79	0.020326493
142861	105	0.020326493
142861	3564	0.020326493
142861	5896	0.020326493
143009	2528	0.026314292
143009	6083	0.026314292
143009	1722	0.02631429
143009	4369	0.026314288
143009	4900	0.026314288
143009	6391	0.026314288
143009	3564	0.026314287
143009	79	0.026314285
143009	105	0.026314285
143009	1143	0.026314285
143011	2528	0.029764129
143011	6083	0.029764129
143011	1722	0.029764127
143011	6391	0.029764127
143011	4900	0.029764125
143011	3564	0.029764123
143011	4369	0.029764123
143011	79	0.029764121
143011	105	0.029764121
143011	1143	0.029764121
143103	6083	0.032637432
143103	1722	0.03263743
143103	2528	0.03263743
143103	4369	0.032637425
143103	4900	0.032637425
143103	6391	0.032637425
143103	79	0.03263742
143103	1143	0.03263742
143103	3564	0.03263742
143103	105	0.032637417
143134	6083	0.03151203
143134	1722	0.031512026
143134	2528	0.031512026
143134	105	0.031512022
143134	1143	0.031512022
143134	3564	0.031512022
143134	4369	0.031512022
143134	4900	0.031512022
143134	6391	0.031512022
143134	79	0.03151202
143163	6083	0.028708689
143163	1722	0.028708685
143163	2528	0.028708685
143163	4900	0.028708685
143163	4369	0.028708683
143163	6391	0.028708683
143163	105	0.028708681
143163	1143	0.028708681
143163	3564	0.028708681
143163	79	0.02870868
143211	2528	0.058760867
143211	6083	0.058760867
143211	1722	0.058760863
143211	4369	0.05876086
143211	4900	0.05876086
143211	6391	0.05876086
143211	3564	0.058760855
143211	79	0.05876085
143211	105	0.05876085
143211	1143	0.05876085
143253	6083	0.03543725
143253	1722	0.03543724
143253	2528	0.03543724
143253	4369	0.03543724
143253	4900	0.03543724
143253	6391	0.03543724
143253	79	0.035437237
143253	1143	0.035437237
143253	3088	0.035437237
143253	3564	0.035437237
143294	2528	0.03337015
143294	6083	0.03337015
143294	1722	0.033370145
143294	4900	0.033370145
143294	6391	0.033370145
143294	79	0.03337014
143294	1143	0.03337014
143294	3564	0.03337014
143294	4369	0.03337014
143294	105	0.033370137
143302	6083	0.02831601
143302	1722	0.028316008
143302	2528	0.028316006
143302	6391	0.028316006
143302	4900	0.028316004
143302	1143	0.028316002
143302	3564	0.028316002
143302	4369	0.028316002
143302	79	0.028316
143302	105	0.028316
143388	6083	0.024830163
143388	1722	0.024830159
143388	2528	0.024830159
143388	4369	0.024830159
143388	6391	0.024830159
143388	4900	0.024830157
143388	79	0.024830155
143388	105	0.024830155
143388	1143	0.024830155
143388	3564	0.024830155
143400	2528	0.03006696
143400	6083	0.03006696
143400	1722	0.030066958
143400	4369	0.030066956
143400	4900	0.030066956
143400	6391	0.030066956
143400	79	0.030066952
143400	105	0.030066952
143400	1143	0.030066952
143400	3564	0.030066952
143415	1722	0.0296034
143415	2528	0.0296034
143415	6083	0.0296034
143415	4900	0.029603397
143415	6391	0.029603397
143415	4369	0.029603396
143415	1143	0.029603394
143415	3564	0.029603394
143415	79	0.029603392
143415	105	0.029603392
143427	1722	0.033172846
143427	2528	0.033172846
143427	6083	0.033172846
143427	6391	0.033172842
143427	79	0.03317284
143427	1143	0.03317284
143427	3564	0.03317284
143427	4369	0.03317284
143427	4900	0.03317284
143427	105	0.033172835
143497	2528	0.022615142
143497	6083	0.022615142
143497	1722	0.02261514
143497	4369	0.022615138
143497	4900	0.022615138
143497	6391	0.022615138
143497	79	0.022615137
143497	105	0.022615137
143497	1143	0.022615137
143497	3564	0.022615137
143715	6083	0.032195855
143715	1143	0.03219585
143715	1722	0.03219585
143715	2528	0.03219585
143715	4900	0.03219585
143715	6391	0.03219585
143715	4369	0.032195847
143715	79	0.032195844
143715	105	0.032195844
143715	804	0.032195844
143743	6083	0.037139952
143743	1722	0.03713995
143743	2528	0.03713995
143743	6391	0.03713995
143743	79	0.037139945
143743	1143	0.037139945
143743	4369	0.037139945
143743	4900	0.037139945
143743	105	0.03713994
143743	3564	0.03713994
143792	1722	0.03215652
143792	2528	0.03215652
143792	6083	0.03215652
143792	4369	0.032156516
143792	4900	0.032156516
143792	105	0.032156512
143792	1143	0.032156512
143792	3088	0.032156512
143792	3564	0.032156512
143792	3917	0.032156512
143809	6083	0.030016858
143809	1722	0.030016854
143809	2528	0.030016854
143809	4900	0.030016853
143809	6391	0.030016853
143809	1143	0.03001685
143809	3564	0.03001685
143809	4369	0.03001685
143809	79	0.030016847
143809	105	0.030016847
143837	1722	0.040904805
143837	2528	0.040904805
143837	6083	0.040904805
143837	4369	0.0409048
143837	4900	0.0409048
143837	6391	0.0409048
143837	79	0.040904798
143837	1143	0.040904798
143837	3564	0.040904798
143837	105	0.040904794
143909	6083	0.022336625
143909	1722	0.022336623
143909	2528	0.022336623
143909	6391	0.022336623
143909	4369	0.02233662
143909	4900	0.02233662
143909	79	0.022336619
143909	1143	0.022336619
143909	3564	0.022336619
143909	105	0.022336617
143939	2528	0.026501376
143939	6083	0.026501376
143939	1722	0.026501374
143939	4900	0.026501374
143939	1143	0.026501372
143939	3564	0.026501372
143939	4369	0.026501372
143939	6391	0.026501372
143939	79	0.02650137
143939	5896	0.02650137
143964	2528	0.028504735
143964	1722	0.028504733
143964	6083	0.028504733
143964	6391	0.028504733
143964	3564	0.02850473
143964	4369	0.02850473
143964	4900	0.02850473
143964	105	0.028504727
143964	1143	0.028504727
143964	79	0.028504726
143965	2528	0.027724933
143965	6083	0.027724933
143965	1722	0.027724931
143965	1143	0.02772493
143965	4369	0.02772493
143965	4900	0.02772493
143965	6391	0.02772493
143965	79	0.027724927
143965	3564	0.027724927
143965	105	0.027724925
143968	6083	0.028746536
143968	1722	0.028746534
143968	2528	0.028746534
143968	4900	0.028746534
143968	6391	0.028746534
143968	1143	0.02874653
143968	4369	0.02874653
143968	79	0.028746529
143968	3564	0.028746529
143968	105	0.028746527
144017	6083	0.021482559
144017	1722	0.021482557
144017	2528	0.021482557
144017	4369	0.021482557
144017	4900	0.021482557
144017	6391	0.021482557
144017	79	0.021482553
144017	105	0.021482553
144017	1143	0.021482553
144017	1557	0.021482553
144038	6083	0.037591457
144038	2528	0.037591454
144038	1722	0.03759145
144038	4900	0.03759145
144038	6391	0.03759145
144038	1143	0.037591446
144038	3564	0.037591446
144038	4369	0.037591446
144038	79	0.037591442
144038	105	0.037591442
144062	6083	0.029212162
144062	2528	0.02921216
144062	1722	0.029212158
144062	4900	0.029212158
144062	6391	0.029212158
144062	4369	0.029212156
144062	79	0.029212154
144062	105	0.029212154
144062	1143	0.029212154
144062	3564	0.029212154
144151	2528	0.028889205
144151	6083	0.028889205
144151	1722	0.028889203
144151	4369	0.028889202
144151	4900	0.028889202
144151	6391	0.028889202
144151	79	0.028889198
144151	105	0.028889198
144151	1143	0.028889198
144151	3564	0.028889198
144194	6083	0.01867276
144194	2528	0.018672759
144194	1722	0.018672757
144194	4369	0.018672757
144194	4900	0.018672757
144194	6391	0.018672757
144194	105	0.018672755
144194	1143	0.018672755
144194	3564	0.018672755
144194	79	0.018672753
144223	1722	0.02387229
144223	2528	0.02387229
144223	6083	0.02387229
144223	4369	0.023872286
144223	4900	0.023872286
144223	6391	0.023872286
144223	79	0.023872284
144223	1143	0.023872284
144223	3564	0.023872284
144223	3917	0.023872284
144229	6083	0.036821537
144229	79	0.03682153
144229	1143	0.03682153
144229	1722	0.03682153
144229	2528	0.03682153
144229	4369	0.03682153
144229	4900	0.03682153
144229	6391	0.03682153
144229	3564	0.036821526
144229	105	0.03682152
144241	6083	0.02473247
144241	1722	0.024732467
144241	2528	0.024732467
144241	6391	0.024732467
144241	4369	0.024732465
144241	4900	0.024732465
144241	79	0.024732463
144241	1143	0.024732463
144241	3564	0.024732463
144241	105	0.024732461
144255	6083	0.037156492
144255	1143	0.037156485
144255	1722	0.037156485
144255	2528	0.037156485
144255	3564	0.037156485
144255	4369	0.037156485
144255	4900	0.037156485
144255	6391	0.037156485
144255	79	0.03715648
144255	105	0.03715648
144315	1722	0.033998445
144315	2528	0.033998445
144315	6083	0.033998445
144315	6391	0.033998445
144315	4369	0.03399844
144315	4900	0.03399844
144315	79	0.033998437
144315	105	0.033998437
144315	1143	0.033998437
144315	3088	0.033998437
144318	1722	0.03578627
144318	2528	0.03578627
144318	6083	0.03578627
144318	4900	0.035786267
144318	79	0.035786264
144318	1143	0.035786264
144318	3564	0.035786264
144318	4369	0.035786264
144318	5896	0.035786264
144318	6391	0.035786264
144455	6083	0.022213701
144455	2528	0.0222137
144455	1722	0.022213697
144455	4369	0.022213697
144455	6391	0.022213697
144455	3564	0.022213696
144455	4900	0.022213696
144455	79	0.022213694
144455	105	0.022213694
144455	1143	0.022213694
144478	6083	0.046981003
144478	1722	0.046981
144478	2528	0.046981
144478	4900	0.046981
144478	6391	0.046981
144478	4369	0.046980996
144478	1143	0.046980992
144478	3564	0.046980992
144478	79	0.04698099
144478	105	0.04698099
144516	1722	0.026185557
144516	2528	0.026185557
144516	6083	0.026185557
144516	4369	0.026185554
144516	4900	0.026185554
144516	6391	0.026185554
144516	3564	0.026185552
144516	79	0.02618555
144516	105	0.02618555
144516	1143	0.02618555
144531	6083	0.05305019
144531	1722	0.053050183
144531	2528	0.053050183
144531	1143	0.053050175
144531	3564	0.053050175
144531	4369	0.053050175
144531	4900	0.053050175
144531	6391	0.053050175
144531	79	0.05305017
144531	105	0.053050168
144555	6083	0.03664885
144555	1722	0.036648847
144555	2528	0.036648847
144555	4900	0.036648847
144555	6391	0.036648847
144555	4369	0.036648843
144555	79	0.03664884
144555	105	0.03664884
144555	1143	0.03664884
144555	3088	0.03664884
144619	6083	0.02900823
144619	2528	0.029008228
144619	1722	0.029008225
144619	4369	0.029008225
144619	4900	0.029008225
144619	6391	0.029008225
144619	1143	0.029008223
144619	3564	0.029008223
144619	79	0.02900822
144619	105	0.02900822
144632	6083	0.030305915
144632	1722	0.03030591
144632	2528	0.03030591
144632	6391	0.03030591
144632	79	0.030305907
144632	1143	0.030305907
144632	3564	0.030305907
144632	4369	0.030305907
144632	4900	0.030305907
144632	105	0.030305903
144667	6083	0.033169627
144667	1722	0.033169623
144667	2528	0.033169623
144667	79	0.03316962
144667	1143	0.03316962
144667	3088	0.03316962
144667	3564	0.03316962
144667	4369	0.03316962
144667	4900	0.03316962
144667	6391	0.03316962
144707	6083	0.032338414
144707	1722	0.03233841
144707	2528	0.03233841
144707	4369	0.03233841
144707	4900	0.03233841
144707	6391	0.03233841
144707	79	0.032338407
144707	1143	0.032338407
144707	3088	0.032338407
144707	3564	0.032338407
144727	6083	0.034368373
144727	1722	0.03436837
144727	2528	0.03436837
144727	4369	0.034368366
144727	4900	0.034368366
144727	6391	0.034368366
144727	79	0.034368362
144727	1143	0.034368362
144727	3564	0.034368362
144727	105	0.03436836
144828	1722	0.027856916
144828	2528	0.027856916
144828	6083	0.027856916
144828	4900	0.027856912
144828	6391	0.027856912
144828	3564	0.02785691
144828	4369	0.02785691
144828	79	0.027856909
144828	105	0.027856909
144828	1143	0.027856909
144899	2528	0.029141458
144899	6083	0.029141458
144899	1722	0.029141456
144899	4900	0.029141454
144899	1143	0.029141452
144899	4369	0.029141452
144899	6391	0.029141452
144899	79	0.02914145
144899	105	0.02914145
144899	3564	0.02914145
144910	6083	0.036281377
144910	1722	0.036281373
144910	2528	0.036281373
144910	1143	0.03628137
144910	3564	0.03628137
144910	4369	0.03628137
144910	4900	0.03628137
144910	6391	0.03628137
144910	79	0.036281366
144910	105	0.036281366
144925	6083	0.027525458
144925	1722	0.027525455
144925	2528	0.027525455
144925	4900	0.027525453
144925	6391	0.027525453
144925	79	0.027525451
144925	1143	0.027525451
144925	3564	0.027525451
144925	4369	0.027525451
144925	105	0.02752545
144953	6083	0.023125023
144953	1722	0.02312502
144953	2528	0.02312502
144953	4900	0.02312502
144953	4369	0.023125019
144953	6391	0.023125019
144953	1143	0.023125017
144953	3564	0.023125017
144953	79	0.023125015
144953	105	0.023125015
144997	1722	0.02847334
144997	2528	0.02847334
144997	6083	0.02847334
144997	4900	0.028473338
144997	6391	0.028473338
144997	4369	0.028473336
144997	79	0.028473333
144997	105	0.028473333
144997	1143	0.028473333
144997	3088	0.028473333
145003	2528	0.026886094
145003	6083	0.026886094
145003	1722	0.026886092
145003	4369	0.02688609
145003	4900	0.02688609
145003	6391	0.02688609
145003	1143	0.026886089
145003	3564	0.026886089
145003	79	0.026886087
145003	105	0.026886087
145109	2528	0.032328866
145109	6083	0.032328866
145109	1722	0.032328863
145109	79	0.03232886
145109	3564	0.03232886
145109	4369	0.03232886
145109	4900	0.03232886
145109	6391	0.03232886
145109	105	0.032328855
145109	804	0.032328855
145165	2528	0.037366197
145165	1722	0.037366193
145165	6083	0.037366193
145165	79	0.03736619
145165	3564	0.03736619
145165	4369	0.03736619
145165	4900	0.03736619
145165	6391	0.03736619
145165	1143	0.037366185
145165	5896	0.037366185
145218	2528	0.031981103
145218	6083	0.031981103
145218	4900	0.0319811
145218	79	0.031981096
145218	105	0.031981096
145218	1143	0.031981096
145218	1722	0.031981096
145218	3564	0.031981096
145218	4369	0.031981096
145218	6391	0.031981096
145369	6083	0.03441363
145369	1722	0.03441362
145369	2528	0.03441362
145369	4900	0.03441362
145369	6391	0.03441362
145369	3564	0.034413617
145369	4369	0.034413617
145369	79	0.034413613
145369	105	0.034413613
145369	804	0.034413613
145449	1722	0.039415218
145449	2528	0.039415218
145449	6083	0.039415218
145449	6391	0.039415218
145449	4369	0.039415214
145449	4900	0.039415214
145449	79	0.03941521
145449	105	0.03941521
145449	1143	0.03941521
145449	3564	0.03941521
145543	1722	0.026872732
145543	2528	0.026872732
145543	6083	0.026872732
145543	3564	0.026872728
145543	4369	0.026872728
145543	4900	0.026872728
145543	6391	0.026872728
145543	79	0.026872726
145543	1143	0.026872726
145543	105	0.026872724
145619	6083	0.029827483
145619	2528	0.029827481
145619	1722	0.02982748
145619	4900	0.02982748
145619	6391	0.02982748
145619	4369	0.029827477
145619	3564	0.029827476
145619	79	0.029827474
145619	105	0.029827474
145619	1143	0.029827474
145641	6083	0.029119046
145641	1722	0.029119045
145641	2528	0.029119045
145641	4900	0.029119043
145641	6391	0.029119043
145641	1143	0.02911904
145641	3564	0.02911904
145641	4369	0.02911904
145641	79	0.029119039
145641	105	0.029119039
145644	6083	0.030638319
145644	2528	0.030638317
145644	1722	0.030638315
145644	4900	0.030638315
145644	6391	0.030638315
145644	79	0.030638311
145644	1143	0.030638311
145644	3564	0.030638311
145644	4369	0.030638311
145644	105	0.03063831
145737	1722	0.038288824
145737	6083	0.038288824
145737	2528	0.03828882
145737	3564	0.038288817
145737	4369	0.038288817
145737	4900	0.038288817
145737	6391	0.038288817
145737	105	0.038288813
145737	1143	0.038288813
145737	5896	0.038288813
145861	2528	0.035531312
145861	6083	0.035531312
145861	6391	0.03553131
145861	1143	0.035531305
145861	1722	0.035531305
145861	3564	0.035531305
145861	4369	0.035531305
145861	4900	0.035531305
145861	79	0.0355313
145861	105	0.0355313
145887	2528	0.030527525
145887	6083	0.030527525
145887	1722	0.030527523
145887	4900	0.03052752
145887	6391	0.03052752
145887	4369	0.030527519
145887	79	0.030527517
145887	105	0.030527517
145887	1143	0.030527517
145887	3564	0.030527517
145959	2528	0.021828625
145959	6083	0.021828625
145959	1722	0.021828622
145959	4900	0.021828622
145959	6391	0.021828622
145959	3917	0.02182862
145959	4369	0.02182862
145959	79	0.021828618
145959	105	0.021828618
145959	1143	0.021828618
146057	2528	0.022770945
146057	6083	0.022770945
146057	1722	0.022770941
146057	4369	0.022770941
146057	4900	0.022770941
146057	6391	0.022770941
146057	3564	0.02277094
146057	79	0.022770938
146057	105	0.022770938
146057	804	0.022770938
146078	1722	0.021232441
146078	2528	0.021232441
146078	6083	0.021232441
146078	4369	0.02123244
146078	4900	0.02123244
146078	6391	0.02123244
146078	79	0.021232437
146078	105	0.021232437
146078	1143	0.021232437
146078	3564	0.021232437
146083	6083	0.028255519
146083	1722	0.028255515
146083	2528	0.028255515
146083	4900	0.028255515
146083	6391	0.028255513
146083	1143	0.028255511
146083	3564	0.028255511
146083	4369	0.028255511
146083	105	0.02825551
146083	3088	0.02825551
146113	6083	0.026580833
146113	1722	0.02658083
146113	2528	0.02658083
146113	4900	0.026580827
146113	6391	0.026580827
146113	79	0.026580825
146113	105	0.026580825
146113	1143	0.026580825
146113	3564	0.026580825
146113	4369	0.026580825
146175	2528	0.01802935
146175	6083	0.01802935
146175	1722	0.018029349
146175	79	0.018029347
146175	105	0.018029347
146175	3564	0.018029347
146175	4369	0.018029347
146175	4900	0.018029347
146175	6391	0.018029347
146175	1143	0.018029345
146207	6083	0.02155617
146207	1722	0.021556169
146207	2528	0.021556169
146207	6391	0.021556169
146207	4369	0.021556167
146207	4900	0.021556167
146207	79	0.021556165
146207	1143	0.021556165
146207	3088	0.021556165
146207	3564	0.021556165
146230	6083	0.030071754
146230	2528	0.030071752
146230	1722	0.03007175
146230	4900	0.03007175
146230	6391	0.03007175
146230	4369	0.030071748
146230	79	0.030071747
146230	105	0.030071747
146230	1143	0.030071747
146230	3564	0.030071747
146266	6083	0.02622125
146266	2528	0.026221247
146266	1722	0.026221246
146266	4900	0.026221246
146266	6391	0.026221246
146266	4369	0.026221244
146266	79	0.026221242
146266	1143	0.026221242
146266	3564	0.026221242
146266	3917	0.026221242
146298	1722	0.029447652
146298	2528	0.029447652
146298	6083	0.029447652
146298	4369	0.029447649
146298	4900	0.029447649
146298	6391	0.029447649
146298	3564	0.029447647
146298	79	0.029447645
146298	105	0.029447645
146298	1143	0.029447645
146345	2528	0.023861807
146345	6083	0.023861807
146345	1722	0.023861805
146345	4369	0.023861803
146345	4900	0.023861803
146345	6391	0.023861803
146345	79	0.0238618
146345	105	0.0238618
146345	1143	0.0238618
146345	3564	0.0238618
146348	6083	0.045692045
146348	1722	0.04569204
146348	2528	0.04569204
146348	4900	0.045692038
146348	6391	0.045692038
146348	79	0.045692034
146348	105	0.045692034
146348	1143	0.045692034
146348	3564	0.045692034
146348	4369	0.045692034
146386	1722	0.03227514
146386	2528	0.03227514
146386	4900	0.03227514
146386	6083	0.03227514
146386	6391	0.03227514
146386	3564	0.032275137
146386	79	0.032275133
146386	1143	0.032275133
146386	1557	0.032275133
146386	3088	0.032275133
146421	6083	0.03400217
146421	1722	0.034002163
146421	2528	0.034002163
146421	4900	0.034002163
146421	79	0.03400216
146421	3564	0.03400216
146421	4369	0.03400216
146421	6391	0.03400216
146421	105	0.034002155
146421	804	0.034002155
146530	6083	0.03381526
146530	1722	0.033815257
146530	2528	0.033815257
146530	4369	0.033815254
146530	4900	0.033815254
146530	6391	0.033815254
146530	79	0.03381525
146530	105	0.03381525
146530	1143	0.03381525
146530	3088	0.03381525
146564	6083	0.02986876
146564	2528	0.029868757
146564	1722	0.029868755
146564	4369	0.029868754
146564	4900	0.029868754
146564	6391	0.029868754
146564	1143	0.029868752
146564	3564	0.029868752
146564	79	0.02986875
146564	105	0.029868748
146573	6083	0.026280712
146573	1722	0.026280709
146573	2528	0.026280709
146573	6391	0.026280709
146573	4369	0.026280707
146573	4900	0.026280707
146573	1143	0.026280705
146573	3564	0.026280705
146573	79	0.026280703
146573	105	0.026280703
146641	2528	0.023447037
146641	6083	0.023447037
146641	1722	0.023447035
146641	3564	0.023447033
146641	4369	0.023447033
146641	4900	0.023447033
146641	6391	0.023447033
146641	105	0.023447031
146641	1143	0.023447031
146641	79	0.02344703
146699	6083	0.031509355
146699	1722	0.03150935
146699	2528	0.03150935
146699	4900	0.03150935
146699	3564	0.031509347
146699	4369	0.031509347
146699	6391	0.031509347
146699	79	0.031509344
146699	105	0.031509344
146699	1143	0.031509344
146778	6083	0.030233543
146778	2528	0.030233542
146778	1722	0.03023354
146778	6391	0.03023354
146778	4900	0.030233538
146778	4369	0.030233536
146778	79	0.030233534
146778	105	0.030233534
146778	1143	0.030233534
146778	3564	0.030233534
146803	6083	0.037145656
146803	1722	0.037145652
146803	2528	0.037145652
146803	4369	0.037145652
146803	4900	0.037145652
146803	6391	0.037145652
146803	3564	0.03714565
146803	79	0.037145644
146803	105	0.037145644
146803	804	0.037145644
146855	1722	0.03103247
146855	2528	0.03103247
146855	6083	0.03103247
146855	4369	0.031032465
146855	4900	0.031032465
146855	6391	0.031032465
146855	1143	0.031032464
146855	3564	0.031032464
146855	79	0.031032462
146855	105	0.031032462
146874	1722	0.026025604
146874	2528	0.026025604
146874	6083	0.026025604
146874	3564	0.0260256
146874	4369	0.0260256
146874	4900	0.0260256
146874	6391	0.0260256
146874	79	0.026025599
146874	105	0.026025599
146874	1143	0.026025599
146932	1722	0.032049827
146932	2528	0.032049827
146932	4369	0.032049827
146932	6083	0.032049827
146932	4900	0.032049824
146932	6391	0.032049824
146932	79	0.03204982
146932	105	0.03204982
146932	804	0.03204982
146932	1143	0.03204982
147045	6083	0.021911955
147045	1722	0.021911953
147045	2528	0.021911953
147045	4900	0.021911953
147045	6391	0.021911953
147045	79	0.021911949
147045	105	0.021911949
147045	1143	0.021911949
147045	3088	0.021911949
147045	3564	0.021911949
147141	6083	0.03349033
147141	2528	0.033490326
147141	1722	0.033490323
147141	4369	0.033490323
147141	4900	0.033490323
147141	6391	0.033490323
147141	1143	0.03349032
147141	3564	0.03349032
147141	3917	0.03349032
147141	79	0.033490315
147224	6083	0.04108467
147224	2528	0.041084666
147224	1722	0.041084662
147224	4369	0.041084662
147224	4900	0.041084662
147224	6391	0.041084662
147224	79	0.04108466
147224	105	0.04108466
147224	1143	0.04108466
147224	3564	0.04108466
147307	6083	0.02329358
147307	1722	0.023293577
147307	2528	0.023293577
147307	6391	0.023293577
147307	4369	0.023293575
147307	4900	0.023293575
147307	79	0.023293573
147307	1143	0.023293573
147307	3564	0.023293573
147307	5896	0.023293573
147385	6083	0.023133505
147385	2528	0.023133503
147385	1722	0.023133501
147385	4369	0.023133501
147385	4900	0.023133501
147385	6391	0.023133501
147385	3564	0.0231335
147385	79	0.023133498
147385	105	0.023133498
147385	1143	0.023133498
147420	2528	0.029811755
147420	6083	0.029811755
147420	1722	0.029811753
147420	4900	0.029811751
147420	6391	0.029811751
147420	4369	0.02981175
147420	79	0.029811747
147420	1143	0.029811747
147420	3564	0.029811747
147420	105	0.029811746
147451	2528	0.04498684
147451	6083	0.04498684
147451	1722	0.044986837
147451	4900	0.044986837
147451	6391	0.044986837
147451	79	0.04498683
147451	105	0.04498683
147451	1143	0.04498683
147451	3088	0.04498683
147451	3564	0.04498683
147528	6083	0.028486812
147528	1722	0.02848681
147528	2528	0.02848681
147528	4900	0.028486809
147528	6391	0.028486809
147528	4369	0.028486807
147528	1143	0.028486805
147528	3564	0.028486805
147528	79	0.028486803
147528	105	0.028486803
147678	1722	0.035165094
147678	2528	0.035165094
147678	4900	0.035165094
147678	6083	0.035165094
147678	6391	0.035165094
147678	79	0.035165086
147678	105	0.035165086
147678	1143	0.035165086
147678	3088	0.035165086
147678	3564	0.035165086
147686	6083	0.030186178
147686	1722	0.030186176
147686	2528	0.030186176
147686	4900	0.030186174
147686	4369	0.030186173
147686	6391	0.030186173
147686	79	0.03018617
147686	1143	0.03018617
147686	3564	0.03018617
147686	105	0.030186169
147752	6083	0.021558696
147752	1722	0.021558695
147752	2528	0.021558695
147752	4900	0.021558695
147752	6391	0.021558695
147752	4369	0.021558693
147752	79	0.02155869
147752	105	0.02155869
147752	1143	0.02155869
147752	3088	0.02155869
147803	2528	0.03551378
147803	6083	0.035513777
147803	1722	0.035513774
147803	4369	0.035513774
147803	4900	0.035513774
147803	6391	0.035513774
147803	79	0.03551377
147803	105	0.03551377
147803	1143	0.03551377
147803	3564	0.03551377
147839	6083	0.030521926
147839	1722	0.030521924
147839	2528	0.030521924
147839	4900	0.030521922
147839	6391	0.030521922
147839	79	0.030521918
147839	1143	0.030521918
147839	3564	0.030521918
147839	4369	0.030521918
147839	105	0.030521916
147851	6083	0.037706416
147851	1722	0.037706412
147851	2528	0.037706412
147851	4900	0.037706412
147851	6391	0.037706412
147851	4369	0.03770641
147851	79	0.037706405
147851	105	0.037706405
147851	1143	0.037706405
147851	3088	0.037706405
147900	6083	0.025319783
147900	1722	0.025319781
147900	2528	0.025319781
147900	4900	0.02531978
147900	6391	0.02531978
147900	79	0.025319777
147900	1143	0.025319777
147900	3564	0.025319777
147900	4369	0.025319777
147900	3088	0.025319776
147947	1722	0.03374161
147947	2528	0.03374161
147947	4900	0.03374161
147947	6083	0.03374161
147947	6391	0.033741605
147947	79	0.0337416
147947	1143	0.0337416
147947	3088	0.0337416
147947	3564	0.0337416
147947	3917	0.0337416
147965	6083	0.03076949
147965	1722	0.030769488
147965	2528	0.030769488
147965	4369	0.030769486
147965	6391	0.030769486
147965	4900	0.030769484
147965	79	0.030769482
147965	105	0.030769482
147965	1143	0.030769482
147965	3564	0.030769482
148028	6083	0.039843936
148028	1722	0.03984393
148028	2528	0.03984393
148028	79	0.039843924
148028	1143	0.039843924
148028	3564	0.039843924
148028	4369	0.039843924
148028	4900	0.039843924
148028	6391	0.039843924
148028	105	0.03984392
148030	2528	0.032822933
148030	6083	0.032822933
148030	1722	0.03282293
148030	4369	0.03282293
148030	6391	0.03282293
148030	79	0.032822926
148030	3564	0.032822926
148030	4900	0.032822926
148030	105	0.032822922
148030	804	0.032822922
148121	1722	0.03588579
148121	2528	0.03588579
148121	4369	0.03588579
148121	4900	0.03588579
148121	6083	0.03588579
148121	6391	0.03588579
148121	105	0.035885785
148121	79	0.03588578
148121	1143	0.03588578
148121	3088	0.03588578
148124	2528	0.022781035
148124	1722	0.022781033
148124	4900	0.022781033
148124	6083	0.022781033
148124	6391	0.022781033
148124	4369	0.022781031
148124	79	0.02278103
148124	105	0.02278103
148124	1143	0.02278103
148124	3088	0.02278103
148142	6083	0.033391126
148142	2528	0.03339112
148142	1143	0.033391118
148142	1722	0.033391118
148142	3564	0.033391118
148142	4369	0.033391118
148142	4900	0.033391118
148142	6391	0.033391118
148142	79	0.033391114
148142	105	0.03339111
148157	6083	0.026343644
148157	1722	0.02634364
148157	2528	0.02634364
148157	6391	0.02634364
148157	4369	0.026343638
148157	4900	0.026343638
148157	79	0.026343636
148157	105	0.026343636
148157	1143	0.026343636
148157	3564	0.026343636
148191	2528	0.023606991
148191	6083	0.023606991
148191	1722	0.02360699
148191	4900	0.02360699
148191	6391	0.02360699
148191	4369	0.023606988
148191	79	0.023606986
148191	105	0.023606986
148191	1143	0.023606986
148191	3564	0.023606986
148199	2528	0.028158598
148199	6083	0.028158598
148199	1722	0.028158596
148199	4369	0.028158594
148199	4900	0.028158594
148199	6391	0.028158594
148199	79	0.02815859
148199	105	0.02815859
148199	1143	0.02815859
148199	3088	0.02815859
148239	6083	0.03286018
148239	1722	0.032860175
148239	2528	0.032860175
148239	4369	0.032860175
148239	4900	0.032860175
148239	6391	0.032860175
148239	79	0.03286017
148239	3564	0.03286017
148239	105	0.032860167
148239	804	0.032860167
148258	6083	0.0393117
148258	2528	0.039311696
148258	1722	0.039311692
148258	4369	0.039311692
148258	4900	0.039311692
148258	6391	0.039311692
148258	3564	0.03931169
148258	79	0.039311685
148258	105	0.039311685
148258	804	0.039311685
148263	6083	0.02393322
148263	1722	0.023933219
148263	2528	0.023933219
148263	4369	0.023933217
148263	4900	0.023933217
148263	6391	0.023933217
148263	79	0.023933213
148263	105	0.023933213
148263	1143	0.023933213
148263	3088	0.023933213
148314	6083	0.027834907
148314	2528	0.027834905
148314	1722	0.027834903
148314	4900	0.027834903
148314	6391	0.027834903
148314	4369	0.027834902
148314	79	0.0278349
148314	105	0.0278349
148314	1143	0.0278349
148314	3564	0.0278349
148344	6083	0.031215213
148344	1722	0.03121521
148344	2528	0.03121521
148344	4369	0.031215206
148344	4900	0.031215206
148344	6391	0.031215206
148344	1143	0.031215204
148344	3564	0.031215204
148344	79	0.031215202
148344	105	0.031215202
148586	6083	0.027900241
148586	2528	0.02790024
148586	1722	0.027900238
148586	4900	0.027900236
148586	6391	0.027900236
148586	4369	0.027900234
148586	79	0.027900232
148586	105	0.027900232
148586	1143	0.027900232
148586	3564	0.027900232
148590	1722	0.03419572
148590	2528	0.03419572
148590	6083	0.03419572
148590	4369	0.034195717
148590	6391	0.034195717
148590	79	0.034195714
148590	105	0.034195714
148590	1143	0.034195714
148590	3088	0.034195714
148590	3564	0.034195714
148632	6083	0.03520564
148632	2528	0.035205636
148632	1722	0.035205632
148632	4369	0.035205632
148632	4900	0.035205632
148632	6391	0.035205632
148632	1143	0.03520563
148632	3564	0.03520563
148632	79	0.035205625
148632	105	0.035205625
148662	2528	0.03641261
148662	6083	0.03641261
148662	1722	0.036412608
148662	4900	0.036412608
148662	6391	0.036412608
148662	79	0.036412604
148662	804	0.036412604
148662	1143	0.036412604
148662	3564	0.036412604
148662	4369	0.036412604
148712	1722	0.038924616
148712	2528	0.038924616
148712	6083	0.038924616
148712	4900	0.038924612
148712	6391	0.038924612
148712	1143	0.03892461
148712	4369	0.03892461
148712	79	0.038924605
148712	105	0.038924605
148712	1557	0.038924605
148744	6083	0.042930506
148744	1722	0.0429305
148744	4900	0.0429305
148744	6391	0.0429305
148744	1143	0.042930495
148744	3564	0.042930495
148744	4369	0.042930495
148744	79	0.04293049
148744	105	0.04293049
148744	804	0.04293049
148798	2528	0.030223053
148798	6083	0.030223053
148798	1722	0.03022305
148798	4900	0.03022305
148798	6391	0.03022305
148798	105	0.030223045
148798	1143	0.030223045
148798	3564	0.030223045
148798	4369	0.030223045
148798	79	0.030223044
148804	6083	0.028573634
148804	2528	0.028573632
148804	1722	0.02857363
148804	6391	0.02857363
148804	4369	0.028573629
148804	4900	0.028573629
148804	3564	0.028573627
148804	79	0.028573625
148804	105	0.028573625
148804	1143	0.028573625
148863	6083	0.030011013
148863	2528	0.030011011
148863	1722	0.03001101
148863	6391	0.03001101
148863	4369	0.030011008
148863	4900	0.030011008
148863	79	0.030011006
148863	1143	0.030011006
148863	3564	0.030011006
148863	105	0.030011004
148898	1722	0.037467234
148898	2528	0.037467234
148898	6083	0.037467234
148898	1143	0.037467226
148898	4369	0.037467226
148898	4900	0.037467226
148898	6391	0.037467226
148898	79	0.037467223
148898	105	0.037467223
148898	3564	0.037467223
148929	6083	0.029574366
148929	1722	0.029574364
148929	2528	0.029574364
148929	4900	0.029574363
148929	6391	0.029574363
148929	4369	0.02957436
148929	1143	0.029574359
148929	3564	0.029574359
148929	79	0.029574357
148929	105	0.029574357
148934	2528	0.024449479
148934	6083	0.024449479
148934	1722	0.024449477
148934	4369	0.024449475
148934	4900	0.024449475
148934	6391	0.024449475
148934	79	0.024449473
148934	1143	0.024449473
148934	3564	0.024449473
148934	105	0.024449471
148962	6083	0.02410464
148962	1722	0.024104636
148962	2528	0.024104636
148962	4369	0.024104636
148962	6391	0.024104636
148962	4900	0.024104634
148962	79	0.024104632
148962	105	0.024104632
148962	1143	0.024104632
148962	3564	0.024104632
148966	6083	0.027082875
148966	1722	0.027082872
148966	2528	0.027082872
148966	6391	0.02708287
148966	79	0.027082868
148966	3564	0.027082868
148966	4369	0.027082868
148966	4900	0.027082868
148966	1143	0.027082866
148966	105	0.027082864
149069	6083	0.0425461
149069	1722	0.042546093
149069	2528	0.042546093
149069	4900	0.042546093
149069	6391	0.042546093
149069	105	0.04254609
149069	3564	0.04254609
149069	4369	0.04254609
149069	79	0.042546086
149069	1143	0.042546086
149071	6083	0.023296
149071	1722	0.023295999
149071	2528	0.023295999
149071	6391	0.023295999
149071	4900	0.023295997
149071	1143	0.023295995
149071	3564	0.023295995
149071	4369	0.023295995
149071	79	0.023295993
149071	105	0.023295993
149084	2528	0.030309718
149084	6083	0.030309718
149084	1722	0.030309716
149084	4369	0.030309714
149084	4900	0.030309714
149084	6391	0.030309714
149084	3564	0.030309713
149084	79	0.03030971
149084	105	0.03030971
149084	1143	0.03030971
149120	6083	0.02947937
149120	2528	0.029479368
149120	1722	0.029479366
149120	4369	0.029479366
149120	4900	0.029479366
149120	6391	0.029479366
149120	79	0.029479362
149120	1143	0.029479362
149120	3564	0.029479362
149120	105	0.02947936
149140	6083	0.02972408
149140	1722	0.029724078
149140	2528	0.029724078
149140	4369	0.029724076
149140	4900	0.029724076
149140	6391	0.029724076
149140	79	0.029724073
149140	105	0.029724073
149140	1143	0.029724073
149140	3564	0.029724073
149204	6083	0.03590969
149204	1722	0.035909686
149204	2528	0.035909686
149204	79	0.035909683
149204	1143	0.035909683
149204	4369	0.035909683
149204	4900	0.035909683
149204	6391	0.035909683
149204	105	0.03590968
149204	3088	0.03590968
149231	2528	0.028075894
149231	6083	0.028075894
149231	1722	0.028075892
149231	4900	0.028075892
149231	6391	0.028075892
149231	4369	0.02807589
149231	79	0.028075889
149231	105	0.028075889
149231	1143	0.028075889
149231	3564	0.028075889
149259	6083	0.030363794
149259	1722	0.030363793
149259	2528	0.030363793
149259	6391	0.03036379
149259	4900	0.030363789
149259	1143	0.030363787
149259	3564	0.030363787
149259	4369	0.030363787
149259	79	0.030363785
149259	105	0.030363785
149483	6083	0.025531003
149483	1722	0.025531001
149483	2528	0.025531001
149483	6391	0.025531001
149483	4369	0.025531
149483	4900	0.025531
149483	1143	0.025530998
149483	3564	0.025530998
149483	79	0.025530996
149483	105	0.025530996
149661	6083	0.029361974
149661	2528	0.029361973
149661	1722	0.02936197
149661	4369	0.02936197
149661	4900	0.02936197
149661	6391	0.02936197
149661	3564	0.029361969
149661	79	0.029361967
149661	1143	0.029361967
149661	105	0.029361965
149690	6083	0.028756602
149690	1722	0.0287566
149690	2528	0.0287566
149690	6391	0.0287566
149690	4369	0.028756598
149690	4900	0.028756598
149690	79	0.028756594
149690	105	0.028756594
149690	1143	0.028756594
149690	3564	0.028756594
149843	6083	0.027504494
149843	1722	0.027504493
149843	2528	0.027504493
149843	4900	0.02750449
149843	3564	0.027504489
149843	4369	0.027504489
149843	6391	0.027504489
149843	79	0.027504487
149843	1143	0.027504487
149843	105	0.027504485
149907	2528	0.018424809
149907	6083	0.018424809
149907	1722	0.018424807
149907	79	0.018424805
149907	3564	0.018424805
149907	4369	0.018424805
149907	4900	0.018424805
149907	6391	0.018424805
149907	105	0.018424803
149907	1143	0.018424803
149934	6083	0.0307338
149934	1722	0.030733798
149934	2528	0.030733798
149934	6391	0.030733796
149934	4369	0.030733794
149934	4900	0.030733794
149934	3564	0.030733792
149934	79	0.03073379
149934	105	0.03073379
149934	1143	0.03073379
150000	6083	0.02178939
150000	1722	0.021789389
150000	2528	0.021789389
150000	3564	0.021789387
150000	4369	0.021789387
150000	4900	0.021789387
150000	6391	0.021789387
150000	79	0.021789385
150000	1143	0.021789385
150000	105	0.021789383
150124	2528	0.03366221
150124	6083	0.03366221
150124	1722	0.033662207
150124	4369	0.033662207
150124	4900	0.033662207
150124	6391	0.033662207
150124	105	0.033662204
150124	3564	0.033662204
150124	3917	0.033662204
150124	79	0.0336622
150327	6083	0.022813356
150327	1722	0.022813354
150327	2528	0.022813354
150327	4900	0.022813352
150327	6391	0.022813352
150327	3564	0.02281335
150327	4369	0.02281335
150327	79	0.022813348
150327	1143	0.022813348
150327	105	0.022813346
150498	6083	0.032557372
150498	1722	0.03255737
150498	2528	0.03255737
150498	4369	0.03255737
150498	4900	0.03255737
150498	6391	0.03255737
150498	3564	0.032557365
150498	79	0.03255736
150498	105	0.03255736
150498	804	0.03255736
150554	6083	0.026458113
150554	2528	0.02645811
150554	1722	0.026458109
150554	4900	0.026458109
150554	3564	0.026458107
150554	4369	0.026458107
150554	6391	0.026458107
150554	79	0.026458105
150554	1143	0.026458105
150554	105	0.026458103
150561	1722	0.043741412
150561	2528	0.043741412
150561	6083	0.043741412
150561	4900	0.04374141
150561	6391	0.04374141
150561	1143	0.043741405
150561	3564	0.043741405
150561	4369	0.043741405
150561	79	0.0437414
150561	105	0.0437414
150587	2528	0.025510361
150587	6083	0.025510361
150587	1722	0.02551036
150587	4900	0.02551036
150587	6391	0.02551036
150587	79	0.025510356
150587	1143	0.025510356
150587	3564	0.025510356
150587	4369	0.025510356
150587	5896	0.025510356
150657	1722	0.03030176
150657	2528	0.03030176
150657	6083	0.03030176
150657	4369	0.030301757
150657	4900	0.030301757
150657	6391	0.030301757
150657	79	0.030301753
150657	1143	0.030301753
150657	3564	0.030301753
150657	105	0.030301752
150661	1722	0.034803316
150661	2528	0.034803316
150661	4900	0.034803316
150661	6083	0.034803316
150661	6391	0.034803316
150661	4369	0.034803312
150661	79	0.03480331
150661	105	0.03480331
150661	1143	0.03480331
150661	3088	0.03480331
150663	6083	0.032715455
150663	2528	0.03271545
150663	4900	0.03271545
150663	6391	0.03271545
150663	1722	0.032715447
150663	3564	0.032715447
150663	4369	0.032715447
150663	79	0.032715444
150663	105	0.032715444
150663	1143	0.032715444
150762	2528	0.022243638
150762	6083	0.022243638
150762	1722	0.022243636
150762	3564	0.022243634
150762	4369	0.022243634
150762	4900	0.022243634
150762	6391	0.022243634
150762	79	0.022243632
150762	105	0.02224363
150762	804	0.02224363
150767	6083	0.030889621
150767	1722	0.03088962
150767	2528	0.03088962
150767	6391	0.03088962
150767	4900	0.030889617
150767	4369	0.030889615
150767	3564	0.030889614
150767	79	0.030889612
150767	105	0.030889612
150767	1143	0.030889612
150890	1722	0.030728213
150890	2528	0.030728213
150890	6083	0.030728213
150890	4900	0.030728212
150890	4369	0.03072821
150890	6391	0.03072821
150890	79	0.030728206
150890	105	0.030728206
150890	1143	0.030728206
150890	3564	0.030728206
150894	2528	0.029854149
150894	6083	0.029854149
150894	1722	0.029854147
150894	4369	0.029854145
150894	6391	0.029854145
150894	4900	0.029854143
150894	79	0.029854141
150894	105	0.029854141
150894	1143	0.029854141
150894	3564	0.029854141
150896	1722	0.038588345
150896	2528	0.038588345
150896	6083	0.038588345
150896	6391	0.038588345
150896	4900	0.03858834
150896	79	0.038588338
150896	105	0.038588338
150896	1143	0.038588338
150896	3088	0.038588338
150896	3564	0.038588338
150932	2528	0.034729667
150932	6083	0.034729667
150932	1722	0.034729663
150932	1143	0.03472966
150932	3564	0.03472966
150932	4369	0.03472966
150932	4900	0.03472966
150932	6391	0.03472966
150932	79	0.034729656
150932	105	0.034729656
150966	2528	0.02776311
150966	6083	0.02776311
150966	1722	0.027763108
150966	4369	0.027763106
150966	4900	0.027763106
150966	6391	0.027763106
150966	1143	0.027763104
150966	3564	0.027763104
150966	79	0.027763102
150966	105	0.027763102
150968	6083	0.046652667
150968	1722	0.046652663
150968	2528	0.046652663
150968	4369	0.04665266
150968	4900	0.04665266
150968	6391	0.04665266
150968	79	0.046652656
150968	1143	0.046652656
150968	3564	0.046652656
150968	105	0.046652652
150979	2528	0.03004713
150979	6083	0.03004713
150979	1722	0.030047126
150979	4900	0.030047126
150979	6391	0.030047126
150979	4369	0.030047124
150979	79	0.030047122
150979	105	0.030047122
150979	1143	0.030047122
150979	3564	0.030047122
151002	6083	0.030585729
151002	1722	0.030585725
151002	2528	0.030585725
151002	4900	0.030585723
151002	6391	0.030585723
151002	3564	0.030585721
151002	4369	0.030585721
151002	79	0.03058572
151002	1143	0.03058572
151002	105	0.030585717
151043	1722	0.04155507
151043	2528	0.04155507
151043	4900	0.04155507
151043	6083	0.04155507
151043	6391	0.04155507
151043	79	0.041555062
151043	105	0.041555062
151043	1143	0.041555062
151043	3088	0.041555062
151043	3564	0.041555062
151098	1722	0.02769648
151098	2528	0.02769648
151098	6083	0.02769648
151098	6391	0.027696477
151098	3564	0.027696475
151098	4369	0.027696475
151098	4900	0.027696475
151098	79	0.027696474
151098	1143	0.027696474
151098	105	0.027696472
151101	2528	0.033249363
151101	6083	0.033249363
151101	1722	0.03324936
151101	6391	0.03324936
151101	79	0.033249356
151101	4369	0.033249356
151101	4900	0.033249356
151101	1143	0.033249352
151101	3088	0.033249352
151101	3564	0.033249352
151104	1722	0.03194327
151104	2528	0.03194327
151104	4900	0.03194327
151104	6083	0.03194327
151104	6391	0.03194327
151104	4369	0.031943265
151104	79	0.03194326
151104	105	0.03194326
151104	804	0.03194326
151104	1143	0.03194326
151107	6083	0.03078836
151107	1722	0.030788358
151107	2528	0.030788358
151107	6391	0.030788356
151107	3564	0.030788355
151107	4369	0.030788355
151107	4900	0.030788355
151107	79	0.03078835
151107	105	0.03078835
151107	1143	0.03078835
151122	2528	0.025830548
151122	6083	0.025830548
151122	1722	0.025830546
151122	4369	0.025830545
151122	4900	0.025830545
151122	6391	0.025830545
151122	3564	0.025830543
151122	79	0.02583054
151122	105	0.02583054
151122	1143	0.02583054
151139	2528	0.0367811
151139	6083	0.0367811
151139	1722	0.036781095
151139	4900	0.036781095
151139	6391	0.036781095
151139	3564	0.03678109
151139	4369	0.03678109
151139	79	0.036781088
151139	105	0.036781088
151139	804	0.036781088
151143	6083	0.02773736
151143	1722	0.027737357
151143	2528	0.027737357
151143	4900	0.027737357
151143	6391	0.027737357
151143	4369	0.027737355
151143	79	0.027737353
151143	105	0.027737353
151143	1143	0.027737353
151143	3564	0.027737353
151262	2528	0.028740589
151262	6083	0.028740589
151262	1722	0.028740587
151262	4369	0.028740585
151262	4900	0.028740585
151262	6391	0.028740585
151262	79	0.028740581
151262	105	0.028740581
151262	1143	0.028740581
151262	3564	0.028740581
151263	2528	0.02072519
151263	6083	0.020725189
151263	1722	0.020725187
151263	4369	0.020725187
151263	4900	0.020725187
151263	6391	0.020725187
151263	79	0.020725185
151263	3564	0.020725185
151263	105	0.020725183
151263	804	0.020725183
151370	6083	0.029687973
151370	1722	0.02968797
151370	2528	0.02968797
151370	4900	0.02968797
151370	6391	0.029687969
151370	4369	0.029687967
151370	3564	0.029687965
151370	79	0.029687963
151370	105	0.029687963
151370	1143	0.029687963
151479	6083	0.031181078
151479	1722	0.031181075
151479	2528	0.031181075
151479	4369	0.031181073
151479	4900	0.031181073
151479	6391	0.031181073
151479	3564	0.031181071
151479	79	0.03118107
151479	105	0.03118107
151479	1143	0.03118107
151483	6083	0.030791067
151483	2528	0.030791065
151483	1722	0.030791063
151483	4900	0.030791063
151483	6391	0.030791063
151483	4369	0.030791061
151483	1143	0.03079106
151483	3564	0.03079106
151483	79	0.030791057
151483	105	0.030791057
151503	6083	0.030727327
151503	1722	0.030727323
151503	2528	0.030727323
151503	6391	0.030727321
151503	3564	0.03072732
151503	4369	0.03072732
151503	4900	0.03072732
151503	79	0.030727318
151503	1143	0.030727318
151503	105	0.030727316
151537	6083	0.02870984
151537	1722	0.028709836
151537	2528	0.028709836
151537	4900	0.028709836
151537	4369	0.028709834
151537	6391	0.028709834
151537	79	0.028709833
151537	1143	0.028709833
151537	3564	0.028709833
151537	105	0.028709829
151589	2528	0.025619496
151589	6083	0.025619496
151589	1722	0.025619494
151589	6391	0.025619494
151589	1143	0.025619492
151589	4369	0.025619492
151589	4900	0.025619492
151589	79	0.02561949
151589	3564	0.02561949
151589	105	0.025619488
151608	2528	0.03752356
151608	6083	0.03752356
151608	1722	0.037523557
151608	4900	0.037523557
151608	6391	0.037523557
151608	1143	0.037523553
151608	3564	0.037523553
151608	4369	0.037523553
151608	79	0.03752355
151608	105	0.03752355
151643	6083	0.026004368
151643	1722	0.026004367
151643	2528	0.026004367
151643	3564	0.026004363
151643	4369	0.026004363
151643	4900	0.026004363
151643	6391	0.026004363
151643	79	0.026004361
151643	105	0.026004361
151643	1143	0.026004361
151653	6083	0.025189372
151653	1722	0.02518937
151653	2528	0.02518937
151653	4900	0.025189368
151653	6391	0.025189368
151653	3564	0.025189366
151653	4369	0.025189366
151653	79	0.025189364
151653	1143	0.025189364
151653	105	0.025189362
151738	2528	0.03363224
151738	6083	0.03363224
151738	1722	0.033632237
151738	79	0.033632234
151738	105	0.033632234
151738	3564	0.033632234
151738	4369	0.033632234
151738	4900	0.033632234
151738	6391	0.033632234
151738	1143	0.03363223
151780	6083	0.020777183
151780	1722	0.02077718
151780	2528	0.02077718
151780	6391	0.02077718
151780	4900	0.020777179
151780	79	0.020777177
151780	1143	0.020777177
151780	3564	0.020777177
151780	4369	0.020777177
151780	105	0.020777175
151790	6083	0.020792184
151790	2528	0.020792183
151790	6391	0.020792183
151790	1722	0.02079218
151790	4900	0.02079218
151790	79	0.020792179
151790	1143	0.020792179
151790	3564	0.020792179
151790	3917	0.020792179
151790	4369	0.020792179
151800	2528	0.031696074
151800	6083	0.031696074
151800	6391	0.031696074
151800	1722	0.03169607
151800	79	0.031696066
151800	1143	0.031696066
151800	3564	0.031696066
151800	3917	0.031696066
151800	3978	0.031696066
151800	4369	0.031696066
151824	6083	0.023831714
151824	2528	0.023831712
151824	1722	0.02383171
151824	4369	0.02383171
151824	4900	0.02383171
151824	6391	0.02383171
151824	79	0.023831706
151824	105	0.023831706
151824	1143	0.023831706
151824	3564	0.023831706
151846	6083	0.03529171
151846	2528	0.035291705
151846	1722	0.0352917
151846	4369	0.0352917
151846	4900	0.0352917
151846	6391	0.0352917
151846	79	0.035291698
151846	1143	0.035291698
151846	3564	0.035291698
151846	5896	0.035291698
151991	1722	0.01885043
151991	2528	0.01885043
151991	6083	0.01885043
151991	6391	0.01885043
151991	4900	0.018850429
151991	79	0.018850427
151991	1143	0.018850427
151991	3564	0.018850427
151991	4369	0.018850427
151991	105	0.018850425
152016	2528	0.03323849
152016	6083	0.03323849
152016	1722	0.033238485
152016	3564	0.033238485
152016	4369	0.033238485
152016	4900	0.033238485
152016	6391	0.033238485
152016	1143	0.03323848
152016	79	0.033238478
152016	105	0.033238478
152036	6083	0.026827542
152036	1722	0.02682754
152036	2528	0.02682754
152036	3564	0.026827537
152036	4369	0.026827537
152036	4900	0.026827537
152036	6391	0.026827537
152036	79	0.026827535
152036	1143	0.026827535
152036	105	0.026827533
152082	2528	0.028923824
152082	6083	0.028923824
152082	1722	0.02892382
152082	4900	0.02892382
152082	6391	0.02892382
152082	3564	0.028923819
152082	79	0.028923817
152082	105	0.028923817
152082	1143	0.028923817
152082	3917	0.028923817
152099	6083	0.04339733
152099	1722	0.043397326
152099	2528	0.043397326
152099	4369	0.043397322
152099	4900	0.043397322
152099	6391	0.043397322
152099	1143	0.04339732
152099	3564	0.04339732
152099	79	0.043397315
152099	105	0.043397315
152136	6083	0.019891787
152136	1722	0.019891785
152136	2528	0.019891785
152136	4369	0.019891784
152136	4900	0.019891784
152136	6391	0.019891784
152136	105	0.019891782
152136	1143	0.019891782
152136	3564	0.019891782
152136	5896	0.019891782
152186	2528	0.03572917
152186	6083	0.03572917
152186	1722	0.035729166
152186	4900	0.035729166
152186	1143	0.035729162
152186	3564	0.035729162
152186	4369	0.035729162
152186	6391	0.035729162
152186	79	0.03572916
152186	105	0.03572916
152309	1722	0.033956595
152309	2528	0.033956595
152309	4369	0.033956595
152309	4900	0.033956595
152309	6083	0.033956595
152309	6391	0.033956595
152309	79	0.03395659
152309	1143	0.03395659
152309	105	0.033956587
152309	804	0.033956587
152345	6083	0.024785914
152345	1722	0.024785912
152345	2528	0.024785912
152345	4900	0.02478591
152345	6391	0.02478591
152345	79	0.024785908
152345	4369	0.024785908
152345	105	0.024785906
152345	1143	0.024785906
152345	3088	0.024785906
152354	2528	0.03392366
152354	6083	0.03392366
152354	1722	0.033923656
152354	4369	0.033923656
152354	4900	0.033923656
152354	6391	0.033923656
152354	1143	0.033923652
152354	3564	0.033923652
152354	79	0.03392365
152354	105	0.03392365
152409	6083	0.028356137
152409	1722	0.028356135
152409	2528	0.028356135
152409	4369	0.028356133
152409	4900	0.028356133
152409	6391	0.028356133
152409	3564	0.028356131
152409	79	0.02835613
152409	105	0.02835613
152409	1143	0.02835613
152428	6083	0.025502395
152428	2528	0.025502393
152428	1722	0.025502391
152428	4900	0.025502391
152428	6391	0.025502391
152428	4369	0.02550239
152428	105	0.025502387
152428	1143	0.025502387
152428	3564	0.025502387
152428	79	0.025502386
152435	2528	0.033574495
152435	6083	0.033574495
152435	1722	0.03357449
152435	4369	0.03357449
152435	4900	0.03357449
152435	6391	0.03357449
152435	1143	0.033574488
152435	3564	0.033574488
152435	3917	0.033574488
152435	79	0.033574484
152468	6083	0.022639126
152468	1722	0.022639124
152468	2528	0.022639124
152468	4369	0.022639122
152468	4900	0.022639122
152468	6391	0.022639122
152468	79	0.02263912
152468	1143	0.02263912
152468	3564	0.02263912
152468	105	0.022639118
152483	2528	0.023468418
152483	6083	0.023468418
152483	1722	0.023468416
152483	6391	0.023468416
152483	4369	0.023468414
152483	4900	0.023468414
152483	79	0.023468412
152483	105	0.023468412
152483	1143	0.023468412
152483	3564	0.023468412
152514	2528	0.025197383
152514	6083	0.025197383
152514	1722	0.02519738
152514	4369	0.02519738
152514	4900	0.02519738
152514	6391	0.02519738
152514	3564	0.025197377
152514	79	0.025197376
152514	105	0.025197376
152514	1143	0.025197376
152579	2528	0.02552412
152579	6083	0.02552412
152579	1722	0.025524119
152579	4369	0.025524117
152579	4900	0.025524117
152579	6391	0.025524117
152579	1143	0.025524115
152579	3564	0.025524115
152579	79	0.025524113
152579	105	0.025524113
152605	2528	0.023885291
152605	6083	0.023885291
152605	1722	0.02388529
152605	6391	0.02388529
152605	3564	0.023885287
152605	4369	0.023885287
152605	4900	0.023885287
152605	79	0.023885285
152605	1143	0.023885285
152605	105	0.023885284
152617	6083	0.03280819
152617	1722	0.032808185
152617	2528	0.032808185
152617	4900	0.032808185
152617	3564	0.03280818
152617	6391	0.03280818
152617	79	0.032808177
152617	105	0.032808177
152617	804	0.032808177
152617	1143	0.032808177
152645	2528	0.037653185
152645	6083	0.037653185
152645	1722	0.03765318
152645	3564	0.037653178
152645	4369	0.037653178
152645	4900	0.037653178
152645	6391	0.037653178
152645	79	0.037653174
152645	804	0.037653174
152645	1143	0.037653174
152651	2528	0.029452784
152651	6083	0.029452784
152651	1722	0.029452782
152651	6391	0.029452782
152651	4900	0.02945278
152651	3564	0.029452778
152651	4369	0.029452778
152651	79	0.029452777
152651	105	0.029452777
152651	1143	0.029452777
152696	6083	0.026047131
152696	2528	0.026047127
152696	1722	0.026047125
152696	4369	0.026047125
152696	4900	0.026047125
152696	6391	0.026047125
152696	79	0.026047122
152696	105	0.026047122
152696	1143	0.026047122
152696	3088	0.026047122
152742	2528	0.021088272
152742	6083	0.021088272
152742	1722	0.02108827
152742	6391	0.02108827
152742	3564	0.021088269
152742	4369	0.021088269
152742	4900	0.021088269
152742	1143	0.021088267
152742	79	0.021088265
152742	105	0.021088265
152770	6083	0.034336355
152770	1722	0.03433635
152770	2528	0.03433635
152770	4369	0.03433635
152770	6391	0.03433635
152770	4900	0.034336347
152770	79	0.034336343
152770	105	0.034336343
152770	804	0.034336343
152770	1143	0.034336343
152942	6083	0.03114907
152942	1722	0.031149067
152942	2528	0.031149067
152942	6391	0.031149065
152942	1143	0.031149063
152942	3564	0.031149063
152942	4369	0.031149063
152942	4900	0.031149063
152942	79	0.03114906
152942	105	0.03114906
152946	6083	0.033832435
152946	1722	0.03383243
152946	2528	0.03383243
152946	4369	0.03383243
152946	4900	0.03383243
152946	6391	0.03383243
152946	79	0.033832427
152946	1143	0.033832427
152946	3917	0.033832427
152946	105	0.033832423
153042	2528	0.034346767
153042	6083	0.034346767
153042	1722	0.034346763
153042	6391	0.034346763
153042	79	0.03434676
153042	3564	0.03434676
153042	4369	0.03434676
153042	4900	0.03434676
153042	105	0.034346756
153042	1143	0.034346756
153054	2528	0.031308316
153054	6083	0.031308316
153054	6391	0.031308316
153054	1722	0.031308312
153054	4369	0.031308312
153054	4900	0.031308312
153054	79	0.03130831
153054	105	0.03130831
153054	1143	0.03130831
153054	1557	0.03130831
153091	2528	0.027120125
153091	6083	0.027120125
153091	1722	0.02712012
153091	4369	0.02712012
153091	4900	0.02712012
153091	6391	0.02712012
153091	1143	0.027120119
153091	79	0.027120117
153091	105	0.027120117
153091	3088	0.027120117
153174	2528	0.024372322
153174	6083	0.024372322
153174	1722	0.02437232
153174	4369	0.024372319
153174	1143	0.024372317
153174	3564	0.024372317
153174	4900	0.024372317
153174	6391	0.024372317
153174	79	0.024372315
153174	105	0.024372315
153211	1722	0.033740975
153211	2528	0.033740975
153211	6083	0.033740975
153211	4900	0.03374097
153211	6391	0.03374097
153211	79	0.033740968
153211	105	0.033740968
153211	1143	0.033740968
153211	3088	0.033740968
153211	3917	0.033740968
153283	6083	0.030731441
153283	2528	0.03073144
153283	6391	0.030731438
153283	1722	0.030731436
153283	4369	0.030731436
153283	4900	0.030731436
153283	79	0.030731432
153283	105	0.030731432
153283	1143	0.030731432
153283	3564	0.030731432
153322	1722	0.03414603
153322	2528	0.03414603
153322	6083	0.03414603
153322	4369	0.034146026
153322	4900	0.034146026
153322	6391	0.034146026
153322	79	0.034146022
153322	1143	0.034146022
153322	3564	0.034146022
153322	3917	0.034146022
153342	6083	0.025409482
153342	2528	0.02540948
153342	1722	0.025409479
153342	4900	0.025409479
153342	6391	0.025409479
153342	4369	0.025409477
153342	79	0.025409475
153342	1143	0.025409475
153342	3564	0.025409475
153342	105	0.025409473
153361	6083	0.03275802
153361	1722	0.032758016
153361	2528	0.032758016
153361	6391	0.032758016
153361	105	0.032758012
153361	1143	0.032758012
153361	3088	0.032758012
153361	3564	0.032758012
153361	3917	0.032758012
153361	4369	0.032758012
153513	6083	0.037729345
153513	1722	0.03772934
153513	2528	0.03772934
153513	4900	0.037729338
153513	6391	0.037729338
153513	1143	0.037729334
153513	4369	0.037729334
153513	79	0.03772933
153513	105	0.03772933
153513	804	0.03772933
153653	6083	0.029873446
153653	1722	0.029873444
153653	2528	0.029873444
153653	4900	0.029873442
153653	6391	0.029873442
153653	1143	0.029873438
153653	3564	0.029873438
153653	4369	0.029873438
153653	79	0.029873436
153653	105	0.029873436
153718	2528	0.0433774
153718	6083	0.0433774
153718	1722	0.043377392
153718	4369	0.043377392
153718	4900	0.043377392
153718	6391	0.043377392
153718	79	0.043377385
153718	105	0.043377385
153718	1143	0.043377385
153718	1557	0.043377385
153719	6083	0.030478783
153719	2528	0.030478781
153719	1722	0.03047878
153719	4900	0.03047878
153719	4369	0.030478777
153719	6391	0.030478777
153719	79	0.030478776
153719	1143	0.030478776
153719	3564	0.030478776
153719	105	0.030478774
153723	1722	0.035752706
153723	2528	0.035752706
153723	6083	0.035752706
153723	1143	0.035752703
153723	4369	0.035752703
153723	6391	0.035752703
153723	79	0.0357527
153723	105	0.0357527
153723	3088	0.0357527
153723	3564	0.0357527
153797	1722	0.034392208
153797	2528	0.034392208
153797	6083	0.034392208
153797	6391	0.034392208
153797	4900	0.034392204
153797	79	0.0343922
153797	105	0.0343922
153797	1143	0.0343922
153797	3088	0.0343922
153797	3564	0.0343922
153865	2528	0.033491053
153865	6083	0.033491053
153865	1722	0.03349105
153865	3564	0.033491045
153865	4900	0.033491045
153865	6391	0.033491045
153865	79	0.03349104
153865	1143	0.03349104
153865	4369	0.03349104
153865	105	0.033491038
153950	6083	0.03703871
153950	1722	0.037038706
153950	2528	0.037038706
153950	4369	0.037038703
153950	4900	0.037038703
153950	6391	0.037038703
153950	79	0.0370387
153950	105	0.0370387
153950	3564	0.0370387
153950	3917	0.0370387
154021	6083	0.027861767
154021	1722	0.027861765
154021	2528	0.027861765
154021	4900	0.027861763
154021	6391	0.027861763
154021	4369	0.02786176
154021	79	0.027861759
154021	105	0.027861759
154021	1143	0.027861759
154021	3564	0.027861759
154070	1722	0.03499209
154070	2528	0.03499209
154070	6083	0.03499209
154070	4369	0.034992088
154070	4900	0.034992088
154070	6391	0.034992088
154070	79	0.034992084
154070	1143	0.034992084
154070	3564	0.034992084
154070	3917	0.034992084
154126	6083	0.024370326
154126	1722	0.024370324
154126	2528	0.024370324
154126	4369	0.024370322
154126	4900	0.024370322
154126	6391	0.024370322
154126	79	0.02437032
154126	1143	0.02437032
154126	3564	0.02437032
154126	105	0.024370318
154137	2528	0.028923072
154137	6083	0.028923072
154137	1722	0.02892307
154137	4369	0.028923068
154137	4900	0.028923068
154137	6391	0.028923068
154137	79	0.028923064
154137	105	0.028923064
154137	1143	0.028923064
154137	3564	0.028923064
154176	2528	0.03016755
154176	6083	0.03016755
154176	1722	0.030167548
154176	4900	0.030167546
154176	6391	0.030167546
154176	3564	0.030167544
154176	4369	0.030167544
154176	79	0.030167542
154176	105	0.030167542
154176	1143	0.030167542
154269	2528	0.026212366
154269	6083	0.026212366
154269	1722	0.026212364
154269	4369	0.026212363
154269	4900	0.026212363
154269	6391	0.026212363
154269	79	0.02621236
154269	1143	0.02621236
154269	3564	0.02621236
154269	105	0.026212359
154345	1722	0.035498336
154345	2528	0.035498336
154345	4369	0.035498336
154345	4900	0.035498336
154345	6083	0.035498336
154345	6391	0.035498336
154345	79	0.03549833
154345	105	0.03549833
154345	804	0.03549833
154345	1143	0.03549833
154346	6083	0.023935657
154346	1722	0.023935653
154346	2528	0.023935653
154346	4900	0.023935653
154346	6391	0.023935653
154346	79	0.02393565
154346	1143	0.02393565
154346	3564	0.02393565
154346	4369	0.02393565
154346	105	0.023935648
154354	2528	0.025552664
154354	6083	0.025552664
154354	6391	0.025552662
154354	1722	0.02555266
154354	4369	0.02555266
154354	4900	0.02555266
154354	79	0.025552657
154354	1143	0.025552657
154354	3088	0.025552657
154354	3917	0.025552657
154469	2528	0.04059087
154469	1722	0.040590867
154469	4900	0.040590867
154469	6083	0.040590867
154469	3564	0.040590864
154469	4369	0.040590864
154469	6391	0.040590864
154469	79	0.04059086
154469	105	0.04059086
154469	1143	0.04059086
154487	6083	0.034167305
154487	2528	0.0341673
154487	1143	0.034167297
154487	1722	0.034167297
154487	4369	0.034167297
154487	4900	0.034167297
154487	6391	0.034167297
154487	79	0.034167293
154487	105	0.034167293
154487	3564	0.034167293
154529	6083	0.034741253
154529	1722	0.03474125
154529	1143	0.034741245
154529	2528	0.034741245
154529	4369	0.034741245
154529	4900	0.034741245
154529	6391	0.034741245
154529	3564	0.03474124
154529	79	0.034741238
154529	105	0.034741238
154543	2528	0.0299865
154543	6083	0.0299865
154543	1722	0.029986499
154543	4369	0.029986497
154543	4900	0.029986497
154543	6391	0.029986497
154543	79	0.029986493
154543	105	0.029986493
154543	1143	0.029986493
154543	3088	0.029986493
154553	6083	0.02462737
154553	1722	0.024627369
154553	2528	0.024627369
154553	4900	0.024627369
154553	4369	0.024627367
154553	6391	0.024627367
154553	79	0.024627365
154553	1143	0.024627365
154553	3564	0.024627365
154553	105	0.024627363
154627	6083	0.032978915
154627	1722	0.03297891
154627	2528	0.03297891
154627	4900	0.03297891
154627	6391	0.03297891
154627	105	0.032978907
154627	1143	0.032978907
154627	3088	0.032978907
154627	3564	0.032978907
154627	3917	0.032978907
154675	6083	0.034873784
154675	2528	0.03487378
154675	1722	0.034873776
154675	3564	0.034873776
154675	4369	0.034873776
154675	4900	0.034873776
154675	6391	0.034873776
154675	79	0.034873772
154675	1143	0.034873772
154675	3088	0.034873772
154730	1722	0.034156986
154730	2528	0.034156986
154730	6083	0.034156986
154730	4900	0.03415698
154730	6391	0.03415698
154730	79	0.034156978
154730	105	0.034156978
154730	1143	0.034156978
154730	3088	0.034156978
154730	3564	0.034156978
154781	6083	0.028849557
154781	1722	0.028849553
154781	2528	0.028849553
154781	4369	0.028849551
154781	4900	0.028849551
154781	6391	0.028849551
154781	79	0.02884955
154781	1143	0.02884955
154781	3564	0.02884955
154781	105	0.028849548
154791	2528	0.029638018
154791	6083	0.029638018
154791	1722	0.029638017
154791	4900	0.029638015
154791	6391	0.029638015
154791	3564	0.029638013
154791	4369	0.029638013
154791	79	0.029638011
154791	1143	0.029638011
154791	5896	0.029638011
154844	6083	0.029489573
154844	2528	0.02948957
154844	1722	0.029489568
154844	4900	0.029489568
154844	6391	0.029489568
154844	3564	0.029489566
154844	4369	0.029489566
154844	79	0.029489562
154844	105	0.029489562
154844	1143	0.029489562
154944	6083	0.033153266
154944	2528	0.033153262
154944	1722	0.03315326
154944	4369	0.03315326
154944	4900	0.03315326
154944	6391	0.03315326
154944	3564	0.033153255
154944	79	0.03315325
154944	105	0.03315325
154944	804	0.03315325
154975	6083	0.029132744
154975	2528	0.029132742
154975	1722	0.02913274
154975	6391	0.02913274
154975	4369	0.029132739
154975	4900	0.029132739
154975	1143	0.029132737
154975	3564	0.029132737
154975	79	0.029132735
154975	105	0.029132735
154981	6083	0.02635267
154981	1722	0.026352668
154981	2528	0.026352668
154981	4369	0.026352666
154981	4900	0.026352666
154981	6391	0.026352666
154981	3564	0.026352664
154981	79	0.026352663
154981	105	0.026352663
154981	1143	0.026352663
154992	6083	0.032620355
154992	2528	0.03262035
154992	1722	0.032620348
154992	3564	0.032620348
154992	4369	0.032620348
154992	4900	0.032620348
154992	6391	0.032620348
154992	105	0.032620344
154992	1143	0.032620344
154992	5896	0.032620344
155000	6083	0.025889836
155000	2528	0.025889834
155000	1722	0.025889833
155000	4900	0.025889833
155000	6391	0.025889833
155000	79	0.025889829
155000	1143	0.025889829
155000	3564	0.025889829
155000	3917	0.025889829
155000	4369	0.025889829
155014	2528	0.029824179
155014	6083	0.029824179
155014	1722	0.029824177
155014	4369	0.029824175
155014	4900	0.029824175
155014	6391	0.029824175
155014	79	0.029824171
155014	105	0.029824171
155014	1143	0.029824171
155014	3564	0.029824171
155141	6083	0.029591115
155141	1722	0.029591113
155141	2528	0.029591113
155141	6391	0.029591111
155141	4369	0.02959111
155141	4900	0.02959111
155141	3564	0.029591108
155141	79	0.029591106
155141	105	0.029591106
155141	1143	0.029591106
155147	6083	0.038118295
155147	2528	0.03811829
155147	1722	0.038118288
155147	4369	0.038118288
155147	4900	0.038118288
155147	6391	0.038118288
155147	1143	0.038118284
155147	3564	0.038118284
155147	79	0.03811828
155147	105	0.03811828
155219	1722	0.03160267
155219	2528	0.03160267
155219	6083	0.03160267
155219	4369	0.031602666
155219	4900	0.031602666
155219	6391	0.031602666
155219	79	0.031602662
155219	1143	0.031602662
155219	3564	0.031602662
155219	105	0.03160266
155306	2528	0.021902775
155306	6083	0.021902775
155306	1722	0.021902774
155306	4900	0.021902774
155306	6391	0.021902774
155306	1143	0.021902772
155306	4369	0.021902772
155306	79	0.02190277
155306	105	0.02190277
155306	3088	0.02190277
155343	6083	0.026451346
155343	1722	0.026451344
155343	2528	0.026451344
155343	4369	0.026451342
155343	4900	0.026451342
155343	6391	0.026451342
155343	79	0.026451338
155343	105	0.026451338
155343	1143	0.026451338
155343	3564	0.026451338
155376	1722	0.02288701
155376	2528	0.02288701
155376	6083	0.02288701
155376	6391	0.02288701
155376	4369	0.022887008
155376	4900	0.022887008
155376	79	0.022887006
155376	105	0.022887006
155376	1143	0.022887006
155376	3564	0.022887006
155444	2528	0.034414634
155444	6083	0.034414634
155444	6391	0.034414634
155444	1722	0.03441463
155444	4369	0.03441463
155444	4900	0.03441463
155444	79	0.034414627
155444	105	0.034414627
155444	804	0.034414627
155444	1143	0.034414627
155495	6083	0.028068475
155495	1722	0.028068474
155495	2528	0.028068474
155495	4369	0.028068472
155495	4900	0.028068472
155495	6391	0.028068472
155495	79	0.028068468
155495	1143	0.028068468
155495	3564	0.028068468
155495	105	0.028068466
155580	6083	0.038693227
155580	2528	0.038693223
155580	1722	0.03869322
155580	4900	0.03869322
155580	6391	0.03869322
155580	3564	0.038693216
155580	4369	0.038693216
155580	79	0.038693212
155580	105	0.038693212
155580	804	0.038693212
155680	6083	0.023760326
155680	1722	0.023760324
155680	2528	0.023760322
155680	4369	0.023760322
155680	6391	0.023760322
155680	4900	0.02376032
155680	79	0.023760319
155680	1143	0.023760319
155680	3564	0.023760319
155680	5896	0.023760319
155743	2528	0.031134129
155743	6083	0.031134129
155743	1722	0.031134125
155743	4369	0.031134125
155743	4900	0.031134125
155743	6391	0.031134125
155743	79	0.031134121
155743	1143	0.031134121
155743	3564	0.031134121
155743	105	0.03113412
155771	2528	0.028820176
155771	6083	0.028820176
155771	1722	0.028820174
155771	4369	0.028820172
155771	4900	0.028820172
155771	6391	0.028820172
155771	3564	0.02882017
155771	79	0.028820168
155771	105	0.028820168
155771	1143	0.028820168
155778	6083	0.037067458
155778	2528	0.037067454
155778	1722	0.03706745
155778	4369	0.03706745
155778	4900	0.03706745
155778	6391	0.03706745
155778	1143	0.037067447
155778	3088	0.037067447
155778	3564	0.037067447
155778	79	0.037067443
155807	1722	0.0339998
155807	2528	0.0339998
155807	6083	0.0339998
155807	6391	0.033999797
155807	79	0.033999793
155807	105	0.033999793
155807	1143	0.033999793
155807	3564	0.033999793
155807	4369	0.033999793
155807	4900	0.033999793
155810	6083	0.02971814
155810	1722	0.029718138
155810	2528	0.029718138
155810	4369	0.029718135
155810	4900	0.029718135
155810	6391	0.029718135
155810	79	0.02971813
155810	105	0.02971813
155810	1143	0.02971813
155810	3088	0.02971813
155913	6083	0.024442516
155913	2528	0.024442514
155913	1722	0.024442513
155913	4369	0.024442513
155913	4900	0.024442513
155913	6391	0.024442513
155913	1143	0.02444251
155913	3564	0.02444251
155913	79	0.024442509
155913	105	0.024442509
155989	1722	0.03601154
155989	6083	0.03601154
155989	2528	0.036011536
155989	4900	0.036011536
155989	79	0.036011532
155989	1143	0.036011532
155989	3564	0.036011532
155989	4369	0.036011532
155989	6391	0.036011532
155989	105	0.03601153
156163	6083	0.034502923
156163	1722	0.03450292
156163	2528	0.03450292
156163	4900	0.03450292
156163	4369	0.034502916
156163	6391	0.034502916
156163	79	0.034502912
156163	105	0.034502912
156163	1143	0.034502912
156163	3564	0.034502912
156214	6083	0.024343852
156214	1722	0.024343848
156214	2528	0.024343848
156214	4369	0.024343846
156214	6391	0.024343846
156214	1143	0.024343845
156214	3564	0.024343845
156214	4900	0.024343845
156214	79	0.024343843
156214	105	0.024343843
156300	6083	0.04554003
156300	1722	0.045540027
156300	2528	0.045540027
156300	4900	0.045540027
156300	6391	0.045540027
156300	4369	0.045540024
156300	79	0.04554002
156300	105	0.04554002
156300	1143	0.04554002
156300	3564	0.04554002
156342	6083	0.02778995
156342	2528	0.027789949
156342	1722	0.027789947
156342	4900	0.027789947
156342	6391	0.027789947
156342	79	0.027789943
156342	1143	0.027789943
156342	3564	0.027789943
156342	4369	0.027789943
156342	105	0.027789941
156432	6083	0.028389163
156432	2528	0.028389161
156432	1722	0.02838916
156432	4369	0.02838916
156432	4900	0.02838916
156432	6391	0.02838916
156432	79	0.028389156
156432	1143	0.028389156
156432	3564	0.028389156
156432	105	0.028389154
156483	6083	0.028419448
156483	1722	0.028419446
156483	2528	0.028419446
156483	6391	0.028419444
156483	4900	0.028419442
156483	1143	0.02841944
156483	3564	0.02841944
156483	4369	0.02841944
156483	79	0.028419439
156483	105	0.028419439
156510	1722	0.024921678
156510	2528	0.024921678
156510	6083	0.024921678
156510	6391	0.024921676
156510	3564	0.024921674
156510	4369	0.024921674
156510	4900	0.024921674
156510	79	0.024921672
156510	1143	0.024921672
156510	105	0.02492167
156534	2528	0.028835744
156534	6083	0.028835744
156534	1722	0.02883574
156534	4900	0.02883574
156534	6391	0.02883574
156534	1143	0.028835738
156534	4369	0.028835738
156534	79	0.028835736
156534	3564	0.028835736
156534	3917	0.028835736
156584	6083	0.027263045
156584	2528	0.027263043
156584	1722	0.027263042
156584	4369	0.027263042
156584	4900	0.027263042
156584	6391	0.027263042
156584	105	0.027263038
156584	1143	0.027263038
156584	3564	0.027263038
156584	3917	0.027263038
156706	6083	0.0295391
156706	1722	0.029539097
156706	2528	0.029539097
156706	4900	0.029539097
156706	6391	0.029539097
156706	79	0.029539093
156706	1143	0.029539093
156706	3564	0.029539093
156706	4369	0.029539093
156706	105	0.029539092
156837	6083	0.027526645
156837	1722	0.027526643
156837	2528	0.027526643
156837	4900	0.027526643
156837	6391	0.027526643
156837	105	0.02752664
156837	1143	0.02752664
156837	3564	0.02752664
156837	4369	0.02752664
156837	79	0.027526638
157083	2528	0.028269496
157083	6083	0.028269496
157083	1722	0.028269494
157083	6391	0.028269494
157083	4369	0.028269492
157083	4900	0.028269492
157083	3564	0.02826949
157083	79	0.028269488
157083	105	0.028269488
157083	1143	0.028269488
157127	2528	0.032377973
157127	6083	0.032377973
157127	1722	0.03237797
157127	4369	0.03237797
157127	4900	0.03237797
157127	6391	0.03237797
157127	79	0.032377966
157127	105	0.032377966
157127	1143	0.032377966
157127	3088	0.032377966
157163	6083	0.03558542
157163	1722	0.035585415
157163	2528	0.035585415
157163	79	0.03558541
157163	4900	0.03558541
157163	6391	0.03558541
157163	1143	0.035585407
157163	3564	0.035585407
157163	3917	0.035585407
157163	5896	0.035585407
157252	6083	0.025835406
157252	2528	0.025835404
157252	1722	0.025835402
157252	4369	0.025835402
157252	4900	0.025835402
157252	6391	0.025835402
157252	3564	0.0258354
157252	79	0.025835399
157252	105	0.025835399
157252	804	0.025835399
157273	1722	0.03683196
157273	2528	0.03683196
157273	6083	0.03683196
157273	4900	0.036831956
157273	6391	0.036831956
157273	79	0.036831953
157273	1143	0.036831953
157273	3564	0.036831953
157273	3917	0.036831953
157273	4369	0.036831953
157281	6083	0.024754087
157281	2528	0.024754085
157281	1722	0.024754083
157281	4900	0.024754083
157281	6391	0.024754083
157281	3564	0.02475408
157281	4369	0.02475408
157281	79	0.024754079
157281	105	0.024754079
157281	804	0.024754077
157380	6083	0.028211435
157380	1722	0.028211433
157380	2528	0.028211433
157380	6391	0.028211432
157380	4369	0.02821143
157380	4900	0.02821143
157380	79	0.028211428
157380	1143	0.028211428
157380	3564	0.028211428
157380	105	0.028211426
157543	6083	0.021376083
157543	1722	0.02137608
157543	2528	0.02137608
157543	4900	0.021376079
157543	6391	0.021376079
157543	105	0.021376077
157543	1143	0.021376077
157543	3564	0.021376077
157543	4369	0.021376077
157543	79	0.021376075
157594	6083	0.030430537
157594	2528	0.030430535
157594	1722	0.030430533
157594	4369	0.030430533
157594	4900	0.030430533
157594	6391	0.030430533
157594	79	0.03043053
157594	105	0.03043053
157594	1143	0.03043053
157594	3564	0.03043053
157625	2528	0.024489708
157625	6083	0.024489708
157625	1722	0.024489706
157625	4369	0.024489705
157625	4900	0.024489705
157625	6391	0.024489705
157625	79	0.024489703
157625	3564	0.024489703
157625	105	0.0244897
157625	804	0.0244897
157655	1722	0.032896712
157655	2528	0.032896712
157655	6083	0.032896712
157655	4369	0.03289671
157655	79	0.032896705
157655	105	0.032896705
157655	1143	0.032896705
157655	3088	0.032896705
157655	3564	0.032896705
157655	3917	0.032896705
157660	6083	0.03071462
157660	1722	0.030714618
157660	2528	0.030714618
157660	4900	0.030714616
157660	6391	0.030714616
157660	4369	0.030714614
157660	79	0.030714612
157660	105	0.030714612
157660	1143	0.030714612
157660	3564	0.030714612
157799	1722	0.02028297
157799	6083	0.02028297
157799	2528	0.020282969
157799	3564	0.020282969
157799	4900	0.020282969
157799	6391	0.020282969
157799	105	0.020282967
157799	4369	0.020282967
157799	79	0.020282965
157799	804	0.020282965
157811	2528	0.031705298
157811	6083	0.031705298
157811	1722	0.031705294
157811	4900	0.031705294
157811	6391	0.031705294
157811	79	0.03170529
157811	105	0.03170529
157811	1143	0.03170529
157811	3564	0.03170529
157811	4369	0.03170529
158033	6083	0.031238044
158033	1722	0.03123804
158033	2528	0.03123804
158033	6391	0.03123804
158033	79	0.031238038
158033	3564	0.031238038
158033	4369	0.031238038
158033	4900	0.031238038
158033	105	0.031238036
158033	804	0.031238034
158034	2528	0.026782647
158034	6083	0.026782647
158034	1722	0.026782645
158034	6391	0.026782643
158034	4369	0.026782641
158034	4900	0.026782641
158034	79	0.02678264
158034	105	0.02678264
158034	1143	0.02678264
158034	3564	0.02678264
158043	6083	0.016231515
158043	2528	0.016231513
158043	1143	0.01623151
158043	1722	0.01623151
158043	3564	0.01623151
158043	4369	0.01623151
158043	4900	0.01623151
158043	6391	0.01623151
158043	79	0.016231509
158043	105	0.016231509
158103	6083	0.030302206
158103	1722	0.030302204
158103	2528	0.030302204
158103	4900	0.030302202
158103	6391	0.030302202
158103	3564	0.0303022
158103	4369	0.0303022
158103	1143	0.030302199
158103	79	0.030302197
158103	105	0.030302197
158104	6083	0.023462765
158104	2528	0.023462763
158104	1722	0.023462761
158104	4900	0.023462761
158104	6391	0.023462761
158104	4369	0.02346276
158104	79	0.023462757
158104	105	0.023462757
158104	1143	0.023462757
158104	3088	0.023462757
158226	6083	0.039557133
158226	1722	0.03955713
158226	2528	0.03955713
158226	6391	0.03955713
158226	4369	0.039557125
158226	4900	0.039557125
158226	79	0.03955712
158226	105	0.03955712
158226	1143	0.03955712
158226	3088	0.03955712
158254	1722	0.03991984
158254	2528	0.03991984
158254	4900	0.03991984
158254	6083	0.03991984
158254	4369	0.039919835
158254	6391	0.039919835
158254	105	0.03991983
158254	1143	0.03991983
158254	3564	0.03991983
158254	3917	0.03991983
158361	1722	0.029314574
158361	2528	0.029314574
158361	6083	0.029314574
158361	1143	0.02931457
158361	3564	0.02931457
158361	4369	0.02931457
158361	4900	0.02931457
158361	6391	0.02931457
158361	79	0.029314566
158361	105	0.029314566
158385	6083	0.032518227
158385	1722	0.032518223
158385	2528	0.032518223
158385	4900	0.032518223
158385	6391	0.032518223
158385	4369	0.03251822
158385	79	0.032518215
158385	105	0.032518215
158385	804	0.032518215
158385	1143	0.032518215
158433	6083	0.044605702
158433	2528	0.0446057
158433	1143	0.044605695
158433	1722	0.044605695
158433	4369	0.044605695
158433	4900	0.044605695
158433	6391	0.044605695
158433	79	0.04460569
158433	3564	0.04460569
158433	105	0.044605687
158506	6083	0.034813453
158506	1722	0.03481345
158506	2528	0.03481345
158506	4369	0.03481345
158506	4900	0.03481345
158506	6391	0.03481345
158506	79	0.034813445
158506	105	0.03481344
158506	804	0.03481344
158506	1143	0.03481344
158606	6083	0.02262666
158606	2528	0.022626659
158606	1722	0.022626657
158606	4369	0.022626657
158606	4900	0.022626657
158606	6391	0.022626657
158606	79	0.022626653
158606	105	0.022626653
158606	1143	0.022626653
158606	1557	0.022626653
158714	1722	0.028870627
158714	2528	0.028870627
158714	6083	0.028870627
158714	6391	0.028870625
158714	4369	0.028870624
158714	4900	0.028870624
158714	3564	0.028870622
158714	79	0.02887062
158714	105	0.02887062
158714	1143	0.02887062
158774	2528	0.038851317
158774	6083	0.038851317
158774	1722	0.038851313
158774	3564	0.03885131
158774	4900	0.03885131
158774	6391	0.03885131
158774	79	0.038851306
158774	105	0.038851306
158774	1143	0.038851306
158774	3917	0.038851306
158846	2528	0.023371998
158846	6083	0.023371998
158846	1722	0.023371996
158846	4900	0.023371994
158846	6391	0.023371994
158846	3564	0.023371993
158846	4369	0.023371993
158846	79	0.02337199
158846	105	0.02337199
158846	804	0.02337199
158984	2528	0.027899856
158984	6083	0.027899856
158984	1722	0.027899854
158984	4900	0.027899854
158984	4369	0.027899852
158984	6391	0.027899852
158984	79	0.02789985
158984	1143	0.02789985
158984	3564	0.02789985
158984	105	0.027899848
159004	6083	0.028063057
159004	1722	0.028063055
159004	2528	0.028063055
159004	6391	0.028063053
159004	4369	0.028063051
159004	4900	0.028063051
159004	79	0.02806305
159004	1143	0.02806305
159004	3564	0.02806305
159004	105	0.028063048
159033	2528	0.031087475
159033	6083	0.031087475
159033	1722	0.031087473
159033	6391	0.031087473
159033	1143	0.03108747
159033	4369	0.03108747
159033	4900	0.03108747
159033	79	0.031087467
159033	3564	0.031087467
159033	3917	0.031087467
159044	2528	0.03258623
159044	1722	0.032586228
159044	6083	0.032586228
159044	79	0.032586224
159044	1143	0.032586224
159044	3564	0.032586224
159044	4369	0.032586224
159044	4900	0.032586224
159044	6391	0.032586224
159044	3917	0.03258622
159137	1722	0.03320172
159137	2528	0.03320172
159137	6083	0.03320172
159137	1143	0.033201717
159137	4369	0.033201717
159137	4900	0.033201717
159137	6391	0.033201717
159137	79	0.033201713
159137	3564	0.033201713
159137	105	0.03320171
159283	2528	0.029298916
159283	6083	0.029298916
159283	1722	0.029298913
159283	4900	0.029298913
159283	6391	0.029298913
159283	4369	0.02929891
159283	79	0.029298909
159283	1143	0.029298909
159283	3564	0.029298909
159283	105	0.029298907
159455	2528	0.029116984
159455	6083	0.029116984
159455	1722	0.029116983
159455	6391	0.029116983
159455	4369	0.02911698
159455	4900	0.02911698
159455	105	0.029116979
159455	1143	0.029116979
159455	3564	0.029116979
159455	79	0.029116977
159506	1722	0.039384507
159506	2528	0.039384507
159506	6391	0.039384507
159506	4900	0.039384503
159506	79	0.0393845
159506	105	0.0393845
159506	1143	0.0393845
159506	3564	0.0393845
159506	4369	0.0393845
159506	3088	0.039384495
159647	2528	0.028610475
159647	6083	0.028610475
159647	1722	0.028610473
159647	4369	0.028610472
159647	4900	0.028610472
159647	6391	0.028610472
159647	79	0.02861047
159647	1143	0.02861047
159647	3564	0.02861047
159647	105	0.028610468
159720	6083	0.024244996
159720	1722	0.024244994
159720	2528	0.024244994
159720	4369	0.024244992
159720	4900	0.024244992
159720	6391	0.024244992
159720	79	0.02424499
159720	1143	0.02424499
159720	3564	0.02424499
159720	105	0.024244988
159732	1722	0.03651253
159732	2528	0.03651253
159732	6083	0.03651253
159732	6391	0.03651253
159732	4900	0.036512528
159732	79	0.036512524
159732	1143	0.036512524
159732	3088	0.036512524
159732	3564	0.036512524
159732	4369	0.036512524
159754	1722	0.03408976
159754	2528	0.03408976
159754	6083	0.03408976
159754	4369	0.034089755
159754	4900	0.034089755
159754	6391	0.034089755
159754	79	0.03408975
159754	1143	0.03408975
159754	3088	0.03408975
159754	3564	0.03408975
159817	6083	0.026438499
159817	1722	0.026438497
159817	2528	0.026438497
159817	6391	0.026438495
159817	4369	0.026438493
159817	4900	0.026438493
159817	79	0.026438491
159817	1143	0.026438491
159817	3564	0.026438491
159817	105	0.02643849
159822	6083	0.03602311
159822	2528	0.036023106
159822	1722	0.036023103
159822	3564	0.036023103
159822	4369	0.036023103
159822	4900	0.036023103
159822	6391	0.036023103
159822	79	0.0360231
159822	105	0.0360231
159822	1143	0.0360231
159834	6083	0.039053362
159834	1722	0.03905336
159834	2528	0.03905336
159834	4900	0.03905336
159834	6391	0.03905336
159834	4369	0.039053354
159834	79	0.03905335
159834	105	0.03905335
159834	1143	0.03905335
159834	3088	0.03905335
159854	6083	0.024403837
159854	1722	0.024403835
159854	2528	0.024403835
159854	4369	0.024403833
159854	4900	0.024403833
159854	6391	0.024403833
159854	1143	0.024403831
159854	79	0.02440383
159854	105	0.02440383
159854	3564	0.02440383
159858	6083	0.050961453
159858	1722	0.05096145
159858	2528	0.05096145
159858	4369	0.050961446
159858	4900	0.050961446
159858	6391	0.050961446
159858	1143	0.050961442
159858	3564	0.050961442
159858	79	0.05096144
159858	105	0.05096144
159860	1722	0.022171583
159860	2528	0.022171583
159860	6083	0.022171583
159860	4900	0.022171581
159860	6391	0.022171581
159860	1143	0.02217158
159860	3564	0.02217158
159860	4369	0.02217158
159860	79	0.022171577
159860	105	0.022171577
159863	6083	0.027962826
159863	2528	0.027962824
159863	1722	0.027962822
159863	4900	0.027962822
159863	4369	0.02796282
159863	6391	0.02796282
159863	1143	0.027962819
159863	3564	0.027962819
159863	79	0.027962817
159863	105	0.027962817
159868	2528	0.02806519
159868	6083	0.02806519
159868	1722	0.028065186
159868	4369	0.028065186
159868	4900	0.028065186
159868	6391	0.028065186
159868	3564	0.028065184
159868	79	0.028065182
159868	1143	0.028065182
159868	3088	0.028065182
159946	6083	0.034443315
159946	1722	0.03444331
159946	2528	0.03444331
159946	6391	0.03444331
159946	3564	0.034443308
159946	4369	0.034443308
159946	4900	0.034443308
159946	79	0.034443304
159946	105	0.034443304
159946	804	0.034443304
159977	1722	0.026642237
159977	2528	0.026642237
159977	6083	0.026642237
159977	4369	0.026642233
159977	4900	0.026642233
159977	6391	0.026642233
159977	1143	0.026642231
159977	3564	0.026642231
159977	79	0.02664223
159977	105	0.02664223
160154	2528	0.03879548
160154	6083	0.03879548
160154	1722	0.038795475
160154	4369	0.038795475
160154	4900	0.038795475
160154	6391	0.038795475
160154	1143	0.03879547
160154	3088	0.03879547
160154	3564	0.03879547
160154	79	0.038795467
160180	6083	0.030159816
160180	1722	0.030159814
160180	2528	0.030159814
160180	4369	0.030159812
160180	4900	0.030159812
160180	6391	0.030159812
160180	79	0.030159809
160180	105	0.030159809
160180	1143	0.030159809
160180	3564	0.030159809
160200	6083	0.026019135
160200	1722	0.026019134
160200	2528	0.026019134
160200	4900	0.026019134
160200	6391	0.026019132
160200	79	0.02601913
160200	3564	0.02601913
160200	4369	0.02601913
160200	105	0.026019128
160200	1143	0.026019128
160231	1722	0.025004499
160231	2528	0.025004499
160231	6083	0.025004499
160231	4900	0.025004497
160231	6391	0.025004497
160231	3564	0.025004495
160231	4369	0.025004495
160231	79	0.025004493
160231	105	0.025004493
160231	1143	0.025004493
160295	6083	0.028737336
160295	2528	0.028737335
160295	1722	0.028737333
160295	4900	0.028737333
160295	4369	0.02873733
160295	6391	0.02873733
160295	1143	0.028737329
160295	3564	0.028737329
160295	79	0.028737327
160295	3917	0.028737327
160334	6083	0.022834705
160334	1722	0.022834703
160334	2528	0.022834703
160334	4900	0.022834701
160334	6391	0.022834701
160334	79	0.0228347
160334	3564	0.0228347
160334	4369	0.0228347
160334	105	0.022834698
160334	1143	0.022834698
160344	6083	0.029621396
160344	2528	0.029621394
160344	1722	0.029621392
160344	4900	0.029621392
160344	6391	0.02962139
160344	79	0.029621389
160344	1143	0.029621389
160344	3564	0.029621389
160344	4369	0.029621389
160344	105	0.029621387
160378	6083	0.02866179
160378	1722	0.028661788
160378	2528	0.028661788
160378	4900	0.028661786
160378	6391	0.028661786
160378	4369	0.028661784
160378	79	0.028661782
160378	1143	0.028661782
160378	3564	0.028661782
160378	105	0.02866178
160381	6083	0.025213331
160381	1722	0.02521333
160381	2528	0.025213327
160381	4900	0.025213327
160381	6391	0.025213327
160381	79	0.025213324
160381	105	0.025213324
160381	1143	0.025213324
160381	3564	0.025213324
160381	3917	0.025213324
160393	6083	0.02919453
160393	2528	0.029194528
160393	1722	0.029194526
160393	6391	0.029194526
160393	4900	0.029194525
160393	1143	0.029194523
160393	3564	0.029194523
160393	4369	0.029194523
160393	79	0.02919452
160393	3917	0.02919452
160401	6083	0.03841011
160401	1722	0.038410105
160401	2528	0.038410105
160401	6391	0.038410105
160401	4369	0.0384101
160401	4900	0.0384101
160401	79	0.038410097
160401	105	0.038410097
160401	1143	0.038410097
160401	3564	0.038410097
160434	1722	0.036663234
160434	6083	0.036663234
160434	2528	0.03666323
160434	6391	0.03666323
160434	3564	0.036663227
160434	4369	0.036663227
160434	4900	0.036663227
160434	79	0.036663223
160434	105	0.036663223
160434	1143	0.036663223
160548	1722	0.032052778
160548	2528	0.032052778
160548	6083	0.032052778
160548	6391	0.032052774
160548	79	0.03205277
160548	1143	0.03205277
160548	3564	0.03205277
160548	4369	0.03205277
160548	4900	0.03205277
160548	105	0.032052767
160558	2528	0.0347965
160558	6083	0.0347965
160558	6391	0.0347965
160558	1722	0.034796495
160558	4900	0.034796495
160558	79	0.03479649
160558	105	0.03479649
160558	1143	0.03479649
160558	3564	0.03479649
160558	4369	0.03479649
160571	6083	0.04624435
160571	1722	0.046244346
160571	2528	0.046244346
160571	4900	0.046244346
160571	6391	0.046244346
160571	4369	0.046244342
160571	79	0.04624434
160571	1143	0.04624434
160571	3564	0.04624434
160571	105	0.046244334
160574	6083	0.02964754
160574	2528	0.029647538
160574	1722	0.029647537
160574	4369	0.029647537
160574	4900	0.029647537
160574	6391	0.029647537
160574	79	0.029647533
160574	1143	0.029647533
160574	3564	0.029647533
160574	105	0.029647531
160681	2528	0.03738676
160681	6083	0.03738676
160681	1722	0.037386756
160681	4900	0.037386756
160681	79	0.037386753
160681	105	0.037386753
160681	1143	0.037386753
160681	3564	0.037386753
160681	3917	0.037386753
160681	4369	0.037386753
160735	6083	0.027181633
160735	2528	0.027181631
160735	1722	0.02718163
160735	4900	0.027181627
160735	79	0.027181625
160735	3564	0.027181625
160735	4369	0.027181625
160735	6391	0.027181625
160735	105	0.027181624
160735	1143	0.027181624
160746	6083	0.033320565
160746	1722	0.03332056
160746	2528	0.03332056
160746	6391	0.03332056
160746	4369	0.033320557
160746	4900	0.033320557
160746	79	0.033320554
160746	105	0.033320554
160746	1143	0.033320554
160746	1557	0.033320554
160803	1722	0.032756187
160803	2528	0.032756187
160803	6083	0.032756187
160803	4369	0.032756183
160803	4900	0.032756183
160803	6391	0.032756183
160803	79	0.03275618
160803	1143	0.03275618
160803	3564	0.03275618
160803	105	0.032756176
160819	6083	0.04457504
160819	1722	0.044575036
160819	2528	0.044575036
160819	6391	0.044575036
160819	4900	0.04457503
160819	79	0.044575028
160819	105	0.044575028
160819	1143	0.044575028
160819	3564	0.044575028
160819	4369	0.044575028
160878	1722	0.034213245
160878	2528	0.034213245
160878	6083	0.034213245
160878	3564	0.03421324
160878	4900	0.03421324
160878	6391	0.03421324
160878	79	0.034213237
160878	105	0.034213237
160878	1143	0.034213237
160878	3088	0.034213237
160881	1722	0.027840268
160881	2528	0.027840268
160881	6083	0.027840268
160881	4900	0.027840266
160881	6391	0.027840266
160881	3564	0.027840264
160881	4369	0.027840264
160881	1143	0.027840262
160881	79	0.02784026
160881	105	0.02784026
160994	6083	0.028324816
160994	2528	0.028324815
160994	1722	0.028324813
160994	4369	0.02832481
160994	4900	0.02832481
160994	6391	0.02832481
160994	79	0.028324809
160994	1143	0.028324809
160994	3564	0.028324809
160994	105	0.028324807
161037	6083	0.035424203
161037	1722	0.0354242
161037	2528	0.0354242
161037	1143	0.035424195
161037	3088	0.035424195
161037	3564	0.035424195
161037	4369	0.035424195
161037	4900	0.035424195
161037	6391	0.035424195
161037	79	0.03542419
161039	6083	0.035422746
161039	1722	0.035422742
161039	2528	0.035422742
161039	4900	0.035422742
161039	6391	0.035422742
161039	3564	0.03542274
161039	4369	0.03542274
161039	79	0.035422735
161039	105	0.035422735
161039	804	0.035422735
161041	6083	0.030647764
161041	1722	0.03064776
161041	2528	0.03064776
161041	4369	0.030647758
161041	4900	0.030647758
161041	6391	0.030647758
161041	3564	0.030647757
161041	79	0.030647755
161041	1143	0.030647755
161041	105	0.030647753
161200	1722	0.03478012
161200	2528	0.03478012
161200	6083	0.03478012
161200	4369	0.034780115
161200	4900	0.034780115
161200	6391	0.034780115
161200	79	0.034780107
161200	105	0.034780107
161200	804	0.034780107
161200	1143	0.034780107
161234	6083	0.033455674
161234	2528	0.03345567
161234	4900	0.03345567
161234	6391	0.03345567
161234	1722	0.033455666
161234	4369	0.033455666
161234	79	0.033455662
161234	105	0.033455662
161234	1143	0.033455662
161234	3088	0.033455662
161250	1722	0.026900169
161250	6083	0.026900169
161250	2528	0.026900167
161250	4369	0.026900165
161250	4900	0.026900165
161250	6391	0.026900165
161250	79	0.026900161
161250	105	0.026900161
161250	1143	0.026900161
161250	3564	0.026900161
161252	1722	0.027667318
161252	2528	0.027667318
161252	6083	0.027667318
161252	6391	0.027667316
161252	4369	0.027667314
161252	4900	0.027667314
161252	1143	0.027667312
161252	3564	0.027667312
161252	79	0.02766731
161252	105	0.02766731
161265	2528	0.030899704
161265	6083	0.030899704
161265	1722	0.030899702
161265	4900	0.0308997
161265	6391	0.0308997
161265	1143	0.030899698
161265	4369	0.030899698
161265	79	0.030899696
161265	105	0.030899696
161265	3564	0.030899696
161299	2528	0.036731385
161299	6083	0.036731385
161299	1722	0.03673138
161299	4900	0.03673138
161299	1143	0.036731377
161299	3564	0.036731377
161299	4369	0.036731377
161299	6391	0.036731377
161299	79	0.036731374
161299	105	0.036731374
161326	6083	0.02527868
161326	2528	0.025278678
161326	1722	0.025278676
161326	4900	0.025278676
161326	6391	0.025278676
161326	4369	0.025278674
161326	79	0.025278673
161326	1143	0.025278673
161326	3564	0.025278673
161326	105	0.02527867
161348	1722	0.038709886
161348	2528	0.038709886
161348	4900	0.038709886
161348	6083	0.038709886
161348	6391	0.038709886
161348	4369	0.038709883
161348	79	0.03870988
161348	105	0.03870988
161348	1143	0.03870988
161348	3564	0.03870988
161373	6083	0.01875133
161373	1722	0.018751329
161373	2528	0.018751329
161373	6391	0.018751329
161373	79	0.018751327
161373	4369	0.018751327
161373	4900	0.018751327
161373	105	0.018751325
161373	1143	0.018751325
161373	3564	0.018751325
161385	6083	0.026480108
161385	1722	0.026480105
161385	2528	0.026480105
161385	4900	0.026480105
161385	6391	0.026480105
161385	3564	0.026480103
161385	4369	0.026480103
161385	79	0.026480101
161385	105	0.026480101
161385	1143	0.026480101
161391	6083	0.025665198
161391	2528	0.025665196
161391	1722	0.025665194
161391	4369	0.025665194
161391	4900	0.025665194
161391	6391	0.025665194
161391	79	0.02566519
161391	105	0.02566519
161391	1143	0.02566519
161391	3564	0.02566519
161467	1722	0.032369763
161467	2528	0.032369763
161467	6083	0.032369763
161467	6391	0.032369763
161467	1143	0.03236976
161467	4369	0.03236976
161467	4900	0.03236976
161467	79	0.032369755
161467	105	0.032369755
161467	3564	0.032369755
161476	6083	0.030779323
161476	1722	0.03077932
161476	2528	0.03077932
161476	6391	0.030779319
161476	4369	0.030779317
161476	4900	0.030779317
161476	79	0.030779315
161476	1143	0.030779315
161476	3564	0.030779315
161476	105	0.030779313
161533	1722	0.03643139
161533	2528	0.03643139
161533	6083	0.03643139
161533	4369	0.036431387
161533	4900	0.036431387
161533	6391	0.036431387
161533	79	0.036431383
161533	1143	0.036431383
161533	3564	0.036431383
161533	105	0.03643138
161662	6083	0.029123936
161662	1722	0.029123932
161662	2528	0.029123932
161662	4900	0.02912393
161662	6391	0.02912393
161662	79	0.029123928
161662	3564	0.029123928
161662	4369	0.029123928
161662	1143	0.029123927
161662	105	0.029123925
161677	1722	0.02064062
161677	2528	0.02064062
161677	6083	0.02064062
161677	6391	0.020640617
161677	79	0.020640615
161677	3564	0.020640615
161677	4369	0.020640615
161677	4900	0.020640615
161677	105	0.020640614
161677	1143	0.020640614
161744	2528	0.028359123
161744	6083	0.028359123
161744	1722	0.028359119
161744	4900	0.028359119
161744	6391	0.028359119
161744	4369	0.028359117
161744	79	0.028359115
161744	1143	0.028359115
161744	3564	0.028359115
161744	105	0.028359113
161750	6083	0.026416985
161750	1722	0.026416983
161750	2528	0.026416983
161750	4900	0.026416983
161750	6391	0.026416982
161750	3564	0.02641698
161750	4369	0.02641698
161750	79	0.026416978
161750	1143	0.026416978
161750	105	0.026416976
161752	6083	0.030272728
161752	1722	0.030272726
161752	2528	0.030272726
161752	6391	0.030272724
161752	4369	0.030272722
161752	4900	0.030272722
161752	3564	0.03027272
161752	79	0.030272719
161752	105	0.030272719
161752	1143	0.030272719
161755	1722	0.036472946
161755	2528	0.036472946
161755	6083	0.036472946
161755	4900	0.036472943
161755	6391	0.036472943
161755	79	0.03647294
161755	105	0.03647294
161755	1143	0.03647294
161755	3564	0.03647294
161755	3917	0.03647294
161831	1722	0.031394478
161831	2528	0.031394478
161831	6083	0.031394478
161831	6391	0.031394478
161831	79	0.031394474
161831	1143	0.031394474
161831	3564	0.031394474
161831	4369	0.031394474
161831	4900	0.031394474
161831	105	0.03139447
161870	1722	0.021785159
161870	6083	0.021785159
161870	2528	0.021785157
161870	6391	0.021785157
161870	1143	0.021785155
161870	4369	0.021785155
161870	4900	0.021785155
161870	79	0.021785153
161870	105	0.021785153
161870	3088	0.021785153
161880	2528	0.03294303
161880	6083	0.03294303
161880	1722	0.032943025
161880	4369	0.032943025
161880	4900	0.032943025
161880	3564	0.03294302
161880	6391	0.03294302
161880	79	0.032943018
161880	105	0.032943018
161880	804	0.032943018
161882	2528	0.027393162
161882	6083	0.027393162
161882	1722	0.02739316
161882	3564	0.027393159
161882	4369	0.027393159
161882	4900	0.027393159
161882	6391	0.027393159
161882	1143	0.027393157
161882	79	0.027393155
161882	105	0.027393155
161903	2528	0.028929178
161903	6083	0.028929178
161903	1722	0.028929174
161903	4900	0.028929174
161903	6391	0.028929174
161903	4369	0.028929172
161903	79	0.02892917
161903	105	0.02892917
161903	1143	0.02892917
161903	3564	0.02892917
161936	2528	0.038549162
161936	6083	0.038549162
161936	1722	0.03854916
161936	4369	0.03854916
161936	4900	0.03854916
161936	6391	0.03854916
161936	79	0.038549155
161936	1143	0.038549155
161936	3564	0.038549155
161936	105	0.03854915
161974	6083	0.026255228
161974	2528	0.026255224
161974	4900	0.026255224
161974	6391	0.026255224
161974	1722	0.026255222
161974	79	0.02625522
161974	1143	0.02625522
161974	3564	0.02625522
161974	4369	0.02625522
161974	105	0.026255218
162001	2528	0.031421013
162001	6083	0.031421013
162001	1722	0.03142101
162001	4369	0.03142101
162001	4900	0.03142101
162001	6391	0.03142101
162001	79	0.031421006
162001	105	0.031421006
162001	1143	0.031421006
162001	3088	0.031421006
162014	2528	0.027494892
162014	6083	0.027494892
162014	1722	0.02749489
162014	4900	0.02749489
162014	4369	0.027494889
162014	6391	0.027494889
162014	1143	0.027494887
162014	3564	0.027494887
162014	79	0.027494885
162014	105	0.027494885
162019	6083	0.02972215
162019	1722	0.029722147
162019	2528	0.029722147
162019	4900	0.029722145
162019	6391	0.029722145
162019	4369	0.029722143
162019	79	0.029722141
162019	3564	0.029722141
162019	105	0.02972214
162019	1143	0.02972214
162030	6083	0.02275424
162030	1722	0.022754237
162030	2528	0.022754237
162030	4369	0.022754237
162030	4900	0.022754237
162030	6391	0.022754237
162030	79	0.022754233
162030	105	0.022754233
162030	1143	0.022754233
162030	3564	0.022754233
162121	2528	0.027531838
162121	6083	0.027531838
162121	1722	0.027531836
162121	4369	0.027531836
162121	4900	0.027531836
162121	6391	0.027531836
162121	79	0.027531832
162121	105	0.027531832
162121	1143	0.027531832
162121	3564	0.027531832
162155	6083	0.019384772
162155	1722	0.019384768
162155	2528	0.019384768
162155	4369	0.019384768
162155	4900	0.019384768
162155	6391	0.019384768
162155	3564	0.019384766
162155	79	0.019384764
162155	105	0.019384764
162155	804	0.019384764
162219	6083	0.02741005
162219	1722	0.027410049
162219	2528	0.027410049
162219	4900	0.027410049
162219	6391	0.027410049
162219	4369	0.027410047
162219	79	0.027410045
162219	105	0.027410045
162219	1143	0.027410045
162219	3564	0.027410045
162264	2528	0.025348641
162264	6083	0.025348641
162264	1722	0.02534864
162264	4369	0.025348637
162264	4900	0.025348637
162264	6391	0.025348637
162264	79	0.025348634
162264	105	0.025348634
162264	1143	0.025348634
162264	3564	0.025348634
162311	6083	0.036620367
162311	1722	0.036620364
162311	2528	0.036620364
162311	4900	0.036620364
162311	6391	0.036620364
162311	79	0.03662036
162311	1143	0.03662036
162311	4369	0.03662036
162311	105	0.036620356
162311	804	0.036620356
162376	6083	0.0367404
162376	1722	0.036740396
162376	79	0.036740392
162376	2528	0.036740392
162376	3564	0.036740392
162376	4369	0.036740392
162376	4900	0.036740392
162376	6391	0.036740392
162376	105	0.03674039
162376	1143	0.03674039
162380	6083	0.021929007
162380	1722	0.021929005
162380	2528	0.021929005
162380	4369	0.021929003
162380	4900	0.021929003
162380	6391	0.021929003
162380	79	0.021929
162380	105	0.021929
162380	1143	0.021929
162380	3088	0.021929
162538	2528	0.033479206
162538	6083	0.033479203
162538	1722	0.0334792
162538	4369	0.0334792
162538	4900	0.0334792
162538	6391	0.0334792
162538	79	0.033479195
162538	105	0.033479195
162538	1143	0.033479195
162538	3564	0.033479195
162562	1722	0.030868597
162562	2528	0.030868597
162562	6083	0.030868597
162562	4900	0.030868595
162562	6391	0.030868595
162562	3564	0.030868594
162562	4369	0.030868594
162562	1143	0.030868592
162562	79	0.03086859
162562	105	0.03086859
162590	6083	0.027363421
162590	1722	0.027363418
162590	2528	0.027363418
162590	4900	0.027363418
162590	4369	0.027363416
162590	6391	0.027363416
162590	79	0.027363414
162590	1143	0.027363414
162590	3564	0.027363414
162590	105	0.027363412
162610	1722	0.03174462
162610	2528	0.03174462
162610	6083	0.03174462
162610	4900	0.031744618
162610	1143	0.031744614
162610	3564	0.031744614
162610	3917	0.031744614
162610	4369	0.031744614
162610	6391	0.031744614
162610	79	0.03174461
162626	6083	0.029996825
162626	1722	0.029996824
162626	2528	0.029996824
162626	4900	0.029996822
162626	6391	0.029996822
162626	3564	0.02999682
162626	4369	0.02999682
162626	1143	0.029996818
162626	79	0.029996816
162626	105	0.029996816
162662	6083	0.03324365
162662	1722	0.03324364
162662	2528	0.03324364
162662	3564	0.03324364
162662	4900	0.03324364
162662	6391	0.03324364
162662	79	0.033243638
162662	105	0.033243638
162662	4369	0.033243638
162662	804	0.033243634
162671	6083	0.05407782
162671	1722	0.05407781
162671	2528	0.05407781
162671	4369	0.054077808
162671	4900	0.054077808
162671	6391	0.054077808
162671	3564	0.054077804
162671	79	0.0540778
162671	105	0.0540778
162671	1143	0.0540778
162738	2528	0.03710533
162738	6083	0.03710533
162738	1722	0.037105326
162738	3564	0.037105322
162738	4369	0.037105322
162738	4900	0.037105322
162738	6391	0.037105322
162738	79	0.03710532
162738	1143	0.03710532
162738	5896	0.03710532
162762	1722	0.032919824
162762	2528	0.032919824
162762	6083	0.032919824
162762	4900	0.03291982
162762	6391	0.03291982
162762	79	0.032919817
162762	105	0.032919817
162762	1143	0.032919817
162762	3564	0.032919817
162762	3917	0.032919817
162780	6083	0.028160604
162780	1722	0.028160602
162780	2528	0.028160602
162780	6391	0.028160602
162780	4900	0.0281606
162780	79	0.028160598
162780	1143	0.028160598
162780	3564	0.028160598
162780	4369	0.028160598
162780	105	0.028160596
162827	2528	0.024680424
162827	6083	0.024680424
162827	1722	0.024680423
162827	3564	0.02468042
162827	4369	0.02468042
162827	4900	0.02468042
162827	6391	0.02468042
162827	79	0.024680419
162827	1143	0.024680419
162827	105	0.024680417
162840	2528	0.02771167
162840	6083	0.02771167
162840	1722	0.027711667
162840	4900	0.027711667
162840	6391	0.027711667
162840	4369	0.027711665
162840	79	0.027711663
162840	105	0.027711663
162840	1143	0.027711663
162840	3088	0.027711663
162849	6083	0.033665616
162849	1722	0.033665612
162849	2528	0.033665612
162849	4900	0.033665612
162849	6391	0.033665612
162849	4369	0.03366561
162849	79	0.033665605
162849	105	0.033665605
162849	1143	0.033665605
162849	3088	0.033665605
162886	2528	0.04143519
162886	6083	0.04143519
162886	1722	0.041435186
162886	4900	0.041435186
162886	6391	0.041435186
162886	79	0.041435182
162886	105	0.041435182
162886	1143	0.041435182
162886	3564	0.041435182
162886	4369	0.041435182
163169	6083	0.020630443
163169	1722	0.020630442
163169	2528	0.020630442
163169	4369	0.020630442
163169	4900	0.020630442
163169	6391	0.020630442
163169	79	0.020630438
163169	105	0.020630438
163169	1143	0.020630438
163169	3088	0.020630438
163194	2528	0.03235408
163194	6083	0.03235408
163194	1722	0.032354075
163194	79	0.03235407
163194	105	0.03235407
163194	1143	0.03235407
163194	3564	0.03235407
163194	3917	0.03235407
163194	4369	0.03235407
163194	4900	0.03235407
163202	6083	0.027930316
163202	2528	0.027930314
163202	1722	0.027930312
163202	6391	0.027930312
163202	4369	0.02793031
163202	4900	0.02793031
163202	1143	0.027930308
163202	3564	0.027930308
163202	79	0.027930306
163202	105	0.027930306
163302	1722	0.0336212
163302	2528	0.0336212
163302	6083	0.0336212
163302	4369	0.033621196
163302	79	0.033621192
163302	105	0.033621192
163302	1143	0.033621192
163302	3088	0.033621192
163302	3564	0.033621192
163302	3917	0.033621192
163307	6083	0.02427962
163307	1722	0.024279619
163307	2528	0.024279619
163307	4369	0.024279617
163307	4900	0.024279617
163307	6391	0.024279617
163307	1143	0.024279615
163307	79	0.024279613
163307	105	0.024279613
163307	1557	0.024279613
163319	6083	0.024619069
163319	1722	0.024619065
163319	2528	0.024619065
163319	4900	0.024619065
163319	6391	0.024619065
163319	4369	0.024619063
163319	79	0.024619061
163319	105	0.024619061
163319	1143	0.024619061
163319	3564	0.024619061
163326	6083	0.029664248
163326	1722	0.029664245
163326	2528	0.029664245
163326	6391	0.029664243
163326	1143	0.02966424
163326	3564	0.02966424
163326	4369	0.02966424
163326	4900	0.02966424
163326	79	0.029664239
163326	3917	0.029664239
163329	6083	0.038685266
163329	1722	0.038685262
163329	2528	0.038685262
163329	4900	0.038685262
163329	6391	0.038685262
163329	4369	0.03868526
163329	79	0.038685255
163329	105	0.038685255
163329	1143	0.038685255
163329	3088	0.038685255
163335	2528	0.0361388
163335	6083	0.0361388
163335	1722	0.036138795
163335	4900	0.036138795
163335	6391	0.036138795
163335	4369	0.03613879
163335	79	0.036138788
163335	105	0.036138788
163335	1143	0.036138788
163335	1557	0.036138788
163358	1722	0.032374244
163358	2528	0.032374244
163358	6083	0.032374244
163358	1143	0.03237424
163358	3564	0.03237424
163358	4369	0.03237424
163358	4900	0.03237424
163358	6391	0.03237424
163358	79	0.032374237
163358	105	0.032374237
163415	6083	0.028075712
163415	1722	0.02807571
163415	2528	0.02807571
163415	4900	0.028075708
163415	6391	0.028075708
163415	3564	0.028075706
163415	4369	0.028075706
163415	1143	0.028075704
163415	79	0.028075702
163415	105	0.028075702
163419	2528	0.026962902
163419	6083	0.026962902
163419	1722	0.026962899
163419	4900	0.026962899
163419	6391	0.026962899
163419	4369	0.026962897
163419	79	0.026962895
163419	105	0.026962895
163419	1143	0.026962895
163419	3088	0.026962895
163430	2528	0.028109271
163430	6083	0.028109271
163430	1722	0.02810927
163430	4369	0.028109267
163430	4900	0.028109267
163430	6391	0.028109267
163430	3564	0.028109265
163430	79	0.028109264
163430	105	0.028109264
163430	1143	0.028109264
163433	1722	0.028332759
163433	2528	0.028332759
163433	6083	0.028332759
163433	4369	0.028332755
163433	4900	0.028332755
163433	6391	0.028332755
163433	1143	0.028332753
163433	3564	0.028332753
163433	79	0.028332751
163433	105	0.028332751
163443	6083	0.0276878
163443	1722	0.027687795
163443	2528	0.027687795
163443	4900	0.027687794
163443	6391	0.027687794
163443	79	0.027687792
163443	3564	0.027687792
163443	4369	0.027687792
163443	1143	0.02768779
163443	105	0.027687788
163467	1722	0.027130622
163467	2528	0.027130622
163467	6083	0.027130622
163467	1143	0.027130619
163467	3564	0.027130619
163467	4369	0.027130619
163467	4900	0.027130619
163467	6391	0.027130619
163467	79	0.027130617
163467	105	0.027130615
163488	1722	0.033466127
163488	2528	0.033466127
163488	6083	0.033466127
163488	79	0.033466123
163488	105	0.033466123
163488	1143	0.033466123
163488	3564	0.033466123
163488	4369	0.033466123
163488	4900	0.033466123
163488	6391	0.033466123
163534	1722	0.032122657
163534	2528	0.032122657
163534	6083	0.032122657
163534	4900	0.032122653
163534	6391	0.032122653
163534	79	0.03212265
163534	804	0.03212265
163534	1143	0.03212265
163534	3564	0.03212265
163534	4369	0.03212265
163570	2528	0.042747553
163570	6083	0.042747553
163570	1722	0.04274755
163570	4900	0.04274755
163570	6391	0.04274755
163570	79	0.042747542
163570	105	0.042747542
163570	804	0.042747542
163570	1143	0.042747542
163570	1557	0.042747542
163579	6083	0.030192735
163579	2528	0.030192733
163579	1722	0.03019273
163579	4369	0.03019273
163579	4900	0.03019273
163579	6391	0.03019273
163579	79	0.030192725
163579	1143	0.030192725
163579	3564	0.030192725
163579	105	0.030192723
163600	6083	0.030227164
163600	2528	0.030227162
163600	1722	0.03022716
163600	4369	0.030227158
163600	4900	0.030227158
163600	6391	0.030227158
163600	1143	0.030227156
163600	3564	0.030227156
163600	79	0.030227154
163600	105	0.030227154
163612	6083	0.033821702
163612	2528	0.0338217
163612	79	0.033821695
163612	1143	0.033821695
163612	1722	0.033821695
163612	3564	0.033821695
163612	4369	0.033821695
163612	4900	0.033821695
163612	6391	0.033821695
163612	105	0.03382169
163676	6083	0.03459297
163676	1722	0.034592964
163676	2528	0.034592964
163676	4900	0.034592964
163676	6391	0.034592964
163676	4369	0.03459296
163676	79	0.034592956
163676	105	0.034592956
163676	804	0.034592956
163676	1143	0.034592956
163759	1722	0.034400903
163759	2528	0.034400903
163759	6083	0.034400903
163759	1143	0.0344009
163759	4900	0.0344009
163759	6391	0.0344009
163759	79	0.034400895
163759	3088	0.034400895
163759	3564	0.034400895
163759	3917	0.034400895
163761	2528	0.022926286
163761	6083	0.022926286
163761	1722	0.022926284
163761	4369	0.022926282
163761	4900	0.022926282
163761	6391	0.022926282
163761	105	0.02292628
163761	1143	0.02292628
163761	79	0.022926278
163761	3088	0.022926278
163796	6083	0.027503211
163796	2528	0.02750321
163796	1722	0.027503207
163796	4900	0.027503207
163796	6391	0.027503207
163796	4369	0.027503205
163796	79	0.027503204
163796	1143	0.027503204
163796	3564	0.027503204
163796	105	0.027503202
163804	6083	0.038821157
163804	1722	0.038821153
163804	2528	0.038821153
163804	4900	0.038821153
163804	6391	0.038821153
163804	105	0.038821146
163804	1143	0.038821146
163804	3088	0.038821146
163804	3564	0.038821146
163804	4369	0.038821146
163851	6083	0.029815117
163851	1722	0.029815115
163851	2528	0.029815115
163851	4369	0.029815111
163851	4900	0.029815111
163851	6391	0.029815111
163851	1143	0.02981511
163851	3564	0.02981511
163851	79	0.029815108
163851	105	0.029815108
163876	6083	0.029839342
163876	1722	0.02983934
163876	2528	0.02983934
163876	4369	0.029839337
163876	4900	0.029839337
163876	6391	0.029839337
163876	1143	0.029839335
163876	79	0.029839333
163876	105	0.029839333
163876	3088	0.029839333
163973	1722	0.032706812
163973	2528	0.032706812
163973	6083	0.032706812
163973	6391	0.032706812
163973	4900	0.03270681
163973	79	0.032706805
163973	105	0.032706805
163973	804	0.032706805
163973	1143	0.032706805
163973	1557	0.032706805
164027	6083	0.032787517
164027	2528	0.032787513
164027	4900	0.032787513
164027	79	0.03278751
164027	1143	0.03278751
164027	1722	0.03278751
164027	3564	0.03278751
164027	4369	0.03278751
164027	6391	0.03278751
164027	105	0.032787506
164096	2528	0.036059342
164096	6083	0.036059342
164096	1722	0.03605934
164096	4900	0.03605934
164096	1143	0.036059335
164096	3564	0.036059335
164096	4369	0.036059335
164096	6391	0.036059335
164096	79	0.03605933
164096	105	0.03605933
164105	6083	0.024140257
164105	1722	0.024140256
164105	2528	0.024140256
164105	4369	0.024140254
164105	4900	0.024140254
164105	6391	0.024140254
164105	1143	0.024140252
164105	3564	0.024140252
164105	79	0.02414025
164105	105	0.02414025
164301	6083	0.02471869
164301	1722	0.024718687
164301	2528	0.024718687
164301	6391	0.024718687
164301	4369	0.024718685
164301	4900	0.024718685
164301	79	0.024718683
164301	105	0.024718683
164301	3564	0.024718683
164301	1143	0.024718681
164323	1722	0.03750045
164323	2528	0.03750045
164323	6083	0.03750045
164323	4900	0.037500445
164323	1143	0.03750044
164323	3564	0.03750044
164323	4369	0.03750044
164323	6391	0.03750044
164323	79	0.037500437
164323	105	0.037500437
164425	6083	0.03105819
164425	1722	0.031058189
164425	2528	0.031058189
164425	4900	0.031058187
164425	6391	0.031058187
164425	4369	0.031058185
164425	3564	0.031058183
164425	79	0.031058181
164425	105	0.031058181
164425	1143	0.031058181
164480	6083	0.03108822
164480	2528	0.031088218
164480	1722	0.031088216
164480	4900	0.031088216
164480	4369	0.031088214
164480	6391	0.031088214
164480	3564	0.031088213
164480	79	0.03108821
164480	105	0.03108821
164480	1143	0.03108821
164492	2528	0.025871143
164492	6083	0.025871143
164492	1722	0.02587114
164492	4900	0.025871139
164492	6391	0.025871139
164492	1143	0.025871137
164492	3564	0.025871137
164492	4369	0.025871137
164492	79	0.025871135
164492	105	0.025871135
164518	6083	0.028386483
164518	1722	0.028386481
164518	2528	0.028386481
164518	4369	0.02838648
164518	6391	0.02838648
164518	3564	0.028386477
164518	4900	0.028386477
164518	79	0.028386476
164518	1143	0.028386476
164518	105	0.028386474
164533	6083	0.0367422
164533	1722	0.036742195
164533	2528	0.036742195
164533	4369	0.036742195
164533	6391	0.036742195
164533	4900	0.03674219
164533	79	0.036742188
164533	105	0.036742188
164533	804	0.036742188
164533	1143	0.036742188
164549	1722	0.026509877
164549	2528	0.026509877
164549	6083	0.026509877
164549	4900	0.026509875
164549	3564	0.026509874
164549	4369	0.026509874
164549	6391	0.026509874
164549	1143	0.026509872
164549	79	0.02650987
164549	105	0.02650987
164581	6083	0.029014021
164581	1722	0.029014017
164581	2528	0.029014017
164581	4900	0.029014017
164581	6391	0.029014017
164581	4369	0.029014016
164581	79	0.029014014
164581	1143	0.029014014
164581	3564	0.029014014
164581	105	0.029014012
164584	1722	0.027141243
164584	2528	0.027141243
164584	6083	0.027141243
164584	4900	0.027141241
164584	3564	0.02714124
164584	4369	0.02714124
164584	6391	0.02714124
164584	1143	0.027141238
164584	79	0.027141236
164584	105	0.027141236
164675	6083	0.03644017
164675	2528	0.036440168
164675	1722	0.036440164
164675	3564	0.036440164
164675	4369	0.036440164
164675	4900	0.036440164
164675	6391	0.036440164
164675	79	0.03644016
164675	1143	0.03644016
164675	105	0.036440156
164728	6083	0.035579327
164728	1722	0.035579324
164728	2528	0.035579324
164728	4900	0.035579324
164728	6391	0.035579324
164728	4369	0.03557932
164728	79	0.035579316
164728	105	0.035579316
164728	1143	0.035579316
164728	3088	0.035579316
164775	1722	0.035937674
164775	2528	0.035937674
164775	4900	0.035937674
164775	6083	0.035937674
164775	6391	0.035937674
164775	4369	0.03593767
164775	79	0.035937667
164775	105	0.035937667
164775	804	0.035937667
164775	1143	0.035937667
164828	2528	0.035590045
164828	6083	0.035590045
164828	1722	0.03559004
164828	4369	0.03559004
164828	6391	0.03559004
164828	79	0.035590038
164828	1143	0.035590038
164828	3564	0.035590038
164828	4900	0.035590038
164828	105	0.035590034
164870	2528	0.023147017
164870	6083	0.023147017
164870	1722	0.023147013
164870	6391	0.023147013
164870	1143	0.023147011
164870	4369	0.023147011
164870	4900	0.023147011
164870	79	0.02314701
164870	105	0.02314701
164870	3088	0.02314701
164906	2528	0.035270035
164906	6083	0.035270035
164906	1722	0.03527003
164906	6391	0.03527003
164906	79	0.035270028
164906	1143	0.035270028
164906	4369	0.035270028
164906	4900	0.035270028
164906	5896	0.035270028
164906	105	0.035270024
164926	2528	0.031749822
164926	6083	0.031749822
164926	6391	0.031749822
164926	1722	0.03174982
164926	4369	0.03174982
164926	4900	0.03174982
164926	79	0.031749815
164926	105	0.031749815
164926	1143	0.031749815
164926	3564	0.031749815
165073	2528	0.029446956
165073	6083	0.029446956
165073	1722	0.029446954
165073	4900	0.029446952
165073	6391	0.029446952
165073	3564	0.02944695
165073	4369	0.02944695
165073	79	0.029446948
165073	1143	0.029446948
165073	3917	0.029446948
165183	2528	0.03378643
165183	6083	0.03378643
165183	1722	0.033786427
165183	105	0.033786424
165183	1143	0.033786424
165183	3564	0.033786424
165183	4369	0.033786424
165183	4900	0.033786424
165183	6391	0.033786424
165183	5896	0.03378642
165232	2528	0.032207094
165232	6083	0.032207094
165232	1722	0.03220709
165232	4900	0.03220709
165232	3564	0.032207087
165232	4369	0.032207087
165232	6391	0.032207087
165232	79	0.032207083
165232	105	0.032207083
165232	1143	0.032207083
165267	6083	0.030294009
165267	2528	0.030294007
165267	1722	0.030294005
165267	6391	0.030294005
165267	4900	0.030294003
165267	79	0.030294001
165267	1143	0.030294001
165267	3564	0.030294001
165267	4369	0.030294001
165267	105	0.030293997
165268	1722	0.028401148
165268	2528	0.028401148
165268	6083	0.028401148
165268	6391	0.028401146
165268	4369	0.028401144
165268	4900	0.028401144
165268	1143	0.028401142
165268	3564	0.028401142
165268	79	0.02840114
165268	105	0.02840114
165308	6083	0.03741358
165308	1722	0.037413575
165308	2528	0.037413575
165308	6391	0.037413575
165308	4369	0.03741357
165308	4900	0.03741357
165308	79	0.037413567
165308	105	0.037413567
165308	804	0.037413567
165308	1143	0.037413567
165319	1722	0.038218983
165319	6083	0.038218983
165319	2528	0.03821898
165319	6391	0.03821898
165319	79	0.038218975
165319	1143	0.038218975
165319	3564	0.038218975
165319	4369	0.038218975
165319	4900	0.038218975
165319	105	0.03821897
165345	6083	0.029691026
165345	1722	0.029691024
165345	2528	0.029691024
165345	4900	0.029691022
165345	6391	0.029691022
165345	4369	0.02969102
165345	79	0.029691018
165345	105	0.029691018
165345	1143	0.029691018
165345	3088	0.029691018
165425	1722	0.026576046
165425	6083	0.026576046
165425	2528	0.026576044
165425	6391	0.026576044
165425	4369	0.026576042
165425	4900	0.026576042
165425	79	0.02657604
165425	3564	0.02657604
165425	105	0.026576038
165425	1143	0.026576038
165512	6083	0.028397739
165512	2528	0.028397737
165512	1722	0.028397735
165512	4369	0.028397735
165512	4900	0.028397735
165512	6391	0.028397735
165512	79	0.028397731
165512	105	0.028397731
165512	1143	0.028397731
165512	3564	0.028397731
165516	6083	0.028055904
165516	1722	0.028055903
165516	2528	0.028055903
165516	6391	0.028055903
165516	4369	0.0280559
165516	4900	0.0280559
165516	79	0.028055899
165516	105	0.028055899
165516	1143	0.028055899
165516	3564	0.028055899
165576	2528	0.02680089
165576	6083	0.02680089
165576	1722	0.026800886
165576	3564	0.026800886
165576	4369	0.026800886
165576	4900	0.026800886
165576	6391	0.026800886
165576	79	0.026800884
165576	105	0.026800882
165576	1143	0.026800882
165582	6083	0.03522628
165582	1722	0.035226278
165582	2528	0.035226278
165582	4900	0.035226278
165582	6391	0.035226278
165582	79	0.03522627
165582	105	0.03522627
165582	1143	0.03522627
165582	3088	0.03522627
165582	3564	0.03522627
165669	2528	0.030223753
165669	6083	0.030223753
165669	1722	0.030223751
165669	3564	0.03022375
165669	4369	0.03022375
165669	4900	0.03022375
165669	1143	0.030223748
165669	79	0.030223746
165669	105	0.030223746
165669	3088	0.030223746
165758	2528	0.033513043
165758	6083	0.033513043
165758	1722	0.03351304
165758	4900	0.03351304
165758	6391	0.03351304
165758	79	0.033513036
165758	3564	0.033513036
165758	4369	0.033513036
165758	105	0.033513032
165758	804	0.033513032
165769	6083	0.024839502
165769	1722	0.024839498
165769	2528	0.024839498
165769	4900	0.024839496
165769	6391	0.024839496
165769	79	0.024839494
165769	105	0.024839494
165769	1143	0.024839494
165769	3564	0.024839494
165769	4369	0.024839494
165806	6083	0.025190074
165806	1722	0.02519007
165806	2528	0.02519007
165806	4900	0.02519007
165806	6391	0.02519007
165806	4369	0.025190068
165806	79	0.025190067
165806	105	0.025190067
165806	1143	0.025190067
165806	3564	0.025190067
165866	6083	0.033164307
165866	1722	0.0331643
165866	2528	0.0331643
165866	4369	0.0331643
165866	4900	0.0331643
165866	6391	0.0331643
165866	105	0.033164296
165866	1143	0.033164296
165866	3564	0.033164296
165866	79	0.033164293
165884	2528	0.024004973
165884	6083	0.024004973
165884	1722	0.024004972
165884	4900	0.02400497
165884	6391	0.02400497
165884	1143	0.024004968
165884	3564	0.024004968
165884	4369	0.024004968
165884	79	0.024004966
165884	105	0.024004966
165914	1722	0.024015807
165914	2528	0.024015807
165914	6083	0.024015807
165914	3564	0.024015803
165914	4369	0.024015803
165914	4900	0.024015803
165914	6391	0.024015803
165914	79	0.024015801
165914	1143	0.024015801
165914	105	0.0240158
165987	2528	0.029377103
165987	6083	0.029377103
165987	1722	0.029377101
165987	6391	0.029377101
165987	1143	0.0293771
165987	4369	0.0293771
165987	4900	0.0293771
165987	3564	0.029377097
165987	79	0.029377095
165987	105	0.029377095
166017	1722	0.040128287
166017	2528	0.040128287
166017	6083	0.040128287
166017	4900	0.040128283
166017	6391	0.040128283
166017	1143	0.04012828
166017	3564	0.04012828
166017	4369	0.04012828
166017	79	0.040128276
166017	105	0.040128276
166030	2528	0.022650182
166030	6083	0.022650182
166030	1722	0.02265018
166030	4369	0.022650179
166030	4900	0.022650179
166030	6391	0.022650179
166030	1143	0.022650177
166030	79	0.022650175
166030	105	0.022650175
166030	804	0.022650175
166123	2528	0.031962443
166123	6083	0.031962443
166123	1143	0.03196244
166123	1722	0.03196244
166123	4369	0.03196244
166123	4900	0.03196244
166123	6391	0.03196244
166123	3564	0.031962436
166123	79	0.031962432
166123	105	0.031962432
166141	2528	0.032709815
166141	6083	0.032709815
166141	1722	0.03270981
166141	4900	0.03270981
166141	79	0.032709807
166141	1143	0.032709807
166141	3564	0.032709807
166141	4369	0.032709807
166141	6391	0.032709807
166141	105	0.032709803
166291	2528	0.02773229
166291	6083	0.02773229
166291	1722	0.027732288
166291	4369	0.027732287
166291	4900	0.027732287
166291	6391	0.027732287
166291	79	0.027732285
166291	3564	0.027732285
166291	105	0.027732283
166291	1143	0.027732283
166327	6083	0.03099209
166327	1722	0.030992087
166327	2528	0.030992087
166327	4900	0.030992087
166327	6391	0.030992085
166327	3564	0.030992083
166327	4369	0.030992083
166327	1143	0.030992081
166327	79	0.03099208
166327	105	0.03099208
166391	6083	0.028994823
166391	1722	0.028994821
166391	2528	0.028994821
166391	3564	0.028994817
166391	4369	0.028994817
166391	4900	0.028994817
166391	6391	0.028994817
166391	79	0.028994814
166391	105	0.028994814
166391	1143	0.028994814
166409	6083	0.026563492
166409	1722	0.026563488
166409	2528	0.026563488
166409	4900	0.026563486
166409	3564	0.026563484
166409	4369	0.026563484
166409	6391	0.026563484
166409	105	0.026563482
166409	1143	0.026563482
166409	79	0.02656348
166492	6083	0.030216051
166492	2528	0.03021605
166492	1722	0.030216048
166492	4369	0.030216046
166492	4900	0.030216046
166492	6391	0.030216046
166492	3564	0.030216044
166492	79	0.030216042
166492	105	0.030216042
166492	1143	0.030216042
166596	6083	0.036331207
166596	1722	0.036331203
166596	79	0.0363312
166596	1143	0.0363312
166596	3564	0.0363312
166596	4369	0.0363312
166596	4900	0.0363312
166596	6391	0.0363312
166596	105	0.036331195
166596	3917	0.036331195
166639	2528	0.025007786
166639	6083	0.025007786
166639	1722	0.025007784
166639	4900	0.025007784
166639	6391	0.025007784
166639	4369	0.025007783
166639	79	0.02500778
166639	105	0.02500778
166639	1143	0.02500778
166639	3564	0.02500778
166646	2528	0.041786
166646	6083	0.041786
166646	1722	0.041785996
166646	3564	0.041785993
166646	4369	0.041785993
166646	4900	0.041785993
166646	6391	0.041785993
166646	79	0.04178599
166646	1143	0.04178599
166646	105	0.041785985
166753	6083	0.026988668
166753	1722	0.026988667
166753	2528	0.026988667
166753	6391	0.026988667
166753	105	0.026988663
166753	1143	0.026988663
166753	4369	0.026988663
166753	4900	0.026988663
166753	79	0.02698866
166753	3564	0.02698866
166758	2528	0.025764283
166758	6083	0.025764283
166758	1722	0.02576428
166758	4369	0.025764279
166758	4900	0.025764279
166758	6391	0.025764279
166758	1143	0.025764277
166758	3564	0.025764277
166758	79	0.025764275
166758	105	0.025764275
166824	2528	0.03260159
166824	6083	0.03260159
166824	1722	0.032601587
166824	4369	0.032601587
166824	4900	0.032601587
166824	6391	0.032601587
166824	1143	0.032601584
166824	3564	0.032601584
166824	79	0.03260158
166824	105	0.03260158
166825	6083	0.02876041
166825	1722	0.028760409
166825	2528	0.028760409
166825	4369	0.028760407
166825	4900	0.028760407
166825	6391	0.028760407
166825	79	0.028760403
166825	105	0.028760403
166825	1143	0.028760403
166825	3564	0.028760403
166828	2528	0.036087673
166828	6083	0.036087673
166828	1722	0.03608767
166828	4369	0.03608767
166828	6391	0.03608767
166828	79	0.036087666
166828	1143	0.036087666
166828	4900	0.036087666
166828	5896	0.036087666
166828	105	0.036087662
166830	6083	0.030389123
166830	2528	0.03038912
166830	1722	0.030389119
166830	4900	0.030389119
166830	6391	0.030389119
166830	4369	0.030389117
166830	1143	0.030389115
166830	3564	0.030389115
166830	79	0.030389113
166830	105	0.030389113
166891	6083	0.028334957
166891	2528	0.028334955
166891	1722	0.028334953
166891	4900	0.028334951
166891	6391	0.028334951
166891	79	0.02833495
166891	1143	0.02833495
166891	3564	0.02833495
166891	4369	0.02833495
166891	5896	0.028334947
166922	2528	0.026030596
166922	6083	0.026030596
166922	1722	0.026030594
166922	4369	0.026030593
166922	4900	0.026030593
166922	6391	0.026030593
166922	1143	0.02603059
166922	3564	0.02603059
166922	79	0.026030589
166922	105	0.026030589
167038	2528	0.03018574
167038	6083	0.03018574
167038	1722	0.030185739
167038	4900	0.030185737
167038	6391	0.030185737
167038	3564	0.030185735
167038	4369	0.030185735
167038	79	0.030185733
167038	105	0.030185733
167038	1143	0.030185733
167052	6083	0.026228048
167052	2528	0.026228046
167052	1722	0.026228044
167052	4369	0.026228044
167052	4900	0.026228044
167052	6391	0.026228044
167052	1143	0.026228042
167052	79	0.02622804
167052	3564	0.02622804
167052	5896	0.02622804
167176	2528	0.028257724
167176	6083	0.028257724
167176	1722	0.028257722
167176	4369	0.02825772
167176	4900	0.02825772
167176	6391	0.02825772
167176	3564	0.028257718
167176	79	0.028257716
167176	105	0.028257716
167176	1143	0.028257716
167189	1722	0.035883963
167189	2528	0.035883963
167189	4900	0.035883963
167189	6083	0.035883963
167189	6391	0.03588396
167189	79	0.035883956
167189	105	0.035883956
167189	1143	0.035883956
167189	3564	0.035883956
167189	3917	0.035883956
167272	1722	0.025648456
167272	2528	0.025648456
167272	6083	0.025648456
167272	6391	0.025648456
167272	79	0.025648452
167272	1143	0.025648452
167272	3564	0.025648452
167272	4369	0.025648452
167272	4900	0.025648452
167272	105	0.02564845
167327	2528	0.023731368
167327	6083	0.023731368
167327	1722	0.023731366
167327	4900	0.023731366
167327	6391	0.023731364
167327	1143	0.023731362
167327	3564	0.023731362
167327	4369	0.023731362
167327	5896	0.023731362
167327	79	0.02373136
167349	6083	0.017823309
167349	1722	0.017823307
167349	2528	0.017823307
167349	1143	0.017823305
167349	3564	0.017823305
167349	4369	0.017823305
167349	4900	0.017823305
167349	6391	0.017823305
167349	79	0.017823303
167349	105	0.017823301
167389	6083	0.033933036
167389	1722	0.03393303
167389	2528	0.03393303
167389	4369	0.03393303
167389	4900	0.03393303
167389	6391	0.03393303
167389	3564	0.033933025
167389	79	0.03393302
167389	105	0.03393302
167389	804	0.03393302
167471	1722	0.038521856
167471	2528	0.038521856
167471	6083	0.038521856
167471	4900	0.038521852
167471	6391	0.038521852
167471	79	0.03852185
167471	105	0.03852185
167471	3564	0.03852185
167471	4369	0.03852185
167471	1143	0.038521845
167478	6083	0.02983692
167478	2528	0.029836917
167478	1722	0.029836915
167478	4900	0.029836915
167478	6391	0.029836915
167478	1143	0.029836912
167478	3564	0.029836912
167478	4369	0.029836912
167478	79	0.02983691
167478	105	0.02983691
167494	6083	0.024341928
167494	1722	0.024341926
167494	2528	0.024341926
167494	6391	0.024341924
167494	79	0.024341922
167494	1143	0.024341922
167494	3564	0.024341922
167494	4369	0.024341922
167494	4900	0.024341922
167494	105	0.02434192
167507	6083	0.026868343
167507	2528	0.026868341
167507	1722	0.02686834
167507	4900	0.02686834
167507	6391	0.02686834
167507	3564	0.026868338
167507	4369	0.026868338
167507	79	0.026868336
167507	105	0.026868336
167507	1143	0.026868336
167517	1722	0.03683853
167517	2528	0.03683853
167517	6083	0.03683853
167517	4369	0.036838528
167517	4900	0.036838528
167517	6391	0.036838528
167517	79	0.036838524
167517	1143	0.036838524
167517	3564	0.036838524
167517	3917	0.036838524
167521	2528	0.030955862
167521	6083	0.030955862
167521	1722	0.030955859
167521	4900	0.030955859
167521	6391	0.030955859
167521	4369	0.030955857
167521	79	0.030955855
167521	105	0.030955855
167521	1143	0.030955855
167521	3564	0.030955855
167556	2528	0.031606942
167556	6083	0.031606942
167556	1722	0.03160694
167556	79	0.031606935
167556	3564	0.031606935
167556	3978	0.031606935
167556	4369	0.031606935
167556	4900	0.031606935
167556	6391	0.031606935
167556	105	0.03160693
167562	1722	0.026331056
167562	2528	0.026331056
167562	6083	0.026331056
167562	1143	0.026331052
167562	3564	0.026331052
167562	4369	0.026331052
167562	4900	0.026331052
167562	6391	0.026331052
167562	79	0.02633105
167562	105	0.02633105
167587	1722	0.033584356
167587	2528	0.033584356
167587	6083	0.033584356
167587	6391	0.033584356
167587	4900	0.033584353
167587	79	0.03358435
167587	105	0.03358435
167587	1143	0.03358435
167587	1557	0.03358435
167587	3564	0.03358435
167611	1722	0.02509448
167611	2528	0.02509448
167611	6083	0.02509448
167611	6391	0.025094477
167611	3564	0.025094476
167611	4369	0.025094476
167611	4900	0.025094476
167611	79	0.025094474
167611	1143	0.025094474
167611	3088	0.025094474
167614	6083	0.02773689
167614	1722	0.027736887
167614	2528	0.027736887
167614	6391	0.027736885
167614	3564	0.027736884
167614	4369	0.027736884
167614	4900	0.027736884
167614	1143	0.027736882
167614	79	0.02773688
167614	105	0.02773688
167678	6083	0.027456818
167678	1722	0.027456816
167678	2528	0.027456816
167678	6391	0.027456814
167678	3564	0.027456813
167678	4369	0.027456813
167678	4900	0.027456813
167678	79	0.02745681
167678	105	0.02745681
167678	1143	0.02745681
167722	6083	0.035598017
167722	1722	0.035598014
167722	2528	0.035598014
167722	4900	0.035598014
167722	1143	0.03559801
167722	3564	0.03559801
167722	4369	0.03559801
167722	6391	0.03559801
167722	79	0.035598006
167722	105	0.035598006
167746	6083	0.03619649
167746	1722	0.036196485
167746	2528	0.036196485
167746	4369	0.036196485
167746	4900	0.036196485
167746	6391	0.03619648
167746	79	0.036196478
167746	105	0.036196478
167746	1143	0.036196478
167746	3088	0.036196478
167761	6083	0.029070567
167761	2528	0.029070565
167761	1722	0.029070564
167761	6391	0.029070564
167761	4369	0.029070562
167761	4900	0.029070562
167761	79	0.02907056
167761	3564	0.02907056
167761	1143	0.029070558
167761	105	0.029070556
167782	2528	0.02418197
167782	6083	0.02418197
167782	1722	0.024181968
167782	3564	0.024181966
167782	4369	0.024181966
167782	4900	0.024181966
167782	6391	0.024181966
167782	79	0.024181964
167782	105	0.024181964
167782	1143	0.024181964
167800	6083	0.026162665
167800	2528	0.026162663
167800	1722	0.026162662
167800	4369	0.026162662
167800	4900	0.026162662
167800	6391	0.026162662
167800	79	0.026162658
167800	105	0.026162658
167800	1143	0.026162658
167800	3088	0.026162658
167812	6083	0.033938777
167812	2528	0.033938773
167812	1722	0.03393877
167812	6391	0.03393877
167812	79	0.033938766
167812	105	0.033938766
167812	1143	0.033938766
167812	3564	0.033938766
167812	3978	0.033938766
167812	4369	0.033938766
167844	1722	0.02318072
167844	6083	0.02318072
167844	2528	0.023180718
167844	4900	0.023180718
167844	1143	0.023180716
167844	3564	0.023180716
167844	4369	0.023180716
167844	6391	0.023180716
167844	79	0.023180714
167844	105	0.023180712
168016	2528	0.032243423
168016	6083	0.032243423
168016	1722	0.03224342
168016	4369	0.03224342
168016	4900	0.03224342
168016	6391	0.03224342
168016	79	0.032243416
168016	1143	0.032243416
168016	3564	0.032243416
168016	105	0.032243412
168029	2528	0.044160463
168029	6083	0.044160463
168029	1722	0.044160455
168029	4369	0.044160455
168029	4900	0.044160455
168029	6391	0.044160455
168029	3564	0.04416045
168029	79	0.044160448
168029	105	0.044160448
168029	1143	0.044160448
168034	6083	0.032186195
168034	1722	0.03218619
168034	2528	0.03218619
168034	6391	0.03218619
168034	804	0.032186188
168034	1143	0.032186188
168034	4369	0.032186188
168034	4900	0.032186188
168034	5896	0.032186188
168034	79	0.032186184
168036	6083	0.0336722
168036	2528	0.033672195
168036	1722	0.03367219
168036	3564	0.03367219
168036	4369	0.03367219
168036	4900	0.03367219
168036	6391	0.03367219
168036	105	0.033672187
168036	1143	0.033672187
168036	3917	0.033672187
168047	2528	0.047458008
168047	6083	0.047458008
168047	1722	0.047458004
168047	4900	0.047458
168047	6391	0.047458
168047	3564	0.047457997
168047	4369	0.047457997
168047	79	0.047457993
168047	105	0.047457993
168047	1143	0.047457993
168064	2528	0.036404073
168064	6083	0.036404073
168064	1722	0.03640407
168064	4900	0.03640407
168064	3564	0.036404066
168064	4369	0.036404066
168064	6391	0.036404066
168064	79	0.036404062
168064	1143	0.036404062
168064	3088	0.036404062
168144	2528	0.02625931
168144	6083	0.02625931
168144	1722	0.026259309
168144	4369	0.026259307
168144	4900	0.026259307
168144	6391	0.026259307
168144	79	0.026259305
168144	1143	0.026259305
168144	3564	0.026259305
168144	105	0.026259303
168216	1722	0.03556192
168216	2528	0.03556192
168216	6083	0.03556192
168216	4900	0.035561915
168216	6391	0.035561915
168216	79	0.03556191
168216	105	0.03556191
168216	1143	0.03556191
168216	3088	0.03556191
168216	3564	0.03556191
168387	2528	0.030630747
168387	6083	0.030630747
168387	1722	0.030630745
168387	4900	0.030630745
168387	6391	0.030630743
168387	1143	0.030630741
168387	3564	0.030630741
168387	4369	0.030630741
168387	79	0.03063074
168387	105	0.030630738
168388	6083	0.039575636
168388	1722	0.03957563
168388	2528	0.03957563
168388	4369	0.03957563
168388	4900	0.03957563
168388	6391	0.03957563
168388	79	0.03957562
168388	105	0.03957562
168388	1143	0.03957562
168388	3088	0.03957562
168464	6083	0.029175136
168464	1722	0.029175133
168464	2528	0.029175133
168464	6391	0.029175133
168464	1143	0.029175129
168464	3564	0.029175129
168464	4369	0.029175129
168464	4900	0.029175129
168464	105	0.029175127
168464	79	0.029175125
168500	2528	0.030497134
168500	6083	0.030497134
168500	1722	0.03049713
168500	4900	0.03049713
168500	6391	0.03049713
168500	79	0.030497126
168500	1143	0.030497126
168500	3564	0.030497126
168500	4369	0.030497126
168500	105	0.030497124
168642	1722	0.039501205
168642	6083	0.039501205
168642	2528	0.0395012
168642	3564	0.039501198
168642	4369	0.039501198
168642	4900	0.039501198
168642	6391	0.039501198
168642	79	0.039501194
168642	1143	0.039501194
168642	105	0.03950119
168763	2528	0.029243197
168763	6083	0.029243197
168763	1722	0.029243195
168763	4369	0.029243194
168763	4900	0.029243194
168763	6391	0.029243194
168763	79	0.02924319
168763	105	0.02924319
168763	1143	0.02924319
168763	3564	0.02924319
168805	2528	0.026904363
168805	6083	0.026904363
168805	1722	0.026904361
168805	4900	0.02690436
168805	6391	0.02690436
168805	4369	0.026904358
168805	79	0.026904356
168805	105	0.026904356
168805	1143	0.026904356
168805	3564	0.026904356
168816	6083	0.034577146
168816	1722	0.034577142
168816	2528	0.03457714
168816	3564	0.03457714
168816	4369	0.03457714
168816	4900	0.03457714
168816	6391	0.03457714
168816	79	0.034577135
168816	105	0.03457713
168816	804	0.03457713
168954	1722	0.04071868
168954	6083	0.04071868
168954	2528	0.040718675
168954	4900	0.040718675
168954	6391	0.040718675
168954	79	0.040718667
168954	105	0.040718667
168954	1143	0.040718667
168954	1557	0.040718667
168954	3088	0.040718667
168971	6083	0.024897944
168971	1722	0.024897942
168971	2528	0.024897942
168971	4369	0.02489794
168971	4900	0.02489794
168971	6391	0.02489794
168971	1143	0.024897939
168971	3564	0.024897939
168971	79	0.024897937
168971	105	0.024897937
168985	6083	0.028569544
168985	1722	0.028569542
168985	2528	0.028569542
168985	4369	0.02856954
168985	4900	0.02856954
168985	6391	0.02856954
168985	3564	0.028569538
168985	105	0.028569536
168985	1143	0.028569536
168985	5896	0.028569536
168999	1722	0.026005503
168999	2528	0.026005503
168999	6083	0.026005503
168999	4900	0.0260055
168999	1143	0.026005499
168999	4369	0.026005499
168999	6391	0.026005499
168999	79	0.026005497
168999	3564	0.026005497
168999	105	0.026005495
169006	6083	0.03236096
169006	2528	0.032360956
169006	1722	0.032360952
169006	4900	0.032360952
169006	79	0.03236095
169006	105	0.03236095
169006	1143	0.03236095
169006	3564	0.03236095
169006	3978	0.03236095
169006	4369	0.03236095
169043	2528	0.03106087
169043	6083	0.03106087
169043	1722	0.031060867
169043	4369	0.031060867
169043	6391	0.031060867
169043	4900	0.031060865
169043	79	0.031060863
169043	1143	0.031060863
169043	3564	0.031060863
169043	105	0.031060861
169057	1722	0.03539987
169057	2528	0.03539987
169057	6083	0.03539987
169057	4369	0.035399865
169057	4900	0.035399865
169057	6391	0.035399865
169057	79	0.03539986
169057	105	0.03539986
169057	1143	0.03539986
169057	3564	0.03539986
169192	6083	0.028854623
169192	1722	0.02885462
169192	2528	0.02885462
169192	4900	0.028854618
169192	6391	0.028854618
169192	79	0.028854616
169192	1143	0.028854616
169192	4369	0.028854616
169192	3564	0.028854614
169192	105	0.028854612
169223	6083	0.030556858
169223	2528	0.030556856
169223	1722	0.030556854
169223	4369	0.03055685
169223	4900	0.03055685
169223	6391	0.03055685
169223	79	0.030556848
169223	1143	0.030556848
169223	3564	0.030556848
169223	105	0.030556846
169233	6083	0.023013446
169233	2528	0.023013445
169233	1722	0.023013443
169233	4900	0.023013443
169233	6391	0.023013443
169233	79	0.023013439
169233	105	0.023013439
169233	1143	0.023013439
169233	3088	0.023013439
169233	3564	0.023013439
169249	6083	0.02749449
169249	1722	0.027494488
169249	2528	0.027494488
169249	4369	0.027494486
169249	4900	0.027494486
169249	6391	0.027494486
169249	79	0.027494485
169249	3564	0.027494485
169249	105	0.027494483
169249	1143	0.027494483
169282	1722	0.023227181
169282	2528	0.023227181
169282	6083	0.023227181
169282	6391	0.023227181
169282	4900	0.02322718
169282	1143	0.023227178
169282	3564	0.023227178
169282	4369	0.023227178
169282	79	0.023227176
169282	105	0.023227176
169309	2528	0.02414491
169309	6083	0.02414491
169309	1722	0.024144907
169309	4900	0.024144907
169309	6391	0.024144907
169309	4369	0.024144905
169309	79	0.024144903
169309	105	0.024144903
169309	1143	0.024144903
169309	3088	0.024144903
169310	6083	0.036423564
169310	1722	0.03642356
169310	2528	0.03642356
169310	4900	0.03642356
169310	6391	0.03642356
169310	79	0.036423557
169310	4369	0.036423557
169310	1143	0.036423553
169310	3088	0.036423553
169310	3564	0.036423553
169400	6083	0.016258921
169400	2528	0.01625892
169400	1143	0.016258918
169400	1722	0.016258918
169400	4369	0.016258918
169400	4900	0.016258918
169400	6391	0.016258918
169400	79	0.016258916
169400	105	0.016258916
169400	3088	0.016258916
169403	2528	0.02375925
169403	6083	0.02375925
169403	1722	0.023759248
169403	4900	0.023759248
169403	4369	0.023759246
169403	6391	0.023759246
169403	1143	0.023759244
169403	3564	0.023759244
169403	79	0.023759242
169403	105	0.023759242
169438	2528	0.031169115
169438	6083	0.031169115
169438	1722	0.031169113
169438	4900	0.03116911
169438	79	0.031169109
169438	1143	0.031169109
169438	4369	0.031169109
169438	6391	0.031169109
169438	3564	0.031169107
169438	105	0.031169105
169450	6083	0.03628897
169450	1143	0.03628896
169450	1722	0.03628896
169450	2528	0.03628896
169450	4369	0.03628896
169450	4900	0.03628896
169450	6391	0.03628896
169450	79	0.036288958
169450	3564	0.036288958
169450	105	0.036288954
169465	2528	0.027904186
169465	6083	0.027904186
169465	1722	0.027904185
169465	4369	0.027904183
169465	4900	0.027904183
169465	6391	0.027904183
169465	79	0.027904179
169465	105	0.027904179
169465	1143	0.027904179
169465	3564	0.027904179
169492	1722	0.026072953
169492	2528	0.026072953
169492	6083	0.026072953
169492	3564	0.02607295
169492	4369	0.02607295
169492	4900	0.02607295
169492	6391	0.02607295
169492	79	0.026072947
169492	1143	0.026072947
169492	105	0.026072945
169600	6083	0.024701633
169600	1722	0.02470163
169600	2528	0.02470163
169600	4369	0.024701629
169600	4900	0.024701629
169600	6391	0.024701629
169600	1143	0.024701627
169600	79	0.024701625
169600	105	0.024701625
169600	3088	0.024701625
169663	2528	0.035631064
169663	6083	0.035631064
169663	1722	0.03563106
169663	4369	0.03563106
169663	4900	0.03563106
169663	6391	0.03563106
169663	79	0.035631057
169663	105	0.035631057
169663	1143	0.035631057
169663	3564	0.035631057
169682	2528	0.039228138
169682	6083	0.039228138
169682	1722	0.039228134
169682	4900	0.039228134
169682	6391	0.039228134
169682	4369	0.03922813
169682	79	0.039228126
169682	105	0.039228126
169682	1143	0.039228126
169682	1557	0.039228126
169692	6083	0.03252235
169692	1722	0.032522347
169692	2528	0.032522347
169692	105	0.032522343
169692	1143	0.032522343
169692	3564	0.032522343
169692	4369	0.032522343
169692	4900	0.032522343
169692	6391	0.032522343
169692	79	0.03252234
169699	1722	0.034947533
169699	2528	0.034947533
169699	6083	0.034947533
169699	4369	0.03494753
169699	4900	0.03494753
169699	6391	0.03494753
169699	3564	0.034947526
169699	5896	0.034947526
169699	79	0.034947522
169699	105	0.034947522
169727	1722	0.032701664
169727	2528	0.032701664
169727	6083	0.032701664
169727	6391	0.032701664
169727	4900	0.03270166
169727	79	0.032701656
169727	105	0.032701656
169727	1143	0.032701656
169727	3088	0.032701656
169727	3564	0.032701656
169735	6083	0.035479307
169735	1722	0.035479303
169735	2528	0.035479303
169735	4369	0.0354793
169735	4900	0.0354793
169735	6391	0.0354793
169735	3564	0.035479296
169735	79	0.035479292
169735	105	0.035479292
169735	804	0.035479292
169779	2528	0.041639738
169779	6083	0.041639738
169779	6391	0.041639734
169779	79	0.04163973
169779	1143	0.04163973
169779	1722	0.04163973
169779	3564	0.04163973
169779	4369	0.04163973
169779	4900	0.04163973
169779	105	0.041639727
169781	6083	0.026731323
169781	2528	0.026731322
169781	1722	0.02673132
169781	4900	0.02673132
169781	4369	0.026731318
169781	6391	0.026731318
169781	79	0.026731316
169781	1143	0.026731316
169781	3564	0.026731316
169781	105	0.026731314
169824	1722	0.032521456
169824	6083	0.032521456
169824	2528	0.032521453
169824	4900	0.032521453
169824	6391	0.032521453
169824	79	0.03252145
169824	105	0.03252145
169824	1143	0.03252145
169824	3088	0.03252145
169824	3564	0.03252145
170012	2528	0.029207028
170012	6083	0.029207028
170012	1722	0.029207027
170012	4369	0.029207025
170012	4900	0.029207025
170012	6391	0.029207025
170012	3564	0.029207023
170012	79	0.029207021
170012	105	0.029207021
170012	1143	0.029207021
170054	2528	0.02928795
170054	6083	0.02928795
170054	1722	0.029287947
170054	4369	0.029287945
170054	4900	0.029287945
170054	6391	0.029287945
170054	79	0.029287942
170054	105	0.029287942
170054	1143	0.029287942
170054	3564	0.029287942
170073	6083	0.03023569
170073	1722	0.030235687
170073	2528	0.030235687
170073	4900	0.030235685
170073	6391	0.030235685
170073	4369	0.030235684
170073	1143	0.030235682
170073	3564	0.030235682
170073	79	0.03023568
170073	105	0.03023568
170077	2528	0.03357231
170077	6083	0.03357231
170077	6391	0.03357231
170077	1722	0.033572305
170077	4369	0.033572305
170077	79	0.0335723
170077	105	0.0335723
170077	1143	0.0335723
170077	3088	0.0335723
170077	3564	0.0335723
170154	6083	0.03867477
170154	1722	0.038674768
170154	2528	0.038674768
170154	3564	0.038674764
170154	4369	0.038674764
170154	4900	0.038674764
170154	6391	0.038674764
170154	79	0.03867476
170154	105	0.03867476
170154	1143	0.03867476
170155	6083	0.024844678
170155	2528	0.024844676
170155	1722	0.024844674
170155	79	0.024844673
170155	1143	0.024844673
170155	4369	0.024844673
170155	4900	0.024844673
170155	6391	0.024844673
170155	105	0.02484467
170155	3564	0.02484467
170184	1722	0.025743138
170184	2528	0.025743138
170184	6083	0.025743138
170184	6391	0.025743136
170184	3564	0.025743134
170184	4369	0.025743134
170184	4900	0.025743134
170184	79	0.025743132
170184	1143	0.025743132
170184	105	0.02574313
170227	6083	0.02882057
170227	2528	0.028820569
170227	1722	0.028820567
170227	4900	0.028820567
170227	6391	0.028820567
170227	4369	0.028820565
170227	1143	0.028820563
170227	3564	0.028820563
170227	79	0.028820561
170227	105	0.028820561
170255	2528	0.035050936
170255	6083	0.035050936
170255	1722	0.035050932
170255	6391	0.035050932
170255	79	0.03505093
170255	1143	0.03505093
170255	3564	0.03505093
170255	4369	0.03505093
170255	4900	0.03505093
170255	105	0.035050925
170256	2528	0.02737875
170256	6083	0.02737875
170256	1722	0.027378745
170256	4369	0.027378745
170256	4900	0.027378745
170256	6391	0.027378745
170256	79	0.027378742
170256	105	0.027378742
170256	1143	0.027378742
170256	3564	0.027378742
170264	6083	0.029725863
170264	1722	0.02972586
170264	2528	0.02972586
170264	6391	0.029725859
170264	4369	0.029725857
170264	4900	0.029725857
170264	79	0.029725855
170264	1143	0.029725855
170264	3564	0.029725855
170264	105	0.029725853
170372	1722	0.024317615
170372	2528	0.024317615
170372	6083	0.024317615
170372	3564	0.024317611
170372	4369	0.024317611
170372	4900	0.024317611
170372	6391	0.024317611
170372	1143	0.02431761
170372	79	0.024317607
170372	105	0.024317607
170401	1722	0.032313228
170401	2528	0.032313228
170401	6083	0.032313228
170401	4900	0.032313224
170401	79	0.03231322
170401	1143	0.03231322
170401	3564	0.03231322
170401	4369	0.03231322
170401	5896	0.03231322
170401	6391	0.03231322
170415	2528	0.028853144
170415	6083	0.028853144
170415	1722	0.028853143
170415	4369	0.02885314
170415	4900	0.02885314
170415	6391	0.02885314
170415	79	0.028853139
170415	3564	0.028853139
170415	105	0.028853137
170415	1143	0.028853137
170493	6083	0.033268858
170493	1722	0.033268854
170493	2528	0.033268854
170493	4369	0.033268854
170493	4900	0.033268854
170493	6391	0.033268854
170493	3564	0.03326885
170493	79	0.033268847
170493	105	0.033268847
170493	804	0.033268847
170499	2528	0.022449771
170499	6083	0.022449771
170499	1722	0.02244977
170499	4369	0.02244977
170499	6391	0.02244977
170499	4900	0.022449767
170499	79	0.022449765
170499	105	0.022449765
170499	1143	0.022449765
170499	3088	0.022449765
170509	6083	0.026507223
170509	1722	0.026507221
170509	2528	0.026507221
170509	4369	0.02650722
170509	4900	0.02650722
170509	6391	0.02650722
170509	79	0.026507217
170509	1143	0.026507217
170509	3564	0.026507217
170509	5896	0.026507216
170513	6083	0.03444796
170513	2528	0.034447957
170513	1722	0.034447953
170513	4369	0.034447953
170513	4900	0.034447953
170513	6391	0.034447953
170513	105	0.03444795
170513	3564	0.03444795
170513	79	0.034447946
170513	804	0.034447946
170518	6083	0.023444004
170518	2528	0.023444002
170518	1722	0.023444
170518	4900	0.023444
170518	6391	0.023444
170518	3564	0.023443999
170518	4369	0.023443999
170518	79	0.023443997
170518	105	0.023443997
170518	1143	0.023443997
170522	6083	0.026499199
170522	1722	0.026499197
170522	2528	0.026499197
170522	6391	0.026499195
170522	3564	0.026499193
170522	4369	0.026499193
170522	4900	0.026499193
170522	79	0.026499191
170522	105	0.02649919
170522	804	0.02649919
170527	1722	0.022900645
170527	2528	0.022900645
170527	6083	0.022900645
170527	4369	0.022900643
170527	4900	0.022900643
170527	6391	0.022900643
170527	79	0.022900641
170527	1143	0.022900641
170527	3564	0.022900641
170527	105	0.02290064
170575	6083	0.028163157
170575	2528	0.028163156
170575	1722	0.028163154
170575	4900	0.028163154
170575	6391	0.028163154
170575	4369	0.028163152
170575	79	0.02816315
170575	105	0.02816315
170575	1143	0.02816315
170575	3564	0.02816315
170595	1722	0.04599458
170595	2528	0.04599458
170595	6083	0.04599458
170595	4900	0.045994576
170595	1143	0.045994572
170595	3564	0.045994572
170595	4369	0.045994572
170595	6391	0.045994572
170595	79	0.04599457
170595	105	0.04599457
170634	1722	0.03847326
170634	2528	0.03847326
170634	6083	0.03847326
170634	4900	0.038473256
170634	6391	0.038473256
170634	1143	0.038473252
170634	4369	0.038473252
170634	79	0.03847325
170634	105	0.03847325
170634	804	0.03847325
170693	2528	0.028646402
170693	6083	0.028646402
170693	1722	0.028646398
170693	4900	0.028646398
170693	6391	0.028646398
170693	4369	0.028646396
170693	79	0.028646395
170693	105	0.028646395
170693	1143	0.028646395
170693	3564	0.028646395
170724	6083	0.03693854
170724	2528	0.036938537
170724	1722	0.036938533
170724	4900	0.036938533
170724	6391	0.036938533
170724	1143	0.03693853
170724	3564	0.03693853
170724	4369	0.03693853
170724	79	0.036938526
170724	105	0.036938526
170742	2528	0.02696557
170742	6083	0.02696557
170742	1722	0.026965568
170742	4369	0.026965566
170742	4900	0.026965566
170742	6391	0.026965566
170742	79	0.026965564
170742	1143	0.026965564
170742	105	0.026965562
170742	3088	0.026965562
170762	6083	0.0376063
170762	1722	0.037606295
170762	2528	0.037606295
170762	79	0.03760629
170762	3564	0.03760629
170762	4900	0.03760629
170762	6391	0.03760629
170762	1143	0.037606288
170762	4369	0.037606288
170762	105	0.037606284
170792	6083	0.025614485
170792	2528	0.025614483
170792	1722	0.025614481
170792	4900	0.025614481
170792	6391	0.025614481
170792	4369	0.02561448
170792	79	0.025614478
170792	105	0.025614478
170792	1143	0.025614478
170792	3564	0.025614478
170810	2528	0.036439992
170810	6083	0.036439992
170810	1722	0.03643999
170810	4900	0.03643999
170810	79	0.036439985
170810	105	0.036439985
170810	3564	0.036439985
170810	4369	0.036439985
170810	6391	0.036439985
170810	1143	0.03643998
170845	2528	0.03820837
170845	6083	0.03820837
170845	1722	0.038208365
170845	4900	0.038208365
170845	6391	0.038208365
170845	3564	0.03820836
170845	4369	0.03820836
170845	79	0.038208358
170845	105	0.038208358
170845	1143	0.038208358
170850	2528	0.026998939
170850	6083	0.026998939
170850	1722	0.026998937
170850	4900	0.026998937
170850	6391	0.026998935
170850	105	0.026998933
170850	1143	0.026998933
170850	3564	0.026998933
170850	4369	0.026998933
170850	79	0.026998932
170861	6083	0.040847212
170861	1722	0.04084721
170861	2528	0.04084721
170861	1143	0.040847205
170861	4369	0.040847205
170861	4900	0.040847205
170861	6391	0.040847205
170861	105	0.0408472
170861	3088	0.0408472
170861	3564	0.0408472
170866	2528	0.02441927
170866	6083	0.02441927
170866	1722	0.024419269
170866	6391	0.024419269
170866	79	0.024419267
170866	4369	0.024419267
170866	4900	0.024419267
170866	1143	0.024419265
170866	3564	0.024419265
170866	105	0.024419263
170869	2528	0.024715666
170869	6083	0.024715666
170869	1722	0.024715662
170869	4900	0.024715662
170869	6391	0.02471566
170869	79	0.024715658
170869	105	0.024715658
170869	1143	0.024715658
170869	3564	0.024715658
170869	4369	0.024715658
170947	2528	0.035344787
170947	6083	0.035344787
170947	1722	0.035344783
170947	4900	0.035344783
170947	6391	0.035344783
170947	79	0.03534478
170947	105	0.03534478
170947	1143	0.03534478
170947	3564	0.03534478
170947	3917	0.03534478
170966	2528	0.022453137
170966	6083	0.022453137
170966	1722	0.022453135
170966	3564	0.022453133
170966	4369	0.022453133
170966	4900	0.022453133
170966	6391	0.022453133
170966	1143	0.022453131
170966	79	0.02245313
170966	105	0.02245313
171007	6083	0.030833622
171007	1722	0.03083362
171007	2528	0.03083362
171007	4900	0.030833619
171007	6391	0.030833619
171007	4369	0.030833617
171007	79	0.030833615
171007	3564	0.030833615
171007	105	0.030833613
171007	1143	0.030833613
171011	1722	0.031775698
171011	2528	0.031775698
171011	4900	0.031775698
171011	6083	0.031775698
171011	6391	0.031775698
171011	4369	0.031775694
171011	79	0.03177569
171011	105	0.03177569
171011	804	0.03177569
171011	1143	0.03177569
171045	1722	0.023854699
171045	2528	0.023854699
171045	6083	0.023854699
171045	4369	0.023854695
171045	4900	0.023854695
171045	6391	0.023854695
171045	79	0.023854693
171045	3564	0.023854693
171045	105	0.023854692
171045	804	0.023854692
171050	6083	0.022981672
171050	1722	0.02298167
171050	2528	0.02298167
171050	4900	0.022981668
171050	6391	0.022981668
171050	79	0.022981666
171050	1143	0.022981666
171050	3564	0.022981666
171050	4369	0.022981666
171050	105	0.022981664
171055	2528	0.026022099
171055	6083	0.026022099
171055	1722	0.026022097
171055	4369	0.026022095
171055	4900	0.026022095
171055	6391	0.026022095
171055	105	0.026022093
171055	1143	0.026022093
171055	3564	0.026022093
171055	79	0.026022092
171078	6083	0.03392088
171078	1722	0.033920877
171078	2528	0.033920877
171078	4900	0.033920873
171078	6391	0.033920873
171078	79	0.03392087
171078	105	0.03392087
171078	1143	0.03392087
171078	3088	0.03392087
171078	3564	0.03392087
171082	6083	0.030275231
171082	1722	0.03027523
171082	2528	0.03027523
171082	6391	0.030275228
171082	1143	0.030275226
171082	3564	0.030275226
171082	4369	0.030275226
171082	4900	0.030275226
171082	79	0.030275222
171082	105	0.030275222
171096	6083	0.028165238
171096	2528	0.028165236
171096	1722	0.028165234
171096	4369	0.028165232
171096	4900	0.028165232
171096	6391	0.028165232
171096	105	0.02816523
171096	3564	0.02816523
171096	79	0.028165229
171096	1143	0.028165229
171295	6083	0.028560821
171295	1722	0.028560817
171295	2528	0.028560817
171295	4900	0.028560817
171295	6391	0.028560817
171295	4369	0.028560815
171295	79	0.028560814
171295	105	0.028560814
171295	1143	0.028560814
171295	3564	0.028560814
171359	6083	0.022791332
171359	1722	0.02279133
171359	2528	0.02279133
171359	4900	0.02279133
171359	6391	0.02279133
171359	4369	0.022791328
171359	79	0.022791326
171359	1143	0.022791326
171359	3564	0.022791326
171359	5896	0.022791324
171389	6083	0.024322195
171389	1722	0.024322193
171389	2528	0.024322193
171389	6391	0.024322193
171389	4369	0.024322191
171389	4900	0.024322191
171389	79	0.02432219
171389	1143	0.02432219
171389	3564	0.02432219
171389	105	0.024322188
171444	2528	0.032498594
171444	6083	0.032498594
171444	1722	0.03249859
171444	4369	0.03249859
171444	4900	0.03249859
171444	6391	0.03249859
171444	79	0.032498587
171444	105	0.032498587
171444	3564	0.032498587
171444	804	0.032498583
171445	2528	0.03566493
171445	6083	0.03566493
171445	1722	0.035664927
171445	4900	0.035664927
171445	79	0.035664923
171445	1143	0.035664923
171445	3564	0.035664923
171445	4369	0.035664923
171445	6391	0.035664923
171445	3088	0.03566492
171475	2528	0.024837501
171475	6083	0.024837501
171475	1722	0.0248375
171475	4900	0.0248375
171475	6391	0.0248375
171475	3564	0.024837498
171475	4369	0.024837498
171475	105	0.024837496
171475	1143	0.024837496
171475	79	0.024837494
171602	6083	0.030701399
171602	2528	0.030701397
171602	1722	0.030701395
171602	4900	0.030701395
171602	4369	0.030701393
171602	6391	0.030701393
171602	79	0.030701391
171602	1143	0.030701391
171602	3564	0.030701391
171602	105	0.030701388
171638	6083	0.029575381
171638	1722	0.029575378
171638	2528	0.029575378
171638	1143	0.029575374
171638	3564	0.029575374
171638	4369	0.029575374
171638	4900	0.029575374
171638	6391	0.029575374
171638	79	0.02957537
171638	105	0.02957537
171818	1722	0.037514713
171818	2528	0.037514713
171818	6083	0.037514713
171818	3564	0.03751471
171818	4369	0.03751471
171818	4900	0.03751471
171818	6391	0.03751471
171818	1143	0.037514705
171818	79	0.0375147
171818	105	0.0375147
171846	2528	0.02322461
171846	6083	0.02322461
171846	1722	0.023224609
171846	4900	0.023224607
171846	6391	0.023224607
171846	1143	0.023224605
171846	4369	0.023224605
171846	79	0.023224603
171846	105	0.023224603
171846	3088	0.023224603
171904	6083	0.02459278
171904	1722	0.024592776
171904	2528	0.024592776
171904	4369	0.024592776
171904	4900	0.024592776
171904	6391	0.024592776
171904	79	0.024592772
171904	105	0.024592772
171904	1143	0.024592772
171904	3564	0.024592772
171967	2528	0.03215922
171967	6083	0.03215922
171967	1722	0.032159217
171967	4369	0.032159217
171967	4900	0.032159217
171967	6391	0.032159217
171967	79	0.032159213
171967	105	0.032159213
171967	1143	0.032159213
171967	3564	0.032159213
171968	6083	0.03532735
171968	1722	0.035327345
171968	2528	0.035327345
171968	4369	0.035327345
171968	4900	0.035327345
171968	6391	0.035327345
171968	1143	0.03532734
171968	79	0.035327338
171968	105	0.035327338
171968	3088	0.035327338
171970	2528	0.0420455
171970	6083	0.0420455
171970	1722	0.042045496
171970	4900	0.042045496
171970	3564	0.042045493
171970	4369	0.042045493
171970	6391	0.042045493
171970	79	0.04204549
171970	105	0.04204549
171970	1143	0.04204549
171986	6083	0.033616845
171986	1722	0.03361684
171986	2528	0.03361684
171986	4900	0.03361684
171986	6391	0.03361684
171986	3564	0.033616837
171986	79	0.033616833
171986	105	0.033616833
171986	1143	0.033616833
171986	3978	0.033616833
171999	6083	0.030134171
171999	1722	0.030134168
171999	2528	0.030134168
171999	4900	0.030134168
171999	4369	0.030134166
171999	6391	0.030134166
171999	79	0.030134164
171999	3564	0.030134164
171999	105	0.030134162
171999	1143	0.030134162
172010	6083	0.03902343
172010	1722	0.039023425
172010	2528	0.039023425
172010	1143	0.03902342
172010	4369	0.03902342
172010	4900	0.03902342
172010	6391	0.03902342
172010	79	0.039023418
172010	3564	0.039023418
172010	3917	0.039023418
172030	1722	0.036930718
172030	2528	0.036930718
172030	6083	0.036930718
172030	6391	0.036930714
172030	79	0.03693071
172030	105	0.03693071
172030	1143	0.03693071
172030	3564	0.03693071
172030	4369	0.03693071
172030	4900	0.03693071
172048	6083	0.02889198
172048	1722	0.028891977
172048	2528	0.028891977
172048	6391	0.028891977
172048	4369	0.028891975
172048	4900	0.028891975
172048	1143	0.028891973
172048	3564	0.028891973
172048	79	0.028891971
172048	105	0.028891971
172061	6083	0.02949379
172061	1722	0.029493786
172061	2528	0.029493786
172061	1143	0.029493783
172061	3564	0.029493783
172061	4369	0.029493783
172061	4900	0.029493783
172061	6391	0.029493783
172061	79	0.02949378
172061	105	0.029493779
172091	6083	0.028371075
172091	1722	0.028371073
172091	2528	0.028371073
172091	4369	0.028371071
172091	4900	0.028371071
172091	6391	0.028371071
172091	1143	0.02837107
172091	3564	0.02837107
172091	79	0.028371068
172091	105	0.028371066
172119	6083	0.033135217
172119	1722	0.033135213
172119	2528	0.033135213
172119	4900	0.033135213
172119	6391	0.033135213
172119	4369	0.03313521
172119	79	0.033135206
172119	105	0.033135206
172119	804	0.033135206
172119	1143	0.033135206
172180	6083	0.028293153
172180	1722	0.028293151
172180	2528	0.028293151
172180	4900	0.02829315
172180	6391	0.02829315
172180	1143	0.028293148
172180	3564	0.028293148
172180	4369	0.028293148
172180	79	0.028293146
172180	105	0.028293146
172192	6083	0.020708775
172192	1722	0.020708773
172192	2528	0.020708773
172192	4369	0.020708773
172192	4900	0.020708773
172192	6391	0.020708773
172192	3564	0.020708771
172192	79	0.02070877
172192	105	0.02070877
172192	804	0.02070877
172203	6083	0.027818
172203	1722	0.027817998
172203	2528	0.027817998
172203	4900	0.027817998
172203	6391	0.027817998
172203	79	0.027817994
172203	1143	0.027817994
172203	3564	0.027817994
172203	4369	0.027817994
172203	105	0.027817992
172215	2528	0.038757898
172215	6083	0.038757898
172215	1722	0.038757894
172215	4900	0.038757894
172215	6391	0.038757894
172215	79	0.03875789
172215	105	0.03875789
172215	1143	0.03875789
172215	3564	0.03875789
172215	3917	0.03875789
172216	6083	0.026551481
172216	1722	0.026551478
172216	2528	0.026551478
172216	4900	0.026551478
172216	6391	0.026551476
172216	79	0.026551474
172216	1143	0.026551474
172216	3564	0.026551474
172216	4369	0.026551474
172216	105	0.026551472
172331	6083	0.02273143
172331	2528	0.022731429
172331	1722	0.022731427
172331	6391	0.022731427
172331	1143	0.022731425
172331	4369	0.022731425
172331	4900	0.022731425
172331	79	0.022731423
172331	3564	0.022731423
172331	3917	0.022731423
172374	2528	0.016149322
172374	6083	0.016149322
172374	1722	0.01614932
172374	4369	0.01614932
172374	4900	0.01614932
172374	6391	0.01614932
172374	105	0.016149318
172374	1143	0.016149318
172374	3088	0.016149318
172374	3564	0.016149318
172512	6083	0.038519196
172512	1722	0.038519192
172512	2528	0.038519192
172512	6391	0.038519192
172512	4369	0.03851919
172512	4900	0.03851919
172512	1143	0.038519185
172512	3564	0.038519185
172512	3917	0.038519185
172512	79	0.03851918
172539	1722	0.030034058
172539	2528	0.030034058
172539	6083	0.030034058
172539	6391	0.030034056
172539	3564	0.030034054
172539	4369	0.030034054
172539	4900	0.030034054
172539	1143	0.030034052
172539	79	0.03003405
172539	105	0.03003405
172613	1722	0.033694863
172613	2528	0.033694863
172613	6083	0.033694863
172613	1143	0.03369486
172613	3564	0.03369486
172613	4369	0.03369486
172613	4900	0.03369486
172613	6391	0.03369486
172613	79	0.033694856
172613	105	0.033694856
172676	2528	0.030791791
172676	6083	0.030791791
172676	1722	0.03079179
172676	4900	0.03079179
172676	6391	0.030791787
172676	105	0.030791786
172676	1143	0.030791786
172676	4369	0.030791786
172676	79	0.030791784
172676	3564	0.030791784
172700	6083	0.038718406
172700	1722	0.038718402
172700	2528	0.038718402
172700	4900	0.038718402
172700	6391	0.038718402
172700	3564	0.0387184
172700	4369	0.0387184
172700	79	0.038718395
172700	105	0.038718395
172700	1143	0.038718395
172760	1722	0.032822125
172760	6083	0.032822125
172760	2528	0.03282212
172760	4900	0.03282212
172760	6391	0.03282212
172760	79	0.032822117
172760	1143	0.032822117
172760	3564	0.032822117
172760	4369	0.032822117
172760	105	0.032822113
173111	6083	0.026412264
173111	1722	0.026412262
173111	2528	0.026412262
173111	4369	0.02641226
173111	4900	0.02641226
173111	6391	0.02641226
173111	3564	0.026412258
173111	79	0.026412256
173111	105	0.026412256
173111	1143	0.026412256
173131	2528	0.031284764
173131	6083	0.031284764
173131	1722	0.03128476
173131	4900	0.03128476
173131	79	0.031284757
173131	1143	0.031284757
173131	3564	0.031284757
173131	4369	0.031284757
173131	6391	0.031284757
173131	105	0.031284753
173190	2528	0.027776096
173190	6083	0.027776096
173190	1722	0.027776094
173190	4369	0.027776092
173190	4900	0.027776092
173190	6391	0.027776092
173190	3564	0.02777609
173190	79	0.027776089
173190	105	0.027776089
173190	1143	0.027776089
173225	6083	0.030915456
173225	1722	0.030915454
173225	2528	0.030915454
173225	6391	0.030915452
173225	4369	0.03091545
173225	4900	0.03091545
173225	3564	0.030915448
173225	79	0.030915447
173225	105	0.030915447
173225	1143	0.030915447
173291	6083	0.025811015
173291	1722	0.025811013
173291	2528	0.025811013
173291	4900	0.025811013
173291	6391	0.025811013
173291	4369	0.025811011
173291	79	0.02581101
173291	1143	0.02581101
173291	3564	0.02581101
173291	105	0.025811007
173343	6083	0.026353678
173343	1722	0.026353676
173343	2528	0.026353676
173343	4900	0.026353676
173343	6391	0.026353676
173343	4369	0.026353674
173343	3564	0.026353672
173343	79	0.02635367
173343	105	0.02635367
173343	1143	0.02635367
173415	6083	0.02835377
173415	1722	0.028353766
173415	2528	0.028353766
173415	4369	0.028353764
173415	4900	0.028353764
173415	6391	0.028353764
173415	105	0.028353762
173415	1143	0.028353762
173415	3564	0.028353762
173415	3917	0.02835376
173481	2528	0.036007833
173481	6083	0.036007833
173481	1722	0.03600783
173481	3564	0.03600783
173481	4369	0.03600783
173481	4900	0.03600783
173481	6391	0.03600783
173481	79	0.036007825
173481	1143	0.036007825
173481	105	0.03600782
173486	6083	0.044492923
173486	1722	0.04449292
173486	2528	0.04449292
173486	4369	0.044492915
173486	4900	0.044492915
173486	6391	0.044492915
173486	3564	0.04449291
173486	79	0.044492908
173486	105	0.044492908
173486	1143	0.044492908
173511	6083	0.030723387
173511	2528	0.030723386
173511	1722	0.030723384
173511	4369	0.030723382
173511	4900	0.030723382
173511	6391	0.030723382
173511	3564	0.03072338
173511	79	0.030723378
173511	105	0.030723378
173511	1143	0.030723378
173517	2528	0.030919995
173517	6083	0.030919995
173517	1722	0.030919993
173517	4900	0.030919991
173517	6391	0.030919991
173517	4369	0.03091999
173517	79	0.030919988
173517	1143	0.030919988
173517	3564	0.030919988
173517	105	0.030919986
173650	1722	0.024965007
173650	2528	0.024965007
173650	6083	0.024965007
173650	4900	0.024965005
173650	6391	0.024965005
173650	1143	0.024965003
173650	3564	0.024965003
173650	4369	0.024965003
173650	79	0.024965001
173650	105	0.024965001
173679	6083	0.03801597
173679	1722	0.038015965
173679	2528	0.038015965
173679	4369	0.03801596
173679	4900	0.03801596
173679	6391	0.03801596
173679	1143	0.038015958
173679	3564	0.038015958
173679	79	0.038015954
173679	105	0.038015954
173684	1722	0.0391049
173684	2528	0.0391049
173684	6083	0.0391049
173684	4369	0.039104898
173684	4900	0.039104898
173684	79	0.039104894
173684	1143	0.039104894
173684	3088	0.039104894
173684	3564	0.039104894
173684	3917	0.039104894
173728	6083	0.021194708
173728	1722	0.021194704
173728	2528	0.021194704
173728	4900	0.021194704
173728	6391	0.021194704
173728	79	0.021194702
173728	1143	0.021194702
173728	4369	0.021194702
173728	105	0.0211947
173728	804	0.0211947
173773	2528	0.029166585
173773	6083	0.029166585
173773	1722	0.029166581
173773	6391	0.029166581
173773	1143	0.02916658
173773	4369	0.02916658
173773	4900	0.02916658
173773	3564	0.029166577
173773	79	0.029166576
173773	105	0.029166576
173835	2528	0.021043424
173835	6083	0.021043424
173835	1722	0.021043422
173835	4900	0.021043422
173835	6391	0.021043422
173835	79	0.02104342
173835	3564	0.02104342
173835	4369	0.02104342
173835	105	0.021043418
173835	1143	0.021043418
173860	1722	0.037149906
173860	2528	0.037149906
173860	4900	0.037149906
173860	6083	0.037149906
173860	6391	0.037149902
173860	79	0.0371499
173860	1143	0.0371499
173860	3564	0.0371499
173860	4369	0.0371499
173860	105	0.037149895
173951	6083	0.030418297
173951	1722	0.030418295
173951	2528	0.030418295
173951	6391	0.030418294
173951	4369	0.030418292
173951	4900	0.030418292
173951	79	0.03041829
173951	1143	0.03041829
173951	3564	0.03041829
173951	105	0.030418288
174034	6083	0.030528344
174034	1722	0.030528342
174034	2528	0.030528342
174034	4369	0.03052834
174034	4900	0.03052834
174034	6391	0.03052834
174034	1143	0.030528337
174034	3564	0.030528337
174034	79	0.030528335
174034	105	0.030528335
174062	2528	0.03360055
174062	6083	0.03360055
174062	1722	0.033600546
174062	4369	0.033600546
174062	4900	0.033600546
174062	6391	0.033600546
174062	79	0.033600543
174062	105	0.033600543
174062	1143	0.033600543
174062	1557	0.03360054
174072	2528	0.03548558
174072	6083	0.03548558
174072	1722	0.035485577
174072	79	0.035485573
174072	1143	0.035485573
174072	3564	0.035485573
174072	4369	0.035485573
174072	4900	0.035485573
174072	6391	0.035485573
174072	1557	0.03548557
174092	6083	0.041577145
174092	1722	0.04157714
174092	2528	0.04157714
174092	4369	0.041577138
174092	4900	0.041577138
174092	6391	0.041577138
174092	3564	0.041577134
174092	79	0.04157713
174092	105	0.04157713
174092	804	0.04157713
174151	6083	0.028333452
174151	2528	0.02833345
174151	1722	0.028333448
174151	4369	0.028333448
174151	4900	0.028333448
174151	6391	0.028333448
174151	79	0.028333444
174151	1143	0.028333444
174151	3564	0.028333444
174151	105	0.028333442
174179	2528	0.027321868
174179	6083	0.027321868
174179	1722	0.027321866
174179	4369	0.027321864
174179	4900	0.027321864
174179	6391	0.027321864
174179	79	0.02732186
174179	105	0.02732186
174179	1143	0.02732186
174179	3088	0.02732186
174195	1722	0.021193188
174195	2528	0.021193188
174195	4900	0.021193188
174195	6083	0.021193188
174195	4369	0.021193186
174195	6391	0.021193186
174195	79	0.021193184
174195	105	0.021193184
174195	1143	0.021193184
174195	3564	0.021193184
174216	1722	0.05094199
174216	2528	0.05094199
174216	6083	0.05094199
174216	4900	0.050941985
174216	6391	0.050941985
174216	1143	0.05094198
174216	3564	0.05094198
174216	4369	0.05094198
174216	79	0.050941978
174216	105	0.050941974
174322	6083	0.027065676
174322	2528	0.027065674
174322	1722	0.027065672
174322	4900	0.027065672
174322	6391	0.027065672
174322	79	0.027065668
174322	1143	0.027065668
174322	3564	0.027065668
174322	4369	0.027065668
174322	5896	0.027065668
174326	1722	0.039343968
174326	2528	0.039343968
174326	4900	0.039343968
174326	6083	0.039343968
174326	6391	0.039343968
174326	79	0.03934396
174326	105	0.03934396
174326	1143	0.03934396
174326	3088	0.03934396
174326	3564	0.03934396
174334	1722	0.031672336
174334	2528	0.031672336
174334	6083	0.031672336
174334	4900	0.031672332
174334	6391	0.031672332
174334	79	0.03167233
174334	105	0.03167233
174334	1143	0.03167233
174334	3564	0.03167233
174334	4369	0.03167233
174367	1722	0.03357163
174367	2528	0.03357163
174367	6083	0.03357163
174367	6391	0.033571627
174367	105	0.033571623
174367	1143	0.033571623
174367	3088	0.033571623
174367	3564	0.033571623
174367	4369	0.033571623
174367	4900	0.033571623
174375	6083	0.022642517
174375	1722	0.022642516
174375	2528	0.022642516
174375	4900	0.022642514
174375	79	0.022642512
174375	105	0.022642512
174375	1143	0.022642512
174375	3564	0.022642512
174375	4369	0.022642512
174375	6391	0.022642512
174428	6083	0.030374061
174428	1722	0.030374058
174428	2528	0.030374058
174428	6391	0.030374058
174428	4900	0.030374056
174428	3564	0.030374054
174428	4369	0.030374054
174428	79	0.030374052
174428	105	0.030374052
174428	1143	0.030374052
174501	2528	0.022902014
174501	6083	0.022902014
174501	1722	0.022902012
174501	4900	0.022902012
174501	6391	0.022902012
174501	4369	0.02290201
174501	79	0.022902008
174501	105	0.022902008
174501	1143	0.022902008
174501	3088	0.022902008
174503	2528	0.02456933
174503	6083	0.02456933
174503	1722	0.024569329
174503	6391	0.024569329
174503	4369	0.024569327
174503	4900	0.024569327
174503	79	0.024569325
174503	1143	0.024569325
174503	3564	0.024569325
174503	3917	0.024569325
174534	6083	0.03461138
174534	2528	0.034611378
174534	79	0.034611374
174534	1143	0.034611374
174534	1722	0.034611374
174534	3564	0.034611374
174534	4369	0.034611374
174534	4900	0.034611374
174534	6391	0.034611374
174534	105	0.03461137
174590	6083	0.028542396
174590	2528	0.028542394
174590	1722	0.028542392
174590	4900	0.028542392
174590	6391	0.028542392
174590	4369	0.02854239
174590	79	0.028542388
174590	1143	0.028542388
174590	3564	0.028542388
174590	105	0.028542386
174596	6083	0.03597342
174596	1722	0.035973415
174596	2528	0.035973415
174596	4900	0.035973415
174596	6391	0.035973415
174596	79	0.035973407
174596	105	0.035973407
174596	804	0.035973407
174596	1143	0.035973407
174596	3088	0.035973407
174615	2528	0.029662777
174615	6083	0.029662777
174615	1722	0.029662773
174615	4369	0.029662773
174615	4900	0.029662773
174615	6391	0.029662773
174615	79	0.02966277
174615	105	0.02966277
174615	1143	0.02966277
174615	3564	0.02966277
174625	6083	0.02966089
174625	1722	0.029660888
174625	2528	0.029660888
174625	6391	0.029660886
174625	4369	0.029660884
174625	4900	0.029660884
174625	1143	0.029660882
174625	79	0.02966088
174625	105	0.02966088
174625	3088	0.02966088
174633	6083	0.029253537
174633	1722	0.029253535
174633	2528	0.029253535
174633	6391	0.029253533
174633	4369	0.029253531
174633	4900	0.029253531
174633	1143	0.02925353
174633	3564	0.02925353
174633	79	0.029253528
174633	105	0.029253528
174692	6083	0.03066695
174692	1722	0.030666947
174692	2528	0.030666947
174692	6391	0.030666946
174692	3564	0.030666944
174692	4369	0.030666944
174692	4900	0.030666944
174692	79	0.030666942
174692	1143	0.030666942
174692	105	0.03066694
174700	6083	0.031235343
174700	1722	0.031235341
174700	2528	0.031235341
174700	6391	0.03123534
174700	4369	0.031235337
174700	4900	0.031235337
174700	1143	0.031235335
174700	79	0.031235334
174700	105	0.031235334
174700	3564	0.031235334
174726	6083	0.029139534
174726	1722	0.02913953
174726	2528	0.02913953
174726	4900	0.02913953
174726	6391	0.02913953
174726	4369	0.029139528
174726	1143	0.029139526
174726	3564	0.029139526
174726	79	0.029139524
174726	105	0.029139522
174738	6083	0.029143836
174738	1722	0.029143833
174738	2528	0.029143833
174738	4900	0.029143833
174738	6391	0.029143833
174738	3564	0.029143829
174738	4369	0.029143829
174738	79	0.029143827
174738	1143	0.029143827
174738	105	0.029143825
174827	2528	0.024017446
174827	6083	0.024017446
174827	1722	0.024017444
174827	4369	0.024017442
174827	4900	0.024017442
174827	6391	0.024017442
174827	79	0.02401744
174827	105	0.02401744
174827	3564	0.02401744
174827	804	0.024017438
174830	2528	0.038396213
174830	6083	0.038396213
174830	1722	0.03839621
174830	4900	0.03839621
174830	6391	0.03839621
174830	79	0.038396206
174830	1143	0.038396206
174830	4369	0.038396206
174830	105	0.038396202
174830	804	0.038396202
174834	6083	0.022564271
174834	1722	0.02256427
174834	2528	0.02256427
174834	4900	0.02256427
174834	6391	0.02256427
174834	3564	0.022564268
174834	4369	0.022564268
174834	79	0.022564266
174834	105	0.022564266
174834	1143	0.022564266
174848	2528	0.03014864
174848	6083	0.03014864
174848	1722	0.030148637
174848	4369	0.030148637
174848	4900	0.030148637
174848	6391	0.030148637
174848	79	0.030148633
174848	1143	0.030148633
174848	3564	0.030148633
174848	3917	0.030148633
174851	2528	0.028556269
174851	6083	0.028556269
174851	1722	0.028556267
174851	3564	0.028556265
174851	4369	0.028556265
174851	4900	0.028556265
174851	6391	0.028556265
174851	1143	0.028556263
174851	79	0.028556261
174851	105	0.028556261
174892	2528	0.03540436
174892	6083	0.03540436
174892	1143	0.035404354
174892	1722	0.035404354
174892	3564	0.035404354
174892	4369	0.035404354
174892	4900	0.035404354
174892	6391	0.035404354
174892	79	0.03540435
174892	105	0.03540435
174914	6083	0.02336586
174914	1722	0.023365859
174914	2528	0.023365859
174914	6391	0.023365859
174914	4900	0.023365857
174914	79	0.023365855
174914	105	0.023365855
174914	1143	0.023365855
174914	3564	0.023365855
174914	4369	0.023365855
174918	2528	0.025840633
174918	6083	0.025840633
174918	1722	0.02584063
174918	3564	0.025840629
174918	4369	0.025840629
174918	4900	0.025840629
174918	6391	0.025840629
174918	79	0.025840627
174918	1143	0.025840627
174918	105	0.025840625
175003	2528	0.025020344
175003	6083	0.025020344
175003	1722	0.025020342
175003	6391	0.025020342
175003	3564	0.02502034
175003	4900	0.02502034
175003	79	0.025020339
175003	105	0.025020339
175003	1143	0.025020339
175003	3088	0.025020339
175052	6083	0.03492997
175052	1722	0.03492996
175052	2528	0.03492996
175052	4369	0.03492996
175052	4900	0.03492996
175052	6391	0.03492996
175052	3564	0.034929957
175052	79	0.034929954
175052	105	0.034929954
175052	804	0.034929954
175070	6083	0.025966343
175070	2528	0.02596634
175070	1722	0.025966339
175070	4369	0.025966339
175070	6391	0.025966339
175070	4900	0.025966337
175070	79	0.025966335
175070	1143	0.025966335
175070	3564	0.025966335
175070	105	0.025966333
175100	6083	0.028686445
175100	2528	0.028686443
175100	1722	0.028686441
175100	4900	0.028686441
175100	6391	0.028686441
175100	4369	0.02868644
175100	79	0.028686438
175100	1143	0.028686438
175100	3564	0.028686438
175100	3917	0.028686438
175101	6083	0.034630977
175101	2528	0.034630973
175101	6391	0.034630973
175101	1722	0.03463097
175101	3564	0.03463097
175101	4369	0.03463097
175101	4900	0.03463097
175101	105	0.034630965
175101	1143	0.034630965
175101	5896	0.034630965
175117	6083	0.028324483
175117	1722	0.028324481
175117	2528	0.028324481
175117	3564	0.028324477
175117	4369	0.028324477
175117	4900	0.028324477
175117	6391	0.028324477
175117	79	0.028324476
175117	1143	0.028324476
175117	105	0.028324474
175205	6083	0.02961999
175205	1722	0.029619988
175205	2528	0.029619988
175205	4900	0.029619986
175205	3564	0.029619984
175205	4369	0.029619984
175205	6391	0.029619984
175205	1143	0.029619982
175205	79	0.02961998
175205	105	0.02961998
175254	6083	0.02585321
175254	1722	0.025853207
175254	2528	0.025853207
175254	4369	0.025853205
175254	4900	0.025853205
175254	6391	0.025853205
175254	1143	0.025853204
175254	3564	0.025853204
175254	79	0.025853202
175254	105	0.025853202
175271	6083	0.021876922
175271	1722	0.02187692
175271	2528	0.02187692
175271	4900	0.02187692
175271	6391	0.02187692
175271	79	0.021876916
175271	1143	0.021876916
175271	3564	0.021876916
175271	3917	0.021876916
175271	4369	0.021876916
175278	6083	0.024858845
175278	1722	0.024858844
175278	2528	0.024858844
175278	4900	0.024858842
175278	79	0.02485884
175278	3564	0.02485884
175278	4369	0.02485884
175278	6391	0.02485884
175278	1143	0.024858838
175278	105	0.024858836
175287	2528	0.024413843
175287	6083	0.024413843
175287	1722	0.02441384
175287	6391	0.02441384
175287	3564	0.024413839
175287	4369	0.024413839
175287	4900	0.024413839
175287	79	0.024413837
175287	1143	0.024413837
175287	105	0.024413835
175463	6083	0.032451913
175463	1722	0.032451905
175463	2528	0.032451905
175463	3564	0.032451905
175463	4369	0.032451905
175463	4900	0.032451905
175463	6391	0.032451905
175463	79	0.0324519
175463	105	0.0324519
175463	1143	0.0324519
175529	6083	0.030223317
175529	2528	0.030223316
175529	1722	0.030223314
175529	4900	0.030223314
175529	6391	0.030223314
175529	1143	0.03022331
175529	3564	0.03022331
175529	4369	0.03022331
175529	79	0.030223308
175529	105	0.030223306
175536	6083	0.024976306
175536	2528	0.024976304
175536	1722	0.024976302
175536	4369	0.024976302
175536	4900	0.024976302
175536	6391	0.024976302
175536	79	0.024976298
175536	105	0.024976298
175536	1143	0.024976298
175536	3564	0.024976298
175636	2528	0.024702016
175636	6083	0.024702016
175636	1722	0.024702014
175636	4369	0.024702013
175636	4900	0.024702013
175636	6391	0.024702013
175636	79	0.02470201
175636	3564	0.02470201
175636	105	0.024702009
175636	1143	0.024702009
175794	1722	0.024691261
175794	2528	0.024691261
175794	6083	0.024691261
175794	6391	0.02469126
175794	1143	0.024691258
175794	3564	0.024691258
175794	4369	0.024691258
175794	4900	0.024691258
175794	79	0.024691256
175794	105	0.024691256
175978	6083	0.024550755
175978	1722	0.02455075
175978	2528	0.02455075
175978	4900	0.02455075
175978	4369	0.024550749
175978	6391	0.024550749
175978	79	0.024550747
175978	105	0.024550747
175978	1143	0.024550747
175978	3564	0.024550747
176094	1722	0.034714207
176094	2528	0.034714207
176094	4900	0.034714207
176094	6083	0.034714207
176094	79	0.0347142
176094	1143	0.0347142
176094	3088	0.0347142
176094	3564	0.0347142
176094	4369	0.0347142
176094	6391	0.0347142
176102	6083	0.02051962
176102	1722	0.020519618
176102	2528	0.020519618
176102	4900	0.020519618
176102	6391	0.020519618
176102	4369	0.020519616
176102	79	0.020519614
176102	105	0.020519614
176102	1143	0.020519614
176102	3564	0.020519614
176214	2528	0.04108399
176214	6083	0.04108399
176214	1722	0.041083988
176214	3564	0.041083984
176214	4369	0.041083984
176214	4900	0.041083984
176214	6391	0.041083984
176214	79	0.04108398
176214	1143	0.04108398
176214	105	0.041083977
176256	6083	0.027569309
176256	2528	0.027569307
176256	1722	0.027569305
176256	4900	0.027569305
176256	6391	0.027569305
176256	4369	0.027569303
176256	79	0.027569301
176256	1143	0.027569301
176256	3564	0.027569301
176256	105	0.0275693
176348	6083	0.029616624
176348	2528	0.029616622
176348	1722	0.02961662
176348	4900	0.02961662
176348	6391	0.02961662
176348	4369	0.029616619
176348	105	0.029616617
176348	3564	0.029616617
176348	79	0.029616615
176348	1143	0.029616615
176459	6083	0.036962494
176459	1722	0.03696249
176459	2528	0.03696249
176459	3564	0.036962487
176459	4369	0.036962487
176459	4900	0.036962487
176459	6391	0.036962487
176459	79	0.036962483
176459	1143	0.036962483
176459	105	0.03696248
176481	6083	0.037635475
176481	1722	0.03763547
176481	2528	0.03763547
176481	1143	0.037635468
176481	3564	0.037635468
176481	4369	0.037635468
176481	4900	0.037635468
176481	6391	0.037635468
176481	79	0.037635464
176481	105	0.037635464
176526	1722	0.028798416
176526	2528	0.028798416
176526	6083	0.028798416
176526	4369	0.028798413
176526	4900	0.028798413
176526	6391	0.028798413
176526	1143	0.02879841
176526	79	0.028798409
176526	105	0.028798409
176526	3088	0.028798409
176576	6083	0.021838894
176576	1722	0.021838892
176576	2528	0.021838892
176576	4900	0.02183889
176576	79	0.021838889
176576	1143	0.021838889
176576	3564	0.021838889
176576	4369	0.021838889
176576	6391	0.021838889
176576	105	0.021838887
176597	2528	0.027432252
176597	6083	0.027432252
176597	4900	0.02743225
176597	1722	0.027432248
176597	6391	0.027432248
176597	3564	0.027432246
176597	4369	0.027432246
176597	79	0.027432244
176597	105	0.027432244
176597	1143	0.027432244
176656	6083	0.028658068
176656	2528	0.028658066
176656	1722	0.028658064
176656	6391	0.028658064
176656	4369	0.028658062
176656	4900	0.028658062
176656	79	0.02865806
176656	105	0.02865806
176656	1143	0.02865806
176656	3564	0.02865806
176667	2528	0.03770264
176667	6083	0.03770264
176667	1722	0.037702635
176667	4369	0.037702635
176667	4900	0.037702635
176667	6391	0.037702635
176667	1143	0.03770263
176667	3564	0.03770263
176667	79	0.037702627
176667	105	0.037702627
176785	1722	0.027484488
176785	2528	0.027484488
176785	6083	0.027484488
176785	4369	0.027484484
176785	4900	0.027484484
176785	6391	0.027484484
176785	1143	0.027484482
176785	3564	0.027484482
176785	79	0.02748448
176785	105	0.02748448
176853	6083	0.02764145
176853	2528	0.027641447
176853	1722	0.027641445
176853	6391	0.027641445
176853	4369	0.027641444
176853	4900	0.027641444
176853	79	0.027641442
176853	105	0.027641442
176853	1143	0.027641442
176853	3564	0.027641442
176875	6083	0.03430085
176875	2528	0.034300845
176875	1722	0.03430084
176875	3564	0.03430084
176875	4369	0.03430084
176875	4900	0.03430084
176875	6391	0.03430084
176875	79	0.034300838
176875	105	0.034300838
176875	1143	0.034300838
176879	2528	0.03055238
176879	6083	0.03055238
176879	1722	0.030552378
176879	4900	0.030552376
176879	6391	0.030552376
176879	79	0.030552372
176879	1143	0.030552372
176879	3088	0.030552372
176879	3564	0.030552372
176879	4369	0.030552372
176887	6083	0.030714575
176887	1722	0.030714571
176887	2528	0.030714571
176887	6391	0.030714571
176887	4369	0.03071457
176887	4900	0.03071457
176887	79	0.030714568
176887	1143	0.030714568
176887	3564	0.030714568
176887	105	0.030714566
176902	6083	0.036123242
176902	1722	0.03612324
176902	2528	0.03612324
176902	6391	0.03612324
176902	4900	0.036123235
176902	79	0.03612323
176902	105	0.03612323
176902	1143	0.03612323
176902	3088	0.03612323
176902	3564	0.03612323
176903	6083	0.025233407
176903	1722	0.025233405
176903	2528	0.025233403
176903	4900	0.025233403
176903	6391	0.025233403
176903	3564	0.025233401
176903	4369	0.025233401
176903	79	0.0252334
176903	105	0.0252334
176903	1143	0.0252334
177040	1722	0.029043946
177040	6083	0.029043946
177040	2528	0.029043945
177040	4369	0.029043943
177040	4900	0.029043943
177040	6391	0.029043943
177040	79	0.029043939
177040	105	0.029043939
177040	1143	0.029043939
177040	3564	0.029043939
177072	6083	0.025456496
177072	1722	0.025456494
177072	2528	0.025456494
177072	4369	0.025456492
177072	4900	0.025456492
177072	6391	0.025456492
177072	3564	0.02545649
177072	79	0.025456488
177072	105	0.025456488
177072	1143	0.025456488
177073	1722	0.03296987
177073	2528	0.03296987
177073	6083	0.03296987
177073	6391	0.032969866
177073	79	0.032969862
177073	105	0.032969862
177073	1143	0.032969862
177073	3564	0.032969862
177073	4369	0.032969862
177073	4900	0.032969862
177090	1722	0.039544404
177090	6083	0.039544404
177090	2528	0.0395444
177090	4900	0.0395444
177090	79	0.039544396
177090	1143	0.039544396
177090	4369	0.039544396
177090	6391	0.039544396
177090	105	0.039544392
177090	3088	0.039544392
177091	1722	0.04057698
177091	2528	0.04057698
177091	6083	0.04057698
177091	6391	0.04057698
177091	4369	0.040576976
177091	4900	0.040576976
177091	79	0.040576972
177091	105	0.040576972
177091	1143	0.040576972
177091	3564	0.040576972
177157	2528	0.024036318
177157	6083	0.024036318
177157	1722	0.024036316
177157	6391	0.024036316
177157	1143	0.024036314
177157	3564	0.024036314
177157	4369	0.024036314
177157	4900	0.024036314
177157	79	0.024036312
177157	105	0.024036312
177186	6083	0.031958256
177186	1722	0.031958252
177186	2528	0.031958252
177186	4369	0.031958252
177186	4900	0.031958252
177186	6391	0.031958252
177186	3564	0.03195825
177186	79	0.031958245
177186	105	0.031958245
177186	804	0.031958245
177195	1722	0.035229005
177195	2528	0.035229005
177195	4900	0.035229005
177195	6083	0.035229005
177195	4369	0.035229
177195	6391	0.035229
177195	79	0.035228997
177195	105	0.035228997
177195	804	0.035228997
177195	1143	0.035228997
177233	2528	0.034180216
177233	6083	0.034180216
177233	1722	0.034180213
177233	6391	0.034180213
177233	79	0.03418021
177233	1143	0.03418021
177233	3564	0.03418021
177233	4369	0.03418021
177233	4900	0.03418021
177233	105	0.034180205
177237	2528	0.026140897
177237	6083	0.026140897
177237	1722	0.026140895
177237	4900	0.026140895
177237	6391	0.026140893
177237	79	0.026140891
177237	1143	0.026140891
177237	3564	0.026140891
177237	4369	0.026140891
177237	105	0.02614089
177262	1722	0.03666924
177262	2528	0.03666924
177262	4900	0.03666924
177262	6083	0.03666924
177262	6391	0.03666924
177262	4369	0.036669236
177262	79	0.036669232
177262	105	0.036669232
177262	1143	0.036669232
177262	3088	0.036669232
177277	1722	0.033315673
177277	2528	0.033315673
177277	6083	0.033315673
177277	6391	0.03331567
177277	79	0.033315666
177277	105	0.033315666
177277	1143	0.033315666
177277	3564	0.033315666
177277	4369	0.033315666
177277	4900	0.033315666
177284	6083	0.032422658
177284	1722	0.032422654
177284	2528	0.032422654
177284	6391	0.032422654
177284	79	0.03242265
177284	3564	0.03242265
177284	4369	0.03242265
177284	4900	0.03242265
177284	105	0.032422647
177284	804	0.032422647
177295	1722	0.038084507
177295	2528	0.038084507
177295	6083	0.038084507
177295	6391	0.038084507
177295	4369	0.038084503
177295	4900	0.038084503
177295	79	0.0380845
177295	105	0.0380845
177295	804	0.0380845
177295	1143	0.0380845
177349	6083	0.028914219
177349	2528	0.028914217
177349	1722	0.028914215
177349	3564	0.028914213
177349	4369	0.028914213
177349	4900	0.028914213
177349	6391	0.028914213
177349	1143	0.028914211
177349	79	0.02891421
177349	105	0.02891421
177374	2528	0.04534226
177374	6083	0.04534226
177374	1143	0.04534225
177374	1722	0.04534225
177374	4369	0.04534225
177374	4900	0.04534225
177374	6391	0.04534225
177374	79	0.045342248
177374	105	0.045342244
177374	804	0.045342244
177375	6083	0.051065493
177375	1722	0.05106549
177375	2528	0.05106549
177375	4369	0.051065482
177375	4900	0.051065482
177375	6391	0.051065482
177375	79	0.05106548
177375	3564	0.05106548
177375	1143	0.051065475
177375	3088	0.051065475
177451	6083	0.026899163
177451	1722	0.02689916
177451	2528	0.026899159
177451	6391	0.026899159
177451	4369	0.026899157
177451	4900	0.026899157
177451	79	0.026899155
177451	105	0.026899155
177451	1143	0.026899155
177451	3564	0.026899155
177492	6083	0.039779395
177492	1722	0.039779387
177492	2528	0.039779387
177492	4369	0.039779387
177492	4900	0.039779387
177492	6391	0.039779387
177492	1143	0.039779384
177492	79	0.03977938
177492	105	0.03977938
177492	1557	0.03977938
177569	1722	0.025339473
177569	2528	0.025339473
177569	6083	0.025339473
177569	4900	0.025339471
177569	6391	0.025339471
177569	79	0.02533947
177569	1143	0.02533947
177569	3564	0.02533947
177569	4369	0.02533947
177569	105	0.025339467
177590	6083	0.028761955
177590	1722	0.028761953
177590	2528	0.028761953
177590	4369	0.028761951
177590	4900	0.028761951
177590	6391	0.028761951
177590	79	0.02876195
177590	1143	0.02876195
177590	3564	0.02876195
177590	105	0.028761946
177683	1722	0.028432548
177683	2528	0.028432548
177683	6083	0.028432548
177683	4900	0.028432546
177683	6391	0.028432546
177683	1143	0.028432544
177683	3564	0.028432544
177683	4369	0.028432544
177683	79	0.028432542
177683	105	0.02843254
177690	6083	0.03070655
177690	2528	0.030706549
177690	1722	0.030706547
177690	6391	0.030706547
177690	4369	0.030706545
177690	4900	0.030706545
177690	1143	0.030706543
177690	3564	0.030706543
177690	79	0.030706542
177690	105	0.03070654
177862	1722	0.028998569
177862	2528	0.028998569
177862	6083	0.028998569
177862	4369	0.028998565
177862	4900	0.028998565
177862	6391	0.028998565
177862	1143	0.028998563
177862	79	0.028998561
177862	105	0.028998561
177862	3564	0.028998561
177876	2528	0.01828928
177876	6083	0.01828928
177876	1722	0.018289277
177876	4900	0.018289277
177876	1143	0.018289275
177876	3564	0.018289275
177876	4369	0.018289275
177876	6391	0.018289275
177876	79	0.018289274
177876	105	0.018289274
178035	2528	0.030542191
178035	6083	0.030542191
178035	1722	0.030542187
178035	4900	0.030542187
178035	6391	0.030542187
178035	4369	0.030542186
178035	79	0.030542184
178035	105	0.030542184
178035	1143	0.030542184
178035	3564	0.030542184
178058	6083	0.027948717
178058	1722	0.027948715
178058	2528	0.027948715
178058	6391	0.027948715
178058	4369	0.027948711
178058	4900	0.027948711
178058	79	0.02794871
178058	3564	0.02794871
178058	105	0.027948707
178058	1143	0.027948707
178079	6083	0.025297437
178079	1722	0.025297435
178079	2528	0.025297435
178079	4369	0.025297433
178079	4900	0.025297433
178079	6391	0.025297433
178079	1143	0.025297431
178079	3564	0.025297431
178079	79	0.02529743
178079	105	0.02529743
178093	2528	0.027292494
178093	6083	0.027292494
178093	6391	0.027292494
178093	1722	0.027292492
178093	4369	0.02729249
178093	4900	0.02729249
178093	1143	0.027292488
178093	3564	0.027292488
178093	79	0.027292486
178093	105	0.027292486
178130	1722	0.03150301
178130	2528	0.03150301
178130	6083	0.03150301
178130	79	0.031503007
178130	105	0.031503007
178130	1143	0.031503007
178130	3564	0.031503007
178130	4369	0.031503007
178130	4900	0.031503007
178130	6391	0.031503007
178151	6083	0.029883685
178151	1722	0.029883683
178151	2528	0.029883683
178151	6391	0.02988368
178151	4369	0.029883679
178151	4900	0.029883679
178151	1143	0.029883677
178151	3564	0.029883677
178151	79	0.029883675
178151	105	0.029883675
178199	6083	0.042871222
178199	2528	0.04287122
178199	1722	0.042871214
178199	3564	0.042871214
178199	4369	0.042871214
178199	4900	0.042871214
178199	6391	0.042871214
178199	79	0.04287121
178199	105	0.04287121
178199	804	0.042871207
178201	2528	0.044151418
178201	6083	0.044151418
178201	6391	0.044151418
178201	1722	0.044151414
178201	4900	0.044151414
178201	1143	0.04415141
178201	3564	0.04415141
178201	4369	0.04415141
178201	105	0.044151407
178201	79	0.044151403
178223	6083	0.029313203
178223	1722	0.029313201
178223	2528	0.029313201
178223	4369	0.0293132
178223	4900	0.0293132
178223	6391	0.0293132
178223	79	0.029313195
178223	1143	0.029313195
178223	3564	0.029313195
178223	105	0.029313194
178240	6083	0.033870105
178240	1722	0.0338701
178240	2528	0.0338701
178240	4369	0.0338701
178240	4900	0.0338701
178240	6391	0.0338701
178240	3564	0.033870097
178240	79	0.033870094
178240	105	0.033870094
178240	804	0.033870094
178322	1722	0.028696053
178322	2528	0.028696053
178322	6083	0.028696053
178322	4369	0.028696049
178322	4900	0.028696049
178322	6391	0.028696049
178322	79	0.028696047
178322	105	0.028696047
178322	1143	0.028696047
178322	3564	0.028696047
178458	6083	0.026475498
178458	1722	0.026475497
178458	2528	0.026475497
178458	4900	0.026475497
178458	4369	0.026475495
178458	6391	0.026475495
178458	79	0.026475493
178458	1143	0.026475493
178458	3564	0.026475493
178458	105	0.026475491
178522	6083	0.037982397
178522	1722	0.037982393
178522	2528	0.037982393
178522	3564	0.03798239
178522	4900	0.03798239
178522	6391	0.03798239
178522	1143	0.037982386
178522	4369	0.037982386
178522	79	0.037982382
178522	105	0.037982382
178587	1722	0.03590537
178587	2528	0.03590537
178587	6083	0.03590537
178587	6391	0.03590537
178587	4900	0.035905365
178587	79	0.03590536
178587	105	0.03590536
178587	1143	0.03590536
178587	3088	0.03590536
178587	3564	0.03590536
178597	6083	0.02688179
178597	2528	0.026881788
178597	6391	0.026881788
178597	1722	0.026881786
178597	4369	0.026881786
178597	4900	0.026881786
178597	79	0.026881784
178597	1143	0.026881784
178597	3564	0.026881784
178597	105	0.026881782
178667	6083	0.03606822
178667	1722	0.036068216
178667	2528	0.036068216
178667	4369	0.036068216
178667	4900	0.036068216
178667	6391	0.036068216
178667	3564	0.036068212
178667	79	0.03606821
178667	105	0.03606821
178667	804	0.03606821
178733	6083	0.03164413
178733	79	0.03164412
178733	1143	0.03164412
178733	1722	0.03164412
178733	2528	0.03164412
178733	3564	0.03164412
178733	4369	0.03164412
178733	4900	0.03164412
178733	6391	0.03164412
178733	105	0.031644117
178797	2528	0.022282565
178797	6083	0.022282565
178797	1722	0.022282563
178797	4900	0.022282563
178797	6391	0.022282563
178797	4369	0.022282561
178797	79	0.02228256
178797	105	0.02228256
178797	1143	0.02228256
178797	3564	0.02228256
178914	6083	0.035315607
178914	1722	0.035315603
178914	2528	0.035315603
178914	4369	0.035315603
178914	4900	0.035315603
178914	1143	0.0353156
178914	3564	0.0353156
178914	6391	0.0353156
178914	79	0.035315596
178914	105	0.035315596
178920	6083	0.038718447
178920	2528	0.038718443
178920	1722	0.03871844
178920	4369	0.03871844
178920	4900	0.03871844
178920	6391	0.03871844
178920	1143	0.038718436
178920	3564	0.038718436
178920	79	0.038718432
178920	105	0.038718432
178961	2528	0.036050063
178961	6083	0.036050063
178961	1143	0.03605006
178961	1722	0.03605006
178961	3564	0.03605006
178961	4369	0.03605006
178961	4900	0.03605006
178961	6391	0.03605006
178961	79	0.036050055
178961	105	0.036050055
179019	1722	0.034567975
179019	2528	0.034567975
179019	6083	0.034567975
179019	6391	0.034567975
179019	4900	0.03456797
179019	79	0.034567967
179019	105	0.034567967
179019	1143	0.034567967
179019	3564	0.034567967
179019	3917	0.034567967
179075	2528	0.030457305
179075	6083	0.030457305
179075	1722	0.030457303
179075	6391	0.030457303
179075	4369	0.0304573
179075	4900	0.0304573
179075	79	0.030457297
179075	1143	0.030457297
179075	3564	0.030457297
179075	105	0.030457295
179118	1722	0.0334179
179118	2528	0.0334179
179118	6083	0.0334179
179118	3564	0.033417895
179118	4369	0.033417895
179118	4900	0.033417895
179118	6391	0.033417895
179118	79	0.033417888
179118	105	0.033417888
179118	804	0.033417888
179147	6083	0.026250971
179147	1722	0.02625097
179147	2528	0.02625097
179147	6391	0.02625097
179147	4900	0.026250968
179147	1143	0.026250966
179147	3564	0.026250966
179147	4369	0.026250966
179147	79	0.026250964
179147	105	0.026250964
179288	1722	0.028182339
179288	2528	0.028182339
179288	6083	0.028182339
179288	4369	0.028182335
179288	4900	0.028182335
179288	6391	0.028182335
179288	3564	0.028182333
179288	79	0.028182331
179288	105	0.028182331
179288	1143	0.028182331
179321	6083	0.027037092
179321	1722	0.02703709
179321	2528	0.02703709
179321	4900	0.027037088
179321	6391	0.027037088
179321	4369	0.027037086
179321	79	0.027037084
179321	105	0.027037084
179321	1143	0.027037084
179321	3564	0.027037084
179327	6083	0.02441938
179327	1722	0.024419378
179327	2528	0.024419378
179327	6391	0.024419377
179327	79	0.024419375
179327	105	0.024419375
179327	1143	0.024419375
179327	3564	0.024419375
179327	4369	0.024419375
179327	4900	0.024419375
179433	6083	0.036696244
179433	1722	0.03669624
179433	2528	0.03669624
179433	4369	0.03669624
179433	4900	0.03669624
179433	6391	0.03669624
179433	3564	0.036696237
179433	79	0.036696233
179433	105	0.036696233
179433	804	0.036696233
179532	1722	0.02519489
179532	2528	0.02519489
179532	6083	0.02519489
179532	4369	0.025194889
179532	4900	0.025194889
179532	6391	0.025194889
179532	105	0.025194887
179532	1143	0.025194887
179532	3564	0.025194887
179532	79	0.025194885
179534	6083	0.034686867
179534	1722	0.034686863
179534	2528	0.034686863
179534	4369	0.034686863
179534	4900	0.034686863
179534	6391	0.034686863
179534	79	0.03468686
179534	3564	0.03468686
179534	105	0.034686856
179534	804	0.034686856
179688	1722	0.019431278
179688	2528	0.019431278
179688	4369	0.019431278
179688	6083	0.019431278
179688	6391	0.019431278
179688	4900	0.019431276
179688	79	0.019431274
179688	105	0.019431274
179688	1143	0.019431274
179688	1557	0.019431274
179718	1722	0.037451938
179718	6083	0.037451938
179718	2528	0.037451934
179718	4369	0.037451934
179718	6391	0.037451934
179718	79	0.03745193
179718	1143	0.03745193
179718	3564	0.03745193
179718	4900	0.03745193
179718	105	0.037451927
179730	2528	0.034347113
179730	6083	0.034347113
179730	1722	0.03434711
179730	4900	0.03434711
179730	6391	0.03434711
179730	1143	0.034347106
179730	3564	0.034347106
179730	4369	0.034347106
179730	79	0.034347102
179730	105	0.034347102
179733	1722	0.02604147
179733	2528	0.02604147
179733	6083	0.02604147
179733	4369	0.026041469
179733	6391	0.026041469
179733	1143	0.026041467
179733	3564	0.026041467
179733	4900	0.026041467
179733	79	0.026041465
179733	105	0.026041465
179734	1722	0.033686258
179734	2528	0.033686258
179734	6083	0.033686258
179734	1143	0.033686254
179734	4369	0.033686254
179734	4900	0.033686254
179734	6391	0.033686254
179734	79	0.03368625
179734	105	0.03368625
179734	804	0.03368625
179739	2528	0.033359196
179739	1722	0.033359192
179739	4900	0.033359192
179739	6083	0.033359192
179739	6391	0.033359192
179739	105	0.03335919
179739	4369	0.03335919
179739	79	0.033359185
179739	804	0.033359185
179739	1143	0.033359185
179741	2528	0.025400594
179741	6083	0.025400594
179741	1722	0.02540059
179741	4369	0.02540059
179741	4900	0.02540059
179741	6391	0.02540059
179741	1143	0.025400588
179741	3564	0.025400588
179741	79	0.025400586
179741	105	0.025400586
179744	2528	0.025352407
179744	6083	0.025352407
179744	1722	0.025352405
179744	4369	0.025352404
179744	4900	0.025352404
179744	6391	0.025352404
179744	1143	0.025352402
179744	79	0.0253524
179744	105	0.0253524
179744	804	0.0253524
179772	6083	0.028389053
179772	1722	0.028389052
179772	2528	0.028389052
179772	4369	0.02838905
179772	4900	0.02838905
179772	6391	0.02838905
179772	79	0.028389048
179772	105	0.028389048
179772	3564	0.028389048
179772	1143	0.028389046
179791	1722	0.042401657
179791	2528	0.042401657
179791	4900	0.042401657
179791	6083	0.042401657
179791	6391	0.042401657
179791	79	0.04240165
179791	105	0.04240165
179791	1143	0.04240165
179791	3564	0.04240165
179791	3917	0.04240165
179826	1722	0.042385884
179826	2528	0.042385884
179826	6083	0.042385884
179826	6391	0.042385884
179826	4900	0.04238588
179826	1143	0.042385876
179826	3564	0.042385876
179826	4369	0.042385876
179826	79	0.042385872
179826	105	0.042385872
179843	1722	0.032649953
179843	2528	0.032649953
179843	6083	0.032649953
179843	1143	0.03264995
179843	4369	0.03264995
179843	4900	0.03264995
179843	6391	0.03264995
179843	79	0.032649945
179843	105	0.032649945
179843	3564	0.032649945
179857	6083	0.030951044
179857	1722	0.030951042
179857	4369	0.030951038
179857	4900	0.030951038
179857	6391	0.030951038
179857	1143	0.030951036
179857	3564	0.030951036
179857	79	0.030951034
179857	105	0.030951034
179857	3088	0.030951034
179885	2528	0.036889292
179885	6083	0.036889292
179885	1722	0.03688929
179885	1143	0.036889285
179885	3564	0.036889285
179885	4369	0.036889285
179885	4900	0.036889285
179885	6391	0.036889285
179885	79	0.03688928
179885	105	0.03688928
179906	2528	0.0319309
179906	6083	0.0319309
179906	1722	0.031930897
179906	105	0.031930894
179906	1143	0.031930894
179906	3564	0.031930894
179906	4369	0.031930894
179906	4900	0.031930894
179906	5896	0.031930894
179906	6391	0.031930894
180032	6083	0.023921745
180032	1722	0.023921743
180032	2528	0.023921743
180032	4369	0.023921741
180032	4900	0.023921741
180032	6391	0.023921741
180032	79	0.02392174
180032	105	0.02392174
180032	1143	0.02392174
180032	3564	0.02392174
180042	6083	0.025671326
180042	1722	0.025671322
180042	2528	0.025671322
180042	4900	0.025671322
180042	6391	0.025671322
180042	4369	0.02567132
180042	79	0.025671318
180042	105	0.025671318
180042	1143	0.025671318
180042	3564	0.025671318
180348	1722	0.039309636
180348	2528	0.039309636
180348	6083	0.039309636
180348	4369	0.039309632
180348	4900	0.039309632
180348	6391	0.039309632
180348	79	0.03930963
180348	105	0.03930963
180348	1143	0.03930963
180348	3564	0.03930963
180378	6083	0.03029903
180378	2528	0.030299028
180378	1722	0.030299027
180378	6391	0.030299025
180378	3564	0.030299023
180378	4369	0.030299023
180378	4900	0.030299023
180378	79	0.03029902
180378	1143	0.03029902
180378	105	0.030299019
180495	2528	0.027103223
180495	6083	0.027103223
180495	1722	0.027103221
180495	4900	0.027103221
180495	6391	0.027103221
180495	4369	0.02710322
180495	1143	0.027103217
180495	3564	0.027103217
180495	79	0.027103215
180495	105	0.027103215
180580	2528	0.024117015
180580	6083	0.024117015
180580	1722	0.024117013
180580	3564	0.024117012
180580	4369	0.024117012
180580	4900	0.024117012
180580	6391	0.024117012
180580	1143	0.02411701
180580	79	0.024117008
180580	105	0.024117008
180586	6083	0.030790387
180586	1722	0.030790385
180586	2528	0.030790385
180586	4369	0.030790383
180586	4900	0.030790383
180586	6391	0.030790383
180586	3564	0.030790381
180586	79	0.03079038
180586	1143	0.03079038
180586	105	0.030790377
180591	1722	0.031767264
180591	2528	0.031767264
180591	6083	0.031767264
180591	6391	0.031767264
180591	1143	0.03176726
180591	4900	0.03176726
180591	79	0.031767257
180591	105	0.031767257
180591	3564	0.031767257
180591	3917	0.031767257
180651	1722	0.038013637
180651	2528	0.038013637
180651	6083	0.038013637
180651	4369	0.038013633
180651	4900	0.038013633
180651	6391	0.038013633
180651	79	0.03801363
180651	105	0.03801363
180651	1143	0.03801363
180651	3564	0.03801363
180801	2528	0.03391484
180801	6083	0.03391484
180801	79	0.033914834
180801	1143	0.033914834
180801	1722	0.033914834
180801	3564	0.033914834
180801	4369	0.033914834
180801	4900	0.033914834
180801	6391	0.033914834
180801	105	0.03391483
180840	1722	0.026078738
180840	2528	0.026078738
180840	6083	0.026078738
180840	6391	0.026078736
180840	1143	0.026078735
180840	3564	0.026078735
180840	4369	0.026078735
180840	4900	0.026078735
180840	79	0.026078733
180840	105	0.02607873
180860	6083	0.033704635
180860	1722	0.03370463
180860	2528	0.03370463
180860	4900	0.03370463
180860	6391	0.03370463
180860	79	0.033704627
180860	1143	0.033704627
180860	4369	0.033704627
180860	105	0.033704624
180860	804	0.033704624
180925	2528	0.032641776
180925	6083	0.032641776
180925	1722	0.032641772
180925	4369	0.032641772
180925	6391	0.032641772
180925	79	0.03264177
180925	105	0.03264177
180925	1143	0.03264177
180925	1557	0.03264177
180925	3088	0.03264177
180957	1722	0.032283768
180957	2528	0.032283768
180957	3564	0.032283768
180957	4369	0.032283768
180957	4900	0.032283768
180957	6083	0.032283768
180957	6391	0.032283768
180957	1143	0.032283764
180957	79	0.03228376
180957	105	0.03228376
181076	6083	0.024835128
181076	1722	0.024835126
181076	2528	0.024835126
181076	4900	0.024835126
181076	6391	0.024835126
181076	3564	0.024835125
181076	4369	0.024835125
181076	79	0.024835123
181076	105	0.024835123
181076	1143	0.024835123
181077	6083	0.029190704
181077	2528	0.0291907
181077	1722	0.029190699
181077	4900	0.029190699
181077	6391	0.029190699
181077	1143	0.029190697
181077	3564	0.029190697
181077	4369	0.029190697
181077	79	0.029190693
181077	105	0.029190693
181103	1722	0.035932638
181103	2528	0.035932638
181103	6083	0.035932638
181103	6391	0.035932638
181103	1143	0.035932634
181103	3564	0.035932634
181103	4369	0.035932634
181103	4900	0.035932634
181103	79	0.03593263
181103	105	0.03593263
181165	1722	0.026119668
181165	2528	0.026119668
181165	4900	0.026119668
181165	6083	0.026119668
181165	6391	0.026119668
181165	4369	0.026119666
181165	1143	0.026119664
181165	3564	0.026119664
181165	79	0.026119662
181165	105	0.026119662
181176	2528	0.037738286
181176	1722	0.037738282
181176	6083	0.037738282
181176	3564	0.03773828
181176	4369	0.03773828
181176	4900	0.03773828
181176	6391	0.03773828
181176	105	0.037738275
181176	1143	0.037738275
181176	79	0.03773827
181212	6083	0.022384498
181212	2528	0.022384496
181212	6391	0.022384496
181212	1722	0.022384495
181212	4369	0.022384495
181212	4900	0.022384495
181212	1143	0.022384493
181212	79	0.02238449
181212	105	0.02238449
181212	1557	0.02238449
181223	2528	0.025190335
181223	6083	0.025190335
181223	1722	0.025190333
181223	6391	0.025190333
181223	3564	0.025190331
181223	4369	0.025190331
181223	4900	0.025190331
181223	79	0.025190327
181223	105	0.025190327
181223	1143	0.025190327
181436	1722	0.023110095
181436	2528	0.023110095
181436	6083	0.023110095
181436	6391	0.023110095
181436	79	0.023110092
181436	1143	0.023110092
181436	3564	0.023110092
181436	4369	0.023110092
181436	4900	0.023110092
181436	105	0.02311009
181452	2528	0.032998852
181452	6083	0.032998852
181452	6391	0.03299885
181452	79	0.032998845
181452	1143	0.032998845
181452	1722	0.032998845
181452	4369	0.032998845
181452	4900	0.032998845
181452	105	0.03299884
181452	3564	0.03299884
181473	6083	0.024140697
181473	2528	0.024140695
181473	1722	0.024140693
181473	4369	0.024140693
181473	6391	0.024140693
181473	1143	0.024140691
181473	3564	0.024140691
181473	4900	0.024140691
181473	79	0.02414069
181473	105	0.02414069
181687	6083	0.031890817
181687	1722	0.031890813
181687	2528	0.031890813
181687	1143	0.03189081
181687	3564	0.03189081
181687	4369	0.03189081
181687	4900	0.03189081
181687	6391	0.03189081
181687	79	0.031890806
181687	105	0.031890802
181691	1722	0.026408445
181691	2528	0.026408445
181691	6083	0.026408445
181691	6391	0.026408443
181691	79	0.026408441
181691	1143	0.026408441
181691	4369	0.026408441
181691	4900	0.026408441
181691	105	0.02640844
181691	3564	0.02640844
181714	2528	0.028080847
181714	6083	0.028080847
181714	1722	0.028080843
181714	4369	0.028080843
181714	4900	0.028080843
181714	6391	0.028080843
181714	79	0.02808084
181714	105	0.02808084
181714	1143	0.02808084
181714	3088	0.02808084
181736	2528	0.027870558
181736	6083	0.027870558
181736	1722	0.027870556
181736	6391	0.027870556
181736	4369	0.027870554
181736	4900	0.027870554
181736	1143	0.027870553
181736	79	0.02787055
181736	105	0.02787055
181736	804	0.02787055
181796	6083	0.027176857
181796	2528	0.027176855
181796	1722	0.027176853
181796	4900	0.027176853
181796	6391	0.027176853
181796	4369	0.027176851
181796	79	0.02717685
181796	105	0.02717685
181796	1143	0.02717685
181796	3564	0.02717685
181896	6083	0.02482951
181896	2528	0.024829509
181896	1722	0.024829507
181896	4369	0.024829507
181896	6391	0.024829507
181896	4900	0.024829505
181896	79	0.024829503
181896	1143	0.024829503
181896	3564	0.024829503
181896	105	0.024829501
181948	2528	0.032543845
181948	6083	0.032543845
181948	6391	0.032543845
181948	1722	0.03254384
181948	79	0.032543838
181948	105	0.032543838
181948	1143	0.032543838
181948	3088	0.032543838
181948	3564	0.032543838
181948	4369	0.032543838
181956	2528	0.0255031
181956	6083	0.0255031
181956	1722	0.025503099
181956	4369	0.025503099
181956	6391	0.025503099
181956	4900	0.025503097
181956	79	0.025503095
181956	1143	0.025503095
181956	3564	0.025503095
181956	105	0.025503093
181995	1722	0.027408004
181995	2528	0.027408004
181995	6083	0.027408004
181995	4369	0.027408
181995	4900	0.027408
181995	6391	0.027408
181995	1143	0.027407998
181995	79	0.027407996
181995	105	0.027407996
181995	3564	0.027407996
182053	1722	0.036317512
182053	2528	0.036317512
182053	6083	0.036317512
182053	4900	0.03631751
182053	79	0.036317505
182053	105	0.036317505
182053	1143	0.036317505
182053	3564	0.036317505
182053	4369	0.036317505
182053	6391	0.036317505
182086	2528	0.043727346
182086	6083	0.043727346
182086	1722	0.043727342
182086	4369	0.043727342
182086	4900	0.043727342
182086	6391	0.043727342
182086	1143	0.04372734
182086	3564	0.04372734
182086	79	0.043727335
182086	105	0.043727335
182088	6083	0.032607187
182088	1722	0.032607183
182088	2528	0.032607183
182088	4369	0.032607183
182088	4900	0.032607183
182088	6391	0.032607183
182088	3564	0.03260718
182088	79	0.032607175
182088	105	0.032607175
182088	804	0.032607175
182117	6083	0.029855978
182117	2528	0.029855974
182117	6391	0.029855974
182117	1722	0.029855972
182117	4900	0.029855972
182117	4369	0.02985597
182117	79	0.029855968
182117	1143	0.029855968
182117	3564	0.029855968
182117	105	0.029855967
182180	6083	0.02635123
182180	1722	0.026351228
182180	2528	0.026351228
182180	6391	0.026351226
182180	1143	0.026351225
182180	3564	0.026351225
182180	4369	0.026351225
182180	4900	0.026351225
182180	79	0.02635122
182180	105	0.02635122
182202	1722	0.04206495
182202	2528	0.04206495
182202	6083	0.04206495
182202	6391	0.04206495
182202	4369	0.042064946
182202	4900	0.042064946
182202	79	0.042064942
182202	1143	0.042064942
182202	1557	0.042064942
182202	3564	0.042064942
182275	6083	0.020329235
182275	1722	0.020329233
182275	2528	0.020329233
182275	4369	0.020329233
182275	4900	0.020329233
182275	6391	0.020329233
182275	79	0.02032923
182275	105	0.02032923
182275	1143	0.02032923
182275	1557	0.02032923
182334	6083	0.03458259
182334	1722	0.034582585
182334	2528	0.034582585
182334	3564	0.034582585
182334	4369	0.034582585
182334	4900	0.034582585
182334	6391	0.034582585
182334	1143	0.03458258
182334	5896	0.03458258
182334	79	0.034582578
182393	6083	0.027927915
182393	2528	0.027927913
182393	1722	0.02792791
182393	3564	0.027927909
182393	4369	0.027927909
182393	4900	0.027927909
182393	6391	0.027927909
182393	1143	0.027927907
182393	79	0.027927905
182393	105	0.027927905
182403	1722	0.037091225
182403	2528	0.037091225
182403	4900	0.037091225
182403	6083	0.037091225
182403	6391	0.037091225
182403	4369	0.03709122
182403	79	0.037091218
182403	105	0.037091218
182403	1143	0.037091218
182403	3564	0.037091218
182414	6083	0.028049625
182414	2528	0.028049624
182414	1722	0.028049622
182414	4369	0.02804962
182414	4900	0.02804962
182414	6391	0.02804962
182414	79	0.028049618
182414	3564	0.028049618
182414	1143	0.028049616
182414	105	0.028049614
182442	1722	0.036386028
182442	2528	0.036386028
182442	6083	0.036386028
182442	6391	0.036386028
182442	4369	0.036386024
182442	4900	0.036386024
182442	79	0.03638602
182442	1143	0.03638602
182442	3564	0.03638602
182442	5896	0.03638602
182459	2528	0.045459542
182459	1722	0.04545954
182459	4900	0.04545954
182459	6083	0.04545954
182459	6391	0.045459535
182459	105	0.04545953
182459	1143	0.04545953
182459	3564	0.04545953
182459	4369	0.04545953
182459	79	0.045459528
182506	1722	0.026912898
182506	2528	0.026912898
182506	6083	0.026912898
182506	4369	0.026912894
182506	4900	0.026912894
182506	6391	0.026912894
182506	79	0.026912892
182506	1143	0.026912892
182506	3564	0.026912892
182506	105	0.02691289
182527	2528	0.033079896
182527	6083	0.033079896
182527	1722	0.033079892
182527	4369	0.033079892
182527	4900	0.033079892
182527	6391	0.033079892
182527	1143	0.03307989
182527	3564	0.03307989
182527	105	0.033079885
182527	804	0.033079885
182599	2528	0.026116163
182599	6083	0.026116163
182599	1722	0.02611616
182599	6391	0.02611616
182599	4369	0.026116159
182599	4900	0.026116159
182599	105	0.026116157
182599	1143	0.026116157
182599	3564	0.026116157
182599	79	0.026116155
182746	2528	0.030454816
182746	6083	0.030454816
182746	1722	0.030454814
182746	6391	0.030454814
182746	4369	0.030454813
182746	4900	0.030454813
182746	79	0.03045481
182746	105	0.030454809
182746	1143	0.030454809
182746	3564	0.030454809
182838	2528	0.026816007
182838	6083	0.026816005
182838	1722	0.026816003
182838	6391	0.026816003
182838	4369	0.026816001
182838	79	0.026816
182838	105	0.026816
182838	1143	0.026816
182838	3564	0.026816
182838	4900	0.026816
182847	2528	0.029626276
182847	6083	0.029626276
182847	1722	0.029626274
182847	4369	0.029626273
182847	4900	0.029626273
182847	6391	0.029626273
182847	1143	0.02962627
182847	79	0.029626269
182847	105	0.029626269
182847	3564	0.029626269
182931	1722	0.026631635
182931	2528	0.026631635
182931	6083	0.026631635
182931	4900	0.026631633
182931	4369	0.026631631
182931	6391	0.026631631
182931	1143	0.02663163
182931	3564	0.02663163
182931	79	0.026631627
182931	105	0.026631627
182969	6083	0.04939276
182969	1722	0.049392752
182969	2528	0.049392752
182969	4369	0.049392752
182969	4900	0.049392752
182969	6391	0.049392752
182969	1143	0.04939275
182969	79	0.049392745
182969	105	0.049392745
182969	3088	0.049392745
182993	2528	0.03518362
182993	6083	0.03518362
182993	6391	0.03518362
182993	1722	0.035183616
182993	4900	0.035183616
182993	79	0.035183612
182993	105	0.035183612
182993	804	0.035183612
182993	1143	0.035183612
182993	3088	0.035183612
183046	6083	0.030123523
183046	1722	0.03012352
183046	2528	0.03012352
183046	4900	0.030123519
183046	6391	0.030123519
183046	1143	0.030123517
183046	3564	0.030123517
183046	4369	0.030123517
183046	79	0.030123515
183046	105	0.030123513
183061	1722	0.037750565
183061	2528	0.037750565
183061	6083	0.037750565
183061	6391	0.037750565
183061	4369	0.03775056
183061	4900	0.03775056
183061	79	0.037750557
183061	105	0.037750557
183061	1143	0.037750557
183061	3564	0.037750557
183088	6083	0.027975943
183088	2528	0.027975941
183088	1722	0.02797594
183088	4900	0.02797594
183088	6391	0.02797594
183088	4369	0.027975937
183088	79	0.027975935
183088	1143	0.027975935
183088	3564	0.027975935
183088	105	0.027975934
183101	6083	0.035810396
183101	2528	0.035810392
183101	79	0.03581039
183101	1143	0.03581039
183101	1722	0.03581039
183101	4369	0.03581039
183101	4900	0.03581039
183101	6391	0.03581039
183101	105	0.035810385
183101	3088	0.035810385
183134	6083	0.031009233
183134	1722	0.03100923
183134	2528	0.03100923
183134	6391	0.03100923
183134	4369	0.031009229
183134	4900	0.031009229
183134	79	0.031009227
183134	3564	0.031009227
183134	105	0.031009223
183134	1143	0.031009223
183142	6083	0.029496113
183142	1722	0.029496111
183142	2528	0.029496111
183142	6391	0.029496111
183142	4369	0.02949611
183142	4900	0.02949611
183142	105	0.029496107
183142	1143	0.029496107
183142	3564	0.029496107
183142	79	0.029496105
183178	2528	0.023542762
183178	6083	0.023542762
183178	1722	0.02354276
183178	6391	0.02354276
183178	79	0.023542758
183178	1143	0.023542758
183178	3564	0.023542758
183178	4369	0.023542758
183178	4900	0.023542758
183178	105	0.023542756
183187	2528	0.03484135
183187	6083	0.03484135
183187	1722	0.034841347
183187	6391	0.034841347
183187	3564	0.034841344
183187	4369	0.034841344
183187	4900	0.034841344
183187	79	0.03484134
183187	105	0.03484134
183187	1143	0.03484134
183196	1722	0.02396347
183196	2528	0.02396347
183196	6083	0.02396347
183196	4369	0.023963468
183196	4900	0.023963468
183196	6391	0.023963468
183196	1143	0.023963466
183196	3564	0.023963466
183196	79	0.023963464
183196	105	0.023963464
183277	2528	0.028221514
183277	6083	0.028221514
183277	1722	0.028221512
183277	4369	0.02822151
183277	4900	0.02822151
183277	6391	0.02822151
183277	1143	0.028221508
183277	79	0.028221507
183277	105	0.028221507
183277	3088	0.028221507
183284	2528	0.026353607
183284	6083	0.026353607
183284	1722	0.026353605
183284	6391	0.026353605
183284	4369	0.026353603
183284	4900	0.026353603
183284	79	0.026353601
183284	1143	0.026353601
183284	3564	0.026353601
183284	105	0.0263536
183347	1722	0.021723028
183347	2528	0.021723028
183347	6083	0.021723028
183347	4369	0.021723026
183347	4900	0.021723026
183347	6391	0.021723026
183347	79	0.021723025
183347	105	0.021723025
183347	1143	0.021723025
183347	3564	0.021723025
183436	6083	0.03857039
183436	2528	0.038570385
183436	1722	0.03857038
183436	3564	0.03857038
183436	4369	0.03857038
183436	4900	0.03857038
183436	6391	0.03857038
183436	79	0.038570378
183436	105	0.038570378
183436	804	0.038570374
183537	2528	0.026306741
183537	6083	0.026306741
183537	1722	0.02630674
183537	4369	0.026306737
183537	4900	0.026306737
183537	6391	0.026306737
183537	79	0.026306733
183537	105	0.026306733
183537	1143	0.026306733
183537	3564	0.026306733
183540	2528	0.030244352
183540	6083	0.030244352
183540	1722	0.03024435
183540	6391	0.03024435
183540	4900	0.030244349
183540	79	0.030244347
183540	1143	0.030244347
183540	3564	0.030244347
183540	4369	0.030244347
183540	105	0.030244345
183572	1722	0.030733146
183572	2528	0.030733146
183572	6083	0.030733146
183572	4900	0.030733144
183572	6391	0.030733144
183572	4369	0.030733142
183572	79	0.030733138
183572	105	0.030733138
183572	1143	0.030733138
183572	3564	0.030733138
183740	1722	0.02694435
183740	6083	0.02694435
183740	2528	0.026944349
183740	6391	0.026944349
183740	4369	0.026944347
183740	4900	0.026944347
183740	3564	0.026944345
183740	79	0.026944343
183740	105	0.026944343
183740	1143	0.026944343
183753	2528	0.029083485
183753	6083	0.029083485
183753	1722	0.029083483
183753	6391	0.029083483
183753	4369	0.029083481
183753	4900	0.029083481
183753	79	0.02908348
183753	1143	0.02908348
183753	3564	0.02908348
183753	105	0.029083477
183832	6083	0.02809522
183832	1722	0.028095217
183832	2528	0.028095217
183832	3564	0.028095216
183832	4369	0.028095216
183832	4900	0.028095216
183832	6391	0.028095216
183832	79	0.028095214
183832	1143	0.028095214
183832	105	0.028095212
183883	1722	0.03392879
183883	2528	0.03392879
183883	6083	0.03392879
183883	105	0.03392878
183883	1143	0.03392878
183883	3564	0.03392878
183883	4369	0.03392878
183883	4900	0.03392878
183883	6391	0.03392878
183883	79	0.033928778
183931	2528	0.030769387
183931	1722	0.030769385
183931	6083	0.030769385
183931	3564	0.030769382
183931	4369	0.030769382
183931	4900	0.030769382
183931	6391	0.030769382
183931	79	0.03076938
183931	1143	0.03076938
183931	105	0.030769378
183952	2528	0.028776493
183952	6083	0.028776493
183952	1722	0.02877649
183952	4369	0.02877649
183952	4900	0.02877649
183952	6391	0.02877649
183952	1143	0.028776487
183952	3564	0.028776487
183952	79	0.028776485
183952	105	0.028776485
183958	1722	0.019539807
183958	2528	0.019539807
183958	6083	0.019539807
183958	4900	0.019539805
183958	6391	0.019539805
183958	79	0.019539803
183958	1143	0.019539803
183958	3564	0.019539803
183958	4369	0.019539803
183958	105	0.019539801
183963	2528	0.037877433
183963	6083	0.037877433
183963	1722	0.03787743
183963	6391	0.03787743
183963	1143	0.037877426
183963	4369	0.037877426
183963	4900	0.037877426
183963	79	0.03787742
183963	3564	0.03787742
183963	105	0.037877418
184121	6083	0.023493664
184121	1722	0.023493662
184121	2528	0.023493662
184121	4900	0.023493662
184121	6391	0.023493662
184121	4369	0.02349366
184121	79	0.023493659
184121	105	0.023493659
184121	1143	0.023493659
184121	3564	0.023493659
184196	1722	0.034043714
184196	2528	0.034043714
184196	4369	0.034043714
184196	4900	0.034043714
184196	6083	0.034043714
184196	6391	0.034043714
184196	1143	0.03404371
184196	79	0.034043707
184196	105	0.034043707
184196	804	0.034043707
184202	2528	0.02612308
184202	6083	0.02612308
184202	1722	0.026123079
184202	4369	0.026123077
184202	4900	0.026123077
184202	6391	0.026123077
184202	1143	0.026123075
184202	3564	0.026123075
184202	79	0.026123073
184202	105	0.026123073
184223	2528	0.029951636
184223	6083	0.029951636
184223	1722	0.029951634
184223	4369	0.029951632
184223	4900	0.029951632
184223	6391	0.029951632
184223	79	0.029951628
184223	105	0.029951628
184223	1143	0.029951628
184223	3564	0.029951628
184270	6083	0.030002886
184270	1722	0.030002885
184270	2528	0.030002885
184270	4900	0.030002883
184270	6391	0.030002883
184270	4369	0.03000288
184270	79	0.030002879
184270	1143	0.030002879
184270	3564	0.030002879
184270	105	0.030002877
184279	2528	0.03356545
184279	6083	0.03356545
184279	1143	0.033565447
184279	1722	0.033565447
184279	3564	0.033565447
184279	4900	0.033565447
184279	6391	0.033565447
184279	105	0.033565443
184279	4369	0.033565443
184279	79	0.03356544
184299	6083	0.032278694
184299	1722	0.03227869
184299	2528	0.03227869
184299	4369	0.03227869
184299	105	0.032278687
184299	1143	0.032278687
184299	3564	0.032278687
184299	4900	0.032278687
184299	6391	0.032278687
184299	79	0.032278683
184310	2528	0.028642653
184310	1722	0.02864265
184310	6083	0.02864265
184310	6391	0.02864265
184310	4900	0.028642649
184310	1143	0.028642647
184310	3564	0.028642647
184310	4369	0.028642647
184310	79	0.028642645
184310	105	0.028642645
184354	1722	0.03260377
184354	2528	0.03260377
184354	4900	0.03260377
184354	6083	0.03260377
184354	6391	0.03260377
184354	1143	0.032603767
184354	4369	0.032603767
184354	79	0.032603763
184354	105	0.032603763
184354	804	0.032603763
184365	6083	0.03354887
184365	1722	0.033548865
184365	2528	0.033548865
184365	6391	0.033548865
184365	1143	0.03354886
184365	3564	0.03354886
184365	4369	0.03354886
184365	4900	0.03354886
184365	79	0.033548858
184365	105	0.033548858
184401	6083	0.0258911
184401	1722	0.025891095
184401	2528	0.025891095
184401	6391	0.025891095
184401	4369	0.025891094
184401	4900	0.025891094
184401	79	0.025891092
184401	105	0.025891092
184401	1143	0.025891092
184401	3564	0.025891092
184424	1722	0.034114994
184424	2528	0.034114994
184424	6083	0.034114994
184424	4900	0.03411499
184424	6391	0.03411499
184424	79	0.034114987
184424	105	0.034114987
184424	3088	0.034114987
184424	3564	0.034114987
184424	4369	0.034114987
184465	6083	0.030042259
184465	1722	0.030042257
184465	2528	0.030042257
184465	6391	0.030042255
184465	1143	0.030042253
184465	4369	0.030042253
184465	4900	0.030042253
184465	3564	0.030042252
184465	79	0.03004225
184465	105	0.03004225
184479	2528	0.026022669
184479	6083	0.026022669
184479	1722	0.026022667
184479	4369	0.026022665
184479	4900	0.026022665
184479	6391	0.026022665
184479	1143	0.026022663
184479	79	0.026022661
184479	105	0.026022661
184479	3564	0.026022661
184513	6083	0.035482906
184513	2528	0.035482902
184513	1722	0.0354829
184513	4369	0.0354829
184513	4900	0.0354829
184513	6391	0.0354829
184513	79	0.035482895
184513	1143	0.035482895
184513	3564	0.035482895
184513	5896	0.035482895
184532	1722	0.041788835
184532	2528	0.041788835
184532	6083	0.041788835
184532	4369	0.04178883
184532	4900	0.04178883
184532	6391	0.04178883
184532	1143	0.041788828
184532	79	0.041788824
184532	105	0.041788824
184532	1557	0.041788824
184562	6083	0.022968903
184562	1722	0.022968901
184562	2528	0.022968901
184562	4369	0.0229689
184562	4900	0.0229689
184562	6391	0.0229689
184562	79	0.022968898
184562	1143	0.022968898
184562	105	0.022968896
184562	1557	0.022968896
184629	6083	0.031961996
184629	1722	0.031961992
184629	2528	0.031961992
184629	3564	0.031961992
184629	4369	0.031961992
184629	4900	0.031961992
184629	6391	0.031961992
184629	1143	0.03196199
184629	79	0.031961985
184629	105	0.031961985
184684	6083	0.028100073
184684	1722	0.028100071
184684	2528	0.028100071
184684	4900	0.02810007
184684	6391	0.02810007
184684	4369	0.028100068
184684	79	0.028100066
184684	105	0.028100066
184684	1143	0.028100066
184684	3564	0.028100066
184789	2528	0.025451647
184789	6083	0.025451647
184789	1722	0.025451645
184789	4900	0.025451645
184789	6391	0.025451645
184789	4369	0.025451643
184789	79	0.025451642
184789	105	0.025451642
184789	1143	0.025451642
184789	3564	0.025451642
184890	1722	0.025329515
184890	2528	0.025329515
184890	6083	0.025329515
184890	4900	0.025329513
184890	6391	0.025329513
184890	1143	0.025329512
184890	3564	0.025329512
184890	4369	0.025329512
184890	79	0.02532951
184890	105	0.025329508
184904	2528	0.030226802
184904	1722	0.0302268
184904	6083	0.0302268
184904	4900	0.030226799
184904	6391	0.030226799
184904	1143	0.030226797
184904	3564	0.030226797
184904	4369	0.030226797
184904	79	0.030226793
184904	105	0.030226793
184918	1722	0.035704955
184918	6083	0.035704955
184918	2528	0.03570495
184918	4369	0.03570495
184918	6391	0.03570495
184918	79	0.035704948
184918	1143	0.035704948
184918	3564	0.035704948
184918	4900	0.035704948
184918	105	0.035704944
184985	2528	0.027566092
184985	1722	0.02756609
184985	6083	0.02756609
184985	6391	0.02756609
184985	4369	0.027566088
184985	4900	0.027566088
184985	79	0.027566087
184985	1143	0.027566087
184985	3564	0.027566087
184985	105	0.027566085
184990	2528	0.027875401
184990	6083	0.027875401
184990	1722	0.0278754
184990	3564	0.027875397
184990	4369	0.027875397
184990	4900	0.027875397
184990	6391	0.027875397
184990	1143	0.027875395
184990	79	0.027875394
184990	105	0.027875394
185011	1722	0.034209736
185011	2528	0.034209736
185011	6083	0.034209736
185011	4369	0.034209732
185011	4900	0.034209732
185011	6391	0.034209732
185011	79	0.03420973
185011	105	0.03420973
185011	1143	0.03420973
185011	3564	0.03420973
185071	1722	0.026168268
185071	2528	0.026168268
185071	6083	0.026168268
185071	79	0.026168264
185071	1143	0.026168264
185071	4369	0.026168264
185071	4900	0.026168264
185071	6391	0.026168264
185071	3564	0.026168263
185071	105	0.02616826
185087	6083	0.02919644
185087	1722	0.029196437
185087	2528	0.029196437
185087	4900	0.029196436
185087	6391	0.029196436
185087	3564	0.029196434
185087	4369	0.029196434
185087	1143	0.029196432
185087	79	0.02919643
185087	105	0.02919643
185140	2528	0.029927053
185140	6083	0.029927053
185140	1722	0.02992705
185140	4369	0.029927049
185140	4900	0.029927049
185140	6391	0.029927049
185140	79	0.029927045
185140	1143	0.029927045
185140	3564	0.029927045
185140	3917	0.029927045
185147	1722	0.027869344
185147	2528	0.027869344
185147	6083	0.027869344
185147	4369	0.027869342
185147	4900	0.027869342
185147	6391	0.027869342
185147	3564	0.02786934
185147	105	0.027869338
185147	5896	0.027869338
185147	79	0.027869336
185154	6083	0.036998972
185154	1722	0.03699897
185154	2528	0.03699897
185154	4369	0.036998965
185154	4900	0.036998965
185154	6391	0.036998965
185154	1143	0.03699896
185154	3564	0.03699896
185154	79	0.036998957
185154	105	0.036998957
185176	1722	0.04316566
185176	6083	0.04316566
185176	2528	0.043165658
185176	4369	0.043165658
185176	4900	0.043165658
185176	6391	0.043165658
185176	1143	0.043165654
185176	3564	0.043165654
185176	79	0.04316565
185176	3917	0.04316565
185254	6083	0.028507316
185254	1722	0.028507315
185254	2528	0.028507315
185254	6391	0.028507313
185254	4369	0.02850731
185254	4900	0.02850731
185254	1143	0.028507309
185254	3564	0.028507309
185254	79	0.028507307
185254	105	0.028507307
185275	2528	0.029717658
185275	6083	0.029717658
185275	1722	0.029717656
185275	6391	0.029717656
185275	3564	0.029717654
185275	4369	0.029717654
185275	4900	0.029717654
185275	79	0.029717652
185275	105	0.02971765
185275	1143	0.02971765
185288	1722	0.033310972
185288	2528	0.033310972
185288	6083	0.033310972
185288	1143	0.03331097
185288	4369	0.03331097
185288	4900	0.03331097
185288	6391	0.03331097
185288	79	0.033310965
185288	3088	0.033310965
185288	3564	0.033310965
185296	1722	0.032386735
185296	2528	0.032386735
185296	6083	0.032386735
185296	6391	0.032386735
185296	105	0.032386728
185296	1143	0.032386728
185296	3564	0.032386728
185296	4369	0.032386728
185296	4900	0.032386728
185296	5896	0.032386728
185308	2528	0.049105145
185308	6083	0.049105145
185308	1722	0.04910514
185308	4369	0.049105138
185308	4900	0.049105138
185308	6391	0.049105138
185308	3564	0.049105134
185308	79	0.04910513
185308	105	0.04910513
185308	1143	0.04910513
185384	6083	0.028044203
185384	2528	0.028044201
185384	6391	0.028044201
185384	1722	0.0280442
185384	79	0.028044198
185384	4369	0.028044198
185384	4900	0.028044198
185384	105	0.028044196
185384	1143	0.028044196
185384	3564	0.028044196
185450	1722	0.031227142
185450	2528	0.031227142
185450	6083	0.031227142
185450	4900	0.03122714
185450	6391	0.03122714
185450	79	0.031227138
185450	4369	0.031227138
185450	3564	0.031227136
185450	105	0.031227134
185450	1143	0.031227134
185468	6083	0.029384984
185468	1722	0.029384982
185468	2528	0.029384982
185468	6391	0.029384982
185468	1143	0.029384978
185468	3564	0.029384978
185468	4369	0.029384978
185468	4900	0.029384978
185468	3917	0.029384976
185468	79	0.029384974
185497	2528	0.029725969
185497	6083	0.029725969
185497	1722	0.029725967
185497	4369	0.029725965
185497	4900	0.029725965
185497	6391	0.029725965
185497	79	0.029725963
185497	105	0.029725961
185497	1143	0.029725961
185497	3564	0.029725961
185514	1722	0.023996085
185514	2528	0.023996085
185514	6083	0.023996085
185514	6391	0.023996085
185514	4369	0.023996083
185514	4900	0.023996083
185514	79	0.023996081
185514	105	0.023996081
185514	1143	0.023996081
185514	3564	0.023996081
185538	1722	0.039653987
185538	2528	0.039653987
185538	6083	0.039653987
185538	1143	0.03965398
185538	3564	0.03965398
185538	4369	0.03965398
185538	4900	0.03965398
185538	6391	0.03965398
185538	105	0.039653976
185538	79	0.03965397
185634	2528	0.037548322
185634	6083	0.037548322
185634	1722	0.03754832
185634	4900	0.03754832
185634	6391	0.03754832
185634	1143	0.037548315
185634	4369	0.037548315
185634	79	0.03754831
185634	105	0.03754831
185634	3088	0.03754831
185671	2528	0.03013581
185671	6083	0.03013581
185671	1722	0.030135809
185671	4369	0.030135807
185671	4900	0.030135807
185671	6391	0.030135807
185671	79	0.030135803
185671	105	0.030135803
185671	1143	0.030135803
185671	3564	0.030135803
185677	6083	0.029020235
185677	1722	0.029020233
185677	2528	0.029020233
185677	4369	0.029020231
185677	4900	0.029020231
185677	6391	0.029020231
185677	79	0.029020227
185677	105	0.029020227
185677	1143	0.029020227
185677	3564	0.029020227
185722	6083	0.03702782
185722	2528	0.037027817
185722	1722	0.037027813
185722	4369	0.037027813
185722	4900	0.037027813
185722	6391	0.037027813
185722	3564	0.03702781
185722	79	0.037027806
185722	105	0.037027806
185722	1143	0.037027806
185771	6083	0.024296507
185771	1722	0.024296504
185771	2528	0.024296504
185771	4369	0.024296504
185771	4900	0.024296504
185771	6391	0.024296504
185771	79	0.0242965
185771	105	0.0242965
185771	1143	0.0242965
185771	3564	0.0242965
186032	1722	0.025956072
186032	2528	0.025956072
186032	6083	0.025956072
186032	6391	0.025956072
186032	4369	0.025956068
186032	4900	0.025956068
186032	105	0.025956066
186032	1143	0.025956066
186032	3564	0.025956066
186032	79	0.025956064
186039	6083	0.024691826
186039	1722	0.024691824
186039	2528	0.024691824
186039	4900	0.024691824
186039	6391	0.024691822
186039	79	0.02469182
186039	1143	0.02469182
186039	3564	0.02469182
186039	4369	0.02469182
186039	105	0.024691818
186312	2528	0.026418202
186312	6083	0.026418202
186312	1722	0.0264182
186312	6391	0.0264182
186312	3564	0.026418198
186312	4369	0.026418198
186312	4900	0.026418198
186312	1143	0.026418196
186312	79	0.026418194
186312	105	0.026418194
186527	1722	0.0243279
186527	2528	0.0243279
186527	6083	0.0243279
186527	6391	0.024327898
186527	1143	0.024327897
186527	3564	0.024327897
186527	4369	0.024327897
186527	4900	0.024327897
186527	79	0.024327895
186527	105	0.024327895
186533	1722	0.032564186
186533	2528	0.032564186
186533	6083	0.032564186
186533	4900	0.03256418
186533	6391	0.03256418
186533	79	0.032564178
186533	105	0.032564178
186533	1143	0.032564178
186533	3564	0.032564178
186533	3917	0.032564178
186547	6083	0.024662938
186547	2528	0.024662936
186547	1722	0.024662934
186547	4369	0.024662934
186547	4900	0.024662934
186547	6391	0.024662934
186547	79	0.02466293
186547	105	0.02466293
186547	1143	0.02466293
186547	3564	0.02466293
186570	2528	0.03352885
186570	6083	0.03352885
186570	1722	0.033528846
186570	4369	0.033528846
186570	1143	0.033528842
186570	3564	0.033528842
186570	4900	0.033528842
186570	6391	0.033528842
186570	79	0.03352884
186570	3088	0.03352884
186762	2528	0.039722636
186762	6083	0.039722636
186762	1722	0.03972263
186762	4369	0.03972263
186762	4900	0.03972263
186762	6391	0.03972263
186762	3564	0.039722625
186762	79	0.03972262
186762	105	0.03972262
186762	804	0.03972262
186784	6083	0.028775172
186784	1722	0.02877517
186784	2528	0.02877517
186784	4369	0.028775169
186784	4900	0.028775169
186784	6391	0.028775169
186784	1143	0.028775167
186784	3564	0.028775167
186784	79	0.028775165
186784	105	0.028775163
186807	6083	0.022877784
186807	1722	0.022877783
186807	2528	0.022877783
186807	6391	0.022877783
186807	4369	0.02287778
186807	4900	0.02287778
186807	79	0.022877779
186807	105	0.022877779
186807	1143	0.022877779
186807	3564	0.022877779
186837	2528	0.035688028
186837	6083	0.035688028
186837	1722	0.035688024
186837	6391	0.035688024
186837	79	0.03568802
186837	1143	0.03568802
186837	3564	0.03568802
186837	4369	0.03568802
186837	4900	0.03568802
186837	105	0.035688017
186848	6083	0.033876237
186848	1722	0.033876233
186848	2528	0.033876233
186848	4369	0.033876233
186848	4900	0.033876233
186848	6391	0.033876233
186848	79	0.033876225
186848	105	0.033876225
186848	804	0.033876225
186848	1143	0.033876225
186899	2528	0.021263422
186899	6083	0.021263422
186899	1722	0.02126342
186899	4900	0.02126342
186899	6391	0.02126342
186899	4369	0.021263419
186899	79	0.021263417
186899	105	0.021263417
186899	1143	0.021263417
186899	3564	0.021263417
187029	6083	0.027229983
187029	2528	0.027229981
187029	1722	0.02722998
187029	4369	0.02722998
187029	4900	0.02722998
187029	6391	0.02722998
187029	79	0.027229976
187029	1143	0.027229976
187029	3564	0.027229976
187029	105	0.027229974
187065	1722	0.03688243
187065	2528	0.03688243
187065	6083	0.03688243
187065	6391	0.036882427
187065	79	0.036882423
187065	1143	0.036882423
187065	3564	0.036882423
187065	4369	0.036882423
187065	4900	0.036882423
187065	105	0.03688242
187145	1722	0.03665402
187145	6083	0.03665402
187145	2528	0.036654018
187145	4369	0.036654018
187145	4900	0.036654018
187145	6391	0.036654018
187145	79	0.036654014
187145	1143	0.036654014
187145	105	0.03665401
187145	804	0.03665401
187170	6083	0.02289991
187170	2528	0.022899909
187170	1722	0.022899907
187170	4369	0.022899907
187170	4900	0.022899907
187170	6391	0.022899907
187170	1143	0.022899905
187170	79	0.022899903
187170	105	0.022899903
187170	3564	0.022899903
187256	2528	0.0321941
187256	6083	0.0321941
187256	1722	0.032194097
187256	6391	0.032194097
187256	79	0.032194093
187256	105	0.032194093
187256	1143	0.032194093
187256	3564	0.032194093
187256	4369	0.032194093
187256	4900	0.032194093
187410	6083	0.030297283
187410	1722	0.03029728
187410	2528	0.03029728
187410	4900	0.030297277
187410	6391	0.030297277
187410	1143	0.030297276
187410	3564	0.030297276
187410	4369	0.030297276
187410	79	0.030297274
187410	105	0.030297272
187425	1722	0.032330044
187425	2528	0.032330044
187425	6083	0.032330044
187425	79	0.032330036
187425	105	0.032330036
187425	1143	0.032330036
187425	3564	0.032330036
187425	3917	0.032330036
187425	4369	0.032330036
187425	4900	0.032330036
187463	2528	0.034798708
187463	6083	0.034798708
187463	1722	0.034798704
187463	4369	0.034798704
187463	6391	0.034798704
187463	1143	0.0347987
187463	3564	0.0347987
187463	4900	0.0347987
187463	79	0.034798697
187463	105	0.034798697
187517	6083	0.04518314
187517	1722	0.045183137
187517	2528	0.045183137
187517	4900	0.045183137
187517	6391	0.045183137
187517	4369	0.045183133
187517	79	0.04518313
187517	105	0.04518313
187517	1143	0.04518313
187517	3088	0.04518313
187520	1722	0.03577234
187520	2528	0.03577234
187520	6083	0.03577234
187520	6391	0.03577234
187520	4900	0.035772335
187520	79	0.03577233
187520	105	0.03577233
187520	1143	0.03577233
187520	3564	0.03577233
187520	4369	0.03577233
187574	6083	0.025326442
187574	2528	0.02532644
187574	1722	0.025326438
187574	4369	0.025326438
187574	6391	0.025326438
187574	4900	0.025326436
187574	79	0.025326435
187574	105	0.025326435
187574	3564	0.025326435
187574	1143	0.025326433
187613	6083	0.025659071
187613	1722	0.02565907
187613	2528	0.02565907
187613	4900	0.025659068
187613	6391	0.025659068
187613	1143	0.025659066
187613	3564	0.025659066
187613	4369	0.025659066
187613	79	0.025659064
187613	105	0.025659062
187624	6083	0.038281277
187624	1722	0.038281273
187624	2528	0.038281273
187624	1143	0.03828127
187624	4369	0.03828127
187624	4900	0.03828127
187624	6391	0.03828127
187624	3564	0.038281266
187624	79	0.038281262
187624	105	0.038281262
187747	6083	0.028197747
187747	2528	0.028197745
187747	1722	0.028197743
187747	4369	0.028197743
187747	4900	0.028197743
187747	6391	0.028197743
187747	79	0.02819774
187747	105	0.02819774
187747	1143	0.02819774
187747	3564	0.02819774
187761	1722	0.028974801
187761	2528	0.028974801
187761	6083	0.028974801
187761	6391	0.0289748
187761	4369	0.028974798
187761	4900	0.028974798
187761	1143	0.028974796
187761	79	0.028974794
187761	105	0.028974794
187761	3088	0.028974794
187762	1722	0.046883002
187762	2528	0.046883002
187762	6083	0.046883002
187762	6391	0.046883002
187762	4900	0.046883
187762	1143	0.046882994
187762	3564	0.046882994
187762	4369	0.046882994
187762	79	0.04688299
187762	5896	0.04688299
187763	1722	0.03317728
187763	2528	0.03317728
187763	6083	0.03317728
187763	6391	0.03317728
187763	4369	0.033177275
187763	4900	0.033177275
187763	79	0.03317727
187763	105	0.03317727
187763	1143	0.03317727
187763	3564	0.03317727
187801	1722	0.031471796
187801	2528	0.031471796
187801	4369	0.031471796
187801	4900	0.031471796
187801	6083	0.031471796
187801	6391	0.031471796
187801	3564	0.031471793
187801	79	0.03147179
187801	105	0.03147179
187801	804	0.03147179
187822	6083	0.033552438
187822	1722	0.033552434
187822	2528	0.033552434
187822	6391	0.033552434
187822	79	0.03355243
187822	105	0.03355243
187822	1143	0.03355243
187822	4369	0.03355243
187822	4900	0.03355243
187822	804	0.033552427
187835	6083	0.030929117
187835	1722	0.030929115
187835	2528	0.030929115
187835	6391	0.030929113
187835	4369	0.030929111
187835	4900	0.030929111
187835	79	0.030929107
187835	105	0.030929107
187835	1143	0.030929107
187835	3564	0.030929107
187863	1722	0.031717263
187863	2528	0.031717263
187863	4369	0.031717263
187863	4900	0.031717263
187863	6083	0.031717263
187863	6391	0.03171726
187863	79	0.031717256
187863	105	0.031717256
187863	1143	0.031717256
187863	3564	0.031717256
187904	2528	0.030064248
187904	6083	0.030064248
187904	1722	0.030064246
187904	6391	0.030064246
187904	4369	0.030064244
187904	4900	0.030064244
187904	79	0.03006424
187904	105	0.03006424
187904	1143	0.03006424
187904	3564	0.03006424
187981	6083	0.024173852
187981	1722	0.02417385
187981	2528	0.02417385
187981	6391	0.02417385
187981	4369	0.024173848
187981	4900	0.024173848
187981	1143	0.024173846
187981	3564	0.024173846
187981	79	0.024173845
187981	105	0.024173845
187990	6083	0.034597203
187990	1722	0.0345972
187990	2528	0.0345972
187990	6391	0.0345972
187990	79	0.034597196
187990	4369	0.034597196
187990	4900	0.034597196
187990	105	0.034597192
187990	804	0.034597192
187990	1143	0.034597192
188010	1722	0.037092008
188010	2528	0.037092008
188010	6083	0.037092008
188010	4369	0.037092004
188010	6391	0.037092004
188010	79	0.037092
188010	105	0.037092
188010	1143	0.037092
188010	3564	0.037092
188010	4900	0.037092
188022	6083	0.036954492
188022	1722	0.03695449
188022	2528	0.03695449
188022	4369	0.036954485
188022	4900	0.036954485
188022	6391	0.036954485
188022	79	0.03695448
188022	3564	0.03695448
188022	5896	0.03695448
188022	105	0.036954477
188027	2528	0.03455725
188027	6083	0.03455725
188027	1722	0.034557246
188027	4900	0.034557246
188027	6391	0.034557246
188027	4369	0.034557242
188027	79	0.03455724
188027	105	0.03455724
188027	1143	0.03455724
188027	1557	0.03455724
188038	1722	0.031948384
188038	2528	0.031948384
188038	6083	0.031948384
188038	6391	0.031948384
188038	1143	0.03194838
188038	3564	0.03194838
188038	4369	0.03194838
188038	4900	0.03194838
188038	79	0.031948376
188038	105	0.031948376
188106	6083	0.030367207
188106	2528	0.030367205
188106	1722	0.030367203
188106	4369	0.030367203
188106	6391	0.030367203
188106	4900	0.030367201
188106	79	0.0303672
188106	105	0.0303672
188106	1143	0.0303672
188106	3564	0.0303672
188171	1722	0.03112933
188171	2528	0.03112933
188171	6083	0.03112933
188171	4369	0.031129327
188171	4900	0.031129327
188171	6391	0.031129327
188171	3564	0.031129325
188171	79	0.031129323
188171	1143	0.031129323
188171	105	0.031129321
188273	6083	0.027849795
188273	1722	0.027849793
188273	2528	0.027849793
188273	6391	0.027849792
188273	3564	0.02784979
188273	4369	0.02784979
188273	4900	0.02784979
188273	79	0.027849786
188273	105	0.027849786
188273	1143	0.027849786
188280	6083	0.035819676
188280	1722	0.035819672
188280	2528	0.035819672
188280	4900	0.035819672
188280	6391	0.035819672
188280	79	0.035819665
188280	105	0.035819665
188280	804	0.035819665
188280	1143	0.035819665
188280	3564	0.035819665
188369	6083	0.038949165
188369	2528	0.03894916
188369	6391	0.03894916
188369	1722	0.038949158
188369	4369	0.038949158
188369	4900	0.038949158
188369	79	0.038949154
188369	1143	0.038949154
188369	3088	0.038949154
188369	3564	0.038949154
188379	2528	0.026282836
188379	6083	0.026282836
188379	1722	0.026282832
188379	6391	0.026282832
188379	79	0.02628283
188379	4369	0.02628283
188379	4900	0.02628283
188379	105	0.026282828
188379	1143	0.026282828
188379	3564	0.026282828
188483	6083	0.025477652
188483	1722	0.025477648
188483	2528	0.025477648
188483	4900	0.025477648
188483	6391	0.025477648
188483	79	0.025477644
188483	1143	0.025477644
188483	3564	0.025477644
188483	4369	0.025477644
188483	105	0.025477642
188484	1722	0.031828277
188484	2528	0.031828277
188484	6083	0.031828277
188484	6391	0.031828277
188484	4369	0.031828273
188484	4900	0.031828273
188484	79	0.03182827
188484	105	0.03182827
188484	804	0.03182827
188484	1143	0.03182827
188490	1722	0.035274625
188490	2528	0.035274625
188490	6083	0.035274625
188490	4369	0.03527462
188490	1143	0.035274617
188490	3564	0.035274617
188490	4900	0.035274617
188490	6391	0.035274617
188490	79	0.035274614
188490	105	0.035274614
188513	2528	0.030656412
188513	6083	0.030656412
188513	1722	0.03065641
188513	4369	0.030656409
188513	4900	0.030656409
188513	6391	0.030656409
188513	79	0.030656405
188513	105	0.030656405
188513	1143	0.030656405
188513	3564	0.030656405
188518	1722	0.032821193
188518	2528	0.032821193
188518	4900	0.032821193
188518	6083	0.032821193
188518	6391	0.032821193
188518	1143	0.03282119
188518	3564	0.03282119
188518	4369	0.03282119
188518	79	0.032821186
188518	105	0.032821186
188583	1722	0.027206872
188583	2528	0.027206872
188583	6083	0.027206872
188583	1143	0.027206868
188583	4369	0.027206868
188583	4900	0.027206868
188583	6391	0.027206868
188583	105	0.027206866
188583	3564	0.027206866
188583	79	0.027206864
188589	6083	0.030951817
188589	1722	0.030951813
188589	2528	0.030951813
188589	4900	0.030951813
188589	6391	0.030951813
188589	4369	0.030951811
188589	1143	0.03095181
188589	3564	0.03095181
188589	79	0.030951807
188589	105	0.030951807
188659	6083	0.026302915
188659	2528	0.026302913
188659	1722	0.026302911
188659	4900	0.026302911
188659	6391	0.026302911
188659	79	0.026302908
188659	1143	0.026302908
188659	3564	0.026302908
188659	4369	0.026302908
188659	5896	0.026302908
188676	1722	0.033031374
188676	2528	0.033031374
188676	6083	0.033031374
188676	6391	0.033031374
188676	4369	0.03303137
188676	4900	0.03303137
188676	79	0.033031367
188676	105	0.033031367
188676	804	0.033031367
188676	1143	0.033031367
188696	6083	0.038974553
188696	2528	0.03897455
188696	6391	0.03897455
188696	1722	0.038974546
188696	4369	0.038974546
188696	4900	0.038974546
188696	3564	0.038974542
188696	79	0.03897454
188696	105	0.03897454
188696	804	0.03897454
188796	2528	0.033852037
188796	6083	0.033852037
188796	1722	0.033852033
188796	4369	0.033852033
188796	4900	0.033852033
188796	6391	0.033852033
188796	1143	0.03385203
188796	3564	0.03385203
188796	3917	0.03385203
188796	79	0.033852026
188799	2528	0.02589291
188799	6083	0.02589291
188799	1722	0.025892908
188799	4900	0.025892908
188799	1143	0.025892906
188799	3564	0.025892906
188799	4369	0.025892906
188799	6391	0.025892906
188799	79	0.025892904
188799	105	0.025892902
188878	2528	0.028925575
188878	6083	0.028925575
188878	1722	0.028925572
188878	4900	0.028925572
188878	6391	0.028925572
188878	4369	0.02892557
188878	79	0.028925568
188878	105	0.028925568
188878	1143	0.028925568
188878	3564	0.028925568
188951	6083	0.031636246
188951	2528	0.03163624
188951	79	0.031636238
188951	105	0.031636238
188951	1143	0.031636238
188951	1722	0.031636238
188951	3564	0.031636238
188951	4369	0.031636238
188951	4900	0.031636238
188951	6391	0.031636238
189005	2528	0.027911846
189005	6083	0.027911846
189005	1722	0.027911842
189005	4369	0.027911842
189005	4900	0.027911842
189005	6391	0.027911842
189005	79	0.027911838
189005	105	0.027911838
189005	1143	0.027911838
189005	3564	0.027911838
189080	6083	0.035680477
189080	1722	0.035680473
189080	2528	0.035680473
189080	4900	0.035680473
189080	6391	0.035680473
189080	4369	0.03568047
189080	79	0.035680465
189080	105	0.035680465
189080	1143	0.035680465
189080	3088	0.035680465
189104	6083	0.025795268
189104	1722	0.025795266
189104	2528	0.025795266
189104	4369	0.025795264
189104	4900	0.025795264
189104	6391	0.025795264
189104	79	0.025795262
189104	1143	0.025795262
189104	3564	0.025795262
189104	105	0.025795259
189115	6083	0.027134309
189115	1722	0.027134307
189115	2528	0.027134307
189115	6391	0.027134307
189115	4900	0.027134305
189115	105	0.027134303
189115	1143	0.027134303
189115	3564	0.027134303
189115	4369	0.027134303
189115	79	0.027134301
189139	1722	0.043447606
189139	2528	0.043447606
189139	6083	0.043447606
189139	4900	0.043447603
189139	6391	0.043447603
189139	79	0.0434476
189139	1143	0.0434476
189139	3564	0.0434476
189139	4369	0.0434476
189139	105	0.043447595
189151	6083	0.02008679
189151	1722	0.020086788
189151	2528	0.020086788
189151	6391	0.020086788
189151	1143	0.020086786
189151	4369	0.020086786
189151	4900	0.020086786
189151	79	0.020086784
189151	105	0.020086784
189151	3088	0.020086784
189235	6083	0.030007286
189235	1722	0.030007284
189235	2528	0.030007284
189235	4900	0.030007284
189235	6391	0.030007284
189235	4369	0.030007282
189235	1143	0.03000728
189235	3564	0.03000728
189235	79	0.030007277
189235	105	0.030007277
189320	6083	0.023901207
189320	1722	0.023901206
189320	2528	0.023901206
189320	4369	0.023901206
189320	6391	0.023901206
189320	1143	0.023901204
189320	4900	0.023901204
189320	79	0.023901202
189320	105	0.023901202
189320	3564	0.023901202
189392	2528	0.032009926
189392	6083	0.032009926
189392	1722	0.032009922
189392	4369	0.032009922
189392	4900	0.032009922
189392	6391	0.032009922
189392	79	0.03200992
189392	105	0.03200992
189392	1143	0.03200992
189392	3564	0.03200992
189474	6083	0.027421597
189474	2528	0.027421596
189474	1722	0.027421594
189474	4369	0.027421594
189474	4900	0.027421594
189474	6391	0.027421594
189474	79	0.02742159
189474	1143	0.02742159
189474	3564	0.02742159
189474	105	0.027421588
189516	2528	0.049324505
189516	6083	0.049324505
189516	1722	0.0493245
189516	4369	0.049324498
189516	4900	0.049324498
189516	6391	0.049324498
189516	105	0.049324494
189516	79	0.04932449
189516	804	0.04932449
189516	1143	0.04932449
189541	2528	0.031103712
189541	6083	0.031103712
189541	1722	0.031103708
189541	6391	0.031103708
189541	4369	0.031103706
189541	4900	0.031103706
189541	1143	0.031103704
189541	3564	0.031103704
189541	79	0.031103702
189541	105	0.031103702
189558	1722	0.05041513
189558	6083	0.05041513
189558	2528	0.050415125
189558	4369	0.05041512
189558	4900	0.05041512
189558	6391	0.05041512
189558	79	0.050415114
189558	105	0.050415114
189558	1143	0.050415114
189558	3088	0.050415114
189655	6083	0.020956097
189655	1722	0.020956095
189655	2528	0.020956095
189655	4369	0.020956095
189655	4900	0.020956095
189655	6391	0.020956095
189655	1143	0.020956093
189655	79	0.020956092
189655	105	0.020956092
189655	1557	0.020956092
189678	6083	0.020667614
189678	1722	0.020667613
189678	2528	0.020667613
189678	4900	0.020667613
189678	6391	0.020667613
189678	1143	0.02066761
189678	4369	0.02066761
189678	79	0.020667609
189678	105	0.020667609
189678	3088	0.020667609
189747	2528	0.024947472
189747	6083	0.024947472
189747	1722	0.02494747
189747	6391	0.02494747
189747	105	0.024947468
189747	4369	0.024947468
189747	4900	0.024947468
189747	79	0.024947466
189747	1143	0.024947466
189747	3564	0.024947466
189789	1722	0.024645641
189789	2528	0.024645641
189789	6083	0.024645641
189789	6391	0.024645641
189789	4900	0.02464564
189789	79	0.024645638
189789	1143	0.024645638
189789	3564	0.024645638
189789	4369	0.024645638
189789	105	0.024645636
189855	2528	0.025916962
189855	1722	0.02591696
189855	4900	0.02591696
189855	6083	0.02591696
189855	6391	0.025916958
189855	105	0.025916956
189855	1143	0.025916956
189855	3564	0.025916956
189855	4369	0.025916956
189855	79	0.025916955
189891	6083	0.02637511
189891	1722	0.026375107
189891	2528	0.026375107
189891	6391	0.026375107
189891	4369	0.026375106
189891	4900	0.026375106
189891	79	0.026375104
189891	1143	0.026375104
189891	3564	0.026375102
189891	105	0.0263751
189973	6083	0.038857486
189973	1722	0.038857482
189973	2528	0.038857482
189973	4369	0.03885748
189973	4900	0.03885748
189973	6391	0.03885748
189973	79	0.038857475
189973	105	0.038857475
189973	1143	0.038857475
189973	3564	0.038857475
190080	1722	0.034781702
190080	2528	0.034781702
190080	4900	0.034781702
190080	6083	0.034781702
190080	4369	0.0347817
190080	6391	0.0347817
190080	79	0.034781694
190080	105	0.034781694
190080	1143	0.034781694
190080	3088	0.034781694
190185	1722	0.03528872
190185	2528	0.03528872
190185	6083	0.03528872
190185	4900	0.035288718
190185	6391	0.035288718
190185	79	0.035288714
190185	105	0.035288714
190185	1143	0.035288714
190185	3088	0.035288714
190185	3564	0.035288714
190350	6083	0.029510858
190350	1722	0.029510856
190350	2528	0.029510856
190350	6391	0.029510856
190350	4900	0.029510854
190350	1143	0.029510852
190350	3564	0.029510852
190350	4369	0.029510852
190350	79	0.02951085
190350	105	0.029510848
190374	2528	0.03373238
190374	6083	0.03373238
190374	1722	0.033732377
190374	4369	0.033732377
190374	4900	0.033732377
190374	6391	0.033732377
190374	1143	0.033732373
190374	3564	0.033732373
190374	79	0.03373237
190374	105	0.03373237
190409	6083	0.024700677
190409	2528	0.024700675
190409	1722	0.024700673
190409	6391	0.024700673
190409	79	0.024700671
190409	1143	0.024700671
190409	4369	0.024700671
190409	4900	0.024700671
190409	105	0.02470067
190409	3564	0.02470067
190422	6083	0.028910514
190422	2528	0.028910512
190422	1722	0.02891051
190422	4900	0.02891051
190422	6391	0.02891051
190422	4369	0.028910508
190422	1143	0.028910507
190422	3564	0.028910507
190422	5896	0.028910507
190422	79	0.028910505
190448	6083	0.039263017
190448	2528	0.039263014
190448	1722	0.03926301
190448	4369	0.03926301
190448	4900	0.03926301
190448	6391	0.03926301
190448	1143	0.039263006
190448	3564	0.039263006
190448	79	0.039263003
190448	105	0.039263003
190459	6083	0.029001374
190459	1722	0.02900137
190459	2528	0.02900137
190459	4369	0.02900137
190459	4900	0.02900137
190459	6391	0.02900137
190459	79	0.029001366
190459	105	0.029001366
190459	1143	0.029001366
190459	3564	0.029001366
190479	1722	0.026606377
190479	2528	0.026606377
190479	6083	0.026606377
190479	6391	0.026606375
190479	1143	0.026606373
190479	3564	0.026606373
190479	4369	0.026606373
190479	4900	0.026606373
190479	79	0.026606372
190479	105	0.02660637
190480	1722	0.02410097
190480	2528	0.02410097
190480	6083	0.02410097
190480	6391	0.024100969
190480	1143	0.024100967
190480	3564	0.024100967
190480	4369	0.024100967
190480	4900	0.024100967
190480	79	0.024100965
190480	105	0.024100965
190533	6083	0.024230994
190533	2528	0.024230992
190533	1722	0.02423099
190533	4369	0.02423099
190533	4900	0.02423099
190533	6391	0.02423099
190533	79	0.024230987
190533	105	0.024230987
190533	1143	0.024230987
190533	3088	0.024230987
190708	6083	0.03830621
190708	1722	0.038306206
190708	2528	0.038306206
190708	4900	0.038306206
190708	4369	0.038306203
190708	6391	0.038306203
190708	105	0.0383062
190708	1143	0.0383062
190708	3088	0.0383062
190708	3564	0.0383062
190741	6083	0.035357386
190741	1722	0.035357382
190741	2528	0.035357382
190741	79	0.03535738
190741	3564	0.03535738
190741	4369	0.03535738
190741	4900	0.03535738
190741	6391	0.03535738
190741	1143	0.035357375
190741	5896	0.035357375
190789	1722	0.024517443
190789	2528	0.024517443
190789	6083	0.024517443
190789	6391	0.024517443
190789	4900	0.024517441
190789	79	0.02451744
190789	105	0.02451744
190789	1143	0.02451744
190789	3564	0.02451744
190789	4369	0.02451744
190831	6083	0.039145976
190831	1722	0.039145973
190831	2528	0.039145973
190831	6391	0.039145973
190831	1143	0.03914597
190831	3564	0.03914597
190831	4369	0.03914597
190831	4900	0.03914597
190831	79	0.03914596
190831	105	0.03914596
190844	6083	0.023907568
190844	2528	0.023907566
190844	1722	0.023907565
190844	4900	0.023907565
190844	6391	0.023907565
190844	4369	0.023907563
190844	79	0.02390756
190844	1143	0.02390756
190844	3564	0.02390756
190844	105	0.023907559
190885	1722	0.021783264
190885	2528	0.021783264
190885	6083	0.021783264
190885	4369	0.021783262
190885	4900	0.021783262
190885	6391	0.021783262
190885	79	0.02178326
190885	3564	0.02178326
190885	105	0.021783259
190885	804	0.021783259
190923	2528	0.036295287
190923	6083	0.036295287
190923	1722	0.036295284
190923	1143	0.03629528
190923	3564	0.03629528
190923	4369	0.03629528
190923	4900	0.03629528
190923	6391	0.03629528
190923	79	0.036295276
190923	105	0.036295272
191014	6083	0.030963564
191014	1722	0.030963562
191014	2528	0.030963562
191014	6391	0.030963562
191014	4369	0.030963559
191014	4900	0.030963559
191014	3564	0.030963557
191014	79	0.030963555
191014	105	0.030963555
191014	1143	0.030963555
191093	6083	0.02490203
191093	1722	0.024902027
191093	2528	0.024902027
191093	4369	0.024902027
191093	4900	0.024902027
191093	6391	0.024902027
191093	79	0.024902023
191093	105	0.024902023
191093	1143	0.024902023
191093	3564	0.024902023
191165	2528	0.025715929
191165	6083	0.025715929
191165	1722	0.025715927
191165	6391	0.025715927
191165	105	0.025715925
191165	1143	0.025715925
191165	4369	0.025715925
191165	4900	0.025715925
191165	79	0.025715923
191165	3564	0.025715923
191166	6083	0.015159545
191166	1722	0.015159544
191166	2528	0.015159544
191166	6391	0.015159543
191166	4369	0.015159542
191166	4900	0.015159542
191166	105	0.015159541
191166	3564	0.015159541
191166	79	0.01515954
191166	1143	0.01515954
191188	6083	0.0319102
191188	1722	0.031910196
191188	2528	0.031910196
191188	4369	0.031910196
191188	4900	0.031910196
191188	6391	0.031910196
191188	1143	0.031910192
191188	3564	0.031910192
191188	79	0.03191019
191188	105	0.03191019
191523	6083	0.0367338
191523	2528	0.036733795
191523	1722	0.03673379
191523	6391	0.03673379
191523	4369	0.036733788
191523	4900	0.036733788
191523	79	0.036733784
191523	105	0.036733784
191523	804	0.036733784
191523	1143	0.036733784
191560	6083	0.031018257
191560	2528	0.031018255
191560	1722	0.031018253
191560	4369	0.031018253
191560	4900	0.031018253
191560	6391	0.031018253
191560	79	0.03101825
191560	1143	0.03101825
191560	3564	0.03101825
191560	105	0.031018248
191575	2528	0.026286677
191575	6083	0.026286677
191575	1722	0.026286675
191575	4369	0.026286673
191575	4900	0.026286673
191575	6391	0.026286673
191575	3564	0.026286671
191575	79	0.02628667
191575	105	0.02628667
191575	1143	0.02628667
191638	6083	0.030415636
191638	2528	0.030415634
191638	1722	0.030415632
191638	6391	0.030415632
191638	4900	0.03041563
191638	3564	0.030415628
191638	4369	0.030415628
191638	79	0.030415626
191638	105	0.030415626
191638	1143	0.030415626
191716	6083	0.04584933
191716	2528	0.045849327
191716	1722	0.045849323
191716	4369	0.045849323
191716	4900	0.045849323
191716	6391	0.045849323
191716	79	0.045849316
191716	105	0.045849316
191716	1143	0.045849316
191716	3564	0.045849316
191761	6083	0.024228599
191761	1722	0.024228595
191761	2528	0.024228595
191761	4369	0.024228595
191761	4900	0.024228595
191761	6391	0.024228595
191761	79	0.024228591
191761	105	0.024228591
191761	1143	0.024228591
191761	3564	0.024228591
191775	1722	0.020329338
191775	2528	0.020329338
191775	6083	0.020329338
191775	6391	0.020329336
191775	3564	0.020329334
191775	4369	0.020329334
191775	4900	0.020329334
191775	79	0.020329332
191775	1143	0.020329332
191775	105	0.02032933
191803	6083	0.026601246
191803	1722	0.026601244
191803	2528	0.026601244
191803	6391	0.026601244
191803	4369	0.026601242
191803	4900	0.026601242
191803	1143	0.02660124
191803	3564	0.02660124
191803	79	0.026601238
191803	5896	0.026601238
191841	2528	0.028661998
191841	6083	0.028661998
191841	1722	0.028661996
191841	4900	0.028661996
191841	6391	0.028661996
191841	79	0.028661992
191841	1143	0.028661992
191841	3564	0.028661992
191841	4369	0.028661992
191841	105	0.02866199
191875	6083	0.025620317
191875	1722	0.025620315
191875	2528	0.025620315
191875	6391	0.025620315
191875	4900	0.025620313
191875	79	0.025620311
191875	1143	0.025620311
191875	3564	0.025620311
191875	4369	0.025620311
191875	105	0.02562031
191883	1722	0.023719698
191883	2528	0.023719698
191883	6083	0.023719698
191883	4900	0.023719696
191883	6391	0.023719696
191883	79	0.023719694
191883	105	0.023719694
191883	1143	0.023719694
191883	3564	0.023719694
191883	4369	0.023719694
192093	6083	0.030793997
192093	2528	0.030793995
192093	1722	0.030793993
192093	4369	0.030793991
192093	4900	0.030793991
192093	6391	0.030793991
192093	1143	0.03079399
192093	79	0.030793987
192093	105	0.030793987
192093	3564	0.030793987
192119	2528	0.029943593
192119	6083	0.029943593
192119	1722	0.029943591
192119	4369	0.02994359
192119	4900	0.02994359
192119	6391	0.02994359
192119	79	0.029943585
192119	105	0.029943585
192119	1143	0.029943585
192119	3564	0.029943585
192121	2528	0.026846386
192121	6083	0.026846386
192121	1722	0.026846385
192121	6391	0.026846385
192121	4369	0.026846383
192121	4900	0.026846383
192121	1143	0.02684638
192121	79	0.026846379
192121	105	0.026846379
192121	3088	0.026846379
192158	6083	0.031743553
192158	1722	0.03174355
192158	2528	0.03174355
192158	3564	0.03174355
192158	4369	0.03174355
192158	4900	0.03174355
192158	6391	0.03174355
192158	1143	0.031743545
192158	3917	0.031743545
192158	5896	0.031743545
192176	6083	0.033840634
192176	1722	0.033840626
192176	2528	0.033840626
192176	4369	0.033840626
192176	4900	0.033840626
192176	6391	0.033840626
192176	1143	0.033840623
192176	3564	0.033840623
192176	79	0.03384062
192176	105	0.03384062
192185	1722	0.03336183
192185	2528	0.03336183
192185	6083	0.03336183
192185	6391	0.033361826
192185	79	0.033361822
192185	105	0.033361822
192185	1143	0.033361822
192185	3564	0.033361822
192185	4369	0.033361822
192185	4900	0.033361822
192191	6083	0.025201965
192191	1722	0.025201961
192191	2528	0.025201961
192191	4369	0.025201961
192191	4900	0.025201961
192191	6391	0.025201961
192191	1143	0.02520196
192191	79	0.025201958
192191	105	0.025201958
192191	3564	0.025201958
192211	6083	0.044079088
192211	1722	0.04407908
192211	2528	0.04407908
192211	4369	0.04407908
192211	4900	0.04407908
192211	6391	0.04407908
192211	3564	0.044079076
192211	79	0.044079073
192211	105	0.044079073
192211	804	0.044079073
192244	6083	0.03946096
192244	1722	0.039460957
192244	2528	0.039460957
192244	4900	0.039460957
192244	6391	0.039460957
192244	4369	0.039460953
192244	79	0.03946095
192244	105	0.03946095
192244	1143	0.03946095
192244	3088	0.03946095
192245	2528	0.029914845
192245	6083	0.029914845
192245	1722	0.029914843
192245	4369	0.029914841
192245	4900	0.029914841
192245	6391	0.029914841
192245	1143	0.02991484
192245	3564	0.029914837
192245	79	0.029914835
192245	105	0.029914835
192353	6083	0.028134713
192353	1722	0.028134711
192353	2528	0.028134711
192353	4369	0.02813471
192353	4900	0.02813471
192353	6391	0.02813471
192353	1143	0.028134705
192353	3564	0.028134705
192353	79	0.028134704
192353	105	0.028134704
192428	6083	0.025993636
192428	1722	0.025993634
192428	2528	0.025993634
192428	4369	0.025993634
192428	6391	0.025993634
192428	4900	0.025993632
192428	1143	0.02599363
192428	3564	0.02599363
192428	5896	0.02599363
192428	79	0.025993628
192460	1722	0.036666952
192460	2528	0.036666952
192460	6083	0.036666952
192460	4369	0.03666695
192460	4900	0.03666695
192460	6391	0.03666695
192460	79	0.036666945
192460	105	0.036666945
192460	804	0.036666945
192460	1143	0.036666945
192462	1722	0.031726412
192462	2528	0.031726412
192462	6083	0.031726412
192462	4900	0.03172641
192462	6391	0.03172641
192462	79	0.031726405
192462	105	0.031726405
192462	804	0.031726405
192462	1143	0.031726405
192462	3564	0.031726405
192479	6083	0.030675974
192479	2528	0.030675972
192479	1722	0.03067597
192479	6391	0.03067597
192479	4369	0.030675968
192479	4900	0.030675968
192479	79	0.030675966
192479	105	0.030675966
192479	1143	0.030675966
192479	3564	0.030675966
192492	1722	0.03128185
192492	2528	0.03128185
192492	6083	0.03128185
192492	6391	0.03128185
192492	4369	0.031281848
192492	4900	0.031281848
192492	79	0.031281844
192492	105	0.031281844
192492	804	0.031281844
192492	1143	0.031281844
192696	2528	0.025423098
192696	6083	0.025423098
192696	1722	0.025423096
192696	4369	0.025423095
192696	4900	0.025423095
192696	6391	0.025423095
192696	3564	0.025423093
192696	79	0.02542309
192696	105	0.02542309
192696	1143	0.02542309
192710	1722	0.029994637
192710	2528	0.029994637
192710	6083	0.029994637
192710	6391	0.029994637
192710	1143	0.029994633
192710	3564	0.029994633
192710	4369	0.029994633
192710	4900	0.029994633
192710	79	0.02999463
192710	105	0.02999463
192727	6083	0.024775356
192727	1722	0.024775354
192727	2528	0.024775354
192727	4900	0.024775352
192727	6391	0.024775352
192727	3564	0.02477535
192727	4369	0.02477535
192727	79	0.024775349
192727	105	0.024775349
192727	1143	0.024775349
192733	2528	0.018447792
192733	6083	0.018447792
192733	1722	0.01844779
192733	4369	0.01844779
192733	4900	0.01844779
192733	6391	0.01844779
192733	1143	0.018447788
192733	3564	0.018447788
192733	79	0.018447787
192733	105	0.018447787
192914	6083	0.039005313
192914	1722	0.03900531
192914	2528	0.03900531
192914	6391	0.03900531
192914	4369	0.039005306
192914	4900	0.039005306
192914	79	0.039005302
192914	105	0.039005302
192914	1143	0.039005302
192914	3564	0.039005302
193106	6083	0.030401547
193106	1722	0.030401543
193106	2528	0.030401543
193106	6391	0.030401543
193106	4369	0.03040154
193106	4900	0.03040154
193106	1143	0.030401539
193106	3564	0.030401539
193106	79	0.030401537
193106	105	0.030401535
193131	2528	0.032078914
193131	1722	0.03207891
193131	6083	0.03207891
193131	6391	0.03207891
193131	79	0.032078907
193131	1143	0.032078907
193131	3564	0.032078907
193131	4369	0.032078907
193131	4900	0.032078907
193131	105	0.032078903
193156	2528	0.031981885
193156	6083	0.031981885
193156	1722	0.03198188
193156	1143	0.031981878
193156	3564	0.031981878
193156	4369	0.031981878
193156	4900	0.031981878
193156	6391	0.031981878
193156	79	0.031981874
193156	3088	0.031981874
193350	6083	0.025991071
193350	2528	0.02599107
193350	1722	0.025991067
193350	4369	0.025991067
193350	4900	0.025991067
193350	6391	0.025991067
193350	105	0.025991064
193350	1143	0.025991064
193350	3564	0.025991064
193350	79	0.025991062
193412	6083	0.03124488
193412	1722	0.031244878
193412	2528	0.031244878
193412	4900	0.031244876
193412	6391	0.031244876
193412	3564	0.031244874
193412	4369	0.031244874
193412	79	0.03124487
193412	105	0.03124487
193412	1143	0.03124487
193428	2528	0.032536305
193428	6083	0.032536305
193428	1722	0.0325363
193428	4369	0.0325363
193428	79	0.032536298
193428	1143	0.032536298
193428	3564	0.032536298
193428	4900	0.032536298
193428	6391	0.032536298
193428	105	0.032536294
193448	2528	0.028883807
193448	6083	0.028883807
193448	1722	0.028883805
193448	4369	0.028883804
193448	4900	0.028883804
193448	6391	0.028883804
193448	79	0.0288838
193448	105	0.0288838
193448	1143	0.0288838
193448	3564	0.0288838
193458	1722	0.039976455
193458	2528	0.039976455
193458	6083	0.039976455
193458	6391	0.03997645
193458	79	0.039976448
193458	105	0.039976448
193458	1143	0.039976448
193458	3564	0.039976448
193458	4369	0.039976448
193458	4900	0.039976448
193469	6083	0.02922016
193469	1722	0.029220158
193469	2528	0.029220158
193469	4369	0.029220156
193469	4900	0.029220156
193469	6391	0.029220156
193469	79	0.029220153
193469	1143	0.029220153
193469	3564	0.029220153
193469	105	0.02922015
193470	6083	0.032592833
193470	79	0.032592826
193470	1722	0.032592826
193470	2528	0.032592826
193470	3564	0.032592826
193470	4369	0.032592826
193470	4900	0.032592826
193470	6391	0.032592826
193470	105	0.032592822
193470	1143	0.032592822
193482	1722	0.032612175
193482	2528	0.032612175
193482	4369	0.032612175
193482	4900	0.032612175
193482	6083	0.032612175
193482	6391	0.032612175
193482	79	0.032612167
193482	105	0.032612167
193482	804	0.032612167
193482	1143	0.032612167
193499	2528	0.04305458
193499	6083	0.04305458
193499	1722	0.043054577
193499	6391	0.043054577
193499	79	0.043054573
193499	1143	0.043054573
193499	3564	0.043054573
193499	4369	0.043054573
193499	4900	0.043054573
193499	105	0.04305457
193529	2528	0.0363704
193529	6083	0.0363704
193529	1722	0.036370397
193529	4369	0.036370397
193529	4900	0.036370397
193529	6391	0.036370397
193529	79	0.03637039
193529	105	0.03637039
193529	1143	0.03637039
193529	3088	0.03637039
193610	1722	0.02245849
193610	2528	0.02245849
193610	4900	0.02245849
193610	6083	0.02245849
193610	4369	0.022458488
193610	6391	0.022458488
193610	79	0.022458486
193610	1143	0.022458486
193610	3564	0.022458486
193610	105	0.022458484
193612	1722	0.032596998
193612	2528	0.032596998
193612	4900	0.032596998
193612	6083	0.032596998
193612	6391	0.032596998
193612	4369	0.032596994
193612	79	0.03259699
193612	105	0.03259699
193612	804	0.03259699
193612	1143	0.03259699
193676	6083	0.034119338
193676	1722	0.034119334
193676	2528	0.034119334
193676	6391	0.034119334
193676	105	0.03411933
193676	3564	0.03411933
193676	4369	0.03411933
193676	4900	0.03411933
193676	79	0.034119327
193676	1143	0.034119327
193738	1722	0.033651136
193738	2528	0.033651136
193738	6083	0.033651136
193738	6391	0.033651136
193738	4369	0.033651132
193738	79	0.03365113
193738	105	0.03365113
193738	1143	0.03365113
193738	3564	0.03365113
193738	4900	0.03365113
193740	6083	0.018503727
193740	1722	0.018503726
193740	2528	0.018503726
193740	4369	0.018503726
193740	4900	0.018503726
193740	6391	0.018503726
193740	79	0.018503722
193740	105	0.018503722
193740	804	0.018503722
193740	1143	0.018503722
193750	6083	0.0204537
193750	1722	0.020453699
193750	2528	0.020453699
193750	6391	0.020453699
193750	4900	0.020453697
193750	79	0.020453695
193750	105	0.020453695
193750	1143	0.020453695
193750	1557	0.020453695
193750	3564	0.020453695
193769	6083	0.020289574
193769	2528	0.020289572
193769	1722	0.02028957
193769	4369	0.02028957
193769	4900	0.02028957
193769	6391	0.02028957
193769	1143	0.020289568
193769	79	0.020289566
193769	105	0.020289566
193769	1557	0.020289566
193778	6083	0.03683012
193778	1722	0.036830116
193778	2528	0.036830116
193778	4369	0.036830112
193778	4900	0.036830112
193778	6391	0.036830112
193778	79	0.03683011
193778	105	0.03683011
193778	1143	0.03683011
193778	3564	0.03683011
193798	1722	0.031753093
193798	2528	0.031753093
193798	6083	0.031753093
193798	4369	0.03175309
193798	4900	0.03175309
193798	6391	0.03175309
193798	79	0.031753086
193798	105	0.031753086
193798	1143	0.031753086
193798	3564	0.031753086
193819	2528	0.028641637
193819	6083	0.028641637
193819	1722	0.028641634
193819	4369	0.028641634
193819	4900	0.028641634
193819	6391	0.028641634
193819	79	0.02864163
193819	105	0.02864163
193819	1143	0.02864163
193819	3564	0.02864163
193898	6083	0.03784956
193898	2528	0.037849557
193898	1722	0.037849553
193898	4369	0.037849553
193898	4900	0.037849553
193898	6391	0.037849553
193898	1143	0.03784955
193898	3564	0.03784955
193898	79	0.037849545
193898	105	0.037849545
193966	2528	0.027241167
193966	6083	0.027241167
193966	1722	0.027241165
193966	4369	0.027241163
193966	4900	0.027241163
193966	6391	0.027241163
193966	3564	0.027241161
193966	79	0.02724116
193966	105	0.02724116
193966	1143	0.02724116
194027	6083	0.029719094
194027	1722	0.029719092
194027	2528	0.029719092
194027	6391	0.02971909
194027	4369	0.029719088
194027	4900	0.029719088
194027	79	0.029719086
194027	105	0.029719086
194027	1143	0.029719086
194027	3564	0.029719086
194172	2528	0.03355401
194172	6083	0.03355401
194172	1722	0.033554006
194172	4900	0.033554006
194172	6391	0.033554006
194172	79	0.033554003
194172	105	0.033554003
194172	1143	0.033554003
194172	3564	0.033554003
194172	4369	0.033554003
194205	2528	0.034906324
194205	6083	0.034906324
194205	1722	0.03490632
194205	4369	0.03490632
194205	4900	0.03490632
194205	6391	0.03490632
194205	1143	0.034906317
194205	3564	0.034906317
194205	79	0.034906313
194205	105	0.034906313
194273	1722	0.031389147
194273	2528	0.031389147
194273	4369	0.031389147
194273	4900	0.031389147
194273	6083	0.031389147
194273	6391	0.031389147
194273	79	0.03138914
194273	105	0.03138914
194273	804	0.03138914
194273	1143	0.03138914
194287	2528	0.029239435
194287	6083	0.029239435
194287	1722	0.029239433
194287	4369	0.029239431
194287	4900	0.029239431
194287	6391	0.029239431
194287	3564	0.02923943
194287	79	0.029239427
194287	105	0.029239427
194287	1143	0.029239427
194425	6083	0.028408954
194425	1722	0.028408952
194425	2528	0.028408952
194425	4369	0.02840895
194425	4900	0.02840895
194425	6391	0.02840895
194425	1143	0.028408946
194425	3564	0.028408946
194425	79	0.028408945
194425	105	0.028408945
194514	6083	0.02995505
194514	1722	0.029955048
194514	2528	0.029955048
194514	6391	0.029955048
194514	4900	0.029955046
194514	3564	0.029955044
194514	4369	0.029955044
194514	105	0.029955043
194514	1143	0.029955043
194514	79	0.02995504
194556	6083	0.03192027
194556	1722	0.03192026
194556	2528	0.03192026
194556	3564	0.03192026
194556	4369	0.03192026
194556	4900	0.03192026
194556	6391	0.03192026
194556	1143	0.031920258
194556	79	0.031920254
194556	105	0.031920254
194600	6083	0.03284029
194600	1722	0.032840285
194600	1143	0.03284028
194600	2528	0.03284028
194600	3564	0.03284028
194600	4369	0.03284028
194600	4900	0.03284028
194600	6391	0.03284028
194600	79	0.032840278
194600	105	0.032840274
194605	6083	0.031747896
194605	1722	0.031747892
194605	2528	0.031747892
194605	4369	0.031747892
194605	4900	0.031747892
194605	6391	0.031747892
194605	105	0.03174789
194605	1143	0.03174789
194605	3564	0.03174789
194605	79	0.031747885
194606	6083	0.028276356
194606	1722	0.028276354
194606	2528	0.028276354
194606	6391	0.028276354
194606	4369	0.028276352
194606	4900	0.028276352
194606	1143	0.02827635
194606	3564	0.02827635
194606	79	0.028276348
194606	105	0.028276348
194614	6083	0.02886942
194614	1722	0.028869417
194614	2528	0.028869417
194614	6391	0.028869417
194614	4369	0.028869415
194614	4900	0.028869415
194614	79	0.028869413
194614	105	0.028869413
194614	1143	0.028869413
194614	3564	0.028869413
194636	2528	0.024333186
194636	6083	0.024333186
194636	1722	0.024333185
194636	3564	0.024333183
194636	4369	0.024333183
194636	4900	0.024333183
194636	6391	0.024333183
194636	79	0.024333179
194636	105	0.024333179
194636	804	0.024333179
194639	6083	0.031458873
194639	1722	0.03145887
194639	2528	0.03145887
194639	4369	0.03145887
194639	6391	0.03145887
194639	1143	0.031458866
194639	4900	0.031458866
194639	79	0.031458862
194639	105	0.031458862
194639	804	0.031458862
194646	2528	0.024552964
194646	6083	0.024552964
194646	1722	0.024552962
194646	4900	0.024552962
194646	6391	0.024552962
194646	3564	0.02455296
194646	4369	0.02455296
194646	79	0.024552958
194646	1143	0.024552958
194646	105	0.024552956
194669	6083	0.03290125
194669	1722	0.032901246
194669	2528	0.032901246
194669	4369	0.032901246
194669	1143	0.032901242
194669	3564	0.032901242
194669	4900	0.032901242
194669	6391	0.032901242
194669	79	0.03290124
194669	105	0.03290124
194676	1722	0.04636872
194676	2528	0.04636872
194676	6083	0.04636872
194676	4900	0.046368714
194676	4369	0.04636871
194676	6391	0.04636871
194676	79	0.046368707
194676	105	0.046368707
194676	1143	0.046368707
194676	804	0.046368703
194699	1722	0.024332538
194699	2528	0.024332538
194699	6083	0.024332538
194699	6391	0.024332536
194699	4369	0.024332535
194699	4900	0.024332535
194699	79	0.024332533
194699	105	0.024332533
194699	1143	0.024332533
194699	3564	0.024332533
194877	1722	0.026914615
194877	2528	0.026914615
194877	6083	0.026914615
194877	4369	0.026914611
194877	4900	0.026914611
194877	6391	0.026914611
194877	105	0.02691461
194877	1143	0.02691461
194877	3564	0.02691461
194877	79	0.026914608
194974	1722	0.030575689
194974	2528	0.030575689
194974	6083	0.030575689
194974	4369	0.030575685
194974	4900	0.030575685
194974	6391	0.030575685
194974	79	0.030575681
194974	105	0.030575681
194974	1143	0.030575681
194974	3564	0.030575681
195041	6083	0.0300364
195041	1722	0.030036397
195041	2528	0.030036397
195041	4369	0.030036395
195041	6391	0.030036395
195041	3564	0.030036394
195041	4900	0.030036394
195041	79	0.030036392
195041	1143	0.030036392
195041	105	0.03003639
195049	1722	0.031745516
195049	6083	0.031745516
195049	2528	0.031745512
195049	6391	0.031745512
195049	79	0.03174551
195049	105	0.03174551
195049	1143	0.03174551
195049	3564	0.03174551
195049	4369	0.03174551
195049	4900	0.03174551
195079	2528	0.034265157
195079	1722	0.034265153
195079	4369	0.034265153
195079	4900	0.034265153
195079	6083	0.034265153
195079	6391	0.034265153
195079	79	0.03426515
195079	3564	0.03426515
195079	105	0.034265146
195079	804	0.034265146
195100	1722	0.0319584
195100	2528	0.0319584
195100	4900	0.0319584
195100	6083	0.0319584
195100	6391	0.0319584
195100	1143	0.031958397
195100	4369	0.031958397
195100	79	0.031958394
195100	105	0.031958394
195100	3564	0.031958394
195116	1722	0.024857793
195116	2528	0.024857793
195116	6083	0.024857793
195116	6391	0.024857791
195116	1143	0.02485779
195116	3564	0.02485779
195116	4369	0.02485779
195116	4900	0.02485779
195116	79	0.024857787
195116	105	0.024857787
195182	6083	0.02778201
195182	1722	0.027782008
195182	2528	0.027782008
195182	4900	0.027782008
195182	6391	0.027782008
195182	4369	0.027782006
195182	79	0.027782004
195182	1143	0.027782004
195182	3564	0.027782002
195182	105	0.027782
195247	2528	0.028547257
195247	6083	0.028547257
195247	1722	0.028547255
195247	6391	0.028547255
195247	4369	0.028547253
195247	4900	0.028547253
195247	79	0.02854725
195247	105	0.02854725
195247	1143	0.02854725
195247	3088	0.02854725
195374	6083	0.027012436
195374	1722	0.027012434
195374	2528	0.027012434
195374	6391	0.027012432
195374	1143	0.02701243
195374	3564	0.02701243
195374	4369	0.02701243
195374	4900	0.02701243
195374	79	0.027012428
195374	105	0.027012426
195386	6083	0.028925668
195386	1722	0.028925667
195386	2528	0.028925667
195386	4369	0.028925665
195386	4900	0.028925665
195386	6391	0.028925665
195386	79	0.028925661
195386	105	0.028925661
195386	1143	0.028925661
195386	3564	0.028925661
195469	6083	0.031204918
195469	1722	0.031204917
195469	2528	0.031204917
195469	6391	0.031204915
195469	3564	0.031204913
195469	4369	0.031204913
195469	4900	0.031204913
195469	105	0.031204911
195469	1143	0.031204911
195469	79	0.03120491
195694	1722	0.046783954
195694	2528	0.046783954
195694	6083	0.046783954
195694	4369	0.046783946
195694	4900	0.046783946
195694	6391	0.046783946
195694	79	0.046783943
195694	1143	0.046783943
195694	3564	0.046783943
195694	105	0.04678394
195770	1722	0.03137262
195770	2528	0.03137262
195770	6083	0.03137262
195770	6391	0.031372618
195770	79	0.031372614
195770	1143	0.031372614
195770	4369	0.031372614
195770	4900	0.031372614
195770	105	0.03137261
195770	3088	0.03137261
195904	2528	0.031075846
195904	6083	0.031075846
195904	1722	0.031075843
195904	4369	0.031075843
195904	4900	0.031075843
195904	6391	0.031075843
195904	79	0.031075839
195904	105	0.031075839
195904	1143	0.031075839
195904	3564	0.031075839
195943	2528	0.026049605
195943	6083	0.026049605
195943	1722	0.026049603
195943	4900	0.026049603
195943	6391	0.026049603
195943	4369	0.0260496
195943	3564	0.026049599
195943	79	0.026049597
195943	1143	0.026049597
195943	105	0.026049595
195965	2528	0.02805885
195965	6083	0.02805885
195965	1722	0.028058847
195965	6391	0.028058847
195965	4369	0.028058846
195965	4900	0.028058846
195965	1143	0.028058844
195965	3564	0.028058844
195965	79	0.028058842
195965	105	0.028058842
196018	1722	0.036279485
196018	2528	0.036279485
196018	6083	0.036279485
196018	6391	0.036279485
196018	4369	0.03627948
196018	4900	0.03627948
196018	79	0.036279477
196018	105	0.036279477
196018	1143	0.036279477
196018	3564	0.036279477
196031	2528	0.025659852
196031	6083	0.025659852
196031	1722	0.025659848
196031	4369	0.025659848
196031	4900	0.025659848
196031	6391	0.025659848
196031	79	0.025659844
196031	105	0.025659844
196031	1143	0.025659844
196031	3564	0.025659844
196047	2528	0.036179006
196047	6083	0.036179006
196047	1722	0.036179002
196047	4369	0.036179
196047	4900	0.036179
196047	6391	0.036179
196047	79	0.036178995
196047	3564	0.036178995
196047	105	0.03617899
196047	804	0.03617899
196050	2528	0.023531664
196050	6083	0.023531664
196050	1722	0.023531662
196050	4900	0.023531662
196050	4369	0.02353166
196050	6391	0.02353166
196050	1143	0.023531659
196050	79	0.023531657
196050	105	0.023531657
196050	3088	0.023531657
196052	6083	0.032610543
196052	1722	0.03261054
196052	2528	0.03261054
196052	6391	0.03261054
196052	79	0.032610536
196052	1143	0.032610536
196052	3564	0.032610536
196052	4369	0.032610536
196052	4900	0.032610536
196052	105	0.032610532
196053	1722	0.023154002
196053	2528	0.023154
196053	6083	0.023154
196053	4369	0.023153998
196053	4900	0.023153998
196053	6391	0.023153998
196053	79	0.023153996
196053	1143	0.023153996
196053	3564	0.023153996
196053	105	0.023153994
196077	1722	0.041256487
196077	2528	0.041256487
196077	6083	0.041256487
196077	6391	0.041256487
196077	4369	0.041256484
196077	4900	0.041256484
196077	79	0.04125648
196077	105	0.04125648
196077	3564	0.04125648
196077	5896	0.04125648
196085	2528	0.026341826
196085	6083	0.026341826
196085	1722	0.026341824
196085	3564	0.026341822
196085	4369	0.026341822
196085	4900	0.026341822
196085	6391	0.026341822
196085	105	0.02634182
196085	1143	0.02634182
196085	79	0.026341818
196099	6083	0.018270172
196099	1722	0.018270168
196099	2528	0.018270168
196099	4369	0.018270168
196099	4900	0.018270168
196099	6391	0.018270168
196099	105	0.018270167
196099	1143	0.018270167
196099	3564	0.018270167
196099	3917	0.018270167
196108	1722	0.031771153
196108	2528	0.031771153
196108	4369	0.031771153
196108	4900	0.031771153
196108	6083	0.031771153
196108	6391	0.031771153
196108	1143	0.03177115
196108	79	0.031771146
196108	105	0.031771146
196108	804	0.031771146
196113	6083	0.021058688
196113	1722	0.021058686
196113	2528	0.021058686
196113	6391	0.021058684
196113	79	0.021058682
196113	1143	0.021058682
196113	3564	0.021058682
196113	4369	0.021058682
196113	4900	0.021058682
196113	105	0.02105868
196137	2528	0.031094182
196137	6083	0.031094182
196137	1722	0.03109418
196137	4369	0.031094179
196137	4900	0.031094179
196137	6391	0.031094179
196137	79	0.031094175
196137	1143	0.031094175
196137	3564	0.031094175
196137	3088	0.031094173
196146	2528	0.036450624
196146	6083	0.036450624
196146	1722	0.03645062
196146	1143	0.036450617
196146	3564	0.036450617
196146	4369	0.036450617
196146	4900	0.036450617
196146	6391	0.036450617
196146	79	0.036450613
196146	105	0.036450613
196148	1722	0.031847887
196148	2528	0.031847887
196148	4369	0.031847887
196148	6083	0.031847887
196148	6391	0.031847887
196148	4900	0.031847883
196148	79	0.03184788
196148	105	0.03184788
196148	1143	0.03184788
196148	1557	0.03184788
196149	1722	0.020430364
196149	2528	0.020430364
196149	6083	0.020430364
196149	6391	0.020430364
196149	4369	0.020430362
196149	4900	0.020430362
196149	79	0.02043036
196149	105	0.02043036
196149	1143	0.02043036
196149	3564	0.02043036
196160	6083	0.024419576
196160	1722	0.024419574
196160	2528	0.024419574
196160	3564	0.024419572
196160	4369	0.024419572
196160	4900	0.024419572
196160	79	0.024419568
196160	105	0.024419568
196160	1143	0.024419568
196160	3088	0.024419568
196187	2528	0.031805657
196187	6083	0.031805657
196187	1722	0.031805653
196187	4369	0.031805653
196187	4900	0.031805653
196187	6391	0.031805653
196187	79	0.03180565
196187	105	0.03180565
196187	1143	0.03180565
196187	3088	0.03180565
196191	1722	0.030889522
196191	2528	0.030889522
196191	6083	0.030889522
196191	6391	0.030889522
196191	4369	0.03088952
196191	4900	0.03088952
196191	1143	0.030889519
196191	3564	0.030889519
196191	79	0.030889517
196191	105	0.030889515
196228	6083	0.045601647
196228	1722	0.045601644
196228	2528	0.045601644
196228	6391	0.045601644
196228	4900	0.04560164
196228	1143	0.045601636
196228	3564	0.045601636
196228	4369	0.045601636
196228	79	0.045601632
196228	105	0.045601632
196253	6083	0.025829127
196253	2528	0.025829125
196253	1722	0.025829123
196253	6391	0.025829123
196253	4369	0.025829121
196253	4900	0.025829121
196253	105	0.02582912
196253	1143	0.02582912
196253	3564	0.02582912
196253	79	0.025829118
196282	6083	0.029573457
196282	1722	0.029573455
196282	2528	0.029573455
196282	6391	0.029573454
196282	4369	0.029573452
196282	4900	0.029573452
196282	79	0.029573448
196282	105	0.029573448
196282	1143	0.029573448
196282	3088	0.029573448
196317	1722	0.026830439
196317	2528	0.026830439
196317	6083	0.026830439
196317	6391	0.026830437
196317	4369	0.026830435
196317	4900	0.026830435
196317	79	0.026830431
196317	105	0.026830431
196317	1143	0.026830431
196317	3564	0.026830431
196457	6083	0.030653123
196457	1722	0.030653121
196457	2528	0.030653121
196457	4900	0.03065312
196457	6391	0.03065312
196457	4369	0.030653117
196457	79	0.030653115
196457	1143	0.030653115
196457	3564	0.030653115
196457	105	0.030653113
196466	1722	0.027999334
196466	2528	0.027999334
196466	6083	0.027999334
196466	6391	0.027999334
196466	4369	0.027999332
196466	4900	0.027999332
196466	3564	0.02799933
196466	79	0.027999328
196466	1143	0.027999328
196466	105	0.027999327
196492	2528	0.029581573
196492	6083	0.029581571
196492	1722	0.02958157
196492	4369	0.029581567
196492	4900	0.029581567
196492	6391	0.029581567
196492	1143	0.029581565
196492	3564	0.029581565
196492	79	0.029581564
196492	105	0.029581564
196502	2528	0.035977073
196502	6083	0.035977073
196502	1722	0.03597707
196502	6391	0.03597707
196502	105	0.035977066
196502	1143	0.035977066
196502	3564	0.035977066
196502	4369	0.035977066
196502	4900	0.035977066
196502	79	0.03597706
196621	6083	0.028798299
196621	1722	0.028798297
196621	2528	0.028798297
196621	6391	0.028798295
196621	4369	0.028798293
196621	4900	0.028798293
196621	79	0.028798291
196621	105	0.028798291
196621	1143	0.028798291
196621	3564	0.028798291
196738	6083	0.03947069
196738	1722	0.039470688
196738	2528	0.039470688
196738	4900	0.039470688
196738	6391	0.039470688
196738	4369	0.039470684
196738	79	0.03947068
196738	105	0.03947068
196738	1143	0.03947068
196738	3564	0.03947068
196775	2528	0.030618042
196775	6083	0.030618042
196775	1722	0.03061804
196775	4369	0.030618038
196775	4900	0.030618038
196775	6391	0.030618038
196775	79	0.030618034
196775	105	0.030618034
196775	1143	0.030618034
196775	3564	0.030618034
196886	6083	0.024044476
196886	2528	0.024044475
196886	1722	0.024044473
196886	4369	0.024044473
196886	4900	0.024044473
196886	6391	0.024044473
196886	79	0.024044469
196886	105	0.024044469
196886	1143	0.024044469
196886	3564	0.024044469
196891	6083	0.024438776
196891	1722	0.024438774
196891	2528	0.024438772
196891	4369	0.024438772
196891	4900	0.024438772
196891	6391	0.024438772
196891	79	0.024438769
196891	105	0.024438769
196891	1143	0.024438769
196891	3088	0.024438769
197000	1722	0.03472863
197000	2528	0.03472863
197000	6083	0.03472863
197000	6391	0.03472863
197000	4369	0.034728628
197000	4900	0.034728628
197000	79	0.034728624
197000	105	0.034728624
197000	1143	0.034728624
197000	3088	0.034728624
197206	6083	0.024987973
197206	2528	0.024987971
197206	1722	0.02498797
197206	4369	0.02498797
197206	4900	0.02498797
197206	6391	0.02498797
197206	1143	0.024987968
197206	79	0.024987966
197206	105	0.024987966
197206	3564	0.024987966
197364	6083	0.033097144
197364	1722	0.03309714
197364	2528	0.03309714
197364	4369	0.03309714
197364	4900	0.03309714
197364	6391	0.03309714
197364	79	0.033097137
197364	3564	0.033097137
197364	105	0.033097133
197364	804	0.033097133
197410	1722	0.025109142
197410	2528	0.025109142
197410	6083	0.025109142
197410	4369	0.02510914
197410	6391	0.02510914
197410	1143	0.025109138
197410	4900	0.025109138
197410	79	0.025109136
197410	3564	0.025109136
197410	105	0.025109135
197424	6083	0.030369833
197424	1722	0.030369831
197424	2528	0.030369831
197424	4900	0.03036983
197424	6391	0.03036983
197424	4369	0.030369828
197424	79	0.030369826
197424	105	0.030369826
197424	1143	0.030369826
197424	3564	0.030369826
197425	6083	0.029610131
197425	2528	0.02961013
197425	1722	0.029610127
197425	4900	0.029610127
197425	6391	0.029610127
197425	1143	0.029610123
197425	3564	0.029610123
197425	4369	0.029610123
197425	79	0.029610122
197425	105	0.029610122
197502	6083	0.033035975
197502	1143	0.03303597
197502	1722	0.03303597
197502	2528	0.03303597
197502	4369	0.03303597
197502	4900	0.03303597
197502	6391	0.03303597
197502	3564	0.033035967
197502	79	0.033035964
197502	105	0.033035964
197664	1722	0.02412559
197664	2528	0.02412559
197664	6083	0.02412559
197664	6391	0.02412559
197664	4369	0.024125589
197664	4900	0.024125589
197664	79	0.024125587
197664	1143	0.024125587
197664	3564	0.024125587
197664	105	0.024125585
197687	1722	0.03588093
197687	2528	0.03588093
197687	4900	0.03588093
197687	6083	0.03588093
197687	6391	0.03588093
197687	3564	0.035880927
197687	4369	0.035880927
197687	79	0.035880923
197687	105	0.035880923
197687	1143	0.035880923
197727	1722	0.028099716
197727	2528	0.028099716
197727	6083	0.028099716
197727	6391	0.028099716
197727	1143	0.028099712
197727	3564	0.028099712
197727	4369	0.028099712
197727	4900	0.028099712
197727	79	0.028099708
197727	105	0.028099708
197775	1722	0.031584937
197775	2528	0.031584937
197775	6083	0.031584937
197775	4369	0.031584933
197775	4900	0.031584933
197775	6391	0.031584933
197775	79	0.03158493
197775	105	0.03158493
197775	1143	0.03158493
197775	3564	0.03158493
197866	1722	0.03380525
197866	2528	0.03380525
197866	6083	0.03380525
197866	4900	0.033805247
197866	6391	0.033805247
197866	1143	0.033805244
197866	3564	0.033805244
197866	4369	0.033805244
197866	79	0.03380524
197866	105	0.03380524
197913	2528	0.035892833
197913	6083	0.035892833
197913	1722	0.03589283
197913	4369	0.03589283
197913	4900	0.03589283
197913	6391	0.03589283
197913	1143	0.035892826
197913	79	0.03589282
197913	105	0.03589282
197913	804	0.03589282
197939	2528	0.029218722
197939	6083	0.029218722
197939	1722	0.02921872
197939	4369	0.029218718
197939	4900	0.029218718
197939	6391	0.029218718
197939	79	0.029218715
197939	105	0.029218715
197939	1143	0.029218715
197939	3564	0.029218715
197942	2528	0.030309197
197942	6083	0.030309197
197942	1722	0.030309195
197942	4900	0.030309193
197942	6391	0.030309193
197942	3564	0.030309191
197942	4369	0.030309191
197942	79	0.03030919
197942	1143	0.03030919
197942	105	0.030309187
197997	1722	0.034715608
197997	2528	0.034715608
197997	4900	0.034715608
197997	6083	0.034715608
197997	6391	0.034715608
197997	4369	0.034715604
197997	79	0.0347156
197997	105	0.0347156
197997	804	0.0347156
197997	1143	0.0347156
198011	2528	0.021203006
198011	6083	0.021203006
198011	1722	0.021203004
198011	4900	0.021203004
198011	6391	0.021203004
198011	3564	0.021203002
198011	4369	0.021203002
198011	79	0.021203
198011	105	0.021203
198011	1143	0.021203
198012	1722	0.048057146
198012	2528	0.048057146
198012	6083	0.048057146
198012	4900	0.048057143
198012	6391	0.048057143
198012	79	0.04805714
198012	1143	0.04805714
198012	3564	0.04805714
198012	4369	0.04805714
198012	105	0.048057135
198046	2528	0.0327373
198046	6083	0.0327373
198046	1722	0.032737296
198046	4369	0.032737292
198046	4900	0.032737292
198046	6391	0.032737292
198046	5896	0.03273729
198046	79	0.032737285
198046	105	0.032737285
198046	804	0.032737285
198114	2528	0.02469433
198114	6083	0.02469433
198114	1722	0.024694327
198114	4900	0.024694327
198114	6391	0.024694327
198114	4369	0.024694325
198114	79	0.024694324
198114	105	0.024694324
198114	1143	0.024694324
198114	3564	0.024694324
198213	6083	0.028587446
198213	1722	0.028587442
198213	2528	0.028587442
198213	6391	0.028587442
198213	4369	0.02858744
198213	4900	0.02858744
198213	79	0.028587438
198213	105	0.028587438
198213	1143	0.028587438
198213	3564	0.028587438
198216	6083	0.031855177
198216	1722	0.031855173
198216	2528	0.031855173
198216	4900	0.031855173
198216	6391	0.031855173
198216	4369	0.03185517
198216	79	0.031855166
198216	105	0.031855166
198216	1143	0.031855166
198216	3088	0.031855166
198355	6083	0.030626595
198355	1722	0.030626591
198355	2528	0.030626591
198355	4900	0.03062659
198355	6391	0.03062659
198355	4369	0.030626588
198355	79	0.030626584
198355	105	0.030626584
198355	1143	0.030626584
198355	3564	0.030626584
198483	6083	0.031632096
198483	2528	0.03163209
198483	1722	0.031632088
198483	3564	0.031632088
198483	4369	0.031632088
198483	4900	0.031632088
198483	6391	0.031632088
198483	79	0.031632084
198483	105	0.031632084
198483	1143	0.031632084
198507	6083	0.028711503
198507	1722	0.028711502
198507	2528	0.028711502
198507	6391	0.0287115
198507	4369	0.028711498
198507	4900	0.028711498
198507	79	0.028711496
198507	1143	0.028711496
198507	105	0.028711494
198507	3564	0.028711494
198557	2528	0.02875936
198557	6083	0.02875936
198557	1722	0.028759358
198557	4369	0.028759357
198557	4900	0.028759357
198557	6391	0.028759357
198557	3564	0.028759355
198557	79	0.028759353
198557	105	0.028759353
198557	1143	0.028759353
198726	1722	0.023543987
198726	2528	0.023543987
198726	6083	0.023543987
198726	6391	0.023543986
198726	3564	0.023543984
198726	4369	0.023543984
198726	4900	0.023543984
198726	79	0.023543982
198726	105	0.023543982
198726	1143	0.023543982
198767	6083	0.026850402
198767	2528	0.0268504
198767	1722	0.026850399
198767	4369	0.026850399
198767	4900	0.026850399
198767	6391	0.026850399
198767	79	0.026850395
198767	105	0.026850395
198767	1143	0.026850395
198767	3564	0.026850395
198781	6083	0.028239738
198781	1722	0.028239736
198781	2528	0.028239736
198781	4369	0.028239734
198781	4900	0.028239734
198781	6391	0.028239734
198781	79	0.02823973
198781	105	0.02823973
198781	1143	0.02823973
198781	3564	0.02823973
198840	6083	0.024768893
198840	1722	0.024768889
198840	2528	0.024768889
198840	4900	0.024768889
198840	6391	0.024768889
198840	4369	0.024768887
198840	79	0.024768885
198840	105	0.024768885
198840	3564	0.024768885
198840	804	0.024768883
198930	2528	0.034098558
198930	6083	0.034098558
198930	1722	0.034098554
198930	4900	0.034098554
198930	6391	0.034098554
198930	79	0.03409855
198930	105	0.03409855
198930	1143	0.03409855
198930	3564	0.03409855
198930	4369	0.03409855
198982	2528	0.04337672
198982	6083	0.04337672
198982	1722	0.043376718
198982	4369	0.043376714
198982	4900	0.043376714
198982	6391	0.043376714
198982	79	0.04337671
198982	1143	0.04337671
198982	3564	0.04337671
198982	105	0.043376707
198983	1722	0.03992907
198983	2528	0.03992907
198983	6083	0.03992907
198983	6391	0.03992907
198983	4369	0.039929066
198983	4900	0.039929066
198983	79	0.039929062
198983	1143	0.039929062
198983	3564	0.039929062
198983	105	0.03992906
198996	1722	0.024669897
198996	2528	0.024669897
198996	6083	0.024669897
198996	6391	0.024669897
198996	4900	0.024669895
198996	79	0.024669893
198996	1143	0.024669893
198996	3564	0.024669893
198996	4369	0.024669893
198996	105	0.02466989
199016	1722	0.029455304
199016	2528	0.029455304
199016	6083	0.029455304
199016	6391	0.029455302
199016	4369	0.0294553
199016	4900	0.0294553
199016	1143	0.029455299
199016	3564	0.029455299
199016	79	0.029455297
199016	105	0.029455297
199025	6083	0.029746816
199025	2528	0.029746814
199025	1722	0.029746812
199025	4369	0.029746812
199025	4900	0.029746812
199025	6391	0.029746812
199025	1143	0.029746808
199025	3564	0.029746808
199025	79	0.029746806
199025	105	0.029746806
199041	1722	0.032180764
199041	2528	0.032180764
199041	4900	0.032180764
199041	6083	0.032180764
199041	6391	0.03218076
199041	79	0.032180756
199041	105	0.032180756
199041	804	0.032180756
199041	1143	0.032180756
199041	3088	0.032180756
199092	2528	0.028538875
199092	4900	0.028538875
199092	6083	0.028538875
199092	1722	0.028538873
199092	6391	0.028538873
199092	79	0.028538872
199092	3564	0.028538872
199092	4369	0.028538872
199092	1143	0.02853887
199092	105	0.028538868
199095	6083	0.03965124
199095	1722	0.039651237
199095	2528	0.039651237
199095	4369	0.039651237
199095	4900	0.039651237
199095	6391	0.039651237
199095	3564	0.039651234
199095	79	0.03965123
199095	105	0.03965123
199095	1143	0.03965123
199178	1722	0.03683207
199178	2528	0.03683207
199178	4369	0.03683207
199178	6083	0.03683207
199178	6391	0.03683207
199178	4900	0.036832068
199178	79	0.036832064
199178	105	0.036832064
199178	804	0.036832064
199178	1143	0.036832064
199209	6083	0.029979326
199209	2528	0.029979324
199209	1722	0.029979322
199209	4369	0.029979322
199209	4900	0.029979322
199209	6391	0.029979322
199209	79	0.029979318
199209	105	0.029979318
199209	1143	0.029979318
199209	3564	0.029979318
199416	6083	0.03265234
199416	1722	0.032652337
199416	2528	0.032652337
199416	4900	0.032652337
199416	1143	0.032652333
199416	3564	0.032652333
199416	4369	0.032652333
199416	6391	0.032652333
199416	79	0.03265233
199416	105	0.03265233
199515	6083	0.024259469
199515	1722	0.024259467
199515	2528	0.024259467
199515	4369	0.024259467
199515	4900	0.024259467
199515	6391	0.024259467
199515	79	0.024259463
199515	105	0.024259463
199515	1143	0.024259463
199515	3564	0.024259463
199772	6083	0.029622188
199772	1722	0.029622186
199772	2528	0.029622186
199772	6391	0.029622186
199772	4900	0.029622184
199772	3564	0.029622182
199772	4369	0.029622182
199772	105	0.02962218
199772	1143	0.02962218
199772	79	0.029622179
199795	2528	0.03307849
199795	6083	0.03307849
199795	1722	0.033078488
199795	6391	0.033078488
199795	79	0.033078484
199795	105	0.033078484
199795	1143	0.033078484
199795	3564	0.033078484
199795	3917	0.033078484
199795	4369	0.033078484
199871	2528	0.03426749
199871	6083	0.03426749
199871	1722	0.034267485
199871	4369	0.034267485
199871	4900	0.034267485
199871	6391	0.034267485
199871	79	0.03426748
199871	3564	0.03426748
199871	105	0.034267478
199871	804	0.034267478
199981	1722	0.02934634
199981	2528	0.02934634
199981	6083	0.02934634
199981	4369	0.029346338
199981	4900	0.029346338
199981	6391	0.029346338
199981	79	0.029346334
199981	1143	0.029346334
199981	3564	0.029346334
199981	105	0.029346332
200009	6083	0.034082636
200009	1722	0.03408263
200009	2528	0.03408263
200009	4369	0.03408263
200009	4900	0.03408263
200009	6391	0.03408263
200009	1143	0.034082625
200009	5896	0.034082625
200009	79	0.03408262
200009	105	0.03408262
200196	1722	0.042737238
200196	2528	0.042737238
200196	4900	0.042737238
200196	6083	0.042737238
200196	6391	0.042737238
200196	4369	0.042737234
200196	79	0.04273723
200196	105	0.04273723
200196	1143	0.04273723
200196	3564	0.04273723
200206	1722	0.025845036
200206	2528	0.025845036
200206	6083	0.025845036
200206	6391	0.025845036
200206	4900	0.025845034
200206	79	0.025845032
200206	1143	0.025845032
200206	4369	0.025845032
200206	105	0.02584503
200206	3564	0.02584503
200213	2528	0.02897171
200213	6083	0.02897171
200213	1722	0.028971707
200213	4369	0.028971706
200213	4900	0.028971706
200213	6391	0.028971706
200213	79	0.028971702
200213	105	0.028971702
200213	1143	0.028971702
200213	3564	0.028971702
200245	2528	0.025858585
200245	6083	0.025858585
200245	1722	0.025858581
200245	4369	0.025858581
200245	4900	0.025858581
200245	6391	0.025858581
200245	79	0.025858577
200245	105	0.025858577
200245	1143	0.025858577
200245	3564	0.025858577
200248	1722	0.03584031
200248	2528	0.03584031
200248	4900	0.03584031
200248	6083	0.03584031
200248	6391	0.03584031
200248	4369	0.035840306
200248	79	0.035840303
200248	105	0.035840303
200248	1143	0.035840303
200248	3564	0.035840303
200252	6083	0.029344477
200252	1722	0.029344473
200252	2528	0.029344473
200252	6391	0.029344473
200252	4369	0.029344471
200252	4900	0.029344471
200252	79	0.02934447
200252	1143	0.02934447
200252	3564	0.02934447
200252	105	0.029344467
200323	6083	0.03272707
200323	1143	0.032727063
200323	1722	0.032727063
200323	2528	0.032727063
200323	3564	0.032727063
200323	4369	0.032727063
200323	4900	0.032727063
200323	6391	0.032727063
200323	79	0.03272706
200323	105	0.03272706
200402	6083	0.0376291
200402	1722	0.037629098
200402	2528	0.037629098
200402	4900	0.037629098
200402	6391	0.037629098
200402	1143	0.037629094
200402	4369	0.037629094
200402	79	0.03762909
200402	105	0.03762909
200402	3088	0.03762909
200422	6083	0.035282124
200422	1722	0.03528212
200422	2528	0.03528212
200422	4900	0.03528212
200422	6391	0.03528212
200422	3564	0.035282116
200422	4369	0.035282116
200422	79	0.035282113
200422	105	0.035282113
200422	1143	0.035282113
200493	6083	0.024362398
200493	1722	0.024362396
200493	2528	0.024362396
200493	6391	0.024362396
200493	4369	0.024362395
200493	4900	0.024362395
200493	79	0.024362393
200493	105	0.024362393
200493	1143	0.024362393
200493	3564	0.024362393
200508	1722	0.028715558
200508	2528	0.028715558
200508	6083	0.028715558
200508	4369	0.028715555
200508	4900	0.028715555
200508	6391	0.028715555
200508	1143	0.028715553
200508	79	0.02871555
200508	105	0.02871555
200508	3564	0.02871555
200568	1722	0.035184316
200568	2528	0.035184316
200568	4900	0.035184316
200568	6083	0.035184316
200568	6391	0.035184313
200568	79	0.03518431
200568	105	0.03518431
200568	1143	0.03518431
200568	3564	0.03518431
200568	3917	0.03518431
200585	2528	0.033765234
200585	6083	0.033765234
200585	6391	0.033765234
200585	1722	0.03376523
200585	4369	0.03376523
200585	4900	0.03376523
200585	79	0.033765227
200585	105	0.033765227
200585	804	0.033765227
200585	1143	0.033765227
200607	2528	0.01877384
200607	6083	0.01877384
200607	1722	0.018773839
200607	4369	0.018773839
200607	4900	0.018773839
200607	6391	0.018773839
200607	3564	0.018773837
200607	79	0.018773835
200607	105	0.018773835
200607	804	0.018773835
200643	2528	0.02640789
200643	6083	0.02640789
200643	1722	0.026407888
200643	4369	0.026407886
200643	4900	0.026407886
200643	6391	0.026407886
200643	1143	0.026407884
200643	79	0.026407883
200643	105	0.026407883
200643	3088	0.026407883
200674	1722	0.032405794
200674	2528	0.032405794
200674	6083	0.032405794
200674	6391	0.03240579
200674	79	0.032405786
200674	105	0.032405786
200674	1143	0.032405786
200674	3088	0.032405786
200674	3564	0.032405786
200674	4369	0.032405786
200772	1722	0.023938578
200772	2528	0.023938578
200772	6083	0.023938578
200772	3564	0.023938574
200772	4369	0.023938574
200772	4900	0.023938574
200772	6391	0.023938574
200772	79	0.023938572
200772	1143	0.023938572
200772	105	0.02393857
200978	2528	0.031898547
200978	6083	0.031898547
200978	1722	0.031898543
200978	4369	0.031898543
200978	4900	0.031898543
200978	6391	0.031898543
200978	79	0.03189854
200978	105	0.03189854
200978	1143	0.03189854
200978	3564	0.03189854
200993	6083	0.03434833
200993	1722	0.034348328
200993	2528	0.034348324
200993	3564	0.034348324
200993	4369	0.034348324
200993	4900	0.034348324
200993	6391	0.034348324
200993	79	0.03434832
200993	1143	0.03434832
200993	105	0.034348316
201017	2528	0.035188373
201017	6083	0.035188373
201017	1722	0.03518837
201017	4900	0.03518837
201017	6391	0.03518837
201017	79	0.035188366
201017	4369	0.035188366
201017	105	0.035188362
201017	1143	0.035188362
201017	3088	0.035188362
201036	6083	0.029125746
201036	2528	0.029125744
201036	1722	0.029125743
201036	6391	0.029125743
201036	4900	0.02912574
201036	3564	0.029125739
201036	4369	0.029125739
201036	79	0.029125737
201036	105	0.029125737
201036	1143	0.029125737
201042	1722	0.045932837
201042	2528	0.045932837
201042	4900	0.045932837
201042	6083	0.045932837
201042	6391	0.045932837
201042	1143	0.04593283
201042	3564	0.04593283
201042	4369	0.04593283
201042	79	0.045932826
201042	105	0.045932826
201058	2528	0.024775043
201058	6083	0.024775043
201058	6391	0.024775043
201058	1722	0.024775041
201058	4369	0.024775041
201058	79	0.02477504
201058	3564	0.02477504
201058	4900	0.02477504
201058	105	0.024775038
201058	1143	0.024775038
201141	2528	0.031232934
201141	6083	0.031232934
201141	1722	0.03123293
201141	6391	0.031232929
201141	105	0.031232927
201141	4369	0.031232927
201141	4900	0.031232927
201141	79	0.031232925
201141	1143	0.031232925
201141	3564	0.031232925
201290	2528	0.046337742
201290	6083	0.046337742
201290	1722	0.04633774
201290	4900	0.04633774
201290	6391	0.04633774
201290	4369	0.046337735
201290	79	0.04633773
201290	105	0.04633773
201290	1143	0.04633773
201290	3088	0.04633773
201323	6083	0.030443212
201323	1722	0.03044321
201323	2528	0.03044321
201323	6391	0.03044321
201323	4369	0.030443206
201323	4900	0.030443206
201323	79	0.030443205
201323	1143	0.030443205
201323	3564	0.030443205
201323	105	0.030443203
201447	1722	0.04081785
201447	2528	0.04081785
201447	4900	0.04081785
201447	6083	0.04081785
201447	4369	0.040817846
201447	6391	0.040817846
201447	105	0.040817842
201447	1143	0.040817842
201447	3564	0.040817842
201447	79	0.04081784
201475	1722	0.028267983
201475	2528	0.028267983
201475	6083	0.028267983
201475	4369	0.02826798
201475	4900	0.02826798
201475	6391	0.02826798
201475	1143	0.028267978
201475	3564	0.028267978
201475	79	0.028267976
201475	105	0.028267976
201521	1722	0.026284102
201521	2528	0.026284102
201521	6083	0.026284102
201521	4369	0.0262841
201521	6391	0.0262841
201521	79	0.026284099
201521	1143	0.026284099
201521	3564	0.026284099
201521	4900	0.026284099
201521	105	0.026284097
201526	2528	0.036498293
201526	6083	0.036498293
201526	1143	0.036498286
201526	1722	0.036498286
201526	4369	0.036498286
201526	4900	0.036498286
201526	6391	0.036498286
201526	79	0.036498282
201526	3564	0.036498282
201526	105	0.03649828
201557	2528	0.02262559
201557	6083	0.02262559
201557	1722	0.022625588
201557	4369	0.022625588
201557	4900	0.022625588
201557	6391	0.022625588
201557	79	0.022625584
201557	105	0.022625584
201557	1143	0.022625584
201557	3564	0.022625584
201568	6083	0.027487848
201568	2528	0.027487846
201568	1722	0.027487844
201568	6391	0.027487844
201568	4369	0.027487842
201568	4900	0.027487842
201568	79	0.02748784
201568	1143	0.02748784
201568	3564	0.02748784
201568	105	0.027487839
201593	2528	0.03069622
201593	6083	0.03069622
201593	1722	0.030696217
201593	4900	0.030696217
201593	6391	0.030696217
201593	4369	0.030696215
201593	79	0.030696213
201593	1143	0.030696213
201593	3564	0.030696213
201593	105	0.030696211
201641	6083	0.029821962
201641	1722	0.02982196
201641	2528	0.02982196
201641	4369	0.029821958
201641	4900	0.029821958
201641	6391	0.029821958
201641	79	0.029821955
201641	105	0.029821955
201641	1143	0.029821955
201641	3564	0.029821955
201674	6083	0.03502653
201674	1722	0.035026528
201674	2528	0.035026528
201674	4369	0.035026528
201674	3564	0.035026524
201674	4900	0.035026524
201674	6391	0.035026524
201674	79	0.03502652
201674	105	0.03502652
201674	1143	0.03502652
201677	1722	0.032289
201677	2528	0.032289
201677	6083	0.032289
201677	6391	0.032289
201677	4900	0.032288995
201677	79	0.03228899
201677	105	0.03228899
201677	3088	0.03228899
201677	3564	0.03228899
201677	3917	0.03228899
201684	1722	0.039231442
201684	2528	0.039231442
201684	6083	0.039231442
201684	4900	0.03923144
201684	6391	0.03923144
201684	79	0.039231434
201684	1143	0.039231434
201684	3564	0.039231434
201684	4369	0.039231434
201684	105	0.03923143
201697	6083	0.028052058
201697	1722	0.028052054
201697	2528	0.028052054
201697	4900	0.028052054
201697	6391	0.028052054
201697	4369	0.028052052
201697	79	0.02805205
201697	105	0.02805205
201697	1143	0.02805205
201697	3564	0.02805205
201725	6083	0.029016197
201725	2528	0.029016195
201725	1722	0.029016193
201725	6391	0.029016193
201725	4369	0.029016191
201725	4900	0.029016191
201725	79	0.02901619
201725	105	0.02901619
201725	1143	0.02901619
201725	3564	0.02901619
201751	6083	0.027440097
201751	1722	0.027440093
201751	2528	0.027440093
201751	4900	0.027440093
201751	6391	0.027440093
201751	4369	0.027440092
201751	79	0.02744009
201751	1143	0.02744009
201751	3564	0.02744009
201751	105	0.027440088
201760	2528	0.030744504
201760	6083	0.030744504
201760	1722	0.030744502
201760	6391	0.030744502
201760	4369	0.0307445
201760	4900	0.0307445
201760	3564	0.030744499
201760	79	0.030744497
201760	105	0.030744497
201760	1143	0.030744497
201768	1722	0.035589702
201768	2528	0.035589702
201768	6083	0.035589702
201768	4369	0.0355897
201768	6391	0.0355897
201768	79	0.035589695
201768	105	0.035589695
201768	1143	0.035589695
201768	3564	0.035589695
201768	3917	0.035589695
201776	6083	0.05046842
201776	1722	0.050468415
201776	2528	0.050468415
201776	6391	0.050468415
201776	4369	0.05046841
201776	4900	0.05046841
201776	79	0.050468408
201776	105	0.050468408
201776	1143	0.050468408
201776	3564	0.050468408
201783	2528	0.025194433
201783	6083	0.025194433
201783	1722	0.02519443
201783	4369	0.025194429
201783	4900	0.025194429
201783	6391	0.025194429
201783	1143	0.025194427
201783	3564	0.025194427
201783	79	0.025194425
201783	105	0.025194425
201792	1722	0.03669618
201792	2528	0.03669618
201792	4900	0.03669618
201792	6083	0.03669618
201792	6391	0.03669618
201792	3564	0.036696177
201792	4369	0.036696177
201792	79	0.036696173
201792	105	0.036696173
201792	1143	0.036696173
201829	1722	0.03532891
201829	2528	0.03532891
201829	4900	0.03532891
201829	6083	0.03532891
201829	4369	0.035328906
201829	6391	0.035328906
201829	79	0.035328902
201829	105	0.035328902
201829	1143	0.035328902
201829	3564	0.035328902
201923	2528	0.03524307
201923	6083	0.03524307
201923	6391	0.03524307
201923	1722	0.035243068
201923	4900	0.035243068
201923	79	0.035243064
201923	105	0.035243064
201923	1143	0.035243064
201923	3088	0.035243064
201923	3564	0.035243064
201969	2528	0.03700433
201969	6083	0.03700433
201969	1722	0.037004326
201969	105	0.03700432
201969	1143	0.03700432
201969	3564	0.03700432
201969	4369	0.03700432
201969	4900	0.03700432
201969	6391	0.03700432
201969	79	0.037004318
202000	2528	0.03317494
202000	6083	0.03317494
202000	1722	0.033174936
202000	4369	0.033174936
202000	79	0.033174932
202000	1143	0.033174932
202000	3564	0.033174932
202000	4900	0.033174932
202000	6391	0.033174932
202000	105	0.03317493
202036	1722	0.034922667
202036	2528	0.034922667
202036	4900	0.034922667
202036	6083	0.034922667
202036	6391	0.034922667
202036	4369	0.034922663
202036	79	0.03492266
202036	105	0.03492266
202036	1143	0.03492266
202036	3088	0.03492266
202063	2528	0.029638734
202063	6083	0.029638734
202063	1722	0.029638732
202063	6391	0.029638732
202063	4369	0.02963873
202063	4900	0.02963873
202063	3564	0.029638728
202063	79	0.029638726
202063	105	0.029638726
202063	1143	0.029638726
202127	6083	0.03263145
202127	1722	0.032631446
202127	2528	0.032631446
202127	79	0.032631442
202127	1143	0.032631442
202127	3564	0.032631442
202127	4369	0.032631442
202127	4900	0.032631442
202127	6391	0.032631442
202127	105	0.03263144
202147	2528	0.029448565
202147	6083	0.029448565
202147	1722	0.029448563
202147	4900	0.029448563
202147	6391	0.029448563
202147	1143	0.029448561
202147	4369	0.029448561
202147	79	0.029448558
202147	105	0.029448558
202147	1557	0.029448558
202173	1722	0.020138118
202173	2528	0.020138118
202173	6083	0.020138118
202173	6391	0.020138118
202173	4369	0.020138117
202173	4900	0.020138117
202173	79	0.020138115
202173	1143	0.020138115
202173	3564	0.020138115
202173	105	0.020138113
202182	1722	0.02298541
202182	2528	0.02298541
202182	4900	0.02298541
202182	6083	0.02298541
202182	6391	0.02298541
202182	4369	0.022985408
202182	79	0.022985406
202182	105	0.022985406
202182	1143	0.022985406
202182	3564	0.022985406
202195	6083	0.024444358
202195	1722	0.024444357
202195	2528	0.024444357
202195	4900	0.024444357
202195	6391	0.024444357
202195	4369	0.024444355
202195	1143	0.024444353
202195	3564	0.024444353
202195	79	0.024444351
202195	105	0.024444351
202212	1722	0.035111852
202212	2528	0.035111852
202212	4900	0.035111852
202212	6083	0.035111852
202212	6391	0.035111852
202212	79	0.035111845
202212	105	0.035111845
202212	1143	0.035111845
202212	3088	0.035111845
202212	3564	0.035111845
202277	6083	0.03629383
202277	1722	0.036293827
202277	2528	0.036293827
202277	4900	0.036293827
202277	6391	0.036293827
202277	1143	0.036293823
202277	3564	0.036293823
202277	4369	0.036293823
202277	79	0.03629382
202277	105	0.03629382
202324	1722	0.021898605
202324	2528	0.021898605
202324	6083	0.021898605
202324	3564	0.021898601
202324	4369	0.021898601
202324	4900	0.021898601
202324	6391	0.021898601
202324	79	0.0218986
202324	1143	0.0218986
202324	105	0.021898597
202346	1722	0.027566705
202346	2528	0.027566705
202346	6083	0.027566705
202346	6391	0.027566703
202346	4369	0.027566701
202346	4900	0.027566701
202346	105	0.0275667
202346	1143	0.0275667
202346	3564	0.0275667
202346	79	0.027566697
202353	6083	0.029830227
202353	1722	0.029830225
202353	2528	0.029830225
202353	6391	0.029830223
202353	4369	0.029830221
202353	4900	0.029830221
202353	79	0.02983022
202353	1143	0.02983022
202353	3564	0.02983022
202353	105	0.029830217
202358	1722	0.02930374
202358	2528	0.02930374
202358	6083	0.02930374
202358	6391	0.029303739
202358	4369	0.029303737
202358	4900	0.029303737
202358	1143	0.029303735
202358	79	0.029303733
202358	105	0.029303733
202358	3088	0.029303733
202381	6083	0.028414374
202381	1722	0.028414372
202381	2528	0.028414372
202381	4369	0.02841437
202381	4900	0.02841437
202381	6391	0.02841437
202381	1143	0.028414369
202381	3564	0.028414369
202381	79	0.028414367
202381	105	0.028414367
202462	2528	0.053890303
202462	6083	0.053890303
202462	6391	0.0538903
202462	1722	0.053890295
202462	4369	0.053890295
202462	4900	0.053890295
202462	1143	0.05389029
202462	79	0.053890288
202462	105	0.053890288
202462	3564	0.053890288
202532	6083	0.03672857
202532	2528	0.036728565
202532	1722	0.03672856
202532	4900	0.03672856
202532	6391	0.03672856
202532	79	0.036728557
202532	1143	0.036728557
202532	3564	0.036728557
202532	4369	0.036728557
202532	105	0.036728553
202553	2528	0.035301656
202553	6083	0.035301656
202553	1722	0.03530165
202553	6391	0.03530165
202553	79	0.035301648
202553	1143	0.035301648
202553	3564	0.035301648
202553	4369	0.035301648
202553	4900	0.035301648
202553	105	0.035301644
202564	6083	0.026904231
202564	1722	0.02690423
202564	2528	0.02690423
202564	4900	0.02690423
202564	4369	0.026904227
202564	6391	0.026904227
202564	3564	0.026904225
202564	105	0.026904223
202564	1143	0.026904223
202564	79	0.026904222
202706	1722	0.03226599
202706	2528	0.03226599
202706	4900	0.03226599
202706	6083	0.03226599
202706	6391	0.03226599
202706	4369	0.032265987
202706	79	0.032265984
202706	105	0.032265984
202706	804	0.032265984
202706	1143	0.032265984
202711	6083	0.034610495
202711	1722	0.03461049
202711	2528	0.03461049
202711	3564	0.034610488
202711	4369	0.034610488
202711	4900	0.034610488
202711	6391	0.034610488
202711	79	0.034610484
202711	1143	0.034610484
202711	3088	0.034610484
202885	2528	0.025071217
202885	6083	0.025071217
202885	1722	0.025071215
202885	4900	0.025071213
202885	6391	0.025071213
202885	79	0.025071211
202885	1143	0.025071211
202885	3564	0.025071211
202885	4369	0.025071211
202885	105	0.02507121
202942	6083	0.02636479
202942	1722	0.026364788
202942	2528	0.026364788
202942	6391	0.026364787
202942	1143	0.026364785
202942	3564	0.026364785
202942	4369	0.026364785
202942	4900	0.026364785
202942	79	0.026364783
202942	105	0.026364783
202963	2528	0.031767946
202963	6083	0.031767946
202963	1143	0.031767942
202963	1722	0.031767942
202963	4369	0.031767942
202963	4900	0.031767942
202963	6391	0.031767942
202963	79	0.03176794
202963	105	0.03176794
202963	3564	0.03176794
203017	1722	0.023609456
203017	2528	0.023609456
203017	6083	0.023609456
203017	6391	0.023609456
203017	4900	0.023609454
203017	79	0.023609452
203017	1143	0.023609452
203017	3564	0.023609452
203017	4369	0.023609452
203017	105	0.02360945
203044	6083	0.033749163
203044	1722	0.03374916
203044	2528	0.03374916
203044	6391	0.03374916
203044	1143	0.033749156
203044	3564	0.033749156
203044	4369	0.033749156
203044	4900	0.033749156
203044	79	0.033749152
203044	105	0.033749152
203058	6083	0.02863087
203058	1722	0.028630868
203058	2528	0.028630868
203058	4369	0.028630866
203058	4900	0.028630866
203058	6391	0.028630866
203058	3564	0.028630864
203058	79	0.028630862
203058	1143	0.028630862
203058	105	0.02863086
203075	1722	0.04104658
203075	6083	0.04104658
203075	2528	0.041046575
203075	4369	0.041046575
203075	4900	0.041046575
203075	6391	0.041046575
203075	1143	0.04104657
203075	79	0.041046567
203075	105	0.041046567
203075	1557	0.041046567
203161	6083	0.029016295
203161	2528	0.029016294
203161	1722	0.029016292
203161	6391	0.029016292
203161	4369	0.02901629
203161	4900	0.02901629
203161	1143	0.029016288
203161	3564	0.029016288
203161	79	0.029016286
203161	105	0.029016286
203213	1722	0.031170018
203213	2528	0.031170018
203213	6083	0.031170018
203213	4369	0.031170014
203213	4900	0.031170014
203213	6391	0.031170014
203213	79	0.03117001
203213	105	0.03117001
203213	1143	0.03117001
203213	3564	0.03117001
203240	2528	0.03827677
203240	6083	0.038276765
203240	1722	0.03827676
203240	4900	0.03827676
203240	6391	0.03827676
203240	4369	0.038276758
203240	79	0.038276754
203240	105	0.038276754
203240	1143	0.038276754
203240	1557	0.038276754
203280	1722	0.025256023
203280	2528	0.025256023
203280	6083	0.025256023
203280	6391	0.025256021
203280	105	0.02525602
203280	1143	0.02525602
203280	3564	0.02525602
203280	4369	0.02525602
203280	4900	0.02525602
203280	79	0.025256017
203380	1722	0.030134812
203380	2528	0.030134812
203380	6083	0.030134812
203380	6391	0.03013481
203380	3564	0.030134808
203380	4369	0.030134808
203380	4900	0.030134808
203380	79	0.030134805
203380	105	0.030134805
203380	1143	0.030134805
203392	6083	0.030294856
203392	1722	0.030294854
203392	2528	0.030294854
203392	6391	0.030294854
203392	4900	0.030294852
203392	4369	0.03029485
203392	79	0.030294849
203392	1143	0.030294849
203392	3564	0.030294849
203392	105	0.030294847
203401	6083	0.026768718
203401	2528	0.026768716
203401	1722	0.026768714
203401	4900	0.026768714
203401	6391	0.026768714
203401	4369	0.026768712
203401	79	0.02676871
203401	105	0.02676871
203401	1143	0.02676871
203401	3564	0.02676871
203422	2528	0.03264175
203422	1722	0.032641746
203422	4900	0.032641746
203422	6083	0.032641746
203422	6391	0.032641746
203422	3564	0.032641742
203422	4369	0.032641742
203422	79	0.03264174
203422	105	0.03264174
203422	804	0.03264174
203441	6083	0.024810204
203441	1722	0.024810202
203441	2528	0.024810202
203441	6391	0.024810202
203441	4369	0.0248102
203441	79	0.024810199
203441	105	0.024810199
203441	1143	0.024810199
203441	3564	0.024810199
203441	4900	0.024810199
203506	2528	0.029566668
203506	6083	0.029566668
203506	1722	0.029566664
203506	4369	0.029566664
203506	4900	0.029566664
203506	6391	0.029566664
203506	79	0.02956666
203506	105	0.02956666
203506	1143	0.02956666
203506	3564	0.02956666
203598	1722	0.032494374
203598	2528	0.032494374
203598	6083	0.032494374
203598	4369	0.03249437
203598	4900	0.03249437
203598	6391	0.03249437
203598	79	0.032494366
203598	105	0.032494366
203598	1143	0.032494366
203598	3564	0.032494366
203603	1722	0.034670584
203603	2528	0.034670584
203603	4900	0.034670584
203603	6083	0.034670584
203603	6391	0.034670584
203603	4369	0.03467058
203603	79	0.034670576
203603	105	0.034670576
203603	1143	0.034670576
203603	3564	0.034670576
203621	6083	0.029304804
203621	1722	0.029304802
203621	2528	0.029304802
203621	6391	0.029304802
203621	1143	0.029304799
203621	3564	0.029304799
203621	4369	0.029304799
203621	4900	0.029304799
203621	79	0.029304797
203621	105	0.029304795
203742	2528	0.023038022
203742	6083	0.023038022
203742	1722	0.02303802
203742	6391	0.02303802
203742	1143	0.023038018
203742	3564	0.023038018
203742	4369	0.023038018
203742	4900	0.023038018
203742	79	0.023038017
203742	105	0.023038017
203764	2528	0.040245317
203764	6083	0.040245317
203764	1722	0.040245313
203764	4900	0.040245313
203764	6391	0.040245313
203764	1143	0.04024531
203764	4369	0.04024531
203764	79	0.040245306
203764	105	0.040245306
203764	3088	0.040245306
203799	2528	0.036068965
203799	6083	0.036068965
203799	1722	0.03606896
203799	4900	0.03606896
203799	6391	0.03606896
203799	1143	0.036068957
203799	3564	0.036068957
203799	4369	0.036068957
203799	79	0.036068954
203799	105	0.036068954
203805	1722	0.031217176
203805	2528	0.031217176
203805	6083	0.031217176
203805	4900	0.031217175
203805	4369	0.031217173
203805	6391	0.031217173
203805	1143	0.03121717
203805	79	0.031217169
203805	105	0.031217169
203805	3088	0.031217169
203844	6083	0.028576655
203844	1722	0.028576653
203844	2528	0.028576653
203844	4900	0.028576653
203844	6391	0.028576653
203844	4369	0.028576652
203844	79	0.02857665
203844	105	0.02857665
203844	1143	0.02857665
203844	3564	0.02857665
203877	2528	0.02460457
203877	6083	0.02460457
203877	1722	0.024604568
203877	6391	0.024604568
203877	4369	0.024604566
203877	4900	0.024604566
203877	79	0.024604565
203877	1143	0.024604565
203877	3564	0.024604565
203877	105	0.024604563
203900	2528	0.03145217
203900	6083	0.03145217
203900	1722	0.031452168
203900	4900	0.031452168
203900	79	0.031452164
203900	105	0.031452164
203900	1143	0.031452164
203900	1557	0.031452164
203900	3564	0.031452164
203900	3978	0.031452164
203910	2528	0.0379248
203910	6083	0.0379248
203910	1722	0.037924796
203910	4369	0.037924796
203910	4900	0.037924796
203910	6391	0.037924796
203910	79	0.037924793
203910	3564	0.037924793
203910	105	0.03792479
203910	804	0.03792479
203918	1722	0.031323064
203918	2528	0.031323064
203918	6083	0.031323064
203918	6391	0.031323064
203918	1143	0.03132306
203918	3564	0.03132306
203918	4369	0.03132306
203918	4900	0.03132306
203918	79	0.031323057
203918	105	0.031323057
203973	1722	0.030870264
203973	2528	0.030870264
203973	6083	0.030870264
203973	4900	0.030870263
203973	6391	0.030870263
203973	4369	0.03087026
203973	1143	0.030870259
203973	3564	0.030870259
203973	79	0.030870257
203973	105	0.030870255
204040	6083	0.02998627
204040	1722	0.029986268
204040	2528	0.029986268
204040	4369	0.029986266
204040	4900	0.029986266
204040	6391	0.029986266
204040	79	0.029986262
204040	1143	0.029986262
204040	3564	0.029986262
204040	105	0.02998626
204167	6083	0.025433784
204167	1722	0.025433782
204167	2528	0.025433782
204167	6391	0.025433782
204167	4369	0.02543378
204167	4900	0.02543378
204167	79	0.025433779
204167	105	0.025433779
204167	1143	0.025433779
204167	3564	0.025433779
204179	2528	0.027913455
204179	6083	0.027913455
204179	1722	0.027913453
204179	4369	0.027913451
204179	4900	0.027913451
204179	6391	0.027913451
204179	79	0.027913447
204179	1143	0.027913447
204179	3564	0.027913447
204179	105	0.027913446
204255	2528	0.032071814
204255	6083	0.032071814
204255	6391	0.03207181
204255	1143	0.032071806
204255	1722	0.032071806
204255	4369	0.032071806
204255	4900	0.032071806
204255	79	0.032071803
204255	105	0.032071803
204255	3564	0.032071803
204333	6083	0.031968303
204333	1722	0.0319683
204333	2528	0.0319683
204333	6391	0.0319683
204333	1143	0.031968296
204333	3564	0.031968296
204333	4369	0.031968296
204333	4900	0.031968296
204333	79	0.03196829
204333	105	0.03196829
204359	6083	0.03220328
204359	1722	0.032203276
204359	2528	0.032203276
204359	6391	0.032203276
204359	79	0.032203272
204359	3564	0.032203272
204359	4369	0.032203272
204359	4900	0.032203272
204359	105	0.03220327
204359	1143	0.03220327
204393	6083	0.023535013
204393	2528	0.023535011
204393	6391	0.023535011
204393	1722	0.02353501
204393	4369	0.02353501
204393	4900	0.02353501
204393	3564	0.023535008
204393	79	0.023535006
204393	105	0.023535006
204393	804	0.023535006
204448	1722	0.026788738
204448	2528	0.026788738
204448	6083	0.026788738
204448	6391	0.026788736
204448	3564	0.026788734
204448	4369	0.026788734
204448	4900	0.026788734
204448	1143	0.026788732
204448	79	0.02678873
204448	105	0.02678873
204452	2528	0.022265363
204452	6083	0.022265363
204452	1722	0.022265362
204452	6391	0.022265362
204452	1143	0.02226536
204452	4369	0.02226536
204452	4900	0.02226536
204452	79	0.022265358
204452	3564	0.022265358
204452	105	0.022265356
204455	1722	0.042758115
204455	2528	0.042758115
204455	6083	0.042758115
204455	6391	0.042758115
204455	4369	0.04275811
204455	4900	0.04275811
204455	79	0.042758107
204455	1143	0.042758107
204455	3564	0.042758107
204455	105	0.042758103
204457	1722	0.039598003
204457	2528	0.039598003
204457	6083	0.039598003
204457	4900	0.039598
204457	6391	0.039598
204457	79	0.039597996
204457	105	0.039597996
204457	1143	0.039597996
204457	3564	0.039597996
204457	4369	0.039597996
204470	6083	0.03230452
204470	2528	0.032304518
204470	4900	0.032304518
204470	1722	0.032304514
204470	4369	0.032304514
204470	6391	0.032304514
204470	79	0.03230451
204470	105	0.03230451
204470	1143	0.03230451
204470	3088	0.03230451
204474	6083	0.027603043
204474	1722	0.027603041
204474	2528	0.027603041
204474	6391	0.027603041
204474	1143	0.027603038
204474	3564	0.027603038
204474	4369	0.027603038
204474	4900	0.027603038
204474	79	0.027603036
204474	105	0.027603036
204571	2528	0.029413547
204571	6083	0.029413547
204571	1722	0.029413546
204571	6391	0.029413546
204571	4369	0.029413544
204571	4900	0.029413544
204571	79	0.02941354
204571	105	0.02941354
204571	1143	0.02941354
204571	3564	0.02941354
204591	2528	0.03364302
204591	6083	0.03364302
204591	1722	0.033643015
204591	4369	0.033643015
204591	4900	0.033643015
204591	6391	0.033643015
204591	1143	0.03364301
204591	3564	0.03364301
204591	79	0.033643007
204591	105	0.033643007
204619	1722	0.031511605
204619	6083	0.031511605
204619	2528	0.0315116
204619	6391	0.0315116
204619	79	0.031511597
204619	1143	0.031511597
204619	3564	0.031511597
204619	3917	0.031511597
204619	4369	0.031511597
204619	4900	0.031511597
204622	6083	0.025664665
204622	2528	0.025664663
204622	1722	0.025664661
204622	4900	0.025664661
204622	6391	0.025664661
204622	4369	0.02566466
204622	79	0.025664657
204622	105	0.025664657
204622	1143	0.025664657
204622	3564	0.025664657
204660	6083	0.03184124
204660	1722	0.031841233
204660	2528	0.031841233
204660	3564	0.031841233
204660	4369	0.031841233
204660	4900	0.031841233
204660	6391	0.031841233
204660	79	0.03184123
204660	1143	0.03184123
204660	105	0.031841226
204676	2528	0.028954525
204676	6083	0.028954525
204676	1722	0.02895452
204676	4900	0.02895452
204676	6391	0.02895452
204676	3564	0.028954519
204676	4369	0.028954519
204676	1143	0.028954517
204676	79	0.028954515
204676	105	0.028954515
204696	2528	0.020222899
204696	6083	0.020222899
204696	1722	0.020222895
204696	4369	0.020222895
204696	4900	0.020222895
204696	6391	0.020222895
204696	79	0.020222893
204696	105	0.020222893
204696	1143	0.020222893
204696	3564	0.020222893
204698	1722	0.036797516
204698	2528	0.036797516
204698	6083	0.036797516
204698	6391	0.036797516
204698	79	0.03679751
204698	105	0.03679751
204698	1143	0.03679751
204698	3564	0.03679751
204698	4369	0.03679751
204698	4900	0.03679751
204790	6083	0.031035945
204790	2528	0.031035943
204790	1722	0.031035941
204790	4369	0.031035941
204790	4900	0.031035941
204790	6391	0.031035941
204790	1143	0.031035937
204790	3564	0.031035937
204790	79	0.031035936
204790	105	0.031035936
204804	6083	0.02825246
204804	1722	0.028252456
204804	2528	0.028252456
204804	4900	0.028252456
204804	6391	0.028252456
204804	4369	0.028252454
204804	1143	0.028252453
204804	79	0.02825245
204804	105	0.02825245
204804	3564	0.02825245
204813	2528	0.03078485
204813	6083	0.03078485
204813	1722	0.030784847
204813	6391	0.030784847
204813	4369	0.030784845
204813	4900	0.030784845
204813	3564	0.030784843
204813	79	0.030784842
204813	1143	0.030784842
204813	105	0.03078484
204822	1722	0.030728571
204822	2528	0.030728571
204822	6083	0.030728571
204822	4369	0.03072857
204822	4900	0.03072857
204822	6391	0.03072857
204822	3564	0.030728567
204822	79	0.030728566
204822	105	0.030728564
204822	1143	0.030728564
204844	2528	0.026714103
204844	6083	0.026714103
204844	1722	0.026714101
204844	4369	0.026714101
204844	4900	0.026714101
204844	6391	0.026714101
204844	79	0.026714098
204844	105	0.026714098
204844	1143	0.026714098
204844	3564	0.026714098
204909	6083	0.030005347
204909	2528	0.030005345
204909	1722	0.030005343
204909	6391	0.030005343
204909	4369	0.030005341
204909	4900	0.030005341
204909	1143	0.03000534
204909	3564	0.03000534
204909	105	0.030005338
204909	79	0.030005336
204929	6083	0.027969595
204929	2528	0.027969593
204929	1722	0.027969591
204929	4900	0.027969591
204929	6391	0.027969591
204929	79	0.027969588
204929	1143	0.027969588
204929	3564	0.027969588
204929	4369	0.027969588
204929	105	0.027969586
204936	1722	0.024887964
204936	2528	0.024887964
204936	4900	0.024887964
204936	6083	0.024887964
204936	6391	0.024887962
204936	79	0.02488796
204936	3564	0.02488796
204936	4369	0.02488796
204936	105	0.024887959
204936	1143	0.024887959
204946	1722	0.026786104
204946	2528	0.026786104
204946	6083	0.026786104
204946	4900	0.026786102
204946	6391	0.026786102
204946	1143	0.0267861
204946	3564	0.0267861
204946	4369	0.0267861
204946	79	0.026786098
204946	105	0.026786098
204964	6083	0.035689946
204964	1722	0.035689943
204964	2528	0.035689943
204964	4900	0.035689943
204964	6391	0.035689943
204964	4369	0.03568994
204964	79	0.035689935
204964	105	0.035689935
204964	804	0.035689935
204964	1143	0.035689935
205085	1722	0.033508763
205085	2528	0.033508763
205085	6083	0.033508763
205085	4900	0.03350876
205085	6391	0.03350876
205085	79	0.033508755
205085	3564	0.033508755
205085	4369	0.033508755
205085	105	0.03350875
205085	804	0.03350875
205145	6083	0.025180988
205145	2528	0.025180986
205145	1722	0.025180984
205145	4369	0.025180984
205145	4900	0.025180984
205145	6391	0.025180984
205145	1143	0.025180982
205145	3564	0.025180982
205145	79	0.02518098
205145	105	0.02518098
205197	6083	0.027209044
205197	2528	0.027209042
205197	1722	0.02720904
205197	6391	0.02720904
205197	4369	0.027209038
205197	4900	0.027209038
205197	79	0.027209036
205197	1143	0.027209036
205197	3564	0.027209036
205197	105	0.027209034
205281	6083	0.028848216
205281	2528	0.028848214
205281	1722	0.028848212
205281	4369	0.028848212
205281	4900	0.028848212
205281	6391	0.028848212
205281	79	0.028848208
205281	105	0.028848208
205281	1143	0.028848208
205281	3564	0.028848208
205285	6083	0.026841769
205285	1722	0.026841767
205285	2528	0.026841767
205285	4369	0.026841765
205285	4900	0.026841765
205285	6391	0.026841765
205285	79	0.026841763
205285	3564	0.026841763
205285	1143	0.026841762
205285	3917	0.026841762
205383	2528	0.03211514
205383	6083	0.03211514
205383	1722	0.032115135
205383	3564	0.03211513
205383	4369	0.03211513
205383	4900	0.03211513
205383	6391	0.03211513
205383	79	0.032115128
205383	105	0.032115128
205383	1143	0.032115128
205426	6083	0.027651457
205426	1722	0.027651455
205426	2528	0.027651455
205426	6391	0.027651453
205426	4369	0.027651452
205426	4900	0.027651452
205426	79	0.02765145
205426	3564	0.02765145
205426	105	0.027651448
205426	1143	0.027651448
205473	6083	0.040781353
205473	1722	0.04078135
205473	2528	0.04078135
205473	4900	0.04078135
205473	6391	0.04078135
205473	4369	0.040781345
205473	79	0.04078134
205473	1143	0.04078134
205473	3564	0.04078134
205473	3917	0.04078134
205487	6083	0.030420775
205487	1722	0.030420773
205487	2528	0.030420773
205487	6391	0.03042077
205487	4369	0.030420769
205487	4900	0.030420769
205487	79	0.030420765
205487	105	0.030420765
205487	1143	0.030420765
205487	3088	0.030420765
205520	1722	0.045500636
205520	6083	0.045500636
205520	2528	0.045500632
205520	4369	0.04550063
205520	4900	0.04550063
205520	6391	0.04550063
205520	1143	0.045500625
205520	79	0.04550062
205520	105	0.04550062
205520	3088	0.04550062
205538	2528	0.024268445
205538	6083	0.024268445
205538	1722	0.024268443
205538	1143	0.02426844
205538	3564	0.02426844
205538	4369	0.02426844
205538	4900	0.02426844
205538	6391	0.02426844
205538	79	0.024268437
205538	105	0.024268437
205554	1722	0.037704043
205554	2528	0.037704043
205554	6083	0.037704043
205554	6391	0.03770404
205554	105	0.037704036
205554	1143	0.037704036
205554	3564	0.037704036
205554	4369	0.037704036
205554	4900	0.037704036
205554	79	0.037704032
205608	2528	0.021236118
205608	6083	0.021236118
205608	1722	0.021236116
205608	4900	0.021236116
205608	6391	0.021236116
205608	79	0.021236114
205608	1143	0.021236114
205608	3564	0.021236114
205608	4369	0.021236114
205608	105	0.021236112
205735	2528	0.032651935
205735	6083	0.032651935
205735	79	0.03265193
205735	1143	0.03265193
205735	1722	0.03265193
205735	4369	0.03265193
205735	4900	0.03265193
205735	6391	0.03265193
205735	3564	0.032651927
205735	105	0.032651924
205765	6083	0.026287839
205765	1722	0.026287837
205765	2528	0.026287837
205765	4369	0.026287835
205765	4900	0.026287835
205765	6391	0.026287835
205765	1143	0.026287833
205765	3564	0.026287833
205765	79	0.026287831
205765	105	0.026287831
205843	1722	0.022975422
205843	2528	0.022975422
205843	6083	0.022975422
205843	6391	0.02297542
205843	1143	0.022975419
205843	4369	0.022975419
205843	4900	0.022975419
205843	79	0.022975417
205843	105	0.022975417
205843	3564	0.022975417
205878	2528	0.023768395
205878	6083	0.023768395
205878	1722	0.023768393
205878	4369	0.023768391
205878	4900	0.023768391
205878	6391	0.023768391
205878	1143	0.02376839
205878	3564	0.02376839
205878	79	0.023768388
205878	105	0.023768388
205919	1722	0.03406003
205919	2528	0.03406003
205919	6083	0.03406003
205919	6391	0.03406003
205919	4369	0.034060027
205919	4900	0.034060027
205919	79	0.034060024
205919	105	0.034060024
205919	1143	0.034060024
205919	3088	0.034060024
205943	1722	0.026149288
205943	2528	0.026149288
205943	6083	0.026149288
205943	4369	0.026149284
205943	4900	0.026149284
205943	6391	0.026149284
205943	3564	0.026149282
205943	79	0.02614928
205943	105	0.02614928
205943	1143	0.02614928
205963	1722	0.03379012
205963	2528	0.03379012
205963	4900	0.03379012
205963	6083	0.03379012
205963	6391	0.03379012
205963	4369	0.033790115
205963	79	0.03379011
205963	105	0.03379011
205963	804	0.03379011
205963	1143	0.03379011
205967	2528	0.02883229
205967	6083	0.02883229
205967	1722	0.028832288
205967	4369	0.028832287
205967	4900	0.028832287
205967	6391	0.028832287
205967	79	0.028832283
205967	1143	0.028832283
205967	3564	0.028832283
205967	105	0.028832281
205979	6083	0.027056502
205979	1722	0.0270565
205979	2528	0.0270565
205979	4900	0.0270565
205979	6391	0.027056498
205979	1143	0.027056497
205979	3564	0.027056497
205979	4369	0.027056497
205979	79	0.027056495
205979	105	0.027056493
205980	1722	0.036419705
205980	2528	0.036419705
205980	6083	0.036419705
205980	6391	0.036419705
205980	4369	0.0364197
205980	4900	0.0364197
205980	79	0.036419697
205980	105	0.036419697
205980	1143	0.036419697
205980	3564	0.036419697
205992	6083	0.027618768
205992	1722	0.027618766
205992	2528	0.027618764
205992	4369	0.027618762
205992	4900	0.027618762
205992	6391	0.027618762
205992	79	0.027618758
205992	105	0.027618758
205992	1143	0.027618758
205992	3564	0.027618758
206016	2528	0.029683158
206016	6083	0.029683158
206016	1722	0.029683154
206016	4369	0.029683154
206016	4900	0.029683154
206016	6391	0.029683154
206016	79	0.02968315
206016	105	0.02968315
206016	1143	0.02968315
206016	3564	0.02968315
206058	1722	0.031552922
206058	2528	0.031552922
206058	4369	0.03155292
206058	4900	0.03155292
206058	6083	0.03155292
206058	6391	0.03155292
206058	79	0.031552915
206058	105	0.031552915
206058	1143	0.031552915
206058	3564	0.031552915
206074	6083	0.03773499
206074	1722	0.037734985
206074	2528	0.037734985
206074	4900	0.037734985
206074	6391	0.037734985
206074	4369	0.03773498
206074	79	0.037734978
206074	105	0.037734978
206074	804	0.037734978
206074	1143	0.037734978
206107	6083	0.02837909
206107	1722	0.028379088
206107	2528	0.028379088
206107	4369	0.028379086
206107	4900	0.028379086
206107	6391	0.028379086
206107	79	0.028379083
206107	105	0.028379083
206107	1143	0.028379083
206107	3564	0.028379083
206109	6083	0.030033559
206109	2528	0.030033557
206109	1722	0.030033555
206109	4900	0.030033555
206109	6391	0.030033555
206109	4369	0.030033553
206109	79	0.030033551
206109	1143	0.030033551
206109	3564	0.030033551
206109	105	0.03003355
206202	6083	0.034737796
206202	1722	0.034737792
206202	2528	0.034737792
206202	1143	0.03473779
206202	3564	0.03473779
206202	4369	0.03473779
206202	4900	0.03473779
206202	6391	0.03473779
206202	79	0.034737784
206202	105	0.03473778
206219	2528	0.050724894
206219	6083	0.050724894
206219	1722	0.05072489
206219	4369	0.050724886
206219	4900	0.050724886
206219	6391	0.050724886
206219	79	0.050724883
206219	105	0.050724883
206219	1143	0.050724883
206219	3564	0.050724883
206249	6083	0.037242003
206249	2528	0.037242
206249	1722	0.037241995
206249	3564	0.037241995
206249	4369	0.037241995
206249	4900	0.037241995
206249	6391	0.037241995
206249	1143	0.03724199
206249	5896	0.03724199
206249	79	0.037241988
206305	2528	0.028127007
206305	6083	0.028127007
206305	1722	0.028127005
206305	1143	0.028127003
206305	4369	0.028127003
206305	4900	0.028127003
206305	6391	0.028127003
206305	79	0.028127
206305	105	0.028127
206305	3088	0.028127
206393	6083	0.034306314
206393	1722	0.03430631
206393	2528	0.03430631
206393	4369	0.03430631
206393	4900	0.03430631
206393	6391	0.03430631
206393	3564	0.034306306
206393	79	0.034306303
206393	105	0.034306303
206393	1143	0.034306303
206423	6083	0.035359845
206423	2528	0.03535984
206423	1143	0.035359837
206423	1722	0.035359837
206423	4369	0.035359837
206423	4900	0.035359837
206423	6391	0.035359837
206423	79	0.035359833
206423	3564	0.035359833
206423	105	0.03535983
206438	2528	0.028951377
206438	6083	0.028951377
206438	1722	0.028951375
206438	4369	0.028951373
206438	4900	0.028951373
206438	6391	0.028951373
206438	79	0.02895137
206438	105	0.02895137
206438	1143	0.02895137
206438	3564	0.02895137
206534	2528	0.030956231
206534	6083	0.030956231
206534	4900	0.03095623
206534	1722	0.030956227
206534	4369	0.030956227
206534	6391	0.030956227
206534	79	0.030956224
206534	105	0.030956224
206534	1143	0.030956224
206534	3564	0.030956224
206563	1722	0.044455104
206563	6083	0.044455104
206563	2528	0.0444551
206563	4369	0.044455096
206563	4900	0.044455096
206563	6391	0.044455096
206563	79	0.044455092
206563	1143	0.044455092
206563	3564	0.044455092
206563	105	0.04445509
206567	6083	0.04349008
206567	1722	0.043490075
206567	2528	0.043490075
206567	4900	0.04349007
206567	6391	0.04349007
206567	4369	0.043490067
206567	79	0.043490063
206567	1143	0.043490063
206567	3564	0.043490063
206567	105	0.04349006
206675	1722	0.0348116
206675	2528	0.0348116
206675	6083	0.0348116
206675	4900	0.034811597
206675	6391	0.034811597
206675	79	0.034811594
206675	105	0.034811594
206675	1143	0.034811594
206675	3564	0.034811594
206675	4369	0.034811594
206691	2528	0.033123057
206691	6083	0.033123057
206691	1143	0.033123054
206691	1722	0.033123054
206691	4369	0.033123054
206691	4900	0.033123054
206691	6391	0.033123054
206691	79	0.03312305
206691	105	0.03312305
206691	3564	0.03312305
206764	6083	0.027677694
206764	1722	0.027677692
206764	2528	0.027677692
206764	4900	0.02767769
206764	6391	0.02767769
206764	3564	0.027677689
206764	4369	0.027677689
206764	79	0.027677687
206764	1143	0.027677687
206764	105	0.027677685
206775	2528	0.029607233
206775	6083	0.029607233
206775	1722	0.02960723
206775	6391	0.02960723
206775	4369	0.029607229
206775	4900	0.029607229
206775	79	0.029607225
206775	105	0.029607225
206775	1143	0.029607225
206775	3564	0.029607225
206877	6083	0.024015661
206877	1722	0.02401566
206877	2528	0.02401566
206877	6391	0.02401566
206877	1143	0.024015658
206877	3564	0.024015658
206877	4369	0.024015658
206877	4900	0.024015658
206877	79	0.024015656
206877	105	0.024015654
206891	1722	0.026384499
206891	2528	0.026384499
206891	6083	0.026384499
206891	6391	0.026384499
206891	4900	0.026384497
206891	4369	0.026384495
206891	3564	0.026384493
206891	79	0.026384491
206891	105	0.026384491
206891	1143	0.026384491
206944	1722	0.040843204
206944	2528	0.040843204
206944	6083	0.040843204
206944	79	0.040843196
206944	105	0.040843196
206944	1143	0.040843196
206944	3564	0.040843196
206944	4369	0.040843196
206944	4900	0.040843196
206944	6391	0.040843196
206959	6083	0.02730709
206959	1722	0.027307088
206959	2528	0.027307086
206959	4369	0.027307086
206959	4900	0.027307086
206959	6391	0.027307086
206959	79	0.027307082
206959	105	0.027307082
206959	1143	0.027307082
206959	3564	0.027307082
207134	6083	0.030308675
207134	2528	0.030308673
207134	1722	0.030308671
207134	4900	0.030308671
207134	6391	0.030308671
207134	79	0.030308668
207134	1143	0.030308668
207134	3564	0.030308668
207134	4369	0.030308668
207134	105	0.030308664
207148	1722	0.038078524
207148	6083	0.038078524
207148	2528	0.03807852
207148	3564	0.03807852
207148	4369	0.03807852
207148	4900	0.03807852
207148	6391	0.03807852
207148	79	0.038078517
207148	105	0.038078517
207148	1143	0.038078517
207246	6083	0.032362156
207246	4900	0.032362152
207246	79	0.03236215
207246	1143	0.03236215
207246	1722	0.03236215
207246	2528	0.03236215
207246	4369	0.03236215
207246	6391	0.03236215
207246	105	0.032362144
207246	3564	0.032362144
207259	2528	0.030337252
207259	6083	0.030337252
207259	1722	0.03033725
207259	6391	0.03033725
207259	4369	0.030337248
207259	4900	0.030337248
207259	3564	0.030337246
207259	79	0.030337244
207259	105	0.030337244
207259	1143	0.030337244
207275	6083	0.02967709
207275	1722	0.029677086
207275	2528	0.029677086
207275	4900	0.029677086
207275	6391	0.029677086
207275	79	0.029677082
207275	1143	0.029677082
207275	3564	0.029677082
207275	4369	0.029677082
207275	105	0.029677078
207291	6083	0.021554297
207291	1722	0.021554295
207291	2528	0.021554295
207291	4900	0.021554295
207291	6391	0.021554295
207291	4369	0.021554293
207291	79	0.021554291
207291	105	0.021554291
207291	1143	0.021554291
207291	3564	0.021554291
207339	6083	0.035863083
207339	1722	0.03586308
207339	2528	0.03586308
207339	4369	0.03586308
207339	4900	0.03586308
207339	6391	0.03586308
207339	79	0.03586307
207339	105	0.03586307
207339	1143	0.03586307
207339	3088	0.03586307
207341	6083	0.032161813
207341	1722	0.03216181
207341	2528	0.03216181
207341	4900	0.03216181
207341	6391	0.03216181
207341	4369	0.032161806
207341	79	0.032161802
207341	105	0.032161802
207341	1143	0.032161802
207341	1557	0.032161802
207349	2528	0.044230755
207349	6083	0.044230755
207349	1722	0.04423075
207349	4369	0.04423075
207349	4900	0.04423075
207349	6391	0.04423075
207349	79	0.044230744
207349	105	0.044230744
207349	1143	0.044230744
207349	3088	0.044230744
207350	6083	0.026160639
207350	1722	0.026160637
207350	2528	0.026160637
207350	4369	0.026160635
207350	4900	0.026160635
207350	6391	0.026160635
207350	79	0.026160631
207350	105	0.026160631
207350	1143	0.026160631
207350	3564	0.026160631
207385	6083	0.029868495
207385	2528	0.029868493
207385	1722	0.029868491
207385	4369	0.029868491
207385	4900	0.029868491
207385	6391	0.029868491
207385	79	0.029868487
207385	105	0.029868487
207385	1143	0.029868487
207385	3564	0.029868487
207450	2528	0.029162824
207450	6083	0.029162824
207450	1722	0.029162822
207450	4900	0.029162822
207450	4369	0.02916282
207450	6391	0.02916282
207450	1143	0.029162819
207450	79	0.029162817
207450	105	0.029162817
207450	3564	0.029162817
207494	1722	0.0310172
207494	2528	0.0310172
207494	6083	0.0310172
207494	4900	0.031017195
207494	6391	0.031017195
207494	4369	0.031017194
207494	79	0.031017192
207494	105	0.031017192
207494	1143	0.031017192
207494	3564	0.031017192
207499	1722	0.03302999
207499	2528	0.03302999
207499	6083	0.03302999
207499	4900	0.033029985
207499	79	0.03302998
207499	105	0.03302998
207499	1143	0.03302998
207499	3088	0.03302998
207499	3564	0.03302998
207499	3917	0.03302998
207563	6083	0.029660499
207563	1722	0.029660497
207563	2528	0.029660497
207563	4369	0.029660495
207563	6391	0.029660495
207563	3564	0.029660493
207563	4900	0.029660493
207563	79	0.029660491
207563	105	0.029660491
207563	1143	0.029660491
207616	1722	0.033816636
207616	2528	0.033816636
207616	6083	0.033816636
207616	4369	0.033816632
207616	4900	0.033816632
207616	6391	0.033816632
207616	79	0.03381663
207616	804	0.03381663
207616	1143	0.03381663
207616	3564	0.03381663
207686	2528	0.024763282
207686	6083	0.024763282
207686	1722	0.02476328
207686	4369	0.024763279
207686	4900	0.024763279
207686	6391	0.024763279
207686	1143	0.024763277
207686	79	0.024763275
207686	105	0.024763275
207686	804	0.024763275
207782	1722	0.035693746
207782	2528	0.035693746
207782	6083	0.035693746
207782	1143	0.035693742
207782	3564	0.035693742
207782	4369	0.035693742
207782	4900	0.035693742
207782	6391	0.035693742
207782	79	0.03569374
207782	105	0.03569374
207825	6083	0.036941305
207825	2528	0.0369413
207825	6391	0.0369413
207825	1722	0.036941297
207825	4369	0.036941297
207825	4900	0.036941297
207825	105	0.036941294
207825	1143	0.036941294
207825	3564	0.036941294
207825	79	0.03694129
207835	4900	0.03251776
207835	6083	0.03251776
207835	1722	0.032517757
207835	2528	0.032517757
207835	6391	0.032517757
207835	79	0.032517754
207835	105	0.032517754
207835	1143	0.032517754
207835	3088	0.032517754
207835	3564	0.032517754
207860	6083	0.030459233
207860	2528	0.03045923
207860	1722	0.030459229
207860	4900	0.030459229
207860	6391	0.030459229
207860	4369	0.030459227
207860	79	0.030459225
207860	1143	0.030459225
207860	3564	0.030459225
207860	105	0.030459223
207924	6083	0.029541139
207924	1722	0.029541137
207924	2528	0.029541137
207924	4900	0.029541135
207924	6391	0.029541135
207924	4369	0.029541133
207924	79	0.029541131
207924	105	0.029541131
207924	1143	0.029541131
207924	3564	0.029541131
207965	2528	0.021793794
207965	6083	0.021793794
207965	1722	0.021793792
207965	4900	0.021793792
207965	4369	0.02179379
207965	6391	0.02179379
207965	79	0.021793788
207965	1143	0.021793788
207965	3564	0.021793788
207965	3917	0.021793788
207971	2528	0.031351432
207971	6083	0.031351432
207971	1722	0.03135143
207971	4369	0.03135143
207971	4900	0.03135143
207971	6391	0.03135143
207971	79	0.031351425
207971	105	0.031351425
207971	1143	0.031351425
207971	3564	0.031351425
208019	6083	0.037396986
208019	1722	0.037396982
208019	2528	0.037396982
208019	4900	0.037396982
208019	6391	0.037396982
208019	1143	0.03739698
208019	4369	0.03739698
208019	79	0.037396975
208019	105	0.037396975
208019	804	0.037396975
208058	6083	0.024410801
208058	1722	0.0244108
208058	2528	0.0244108
208058	4900	0.0244108
208058	6391	0.0244108
208058	79	0.024410795
208058	3564	0.024410795
208058	4369	0.024410795
208058	105	0.024410792
208058	804	0.024410792
208077	6083	0.027773717
208077	1722	0.027773716
208077	2528	0.027773716
208077	6391	0.027773714
208077	1143	0.027773712
208077	4369	0.027773712
208077	4900	0.027773712
208077	79	0.02777371
208077	3564	0.02777371
208077	105	0.027773708
208095	6083	0.029071478
208095	1722	0.029071476
208095	2528	0.029071476
208095	4900	0.029071474
208095	6391	0.029071474
208095	4369	0.029071473
208095	1143	0.02907147
208095	3564	0.02907147
208095	79	0.029071469
208095	105	0.029071469
208112	1722	0.025330901
208112	2528	0.025330901
208112	6083	0.025330901
208112	6391	0.0253309
208112	4369	0.025330897
208112	4900	0.025330897
208112	105	0.025330896
208112	1143	0.025330896
208112	3564	0.025330896
208112	79	0.025330894
208141	6083	0.025111709
208141	1722	0.025111707
208141	4369	0.025111705
208141	4900	0.025111705
208141	6391	0.025111705
208141	79	0.025111701
208141	105	0.025111701
208141	1143	0.025111701
208141	3088	0.025111701
208141	3564	0.025111701
208147	2528	0.040476687
208147	6083	0.040476687
208147	1722	0.040476684
208147	4369	0.04047668
208147	4900	0.04047668
208147	6391	0.04047668
208147	79	0.040476676
208147	1143	0.040476676
208147	3564	0.040476676
208147	105	0.040476672
208236	6083	0.028493192
208236	1722	0.02849319
208236	2528	0.02849319
208236	4369	0.028493188
208236	4900	0.028493188
208236	6391	0.028493188
208236	79	0.028493185
208236	105	0.028493185
208236	1143	0.028493185
208236	3564	0.028493185
208251	2528	0.026746621
208251	6083	0.026746621
208251	1722	0.02674662
208251	4900	0.02674662
208251	6391	0.02674662
208251	79	0.026746616
208251	1143	0.026746616
208251	3564	0.026746616
208251	4369	0.026746616
208251	105	0.026746614
208302	6083	0.034417845
208302	79	0.034417838
208302	1722	0.034417838
208302	2528	0.034417838
208302	3564	0.034417838
208302	4369	0.034417838
208302	4900	0.034417838
208302	6391	0.034417838
208302	105	0.034417834
208302	1143	0.034417834
208367	6083	0.0299438
208367	1722	0.029943798
208367	2528	0.029943798
208367	4369	0.029943794
208367	4900	0.029943794
208367	6391	0.029943794
208367	3564	0.029943792
208367	79	0.02994379
208367	105	0.02994379
208367	1143	0.02994379
208376	1722	0.02619892
208376	2528	0.02619892
208376	6083	0.02619892
208376	4369	0.026198916
208376	4900	0.026198916
208376	6391	0.026198916
208376	3564	0.026198914
208376	79	0.026198912
208376	105	0.026198912
208376	1143	0.026198912
208378	6083	0.024806838
208378	2528	0.024806837
208378	1722	0.024806835
208378	4900	0.024806835
208378	6391	0.024806835
208378	79	0.024806833
208378	4369	0.024806833
208378	105	0.024806831
208378	804	0.024806831
208378	1143	0.024806831
208382	6083	0.023335194
208382	1722	0.02333519
208382	2528	0.02333519
208382	4369	0.023335189
208382	4900	0.023335189
208382	6391	0.023335189
208382	105	0.023335187
208382	1143	0.023335187
208382	3564	0.023335187
208382	79	0.023335185
208406	2528	0.029271498
208406	6083	0.029271498
208406	1722	0.029271495
208406	4900	0.029271495
208406	6391	0.029271495
208406	4369	0.029271493
208406	79	0.02927149
208406	105	0.02927149
208406	1143	0.02927149
208406	3564	0.02927149
208410	6083	0.027609296
208410	2528	0.027609294
208410	1722	0.027609292
208410	4369	0.027609292
208410	4900	0.027609292
208410	6391	0.027609292
208410	1143	0.02760929
208410	79	0.027609289
208410	105	0.027609289
208410	3564	0.027609289
208415	2528	0.020911295
208415	6083	0.020911295
208415	1722	0.020911293
208415	4900	0.020911293
208415	6391	0.020911293
208415	1143	0.020911291
208415	3564	0.020911291
208415	4369	0.020911291
208415	79	0.02091129
208415	105	0.02091129
208451	6083	0.02769375
208451	1722	0.027693748
208451	2528	0.027693748
208451	4369	0.027693745
208451	4900	0.027693745
208451	6391	0.027693745
208451	3564	0.027693743
208451	79	0.027693741
208451	105	0.027693741
208451	1143	0.027693741
208468	6083	0.026662977
208468	1722	0.026662976
208468	2528	0.026662976
208468	4369	0.026662974
208468	4900	0.026662974
208468	6391	0.026662974
208468	1143	0.026662972
208468	79	0.02666297
208468	3564	0.02666297
208468	5896	0.02666297
208555	2528	0.02976859
208555	6083	0.02976859
208555	1722	0.029768588
208555	4900	0.029768586
208555	6391	0.029768586
208555	4369	0.029768584
208555	1143	0.029768582
208555	3564	0.029768582
208555	79	0.02976858
208555	105	0.02976858
208568	2528	0.019303277
208568	1722	0.019303273
208568	4369	0.019303273
208568	4900	0.019303273
208568	6083	0.019303273
208568	6391	0.019303273
208568	79	0.019303272
208568	3564	0.019303272
208568	105	0.01930327
208568	1143	0.01930327
208591	1722	0.023837805
208591	2528	0.023837805
208591	6083	0.023837805
208591	6391	0.023837803
208591	3564	0.023837801
208591	4369	0.023837801
208591	4900	0.023837801
208591	79	0.0238378
208591	105	0.0238378
208591	804	0.023837797
208600	2528	0.039707556
208600	6083	0.039707556
208600	1722	0.039707553
208600	4900	0.03970755
208600	6391	0.03970755
208600	3564	0.039707545
208600	4369	0.039707545
208600	79	0.03970754
208600	105	0.03970754
208600	804	0.03970754
208605	6083	0.022644361
208605	1722	0.02264436
208605	2528	0.02264436
208605	4900	0.02264436
208605	6391	0.02264436
208605	4369	0.022644358
208605	79	0.022644356
208605	1143	0.022644356
208605	3564	0.022644356
208605	105	0.022644354
208620	6083	0.03090523
208620	1722	0.030905228
208620	2528	0.030905228
208620	6391	0.030905228
208620	4900	0.030905226
208620	1143	0.030905224
208620	3564	0.030905224
208620	4369	0.030905224
208620	79	0.030905223
208620	105	0.030905223
208645	6083	0.027219258
208645	1722	0.027219256
208645	2528	0.027219256
208645	4369	0.027219255
208645	4900	0.027219255
208645	6391	0.027219255
208645	79	0.02721925
208645	105	0.02721925
208645	1143	0.02721925
208645	3564	0.02721925
208668	2528	0.027343098
208668	6083	0.027343098
208668	1722	0.027343096
208668	6391	0.027343096
208668	4369	0.027343094
208668	4900	0.027343094
208668	1143	0.027343092
208668	3564	0.027343092
208668	79	0.02734309
208668	105	0.02734309
208671	6083	0.03122267
208671	1722	0.031222668
208671	2528	0.031222668
208671	4369	0.031222668
208671	4900	0.031222668
208671	6391	0.031222668
208671	1143	0.031222662
208671	3564	0.031222662
208671	5896	0.031222662
208671	79	0.03122266
208683	6083	0.030143946
208683	2528	0.030143945
208683	1722	0.030143943
208683	4900	0.030143943
208683	6391	0.030143943
208683	4369	0.03014394
208683	1143	0.030143939
208683	3564	0.030143939
208683	79	0.030143937
208683	105	0.030143937
208700	2528	0.027617117
208700	6083	0.027617117
208700	1722	0.027617116
208700	6391	0.027617116
208700	4369	0.027617114
208700	4900	0.027617114
208700	79	0.027617112
208700	105	0.027617112
208700	1143	0.027617112
208700	3088	0.02761711
208788	1722	0.036376573
208788	2528	0.036376573
208788	4369	0.036376573
208788	4900	0.036376573
208788	6083	0.036376573
208788	6391	0.036376573
208788	1143	0.03637657
208788	79	0.036376566
208788	105	0.036376566
208788	804	0.036376566
208815	2528	0.026632521
208815	6083	0.026632521
208815	1722	0.02663252
208815	79	0.026632518
208815	1143	0.026632518
208815	4369	0.026632518
208815	4900	0.026632518
208815	6391	0.026632518
208815	3564	0.026632516
208815	105	0.026632514
208829	1722	0.044336446
208829	2528	0.044336446
208829	4369	0.044336446
208829	4900	0.044336446
208829	6083	0.044336446
208829	6391	0.044336446
208829	79	0.04433644
208829	105	0.04433644
208829	1143	0.04433644
208829	3088	0.04433644
208877	1722	0.028678074
208877	2528	0.028678074
208877	6083	0.028678074
208877	1143	0.02867807
208877	3564	0.02867807
208877	4369	0.02867807
208877	4900	0.02867807
208877	6391	0.02867807
208877	79	0.028678067
208877	105	0.028678067
208897	6083	0.042761374
208897	1722	0.04276137
208897	2528	0.04276137
208897	4369	0.04276137
208897	6391	0.04276137
208897	4900	0.042761367
208897	79	0.042761363
208897	1143	0.042761363
208897	3564	0.042761363
208897	105	0.04276136
208907	1722	0.025639314
208907	6083	0.025639314
208907	2528	0.02563931
208907	4369	0.02563931
208907	4900	0.02563931
208907	6391	0.02563931
208907	1143	0.025639309
208907	79	0.025639307
208907	105	0.025639307
208907	3564	0.025639307
208936	6083	0.027136002
208936	1722	0.027136
208936	2528	0.027136
208936	4369	0.027135998
208936	4900	0.027135998
208936	6391	0.027135998
208936	1143	0.027135996
208936	79	0.027135994
208936	105	0.027135994
208936	3564	0.027135994
208960	1722	0.03373435
208960	2528	0.03373435
208960	4369	0.03373435
208960	6083	0.03373435
208960	3564	0.033734348
208960	4900	0.033734348
208960	6391	0.033734348
208960	79	0.033734344
208960	105	0.033734344
208960	1143	0.033734344
209059	6083	0.026822148
209059	1722	0.026822146
209059	2528	0.026822146
209059	4900	0.026822144
209059	6391	0.026822144
209059	3564	0.026822142
209059	4369	0.026822142
209059	79	0.02682214
209059	1143	0.02682214
209059	105	0.026822139
209147	2528	0.021269504
209147	6083	0.021269504
209147	1722	0.021269502
209147	1143	0.0212695
209147	4369	0.0212695
209147	4900	0.0212695
209147	6391	0.0212695
209147	79	0.021269498
209147	105	0.021269498
209147	3564	0.021269498
209156	2528	0.026193757
209156	6083	0.026193757
209156	6391	0.026193755
209156	1722	0.026193753
209156	4369	0.026193753
209156	4900	0.026193753
209156	3564	0.026193751
209156	79	0.02619375
209156	105	0.02619375
209156	1143	0.02619375
209160	1722	0.0342381
209160	2528	0.0342381
209160	6083	0.0342381
209160	6391	0.0342381
209160	4900	0.034238096
209160	79	0.034238093
209160	105	0.034238093
209160	1143	0.034238093
209160	3564	0.034238093
209160	4369	0.034238093
209163	1722	0.03688015
209163	2528	0.03688015
209163	4900	0.03688015
209163	6083	0.03688015
209163	6391	0.03688015
209163	1143	0.036880147
209163	4369	0.036880147
209163	79	0.036880143
209163	105	0.036880143
209163	804	0.036880143
209174	1722	0.037173986
209174	2528	0.037173986
209174	6083	0.037173986
209174	4369	0.037173983
209174	6391	0.037173983
209174	79	0.03717398
209174	105	0.03717398
209174	1143	0.03717398
209174	3564	0.03717398
209174	4900	0.03717398
209229	2528	0.029134743
209229	6083	0.029134743
209229	1722	0.029134741
209229	3564	0.02913474
209229	4369	0.02913474
209229	4900	0.02913474
209229	6391	0.02913474
209229	79	0.029134735
209229	105	0.029134735
209229	1143	0.029134735
209238	1722	0.034114577
209238	2528	0.034114577
209238	6083	0.034114577
209238	4369	0.034114573
209238	4900	0.034114573
209238	6391	0.034114573
209238	79	0.03411457
209238	105	0.03411457
209238	1143	0.03411457
209238	3088	0.03411457
209265	1722	0.0313576
209265	2528	0.0313576
209265	6083	0.0313576
209265	6391	0.0313576
209265	4369	0.031357598
209265	79	0.031357594
209265	105	0.031357594
209265	1143	0.031357594
209265	3564	0.031357594
209265	4900	0.031357594
209373	1722	0.039526597
209373	6083	0.039526597
209373	2528	0.039526593
209373	6391	0.039526593
209373	105	0.03952659
209373	1143	0.03952659
209373	3564	0.03952659
209373	4369	0.03952659
209373	4900	0.03952659
209373	79	0.039526585
209458	1722	0.017133173
209458	2528	0.017133173
209458	4369	0.017133173
209458	6083	0.017133173
209458	6391	0.017133173
209458	3564	0.01713317
209458	4900	0.01713317
209458	79	0.017133169
209458	105	0.017133169
209458	804	0.017133169
209464	6083	0.026707187
209464	1722	0.026707185
209464	2528	0.026707185
209464	4369	0.026707184
209464	4900	0.026707184
209464	6391	0.026707184
209464	1143	0.026707182
209464	3564	0.026707182
209464	79	0.02670718
209464	105	0.02670718
209486	2528	0.027297413
209486	6083	0.027297413
209486	1722	0.027297411
209486	4369	0.027297411
209486	6391	0.027297411
209486	4900	0.02729741
209486	79	0.027297407
209486	105	0.027297407
209486	1143	0.027297407
209486	3564	0.027297407
209536	1722	0.03707082
209536	6083	0.03707082
209536	2528	0.037070815
209536	6391	0.037070815
209536	79	0.03707081
209536	105	0.03707081
209536	1143	0.03707081
209536	4369	0.03707081
209536	4900	0.03707081
209536	5896	0.03707081
209563	2528	0.036034435
209563	6083	0.036034435
209563	1722	0.03603443
209563	1143	0.036034428
209563	4369	0.036034428
209563	4900	0.036034428
209563	6391	0.036034428
209563	79	0.036034424
209563	105	0.036034424
209563	1557	0.036034424
209625	2528	0.028860789
209625	6083	0.028860789
209625	1722	0.028860787
209625	6391	0.028860787
209625	4369	0.028860785
209625	4900	0.028860785
209625	79	0.028860781
209625	105	0.028860781
209625	1143	0.028860781
209625	3564	0.028860781
209631	2528	0.030162945
209631	6083	0.030162945
209631	1722	0.030162944
209631	6391	0.030162944
209631	4369	0.030162942
209631	4900	0.030162942
209631	3564	0.03016294
209631	79	0.030162938
209631	105	0.030162938
209631	1143	0.030162938
209684	6083	0.030834585
209684	2528	0.030834584
209684	1722	0.030834582
209684	6391	0.030834582
209684	4900	0.03083458
209684	79	0.030834578
209684	1143	0.030834578
209684	4369	0.030834578
209684	105	0.030834574
209684	804	0.030834574
209756	6083	0.03150312
209756	2528	0.031503115
209756	6391	0.031503115
209756	79	0.03150311
209756	1143	0.03150311
209756	1722	0.03150311
209756	3564	0.03150311
209756	4369	0.03150311
209756	4900	0.03150311
209756	105	0.031503107
209765	6083	0.027245611
209765	1722	0.02724561
209765	2528	0.02724561
209765	4900	0.027245607
209765	6391	0.027245607
209765	4369	0.027245605
209765	79	0.027245604
209765	1143	0.027245604
209765	3564	0.027245604
209765	105	0.027245602
209817	1722	0.032248393
209817	2528	0.032248393
209817	6083	0.032248393
209817	4369	0.03224839
209817	6391	0.03224839
209817	79	0.032248385
209817	105	0.032248385
209817	1143	0.032248385
209817	1557	0.032248385
209817	3564	0.032248385
209833	6083	0.02109155
209833	1722	0.021091549
209833	2528	0.021091547
209833	4369	0.021091547
209833	4900	0.021091547
209833	6391	0.021091547
209833	3564	0.021091545
209833	79	0.021091543
209833	105	0.021091543
209833	804	0.021091543
209875	2528	0.0342713
209875	6083	0.0342713
209875	1143	0.034271292
209875	1722	0.034271292
209875	4369	0.034271292
209875	4900	0.034271292
209875	6391	0.034271292
209875	79	0.03427129
209875	3564	0.03427129
209875	3917	0.03427129
209974	1722	0.021449257
209974	2528	0.021449257
209974	6083	0.021449257
209974	79	0.021449253
209974	1143	0.021449253
209974	3564	0.021449253
209974	4369	0.021449253
209974	4900	0.021449253
209974	6391	0.021449253
209974	105	0.021449251
209985	6083	0.025314938
209985	1722	0.025314936
209985	2528	0.025314936
209985	4369	0.025314935
209985	4900	0.025314935
209985	6391	0.025314935
209985	3564	0.025314933
209985	79	0.02531493
209985	105	0.02531493
209985	804	0.02531493
210035	2528	0.031475518
210035	6083	0.031475518
210035	1722	0.031475514
210035	3564	0.031475514
210035	4900	0.031475514
210035	79	0.03147551
210035	4369	0.03147551
210035	6391	0.03147551
210035	105	0.031475507
210035	804	0.031475507
210077	6083	0.025382845
210077	1722	0.025382843
210077	2528	0.025382843
210077	79	0.02538284
210077	1143	0.02538284
210077	4369	0.02538284
210077	4900	0.02538284
210077	6391	0.02538284
210077	105	0.025382837
210077	3564	0.025382837
210097	2528	0.037476197
210097	6083	0.037476197
210097	4900	0.037476193
210097	79	0.03747619
210097	1143	0.03747619
210097	1722	0.03747619
210097	3564	0.03747619
210097	4369	0.03747619
210097	6391	0.03747619
210097	105	0.037476186
210168	1722	0.021144647
210168	2528	0.021144647
210168	6083	0.021144647
210168	6391	0.021144647
210168	4369	0.021144645
210168	105	0.021144643
210168	1143	0.021144643
210168	3564	0.021144643
210168	4900	0.021144643
210168	79	0.021144642
210174	6083	0.032761462
210174	2528	0.03276146
210174	1722	0.032761455
210174	4369	0.032761455
210174	4900	0.032761455
210174	6391	0.032761455
210174	79	0.03276145
210174	105	0.03276145
210174	1143	0.03276145
210174	3564	0.03276145
210261	2528	0.034493428
210261	1722	0.034493424
210261	6083	0.034493424
210261	4369	0.03449342
210261	4900	0.03449342
210261	6391	0.03449342
210261	79	0.034493417
210261	105	0.034493417
210261	1143	0.034493417
210261	3564	0.034493417
210315	2528	0.029689375
210315	6083	0.029689375
210315	1722	0.029689372
210315	4900	0.029689372
210315	6391	0.029689372
210315	4369	0.02968937
210315	79	0.029689368
210315	105	0.029689368
210315	1143	0.029689368
210315	3564	0.029689368
210317	2528	0.034115512
210317	6083	0.034115512
210317	1722	0.03411551
210317	4369	0.03411551
210317	4900	0.03411551
210317	6391	0.03411551
210317	1143	0.034115504
210317	3564	0.034115504
210317	79	0.0341155
210317	105	0.0341155
210481	6083	0.029905897
210481	2528	0.029905895
210481	1722	0.029905893
210481	4369	0.029905893
210481	4900	0.029905893
210481	6391	0.029905893
210481	105	0.02990589
210481	1143	0.02990589
210481	3564	0.02990589
210481	79	0.029905887
210485	2528	0.038183317
210485	6083	0.038183317
210485	1722	0.038183313
210485	6391	0.038183313
210485	1143	0.03818331
210485	3564	0.03818331
210485	4369	0.03818331
210485	4900	0.03818331
210485	79	0.038183305
210485	105	0.038183305
210493	6083	0.028502744
210493	2528	0.028502742
210493	1722	0.02850274
210493	4369	0.02850274
210493	4900	0.02850274
210493	6391	0.02850274
210493	79	0.028502736
210493	1143	0.028502736
210493	3564	0.028502736
210493	105	0.028502734
210573	6083	0.029393576
210573	1722	0.029393572
210573	2528	0.029393572
210573	4900	0.029393572
210573	6391	0.029393572
210573	4369	0.02939357
210573	1143	0.029393569
210573	3564	0.029393569
210573	79	0.029393567
210573	105	0.029393567
210587	1722	0.038094454
210587	2528	0.038094454
210587	6083	0.038094454
210587	4900	0.03809445
210587	79	0.038094446
210587	1143	0.038094446
210587	3564	0.038094446
210587	4369	0.038094446
210587	6391	0.038094446
210587	105	0.038094442
210597	2528	0.039668206
210597	1722	0.039668202
210597	4369	0.039668202
210597	6083	0.039668202
210597	6391	0.039668202
210597	4900	0.0396682
210597	79	0.039668195
210597	105	0.039668195
210597	1143	0.039668195
210597	3088	0.039668195
210599	2528	0.026849285
210599	6083	0.026849285
210599	1722	0.026849281
210599	4369	0.026849281
210599	4900	0.026849281
210599	6391	0.026849281
210599	79	0.02684928
210599	105	0.026849277
210599	1143	0.026849277
210599	3564	0.026849277
210627	1722	0.038445484
210627	6083	0.038445484
210627	2528	0.03844548
210627	4369	0.03844548
210627	4900	0.03844548
210627	6391	0.03844548
210627	1143	0.038445476
210627	79	0.038445473
210627	105	0.038445473
210627	3088	0.038445473
210685	1722	0.044339977
210685	2528	0.044339977
210685	6083	0.044339977
210685	4369	0.044339973
210685	4900	0.044339973
210685	6391	0.044339973
210685	79	0.04433997
210685	105	0.04433997
210685	1143	0.04433997
210685	3564	0.04433997
210717	2528	0.03266911
210717	6083	0.03266911
210717	1722	0.032669105
210717	4369	0.032669105
210717	4900	0.032669105
210717	6391	0.032669105
210717	79	0.0326691
210717	3564	0.0326691
210717	105	0.032669097
210717	804	0.032669097
210738	6083	0.028814169
210738	2528	0.028814167
210738	1722	0.028814165
210738	6391	0.028814165
210738	4369	0.028814163
210738	4900	0.028814163
210738	1143	0.028814161
210738	3564	0.028814161
210738	79	0.02881416
210738	105	0.02881416
210791	6083	0.023268282
210791	2528	0.02326828
210791	1722	0.023268279
210791	4900	0.023268279
210791	6391	0.023268279
210791	3564	0.023268277
210791	4369	0.023268277
210791	79	0.023268275
210791	105	0.023268275
210791	1143	0.023268275
210822	1722	0.02893215
210822	2528	0.02893215
210822	6083	0.02893215
210822	4900	0.028932149
210822	6391	0.028932149
210822	3564	0.028932147
210822	4369	0.028932147
210822	1143	0.028932145
210822	105	0.028932143
210822	3088	0.028932143
210874	6083	0.0319721
210874	1722	0.031972095
210874	2528	0.031972095
210874	4900	0.031972095
210874	6391	0.031972095
210874	79	0.03197209
210874	3564	0.03197209
210874	4369	0.03197209
210874	105	0.031972088
210874	804	0.031972088
210921	1722	0.030761357
210921	2528	0.030761357
210921	6083	0.030761357
210921	6391	0.030761356
210921	1143	0.030761354
210921	4369	0.030761354
210921	4900	0.030761354
210921	79	0.03076135
210921	105	0.03076135
210921	3564	0.03076135
210923	2528	0.02665995
210923	6083	0.02665995
210923	6391	0.026659949
210923	1722	0.026659947
210923	4369	0.026659947
210923	4900	0.026659947
210923	79	0.026659943
210923	105	0.026659943
210923	1143	0.026659943
210923	3564	0.026659943
210959	2528	0.042764008
210959	6083	0.042764008
210959	4900	0.042764004
210959	1722	0.042764
210959	4369	0.042764
210959	6391	0.042764
210959	79	0.042763997
210959	3564	0.042763997
210959	105	0.042763993
210959	1143	0.042763993
211041	2528	0.026115108
211041	6083	0.026115108
211041	1722	0.026115106
211041	6391	0.026115106
211041	4369	0.026115105
211041	4900	0.026115105
211041	1143	0.026115103
211041	3564	0.026115103
211041	79	0.0261151
211041	105	0.0261151
211098	2528	0.027889723
211098	1722	0.027889721
211098	6083	0.027889721
211098	6391	0.027889721
211098	4369	0.02788972
211098	4900	0.02788972
211098	79	0.027889717
211098	105	0.027889717
211098	1143	0.027889717
211098	3564	0.027889717
211137	2528	0.03593052
211137	6083	0.03593052
211137	6391	0.03593052
211137	1722	0.035930518
211137	4900	0.035930518
211137	79	0.035930514
211137	105	0.035930514
211137	1143	0.035930514
211137	3564	0.035930514
211137	4369	0.035930514
211152	1722	0.03153883
211152	2528	0.031538825
211152	4369	0.031538825
211152	6083	0.031538825
211152	6391	0.031538825
211152	79	0.03153882
211152	3564	0.03153882
211152	3917	0.03153882
211152	4900	0.03153882
211152	105	0.031538818
211176	6083	0.020972783
211176	1722	0.02097278
211176	2528	0.02097278
211176	4900	0.02097278
211176	6391	0.02097278
211176	4369	0.020972779
211176	79	0.020972777
211176	105	0.020972777
211176	1143	0.020972777
211176	3088	0.020972777
211231	2528	0.034880698
211231	6083	0.034880698
211231	1722	0.034880694
211231	79	0.03488069
211231	1143	0.03488069
211231	3564	0.03488069
211231	4369	0.03488069
211231	4900	0.03488069
211231	6391	0.03488069
211231	105	0.034880687
211288	2528	0.031088382
211288	6083	0.031088382
211288	1722	0.03108838
211288	4369	0.031088378
211288	4900	0.031088378
211288	6391	0.031088378
211288	79	0.031088375
211288	105	0.031088375
211288	1143	0.031088375
211288	3564	0.031088375
211303	1722	0.027403805
211303	2528	0.027403805
211303	6083	0.027403805
211303	3564	0.027403802
211303	4369	0.027403802
211303	4900	0.027403802
211303	6391	0.027403802
211303	105	0.0274038
211303	1143	0.0274038
211303	79	0.027403798
211344	6083	0.033425953
211344	1143	0.03342595
211344	1722	0.03342595
211344	2528	0.03342595
211344	4900	0.03342595
211344	6391	0.03342595
211344	4369	0.033425946
211344	79	0.033425942
211344	105	0.033425942
211344	804	0.033425942
211351	1722	0.03453944
211351	2528	0.03453944
211351	6083	0.03453944
211351	6391	0.03453944
211351	79	0.03453943
211351	105	0.03453943
211351	1143	0.03453943
211351	3088	0.03453943
211351	3564	0.03453943
211351	4369	0.03453943
211360	2528	0.034760475
211360	6083	0.034760475
211360	1722	0.03476047
211360	79	0.034760468
211360	1143	0.034760468
211360	3564	0.034760468
211360	4369	0.034760468
211360	4900	0.034760468
211360	6391	0.034760468
211360	105	0.034760464
211426	1722	0.040563256
211426	2528	0.040563256
211426	6083	0.040563256
211426	4369	0.04056325
211426	6391	0.04056325
211426	1143	0.040563248
211426	3564	0.040563248
211426	4900	0.040563248
211426	79	0.040563244
211426	105	0.040563244
211430	1722	0.02553247
211430	2528	0.02553247
211430	6083	0.02553247
211430	4369	0.025532465
211430	4900	0.025532465
211430	6391	0.025532465
211430	79	0.025532462
211430	105	0.025532462
211430	804	0.025532462
211430	1143	0.025532462
211500	6083	0.026609937
211500	1722	0.026609935
211500	2528	0.026609935
211500	6391	0.026609933
211500	3564	0.026609931
211500	4369	0.026609931
211500	4900	0.026609931
211500	79	0.026609927
211500	105	0.026609927
211500	1143	0.026609927
211770	6083	0.031338725
211770	1143	0.03133872
211770	1722	0.03133872
211770	2528	0.03133872
211770	4369	0.03133872
211770	4900	0.03133872
211770	6391	0.03133872
211770	79	0.031338718
211770	105	0.031338718
211770	3564	0.031338718
211919	1722	0.03799574
211919	2528	0.03799574
211919	6083	0.03799574
211919	6391	0.03799574
211919	4900	0.037995737
211919	79	0.037995733
211919	1143	0.037995733
211919	3564	0.037995733
211919	4369	0.037995733
211919	105	0.03799573
211937	6083	0.027093677
211937	2528	0.027093675
211937	1722	0.027093673
211937	6391	0.027093673
211937	4369	0.027093671
211937	4900	0.027093671
211937	1143	0.02709367
211937	3564	0.02709367
211937	79	0.027093668
211937	105	0.027093668
211944	2528	0.021544453
211944	6083	0.021544453
211944	1722	0.02154445
211944	79	0.021544449
211944	1143	0.021544449
211944	3564	0.021544449
211944	4369	0.021544449
211944	4900	0.021544449
211944	6391	0.021544449
211944	105	0.021544447
211961	2528	0.02441065
211961	6083	0.02441065
211961	1722	0.024410648
211961	3564	0.024410646
211961	4369	0.024410646
211961	4900	0.024410646
211961	6391	0.024410646
211961	79	0.024410645
211961	105	0.024410645
211961	1143	0.024410645
212088	2528	0.03117416
212088	6083	0.03117416
212088	1722	0.031174159
212088	4900	0.031174157
212088	6391	0.031174157
212088	4369	0.031174155
212088	79	0.031174153
212088	105	0.031174153
212088	1143	0.031174153
212088	3564	0.031174153
212109	2528	0.03421276
212109	6083	0.03421276
212109	6391	0.034212757
212109	79	0.034212753
212109	1143	0.034212753
212109	1722	0.034212753
212109	3564	0.034212753
212109	4369	0.034212753
212109	4900	0.034212753
212109	105	0.03421275
212130	6083	0.026868789
212130	2528	0.026868787
212130	6391	0.026868787
212130	1722	0.026868785
212130	4369	0.026868785
212130	4900	0.026868785
212130	79	0.026868783
212130	1143	0.026868783
212130	105	0.026868781
212130	3564	0.026868781
212142	1722	0.03647125
212142	6083	0.03647125
212142	2528	0.036471248
212142	3564	0.036471248
212142	4369	0.036471248
212142	4900	0.036471248
212142	6391	0.036471248
212142	1143	0.036471244
212142	79	0.03647124
212142	105	0.03647124
212252	2528	0.036863096
212252	6083	0.036863096
212252	1722	0.036863092
212252	4900	0.036863092
212252	6391	0.036863092
212252	79	0.03686309
212252	105	0.03686309
212252	1143	0.03686309
212252	3564	0.03686309
212252	4369	0.03686309
212260	6083	0.026664378
212260	1722	0.026664376
212260	2528	0.026664376
212260	6391	0.026664376
212260	4369	0.026664374
212260	4900	0.026664374
212260	79	0.026664373
212260	1143	0.026664373
212260	3564	0.026664373
212260	105	0.026664369
212328	1722	0.031347476
212328	2528	0.031347476
212328	6083	0.031347476
212328	4369	0.031347472
212328	4900	0.031347472
212328	6391	0.031347472
212328	79	0.03134747
212328	105	0.03134747
212328	1143	0.03134747
212328	3088	0.03134747
212385	2528	0.032223877
212385	6083	0.032223877
212385	1722	0.032223873
212385	3564	0.032223873
212385	4369	0.032223873
212385	4900	0.032223873
212385	6391	0.032223873
212385	79	0.03222387
212385	105	0.03222387
212385	1143	0.03222387
212411	2528	0.0322208
212411	1722	0.032220796
212411	4369	0.032220796
212411	4900	0.032220796
212411	6083	0.032220796
212411	6391	0.032220796
212411	79	0.032220792
212411	1143	0.032220792
212411	3564	0.032220792
212411	105	0.03222079
212427	2528	0.027207151
212427	6083	0.027207151
212427	1722	0.027207147
212427	4369	0.027207147
212427	4900	0.027207147
212427	6391	0.027207147
212427	1143	0.027207145
212427	79	0.027207144
212427	105	0.027207144
212427	3088	0.027207144
212439	2528	0.03084815
212439	6083	0.03084815
212439	1722	0.030848147
212439	4900	0.030848145
212439	6391	0.030848145
212439	4369	0.030848144
212439	79	0.030848142
212439	1143	0.030848142
212439	3564	0.030848142
212439	105	0.03084814
212467	2528	0.029109417
212467	6083	0.029109417
212467	1722	0.029109415
212467	4900	0.029109415
212467	6391	0.029109415
212467	4369	0.029109413
212467	1143	0.029109411
212467	3564	0.029109411
212467	79	0.02910941
212467	105	0.02910941
212568	1722	0.03453868
212568	2528	0.03453868
212568	6083	0.03453868
212568	6391	0.034538675
212568	79	0.03453867
212568	1143	0.03453867
212568	3564	0.03453867
212568	4369	0.03453867
212568	4900	0.03453867
212568	105	0.034538668
212628	6083	0.027875528
212628	1722	0.027875524
212628	2528	0.027875524
212628	4369	0.027875524
212628	6391	0.027875524
212628	4900	0.027875522
212628	79	0.02787552
212628	1143	0.02787552
212628	3564	0.02787552
212628	105	0.027875518
212631	6083	0.033845127
212631	1722	0.03384512
212631	2528	0.03384512
212631	3564	0.03384512
212631	4369	0.03384512
212631	4900	0.03384512
212631	6391	0.03384512
212631	105	0.033845115
212631	1143	0.033845115
212631	79	0.03384511
212697	1722	0.019335419
212697	2528	0.019335419
212697	6083	0.019335419
212697	1143	0.019335415
212697	3564	0.019335415
212697	4369	0.019335415
212697	4900	0.019335415
212697	6391	0.019335415
212697	79	0.019335413
212697	105	0.019335413
212719	2528	0.028949004
212719	6083	0.028949004
212719	1722	0.028949002
212719	4900	0.028949002
212719	6391	0.028949002
212719	3564	0.028949
212719	4369	0.028949
212719	79	0.028948996
212719	105	0.028948996
212719	1143	0.028948996
212797	1722	0.056661263
212797	2528	0.056661263
212797	6083	0.056661263
212797	6391	0.05666126
212797	3564	0.056661256
212797	4369	0.056661256
212797	4900	0.056661256
212797	79	0.05666125
212797	105	0.05666125
212797	1143	0.05666125
212849	1722	0.034951128
212849	2528	0.034951128
212849	4900	0.034951128
212849	6083	0.034951128
212849	6391	0.034951128
212849	4369	0.034951124
212849	79	0.03495112
212849	105	0.03495112
212849	804	0.03495112
212849	1143	0.03495112
212859	2528	0.03974623
212859	1722	0.039746225
212859	6083	0.039746225
212859	6391	0.039746225
212859	4369	0.03974622
212859	4900	0.03974622
212859	79	0.039746217
212859	105	0.039746217
212859	1143	0.039746217
212859	3564	0.039746217
212923	1722	0.025110569
212923	2528	0.025110569
212923	6083	0.025110569
212923	6391	0.025110567
212923	1143	0.025110565
212923	3564	0.025110565
212923	4369	0.025110565
212923	4900	0.025110565
212923	79	0.025110563
212923	105	0.025110563
213064	6083	0.027998568
213064	1722	0.027998567
213064	2528	0.027998567
213064	4900	0.027998567
213064	6391	0.027998567
213064	1143	0.027998563
213064	3564	0.027998563
213064	4369	0.027998563
213064	79	0.027998561
213064	105	0.02799856
213066	6083	0.028612336
213066	2528	0.028612334
213066	1722	0.028612332
213066	4900	0.028612332
213066	6391	0.028612332
213066	3564	0.02861233
213066	4369	0.02861233
213066	1143	0.028612329
213066	79	0.028612327
213066	105	0.028612327
213119	2528	0.027522331
213119	6083	0.027522331
213119	1722	0.02752233
213119	4900	0.02752233
213119	6391	0.02752233
213119	4369	0.027522327
213119	79	0.027522326
213119	1143	0.027522326
213119	3564	0.027522326
213119	105	0.027522324
213126	6083	0.042435974
213126	2528	0.04243597
213126	1722	0.042435966
213126	4369	0.042435966
213126	4900	0.042435966
213126	6391	0.042435966
213126	3564	0.042435963
213126	79	0.04243596
213126	105	0.04243596
213126	804	0.04243596
213150	6083	0.046468496
213150	1722	0.046468493
213150	2528	0.046468493
213150	4369	0.04646849
213150	4900	0.04646849
213150	6391	0.04646849
213150	1143	0.046468485
213150	3564	0.046468485
213150	79	0.04646848
213150	105	0.04646848
213191	2528	0.026376741
213191	6083	0.026376741
213191	1722	0.02637674
213191	4900	0.026376737
213191	6391	0.026376737
213191	1143	0.026376735
213191	3564	0.026376735
213191	4369	0.026376735
213191	79	0.026376734
213191	105	0.026376732
213197	2528	0.028093498
213197	6083	0.028093498
213197	1722	0.028093494
213197	4369	0.028093494
213197	4900	0.028093494
213197	6391	0.028093494
213197	1143	0.028093493
213197	79	0.02809349
213197	105	0.02809349
213197	3564	0.02809349
213255	6083	0.027047498
213255	1722	0.027047496
213255	2528	0.027047496
213255	6391	0.027047494
213255	1143	0.027047493
213255	3564	0.027047493
213255	4369	0.027047493
213255	4900	0.027047493
213255	79	0.02704749
213255	105	0.027047489
213312	6083	0.031770796
213312	1722	0.03177079
213312	2528	0.03177079
213312	1143	0.031770788
213312	3564	0.031770788
213312	4369	0.031770788
213312	4900	0.031770788
213312	6391	0.031770788
213312	79	0.031770784
213312	105	0.031770784
213316	2528	0.031205826
213316	6083	0.031205826
213316	1722	0.031205822
213316	4900	0.031205822
213316	6391	0.031205822
213316	4369	0.03120582
213316	1143	0.031205818
213316	3564	0.031205818
213316	79	0.031205816
213316	105	0.031205816
213369	2528	0.03473129
213369	6083	0.03473129
213369	1722	0.034731288
213369	4900	0.034731288
213369	6391	0.034731288
213369	79	0.034731284
213369	105	0.034731284
213369	3564	0.034731284
213369	4369	0.034731284
213369	1143	0.03473128
213410	1722	0.03436114
213410	2528	0.03436114
213410	6083	0.03436114
213410	6391	0.03436114
213410	79	0.03436113
213410	105	0.03436113
213410	1143	0.03436113
213410	3564	0.03436113
213410	3917	0.03436113
213410	4369	0.03436113
213523	6083	0.024257142
213523	1722	0.024257138
213523	2528	0.024257138
213523	4369	0.024257138
213523	4900	0.024257138
213523	6391	0.024257138
213523	1143	0.024257135
213523	3564	0.024257135
213523	79	0.024257133
213523	105	0.024257133
213531	1722	0.0320929
213531	2528	0.0320929
213531	4900	0.0320929
213531	6083	0.0320929
213531	6391	0.0320929
213531	4369	0.032092895
213531	79	0.03209289
213531	105	0.03209289
213531	804	0.03209289
213531	1143	0.03209289
213625	6083	0.030696997
213625	2528	0.030696996
213625	1722	0.030696994
213625	6391	0.030696994
213625	4369	0.030696992
213625	4900	0.030696992
213625	1143	0.03069699
213625	3564	0.03069699
213625	79	0.030696988
213625	105	0.030696988
213628	1722	0.033416778
213628	2528	0.033416778
213628	4369	0.033416778
213628	6083	0.033416778
213628	3564	0.033416774
213628	4900	0.033416774
213628	6391	0.033416774
213628	79	0.03341677
213628	105	0.03341677
213628	1143	0.03341677
213638	6083	0.032073155
213638	2528	0.03207315
213638	6391	0.03207315
213638	1722	0.032073148
213638	4369	0.032073148
213638	4900	0.032073148
213638	105	0.032073144
213638	3564	0.032073144
213638	3917	0.032073144
213638	3978	0.032073144
213641	6083	0.030921455
213641	2528	0.030921454
213641	1722	0.030921452
213641	6391	0.030921452
213641	4369	0.03092145
213641	4900	0.03092145
213641	1143	0.030921448
213641	3564	0.030921448
213641	79	0.030921446
213641	105	0.030921446
213664	1722	0.023309316
213664	6083	0.023309316
213664	2528	0.023309315
213664	6391	0.023309315
213664	3564	0.023309313
213664	4369	0.023309313
213664	4900	0.023309313
213664	79	0.02330931
213664	105	0.02330931
213664	1143	0.02330931
213708	6083	0.027084354
213708	1722	0.02708435
213708	2528	0.02708435
213708	4369	0.02708435
213708	4900	0.02708435
213708	6391	0.02708435
213708	79	0.027084347
213708	1143	0.027084347
213708	3564	0.027084347
213708	105	0.027084345
213760	1722	0.031364642
213760	2528	0.031364642
213760	6083	0.031364642
213760	6391	0.031364642
213760	1143	0.03136464
213760	3564	0.03136464
213760	4369	0.03136464
213760	4900	0.03136464
213760	79	0.031364635
213760	105	0.031364635
213839	2528	0.035305448
213839	6083	0.035305448
213839	1722	0.03530544
213839	4369	0.03530544
213839	4900	0.03530544
213839	6391	0.03530544
213839	105	0.035305437
213839	1143	0.035305437
213839	3088	0.035305437
213839	804	0.035305433
213851	6083	0.04274628
213851	1722	0.042746276
213851	2528	0.042746276
213851	6391	0.042746276
213851	4900	0.042746272
213851	79	0.04274627
213851	105	0.04274627
213851	1143	0.04274627
213851	3564	0.04274627
213851	4369	0.04274627
213972	1722	0.02681594
213972	2528	0.02681594
213972	6083	0.02681594
213972	4369	0.026815936
213972	4900	0.026815936
213972	6391	0.026815936
213972	79	0.026815932
213972	105	0.026815932
213972	1143	0.026815932
213972	1557	0.026815932
214042	6083	0.025414567
214042	1722	0.025414566
214042	2528	0.025414566
214042	4369	0.025414564
214042	4900	0.025414564
214042	6391	0.025414564
214042	1143	0.025414562
214042	3564	0.025414562
214042	79	0.02541456
214042	105	0.02541456
214102	1722	0.02386465
214102	2528	0.02386465
214102	4900	0.02386465
214102	6083	0.02386465
214102	6391	0.02386465
214102	4369	0.023864647
214102	105	0.023864646
214102	1143	0.023864646
214102	3564	0.023864646
214102	5896	0.023864646
214138	1722	0.03841511
214138	2528	0.03841511
214138	4369	0.03841511
214138	4900	0.03841511
214138	6083	0.03841511
214138	6391	0.03841511
214138	3564	0.038415108
214138	79	0.038415104
214138	105	0.038415104
214138	1143	0.038415104
214212	6083	0.021149816
214212	1722	0.021149814
214212	2528	0.021149814
214212	4369	0.021149814
214212	4900	0.021149814
214212	6391	0.021149814
214212	79	0.02114981
214212	105	0.02114981
214212	1143	0.02114981
214212	3088	0.02114981
214244	6083	0.029975254
214244	1722	0.029975252
214244	2528	0.029975252
214244	4369	0.02997525
214244	4900	0.02997525
214244	6391	0.02997525
214244	79	0.029975247
214244	105	0.029975247
214244	1143	0.029975247
214244	3564	0.029975247
214272	6083	0.03137219
214272	1722	0.031372186
214272	2528	0.031372186
214272	79	0.031372182
214272	105	0.031372182
214272	1143	0.031372182
214272	3564	0.031372182
214272	4369	0.031372182
214272	4900	0.031372182
214272	6391	0.031372182
214315	6083	0.02236093
214315	1722	0.022360928
214315	2528	0.022360928
214315	4900	0.022360926
214315	6391	0.022360926
214315	79	0.022360925
214315	105	0.022360925
214315	1143	0.022360925
214315	3564	0.022360925
214315	4369	0.022360925
214348	6083	0.027980147
214348	2528	0.027980145
214348	1722	0.027980143
214348	4369	0.027980143
214348	4900	0.027980143
214348	6391	0.027980143
214348	3564	0.027980141
214348	1143	0.02798014
214348	79	0.027980138
214348	105	0.027980138
214436	6083	0.027192304
214436	1722	0.027192302
214436	2528	0.027192302
214436	6391	0.0271923
214436	4369	0.027192298
214436	4900	0.027192298
214436	1143	0.027192296
214436	3564	0.027192296
214436	79	0.027192295
214436	105	0.027192295
214686	6083	0.028077666
214686	1722	0.028077662
214686	2528	0.028077662
214686	6391	0.028077662
214686	4369	0.02807766
214686	4900	0.02807766
214686	79	0.028077658
214686	1143	0.028077658
214686	3564	0.028077658
214686	105	0.028077655
214786	2528	0.034084305
214786	6083	0.034084305
214786	1722	0.0340843
214786	79	0.034084298
214786	105	0.034084298
214786	1143	0.034084298
214786	3564	0.034084298
214786	4369	0.034084298
214786	4900	0.034084298
214786	6391	0.034084298
214879	2528	0.027826222
214879	6083	0.027826222
214879	1722	0.02782622
214879	4900	0.02782622
214879	6391	0.02782622
214879	1143	0.027826216
214879	3564	0.027826216
214879	4369	0.027826216
214879	79	0.027826214
214879	105	0.027826214
214920	1722	0.023964155
214920	6083	0.023964155
214920	2528	0.023964154
214920	4369	0.023964152
214920	4900	0.023964152
214920	6391	0.023964152
214920	79	0.02396415
214920	3564	0.02396415
214920	105	0.023964148
214920	1143	0.023964148
215006	1722	0.037109688
215006	2528	0.037109688
215006	6083	0.037109688
215006	1143	0.03710968
215006	3564	0.03710968
215006	4369	0.03710968
215006	4900	0.03710968
215006	5896	0.03710968
215006	6391	0.03710968
215006	105	0.037109677
215071	2528	0.026009629
215071	6083	0.026009629
215071	1722	0.026009627
215071	4369	0.026009627
215071	4900	0.026009627
215071	6391	0.026009627
215071	79	0.026009623
215071	105	0.026009623
215071	1143	0.026009623
215071	3564	0.026009623
215139	6083	0.029446866
215139	2528	0.029446865
215139	4900	0.029446863
215139	6391	0.029446863
215139	1722	0.02944686
215139	4369	0.02944686
215139	1143	0.029446859
215139	3564	0.029446859
215139	79	0.029446857
215139	105	0.029446857
215148	6083	0.027810056
215148	1722	0.027810054
215148	2528	0.027810054
215148	4369	0.027810052
215148	4900	0.027810052
215148	6391	0.027810052
215148	79	0.027810048
215148	105	0.027810048
215148	1143	0.027810048
215148	3564	0.027810048
215180	1722	0.03127578
215180	2528	0.03127578
215180	6083	0.03127578
215180	6391	0.031275775
215180	79	0.03127577
215180	105	0.03127577
215180	1143	0.03127577
215180	3088	0.03127577
215180	3564	0.03127577
215180	3917	0.03127577
215256	6083	0.035483286
215256	1722	0.035483282
215256	2528	0.035483282
215256	3564	0.03548328
215256	4369	0.03548328
215256	4900	0.03548328
215256	6391	0.03548328
215256	79	0.035483275
215256	105	0.035483275
215256	1143	0.035483275
215278	6083	0.026204966
215278	1722	0.026204964
215278	2528	0.026204964
215278	4900	0.026204964
215278	4369	0.026204962
215278	6391	0.026204962
215278	3564	0.02620496
215278	79	0.026204959
215278	105	0.026204959
215278	804	0.026204959
215359	1722	0.03000142
215359	2528	0.03000142
215359	6083	0.03000142
215359	6391	0.03000142
215359	4369	0.030001419
215359	4900	0.030001419
215359	79	0.030001415
215359	105	0.030001415
215359	1143	0.030001415
215359	3564	0.030001415
215388	1722	0.03277398
215388	2528	0.03277398
215388	4369	0.03277398
215388	6083	0.03277398
215388	4900	0.032773975
215388	6391	0.032773975
215388	79	0.03277397
215388	105	0.03277397
215388	1143	0.03277397
215388	3564	0.03277397
215421	2528	0.020227704
215421	1722	0.020227702
215421	6083	0.020227702
215421	4369	0.0202277
215421	4900	0.0202277
215421	6391	0.0202277
215421	79	0.020227699
215421	105	0.020227699
215421	1143	0.020227699
215421	3564	0.020227699
215498	2528	0.02405994
215498	6083	0.02405994
215498	1722	0.024059938
215498	4369	0.024059936
215498	4900	0.024059936
215498	6391	0.024059936
215498	3564	0.024059935
215498	79	0.024059933
215498	105	0.024059933
215498	1143	0.024059933
215609	2528	0.022345457
215609	6083	0.022345455
215609	1722	0.022345454
215609	4369	0.022345454
215609	4900	0.022345454
215609	6391	0.022345454
215609	79	0.022345452
215609	3564	0.022345452
215609	105	0.02234545
215609	804	0.02234545
215627	6083	0.033775046
215627	1722	0.033775043
215627	2528	0.033775043
215627	3564	0.03377504
215627	4369	0.03377504
215627	4900	0.03377504
215627	6391	0.03377504
215627	79	0.033775035
215627	1143	0.033775035
215627	105	0.03377503
215693	6083	0.023787323
215693	1722	0.023787322
215693	2528	0.023787322
215693	4369	0.02378732
215693	4900	0.02378732
215693	6391	0.02378732
215693	1143	0.023787318
215693	79	0.023787316
215693	105	0.023787316
215693	804	0.023787316
215709	2528	0.029317196
215709	6083	0.029317196
215709	1722	0.029317195
215709	1143	0.029317193
215709	4369	0.029317193
215709	4900	0.029317193
215709	6391	0.029317193
215709	79	0.029317189
215709	105	0.029317189
215709	3564	0.029317189
215753	2528	0.024418252
215753	6083	0.024418252
215753	1722	0.02441825
215753	4900	0.02441825
215753	6391	0.02441825
215753	4369	0.024418248
215753	79	0.024418246
215753	105	0.024418246
215753	1143	0.024418246
215753	3088	0.024418246
215829	2528	0.035780896
215829	6083	0.035780896
215829	1722	0.03578089
215829	4369	0.03578089
215829	4900	0.03578089
215829	6391	0.03578089
215829	1143	0.035780888
215829	3564	0.035780888
215829	79	0.035780884
215829	105	0.035780884
215942	1722	0.03377177
215942	2528	0.03377177
215942	6083	0.03377177
215942	6391	0.03377177
215942	4369	0.033771764
215942	4900	0.033771764
215942	79	0.03377176
215942	105	0.03377176
215942	1143	0.03377176
215942	3088	0.03377176
215986	6083	0.027092291
215986	1722	0.02709229
215986	2528	0.02709229
215986	4900	0.02709229
215986	6391	0.027092287
215986	1143	0.027092285
215986	3564	0.027092285
215986	4369	0.027092285
215986	79	0.027092284
215986	3917	0.027092284
215988	1722	0.023436826
215988	2528	0.023436826
215988	6083	0.023436826
215988	4900	0.023436824
215988	6391	0.023436824
215988	3564	0.023436822
215988	4369	0.023436822
215988	79	0.02343682
215988	1143	0.02343682
215988	105	0.023436818
216027	2528	0.028896082
216027	6083	0.028896082
216027	1722	0.02889608
216027	4369	0.028896078
216027	4900	0.028896078
216027	6391	0.028896078
216027	79	0.028896077
216027	105	0.028896075
216027	1143	0.028896075
216027	3564	0.028896075
216057	1722	0.03349158
216057	2528	0.03349158
216057	4369	0.03349158
216057	4900	0.03349158
216057	6083	0.03349158
216057	6391	0.033491578
216057	79	0.033491574
216057	105	0.033491574
216057	804	0.033491574
216057	1143	0.033491574
216099	1722	0.028265845
216099	2528	0.028265845
216099	6083	0.028265845
216099	4369	0.028265841
216099	4900	0.028265841
216099	6391	0.028265841
216099	1143	0.02826584
216099	3564	0.02826584
216099	79	0.028265838
216099	105	0.028265838
216100	2528	0.030612696
216100	6083	0.030612696
216100	1722	0.030612694
216100	4369	0.030612692
216100	4900	0.030612692
216100	6391	0.030612692
216100	1143	0.03061269
216100	79	0.030612689
216100	105	0.030612689
216100	3564	0.030612689
216151	6083	0.018880775
216151	1722	0.018880773
216151	2528	0.018880773
216151	4369	0.018880773
216151	3564	0.018880771
216151	4900	0.018880771
216151	6391	0.018880771
216151	79	0.01888077
216151	105	0.01888077
216151	1143	0.01888077
216260	1722	0.03708136
216260	2528	0.03708136
216260	6083	0.03708136
216260	4369	0.037081357
216260	4900	0.037081357
216260	79	0.037081353
216260	105	0.037081353
216260	1143	0.037081353
216260	3564	0.037081353
216260	6391	0.037081353
216386	2528	0.02295541
216386	6083	0.02295541
216386	1722	0.022955408
216386	6391	0.022955408
216386	4369	0.022955406
216386	4900	0.022955406
216386	105	0.022955405
216386	3564	0.022955405
216386	79	0.022955403
216386	804	0.022955403
216435	1722	0.033476666
216435	2528	0.033476666
216435	4900	0.033476666
216435	6083	0.033476666
216435	6391	0.033476666
216435	1143	0.033476662
216435	4369	0.033476662
216435	79	0.03347666
216435	105	0.03347666
216435	1557	0.03347666
216444	1722	0.038326204
216444	2528	0.038326204
216444	6083	0.038326204
216444	6391	0.038326204
216444	4900	0.0383262
216444	79	0.038326196
216444	105	0.038326196
216444	1143	0.038326196
216444	3564	0.038326196
216444	3917	0.038326196
216466	2528	0.035861894
216466	6083	0.035861894
216466	1722	0.03586189
216466	4369	0.03586189
216466	4900	0.03586189
216466	6391	0.03586189
216466	105	0.035861887
216466	3564	0.035861887
216466	79	0.035861883
216466	1143	0.035861883
216495	6083	0.024472004
216495	1722	0.024472002
216495	2528	0.024472002
216495	6391	0.024472002
216495	1143	0.024471998
216495	3564	0.024471998
216495	4369	0.024471998
216495	4900	0.024471998
216495	79	0.024471996
216495	105	0.024471994
216501	6083	0.022078626
216501	2528	0.022078624
216501	1722	0.022078622
216501	4369	0.022078622
216501	4900	0.022078622
216501	6391	0.022078622
216501	79	0.022078618
216501	105	0.022078618
216501	804	0.022078618
216501	1143	0.022078618
216557	6083	0.0321995
216557	1722	0.032199495
216557	2528	0.032199495
216557	3564	0.032199495
216557	4369	0.032199495
216557	4900	0.032199495
216557	6391	0.032199495
216557	1143	0.03219949
216557	79	0.032199487
216557	105	0.032199487
216602	2528	0.029645309
216602	6083	0.029645309
216602	1722	0.029645305
216602	4900	0.029645305
216602	6391	0.029645305
216602	4369	0.029645303
216602	79	0.029645301
216602	105	0.029645301
216602	1143	0.029645301
216602	3564	0.029645301
216670	1722	0.040133223
216670	2528	0.040133223
216670	6083	0.040133223
216670	4900	0.04013322
216670	6391	0.04013322
216670	79	0.040133215
216670	105	0.040133215
216670	1143	0.040133215
216670	3564	0.040133215
216670	4369	0.040133215
216724	6083	0.021104075
216724	2528	0.021104073
216724	1722	0.021104071
216724	4369	0.021104071
216724	4900	0.021104071
216724	6391	0.021104071
216724	79	0.021104068
216724	105	0.021104068
216724	1143	0.021104068
216724	3088	0.021104068
216781	1722	0.035641685
216781	6083	0.035641685
216781	2528	0.03564168
216781	79	0.035641678
216781	1143	0.035641678
216781	3564	0.035641678
216781	3917	0.035641678
216781	4369	0.035641678
216781	4900	0.035641678
216781	6391	0.035641678
216829	1722	0.0394938
216829	2528	0.0394938
216829	6083	0.0394938
216829	6391	0.0394938
216829	4900	0.039493795
216829	79	0.03949379
216829	105	0.03949379
216829	1143	0.03949379
216829	3564	0.03949379
216829	4369	0.03949379
216877	2528	0.028356139
216877	6083	0.028356139
216877	1722	0.028356137
216877	4369	0.028356135
216877	4900	0.028356135
216877	6391	0.028356135
216877	1143	0.028356133
216877	79	0.028356131
216877	105	0.028356131
216877	1557	0.028356131
216882	6083	0.031792194
216882	2528	0.03179219
216882	79	0.031792186
216882	1722	0.031792186
216882	3564	0.031792186
216882	4369	0.031792186
216882	4900	0.031792186
216882	6391	0.031792186
216882	105	0.031792182
216882	1143	0.031792182
216955	6083	0.029370286
216955	2528	0.029370284
216955	1722	0.029370282
216955	6391	0.029370282
216955	4369	0.02937028
216955	4900	0.02937028
216955	1143	0.029370278
216955	3564	0.029370278
216955	79	0.029370276
216955	105	0.029370276
216962	2528	0.029384408
216962	6083	0.029384408
216962	1722	0.029384406
216962	4900	0.029384404
216962	6391	0.029384404
216962	1143	0.029384403
216962	3564	0.029384403
216962	4369	0.029384403
216962	79	0.0293844
216962	105	0.0293844
217012	1722	0.026491784
217012	2528	0.026491784
217012	6083	0.026491784
217012	6391	0.026491782
217012	4369	0.02649178
217012	4900	0.02649178
217012	105	0.026491778
217012	1143	0.026491778
217012	3564	0.026491778
217012	79	0.026491776
217056	2528	0.025369342
217056	6083	0.025369342
217056	1722	0.02536934
217056	4369	0.025369339
217056	4900	0.025369339
217056	6391	0.025369339
217056	3564	0.025369337
217056	79	0.025369335
217056	105	0.025369335
217056	804	0.025369335
217106	2528	0.035164334
217106	6083	0.035164334
217106	1722	0.035164326
217106	4369	0.035164326
217106	4900	0.035164326
217106	6391	0.035164326
217106	105	0.035164323
217106	3564	0.035164323
217106	5896	0.035164323
217106	79	0.03516432
217107	2528	0.027145488
217107	6083	0.027145488
217107	1722	0.027145486
217107	4369	0.027145486
217107	4900	0.027145486
217107	6391	0.027145486
217107	79	0.027145483
217107	105	0.027145483
217107	1143	0.027145483
217107	3564	0.027145483
217121	2528	0.032916166
217121	4900	0.032916166
217121	6083	0.032916166
217121	6391	0.032916166
217121	1722	0.032916162
217121	79	0.03291616
217121	105	0.03291616
217121	1143	0.03291616
217121	3564	0.03291616
217121	3917	0.03291616
217270	6083	0.025131984
217270	1722	0.025131982
217270	2528	0.025131982
217270	4900	0.02513198
217270	6391	0.02513198
217270	1143	0.025131978
217270	3564	0.025131978
217270	4369	0.025131978
217270	79	0.025131976
217270	105	0.025131976
217318	1722	0.033184834
217318	2528	0.033184834
217318	4900	0.033184834
217318	6083	0.033184834
217318	6391	0.033184834
217318	79	0.033184826
217318	105	0.033184826
217318	804	0.033184826
217318	1143	0.033184826
217318	3088	0.033184826
217375	1722	0.039933436
217375	2528	0.039933436
217375	6083	0.039933436
217375	6391	0.039933436
217375	4900	0.039933432
217375	79	0.03993343
217375	105	0.03993343
217375	1143	0.03993343
217375	3564	0.03993343
217375	4369	0.03993343
217444	2528	0.028366627
217444	1722	0.028366625
217444	6083	0.028366625
217444	6391	0.028366625
217444	4369	0.028366623
217444	4900	0.028366623
217444	79	0.028366622
217444	3564	0.028366622
217444	1143	0.02836662
217444	105	0.028366618
217468	6083	0.026566356
217468	1722	0.026566355
217468	2528	0.026566355
217468	4369	0.026566353
217468	4900	0.026566353
217468	6391	0.026566353
217468	3564	0.02656635
217468	79	0.026566349
217468	105	0.026566349
217468	1143	0.026566349
217496	6083	0.028800197
217496	2528	0.028800195
217496	1722	0.028800193
217496	4369	0.028800193
217496	4900	0.028800193
217496	6391	0.028800193
217496	79	0.02880019
217496	1143	0.02880019
217496	3564	0.02880019
217496	105	0.028800188
217512	1722	0.026425246
217512	2528	0.026425246
217512	6083	0.026425246
217512	4369	0.026425242
217512	4900	0.026425242
217512	6391	0.026425242
217512	105	0.02642524
217512	1143	0.02642524
217512	3564	0.02642524
217512	3917	0.02642524
217513	2528	0.023728177
217513	6083	0.023728177
217513	1722	0.023728173
217513	4369	0.023728173
217513	4900	0.023728173
217513	6391	0.023728173
217513	1143	0.023728171
217513	3564	0.023728171
217513	79	0.02372817
217513	105	0.02372817
217516	6083	0.032144047
217516	1722	0.03214404
217516	2528	0.03214404
217516	4369	0.03214404
217516	4900	0.03214404
217516	6391	0.03214404
217516	1143	0.032144036
217516	3088	0.032144036
217516	3564	0.032144036
217516	79	0.032144032
217673	1722	0.020027284
217673	2528	0.020027284
217673	6083	0.020027284
217673	4900	0.020027282
217673	6391	0.020027282
217673	79	0.02002728
217673	105	0.02002728
217673	1143	0.02002728
217673	3564	0.02002728
217673	4369	0.02002728
217811	2528	0.029774431
217811	6083	0.029774431
217811	1722	0.029774427
217811	4900	0.029774427
217811	6391	0.029774427
217811	4369	0.029774426
217811	105	0.029774424
217811	1143	0.029774424
217811	3564	0.029774424
217811	79	0.029774422
217818	2528	0.03477579
217818	6083	0.03477579
217818	1143	0.034775786
217818	1722	0.034775786
217818	3564	0.034775786
217818	4369	0.034775786
217818	4900	0.034775786
217818	6391	0.034775786
217818	79	0.034775782
217818	105	0.034775782
217958	6083	0.02664341
217958	1722	0.026643407
217958	2528	0.026643407
217958	6391	0.026643407
217958	4900	0.026643405
217958	79	0.026643403
217958	1143	0.026643403
217958	3564	0.026643403
217958	4369	0.026643403
217958	105	0.026643401
217986	6083	0.042410225
217986	2528	0.04241022
217986	1722	0.042410217
217986	4369	0.042410217
217986	4900	0.042410217
217986	6391	0.042410217
217986	3564	0.042410214
217986	79	0.04241021
217986	105	0.04241021
217986	804	0.04241021
218068	6083	0.037345737
218068	2528	0.037345733
218068	1722	0.03734573
218068	4369	0.03734573
218068	4900	0.03734573
218068	6391	0.03734573
218068	1143	0.037345726
218068	3564	0.037345726
218068	3917	0.037345726
218068	79	0.037345722
218121	1722	0.036984213
218121	2528	0.036984213
218121	4900	0.036984213
218121	6083	0.036984213
218121	6391	0.03698421
218121	79	0.036984205
218121	105	0.036984205
218121	1143	0.036984205
218121	3564	0.036984205
218121	4369	0.036984205
218221	2528	0.03728871
218221	6083	0.03728871
218221	1722	0.037288707
218221	4369	0.037288703
218221	4900	0.037288703
218221	6391	0.037288703
218221	79	0.0372887
218221	105	0.0372887
218221	1143	0.0372887
218221	3088	0.0372887
218240	1722	0.033726647
218240	2528	0.033726647
218240	6083	0.033726647
218240	6391	0.033726647
218240	4369	0.033726644
218240	4900	0.033726644
218240	79	0.03372664
218240	105	0.03372664
218240	1143	0.03372664
218240	3088	0.03372664
218241	2528	0.02687568
218241	6083	0.02687568
218241	1722	0.026875678
218241	6391	0.026875678
218241	1143	0.026875677
218241	4900	0.026875677
218241	79	0.026875675
218241	3564	0.026875675
218241	4369	0.026875675
218241	5896	0.026875675
218286	6083	0.027018055
218286	1722	0.027018052
218286	2528	0.027018052
218286	4369	0.02701805
218286	4900	0.02701805
218286	6391	0.02701805
218286	105	0.027018048
218286	3564	0.027018048
218286	79	0.027018046
218286	1143	0.027018046
218379	6083	0.030405771
218379	2528	0.03040577
218379	1722	0.030405767
218379	4369	0.030405767
218379	6391	0.030405767
218379	4900	0.030405765
218379	79	0.030405764
218379	105	0.030405764
218379	1143	0.030405764
218379	3564	0.030405764
218411	6083	0.024876203
218411	1722	0.024876202
218411	2528	0.024876202
218411	4369	0.0248762
218411	4900	0.0248762
218411	6391	0.0248762
218411	3564	0.024876198
218411	79	0.024876196
218411	105	0.024876196
218411	1143	0.024876196
218514	6083	0.028964993
218514	2528	0.02896499
218514	1722	0.028964989
218514	4900	0.028964989
218514	6391	0.028964989
218514	4369	0.028964987
218514	79	0.028964985
218514	105	0.028964985
218514	1143	0.028964985
218514	3564	0.028964985
218552	6083	0.027527444
218552	2528	0.027527442
218552	1722	0.02752744
218552	6391	0.02752744
218552	4369	0.027527438
218552	4900	0.027527438
218552	79	0.027527437
218552	105	0.027527437
218552	1143	0.027527437
218552	3564	0.027527437
218568	2528	0.038507864
218568	6083	0.038507864
218568	1722	0.03850786
218568	79	0.038507856
218568	105	0.038507856
218568	1143	0.038507856
218568	3564	0.038507856
218568	4369	0.038507856
218568	4900	0.038507856
218568	6391	0.038507856
218608	6083	0.034966633
218608	2528	0.03496663
218608	1722	0.034966625
218608	4369	0.034966625
218608	4900	0.034966625
218608	6391	0.034966625
218608	1143	0.03496662
218608	3564	0.03496662
218608	79	0.034966618
218608	105	0.034966618
218615	2528	0.02857108
218615	6083	0.02857108
218615	1722	0.028571079
218615	6391	0.028571079
218615	79	0.028571077
218615	4369	0.028571077
218615	4900	0.028571077
218615	1143	0.028571075
218615	105	0.028571073
218615	3088	0.028571073
218636	6083	0.036200188
218636	1722	0.03620018
218636	2528	0.03620018
218636	4369	0.03620018
218636	4900	0.03620018
218636	6391	0.03620018
218636	1143	0.036200177
218636	79	0.036200173
218636	105	0.036200173
218636	804	0.036200173
218640	6083	0.031035218
218640	1722	0.031035217
218640	2528	0.031035217
218640	4900	0.031035215
218640	6391	0.031035215
218640	4369	0.031035213
218640	79	0.031035211
218640	105	0.031035211
218640	1143	0.031035211
218640	3564	0.031035211
218689	2528	0.030903164
218689	6083	0.030903164
218689	1722	0.030903162
218689	4369	0.03090316
218689	4900	0.03090316
218689	6391	0.03090316
218689	79	0.030903157
218689	105	0.030903157
218689	1143	0.030903157
218689	3564	0.030903157
218714	2528	0.039768763
218714	6083	0.039768763
218714	1722	0.03976876
218714	6391	0.03976876
218714	79	0.039768755
218714	1143	0.039768755
218714	3564	0.039768755
218714	4369	0.039768755
218714	4900	0.039768755
218714	105	0.03976875
218721	1722	0.032607384
218721	2528	0.032607384
218721	4900	0.032607384
218721	6083	0.032607384
218721	6391	0.032607384
218721	4369	0.03260738
218721	79	0.032607377
218721	105	0.032607377
218721	1143	0.032607377
218721	3088	0.032607377
218760	6083	0.026371311
218760	1722	0.026371308
218760	2528	0.026371308
218760	4900	0.026371308
218760	6391	0.026371308
218760	79	0.026371304
218760	3564	0.026371304
218760	4369	0.026371304
218760	105	0.026371302
218760	1143	0.026371302
218836	1722	0.024215098
218836	6083	0.024215098
218836	2528	0.024215097
218836	4369	0.024215095
218836	4900	0.024215095
218836	6391	0.024215095
218836	79	0.024215093
218836	1143	0.024215093
218836	3564	0.024215093
218836	105	0.024215091
218844	6083	0.027467703
218844	1722	0.027467702
218844	2528	0.027467702
218844	4900	0.027467702
218844	6391	0.027467702
218844	4369	0.0274677
218844	79	0.027467698
218844	1143	0.027467698
218844	3564	0.027467698
218844	105	0.027467696
218875	6083	0.03041114
218875	1722	0.030411135
218875	2528	0.030411135
218875	4900	0.030411135
218875	4369	0.030411134
218875	6391	0.030411134
218875	1143	0.030411132
218875	3564	0.030411132
218875	79	0.030411128
218875	105	0.030411128
218976	1722	0.026837688
218976	2528	0.026837688
218976	6083	0.026837688
218976	6391	0.026837686
218976	1143	0.026837684
218976	4369	0.026837684
218976	4900	0.026837684
218976	79	0.026837682
218976	3564	0.026837682
218976	3917	0.026837682
219008	2528	0.02922408
219008	6083	0.02922408
219008	6391	0.029224077
219008	1722	0.029224075
219008	4369	0.029224075
219008	4900	0.029224075
219008	1143	0.029224074
219008	3564	0.029224074
219008	79	0.029224072
219008	105	0.029224072
219035	6083	0.03161583
219035	1722	0.031615827
219035	2528	0.031615827
219035	6391	0.031615827
219035	79	0.031615824
219035	1143	0.031615824
219035	3564	0.031615824
219035	4369	0.031615824
219035	4900	0.031615824
219035	105	0.03161582
219065	6083	0.026985096
219065	1722	0.026985094
219065	2528	0.026985094
219065	6391	0.026985094
219065	4369	0.026985092
219065	4900	0.026985092
219065	105	0.02698509
219065	1143	0.02698509
219065	3564	0.02698509
219065	79	0.026985088
219149	6083	0.018279413
219149	1722	0.01827941
219149	2528	0.01827941
219149	4369	0.01827941
219149	4900	0.01827941
219149	6391	0.018279409
219149	79	0.018279407
219149	105	0.018279407
219149	1143	0.018279407
219149	1557	0.018279407
219208	2528	0.030386632
219208	6083	0.030386632
219208	1722	0.03038663
219208	6391	0.03038663
219208	4900	0.030386629
219208	3564	0.030386627
219208	4369	0.030386627
219208	79	0.030386625
219208	105	0.030386625
219208	1143	0.030386625
219209	2528	0.032235693
219209	1722	0.03223569
219209	4900	0.03223569
219209	6083	0.03223569
219209	6391	0.03223569
219209	79	0.032235686
219209	1143	0.032235686
219209	3564	0.032235686
219209	4369	0.032235686
219209	105	0.032235682
219278	1722	0.039793275
219278	2528	0.039793275
219278	6083	0.039793275
219278	6391	0.039793275
219278	4900	0.03979327
219278	79	0.039793268
219278	105	0.039793268
219278	1143	0.039793268
219278	3564	0.039793268
219278	3917	0.039793268
219301	2528	0.031592444
219301	6083	0.03159244
219301	1722	0.031592436
219301	4369	0.031592436
219301	4900	0.031592436
219301	6391	0.031592436
219301	79	0.031592432
219301	105	0.031592432
219301	1143	0.031592432
219301	3564	0.031592432
219321	2528	0.054714106
219321	6083	0.054714106
219321	1722	0.054714102
219321	4369	0.0547141
219321	4900	0.0547141
219321	6391	0.0547141
219321	1143	0.054714095
219321	3564	0.054714095
219321	79	0.05471409
219321	105	0.05471409
219353	6083	0.026152082
219353	1722	0.026152078
219353	2528	0.026152078
219353	4369	0.026152078
219353	4900	0.026152078
219353	6391	0.026152078
219353	3564	0.026152076
219353	79	0.026152074
219353	105	0.026152074
219353	1143	0.026152074
219387	1722	0.030647032
219387	2528	0.030647032
219387	6083	0.030647032
219387	4369	0.030647028
219387	6391	0.030647028
219387	3564	0.030647026
219387	4900	0.030647026
219387	79	0.030647025
219387	105	0.030647025
219387	1143	0.030647025
219420	2528	0.025227591
219420	6083	0.025227591
219420	1722	0.02522759
219420	4369	0.025227588
219420	4900	0.025227588
219420	6391	0.025227588
219420	1143	0.025227586
219420	3564	0.025227586
219420	79	0.025227584
219420	105	0.025227584
219530	1722	0.030110214
219530	2528	0.030110214
219530	6083	0.030110212
219530	4369	0.03011021
219530	4900	0.03011021
219530	6391	0.03011021
219530	1143	0.030110208
219530	79	0.030110206
219530	3564	0.030110206
219530	105	0.030110205
219546	1722	0.027544055
219546	2528	0.027544055
219546	6083	0.027544055
219546	6391	0.027544053
219546	4369	0.027544051
219546	4900	0.027544051
219546	79	0.02754405
219546	1143	0.02754405
219546	3564	0.02754405
219546	105	0.027544048
219593	2528	0.034256
219593	6083	0.034256
219593	1722	0.034255996
219593	4369	0.034255996
219593	4900	0.034255996
219593	6391	0.034255996
219593	79	0.03425599
219593	105	0.03425599
219593	1143	0.03425599
219593	1557	0.03425599
219597	1722	0.028787661
219597	2528	0.028787661
219597	6083	0.028787661
219597	6391	0.02878766
219597	1143	0.028787658
219597	4369	0.028787658
219597	4900	0.028787658
219597	79	0.028787656
219597	3564	0.028787656
219597	105	0.028787654
219671	6083	0.025243431
219671	1722	0.025243428
219671	2528	0.025243428
219671	4900	0.025243428
219671	4369	0.025243426
219671	6391	0.025243426
219671	79	0.025243424
219671	1143	0.025243424
219671	3564	0.025243424
219671	105	0.025243422
219683	1722	0.046244256
219683	2528	0.046244256
219683	6083	0.046244256
219683	4369	0.046244252
219683	4900	0.046244252
219683	6391	0.046244252
219683	79	0.04624425
219683	105	0.04624425
219683	1143	0.04624425
219683	3564	0.04624425
219921	2528	0.025670845
219921	6083	0.025670843
219921	1722	0.025670841
219921	4369	0.025670841
219921	4900	0.025670841
219921	6391	0.025670841
219921	79	0.025670838
219921	1143	0.025670838
219921	3564	0.025670838
219921	105	0.025670836
219924	2528	0.033099823
219924	6083	0.033099823
219924	6391	0.033099823
219924	1722	0.03309982
219924	4369	0.03309982
219924	4900	0.03309982
219924	79	0.033099815
219924	105	0.033099815
219924	1143	0.033099815
219924	3564	0.033099815
219949	2528	0.033212747
219949	6083	0.033212747
219949	1143	0.033212744
219949	1722	0.033212744
219949	4369	0.033212744
219949	4900	0.033212744
219949	6391	0.033212744
219949	3564	0.03321274
219949	79	0.033212736
219949	105	0.033212736
219951	1722	0.033755258
219951	2528	0.033755258
219951	6083	0.033755258
219951	4369	0.033755254
219951	6391	0.033755254
219951	79	0.03375525
219951	105	0.03375525
219951	1143	0.03375525
219951	3564	0.03375525
219951	3917	0.03375525
219955	2528	0.028436825
219955	6083	0.028436823
219955	1722	0.028436821
219955	4900	0.028436821
219955	6391	0.02843682
219955	1143	0.028436817
219955	4369	0.028436817
219955	79	0.028436815
219955	105	0.028436815
219955	3564	0.028436815
219974	6083	0.02991515
219974	1722	0.029915147
219974	2528	0.029915147
219974	6391	0.029915147
219974	4369	0.029915145
219974	4900	0.029915145
219974	3564	0.029915143
219974	79	0.029915141
219974	1143	0.029915141
219974	105	0.02991514
220091	6083	0.02439617
220091	2528	0.024396168
220091	1722	0.024396166
220091	4900	0.024396166
220091	6391	0.024396166
220091	4369	0.024396164
220091	79	0.024396162
220091	105	0.024396162
220091	1143	0.024396162
220091	3564	0.024396162
220095	6083	0.030645829
220095	2528	0.030645827
220095	1722	0.030645825
220095	4900	0.030645825
220095	6391	0.030645825
220095	4369	0.030645823
220095	79	0.030645821
220095	1143	0.030645821
220095	3564	0.030645821
220095	105	0.030645818
220122	6083	0.030266829
220122	1722	0.030266825
220122	2528	0.030266825
220122	6391	0.030266825
220122	4900	0.030266823
220122	1143	0.030266821
220122	3564	0.030266821
220122	4369	0.030266821
220122	79	0.030266818
220122	105	0.030266818
220240	6083	0.04111086
220240	2528	0.041110855
220240	1722	0.04111085
220240	4369	0.04111085
220240	4900	0.04111085
220240	6391	0.04111085
220240	79	0.041110843
220240	105	0.041110843
220240	804	0.041110843
220240	1143	0.041110843
220278	1722	0.023843642
220278	2528	0.023843642
220278	6083	0.023843642
220278	4900	0.02384364
220278	6391	0.02384364
220278	1143	0.023843639
220278	4369	0.023843639
220278	79	0.023843637
220278	105	0.023843637
220278	3564	0.023843637
220314	1722	0.032674834
220314	2528	0.032674834
220314	6083	0.032674834
220314	4900	0.03267483
220314	6391	0.03267483
220314	79	0.032674827
220314	105	0.032674827
220314	1143	0.032674827
220314	3564	0.032674827
220314	4369	0.032674827
220399	6083	0.019458978
220399	1722	0.019458976
220399	2528	0.019458976
220399	4900	0.019458976
220399	6391	0.019458976
220399	3564	0.019458974
220399	4369	0.019458974
220399	79	0.019458972
220399	105	0.019458972
220399	1143	0.019458972
220484	6083	0.025537724
220484	1722	0.025537722
220484	2528	0.025537722
220484	6391	0.025537722
220484	4369	0.02553772
220484	4900	0.02553772
220484	79	0.025537718
220484	105	0.025537718
220484	1143	0.025537718
220484	3564	0.025537718
220586	1722	0.033561207
220586	2528	0.033561207
220586	6083	0.033561207
220586	4900	0.033561204
220586	6391	0.033561204
220586	3564	0.0335612
220586	4369	0.0335612
220586	79	0.033561196
220586	105	0.033561196
220586	1143	0.033561196
220597	1722	0.039995164
220597	2528	0.039995164
220597	6083	0.039995164
220597	4900	0.03999516
220597	6391	0.03999516
220597	79	0.039995156
220597	1143	0.039995156
220597	4369	0.039995156
220597	105	0.039995153
220597	3088	0.039995153
220608	6083	0.03323602
220608	1722	0.033236016
220608	2528	0.033236016
220608	6391	0.033236016
220608	105	0.033236012
220608	1143	0.033236012
220608	3564	0.033236012
220608	4369	0.033236012
220608	4900	0.033236012
220608	79	0.03323601
220635	6083	0.020769091
220635	1722	0.02076909
220635	2528	0.02076909
220635	4900	0.02076909
220635	6391	0.02076909
220635	4369	0.020769088
220635	79	0.020769086
220635	105	0.020769086
220635	3088	0.020769086
220635	3564	0.020769086
220664	2528	0.027395528
220664	6083	0.027395528
220664	1722	0.027395524
220664	4369	0.027395524
220664	4900	0.027395524
220664	6391	0.027395524
220664	79	0.027395522
220664	1143	0.027395522
220664	105	0.02739552
220664	3564	0.02739552
220688	6083	0.032539297
220688	1722	0.032539293
220688	2528	0.032539293
220688	4900	0.032539293
220688	6391	0.032539293
220688	3564	0.03253929
220688	4369	0.03253929
220688	79	0.032539286
220688	105	0.032539286
220688	804	0.032539286
220759	1722	0.032851227
220759	2528	0.032851227
220759	6083	0.032851227
220759	6391	0.032851227
220759	4369	0.032851223
220759	4900	0.032851223
220759	79	0.03285122
220759	105	0.03285122
220759	1143	0.03285122
220759	1557	0.03285122
220867	2528	0.031053707
220867	6083	0.031053707
220867	6391	0.031053705
220867	1722	0.031053703
220867	4369	0.031053703
220867	4900	0.031053703
220867	79	0.0310537
220867	105	0.0310537
220867	1143	0.0310537
220867	3088	0.0310537
220892	6083	0.02861708
220892	1722	0.028617078
220892	2528	0.028617078
220892	4369	0.028617077
220892	4900	0.028617077
220892	6391	0.028617077
220892	79	0.028617073
220892	105	0.028617073
220892	1143	0.028617073
220892	3564	0.028617073
220911	1722	0.0231532
220911	2528	0.0231532
220911	6083	0.0231532
220911	79	0.023153197
220911	105	0.023153197
220911	1143	0.023153197
220911	3564	0.023153197
220911	4369	0.023153197
220911	4900	0.023153197
220911	6391	0.023153197
220931	6083	0.02389247
220931	2528	0.023892468
220931	1722	0.023892466
220931	4369	0.023892466
220931	4900	0.023892466
220931	6391	0.023892466
220931	3564	0.023892464
220931	79	0.023892462
220931	105	0.023892462
220931	1143	0.023892462
220945	2528	0.021633765
220945	6083	0.021633763
220945	6391	0.021633763
220945	1722	0.021633761
220945	4369	0.021633761
220945	4900	0.021633761
220945	79	0.02163376
220945	105	0.02163376
220945	1143	0.02163376
220945	3564	0.02163376
221008	1722	0.037523784
221008	2528	0.037523784
221008	6083	0.037523784
221008	4369	0.03752378
221008	4900	0.03752378
221008	6391	0.03752378
221008	79	0.037523776
221008	105	0.037523776
221008	1143	0.037523776
221008	3564	0.037523776
221040	1722	0.035163246
221040	2528	0.035163246
221040	6083	0.035163246
221040	6391	0.035163246
221040	4369	0.035163242
221040	4900	0.035163242
221040	79	0.03516324
221040	105	0.03516324
221040	1143	0.03516324
221040	3564	0.03516324
221050	6083	0.028215501
221050	2528	0.0282155
221050	1722	0.028215498
221050	6391	0.028215498
221050	4369	0.028215496
221050	4900	0.028215496
221050	79	0.028215494
221050	1143	0.028215494
221050	3564	0.028215494
221050	5896	0.028215494
221186	6083	0.021901296
221186	2528	0.021901295
221186	1722	0.021901293
221186	6391	0.021901293
221186	79	0.02190129
221186	1143	0.02190129
221186	3564	0.02190129
221186	4369	0.02190129
221186	4900	0.02190129
221186	105	0.021901289
221232	1722	0.038664058
221232	2528	0.038664058
221232	6083	0.038664058
221232	4900	0.038664054
221232	6391	0.038664054
221232	1143	0.03866405
221232	3564	0.03866405
221232	4369	0.03866405
221232	79	0.038664047
221232	105	0.038664047
221309	2528	0.029177766
221309	6083	0.029177766
221309	1722	0.029177764
221309	4900	0.029177763
221309	6391	0.029177763
221309	4369	0.02917776
221309	79	0.029177759
221309	105	0.029177759
221309	1143	0.029177759
221309	3564	0.029177759
221327	2528	0.028121326
221327	6083	0.028121326
221327	6391	0.028121326
221327	1722	0.028121324
221327	4369	0.028121322
221327	4900	0.028121322
221327	1143	0.02812132
221327	3564	0.02812132
221327	79	0.028121319
221327	105	0.028121319
221368	6083	0.031810705
221368	1722	0.0318107
221368	2528	0.0318107
221368	4369	0.0318107
221368	4900	0.0318107
221368	6391	0.0318107
221368	79	0.031810697
221368	105	0.031810697
221368	1143	0.031810697
221368	3564	0.031810697
221445	2528	0.037363105
221445	6083	0.037363105
221445	1722	0.037363097
221445	3564	0.037363097
221445	4369	0.037363097
221445	4900	0.037363097
221445	6391	0.037363097
221445	79	0.037363093
221445	1143	0.037363093
221445	5896	0.037363093
221510	6083	0.03298008
221510	1143	0.032980077
221510	1722	0.032980077
221510	2528	0.032980077
221510	4900	0.032980077
221510	6391	0.032980077
221510	79	0.032980073
221510	4369	0.032980073
221510	105	0.03298007
221510	804	0.03298007
221543	1722	0.02950731
221543	2528	0.02950731
221543	6083	0.02950731
221543	4369	0.029507305
221543	4900	0.029507305
221543	6391	0.029507305
221543	79	0.029507304
221543	105	0.029507302
221543	1143	0.029507302
221543	1557	0.029507302
221557	1722	0.03438959
221557	2528	0.03438959
221557	6083	0.03438959
221557	1143	0.034389585
221557	3564	0.034389585
221557	4369	0.034389585
221557	4900	0.034389585
221557	6391	0.034389585
221557	79	0.03438958
221557	105	0.034389578
221655	1722	0.03887464
221655	2528	0.03887464
221655	4900	0.03887464
221655	6083	0.03887464
221655	6391	0.03887464
221655	79	0.038874634
221655	105	0.038874634
221655	1143	0.038874634
221655	3088	0.038874634
221655	3564	0.038874634
221672	6083	0.022744512
221672	1722	0.02274451
221672	2528	0.02274451
221672	4900	0.02274451
221672	6391	0.02274451
221672	4369	0.022744508
221672	79	0.022744507
221672	105	0.022744507
221672	1143	0.022744507
221672	3564	0.022744507
221681	2528	0.028455917
221681	6083	0.028455917
221681	1722	0.028455913
221681	4369	0.028455913
221681	4900	0.028455913
221681	6391	0.028455913
221681	1143	0.028455911
221681	3564	0.028455911
221681	105	0.02845591
221681	3917	0.02845591
221687	6083	0.030640794
221687	1722	0.030640792
221687	2528	0.030640792
221687	4900	0.03064079
221687	6391	0.03064079
221687	1143	0.030640788
221687	3564	0.030640788
221687	4369	0.030640788
221687	79	0.030640787
221687	105	0.030640785
221705	1722	0.03154462
221705	2528	0.03154462
221705	6083	0.03154462
221705	4900	0.031544615
221705	79	0.03154461
221705	105	0.03154461
221705	1143	0.03154461
221705	3564	0.03154461
221705	3917	0.03154461
221705	4369	0.03154461
221732	2528	0.04111304
221732	6083	0.04111304
221732	1722	0.041113034
221732	4369	0.041113034
221732	4900	0.041113034
221732	6391	0.041113034
221732	79	0.04111303
221732	1143	0.04111303
221732	3564	0.04111303
221732	105	0.041113026
221753	2528	0.026658438
221753	6083	0.026658438
221753	1722	0.026658436
221753	4369	0.026658434
221753	4900	0.026658434
221753	6391	0.026658434
221753	3564	0.026658433
221753	79	0.02665843
221753	105	0.02665843
221753	1143	0.02665843
221777	2528	0.025885781
221777	6083	0.025885781
221777	1722	0.02588578
221777	6391	0.02588578
221777	4369	0.025885778
221777	79	0.025885776
221777	1143	0.025885776
221777	3564	0.025885776
221777	4900	0.025885776
221777	105	0.025885774
221870	6083	0.028243711
221870	2528	0.02824371
221870	1722	0.028243707
221870	4369	0.028243706
221870	4900	0.028243706
221870	6391	0.028243706
221870	3564	0.028243704
221870	79	0.028243702
221870	105	0.028243702
221870	1143	0.028243702
221948	2528	0.037653014
221948	6083	0.037653014
221948	1722	0.03765301
221948	4369	0.037653007
221948	4900	0.037653007
221948	6391	0.037653007
221948	1143	0.037653003
221948	3564	0.037653003
221948	79	0.037653
221948	105	0.037653
221967	2528	0.02490923
221967	1722	0.024909228
221967	6083	0.024909228
221967	6391	0.024909228
221967	4900	0.024909226
221967	79	0.024909224
221967	1143	0.024909224
221967	3564	0.024909224
221967	4369	0.024909224
221967	105	0.024909222
222034	1722	0.0358861
222034	2528	0.0358861
222034	6083	0.0358861
222034	3564	0.035886098
222034	4369	0.035886098
222034	4900	0.035886098
222034	6391	0.035886098
222034	79	0.035886094
222034	105	0.035886094
222034	1143	0.035886094
222035	2528	0.038092576
222035	6083	0.038092576
222035	1722	0.038092572
222035	1143	0.03809257
222035	3564	0.03809257
222035	4369	0.03809257
222035	4900	0.03809257
222035	6391	0.03809257
222035	79	0.038092565
222035	105	0.038092565
222050	1722	0.029653076
222050	2528	0.029653076
222050	6083	0.029653076
222050	4369	0.029653072
222050	4900	0.029653072
222050	6391	0.029653072
222050	79	0.02965307
222050	1143	0.02965307
222050	3564	0.02965307
222050	105	0.029653069
222152	6083	0.026722008
222152	1722	0.026722006
222152	2528	0.026722006
222152	6391	0.026722006
222152	4369	0.026722005
222152	4900	0.026722005
222152	3564	0.026722003
222152	79	0.026722
222152	1143	0.026722
222152	105	0.026721999
222204	6083	0.033306703
222204	2528	0.0333067
222204	79	0.033306696
222204	105	0.033306696
222204	1143	0.033306696
222204	1722	0.033306696
222204	4900	0.033306696
222204	6391	0.033306696
222204	3088	0.03330669
222204	3564	0.03330669
222210	1722	0.027281389
222210	2528	0.027281389
222210	6083	0.027281389
222210	6391	0.027281389
222210	4369	0.027281387
222210	3564	0.027281385
222210	4900	0.027281385
222210	105	0.027281383
222210	1143	0.027281383
222210	79	0.027281381
222220	6083	0.040817402
222220	2528	0.0408174
222220	1722	0.040817395
222220	4369	0.040817395
222220	4900	0.040817395
222220	6391	0.040817395
222220	79	0.04081739
222220	105	0.04081739
222220	1143	0.04081739
222220	3564	0.04081739
222296	2528	0.028615668
222296	6083	0.028615668
222296	1722	0.028615665
222296	4369	0.028615665
222296	4900	0.028615665
222296	6391	0.028615665
222296	1143	0.028615661
222296	3564	0.028615661
222296	79	0.02861566
222296	105	0.02861566
222353	2528	0.02967101
222353	6083	0.02967101
222353	1722	0.029671008
222353	4900	0.029671008
222353	6391	0.029671008
222353	4369	0.029671006
222353	1143	0.029671004
222353	79	0.029671002
222353	105	0.029671002
222353	3564	0.029671002
222372	2528	0.02670669
222372	6083	0.02670669
222372	1722	0.026706688
222372	4369	0.026706688
222372	4900	0.026706688
222372	6391	0.026706688
222372	105	0.026706684
222372	1143	0.026706684
222372	3564	0.026706684
222372	79	0.026706683
222488	6083	0.027635312
222488	1722	0.02763531
222488	2528	0.02763531
222488	6391	0.027635308
222488	1143	0.027635306
222488	3564	0.027635306
222488	4369	0.027635306
222488	4900	0.027635306
222488	79	0.027635304
222488	105	0.027635304
222492	6083	0.028916223
222492	1722	0.028916221
222492	2528	0.028916221
222492	4900	0.02891622
222492	6391	0.02891622
222492	3564	0.028916217
222492	4369	0.028916217
222492	1143	0.028916216
222492	79	0.028916214
222492	105	0.028916214
222501	6083	0.024510518
222501	1722	0.024510516
222501	2528	0.024510516
222501	4369	0.024510514
222501	4900	0.024510514
222501	6391	0.024510514
222501	1143	0.024510512
222501	3564	0.024510512
222501	79	0.02451051
222501	105	0.02451051
222506	6083	0.03125557
222506	1722	0.031255566
222506	2528	0.031255566
222506	4369	0.031255566
222506	4900	0.031255566
222506	6391	0.031255566
222506	3564	0.03125556
222506	79	0.031255558
222506	105	0.031255558
222506	804	0.031255558
222563	6083	0.032356925
222563	1722	0.032356918
222563	2528	0.032356918
222563	3564	0.032356918
222563	4369	0.032356918
222563	4900	0.032356918
222563	6391	0.032356918
222563	79	0.032356914
222563	5896	0.032356914
222563	105	0.03235691
222614	1722	0.03298621
222614	2528	0.03298621
222614	4369	0.03298621
222614	6083	0.03298621
222614	6391	0.03298621
222614	3564	0.032986205
222614	4900	0.032986205
222614	79	0.0329862
222614	105	0.0329862
222614	1143	0.0329862
222677	2528	0.032014497
222677	6083	0.032014497
222677	1722	0.032014493
222677	4369	0.032014493
222677	6391	0.032014493
222677	79	0.03201449
222677	105	0.03201449
222677	1143	0.03201449
222677	3088	0.03201449
222677	3564	0.03201449
222688	6083	0.025108717
222688	2528	0.025108716
222688	1722	0.025108714
222688	4369	0.025108714
222688	4900	0.025108714
222688	6391	0.025108714
222688	79	0.02510871
222688	105	0.02510871
222688	1143	0.02510871
222688	3564	0.02510871
222716	2528	0.02299682
222716	6083	0.02299682
222716	1722	0.022996819
222716	3564	0.022996817
222716	4369	0.022996817
222716	4900	0.022996817
222716	79	0.022996815
222716	1143	0.022996815
222716	105	0.022996813
222716	804	0.022996813
222743	6083	0.027911788
222743	1722	0.027911786
222743	2528	0.027911786
222743	6391	0.027911784
222743	4369	0.027911782
222743	4900	0.027911782
222743	79	0.02791178
222743	1143	0.02791178
222743	3564	0.02791178
222743	105	0.027911779
222788	6083	0.027478993
222788	2528	0.027478991
222788	1722	0.02747899
222788	6391	0.02747899
222788	4369	0.027478987
222788	4900	0.027478987
222788	3564	0.027478985
222788	79	0.027478984
222788	1143	0.027478984
222788	105	0.027478982
222941	1722	0.036937326
222941	2528	0.036937326
222941	4369	0.036937326
222941	4900	0.036937326
222941	6083	0.036937326
222941	6391	0.036937326
222941	3564	0.036937322
222941	79	0.03693732
222941	105	0.03693732
222941	804	0.03693732
223066	2528	0.029128179
223066	6083	0.029128179
223066	6391	0.029128177
223066	1722	0.029128175
223066	4369	0.029128175
223066	4900	0.029128175
223066	79	0.029128172
223066	105	0.029128172
223066	1143	0.029128172
223066	3564	0.029128172
223078	2528	0.027833652
223078	6083	0.027833652
223078	1722	0.02783365
223078	4369	0.027833648
223078	4900	0.027833648
223078	6391	0.027833648
223078	3564	0.027833646
223078	79	0.027833644
223078	105	0.027833644
223078	1143	0.027833644
223087	2528	0.022820838
223087	6083	0.022820838
223087	1722	0.022820836
223087	4900	0.022820834
223087	6391	0.022820834
223087	1143	0.022820832
223087	4369	0.022820832
223087	79	0.02282083
223087	105	0.02282083
223087	3088	0.02282083
223132	1722	0.0281282
223132	2528	0.0281282
223132	6083	0.0281282
223132	4369	0.028128196
223132	4900	0.028128196
223132	6391	0.028128196
223132	79	0.028128194
223132	105	0.028128194
223132	1143	0.028128194
223132	3564	0.028128194
223154	1722	0.030719828
223154	2528	0.030719828
223154	6083	0.030719828
223154	1143	0.030719824
223154	4369	0.030719824
223154	4900	0.030719824
223154	6391	0.030719824
223154	3564	0.030719822
223154	79	0.03071982
223154	105	0.03071982
223156	1722	0.034017183
223156	2528	0.034017183
223156	4900	0.034017183
223156	6083	0.034017183
223156	6391	0.034017183
223156	79	0.034017175
223156	105	0.034017175
223156	804	0.034017175
223156	1143	0.034017175
223156	3088	0.034017175
223190	6083	0.03063299
223190	2528	0.030632988
223190	1722	0.030632986
223190	6391	0.030632986
223190	3564	0.030632984
223190	4369	0.030632984
223190	4900	0.030632984
223190	79	0.030632982
223190	1143	0.030632982
223190	105	0.03063298
223201	1722	0.03856609
223201	2528	0.03856609
223201	6083	0.03856609
223201	6391	0.038566086
223201	105	0.038566083
223201	1143	0.038566083
223201	3564	0.038566083
223201	4369	0.038566083
223201	4900	0.038566083
223201	79	0.03856608
223210	6083	0.027566861
223210	2528	0.027566858
223210	6391	0.027566858
223210	1722	0.027566856
223210	4369	0.027566856
223210	4900	0.027566856
223210	1143	0.027566854
223210	3564	0.027566854
223210	79	0.027566852
223210	105	0.027566852
223231	2528	0.036130372
223231	6083	0.036130372
223231	1722	0.03613037
223231	4369	0.03613037
223231	4900	0.03613037
223231	6391	0.03613037
223231	1143	0.036130365
223231	3564	0.036130365
223231	79	0.03613036
223231	105	0.03613036
223238	2528	0.031377487
223238	6083	0.031377487
223238	1722	0.031377483
223238	4369	0.031377483
223238	4900	0.031377483
223238	6391	0.031377483
223238	79	0.03137748
223238	105	0.03137748
223238	1143	0.03137748
223238	3564	0.03137748
223253	6083	0.027546734
223253	1722	0.027546732
223253	2528	0.027546732
223253	4369	0.02754673
223253	4900	0.02754673
223253	6391	0.02754673
223253	1143	0.027546728
223253	79	0.027546726
223253	105	0.027546726
223253	3088	0.027546726
223325	2528	0.027048737
223325	6083	0.027048737
223325	1722	0.027048735
223325	6391	0.027048735
223325	4369	0.027048733
223325	4900	0.027048733
223325	79	0.027048731
223325	1143	0.027048731
223325	3564	0.027048731
223325	105	0.02704873
223402	6083	0.023305451
223402	1722	0.02330545
223402	2528	0.02330545
223402	4900	0.02330545
223402	6391	0.02330545
223402	4369	0.023305448
223402	79	0.023305446
223402	105	0.023305446
223402	1143	0.023305446
223402	3564	0.023305446
223431	6083	0.041475024
223431	1722	0.04147502
223431	2528	0.04147502
223431	4369	0.04147502
223431	4900	0.04147502
223431	6391	0.04147502
223431	1143	0.041475017
223431	79	0.041475013
223431	105	0.041475013
223431	804	0.041475013
223438	1722	0.031701
223438	2528	0.031701
223438	6083	0.031700995
223438	79	0.03170099
223438	1143	0.03170099
223438	4369	0.03170099
223438	4900	0.03170099
223438	6391	0.03170099
223438	105	0.031700987
223438	3564	0.031700987
223454	2528	0.030217309
223454	6083	0.030217309
223454	1722	0.030217307
223454	4369	0.030217305
223454	4900	0.030217305
223454	6391	0.030217305
223454	79	0.030217301
223454	105	0.030217301
223454	1143	0.030217301
223454	3564	0.030217301
223455	6083	0.030808581
223455	2528	0.03080858
223455	1722	0.030808575
223455	4369	0.030808575
223455	4900	0.030808575
223455	6391	0.030808575
223455	79	0.030808572
223455	3564	0.030808572
223455	105	0.03080857
223455	1143	0.03080857
223461	2528	0.027392097
223461	6083	0.027392097
223461	1722	0.027392095
223461	6391	0.027392095
223461	4369	0.027392093
223461	4900	0.027392093
223461	79	0.02739209
223461	105	0.02739209
223461	1143	0.02739209
223461	3088	0.02739209
223501	6083	0.030191867
223501	2528	0.030191865
223501	1722	0.030191863
223501	6391	0.030191863
223501	4369	0.030191861
223501	4900	0.030191861
223501	3564	0.03019186
223501	79	0.030191857
223501	105	0.030191857
223501	1143	0.030191857
223530	2528	0.027975906
223530	6083	0.027975906
223530	1722	0.027975902
223530	4369	0.027975902
223530	4900	0.027975902
223530	6391	0.027975902
223530	79	0.027975898
223530	105	0.027975898
223530	1143	0.027975898
223530	3564	0.027975898
223554	2528	0.021874655
223554	6083	0.021874655
223554	1722	0.021874653
223554	79	0.021874651
223554	1143	0.021874651
223554	3564	0.021874651
223554	4369	0.021874651
223554	4900	0.021874651
223554	6391	0.021874651
223554	105	0.02187465
223566	6083	0.03320307
223566	1143	0.033203065
223566	1722	0.033203065
223566	2528	0.033203065
223566	4369	0.033203065
223566	4900	0.033203065
223566	6391	0.033203065
223566	3564	0.03320306
223566	79	0.033203058
223566	105	0.033203058
223587	6083	0.03413646
223587	6391	0.03413646
223587	1722	0.034136456
223587	2528	0.034136456
223587	4900	0.034136456
223587	79	0.03413645
223587	105	0.03413645
223587	1143	0.03413645
223587	3088	0.03413645
223587	3564	0.03413645
223608	2528	0.025168188
223608	6083	0.025168188
223608	1722	0.025168184
223608	4369	0.025168184
223608	4900	0.025168184
223608	6391	0.025168184
223608	3564	0.025168182
223608	79	0.02516818
223608	105	0.02516818
223608	1143	0.02516818
223644	6083	0.044623762
223644	2528	0.04462376
223644	1722	0.044623755
223644	4369	0.044623755
223644	4900	0.044623755
223644	6391	0.044623755
223644	3564	0.04462375
223644	79	0.044623747
223644	105	0.044623747
223644	1143	0.044623747
223714	6083	0.01913646
223714	1722	0.019136459
223714	2528	0.019136459
223714	6391	0.019136459
223714	4900	0.019136457
223714	79	0.019136455
223714	105	0.019136455
223714	1143	0.019136455
223714	3564	0.019136455
223714	4369	0.019136455
223721	2528	0.031561553
223721	1722	0.03156155
223721	6083	0.03156155
223721	1143	0.031561546
223721	4369	0.031561546
223721	4900	0.031561546
223721	5896	0.031561546
223721	6391	0.031561546
223721	79	0.031561542
223721	105	0.031561542
223768	6083	0.033749323
223768	1722	0.03374932
223768	2528	0.03374932
223768	4900	0.03374932
223768	6391	0.03374932
223768	4369	0.033749316
223768	79	0.033749312
223768	105	0.033749312
223768	804	0.033749312
223768	1143	0.033749312
223787	6083	0.027742974
223787	1722	0.02774297
223787	2528	0.02774297
223787	4900	0.02774297
223787	6391	0.02774297
223787	4369	0.027742969
223787	79	0.027742967
223787	1143	0.027742967
223787	3564	0.027742967
223787	105	0.027742965
223814	6083	0.035428748
223814	2528	0.035428744
223814	1143	0.03542874
223814	1722	0.03542874
223814	4369	0.03542874
223814	4900	0.03542874
223814	6391	0.03542874
223814	79	0.035428736
223814	3564	0.035428736
223814	105	0.035428733
223816	6083	0.028255573
223816	1722	0.02825557
223816	2528	0.02825557
223816	6391	0.028255569
223816	4369	0.028255567
223816	4900	0.028255567
223816	79	0.028255565
223816	1143	0.028255565
223816	3564	0.028255565
223816	105	0.028255563
223872	2528	0.03260678
223872	6083	0.03260678
223872	1722	0.032606777
223872	4900	0.032606777
223872	105	0.032606773
223872	1143	0.032606773
223872	3564	0.032606773
223872	4369	0.032606773
223872	5896	0.032606773
223872	6391	0.032606773
223879	6083	0.025297252
223879	1722	0.02529725
223879	2528	0.02529725
223879	4369	0.025297249
223879	6391	0.025297249
223879	1143	0.025297247
223879	3564	0.025297247
223879	4900	0.025297247
223879	79	0.025297245
223879	3088	0.025297245
223892	6083	0.025308084
223892	2528	0.025308082
223892	1722	0.02530808
223892	4369	0.025308078
223892	4900	0.025308078
223892	6391	0.025308078
223892	79	0.025308076
223892	1143	0.025308076
223892	3564	0.025308076
223892	105	0.025308074
223927	6083	0.03603059
223927	2528	0.036030587
223927	1722	0.036030583
223927	4369	0.036030583
223927	4900	0.036030583
223927	6391	0.036030583
223927	105	0.03603058
223927	3564	0.03603058
223927	3917	0.03603058
223927	79	0.036030576
223953	2528	0.029040482
223953	6083	0.029040482
223953	6391	0.02904048
223953	1722	0.029040478
223953	4369	0.029040478
223953	4900	0.029040478
223953	79	0.029040474
223953	105	0.029040474
223953	1143	0.029040474
223953	3564	0.029040474
223954	2528	0.02737391
223954	4900	0.02737391
223954	6083	0.02737391
223954	1722	0.027373908
223954	79	0.027373906
223954	1143	0.027373906
223954	4369	0.027373906
223954	6391	0.027373906
223954	3564	0.027373904
223954	105	0.027373902
223977	6083	0.0290904
223977	1722	0.029090397
223977	2528	0.029090397
223977	4900	0.029090397
223977	6391	0.029090397
223977	4369	0.029090395
223977	79	0.029090393
223977	105	0.029090393
223977	1143	0.029090393
223977	3564	0.029090393
224122	1722	0.024188641
224122	2528	0.024188641
224122	6083	0.024188641
224122	4900	0.02418864
224122	1143	0.024188638
224122	4369	0.024188638
224122	6391	0.024188638
224122	79	0.024188636
224122	105	0.024188636
224122	3564	0.024188636
224138	2528	0.043606862
224138	6083	0.043606862
224138	1722	0.04360686
224138	4900	0.04360686
224138	4369	0.043606855
224138	6391	0.043606855
224138	79	0.04360685
224138	3564	0.04360685
224138	105	0.043606848
224138	804	0.043606848
224146	2528	0.03460124
224146	6083	0.03460124
224146	1722	0.034601238
224146	4900	0.034601238
224146	6391	0.034601238
224146	79	0.034601234
224146	105	0.034601234
224146	1143	0.034601234
224146	1557	0.034601234
224146	3088	0.034601234
224159	6083	0.028855368
224159	1722	0.028855365
224159	2528	0.028855365
224159	4900	0.028855365
224159	6391	0.028855363
224159	1143	0.028855361
224159	4369	0.028855361
224159	79	0.02885536
224159	105	0.02885536
224159	3564	0.02885536
224209	2528	0.021895463
224209	1722	0.02189546
224209	6083	0.02189546
224209	4369	0.021895459
224209	4900	0.021895459
224209	6391	0.021895459
224209	105	0.021895457
224209	1143	0.021895457
224209	3564	0.021895457
224209	5896	0.021895457
224236	1722	0.01924165
224236	2528	0.01924165
224236	6083	0.01924165
224236	4900	0.019241648
224236	6391	0.019241648
224236	79	0.019241646
224236	105	0.019241646
224236	1143	0.019241646
224236	3564	0.019241646
224236	3917	0.019241646
224249	6083	0.032037172
224249	1722	0.03203717
224249	2528	0.03203717
224249	4900	0.03203717
224249	6391	0.03203717
224249	3564	0.032037165
224249	79	0.03203716
224249	105	0.03203716
224249	804	0.03203716
224249	1143	0.03203716
224289	6083	0.026978826
224289	1722	0.026978824
224289	2528	0.026978824
224289	4900	0.026978824
224289	6391	0.026978824
224289	4369	0.026978822
224289	79	0.02697882
224289	105	0.02697882
224289	1143	0.02697882
224289	3564	0.02697882
224303	2528	0.029832538
224303	6083	0.029832538
224303	1722	0.029832536
224303	4369	0.029832534
224303	4900	0.029832534
224303	6391	0.029832534
224303	1143	0.029832533
224303	79	0.02983253
224303	105	0.02983253
224303	3564	0.02983253
224308	2528	0.0355509
224308	6083	0.0355509
224308	6391	0.035550896
224308	79	0.035550892
224308	1143	0.035550892
224308	1722	0.035550892
224308	4369	0.035550892
224308	4900	0.035550892
224308	105	0.03555089
224308	3564	0.03555089
224340	2528	0.03433223
224340	6083	0.03433223
224340	1722	0.034332227
224340	79	0.034332223
224340	1143	0.034332223
224340	3564	0.034332223
224340	4369	0.034332223
224340	4900	0.034332223
224340	6391	0.034332223
224340	105	0.03433222
224342	2528	0.02626735
224342	6083	0.02626735
224342	1722	0.026267348
224342	4369	0.026267346
224342	4900	0.026267346
224342	6391	0.026267346
224342	3564	0.026267344
224342	79	0.026267342
224342	105	0.026267342
224342	1143	0.026267342
224349	2528	0.027160583
224349	1722	0.027160581
224349	6083	0.027160581
224349	4369	0.02716058
224349	4900	0.02716058
224349	6391	0.02716058
224349	79	0.027160577
224349	1143	0.027160577
224349	3564	0.027160577
224349	105	0.027160576
224430	1722	0.039420653
224430	6083	0.039420653
224430	2528	0.03942065
224430	6391	0.03942065
224430	4369	0.039420646
224430	4900	0.039420646
224430	79	0.039420642
224430	105	0.039420642
224430	1143	0.039420642
224430	3088	0.039420642
224435	6083	0.0285936
224435	2528	0.028593598
224435	1722	0.028593596
224435	4900	0.028593596
224435	6391	0.028593596
224435	1143	0.028593592
224435	3564	0.028593592
224435	4369	0.028593592
224435	79	0.02859359
224435	105	0.02859359
224479	2528	0.026728142
224479	6083	0.026728142
224479	1722	0.02672814
224479	4369	0.026728138
224479	4900	0.026728138
224479	6391	0.026728138
224479	1143	0.026728136
224479	79	0.026728135
224479	105	0.026728135
224479	3088	0.026728135
224525	2528	0.034194335
224525	6083	0.034194335
224525	1722	0.03419433
224525	79	0.034194328
224525	105	0.034194328
224525	1143	0.034194328
224525	3088	0.034194328
224525	3564	0.034194328
224525	4369	0.034194328
224525	4900	0.034194328
224626	2528	0.038211137
224626	6083	0.038211137
224626	1722	0.038211133
224626	79	0.03821113
224626	1143	0.03821113
224626	3564	0.03821113
224626	4369	0.03821113
224626	4900	0.03821113
224626	5896	0.03821113
224626	6391	0.03821113
224646	6083	0.043723714
224646	1722	0.04372371
224646	2528	0.04372371
224646	6391	0.04372371
224646	3564	0.043723706
224646	4900	0.043723706
224646	79	0.043723702
224646	105	0.043723702
224646	1143	0.043723702
224646	3917	0.043723702
224764	1722	0.03591276
224764	2528	0.03591276
224764	6083	0.03591276
224764	6391	0.035912756
224764	1143	0.035912752
224764	3564	0.035912752
224764	3917	0.035912752
224764	4369	0.035912752
224764	4900	0.035912752
224764	79	0.03591275
224768	6083	0.02777615
224768	1722	0.027776148
224768	2528	0.027776148
224768	6391	0.027776146
224768	1143	0.027776144
224768	3564	0.027776144
224768	4369	0.027776144
224768	4900	0.027776144
224768	79	0.027776143
224768	105	0.027776143
224809	1722	0.04192172
224809	2528	0.04192172
224809	4900	0.04192172
224809	6083	0.04192172
224809	6391	0.04192172
224809	4369	0.041921716
224809	79	0.041921712
224809	105	0.041921712
224809	1143	0.041921712
224809	3564	0.041921712
224904	1722	0.032391295
224904	2528	0.032391295
224904	6083	0.032391295
224904	4900	0.03239129
224904	6391	0.03239129
224904	79	0.032391287
224904	105	0.032391287
224904	1143	0.032391287
224904	3564	0.032391287
224904	4369	0.032391287
224923	6083	0.038365282
224923	1722	0.03836528
224923	2528	0.03836528
224923	1143	0.038365275
224923	3564	0.038365275
224923	4369	0.038365275
224923	4900	0.038365275
224923	6391	0.038365275
224923	79	0.03836527
224923	804	0.03836527
224927	6083	0.023262091
224927	1722	0.02326209
224927	2528	0.02326209
224927	4900	0.023262087
224927	6391	0.023262087
224927	1143	0.023262085
224927	4369	0.023262085
224927	79	0.023262084
224927	105	0.023262084
224927	3088	0.023262084
224944	6083	0.030037787
224944	1722	0.030037783
224944	2528	0.030037783
224944	4900	0.030037783
224944	6391	0.030037783
224944	1143	0.03003778
224944	3564	0.03003778
224944	4369	0.03003778
224944	79	0.030037777
224944	105	0.030037777
224997	2528	0.03680093
224997	6083	0.03680093
224997	1722	0.036800925
224997	4900	0.036800925
224997	105	0.03680092
224997	1143	0.03680092
224997	3564	0.03680092
224997	4369	0.03680092
224997	6391	0.03680092
224997	79	0.036800917
225002	2528	0.027491353
225002	6083	0.027491353
225002	1722	0.02749135
225002	4369	0.02749135
225002	4900	0.02749135
225002	6391	0.02749135
225002	3564	0.027491348
225002	79	0.027491346
225002	105	0.027491346
225002	1143	0.027491346
225066	1722	0.026713833
225066	2528	0.026713833
225066	6083	0.026713833
225066	6391	0.026713833
225066	4900	0.026713831
225066	3564	0.02671383
225066	4369	0.02671383
225066	79	0.026713828
225066	1143	0.026713828
225066	105	0.026713826
225078	6083	0.031994767
225078	2528	0.031994764
225078	79	0.03199476
225078	1722	0.03199476
225078	4369	0.03199476
225078	4900	0.03199476
225078	6391	0.03199476
225078	1143	0.031994756
225078	3564	0.031994756
225078	3917	0.031994756
225187	2528	0.04726312
225187	6083	0.04726312
225187	1722	0.047263116
225187	4900	0.047263116
225187	3564	0.047263112
225187	4369	0.047263112
225187	6391	0.047263112
225187	79	0.04726311
225187	105	0.04726311
225187	1143	0.04726311
225191	2528	0.028301435
225191	6083	0.028301435
225191	1722	0.028301433
225191	4900	0.028301433
225191	6391	0.028301433
225191	1143	0.028301429
225191	3564	0.028301429
225191	4369	0.028301429
225191	79	0.028301427
225191	105	0.028301427
225199	1722	0.04104638
225199	6083	0.04104638
225199	2528	0.041046377
225199	4900	0.041046377
225199	6391	0.041046377
225199	1143	0.041046374
225199	3564	0.041046374
225199	4369	0.041046374
225199	79	0.04104637
225199	105	0.04104637
225378	6083	0.020442693
225378	1722	0.02044269
225378	2528	0.02044269
225378	6391	0.02044269
225378	4900	0.020442689
225378	79	0.020442687
225378	105	0.020442687
225378	1143	0.020442687
225378	3564	0.020442687
225378	4369	0.020442687
225379	1722	0.03822286
225379	2528	0.03822286
225379	4900	0.03822286
225379	1143	0.038222857
225379	4369	0.038222857
225379	6391	0.038222857
225379	79	0.038222853
225379	105	0.038222853
225379	5896	0.038222853
225379	804	0.03822285
225411	1722	0.03233383
225411	2528	0.03233383
225411	6083	0.03233383
225411	6391	0.03233383
225411	4369	0.032333825
225411	4900	0.032333825
225411	79	0.03233382
225411	105	0.03233382
225411	804	0.03233382
225411	1143	0.03233382
225435	1722	0.0298029
225435	2528	0.0298029
225435	6083	0.0298029
225435	4369	0.029802896
225435	4900	0.029802896
225435	6391	0.029802896
225435	79	0.029802892
225435	105	0.029802892
225435	1143	0.029802892
225435	3564	0.029802892
225449	6083	0.02858046
225449	2528	0.028580459
225449	1722	0.028580457
225449	4369	0.028580455
225449	4900	0.028580455
225449	6391	0.028580455
225449	79	0.028580453
225449	1143	0.028580453
225449	3564	0.028580453
225449	105	0.028580451
225542	2528	0.036990616
225542	6083	0.036990616
225542	1722	0.036990613
225542	4900	0.036990613
225542	6391	0.036990613
225542	1143	0.03699061
225542	4369	0.03699061
225542	79	0.036990605
225542	105	0.036990605
225542	804	0.036990605
225595	6083	0.034858644
225595	1722	0.034858637
225595	2528	0.034858637
225595	4369	0.034858637
225595	4900	0.034858637
225595	6391	0.034858637
225595	105	0.034858633
225595	1143	0.034858633
225595	3564	0.034858633
225595	79	0.03485863
225617	2528	0.03498428
225617	6083	0.03498428
225617	1722	0.034984276
225617	4900	0.034984276
225617	6391	0.034984276
225617	79	0.034984272
225617	1143	0.034984272
225617	3564	0.034984272
225617	4369	0.034984272
225617	105	0.03498427
225683	6083	0.028279172
225683	2528	0.02827917
225683	6391	0.028279169
225683	1722	0.028279167
225683	4369	0.028279167
225683	4900	0.028279167
225683	1143	0.028279165
225683	3564	0.028279165
225683	79	0.028279163
225683	105	0.028279163
225686	6083	0.029663825
225686	1722	0.029663824
225686	2528	0.029663824
225686	4900	0.02966382
225686	6391	0.02966382
225686	1143	0.029663818
225686	3564	0.029663818
225686	4369	0.029663818
225686	79	0.029663816
225686	105	0.029663816
225810	6083	0.029814892
225810	2528	0.02981489
225810	1722	0.029814888
225810	6391	0.029814888
225810	1143	0.029814884
225810	4369	0.029814884
225810	4900	0.029814884
225810	79	0.029814882
225810	105	0.029814882
225810	3564	0.029814882
225886	1722	0.036540866
225886	2528	0.036540866
225886	6083	0.036540866
225886	1143	0.03654086
225886	3564	0.03654086
225886	4369	0.03654086
225886	4900	0.03654086
225886	6391	0.03654086
225886	79	0.036540855
225886	105	0.036540855
225887	1722	0.033478096
225887	2528	0.033478096
225887	6083	0.033478096
225887	4369	0.033478092
225887	4900	0.033478092
225887	6391	0.033478092
225887	79	0.03347809
225887	105	0.03347809
225887	1143	0.03347809
225887	3564	0.03347809
225912	2528	0.02547954
225912	6083	0.02547954
225912	1722	0.025479537
225912	3564	0.025479537
225912	4369	0.025479537
225912	4900	0.025479537
225912	6391	0.025479537
225912	1143	0.025479535
225912	79	0.025479533
225912	105	0.025479533
225938	6083	0.031176522
225938	2528	0.03117652
225938	1722	0.031176519
225938	6391	0.031176519
225938	4900	0.031176517
225938	3564	0.031176515
225938	4369	0.031176515
225938	79	0.031176513
225938	105	0.031176513
225938	1143	0.031176513
225986	1722	0.03769867
225986	2528	0.03769867
225986	6083	0.03769867
225986	4900	0.037698667
225986	79	0.037698664
225986	105	0.037698664
225986	804	0.037698664
225986	1143	0.037698664
225986	3564	0.037698664
225986	3917	0.037698664
225989	1722	0.03183136
225989	2528	0.03183136
225989	4369	0.03183136
225989	6083	0.03183136
225989	6391	0.03183136
225989	1143	0.031831358
225989	4900	0.031831358
225989	79	0.031831354
225989	105	0.031831354
225989	804	0.031831354
225996	1722	0.042923562
225996	2528	0.042923562
225996	6083	0.042923562
225996	6391	0.04292356
225996	4369	0.042923555
225996	4900	0.042923555
225996	105	0.04292355
225996	1143	0.04292355
225996	3564	0.04292355
225996	3917	0.04292355
226006	6083	0.037670728
226006	1722	0.037670724
226006	2528	0.037670724
226006	4369	0.037670724
226006	6391	0.037670724
226006	4900	0.03767072
226006	79	0.037670717
226006	105	0.037670717
226006	804	0.037670717
226006	1143	0.037670717
226205	1722	0.04094722
226205	2528	0.04094722
226205	6083	0.04094722
226205	4369	0.040947217
226205	4900	0.040947217
226205	6391	0.040947217
226205	105	0.040947214
226205	1143	0.040947214
226205	3564	0.040947214
226205	79	0.04094721
226267	1722	0.026846565
226267	2528	0.026846565
226267	6083	0.026846565
226267	4369	0.026846562
226267	4900	0.026846562
226267	6391	0.026846562
226267	1143	0.02684656
226267	3564	0.02684656
226267	79	0.026846558
226267	105	0.026846558
226349	1722	0.03294392
226349	2528	0.03294392
226349	6083	0.03294392
226349	6391	0.03294392
226349	4369	0.032943916
226349	4900	0.032943916
226349	79	0.03294391
226349	105	0.03294391
226349	1143	0.03294391
226349	3088	0.03294391
226393	2528	0.028235335
226393	6083	0.028235335
226393	1722	0.028235333
226393	4369	0.028235331
226393	4900	0.028235331
226393	6391	0.028235331
226393	3564	0.02823533
226393	79	0.028235327
226393	105	0.028235327
226393	1143	0.028235327
226394	2528	0.03058708
226394	6083	0.03058708
226394	1722	0.030587079
226394	6391	0.030587077
226394	4369	0.030587075
226394	4900	0.030587075
226394	79	0.030587073
226394	105	0.030587073
226394	1143	0.030587073
226394	3564	0.030587073
226462	2528	0.023096457
226462	6083	0.023096457
226462	1722	0.023096455
226462	4369	0.023096455
226462	6391	0.023096455
226462	1143	0.023096453
226462	3564	0.023096453
226462	4900	0.023096453
226462	79	0.023096452
226462	105	0.023096452
226482	2528	0.023932742
226482	6083	0.023932742
226482	1722	0.02393274
226482	4369	0.02393274
226482	4900	0.02393274
226482	6391	0.02393274
226482	79	0.023932736
226482	105	0.023932736
226482	1143	0.023932736
226482	3564	0.023932736
226545	1722	0.03247231
226545	2528	0.03247231
226545	6083	0.03247231
226545	1143	0.032472305
226545	3564	0.032472305
226545	4369	0.032472305
226545	4900	0.032472305
226545	6391	0.032472305
226545	79	0.0324723
226545	105	0.032472298
226553	6083	0.03391591
226553	1722	0.033915907
226553	2528	0.033915907
226553	6391	0.033915907
226553	4900	0.033915903
226553	79	0.0339159
226553	105	0.0339159
226553	1143	0.0339159
226553	1557	0.0339159
226553	3088	0.0339159
226554	6083	0.0365962
226554	1722	0.036596198
226554	2528	0.036596198
226554	3564	0.036596194
226554	4369	0.036596194
226554	4900	0.036596194
226554	6391	0.036596194
226554	79	0.03659619
226554	3917	0.03659619
226554	105	0.036596186
226616	6083	0.025861215
226616	2528	0.025861213
226616	1722	0.025861211
226616	4369	0.025861211
226616	4900	0.025861211
226616	6391	0.025861211
226616	79	0.025861207
226616	105	0.025861207
226616	1143	0.025861207
226616	3564	0.025861207
226702	6083	0.03075096
226702	1722	0.030750956
226702	2528	0.030750956
226702	4900	0.030750955
226702	6391	0.030750955
226702	3564	0.030750953
226702	4369	0.030750953
226702	1143	0.03075095
226702	79	0.030750949
226702	105	0.030750949
226713	6083	0.034547962
226713	1722	0.034547955
226713	2528	0.034547955
226713	4900	0.034547955
226713	6391	0.034547955
226713	1143	0.03454795
226713	4369	0.03454795
226713	79	0.034547947
226713	105	0.034547947
226713	804	0.034547947
226739	6083	0.032815635
226739	1722	0.03281563
226739	2528	0.03281563
226739	6391	0.03281563
226739	79	0.032815628
226739	1143	0.032815628
226739	3564	0.032815628
226739	4369	0.032815628
226739	4900	0.032815628
226739	105	0.032815624
226745	1722	0.033566687
226745	2528	0.033566687
226745	6083	0.033566687
226745	4369	0.033566684
226745	4900	0.033566684
226745	1143	0.03356668
226745	3564	0.03356668
226745	3917	0.03356668
226745	6391	0.03356668
226745	79	0.033566676
226772	2528	0.03005445
226772	6083	0.030054448
226772	1722	0.030054446
226772	4900	0.030054446
226772	6391	0.030054444
226772	3564	0.030054443
226772	3917	0.030054443
226772	4369	0.030054443
226772	105	0.03005444
226772	1143	0.03005444
226874	1722	0.02470009
226874	2528	0.02470009
226874	6083	0.02470009
226874	4369	0.024700087
226874	4900	0.024700087
226874	6391	0.024700087
226874	79	0.024700085
226874	1143	0.024700085
226874	3564	0.024700085
226874	105	0.024700083
226879	1722	0.039033815
226879	2528	0.039033815
226879	6083	0.039033815
226879	4900	0.03903381
226879	6391	0.03903381
226879	79	0.039033808
226879	105	0.039033808
226879	1143	0.039033808
226879	3564	0.039033808
226879	4369	0.039033808
226926	6083	0.025035266
226926	1722	0.025035264
226926	2528	0.025035262
226926	4900	0.025035262
226926	6391	0.025035262
226926	3564	0.02503526
226926	4369	0.02503526
226926	79	0.025035258
226926	105	0.025035258
226926	1143	0.025035257
226965	6083	0.04817763
226965	1722	0.048177622
226965	2528	0.048177622
226965	4900	0.048177622
226965	6391	0.048177622
226965	4369	0.04817762
226965	79	0.048177615
226965	105	0.048177615
226965	1143	0.048177615
226965	3564	0.048177615
226976	6083	0.025996424
226976	2528	0.025996422
226976	1722	0.02599642
226976	6391	0.02599642
226976	4369	0.025996419
226976	4900	0.025996419
226976	79	0.025996417
226976	1143	0.025996417
226976	3564	0.025996417
226976	5896	0.025996417
226987	6083	0.030157216
226987	2528	0.030157214
226987	1722	0.030157212
226987	4369	0.030157212
226987	4900	0.030157212
226987	6391	0.030157212
226987	79	0.030157208
226987	105	0.030157208
226987	1143	0.030157208
226987	3564	0.030157208
227025	2528	0.03252978
227025	6083	0.03252978
227025	6391	0.03252978
227025	1722	0.032529775
227025	3564	0.032529775
227025	4369	0.032529775
227025	79	0.03252977
227025	105	0.03252977
227025	804	0.03252977
227025	1143	0.03252977
227054	6083	0.027220847
227054	2528	0.027220845
227054	1722	0.027220843
227054	6391	0.027220843
227054	4369	0.027220841
227054	4900	0.027220841
227054	3564	0.02722084
227054	79	0.027220838
227054	105	0.027220838
227054	1143	0.027220838
227072	2528	0.035952613
227072	6083	0.035952613
227072	1722	0.03595261
227072	4369	0.03595261
227072	6391	0.03595261
227072	79	0.035952605
227072	105	0.035952605
227072	1143	0.035952605
227072	3564	0.035952605
227072	3917	0.035952605
227097	2528	0.03071307
227097	6083	0.03071307
227097	1722	0.030713068
227097	4369	0.030713066
227097	4900	0.030713066
227097	6391	0.030713066
227097	79	0.030713063
227097	105	0.030713063
227097	1143	0.030713063
227097	3564	0.030713063
227146	2528	0.026444422
227146	1722	0.02644442
227146	6083	0.02644442
227146	3564	0.026444416
227146	4369	0.026444416
227146	4900	0.026444416
227146	6391	0.026444416
227146	79	0.026444415
227146	105	0.026444415
227146	1143	0.026444415
227192	6083	0.030534083
227192	2528	0.030534081
227192	1722	0.03053408
227192	6391	0.03053408
227192	4369	0.030534077
227192	4900	0.030534077
227192	3564	0.030534076
227192	79	0.030534074
227192	105	0.030534074
227192	1143	0.030534074
227250	2528	0.031014401
227250	6083	0.031014401
227250	1722	0.0310144
227250	4369	0.031014398
227250	4900	0.031014398
227250	6391	0.031014398
227250	79	0.031014394
227250	1143	0.031014394
227250	3564	0.031014394
227250	3917	0.031014394
227282	2528	0.02396617
227282	6083	0.02396617
227282	1722	0.023966167
227282	4369	0.023966167
227282	4900	0.023966167
227282	6391	0.023966167
227282	1143	0.023966165
227282	3564	0.023966165
227282	3917	0.023966165
227282	79	0.023966163
227292	1722	0.035866514
227292	2528	0.035866514
227292	6083	0.035866514
227292	4900	0.03586651
227292	79	0.035866506
227292	105	0.035866506
227292	1143	0.035866506
227292	3564	0.035866506
227292	4369	0.035866506
227292	6391	0.035866506
227295	2528	0.031775054
227295	1722	0.03177505
227295	4369	0.03177505
227295	4900	0.03177505
227295	6083	0.03177505
227295	6391	0.03177505
227295	79	0.031775046
227295	105	0.031775046
227295	1143	0.031775046
227295	3564	0.031775046
227327	6083	0.030233728
227327	1722	0.030233726
227327	2528	0.030233726
227327	6391	0.030233726
227327	1143	0.030233722
227327	4369	0.030233722
227327	4900	0.030233722
227327	79	0.03023372
227327	105	0.03023372
227327	3564	0.03023372
227397	2528	0.023165993
227397	6083	0.023165993
227397	1722	0.023165992
227397	4369	0.02316599
227397	4900	0.02316599
227397	6391	0.02316599
227397	105	0.023165988
227397	1143	0.023165988
227397	3564	0.023165988
227397	79	0.023165986
227413	6083	0.034553975
227413	2528	0.03455397
227413	1143	0.034553967
227413	1722	0.034553967
227413	4369	0.034553967
227413	4900	0.034553967
227413	6391	0.034553967
227413	79	0.034553964
227413	105	0.034553964
227413	3564	0.034553964
227422	1722	0.03224371
227422	2528	0.03224371
227422	6083	0.03224371
227422	1143	0.032243706
227422	3564	0.032243706
227422	4369	0.032243706
227422	4900	0.032243706
227422	6391	0.032243706
227422	79	0.032243703
227422	105	0.032243703
227447	1722	0.034197383
227447	2528	0.034197383
227447	6083	0.034197383
227447	6391	0.03419738
227447	79	0.034197375
227447	105	0.034197375
227447	1143	0.034197375
227447	3564	0.034197375
227447	3917	0.034197375
227447	4369	0.034197375
227467	1722	0.030547764
227467	2528	0.030547764
227467	6083	0.030547764
227467	4369	0.03054776
227467	4900	0.03054776
227467	6391	0.03054776
227467	79	0.030547757
227467	105	0.030547757
227467	1143	0.030547757
227467	3564	0.030547757
227520	1722	0.045849457
227520	2528	0.045849457
227520	4900	0.045849457
227520	6083	0.045849457
227520	6391	0.045849454
227520	79	0.04584945
227520	105	0.04584945
227520	1143	0.04584945
227520	3564	0.04584945
227520	4369	0.04584945
227544	6083	0.027228687
227544	1722	0.027228685
227544	2528	0.027228685
227544	4900	0.027228683
227544	6391	0.027228683
227544	4369	0.027228681
227544	79	0.02722868
227544	105	0.02722868
227544	1143	0.02722868
227544	3564	0.02722868
227591	2528	0.028846633
227591	6083	0.028846633
227591	1722	0.02884663
227591	4369	0.028846629
227591	4900	0.028846629
227591	6391	0.028846629
227591	79	0.028846625
227591	105	0.028846625
227591	1143	0.028846625
227591	3564	0.028846625
227654	1722	0.02460254
227654	2528	0.02460254
227654	6083	0.02460254
227654	6391	0.024602538
227654	3564	0.024602536
227654	4369	0.024602536
227654	4900	0.024602536
227654	1143	0.024602534
227654	3917	0.024602534
227654	79	0.024602532
227681	6083	0.03147695
227681	1722	0.031476945
227681	2528	0.031476945
227681	6391	0.03147694
227681	79	0.031476937
227681	105	0.031476937
227681	1143	0.031476937
227681	3088	0.031476937
227681	3564	0.031476937
227681	3917	0.031476937
227702	6083	0.03898002
227702	1722	0.038980015
227702	2528	0.038980015
227702	4900	0.038980015
227702	6391	0.03898001
227702	79	0.038980007
227702	1143	0.038980007
227702	3088	0.038980007
227702	3564	0.038980007
227702	3917	0.038980007
227705	6083	0.03781747
227705	1722	0.037817463
227705	2528	0.037817463
227705	4900	0.037817463
227705	6391	0.037817463
227705	4369	0.03781746
227705	79	0.037817456
227705	105	0.037817456
227705	1143	0.037817456
227705	3088	0.037817456
227771	6083	0.02614465
227771	2528	0.026144648
227771	1722	0.026144646
227771	6391	0.026144646
227771	4369	0.026144644
227771	4900	0.026144644
227771	105	0.026144642
227771	1143	0.026144642
227771	3564	0.026144642
227771	79	0.02614464
227836	1722	0.032490134
227836	2528	0.032490134
227836	6083	0.032490134
227836	6391	0.032490134
227836	1143	0.03249013
227836	4369	0.03249013
227836	4900	0.03249013
227836	79	0.032490127
227836	105	0.032490127
227836	1557	0.032490127
227859	2528	0.029301386
227859	6083	0.029301386
227859	1722	0.029301384
227859	6391	0.029301384
227859	4369	0.029301383
227859	4900	0.029301383
227859	3564	0.02930138
227859	79	0.029301379
227859	105	0.029301379
227859	1143	0.029301379
227884	6083	0.029058872
227884	2528	0.02905887
227884	1722	0.029058868
227884	4369	0.029058866
227884	4900	0.029058866
227884	6391	0.029058866
227884	79	0.029058864
227884	1143	0.029058864
227884	3564	0.029058864
227884	105	0.029058862
227925	6083	0.027325843
227925	2528	0.02732584
227925	1722	0.027325839
227925	4369	0.027325839
227925	4900	0.027325839
227925	6391	0.027325839
227925	79	0.027325835
227925	105	0.027325835
227925	1143	0.027325835
227925	3564	0.027325835
228021	1722	0.03151741
228021	2528	0.03151741
228021	6083	0.03151741
228021	4369	0.031517405
228021	4900	0.031517405
228021	6391	0.031517405
228021	79	0.0315174
228021	105	0.0315174
228021	804	0.0315174
228021	1143	0.0315174
228108	2528	0.027235806
228108	6083	0.027235806
228108	1722	0.027235804
228108	4900	0.027235804
228108	3564	0.027235802
228108	6391	0.027235802
228108	1143	0.0272358
228108	4369	0.0272358
228108	79	0.027235799
228108	105	0.027235799
228154	6083	0.031268787
228154	1722	0.031268783
228154	2528	0.031268783
228154	4369	0.031268783
228154	4900	0.031268783
228154	6391	0.031268783
228154	79	0.03126878
228154	105	0.031268775
228154	804	0.031268775
228154	1143	0.031268775
228181	2528	0.023867767
228181	1722	0.023867765
228181	6083	0.023867765
228181	4369	0.023867764
228181	4900	0.023867764
228181	6391	0.023867764
228181	1143	0.023867762
228181	79	0.02386776
228181	105	0.02386776
228181	804	0.02386776
228206	6083	0.029007388
228206	1722	0.029007386
228206	2528	0.029007386
228206	4900	0.029007386
228206	6391	0.029007386
228206	1143	0.029007383
228206	3564	0.029007383
228206	4369	0.029007383
228206	79	0.02900738
228206	105	0.02900738
228245	6083	0.025544181
228245	1722	0.02554418
228245	2528	0.02554418
228245	4369	0.025544178
228245	4900	0.025544178
228245	6391	0.025544178
228245	1143	0.025544176
228245	79	0.025544174
228245	3088	0.025544174
228245	3564	0.025544174
228311	6083	0.03629072
228311	1722	0.036290716
228311	2528	0.036290716
228311	6391	0.036290716
228311	3564	0.036290713
228311	3917	0.036290713
228311	4369	0.036290713
228311	4900	0.036290713
228311	79	0.03629071
228311	105	0.03629071
228313	1722	0.035781465
228313	2528	0.035781465
228313	6083	0.035781465
228313	4900	0.03578146
228313	105	0.035781458
228313	1143	0.035781458
228313	3088	0.035781458
228313	3564	0.035781458
228313	3917	0.035781458
228313	4369	0.035781458
228321	1722	0.033448473
228321	2528	0.033448473
228321	4900	0.033448473
228321	6083	0.033448473
228321	6391	0.033448473
228321	4369	0.03344847
228321	79	0.033448465
228321	105	0.033448465
228321	1143	0.033448465
228321	3088	0.033448465
228351	6083	0.026901584
228351	2528	0.026901582
228351	1722	0.02690158
228351	4900	0.02690158
228351	6391	0.02690158
228351	1143	0.026901579
228351	4369	0.026901579
228351	79	0.026901577
228351	105	0.026901577
228351	3564	0.026901577
228445	6083	0.028022358
228445	1722	0.028022356
228445	2528	0.028022356
228445	1143	0.028022353
228445	4369	0.028022353
228445	4900	0.028022353
228445	6391	0.028022353
228445	79	0.02802235
228445	105	0.02802235
228445	3564	0.02802235
228455	1722	0.025657572
228455	2528	0.025657572
228455	6083	0.025657572
228455	4369	0.025657568
228455	4900	0.025657568
228455	6391	0.025657568
228455	79	0.025657566
228455	1143	0.025657566
228455	3564	0.025657566
228455	105	0.025657564
228477	2528	0.024246287
228477	6083	0.024246287
228477	1722	0.024246285
228477	4369	0.024246283
228477	4900	0.024246283
228477	6391	0.024246283
228477	79	0.02424628
228477	105	0.02424628
228477	1143	0.02424628
228477	3564	0.02424628
228579	1722	0.031571172
228579	2528	0.031571172
228579	6083	0.031571172
228579	4900	0.03157117
228579	79	0.031571165
228579	105	0.031571165
228579	1143	0.031571165
228579	3564	0.031571165
228579	3917	0.031571165
228579	4369	0.031571165
228652	2528	0.033767857
228652	6083	0.033767857
228652	1722	0.033767853
228652	4900	0.033767853
228652	6391	0.033767853
228652	79	0.03376785
228652	1143	0.03376785
228652	3564	0.03376785
228652	4369	0.03376785
228652	105	0.033767845
228681	1722	0.03924179
228681	2528	0.03924179
228681	6083	0.03924179
228681	4900	0.039241787
228681	6391	0.039241787
228681	79	0.039241783
228681	105	0.039241783
228681	3564	0.039241783
228681	4369	0.039241783
228681	1143	0.03924178
228727	2528	0.035079733
228727	6083	0.035079733
228727	1143	0.035079725
228727	1722	0.035079725
228727	4369	0.035079725
228727	4900	0.035079725
228727	6391	0.035079725
228727	79	0.03507972
228727	105	0.03507972
228727	3564	0.03507972
228738	6083	0.030795626
228738	2528	0.030795624
228738	1722	0.030795623
228738	4900	0.030795623
228738	6391	0.030795623
228738	4369	0.03079562
228738	79	0.030795619
228738	105	0.030795619
228738	1143	0.030795619
228738	3564	0.030795619
228764	6083	0.036190916
228764	1722	0.036190912
228764	2528	0.036190912
228764	4900	0.036190912
228764	6391	0.036190912
228764	79	0.03619091
228764	1143	0.03619091
228764	105	0.036190905
228764	804	0.036190905
228764	1557	0.036190905
228789	1722	0.032498207
228789	2528	0.032498207
228789	6083	0.032498207
228789	4900	0.032498203
228789	6391	0.032498203
228789	1143	0.0324982
228789	4369	0.0324982
228789	79	0.032498196
228789	105	0.032498196
228789	804	0.032498196
228868	6083	0.032341473
228868	1722	0.03234147
228868	2528	0.03234147
228868	3564	0.032341465
228868	4369	0.032341465
228868	4900	0.032341465
228868	6391	0.032341465
228868	79	0.03234146
228868	1143	0.03234146
228868	6560	0.03234146
228998	1722	0.042832486
228998	2528	0.042832486
228998	6083	0.042832486
228998	6391	0.042832483
228998	3564	0.04283248
228998	4369	0.04283248
228998	4900	0.04283248
228998	79	0.042832475
228998	105	0.042832475
228998	1143	0.042832475
229011	2528	0.040880226
229011	6083	0.040880226
229011	1722	0.040880222
229011	4369	0.04088022
229011	4900	0.04088022
229011	6391	0.04088022
229011	79	0.040880214
229011	105	0.040880214
229011	1143	0.040880214
229011	3564	0.040880214
229055	2528	0.021942742
229055	6083	0.021942742
229055	4900	0.02194274
229055	6391	0.02194274
229055	1143	0.021942738
229055	1722	0.021942738
229055	4369	0.021942738
229055	79	0.021942737
229055	105	0.021942737
229055	3564	0.021942737
229177	1722	0.033885427
229177	2528	0.033885427
229177	4900	0.033885427
229177	6083	0.033885427
229177	6391	0.033885427
229177	79	0.03388542
229177	105	0.03388542
229177	1143	0.03388542
229177	3088	0.03388542
229177	3564	0.03388542
229243	6083	0.030827165
229243	1722	0.03082716
229243	2528	0.03082716
229243	4369	0.030827157
229243	4900	0.030827157
229243	6391	0.030827157
229243	1143	0.030827155
229243	79	0.030827153
229243	105	0.030827153
229243	3564	0.030827153
229313	1722	0.036189154
229313	2528	0.036189154
229313	6083	0.036189154
229313	4900	0.03618915
229313	79	0.036189146
229313	105	0.036189146
229313	1143	0.036189146
229313	3564	0.036189146
229313	4369	0.036189146
229313	6391	0.036189146
229331	1722	0.032299504
229331	2528	0.032299504
229331	4369	0.032299504
229331	6083	0.032299504
229331	6391	0.032299504
229331	105	0.0322995
229331	3564	0.0322995
229331	4900	0.0322995
229331	79	0.032299496
229331	804	0.032299496
229334	6083	0.03167716
229334	1722	0.031677157
229334	2528	0.031677157
229334	4369	0.031677157
229334	4900	0.031677157
229334	6391	0.031677157
229334	105	0.031677153
229334	1143	0.031677153
229334	3564	0.031677153
229334	79	0.03167715
229409	1722	0.02827508
229409	2528	0.02827508
229409	6083	0.02827508
229409	6391	0.028275078
229409	4369	0.028275076
229409	4900	0.028275076
229409	1143	0.028275074
229409	3564	0.028275074
229409	79	0.028275073
229409	105	0.028275073
229448	2528	0.03504281
229448	6083	0.03504281
229448	1722	0.035042807
229448	4369	0.035042807
229448	4900	0.035042807
229448	6391	0.035042807
229448	1143	0.035042804
229448	3564	0.035042804
229448	79	0.0350428
229448	105	0.0350428
229454	1722	0.022033561
229454	2528	0.022033561
229454	6083	0.022033561
229454	4900	0.02203356
229454	1143	0.022033557
229454	3564	0.022033557
229454	4369	0.022033557
229454	6391	0.022033557
229454	79	0.022033555
229454	105	0.022033555
229496	6083	0.042920593
229496	1722	0.04292059
229496	2528	0.04292059
229496	6391	0.04292059
229496	4900	0.042920586
229496	79	0.042920582
229496	105	0.042920582
229496	1143	0.042920582
229496	3088	0.042920582
229496	3564	0.042920582
229502	6083	0.025325535
229502	1722	0.025325533
229502	2528	0.025325533
229502	6391	0.025325533
229502	4900	0.025325531
229502	79	0.02532553
229502	3564	0.02532553
229502	4369	0.02532553
229502	1143	0.025325527
229502	105	0.025325526
229551	2528	0.031056322
229551	6083	0.031056322
229551	1722	0.031056317
229551	6391	0.031056317
229551	3564	0.031056315
229551	4369	0.031056315
229551	4900	0.031056315
229551	79	0.031056313
229551	1143	0.031056313
229551	105	0.031056311
229632	2528	0.035738878
229632	6083	0.035738878
229632	6391	0.035738878
229632	1722	0.035738874
229632	4369	0.035738874
229632	4900	0.035738874
229632	105	0.03573887
229632	1143	0.03573887
229632	3088	0.03573887
229632	3564	0.03573887
229656	6083	0.0268482
229656	1722	0.026848197
229656	2528	0.026848197
229656	4900	0.026848195
229656	3564	0.026848193
229656	4369	0.026848193
229656	6391	0.026848193
229656	79	0.026848191
229656	1143	0.026848191
229656	105	0.02684819
229681	6083	0.024574742
229681	1722	0.02457474
229681	2528	0.02457474
229681	4369	0.024574738
229681	4900	0.024574738
229681	6391	0.024574738
229681	3564	0.024574736
229681	79	0.024574734
229681	105	0.024574734
229681	1143	0.024574734
229703	6083	0.028672777
229703	2528	0.028672773
229703	4369	0.028672773
229703	6391	0.028672773
229703	4900	0.028672772
229703	1143	0.02867277
229703	79	0.028672768
229703	105	0.028672768
229703	3564	0.028672768
229703	804	0.028672766
229741	6083	0.04037481
229741	1722	0.040374808
229741	2528	0.040374808
229741	4369	0.040374808
229741	4900	0.040374808
229741	6391	0.040374808
229741	3564	0.040374804
229741	79	0.0403748
229741	105	0.0403748
229741	804	0.0403748
229742	6083	0.017660351
229742	1722	0.01766035
229742	2528	0.01766035
229742	6391	0.01766035
229742	4900	0.017660348
229742	79	0.017660346
229742	105	0.017660346
229742	804	0.017660346
229742	1143	0.017660346
229742	3088	0.017660346
229767	2528	0.03404908
229767	6083	0.03404908
229767	6391	0.03404908
229767	1722	0.034049075
229767	79	0.03404907
229767	1143	0.03404907
229767	3564	0.03404907
229767	4369	0.03404907
229767	4900	0.03404907
229767	105	0.034049068
229768	2528	0.028918102
229768	6083	0.028918102
229768	1722	0.0289181
229768	4369	0.028918099
229768	4900	0.028918099
229768	6391	0.028918099
229768	3564	0.028918097
229768	79	0.028918095
229768	105	0.028918095
229768	1143	0.028918095
229899	1722	0.021380942
229899	2528	0.021380942
229899	6083	0.021380942
229899	6391	0.021380942
229899	105	0.021380939
229899	1143	0.021380939
229899	3564	0.021380939
229899	3917	0.021380939
229899	4369	0.021380939
229899	4900	0.021380939
229922	2528	0.035699602
229922	6083	0.035699602
229922	1722	0.0356996
229922	4369	0.0356996
229922	4900	0.0356996
229922	6391	0.0356996
229922	1143	0.035699595
229922	3564	0.035699595
229922	79	0.03569959
229922	105	0.03569959
230013	6083	0.03032685
230013	2528	0.030326849
230013	1722	0.030326847
230013	4900	0.030326847
230013	6391	0.030326847
230013	105	0.030326843
230013	1143	0.030326843
230013	3564	0.030326843
230013	4369	0.030326843
230013	79	0.030326841
230030	6083	0.027158627
230030	1722	0.027158625
230030	2528	0.027158625
230030	6391	0.027158625
230030	4900	0.027158624
230030	1143	0.027158622
230030	3564	0.027158622
230030	4369	0.027158622
230030	79	0.02715862
230030	3917	0.02715862
230105	1722	0.033153117
230105	2528	0.033153117
230105	6083	0.033153117
230105	4900	0.033153113
230105	6391	0.033153113
230105	79	0.03315311
230105	105	0.03315311
230105	1143	0.03315311
230105	3088	0.03315311
230105	3564	0.03315311
230115	6083	0.030726774
230115	2528	0.030726772
230115	1722	0.03072677
230115	6391	0.03072677
230115	4900	0.030726768
230115	1143	0.030726766
230115	3564	0.030726766
230115	4369	0.030726766
230115	79	0.030726764
230115	105	0.030726764
230180	2528	0.026296888
230180	6083	0.026296888
230180	1722	0.026296884
230180	4900	0.026296884
230180	6391	0.026296884
230180	3564	0.026296882
230180	4369	0.026296882
230180	79	0.02629688
230180	105	0.02629688
230180	1143	0.02629688
230293	2528	0.02584052
230293	6083	0.02584052
230293	1722	0.025840519
230293	4369	0.025840517
230293	4900	0.025840517
230293	6391	0.025840517
230293	79	0.025840515
230293	1143	0.025840515
230293	3564	0.025840515
230293	105	0.025840513
230400	1722	0.03269486
230400	2528	0.03269486
230400	6083	0.03269486
230400	4900	0.032694858
230400	6391	0.032694858
230400	79	0.032694854
230400	1143	0.032694854
230400	3564	0.032694854
230400	4369	0.032694854
230400	105	0.03269485
230428	6083	0.019341284
230428	2528	0.019341283
230428	6391	0.019341283
230428	1722	0.01934128
230428	4369	0.01934128
230428	79	0.019341279
230428	1143	0.019341279
230428	3564	0.019341279
230428	4900	0.019341279
230428	105	0.019341277
230496	6083	0.033933543
230496	2528	0.03393354
230496	4900	0.03393354
230496	6391	0.03393354
230496	79	0.033933535
230496	1722	0.033933535
230496	4369	0.033933535
230496	1143	0.03393353
230496	3564	0.03393353
230496	5896	0.03393353
230626	6083	0.029513638
230626	1722	0.029513637
230626	2528	0.029513637
230626	4369	0.029513635
230626	4900	0.029513635
230626	6391	0.029513635
230626	79	0.029513631
230626	105	0.029513631
230626	1143	0.029513631
230626	3564	0.029513631
230627	1722	0.021148302
230627	2528	0.021148302
230627	6083	0.021148302
230627	1143	0.021148298
230627	4369	0.021148298
230627	4900	0.021148298
230627	6391	0.021148298
230627	79	0.021148296
230627	105	0.021148296
230627	3564	0.021148296
230629	6083	0.030893201
230629	1722	0.0308932
230629	2528	0.0308932
230629	3564	0.030893195
230629	4369	0.030893195
230629	4900	0.030893195
230629	6391	0.030893195
230629	79	0.030893192
230629	105	0.030893192
230629	1143	0.030893192
230687	6083	0.03779181
230687	2528	0.037791807
230687	1722	0.037791803
230687	4900	0.037791803
230687	6391	0.037791803
230687	79	0.0377918
230687	1143	0.0377918
230687	3564	0.0377918
230687	4369	0.0377918
230687	105	0.037791796
230699	6083	0.021257393
230699	2528	0.021257391
230699	1722	0.02125739
230699	4369	0.02125739
230699	4900	0.02125739
230699	6391	0.02125739
230699	1143	0.021257387
230699	3917	0.021257387
230699	79	0.021257386
230699	105	0.021257386
230708	6083	0.026301475
230708	2528	0.026301473
230708	1722	0.026301472
230708	6391	0.026301472
230708	3564	0.02630147
230708	4369	0.02630147
230708	4900	0.02630147
230708	79	0.026301468
230708	1143	0.026301468
230708	105	0.026301466
230878	6083	0.0271573
230878	2528	0.027157297
230878	1722	0.027157295
230878	4900	0.027157295
230878	6391	0.027157295
230878	4369	0.027157294
230878	79	0.027157292
230878	1143	0.027157292
230878	3564	0.027157292
230878	3917	0.027157292
230985	6083	0.026043601
230985	1722	0.026043598
230985	2528	0.026043598
230985	4900	0.026043598
230985	6391	0.026043598
230985	4369	0.026043596
230985	79	0.026043594
230985	105	0.026043594
230985	1143	0.026043594
230985	3564	0.026043594
231081	6083	0.02797126
231081	2528	0.027971258
231081	1722	0.027971257
231081	6391	0.027971257
231081	4369	0.027971255
231081	4900	0.027971255
231081	79	0.027971253
231081	105	0.027971253
231081	1143	0.027971253
231081	3564	0.027971253
231132	6083	0.0298834
231132	2528	0.029883398
231132	1722	0.029883396
231132	4900	0.029883394
231132	6391	0.029883394
231132	1143	0.029883392
231132	3564	0.029883392
231132	4369	0.029883392
231132	79	0.02988339
231132	105	0.02988339
231149	2528	0.037707597
231149	6083	0.037707597
231149	1722	0.037707593
231149	6391	0.037707593
231149	1143	0.03770759
231149	3564	0.03770759
231149	3917	0.03770759
231149	4369	0.03770759
231149	4900	0.03770759
231149	79	0.037707586
231210	2528	0.041616924
231210	6083	0.041616924
231210	1722	0.04161692
231210	4369	0.041616917
231210	4900	0.041616917
231210	6391	0.041616917
231210	79	0.041616913
231210	1143	0.041616913
231210	3564	0.041616913
231210	105	0.04161691
231225	6083	0.022365298
231225	1722	0.022365296
231225	2528	0.022365296
231225	4369	0.022365294
231225	4900	0.022365294
231225	6391	0.022365294
231225	1143	0.022365293
231225	3564	0.022365293
231225	79	0.02236529
231225	105	0.02236529
231237	2528	0.043566793
231237	6083	0.043566793
231237	1722	0.04356679
231237	4369	0.043566786
231237	4900	0.043566786
231237	6391	0.043566786
231237	79	0.04356678
231237	105	0.04356678
231237	1143	0.04356678
231237	3088	0.04356678
231251	1722	0.023637537
231251	2528	0.023637537
231251	6083	0.023637537
231251	6391	0.023637537
231251	4900	0.023637535
231251	79	0.023637533
231251	105	0.023637533
231251	1143	0.023637533
231251	3564	0.023637533
231251	4369	0.023637533
231252	1722	0.034044072
231252	2528	0.034044072
231252	6083	0.034044072
231252	6391	0.034044072
231252	4900	0.03404407
231252	79	0.034044065
231252	105	0.034044065
231252	804	0.034044065
231252	1143	0.034044065
231252	3564	0.034044065
231255	2528	0.025441011
231255	6083	0.025441011
231255	1722	0.02544101
231255	4900	0.02544101
231255	6391	0.02544101
231255	79	0.025441006
231255	1143	0.025441006
231255	3564	0.025441006
231255	4369	0.025441006
231255	5896	0.025441006
231263	2528	0.024381323
231263	6083	0.024381323
231263	1722	0.02438132
231263	6391	0.02438132
231263	4369	0.024381319
231263	4900	0.024381319
231263	79	0.024381317
231263	1143	0.024381317
231263	3564	0.024381317
231263	3917	0.024381317
231264	6083	0.029737793
231264	2528	0.029737791
231264	1722	0.02973779
231264	6391	0.02973779
231264	4900	0.029737787
231264	1143	0.029737785
231264	3564	0.029737785
231264	4369	0.029737785
231264	79	0.029737784
231264	105	0.029737784
231337	6083	0.03036639
231337	1722	0.030366387
231337	2528	0.030366387
231337	1143	0.030366383
231337	4369	0.030366383
231337	4900	0.030366383
231337	6391	0.030366383
231337	3564	0.030366382
231337	79	0.03036638
231337	105	0.03036638
231340	2528	0.026826208
231340	6083	0.026826208
231340	1722	0.026826207
231340	4900	0.026826205
231340	6391	0.026826205
231340	105	0.026826203
231340	1143	0.026826203
231340	3564	0.026826203
231340	4369	0.026826203
231340	79	0.026826201
231351	6083	0.037423864
231351	1722	0.037423857
231351	2528	0.037423857
231351	4369	0.037423857
231351	4900	0.037423857
231351	6391	0.037423857
231351	3564	0.037423853
231351	3917	0.037423853
231351	79	0.03742385
231351	105	0.03742385
231354	6083	0.027945649
231354	1722	0.027945645
231354	2528	0.027945645
231354	4900	0.027945645
231354	6391	0.027945645
231354	4369	0.027945643
231354	79	0.027945641
231354	1143	0.027945641
231354	3564	0.027945641
231354	3917	0.027945641
231357	1722	0.034863755
231357	2528	0.034863755
231357	4900	0.034863755
231357	6083	0.034863755
231357	6391	0.034863755
231357	4369	0.03486375
231357	79	0.034863748
231357	105	0.034863748
231357	1143	0.034863748
231357	1557	0.034863748
231374	1722	0.02297144
231374	2528	0.02297144
231374	6083	0.02297144
231374	4900	0.022971438
231374	79	0.022971436
231374	1143	0.022971436
231374	3564	0.022971436
231374	4369	0.022971436
231374	6391	0.022971436
231374	105	0.022971435
231393	1722	0.03846716
231393	2528	0.03846716
231393	6083	0.03846716
231393	6391	0.03846716
231393	4900	0.038467158
231393	79	0.038467154
231393	105	0.038467154
231393	1143	0.038467154
231393	3564	0.038467154
231393	3917	0.038467154
231395	6083	0.02665589
231395	2528	0.026655888
231395	1722	0.026655886
231395	4369	0.026655884
231395	4900	0.026655884
231395	6391	0.026655884
231395	79	0.026655883
231395	1143	0.026655883
231395	3564	0.026655883
231395	105	0.02665588
231560	2528	0.02813339
231560	6083	0.028133389
231560	6391	0.028133389
231560	1722	0.028133387
231560	4900	0.028133387
231560	3564	0.028133385
231560	4369	0.028133385
231560	79	0.028133383
231560	105	0.028133383
231560	1143	0.028133383
231613	1722	0.038509455
231613	2528	0.038509455
231613	6083	0.038509455
231613	4369	0.03850945
231613	4900	0.03850945
231613	6391	0.03850945
231613	1143	0.038509447
231613	3564	0.038509447
231613	79	0.038509443
231613	105	0.038509443
231694	1722	0.02195999
231694	2528	0.02195999
231694	6083	0.02195999
231694	4900	0.021959988
231694	6391	0.021959988
231694	79	0.021959987
231694	105	0.021959987
231694	1143	0.021959987
231694	3564	0.021959987
231694	4369	0.021959987
231823	6083	0.035043012
231823	1722	0.03504301
231823	2528	0.03504301
231823	6391	0.03504301
231823	4369	0.035043005
231823	4900	0.035043005
231823	79	0.035043
231823	105	0.035043
231823	1143	0.035043
231823	3564	0.035043
231827	2528	0.041545577
231827	6083	0.041545577
231827	1722	0.04154557
231827	3564	0.04154557
231827	4369	0.04154557
231827	4900	0.04154557
231827	6391	0.04154557
231827	1143	0.041545566
231827	79	0.041545562
231827	105	0.041545562
231857	2528	0.03699868
231857	6083	0.03699868
231857	1722	0.036998678
231857	79	0.036998674
231857	1143	0.036998674
231857	3564	0.036998674
231857	4369	0.036998674
231857	4900	0.036998674
231857	6391	0.036998674
231857	105	0.03699867
231897	2528	0.023094036
231897	6083	0.023094036
231897	1722	0.023094034
231897	4900	0.023094032
231897	6391	0.023094032
231897	1143	0.02309403
231897	3564	0.02309403
231897	4369	0.02309403
231897	79	0.023094028
231897	105	0.023094028
231993	2528	0.026567362
231993	6083	0.026567362
231993	1722	0.026567359
231993	4900	0.026567359
231993	6391	0.026567359
231993	4369	0.026567357
231993	79	0.026567355
231993	105	0.026567355
231993	1143	0.026567355
231993	3564	0.026567355
232030	1722	0.031379916
232030	2528	0.031379916
232030	6083	0.031379916
232030	4900	0.031379912
232030	6391	0.031379912
232030	79	0.03137991
232030	105	0.03137991
232030	1143	0.03137991
232030	3564	0.03137991
232030	3917	0.03137991
232052	2528	0.03178928
232052	6083	0.03178928
232052	6391	0.03178928
232052	1722	0.031789277
232052	4900	0.031789277
232052	79	0.031789273
232052	105	0.031789273
232052	804	0.031789273
232052	1143	0.031789273
232052	3088	0.031789273
232067	2528	0.029533993
232067	6083	0.029533993
232067	1722	0.02953399
232067	4900	0.02953399
232067	6391	0.02953399
232067	4369	0.029533988
232067	79	0.029533986
232067	1143	0.029533986
232067	3564	0.029533986
232067	105	0.029533984
232103	1722	0.034805924
232103	2528	0.034805924
232103	6083	0.034805924
232103	4900	0.03480592
232103	79	0.034805916
232103	1143	0.034805916
232103	3564	0.034805916
232103	4369	0.034805916
232103	5896	0.034805916
232103	6391	0.034805916
232106	1722	0.0400461
232106	2528	0.0400461
232106	6083	0.0400461
232106	4369	0.040046096
232106	4900	0.040046096
232106	6391	0.040046096
232106	1143	0.040046092
232106	79	0.04004609
232106	105	0.04004609
232106	1557	0.04004609
232107	6083	0.024110327
232107	1722	0.024110325
232107	2528	0.024110325
232107	6391	0.024110323
232107	3564	0.024110321
232107	4369	0.024110321
232107	4900	0.024110321
232107	79	0.02411032
232107	105	0.02411032
232107	1143	0.02411032
232131	6083	0.034139734
232131	1722	0.03413973
232131	2528	0.03413973
232131	3564	0.03413973
232131	4369	0.03413973
232131	4900	0.03413973
232131	6391	0.03413973
232131	1143	0.034139726
232131	79	0.034139723
232131	105	0.034139723
232211	6083	0.026194694
232211	1722	0.026194692
232211	2528	0.026194692
232211	4900	0.026194692
232211	6391	0.026194692
232211	4369	0.02619469
232211	1143	0.026194688
232211	3564	0.026194688
232211	79	0.026194686
232211	105	0.026194686
232271	6083	0.022213992
232271	1722	0.022213988
232271	2528	0.022213988
232271	6391	0.022213988
232271	4900	0.022213986
232271	79	0.022213984
232271	105	0.022213984
232271	1143	0.022213984
232271	3564	0.022213984
232271	3917	0.022213984
232292	6083	0.029560197
232292	1722	0.029560193
232292	2528	0.029560193
232292	6391	0.029560193
232292	4900	0.029560192
232292	3564	0.02956019
232292	4369	0.02956019
232292	79	0.029560188
232292	105	0.029560188
232292	1143	0.029560188
232343	1722	0.031729065
232343	2528	0.031729065
232343	3564	0.031729065
232343	4369	0.031729065
232343	4900	0.031729065
232343	6083	0.031729065
232343	6391	0.031729065
232343	1143	0.03172906
232343	79	0.031729057
232343	105	0.031729057
232492	6083	0.022382773
232492	1722	0.02238277
232492	2528	0.02238277
232492	4900	0.02238277
232492	6391	0.02238277
232492	4369	0.022382768
232492	79	0.022382766
232492	105	0.022382766
232492	1143	0.022382766
232492	3564	0.022382766
232583	1722	0.032093987
232583	2528	0.032093987
232583	6083	0.032093987
232583	79	0.03209398
232583	1143	0.03209398
232583	3564	0.03209398
232583	4369	0.03209398
232583	4900	0.03209398
232583	5896	0.03209398
232583	6391	0.03209398
232708	2528	0.032802626
232708	6083	0.032802626
232708	6391	0.032802626
232708	1722	0.032802623
232708	4900	0.032802623
232708	79	0.03280262
232708	105	0.03280262
232708	804	0.03280262
232708	1143	0.03280262
232708	3088	0.03280262
232736	6083	0.022071589
232736	1722	0.022071585
232736	2528	0.022071585
232736	4900	0.022071585
232736	6391	0.022071583
232736	79	0.022071581
232736	1143	0.022071581
232736	3564	0.022071581
232736	4369	0.022071581
232736	105	0.02207158
232756	6083	0.037011668
232756	1722	0.037011664
232756	2528	0.037011664
232756	4900	0.037011664
232756	3564	0.03701166
232756	4369	0.03701166
232756	6391	0.03701166
232756	79	0.037011657
232756	1143	0.037011657
232756	105	0.037011653
232838	2528	0.023524892
232838	6083	0.023524892
232838	1722	0.02352489
232838	6391	0.023524888
232838	3564	0.023524886
232838	4369	0.023524886
232838	4900	0.023524886
232838	79	0.023524884
232838	105	0.023524884
232838	1143	0.023524884
232929	6083	0.029616088
232929	2528	0.029616086
232929	1722	0.029616084
232929	4900	0.029616084
232929	6391	0.029616084
232929	79	0.02961608
232929	1143	0.02961608
232929	3564	0.02961608
232929	4369	0.02961608
232929	105	0.029616078
232945	6083	0.034146428
232945	2528	0.034146424
232945	6391	0.034146424
232945	79	0.03414642
232945	1143	0.03414642
232945	1722	0.03414642
232945	3564	0.03414642
232945	4369	0.03414642
232945	4900	0.03414642
232945	105	0.034146417
232959	6083	0.03292649
232959	1143	0.032926485
232959	1722	0.032926485
232959	2528	0.032926485
232959	4900	0.032926485
232959	6391	0.032926485
232959	79	0.03292648
232959	4369	0.03292648
232959	105	0.032926477
232959	804	0.032926477
232964	6083	0.03491207
232964	1722	0.034912065
232964	2528	0.034912065
232964	4900	0.034912065
232964	6391	0.034912065
232964	4369	0.03491206
232964	79	0.034912057
232964	105	0.034912057
232964	1143	0.034912057
232964	1557	0.034912057
232990	1722	0.03859303
232990	2528	0.03859303
232990	4900	0.03859303
232990	6083	0.03859303
232990	6391	0.03859303
232990	1143	0.038593028
232990	4369	0.038593028
232990	79	0.038593024
232990	105	0.038593024
232990	3564	0.038593024
233117	2528	0.019369349
233117	6083	0.019369349
233117	1722	0.019369347
233117	6391	0.019369347
233117	79	0.019369345
233117	1143	0.019369345
233117	3564	0.019369345
233117	4369	0.019369345
233117	4900	0.019369345
233117	105	0.019369343
233143	1722	0.027732179
233143	2528	0.027732179
233143	6083	0.027732179
233143	3564	0.027732175
233143	4369	0.027732175
233143	4900	0.027732175
233143	6391	0.027732175
233143	1143	0.027732173
233143	79	0.027732171
233143	105	0.027732171
233312	2528	0.031133607
233312	6083	0.031133607
233312	1722	0.031133605
233312	4900	0.031133603
233312	6391	0.031133603
233312	4369	0.031133601
233312	79	0.0311336
233312	105	0.0311336
233312	1143	0.0311336
233312	3564	0.0311336
233427	2528	0.021676525
233427	6083	0.021676525
233427	1722	0.021676524
233427	1143	0.021676522
233427	3564	0.021676522
233427	4369	0.021676522
233427	4900	0.021676522
233427	6391	0.021676522
233427	105	0.02167652
233427	79	0.021676518
233430	6083	0.027320728
233430	2528	0.027320726
233430	1722	0.027320724
233430	6391	0.027320724
233430	4900	0.027320722
233430	79	0.02732072
233430	105	0.02732072
233430	1143	0.02732072
233430	3564	0.02732072
233430	4369	0.02732072
233431	2528	0.02262524
233431	6083	0.02262524
233431	1722	0.022625238
233431	6391	0.022625238
233431	4369	0.022625236
233431	4900	0.022625236
233431	79	0.022625234
233431	105	0.022625234
233431	1143	0.022625234
233431	3564	0.022625234
233436	2528	0.02443239
233436	6083	0.02443239
233436	1722	0.024432389
233436	3564	0.024432387
233436	4369	0.024432387
233436	4900	0.024432387
233436	6391	0.024432387
233436	79	0.024432385
233436	105	0.024432385
233436	1143	0.024432385
233445	1722	0.031548075
233445	2528	0.031548075
233445	6083	0.031548075
233445	6391	0.03154807
233445	79	0.031548068
233445	105	0.031548068
233445	1143	0.031548068
233445	3564	0.031548068
233445	3917	0.031548068
233445	4369	0.031548068
233480	2528	0.03358884
233480	6083	0.03358884
233480	1722	0.033588838
233480	3564	0.033588834
233480	4369	0.033588834
233480	4900	0.033588834
233480	6391	0.033588834
233480	79	0.03358883
233480	105	0.03358883
233480	1143	0.03358883
233526	6083	0.030260323
233526	1722	0.03026032
233526	2528	0.03026032
233526	4900	0.030260319
233526	6391	0.030260319
233526	4369	0.030260317
233526	79	0.030260315
233526	105	0.030260315
233526	1143	0.030260315
233526	3564	0.030260315
233529	2528	0.02566509
233529	6083	0.02566509
233529	1722	0.025665088
233529	4900	0.025665086
233529	6391	0.025665086
233529	4369	0.025665084
233529	79	0.025665082
233529	105	0.025665082
233529	1143	0.025665082
233529	3564	0.025665082
233543	2528	0.027457476
233543	6083	0.027457476
233543	1722	0.027457474
233543	4900	0.027457472
233543	6391	0.027457472
233543	3564	0.02745747
233543	4369	0.02745747
233543	79	0.027457468
233543	105	0.027457468
233543	1143	0.027457468
233578	6083	0.030320266
233578	2528	0.030320264
233578	1722	0.030320263
233578	4900	0.030320263
233578	6391	0.030320263
233578	4369	0.03032026
233578	3564	0.030320259
233578	79	0.030320257
233578	105	0.030320257
233578	1143	0.030320257
233711	1722	0.041689496
233711	6083	0.041689496
233711	2528	0.041689493
233711	4369	0.041689493
233711	4900	0.041689493
233711	6391	0.041689493
233711	79	0.041689485
233711	105	0.041689485
233711	1143	0.041689485
233711	3564	0.041689485
233719	6083	0.03150757
233719	1722	0.031507567
233719	2528	0.031507567
233719	4369	0.031507567
233719	4900	0.031507567
233719	6391	0.031507567
233719	105	0.031507563
233719	1143	0.031507563
233719	3564	0.031507563
233719	79	0.03150756
233856	6083	0.032625113
233856	1722	0.03262511
233856	2528	0.03262511
233856	3564	0.03262511
233856	4900	0.03262511
233856	6391	0.03262511
233856	105	0.032625105
233856	4369	0.032625105
233856	5896	0.032625105
233856	79	0.0326251
233867	2528	0.036054596
233867	6083	0.036054596
233867	1722	0.036054593
233867	4369	0.036054593
233867	6391	0.036054593
233867	79	0.03605459
233867	105	0.03605459
233867	1143	0.03605459
233867	3564	0.03605459
233867	3917	0.03605459
233889	2528	0.029150268
233889	6083	0.029150268
233889	1722	0.029150264
233889	4369	0.029150262
233889	4900	0.029150262
233889	6391	0.029150262
233889	79	0.02915026
233889	1143	0.02915026
233889	3564	0.02915026
233889	105	0.029150259
233903	2528	0.032689862
233903	6083	0.032689862
233903	1722	0.03268986
233903	105	0.032689855
233903	1143	0.032689855
233903	3917	0.032689855
233903	4369	0.032689855
233903	4900	0.032689855
233903	6391	0.032689855
233903	79	0.03268985
233911	2528	0.02535209
233911	6083	0.02535209
233911	1722	0.025352087
233911	4369	0.025352087
233911	4900	0.025352087
233911	6391	0.025352087
233911	1143	0.025352085
233911	3564	0.025352085
233911	79	0.025352083
233911	105	0.025352083
233976	6083	0.03009079
233976	1722	0.030090787
233976	2528	0.030090787
233976	4369	0.030090783
233976	4900	0.030090783
233976	6391	0.030090783
233976	79	0.03009078
233976	1143	0.03009078
233976	3564	0.03009078
233976	105	0.030090779
234023	2528	0.036318354
234023	6083	0.036318354
234023	1722	0.03631835
234023	79	0.036318347
234023	105	0.036318347
234023	1143	0.036318347
234023	3564	0.036318347
234023	3917	0.036318347
234023	4369	0.036318347
234023	4900	0.036318347
234165	2528	0.035976153
234165	1143	0.03597615
234165	1722	0.03597615
234165	4369	0.03597615
234165	4900	0.03597615
234165	6083	0.03597615
234165	6391	0.03597615
234165	79	0.035976145
234165	3564	0.035976145
234165	105	0.03597614
234359	2528	0.03492675
234359	6083	0.03492675
234359	1722	0.034926746
234359	79	0.034926742
234359	105	0.034926742
234359	1143	0.034926742
234359	3564	0.034926742
234359	4369	0.034926742
234359	4900	0.034926742
234359	6391	0.034926742
234399	6083	0.040965386
234399	1722	0.040965382
234399	2528	0.04096538
234399	4900	0.04096538
234399	6391	0.04096538
234399	79	0.040965375
234399	1143	0.040965375
234399	3564	0.040965375
234399	4369	0.040965375
234399	105	0.04096537
234565	2528	0.024002718
234565	6083	0.024002718
234565	1722	0.024002716
234565	4900	0.024002716
234565	6391	0.024002716
234565	4369	0.024002714
234565	79	0.024002712
234565	105	0.024002712
234565	1143	0.024002712
234565	3564	0.024002712
234597	2528	0.047276963
234597	1722	0.04727696
234597	6083	0.04727696
234597	4900	0.047276955
234597	6391	0.047276955
234597	79	0.04727695
234597	1143	0.04727695
234597	3564	0.04727695
234597	3917	0.04727695
234597	4369	0.04727695
234614	6083	0.029541967
234614	1722	0.029541966
234614	2528	0.029541966
234614	4900	0.029541964
234614	4369	0.029541962
234614	6391	0.029541962
234614	79	0.02954196
234614	1143	0.02954196
234614	3564	0.02954196
234614	105	0.029541958
234623	6083	0.033426486
234623	1722	0.033426482
234623	2528	0.033426482
234623	3564	0.03342648
234623	4369	0.03342648
234623	4900	0.03342648
234623	6391	0.03342648
234623	79	0.033426475
234623	105	0.033426475
234623	804	0.033426475
234647	1722	0.032105077
234647	2528	0.032105077
234647	6083	0.032105077
234647	1143	0.032105073
234647	4369	0.032105073
234647	4900	0.032105073
234647	6391	0.032105073
234647	79	0.03210507
234647	105	0.03210507
234647	3564	0.03210507
234672	6083	0.03089715
234672	1722	0.030897148
234672	2528	0.030897148
234672	6391	0.030897146
234672	4369	0.030897144
234672	4900	0.030897144
234672	1143	0.030897142
234672	3564	0.030897142
234672	79	0.03089714
234672	105	0.03089714
234675	6083	0.0343663
234675	1722	0.034366295
234675	2528	0.034366295
234675	4369	0.034366295
234675	4900	0.034366295
234675	6391	0.034366295
234675	1143	0.03436629
234675	79	0.034366287
234675	105	0.034366287
234675	804	0.034366287
234721	1722	0.040275007
234721	2528	0.040275007
234721	4900	0.040275007
234721	6083	0.040275007
234721	6391	0.040275004
234721	79	0.040275
234721	804	0.040275
234721	3088	0.040275
234721	3564	0.040275
234721	3917	0.040275
234743	6083	0.026093518
234743	1722	0.026093516
234743	2528	0.026093516
234743	6391	0.026093516
234743	4900	0.026093515
234743	1143	0.026093513
234743	3564	0.026093513
234743	4369	0.026093513
234743	79	0.02609351
234743	5896	0.02609351
234765	1722	0.038506746
234765	2528	0.038506746
234765	6083	0.038506746
234765	4900	0.038506743
234765	1143	0.03850674
234765	3088	0.03850674
234765	3564	0.03850674
234765	4369	0.03850674
234765	6391	0.03850674
234765	79	0.038506735
234893	2528	0.02444848
234893	6083	0.02444848
234893	1722	0.024448479
234893	4900	0.024448479
234893	4369	0.024448477
234893	6391	0.024448477
234893	79	0.024448475
234893	3564	0.024448475
234893	105	0.024448473
234893	1143	0.024448473
234901	6083	0.030633958
234901	1722	0.030633956
234901	2528	0.030633956
234901	4900	0.030633954
234901	6391	0.030633954
234901	79	0.030633952
234901	1143	0.030633952
234901	4369	0.030633952
234901	3564	0.03063395
234901	105	0.030633949
234925	6083	0.027091024
234925	1722	0.027091023
234925	2528	0.027091023
234925	6391	0.027091023
234925	4900	0.02709102
234925	79	0.027091019
234925	1143	0.027091019
234925	3564	0.027091019
234925	4369	0.027091019
234925	105	0.027091017
234948	6083	0.02858832
234948	1722	0.028588317
234948	2528	0.028588317
234948	4900	0.028588315
234948	6391	0.028588315
234948	3564	0.028588314
234948	4369	0.028588314
234948	1143	0.028588312
234948	79	0.02858831
234948	105	0.02858831
234954	2528	0.040862788
234954	6083	0.040862788
234954	1722	0.040862784
234954	4900	0.040862784
234954	6391	0.040862784
234954	79	0.04086278
234954	3564	0.04086278
234954	4369	0.04086278
234954	105	0.040862776
234954	804	0.040862776
235059	6083	0.028090602
235059	1722	0.0280906
235059	2528	0.0280906
235059	4900	0.028090598
235059	4369	0.028090596
235059	6391	0.028090596
235059	1143	0.028090594
235059	3564	0.028090594
235059	79	0.028090592
235059	105	0.028090592
235099	6083	0.02760742
235099	1722	0.027607419
235099	2528	0.027607419
235099	6391	0.027607419
235099	3564	0.027607415
235099	4369	0.027607415
235099	4900	0.027607415
235099	79	0.027607413
235099	105	0.027607413
235099	1143	0.027607413
235146	1722	0.029122528
235146	2528	0.029122528
235146	6083	0.029122528
235146	6391	0.029122528
235146	4900	0.029122526
235146	1143	0.029122524
235146	4369	0.029122524
235146	79	0.029122522
235146	3564	0.029122522
235146	105	0.02912252
235173	6083	0.021383151
235173	1722	0.021383148
235173	2528	0.021383148
235173	6391	0.021383148
235173	4369	0.021383146
235173	4900	0.021383146
235173	79	0.021383144
235173	105	0.021383144
235173	1143	0.021383144
235173	3088	0.021383144
235206	6083	0.0253109
235206	1722	0.025310896
235206	2528	0.025310896
235206	4900	0.025310896
235206	6391	0.025310896
235206	3564	0.025310894
235206	79	0.025310893
235206	105	0.025310893
235206	1143	0.025310893
235206	4369	0.025310893
235282	6083	0.029304866
235282	1722	0.029304864
235282	2528	0.029304864
235282	6391	0.029304862
235282	4369	0.02930486
235282	4900	0.02930486
235282	105	0.029304858
235282	1143	0.029304858
235282	3564	0.029304858
235282	79	0.029304856
235384	2528	0.03742291
235384	6083	0.03742291
235384	1722	0.037422907
235384	79	0.037422903
235384	105	0.037422903
235384	1143	0.037422903
235384	3564	0.037422903
235384	4369	0.037422903
235384	4900	0.037422903
235384	6391	0.037422903
235392	2528	0.032282434
235392	4900	0.032282434
235392	6083	0.032282434
235392	6391	0.032282434
235392	1722	0.03228243
235392	79	0.032282427
235392	105	0.032282427
235392	1143	0.032282427
235392	3564	0.032282427
235392	3978	0.032282427
235498	2528	0.029586576
235498	6083	0.029586576
235498	1722	0.029586572
235498	4900	0.029586572
235498	6391	0.029586572
235498	4369	0.02958657
235498	79	0.029586568
235498	105	0.029586568
235498	1143	0.029586568
235498	3564	0.029586568
235506	2528	0.028251486
235506	1722	0.028251484
235506	6083	0.028251484
235506	6391	0.028251484
235506	1143	0.02825148
235506	3564	0.02825148
235506	4369	0.02825148
235506	4900	0.02825148
235506	105	0.028251478
235506	79	0.028251477
235543	2528	0.026705738
235543	6083	0.026705736
235543	1722	0.026705734
235543	4900	0.026705734
235543	6391	0.026705734
235543	1143	0.026705733
235543	4369	0.026705733
235543	79	0.02670573
235543	105	0.02670573
235543	3564	0.02670573
235671	2528	0.029535599
235671	6083	0.029535599
235671	1722	0.029535595
235671	4900	0.029535595
235671	4369	0.029535593
235671	6391	0.029535593
235671	79	0.029535592
235671	1143	0.029535592
235671	3564	0.029535592
235671	105	0.02953559
235684	1722	0.03392864
235684	2528	0.03392864
235684	6083	0.03392864
235684	4900	0.033928636
235684	6391	0.033928636
235684	79	0.033928633
235684	105	0.033928633
235684	1143	0.033928633
235684	3564	0.033928633
235684	3917	0.033928633
235842	2528	0.023823831
235842	6083	0.023823831
235842	6391	0.02382383
235842	1722	0.023823828
235842	4369	0.023823828
235842	4900	0.023823828
235842	79	0.023823824
235842	105	0.023823824
235842	1143	0.023823824
235842	3564	0.023823824
235884	1722	0.03200449
235884	2528	0.03200449
235884	6083	0.03200449
235884	4900	0.032004487
235884	6391	0.032004487
235884	79	0.032004483
235884	1143	0.032004483
235884	3564	0.032004483
235884	3917	0.032004483
235884	4369	0.032004483
235888	6083	0.026064282
235888	2528	0.02606428
235888	1722	0.026064279
235888	4900	0.026064277
235888	6391	0.026064277
235888	4369	0.026064275
235888	79	0.026064273
235888	105	0.026064273
235888	1143	0.026064273
235888	3088	0.026064273
235895	6083	0.029658167
235895	1722	0.029658165
235895	2528	0.029658165
235895	4900	0.029658163
235895	4369	0.029658161
235895	6391	0.029658161
235895	79	0.02965816
235895	105	0.02965816
235895	1143	0.02965816
235895	3564	0.02965816
235935	2528	0.054906487
235935	6083	0.054906487
235935	1722	0.05490648
235935	4369	0.05490648
235935	4900	0.05490648
235935	6391	0.05490648
235935	105	0.054906473
235935	1143	0.054906473
235935	3564	0.054906473
235935	79	0.05490647
235952	1722	0.032196403
235952	2528	0.032196403
235952	6083	0.032196403
235952	4900	0.0321964
235952	6391	0.0321964
235952	79	0.032196395
235952	105	0.032196395
235952	1143	0.032196395
235952	3564	0.032196395
235952	3917	0.032196395
236017	2528	0.03453945
236017	6083	0.03453945
236017	1143	0.034539446
236017	1722	0.034539446
236017	4369	0.034539446
236017	4900	0.034539446
236017	6391	0.034539446
236017	79	0.034539443
236017	3564	0.034539443
236017	105	0.03453944
236025	6083	0.032327693
236025	1722	0.03232769
236025	2528	0.03232769
236025	4369	0.03232769
236025	4900	0.03232769
236025	6391	0.03232769
236025	79	0.03232768
236025	105	0.03232768
236025	804	0.03232768
236025	1143	0.03232768
236030	6083	0.026778739
236030	2528	0.026778737
236030	1722	0.026778735
236030	4900	0.026778735
236030	6391	0.026778733
236030	79	0.026778731
236030	105	0.026778731
236030	1143	0.026778731
236030	3564	0.026778731
236030	4369	0.026778731
236044	2528	0.03385048
236044	6083	0.03385048
236044	1722	0.033850476
236044	4369	0.033850476
236044	4900	0.033850476
236044	6391	0.033850476
236044	79	0.033850472
236044	3564	0.033850472
236044	105	0.03385047
236044	804	0.03385047
236058	2528	0.036897115
236058	6083	0.036897115
236058	1143	0.03689711
236058	1722	0.03689711
236058	79	0.036897108
236058	105	0.036897108
236058	3564	0.036897108
236058	3917	0.036897108
236058	4369	0.036897108
236058	4900	0.036897108
236097	2528	0.022443008
236097	6083	0.022443008
236097	1722	0.022443004
236097	4369	0.022443004
236097	4900	0.022443004
236097	79	0.022443
236097	105	0.022443
236097	804	0.022443
236097	1143	0.022443
236097	3564	0.022443
236164	6083	0.023286495
236164	1722	0.023286493
236164	2528	0.023286493
236164	6391	0.023286493
236164	3564	0.023286492
236164	4369	0.023286492
236164	4900	0.023286492
236164	79	0.02328649
236164	1143	0.02328649
236164	105	0.023286488
236172	6083	0.028955827
236172	1722	0.028955825
236172	2528	0.028955825
236172	4900	0.028955823
236172	6391	0.028955823
236172	4369	0.028955821
236172	79	0.02895582
236172	105	0.02895582
236172	3564	0.02895582
236172	1143	0.028955817
236235	6083	0.03388886
236235	2528	0.033888858
236235	1722	0.033888854
236235	3564	0.033888854
236235	4369	0.033888854
236235	4900	0.033888854
236235	6391	0.033888854
236235	79	0.03388885
236235	1143	0.03388885
236235	3088	0.03388885
236255	1722	0.031808987
236255	2528	0.031808987
236255	4900	0.031808987
236255	6083	0.031808987
236255	6391	0.031808987
236255	105	0.031808984
236255	3564	0.031808984
236255	4369	0.031808984
236255	79	0.03180898
236255	804	0.03180898
236267	6083	0.027175477
236267	1722	0.027175475
236267	2528	0.027175475
236267	6391	0.027175473
236267	1143	0.027175471
236267	3564	0.027175471
236267	4369	0.027175471
236267	4900	0.027175471
236267	79	0.02717547
236267	105	0.027175467
236269	6083	0.038477015
236269	1722	0.03847701
236269	2528	0.03847701
236269	4369	0.03847701
236269	4900	0.03847701
236269	6391	0.03847701
236269	79	0.038477007
236269	3564	0.038477007
236269	105	0.038477004
236269	804	0.038477004
236322	6083	0.03809208
236322	1722	0.038092077
236322	2528	0.038092077
236322	4369	0.038092077
236322	4900	0.038092077
236322	6391	0.038092077
236322	105	0.038092073
236322	1143	0.038092073
236322	3564	0.038092073
236322	79	0.03809207
236340	2528	0.03172494
236340	6083	0.03172494
236340	1722	0.031724937
236340	4900	0.031724937
236340	1143	0.031724934
236340	3564	0.031724934
236340	4369	0.031724934
236340	6391	0.031724934
236340	79	0.03172493
236340	105	0.03172493
236349	6083	0.021454366
236349	1722	0.021454364
236349	2528	0.021454364
236349	4369	0.021454364
236349	6391	0.021454364
236349	4900	0.021454362
236349	79	0.02145436
236349	105	0.02145436
236349	1143	0.02145436
236349	3564	0.02145436
236399	6083	0.03273048
236399	1722	0.032730475
236399	2528	0.032730475
236399	4900	0.032730475
236399	6391	0.032730475
236399	3564	0.03273047
236399	4369	0.03273047
236399	79	0.032730468
236399	105	0.032730468
236399	804	0.032730468
236480	2528	0.025546944
236480	6083	0.025546944
236480	1722	0.025546942
236480	6391	0.025546942
236480	4900	0.02554694
236480	79	0.025546938
236480	1143	0.025546938
236480	3564	0.025546938
236480	4369	0.025546938
236480	105	0.025546936
236587	1722	0.03547649
236587	2528	0.03547649
236587	6083	0.03547649
236587	6391	0.035476487
236587	79	0.035476483
236587	1143	0.035476483
236587	3564	0.035476483
236587	4369	0.035476483
236587	4900	0.035476483
236587	105	0.03547648
236595	1722	0.02752567
236595	2528	0.02752567
236595	6083	0.02752567
236595	4900	0.027525669
236595	79	0.027525667
236595	3564	0.027525667
236595	4369	0.027525667
236595	6391	0.027525667
236595	1143	0.027525665
236595	105	0.027525663
236618	6083	0.02708916
236618	2528	0.027089158
236618	1722	0.027089156
236618	1143	0.027089154
236618	4900	0.027089154
236618	6391	0.027089154
236618	79	0.027089152
236618	105	0.027089152
236618	3564	0.027089152
236618	3917	0.027089152
236621	6083	0.038276367
236621	1722	0.038276363
236621	2528	0.038276363
236621	6391	0.038276363
236621	79	0.03827636
236621	3564	0.03827636
236621	4369	0.03827636
236621	4900	0.03827636
236621	1143	0.038276356
236621	3917	0.038276356
236700	2528	0.029458769
236700	6083	0.029458769
236700	1722	0.029458765
236700	6391	0.029458765
236700	4369	0.029458763
236700	4900	0.029458763
236700	79	0.029458761
236700	1143	0.029458761
236700	3564	0.029458761
236700	105	0.02945876
236754	1722	0.035579816
236754	2528	0.035579816
236754	6083	0.035579816
236754	3564	0.03557981
236754	4369	0.03557981
236754	4900	0.03557981
236754	6391	0.03557981
236754	79	0.035579808
236754	1143	0.035579808
236754	3917	0.035579808
236757	2528	0.037313532
236757	1722	0.03731353
236757	4369	0.03731353
236757	4900	0.03731353
236757	6083	0.03731353
236757	6391	0.03731353
236757	105	0.037313525
236757	1143	0.037313525
236757	79	0.03731352
236757	804	0.03731352
236840	6083	0.03632503
236840	2528	0.036325026
236840	1143	0.036325023
236840	1722	0.036325023
236840	3564	0.036325023
236840	4369	0.036325023
236840	4900	0.036325023
236840	6391	0.036325023
236840	79	0.03632502
236840	3917	0.03632502
236943	1722	0.034811463
236943	6083	0.034811463
236943	2528	0.03481146
236943	4369	0.03481146
236943	4900	0.03481146
236943	6391	0.03481146
236943	79	0.034811456
236943	3564	0.034811456
236943	105	0.034811452
236943	804	0.034811452
236948	1722	0.04222267
236948	2528	0.04222267
236948	6083	0.04222267
236948	4900	0.042222667
236948	3564	0.042222664
236948	4369	0.042222664
236948	6391	0.042222664
236948	79	0.04222266
236948	105	0.04222266
236948	1143	0.04222266
236955	1722	0.035488114
236955	2528	0.035488114
236955	6083	0.035488114
236955	4900	0.03548811
236955	6391	0.03548811
236955	79	0.035488106
236955	105	0.035488106
236955	1143	0.035488106
236955	3088	0.035488106
236955	3564	0.035488106
236959	6083	0.02736615
236959	2528	0.027366148
236959	1722	0.027366146
236959	6391	0.027366146
236959	1143	0.027366145
236959	4369	0.027366145
236959	4900	0.027366145
236959	79	0.027366143
236959	3564	0.027366143
236959	5896	0.027366143
236979	2528	0.033943098
236979	6083	0.033943098
236979	79	0.033943094
236979	1722	0.033943094
236979	3564	0.033943094
236979	4369	0.033943094
236979	4900	0.033943094
236979	6391	0.033943094
236979	105	0.03394309
236979	1143	0.03394309
236994	2528	0.027254943
236994	6083	0.027254943
236994	1722	0.027254941
236994	4369	0.02725494
236994	4900	0.02725494
236994	6391	0.02725494
236994	1143	0.027254937
236994	79	0.027254935
236994	105	0.027254935
236994	3088	0.027254935
237064	6083	0.028564792
237064	2528	0.02856479
237064	1722	0.028564788
237064	4369	0.028564788
237064	4900	0.028564788
237064	6391	0.028564788
237064	79	0.028564785
237064	105	0.028564785
237064	1143	0.028564785
237064	3564	0.028564785
237264	6083	0.033080097
237264	1722	0.033080094
237264	2528	0.033080094
237264	4900	0.033080094
237264	6391	0.033080094
237264	79	0.03308009
237264	105	0.03308009
237264	1143	0.03308009
237264	3564	0.03308009
237264	4369	0.03308009
237271	2528	0.03219966
237271	6083	0.03219966
237271	1722	0.032199655
237271	4369	0.032199655
237271	4900	0.032199655
237271	6391	0.032199655
237271	79	0.03219965
237271	105	0.03219965
237271	804	0.03219965
237271	1143	0.03219965
237275	1722	0.026676148
237275	2528	0.026676148
237275	6083	0.026676148
237275	3564	0.026676144
237275	4369	0.026676144
237275	4900	0.026676144
237275	6391	0.026676144
237275	79	0.02667614
237275	105	0.02667614
237275	1143	0.02667614
237397	2528	0.029121201
237397	6083	0.029121201
237397	1722	0.0291212
237397	4900	0.029121198
237397	6391	0.029121198
237397	4369	0.029121196
237397	79	0.029121194
237397	1143	0.029121194
237397	3564	0.029121194
237397	105	0.029121192
237407	1722	0.021459047
237407	2528	0.021459047
237407	6083	0.021459047
237407	4369	0.021459043
237407	4900	0.021459043
237407	6391	0.021459043
237407	79	0.021459041
237407	1143	0.021459041
237407	3564	0.021459041
237407	105	0.02145904
237411	2528	0.02574139
237411	6083	0.02574139
237411	1722	0.025741387
237411	4369	0.025741387
237411	4900	0.025741387
237411	6391	0.025741387
237411	1143	0.025741385
237411	3564	0.025741385
237411	79	0.025741383
237411	105	0.025741383
237429	6083	0.02454211
237429	1722	0.024542108
237429	2528	0.024542108
237429	4900	0.024542108
237429	4369	0.024542106
237429	6391	0.024542106
237429	79	0.024542104
237429	105	0.024542104
237429	1143	0.024542104
237429	3564	0.024542104
237433	6083	0.030266114
237433	2528	0.030266112
237433	1722	0.03026611
237433	4369	0.03026611
237433	6391	0.03026611
237433	4900	0.030266108
237433	79	0.030266106
237433	105	0.030266106
237433	1143	0.030266106
237433	3564	0.030266106
237434	2528	0.029118724
237434	6083	0.029118724
237434	1722	0.029118722
237434	6391	0.029118722
237434	4369	0.02911872
237434	4900	0.02911872
237434	1143	0.029118719
237434	3564	0.029118719
237434	79	0.029118717
237434	105	0.029118717
237474	2528	0.030166782
237474	6083	0.030166782
237474	1722	0.03016678
237474	4369	0.030166779
237474	4900	0.030166779
237474	6391	0.030166779
237474	79	0.030166775
237474	105	0.030166775
237474	1143	0.030166775
237474	3564	0.030166775
237486	2528	0.030949395
237486	6083	0.030949395
237486	1722	0.030949391
237486	4900	0.030949391
237486	6391	0.030949391
237486	4369	0.03094939
237486	79	0.030949388
237486	105	0.030949388
237486	1143	0.030949388
237486	3564	0.030949388
237534	2528	0.024873707
237534	6083	0.024873707
237534	1722	0.024873706
237534	4369	0.024873704
237534	4900	0.024873704
237534	6391	0.024873704
237534	79	0.024873702
237534	1143	0.024873702
237534	105	0.0248737
237534	3088	0.0248737
237715	1722	0.027888425
237715	2528	0.027888425
237715	6083	0.027888425
237715	4900	0.027888423
237715	6391	0.027888423
237715	3564	0.027888421
237715	4369	0.027888421
237715	1143	0.02788842
237715	79	0.027888417
237715	105	0.027888417
237748	1722	0.04173643
237748	2528	0.04173643
237748	6083	0.04173643
237748	6391	0.041736428
237748	1143	0.041736424
237748	3564	0.041736424
237748	4369	0.041736424
237748	4900	0.041736424
237748	79	0.04173642
237748	105	0.04173642
237856	6083	0.021413026
237856	1722	0.021413025
237856	2528	0.021413025
237856	4369	0.021413025
237856	4900	0.021413025
237856	6391	0.021413025
237856	79	0.021413023
237856	3564	0.021413023
237856	105	0.02141302
237856	804	0.02141302
237898	6083	0.032767527
237898	1722	0.032767523
237898	2528	0.032767523
237898	3564	0.03276752
237898	4369	0.03276752
237898	4900	0.03276752
237898	6391	0.03276752
237898	79	0.032767516
237898	105	0.032767516
237898	1143	0.032767516
237990	1722	0.034376554
237990	2528	0.034376554
237990	6083	0.034376554
237990	4369	0.03437655
237990	6391	0.03437655
237990	79	0.034376547
237990	804	0.034376547
237990	1143	0.034376547
237990	3564	0.034376547
237990	4900	0.034376547
238008	6083	0.020687703
238008	1722	0.020687701
238008	2528	0.020687701
238008	4369	0.0206877
238008	4900	0.0206877
238008	6391	0.0206877
238008	79	0.020687697
238008	1143	0.020687697
238008	105	0.020687696
238008	804	0.020687696
238010	6083	0.028075142
238010	1722	0.02807514
238010	2528	0.02807514
238010	4900	0.028075138
238010	6391	0.028075138
238010	4369	0.028075136
238010	1143	0.028075134
238010	3564	0.028075134
238010	79	0.028075133
238010	105	0.028075133
238057	105	0.03180188
238057	1722	0.03180188
238057	2528	0.03180188
238057	3564	0.03180188
238057	4369	0.03180188
238057	4900	0.03180188
238057	6083	0.03180188
238057	6391	0.03180188
238057	1143	0.031801876
238057	79	0.031801872
238065	2528	0.033605136
238065	6083	0.033605136
238065	1722	0.033605132
238065	79	0.03360513
238065	105	0.03360513
238065	1143	0.03360513
238065	3564	0.03360513
238065	4369	0.03360513
238065	4900	0.03360513
238065	6391	0.03360513
238120	2528	0.04161048
238120	6083	0.04161048
238120	1722	0.041610476
238120	6391	0.041610476
238120	1143	0.041610472
238120	3564	0.041610472
238120	4369	0.041610472
238120	4900	0.041610472
238120	79	0.04161047
238120	105	0.04161047
238179	2528	0.023576735
238179	6083	0.023576735
238179	1722	0.023576733
238179	4900	0.023576733
238179	6391	0.023576733
238179	3564	0.02357673
238179	4369	0.02357673
238179	79	0.023576729
238179	105	0.023576729
238179	1143	0.023576729
238222	6083	0.034706663
238222	1722	0.03470666
238222	2528	0.03470666
238222	4900	0.034706656
238222	6391	0.034706656
238222	79	0.034706652
238222	105	0.034706652
238222	1143	0.034706652
238222	3564	0.034706652
238222	3917	0.034706652
238246	6083	0.025766155
238246	1722	0.025766153
238246	2528	0.025766153
238246	4900	0.025766153
238246	6391	0.025766153
238246	79	0.02576615
238246	105	0.02576615
238246	1143	0.02576615
238246	3564	0.02576615
238246	4369	0.02576615
238319	2528	0.032718804
238319	6083	0.032718804
238319	1143	0.0327188
238319	1722	0.0327188
238319	3564	0.0327188
238319	4369	0.0327188
238319	4900	0.0327188
238319	6391	0.0327188
238319	79	0.032718796
238319	105	0.032718796
238350	6083	0.030449275
238350	1722	0.030449273
238350	2528	0.030449273
238350	6391	0.030449271
238350	4369	0.03044927
238350	4900	0.03044927
238350	79	0.030449267
238350	1143	0.030449267
238350	3564	0.030449267
238350	105	0.030449266
238400	1722	0.022975333
238400	2528	0.022975333
238400	4900	0.022975333
238400	6083	0.022975333
238400	6391	0.022975331
238400	105	0.02297533
238400	1143	0.02297533
238400	3564	0.02297533
238400	4369	0.02297533
238400	79	0.022975327
238419	2528	0.033375047
238419	6083	0.033375047
238419	1722	0.033375043
238419	6391	0.033375043
238419	79	0.03337504
238419	105	0.03337504
238419	1143	0.03337504
238419	3564	0.03337504
238419	3978	0.03337504
238419	4369	0.03337504
238540	6083	0.029017434
238540	1722	0.02901743
238540	2528	0.02901743
238540	4900	0.02901743
238540	6391	0.02901743
238540	79	0.029017426
238540	105	0.029017426
238540	3564	0.029017426
238540	4369	0.029017426
238540	1143	0.029017424
238541	6083	0.020324633
238541	1722	0.02032463
238541	2528	0.02032463
238541	6391	0.02032463
238541	4369	0.020324629
238541	4900	0.020324629
238541	105	0.020324627
238541	1143	0.020324627
238541	3564	0.020324627
238541	79	0.020324625
238557	6083	0.04052069
238557	1722	0.040520687
238557	2528	0.040520687
238557	4369	0.040520683
238557	4900	0.040520683
238557	6391	0.040520683
238557	79	0.040520675
238557	105	0.040520675
238557	804	0.040520675
238557	1143	0.040520675
238568	2528	0.0296208
238568	6083	0.0296208
238568	1722	0.029620798
238568	4369	0.029620796
238568	4900	0.029620796
238568	6391	0.029620796
238568	79	0.029620793
238568	105	0.029620793
238568	1143	0.029620793
238568	3564	0.029620793
238607	6083	0.022926243
238607	2528	0.022926241
238607	6391	0.022926241
238607	1722	0.02292624
238607	105	0.022926237
238607	1143	0.022926237
238607	3564	0.022926237
238607	4369	0.022926237
238607	4900	0.022926237
238607	79	0.022926236
238613	2528	0.042076323
238613	6083	0.042076323
238613	1722	0.04207632
238613	4900	0.04207632
238613	6391	0.04207632
238613	3564	0.042076316
238613	4369	0.042076316
238613	79	0.042076312
238613	105	0.042076312
238613	804	0.042076312
238630	2528	0.028443452
238630	6083	0.028443452
238630	1722	0.02844345
238630	4369	0.028443448
238630	4900	0.028443448
238630	6391	0.028443448
238630	3564	0.028443446
238630	79	0.028443445
238630	105	0.028443445
238630	1143	0.028443445
238639	6083	0.033013303
238639	1722	0.0330133
238639	2528	0.0330133
238639	6391	0.0330133
238639	105	0.033013295
238639	1143	0.033013295
238639	3564	0.033013295
238639	4369	0.033013295
238639	4900	0.033013295
238639	5896	0.033013295
238699	6083	0.030047014
238699	2528	0.030047012
238699	1722	0.03004701
238699	4900	0.03004701
238699	4369	0.030047009
238699	6391	0.030047009
238699	1143	0.030047007
238699	3564	0.030047007
238699	79	0.030047005
238699	105	0.030047005
238735	1722	0.034778856
238735	2528	0.034778856
238735	6083	0.034778856
238735	4900	0.034778852
238735	6391	0.034778852
238735	79	0.03477885
238735	105	0.03477885
238735	1143	0.03477885
238735	3088	0.03477885
238735	3564	0.03477885
238739	2528	0.03057418
238739	6083	0.03057418
238739	1722	0.030574176
238739	4900	0.030574175
238739	6391	0.030574175
238739	1143	0.030574173
238739	3564	0.030574173
238739	4369	0.030574173
238739	79	0.03057417
238739	105	0.03057417
238757	6083	0.028183889
238757	1722	0.028183885
238757	2528	0.028183885
238757	6391	0.028183885
238757	4369	0.028183883
238757	4900	0.028183883
238757	79	0.028183881
238757	105	0.028183881
238757	1143	0.028183881
238757	3564	0.028183881
238779	6083	0.023458984
238779	1722	0.023458982
238779	2528	0.023458982
238779	4900	0.02345898
238779	6391	0.02345898
238779	3564	0.023458978
238779	4369	0.023458978
238779	79	0.023458976
238779	105	0.023458976
238779	804	0.023458976
238781	1722	0.040719226
238781	2528	0.040719226
238781	6083	0.040719226
238781	4900	0.040719222
238781	6391	0.040719222
238781	79	0.04071922
238781	105	0.04071922
238781	1143	0.04071922
238781	3564	0.04071922
238781	3917	0.04071922
238836	6083	0.0350749
238836	1722	0.035074897
238836	2528	0.035074897
238836	6391	0.035074897
238836	4900	0.035074893
238836	79	0.03507489
238836	105	0.03507489
238836	804	0.03507489
238836	1143	0.03507489
238836	3088	0.03507489
238849	6083	0.024145456
238849	1722	0.024145454
238849	2528	0.024145454
238849	4900	0.024145452
238849	79	0.02414545
238849	1143	0.02414545
238849	3564	0.02414545
238849	4369	0.02414545
238849	6391	0.02414545
238849	105	0.024145449
238864	2528	0.037952784
238864	6083	0.037952784
238864	1722	0.03795278
238864	4369	0.03795278
238864	4900	0.03795278
238864	6391	0.03795278
238864	79	0.037952777
238864	1143	0.037952777
238864	3564	0.037952777
238864	105	0.037952773
238889	6083	0.029499732
238889	1722	0.029499728
238889	2528	0.029499728
238889	6391	0.029499728
238889	4369	0.029499726
238889	4900	0.029499726
238889	3564	0.029499725
238889	79	0.029499723
238889	105	0.029499723
238889	1143	0.029499723
239000	6083	0.036891375
239000	1722	0.03689137
239000	2528	0.03689137
239000	6391	0.03689137
239000	4900	0.036891367
239000	79	0.036891364
239000	105	0.036891364
239000	1143	0.036891364
239000	3088	0.036891364
239000	3564	0.036891364
239020	6083	0.031190038
239020	2528	0.031190036
239020	1722	0.031190034
239020	6391	0.031190034
239020	4900	0.031190032
239020	3564	0.03119003
239020	4369	0.03119003
239020	1143	0.031190028
239020	79	0.031190027
239020	105	0.031190027
239067	6083	0.028234474
239067	2528	0.028234472
239067	1722	0.02823447
239067	4900	0.02823447
239067	6391	0.02823447
239067	4369	0.028234469
239067	79	0.028234467
239067	105	0.028234467
239067	1143	0.028234467
239067	3564	0.028234467
239070	2528	0.030005235
239070	6083	0.030005235
239070	1722	0.030005233
239070	4900	0.030005231
239070	6391	0.030005231
239070	1143	0.03000523
239070	4369	0.03000523
239070	79	0.030005228
239070	105	0.030005228
239070	3564	0.030005228
239161	6083	0.03825935
239161	2528	0.038259346
239161	1722	0.038259342
239161	4369	0.038259342
239161	4900	0.038259342
239161	6391	0.038259342
239161	105	0.03825934
239161	1143	0.03825934
239161	3564	0.03825934
239161	79	0.038259335
239374	1722	0.024710845
239374	2528	0.024710845
239374	6083	0.024710845
239374	4369	0.024710841
239374	4900	0.024710841
239374	6391	0.024710841
239374	79	0.02471084
239374	105	0.024710838
239374	804	0.024710838
239374	1143	0.024710838
239407	1722	0.027027335
239407	2528	0.027027335
239407	6083	0.027027335
239407	4900	0.027027333
239407	3564	0.027027331
239407	4369	0.027027331
239407	6391	0.027027331
239407	79	0.027027328
239407	105	0.027027328
239407	804	0.027027328
239423	2528	0.03814204
239423	6083	0.03814204
239423	1722	0.038142037
239423	105	0.038142033
239423	3564	0.038142033
239423	4369	0.038142033
239423	4900	0.038142033
239423	6391	0.038142033
239423	1143	0.03814203
239423	5896	0.03814203
239460	2528	0.040820867
239460	6083	0.040820863
239460	1722	0.04082086
239460	4369	0.04082086
239460	4900	0.04082086
239460	6391	0.04082086
239460	79	0.040820856
239460	1143	0.040820856
239460	3564	0.040820856
239460	105	0.040820852
239468	6083	0.026061628
239468	1722	0.026061626
239468	2528	0.026061626
239468	4369	0.026061624
239468	4900	0.026061624
239468	6391	0.026061624
239468	1143	0.026061622
239468	79	0.02606162
239468	105	0.02606162
239468	3088	0.02606162
239481	1722	0.029007502
239481	2528	0.029007502
239481	6083	0.029007502
239481	4900	0.0290075
239481	3564	0.029007498
239481	4369	0.029007498
239481	6391	0.029007498
239481	79	0.029007496
239481	105	0.029007494
239481	1143	0.029007494
239486	2528	0.044997998
239486	6083	0.044997998
239486	1722	0.044997994
239486	1143	0.04499799
239486	4369	0.04499799
239486	4900	0.04499799
239486	6391	0.04499799
239486	79	0.044997986
239486	3564	0.044997986
239486	105	0.044997983
239488	6083	0.02796719
239488	1722	0.027967189
239488	2528	0.027967189
239488	4900	0.027967187
239488	6391	0.027967187
239488	1143	0.027967185
239488	3564	0.027967185
239488	4369	0.027967185
239488	79	0.027967183
239488	105	0.027967181
239535	6083	0.025459485
239535	1722	0.025459483
239535	2528	0.025459483
239535	6391	0.025459483
239535	4900	0.025459481
239535	79	0.02545948
239535	3564	0.02545948
239535	4369	0.02545948
239535	105	0.025459478
239535	1143	0.025459478
239554	2528	0.02943024
239554	6083	0.02943024
239554	1722	0.029430237
239554	4900	0.029430237
239554	6391	0.029430237
239554	4369	0.029430235
239554	79	0.029430233
239554	105	0.029430233
239554	1143	0.029430233
239554	3564	0.029430233
239584	1722	0.034696482
239584	2528	0.034696482
239584	6083	0.034696482
239584	4900	0.03469648
239584	6391	0.03469648
239584	79	0.034696475
239584	105	0.034696475
239584	1143	0.034696475
239584	3564	0.034696475
239584	3917	0.034696475
239594	2528	0.034347504
239594	6083	0.034347504
239594	1722	0.0343475
239594	4900	0.0343475
239594	6391	0.0343475
239594	79	0.034347497
239594	1143	0.034347497
239594	3564	0.034347497
239594	4369	0.034347497
239594	5896	0.034347497
239609	6083	0.025659822
239609	1722	0.025659818
239609	2528	0.025659818
239609	4900	0.025659818
239609	6391	0.025659818
239609	4369	0.025659816
239609	79	0.025659814
239609	105	0.025659814
239609	1143	0.025659814
239609	3088	0.025659814
239626	6083	0.02615261
239626	1722	0.026152607
239626	2528	0.026152607
239626	6391	0.026152607
239626	4900	0.026152605
239626	79	0.026152603
239626	1143	0.026152603
239626	3564	0.026152603
239626	4369	0.026152603
239626	105	0.026152601
239670	2528	0.024050288
239670	6083	0.024050288
239670	1722	0.024050286
239670	4369	0.024050284
239670	4900	0.024050284
239670	6391	0.024050284
239670	79	0.02405028
239670	105	0.02405028
239670	804	0.02405028
239670	1143	0.02405028
239688	2528	0.031591766
239688	6083	0.031591766
239688	4900	0.03159176
239688	79	0.031591758
239688	105	0.031591758
239688	1143	0.031591758
239688	1722	0.031591758
239688	3564	0.031591758
239688	4369	0.031591758
239688	6391	0.031591758
239692	2528	0.030452322
239692	6083	0.030452322
239692	1722	0.030452318
239692	4900	0.030452318
239692	6391	0.030452318
239692	4369	0.030452317
239692	1143	0.030452315
239692	3564	0.030452315
239692	79	0.030452313
239692	105	0.030452313
239736	2528	0.023131672
239736	6083	0.023131672
239736	1722	0.023131669
239736	4900	0.023131669
239736	6391	0.023131669
239736	1143	0.023131667
239736	4369	0.023131667
239736	79	0.023131665
239736	105	0.023131665
239736	3564	0.023131665
239748	2528	0.02224486
239748	6083	0.02224486
239748	1722	0.022244858
239748	3564	0.022244856
239748	4369	0.022244856
239748	4900	0.022244856
239748	6391	0.022244856
239748	105	0.022244854
239748	1143	0.022244854
239748	79	0.022244852
239788	2528	0.022850469
239788	6083	0.022850469
239788	1722	0.022850467
239788	6391	0.022850467
239788	3564	0.022850465
239788	4369	0.022850465
239788	4900	0.022850465
239788	79	0.022850463
239788	1143	0.022850463
239788	105	0.022850461
239801	2528	0.03288517
239801	4900	0.03288517
239801	6083	0.03288517
239801	6391	0.03288517
239801	1722	0.032885168
239801	4369	0.032885168
239801	79	0.032885164
239801	105	0.032885164
239801	804	0.032885164
239801	1143	0.032885164
239834	1722	0.021762658
239834	2528	0.021762658
239834	6083	0.021762658
239834	4369	0.021762656
239834	6391	0.021762656
239834	4900	0.021762654
239834	79	0.021762652
239834	105	0.021762652
239834	1143	0.021762652
239834	3564	0.021762652
240035	1722	0.039529257
240035	2528	0.039529257
240035	6083	0.039529257
240035	6391	0.039529257
240035	4900	0.039529253
240035	79	0.03952925
240035	105	0.03952925
240035	1143	0.03952925
240035	3564	0.03952925
240035	3917	0.03952925
240051	2528	0.029706066
240051	6083	0.029706066
240051	1722	0.029706065
240051	4900	0.029706065
240051	4369	0.029706063
240051	6391	0.029706063
240051	79	0.02970606
240051	1143	0.02970606
240051	3564	0.02970606
240051	105	0.029706059
240107	2528	0.031975873
240107	6083	0.031975873
240107	79	0.031975865
240107	1722	0.031975865
240107	4369	0.031975865
240107	4900	0.031975865
240107	6391	0.031975865
240107	1143	0.03197586
240107	3564	0.03197586
240107	3978	0.03197586
240111	6083	0.024955595
240111	1722	0.024955593
240111	2528	0.024955593
240111	4369	0.024955591
240111	4900	0.024955591
240111	6391	0.024955591
240111	79	0.02495559
240111	1143	0.02495559
240111	3564	0.02495559
240111	105	0.024955587
240113	1722	0.025990855
240113	2528	0.025990855
240113	6083	0.025990855
240113	4369	0.025990853
240113	6391	0.025990853
240113	1143	0.025990851
240113	3564	0.025990851
240113	4900	0.025990851
240113	79	0.02599085
240113	105	0.02599085
240131	6083	0.020898582
240131	1722	0.02089858
240131	2528	0.02089858
240131	4900	0.02089858
240131	6391	0.02089858
240131	3564	0.020898579
240131	4369	0.020898579
240131	79	0.020898577
240131	105	0.020898577
240131	804	0.020898577
240219	2528	0.037338223
240219	6083	0.037338223
240219	1722	0.03733822
240219	4900	0.03733822
240219	6391	0.03733822
240219	4369	0.037338216
240219	79	0.037338212
240219	105	0.037338212
240219	1143	0.037338212
240219	3088	0.037338212
240224	1722	0.029894501
240224	2528	0.029894501
240224	6083	0.029894501
240224	4900	0.0298945
240224	6391	0.0298945
240224	3564	0.029894497
240224	4369	0.029894497
240224	79	0.029894495
240224	105	0.029894494
240224	1143	0.029894494
240225	1722	0.034000594
240225	2528	0.034000594
240225	6083	0.034000594
240225	1143	0.03400059
240225	3564	0.03400059
240225	4369	0.03400059
240225	4900	0.03400059
240225	6391	0.03400059
240225	79	0.034000587
240225	3917	0.034000587
240235	6083	0.027877908
240235	1722	0.027877904
240235	2528	0.027877904
240235	4369	0.027877903
240235	4900	0.027877903
240235	6391	0.027877903
240235	79	0.0278779
240235	1143	0.0278779
240235	3564	0.0278779
240235	105	0.027877899
240267	2528	0.026420876
240267	6083	0.026420876
240267	1722	0.026420875
240267	3564	0.026420873
240267	4369	0.026420873
240267	4900	0.026420873
240267	6391	0.026420873
240267	79	0.02642087
240267	105	0.02642087
240267	1143	0.02642087
240272	6083	0.030277928
240272	2528	0.030277926
240272	1722	0.030277923
240272	4369	0.030277923
240272	4900	0.030277923
240272	6391	0.030277923
240272	1143	0.03027792
240272	79	0.030277919
240272	3564	0.030277919
240272	105	0.030277917
240318	1722	0.029930416
240318	2528	0.029930416
240318	6083	0.029930416
240318	6391	0.029930415
240318	1143	0.029930413
240318	3564	0.029930413
240318	4369	0.029930413
240318	4900	0.029930413
240318	79	0.029930409
240318	105	0.029930409
240333	1722	0.02382097
240333	2528	0.02382097
240333	6083	0.02382097
240333	6391	0.02382097
240333	1143	0.023820966
240333	3564	0.023820966
240333	4369	0.023820966
240333	4900	0.023820966
240333	79	0.023820965
240333	105	0.023820963
240370	6083	0.034415193
240370	2528	0.03441519
240370	1143	0.034415185
240370	1722	0.034415185
240370	3564	0.034415185
240370	4369	0.034415185
240370	4900	0.034415185
240370	6391	0.034415185
240370	79	0.03441518
240370	105	0.03441518
240401	6083	0.037246395
240401	1722	0.03724639
240401	2528	0.03724639
240401	4369	0.03724639
240401	4900	0.03724639
240401	6391	0.03724639
240401	1143	0.037246387
240401	79	0.037246384
240401	105	0.037246384
240401	804	0.037246384
240403	6083	0.032176785
240403	2528	0.03217678
240403	79	0.032176778
240403	1722	0.032176778
240403	3564	0.032176778
240403	4369	0.032176778
240403	4900	0.032176778
240403	6391	0.032176778
240403	105	0.032176774
240403	804	0.032176774
240484	6083	0.025214383
240484	1722	0.025214382
240484	2528	0.025214382
240484	4900	0.02521438
240484	6391	0.02521438
240484	1143	0.025214378
240484	3564	0.025214378
240484	4369	0.025214378
240484	79	0.025214376
240484	105	0.025214376
240495	1722	0.033079796
240495	2528	0.033079796
240495	6083	0.033079796
240495	6391	0.03307979
240495	79	0.033079788
240495	1143	0.033079788
240495	3564	0.033079788
240495	4369	0.033079788
240495	4900	0.033079788
240495	105	0.033079784
240541	1722	0.040818576
240541	2528	0.040818576
240541	6083	0.040818576
240541	4369	0.040818572
240541	4900	0.040818572
240541	6391	0.040818572
240541	105	0.04081857
240541	3917	0.04081857
240541	79	0.040818565
240541	804	0.040818565
240567	6083	0.040088914
240567	1722	0.040088907
240567	2528	0.040088907
240567	4369	0.040088907
240567	4900	0.040088907
240567	6391	0.040088907
240567	79	0.0400889
240567	105	0.0400889
240567	804	0.0400889
240567	1143	0.0400889
240568	6083	0.03930973
240568	1722	0.039309725
240568	2528	0.039309725
240568	4369	0.03930972
240568	4900	0.03930972
240568	6391	0.03930972
240568	79	0.039309718
240568	1143	0.039309718
240568	3564	0.039309718
240568	3917	0.039309718
240609	1722	0.028080754
240609	2528	0.028080754
240609	6083	0.028080754
240609	6391	0.028080752
240609	4369	0.02808075
240609	4900	0.02808075
240609	1143	0.028080748
240609	79	0.028080747
240609	105	0.028080747
240609	3088	0.028080747
240643	6083	0.031479344
240643	1722	0.03147934
240643	2528	0.03147934
240643	105	0.031479336
240643	1143	0.031479336
240643	3564	0.031479336
240643	4369	0.031479336
240643	4900	0.031479336
240643	6391	0.031479336
240643	79	0.031479333
240663	6083	0.033384603
240663	1722	0.0333846
240663	2528	0.0333846
240663	4369	0.0333846
240663	4900	0.0333846
240663	6391	0.0333846
240663	1143	0.033384595
240663	3564	0.033384595
240663	79	0.03338459
240663	105	0.03338459
240670	2528	0.02926347
240670	6083	0.02926347
240670	1722	0.029263468
240670	6391	0.029263468
240670	4369	0.029263467
240670	4900	0.029263467
240670	3564	0.029263465
240670	79	0.029263463
240670	105	0.029263463
240670	1143	0.029263463
240677	2528	0.027098864
240677	6083	0.027098864
240677	1722	0.027098862
240677	4900	0.02709886
240677	6391	0.02709886
240677	3564	0.027098859
240677	4369	0.027098859
240677	79	0.027098857
240677	105	0.027098857
240677	1143	0.027098857
240700	6083	0.032768473
240700	1722	0.032768466
240700	2528	0.032768466
240700	3564	0.032768466
240700	4369	0.032768466
240700	4900	0.032768466
240700	6391	0.032768466
240700	79	0.03276846
240700	1143	0.03276846
240700	105	0.032768458
240756	6083	0.030008033
240756	1722	0.03000803
240756	2528	0.03000803
240756	4900	0.03000803
240756	6391	0.03000803
240756	4369	0.030008027
240756	79	0.030008025
240756	1143	0.030008025
240756	3564	0.030008025
240756	105	0.030008024
240789	2528	0.035114862
240789	6083	0.035114862
240789	1143	0.035114855
240789	1722	0.035114855
240789	4369	0.035114855
240789	4900	0.035114855
240789	6391	0.035114855
240789	79	0.03511485
240789	105	0.03511485
240789	3564	0.03511485
240829	1722	0.03301117
240829	2528	0.03301117
240829	6083	0.03301117
240829	6391	0.03301117
240829	4369	0.033011165
240829	4900	0.033011165
240829	79	0.03301116
240829	1143	0.03301116
240829	3088	0.03301116
240829	3564	0.03301116
240906	6083	0.023638453
240906	2528	0.023638451
240906	1722	0.02363845
240906	4369	0.02363845
240906	4900	0.02363845
240906	6391	0.02363845
240906	79	0.023638446
240906	105	0.023638446
240906	1143	0.023638446
240906	3088	0.023638446
240932	6083	0.022119751
240932	1722	0.02211975
240932	2528	0.02211975
240932	4900	0.022119747
240932	1143	0.022119746
240932	4369	0.022119746
240932	6391	0.022119746
240932	79	0.022119744
240932	105	0.022119744
240932	3564	0.022119744
241042	1722	0.037245758
241042	2528	0.037245758
241042	6083	0.037245758
241042	6391	0.037245758
241042	1143	0.03724575
241042	3564	0.03724575
241042	3917	0.03724575
241042	4369	0.03724575
241042	4900	0.03724575
241042	79	0.037245747
241080	1722	0.037314758
241080	2528	0.037314758
241080	6083	0.037314758
241080	4369	0.037314754
241080	4900	0.037314754
241080	6391	0.037314754
241080	79	0.03731475
241080	105	0.03731475
241080	1143	0.03731475
241080	3564	0.03731475
241086	6083	0.028287815
241086	1722	0.028287813
241086	2528	0.028287813
241086	4900	0.028287811
241086	6391	0.028287811
241086	4369	0.02828781
241086	79	0.028287807
241086	1143	0.028287807
241086	3564	0.028287807
241086	105	0.028287806
241100	1722	0.03144916
241100	2528	0.03144916
241100	4900	0.03144916
241100	6083	0.03144916
241100	6391	0.03144916
241100	3564	0.031449158
241100	4369	0.031449158
241100	79	0.031449154
241100	105	0.031449154
241100	804	0.031449154
241204	1722	0.037114825
241204	2528	0.037114825
241204	6083	0.037114825
241204	79	0.03711482
241204	3564	0.03711482
241204	4369	0.03711482
241204	4900	0.03711482
241204	6391	0.03711482
241204	1143	0.037114818
241204	105	0.037114814
241214	2528	0.03771409
241214	6083	0.03771409
241214	1722	0.037714086
241214	4900	0.037714086
241214	6391	0.037714086
241214	1143	0.037714083
241214	3564	0.037714083
241214	4369	0.037714083
241214	79	0.03771408
241214	105	0.03771408
241239	2528	0.023852583
241239	6083	0.023852583
241239	1722	0.023852581
241239	6391	0.023852581
241239	4369	0.02385258
241239	4900	0.02385258
241239	79	0.023852577
241239	1143	0.023852577
241239	3564	0.023852577
241239	105	0.023852576
241265	6083	0.026679456
241265	1722	0.026679454
241265	2528	0.026679453
241265	6391	0.026679453
241265	4369	0.02667945
241265	4900	0.02667945
241265	79	0.026679449
241265	1143	0.026679449
241265	3564	0.026679449
241265	105	0.026679447
241357	6083	0.02601058
241357	1722	0.026010577
241357	2528	0.026010577
241357	6391	0.026010577
241357	4900	0.026010575
241357	105	0.026010573
241357	1143	0.026010573
241357	3564	0.026010573
241357	4369	0.026010573
241357	79	0.02601057
241367	6083	0.026469385
241367	1722	0.026469383
241367	2528	0.026469383
241367	6391	0.026469383
241367	4900	0.026469382
241367	79	0.02646938
241367	105	0.02646938
241367	1143	0.02646938
241367	3564	0.02646938
241367	4369	0.02646938
241495	2528	0.031163367
241495	6083	0.031163367
241495	1722	0.031163365
241495	4900	0.031163365
241495	6391	0.031163365
241495	79	0.03116336
241495	1143	0.03116336
241495	3564	0.03116336
241495	4369	0.03116336
241495	105	0.031163357
241513	1722	0.029103406
241513	2528	0.029103406
241513	6083	0.029103406
241513	4369	0.029103402
241513	4900	0.029103402
241513	6391	0.029103402
241513	79	0.029103398
241513	105	0.029103398
241513	1143	0.029103398
241513	3564	0.029103398
241527	2528	0.030352268
241527	6083	0.030352268
241527	1722	0.030352265
241527	6391	0.030352265
241527	4900	0.030352263
241527	79	0.03035226
241527	1143	0.03035226
241527	3564	0.03035226
241527	3917	0.03035226
241527	4369	0.03035226
241537	1722	0.042721927
241537	2528	0.042721927
241537	4900	0.042721927
241537	6083	0.042721927
241537	4369	0.042721923
241537	6391	0.042721923
241537	79	0.04272192
241537	1143	0.04272192
241537	3564	0.04272192
241537	105	0.042721916
241548	6083	0.0295911
241548	1722	0.029591098
241548	2528	0.029591098
241548	4369	0.029591095
241548	4900	0.029591095
241548	6391	0.029591095
241548	3564	0.029591093
241548	79	0.029591091
241548	105	0.029591091
241548	1143	0.029591091
241565	6083	0.030251786
241565	1722	0.030251782
241565	2528	0.030251782
241565	4900	0.030251782
241565	4369	0.03025178
241565	6391	0.03025178
241565	79	0.030251779
241565	3564	0.030251779
241565	105	0.030251777
241565	1143	0.030251777
241597	6083	0.026575446
241597	1722	0.026575444
241597	2528	0.026575444
241597	4900	0.026575442
241597	6391	0.026575442
241597	4369	0.02657544
241597	79	0.026575439
241597	105	0.026575439
241597	1143	0.026575439
241597	3564	0.026575439
241666	2528	0.04407578
241666	6083	0.04407578
241666	1722	0.044075776
241666	4369	0.044075772
241666	4900	0.044075772
241666	6391	0.044075772
241666	105	0.04407577
241666	1143	0.04407577
241666	79	0.044075765
241666	804	0.044075765
241749	2528	0.027778994
241749	6083	0.027778994
241749	1722	0.027778992
241749	6391	0.027778992
241749	4369	0.02777899
241749	4900	0.02777899
241749	79	0.027778989
241749	1143	0.027778989
241749	3564	0.027778989
241749	105	0.027778987
241791	6083	0.032684367
241791	1722	0.032684363
241791	2528	0.032684363
241791	4369	0.03268436
241791	6391	0.03268436
241791	79	0.032684356
241791	1143	0.032684356
241791	3564	0.032684356
241791	4900	0.032684356
241791	5896	0.032684356
241799	6083	0.022678414
241799	1722	0.022678412
241799	2528	0.022678412
241799	4900	0.02267841
241799	6391	0.02267841
241799	105	0.022678409
241799	1143	0.022678409
241799	3564	0.022678409
241799	3917	0.022678409
241799	4369	0.022678409
241861	6083	0.024868103
241861	2528	0.0248681
241861	1722	0.024868099
241861	79	0.024868097
241861	1143	0.024868097
241861	3564	0.024868097
241861	4369	0.024868097
241861	4900	0.024868097
241861	6391	0.024868097
241861	105	0.024868093
241885	1722	0.032532025
241885	2528	0.032532025
241885	6083	0.032532025
241885	4369	0.03253202
241885	4900	0.03253202
241885	6391	0.03253202
241885	79	0.032532018
241885	105	0.032532018
241885	1143	0.032532018
241885	3564	0.032532018
241980	2528	0.04128112
241980	6083	0.04128112
241980	1722	0.041281115
241980	4900	0.041281115
241980	6391	0.041281115
241980	1143	0.04128111
241980	3564	0.04128111
241980	3917	0.04128111
241980	4369	0.04128111
241980	105	0.041281108
242007	6083	0.03193158
242007	1722	0.031931575
242007	2528	0.031931575
242007	79	0.03193157
242007	1143	0.03193157
242007	3564	0.03193157
242007	4369	0.03193157
242007	4900	0.03193157
242007	6391	0.03193157
242007	105	0.031931568
242037	2528	0.030965041
242037	6083	0.030965041
242037	1722	0.03096504
242037	4900	0.030965038
242037	6391	0.030965038
242037	4369	0.030965036
242037	79	0.030965034
242037	105	0.030965034
242037	1143	0.030965034
242037	3564	0.030965034
242073	6083	0.027793543
242073	1722	0.027793542
242073	2528	0.027793542
242073	4900	0.02779354
242073	6391	0.02779354
242073	79	0.027793538
242073	3564	0.027793538
242073	4369	0.027793538
242073	1143	0.027793536
242073	105	0.027793534
242083	1722	0.040091693
242083	2528	0.040091693
242083	4900	0.040091693
242083	6083	0.040091693
242083	6391	0.040091693
242083	4369	0.04009169
242083	79	0.040091686
242083	105	0.040091686
242083	1143	0.040091686
242083	3088	0.040091686
242097	2528	0.026638903
242097	6083	0.026638903
242097	1722	0.0266389
242097	4369	0.026638899
242097	4900	0.026638899
242097	6391	0.026638899
242097	1143	0.026638897
242097	3564	0.026638897
242097	79	0.026638895
242097	105	0.026638895
242106	6083	0.033089895
242106	1722	0.03308989
242106	2528	0.03308989
242106	4369	0.03308989
242106	6391	0.03308989
242106	4900	0.033089887
242106	79	0.033089884
242106	105	0.033089884
242106	804	0.033089884
242106	1143	0.033089884
242118	1722	0.023835853
242118	2528	0.023835853
242118	6083	0.023835853
242118	6391	0.02383585
242118	79	0.023835849
242118	3564	0.023835849
242118	4369	0.023835849
242118	4900	0.023835849
242118	105	0.023835847
242118	1143	0.023835847
242143	1722	0.038199194
242143	6083	0.038199194
242143	2528	0.03819919
242143	4369	0.03819919
242143	6391	0.03819919
242143	1143	0.038199186
242143	3564	0.038199186
242143	4900	0.038199186
242143	79	0.038199183
242143	3088	0.038199183
242247	2528	0.031275727
242247	6083	0.031275727
242247	1722	0.031275723
242247	3564	0.031275723
242247	6391	0.031275723
242247	79	0.03127572
242247	105	0.03127572
242247	804	0.03127572
242247	1143	0.03127572
242247	3917	0.03127572
242269	6083	0.028732942
242269	1722	0.02873294
242269	2528	0.02873294
242269	6391	0.028732939
242269	4369	0.028732937
242269	4900	0.028732937
242269	1143	0.028732935
242269	79	0.028732933
242269	105	0.028732933
242269	3088	0.028732933
242299	6083	0.042375594
242299	1722	0.04237559
242299	2528	0.04237559
242299	4369	0.042375587
242299	4900	0.042375587
242299	6391	0.042375587
242299	3564	0.042375583
242299	79	0.04237558
242299	105	0.04237558
242299	804	0.04237558
242309	2528	0.022732507
242309	6083	0.022732507
242309	1722	0.022732506
242309	4369	0.022732504
242309	4900	0.022732504
242309	6391	0.022732504
242309	3564	0.022732502
242309	79	0.0227325
242309	105	0.0227325
242309	804	0.0227325
242310	1722	0.031357273
242310	2528	0.031357273
242310	6083	0.031357273
242310	4900	0.03135727
242310	6391	0.03135727
242310	79	0.031357266
242310	105	0.031357266
242310	804	0.031357266
242310	1143	0.031357266
242310	3088	0.031357266
242317	2528	0.031951018
242317	6083	0.031951018
242317	1722	0.031951014
242317	79	0.03195101
242317	1143	0.03195101
242317	3564	0.03195101
242317	4369	0.03195101
242317	4900	0.03195101
242317	6391	0.03195101
242317	105	0.031951007
242361	6083	0.031211467
242361	2528	0.031211466
242361	1722	0.031211464
242361	4900	0.031211462
242361	6391	0.031211462
242361	79	0.031211458
242361	3564	0.031211458
242361	4369	0.031211458
242361	1143	0.031211456
242361	3917	0.031211456
242409	6083	0.04056311
242409	1722	0.040563107
242409	2528	0.040563107
242409	4369	0.040563107
242409	4900	0.040563107
242409	6391	0.040563107
242409	79	0.0405631
242409	105	0.0405631
242409	804	0.0405631
242409	1143	0.0405631
242458	6083	0.031027531
242458	1722	0.03102753
242458	2528	0.03102753
242458	4900	0.031027528
242458	4369	0.031027526
242458	6391	0.031027526
242458	105	0.031027524
242458	1143	0.031027524
242458	3564	0.031027524
242458	5896	0.031027524
242465	6083	0.02875771
242465	2528	0.028757708
242465	1722	0.028757706
242465	4900	0.028757706
242465	6391	0.028757706
242465	4369	0.028757704
242465	1143	0.028757703
242465	3564	0.028757703
242465	79	0.0287577
242465	105	0.0287577
242499	6083	0.029172326
242499	1722	0.029172324
242499	2528	0.029172324
242499	4900	0.029172322
242499	6391	0.029172322
242499	1143	0.02917232
242499	3564	0.02917232
242499	4369	0.02917232
242499	79	0.029172318
242499	105	0.029172318
242528	6083	0.022874765
242528	1722	0.022874763
242528	2528	0.022874763
242528	4369	0.022874761
242528	4900	0.022874761
242528	6391	0.022874761
242528	79	0.022874758
242528	105	0.022874758
242528	1143	0.022874758
242528	3088	0.022874758
242544	2528	0.03596446
242544	6083	0.03596446
242544	1143	0.03596445
242544	1722	0.03596445
242544	4369	0.03596445
242544	4900	0.03596445
242544	6391	0.03596445
242544	79	0.035964448
242544	105	0.035964448
242544	3564	0.035964448
242637	1722	0.033811264
242637	2528	0.033811264
242637	6083	0.033811264
242637	4900	0.03381126
242637	6391	0.03381126
242637	79	0.033811256
242637	105	0.033811256
242637	1143	0.033811256
242637	1557	0.033811256
242637	3564	0.033811256
242639	6083	0.02943749
242639	1722	0.029437486
242639	2528	0.029437486
242639	4900	0.029437486
242639	4369	0.029437484
242639	6391	0.029437484
242639	1143	0.029437482
242639	3564	0.029437482
242639	79	0.02943748
242639	105	0.02943748
242646	6083	0.025514854
242646	1722	0.025514852
242646	2528	0.025514852
242646	4900	0.025514852
242646	4369	0.02551485
242646	6391	0.02551485
242646	105	0.025514849
242646	1143	0.025514849
242646	3564	0.025514849
242646	79	0.025514847
242763	1722	0.025130618
242763	2528	0.025130618
242763	6083	0.025130618
242763	6391	0.025130617
242763	3564	0.025130615
242763	4369	0.025130615
242763	4900	0.025130615
242763	79	0.025130613
242763	105	0.025130613
242763	1143	0.025130613
242843	2528	0.03501923
242843	6083	0.03501923
242843	1722	0.035019226
242843	4900	0.035019223
242843	6391	0.035019223
242843	79	0.03501922
242843	105	0.03501922
242843	804	0.03501922
242843	1143	0.03501922
242843	3564	0.03501922
242849	2528	0.03233971
242849	6083	0.03233971
242849	1722	0.032339707
242849	4900	0.032339707
242849	6391	0.032339707
242849	79	0.032339703
242849	4369	0.032339703
242849	105	0.0323397
242849	804	0.0323397
242849	1143	0.0323397
242878	1722	0.03134747
242878	2528	0.03134747
242878	6083	0.03134747
242878	4900	0.031347465
242878	6391	0.031347465
242878	79	0.03134746
242878	105	0.03134746
242878	1143	0.03134746
242878	3088	0.03134746
242878	3564	0.03134746
242891	1722	0.0312865
242891	2528	0.0312865
242891	6083	0.0312865
242891	4900	0.031286497
242891	79	0.031286493
242891	105	0.031286493
242891	1143	0.031286493
242891	1557	0.031286493
242891	3564	0.031286493
242891	3917	0.031286493
242914	6083	0.023774963
242914	1722	0.023774961
242914	2528	0.023774961
242914	4900	0.023774961
242914	4369	0.02377496
242914	6391	0.02377496
242914	105	0.023774957
242914	3564	0.023774957
242914	79	0.023774955
242914	1143	0.023774955
242962	6083	0.029619126
242962	1722	0.029619124
242962	2528	0.029619124
242962	4369	0.02961912
242962	4900	0.02961912
242962	6391	0.02961912
242962	1143	0.029619118
242962	79	0.029619116
242962	105	0.029619116
242962	3564	0.029619116
243004	2528	0.025688874
243004	6083	0.025688874
243004	1722	0.025688872
243004	4900	0.025688872
243004	6391	0.02568887
243004	79	0.025688868
243004	1143	0.025688868
243004	3564	0.025688868
243004	4369	0.025688868
243004	105	0.025688866
243058	1722	0.038481504
243058	2528	0.038481504
243058	6083	0.038481504
243058	6391	0.0384815
243058	1143	0.038481496
243058	4369	0.038481496
243058	4900	0.038481496
243058	79	0.038481493
243058	105	0.038481493
243058	3564	0.038481493
243065	1722	0.03334757
243065	2528	0.03334757
243065	6083	0.03334757
243065	6391	0.033347566
243065	79	0.033347562
243065	105	0.033347562
243065	1143	0.033347562
243065	3564	0.033347562
243065	4369	0.033347562
243065	4900	0.033347562
243075	6083	0.029182147
243075	1722	0.029182144
243075	2528	0.029182144
243075	4900	0.029182144
243075	6391	0.029182144
243075	79	0.02918214
243075	105	0.02918214
243075	1143	0.02918214
243075	3564	0.02918214
243075	4369	0.02918214
243077	2528	0.02620741
243077	6083	0.02620741
243077	1722	0.026207408
243077	3564	0.026207406
243077	4369	0.026207406
243077	4900	0.026207406
243077	6391	0.026207406
243077	1143	0.026207404
243077	79	0.026207402
243077	105	0.026207402
243142	6083	0.022342032
243142	1722	0.02234203
243142	2528	0.02234203
243142	4369	0.02234203
243142	4900	0.02234203
243142	6391	0.02234203
243142	1143	0.022342028
243142	79	0.022342026
243142	105	0.022342026
243142	3088	0.022342026
243236	6083	0.03407007
243236	1722	0.034070067
243236	2528	0.034070067
243236	4900	0.034070067
243236	6391	0.034070067
243236	4369	0.034070063
243236	79	0.03407006
243236	105	0.03407006
243236	804	0.03407006
243236	1143	0.03407006
243294	6083	0.041467503
243294	2528	0.0414675
243294	1722	0.041467495
243294	4369	0.041467495
243294	4900	0.041467495
243294	6391	0.041467495
243294	79	0.04146749
243294	105	0.04146749
243294	1143	0.04146749
243294	3564	0.04146749
243312	2528	0.032610536
243312	6083	0.032610536
243312	1722	0.032610532
243312	6391	0.032610532
243312	79	0.03261053
243312	105	0.03261053
243312	1143	0.03261053
243312	3564	0.03261053
243312	4369	0.03261053
243312	4900	0.03261053
243328	6083	0.036460508
243328	1722	0.036460504
243328	2528	0.036460504
243328	4369	0.036460504
243328	4900	0.036460504
243328	6391	0.036460504
243328	1143	0.0364605
243328	3564	0.0364605
243328	79	0.036460496
243328	105	0.036460496
243360	2528	0.028631322
243360	6083	0.028631322
243360	1722	0.02863132
243360	4369	0.028631318
243360	4900	0.028631318
243360	6391	0.028631318
243360	1143	0.028631316
243360	79	0.028631315
243360	105	0.028631315
243360	3564	0.028631315
243429	2528	0.020329315
243429	1722	0.020329313
243429	6083	0.020329313
243429	4900	0.020329311
243429	6391	0.020329311
243429	79	0.02032931
243429	1143	0.02032931
243429	3564	0.02032931
243429	4369	0.02032931
243429	105	0.020329308
243448	6083	0.029910343
243448	2528	0.02991034
243448	1722	0.029910339
243448	6391	0.029910339
243448	4369	0.029910337
243448	4900	0.029910337
243448	1143	0.029910335
243448	3564	0.029910335
243448	79	0.029910333
243448	105	0.029910333
243491	1722	0.028804455
243491	2528	0.028804455
243491	6083	0.028804455
243491	6391	0.028804453
243491	4369	0.028804451
243491	4900	0.028804451
243491	1143	0.02880445
243491	3564	0.02880445
243491	79	0.028804448
243491	105	0.028804448
243584	1722	0.02828655
243584	2528	0.02828655
243584	6083	0.02828655
243584	4900	0.028286548
243584	6391	0.028286548
243584	105	0.028286546
243584	1143	0.028286546
243584	3564	0.028286546
243584	4369	0.028286546
243584	79	0.028286545
243607	6083	0.01940405
243607	1143	0.019404046
243607	1722	0.019404046
243607	2528	0.019404046
243607	4369	0.019404046
243607	4900	0.019404046
243607	6391	0.019404046
243607	105	0.019404044
243607	3564	0.019404044
243607	79	0.019404043
243700	1722	0.044138506
243700	2528	0.044138506
243700	6083	0.044138506
243700	6391	0.044138506
243700	4900	0.044138502
243700	105	0.0441385
243700	3564	0.0441385
243700	4369	0.0441385
243700	79	0.044138495
243700	1143	0.044138495
243720	6083	0.033353593
243720	1722	0.03335359
243720	2528	0.03335359
243720	6391	0.03335359
243720	1143	0.033353586
243720	3564	0.033353586
243720	4369	0.033353586
243720	4900	0.033353586
243720	79	0.033353582
243720	105	0.033353582
243745	1722	0.032151684
243745	2528	0.032151684
243745	6083	0.032151684
243745	6391	0.032151684
243745	3564	0.03215168
243745	4369	0.03215168
243745	4900	0.03215168
243745	79	0.032151677
243745	105	0.032151677
243745	1143	0.032151677
243759	2528	0.03308528
243759	6083	0.03308528
243759	1722	0.033085275
243759	6391	0.033085275
243759	105	0.03308527
243759	1143	0.03308527
243759	3564	0.03308527
243759	4369	0.03308527
243759	4900	0.03308527
243759	5896	0.03308527
243785	1722	0.022375975
243785	2528	0.022375975
243785	6083	0.022375975
243785	4900	0.022375973
243785	1143	0.022375971
243785	3564	0.022375971
243785	4369	0.022375971
243785	6391	0.022375971
243785	79	0.02237597
243785	105	0.022375967
243814	1722	0.023795394
243814	6083	0.023795394
243814	2528	0.023795392
243814	6391	0.023795392
243814	4369	0.02379539
243814	4900	0.02379539
243814	79	0.023795389
243814	105	0.023795389
243814	1143	0.023795389
243814	3564	0.023795389
243863	1722	0.03399124
243863	2528	0.03399124
243863	6083	0.03399124
243863	6391	0.03399124
243863	3564	0.033991236
243863	4369	0.033991236
243863	4900	0.033991236
243863	79	0.033991233
243863	105	0.033991233
243863	1143	0.033991233
243879	1722	0.022970334
243879	2528	0.022970334
243879	6083	0.022970334
243879	3564	0.02297033
243879	4369	0.02297033
243879	4900	0.02297033
243879	6391	0.02297033
243879	79	0.022970328
243879	105	0.022970328
243879	1143	0.022970328
243891	2528	0.029224224
243891	6083	0.029224224
243891	1722	0.02922422
243891	4900	0.02922422
243891	6391	0.02922422
243891	1143	0.029224219
243891	4369	0.029224219
243891	79	0.029224217
243891	3564	0.029224217
243891	3917	0.029224217
243929	1722	0.032079265
243929	2528	0.032079265
243929	4900	0.032079265
243929	6083	0.032079265
243929	6391	0.032079265
243929	1143	0.03207926
243929	3917	0.03207926
243929	4369	0.03207926
243929	79	0.032079257
243929	105	0.032079257
243930	2528	0.03516593
243930	6083	0.03516593
243930	1722	0.035165925
243930	4900	0.035165925
243930	79	0.03516592
243930	1143	0.03516592
243930	3564	0.03516592
243930	4369	0.03516592
243930	6391	0.03516592
243930	105	0.035165917
243942	6083	0.029214323
243942	2528	0.02921432
243942	1722	0.029214319
243942	4900	0.029214319
243942	6391	0.029214319
243942	4369	0.029214317
243942	79	0.029214315
243942	1143	0.029214315
243942	3564	0.029214315
243942	105	0.029214313
243951	6083	0.029972933
243951	1722	0.02997293
243951	2528	0.02997293
243951	4900	0.02997293
243951	6391	0.02997293
243951	79	0.029972926
243951	3564	0.029972926
243951	4369	0.029972926
243951	105	0.029972924
243951	1143	0.029972924
243966	6083	0.02938952
243966	2528	0.029389517
243966	1722	0.029389516
243966	4900	0.029389516
243966	6391	0.029389516
243966	4369	0.029389514
243966	79	0.029389512
243966	1143	0.029389512
243966	3564	0.029389512
243966	105	0.02938951
243984	2528	0.025490958
243984	6083	0.025490958
243984	1722	0.025490956
243984	3564	0.025490955
243984	4369	0.025490955
243984	4900	0.025490955
243984	6391	0.025490955
243984	79	0.025490953
243984	1143	0.025490953
243984	105	0.02549095
244039	2528	0.028834281
244039	1722	0.02883428
244039	6083	0.02883428
244039	4900	0.028834278
244039	6391	0.028834278
244039	79	0.028834276
244039	1143	0.028834276
244039	3564	0.028834276
244039	4369	0.028834276
244039	105	0.028834274
244056	1722	0.036788918
244056	2528	0.036788918
244056	6083	0.036788918
244056	6391	0.036788918
244056	3564	0.036788914
244056	4369	0.036788914
244056	4900	0.036788914
244056	79	0.03678891
244056	105	0.03678891
244056	1143	0.03678891
244070	2528	0.024462543
244070	6083	0.024462543
244070	1722	0.02446254
244070	4369	0.02446254
244070	4900	0.02446254
244070	6391	0.02446254
244070	1143	0.024462538
244070	79	0.024462536
244070	105	0.024462536
244070	3564	0.024462536
244092	2528	0.030495733
244092	6083	0.030495733
244092	1722	0.03049573
244092	4369	0.03049573
244092	4900	0.03049573
244092	6391	0.03049573
244092	79	0.030495726
244092	105	0.030495726
244092	1143	0.030495726
244092	3088	0.030495726
244171	6083	0.04205992
244171	2528	0.042059917
244171	1722	0.042059913
244171	4369	0.042059913
244171	4900	0.042059913
244171	6391	0.042059913
244171	3564	0.04205991
244171	79	0.042059906
244171	105	0.042059906
244171	804	0.042059906
244189	6083	0.023652498
244189	1722	0.023652494
244189	2528	0.023652494
244189	4900	0.023652494
244189	6391	0.023652494
244189	4369	0.023652492
244189	79	0.02365249
244189	105	0.02365249
244189	1143	0.02365249
244189	3564	0.02365249
244277	1722	0.025438413
244277	2528	0.025438413
244277	6083	0.025438413
244277	6391	0.025438411
244277	1143	0.02543841
244277	3564	0.02543841
244277	4369	0.02543841
244277	4900	0.02543841
244277	105	0.025438407
244277	79	0.025438406
244286	1722	0.027931191
244286	2528	0.027931191
244286	6083	0.027931191
244286	4900	0.027931187
244286	6391	0.027931187
244286	1143	0.027931185
244286	3564	0.027931185
244286	4369	0.027931185
244286	79	0.027931184
244286	105	0.027931184
244349	1722	0.021510161
244349	2528	0.021510161
244349	6083	0.021510161
244349	6391	0.02151016
244349	3564	0.021510158
244349	4369	0.021510158
244349	4900	0.021510158
244349	79	0.021510156
244349	1143	0.021510156
244349	3917	0.021510156
244359	2528	0.027702395
244359	6083	0.027702395
244359	1722	0.027702393
244359	4369	0.027702391
244359	4900	0.027702391
244359	6391	0.027702391
244359	79	0.02770239
244359	1143	0.02770239
244359	3564	0.02770239
244359	105	0.027702387
244420	6083	0.0347208
244420	2528	0.034720797
244420	1722	0.034720793
244420	3564	0.034720793
244420	4369	0.034720793
244420	4900	0.034720793
244420	6391	0.034720793
244420	79	0.03472079
244420	105	0.034720786
244420	804	0.034720786
244452	2528	0.033421442
244452	6083	0.033421442
244452	1722	0.03342144
244452	4900	0.03342144
244452	6391	0.03342144
244452	79	0.033421434
244452	105	0.033421434
244452	1143	0.033421434
244452	3088	0.033421434
244452	3564	0.033421434
244456	6083	0.029314103
244456	1722	0.0293141
244456	2528	0.0293141
244456	6391	0.029314099
244456	3564	0.029314097
244456	4369	0.029314097
244456	4900	0.029314097
244456	105	0.029314095
244456	1143	0.029314095
244456	79	0.029314093
244471	2528	0.025946401
244471	6083	0.025946401
244471	1722	0.0259464
244471	4369	0.025946397
244471	4900	0.025946397
244471	1143	0.025946395
244471	3564	0.025946395
244471	79	0.025946394
244471	105	0.025946394
244471	5896	0.025946394
244484	6083	0.022254288
244484	1722	0.022254286
244484	2528	0.022254286
244484	6391	0.022254286
244484	4369	0.022254284
244484	4900	0.022254284
244484	3564	0.022254283
244484	79	0.02225428
244484	105	0.02225428
244484	804	0.02225428
244494	6083	0.027865568
244494	1722	0.027865566
244494	2528	0.027865566
244494	4900	0.027865564
244494	6391	0.027865564
244494	3564	0.027865563
244494	4369	0.027865563
244494	1143	0.02786556
244494	79	0.027865559
244494	105	0.027865559
244517	6083	0.029344017
244517	1722	0.029344015
244517	2528	0.029344015
244517	6391	0.029344013
244517	3564	0.029344011
244517	4369	0.029344011
244517	4900	0.029344011
244517	1143	0.02934401
244517	79	0.029344007
244517	105	0.029344007
244593	6083	0.026413094
244593	2528	0.026413092
244593	1722	0.02641309
244593	4900	0.02641309
244593	6391	0.02641309
244593	4369	0.026413089
244593	79	0.026413087
244593	105	0.026413087
244593	1143	0.026413087
244593	3564	0.026413087
244622	2528	0.025421314
244622	6083	0.025421314
244622	1722	0.02542131
244622	4900	0.02542131
244622	6391	0.02542131
244622	4369	0.025421308
244622	79	0.025421306
244622	105	0.025421306
244622	1143	0.025421306
244622	3088	0.025421306
244627	1722	0.040450796
244627	2528	0.040450796
244627	6083	0.040450796
244627	79	0.04045079
244627	4369	0.04045079
244627	4900	0.04045079
244627	6391	0.04045079
244627	105	0.040450785
244627	1143	0.040450785
244627	3564	0.040450785
244657	2528	0.034077622
244657	6083	0.034077622
244657	1722	0.03407762
244657	6391	0.03407762
244657	79	0.034077615
244657	105	0.034077615
244657	1143	0.034077615
244657	3564	0.034077615
244657	3917	0.034077615
244657	4369	0.034077615
244662	6083	0.026568895
244662	1722	0.026568893
244662	2528	0.026568893
244662	6391	0.026568891
244662	3564	0.02656889
244662	4369	0.02656889
244662	4900	0.02656889
244662	79	0.026568888
244662	105	0.026568888
244662	1143	0.026568888
244676	1722	0.03204982
244676	2528	0.03204982
244676	6083	0.03204982
244676	6391	0.032049816
244676	1143	0.032049812
244676	3564	0.032049812
244676	4369	0.032049812
244676	4900	0.032049812
244676	79	0.03204981
244676	105	0.03204981
244685	6083	0.03736604
244685	2528	0.037366036
244685	1722	0.037366033
244685	4369	0.037366033
244685	3564	0.03736603
244685	4900	0.03736603
244685	6391	0.03736603
244685	79	0.037366025
244685	105	0.037366025
244685	1143	0.037366025
244708	6083	0.028495232
244708	2528	0.02849523
244708	1722	0.028495228
244708	1143	0.028495226
244708	4369	0.028495226
244708	4900	0.028495226
244708	6391	0.028495226
244708	79	0.028495224
244708	3564	0.028495224
244708	105	0.028495222
244710	6083	0.031224733
244710	2528	0.031224731
244710	1722	0.03122473
244710	4900	0.031224728
244710	6391	0.031224728
244710	79	0.031224726
244710	1143	0.031224726
244710	4369	0.031224726
244710	105	0.031224724
244710	3564	0.031224724
244736	6083	0.028265962
244736	1722	0.02826596
244736	2528	0.02826596
244736	4900	0.02826596
244736	6391	0.02826596
244736	4369	0.028265959
244736	79	0.028265957
244736	105	0.028265957
244736	3564	0.028265957
244736	1143	0.028265955
244742	6083	0.029093832
244742	2528	0.02909383
244742	1722	0.029093828
244742	4900	0.029093828
244742	6391	0.029093828
244742	79	0.029093824
244742	105	0.029093824
244742	1143	0.029093824
244742	3564	0.029093824
244742	4369	0.029093824
244761	6083	0.03127335
244761	1722	0.031273346
244761	2528	0.031273346
244761	6391	0.031273346
244761	79	0.031273343
244761	1143	0.031273343
244761	3564	0.031273343
244761	3917	0.031273343
244761	4369	0.031273343
244761	4900	0.031273343
244779	1722	0.033829488
244779	2528	0.033829488
244779	6083	0.033829488
244779	6391	0.033829488
244779	4369	0.033829484
244779	4900	0.033829484
244779	79	0.03382948
244779	105	0.03382948
244779	1143	0.03382948
244779	3564	0.03382948
244814	6083	0.02815457
244814	1722	0.028154569
244814	2528	0.028154569
244814	4369	0.028154567
244814	4900	0.028154567
244814	6391	0.028154567
244814	3564	0.028154565
244814	79	0.028154563
244814	105	0.028154563
244814	1143	0.028154563
244873	1722	0.025578592
244873	2528	0.025578592
244873	6083	0.025578592
244873	6391	0.02557859
244873	1143	0.025578588
244873	4369	0.025578588
244873	4900	0.025578588
244873	79	0.025578586
244873	3564	0.025578586
244873	105	0.025578585
244874	2528	0.026251132
244874	6083	0.026251132
244874	1722	0.02625113
244874	4900	0.02625113
244874	6391	0.02625113
244874	4369	0.026251128
244874	105	0.026251126
244874	1143	0.026251126
244874	3564	0.026251126
244874	79	0.026251124
244915	2528	0.02235711
244915	6083	0.02235711
244915	1722	0.022357108
244915	3564	0.022357106
244915	4369	0.022357106
244915	4900	0.022357106
244915	6391	0.022357106
244915	79	0.022357104
244915	1143	0.022357104
244915	105	0.022357102
244925	2528	0.03154887
244925	6083	0.03154887
244925	1143	0.031548865
244925	1722	0.031548865
244925	4369	0.031548865
244925	4900	0.031548865
244925	6391	0.031548865
244925	105	0.03154886
244925	3564	0.03154886
244925	3978	0.03154886
244995	6083	0.031904727
244995	1722	0.031904723
244995	2528	0.031904723
244995	3564	0.03190472
244995	4369	0.03190472
244995	4900	0.03190472
244995	6391	0.03190472
244995	79	0.031904716
244995	105	0.031904716
244995	1143	0.031904716
245088	2528	0.027294278
245088	6083	0.027294278
245088	1722	0.027294276
245088	6391	0.027294276
245088	4369	0.027294274
245088	4900	0.027294274
245088	3564	0.027294273
245088	79	0.02729427
245088	105	0.02729427
245088	1143	0.02729427
245102	2528	0.019089289
245102	6083	0.019089289
245102	1722	0.019089287
245102	4369	0.019089287
245102	6391	0.019089287
245102	79	0.019089285
245102	105	0.019089285
245102	1143	0.019089285
245102	3564	0.019089285
245102	3917	0.019089285
245128	6083	0.027570358
245128	1722	0.027570356
245128	2528	0.027570356
245128	4900	0.027570354
245128	6391	0.027570354
245128	105	0.027570352
245128	3564	0.027570352
245128	4369	0.027570352
245128	79	0.02757035
245128	1143	0.02757035
245157	6083	0.028714683
245157	2528	0.028714681
245157	1722	0.02871468
245157	4900	0.02871468
245157	6391	0.02871468
245157	3564	0.028714677
245157	4369	0.028714677
245157	79	0.028714675
245157	1143	0.028714675
245157	105	0.028714674
245188	6083	0.028463189
245188	2528	0.028463187
245188	1722	0.028463185
245188	4900	0.028463185
245188	6391	0.028463185
245188	1143	0.028463181
245188	3564	0.028463181
245188	4369	0.028463181
245188	79	0.02846318
245188	105	0.02846318
245194	1722	0.03352651
245194	2528	0.03352651
245194	6083	0.03352651
245194	6391	0.03352651
245194	4369	0.033526506
245194	4900	0.033526506
245194	79	0.033526503
245194	1143	0.033526503
245194	3088	0.033526503
245194	3564	0.033526503
245203	1722	0.022906203
245203	2528	0.022906203
245203	6083	0.022906203
245203	6391	0.022906201
245203	3564	0.0229062
245203	4369	0.0229062
245203	4900	0.0229062
245203	105	0.022906197
245203	1143	0.022906197
245203	79	0.022906195
245215	6083	0.036494005
245215	1722	0.036494
245215	2528	0.036494
245215	6391	0.036494
245215	4369	0.036493998
245215	4900	0.036493998
245215	79	0.036493994
245215	105	0.036493994
245215	1143	0.036493994
245215	3564	0.036493994
245281	6083	0.028615102
245281	1722	0.028615098
245281	2528	0.028615098
245281	4900	0.028615098
245281	6391	0.028615098
245281	4369	0.028615097
245281	79	0.028615095
245281	105	0.028615095
245281	1143	0.028615095
245281	3564	0.028615095
245295	1722	0.03242699
245295	2528	0.03242699
245295	6083	0.03242699
245295	79	0.032426983
245295	105	0.032426983
245295	1143	0.032426983
245295	3564	0.032426983
245295	3917	0.032426983
245295	4369	0.032426983
245295	4900	0.032426983
245311	6083	0.029007472
245311	2528	0.029007468
245311	1722	0.029007467
245311	4900	0.029007467
245311	6391	0.029007467
245311	3564	0.029007465
245311	4369	0.029007465
245311	79	0.029007463
245311	105	0.029007463
245311	1143	0.029007463
245328	6083	0.0290592
245328	1722	0.029059198
245328	2528	0.029059198
245328	4900	0.029059196
245328	6391	0.029059196
245328	1143	0.029059194
245328	3564	0.029059194
245328	4369	0.029059194
245328	79	0.02905919
245328	105	0.02905919
245346	2528	0.024612732
245346	6083	0.024612732
245346	1722	0.02461273
245346	4369	0.024612729
245346	4900	0.024612729
245346	6391	0.024612729
245346	79	0.024612725
245346	105	0.024612725
245346	1143	0.024612725
245346	3564	0.024612725
245371	2528	0.036174007
245371	6083	0.036174007
245371	1722	0.036174003
245371	1143	0.036174
245371	3564	0.036174
245371	4369	0.036174
245371	4900	0.036174
245371	6391	0.036174
245371	79	0.036173996
245371	105	0.036173996
245410	6083	0.03852395
245410	1722	0.038523942
245410	2528	0.038523942
245410	4369	0.038523942
245410	4900	0.038523942
245410	6391	0.038523942
245410	3564	0.03852394
245410	79	0.038523935
245410	105	0.038523935
245410	804	0.038523935
245446	6083	0.03406691
245446	1722	0.034066908
245446	2528	0.034066908
245446	4369	0.034066908
245446	4900	0.034066908
245446	6391	0.034066908
245446	1143	0.034066904
245446	3564	0.034066904
245446	79	0.0340669
245446	105	0.0340669
245534	1722	0.04201527
245534	2528	0.04201527
245534	6083	0.04201527
245534	4900	0.042015266
245534	6391	0.042015266
245534	79	0.042015262
245534	105	0.042015262
245534	3564	0.042015262
245534	4369	0.042015262
245534	1143	0.04201526
245568	2528	0.032615416
245568	4900	0.032615416
245568	6083	0.032615416
245568	6391	0.032615416
245568	1722	0.032615412
245568	105	0.03261541
245568	1143	0.03261541
245568	3564	0.03261541
245568	3917	0.03261541
245568	4369	0.03261541
245604	6083	0.03143669
245604	1722	0.031436685
245604	2528	0.031436685
245604	1143	0.03143668
245604	3564	0.03143668
245604	4369	0.03143668
245604	4900	0.03143668
245604	6391	0.03143668
245604	79	0.031436678
245604	105	0.031436678
245616	2528	0.028508136
245616	6083	0.028508136
245616	1722	0.028508134
245616	4900	0.028508132
245616	6391	0.028508132
245616	79	0.02850813
245616	105	0.02850813
245616	1143	0.02850813
245616	3564	0.02850813
245616	4369	0.02850813
245645	6083	0.039667286
245645	2528	0.039667282
245645	1722	0.03966728
245645	4369	0.03966728
245645	4900	0.03966728
245645	6391	0.03966728
245645	1143	0.039667275
245645	3564	0.039667275
245645	79	0.03966727
245645	105	0.03966727
245649	6083	0.027348164
245649	2528	0.027348163
245649	1722	0.02734816
245649	4900	0.02734816
245649	6391	0.02734816
245649	4369	0.027348159
245649	79	0.027348157
245649	105	0.027348157
245649	1143	0.027348157
245649	3564	0.027348157
245650	2528	0.029074114
245650	6083	0.029074114
245650	1722	0.029074112
245650	4369	0.02907411
245650	4900	0.02907411
245650	6391	0.02907411
245650	3564	0.029074108
245650	79	0.029074106
245650	105	0.029074106
245650	1143	0.029074106
245655	6083	0.023733193
245655	1722	0.023733191
245655	2528	0.023733191
245655	4369	0.02373319
245655	4900	0.02373319
245655	6391	0.02373319
245655	79	0.023733187
245655	105	0.023733187
245655	1143	0.023733187
245655	3564	0.023733187
245660	2528	0.032762513
245660	6083	0.032762513
245660	1722	0.03276251
245660	6391	0.03276251
245660	79	0.032762505
245660	105	0.032762505
245660	1143	0.032762505
245660	3564	0.032762505
245660	3917	0.032762505
245660	4369	0.032762505
245814	2528	0.03163044
245814	6083	0.03163044
245814	1722	0.031630438
245814	79	0.031630434
245814	105	0.031630434
245814	1143	0.031630434
245814	3088	0.031630434
245814	3564	0.031630434
245814	3917	0.031630434
245814	3978	0.031630434
245963	6083	0.027486965
245963	2528	0.027486963
245963	1722	0.027486961
245963	4900	0.027486961
245963	6391	0.027486961
245963	4369	0.02748696
245963	79	0.027486958
245963	105	0.027486958
245963	1143	0.027486958
245963	3564	0.027486958
246000	1722	0.028420608
246000	2528	0.028420608
246000	6083	0.028420608
246000	4900	0.028420607
246000	4369	0.028420605
246000	6391	0.028420605
246000	79	0.028420603
246000	3564	0.028420603
246000	105	0.028420601
246000	804	0.028420601
246156	6083	0.0364168
246156	1143	0.03641679
246156	1722	0.03641679
246156	2528	0.03641679
246156	4369	0.03641679
246156	4900	0.03641679
246156	6391	0.03641679
246156	79	0.036416788
246156	105	0.036416788
246156	3564	0.036416788
246175	2528	0.024379676
246175	6083	0.024379676
246175	1722	0.024379674
246175	4900	0.024379674
246175	6391	0.024379674
246175	105	0.024379672
246175	4369	0.024379672
246175	79	0.02437967
246175	804	0.02437967
246175	1143	0.02437967
246216	2528	0.033066377
246216	6083	0.033066377
246216	1722	0.033066373
246216	79	0.03306637
246216	105	0.03306637
246216	1143	0.03306637
246216	3564	0.03306637
246216	3917	0.03306637
246216	4369	0.03306637
246216	4900	0.03306637
246230	6083	0.03330256
246230	2528	0.033302557
246230	1722	0.033302553
246230	4369	0.033302553
246230	4900	0.033302553
246230	6391	0.033302553
246230	79	0.03330255
246230	105	0.03330255
246230	1143	0.03330255
246230	3564	0.03330255
246246	1722	0.033156916
246246	2528	0.033156916
246246	4900	0.033156916
246246	6083	0.033156916
246246	6391	0.033156916
246246	79	0.033156913
246246	4369	0.033156913
246246	105	0.03315691
246246	1143	0.03315691
246246	3088	0.03315691
246247	2528	0.04283241
246247	6083	0.04283241
246247	1722	0.042832408
246247	79	0.042832404
246247	1143	0.042832404
246247	3564	0.042832404
246247	4369	0.042832404
246247	4900	0.042832404
246247	6391	0.042832404
246247	105	0.0428324
246311	6083	0.037251778
246311	1722	0.037251774
246311	2528	0.037251774
246311	1143	0.03725177
246311	4900	0.03725177
246311	6391	0.03725177
246311	3564	0.037251767
246311	4369	0.037251767
246311	79	0.037251763
246311	105	0.037251763
246388	6083	0.027852027
246388	1722	0.027852025
246388	2528	0.027852025
246388	6391	0.027852025
246388	4900	0.027852023
246388	4369	0.027852021
246388	105	0.02785202
246388	1143	0.02785202
246388	3564	0.02785202
246388	79	0.027852017
246470	1722	0.03528291
246470	2528	0.03528291
246470	6083	0.03528291
246470	6391	0.03528291
246470	4369	0.035282906
246470	4900	0.035282906
246470	79	0.035282902
246470	105	0.035282902
246470	1143	0.035282902
246470	1557	0.035282902
246507	6083	0.034486048
246507	1722	0.03448604
246507	2528	0.03448604
246507	4900	0.03448604
246507	6391	0.03448604
246507	79	0.034486037
246507	105	0.034486037
246507	1143	0.034486037
246507	3564	0.034486037
246507	4369	0.034486037
246512	6083	0.030836267
246512	1722	0.030836266
246512	2528	0.030836266
246512	4369	0.030836262
246512	4900	0.030836262
246512	6391	0.030836262
246512	1143	0.03083626
246512	3564	0.03083626
246512	79	0.030836258
246512	105	0.030836258
246513	1722	0.034401752
246513	2528	0.034401752
246513	4369	0.034401752
246513	6083	0.034401752
246513	4900	0.03440175
246513	6391	0.03440175
246513	79	0.034401745
246513	105	0.034401745
246513	804	0.034401745
246513	1143	0.034401745
246528	6083	0.027881881
246528	1722	0.02788188
246528	2528	0.02788188
246528	3564	0.027881876
246528	4369	0.027881876
246528	4900	0.027881876
246528	6391	0.027881876
246528	79	0.027881874
246528	1143	0.027881874
246528	105	0.027881872
246617	2528	0.027058173
246617	6083	0.027058173
246617	1722	0.027058171
246617	4900	0.02705817
246617	4369	0.027058167
246617	6391	0.027058167
246617	79	0.027058166
246617	105	0.027058166
246617	1143	0.027058166
246617	3564	0.027058166
246634	6083	0.032831084
246634	1722	0.03283108
246634	2528	0.03283108
246634	6391	0.03283108
246634	4900	0.032831077
246634	79	0.032831073
246634	105	0.032831073
246634	1143	0.032831073
246634	1557	0.032831073
246634	3564	0.032831073
246655	2528	0.030259944
246655	6083	0.030259944
246655	1722	0.03025994
246655	4900	0.03025994
246655	6391	0.03025994
246655	79	0.030259937
246655	1143	0.030259937
246655	3564	0.030259937
246655	4369	0.030259937
246655	105	0.030259935
246759	2528	0.032895934
246759	6083	0.032895934
246759	1722	0.03289593
246759	4369	0.03289593
246759	4900	0.03289593
246759	6391	0.03289593
246759	3564	0.032895926
246759	79	0.032895923
246759	105	0.032895923
246759	804	0.032895923
246766	6083	0.03963659
246766	2528	0.039636586
246766	1722	0.039636582
246766	4369	0.039636582
246766	4900	0.039636582
246766	6391	0.039636582
246766	3564	0.03963658
246766	79	0.039636575
246766	105	0.039636575
246766	1143	0.039636575
246776	6083	0.026998688
246776	1722	0.026998686
246776	2528	0.026998686
246776	4369	0.026998684
246776	4900	0.026998684
246776	6391	0.026998684
246776	1143	0.026998682
246776	3564	0.026998682
246776	79	0.02699868
246776	105	0.02699868
246798	1722	0.043350924
246798	2528	0.043350924
246798	6083	0.043350924
246798	4369	0.04335092
246798	4900	0.04335092
246798	6391	0.04335092
246798	1143	0.043350916
246798	3564	0.043350916
246798	79	0.043350913
246798	105	0.043350913
246820	2528	0.02953733
246820	1722	0.029537328
246820	6083	0.029537328
246820	6391	0.029537326
246820	1143	0.029537324
246820	3564	0.029537324
246820	4369	0.029537324
246820	4900	0.029537324
246820	79	0.02953732
246820	105	0.02953732
246959	1722	0.040627845
246959	2528	0.040627845
246959	6083	0.040627845
246959	4369	0.04062784
246959	4900	0.04062784
246959	79	0.040627837
246959	105	0.040627837
246959	1143	0.040627837
246959	3564	0.040627837
246959	6391	0.040627837
247010	6083	0.022470577
247010	1722	0.022470575
247010	2528	0.022470575
247010	6391	0.022470575
247010	4369	0.022470573
247010	4900	0.022470573
247010	79	0.022470571
247010	105	0.022470571
247010	1143	0.022470571
247010	3564	0.022470571
247055	2528	0.0301027
247055	6083	0.0301027
247055	1722	0.030102698
247055	4900	0.030102696
247055	6391	0.030102696
247055	79	0.030102693
247055	105	0.030102693
247055	1143	0.030102693
247055	3564	0.030102693
247055	3917	0.030102693
247060	6083	0.039596673
247060	1722	0.03959667
247060	2528	0.03959667
247060	4900	0.03959667
247060	6391	0.03959667
247060	79	0.039596662
247060	105	0.039596662
247060	1143	0.039596662
247060	3088	0.039596662
247060	4369	0.039596662
247129	2528	0.04088924
247129	6083	0.04088924
247129	1722	0.040889237
247129	4369	0.040889237
247129	3564	0.040889233
247129	4900	0.040889233
247129	6391	0.040889233
247129	79	0.04088923
247129	1143	0.04088923
247129	105	0.040889226
247166	6083	0.02562476
247166	2528	0.025624758
247166	1722	0.025624756
247166	4900	0.025624756
247166	6391	0.025624756
247166	79	0.025624752
247166	1143	0.025624752
247166	3564	0.025624752
247166	3917	0.025624752
247166	4369	0.025624752
247201	6083	0.02636103
247201	1722	0.026361028
247201	2528	0.026361028
247201	4369	0.026361026
247201	4900	0.026361026
247201	6391	0.026361026
247201	1143	0.026361024
247201	3564	0.026361024
247201	79	0.026361022
247201	105	0.026361022
247240	6083	0.033481725
247240	1722	0.03348172
247240	2528	0.03348172
247240	1143	0.033481717
247240	3564	0.033481717
247240	4369	0.033481717
247240	4900	0.033481717
247240	6391	0.033481717
247240	79	0.033481713
247240	105	0.033481713
247241	2528	0.04601721
247241	6083	0.04601721
247241	1722	0.046017207
247241	4369	0.046017207
247241	4900	0.046017207
247241	6391	0.046017207
247241	3564	0.046017203
247241	79	0.0460172
247241	105	0.0460172
247241	1143	0.0460172
247278	6083	0.036155146
247278	1722	0.036155142
247278	2528	0.036155142
247278	6391	0.036155142
247278	79	0.03615514
247278	4369	0.03615514
247278	4900	0.03615514
247278	105	0.036155134
247278	1143	0.036155134
247278	3088	0.036155134
247423	2528	0.027124833
247423	6083	0.027124833
247423	1722	0.027124831
247423	1143	0.02712483
247423	4369	0.02712483
247423	4900	0.02712483
247423	6391	0.02712483
247423	3564	0.027124828
247423	79	0.027124826
247423	105	0.027124826
247429	6083	0.039893053
247429	1722	0.03989305
247429	2528	0.03989305
247429	4369	0.039893046
247429	4900	0.039893046
247429	6391	0.039893046
247429	79	0.039893042
247429	3564	0.039893042
247429	105	0.03989304
247429	804	0.03989304
247444	1722	0.033310838
247444	2528	0.033310838
247444	4900	0.033310838
247444	6083	0.033310838
247444	6391	0.033310838
247444	4369	0.033310834
247444	79	0.03331083
247444	105	0.03331083
247444	804	0.03331083
247444	1143	0.03331083
247447	1722	0.046683945
247447	2528	0.046683945
247447	6083	0.046683945
247447	4900	0.04668394
247447	6391	0.04668394
247447	105	0.046683937
247447	1143	0.046683937
247447	3564	0.046683937
247447	4369	0.046683937
247447	79	0.046683934
247518	6083	0.028743053
247518	1722	0.028743051
247518	2528	0.028743051
247518	4900	0.02874305
247518	6391	0.02874305
247518	3564	0.028743047
247518	4369	0.028743047
247518	1143	0.028743045
247518	79	0.028743044
247518	105	0.028743044
247537	6083	0.027362682
247537	1722	0.027362678
247537	2528	0.027362678
247537	4900	0.027362676
247537	1143	0.027362674
247537	3564	0.027362674
247537	4369	0.027362674
247537	6391	0.027362674
247537	79	0.02736267
247537	105	0.02736267
247626	6083	0.026768096
247626	2528	0.026768094
247626	1722	0.026768092
247626	4900	0.026768092
247626	6391	0.026768092
247626	79	0.026768088
247626	1143	0.026768088
247626	3564	0.026768088
247626	4369	0.026768088
247626	105	0.026768086
247664	6083	0.032110844
247664	1722	0.03211084
247664	2528	0.03211084
247664	4900	0.03211084
247664	6391	0.03211084
247664	79	0.032110833
247664	105	0.032110833
247664	804	0.032110833
247664	1143	0.032110833
247664	3088	0.032110833
247752	2528	0.050913718
247752	6083	0.050913718
247752	1722	0.050913714
247752	4900	0.05091371
247752	6391	0.05091371
247752	79	0.050913706
247752	1143	0.050913706
247752	3564	0.050913706
247752	3917	0.050913706
247752	4369	0.050913706
247829	1722	0.022991002
247829	2528	0.022991002
247829	6083	0.022991002
247829	6391	0.022991002
247829	4369	0.022991
247829	4900	0.022991
247829	79	0.022990998
247829	1143	0.022990998
247829	3564	0.022990998
247829	3917	0.022990998
247840	1722	0.026671007
247840	2528	0.026671007
247840	6083	0.026671007
247840	4369	0.026671004
247840	4900	0.026671004
247840	6391	0.026671004
247840	79	0.026671002
247840	1143	0.026671002
247840	105	0.026671
247840	804	0.026671
247852	2528	0.037443377
247852	6083	0.037443377
247852	1722	0.03744337
247852	3564	0.03744337
247852	4369	0.03744337
247852	4900	0.03744337
247852	6391	0.03744337
247852	105	0.037443366
247852	1143	0.037443366
247852	79	0.037443362
247855	1722	0.029888105
247855	2528	0.029888105
247855	6083	0.029888105
247855	1143	0.0298881
247855	4900	0.0298881
247855	6391	0.0298881
247855	4369	0.029888099
247855	79	0.029888097
247855	105	0.029888097
247855	3088	0.029888097
247897	2528	0.027719218
247897	6083	0.027719218
247897	1722	0.027719215
247897	4900	0.027719215
247897	6391	0.027719215
247897	3564	0.027719213
247897	4369	0.027719213
247897	79	0.02771921
247897	1143	0.02771921
247897	3917	0.02771921
247918	1722	0.019194834
247918	2528	0.019194834
247918	6083	0.019194834
247918	6391	0.019194834
247918	4369	0.019194832
247918	4900	0.019194832
247918	79	0.01919483
247918	105	0.01919483
247918	1143	0.01919483
247918	3088	0.01919483
247966	6083	0.024011381
247966	1722	0.02401138
247966	2528	0.02401138
247966	4900	0.024011377
247966	6391	0.024011377
247966	3564	0.024011375
247966	4369	0.024011375
247966	79	0.024011374
247966	105	0.024011374
247966	1143	0.024011374
247998	6083	0.02633973
247998	1722	0.026339728
247998	2528	0.026339728
247998	4900	0.026339727
247998	6391	0.026339727
247998	1143	0.026339725
247998	3564	0.026339725
247998	4369	0.026339725
247998	105	0.026339723
247998	79	0.026339721
248003	1722	0.033792384
248003	2528	0.033792384
248003	6083	0.033792384
248003	1143	0.03379238
248003	3564	0.03379238
248003	4369	0.03379238
248003	4900	0.03379238
248003	6391	0.03379238
248003	79	0.033792377
248003	105	0.033792377
248064	6083	0.030347925
248064	2528	0.030347923
248064	1722	0.030347921
248064	4900	0.030347921
248064	6391	0.030347921
248064	4369	0.03034792
248064	1143	0.030347917
248064	3564	0.030347917
248064	79	0.030347915
248064	105	0.030347915
248098	6083	0.034929078
248098	1722	0.034929074
248098	2528	0.034929074
248098	4369	0.034929074
248098	4900	0.034929074
248098	6391	0.034929074
248098	79	0.034929067
248098	105	0.034929067
248098	1143	0.034929067
248098	3088	0.034929067
248131	1722	0.025381211
248131	2528	0.025381211
248131	6083	0.025381211
248131	4369	0.025381207
248131	4900	0.025381207
248131	6391	0.025381207
248131	79	0.025381206
248131	1143	0.025381206
248131	3564	0.025381206
248131	105	0.025381204
248138	6083	0.02369863
248138	1722	0.023698628
248138	2528	0.023698628
248138	6391	0.023698628
248138	4369	0.023698626
248138	79	0.023698624
248138	105	0.023698624
248138	1143	0.023698624
248138	3564	0.023698624
248138	3917	0.023698624
248221	2528	0.029892378
248221	6083	0.029892378
248221	1722	0.029892376
248221	4900	0.029892374
248221	6391	0.029892374
248221	4369	0.029892372
248221	79	0.02989237
248221	1143	0.02989237
248221	3564	0.02989237
248221	105	0.029892368
248259	6083	0.02479571
248259	1722	0.024795707
248259	2528	0.024795707
248259	6391	0.024795705
248259	3564	0.024795704
248259	4369	0.024795704
248259	4900	0.024795704
248259	79	0.024795702
248259	1143	0.024795702
248259	105	0.0247957
248280	6083	0.027131587
248280	1722	0.027131584
248280	2528	0.027131584
248280	4900	0.027131584
248280	6391	0.027131584
248280	1143	0.02713158
248280	3564	0.02713158
248280	4369	0.02713158
248280	79	0.027131578
248280	105	0.027131578
248464	2528	0.03216449
248464	6083	0.03216449
248464	6391	0.03216449
248464	1722	0.032164488
248464	4369	0.032164488
248464	4900	0.032164488
248464	79	0.032164484
248464	105	0.032164484
248464	1143	0.032164484
248464	3088	0.032164484
248468	1722	0.032805037
248468	6083	0.032805037
248468	1143	0.032805033
248468	2528	0.032805033
248468	3564	0.032805033
248468	4369	0.032805033
248468	4900	0.032805033
248468	6391	0.032805033
248468	79	0.03280503
248468	105	0.03280503
248477	6083	0.028384889
248477	1722	0.028384887
248477	2528	0.028384887
248477	4900	0.028384885
248477	6391	0.028384885
248477	79	0.028384883
248477	1143	0.028384883
248477	3564	0.028384883
248477	4369	0.028384883
248477	105	0.02838488
248479	6083	0.026292598
248479	1722	0.026292596
248479	2528	0.026292596
248479	4900	0.026292596
248479	4369	0.026292594
248479	6391	0.026292594
248479	79	0.026292592
248479	105	0.026292592
248479	1143	0.026292592
248479	3564	0.026292592
248492	6083	0.022700714
248492	1722	0.022700712
248492	2528	0.022700712
248492	4900	0.022700712
248492	6391	0.022700712
248492	4369	0.02270071
248492	79	0.022700708
248492	1143	0.022700708
248492	3564	0.022700708
248492	3917	0.022700708
248496	6083	0.044600632
248496	1722	0.04460063
248496	2528	0.04460063
248496	6391	0.04460063
248496	4369	0.044600625
248496	79	0.04460062
248496	105	0.04460062
248496	1143	0.04460062
248496	3564	0.04460062
248496	3917	0.04460062
248531	2528	0.029216632
248531	6083	0.029216632
248531	1722	0.02921663
248531	4369	0.029216629
248531	4900	0.029216629
248531	6391	0.029216629
248531	79	0.029216625
248531	105	0.029216625
248531	1143	0.029216625
248531	3088	0.029216625
248540	6083	0.025212903
248540	1722	0.025212899
248540	2528	0.025212899
248540	4900	0.025212899
248540	6391	0.025212899
248540	4369	0.025212897
248540	79	0.025212895
248540	105	0.025212895
248540	1143	0.025212895
248540	3564	0.025212895
248547	2528	0.03104476
248547	1722	0.031044759
248547	6083	0.031044759
248547	6391	0.031044759
248547	1143	0.031044755
248547	3564	0.031044755
248547	4369	0.031044755
248547	4900	0.031044755
248547	79	0.031044753
248547	3917	0.031044753
248615	6083	0.030941762
248615	1722	0.03094176
248615	2528	0.03094176
248615	6391	0.030941758
248615	4900	0.030941756
248615	79	0.030941755
248615	1143	0.030941755
248615	3564	0.030941755
248615	4369	0.030941755
248615	105	0.030941753
248656	1722	0.02695961
248656	2528	0.02695961
248656	6083	0.02695961
248656	4900	0.026959607
248656	3564	0.026959606
248656	4369	0.026959606
248656	6391	0.026959606
248656	79	0.026959604
248656	1143	0.026959604
248656	105	0.026959602
248749	6083	0.029628877
248749	1722	0.029628873
248749	2528	0.029628873
248749	4900	0.029628871
248749	6391	0.029628871
248749	3564	0.02962887
248749	4369	0.02962887
248749	79	0.029628867
248749	105	0.029628867
248749	1143	0.029628867
248805	2528	0.027485594
248805	6083	0.027485594
248805	1722	0.02748559
248805	4900	0.02748559
248805	6391	0.02748559
248805	79	0.027485587
248805	105	0.027485587
248805	1143	0.027485587
248805	3564	0.027485587
248805	4369	0.027485587
248850	1722	0.03495144
248850	2528	0.03495144
248850	4900	0.03495144
248850	6083	0.03495144
248850	6391	0.03495144
248850	4369	0.034951437
248850	79	0.034951434
248850	105	0.034951434
248850	1143	0.034951434
248850	3564	0.034951434
248901	1722	0.03602226
248901	2528	0.03602226
248901	6083	0.03602226
248901	6391	0.03602226
248901	4900	0.036022257
248901	79	0.036022253
248901	105	0.036022253
248901	1143	0.036022253
248901	3088	0.036022253
248901	3564	0.036022253
248965	6083	0.026938152
248965	2528	0.02693815
248965	1722	0.026938148
248965	6391	0.026938148
248965	4369	0.026938146
248965	4900	0.026938146
248965	1143	0.026938144
248965	3564	0.026938144
248965	5896	0.026938144
248965	79	0.026938142
249058	1722	0.045224585
249058	2528	0.045224585
249058	6083	0.045224585
249058	4900	0.04522458
249058	6391	0.04522458
249058	79	0.045224577
249058	105	0.045224577
249058	1143	0.045224577
249058	3564	0.045224577
249058	4369	0.045224577
249096	1722	0.027309187
249096	2528	0.027309187
249096	6083	0.027309187
249096	6391	0.027309187
249096	1143	0.027309183
249096	4369	0.027309183
249096	4900	0.027309183
249096	79	0.027309181
249096	3564	0.027309181
249096	3917	0.027309181
249111	6083	0.024971142
249111	2528	0.02497114
249111	1722	0.024971139
249111	6391	0.024971139
249111	4900	0.024971137
249111	79	0.024971135
249111	105	0.024971135
249111	1143	0.024971135
249111	3564	0.024971135
249111	3917	0.024971135
249128	2528	0.03051908
249128	6083	0.03051908
249128	1722	0.030519078
249128	4369	0.030519076
249128	4900	0.030519076
249128	6391	0.030519076
249128	79	0.030519072
249128	1143	0.030519072
249128	3564	0.030519072
249128	105	0.03051907
249140	6083	0.028406492
249140	1722	0.02840649
249140	2528	0.02840649
249140	4900	0.028406488
249140	6391	0.028406488
249140	1143	0.028406486
249140	3564	0.028406486
249140	4369	0.028406486
249140	79	0.028406484
249140	105	0.028406482
249150	2528	0.027256511
249150	6083	0.027256511
249150	1722	0.02725651
249150	4369	0.027256507
249150	4900	0.027256507
249150	6391	0.027256507
249150	1143	0.027256506
249150	3564	0.027256506
249150	79	0.027256504
249150	105	0.027256504
249220	2528	0.022247925
249220	6083	0.022247925
249220	1722	0.022247924
249220	79	0.022247922
249220	1143	0.022247922
249220	3564	0.022247922
249220	4369	0.022247922
249220	4900	0.022247922
249220	6391	0.022247922
249220	105	0.02224792
249223	2528	0.022047792
249223	6083	0.022047792
249223	1722	0.022047788
249223	3564	0.022047788
249223	4900	0.022047788
249223	6391	0.022047788
249223	105	0.022047786
249223	4369	0.022047786
249223	79	0.022047784
249223	1143	0.022047784
249361	1722	0.025059022
249361	2528	0.025059022
249361	6083	0.025059022
249361	3564	0.025059018
249361	4369	0.025059018
249361	4900	0.025059018
249361	6391	0.025059018
249361	79	0.025059016
249361	1143	0.025059016
249361	105	0.025059015
249407	1722	0.031202704
249407	2528	0.031202704
249407	6083	0.031202704
249407	4369	0.0312027
249407	4900	0.0312027
249407	6391	0.0312027
249407	79	0.031202696
249407	105	0.031202696
249407	1143	0.031202696
249407	3564	0.031202696
249496	1722	0.032338895
249496	2528	0.032338895
249496	4900	0.032338895
249496	6083	0.032338895
249496	6391	0.032338895
249496	4369	0.03233889
249496	79	0.032338887
249496	105	0.032338887
249496	804	0.032338887
249496	1143	0.032338887
249628	1722	0.038354635
249628	2528	0.038354635
249628	4369	0.038354635
249628	6083	0.038354635
249628	6391	0.038354635
249628	4900	0.03835463
249628	79	0.038354628
249628	105	0.038354628
249628	804	0.038354628
249628	1143	0.038354628
249634	6083	0.027966686
249634	2528	0.027966684
249634	1722	0.027966682
249634	4900	0.027966682
249634	6391	0.027966682
249634	4369	0.02796668
249634	79	0.027966678
249634	105	0.027966678
249634	1143	0.027966678
249634	3564	0.027966678
249650	1722	0.029440127
249650	2528	0.029440127
249650	6083	0.029440127
249650	4900	0.029440125
249650	4369	0.029440124
249650	6391	0.029440124
249650	1143	0.029440122
249650	3564	0.029440122
249650	79	0.02944012
249650	105	0.02944012
249688	2528	0.032035492
249688	6083	0.032035492
249688	79	0.032035485
249688	1722	0.032035485
249688	4369	0.032035485
249688	4900	0.032035485
249688	6391	0.032035485
249688	105	0.03203548
249688	1143	0.03203548
249688	3088	0.03203548
249695	1722	0.019523326
249695	2528	0.019523326
249695	6083	0.019523326
249695	4900	0.019523324
249695	6391	0.019523324
249695	1143	0.019523323
249695	3564	0.019523323
249695	4369	0.019523323
249695	79	0.01952332
249695	3088	0.01952332
249732	4900	0.03271666
249732	6083	0.03271666
249732	6391	0.03271666
249732	1722	0.032716658
249732	2528	0.032716658
249732	79	0.032716654
249732	105	0.032716654
249732	1143	0.032716654
249732	3088	0.032716654
249732	3564	0.032716654
249746	6083	0.04367499
249746	1722	0.043674987
249746	2528	0.043674987
249746	4369	0.043674983
249746	4900	0.043674983
249746	6391	0.043674983
249746	79	0.04367498
249746	1143	0.04367498
249746	3564	0.04367498
249746	105	0.043674976
249848	6083	0.027539615
249848	2528	0.027539613
249848	1722	0.02753961
249848	6391	0.02753961
249848	1143	0.027539609
249848	4900	0.027539609
249848	79	0.027539607
249848	105	0.027539607
249848	3564	0.027539607
249848	3917	0.027539607
249862	6083	0.033882443
249862	1722	0.03388244
249862	2528	0.03388244
249862	4900	0.03388244
249862	6391	0.03388244
249862	4369	0.033882435
249862	79	0.03388243
249862	105	0.03388243
249862	1143	0.03388243
249862	3088	0.03388243
249924	1722	0.024917737
249924	2528	0.024917737
249924	4900	0.024917737
249924	6083	0.024917737
249924	6391	0.024917737
249924	79	0.024917733
249924	105	0.024917733
249924	1143	0.024917733
249924	3564	0.024917733
249924	4369	0.024917733
249939	6083	0.028138956
249939	1722	0.028138954
249939	2528	0.028138954
249939	6391	0.028138954
249939	4900	0.028138952
249939	1143	0.02813895
249939	4369	0.02813895
249939	79	0.028138949
249939	105	0.028138949
249939	3564	0.028138949
249953	1722	0.034083553
249953	2528	0.034083553
249953	6083	0.034083553
249953	4900	0.03408355
249953	6391	0.03408355
249953	79	0.034083545
249953	1143	0.034083545
249953	3917	0.034083545
249953	4369	0.034083545
249953	105	0.03408354
249958	6083	0.027689947
249958	1722	0.027689945
249958	2528	0.027689945
249958	6391	0.027689945
249958	4900	0.027689943
249958	4369	0.027689941
249958	79	0.02768994
249958	1143	0.02768994
249958	3564	0.02768994
249958	105	0.027689938
249989	2528	0.031197693
249989	6083	0.031197693
249989	1722	0.031197691
249989	4369	0.03119769
249989	4900	0.03119769
249989	6391	0.03119769
249989	1143	0.031197688
249989	3564	0.031197688
249989	79	0.031197686
249989	105	0.031197686
250006	6083	0.034007613
250006	1722	0.03400761
250006	2528	0.03400761
250006	6391	0.03400761
250006	105	0.034007605
250006	3564	0.034007605
250006	4369	0.034007605
250006	4900	0.034007605
250006	79	0.0340076
250006	1143	0.0340076
250101	6083	0.03421675
250101	1722	0.034216747
250101	2528	0.034216747
250101	4900	0.034216747
250101	6391	0.034216747
250101	4369	0.034216743
250101	79	0.03421674
250101	105	0.03421674
250101	804	0.03421674
250101	1143	0.03421674
250184	2528	0.038801808
250184	1722	0.038801804
250184	4369	0.038801804
250184	4900	0.038801804
250184	6083	0.038801804
250184	6391	0.038801804
250184	3564	0.0388018
250184	79	0.038801797
250184	105	0.038801797
250184	1143	0.038801797
250219	6083	0.029707856
250219	2528	0.029707855
250219	1722	0.029707853
250219	4369	0.029707853
250219	4900	0.029707853
250219	79	0.029707849
250219	105	0.029707849
250219	1143	0.029707849
250219	3564	0.029707849
250219	3917	0.029707847
250223	6083	0.028041951
250223	1722	0.02804195
250223	2528	0.02804195
250223	4369	0.028041948
250223	4900	0.028041948
250223	6391	0.028041948
250223	79	0.028041944
250223	105	0.028041944
250223	1143	0.028041944
250223	3564	0.028041944
250300	2528	0.037839577
250300	6083	0.037839577
250300	1722	0.037839573
250300	4900	0.037839573
250300	6391	0.037839573
250300	79	0.03783957
250300	105	0.03783957
250300	1143	0.03783957
250300	3564	0.03783957
250300	4369	0.03783957
250301	1722	0.020987084
250301	2528	0.020987084
250301	6083	0.020987084
250301	6391	0.020987082
250301	4369	0.02098708
250301	4900	0.02098708
250301	79	0.020987079
250301	105	0.020987079
250301	1143	0.020987079
250301	3088	0.020987079
250330	6083	0.029099757
250330	1722	0.029099755
250330	2528	0.029099755
250330	4900	0.029099753
250330	1143	0.029099751
250330	4369	0.029099751
250330	6391	0.029099751
250330	3564	0.02909975
250330	79	0.029099748
250330	105	0.029099748
250368	2528	0.024027094
250368	6083	0.024027094
250368	1722	0.024027092
250368	4900	0.024027092
250368	6391	0.024027092
250368	4369	0.02402709
250368	1143	0.024027089
250368	3564	0.024027089
250368	79	0.024027087
250368	105	0.024027087
250398	6083	0.034265917
250398	2528	0.034265913
250398	4369	0.034265913
250398	4900	0.034265913
250398	6391	0.034265913
250398	1722	0.03426591
250398	79	0.034265906
250398	105	0.034265906
250398	804	0.034265906
250398	1143	0.034265906
250405	1722	0.034378447
250405	2528	0.034378447
250405	6083	0.034378447
250405	6391	0.034378447
250405	4900	0.034378443
250405	79	0.03437844
250405	105	0.03437844
250405	1143	0.03437844
250405	3088	0.03437844
250405	3564	0.03437844
250456	6083	0.01819545
250456	1722	0.018195448
250456	2528	0.018195448
250456	79	0.018195447
250456	1143	0.018195447
250456	3564	0.018195447
250456	3917	0.018195447
250456	4369	0.018195447
250456	4900	0.018195447
250456	6391	0.018195447
250461	6083	0.032318875
250461	1722	0.03231887
250461	2528	0.03231887
250461	4369	0.03231887
250461	105	0.032318868
250461	1143	0.032318868
250461	3564	0.032318868
250461	4900	0.032318868
250461	6391	0.032318868
250461	79	0.032318864
250494	6083	0.030636031
250494	1722	0.030636027
250494	2528	0.030636027
250494	4900	0.030636026
250494	6391	0.030636026
250494	1143	0.030636024
250494	4369	0.030636024
250494	105	0.030636022
250494	3564	0.030636022
250494	79	0.03063602
250506	1722	0.028311357
250506	2528	0.028311357
250506	6083	0.028311357
250506	4900	0.028311355
250506	6391	0.028311355
250506	1143	0.028311353
250506	3564	0.028311353
250506	4369	0.028311353
250506	79	0.028311351
250506	105	0.028311351
250543	1722	0.026462127
250543	2528	0.026462127
250543	6083	0.026462127
250543	4369	0.026462123
250543	4900	0.026462123
250543	6391	0.026462123
250543	79	0.026462121
250543	1143	0.026462121
250543	3564	0.026462121
250543	105	0.02646212
250683	1722	0.029009324
250683	2528	0.029009324
250683	6083	0.029009324
250683	4369	0.02900932
250683	4900	0.02900932
250683	6391	0.02900932
250683	79	0.029009316
250683	105	0.029009316
250683	1143	0.029009316
250683	3564	0.029009316
250709	6083	0.03910847
250709	2528	0.039108466
250709	1722	0.039108463
250709	4369	0.039108463
250709	4900	0.039108463
250709	6391	0.039108463
250709	1143	0.03910846
250709	79	0.039108455
250709	105	0.039108455
250709	804	0.039108455
250733	6083	0.025535578
250733	1722	0.025535576
250733	2528	0.025535576
250733	4900	0.025535576
250733	6391	0.025535576
250733	4369	0.025535574
250733	79	0.025535572
250733	1143	0.025535572
250733	3564	0.025535572
250733	3917	0.025535572
250764	1722	0.031526554
250764	2528	0.031526554
250764	6083	0.031526554
250764	3564	0.03152655
250764	4369	0.03152655
250764	4900	0.03152655
250764	6391	0.03152655
250764	79	0.031526547
250764	105	0.031526547
250764	5896	0.031526547
250832	1722	0.028529841
250832	2528	0.028529841
250832	6083	0.028529841
250832	4900	0.02852984
250832	6391	0.02852984
250832	105	0.028529838
250832	1143	0.028529838
250832	3564	0.028529838
250832	4369	0.028529838
250832	79	0.028529834
250851	2528	0.026343495
250851	6083	0.026343495
250851	1722	0.026343493
250851	4369	0.02634349
250851	4900	0.02634349
250851	6391	0.02634349
250851	3564	0.026343489
250851	79	0.026343487
250851	105	0.026343487
250851	1143	0.026343487
250925	1722	0.036550134
250925	2528	0.036550134
250925	4900	0.036550134
250925	6083	0.036550134
250925	6391	0.03655013
250925	79	0.036550127
250925	105	0.036550127
250925	1143	0.036550127
250925	3088	0.036550127
250925	3564	0.036550127
250936	6083	0.030743437
250936	1722	0.030743435
250936	2528	0.030743435
250936	4369	0.030743431
250936	4900	0.030743431
250936	6391	0.030743431
250936	3564	0.03074343
250936	79	0.030743428
250936	105	0.030743428
250936	1143	0.030743428
250939	6083	0.030861177
250939	2528	0.030861175
250939	1722	0.030861173
250939	4900	0.030861171
250939	79	0.03086117
250939	1143	0.03086117
250939	4369	0.03086117
250939	6391	0.03086117
250939	105	0.030861167
250939	3564	0.030861167
250962	1722	0.040778484
250962	6083	0.040778484
250962	2528	0.04077848
250962	4369	0.04077848
250962	4900	0.04077848
250962	6391	0.04077848
250962	1143	0.040778477
250962	79	0.040778473
250962	105	0.040778473
250962	804	0.040778473
250989	6083	0.025236174
250989	1722	0.02523617
250989	2528	0.02523617
250989	4369	0.025236169
250989	4900	0.025236169
250989	6391	0.025236169
250989	105	0.025236167
250989	1143	0.025236167
250989	3564	0.025236167
250989	79	0.025236165
251003	6083	0.027835904
251003	1722	0.027835902
251003	2528	0.027835902
251003	4900	0.027835902
251003	6391	0.027835902
251003	1143	0.027835898
251003	4369	0.027835898
251003	79	0.027835896
251003	105	0.027835896
251003	3564	0.027835896
251019	6083	0.02375229
251019	1722	0.023752287
251019	2528	0.023752287
251019	4900	0.023752287
251019	6391	0.023752287
251019	4369	0.023752285
251019	79	0.023752283
251019	105	0.023752283
251019	1143	0.023752283
251019	3564	0.023752283
251093	2528	0.03510467
251093	6083	0.035104666
251093	1722	0.035104662
251093	3564	0.035104662
251093	4369	0.035104662
251093	4900	0.035104662
251093	6391	0.035104662
251093	79	0.03510466
251093	105	0.03510466
251093	1143	0.03510466
251122	6083	0.0242874
251122	1722	0.024287399
251122	2528	0.024287399
251122	4900	0.024287397
251122	6391	0.024287397
251122	79	0.024287395
251122	105	0.024287395
251122	1143	0.024287395
251122	3564	0.024287395
251122	4369	0.024287395
251140	6083	0.029296238
251140	2528	0.029296236
251140	1722	0.029296234
251140	4900	0.029296234
251140	6391	0.029296234
251140	4369	0.029296232
251140	79	0.02929623
251140	1143	0.02929623
251140	3564	0.02929623
251140	105	0.029296229
251146	6083	0.026305713
251146	1722	0.026305709
251146	2528	0.026305709
251146	4369	0.026305707
251146	4900	0.026305707
251146	6391	0.026305707
251146	1143	0.026305705
251146	3564	0.026305705
251146	79	0.026305703
251146	105	0.026305702
251149	2528	0.02599644
251149	6083	0.02599644
251149	1722	0.025996437
251149	6391	0.025996437
251149	3564	0.025996435
251149	4369	0.025996435
251149	4900	0.025996435
251149	79	0.025996434
251149	105	0.025996434
251149	1143	0.025996434
251164	6083	0.025187256
251164	1722	0.025187254
251164	2528	0.025187254
251164	6391	0.025187252
251164	79	0.02518725
251164	105	0.02518725
251164	1143	0.02518725
251164	3564	0.02518725
251164	4369	0.02518725
251164	4900	0.02518725
251242	1722	0.033144534
251242	2528	0.033144534
251242	4900	0.033144534
251242	6083	0.033144534
251242	6391	0.033144534
251242	3564	0.03314453
251242	4369	0.03314453
251242	79	0.033144526
251242	105	0.033144526
251242	804	0.033144526
251362	6083	0.031378724
251362	1722	0.03137872
251362	2528	0.03137872
251362	6391	0.03137872
251362	1143	0.031378716
251362	4369	0.031378716
251362	4900	0.031378716
251362	79	0.031378713
251362	105	0.031378713
251362	804	0.031378713
251391	6083	0.028222255
251391	1722	0.028222254
251391	2528	0.028222254
251391	4900	0.028222252
251391	6391	0.028222252
251391	4369	0.02822225
251391	79	0.028222248
251391	105	0.028222248
251391	1143	0.028222248
251391	3564	0.028222248
251394	6083	0.041627213
251394	1722	0.04162721
251394	2528	0.04162721
251394	79	0.041627206
251394	1143	0.041627206
251394	3564	0.041627206
251394	4369	0.041627206
251394	4900	0.041627206
251394	6391	0.041627206
251394	105	0.0416272
251398	6083	0.02526961
251398	1722	0.025269609
251398	2528	0.025269609
251398	4900	0.025269607
251398	6391	0.025269607
251398	79	0.025269605
251398	1143	0.025269605
251398	4369	0.025269605
251398	105	0.025269603
251398	3564	0.025269603
251422	6083	0.040028412
251422	1722	0.04002841
251422	2528	0.04002841
251422	4900	0.04002841
251422	6391	0.04002841
251422	4369	0.040028404
251422	79	0.0400284
251422	105	0.0400284
251422	804	0.0400284
251422	1143	0.0400284
251423	2528	0.029977104
251423	6083	0.029977104
251423	1722	0.029977102
251423	6391	0.029977102
251423	4900	0.0299771
251423	3564	0.029977098
251423	4369	0.029977098
251423	79	0.029977096
251423	1143	0.029977096
251423	105	0.029977094
251483	6083	0.023362787
251483	1722	0.023362786
251483	2528	0.023362786
251483	4369	0.023362784
251483	4900	0.023362784
251483	6391	0.023362784
251483	79	0.023362782
251483	105	0.023362782
251483	1143	0.023362782
251483	3564	0.023362782
251495	1722	0.029480495
251495	2528	0.029480495
251495	6083	0.029480495
251495	6391	0.029480495
251495	4900	0.029480493
251495	1143	0.02948049
251495	3564	0.02948049
251495	4369	0.02948049
251495	79	0.029480487
251495	105	0.029480487
251518	6083	0.037075356
251518	1722	0.03707535
251518	2528	0.03707535
251518	4369	0.03707535
251518	6391	0.03707535
251518	79	0.037075344
251518	4900	0.037075344
251518	105	0.03707534
251518	804	0.03707534
251518	1143	0.03707534
251527	2528	0.016350625
251527	6083	0.016350625
251527	1143	0.016350623
251527	1722	0.016350623
251527	4369	0.016350623
251527	4900	0.016350623
251527	6391	0.016350623
251527	105	0.016350621
251527	3564	0.016350621
251527	79	0.01635062
251560	2528	0.029079728
251560	6083	0.029079728
251560	1722	0.029079726
251560	4900	0.029079724
251560	6391	0.029079724
251560	1143	0.029079722
251560	4369	0.029079722
251560	79	0.02907972
251560	105	0.02907972
251560	3564	0.02907972
251606	6083	0.028187906
251606	1722	0.028187905
251606	2528	0.028187905
251606	6391	0.028187905
251606	4369	0.028187903
251606	1143	0.0281879
251606	3564	0.0281879
251606	4900	0.0281879
251606	79	0.028187899
251606	105	0.028187897
251613	2528	0.030319642
251613	6083	0.030319642
251613	1722	0.03031964
251613	4369	0.030319639
251613	4900	0.030319639
251613	6391	0.030319639
251613	3564	0.030319637
251613	79	0.030319635
251613	105	0.030319635
251613	1143	0.030319635
251642	6083	0.026398389
251642	1722	0.026398387
251642	2528	0.026398387
251642	4900	0.026398387
251642	4369	0.026398385
251642	6391	0.026398385
251642	1143	0.026398383
251642	3564	0.026398383
251642	79	0.026398381
251642	105	0.026398381
251721	79	0.031501234
251721	1722	0.031501234
251721	2528	0.031501234
251721	4369	0.031501234
251721	4900	0.031501234
251721	6083	0.031501234
251721	6391	0.031501234
251721	105	0.03150123
251721	1143	0.03150123
251721	3564	0.03150123
251739	6083	0.024751764
251739	1722	0.024751762
251739	2528	0.02475176
251739	4369	0.02475176
251739	4900	0.02475176
251739	6391	0.02475176
251739	79	0.024751756
251739	105	0.024751756
251739	1143	0.024751756
251739	3564	0.024751756
251744	6083	0.03408105
251744	1722	0.034081046
251744	2528	0.03408104
251744	4369	0.03408104
251744	4900	0.03408104
251744	6391	0.03408104
251744	105	0.034081038
251744	3564	0.034081038
251744	79	0.034081034
251744	804	0.034081034
251843	6083	0.04321359
251843	1722	0.043213587
251843	2528	0.043213587
251843	1143	0.043213584
251843	4900	0.043213584
251843	6391	0.043213584
251843	79	0.04321358
251843	4369	0.04321358
251843	105	0.043213576
251843	804	0.043213576
251844	6083	0.04058019
251844	2528	0.040580187
251844	1722	0.040580183
251844	3564	0.040580183
251844	4369	0.040580183
251844	4900	0.040580183
251844	6391	0.040580183
251844	105	0.04058018
251844	1143	0.04058018
251844	3917	0.04058018
251890	6083	0.025206227
251890	1722	0.025206225
251890	2528	0.025206225
251890	4369	0.025206223
251890	4900	0.025206223
251890	6391	0.025206223
251890	1143	0.025206221
251890	3564	0.025206221
251890	79	0.02520622
251890	105	0.02520622
252071	6083	0.039975427
252071	1722	0.039975423
252071	2528	0.039975423
252071	1143	0.03997542
252071	4369	0.03997542
252071	4900	0.03997542
252071	6391	0.03997542
252071	79	0.039975416
252071	3088	0.039975416
252071	3564	0.039975416
252222	6083	0.022893496
252222	1722	0.022893494
252222	2528	0.022893494
252222	6391	0.022893494
252222	4900	0.022893492
252222	1143	0.02289349
252222	4369	0.02289349
252222	79	0.022893488
252222	105	0.022893488
252222	804	0.022893488
252233	6083	0.02001685
252233	1722	0.020016849
252233	2528	0.020016849
252233	4900	0.020016849
252233	6391	0.020016849
252233	1143	0.020016847
252233	3564	0.020016847
252233	4369	0.020016847
252233	79	0.020016845
252233	105	0.020016845
252282	2528	0.023654316
252282	6083	0.023654316
252282	1722	0.023654312
252282	4900	0.023654312
252282	6391	0.023654312
252282	4369	0.02365431
252282	79	0.023654308
252282	105	0.023654308
252282	1143	0.023654308
252282	3564	0.023654308
252287	6083	0.026141241
252287	2528	0.02614124
252287	1722	0.026141237
252287	4369	0.026141237
252287	4900	0.026141237
252287	6391	0.026141237
252287	79	0.026141234
252287	105	0.026141234
252287	1143	0.026141234
252287	3564	0.026141234
252292	1722	0.032789305
252292	2528	0.032789305
252292	6083	0.032789305
252292	4369	0.0327893
252292	4900	0.0327893
252292	6391	0.0327893
252292	79	0.032789297
252292	105	0.032789297
252292	1143	0.032789297
252292	3088	0.032789297
252347	1722	0.02100505
252347	2528	0.02100505
252347	6083	0.02100505
252347	6391	0.02100505
252347	4900	0.021005047
252347	79	0.021005046
252347	1143	0.021005046
252347	3564	0.021005046
252347	3917	0.021005046
252347	4369	0.021005046
252627	6083	0.024424091
252627	2528	0.02442409
252627	1722	0.024424087
252627	4369	0.024424087
252627	4900	0.024424087
252627	6391	0.024424087
252627	79	0.024424084
252627	105	0.024424084
252627	1143	0.024424084
252627	3564	0.024424084
252654	6083	0.02785426
252654	1722	0.027854256
252654	2528	0.027854256
252654	6391	0.027854256
252654	4369	0.027854254
252654	4900	0.027854254
252654	105	0.027854253
252654	1143	0.027854253
252654	3564	0.027854253
252654	79	0.02785425
252698	2528	0.024387525
252698	6083	0.024387525
252698	1722	0.024387524
252698	4900	0.024387524
252698	6391	0.024387524
252698	3564	0.024387522
252698	4369	0.024387522
252698	79	0.02438752
252698	105	0.02438752
252698	1143	0.02438752
252775	1722	0.023240507
252775	2528	0.023240507
252775	6083	0.023240507
252775	4369	0.023240505
252775	4900	0.023240505
252775	6391	0.023240505
252775	79	0.023240503
252775	1143	0.023240503
252775	3564	0.023240503
252775	3917	0.023240501
252785	6083	0.030694932
252785	1722	0.030694928
252785	2528	0.030694928
252785	6391	0.030694928
252785	4900	0.030694926
252785	3564	0.030694924
252785	4369	0.030694924
252785	79	0.030694922
252785	1143	0.030694922
252785	105	0.03069492
252806	6083	0.029159706
252806	1722	0.029159702
252806	2528	0.029159702
252806	6391	0.0291597
252806	79	0.029159699
252806	3564	0.029159699
252806	4369	0.029159699
252806	4900	0.029159699
252806	1143	0.029159697
252806	105	0.029159695
252820	6083	0.04066406
252820	1722	0.040664054
252820	4900	0.040664054
252820	6391	0.040664054
252820	4369	0.04066405
252820	79	0.040664047
252820	105	0.040664047
252820	1143	0.040664047
252820	3088	0.040664047
252820	3564	0.040664047
252827	1722	0.030451782
252827	2528	0.030451782
252827	6083	0.030451782
252827	4369	0.030451778
252827	4900	0.030451778
252827	6391	0.030451778
252827	1143	0.030451776
252827	3564	0.030451776
252827	79	0.030451775
252827	105	0.030451775
252829	2528	0.02881156
252829	6083	0.02881156
252829	1722	0.028811555
252829	4900	0.028811555
252829	4369	0.028811553
252829	6391	0.028811553
252829	79	0.028811552
252829	105	0.028811552
252829	1143	0.028811552
252829	3564	0.028811552
252843	6083	0.03600351
252843	1722	0.036003508
252843	2528	0.036003508
252843	4369	0.036003504
252843	4900	0.036003504
252843	6391	0.036003504
252843	79	0.0360035
252843	105	0.0360035
252843	1143	0.0360035
252843	1557	0.0360035
252846	6083	0.02888752
252846	1722	0.028887518
252846	2528	0.028887518
252846	3564	0.028887514
252846	4369	0.028887514
252846	4900	0.028887514
252846	6391	0.028887514
252846	79	0.028887512
252846	1143	0.028887512
252846	105	0.02888751
252848	2528	0.032167282
252848	6083	0.032167282
252848	1722	0.03216728
252848	4900	0.03216728
252848	6391	0.03216728
252848	79	0.032167275
252848	3564	0.032167275
252848	4369	0.032167275
252848	105	0.03216727
252848	804	0.03216727
252865	6083	0.039401107
252865	2528	0.039401103
252865	1722	0.0394011
252865	4369	0.0394011
252865	4900	0.0394011
252865	6391	0.0394011
252865	3564	0.039401095
252865	79	0.03940109
252865	105	0.03940109
252865	804	0.03940109
252903	2528	0.025160171
252903	6083	0.025160171
252903	1722	0.02516017
252903	4369	0.025160167
252903	4900	0.025160167
252903	6391	0.025160167
252903	79	0.025160164
252903	105	0.025160164
252903	1143	0.025160164
252903	3564	0.025160164
253005	6083	0.029154157
253005	1722	0.029154155
253005	2528	0.029154155
253005	4900	0.029154154
253005	6391	0.029154154
253005	4369	0.029154152
253005	79	0.02915415
253005	105	0.02915415
253005	1143	0.02915415
253005	3564	0.02915415
253106	6083	0.02608322
253106	1722	0.026083216
253106	2528	0.026083216
253106	6391	0.026083216
253106	4900	0.026083214
253106	79	0.026083212
253106	1143	0.026083212
253106	3564	0.026083212
253106	4369	0.026083212
253106	105	0.02608321
253226	2528	0.024155036
253226	6083	0.024155036
253226	1722	0.024155034
253226	4900	0.024155034
253226	3564	0.024155032
253226	4369	0.024155032
253226	6391	0.024155032
253226	1143	0.02415503
253226	79	0.024155028
253226	105	0.024155028
253310	1722	0.041816838
253310	2528	0.041816838
253310	6083	0.041816838
253310	6391	0.041816838
253310	4900	0.041816834
253310	105	0.04181683
253310	1143	0.04181683
253310	3564	0.04181683
253310	4369	0.04181683
253310	79	0.041816827
253311	6083	0.024017174
253311	1722	0.02401717
253311	2528	0.02401717
253311	6391	0.02401717
253311	4369	0.024017168
253311	4900	0.024017168
253311	79	0.024017166
253311	105	0.024017166
253311	1143	0.024017166
253311	3564	0.024017166
253322	6083	0.024557719
253322	1722	0.024557717
253322	2528	0.024557717
253322	6391	0.024557717
253322	4369	0.024557715
253322	4900	0.024557715
253322	79	0.024557713
253322	105	0.024557713
253322	1143	0.024557713
253322	3564	0.024557713
253386	2528	0.030041866
253386	6083	0.030041864
253386	1722	0.030041862
253386	4900	0.030041862
253386	6391	0.030041862
253386	79	0.030041859
253386	1143	0.030041859
253386	3564	0.030041859
253386	4369	0.030041859
253386	105	0.030041857
253403	6083	0.029038524
253403	1722	0.029038522
253403	2528	0.029038522
253403	4369	0.02903852
253403	4900	0.02903852
253403	6391	0.02903852
253403	79	0.029038519
253403	3564	0.029038519
253403	105	0.029038517
253403	1143	0.029038517
253482	2528	0.035150297
253482	1722	0.035150293
253482	6083	0.035150293
253482	3564	0.03515029
253482	4369	0.03515029
253482	4900	0.03515029
253482	6391	0.03515029
253482	79	0.035150286
253482	1143	0.035150286
253482	105	0.035150282
253556	2528	0.03026842
253556	6083	0.03026842
253556	1722	0.030268416
253556	4900	0.030268416
253556	6391	0.030268416
253556	4369	0.030268414
253556	79	0.030268412
253556	1143	0.030268412
253556	3564	0.030268412
253556	5896	0.030268412
253563	1722	0.028512545
253563	2528	0.028512545
253563	6083	0.028512545
253563	6391	0.028512543
253563	4369	0.028512541
253563	4900	0.028512541
253563	79	0.028512537
253563	105	0.028512537
253563	1143	0.028512537
253563	3088	0.028512537
253580	1722	0.0208233
253580	2528	0.0208233
253580	6083	0.0208233
253580	6391	0.0208233
253580	4900	0.020823298
253580	79	0.020823296
253580	105	0.020823296
253580	1143	0.020823296
253580	3564	0.020823296
253580	3917	0.020823296
253602	2528	0.02871525
253602	6083	0.02871525
253602	1722	0.028715247
253602	4900	0.028715245
253602	6391	0.028715245
253602	4369	0.028715244
253602	79	0.028715242
253602	105	0.028715242
253602	1143	0.028715242
253602	3564	0.028715242
253626	2528	0.026586808
253626	6083	0.026586808
253626	1722	0.026586806
253626	6391	0.026586805
253626	4369	0.026586803
253626	4900	0.026586803
253626	79	0.0265868
253626	105	0.0265868
253626	1143	0.0265868
253626	3564	0.0265868
253629	6083	0.02748389
253629	1722	0.027483888
253629	2528	0.027483888
253629	6391	0.027483886
253629	1143	0.027483884
253629	3564	0.027483884
253629	4369	0.027483884
253629	4900	0.027483884
253629	79	0.02748388
253629	105	0.02748388
253668	6083	0.03083459
253668	2528	0.030834587
253668	1722	0.030834585
253668	6391	0.030834585
253668	4369	0.030834584
253668	4900	0.030834584
253668	105	0.030834582
253668	1143	0.030834582
253668	3564	0.030834582
253668	79	0.03083458
253771	2528	0.03174331
253771	6083	0.03174331
253771	1722	0.031743307
253771	79	0.031743303
253771	105	0.031743303
253771	1143	0.031743303
253771	3564	0.031743303
253771	3917	0.031743303
253771	4369	0.031743303
253771	4900	0.031743303
253797	2528	0.035287615
253797	6083	0.035287615
253797	1722	0.03528761
253797	4369	0.03528761
253797	4900	0.03528761
253797	6391	0.03528761
253797	1143	0.035287607
253797	3564	0.035287607
253797	79	0.035287604
253797	105	0.035287604
253821	6083	0.02840701
253821	1722	0.028407007
253821	2528	0.028407007
253821	3564	0.028407004
253821	4369	0.028407004
253821	4900	0.028407004
253821	6391	0.028407004
253821	1143	0.028407002
253821	79	0.028407
253821	105	0.028407
253867	6083	0.02520204
253867	1722	0.025202038
253867	2528	0.025202038
253867	4900	0.025202036
253867	6391	0.025202036
253867	79	0.025202034
253867	3564	0.025202034
253867	4369	0.025202034
253867	105	0.025202032
253867	804	0.025202032
253871	6083	0.040724337
253871	1722	0.040724333
253871	2528	0.040724333
253871	4900	0.040724333
253871	1143	0.04072433
253871	4369	0.04072433
253871	6391	0.04072433
253871	79	0.040724326
253871	105	0.040724326
253871	804	0.040724322
253949	2528	0.026080739
253949	6083	0.026080739
253949	1722	0.026080737
253949	4900	0.026080735
253949	6391	0.026080735
253949	4369	0.026080733
253949	79	0.026080731
253949	105	0.026080731
253949	1143	0.026080731
253949	3564	0.026080731
253964	2528	0.022767758
253964	6083	0.022767758
253964	1722	0.022767756
253964	4369	0.022767756
253964	4900	0.022767756
253964	6391	0.022767756
253964	79	0.022767754
253964	1143	0.022767754
253964	3564	0.022767754
253964	105	0.022767752
254038	1722	0.032426786
254038	2528	0.032426786
254038	6083	0.032426786
254038	4369	0.032426782
254038	4900	0.032426782
254038	6391	0.032426782
254038	79	0.03242678
254038	105	0.03242678
254038	3564	0.03242678
254038	804	0.032426775
254053	6083	0.023499098
254053	2528	0.023499096
254053	1722	0.023499094
254053	4900	0.023499094
254053	4369	0.023499092
254053	6391	0.023499092
254053	79	0.02349909
254053	105	0.02349909
254053	1143	0.02349909
254053	3564	0.02349909
254064	2528	0.03404758
254064	6083	0.03404758
254064	1722	0.034047578
254064	79	0.034047574
254064	1143	0.034047574
254064	3564	0.034047574
254064	4369	0.034047574
254064	4900	0.034047574
254064	6391	0.034047574
254064	105	0.03404757
254144	6083	0.04671375
254144	1722	0.046713747
254144	2528	0.046713747
254144	6391	0.046713747
254144	4369	0.046713743
254144	4900	0.046713743
254144	79	0.04671374
254144	105	0.04671374
254144	1143	0.04671374
254144	3564	0.04671374
254160	2528	0.023349557
254160	6083	0.023349557
254160	1722	0.023349555
254160	4369	0.023349553
254160	4900	0.023349553
254160	6391	0.023349553
254160	105	0.023349551
254160	3564	0.023349551
254160	79	0.02334955
254160	804	0.02334955
254196	6083	0.027153276
254196	2528	0.027153274
254196	1722	0.027153272
254196	6391	0.027153272
254196	4369	0.02715327
254196	4900	0.02715327
254196	79	0.027153268
254196	1143	0.027153268
254196	3564	0.027153268
254196	105	0.027153267
254201	1722	0.032571077
254201	2528	0.032571077
254201	6083	0.032571077
254201	6391	0.032571074
254201	79	0.03257107
254201	105	0.03257107
254201	1143	0.03257107
254201	3564	0.03257107
254201	4369	0.03257107
254201	4900	0.03257107
254278	6083	0.028487584
254278	1722	0.028487582
254278	2528	0.028487582
254278	6391	0.02848758
254278	3564	0.028487578
254278	4369	0.028487578
254278	4900	0.028487578
254278	1143	0.028487576
254278	79	0.028487574
254278	105	0.028487574
254289	6083	0.0330808
254289	1722	0.033080798
254289	2528	0.033080798
254289	1143	0.033080794
254289	3564	0.033080794
254289	4369	0.033080794
254289	4900	0.033080794
254289	6391	0.033080794
254289	79	0.03308079
254289	105	0.03308079
254299	2528	0.033146176
254299	6083	0.033146176
254299	1722	0.033146173
254299	4369	0.033146173
254299	4900	0.033146173
254299	6391	0.033146173
254299	105	0.03314617
254299	1143	0.03314617
254299	3564	0.03314617
254299	79	0.033146165
254355	6083	0.03255168
254355	1722	0.032551676
254355	2528	0.032551676
254355	4900	0.032551676
254355	6391	0.032551676
254355	4369	0.032551672
254355	79	0.03255167
254355	105	0.03255167
254355	804	0.03255167
254355	1143	0.03255167
254376	2528	0.030003585
254376	6083	0.030003585
254376	1722	0.030003583
254376	4369	0.030003581
254376	4900	0.030003581
254376	6391	0.030003581
254376	79	0.03000358
254376	1143	0.03000358
254376	3564	0.03000358
254376	105	0.030003577
254377	1722	0.032601215
254377	2528	0.032601215
254377	4900	0.032601215
254377	6083	0.032601215
254377	6391	0.032601215
254377	79	0.032601207
254377	105	0.032601207
254377	804	0.032601207
254377	1143	0.032601207
254377	3088	0.032601207
254405	6083	0.02591876
254405	1722	0.025918756
254405	2528	0.025918756
254405	4900	0.025918756
254405	6391	0.025918754
254405	105	0.025918752
254405	1143	0.025918752
254405	3564	0.025918752
254405	4369	0.025918752
254405	3917	0.02591875
254417	6083	0.026223024
254417	1722	0.026223022
254417	2528	0.026223022
254417	4369	0.02622302
254417	6391	0.02622302
254417	79	0.026223019
254417	1143	0.026223019
254417	3564	0.026223019
254417	4900	0.026223019
254417	3917	0.026223017
254465	6083	0.028066602
254465	2528	0.0280666
254465	1722	0.028066598
254465	4900	0.028066598
254465	6391	0.028066598
254465	1143	0.028066594
254465	4369	0.028066594
254465	79	0.028066592
254465	3088	0.028066592
254465	3564	0.028066592
254467	1722	0.03390509
254467	2528	0.03390509
254467	4369	0.03390509
254467	4900	0.03390509
254467	6083	0.03390509
254467	6391	0.03390509
254467	1143	0.033905085
254467	79	0.03390508
254467	105	0.03390508
254467	804	0.03390508
254486	2528	0.026684294
254486	6083	0.026684294
254486	1722	0.026684292
254486	6391	0.026684292
254486	105	0.026684288
254486	1143	0.026684288
254486	3564	0.026684288
254486	4369	0.026684288
254486	4900	0.026684288
254486	804	0.026684284
254690	6083	0.032835655
254690	1722	0.03283565
254690	2528	0.03283565
254690	6391	0.03283565
254690	79	0.032835647
254690	1143	0.032835647
254690	3564	0.032835647
254690	4369	0.032835647
254690	4900	0.032835647
254690	105	0.032835644
254751	1722	0.02453117
254751	2528	0.02453117
254751	6083	0.02453117
254751	6391	0.024531169
254751	3564	0.024531167
254751	4369	0.024531167
254751	4900	0.024531167
254751	79	0.024531165
254751	105	0.024531165
254751	1143	0.024531165
254754	2528	0.020094527
254754	1722	0.020094525
254754	6083	0.020094525
254754	4369	0.020094523
254754	4900	0.020094523
254754	6391	0.020094523
254754	79	0.020094521
254754	105	0.020094521
254754	1143	0.020094521
254754	3564	0.020094521
254777	2528	0.039911065
254777	1722	0.03991106
254777	4900	0.03991106
254777	6083	0.03991106
254777	6391	0.03991106
254777	79	0.039911054
254777	105	0.039911054
254777	1143	0.039911054
254777	3564	0.039911054
254777	3917	0.039911054
254822	2528	0.037621185
254822	6083	0.037621185
254822	1722	0.037621178
254822	3564	0.037621178
254822	4369	0.037621178
254822	4900	0.037621178
254822	6391	0.037621178
254822	105	0.037621174
254822	79	0.03762117
254822	804	0.03762117
254859	1722	0.03259994
254859	2528	0.03259994
254859	4369	0.03259994
254859	6083	0.03259994
254859	4900	0.032599937
254859	6391	0.032599937
254859	79	0.032599933
254859	105	0.032599933
254859	1143	0.032599933
254859	3088	0.032599933
254863	6083	0.026977083
254863	1722	0.02697708
254863	2528	0.02697708
254863	6391	0.026977079
254863	1143	0.026977077
254863	3564	0.026977077
254863	4369	0.026977077
254863	4900	0.026977077
254863	79	0.026977075
254863	3917	0.026977075
254971	6083	0.03038584
254971	2528	0.030385839
254971	1722	0.030385837
254971	6391	0.030385837
254971	4900	0.030385835
254971	1143	0.030385833
254971	3564	0.030385833
254971	4369	0.030385833
254971	79	0.030385831
254971	105	0.030385831
254995	6083	0.025792344
254995	1722	0.025792342
254995	2528	0.025792342
254995	4900	0.025792342
254995	4369	0.02579234
254995	6391	0.02579234
254995	1143	0.025792338
254995	3564	0.025792338
254995	79	0.025792336
254995	105	0.025792336
255078	1722	0.036670536
255078	2528	0.036670536
255078	6083	0.036670536
255078	79	0.03667053
255078	1143	0.03667053
255078	4369	0.03667053
255078	4900	0.03667053
255078	6391	0.03667053
255078	105	0.036670525
255078	3088	0.036670525
255092	2528	0.025053643
255092	6083	0.025053643
255092	1722	0.025053639
255092	4900	0.025053639
255092	6391	0.025053639
255092	1143	0.025053637
255092	4369	0.025053637
255092	79	0.025053635
255092	105	0.025053635
255092	3088	0.025053635
255218	2528	0.024814378
255218	6083	0.024814378
255218	1722	0.024814375
255218	4900	0.024814375
255218	6391	0.024814375
255218	4369	0.024814373
255218	79	0.024814371
255218	105	0.024814371
255218	804	0.024814371
255218	1143	0.024814371
255289	2528	0.023515418
255289	6083	0.023515418
255289	1722	0.023515416
255289	4369	0.023515416
255289	4900	0.023515416
255289	6391	0.023515416
255289	79	0.023515414
255289	105	0.023515414
255289	1143	0.023515414
255289	3564	0.023515414
255489	2528	0.047253914
255489	6083	0.047253914
255489	1722	0.04725391
255489	6391	0.04725391
255489	1143	0.047253907
255489	4369	0.047253907
255489	4900	0.047253907
255489	3564	0.047253903
255489	79	0.0472539
255489	105	0.0472539
255493	2528	0.030355321
255493	6083	0.030355321
255493	1722	0.03035532
255493	6391	0.03035532
255493	4900	0.030355318
255493	3564	0.030355316
255493	4369	0.030355316
255493	79	0.030355314
255493	1143	0.030355314
255493	105	0.030355312
255544	6083	0.030111851
255544	2528	0.03011185
255544	1722	0.030111847
255544	4369	0.030111846
255544	4900	0.030111846
255544	6391	0.030111846
255544	3564	0.030111844
255544	79	0.030111842
255544	105	0.030111842
255544	1143	0.030111842
255546	2528	0.045942936
255546	6083	0.045942936
255546	1722	0.045942932
255546	4900	0.045942932
255546	6391	0.045942932
255546	79	0.045942925
255546	105	0.045942925
255546	1143	0.045942925
255546	3564	0.045942925
255546	3917	0.045942925
255618	1722	0.02455971
255618	2528	0.02455971
255618	6083	0.02455971
255618	1143	0.024559706
255618	3564	0.024559706
255618	4369	0.024559706
255618	4900	0.024559706
255618	6391	0.024559706
255618	79	0.024559705
255618	105	0.024559705
255648	1722	0.03300696
255648	2528	0.03300696
255648	6083	0.03300696
255648	4900	0.033006955
255648	79	0.03300695
255648	105	0.03300695
255648	1143	0.03300695
255648	3564	0.03300695
255648	4369	0.03300695
255648	5896	0.03300695
255661	6083	0.034054946
255661	1722	0.034054942
255661	2528	0.034054942
255661	6391	0.034054942
255661	4369	0.03405494
255661	4900	0.03405494
255661	79	0.034054935
255661	105	0.034054935
255661	804	0.034054935
255661	1143	0.034054935
255786	1722	0.022924453
255786	2528	0.022924453
255786	6083	0.022924453
255786	4369	0.022924451
255786	6391	0.022924451
255786	79	0.02292445
255786	1143	0.02292445
255786	3564	0.02292445
255786	3917	0.02292445
255786	4900	0.02292445
255814	1722	0.034898154
255814	2528	0.034898154
255814	6083	0.034898154
255814	6391	0.034898154
255814	4900	0.03489815
255814	79	0.034898147
255814	105	0.034898147
255814	804	0.034898147
255814	1143	0.034898147
255814	3088	0.034898147
255858	6083	0.024085255
255858	1722	0.024085253
255858	2528	0.024085253
255858	4900	0.024085252
255858	1143	0.02408525
255858	4369	0.02408525
255858	6391	0.02408525
255858	79	0.024085248
255858	105	0.024085248
255858	3564	0.024085248
256023	6083	0.027905762
256023	1722	0.02790576
256023	2528	0.02790576
256023	4369	0.027905758
256023	4900	0.027905758
256023	6391	0.027905758
256023	79	0.027905755
256023	105	0.027905755
256023	1143	0.027905755
256023	3564	0.027905755
256133	1722	0.036265835
256133	2528	0.036265835
256133	4900	0.036265835
256133	6083	0.036265835
256133	6391	0.036265835
256133	3564	0.03626583
256133	4369	0.03626583
256133	79	0.036265828
256133	105	0.036265828
256133	804	0.036265828
256167	1722	0.027925834
256167	2528	0.027925834
256167	4900	0.027925834
256167	6083	0.027925834
256167	6391	0.027925834
256167	79	0.02792583
256167	1143	0.02792583
256167	3564	0.02792583
256167	4369	0.02792583
256167	105	0.027925828
256247	6083	0.024318969
256247	1722	0.024318967
256247	2528	0.024318967
256247	6391	0.024318965
256247	1143	0.024318963
256247	3564	0.024318963
256247	4369	0.024318963
256247	4900	0.024318963
256247	79	0.024318961
256247	105	0.024318961
256270	2528	0.0298216
256270	6083	0.0298216
256270	1722	0.029821599
256270	4900	0.029821597
256270	6391	0.029821597
256270	1143	0.029821595
256270	3564	0.029821595
256270	4369	0.029821595
256270	79	0.029821593
256270	105	0.029821593
256298	6083	0.029553981
256298	1722	0.02955398
256298	2528	0.02955398
256298	4900	0.02955398
256298	6391	0.02955398
256298	4369	0.029553978
256298	79	0.029553976
256298	3564	0.029553976
256298	105	0.029553974
256298	1143	0.029553974
256402	6083	0.023313077
256402	2528	0.023313075
256402	1722	0.023313073
256402	6391	0.023313073
256402	79	0.023313072
256402	1143	0.023313072
256402	4369	0.023313072
256402	4900	0.023313072
256402	105	0.02331307
256402	3564	0.02331307
256407	6083	0.027739797
256407	2528	0.027739795
256407	1722	0.027739793
256407	4900	0.027739791
256407	6391	0.027739791
256407	79	0.02773979
256407	105	0.02773979
256407	1143	0.02773979
256407	3564	0.02773979
256407	4369	0.02773979
256507	6083	0.02395093
256507	2528	0.023950929
256507	1722	0.023950927
256507	4900	0.023950927
256507	6391	0.023950927
256507	79	0.023950923
256507	105	0.023950923
256507	1143	0.023950923
256507	3088	0.023950923
256507	3564	0.023950923
256603	6083	0.035092466
256603	1722	0.035092458
256603	2528	0.035092458
256603	3564	0.035092458
256603	4900	0.035092458
256603	6391	0.035092458
256603	1143	0.035092454
256603	4369	0.035092454
256603	79	0.03509245
256603	105	0.03509245
256843	6083	0.03916216
256843	2528	0.039162155
256843	1722	0.03916215
256843	4900	0.03916215
256843	6391	0.03916215
256843	3564	0.039162148
256843	4369	0.039162148
256843	79	0.039162144
256843	105	0.039162144
256843	804	0.039162144
256844	2528	0.034294836
256844	6083	0.034294836
256844	6391	0.034294832
256844	79	0.03429483
256844	1722	0.03429483
256844	3564	0.03429483
256844	4369	0.03429483
256844	4900	0.03429483
256844	105	0.034294825
256844	1143	0.034294825
256874	1722	0.035948373
256874	2528	0.035948373
256874	6083	0.035948373
256874	6391	0.035948373
256874	4369	0.03594837
256874	4900	0.03594837
256874	79	0.035948366
256874	105	0.035948366
256874	804	0.035948366
256874	1143	0.035948366
256889	1722	0.039183542
256889	2528	0.039183542
256889	6083	0.039183542
256889	4900	0.03918354
256889	6391	0.03918354
256889	79	0.039183535
256889	105	0.039183535
256889	1143	0.039183535
256889	3564	0.039183535
256889	4369	0.039183535
256925	1722	0.021416187
256925	2528	0.021416187
256925	6083	0.021416187
256925	4369	0.021416185
256925	6391	0.021416185
256925	105	0.021416184
256925	1143	0.021416184
256925	3564	0.021416184
256925	4900	0.021416184
256925	79	0.021416182
257024	1722	0.042261966
257024	2528	0.042261966
257024	6083	0.042261966
257024	6391	0.042261966
257024	4900	0.04226196
257024	79	0.042261958
257024	1143	0.042261958
257024	3564	0.042261958
257024	4369	0.042261958
257024	105	0.042261954
257028	1722	0.03776644
257028	2528	0.03776644
257028	6083	0.03776644
257028	6391	0.03776644
257028	79	0.037766434
257028	105	0.037766434
257028	1143	0.037766434
257028	3564	0.037766434
257028	3917	0.037766434
257028	4369	0.037766434
257145	2528	0.02555656
257145	6083	0.025556559
257145	1722	0.025556557
257145	6391	0.025556557
257145	4369	0.025556555
257145	4900	0.025556555
257145	79	0.025556553
257145	1143	0.025556553
257145	3564	0.025556553
257145	3917	0.025556553
257198	1722	0.040513158
257198	2528	0.040513158
257198	6083	0.040513158
257198	6391	0.040513154
257198	79	0.04051315
257198	1143	0.04051315
257198	3564	0.04051315
257198	4369	0.04051315
257198	4900	0.04051315
257198	105	0.040513147
257212	2528	0.031039601
257212	6083	0.031039601
257212	1722	0.0310396
257212	4900	0.0310396
257212	6391	0.0310396
257212	79	0.031039596
257212	105	0.031039596
257212	1143	0.031039596
257212	3564	0.031039596
257212	4369	0.031039596
257362	6083	0.027460195
257362	2528	0.027460193
257362	1722	0.027460191
257362	4369	0.027460191
257362	4900	0.027460191
257362	6391	0.027460191
257362	1143	0.02746019
257362	79	0.027460188
257362	105	0.027460188
257362	3564	0.027460188
257454	1722	0.032470003
257454	2528	0.032470003
257454	6083	0.032470003
257454	4369	0.03247
257454	4900	0.03247
257454	79	0.032469995
257454	105	0.032469995
257454	1143	0.032469995
257454	3564	0.032469995
257454	3917	0.032469995
257492	1722	0.032879937
257492	2528	0.032879937
257492	6083	0.032879937
257492	4369	0.032879934
257492	4900	0.032879934
257492	6391	0.032879934
257492	79	0.03287993
257492	1143	0.03287993
257492	3564	0.03287993
257492	105	0.032879926
257534	6083	0.02290259
257534	2528	0.022902587
257534	1722	0.022902586
257534	4369	0.022902586
257534	4900	0.022902586
257534	6391	0.022902586
257534	1143	0.022902584
257534	3564	0.022902584
257534	79	0.022902582
257534	105	0.022902582
257548	1722	0.031712107
257548	2528	0.031712107
257548	6083	0.031712107
257548	6391	0.031712107
257548	4369	0.031712104
257548	4900	0.031712104
257548	79	0.0317121
257548	105	0.0317121
257548	804	0.0317121
257548	1143	0.0317121
257625	1722	0.029312931
257625	2528	0.029312931
257625	6083	0.029312931
257625	4369	0.029312927
257625	4900	0.029312927
257625	6391	0.029312927
257625	3564	0.029312925
257625	79	0.029312924
257625	105	0.029312924
257625	1143	0.029312924
257699	1722	0.032080926
257699	2528	0.032080926
257699	6083	0.032080926
257699	4900	0.032080922
257699	6391	0.032080922
257699	79	0.03208092
257699	105	0.03208092
257699	1143	0.03208092
257699	3564	0.03208092
257699	4369	0.03208092
257700	1722	0.028455377
257700	2528	0.028455377
257700	6083	0.028455377
257700	4369	0.028455373
257700	4900	0.028455373
257700	6391	0.028455373
257700	79	0.028455371
257700	3564	0.028455371
257700	105	0.02845537
257700	1143	0.02845537
257703	1722	0.02136961
257703	2528	0.02136961
257703	6083	0.02136961
257703	4900	0.021369608
257703	6391	0.021369608
257703	79	0.021369606
257703	1143	0.021369606
257703	3564	0.021369606
257703	4369	0.021369606
257703	105	0.021369604
257777	6083	0.027490813
257777	1722	0.027490811
257777	2528	0.027490811
257777	6391	0.02749081
257777	4369	0.027490808
257777	4900	0.027490808
257777	79	0.027490806
257777	1143	0.027490806
257777	3564	0.027490806
257777	105	0.027490804
258011	1722	0.027331747
258011	2528	0.027331747
258011	6083	0.027331747
258011	1143	0.027331743
258011	4369	0.027331743
258011	4900	0.027331743
258011	6391	0.027331743
258011	3564	0.027331742
258011	79	0.02733174
258011	105	0.02733174
258084	2528	0.029586155
258084	6083	0.029586155
258084	1722	0.029586153
258084	4369	0.029586151
258084	4900	0.029586151
258084	6391	0.029586151
258084	3564	0.02958615
258084	79	0.029586148
258084	105	0.029586148
258084	1143	0.029586148
258107	6083	0.029457567
258107	1722	0.029457565
258107	2528	0.029457565
258107	4900	0.029457564
258107	6391	0.029457564
258107	1143	0.029457562
258107	3564	0.029457562
258107	4369	0.029457562
258107	79	0.02945756
258107	105	0.02945756
258109	1722	0.033854924
258109	2528	0.033854924
258109	6083	0.033854924
258109	3564	0.03385492
258109	4369	0.03385492
258109	4900	0.03385492
258109	6391	0.03385492
258109	79	0.033854917
258109	105	0.033854917
258109	1143	0.033854917
258151	2528	0.025507264
258151	6083	0.025507264
258151	1722	0.025507262
258151	4369	0.02550726
258151	4900	0.02550726
258151	6391	0.02550726
258151	1143	0.025507258
258151	79	0.025507256
258151	105	0.025507256
258151	3088	0.025507256
258152	6083	0.030731754
258152	1722	0.030731753
258152	2528	0.030731753
258152	4369	0.03073175
258152	4900	0.03073175
258152	6391	0.03073175
258152	1143	0.030731749
258152	3564	0.030731749
258152	79	0.030731747
258152	105	0.030731747
258160	6083	0.031048506
258160	1722	0.031048503
258160	2528	0.031048503
258160	6391	0.031048503
258160	4900	0.0310485
258160	79	0.031048499
258160	3564	0.031048499
258160	4369	0.031048499
258160	1143	0.031048497
258160	105	0.031048495
258240	6083	0.028853288
258240	1722	0.028853286
258240	2528	0.028853286
258240	6391	0.028853286
258240	4900	0.028853284
258240	1143	0.028853282
258240	4369	0.028853282
258240	79	0.02885328
258240	105	0.02885328
258240	3564	0.02885328
258270	6083	0.036830567
258270	1722	0.036830563
258270	2528	0.036830563
258270	4369	0.036830563
258270	6391	0.036830563
258270	105	0.03683056
258270	1143	0.03683056
258270	3564	0.03683056
258270	4900	0.03683056
258270	79	0.036830556
258275	6083	0.029270755
258275	1722	0.029270753
258275	2528	0.029270753
258275	6391	0.029270753
258275	4900	0.029270751
258275	3564	0.02927075
258275	4369	0.02927075
258275	79	0.029270748
258275	105	0.029270748
258275	1143	0.029270748
258329	1722	0.027771514
258329	2528	0.027771514
258329	6083	0.027771514
258329	4369	0.02777151
258329	4900	0.02777151
258329	6391	0.02777151
258329	1143	0.027771508
258329	3564	0.027771508
258329	79	0.027771506
258329	105	0.027771506
258460	6083	0.027909743
258460	2528	0.02790974
258460	1722	0.027909739
258460	1143	0.027909737
258460	3564	0.027909737
258460	4369	0.027909737
258460	4900	0.027909737
258460	6391	0.027909737
258460	79	0.027909735
258460	105	0.027909735
258482	6083	0.0460171
258482	1722	0.046017095
258482	2528	0.046017095
258482	6391	0.046017095
258482	4369	0.04601709
258482	4900	0.04601709
258482	79	0.046017088
258482	105	0.046017088
258482	1143	0.046017088
258482	3564	0.046017088
258520	1722	0.037476882
258520	6083	0.037476882
258520	2528	0.03747688
258520	79	0.037476875
258520	3564	0.037476875
258520	4369	0.037476875
258520	4900	0.037476875
258520	6391	0.037476875
258520	804	0.03747687
258520	1143	0.03747687
258534	2528	0.04040024
258534	6083	0.04040024
258534	1722	0.040400237
258534	4369	0.040400233
258534	4900	0.040400233
258534	6391	0.040400233
258534	79	0.04040023
258534	105	0.04040023
258534	1143	0.04040023
258534	3564	0.04040023
258550	2528	0.034373228
258550	6083	0.034373228
258550	1722	0.034373224
258550	4369	0.034373224
258550	4900	0.034373224
258550	6391	0.034373224
258550	1143	0.03437322
258550	3564	0.03437322
258550	79	0.034373216
258550	105	0.034373216
258690	2528	0.03103786
258690	6083	0.03103786
258690	1722	0.031037856
258690	6391	0.031037856
258690	4900	0.031037854
258690	79	0.031037852
258690	4369	0.031037852
258690	105	0.03103785
258690	1143	0.03103785
258690	3564	0.03103785
258777	2528	0.02354786
258777	6083	0.02354786
258777	1722	0.023547858
258777	4369	0.023547858
258777	4900	0.023547858
258777	6391	0.023547858
258777	79	0.023547854
258777	105	0.023547854
258777	1143	0.023547854
258777	3088	0.023547854
258884	6083	0.039917134
258884	1722	0.03991713
258884	2528	0.03991713
258884	1143	0.039917126
258884	4369	0.039917126
258884	4900	0.039917126
258884	6391	0.039917126
258884	79	0.039917123
258884	3564	0.039917123
258884	105	0.03991712
258938	1722	0.032088794
258938	2528	0.032088794
258938	4369	0.032088794
258938	6083	0.032088794
258938	6391	0.032088794
258938	1143	0.03208879
258938	4900	0.03208879
258938	79	0.032088786
258938	105	0.032088786
258938	804	0.032088786
259004	6083	0.028721299
259004	1722	0.028721297
259004	2528	0.028721297
259004	4900	0.028721295
259004	6391	0.028721295
259004	4369	0.028721293
259004	79	0.028721292
259004	105	0.028721292
259004	1143	0.028721292
259004	3564	0.028721292
259006	2528	0.024171507
259006	6083	0.024171507
259006	1722	0.024171505
259006	4900	0.024171505
259006	4369	0.024171503
259006	6391	0.024171503
259006	79	0.024171501
259006	105	0.024171501
259006	1143	0.024171501
259006	3564	0.024171501
259035	2528	0.03267887
259035	6083	0.03267887
259035	1143	0.032678865
259035	1722	0.032678865
259035	4369	0.032678865
259035	4900	0.032678865
259035	6391	0.032678865
259035	79	0.03267886
259035	105	0.03267886
259035	3564	0.03267886
259057	2528	0.033070832
259057	6083	0.033070832
259057	1722	0.03307083
259057	4900	0.03307083
259057	6391	0.03307083
259057	79	0.033070825
259057	105	0.033070825
259057	1143	0.033070825
259057	3564	0.033070825
259057	4369	0.033070825
259066	2528	0.027430888
259066	6083	0.027430888
259066	1722	0.027430886
259066	4369	0.027430885
259066	4900	0.027430885
259066	6391	0.027430885
259066	1143	0.027430883
259066	3564	0.027430883
259066	79	0.02743088
259066	105	0.02743088
259078	1722	0.023184165
259078	2528	0.023184165
259078	6083	0.023184165
259078	6391	0.023184163
259078	1143	0.023184162
259078	4369	0.023184162
259078	4900	0.023184162
259078	79	0.02318416
259078	105	0.02318416
259078	804	0.023184158
259118	1722	0.037982963
259118	2528	0.037982963
259118	4900	0.037982963
259118	6083	0.037982963
259118	6391	0.037982963
259118	4369	0.03798296
259118	79	0.037982956
259118	105	0.037982956
259118	1143	0.037982956
259118	1557	0.037982956
259223	1722	0.024660403
259223	2528	0.024660403
259223	6083	0.024660403
259223	4369	0.024660401
259223	4900	0.024660401
259223	6391	0.024660401
259223	1143	0.0246604
259223	79	0.024660397
259223	105	0.024660397
259223	3088	0.024660397
259259	2528	0.035858106
259259	6083	0.035858106
259259	1722	0.035858102
259259	4369	0.035858102
259259	4900	0.035858102
259259	6391	0.035858102
259259	79	0.0358581
259259	105	0.0358581
259259	1143	0.0358581
259259	3564	0.0358581
259260	6083	0.025772652
259260	1722	0.02577265
259260	2528	0.02577265
259260	4369	0.025772648
259260	4900	0.025772648
259260	6391	0.025772648
259260	79	0.025772646
259260	1143	0.025772646
259260	3564	0.025772646
259260	3917	0.025772646
259264	6083	0.03684726
259264	1722	0.036847256
259264	2528	0.036847256
259264	4369	0.036847256
259264	4900	0.036847256
259264	6391	0.036847256
259264	79	0.036847252
259264	1143	0.036847252
259264	3564	0.036847252
259264	105	0.03684725
259320	2528	0.037905812
259320	6083	0.037905812
259320	1722	0.03790581
259320	79	0.037905805
259320	1143	0.037905805
259320	3564	0.037905805
259320	3917	0.037905805
259320	4369	0.037905805
259320	4900	0.037905805
259320	6391	0.037905805
259378	1722	0.032957897
259378	2528	0.032957897
259378	4900	0.032957897
259378	6083	0.032957897
259378	3564	0.032957893
259378	4369	0.032957893
259378	6391	0.032957893
259378	79	0.03295789
259378	105	0.03295789
259378	1143	0.03295789
259380	1722	0.029882602
259380	2528	0.029882602
259380	6083	0.029882602
259380	4369	0.029882599
259380	4900	0.029882599
259380	6391	0.029882599
259380	79	0.029882595
259380	105	0.029882595
259380	1143	0.029882595
259380	3564	0.029882595
259388	6083	0.045870937
259388	1722	0.045870934
259388	2528	0.045870934
259388	3564	0.04587093
259388	4369	0.04587093
259388	4900	0.04587093
259388	6391	0.04587093
259388	79	0.045870923
259388	105	0.045870923
259388	1143	0.045870923
259430	1722	0.035778835
259430	2528	0.035778835
259430	6083	0.035778835
259430	6391	0.03577883
259430	79	0.035778828
259430	105	0.035778828
259430	1143	0.035778828
259430	3564	0.035778828
259430	4369	0.035778828
259430	4900	0.035778828
259542	2528	0.029912338
259542	6083	0.029912338
259542	1722	0.029912336
259542	4900	0.029912334
259542	6391	0.029912334
259542	3564	0.029912332
259542	4369	0.029912332
259542	79	0.02991233
259542	105	0.02991233
259542	1143	0.02991233
259626	6083	0.04665901
259626	1722	0.046659008
259626	2528	0.046659008
259626	4900	0.046659008
259626	79	0.046659
259626	105	0.046659
259626	1143	0.046659
259626	4369	0.046659
259626	6391	0.046659
259626	3564	0.046658996
259629	6083	0.03958383
259629	1722	0.039583825
259629	2528	0.039583825
259629	4369	0.039583825
259629	6391	0.039583825
259629	4900	0.03958382
259629	79	0.039583817
259629	105	0.039583817
259629	804	0.039583817
259629	1143	0.039583817
259660	6083	0.023310611
259660	1722	0.02331061
259660	2528	0.02331061
259660	6391	0.02331061
259660	4369	0.023310607
259660	4900	0.023310607
259660	79	0.023310605
259660	105	0.023310605
259660	1143	0.023310605
259660	3564	0.023310605
259734	6083	0.026397074
259734	1722	0.026397072
259734	2528	0.026397072
259734	6391	0.02639707
259734	1143	0.026397068
259734	3564	0.026397068
259734	4369	0.026397068
259734	4900	0.026397068
259734	79	0.026397064
259734	105	0.026397064
259829	6083	0.03170912
259829	1722	0.031709112
259829	2528	0.031709112
259829	4369	0.031709112
259829	4900	0.031709112
259829	6391	0.031709112
259829	79	0.03170911
259829	1143	0.03170911
259829	3564	0.03170911
259829	105	0.031709105
259901	1722	0.030582266
259901	2528	0.030582266
259901	4900	0.030582264
259901	6391	0.030582264
259901	4369	0.030582262
259901	105	0.03058226
259901	1143	0.03058226
259901	3564	0.03058226
259901	79	0.030582258
259901	3088	0.030582258
259930	2528	0.033939928
259930	6083	0.033939928
259930	1722	0.033939924
259930	6391	0.033939924
259930	105	0.03393992
259930	1143	0.03393992
259930	3564	0.03393992
259930	4369	0.03393992
259930	4900	0.03393992
259930	5896	0.03393992
260067	2528	0.025465876
260067	6083	0.025465876
260067	1722	0.025465874
260067	4369	0.025465872
260067	4900	0.025465872
260067	6391	0.025465872
260067	3564	0.02546587
260067	79	0.025465868
260067	105	0.025465868
260067	1143	0.025465868
260108	6083	0.022062832
260108	1722	0.02206283
260108	2528	0.02206283
260108	6391	0.02206283
260108	4900	0.022062829
260108	105	0.022062827
260108	1143	0.022062827
260108	3564	0.022062827
260108	3917	0.022062827
260108	4369	0.022062827
260183	6083	0.035470903
260183	1722	0.0354709
260183	2528	0.0354709
260183	79	0.035470895
260183	1143	0.035470895
260183	3564	0.035470895
260183	4369	0.035470895
260183	4900	0.035470895
260183	6391	0.035470895
260183	105	0.03547089
260316	1722	0.022681907
260316	2528	0.022681907
260316	6083	0.022681907
260316	6391	0.022681907
260316	4369	0.022681905
260316	4900	0.022681905
260316	79	0.022681903
260316	105	0.022681903
260316	1143	0.022681903
260316	3564	0.022681903
260363	6083	0.031449854
260363	1722	0.03144985
260363	2528	0.03144985
260363	4900	0.03144985
260363	79	0.031449847
260363	105	0.031449847
260363	1143	0.031449847
260363	3088	0.031449847
260363	3564	0.031449847
260363	3917	0.031449847
260388	2528	0.026762167
260388	6083	0.026762167
260388	1722	0.026762163
260388	4900	0.026762163
260388	6391	0.026762163
260388	1143	0.026762161
260388	3564	0.026762161
260388	4369	0.026762161
260388	105	0.02676216
260388	79	0.026762158
260419	1722	0.028101083
260419	2528	0.028101083
260419	6083	0.028101083
260419	4369	0.02810108
260419	4900	0.02810108
260419	6391	0.02810108
260419	1143	0.028101077
260419	3564	0.028101077
260419	79	0.028101075
260419	105	0.028101075
260473	2528	0.03217901
260473	1722	0.032179005
260473	4900	0.032179005
260473	6083	0.032179005
260473	6391	0.032179005
260473	1143	0.032179
260473	3564	0.032179
260473	4369	0.032179
260473	79	0.032178998
260473	105	0.032178998
260520	6083	0.026586847
260520	1722	0.026586846
260520	2528	0.026586846
260520	4900	0.026586846
260520	6391	0.026586846
260520	105	0.026586842
260520	1143	0.026586842
260520	3564	0.026586842
260520	4369	0.026586842
260520	79	0.02658684
260655	1722	0.024566326
260655	2528	0.024566326
260655	4900	0.024566326
260655	6083	0.024566326
260655	6391	0.024566326
260655	79	0.024566323
260655	105	0.024566323
260655	3564	0.024566323
260655	4369	0.024566323
260655	1143	0.02456632
260678	2528	0.032830283
260678	6083	0.032830283
260678	1722	0.03283028
260678	79	0.032830276
260678	105	0.032830276
260678	3564	0.032830276
260678	4369	0.032830276
260678	4900	0.032830276
260678	5896	0.032830276
260678	6391	0.032830276
260699	6083	0.027203765
260699	2528	0.027203763
260699	1722	0.027203761
260699	4900	0.027203761
260699	6391	0.027203761
260699	105	0.027203757
260699	1143	0.027203757
260699	3564	0.027203757
260699	4369	0.027203757
260699	79	0.027203755
260897	6083	0.027659014
260897	1722	0.027659012
260897	2528	0.027659012
260897	4900	0.02765901
260897	6391	0.02765901
260897	4369	0.027659008
260897	79	0.027659006
260897	3564	0.027659006
260897	105	0.027659005
260897	804	0.027659005
260944	1722	0.04699234
260944	2528	0.04699234
260944	6083	0.04699234
260944	4369	0.046992335
260944	6391	0.046992335
260944	79	0.04699233
260944	1143	0.04699233
260944	3564	0.04699233
260944	4900	0.04699233
260944	105	0.046992328
260967	2528	0.03075255
260967	6083	0.03075255
260967	1722	0.030752549
260967	4369	0.030752547
260967	4900	0.030752547
260967	6391	0.030752547
260967	79	0.030752543
260967	105	0.030752543
260967	1143	0.030752543
260967	3564	0.030752543
261037	6083	0.02517115
261037	1722	0.025171146
261037	2528	0.025171146
261037	4900	0.025171146
261037	6391	0.025171144
261037	79	0.025171142
261037	1143	0.025171142
261037	3564	0.025171142
261037	3917	0.025171142
261037	4369	0.025171142
261105	1722	0.027618576
261105	2528	0.027618576
261105	6083	0.027618576
261105	6391	0.027618574
261105	3564	0.027618572
261105	4369	0.027618572
261105	4900	0.027618572
261105	1143	0.02761857
261105	79	0.027618568
261105	105	0.027618568
261185	1722	0.037273683
261185	2528	0.037273683
261185	6083	0.037273683
261185	3564	0.03727368
261185	4369	0.03727368
261185	4900	0.03727368
261185	6391	0.03727368
261185	79	0.037273675
261185	105	0.037273675
261185	1143	0.037273675
261314	6083	0.028539443
261314	1722	0.028539442
261314	2528	0.028539442
261314	6391	0.028539442
261314	4900	0.02853944
261314	79	0.028539438
261314	1143	0.028539438
261314	3564	0.028539438
261314	4369	0.028539438
261314	105	0.028539436
261327	1722	0.03089751
261327	2528	0.03089751
261327	6083	0.03089751
261327	6391	0.030897507
261327	4369	0.030897506
261327	4900	0.030897506
261327	3564	0.030897504
261327	79	0.030897502
261327	105	0.030897502
261327	1143	0.030897502
261567	6083	0.025474373
261567	2528	0.025474371
261567	1722	0.02547437
261567	4369	0.02547437
261567	4900	0.02547437
261567	6391	0.02547437
261567	3564	0.025474368
261567	79	0.025474366
261567	105	0.025474366
261567	1143	0.025474366
261578	2528	0.028244017
261578	6083	0.028244017
261578	1722	0.028244015
261578	4369	0.028244013
261578	4900	0.028244013
261578	6391	0.028244013
261578	79	0.028244011
261578	1143	0.028244011
261578	3564	0.028244011
261578	105	0.028244007
261590	6083	0.030556014
261590	1722	0.030556012
261590	2528	0.030556012
261590	6391	0.03055601
261590	4369	0.030556008
261590	4900	0.030556008
261590	3564	0.030556006
261590	79	0.030556004
261590	105	0.030556004
261590	1143	0.030556004
261603	2528	0.03011435
261603	6083	0.03011435
261603	1722	0.030114349
261603	6391	0.030114349
261603	4369	0.030114347
261603	3564	0.030114345
261603	4900	0.030114345
261603	1143	0.030114343
261603	79	0.030114342
261603	105	0.030114342
261611	1722	0.035640575
261611	2528	0.035640575
261611	6083	0.035640575
261611	6391	0.03564057
261611	79	0.035640568
261611	1143	0.035640568
261611	3564	0.035640568
261611	4369	0.035640568
261611	4900	0.035640568
261611	105	0.035640564
261998	6083	0.026972633
261998	1722	0.026972631
261998	2528	0.026972631
261998	4369	0.02697263
261998	4900	0.02697263
261998	6391	0.02697263
261998	1143	0.026972627
261998	79	0.026972625
261998	105	0.026972625
261998	3088	0.026972625
262040	6083	0.033320073
262040	1722	0.03332007
262040	2528	0.03332007
262040	4369	0.03332007
262040	4900	0.03332007
262040	6391	0.03332007
262040	105	0.033320066
262040	1143	0.033320066
262040	3564	0.033320066
262040	79	0.03332006
262118	6083	0.027079834
262118	1722	0.027079832
262118	2528	0.027079832
262118	4900	0.02707983
262118	6391	0.02707983
262118	1143	0.027079828
262118	4369	0.027079828
262118	79	0.027079826
262118	3564	0.027079826
262118	105	0.027079824
262151	6083	0.03191332
262151	1722	0.031913318
262151	2528	0.031913318
262151	6391	0.031913314
262151	79	0.03191331
262151	105	0.03191331
262151	1143	0.03191331
262151	3088	0.03191331
262151	3564	0.03191331
262151	3917	0.03191331
262169	2528	0.029887466
262169	6083	0.029887466
262169	1722	0.029887464
262169	4900	0.029887462
262169	6391	0.029887462
262169	79	0.02988746
262169	1143	0.02988746
262169	4369	0.02988746
262169	3564	0.029887458
262169	3917	0.029887458
262186	2528	0.029221814
262186	6083	0.029221814
262186	1722	0.029221812
262186	4900	0.02922181
262186	6391	0.02922181
262186	79	0.029221809
262186	1143	0.029221809
262186	4369	0.029221809
262186	105	0.029221807
262186	3564	0.029221807
262271	1722	0.023425933
262271	2528	0.023425933
262271	6083	0.023425933
262271	6391	0.023425931
262271	3564	0.02342593
262271	4369	0.02342593
262271	4900	0.02342593
262271	79	0.023425927
262271	105	0.023425927
262271	1143	0.023425927
262311	1722	0.02923217
262311	2528	0.02923217
262311	6083	0.02923217
262311	4369	0.029232167
262311	4900	0.029232167
262311	6391	0.029232167
262311	105	0.029232165
262311	1143	0.029232165
262311	3564	0.029232165
262311	79	0.029232163
262317	6083	0.027720088
262317	1722	0.027720086
262317	2528	0.027720086
262317	4369	0.027720083
262317	4900	0.027720083
262317	6391	0.027720083
262317	79	0.02772008
262317	3564	0.02772008
262317	105	0.027720079
262317	1143	0.027720079
262391	2528	0.027065948
262391	6083	0.027065948
262391	1722	0.027065946
262391	4369	0.027065946
262391	6391	0.027065946
262391	4900	0.027065944
262391	79	0.027065942
262391	105	0.027065942
262391	1143	0.027065942
262391	3564	0.027065942
262399	2528	0.03544316
262399	6083	0.03544316
262399	1722	0.035443157
262399	3564	0.035443153
262399	4369	0.035443153
262399	4900	0.035443153
262399	6391	0.035443153
262399	79	0.03544315
262399	105	0.03544315
262399	1143	0.03544315
262407	2528	0.033227175
262407	6083	0.033227175
262407	6391	0.033227175
262407	1722	0.03322717
262407	4369	0.03322717
262407	105	0.033227168
262407	1143	0.033227168
262407	3088	0.033227168
262407	3564	0.033227168
262407	3917	0.033227168
262459	6083	0.026725646
262459	2528	0.026725644
262459	1722	0.026725642
262459	4369	0.026725642
262459	4900	0.026725642
262459	6391	0.026725642
262459	79	0.026725639
262459	1143	0.026725639
262459	3564	0.026725639
262459	105	0.026725637
262469	6083	0.025141658
262469	1722	0.025141656
262469	2528	0.025141656
262469	4369	0.025141655
262469	4900	0.025141655
262469	6391	0.025141655
262469	105	0.025141653
262469	1143	0.025141653
262469	3564	0.025141653
262469	79	0.02514165
262525	2528	0.02694093
262525	6083	0.02694093
262525	1722	0.026940929
262525	4369	0.026940927
262525	4900	0.026940927
262525	6391	0.026940927
262525	79	0.026940925
262525	1143	0.026940925
262525	105	0.026940923
262525	3564	0.026940923
262541	6083	0.025289018
262541	2528	0.025289016
262541	1722	0.025289014
262541	4900	0.025289014
262541	6391	0.025289012
262541	79	0.02528901
262541	105	0.02528901
262541	1143	0.02528901
262541	3564	0.02528901
262541	4369	0.02528901
262634	6083	0.02773565
262634	1722	0.027735647
262634	2528	0.027735647
262634	4900	0.027735647
262634	6391	0.027735647
262634	4369	0.027735645
262634	79	0.027735643
262634	1143	0.027735643
262634	3564	0.027735643
262634	105	0.027735641
262666	6083	0.027614143
262666	2528	0.02761414
262666	1722	0.027614139
262666	4369	0.027614137
262666	4900	0.027614137
262666	6391	0.027614137
262666	79	0.027614135
262666	1143	0.027614135
262666	3564	0.027614135
262666	105	0.027614133
262902	2528	0.042522065
262902	6083	0.042522065
262902	1722	0.04252206
262902	3564	0.042522058
262902	4369	0.042522058
262902	4900	0.042522058
262902	6391	0.042522058
262902	105	0.042522054
262902	1143	0.042522054
262902	79	0.04252205
262940	6083	0.025728755
262940	1722	0.025728753
262940	2528	0.025728753
262940	4900	0.025728751
262940	6391	0.025728751
262940	4369	0.02572875
262940	79	0.025728747
262940	105	0.025728747
262940	1143	0.025728747
262940	3564	0.025728747
262974	1722	0.035888657
262974	2528	0.035888657
262974	6083	0.035888657
262974	4369	0.035888653
262974	4900	0.035888653
262974	6391	0.035888653
262974	79	0.03588865
262974	1143	0.03588865
262974	3088	0.03588865
262974	3564	0.03588865
263078	2528	0.03668237
263078	6083	0.03668237
263078	1722	0.036682367
263078	4369	0.036682367
263078	4900	0.036682367
263078	6391	0.036682367
263078	79	0.036682364
263078	3564	0.036682364
263078	105	0.03668236
263078	804	0.03668236
263107	6083	0.024286987
263107	1722	0.024286985
263107	2528	0.024286985
263107	4900	0.024286984
263107	4369	0.024286982
263107	6391	0.024286982
263107	79	0.02428698
263107	1143	0.02428698
263107	3564	0.02428698
263107	105	0.024286978
263163	6083	0.037431575
263163	1722	0.037431568
263163	2528	0.037431568
263163	4369	0.037431568
263163	4900	0.037431568
263163	6391	0.037431568
263163	1143	0.037431564
263163	3564	0.037431564
263163	79	0.03743156
263163	105	0.03743156
263219	6083	0.027789079
263219	2528	0.027789077
263219	1722	0.027789075
263219	4900	0.027789075
263219	6391	0.027789075
263219	4369	0.027789073
263219	79	0.027789071
263219	1143	0.027789071
263219	3564	0.027789071
263219	105	0.02778907
263321	2528	0.021079969
263321	6083	0.021079969
263321	1722	0.021079967
263321	4900	0.021079967
263321	1143	0.021079965
263321	3564	0.021079965
263321	4369	0.021079965
263321	6391	0.021079965
263321	79	0.021079963
263321	105	0.021079963
263325	1722	0.040595725
263325	2528	0.040595725
263325	6083	0.040595725
263325	6391	0.04059572
263325	1143	0.040595718
263325	3564	0.040595718
263325	4369	0.040595718
263325	4900	0.040595718
263325	79	0.040595714
263325	105	0.040595714
263326	6083	0.031490147
263326	1722	0.031490143
263326	2528	0.031490143
263326	4369	0.031490143
263326	105	0.03149014
263326	1143	0.03149014
263326	3088	0.03149014
263326	3564	0.03149014
263326	3917	0.03149014
263326	4900	0.03149014
263344	6083	0.025286775
263344	2528	0.025286773
263344	1722	0.025286771
263344	4369	0.025286771
263344	4900	0.025286771
263344	6391	0.025286771
263344	79	0.025286768
263344	105	0.025286768
263344	1143	0.025286768
263344	3088	0.025286768
263383	6083	0.025298856
263383	2528	0.025298854
263383	1722	0.025298852
263383	4900	0.025298852
263383	6391	0.025298852
263383	4369	0.02529885
263383	79	0.025298849
263383	105	0.025298849
263383	1143	0.025298849
263383	3088	0.025298849
263413	6083	0.027189495
263413	2528	0.027189493
263413	1722	0.027189491
263413	3564	0.02718949
263413	4369	0.02718949
263413	4900	0.02718949
263413	6391	0.02718949
263413	105	0.027189488
263413	1143	0.027189488
263413	79	0.027189486
263460	2528	0.031690106
263460	6083	0.031690106
263460	1722	0.031690102
263460	4900	0.031690102
263460	6391	0.031690102
263460	79	0.0316901
263460	105	0.0316901
263460	1143	0.0316901
263460	3564	0.0316901
263460	3917	0.0316901
263560	2528	0.031150207
263560	6083	0.031150207
263560	1722	0.031150205
263560	4900	0.031150203
263560	6391	0.031150203
263560	4369	0.031150201
263560	79	0.0311502
263560	1143	0.0311502
263560	3564	0.0311502
263560	3917	0.0311502
263645	1722	0.025035061
263645	2528	0.025035061
263645	6083	0.025035061
263645	6391	0.02503506
263645	4369	0.025035057
263645	4900	0.025035057
263645	1143	0.025035055
263645	3564	0.025035055
263645	79	0.025035053
263645	105	0.025035053
263663	1722	0.038255624
263663	6083	0.038255624
263663	2528	0.03825562
263663	4900	0.03825562
263663	6391	0.03825562
263663	105	0.038255617
263663	1143	0.038255617
263663	3564	0.038255617
263663	4369	0.038255617
263663	79	0.038255613
263842	6083	0.030583851
263842	1722	0.03058385
263842	2528	0.03058385
263842	4900	0.030583847
263842	6391	0.030583847
263842	4369	0.030583845
263842	79	0.030583844
263842	105	0.030583844
263842	1143	0.030583844
263842	3564	0.030583844
263877	1722	0.03778853
263877	2528	0.03778853
263877	6083	0.03778853
263877	4369	0.037788525
263877	4900	0.037788525
263877	6391	0.037788525
263877	3564	0.03778852
263877	79	0.037788518
263877	105	0.037788518
263877	804	0.037788518
264031	2528	0.040809803
264031	6083	0.040809803
264031	1722	0.0408098
264031	4369	0.040809795
264031	4900	0.040809795
264031	6391	0.040809795
264031	105	0.04080979
264031	1143	0.04080979
264031	3564	0.04080979
264031	79	0.040809788
264082	2528	0.039810278
264082	6083	0.039810278
264082	1722	0.03981027
264082	4369	0.03981027
264082	4900	0.03981027
264082	6391	0.03981027
264082	1143	0.039810266
264082	79	0.039810263
264082	105	0.039810263
264082	804	0.039810263
264085	1722	0.031561553
264085	2528	0.031561553
264085	6083	0.031561553
264085	6391	0.031561553
264085	4369	0.03156155
264085	4900	0.03156155
264085	79	0.031561546
264085	105	0.031561546
264085	804	0.031561546
264085	1143	0.031561546
264152	1722	0.033601284
264152	6083	0.033601284
264152	2528	0.03360128
264152	4369	0.03360128
264152	6391	0.03360128
264152	79	0.033601277
264152	105	0.033601277
264152	1143	0.033601277
264152	3088	0.033601277
264152	3564	0.033601277
264204	1722	0.03226062
264204	2528	0.03226062
264204	6083	0.03226062
264204	6391	0.03226062
264204	4369	0.032260615
264204	4900	0.032260615
264204	79	0.03226061
264204	105	0.03226061
264204	804	0.03226061
264204	1143	0.03226061
264284	6083	0.031135403
264284	2528	0.0311354
264284	1722	0.031135399
264284	4900	0.031135397
264284	6391	0.031135397
264284	1143	0.031135395
264284	4369	0.031135395
264284	3564	0.031135393
264284	79	0.031135391
264284	105	0.031135391
264300	1722	0.027883276
264300	2528	0.027883276
264300	6083	0.027883276
264300	6391	0.027883276
264300	4369	0.027883274
264300	4900	0.027883274
264300	3564	0.027883273
264300	79	0.02788327
264300	105	0.02788327
264300	1143	0.02788327
264311	6083	0.028815301
264311	1722	0.0288153
264311	2528	0.0288153
264311	6391	0.028815297
264311	4369	0.028815296
264311	4900	0.028815296
264311	79	0.028815294
264311	105	0.028815294
264311	1143	0.028815294
264311	3564	0.028815294
264317	6083	0.03568589
264317	1722	0.035685886
264317	2528	0.035685886
264317	1143	0.035685882
264317	4369	0.035685882
264317	4900	0.035685882
264317	6391	0.035685882
264317	79	0.03568588
264317	105	0.03568588
264317	3564	0.03568588
264349	2528	0.03394091
264349	6083	0.03394091
264349	1722	0.033940908
264349	105	0.033940904
264349	1143	0.033940904
264349	3564	0.033940904
264349	4369	0.033940904
264349	4900	0.033940904
264349	6391	0.033940904
264349	79	0.0339409
264355	1722	0.040366925
264355	6083	0.040366925
264355	2528	0.04036692
264355	6391	0.04036692
264355	1143	0.040366918
264355	4369	0.040366918
264355	4900	0.040366918
264355	3564	0.040366914
264355	5896	0.040366914
264355	79	0.04036691
264464	1722	0.042129382
264464	2528	0.042129382
264464	6083	0.042129382
264464	6391	0.04212938
264464	105	0.042129375
264464	1143	0.042129375
264464	3564	0.042129375
264464	4369	0.042129375
264464	4900	0.042129375
264464	79	0.04212937
264525	2528	0.03297954
264525	6083	0.03297954
264525	6391	0.03297954
264525	4369	0.032979537
264525	4900	0.032979537
264525	105	0.032979533
264525	1143	0.032979533
264525	1722	0.032979533
264525	3564	0.032979533
264525	3917	0.032979533
264543	6083	0.02519222
264543	2528	0.025192218
264543	1722	0.025192216
264543	6391	0.025192216
264543	1143	0.025192214
264543	4369	0.025192214
264543	4900	0.025192214
264543	79	0.025192212
264543	105	0.025192212
264543	3564	0.025192212
264600	1722	0.031436242
264600	2528	0.031436242
264600	6083	0.031436242
264600	4900	0.03143624
264600	6391	0.03143624
264600	79	0.031436235
264600	105	0.031436235
264600	1143	0.031436235
264600	3564	0.031436235
264600	3917	0.031436235
264627	6083	0.029700853
264627	2528	0.029700851
264627	1722	0.02970085
264627	6391	0.02970085
264627	4900	0.029700847
264627	79	0.029700845
264627	105	0.029700845
264627	1143	0.029700845
264627	3564	0.029700845
264627	4369	0.029700845
264628	1722	0.023450881
264628	2528	0.023450881
264628	6083	0.023450881
264628	6391	0.02345088
264628	3564	0.023450878
264628	4369	0.023450878
264628	4900	0.023450878
264628	79	0.023450876
264628	1143	0.023450876
264628	105	0.023450874
264634	6083	0.022895316
264634	1722	0.022895314
264634	2528	0.022895314
264634	6391	0.022895312
264634	79	0.02289531
264634	1143	0.02289531
264634	3564	0.02289531
264634	4369	0.02289531
264634	4900	0.02289531
264634	105	0.022895308
264637	6083	0.036043845
264637	2528	0.03604384
264637	1722	0.036043838
264637	4369	0.036043838
264637	6391	0.036043838
264637	1143	0.036043834
264637	4900	0.036043834
264637	79	0.03604383
264637	105	0.03604383
264637	804	0.03604383
264655	2528	0.02564979
264655	6083	0.02564979
264655	1722	0.025649788
264655	4369	0.025649786
264655	4900	0.025649786
264655	6391	0.025649786
264655	1143	0.025649784
264655	3564	0.025649784
264655	79	0.025649782
264655	105	0.025649782
264657	2528	0.042624928
264657	6083	0.042624928
264657	1722	0.042624924
264657	4900	0.042624924
264657	1143	0.04262492
264657	3564	0.04262492
264657	4369	0.04262492
264657	6391	0.04262492
264657	79	0.042624917
264657	105	0.042624917
264862	1722	0.033024147
264862	2528	0.033024147
264862	6083	0.033024147
264862	4369	0.033024143
264862	4900	0.033024143
264862	6391	0.033024143
264862	79	0.03302414
264862	105	0.03302414
264862	1143	0.03302414
264862	3564	0.03302414
264947	2528	0.02797125
264947	6083	0.02797125
264947	1722	0.027971247
264947	4369	0.027971245
264947	4900	0.027971245
264947	6391	0.027971245
264947	79	0.027971242
264947	105	0.027971242
264947	1143	0.027971242
264947	3564	0.027971242
264985	6083	0.026614096
264985	2528	0.026614094
264985	1722	0.026614092
264985	4900	0.026614092
264985	6391	0.026614092
264985	79	0.026614089
264985	105	0.026614089
264985	1143	0.026614089
264985	3564	0.026614089
264985	4369	0.026614089
264996	6083	0.028136719
264996	1722	0.028136717
264996	2528	0.028136717
264996	4900	0.028136715
264996	6391	0.028136715
264996	4369	0.028136713
264996	79	0.028136712
264996	105	0.028136712
264996	1143	0.028136712
264996	3564	0.028136712
265083	2528	0.029425241
265083	6083	0.02942524
265083	1722	0.029425237
265083	4900	0.029425237
265083	4369	0.029425235
265083	6391	0.029425235
265083	79	0.029425234
265083	105	0.029425234
265083	1143	0.029425234
265083	3564	0.029425234
265194	1722	0.027340364
265194	6083	0.027340364
265194	2528	0.027340362
265194	4900	0.027340362
265194	4369	0.02734036
265194	6391	0.02734036
265194	1143	0.027340358
265194	79	0.027340356
265194	105	0.027340356
265194	3088	0.027340356
265205	6083	0.028312916
265205	1722	0.028312914
265205	2528	0.028312914
265205	4900	0.028312912
265205	6391	0.028312912
265205	105	0.02831291
265205	3564	0.02831291
265205	4369	0.02831291
265205	79	0.028312908
265205	1143	0.028312908
265276	1722	0.033521764
265276	2528	0.033521764
265276	4900	0.033521764
265276	6083	0.033521764
265276	6391	0.033521764
265276	3564	0.03352176
265276	4369	0.03352176
265276	79	0.033521757
265276	105	0.033521757
265276	804	0.033521757
265313	1722	0.031111948
265313	2528	0.031111948
265313	6083	0.031111948
265313	4369	0.031111944
265313	4900	0.031111944
265313	6391	0.031111944
265313	1143	0.031111943
265313	79	0.03111194
265313	105	0.03111194
265313	3088	0.03111194
265383	2528	0.024848612
265383	6083	0.024848612
265383	1722	0.02484861
265383	6391	0.02484861
265383	4369	0.024848608
265383	4900	0.024848608
265383	79	0.024848606
265383	105	0.024848606
265383	1143	0.024848606
265383	3088	0.024848606
265487	6083	0.02578327
265487	2528	0.025783269
265487	1722	0.025783267
265487	4369	0.025783267
265487	4900	0.025783267
265487	6391	0.025783267
265487	79	0.025783263
265487	105	0.025783263
265487	1143	0.025783263
265487	3088	0.025783263
265504	6083	0.023619153
265504	2528	0.02361915
265504	1722	0.023619149
265504	4900	0.023619149
265504	6391	0.023619149
265504	4369	0.023619147
265504	79	0.023619145
265504	105	0.023619145
265504	1143	0.023619145
265504	3564	0.023619145
265546	2528	0.02551837
265546	6083	0.02551837
265546	1722	0.025518369
265546	6391	0.025518369
265546	4900	0.025518367
265546	79	0.025518365
265546	1143	0.025518365
265546	3564	0.025518365
265546	4369	0.025518365
265546	105	0.025518363
265553	2528	0.0335069
265553	6083	0.0335069
265553	1722	0.033506893
265553	3564	0.033506893
265553	4369	0.033506893
265553	4900	0.033506893
265553	6391	0.033506893
265553	105	0.03350689
265553	804	0.03350689
265553	1143	0.03350689
265591	2528	0.042361572
265591	6083	0.042361572
265591	1722	0.04236157
265591	4369	0.042361565
265591	4900	0.042361565
265591	6391	0.042361565
265591	79	0.04236156
265591	105	0.04236156
265591	1143	0.04236156
265591	3564	0.04236156
265607	2528	0.030179393
265607	6083	0.030179393
265607	1722	0.03017939
265607	4900	0.030179389
265607	6391	0.030179389
265607	4369	0.030179387
265607	79	0.030179385
265607	105	0.030179385
265607	1143	0.030179385
265607	3564	0.030179385
265620	1722	0.022347666
265620	2528	0.022347666
265620	6083	0.022347666
265620	4369	0.022347663
265620	4900	0.022347663
265620	6391	0.022347663
265620	79	0.02234766
265620	1143	0.02234766
265620	3564	0.02234766
265620	105	0.022347659
265656	1722	0.035249364
265656	6083	0.035249364
265656	2528	0.03524936
265656	4369	0.03524936
265656	4900	0.03524936
265656	6391	0.03524936
265656	3564	0.035249356
265656	79	0.035249352
265656	105	0.035249352
265656	804	0.035249352
265751	6083	0.022980917
265751	1722	0.022980914
265751	2528	0.022980914
265751	4900	0.022980914
265751	6391	0.022980914
265751	4369	0.022980912
265751	79	0.02298091
265751	105	0.02298091
265751	1143	0.02298091
265751	3088	0.02298091
265784	2528	0.030880392
265784	6083	0.030880392
265784	1722	0.03088039
265784	4369	0.030880388
265784	4900	0.030880388
265784	6391	0.030880388
265784	79	0.030880384
265784	105	0.030880384
265784	1143	0.030880384
265784	3564	0.030880384
265827	6083	0.027981246
265827	1722	0.027981244
265827	2528	0.027981244
265827	6391	0.027981242
265827	1143	0.02798124
265827	3564	0.02798124
265827	4369	0.02798124
265827	4900	0.02798124
265827	79	0.027981238
265827	105	0.027981237
265918	2528	0.02685221
265918	6083	0.02685221
265918	1722	0.026852207
265918	4369	0.026852205
265918	4900	0.026852205
265918	6391	0.026852205
265918	79	0.026852204
265918	1143	0.026852204
265918	3564	0.026852204
265918	105	0.026852202
265932	6083	0.027222529
265932	2528	0.027222527
265932	1722	0.027222525
265932	6391	0.027222525
265932	4369	0.027222523
265932	4900	0.027222523
265932	79	0.027222522
265932	1143	0.027222522
265932	3564	0.027222522
265932	3917	0.027222522
265972	6083	0.03263304
265972	1722	0.032633036
265972	2528	0.032633036
265972	4900	0.032633036
265972	6391	0.032633036
265972	79	0.032633033
265972	4369	0.032633033
265972	105	0.03263303
265972	804	0.03263303
265972	1143	0.03263303
266054	2528	0.031302087
266054	6083	0.031302087
266054	1722	0.031302083
266054	4369	0.031302083
266054	4900	0.031302083
266054	6391	0.031302083
266054	79	0.03130208
266054	105	0.03130208
266054	1143	0.03130208
266054	3564	0.03130208
266056	1722	0.040980272
266056	2528	0.040980272
266056	6083	0.040980272
266056	4900	0.04098027
266056	6391	0.04098027
266056	79	0.040980265
266056	1143	0.040980265
266056	3564	0.040980265
266056	4369	0.040980265
266056	5896	0.040980265
266109	2528	0.022439513
266109	6083	0.022439513
266109	1722	0.022439511
266109	3564	0.02243951
266109	4369	0.02243951
266109	4900	0.02243951
266109	6391	0.02243951
266109	79	0.022439506
266109	105	0.022439506
266109	804	0.022439506
266164	1722	0.022704609
266164	2528	0.022704609
266164	6083	0.022704609
266164	6391	0.022704607
266164	1143	0.022704605
266164	3564	0.022704605
266164	4369	0.022704605
266164	4900	0.022704605
266164	79	0.022704603
266164	105	0.022704603
266226	6083	0.034757536
266226	1722	0.034757532
266226	2528	0.034757532
266226	4369	0.034757532
266226	4900	0.03475753
266226	6391	0.03475753
266226	79	0.034757525
266226	105	0.034757525
266226	804	0.034757525
266226	1143	0.034757525
266229	6083	0.032017726
266229	1722	0.032017723
266229	2528	0.032017723
266229	4369	0.032017723
266229	4900	0.032017723
266229	6391	0.032017723
266229	1143	0.03201772
266229	3564	0.03201772
266229	79	0.032017715
266229	105	0.032017715
266268	6083	0.0324542
266268	1722	0.032454196
266268	2528	0.032454196
266268	1143	0.032454193
266268	3564	0.032454193
266268	4369	0.032454193
266268	4900	0.032454193
266268	6391	0.032454193
266268	79	0.03245419
266268	105	0.03245419
266283	6083	0.039923485
266283	1722	0.03992348
266283	2528	0.03992348
266283	4900	0.03992348
266283	6391	0.03992348
266283	1143	0.039923478
266283	3564	0.039923478
266283	4369	0.039923478
266283	79	0.039923474
266283	105	0.039923474
266299	1722	0.023662236
266299	2528	0.023662236
266299	6083	0.023662236
266299	4900	0.023662234
266299	79	0.023662232
266299	1143	0.023662232
266299	3564	0.023662232
266299	3917	0.023662232
266299	4369	0.023662232
266299	6391	0.023662232
266331	1722	0.026658025
266331	2528	0.026658025
266331	6083	0.026658025
266331	4369	0.026658023
266331	4900	0.026658023
266331	6391	0.026658023
266331	79	0.026658019
266331	105	0.026658019
266331	3564	0.026658019
266331	804	0.026658017
266355	2528	0.027049068
266355	6083	0.027049068
266355	1722	0.027049066
266355	4369	0.027049065
266355	4900	0.027049065
266355	6391	0.027049065
266355	1143	0.027049063
266355	3564	0.027049063
266355	79	0.02704906
266355	105	0.02704906
266419	6083	0.028444046
266419	1722	0.028444044
266419	2528	0.028444044
266419	6391	0.028444042
266419	4369	0.02844404
266419	4900	0.02844404
266419	1143	0.028444039
266419	3564	0.028444039
266419	79	0.028444037
266419	105	0.028444037
266457	6083	0.028097332
266457	2528	0.02809733
266457	1722	0.028097328
266457	4900	0.028097328
266457	6391	0.028097328
266457	4369	0.028097326
266457	79	0.028097324
266457	105	0.028097324
266457	1143	0.028097324
266457	3564	0.028097324
266466	2528	0.022611234
266466	6083	0.022611234
266466	1722	0.02261123
266466	4369	0.02261123
266466	4900	0.02261123
266466	6391	0.02261123
266466	79	0.022611229
266466	1143	0.022611229
266466	3564	0.022611229
266466	105	0.022611227
266478	1722	0.030625958
266478	2528	0.030625958
266478	6083	0.030625958
266478	4900	0.030625956
266478	6391	0.030625956
266478	79	0.03062595
266478	105	0.03062595
266478	1143	0.03062595
266478	3564	0.03062595
266478	3917	0.03062595
266522	6083	0.030658139
266522	1722	0.030658137
266522	2528	0.030658137
266522	4900	0.030658135
266522	6391	0.030658135
266522	1143	0.030658133
266522	3564	0.030658133
266522	4369	0.030658133
266522	79	0.030658131
266522	105	0.03065813
266650	1722	0.033402614
266650	2528	0.033402614
266650	6083	0.033402614
266650	4900	0.03340261
266650	6391	0.03340261
266650	79	0.033402607
266650	105	0.033402607
266650	1143	0.033402607
266650	3564	0.033402607
266650	3917	0.033402607
266678	1722	0.033429913
266678	2528	0.033429913
266678	4900	0.033429913
266678	6083	0.033429913
266678	6391	0.033429913
266678	4369	0.03342991
266678	79	0.033429906
266678	105	0.033429906
266678	1143	0.033429906
266678	3088	0.033429906
266697	6083	0.030260593
266697	1722	0.030260589
266697	2528	0.030260589
266697	6391	0.030260589
266697	4900	0.030260587
266697	105	0.030260585
266697	1143	0.030260585
266697	3564	0.030260585
266697	4369	0.030260585
266697	79	0.030260583
266753	1722	0.022980105
266753	2528	0.022980105
266753	6083	0.022980105
266753	1143	0.022980101
266753	3564	0.022980101
266753	4369	0.022980101
266753	4900	0.022980101
266753	6391	0.022980101
266753	79	0.0229801
266753	105	0.0229801
266807	2528	0.02625497
266807	6083	0.02625497
266807	1722	0.026254969
266807	6391	0.026254969
266807	4369	0.026254967
266807	4900	0.026254967
266807	79	0.026254965
266807	1143	0.026254965
266807	3564	0.026254965
266807	105	0.026254963
266840	6083	0.041515067
266840	2528	0.041515063
266840	6391	0.041515063
266840	1722	0.04151506
266840	3564	0.04151506
266840	4369	0.04151506
266840	4900	0.04151506
266840	79	0.041515056
266840	105	0.041515052
266840	804	0.041515052
266842	6083	0.027031902
266842	1722	0.0270319
266842	2528	0.0270319
266842	4900	0.027031898
266842	6391	0.027031898
266842	4369	0.027031897
266842	79	0.027031895
266842	105	0.027031895
266842	1143	0.027031895
266842	3564	0.027031895
266865	2528	0.035115678
266865	6083	0.035115678
266865	1722	0.035115674
266865	4369	0.035115674
266865	6391	0.035115674
266865	1143	0.03511567
266865	4900	0.03511567
266865	79	0.035115667
266865	105	0.035115667
266865	1557	0.035115667
266866	2528	0.042016145
266866	6083	0.042016145
266866	1722	0.04201614
266866	6391	0.04201614
266866	3564	0.042016137
266866	4369	0.042016137
266866	4900	0.042016137
266866	79	0.042016134
266866	105	0.042016134
266866	804	0.042016134
266872	6083	0.028793946
266872	2528	0.028793944
266872	1722	0.028793942
266872	4369	0.02879394
266872	4900	0.02879394
266872	6391	0.02879394
266872	1143	0.028793938
266872	79	0.028793937
266872	105	0.028793937
266872	3564	0.028793937
266940	1722	0.033752084
266940	2528	0.033752084
266940	6083	0.033752084
266940	6391	0.03375208
266940	79	0.033752076
266940	1143	0.033752076
266940	3564	0.033752076
266940	4369	0.033752076
266940	4900	0.033752076
266940	105	0.033752073
267033	1722	0.025702182
267033	2528	0.025702182
267033	6083	0.025702182
267033	4369	0.025702178
267033	4900	0.025702178
267033	6391	0.025702178
267033	3564	0.025702177
267033	79	0.025702175
267033	105	0.025702175
267033	804	0.025702175
267061	6083	0.030361287
267061	1722	0.030361284
267061	2528	0.030361284
267061	4900	0.030361284
267061	4369	0.030361282
267061	6391	0.030361282
267061	3564	0.03036128
267061	79	0.030361278
267061	105	0.030361278
267061	1143	0.030361278
267180	6083	0.027599432
267180	1722	0.027599428
267180	2528	0.027599428
267180	6391	0.027599426
267180	4369	0.027599424
267180	4900	0.027599424
267180	79	0.027599422
267180	3564	0.027599422
267180	3917	0.027599422
267180	105	0.02759942
267184	6083	0.03323134
267184	2528	0.033231337
267184	105	0.033231333
267184	1722	0.033231333
267184	3564	0.033231333
267184	4369	0.033231333
267184	4900	0.033231333
267184	6391	0.033231333
267184	79	0.03323133
267184	5896	0.03323133
267249	1722	0.037150994
267249	2528	0.037150994
267249	6083	0.037150994
267249	4900	0.03715099
267249	6391	0.03715099
267249	79	0.037150986
267249	105	0.037150986
267249	1143	0.037150986
267249	3088	0.037150986
267249	3564	0.037150986
267256	6083	0.034939185
267256	1722	0.03493918
267256	2528	0.03493918
267256	4900	0.03493918
267256	1143	0.034939177
267256	3564	0.034939177
267256	4369	0.034939177
267256	6391	0.034939177
267256	79	0.034939174
267256	105	0.034939174
267282	6083	0.03145669
267282	1722	0.031456687
267282	2528	0.031456687
267282	6391	0.031456687
267282	3564	0.031456683
267282	4369	0.031456683
267282	79	0.03145668
267282	105	0.03145668
267282	1143	0.03145668
267282	1557	0.03145668
267326	6083	0.02656542
267326	1722	0.026565418
267326	2528	0.026565418
267326	6391	0.026565416
267326	4369	0.026565414
267326	4900	0.026565414
267326	1143	0.026565412
267326	3564	0.026565412
267326	79	0.02656541
267326	105	0.02656541
267334	6083	0.03020931
267334	2528	0.030209308
267334	1722	0.030209307
267334	6391	0.030209307
267334	4369	0.030209305
267334	4900	0.030209305
267334	79	0.030209303
267334	1143	0.030209303
267334	3564	0.030209303
267334	105	0.030209301
267354	5110	0.080150254
267354	33	0.08015025
267354	65	0.08015025
267354	1138	0.08015025
267354	1224	0.08015025
267354	1649	0.08015025
267354	3004	0.08015025
267354	4222	0.08015025
267354	4282	0.08015025
267354	4337	0.08015025
267356	5110	0.16365996
267356	33	0.16365995
267356	65	0.16365995
267356	1501	0.16365995
267356	1628	0.16365995
267356	2520	0.16365995
267356	3004	0.16365995
267356	4222	0.16365995
267356	4337	0.16365995
267356	5094	0.16365995
267442	5110	0.14654465
267442	33	0.14654464
267442	65	0.14654464
267442	102	0.14654464
267442	107	0.14654464
267442	317	0.14654464
267442	397	0.14654464
267442	468	0.14654464
267442	558	0.14654464
267442	608	0.14654464
267444	1628	0.14876252
267444	2520	0.14876252
267444	4222	0.14876252
267444	4337	0.14876252
267444	5110	0.14876252
267444	5353	0.14876252
267444	33	0.14876251
267444	65	0.14876251
267444	317	0.14876251
267444	1138	0.14876251
267453	5110	0.13897564
267453	33	0.13897562
267453	65	0.13897562
267453	107	0.13897562
267453	317	0.13897562
267453	401	0.13897562
267453	468	0.13897562
267453	558	0.13897562
267453	1138	0.13897562
267453	1406	0.13897562
267510	65	0.18079853
267510	1138	0.18079853
267510	1224	0.18079853
267510	1370	0.18079853
267510	1501	0.18079853
267510	1510	0.18079853
267510	1628	0.18079853
267510	1649	0.18079853
267510	1877	0.18079853
267510	1996	0.18079853
267529	33	0.1554834
267529	65	0.1554834
267529	468	0.1554834
267529	1138	0.1554834
267529	1628	0.1554834
267529	1649	0.1554834
267529	1996	0.1554834
267529	2056	0.1554834
267529	3281	0.1554834
267529	4222	0.1554834
267538	33	0.14287265
267538	65	0.14287265
267538	1501	0.14287265
267538	2520	0.14287265
267538	3004	0.14287265
267538	4222	0.14287265
267538	4337	0.14287265
267538	4655	0.14287265
267538	5110	0.14287265
267538	4	0.14287263
267596	5110	0.17042938
267596	65	0.17042936
267596	3004	0.17042936
267596	3281	0.17042936
267596	4222	0.17042936
267596	4282	0.17042936
267596	4655	0.17042936
267596	5094	0.17042936
267596	5774	0.17042936
267596	16	0.17042935
267621	1649	0.20300859
267621	4222	0.20300859
267621	5110	0.20300859
267621	5353	0.20300859
267621	33	0.20300858
267621	65	0.20300858
267621	1138	0.20300858
267621	1510	0.20300858
267621	1628	0.20300858
267621	1996	0.20300858
267635	5110	0.2097188
267635	65	0.20971878
267635	1138	0.20971878
267635	1628	0.20971878
267635	5094	0.20971878
267635	16	0.20971876
267635	33	0.20971876
267635	107	0.20971876
267635	317	0.20971876
267635	401	0.20971876
267642	5110	0.112388164
267642	65	0.11238816
267642	33	0.11238815
267642	1138	0.11238815
267642	1501	0.11238815
267642	1510	0.11238815
267642	1628	0.11238815
267642	1649	0.11238815
267642	1877	0.11238815
267642	2056	0.11238815
267644	33	0.13710484
267644	65	0.13710484
267644	1138	0.13710484
267644	1510	0.13710484
267644	1628	0.13710484
267644	2520	0.13710484
267644	4222	0.13710484
267644	4337	0.13710484
267644	4655	0.13710484
267644	5110	0.13710484
267648	65	0.13283595
267648	1628	0.13283595
267648	4222	0.13283595
267648	4282	0.13283595
267648	5094	0.13283595
267648	5110	0.13283595
267648	5774	0.13283595
267648	33	0.13283594
267648	1138	0.13283594
267648	1224	0.13283594
267680	33	0.13518098
267680	65	0.13518098
267680	1302	0.13518098
267680	1336	0.13518098
267680	1370	0.13518098
267680	1501	0.13518098
267680	1510	0.13518098
267680	1628	0.13518098
267680	1649	0.13518098
267680	1941	0.13518098
267802	33	0.12673163
267802	65	0.12673163
267802	281	0.12673163
267802	317	0.12673163
267802	428	0.12673163
267802	613	0.12673163
267802	1138	0.12673163
267802	1336	0.12673163
267802	1370	0.12673163
267802	1501	0.12673163
267830	65	0.121994674
267830	5110	0.121994674
267830	33	0.12199467
267830	1501	0.12199467
267830	1628	0.12199467
267830	1877	0.12199467
267830	1996	0.12199467
267830	2520	0.12199467
267830	3004	0.12199467
267830	4106	0.12199467
267895	5110	0.10711338
267895	65	0.107113376
267895	102	0.107113376
267895	1138	0.107113376
267895	1370	0.107113376
267895	1501	0.107113376
267895	1510	0.107113376
267895	1628	0.107113376
267895	1649	0.107113376
267895	1996	0.107113376
268025	5110	0.15741257
268025	33	0.15741256
268025	65	0.15741256
268025	102	0.15741256
268025	107	0.15741256
268025	317	0.15741256
268025	1112	0.15741256
268025	1138	0.15741256
268025	1302	0.15741256
268025	1336	0.15741256
268030	65	0.17329216
268030	2056	0.17329216
268030	2520	0.17329216
268030	3820	0.17329216
268030	4222	0.17329216
268030	4655	0.17329216
268030	5094	0.17329216
268030	5110	0.17329216
268030	33	0.17329215
268030	102	0.17329215
268032	5110	0.19367942
268032	65	0.1936794
268032	1501	0.1936794
268032	5094	0.1936794
268032	16	0.19367939
268032	33	0.19367939
268032	102	0.19367939
268032	317	0.19367939
268032	428	0.19367939
268032	468	0.19367939
268110	1138	0.17209837
268110	5110	0.17209837
268110	33	0.17209835
268110	65	0.17209835
268110	1370	0.17209835
268110	1501	0.17209835
268110	1628	0.17209835
268110	1649	0.17209835
268110	1877	0.17209835
268110	1996	0.17209835
268156	5110	0.12790562
268156	33	0.1279056
268156	65	0.1279056
268156	1138	0.1279056
268156	1224	0.1279056
268156	1336	0.1279056
268156	1510	0.1279056
268156	1628	0.1279056
268156	1660	0.1279056
268156	1877	0.1279056
268239	33	0.13075241
268239	65	0.13075241
268239	1138	0.13075241
268239	1370	0.13075241
268239	1649	0.13075241
268239	1996	0.13075241
268239	3281	0.13075241
268239	4106	0.13075241
268239	4222	0.13075241
268239	4316	0.13075241
268262	1138	0.13143736
268262	5094	0.13143736
268262	5110	0.13143736
268262	5774	0.13143736
268262	33	0.13143735
268262	65	0.13143735
268262	317	0.13143735
268262	468	0.13143735
268262	1112	0.13143735
268262	1370	0.13143735
268282	5110	0.10412212
268282	33	0.1041221
268282	65	0.1041221
268282	1138	0.1041221
268282	1501	0.1041221
268282	1510	0.1041221
268282	1628	0.1041221
268282	1649	0.1041221
268282	1877	0.1041221
268282	2520	0.1041221
268300	5110	0.19241989
268300	33	0.19241987
268300	2520	0.19241987
268300	4222	0.19241987
268300	4337	0.19241987
268300	16	0.19241986
268300	65	0.19241986
268300	102	0.19241986
268300	317	0.19241986
268300	468	0.19241986
268540	1649	0.14990294
268540	1660	0.14990294
268540	4337	0.14990294
268540	5110	0.14990294
268540	33	0.14990292
268540	65	0.14990292
268540	317	0.14990292
268540	1189	0.14990292
268540	1336	0.14990292
268540	1501	0.14990292
268544	33	0.12817976
268544	65	0.12817976
268544	1138	0.12817976
268544	1649	0.12817976
268544	2520	0.12817976
268544	5094	0.12817976
268544	5110	0.12817976
268544	5174	0.12817976
268544	5774	0.12817976
268544	102	0.12817974
268618	5110	0.1635897
268618	33	0.16358969
268618	65	0.16358969
268618	468	0.16358969
268618	558	0.16358969
268618	613	0.16358969
268618	1138	0.16358969
268618	1256	0.16358969
268618	1370	0.16358969
268618	1501	0.16358969
268622	5110	0.18694037
268622	4222	0.18694036
268622	4282	0.18694036
268622	33	0.18694034
268622	65	0.18694034
268622	102	0.18694034
268622	107	0.18694034
268622	317	0.18694034
268622	401	0.18694034
268622	428	0.18694034
268639	5110	0.16514613
268639	33	0.16514611
268639	65	0.16514611
268639	102	0.16514611
268639	107	0.16514611
268639	428	0.16514611
268639	555	0.16514611
268639	1138	0.16514611
268639	1224	0.16514611
268639	1336	0.16514611
268657	5110	0.13757418
268657	33	0.13757417
268657	65	0.13757417
268657	468	0.13757417
268657	1112	0.13757417
268657	1138	0.13757417
268657	1370	0.13757417
268657	1510	0.13757417
268657	1533	0.13757417
268657	1628	0.13757417
268691	5110	0.15615058
268691	33	0.15615055
268691	65	0.15615055
268691	102	0.15615055
268691	107	0.15615055
268691	317	0.15615055
268691	401	0.15615055
268691	428	0.15615055
268691	555	0.15615055
268691	558	0.15615055
268704	5110	0.17402263
268704	33	0.17402261
268704	65	0.17402261
268704	107	0.17402261
268704	317	0.17402261
268704	468	0.17402261
268704	1112	0.17402261
268704	1138	0.17402261
268704	1224	0.17402261
268704	1370	0.17402261
268751	65	0.12530309
268751	1138	0.12530309
268751	1501	0.12530309
268751	1628	0.12530309
268751	1877	0.12530309
268751	1996	0.12530309
268751	2056	0.12530309
268751	3240	0.12530309
268751	4320	0.12530309
268751	4655	0.12530309
268761	5110	0.16393624
268761	33	0.16393623
268761	65	0.16393623
268761	1138	0.16393623
268761	1628	0.16393623
268761	1649	0.16393623
268761	3004	0.16393623
268761	4106	0.16393623
268761	4222	0.16393623
268761	4282	0.16393623
268786	33	0.13338634
268786	65	0.13338634
268786	107	0.13338634
268786	1138	0.13338634
268786	1224	0.13338634
268786	1501	0.13338634
268786	1628	0.13338634
268786	1649	0.13338634
268786	1758	0.13338634
268786	1877	0.13338634
268833	33	0.15305945
268833	65	0.15305945
268833	401	0.15305945
268833	1138	0.15305945
268833	1224	0.15305945
268833	1370	0.15305945
268833	1501	0.15305945
268833	1628	0.15305945
268833	1649	0.15305945
268833	1758	0.15305945
268932	65	0.15013292
268932	1138	0.15013292
268932	1501	0.15013292
268932	1628	0.15013292
268932	1877	0.15013292
268932	1996	0.15013292
268932	2002	0.15013292
268932	2056	0.15013292
268932	2520	0.15013292
268932	2789	0.15013292
269011	5110	0.15241522
269011	33	0.1524152
269011	65	0.1524152
269011	1138	0.1524152
269011	1336	0.1524152
269011	1370	0.1524152
269011	1406	0.1524152
269011	1501	0.1524152
269011	1628	0.1524152
269011	1649	0.1524152
269114	65	0.1567977
269114	1138	0.1567977
269114	1336	0.1567977
269114	1501	0.1567977
269114	1510	0.1567977
269114	1628	0.1567977
269114	1649	0.1567977
269114	1877	0.1567977
269114	1996	0.1567977
269114	2520	0.1567977
269140	65	0.15609805
269140	1628	0.15609805
269140	3004	0.15609805
269140	5110	0.15609805
269140	16	0.15609804
269140	33	0.15609804
269140	107	0.15609804
269140	317	0.15609804
269140	468	0.15609804
269140	558	0.15609804
269157	33	0.14857906
269157	65	0.14857906
269157	3004	0.14857906
269157	4222	0.14857906
269157	5094	0.14857906
269157	5110	0.14857906
269157	107	0.14857905
269157	317	0.14857905
269157	1112	0.14857905
269157	1138	0.14857905
269244	65	0.13326208
269244	3004	0.13326208
269244	5110	0.13326208
269244	16	0.13326207
269244	33	0.13326207
269244	102	0.13326207
269244	107	0.13326207
269244	200	0.13326207
269244	317	0.13326207
269244	401	0.13326207
269273	65	0.099888936
269273	5110	0.099888936
269273	33	0.09988893
269273	317	0.09988893
269273	1138	0.09988893
269273	2520	0.09988893
269273	4337	0.09988893
269273	5353	0.09988893
269273	16	0.09988892
269273	102	0.09988892
269308	5110	0.09684458
269308	16	0.09684457
269308	33	0.09684457
269308	65	0.09684457
269308	468	0.09684457
269308	558	0.09684457
269308	1138	0.09684457
269308	1224	0.09684457
269308	1336	0.09684457
269308	1406	0.09684457
269313	5110	0.12722957
269313	33	0.12722954
269313	65	0.12722954
269313	102	0.12722954
269313	107	0.12722954
269313	317	0.12722954
269313	468	0.12722954
269313	558	0.12722954
269313	667	0.12722954
269313	1138	0.12722954
269321	65	0.17424142
269321	1501	0.17424142
269321	1628	0.17424142
269321	4337	0.17424142
269321	5110	0.17424142
269321	5353	0.17424142
269321	33	0.17424141
269321	1336	0.17424141
269321	1649	0.17424141
269321	1877	0.17424141
269344	5110	0.09851003
269344	65	0.09851002
269344	1628	0.09851002
269344	5774	0.09851002
269344	16	0.09851001
269344	33	0.09851001
269344	102	0.09851001
269344	107	0.09851001
269344	401	0.09851001
269344	468	0.09851001
269353	3004	0.16469502
269353	5110	0.16469502
269353	33	0.16469501
269353	1138	0.16469501
269353	1628	0.16469501
269353	4222	0.16469501
269353	5094	0.16469501
269353	5353	0.16469501
269353	16	0.164695
269353	59	0.164695
269378	5110	0.14117658
269378	33	0.14117657
269378	65	0.14117657
269378	1336	0.14117657
269378	1501	0.14117657
269378	1510	0.14117657
269378	1649	0.14117657
269378	2520	0.14117657
269378	3004	0.14117657
269378	3281	0.14117657
269386	33	0.11440666
269386	5094	0.11440666
269386	5110	0.11440666
269386	65	0.11440665
269386	1138	0.11440665
269386	1501	0.11440665
269386	1628	0.11440665
269386	1877	0.11440665
269386	1996	0.11440665
269386	2520	0.11440665
269439	65	0.13788742
269439	2056	0.13788742
269439	4106	0.13788742
269439	4222	0.13788742
269439	4282	0.13788742
269439	5094	0.13788742
269439	5110	0.13788742
269439	5174	0.13788742
269439	33	0.1378874
269439	468	0.1378874
269557	33	0.18028072
269557	65	0.18028072
269557	3004	0.18028072
269557	4222	0.18028072
269557	4282	0.18028072
269557	5094	0.18028072
269557	5110	0.18028072
269557	1138	0.1802807
269557	1628	0.1802807
269557	1996	0.1802807
269702	5110	0.14989744
269702	5774	0.14989744
269702	16	0.14989743
269702	33	0.14989743
269702	65	0.14989743
269702	317	0.14989743
269702	401	0.14989743
269702	428	0.14989743
269702	468	0.14989743
269702	558	0.14989743
269719	33	0.13984996
269719	65	0.13984996
269719	317	0.13984996
269719	1138	0.13984996
269719	1628	0.13984996
269719	1649	0.13984996
269719	1996	0.13984996
269719	2520	0.13984996
269719	3004	0.13984996
269719	3820	0.13984996
269728	65	0.1629152
269728	1138	0.1629152
269728	1628	0.1629152
269728	1877	0.1629152
269728	2520	0.1629152
269728	4282	0.1629152
269728	4337	0.1629152
269728	5110	0.1629152
269728	5541	0.1629152
269728	5774	0.1629152
269738	5110	0.15594333
269738	33	0.15594332
269738	4222	0.15594332
269738	30	0.1559433
269738	65	0.1559433
269738	102	0.1559433
269738	107	0.1559433
269738	200	0.1559433
269738	281	0.1559433
269738	317	0.1559433
269759	5110	0.108104445
269759	65	0.10810444
269759	1628	0.10810444
269759	1649	0.10810444
269759	2520	0.10810444
269759	4222	0.10810444
269759	4337	0.10810444
269759	5094	0.10810444
269759	5774	0.10810444
269759	33	0.10810443
269799	5110	0.15901585
269799	33	0.15901583
269799	1336	0.15901583
269799	1501	0.15901583
269799	1628	0.15901583
269799	1649	0.15901583
269799	2520	0.15901583
269799	3004	0.15901583
269799	4106	0.15901583
269799	4222	0.15901583
269808	1138	0.13402998
269808	1628	0.13402998
269808	1996	0.13402998
269808	5110	0.13402998
269808	16	0.13402997
269808	33	0.13402997
269808	65	0.13402997
269808	317	0.13402997
269808	468	0.13402997
269808	1224	0.13402997
269835	5110	0.19011708
269835	33	0.19011706
269835	65	0.19011706
269835	107	0.19011706
269835	317	0.19011706
269835	1336	0.19011706
269835	1501	0.19011706
269835	1504	0.19011706
269835	1628	0.19011706
269835	1649	0.19011706
269890	65	0.18699487
269890	5110	0.18699487
269890	16	0.18699485
269890	33	0.18699485
269890	317	0.18699485
269890	468	0.18699485
269890	558	0.18699485
269890	1112	0.18699485
269890	1138	0.18699485
269890	1336	0.18699485
270069	65	0.17350827
270069	5110	0.17350827
270069	33	0.17350826
270069	107	0.17350826
270069	468	0.17350826
270069	558	0.17350826
270069	1112	0.17350826
270069	1138	0.17350826
270069	1302	0.17350826
270069	1336	0.17350826
270121	65	0.1327956
270121	1138	0.1327956
270121	1224	0.1327956
270121	1501	0.1327956
270121	1628	0.1327956
270121	1649	0.1327956
270121	1877	0.1327956
270121	2033	0.1327956
270121	2056	0.1327956
270121	2520	0.1327956
270156	5094	0.17303987
270156	5110	0.17303987
270156	4	0.17303985
270156	33	0.17303985
270156	65	0.17303985
270156	102	0.17303985
270156	107	0.17303985
270156	317	0.17303985
270156	401	0.17303985
270156	468	0.17303985
270211	65	0.14880982
270211	1138	0.14880982
270211	1510	0.14880982
270211	1628	0.14880982
270211	2520	0.14880982
270211	4316	0.14880982
270211	4337	0.14880982
270211	5110	0.14880982
270211	5353	0.14880982
270211	5541	0.14880982
270226	33	0.13475457
270226	65	0.13475457
270226	1501	0.13475457
270226	1628	0.13475457
270226	4222	0.13475457
270226	4337	0.13475457
270226	5110	0.13475457
270226	317	0.13475455
270226	558	0.13475455
270226	1112	0.13475455
270326	5110	0.13301906
270326	65	0.13301904
270326	16	0.13301903
270326	30	0.13301903
270326	33	0.13301903
270326	107	0.13301903
270326	317	0.13301903
270326	428	0.13301903
270326	468	0.13301903
270326	558	0.13301903
270339	65	0.16886726
270339	2520	0.16886726
270339	3004	0.16886726
270339	4222	0.16886726
270339	5094	0.16886726
270339	5110	0.16886726
270339	5774	0.16886726
270339	33	0.16886725
270339	1138	0.16886725
270339	1501	0.16886725
270352	65	0.19679776
270352	5110	0.19679776
270352	33	0.19679774
270352	1138	0.19679774
270352	2520	0.19679774
270352	4222	0.19679774
270352	4337	0.19679774
270352	4655	0.19679774
270352	16	0.19679773
270352	102	0.19679773
270401	5110	0.11003653
270401	33	0.11003652
270401	65	0.11003652
270401	1138	0.11003652
270401	1510	0.11003652
270401	1628	0.11003652
270401	1649	0.11003652
270401	2520	0.11003652
270401	3004	0.11003652
270401	4106	0.11003652
270554	5110	0.14840588
270554	65	0.14840586
270554	1628	0.14840586
270554	3004	0.14840586
270554	4222	0.14840586
270554	4337	0.14840586
270554	5774	0.14840586
270554	4	0.14840585
270554	16	0.14840585
270554	30	0.14840585
270605	65	0.14408433
270605	1649	0.14408433
270605	4106	0.14408433
270605	4222	0.14408433
270605	4282	0.14408433
270605	4655	0.14408433
270605	5094	0.14408433
270605	5110	0.14408433
270605	5353	0.14408433
270605	5541	0.14408433
270629	33	0.17369688
270629	65	0.17369688
270629	1336	0.17369688
270629	1501	0.17369688
270629	1510	0.17369688
270629	1628	0.17369688
270629	1649	0.17369688
270629	1941	0.17369688
270629	2056	0.17369688
270629	2520	0.17369688
270666	33	0.13582465
270666	65	0.13582465
270666	102	0.13582465
270666	107	0.13582465
270666	1224	0.13582465
270666	1501	0.13582465
270666	1504	0.13582465
270666	1533	0.13582465
270666	1628	0.13582465
270666	1877	0.13582465
270715	3004	0.109063566
270715	5110	0.109063566
270715	33	0.10906356
270715	65	0.10906356
270715	1138	0.10906356
270715	1996	0.10906356
270715	4222	0.10906356
270715	4282	0.10906356
270715	4337	0.10906356
270715	5094	0.10906356
270723	65	0.17564358
270723	5094	0.17564358
270723	5110	0.17564358
270723	5774	0.17564358
270723	33	0.17564356
270723	107	0.17564356
270723	317	0.17564356
270723	468	0.17564356
270723	558	0.17564356
270723	1112	0.17564356
270737	4282	0.12649418
270737	5094	0.12649418
270737	4	0.12649417
270737	16	0.12649417
270737	30	0.12649417
270737	33	0.12649417
270737	65	0.12649417
270737	93	0.12649417
270737	102	0.12649417
270737	107	0.12649417
270754	5094	0.16031416
270754	5110	0.16031416
270754	16	0.16031414
270754	33	0.16031414
270754	65	0.16031414
270754	102	0.16031414
270754	107	0.16031414
270754	281	0.16031414
270754	317	0.16031414
270754	394	0.16031414
270801	33	0.1361231
270801	65	0.1361231
270801	4222	0.1361231
270801	4282	0.1361231
270801	5110	0.1361231
270801	16	0.13612309
270801	102	0.13612309
270801	107	0.13612309
270801	181	0.13612309
270801	200	0.13612309
270820	33	0.15935898
270820	65	0.15935898
270820	102	0.15935898
270820	107	0.15935898
270820	428	0.15935898
270820	1138	0.15935898
270820	1224	0.15935898
270820	1370	0.15935898
270820	1395	0.15935898
270820	1501	0.15935898
270828	4222	0.17098834
270828	5110	0.17098834
270828	33	0.17098832
270828	65	0.17098832
270828	102	0.17098832
270828	107	0.17098832
270828	317	0.17098832
270828	401	0.17098832
270828	428	0.17098832
270828	1138	0.17098832
270829	33	0.15580726
270829	65	0.15580726
270829	1510	0.15580726
270829	1649	0.15580726
270829	1660	0.15580726
270829	1996	0.15580726
270829	3004	0.15580726
270829	4222	0.15580726
270829	4282	0.15580726
270829	4337	0.15580726
270838	5110	0.21034428
270838	33	0.21034425
270838	65	0.21034425
270838	317	0.21034425
270838	468	0.21034425
270838	1138	0.21034425
270838	1224	0.21034425
270838	1501	0.21034425
270838	1504	0.21034425
270838	1510	0.21034425
270863	5110	0.12012649
270863	33	0.120126486
270863	65	0.120126486
270863	1501	0.120126486
270863	1510	0.120126486
270863	1649	0.120126486
270863	1877	0.120126486
270863	3004	0.120126486
270863	4222	0.120126486
270863	4337	0.120126486
270897	5110	0.15786937
270897	16	0.15786934
270897	33	0.15786934
270897	65	0.15786934
270897	102	0.15786934
270897	281	0.15786934
270897	317	0.15786934
270897	428	0.15786934
270897	468	0.15786934
270897	471	0.15786934
270906	5110	0.18973851
270906	65	0.1897385
270906	4222	0.1897385
270906	5353	0.1897385
270906	16	0.18973848
270906	33	0.18973848
270906	102	0.18973848
270906	107	0.18973848
270906	317	0.18973848
270906	468	0.18973848
271000	5110	0.14075913
271000	33	0.14075911
271000	65	0.14075911
271000	468	0.14075911
271000	1336	0.14075911
271000	1501	0.14075911
271000	1504	0.14075911
271000	1510	0.14075911
271000	1628	0.14075911
271000	1649	0.14075911
271144	16	0.13904011
271144	33	0.13904011
271144	65	0.13904011
271144	102	0.13904011
271144	107	0.13904011
271144	281	0.13904011
271144	317	0.13904011
271144	401	0.13904011
271144	428	0.13904011
271144	468	0.13904011
271156	5110	0.16461283
271156	4222	0.16461281
271156	5094	0.16461281
271156	4	0.1646128
271156	16	0.1646128
271156	33	0.1646128
271156	65	0.1646128
271156	107	0.1646128
271156	179	0.1646128
271156	287	0.1646128
271176	5110	0.13958956
271176	16	0.13958955
271176	30	0.13958955
271176	33	0.13958955
271176	65	0.13958955
271176	107	0.13958955
271176	181	0.13958955
271176	200	0.13958955
271176	281	0.13958955
271176	317	0.13958955
271195	4222	0.15927678
271195	5110	0.15927678
271195	33	0.15927677
271195	65	0.15927677
271195	317	0.15927677
271195	1138	0.15927677
271195	1501	0.15927677
271195	1628	0.15927677
271195	1649	0.15927677
271195	1877	0.15927677
271284	5110	0.154643
271284	1628	0.15464298
271284	1877	0.15464298
271284	3004	0.15464298
271284	4222	0.15464298
271284	4337	0.15464298
271284	5353	0.15464298
271284	4	0.15464297
271284	16	0.15464297
271284	33	0.15464297
271306	65	0.15407765
271306	1112	0.15407765
271306	1138	0.15407765
271306	1370	0.15407765
271306	1501	0.15407765
271306	1510	0.15407765
271306	1628	0.15407765
271306	1877	0.15407765
271306	1996	0.15407765
271306	2056	0.15407765
271375	5110	0.1260514
271375	65	0.12605138
271375	1501	0.12605138
271375	4222	0.12605138
271375	33	0.12605137
271375	68	0.12605137
271375	93	0.12605137
271375	102	0.12605137
271375	107	0.12605137
271375	166	0.12605137
271448	5110	0.14909935
271448	65	0.14909934
271448	16	0.14909932
271448	33	0.14909932
271448	102	0.14909932
271448	107	0.14909932
271448	1112	0.14909932
271448	1138	0.14909932
271448	1256	0.14909932
271448	1336	0.14909932
271460	33	0.17963377
271460	65	0.17963377
271460	317	0.17963377
271460	1138	0.17963377
271460	1996	0.17963377
271460	2520	0.17963377
271460	3004	0.17963377
271460	4222	0.17963377
271460	4337	0.17963377
271460	5094	0.17963377
271503	5110	0.17778471
271503	4222	0.1777847
271503	5094	0.1777847
271503	16	0.17778468
271503	33	0.17778468
271503	65	0.17778468
271503	102	0.17778468
271503	317	0.17778468
271503	428	0.17778468
271503	468	0.17778468
271531	5110	0.1340859
271531	16	0.13408586
271531	33	0.13408586
271531	65	0.13408586
271531	102	0.13408586
271531	107	0.13408586
271531	200	0.13408586
271531	287	0.13408586
271531	397	0.13408586
271531	401	0.13408586
271538	3004	0.17992279
271538	4222	0.17992279
271538	4337	0.17992279
271538	5094	0.17992279
271538	5110	0.17992279
271538	33	0.17992277
271538	65	0.17992277
271538	1138	0.17992277
271538	1501	0.17992277
271538	1510	0.17992277
271557	4	0.12734026
271557	16	0.12734026
271557	33	0.12734026
271557	65	0.12734026
271557	102	0.12734026
271557	107	0.12734026
271557	200	0.12734026
271557	281	0.12734026
271557	317	0.12734026
271557	401	0.12734026
271558	33	0.20846424
271558	65	0.20846424
271558	1510	0.20846424
271558	1628	0.20846424
271558	1996	0.20846424
271558	3004	0.20846424
271558	4337	0.20846424
271558	4655	0.20846424
271558	5094	0.20846424
271558	5110	0.20846424
271587	5110	0.10797507
271587	33	0.107975066
271587	65	0.107975066
271587	317	0.107975066
271587	1138	0.107975066
271587	1224	0.107975066
271587	1501	0.107975066
271587	1510	0.107975066
271587	1533	0.107975066
271587	1628	0.107975066
271588	4222	0.14073205
271588	5110	0.14073205
271588	33	0.14073204
271588	65	0.14073204
271588	107	0.14073204
271588	1138	0.14073204
271588	1501	0.14073204
271588	1628	0.14073204
271588	1649	0.14073204
271588	1996	0.14073204
271622	5110	0.18884584
271622	65	0.18884583
271622	2520	0.18884583
271622	4337	0.18884583
271622	5353	0.18884583
271622	16	0.18884581
271622	33	0.18884581
271622	102	0.18884581
271622	107	0.18884581
271622	317	0.18884581
271659	5110	0.16674739
271659	33	0.16674738
271659	5094	0.16674738
271659	65	0.16674736
271659	102	0.16674736
271659	107	0.16674736
271659	287	0.16674736
271659	317	0.16674736
271659	401	0.16674736
271659	428	0.16674736
271705	5110	0.17285925
271705	1501	0.17285924
271705	3004	0.17285924
271705	4222	0.17285924
271705	4337	0.17285924
271705	4655	0.17285924
271705	5353	0.17285924
271705	5541	0.17285924
271705	5774	0.17285924
271705	4	0.17285922
271833	5110	0.11616488
271833	4222	0.11616487
271833	4337	0.11616487
271833	5094	0.11616487
271833	33	0.11616486
271833	65	0.11616486
271833	107	0.11616486
271833	317	0.11616486
271833	428	0.11616486
271833	468	0.11616486
272120	65	0.16273364
272120	5110	0.16273364
272120	317	0.16273363
272120	1628	0.16273363
272120	2520	0.16273363
272120	4106	0.16273363
272120	4337	0.16273363
272120	4655	0.16273363
272120	5094	0.16273363
272120	5353	0.16273363
272202	33	0.14755204
272202	65	0.14755204
272202	317	0.14755204
272202	1138	0.14755204
272202	1336	0.14755204
272202	1370	0.14755204
272202	1501	0.14755204
272202	1510	0.14755204
272202	1628	0.14755204
272202	1649	0.14755204
272225	5110	0.18036808
272225	33	0.18036807
272225	65	0.18036807
272225	1628	0.18036807
272225	2056	0.18036807
272225	3004	0.18036807
272225	4222	0.18036807
272225	4337	0.18036807
272225	4655	0.18036807
272225	5094	0.18036807
272233	5110	0.12592395
272233	4	0.12592393
272233	33	0.12592393
272233	65	0.12592393
272233	107	0.12592393
272233	281	0.12592393
272233	317	0.12592393
272233	468	0.12592393
272233	558	0.12592393
272233	613	0.12592393
272385	65	0.16534129
272385	107	0.16534129
272385	1112	0.16534129
272385	1138	0.16534129
272385	1370	0.16534129
272385	1501	0.16534129
272385	1628	0.16534129
272385	1877	0.16534129
272385	2056	0.16534129
272385	2520	0.16534129
272395	33	0.13858247
272395	65	0.13858247
272395	1336	0.13858247
272395	1501	0.13858247
272395	1510	0.13858247
272395	1628	0.13858247
272395	1996	0.13858247
272395	2520	0.13858247
272395	3004	0.13858247
272395	4106	0.13858247
272407	33	0.14139289
272407	65	0.14139289
272407	107	0.14139289
272407	468	0.14139289
272407	1138	0.14139289
272407	1224	0.14139289
272407	1336	0.14139289
272407	1501	0.14139289
272407	1504	0.14139289
272407	1510	0.14139289
272423	16	0.16807532
272423	33	0.16807532
272423	65	0.16807532
272423	102	0.16807532
272423	107	0.16807532
272423	317	0.16807532
272423	558	0.16807532
272423	1138	0.16807532
272423	1370	0.16807532
272423	1406	0.16807532
272573	5110	0.15468204
272573	4282	0.15468203
272573	4337	0.15468203
272573	5174	0.15468203
272573	16	0.15468201
272573	30	0.15468201
272573	33	0.15468201
272573	65	0.15468201
272573	93	0.15468201
272573	102	0.15468201
272671	5110	0.14974926
272671	33	0.14974925
272671	65	0.14974925
272671	102	0.14974925
272671	468	0.14974925
272671	471	0.14974925
272671	555	0.14974925
272671	1138	0.14974925
272671	1224	0.14974925
272671	1370	0.14974925
272705	33	0.1458444
272705	65	0.1458444
272705	107	0.1458444
272705	1138	0.1458444
272705	1224	0.1458444
272705	1256	0.1458444
272705	1501	0.1458444
272705	1628	0.1458444
272705	1649	0.1458444
272705	1758	0.1458444
272715	5110	0.14884299
272715	4222	0.14884298
272715	33	0.14884296
272715	65	0.14884296
272715	102	0.14884296
272715	107	0.14884296
272715	317	0.14884296
272715	468	0.14884296
272715	491	0.14884296
272715	558	0.14884296
272786	33	0.1493848
272786	65	0.1493848
272786	1501	0.1493848
272786	1649	0.1493848
272786	1877	0.1493848
272786	1996	0.1493848
272786	2310	0.1493848
272786	2520	0.1493848
272786	3004	0.1493848
272786	3281	0.1493848
272810	65	0.13506025
272810	1138	0.13506025
272810	1224	0.13506025
272810	1501	0.13506025
272810	1510	0.13506025
272810	1628	0.13506025
272810	1877	0.13506025
272810	2056	0.13506025
272810	4106	0.13506025
272810	4337	0.13506025
272890	5110	0.113190494
272890	65	0.11319049
272890	1138	0.11319049
272890	1628	0.11319049
272890	3004	0.11319049
272890	4222	0.11319049
272890	4282	0.11319049
272890	5094	0.11319049
272890	5774	0.11319049
272890	33	0.11319048
272961	5110	0.12239797
272961	33	0.12239796
272961	65	0.12239796
272961	1138	0.12239796
272961	1510	0.12239796
272961	1628	0.12239796
272961	1877	0.12239796
272961	1996	0.12239796
272961	2520	0.12239796
272961	3004	0.12239796
273063	33	0.14555922
273063	65	0.14555922
273063	1510	0.14555922
273063	1628	0.14555922
273063	1996	0.14555922
273063	2520	0.14555922
273063	4222	0.14555922
273063	4337	0.14555922
273063	4655	0.14555922
273063	5094	0.14555922
273071	33	0.19091275
273071	65	0.19091275
273071	1138	0.19091275
273071	2520	0.19091275
273071	3004	0.19091275
273071	4222	0.19091275
273071	4337	0.19091275
273071	5110	0.19091275
273071	1501	0.19091274
273071	1510	0.19091274
273086	5110	0.18605478
273086	33	0.18605477
273086	65	0.18605477
273086	1138	0.18605477
273086	1224	0.18605477
273086	1336	0.18605477
273086	1501	0.18605477
273086	1504	0.18605477
273086	1510	0.18605477
273086	1533	0.18605477
273089	65	0.17141578
273089	1501	0.17141578
273089	1649	0.17141578
273089	3004	0.17141578
273089	4106	0.17141578
273089	4282	0.17141578
273089	4337	0.17141578
273089	5094	0.17141578
273089	5110	0.17141578
273089	5541	0.17141578
273110	5110	0.16862974
273110	33	0.16862972
273110	65	0.16862972
273110	1138	0.16862972
273110	2056	0.16862972
273110	2520	0.16862972
273110	4222	0.16862972
273110	4337	0.16862972
273110	4655	0.16862972
273110	5353	0.16862972
273113	5110	0.17161176
273113	4222	0.17161174
273113	5094	0.17161174
273113	33	0.17161173
273113	65	0.17161173
273113	107	0.17161173
273113	317	0.17161173
273113	401	0.17161173
273113	667	0.17161173
273113	1112	0.17161173
273167	4337	0.13261573
273167	5110	0.13261573
273167	5541	0.13261573
273167	4	0.13261572
273167	16	0.13261572
273167	33	0.13261572
273167	65	0.13261572
273167	102	0.13261572
273167	107	0.13261572
273167	181	0.13261572
273190	65	0.16733646
273190	1510	0.16733646
273190	1649	0.16733646
273190	3004	0.16733646
273190	4222	0.16733646
273190	4655	0.16733646
273190	5094	0.16733646
273190	5110	0.16733646
273190	5174	0.16733646
273190	5774	0.16733646
273197	33	0.1558243
273197	65	0.1558243
273197	317	0.1558243
273197	1370	0.1558243
273197	1501	0.1558243
273197	1510	0.1558243
273197	1628	0.1558243
273197	1649	0.1558243
273197	1877	0.1558243
273197	1996	0.1558243
273307	65	0.13129137
273307	4222	0.13129137
273307	5094	0.13129137
273307	5110	0.13129137
273307	33	0.13129136
273307	102	0.13129136
273307	107	0.13129136
273307	287	0.13129136
273307	299	0.13129136
273307	317	0.13129136
273318	5110	0.16932316
273318	33	0.16932315
273318	65	0.16932315
273318	102	0.16932315
273318	107	0.16932315
273318	317	0.16932315
273318	1138	0.16932315
273318	1302	0.16932315
273318	1336	0.16932315
273318	1370	0.16932315
273336	65	0.11737779
273336	1628	0.11737779
273336	4222	0.11737779
273336	5110	0.11737779
273336	5774	0.11737779
273336	33	0.11737778
273336	1501	0.11737778
273336	1510	0.11737778
273336	1649	0.11737778
273336	1877	0.11737778
273344	65	0.10891148
273344	5110	0.10891148
273344	1138	0.10891147
273344	1336	0.10891147
273344	1510	0.10891147
273344	1628	0.10891147
273344	1649	0.10891147
273344	2520	0.10891147
273344	3004	0.10891147
273344	3281	0.10891147
273440	5110	0.11540619
273440	33	0.115406185
273440	65	0.115406185
273440	1138	0.115406185
273440	1501	0.115406185
273440	1510	0.115406185
273440	1628	0.115406185
273440	1649	0.115406185
273440	1877	0.115406185
273440	2056	0.115406185
273465	65	0.12678218
273465	1628	0.12678218
273465	2520	0.12678218
273465	4222	0.12678218
273465	4337	0.12678218
273465	5110	0.12678218
273465	5174	0.12678218
273465	5353	0.12678218
273465	5774	0.12678218
273465	16	0.12678216
273507	5094	0.13899356
273507	5110	0.13899356
273507	33	0.13899355
273507	65	0.13899355
273507	317	0.13899355
273507	468	0.13899355
273507	1075	0.13899355
273507	1138	0.13899355
273507	1256	0.13899355
273507	1501	0.13899355
273535	65	0.14221387
273535	3004	0.14221387
273535	4	0.14221385
273535	33	0.14221385
273535	102	0.14221385
273535	107	0.14221385
273535	200	0.14221385
273535	317	0.14221385
273535	468	0.14221385
273535	491	0.14221385
273635	5110	0.10907342
273635	33	0.109073415
273635	65	0.109073415
273635	317	0.109073415
273635	1138	0.109073415
273635	1501	0.109073415
273635	1510	0.109073415
273635	1628	0.109073415
273635	1649	0.109073415
273635	1996	0.109073415
273718	33	0.15128487
273718	65	0.15128487
273718	317	0.15128487
273718	468	0.15128487
273718	558	0.15128487
273718	1138	0.15128487
273718	1370	0.15128487
273718	1501	0.15128487
273718	1510	0.15128487
273718	1628	0.15128487
273805	4337	0.14702669
273805	4655	0.14702669
273805	5110	0.14702669
273805	1138	0.14702667
273805	1996	0.14702667
273805	3004	0.14702667
273805	4106	0.14702667
273805	5094	0.14702667
273805	16	0.14702666
273805	33	0.14702666
273813	5110	0.13879447
273813	16	0.13879445
273813	33	0.13879445
273813	65	0.13879445
273813	102	0.13879445
273813	107	0.13879445
273813	317	0.13879445
273813	401	0.13879445
273813	428	0.13879445
273813	471	0.13879445
273869	65	0.13794759
273869	1501	0.13794759
273869	1628	0.13794759
273869	4337	0.13794759
273869	4655	0.13794759
273869	5094	0.13794759
273869	5110	0.13794759
273869	5353	0.13794759
273869	5541	0.13794759
273869	5774	0.13794759
273906	65	0.12148528
273906	5110	0.12148528
273906	1138	0.12148527
273906	5094	0.12148527
273906	16	0.12148526
273906	33	0.12148526
273906	107	0.12148526
273906	317	0.12148526
273906	428	0.12148526
273906	468	0.12148526
273976	5110	0.15786932
273976	33	0.15786931
273976	65	0.15786931
273976	102	0.15786931
273976	1370	0.15786931
273976	1395	0.15786931
273976	1501	0.15786931
273976	1510	0.15786931
273976	1628	0.15786931
273976	1649	0.15786931
273979	5110	0.18706052
273979	33	0.1870605
273979	65	0.1870605
273979	102	0.1870605
273979	1138	0.1870605
273979	1224	0.1870605
273979	1336	0.1870605
273979	1501	0.1870605
273979	1510	0.1870605
273979	1628	0.1870605
274004	5110	0.21322328
274004	1138	0.21322326
274004	4222	0.21322326
274004	4655	0.21322326
274004	5094	0.21322326
274004	5774	0.21322326
274004	16	0.21322325
274004	33	0.21322325
274004	65	0.21322325
274004	102	0.21322325
274056	16	0.13252309
274056	33	0.13252309
274056	65	0.13252309
274056	107	0.13252309
274056	287	0.13252309
274056	317	0.13252309
274056	401	0.13252309
274056	428	0.13252309
274056	468	0.13252309
274056	608	0.13252309
274111	5110	0.16539888
274111	1138	0.16539887
274111	5774	0.16539887
274111	33	0.16539885
274111	65	0.16539885
274111	317	0.16539885
274111	1336	0.16539885
274111	1370	0.16539885
274111	1406	0.16539885
274111	1501	0.16539885
274199	33	0.12449372
274199	65	0.12449372
274199	1877	0.12449372
274199	4222	0.12449372
274199	5094	0.12449372
274199	5110	0.12449372
274199	1138	0.12449371
274199	1224	0.12449371
274199	1501	0.12449371
274199	1510	0.12449371
274301	33	0.15290442
274301	65	0.15290442
274301	1501	0.15290442
274301	1628	0.15290442
274301	3004	0.15290442
274301	3281	0.15290442
274301	4222	0.15290442
274301	5094	0.15290442
274301	5110	0.15290442
274301	5541	0.15290442
274308	16	0.12623732
274308	33	0.12623732
274308	65	0.12623732
274308	107	0.12623732
274308	1336	0.12623732
274308	1501	0.12623732
274308	1510	0.12623732
274308	1628	0.12623732
274308	1649	0.12623732
274308	1726	0.12623732
274325	5110	0.101633295
274325	33	0.10163329
274325	65	0.10163329
274325	1877	0.10163329
274325	4222	0.10163329
274325	4337	0.10163329
274325	5094	0.10163329
274325	16	0.10163328
274325	107	0.10163328
274325	317	0.10163328
274380	5110	0.099443674
274380	4222	0.09944367
274380	4282	0.09944367
274380	4337	0.09944367
274380	16	0.09944366
274380	33	0.09944366
274380	65	0.09944366
274380	102	0.09944366
274380	107	0.09944366
274380	281	0.09944366
274393	5110	0.107163936
274393	33	0.10716392
274393	65	0.10716392
274393	317	0.10716392
274393	558	0.10716392
274393	1138	0.10716392
274393	1224	0.10716392
274393	1501	0.10716392
274393	1510	0.10716392
274393	1628	0.10716392
274423	33	0.12842107
274423	65	0.12842107
274423	1501	0.12842107
274423	1996	0.12842107
274423	2520	0.12842107
274423	3004	0.12842107
274423	3281	0.12842107
274423	4222	0.12842107
274423	4282	0.12842107
274423	4337	0.12842107
274466	5110	0.13164285
274466	33	0.13164283
274466	558	0.13164283
274466	1112	0.13164283
274466	1138	0.13164283
274466	1224	0.13164283
274466	1877	0.13164283
274466	3004	0.13164283
274466	4222	0.13164283
274466	4337	0.13164283
274549	33	0.1285181
274549	65	0.1285181
274549	1224	0.1285181
274549	1501	0.1285181
274549	1649	0.1285181
274549	1877	0.1285181
274549	2056	0.1285181
274549	2520	0.1285181
274549	3004	0.1285181
274549	4222	0.1285181
274618	5110	0.14798345
274618	16	0.14798343
274618	33	0.14798343
274618	65	0.14798343
274618	102	0.14798343
274618	107	0.14798343
274618	281	0.14798343
274618	317	0.14798343
274618	428	0.14798343
274618	468	0.14798343
274634	5110	0.16602698
274634	65	0.16602696
274634	1138	0.16602696
274634	16	0.16602695
274634	33	0.16602695
274634	102	0.16602695
274634	107	0.16602695
274634	181	0.16602695
274634	281	0.16602695
274634	287	0.16602695
274656	5110	0.15459464
274656	33	0.15459463
274656	65	0.15459463
274656	317	0.15459463
274656	1501	0.15459463
274656	1510	0.15459463
274656	1628	0.15459463
274656	1941	0.15459463
274656	1996	0.15459463
274656	2520	0.15459463
274808	5110	0.13527706
274808	16	0.13527703
274808	33	0.13527703
274808	65	0.13527703
274808	102	0.13527703
274808	107	0.13527703
274808	287	0.13527703
274808	317	0.13527703
274808	401	0.13527703
274808	468	0.13527703
274881	5110	0.19242398
274881	33	0.19242397
274881	65	0.19242397
274881	1138	0.19242397
274881	1370	0.19242397
274881	1501	0.19242397
274881	1510	0.19242397
274881	1628	0.19242397
274881	1649	0.19242397
274881	1996	0.19242397
274925	65	0.12827751
274925	1649	0.12827751
274925	2520	0.12827751
274925	5094	0.12827751
274925	5110	0.12827751
274925	16	0.1282775
274925	33	0.1282775
274925	102	0.1282775
274925	107	0.1282775
274925	401	0.1282775
274979	5110	0.115323946
274979	65	0.11532394
274979	3004	0.11532394
274979	4337	0.11532394
274979	16	0.11532393
274979	33	0.11532393
274979	102	0.11532393
274979	107	0.11532393
274979	317	0.11532393
274979	1138	0.11532393
275020	33	0.15594697
275020	65	0.15594697
275020	1138	0.15594697
275020	1501	0.15594697
275020	1628	0.15594697
275020	1649	0.15594697
275020	1996	0.15594697
275020	2520	0.15594697
275020	2789	0.15594697
275020	4106	0.15594697
275075	65	0.15365072
275075	4337	0.15365072
275075	5110	0.15365072
275075	33	0.1536507
275075	107	0.1536507
275075	181	0.1536507
275075	299	0.1536507
275075	317	0.1536507
275075	401	0.1536507
275075	428	0.1536507
275111	5110	0.13239466
275111	16	0.13239464
275111	33	0.13239464
275111	65	0.13239464
275111	102	0.13239464
275111	107	0.13239464
275111	317	0.13239464
275111	428	0.13239464
275111	555	0.13239464
275111	1112	0.13239464
275154	5110	0.1737064
275154	33	0.17370638
275154	65	0.17370638
275154	1138	0.17370638
275154	1224	0.17370638
275154	1501	0.17370638
275154	1510	0.17370638
275154	1533	0.17370638
275154	1628	0.17370638
275154	1649	0.17370638
275210	33	0.14191362
275210	65	0.14191362
275210	102	0.14191362
275210	107	0.14191362
275210	1138	0.14191362
275210	1336	0.14191362
275210	1501	0.14191362
275210	1510	0.14191362
275210	1533	0.14191362
275210	1628	0.14191362
275220	65	0.10701695
275220	5110	0.10701695
275220	33	0.10701694
275220	1628	0.10701694
275220	2520	0.10701694
275220	4222	0.10701694
275220	5774	0.10701694
275220	16	0.107016936
275220	102	0.107016936
275220	107	0.107016936
275228	5110	0.12459705
275228	33	0.12459704
275228	65	0.12459704
275228	3004	0.12459704
275228	4222	0.12459704
275228	4655	0.12459704
275228	1138	0.124597035
275228	1628	0.124597035
275228	4337	0.124597035
275228	5094	0.124597035
275264	65	0.16167268
275264	1138	0.16167268
275264	1501	0.16167268
275264	1628	0.16167268
275264	1649	0.16167268
275264	1996	0.16167268
275264	3004	0.16167268
275264	4106	0.16167268
275264	4222	0.16167268
275264	4337	0.16167268
275306	5110	0.11070425
275306	33	0.11070424
275306	65	0.11070424
275306	1501	0.11070424
275306	1628	0.11070424
275306	1649	0.11070424
275306	1996	0.11070424
275306	2520	0.11070424
275306	3004	0.11070424
275306	4222	0.11070424
275318	5094	0.14242268
275318	5110	0.14242268
275318	65	0.14242266
275318	107	0.14242266
275318	1138	0.14242266
275318	1877	0.14242266
275318	3281	0.14242266
275318	4222	0.14242266
275318	5179	0.14242266
275318	5353	0.14242266
275383	33	0.14390212
275383	65	0.14390212
275383	1138	0.14390212
275383	1336	0.14390212
275383	1510	0.14390212
275383	1628	0.14390212
275383	1877	0.14390212
275383	2056	0.14390212
275383	2520	0.14390212
275383	3004	0.14390212
275401	4222	0.12123115
275401	5094	0.12123115
275401	5110	0.12123115
275401	33	0.121231146
275401	65	0.121231146
275401	1501	0.121231146
275401	1510	0.121231146
275401	1628	0.121231146
275401	2056	0.121231146
275401	3004	0.121231146
275439	5110	0.1169629
275439	33	0.116962895
275439	65	0.116962895
275439	1138	0.116962895
275439	1501	0.116962895
275439	1510	0.116962895
275439	1628	0.116962895
275439	1877	0.116962895
275439	1996	0.116962895
275439	2056	0.116962895
275476	5110	0.121266216
275476	5094	0.12126621
275476	33	0.1212662
275476	65	0.1212662
275476	428	0.1212662
275476	1138	0.1212662
275476	1224	0.1212662
275476	1336	0.1212662
275476	1370	0.1212662
275476	1501	0.1212662
275481	5110	0.12750787
275481	33	0.12750785
275481	65	0.12750785
275481	317	0.12750785
275481	1138	0.12750785
275481	3004	0.12750785
275481	3281	0.12750785
275481	4222	0.12750785
275481	5094	0.12750785
275481	5541	0.12750785
275520	33	0.15466088
275520	317	0.15466088
275520	468	0.15466088
275520	1138	0.15466088
275520	1501	0.15466088
275520	1628	0.15466088
275520	1877	0.15466088
275520	2056	0.15466088
275520	3004	0.15466088
275520	3281	0.15466088
275611	5110	0.11572825
275611	33	0.115728244
275611	65	0.115728244
275611	1138	0.115728244
275611	1510	0.115728244
275611	1628	0.115728244
275611	1996	0.115728244
275611	2056	0.115728244
275611	2520	0.115728244
275611	3004	0.115728244
275638	5110	0.11052417
275638	33	0.11052416
275638	65	0.11052416
275638	3004	0.11052416
275638	3281	0.11052416
275638	4222	0.11052416
275638	4337	0.11052416
275638	5353	0.11052416
275638	5541	0.11052416
275638	102	0.110524155
275673	5110	0.13661636
275673	16	0.13661635
275673	33	0.13661635
275673	65	0.13661635
275673	102	0.13661635
275673	107	0.13661635
275673	281	0.13661635
275673	317	0.13661635
275673	401	0.13661635
275673	428	0.13661635
275732	1628	0.13154352
275732	33	0.1315435
275732	65	0.1315435
275732	468	0.1315435
275732	1336	0.1315435
275732	1370	0.1315435
275732	1501	0.1315435
275732	1510	0.1315435
275732	1649	0.1315435
275732	1941	0.1315435
275758	33	0.11274132
275758	65	0.11274132
275758	1649	0.11274132
275758	2056	0.11274132
275758	3004	0.11274132
275758	4222	0.11274132
275758	4337	0.11274132
275758	5094	0.11274132
275758	5110	0.11274132
275758	1138	0.112741314
275761	4222	0.11067325
275761	5094	0.11067325
275761	5110	0.11067325
275761	33	0.11067324
275761	65	0.11067324
275761	3004	0.11067324
275761	4337	0.11067324
275761	5541	0.11067324
275761	16	0.110673234
275761	102	0.110673234
275922	4222	0.118459634
275922	4337	0.118459634
275922	5110	0.118459634
275922	33	0.11845963
275922	65	0.11845963
275922	317	0.11845963
275922	1138	0.11845963
275922	1501	0.11845963
275922	1628	0.11845963
275922	1649	0.11845963
275970	33	0.17216614
275970	65	0.17216614
275970	1138	0.17216614
275970	1370	0.17216614
275970	1501	0.17216614
275970	1510	0.17216614
275970	1533	0.17216614
275970	1628	0.17216614
275970	1877	0.17216614
275970	1996	0.17216614
275994	4222	0.10897268
275994	5094	0.10897268
275994	5110	0.10897268
275994	5774	0.10897268
275994	33	0.108972676
275994	65	0.108972676
275994	1138	0.108972676
275994	1501	0.108972676
275994	1510	0.108972676
275994	1628	0.108972676
276017	5110	0.14636149
276017	33	0.14636147
276017	65	0.14636147
276017	102	0.14636147
276017	107	0.14636147
276017	401	0.14636147
276017	491	0.14636147
276017	555	0.14636147
276017	1112	0.14636147
276017	1138	0.14636147
276038	65	0.103636935
276038	1628	0.103636935
276038	3004	0.103636935
276038	5094	0.103636935
276038	5110	0.103636935
276038	5353	0.103636935
276038	5774	0.103636935
276038	33	0.10363693
276038	317	0.10363693
276038	1138	0.10363693
276050	65	0.18564102
276050	1138	0.18564102
276050	2520	0.18564102
276050	4222	0.18564102
276050	5110	0.18564102
276050	5353	0.18564102
276050	33	0.185641
276050	102	0.185641
276050	317	0.185641
276050	1224	0.185641
276071	1628	0.16325152
276071	4222	0.16325152
276071	5094	0.16325152
276071	5110	0.16325152
276071	65	0.1632515
276071	317	0.1632515
276071	1395	0.1632515
276071	1501	0.1632515
276071	1649	0.1632515
276071	1660	0.1632515
276165	4222	0.16217712
276165	4337	0.16217712
276165	5110	0.16217712
276165	65	0.1621771
276165	1138	0.1621771
276165	1628	0.1621771
276165	3004	0.1621771
276165	3820	0.1621771
276165	4282	0.1621771
276165	4316	0.1621771
276167	5110	0.11604173
276167	33	0.11604172
276167	65	0.11604172
276167	107	0.11604172
276167	317	0.11604172
276167	558	0.11604172
276167	1112	0.11604172
276167	1138	0.11604172
276167	1224	0.11604172
276167	1370	0.11604172
276231	33	0.20064813
276231	65	0.20064813
276231	317	0.20064813
276231	1138	0.20064813
276231	1501	0.20064813
276231	1628	0.20064813
276231	1649	0.20064813
276231	1877	0.20064813
276231	1996	0.20064813
276231	2056	0.20064813
276291	33	0.16378635
276291	65	0.16378635
276291	1138	0.16378635
276291	1510	0.16378635
276291	1628	0.16378635
276291	1649	0.16378635
276291	1996	0.16378635
276291	2520	0.16378635
276291	3004	0.16378635
276291	4106	0.16378635
276307	65	0.15857354
276307	4222	0.15857354
276307	4655	0.15857354
276307	5094	0.15857354
276307	5110	0.15857354
276307	33	0.15857352
276307	107	0.15857352
276307	468	0.15857352
276307	1138	0.15857352
276307	1628	0.15857352
276313	33	0.1447131
276313	65	0.1447131
276313	1628	0.1447131
276313	1877	0.1447131
276313	2056	0.1447131
276313	2520	0.1447131
276313	3004	0.1447131
276313	4282	0.1447131
276313	4337	0.1447131
276313	4655	0.1447131
276328	5110	0.13016404
276328	16	0.13016403
276328	33	0.13016403
276328	65	0.13016403
276328	107	0.13016403
276328	200	0.13016403
276328	317	0.13016403
276328	558	0.13016403
276328	1138	0.13016403
276328	1504	0.13016403
276463	33	0.21249098
276463	65	0.21249098
276463	1138	0.21249098
276463	1628	0.21249098
276463	1649	0.21249098
276463	1877	0.21249098
276463	2520	0.21249098
276463	3004	0.21249098
276463	4106	0.21249098
276463	4222	0.21249098
276521	5110	0.14397997
276521	4222	0.14397995
276521	5094	0.14397995
276521	16	0.14397994
276521	30	0.14397994
276521	33	0.14397994
276521	65	0.14397994
276521	102	0.14397994
276521	107	0.14397994
276521	181	0.14397994
276563	33	0.13247305
276563	65	0.13247305
276563	107	0.13247305
276563	317	0.13247305
276563	468	0.13247305
276563	1138	0.13247305
276563	1224	0.13247305
276563	1406	0.13247305
276563	1501	0.13247305
276563	1510	0.13247305
276641	33	0.19752318
276641	65	0.19752318
276641	1138	0.19752318
276641	1628	0.19752318
276641	1649	0.19752318
276641	1877	0.19752318
276641	2520	0.19752318
276641	3004	0.19752318
276641	4106	0.19752318
276641	4222	0.19752318
276670	16	0.13538831
276670	33	0.13538831
276670	65	0.13538831
276670	102	0.13538831
276670	107	0.13538831
276670	317	0.13538831
276670	428	0.13538831
276670	558	0.13538831
276670	667	0.13538831
276670	1138	0.13538831
276680	33	0.13380125
276680	1501	0.13380125
276680	1628	0.13380125
276680	2520	0.13380125
276680	3004	0.13380125
276680	4222	0.13380125
276680	4337	0.13380125
276680	5094	0.13380125
276680	5110	0.13380125
276680	5353	0.13380125
276681	5110	0.18317814
276681	33	0.18317813
276681	65	0.18317813
276681	1138	0.18317813
276681	1501	0.18317813
276681	1504	0.18317813
276681	1628	0.18317813
276681	1649	0.18317813
276681	1941	0.18317813
276681	2056	0.18317813
276688	33	0.16085836
276688	65	0.16085836
276688	1138	0.16085836
276688	2056	0.16085836
276688	2520	0.16085836
276688	3004	0.16085836
276688	4282	0.16085836
276688	5094	0.16085836
276688	5110	0.16085836
276688	5353	0.16085836
