276847	581	0.06149032
276847	4342	0.06149032
276847	2552	0.061490316
276847	6198	0.061490316
276847	3556	0.061490312
276847	5214	0.061490312
276847	719	0.06149031
276847	875	0.06149031
276847	1349	0.06149031
276847	3756	0.06149031
276964	581	0.064044334
276964	1349	0.06404433
276964	2552	0.06404433
276964	3556	0.06404433
276964	4342	0.06404433
276964	6198	0.06404433
276964	3605	0.06404432
276964	719	0.06404431
276964	875	0.06404431
276964	880	0.06404431
277042	581	0.06788044
277042	2552	0.06788044
277042	4342	0.06788044
277042	6198	0.06788044
277042	1349	0.06788043
277042	365	0.06788042
277042	719	0.06788042
277042	875	0.06788042
277042	880	0.06788042
277042	2651	0.06788042
277157	581	0.06284086
277157	719	0.06284085
277157	1349	0.06284085
277157	2552	0.06284085
277157	4342	0.06284085
277157	6198	0.06284085
277157	2787	0.06284084
277157	3556	0.06284084
277157	3605	0.06284084
277157	3663	0.06284084
277195	581	0.06713447
277195	2552	0.06713447
277195	4342	0.06713447
277195	6198	0.06713447
277195	3556	0.06713446
277195	365	0.067134455
277195	719	0.067134455
277195	875	0.067134455
277195	880	0.067134455
277195	1349	0.067134455
277203	581	0.04884717
277203	2552	0.048847165
277203	4342	0.048847165
277203	6198	0.048847165
277203	1349	0.04884716
277203	719	0.048847158
277203	3556	0.048847158
277203	3756	0.048847158
277203	365	0.048847154
277203	875	0.048847154
277378	581	0.056012772
277378	2552	0.056012765
277378	4342	0.056012765
277378	6198	0.056012765
277378	3556	0.05601276
277378	719	0.056012757
277378	1349	0.056012757
277378	3605	0.056012757
277378	365	0.05601275
277378	875	0.05601275
277427	581	0.08326006
277427	6198	0.08326006
277427	2552	0.08326005
277427	4342	0.08326005
277427	1349	0.083260044
277427	3556	0.083260044
277427	719	0.08326004
277427	3605	0.08326004
277427	4218	0.08326004
277427	365	0.08326003
277439	581	0.045321606
277439	6198	0.045321606
277439	2552	0.045321602
277439	719	0.0453216
277439	4342	0.0453216
277439	1349	0.045321595
277439	3556	0.045321595
277439	3605	0.045321595
277439	875	0.04532159
277439	2787	0.04532159
277478	581	0.054194003
277478	2552	0.054193996
277478	6198	0.054193996
277478	4342	0.054193992
277478	719	0.05419399
277478	1349	0.05419399
277478	3556	0.05419399
277478	3605	0.05419399
277478	3756	0.054193985
277478	365	0.05419398
277523	581	0.08351219
277523	2552	0.08351219
277523	4342	0.08351219
277523	6198	0.08351219
277523	719	0.08351218
277523	1349	0.08351218
277523	875	0.08351217
277523	880	0.08351217
277523	3556	0.08351217
277523	3605	0.08351217
277623	581	0.05762361
277623	4342	0.05762361
277623	6198	0.05762361
277623	2552	0.057623606
277623	719	0.057623602
277623	1349	0.057623602
277623	3556	0.0576236
277623	875	0.057623595
277623	880	0.057623595
277623	2651	0.057623595
277629	2552	0.07061582
277629	6198	0.07061582
277629	581	0.07061581
277629	719	0.07061581
277629	1349	0.07061581
277629	3556	0.07061581
277629	4342	0.07061581
277629	875	0.070615806
277629	2651	0.070615806
277629	2787	0.070615806
277639	581	0.08038401
277639	6198	0.08038401
277639	719	0.080384
277639	1349	0.080384
277639	2552	0.080384
277639	4342	0.080384
277639	3556	0.08038399
277639	875	0.080383986
277639	1958	0.080383986
277639	2651	0.080383986
277710	581	0.06411342
277710	4342	0.06411342
277710	6198	0.06411342
277710	2552	0.064113416
277710	719	0.06411341
277710	875	0.06411341
277710	1349	0.06411341
277710	2787	0.06411341
277710	3556	0.06411341
277710	3605	0.06411341
277744	581	0.06076006
277744	6198	0.06076005
277744	2552	0.060760047
277744	4342	0.060760047
277744	719	0.060760044
277744	1349	0.060760044
277744	3556	0.060760044
277744	2787	0.06076004
277744	3605	0.06076004
277744	875	0.060760036
277873	581	0.0740269
277873	1349	0.0740269
277873	2552	0.0740269
277873	4342	0.0740269
277873	6198	0.0740269
277873	719	0.07402689
277873	3556	0.07402689
277873	875	0.07402688
277873	880	0.07402688
277873	2651	0.07402688
277922	581	0.06693964
277922	719	0.06693962
277922	1349	0.06693962
277922	2552	0.06693962
277922	3556	0.06693962
277922	3605	0.06693962
277922	4342	0.06693962
277922	6198	0.06693962
277922	97	0.06693961
277922	365	0.06693961
277928	581	0.06270157
277928	2552	0.06270157
277928	4342	0.06270157
277928	6198	0.06270157
277928	719	0.06270156
277928	3556	0.06270156
277928	365	0.06270155
277928	875	0.06270155
277928	880	0.06270155
277928	1349	0.06270155
277937	581	0.07549598
277937	2552	0.07549597
277937	4342	0.07549597
277937	6198	0.07549597
277937	875	0.075495966
277937	1349	0.075495966
277937	3605	0.075495966
277937	365	0.07549596
277937	719	0.07549596
277937	880	0.07549596
277945	581	0.060861036
277945	2552	0.060861036
277945	6198	0.060861036
277945	1349	0.060861032
277945	4342	0.060861032
277945	719	0.06086103
277945	3556	0.06086103
277945	875	0.060861025
277945	3605	0.060861025
277945	3756	0.060861025
277959	581	0.044887066
277959	6198	0.044887066
277959	1349	0.04488706
277959	2552	0.04488706
277959	3556	0.04488706
277959	4342	0.04488706
277959	719	0.044887055
277959	365	0.04488705
277959	875	0.04488705
277959	880	0.04488705
277965	581	0.058357283
277965	4342	0.058357283
277965	6198	0.058357283
277965	2552	0.05835728
277965	719	0.058357276
277965	1349	0.058357276
277965	3556	0.058357276
277965	3605	0.058357276
277965	3756	0.058357272
277965	365	0.05835727
278007	581	0.042817354
278007	2552	0.04281735
278007	6198	0.04281735
278007	719	0.042817347
278007	3556	0.042817347
278007	4342	0.042817347
278007	1349	0.042817343
278007	365	0.04281734
278007	875	0.04281734
278007	880	0.04281734
278026	581	0.09407957
278026	2552	0.09407957
278026	4342	0.09407957
278026	6198	0.09407957
278026	719	0.09407956
278026	1349	0.09407956
278026	3556	0.09407956
278026	875	0.094079554
278026	2787	0.094079554
278026	3605	0.094079554
278137	581	0.068643734
278137	2552	0.068643734
278137	4342	0.068643734
278137	6198	0.068643734
278137	719	0.06864373
278137	1349	0.06864373
278137	365	0.06864372
278137	875	0.06864372
278137	2787	0.06864372
278137	3556	0.06864372
278188	581	0.059066765
278188	6198	0.059066765
278188	2552	0.05906676
278188	4342	0.05906676
278188	719	0.059066758
278188	1349	0.059066758
278188	3605	0.059066758
278188	3556	0.059066754
278188	880	0.05906675
278188	2651	0.05906675
278194	581	0.057297617
278194	6198	0.057297617
278194	2552	0.057297613
278194	4342	0.057297613
278194	1349	0.05729761
278194	3556	0.05729761
278194	719	0.057297606
278194	875	0.057297602
278194	2651	0.057297602
278194	2787	0.057297602
278202	6198	0.06308315
278202	581	0.06308314
278202	2552	0.06308314
278202	3556	0.06308314
278202	3605	0.06308314
278202	4342	0.06308314
278202	719	0.063083135
278202	1349	0.063083135
278202	2787	0.063083135
278202	365	0.06308313
278221	581	0.07251605
278221	6198	0.07251605
278221	1349	0.07251604
278221	2552	0.07251604
278221	3556	0.07251604
278221	4342	0.07251604
278221	719	0.07251603
278221	3605	0.07251603
278221	875	0.072516024
278221	880	0.072516024
278356	581	0.06081073
278356	2552	0.060810722
278356	4342	0.060810722
278356	6198	0.060810722
278356	719	0.060810715
278356	1349	0.060810715
278356	3556	0.060810715
278356	3605	0.060810715
278356	875	0.06081071
278356	2787	0.06081071
278390	581	0.062660165
278390	4342	0.062660165
278390	2552	0.06266016
278390	6198	0.06266016
278390	719	0.06266015
278390	1349	0.06266015
278390	3556	0.06266015
278390	365	0.06266014
278390	875	0.06266014
278390	880	0.06266014
278418	581	0.108832926
278418	6198	0.108832926
278418	2552	0.10883292
278418	4342	0.10883292
278418	719	0.10883291
278418	1349	0.10883291
278418	3556	0.10883291
278418	3605	0.10883291
278418	3756	0.1088329
278418	4218	0.1088329
278535	6198	0.05261298
278535	581	0.052612975
278535	2552	0.052612975
278535	4342	0.052612975
278535	719	0.052612968
278535	1349	0.052612968
278535	3556	0.052612968
278535	3605	0.052612968
278535	365	0.05261296
278535	875	0.05261296
278554	581	0.03908564
278554	2552	0.03908564
278554	6198	0.03908564
278554	4342	0.039085638
278554	719	0.039085634
278554	1349	0.039085634
278554	3556	0.039085634
278554	3756	0.03908563
278554	5147	0.03908563
278554	365	0.039085627
278582	581	0.06901604
278582	2552	0.06901603
278582	4342	0.06901603
278582	719	0.069016024
278582	1349	0.069016024
278582	3556	0.069016024
278582	3605	0.069016024
278582	6198	0.069016024
278582	880	0.06901602
278582	1958	0.06901602
278633	581	0.07828407
278633	6198	0.07828406
278633	2552	0.078284055
278633	3556	0.078284055
278633	4342	0.078284055
278633	719	0.07828405
278633	1349	0.07828405
278633	3605	0.07828405
278633	365	0.07828404
278633	875	0.07828404
278843	581	0.04649484
278843	4342	0.046494838
278843	6198	0.046494838
278843	719	0.046494834
278843	1349	0.046494834
278843	2552	0.046494834
278843	3556	0.046494834
278843	365	0.046494827
278843	875	0.046494827
278843	880	0.046494827
99	581	0.065458015
99	719	0.065458015
99	1349	0.065458015
99	2552	0.065458015
99	4342	0.065458015
99	6198	0.065458015
99	875	0.06545801
99	3556	0.06545801
99	365	0.065458
99	880	0.065458
114	581	0.04563761
114	4342	0.045637608
114	6198	0.045637608
114	719	0.045637604
114	1349	0.045637604
114	2552	0.045637604
114	3556	0.045637604
114	2787	0.0456376
114	3605	0.0456376
114	5147	0.0456376
243	581	0.05877646
243	2552	0.05877646
243	4342	0.05877646
243	6198	0.05877646
243	719	0.058776453
243	1349	0.058776453
243	3556	0.058776453
243	3605	0.058776453
243	875	0.058776446
243	880	0.058776446
244	581	0.062453717
244	6198	0.062453717
244	4342	0.062453713
244	1349	0.06245371
244	2552	0.06245371
244	3605	0.06245371
244	719	0.062453706
244	880	0.062453702
244	2651	0.062453702
244	2787	0.062453702
254	581	0.06959052
254	4342	0.06959052
254	1349	0.06959051
254	2552	0.06959051
254	3556	0.06959051
254	6198	0.06959051
254	719	0.0695905
254	3605	0.0695905
254	365	0.069590494
254	875	0.069590494
388	581	0.05861597
388	6198	0.05861597
388	2552	0.058615968
388	4342	0.058615968
388	719	0.05861596
388	1349	0.05861596
388	3605	0.05861596
388	2787	0.058615956
388	3556	0.058615956
388	875	0.058615953
446	581	0.056032784
446	2552	0.056032784
446	6198	0.056032784
446	4342	0.05603278
446	719	0.056032777
446	1349	0.056032777
446	3556	0.056032777
446	875	0.056032773
446	365	0.05603277
446	2787	0.05603277
503	581	0.061632533
503	2552	0.06163253
503	4342	0.06163253
503	6198	0.06163253
503	1349	0.061632525
503	719	0.06163252
503	3556	0.06163252
503	3605	0.06163252
503	875	0.061632518
503	365	0.061632514
505	581	0.07126738
505	719	0.07126737
505	1349	0.07126737
505	2552	0.07126737
505	3605	0.07126737
505	4342	0.07126737
505	6198	0.07126737
505	365	0.07126735
505	875	0.07126735
505	880	0.07126735
507	6198	0.06968616
507	581	0.06968615
507	2552	0.06968615
507	719	0.069686145
507	1349	0.069686145
507	3556	0.069686145
507	4342	0.069686145
507	875	0.06968614
507	1958	0.06968614
507	4546	0.06968614
638	581	0.062048983
638	6198	0.062048983
638	4342	0.06204898
638	2552	0.062048975
638	719	0.06204897
638	1349	0.06204897
638	3556	0.06204897
638	3605	0.062048968
638	4218	0.062048968
638	875	0.062048964
643	581	0.048040703
643	2552	0.048040703
643	4342	0.048040703
643	6198	0.048040703
643	1349	0.0480407
643	3556	0.0480407
643	719	0.048040695
643	875	0.048040695
643	3605	0.048040695
643	3756	0.048040695
651	581	0.045425907
651	4342	0.045425903
651	6198	0.045425903
651	719	0.0454259
651	1349	0.0454259
651	2552	0.0454259
651	3556	0.0454259
651	3756	0.045425896
651	365	0.045425892
651	875	0.045425892
709	581	0.06095196
709	6198	0.06095196
709	2552	0.060951956
709	4342	0.060951956
709	719	0.06095195
709	1349	0.06095195
709	3556	0.06095195
709	3605	0.06095195
709	875	0.060951944
709	2787	0.060951944
735	581	0.07602421
735	2552	0.076024204
735	4342	0.076024204
735	6198	0.076024204
735	1349	0.0760242
735	3556	0.0760242
735	3605	0.0760242
735	719	0.07602419
735	875	0.07602419
735	2651	0.07602419
805	6198	0.057589613
805	719	0.057589605
805	2552	0.057589605
805	3556	0.057589605
805	4342	0.057589605
805	1349	0.0575896
805	875	0.057589598
805	2787	0.057589598
805	3605	0.057589598
805	3756	0.057589598
834	581	0.073305726
834	2552	0.073305726
834	4342	0.073305726
834	6198	0.073305726
834	3556	0.07330572
834	365	0.07330571
834	719	0.07330571
834	875	0.07330571
834	1349	0.07330571
834	2787	0.07330571
882	581	0.069592334
882	4342	0.06959233
882	6198	0.06959233
882	719	0.06959232
882	2552	0.06959232
882	3556	0.06959232
882	875	0.06959231
882	880	0.06959231
882	1349	0.06959231
882	2787	0.06959231
929	581	0.05923014
929	4342	0.05923014
929	6198	0.05923014
929	2552	0.059230138
929	719	0.059230134
929	1349	0.059230134
929	3556	0.05923013
929	3605	0.05923013
929	875	0.059230126
929	2651	0.059230126
1025	6198	0.056010824
1025	719	0.05601082
1025	2552	0.05601082
1025	3556	0.05601082
1025	4342	0.05601082
1025	1349	0.056010816
1025	875	0.056010813
1025	5214	0.056010813
1025	365	0.05601081
1025	2651	0.05601081
1075	581	0.059775755
1075	2552	0.059775755
1075	4342	0.059775755
1075	6198	0.059775755
1075	719	0.059775747
1075	1349	0.059775747
1075	3556	0.059775744
1075	3605	0.059775744
1075	875	0.05977574
1075	1958	0.05977574
1116	6198	0.058480527
1116	581	0.058480524
1116	2552	0.058480524
1116	4342	0.058480524
1116	719	0.058480516
1116	1349	0.058480516
1116	3556	0.058480516
1116	875	0.05848051
1116	880	0.05848051
1116	1958	0.05848051
1129	581	0.040343918
1129	4342	0.040343918
1129	6198	0.040343918
1129	719	0.04034391
1129	875	0.04034391
1129	1349	0.04034391
1129	2552	0.04034391
1129	3556	0.04034391
1129	3756	0.04034391
1129	4218	0.04034391
1131	581	0.08236702
1131	6198	0.08236701
1131	719	0.082367
1131	1349	0.082367
1131	2552	0.082367
1131	3556	0.082367
1131	4342	0.082367
1131	3605	0.082366996
1131	365	0.08236699
1131	875	0.08236699
1155	581	0.04025563
1155	6198	0.04025563
1155	2552	0.040255625
1155	719	0.04025562
1155	1349	0.04025562
1155	3556	0.04025562
1155	3605	0.04025562
1155	4342	0.04025562
1155	875	0.040255617
1155	2787	0.040255617
1167	581	0.054632157
1167	2552	0.054632157
1167	6198	0.054632157
1167	4342	0.054632153
1167	719	0.05463215
1167	1349	0.05463215
1167	3556	0.05463215
1167	3605	0.054632146
1167	875	0.054632142
1167	2787	0.054632142
1211	581	0.06282954
1211	2552	0.06282954
1211	6198	0.06282954
1211	719	0.06282953
1211	4342	0.06282953
1211	875	0.062829524
1211	880	0.062829524
1211	1349	0.062829524
1211	1958	0.062829524
1211	2651	0.062829524
1261	581	0.054653525
1261	2552	0.054653518
1261	4342	0.054653518
1261	6198	0.054653518
1261	719	0.05465351
1261	875	0.05465351
1261	1349	0.05465351
1261	3556	0.05465351
1261	3605	0.05465351
1261	3756	0.054653507
1409	581	0.07467846
1409	4342	0.07467845
1409	6198	0.07467845
1409	1349	0.07467844
1409	2552	0.07467844
1409	719	0.074678436
1409	875	0.074678436
1409	3556	0.074678436
1409	3605	0.074678436
1409	3663	0.074678436
1412	581	0.045463175
1412	6198	0.045463175
1412	2552	0.045463167
1412	4342	0.045463167
1412	719	0.045463163
1412	1349	0.045463163
1412	3556	0.045463163
1412	3605	0.045463163
1412	365	0.04546316
1412	875	0.04546316
1424	581	0.08342749
1424	2552	0.08342749
1424	4342	0.08342749
1424	6198	0.08342749
1424	1349	0.08342748
1424	3556	0.08342748
1424	719	0.083427474
1424	875	0.083427474
1424	2787	0.083427474
1424	3605	0.083427474
1435	581	0.09714848
1435	2552	0.09714848
1435	4342	0.09714848
1435	6198	0.09714848
1435	719	0.09714846
1435	1349	0.09714846
1435	875	0.097148456
1435	3556	0.097148456
1435	3605	0.097148456
1435	3756	0.097148456
1548	581	0.061586313
1548	6198	0.061586313
1548	2552	0.06158631
1548	4342	0.06158631
1548	1349	0.061586305
1548	3556	0.061586305
1548	875	0.061586298
1548	2787	0.061586298
1548	3605	0.061586298
1548	3756	0.061586298
1585	581	0.057544947
1585	6198	0.057544947
1585	1349	0.05754494
1585	2552	0.05754494
1585	4342	0.05754494
1585	719	0.057544935
1585	3556	0.057544935
1585	2787	0.05754493
1585	3605	0.05754493
1585	3756	0.05754493
1660	581	0.050599735
1660	6198	0.050599735
1660	2552	0.05059973
1660	4342	0.05059973
1660	1349	0.050599728
1660	3556	0.050599728
1660	719	0.050599724
1660	3605	0.050599724
1660	875	0.05059972
1660	3422	0.05059972
1674	581	0.06741912
1674	2552	0.06741912
1674	4342	0.06741912
1674	6198	0.06741912
1674	719	0.06741911
1674	875	0.06741911
1674	1349	0.06741911
1674	3556	0.06741911
1674	3605	0.06741911
1674	365	0.067419104
1733	6198	0.06499101
1733	581	0.064991005
1733	719	0.064991
1733	1349	0.064991
1733	2552	0.064991
1733	3556	0.064991
1733	3605	0.064991
1733	4342	0.064991
1733	875	0.06499099
1733	1958	0.06499099
1848	581	0.047164902
1848	2552	0.047164902
1848	4342	0.047164902
1848	6198	0.047164902
1848	719	0.047164895
1848	1349	0.047164895
1848	3556	0.047164895
1848	3756	0.047164895
1848	2787	0.04716489
1848	3422	0.04716489
1903	581	0.06046556
1903	2552	0.06046556
1903	4342	0.06046556
1903	6198	0.06046556
1903	719	0.060465552
1903	1349	0.060465552
1903	3556	0.060465552
1903	3605	0.06046555
1903	3756	0.06046555
1903	875	0.060465544
2010	581	0.07576881
2010	4342	0.07576881
2010	6198	0.07576881
2010	1349	0.075768806
2010	2552	0.075768806
2010	719	0.0757688
2010	875	0.0757688
2010	880	0.0757688
2010	2787	0.0757688
2010	3556	0.0757688
2012	581	0.057931177
2012	6198	0.057931174
2012	2552	0.05793117
2012	4342	0.05793117
2012	1349	0.057931166
2012	719	0.057931162
2012	2787	0.057931162
2012	3556	0.057931162
2012	3605	0.057931162
2012	3663	0.05793116
2030	581	0.060955804
2030	6198	0.060955804
2030	2552	0.0609558
2030	4342	0.060955796
2030	719	0.060955793
2030	1349	0.060955793
2030	3556	0.060955793
2030	3605	0.06095579
2030	3756	0.06095579
2030	365	0.060955785
2033	2552	0.058170207
2033	6198	0.058170207
2033	581	0.058170203
2033	719	0.0581702
2033	1349	0.0581702
2033	3605	0.0581702
2033	4342	0.0581702
2033	875	0.058170196
2033	880	0.058170192
2033	2651	0.058170192
2041	581	0.042041957
2041	2552	0.042041957
2041	4342	0.042041957
2041	6198	0.042041957
2041	719	0.042041954
2041	1349	0.042041954
2041	3556	0.042041954
2041	875	0.04204195
2041	880	0.04204195
2041	2787	0.04204195
2110	581	0.057823002
2110	2552	0.057823002
2110	6198	0.057823002
2110	4342	0.057823
2110	719	0.057822995
2110	1349	0.057822995
2110	3556	0.05782299
2110	880	0.057822987
2110	2651	0.057822987
2110	2787	0.057822987
2139	581	0.050428357
2139	4342	0.050428353
2139	2552	0.05042835
2139	6198	0.05042835
2139	3556	0.050428346
2139	719	0.050428342
2139	875	0.050428342
2139	1349	0.050428342
2139	3605	0.050428342
2139	365	0.05042834
2179	581	0.06241768
2179	6198	0.062417675
2179	4342	0.06241767
2179	719	0.062417667
2179	1349	0.062417667
2179	2552	0.062417667
2179	3556	0.062417664
2179	365	0.062417656
2179	875	0.062417656
2179	880	0.062417656
2287	581	0.047804687
2287	6198	0.047804687
2287	1349	0.047804683
2287	2552	0.047804683
2287	4342	0.047804683
2287	719	0.04780468
2287	3556	0.04780468
2287	3605	0.04780468
2287	875	0.047804676
2287	2787	0.047804676
2288	581	0.053676456
2288	6198	0.053676456
2288	2552	0.053676452
2288	4342	0.053676452
2288	719	0.05367645
2288	1349	0.05367645
2288	3556	0.05367645
2288	3605	0.053676445
2288	365	0.05367644
2288	875	0.05367644
2313	581	0.052926473
2313	6198	0.05292647
2313	2552	0.052926466
2313	3556	0.052926466
2313	4342	0.052926466
2313	1349	0.052926462
2313	365	0.05292646
2313	719	0.05292646
2313	875	0.05292646
2313	1211	0.05292646
2337	6198	0.049984507
2337	2552	0.049984504
2337	4342	0.049984504
2337	719	0.0499845
2337	1349	0.0499845
2337	3556	0.0499845
2337	3756	0.0499845
2337	365	0.049984492
2337	875	0.049984492
2337	880	0.049984492
2358	581	0.063991986
2358	719	0.06399198
2358	1349	0.06399198
2358	2552	0.06399198
2358	3556	0.06399198
2358	4342	0.06399198
2358	6198	0.06399198
2358	2651	0.06399197
2358	2787	0.06399197
2358	3605	0.06399197
2399	581	0.056481175
2399	6198	0.056481175
2399	2552	0.056481168
2399	3556	0.056481168
2399	4342	0.056481168
2399	1349	0.056481164
2399	719	0.05648116
2399	875	0.05648116
2399	2787	0.05648116
2399	3605	0.05648116
2766	581	0.06128774
2766	6198	0.06128774
2766	2552	0.061287735
2766	4342	0.061287735
2766	1349	0.06128773
2766	719	0.061287727
2766	3556	0.061287727
2766	875	0.061287723
2766	3605	0.061287723
2766	3756	0.061287723
2891	4342	0.06944472
2891	6198	0.06944472
2891	719	0.069444716
2891	1349	0.069444716
2891	2552	0.069444716
2891	3556	0.069444716
2891	875	0.06944471
2891	3605	0.06944471
2891	3756	0.06944471
2891	365	0.0694447
2977	581	0.046467584
2977	6198	0.046467584
2977	2552	0.04646758
2977	3556	0.04646758
2977	4342	0.04646758
2977	1349	0.046467576
2977	719	0.046467572
2977	875	0.046467572
2977	2787	0.046467572
2977	3605	0.046467572
3145	581	0.047105342
3145	6198	0.047105342
3145	1349	0.047105335
3145	2552	0.047105335
3145	3556	0.047105335
3145	3605	0.047105335
3145	4342	0.047105335
3145	719	0.04710533
3145	365	0.047105327
3145	875	0.047105327
3167	581	0.05763311
3167	6198	0.05763311
3167	2552	0.057633106
3167	4342	0.057633106
3167	719	0.057633102
3167	1349	0.057633102
3167	3556	0.057633102
3167	3756	0.0576331
3167	875	0.057633094
3167	2787	0.057633094
3282	581	0.051723637
3282	2552	0.051723637
3282	6198	0.051723637
3282	719	0.05172363
3282	1349	0.05172363
3282	3556	0.05172363
3282	3605	0.05172363
3282	4342	0.05172363
3282	3756	0.051723626
3282	365	0.05172362
3329	581	0.06695682
3329	2552	0.06695682
3329	4342	0.06695682
3329	6198	0.06695682
3329	1349	0.06695681
3329	3556	0.06695681
3329	719	0.0669568
3329	875	0.0669568
3329	880	0.0669568
3329	2651	0.0669568
3331	6198	0.055286996
3331	581	0.055286992
3331	2552	0.05528699
3331	4342	0.05528699
3331	719	0.055286985
3331	1349	0.055286985
3331	3556	0.055286985
3331	875	0.05528698
3331	3605	0.05528698
3331	3663	0.05528698
3346	581	0.05931793
3346	2552	0.059317928
3346	6198	0.059317928
3346	4342	0.059317924
3346	719	0.05931792
3346	1349	0.05931792
3346	3556	0.059317917
3346	3605	0.059317917
3346	3756	0.059317917
3346	875	0.059317913
3363	581	0.07295914
3363	2552	0.07295914
3363	4342	0.07295914
3363	6198	0.07295914
3363	3556	0.07295913
3363	365	0.072959125
3363	719	0.072959125
3363	875	0.072959125
3363	880	0.072959125
3363	1211	0.072959125
3371	581	0.061988093
3371	6198	0.061988093
3371	4342	0.06198809
3371	719	0.061988086
3371	2552	0.061988086
3371	1349	0.06198808
3371	3556	0.06198808
3371	3605	0.06198808
3371	2787	0.061988078
3371	4218	0.061988078
3373	581	0.08436473
3373	2552	0.08436473
3373	4342	0.08436473
3373	6198	0.08436473
3373	1349	0.08436472
3373	719	0.08436471
3373	3556	0.08436471
3373	3605	0.08436471
3373	875	0.084364705
3373	3756	0.084364705
3556	581	0.05357945
3556	2552	0.05357945
3556	4342	0.05357945
3556	6198	0.05357945
3556	719	0.053579442
3556	875	0.053579442
3556	1349	0.053579442
3556	2787	0.053579442
3556	3556	0.053579442
3556	3605	0.053579442
3578	581	0.05790241
3578	6198	0.057902407
3578	1349	0.057902403
3578	2552	0.057902403
3578	4342	0.057902403
3578	719	0.0579024
3578	2787	0.057902396
3578	3556	0.057902396
3578	3605	0.057902396
3578	4218	0.057902396
3640	581	0.06711981
3640	6198	0.06711981
3640	719	0.06711979
3640	1349	0.06711979
3640	2552	0.06711979
3640	3605	0.06711979
3640	4342	0.06711979
3640	875	0.067119785
3640	880	0.067119785
3640	1958	0.067119785
3719	581	0.057124928
3719	6198	0.057124928
3719	2552	0.057124924
3719	4342	0.057124924
3719	719	0.05712492
3719	1349	0.05712492
3719	3556	0.057124916
3719	2787	0.057124913
3719	3605	0.057124913
3719	3756	0.057124913
3817	581	0.04600124
3817	4342	0.046001237
3817	6198	0.046001237
3817	719	0.046001233
3817	1349	0.046001233
3817	2552	0.046001233
3817	3556	0.046001233
3817	365	0.046001226
3817	875	0.046001226
3817	1958	0.046001226
3827	581	0.059772596
3827	6198	0.059772592
3827	2552	0.05977259
3827	4342	0.05977259
3827	719	0.059772585
3827	1349	0.05977258
3827	3556	0.05977258
3827	3756	0.05977258
3827	3605	0.059772577
3827	4218	0.059772577
3840	581	0.06159128
3840	2552	0.061591275
3840	4342	0.061591275
3840	6198	0.061591275
3840	719	0.061591268
3840	875	0.061591268
3840	1349	0.061591268
3840	3556	0.061591268
3840	3605	0.061591268
3840	3756	0.061591264
3917	581	0.05304884
3917	2552	0.05304884
3917	6198	0.05304884
3917	1349	0.053048838
3917	4342	0.053048838
3917	719	0.053048834
3917	3556	0.053048834
3917	3605	0.053048834
3917	3756	0.05304883
3917	365	0.053048827
3923	581	0.05345907
3923	4342	0.05345907
3923	6198	0.05345907
3923	2552	0.053459067
3923	719	0.053459063
3923	1349	0.053459063
3923	3556	0.053459063
3923	3605	0.05345906
3923	365	0.053459056
3923	875	0.053459056
4017	581	0.1048484
4017	2552	0.104848385
4017	4342	0.104848385
4017	6198	0.104848385
4017	719	0.10484837
4017	875	0.10484837
4017	1349	0.10484837
4017	2787	0.10484837
4017	3556	0.10484837
4017	3605	0.10484837
4098	581	0.07499483
4098	2552	0.07499483
4098	1349	0.074994825
4098	3556	0.074994825
4098	4342	0.074994825
4098	6198	0.074994825
4098	719	0.07499482
4098	875	0.07499482
4098	2787	0.07499482
4098	3605	0.07499482
4157	581	0.06049082
4157	6198	0.06049082
4157	2552	0.060490817
4157	4342	0.060490817
4157	719	0.06049081
4157	1349	0.06049081
4157	3556	0.06049081
4157	875	0.060490806
4157	3605	0.060490806
4157	1173	0.060490802
4197	581	0.0672998
4197	4342	0.0672998
4197	6198	0.0672998
4197	2552	0.06729979
4197	719	0.06729978
4197	875	0.06729978
4197	1349	0.06729978
4197	3556	0.06729978
4197	3605	0.06729978
4197	3663	0.06729978
4221	581	0.0796409
4221	2552	0.0796409
4221	6198	0.0796409
4221	719	0.079640895
4221	1349	0.079640895
4221	3556	0.079640895
4221	4342	0.079640895
4221	875	0.07964089
4221	3605	0.07964089
4221	365	0.07964088
4334	6198	0.061989293
4334	581	0.06198929
4334	719	0.061989285
4334	2552	0.061989285
4334	4342	0.061989285
4334	1349	0.06198928
4334	875	0.061989278
4334	3556	0.061989278
4334	3605	0.061989278
4334	3756	0.061989278
4483	581	0.06326154
4483	2552	0.06326154
4483	4342	0.06326154
4483	6198	0.06326154
4483	719	0.06326153
4483	1349	0.06326153
4483	875	0.063261524
4483	880	0.063261524
4483	1173	0.063261524
4483	1958	0.063261524
4622	581	0.07178721
4622	2552	0.07178721
4622	4342	0.07178721
4622	6198	0.07178721
4622	719	0.0717872
4622	1349	0.0717872
4622	875	0.07178719
4622	2787	0.07178719
4622	3422	0.07178719
4622	3556	0.07178719
4785	581	0.06316025
4785	2552	0.06316024
4785	4342	0.06316024
4785	6198	0.06316024
4785	719	0.063160226
4785	875	0.063160226
4785	1349	0.063160226
4785	2651	0.063160226
4785	2787	0.063160226
4785	3556	0.063160226
4795	581	0.058133338
4795	2552	0.058133334
4795	4342	0.058133334
4795	6198	0.058133334
4795	719	0.058133326
4795	1349	0.058133326
4795	3556	0.058133326
4795	3605	0.058133323
4795	875	0.05813332
4795	2651	0.05813332
4809	581	0.048705265
4809	4342	0.048705257
4809	6198	0.048705257
4809	719	0.048705254
4809	2552	0.048705254
4809	875	0.04870525
4809	1349	0.04870525
4809	2787	0.04870525
4809	3556	0.04870525
4809	3605	0.04870525
4938	581	0.06394276
4938	6198	0.06394276
4938	2552	0.06394275
4938	4342	0.06394275
4938	719	0.063942745
4938	875	0.063942745
4938	1349	0.063942745
4938	3556	0.063942745
4938	3605	0.063942745
4938	3756	0.063942745
5037	581	0.0556928
5037	2552	0.055692792
5037	6198	0.055692792
5037	4342	0.05569279
5037	719	0.055692784
5037	1349	0.055692784
5037	2787	0.055692784
5037	3556	0.055692784
5037	875	0.05569278
5037	3605	0.05569278
5209	581	0.045333344
5209	4342	0.045333344
5209	6198	0.045333344
5209	1349	0.04533334
5209	2552	0.04533334
5209	3556	0.04533334
5209	719	0.045333337
5209	3605	0.045333337
5209	365	0.045333333
5209	875	0.045333333
5385	581	0.07297151
5385	2552	0.07297151
5385	4342	0.07297151
5385	6198	0.07297151
5385	1349	0.0729715
5385	3556	0.0729715
5385	3605	0.0729715
5385	365	0.07297149
5385	719	0.07297149
5385	875	0.07297149
5439	2552	0.07543947
5439	4342	0.07543947
5439	6198	0.07543947
5439	719	0.07543946
5439	1349	0.07543946
5439	875	0.07543945
5439	880	0.07543945
5439	2651	0.07543945
5439	2787	0.07543945
5439	3556	0.07543945
5476	581	0.061126526
5476	6198	0.061126526
5476	2552	0.061126523
5476	4342	0.061126523
5476	719	0.06112652
5476	1349	0.061126515
5476	2651	0.061126515
5476	3556	0.061126515
5476	2787	0.06112651
5476	3605	0.06112651
5499	581	0.04502762
5499	6198	0.04502762
5499	2552	0.045027617
5499	4342	0.045027617
5499	719	0.045027614
5499	1349	0.045027614
5499	3556	0.045027614
5499	3605	0.045027614
5499	365	0.045027606
5499	875	0.045027606
5539	6198	0.06600405
5539	581	0.066004045
5539	4342	0.066004045
5539	719	0.06600404
5539	1349	0.06600404
5539	2552	0.06600404
5539	2787	0.06600404
5539	3556	0.06600404
5539	875	0.06600403
5539	2651	0.06600403
5582	581	0.060478274
5582	2552	0.06047827
5582	6198	0.06047827
5582	4342	0.060478266
5582	719	0.060478263
5582	3556	0.06047826
5582	3605	0.06047826
5582	875	0.060478255
5582	2787	0.060478255
5582	3756	0.060478255
5665	581	0.059166413
5665	2552	0.05916641
5665	6198	0.05916641
5665	4342	0.059166405
5665	1349	0.0591664
5665	3556	0.0591664
5665	719	0.059166398
5665	3605	0.059166398
5665	875	0.059166394
5665	2787	0.059166394
5728	6198	0.06802621
5728	581	0.0680262
5728	719	0.0680262
5728	2552	0.0680262
5728	4342	0.0680262
5728	875	0.06802619
5728	1349	0.06802619
5728	3556	0.06802619
5728	3605	0.06802619
5728	365	0.068026185
5741	581	0.062015943
5741	6198	0.062015943
5741	2552	0.062015936
5741	4342	0.062015936
5741	3556	0.062015932
5741	719	0.06201593
5741	875	0.06201593
5741	1349	0.06201593
5741	3605	0.06201593
5741	880	0.062015925
5746	581	0.04747846
5746	2552	0.047478452
5746	4342	0.047478452
5746	6198	0.047478452
5746	719	0.047478445
5746	1349	0.047478445
5746	3556	0.047478445
5746	3605	0.047478445
5746	365	0.04747844
5746	875	0.04747844
5815	2552	0.07343671
5815	6198	0.07343671
5815	581	0.0734367
5815	1349	0.0734367
5815	4342	0.0734367
5815	719	0.07343669
5815	875	0.07343669
5815	3556	0.07343669
5815	3605	0.07343669
5815	2651	0.073436685
5903	581	0.07756695
5903	6198	0.07756695
5903	2552	0.077566944
5903	4342	0.077566944
5903	719	0.07756694
5903	1349	0.07756694
5903	3556	0.07756694
5903	3605	0.07756694
5903	875	0.07756693
5903	2787	0.07756693
5963	581	0.06354089
5963	2552	0.06354089
5963	4342	0.06354089
5963	6198	0.06354089
5963	365	0.063540876
5963	719	0.063540876
5963	875	0.063540876
5963	880	0.063540876
5963	1349	0.063540876
5963	1958	0.063540876
6073	581	0.061251484
6073	2552	0.061251484
6073	4342	0.061251484
6073	6198	0.061251484
6073	719	0.061251476
6073	1349	0.061251476
6073	3556	0.061251476
6073	3605	0.061251476
6073	875	0.06125147
6073	880	0.06125147
6115	581	0.067031205
6115	719	0.06703119
6115	1349	0.06703119
6115	2552	0.06703119
6115	3605	0.06703119
6115	4342	0.06703119
6115	6198	0.06703119
6115	880	0.06703118
6115	3556	0.06703118
6115	3756	0.06703118
6238	581	0.048804466
6238	2552	0.048804462
6238	4342	0.048804462
6238	6198	0.048804462
6238	719	0.048804455
6238	1349	0.048804455
6238	3556	0.048804455
6238	4218	0.048804455
6238	875	0.04880445
6238	2787	0.04880445
6323	581	0.040589653
6323	2552	0.04058965
6323	4342	0.04058965
6323	6198	0.04058965
6323	719	0.040589646
6323	875	0.040589646
6323	1349	0.040589646
6323	365	0.04058964
6323	2651	0.04058964
6323	2787	0.04058964
6333	6198	0.052273598
6333	581	0.052273594
6333	2552	0.052273594
6333	4342	0.052273594
6333	719	0.052273586
6333	875	0.052273586
6333	1349	0.052273586
6333	3556	0.052273586
6333	2787	0.052273583
6333	3605	0.052273583
6345	581	0.06736799
6345	2552	0.067367986
6345	4342	0.067367986
6345	6198	0.067367986
6345	719	0.06736798
6345	1349	0.06736798
6345	365	0.06736797
6345	875	0.06736797
6345	880	0.06736797
6345	1958	0.06736797
6431	581	0.05524545
6431	2552	0.05524545
6431	4342	0.05524545
6431	6198	0.05524545
6431	719	0.055245444
6431	1349	0.055245444
6431	3556	0.055245444
6431	3605	0.055245444
6431	3756	0.05524544
6431	875	0.055245437
6532	581	0.075752325
6532	6198	0.075752325
6532	719	0.07575232
6532	1349	0.07575232
6532	2552	0.07575232
6532	4342	0.07575232
6532	3556	0.07575231
6532	365	0.0757523
6532	875	0.0757523
6532	880	0.0757523
6537	581	0.048362978
6537	4342	0.048362974
6537	6198	0.048362974
6537	1349	0.04836297
6537	2552	0.04836297
6537	3556	0.04836297
6537	719	0.048362967
6537	875	0.048362967
6537	880	0.048362963
6537	2787	0.048362963
6543	581	0.09561102
6543	2552	0.095611006
6543	4342	0.095611006
6543	6198	0.095611006
6543	719	0.095611
6543	3556	0.095611
6543	1349	0.09561099
6543	2787	0.09561099
6543	3605	0.09561099
6543	3756	0.09561099
6563	581	0.06554292
6563	4342	0.06554292
6563	6198	0.06554292
6563	1349	0.065542914
6563	2552	0.065542914
6563	719	0.06554291
6563	2787	0.06554291
6563	3556	0.06554291
6563	3605	0.06554291
6563	3756	0.06554291
6564	581	0.051838547
6564	2552	0.051838547
6564	4342	0.051838547
6564	6198	0.051838547
6564	719	0.05183854
6564	1349	0.05183854
6564	3556	0.05183854
6564	3756	0.05183854
6564	3605	0.051838536
6564	365	0.051838532
6566	6198	0.058880966
6566	581	0.058880962
6566	2552	0.058880962
6566	4342	0.058880962
6566	719	0.058880955
6566	1349	0.058880955
6566	3556	0.058880955
6566	3605	0.058880955
6566	875	0.058880948
6566	1958	0.058880948
6577	581	0.047659963
6577	6198	0.047659963
6577	2552	0.047659956
6577	4342	0.047659956
6577	719	0.047659952
6577	875	0.047659952
6577	1349	0.047659952
6577	3556	0.047659952
6577	3605	0.047659952
6577	365	0.04765995
6611	581	0.06044417
6611	6198	0.06044417
6611	2552	0.060444165
6611	4342	0.060444165
6611	3556	0.06044416
6611	719	0.060444158
6611	1349	0.060444158
6611	875	0.060444154
6611	3605	0.060444154
6611	880	0.06044415
6662	581	0.05657854
6662	6198	0.056578536
6662	2552	0.05657853
6662	4342	0.05657853
6662	1349	0.056578528
6662	719	0.056578524
6662	2787	0.056578524
6662	3556	0.056578524
6662	3605	0.056578524
6662	875	0.05657852
6671	581	0.047527798
6671	6198	0.04752779
6671	2552	0.047527786
6671	4342	0.047527786
6671	719	0.047527783
6671	1349	0.047527783
6671	3556	0.047527783
6671	3756	0.047527783
6671	875	0.04752778
6671	365	0.047527775
6679	581	0.047042537
6679	4342	0.047042537
6679	6198	0.047042537
6679	2552	0.047042534
6679	719	0.04704253
6679	1349	0.04704253
6679	3556	0.04704253
6679	875	0.047042526
6679	880	0.047042526
6679	2651	0.047042526
6769	581	0.0562692
6769	6198	0.0562692
6769	2552	0.056269195
6769	4342	0.056269195
6769	719	0.05626919
6769	1349	0.05626919
6769	3556	0.05626919
6769	3605	0.05626919
6769	875	0.056269184
6769	2651	0.056269184
6772	581	0.058533274
6772	6198	0.058533274
6772	1349	0.058533266
6772	2552	0.058533266
6772	4342	0.058533266
6772	719	0.058533262
6772	3556	0.058533262
6772	875	0.05853326
6772	3605	0.05853326
6772	3756	0.05853326
6789	581	0.07448519
6789	6198	0.07448519
6789	1349	0.07448518
6789	2552	0.07448518
6789	4342	0.07448518
6789	719	0.074485175
6789	875	0.074485175
6789	3556	0.074485175
6789	3605	0.074485175
6789	365	0.07448517
7082	581	0.06085805
7082	6198	0.060858045
7082	2552	0.06085804
7082	4342	0.06085804
7082	719	0.060858037
7082	1349	0.060858037
7082	2787	0.060858034
7082	3556	0.060858034
7082	3605	0.060858034
7082	875	0.06085803
7105	581	0.049038596
7105	2552	0.049038596
7105	4342	0.049038596
7105	6198	0.049038596
7105	719	0.04903859
7105	1349	0.04903859
7105	3556	0.04903859
7105	3605	0.04903859
7105	875	0.049038585
7105	2787	0.049038585
7125	581	0.07699728
7125	6198	0.07699727
7125	2552	0.076997265
7125	3556	0.076997265
7125	4342	0.076997265
7125	719	0.07699726
7125	1349	0.07699726
7125	3605	0.07699726
7125	875	0.07699725
7125	880	0.07699725
7134	581	0.057754137
7134	4342	0.057754137
7134	6198	0.057754133
7134	1349	0.05775413
7134	2552	0.05775413
7134	719	0.057754125
7134	3556	0.057754125
7134	875	0.05775412
7134	2651	0.05775412
7134	3605	0.05775412
7158	581	0.06993886
7158	2552	0.06993886
7158	1349	0.06993885
7158	3556	0.06993885
7158	4342	0.06993885
7158	6198	0.06993885
7158	719	0.069938846
7158	3605	0.069938846
7158	365	0.06993884
7158	875	0.06993884
7210	581	0.058145367
7210	2552	0.058145363
7210	6198	0.058145363
7210	719	0.05814536
7210	4342	0.05814536
7210	1349	0.058145355
7210	3556	0.058145355
7210	875	0.05814535
7210	3605	0.05814535
7210	3756	0.05814535
7283	581	0.052492857
7283	2552	0.05249285
7283	4342	0.05249285
7283	6198	0.05249285
7283	719	0.052492842
7283	1349	0.052492842
7283	3556	0.052492842
7283	3605	0.05249284
7283	5214	0.05249284
7283	365	0.052492835
7286	581	0.06035249
7286	4342	0.06035249
7286	6198	0.06035249
7286	1349	0.060352482
7286	2552	0.060352482
7286	3556	0.060352482
7286	3605	0.060352482
7286	719	0.06035248
7286	875	0.060352474
7286	880	0.060352474
7312	581	0.04369075
7312	6198	0.043690745
7312	1349	0.04369074
7312	2552	0.04369074
7312	3556	0.04369074
7312	4342	0.04369074
7312	719	0.043690737
7312	875	0.043690734
7312	880	0.043690734
7312	1958	0.043690734
7352	581	0.053428996
7352	4342	0.053428996
7352	6198	0.053428996
7352	2552	0.053428993
7352	719	0.05342899
7352	3556	0.05342899
7352	875	0.053428985
7352	1349	0.053428985
7352	3605	0.053428985
7352	3756	0.053428985
7371	581	0.053779304
7371	2552	0.053779304
7371	4342	0.053779304
7371	6198	0.053779304
7371	719	0.053779297
7371	1349	0.053779297
7371	3556	0.053779297
7371	875	0.053779293
7371	880	0.05377929
7371	2787	0.05377929
7569	581	0.061832532
7569	2552	0.061832532
7569	4342	0.061832532
7569	6198	0.061832532
7569	1349	0.061832525
7569	3556	0.061832525
7569	719	0.06183252
7569	3605	0.06183252
7569	365	0.061832517
7569	875	0.061832517
7620	581	0.047737386
7620	4342	0.047737382
7620	6198	0.047737382
7620	2552	0.04773738
7620	719	0.047737375
7620	875	0.047737375
7620	1349	0.047737375
7620	2651	0.047737375
7620	3556	0.047737375
7620	5214	0.047737375
7809	581	0.053735882
7809	6198	0.053735882
7809	2552	0.05373588
7809	4342	0.05373588
7809	719	0.053735875
7809	1349	0.053735875
7809	3556	0.053735875
7809	875	0.053735867
7809	880	0.053735867
7809	2651	0.053735867
7841	581	0.055967323
7841	6198	0.055967323
7841	4342	0.05596732
7841	2552	0.055967316
7841	719	0.055967312
7841	1349	0.055967312
7841	3556	0.055967312
7841	2787	0.05596731
7841	3605	0.05596731
7841	3756	0.05596731
7860	581	0.060604706
7860	6198	0.060604706
7860	2552	0.060604703
7860	4342	0.060604703
7860	1349	0.0606047
7860	719	0.060604695
7860	3556	0.060604695
7860	3605	0.060604695
7860	875	0.06060469
7860	2787	0.06060469
7864	581	0.034295753
7864	4342	0.034295753
7864	2552	0.03429575
7864	6198	0.03429575
7864	365	0.034295745
7864	719	0.034295745
7864	875	0.034295745
7864	1349	0.034295745
7864	3556	0.034295745
7864	3756	0.034295745
7887	581	0.06217649
7887	6198	0.062176485
7887	1349	0.06217648
7887	2552	0.06217648
7887	4342	0.06217648
7887	3556	0.062176477
7887	719	0.062176473
7887	875	0.062176473
7887	3605	0.062176473
7887	1958	0.06217647
7890	4342	0.05728409
7890	581	0.057284087
7890	2552	0.057284087
7890	6198	0.057284087
7890	719	0.05728408
7890	875	0.05728408
7890	1349	0.05728408
7890	3556	0.05728408
7890	2787	0.057284076
7890	3605	0.057284076
7913	581	0.050626025
7913	6198	0.05062602
7913	719	0.050626017
7913	1349	0.050626017
7913	2552	0.050626017
7913	4342	0.050626017
7913	3556	0.050626013
7913	365	0.05062601
7913	875	0.05062601
7913	2651	0.05062601
7915	581	0.05709112
7915	6198	0.05709112
7915	4342	0.057091117
7915	2552	0.057091113
7915	719	0.05709111
7915	1349	0.05709111
7915	3556	0.05709111
7915	3605	0.057091106
7915	3756	0.057091106
7915	365	0.057091102
7958	2552	0.067742415
7958	6198	0.067742415
7958	581	0.06774241
7958	719	0.06774241
7958	875	0.06774241
7958	1349	0.06774241
7958	3556	0.06774241
7958	4342	0.06774241
7958	2787	0.0677424
7958	3578	0.0677424
8019	581	0.06832388
8019	6198	0.06832387
8019	719	0.068323866
8019	1349	0.068323866
8019	2552	0.068323866
8019	3556	0.068323866
8019	3605	0.068323866
8019	4342	0.068323866
8019	2651	0.06832386
8019	3756	0.06832386
8066	581	0.06651478
8066	2552	0.066514775
8066	6198	0.066514775
8066	719	0.06651477
8066	1349	0.06651477
8066	3556	0.06651477
8066	4342	0.06651477
8066	365	0.06651476
8066	875	0.06651476
8066	1173	0.06651476
8067	581	0.072056875
8067	1349	0.07205686
8067	2552	0.07205686
8067	3556	0.07205686
8067	4342	0.07205686
8067	6198	0.07205686
8067	719	0.07205685
8067	3605	0.07205685
8067	365	0.072056845
8067	875	0.072056845
8089	581	0.05269648
8089	6198	0.052696478
8089	2552	0.052696474
8089	4342	0.052696474
8089	1349	0.05269647
8089	3556	0.05269647
8089	3605	0.05269647
8089	719	0.052696466
8089	3756	0.052696466
8089	4218	0.052696466
8187	581	0.06282352
8187	2552	0.06282352
8187	6198	0.06282352
8187	719	0.06282351
8187	4342	0.06282351
8187	875	0.062823504
8187	1349	0.062823504
8187	1958	0.062823504
8187	2651	0.062823504
8187	2787	0.062823504
8188	581	0.043442722
8188	4342	0.04344272
8188	6198	0.04344272
8188	2552	0.043442715
8188	719	0.04344271
8188	875	0.04344271
8188	1349	0.04344271
8188	3556	0.04344271
8188	3756	0.04344271
8188	4218	0.04344271
8234	581	0.04757194
8234	4342	0.047571935
8234	6198	0.047571935
8234	2552	0.04757193
8234	719	0.047571927
8234	1349	0.047571927
8234	3556	0.047571927
8234	3605	0.047571927
8234	3756	0.047571927
8234	365	0.04757192
8245	581	0.07179944
8245	6198	0.07179944
8245	2552	0.071799435
8245	4342	0.071799435
8245	719	0.07179943
8245	1349	0.07179943
8245	3556	0.07179943
8245	3605	0.07179943
8245	875	0.07179942
8245	2787	0.07179942
8253	2552	0.06252964
8253	4342	0.06252964
8253	6198	0.06252964
8253	719	0.06252962
8253	875	0.06252962
8253	1349	0.06252962
8253	2787	0.06252962
8253	3556	0.06252962
8253	3605	0.06252962
8253	3663	0.06252962
8255	581	0.06425441
8255	6198	0.06425441
8255	2552	0.0642544
8255	3556	0.0642544
8255	4342	0.0642544
8255	719	0.064254396
8255	1349	0.064254396
8255	365	0.06425439
8255	875	0.06425439
8255	880	0.06425439
8284	6198	0.079930775
8284	581	0.07993077
8284	1349	0.07993077
8284	2552	0.07993077
8284	4342	0.07993077
8284	719	0.07993076
8284	3556	0.07993076
8284	3605	0.07993076
8284	875	0.07993075
8284	880	0.07993075
8314	581	0.06029711
8314	2552	0.0602971
8314	4342	0.0602971
8314	6198	0.0602971
8314	719	0.060297094
8314	1349	0.060297094
8314	3556	0.060297094
8314	3605	0.060297094
8314	2787	0.06029709
8314	3756	0.06029709
8323	581	0.07975702
8323	4342	0.07975702
8323	6198	0.07975702
8323	2552	0.07975701
8323	719	0.079757005
8323	1349	0.079757005
8323	2787	0.079757005
8323	3556	0.079757005
8323	3605	0.079757005
8323	875	0.079757
8362	581	0.060217798
8362	6198	0.060217794
8362	2552	0.06021779
8362	4342	0.06021779
8362	3556	0.060217787
8362	719	0.060217783
8362	1349	0.060217783
8362	3605	0.060217783
8362	2787	0.06021778
8362	3756	0.06021778
8454	581	0.10097137
8454	2552	0.10097136
8454	4342	0.10097136
8454	6198	0.10097136
8454	719	0.100971356
8454	1349	0.100971356
8454	3556	0.100971356
8454	3605	0.10097135
8454	365	0.10097134
8454	875	0.10097134
8487	581	0.06733842
8487	6198	0.067338414
8487	719	0.06733841
8487	875	0.06733841
8487	1349	0.06733841
8487	2552	0.06733841
8487	3556	0.06733841
8487	3605	0.06733841
8487	4342	0.06733841
8487	880	0.0673384
8529	581	0.05961287
8529	6198	0.059612866
8529	2552	0.059612863
8529	4342	0.059612863
8529	719	0.05961286
8529	3556	0.05961286
8529	875	0.059612855
8529	1349	0.059612855
8529	3605	0.059612855
8529	3756	0.059612855
8570	581	0.044670567
8570	6198	0.044670567
8570	4342	0.044670563
8570	2552	0.04467056
8570	719	0.044670556
8570	1349	0.044670556
8570	3556	0.044670556
8570	875	0.044670552
8570	1958	0.044670552
8570	2651	0.044670552
8680	581	0.042040944
8680	719	0.042040937
8680	2552	0.042040937
8680	4342	0.042040937
8680	6198	0.042040937
8680	1349	0.042040933
8680	3556	0.042040933
8680	365	0.04204093
8680	875	0.04204093
8680	880	0.04204093
8681	581	0.080993876
8681	2552	0.080993876
8681	4342	0.080993876
8681	6198	0.080993876
8681	719	0.08099387
8681	1349	0.08099386
8681	3556	0.08099386
8681	3605	0.08099386
8681	4218	0.08099386
8681	880	0.08099385
8695	581	0.04929614
8695	2552	0.04929614
8695	4342	0.04929614
8695	6198	0.04929614
8695	719	0.049296137
8695	1349	0.049296137
8695	875	0.049296133
8695	3556	0.049296133
8695	3605	0.049296133
8695	3756	0.049296133
8734	581	0.06197393
8734	6198	0.06197393
8734	2552	0.061973926
8734	4342	0.061973926
8734	1349	0.06197392
8734	719	0.061973915
8734	875	0.061973915
8734	3556	0.061973915
8734	3605	0.061973915
8734	3756	0.061973915
8782	581	0.05494152
8782	6198	0.05494152
8782	1349	0.054941513
8782	2552	0.054941513
8782	4342	0.054941513
8782	719	0.054941505
8782	2787	0.054941505
8782	3556	0.054941505
8782	3605	0.054941505
8782	3756	0.054941505
8801	581	0.062200848
8801	2552	0.062200844
8801	6198	0.062200844
8801	4342	0.06220084
8801	719	0.062200837
8801	1349	0.062200837
8801	3556	0.062200837
8801	875	0.062200833
8801	3605	0.062200833
8801	365	0.06220083
8864	581	0.0537068
8864	2552	0.053706795
8864	4342	0.053706795
8864	6198	0.053706795
8864	719	0.053706788
8864	1349	0.053706788
8864	3556	0.053706788
8864	3605	0.053706784
8864	365	0.05370678
8864	875	0.05370678
8870	581	0.062597945
8870	2552	0.062597945
8870	4342	0.062597945
8870	6198	0.062597945
8870	1349	0.06259794
8870	719	0.06259793
8870	875	0.06259793
8870	880	0.06259793
8870	1958	0.06259793
8870	2651	0.06259793
8872	581	0.059706643
8872	6198	0.059706643
8872	2552	0.05970664
8872	4342	0.05970664
8872	719	0.059706636
8872	1349	0.059706636
8872	3556	0.059706636
8872	3605	0.059706632
8872	875	0.05970663
8872	2787	0.05970663
8930	581	0.054131363
8930	2552	0.05413136
8930	4342	0.05413136
8930	6198	0.05413136
8930	719	0.05413135
8930	1349	0.05413135
8930	3556	0.05413135
8930	3605	0.05413135
8930	3663	0.054131348
8930	365	0.054131344
8935	581	0.044599637
8935	6198	0.044599637
8935	4342	0.044599634
8935	719	0.04459963
8935	1349	0.04459963
8935	2552	0.04459963
8935	3556	0.04459963
8935	875	0.044599622
8935	1958	0.044599622
8935	2787	0.044599622
8936	581	0.04433892
8936	2552	0.044338915
8936	6198	0.044338915
8936	719	0.04433891
8936	1349	0.04433891
8936	3556	0.04433891
8936	3605	0.04433891
8936	4342	0.04433891
8936	4218	0.044338908
8936	365	0.044338904
8937	581	0.05745536
8937	2552	0.057455353
8937	4342	0.057455353
8937	6198	0.057455353
8937	1349	0.05745535
8937	719	0.057455346
8937	3556	0.057455346
8937	3605	0.057455346
8937	3756	0.057455342
8937	365	0.05745534
8971	581	0.059669822
8971	6198	0.059669822
8971	2552	0.05966982
8971	4342	0.05966982
8971	719	0.059669815
8971	1349	0.059669815
8971	3556	0.05966981
8971	3605	0.05966981
8971	875	0.059669808
8971	2651	0.059669808
9094	581	0.05784744
9094	4342	0.05784744
9094	6198	0.05784744
9094	2552	0.057847437
9094	719	0.057847433
9094	1349	0.057847433
9094	3556	0.057847433
9094	3605	0.05784743
9094	365	0.057847425
9094	875	0.057847425
9177	581	0.051997706
9177	4342	0.051997706
9177	6198	0.051997706
9177	2552	0.051997703
9177	719	0.0519977
9177	875	0.0519977
9177	1349	0.0519977
9177	3556	0.0519977
9177	3605	0.0519977
9177	2787	0.051997695
9226	581	0.051766053
9226	2552	0.051766045
9226	4342	0.051766045
9226	6198	0.051766045
9226	3556	0.05176604
9226	719	0.051766038
9226	875	0.051766038
9226	1349	0.051766038
9226	365	0.051766034
9226	3605	0.051766034
9227	581	0.05594237
9227	6198	0.05594237
9227	2552	0.055942368
9227	4342	0.055942368
9227	1349	0.055942364
9227	719	0.05594236
9227	2787	0.05594236
9227	3556	0.05594236
9227	875	0.055942357
9227	1958	0.055942357
9343	581	0.047282863
9343	4342	0.04728286
9343	6198	0.04728286
9343	2552	0.047282856
9343	719	0.047282852
9343	1349	0.047282852
9343	3556	0.047282852
9343	3605	0.04728285
9343	3756	0.04728285
9343	365	0.047282845
9354	581	0.05462247
9354	2552	0.05462247
9354	6198	0.05462247
9354	4342	0.054622468
9354	719	0.054622464
9354	1349	0.054622464
9354	3556	0.054622464
9354	3605	0.054622464
9354	875	0.05462246
9354	2787	0.05462246
9381	581	0.03952676
9381	2552	0.03952676
9381	4342	0.03952676
9381	6198	0.03952676
9381	719	0.039526753
9381	875	0.039526753
9381	880	0.039526753
9381	1349	0.039526753
9381	3556	0.039526753
9381	3605	0.039526753
9417	581	0.04566721
9417	6198	0.045667205
9417	2552	0.0456672
9417	4342	0.0456672
9417	1349	0.045667198
9417	3556	0.045667198
9417	719	0.045667194
9417	2787	0.045667194
9417	3605	0.045667194
9417	3663	0.045667194
9454	6198	0.0599932
9454	581	0.059993196
9454	2552	0.059993193
9454	4342	0.059993193
9454	1349	0.05999319
9454	3556	0.05999319
9454	719	0.059993185
9454	3605	0.059993185
9454	2787	0.05999318
9454	3756	0.05999318
9568	581	0.052099295
9568	4342	0.052099295
9568	6198	0.052099295
9568	2552	0.05209929
9568	719	0.052099288
9568	1349	0.052099288
9568	3556	0.052099288
9568	3605	0.052099284
9568	365	0.05209928
9568	875	0.05209928
9574	581	0.047484044
9574	2552	0.04748404
9574	4342	0.04748404
9574	6198	0.04748404
9574	719	0.047484037
9574	3556	0.047484037
9574	875	0.047484033
9574	1349	0.047484033
9574	2787	0.047484033
9574	3605	0.047484033
9613	6198	0.0669345
9613	581	0.066934496
9613	719	0.066934496
9613	1349	0.066934496
9613	2552	0.066934496
9613	4342	0.066934496
9613	875	0.06693449
9613	3556	0.06693449
9613	3605	0.06693449
9613	365	0.06693448
9747	581	0.062702134
9747	2552	0.062702134
9747	3556	0.062702134
9747	4342	0.062702134
9747	6198	0.062702134
9747	875	0.06270213
9747	1349	0.06270213
9747	365	0.06270212
9747	719	0.06270212
9747	880	0.06270212
9856	4342	0.09531497
9856	6198	0.09531497
9856	581	0.095314965
9856	2552	0.095314965
9856	719	0.09531496
9856	875	0.09531496
9856	3556	0.09531496
9856	880	0.09531495
9856	1349	0.09531495
9856	2651	0.09531495
9908	581	0.060372517
9908	6198	0.060372513
9908	2552	0.06037251
9908	4342	0.06037251
9908	719	0.0603725
9908	1349	0.0603725
9908	2787	0.0603725
9908	3556	0.0603725
9908	3605	0.0603725
9908	1958	0.060372498
10030	581	0.05136329
10030	6198	0.05136329
10030	4342	0.051363286
10030	1349	0.051363282
10030	2552	0.051363282
10030	3556	0.051363282
10030	719	0.05136328
10030	875	0.051363274
10030	880	0.051363274
10030	2787	0.051363274
10118	581	0.04384096
10118	4342	0.043840956
10118	2552	0.043840952
10118	3556	0.043840952
10118	6198	0.043840952
10118	719	0.04384095
10118	1349	0.04384095
10118	365	0.043840945
10118	875	0.043840945
10118	880	0.043840945
10199	581	0.055412292
10199	2552	0.055412292
10199	4342	0.055412292
10199	6198	0.055412292
10199	719	0.055412285
10199	1349	0.055412285
10199	3556	0.055412285
10199	3605	0.05541228
10199	875	0.055412278
10199	880	0.055412278
10241	581	0.05058576
10241	6198	0.050585758
10241	2552	0.050585754
10241	4342	0.050585754
10241	719	0.050585747
10241	1349	0.050585747
10241	3556	0.050585747
10241	3605	0.050585747
10241	3756	0.050585747
10241	875	0.050585743
10314	581	0.08972786
10314	2552	0.08972785
10314	4342	0.08972785
10314	6198	0.08972785
10314	719	0.089727834
10314	1349	0.089727834
10314	3556	0.089727834
10314	3605	0.089727834
10314	3756	0.089727834
10314	875	0.08972783
10315	581	0.074662186
10315	2552	0.074662186
10315	4342	0.074662186
10315	6198	0.074662186
10315	719	0.07466218
10315	1349	0.07466218
10315	875	0.07466217
10315	3556	0.07466217
10315	365	0.074662164
10315	880	0.074662164
10354	581	0.063607715
10354	719	0.06360771
10354	1349	0.06360771
10354	2552	0.06360771
10354	3556	0.06360771
10354	3605	0.06360771
10354	4342	0.06360771
10354	6198	0.06360771
10354	3756	0.0636077
10354	5214	0.0636077
10447	4342	0.08640122
10447	6198	0.08640122
10447	719	0.08640121
10447	2552	0.08640121
10447	1349	0.0864012
10447	3556	0.0864012
10447	3605	0.0864012
10447	4218	0.0864012
10447	875	0.086401194
10447	880	0.086401194
10532	581	0.057362758
10532	6198	0.057362758
10532	4342	0.057362754
10532	2552	0.05736275
10532	3556	0.05736275
10532	719	0.057362746
10532	1349	0.057362746
10532	875	0.057362743
10532	2787	0.057362743
10532	3605	0.057362743
10560	581	0.041259475
10560	719	0.041259475
10560	2552	0.041259475
10560	4342	0.041259475
10560	6198	0.041259475
10560	3556	0.04125947
10560	875	0.041259468
10560	880	0.041259468
10560	2651	0.041259468
10560	2787	0.041259468
10607	581	0.06122027
10607	2552	0.06122027
10607	4342	0.061220266
10607	6198	0.061220266
10607	719	0.061220262
10607	3556	0.061220262
10607	875	0.06122026
10607	1349	0.06122026
10607	3605	0.06122026
10607	3756	0.06122026
10668	581	0.06834607
10668	4342	0.06834607
10668	6198	0.06834607
10668	719	0.06834606
10668	1349	0.06834606
10668	2552	0.06834606
10668	365	0.06834605
10668	875	0.06834605
10668	1958	0.06834605
10668	2651	0.06834605
10699	581	0.06345911
10699	6198	0.06345911
10699	2552	0.063459106
10699	4342	0.063459106
10699	719	0.0634591
10699	875	0.0634591
10699	1349	0.0634591
10699	2787	0.0634591
10699	3422	0.0634591
10699	3556	0.0634591
10819	581	0.091316715
10819	2552	0.09131671
10819	4342	0.09131671
10819	6198	0.09131671
10819	719	0.0913167
10819	1349	0.0913167
10819	3556	0.09131669
10819	3605	0.09131669
10819	875	0.091316685
10819	880	0.091316685
10946	581	0.057557736
10946	2552	0.057557732
10946	6198	0.057557732
10946	4342	0.05755773
10946	719	0.057557724
10946	1349	0.057557724
10946	3556	0.057557724
10946	3605	0.05755772
10946	365	0.057557717
10946	875	0.057557717
10949	581	0.061009437
10949	2552	0.061009437
10949	4342	0.061009437
10949	6198	0.061009437
10949	719	0.06100943
10949	1349	0.06100943
10949	3556	0.06100943
10949	3605	0.061009426
10949	875	0.061009422
10949	880	0.061009422
11070	581	0.051910006
11070	6198	0.05191
11070	2552	0.051909998
11070	4342	0.051909998
11070	719	0.051909994
11070	1349	0.051909994
11070	3556	0.051909994
11070	2787	0.05190999
11070	3605	0.05190999
11070	875	0.051909987
11120	581	0.041963603
11120	2552	0.0419636
11120	4342	0.0419636
11120	6198	0.0419636
11120	719	0.041963596
11120	875	0.041963592
11120	880	0.041963592
11120	1349	0.041963592
11120	2651	0.041963592
11120	2787	0.041963592
11224	581	0.08902257
11224	6198	0.08902257
11224	1349	0.08902256
11224	2552	0.08902256
11224	4342	0.08902256
11224	719	0.089022554
11224	3556	0.089022554
11224	875	0.08902255
11224	2787	0.08902255
11224	3605	0.08902255
11245	581	0.06145878
11245	4342	0.061458778
11245	6198	0.061458778
11245	2552	0.061458774
11245	719	0.06145877
11245	1349	0.06145877
11245	3556	0.06145877
11245	3605	0.061458766
11245	2787	0.061458763
11245	3756	0.061458763
11362	581	0.089651264
11362	2552	0.089651264
11362	4342	0.089651264
11362	875	0.08965126
11362	1349	0.08965126
11362	3556	0.08965126
11362	6198	0.08965126
11362	719	0.08965125
11362	3605	0.08965125
11362	365	0.08965124
11400	581	0.05347211
11400	4342	0.053472105
11400	2552	0.0534721
11400	6198	0.0534721
11400	719	0.053472098
11400	1349	0.053472094
11400	3556	0.053472094
11400	3605	0.053472094
11400	3756	0.053472094
11400	365	0.05347209
11529	581	0.045174062
11529	6198	0.045174062
11529	2552	0.04517406
11529	4342	0.04517406
11529	719	0.045174055
11529	1349	0.045174055
11529	2787	0.04517405
11529	3556	0.04517405
11529	3605	0.04517405
11529	365	0.045174047
11601	581	0.07505545
11601	2552	0.07505545
11601	4342	0.07505545
11601	6198	0.07505545
11601	719	0.075055435
11601	875	0.075055435
11601	1349	0.075055435
11601	3556	0.075055435
11601	3605	0.075055435
11601	3663	0.07505543
11621	581	0.04097066
11621	4342	0.040970657
11621	1349	0.040970653
11621	2552	0.040970653
11621	6198	0.040970653
11621	719	0.04097065
11621	3556	0.04097065
11621	365	0.040970646
11621	875	0.040970646
11621	880	0.040970646
11629	581	0.07156741
11629	6198	0.07156741
11629	1349	0.0715674
11629	2552	0.0715674
11629	4342	0.0715674
11629	719	0.071567394
11629	2787	0.071567394
11629	365	0.07156739
11629	875	0.07156739
11629	880	0.07156739
11638	6198	0.064329304
11638	581	0.0643293
11638	1349	0.0643293
11638	2552	0.0643293
11638	3556	0.0643293
11638	4342	0.0643293
11638	719	0.06432929
11638	3605	0.06432929
11638	365	0.06432928
11638	875	0.06432928
11657	581	0.056575548
11657	4342	0.056575544
11657	6198	0.056575544
11657	2552	0.05657554
11657	719	0.056575537
11657	1349	0.056575537
11657	3556	0.056575537
11657	3605	0.056575533
11657	875	0.05657553
11657	880	0.05657553
11687	581	0.048192006
11687	2552	0.048192002
11687	4342	0.048192002
11687	6198	0.048192002
11687	719	0.048192
11687	3556	0.048192
11687	875	0.048191994
11687	1349	0.048191994
11687	3605	0.048191994
11687	3756	0.048191994
11708	581	0.053863414
11708	6198	0.05386341
11708	2552	0.053863406
11708	4342	0.053863406
11708	719	0.0538634
11708	875	0.0538634
11708	1349	0.0538634
11708	3556	0.0538634
11708	3605	0.0538634
11708	3756	0.0538634
11718	581	0.06076682
11718	2552	0.060766816
11718	4342	0.060766816
11718	6198	0.060766816
11718	719	0.06076681
11718	1349	0.06076681
11718	3556	0.06076681
11718	3605	0.060766805
11718	875	0.0607668
11718	2787	0.0607668
11724	581	0.07837811
11724	2552	0.07837811
11724	4342	0.0783781
11724	6198	0.0783781
11724	719	0.078378096
11724	1349	0.078378096
11724	3556	0.078378096
11724	3605	0.078378096
11724	3756	0.078378096
11724	875	0.07837809
11788	581	0.0510645
11788	2552	0.05106449
11788	4342	0.05106449
11788	6198	0.05106449
11788	3556	0.051064488
11788	719	0.051064484
11788	1349	0.051064484
11788	3605	0.051064484
11788	875	0.05106448
11788	3756	0.05106448
11832	581	0.05157395
11832	4342	0.05157395
11832	2552	0.051573947
11832	6198	0.051573947
11832	719	0.05157394
11832	875	0.05157394
11832	1349	0.05157394
11832	3556	0.05157394
11832	3605	0.05157394
11832	3756	0.051573936
11916	6198	0.06802339
11916	581	0.06802338
11916	719	0.06802338
11916	2552	0.06802338
11916	4342	0.06802338
11916	3556	0.068023376
11916	365	0.06802337
11916	875	0.06802337
11916	880	0.06802337
11916	1349	0.06802337
11944	2552	0.059592914
11944	581	0.05959291
11944	4342	0.05959291
11944	6198	0.05959291
11944	719	0.059592906
11944	1349	0.059592906
11944	875	0.059592903
11944	3556	0.059592903
11944	3605	0.059592903
11944	3756	0.0595929
11993	581	0.0762479
11993	2552	0.0762479
11993	6198	0.0762479
11993	4342	0.07624789
11993	719	0.076247886
11993	1349	0.076247886
11993	3556	0.076247886
11993	3605	0.076247886
11993	5147	0.076247886
11993	875	0.07624788
12100	581	0.06121115
12100	4342	0.061211146
12100	6198	0.061211146
12100	2552	0.061211143
12100	719	0.06121114
12100	1349	0.06121114
12100	3556	0.06121114
12100	875	0.06121113
12100	880	0.06121113
12100	2787	0.06121113
12123	581	0.08363198
12123	2552	0.08363198
12123	4342	0.08363198
12123	6198	0.08363198
12123	719	0.08363197
12123	3556	0.08363197
12123	875	0.08363196
12123	1349	0.08363196
12123	2651	0.08363196
12123	3605	0.08363196
12154	581	0.068789914
12154	2552	0.0687899
12154	4342	0.0687899
12154	6198	0.0687899
12154	1349	0.06878989
12154	3556	0.06878989
12154	3605	0.06878989
12154	365	0.068789884
12154	719	0.068789884
12154	875	0.068789884
12194	581	0.06085413
12194	6198	0.060854126
12194	2552	0.060854122
12194	4342	0.060854122
12194	719	0.060854115
12194	1349	0.060854115
12194	3556	0.060854115
12194	3605	0.060854115
12194	875	0.06085411
12194	365	0.060854107
12272	581	0.056381743
12272	2552	0.05638174
12272	6198	0.05638174
12272	1349	0.056381736
12272	4342	0.056381736
12272	719	0.056381732
12272	3556	0.056381732
12272	875	0.05638173
12272	3605	0.05638173
12272	365	0.056381725
12316	581	0.069221735
12316	6198	0.069221735
12316	4342	0.06922173
12316	1349	0.06922172
12316	2552	0.06922172
12316	3556	0.06922172
12316	3605	0.06922172
12316	719	0.06922171
12316	880	0.06922171
12316	2787	0.06922171
12348	2552	0.06841504
12348	6198	0.06841504
12348	581	0.06841503
12348	719	0.06841503
12348	875	0.06841503
12348	4342	0.06841503
12348	1349	0.06841502
12348	2651	0.06841502
12348	3556	0.06841502
12348	365	0.068415016
12515	581	0.05877219
12515	4342	0.05877219
12515	6198	0.05877219
12515	2552	0.058772188
12515	719	0.058772184
12515	1349	0.058772184
12515	3556	0.058772184
12515	3605	0.05877218
12515	1958	0.058772177
12515	2787	0.058772177
12538	581	0.058529228
12538	2552	0.05852922
12538	4342	0.05852922
12538	6198	0.05852922
12538	719	0.058529213
12538	1349	0.058529213
12538	3556	0.058529213
12538	3605	0.058529213
12538	2787	0.05852921
12538	4218	0.05852921
12569	581	0.0685958
12569	2552	0.06859579
12569	4342	0.06859579
12569	6198	0.06859579
12569	719	0.06859578
12569	1349	0.06859578
12569	3556	0.06859578
12569	3605	0.06859578
12569	875	0.068595774
12569	1958	0.068595774
12619	581	0.070071965
12619	6198	0.070071965
12619	2552	0.07007196
12619	4342	0.07007196
12619	719	0.07007195
12619	1349	0.07007195
12619	3556	0.07007195
12619	3605	0.07007195
12619	4218	0.07007195
12619	5147	0.07007195
12698	581	0.0500774
12698	6198	0.050077397
12698	4342	0.050077394
12698	2552	0.05007739
12698	3556	0.05007739
12698	719	0.050077386
12698	875	0.050077386
12698	1349	0.050077386
12698	2787	0.050077386
12698	3605	0.050077386
12702	581	0.049089164
12702	6198	0.049089164
12702	1349	0.049089156
12702	2552	0.049089156
12702	4342	0.049089156
12702	719	0.049089152
12702	3605	0.049089152
12702	875	0.04908915
12702	2787	0.04908915
12702	3556	0.04908915
12707	581	0.06309951
12707	4342	0.06309951
12707	6198	0.06309951
12707	719	0.0630995
12707	2552	0.0630995
12707	3556	0.0630995
12707	1349	0.063099496
12707	2651	0.063099496
12707	3605	0.063099496
12707	3663	0.063099496
12784	581	0.060358122
12784	4342	0.060358122
12784	6198	0.060358122
12784	719	0.060358115
12784	3556	0.060358115
12784	3605	0.060358115
12784	875	0.06035811
12784	1349	0.06035811
12784	880	0.060358107
12784	2651	0.060358107
12811	581	0.05303988
12811	6198	0.05303988
12811	2552	0.05303987
12811	4342	0.05303987
12811	719	0.053039867
12811	3556	0.053039867
12811	1349	0.053039864
12811	2651	0.053039864
12811	3605	0.053039864
12811	3756	0.053039864
12824	2552	0.07808969
12824	4342	0.07808969
12824	6198	0.07808969
12824	719	0.078089684
12824	875	0.078089684
12824	1349	0.078089684
12824	3556	0.078089684
12824	2651	0.07808968
12824	3605	0.07808968
12824	3756	0.07808968
12863	6198	0.06409213
12863	581	0.06409212
12863	719	0.064092115
12863	1349	0.064092115
12863	2552	0.064092115
12863	3556	0.064092115
12863	3756	0.064092115
12863	4342	0.064092115
12863	875	0.06409211
12863	2787	0.06409211
12917	581	0.062766716
12917	2552	0.062766716
12917	4342	0.062766716
12917	6198	0.062766716
12917	719	0.06276671
12917	1349	0.06276671
12917	3556	0.06276671
12917	875	0.0627667
12917	1958	0.0627667
12917	2651	0.0627667
12982	581	0.0481885
12982	4342	0.0481885
12982	6198	0.0481885
12982	2552	0.048188496
12982	719	0.048188493
12982	1349	0.048188493
12982	3556	0.048188493
12982	3605	0.048188493
12982	875	0.048188485
12982	880	0.048188485
12990	581	0.04875979
12990	2552	0.04875979
12990	4342	0.04875979
12990	6198	0.04875979
12990	3556	0.048759785
12990	719	0.04875978
12990	1349	0.04875978
12990	3605	0.04875978
12990	3756	0.048759777
12990	365	0.048759773
13080	581	0.049736388
13080	6198	0.049736388
13080	4342	0.049736384
13080	2552	0.04973638
13080	719	0.049736377
13080	1349	0.049736377
13080	875	0.049736373
13080	880	0.049736373
13080	3556	0.049736373
13080	3605	0.049736373
13082	581	0.06898206
13082	2552	0.06898205
13082	3556	0.06898205
13082	4342	0.06898205
13082	6198	0.06898205
13082	719	0.06898204
13082	1349	0.06898204
13082	875	0.068982035
13082	880	0.068982035
13082	1958	0.068982035
13093	6198	0.08069571
13093	581	0.0806957
13093	2552	0.0806957
13093	4342	0.0806957
13093	1349	0.080695696
13093	719	0.08069569
13093	875	0.08069569
13093	1958	0.08069569
13093	2651	0.08069569
13093	2787	0.08069569
13094	581	0.058822356
13094	6198	0.058822356
13094	2552	0.05882235
13094	3556	0.05882235
13094	4342	0.05882235
13094	1349	0.058822345
13094	719	0.05882234
13094	2787	0.05882234
13094	3605	0.05882234
13094	3756	0.05882234
13126	581	0.06297755
13126	4342	0.06297755
13126	6198	0.06297755
13126	2552	0.062977545
13126	719	0.06297754
13126	875	0.06297754
13126	1349	0.06297754
13126	2787	0.06297754
13126	3556	0.06297754
13126	365	0.06297753
13221	581	0.042971715
13221	4342	0.04297171
13221	719	0.042971708
13221	2552	0.042971708
13221	3556	0.042971708
13221	6198	0.042971708
13221	1349	0.042971704
13221	3605	0.042971704
13221	875	0.0429717
13221	880	0.0429717
13273	581	0.049520295
13273	2552	0.04952029
13273	4342	0.04952029
13273	6198	0.04952029
13273	1349	0.049520288
13273	719	0.049520284
13273	3556	0.049520284
13273	3605	0.049520284
13273	1958	0.04952028
13273	2651	0.04952028
13279	581	0.05931045
13279	4342	0.05931045
13279	6198	0.05931045
13279	2552	0.059310447
13279	1349	0.059310444
13279	719	0.05931044
13279	3556	0.05931044
13279	875	0.059310436
13279	3605	0.059310436
13279	3756	0.059310436
13331	581	0.055412166
13331	6198	0.055412166
13331	2552	0.055412162
13331	4342	0.055412162
13331	719	0.05541216
13331	1349	0.05541216
13331	3556	0.05541216
13331	2787	0.055412155
13331	875	0.05541215
13331	880	0.05541215
13518	581	0.0559444
13518	6198	0.0559444
13518	2552	0.055944398
13518	4342	0.055944398
13518	719	0.055944394
13518	1349	0.05594439
13518	3556	0.05594439
13518	3605	0.05594439
13518	2787	0.055944387
13518	3756	0.055944387
13551	581	0.044314742
13551	2552	0.044314742
13551	4342	0.044314742
13551	6198	0.044314742
13551	1349	0.04431474
13551	719	0.044314735
13551	875	0.044314735
13551	3556	0.044314735
13551	3605	0.044314735
13551	3756	0.044314735
13582	581	0.073795885
13582	2552	0.07379588
13582	6198	0.07379588
13582	719	0.07379587
13582	4342	0.07379587
13582	1349	0.07379586
13582	3556	0.07379586
13582	3605	0.07379586
13582	365	0.073795855
13582	875	0.073795855
13600	581	0.05942039
13600	2552	0.059420384
13600	4342	0.059420384
13600	6198	0.059420384
13600	719	0.059420377
13600	1349	0.059420377
13600	3605	0.059420377
13600	3556	0.059420373
13600	1958	0.05942037
13600	2651	0.05942037
13604	581	0.052825943
13604	6198	0.052825943
13604	4342	0.05282594
13604	1349	0.052825935
13604	2552	0.052825935
13604	719	0.05282593
13604	3556	0.05282593
13604	875	0.052825928
13604	2787	0.052825928
13604	3422	0.052825928
13664	6198	0.046540245
13664	581	0.04654024
13664	4342	0.04654024
13664	719	0.046540238
13664	1349	0.046540238
13664	2552	0.046540238
13664	3556	0.046540238
13664	3605	0.046540234
13664	875	0.04654023
13664	880	0.04654023
13666	581	0.059992034
13666	2552	0.05999203
13666	6198	0.05999203
13666	4342	0.059992027
13666	719	0.059992023
13666	1349	0.059992023
13666	3556	0.05999202
13666	875	0.059992015
13666	2787	0.059992015
13666	3605	0.059992015
13733	581	0.052719846
13733	2552	0.052719846
13733	4342	0.052719846
13733	6198	0.052719846
13733	719	0.05271984
13733	1349	0.05271984
13733	3556	0.05271984
13733	875	0.052719835
13733	3605	0.052719835
13733	880	0.05271983
13850	581	0.0748228
13850	6198	0.07482279
13850	1349	0.07482278
13850	2552	0.07482278
13850	3556	0.07482278
13850	3605	0.07482278
13850	4342	0.07482278
13850	719	0.074822776
13850	365	0.07482277
13850	875	0.07482277
13973	581	0.06873151
13973	6198	0.0687315
13973	719	0.068731494
13973	1349	0.068731494
13973	2552	0.068731494
13973	4342	0.068731494
13973	875	0.06873149
13973	2787	0.06873149
13973	3556	0.06873149
13973	3605	0.06873149
13995	581	0.06497365
13995	2552	0.06497365
13995	4342	0.06497365
13995	6198	0.06497365
13995	719	0.06497364
13995	875	0.06497364
13995	880	0.06497364
13995	1349	0.06497364
13995	2651	0.06497364
13995	2787	0.06497364
14049	581	0.051798694
14049	4342	0.051798694
14049	6198	0.051798694
14049	2552	0.05179869
14049	719	0.051798683
14049	1349	0.051798683
14049	3556	0.051798683
14049	365	0.05179868
14049	875	0.05179868
14049	880	0.05179868
14180	581	0.053677328
14180	2552	0.053677328
14180	4342	0.053677328
14180	6198	0.053677328
14180	719	0.05367732
14180	1349	0.05367732
14180	3556	0.05367732
14180	875	0.053677317
14180	3605	0.053677317
14180	365	0.053677313
14271	581	0.06958085
14271	2552	0.06958085
14271	6198	0.06958085
14271	3556	0.069580846
14271	4342	0.069580846
14271	719	0.06958084
14271	875	0.06958084
14271	1349	0.06958084
14271	2787	0.06958084
14271	3605	0.06958084
14374	581	0.06323906
14374	2552	0.06323906
14374	6198	0.06323906
14374	1349	0.06323905
14374	3556	0.06323905
14374	3605	0.06323905
14374	4342	0.06323905
14374	719	0.063239045
14374	875	0.063239045
14374	2651	0.063239045
14387	581	0.051698703
14387	6198	0.051698703
14387	2552	0.0516987
14387	3556	0.0516987
14387	4342	0.0516987
14387	1349	0.051698696
14387	719	0.051698692
14387	875	0.051698692
14387	2787	0.051698692
14387	3605	0.051698692
14393	581	0.06180846
14393	2552	0.06180846
14393	4342	0.06180846
14393	6198	0.06180846
14393	719	0.061808452
14393	1349	0.061808452
14393	3556	0.061808452
14393	875	0.061808445
14393	2787	0.061808445
14393	3605	0.061808445
14422	6198	0.069867305
14422	2552	0.0698673
14422	3556	0.0698673
14422	4342	0.0698673
14422	719	0.06986729
14422	4218	0.06986729
14422	365	0.06986728
14422	875	0.06986728
14422	880	0.06986728
14422	1349	0.06986728
14456	581	0.07168983
14456	2552	0.07168983
14456	4342	0.07168983
14456	6198	0.07168983
14456	719	0.071689814
14456	875	0.071689814
14456	1349	0.071689814
14456	3556	0.071689814
14456	3605	0.071689814
14456	3756	0.071689814
14461	581	0.057948828
14461	6198	0.057948828
14461	2552	0.057948824
14461	1349	0.05794882
14461	3556	0.05794882
14461	4342	0.05794882
14461	719	0.057948817
14461	3605	0.057948817
14461	875	0.057948813
14461	880	0.057948813
14521	6198	0.075562805
14521	581	0.0755628
14521	719	0.07556279
14521	1349	0.07556279
14521	2552	0.07556279
14521	4342	0.07556279
14521	3556	0.07556278
14521	3605	0.07556278
14521	365	0.075562775
14521	880	0.075562775
14638	581	0.046165906
14638	4342	0.046165906
14638	6198	0.046165906
14638	2552	0.046165902
14638	719	0.0461659
14638	1349	0.0461659
14638	3556	0.0461659
14638	3756	0.0461659
14638	875	0.046165895
14638	3605	0.046165895
14667	581	0.06249055
14667	2552	0.06249055
14667	4342	0.06249055
14667	6198	0.06249055
14667	1349	0.062490545
14667	719	0.06249054
14667	3556	0.06249054
14667	3605	0.06249054
14667	1958	0.062490534
14667	3756	0.062490534
14698	581	0.062050544
14698	6198	0.062050544
14698	2552	0.06205054
14698	4342	0.06205054
14698	719	0.062050536
14698	1349	0.062050536
14698	3556	0.062050536
14698	875	0.06205053
14698	1958	0.06205053
14698	2787	0.06205053
14744	581	0.07177449
14744	2552	0.07177449
14744	6198	0.07177449
14744	719	0.07177448
14744	1349	0.07177448
14744	3556	0.07177448
14744	3605	0.07177448
14744	4342	0.07177448
14744	2787	0.071774475
14744	365	0.07177447
14768	581	0.059230562
14768	2552	0.05923056
14768	4342	0.05923056
14768	6198	0.05923056
14768	719	0.05923055
14768	1349	0.05923055
14768	3556	0.059230547
14768	3605	0.059230547
14768	365	0.059230544
14768	875	0.059230544
14897	581	0.042369433
14897	6198	0.04236943
14897	2552	0.042369425
14897	3556	0.042369425
14897	4342	0.042369425
14897	719	0.04236942
14897	1349	0.04236942
14897	365	0.042369418
14897	875	0.042369418
14897	1173	0.042369418
15021	581	0.06326716
15021	2552	0.06326716
15021	6198	0.06326716
15021	719	0.06326715
15021	1349	0.06326715
15021	3605	0.06326715
15021	4342	0.06326715
15021	875	0.06326714
15021	880	0.06326714
15021	1958	0.06326714
15046	581	0.05972985
15046	2552	0.059729844
15046	4342	0.059729844
15046	6198	0.059729844
15046	719	0.059729837
15046	875	0.059729837
15046	1349	0.059729837
15046	3556	0.059729837
15046	2787	0.059729833
15046	3756	0.059729833
15049	581	0.066048786
15049	1349	0.066048786
15049	2552	0.066048786
15049	4342	0.066048786
15049	6198	0.066048786
15049	719	0.06604877
15049	875	0.06604877
15049	880	0.06604877
15049	1958	0.06604877
15049	2651	0.06604877
15144	2552	0.050180938
15144	4342	0.050180938
15144	6198	0.050180938
15144	581	0.050180934
15144	719	0.050180934
15144	1349	0.050180934
15144	3556	0.05018093
15144	875	0.050180927
15144	2787	0.050180927
15144	3605	0.050180927
15408	581	0.043914065
15408	4342	0.04391406
15408	6198	0.04391406
15408	2552	0.043914057
15408	719	0.043914054
15408	1349	0.043914054
15408	3556	0.043914054
15408	3605	0.043914054
15408	875	0.04391405
15408	2787	0.04391405
15418	581	0.07379936
15418	2552	0.07379936
15418	4342	0.07379936
15418	6198	0.07379936
15418	719	0.07379935
15418	875	0.07379934
15418	880	0.07379934
15418	1349	0.07379934
15418	2651	0.07379934
15418	2787	0.07379934
15497	581	0.059204154
15497	6198	0.059204154
15497	2552	0.05920415
15497	4342	0.05920415
15497	719	0.059204146
15497	1349	0.059204146
15497	3556	0.059204146
15497	3605	0.059204143
15497	365	0.05920414
15497	875	0.05920414
15602	581	0.058878187
15602	2552	0.058878183
15602	4342	0.058878183
15602	6198	0.058878183
15602	1349	0.05887818
15602	719	0.058878176
15602	875	0.058878176
15602	3556	0.058878176
15602	3605	0.058878176
15602	3756	0.058878172
15651	581	0.04670439
15651	2552	0.04670439
15651	6198	0.04670439
15651	4342	0.046704385
15651	719	0.04670438
15651	1349	0.04670438
15651	3556	0.04670438
15651	3605	0.04670438
15651	875	0.046704378
15651	4218	0.046704378
15654	581	0.051201236
15654	2552	0.05120123
15654	4342	0.05120123
15654	6198	0.05120123
15654	719	0.051201228
15654	1349	0.051201224
15654	2787	0.051201224
15654	3556	0.051201224
15654	3605	0.051201224
15654	365	0.05120122
15670	581	0.052865375
15670	6198	0.052865375
15670	2552	0.05286537
15670	4342	0.05286537
15670	719	0.052865367
15670	3556	0.052865367
15670	875	0.052865364
15670	1349	0.052865364
15670	3605	0.052865364
15670	2787	0.05286536
15819	581	0.074448995
15819	2552	0.07444899
15819	4342	0.07444899
15819	6198	0.07444899
15819	719	0.07444898
15819	1349	0.07444898
15819	875	0.07444897
15819	1958	0.07444897
15819	2651	0.07444897
15819	2787	0.07444897
15845	581	0.06633115
15845	2552	0.06633115
15845	4342	0.06633115
15845	6198	0.06633115
15845	719	0.06633114
15845	1349	0.06633114
15845	3556	0.06633114
15845	365	0.06633113
15845	875	0.06633113
15845	880	0.06633113
15945	581	0.04880894
15945	2552	0.048808932
15945	4342	0.048808932
15945	6198	0.048808932
15945	3556	0.04880893
15945	719	0.048808925
15945	875	0.048808925
15945	1349	0.048808925
15945	3605	0.048808925
15945	4218	0.048808925
15957	581	0.075860366
15957	2552	0.075860366
15957	6198	0.075860366
15957	1349	0.07586036
15957	4342	0.07586036
15957	719	0.07586035
15957	875	0.07586035
15957	2651	0.07586035
15957	2787	0.07586035
15957	3556	0.07586035
16009	581	0.054517247
16009	1349	0.05451724
16009	2552	0.05451724
16009	4342	0.05451724
16009	6198	0.05451724
16009	3556	0.054517236
16009	719	0.054517232
16009	3605	0.054517232
16009	880	0.05451723
16009	2787	0.05451723
16010	6198	0.057621296
16010	581	0.057621293
16010	2552	0.05762129
16010	4342	0.05762129
16010	719	0.057621285
16010	1349	0.057621285
16010	3556	0.057621285
16010	3605	0.05762128
16010	875	0.057621278
16010	1958	0.057621278
16036	581	0.06516378
16036	1349	0.06516377
16036	2552	0.06516377
16036	4342	0.06516377
16036	6198	0.06516377
16036	719	0.06516376
16036	875	0.06516376
16036	1958	0.06516376
16036	2787	0.06516376
16036	3556	0.06516376
16046	581	0.042573072
16046	2552	0.042573072
16046	4342	0.042573072
16046	6198	0.042573072
16046	719	0.042573065
16046	1349	0.042573065
16046	3556	0.042573065
16046	3756	0.042573065
16046	365	0.04257306
16046	875	0.04257306
16106	581	0.07063176
16106	4342	0.07063175
16106	1349	0.07063174
16106	2552	0.07063174
16106	3556	0.07063174
16106	6198	0.07063174
16106	719	0.070631735
16106	3605	0.070631735
16106	3756	0.070631735
16106	365	0.07063173
16121	581	0.06046726
16121	2552	0.060467258
16121	6198	0.060467258
16121	4342	0.060467254
16121	719	0.06046725
16121	3556	0.060467247
16121	875	0.060467243
16121	1349	0.060467243
16121	3605	0.060467243
16121	3756	0.060467243
16155	6198	0.05694771
16155	581	0.056947708
16155	2552	0.056947708
16155	4342	0.056947708
16155	719	0.0569477
16155	1349	0.0569477
16155	3556	0.0569477
16155	3605	0.056947697
16155	3663	0.056947697
16155	875	0.056947693
16161	581	0.06603477
16161	719	0.066034764
16161	2552	0.066034764
16161	3556	0.066034764
16161	4342	0.066034764
16161	6198	0.066034764
16161	1349	0.06603476
16161	2651	0.06603476
16161	3756	0.06603476
16161	365	0.06603475
16231	581	0.06517187
16231	2552	0.06517187
16231	4342	0.06517187
16231	6198	0.06517187
16231	3556	0.06517186
16231	365	0.06517185
16231	719	0.06517185
16231	875	0.06517185
16231	1349	0.06517185
16231	2651	0.06517185
16246	581	0.047830433
16246	4342	0.047830433
16246	6198	0.047830433
16246	2552	0.04783043
16246	719	0.047830425
16246	1349	0.047830425
16246	3556	0.047830425
16246	3605	0.047830425
16246	3756	0.047830425
16246	2787	0.04783042
16263	6198	0.060060825
16263	581	0.06006082
16263	2552	0.06006082
16263	4342	0.06006082
16263	719	0.060060814
16263	1349	0.060060814
16263	3556	0.060060814
16263	3605	0.06006081
16263	365	0.060060807
16263	875	0.060060807
16383	581	0.054389637
16383	6198	0.054389633
16383	2552	0.05438963
16383	719	0.054389626
16383	1349	0.054389626
16383	4342	0.054389626
16383	3556	0.054389622
16383	3605	0.054389622
16383	2787	0.05438962
16383	3756	0.05438962
16488	6198	0.06091338
16488	581	0.060913377
16488	2552	0.060913377
16488	4342	0.060913377
16488	719	0.06091337
16488	1349	0.06091337
16488	3556	0.06091337
16488	875	0.060913365
16488	365	0.06091336
16488	880	0.06091336
16504	581	0.052603915
16504	2552	0.052603908
16504	4342	0.052603908
16504	6198	0.052603908
16504	1349	0.052603904
16504	3556	0.052603904
16504	719	0.0526039
16504	3605	0.0526039
16504	3756	0.0526039
16504	875	0.052603897
16510	581	0.05270175
16510	2552	0.05270175
16510	4342	0.05270175
16510	6198	0.05270175
16510	1349	0.052701745
16510	719	0.05270174
16510	875	0.05270174
16510	2651	0.05270174
16510	3556	0.05270174
16510	3578	0.052701738
16545	581	0.06776563
16545	1349	0.06776562
16545	2552	0.06776562
16545	3556	0.06776562
16545	4342	0.06776562
16545	6198	0.06776562
16545	719	0.067765616
16545	875	0.067765616
16545	3605	0.067765616
16545	365	0.06776561
16551	6198	0.05889682
16551	581	0.058896817
16551	2552	0.058896817
16551	4342	0.058896817
16551	719	0.058896814
16551	1349	0.058896814
16551	875	0.05889681
16551	2651	0.05889681
16551	2787	0.05889681
16551	3556	0.05889681
16599	581	0.071903124
16599	1349	0.07190311
16599	2552	0.07190311
16599	3556	0.07190311
16599	4342	0.07190311
16599	6198	0.07190311
16599	719	0.0719031
16599	875	0.0719031
16599	3605	0.0719031
16599	3756	0.0719031
16601	581	0.06857714
16601	6198	0.06857714
16601	2552	0.06857713
16601	4342	0.06857713
16601	719	0.068577126
16601	1349	0.068577126
16601	3556	0.068577126
16601	3605	0.068577126
16601	3756	0.068577126
16601	5147	0.068577126
16666	581	0.048706792
16666	6198	0.04870679
16666	1349	0.048706785
16666	2552	0.048706785
16666	4342	0.048706785
16666	719	0.04870678
16666	3556	0.04870678
16666	3605	0.04870678
16666	875	0.048706777
16666	1958	0.048706777
16718	581	0.086349756
16718	6198	0.08634975
16718	719	0.08634974
16718	1349	0.08634974
16718	2552	0.08634974
16718	4342	0.08634974
16718	3556	0.08634973
16718	365	0.086349726
16718	875	0.086349726
16718	880	0.086349726
16721	581	0.04908441
16721	6198	0.04908441
16721	2552	0.049084406
16721	4342	0.049084406
16721	719	0.049084403
16721	1349	0.049084403
16721	3556	0.049084403
16721	875	0.0490844
16721	2787	0.0490844
16721	3605	0.0490844
16755	581	0.050940685
16755	6198	0.050940685
16755	4342	0.05094068
16755	2552	0.050940678
16755	719	0.050940674
16755	1349	0.050940674
16755	3556	0.050940674
16755	3605	0.050940674
16755	875	0.05094067
16755	880	0.05094067
16777	581	0.06099309
16777	6198	0.06099309
16777	2552	0.060993087
16777	4342	0.060993087
16777	719	0.060993083
16777	1349	0.060993083
16777	3556	0.060993083
16777	875	0.060993075
16777	880	0.060993075
16777	2651	0.060993075
16781	581	0.051494375
16781	6198	0.05149437
16781	719	0.051494367
16781	1349	0.051494367
16781	2552	0.051494367
16781	4342	0.051494367
16781	2787	0.05149436
16781	3556	0.05149436
16781	3605	0.05149436
16781	875	0.051494356
16798	581	0.05934014
16798	2552	0.059340134
16798	4342	0.059340134
16798	6198	0.059340134
16798	719	0.05934013
16798	875	0.05934013
16798	3556	0.05934013
16798	1349	0.059340127
16798	2651	0.059340127
16798	3756	0.059340127
16818	581	0.049935088
16818	2552	0.049935088
16818	4342	0.049935088
16818	6198	0.049935088
16818	719	0.04993508
16818	1349	0.04993508
16818	3556	0.04993508
16818	365	0.049935073
16818	875	0.049935073
16818	880	0.049935073
16877	581	0.06825033
16877	6198	0.06825033
16877	2552	0.06825032
16877	4342	0.06825032
16877	719	0.06825031
16877	1349	0.06825031
16877	3556	0.06825031
16877	3605	0.06825031
16877	875	0.068250306
16877	880	0.068250306
16908	6198	0.079046436
16908	581	0.07904643
16908	719	0.07904643
16908	2552	0.07904643
16908	1349	0.07904642
16908	3556	0.07904642
16908	4342	0.07904642
16908	875	0.07904641
16908	2651	0.07904641
16908	2787	0.07904641
16916	6198	0.07663233
16916	581	0.07663232
16916	2552	0.07663232
16916	4342	0.07663232
16916	719	0.07663231
16916	1349	0.07663231
16916	3556	0.07663231
16916	875	0.076632306
16916	1958	0.076632306
16916	2651	0.076632306
16943	581	0.047602355
16943	6198	0.047602355
16943	4342	0.04760235
16943	719	0.047602348
16943	875	0.047602348
16943	1349	0.047602348
16943	2552	0.047602348
16943	3556	0.047602348
16943	365	0.04760234
16943	880	0.04760234
16949	581	0.06541382
16949	4342	0.06541382
16949	6198	0.06541382
16949	2552	0.06541381
16949	3556	0.06541381
16949	719	0.0654138
16949	875	0.0654138
16949	1349	0.0654138
16949	2787	0.0654138
16949	3605	0.0654138
16966	581	0.09924632
16966	6198	0.09924632
16966	2552	0.099246316
16966	4342	0.099246316
16966	719	0.09924631
16966	1349	0.09924631
16966	3556	0.09924631
16966	3605	0.09924631
16966	875	0.0992463
16966	2787	0.0992463
16996	581	0.060090933
16996	4342	0.06009093
16996	6198	0.06009093
16996	2552	0.060090926
16996	719	0.06009092
16996	3556	0.06009092
16996	875	0.060090918
16996	1349	0.060090918
16996	3605	0.060090918
16996	880	0.060090914
16999	581	0.07266882
16999	2552	0.07266882
16999	4342	0.07266882
16999	6198	0.07266882
16999	1349	0.07266881
16999	719	0.072668806
16999	3556	0.072668806
16999	3605	0.072668806
16999	875	0.0726688
16999	880	0.0726688
17003	581	0.07131071
17003	2552	0.0713107
17003	4342	0.0713107
17003	6198	0.0713107
17003	719	0.07131069
17003	365	0.071310684
17003	875	0.071310684
17003	880	0.071310684
17003	1349	0.071310684
17003	2787	0.071310684
17046	581	0.05457046
17046	6198	0.054570455
17046	2552	0.05457045
17046	4342	0.05457045
17046	1349	0.054570448
17046	3556	0.054570448
17046	719	0.054570444
17046	3605	0.054570444
17046	3756	0.054570444
17046	875	0.05457044
17159	581	0.04950469
17159	2552	0.04950469
17159	4342	0.04950469
17159	6198	0.04950469
17159	719	0.049504682
17159	875	0.049504682
17159	1349	0.049504682
17159	3556	0.049504682
17159	3605	0.049504682
17159	2787	0.04950468
17177	581	0.063319914
17177	1349	0.06331991
17177	2552	0.06331991
17177	4342	0.06331991
17177	6198	0.06331991
17177	719	0.0633199
17177	3556	0.0633199
17177	3605	0.0633199
17177	365	0.06331989
17177	875	0.06331989
17183	581	0.070586145
17183	2552	0.070586145
17183	4342	0.070586145
17183	6198	0.070586145
17183	719	0.07058613
17183	875	0.07058613
17183	1349	0.07058613
17183	2651	0.07058613
17183	3556	0.07058613
17183	3605	0.07058613
17190	581	0.050858896
17190	4342	0.050858893
17190	6198	0.050858893
17190	719	0.050858885
17190	1349	0.050858885
17190	2552	0.050858885
17190	3556	0.050858885
17190	3605	0.05085888
17190	365	0.050858878
17190	875	0.050858878
17233	581	0.065131694
17233	1349	0.065131694
17233	2552	0.065131694
17233	4342	0.065131694
17233	6198	0.065131694
17233	719	0.06513169
17233	3556	0.06513169
17233	365	0.06513168
17233	875	0.06513168
17233	880	0.06513168
17282	581	0.07914959
17282	6198	0.07914959
17282	719	0.079149574
17282	1349	0.079149574
17282	2552	0.079149574
17282	3556	0.079149574
17282	3605	0.079149574
17282	4342	0.079149574
17282	875	0.07914956
17282	880	0.07914956
17402	581	0.06561904
17402	6198	0.06561904
17402	3556	0.06561903
17402	4342	0.06561903
17402	719	0.06561902
17402	875	0.06561902
17402	1349	0.06561902
17402	2552	0.06561902
17402	3605	0.06561902
17402	3756	0.06561902
17507	581	0.050338894
17507	4342	0.05033889
17507	6198	0.05033889
17507	719	0.050338887
17507	1349	0.050338887
17507	2552	0.050338887
17507	3556	0.050338887
17507	365	0.05033888
17507	875	0.05033888
17507	2651	0.05033888
17596	581	0.060808294
17596	4342	0.06080829
17596	6198	0.06080829
17596	719	0.060808286
17596	2552	0.060808286
17596	3556	0.060808286
17596	875	0.060808282
17596	1349	0.060808282
17596	2651	0.06080828
17596	2787	0.06080828
17667	581	0.11063635
17667	2552	0.11063635
17667	4342	0.11063635
17667	6198	0.11063635
17667	719	0.11063634
17667	1349	0.11063634
17667	3556	0.11063634
17667	3605	0.11063634
17667	875	0.11063633
17667	365	0.11063632
17761	581	0.045281015
17761	6198	0.045281015
17761	4342	0.04528101
17761	1349	0.045281008
17761	2552	0.045281008
17761	3556	0.045281008
17761	719	0.045281004
17761	3605	0.045281004
17761	365	0.045281
17761	875	0.045281
17859	581	0.047739178
17859	2552	0.047739178
17859	4342	0.047739178
17859	6198	0.047739178
17859	719	0.04773917
17859	1349	0.04773917
17859	3556	0.04773917
17859	2787	0.047739167
17859	3605	0.047739167
17859	3756	0.047739167
17894	6198	0.058810882
17894	581	0.058810875
17894	2552	0.058810875
17894	3556	0.058810875
17894	4342	0.058810875
17894	1349	0.05881087
17894	719	0.058810867
17894	875	0.058810867
17894	3605	0.058810867
17894	3756	0.058810864
17906	581	0.054755513
17906	6198	0.054755513
17906	2552	0.05475551
17906	4342	0.05475551
17906	719	0.0547555
17906	1349	0.0547555
17906	2787	0.0547555
17906	3556	0.0547555
17906	3605	0.0547555
17906	875	0.054755494
17950	581	0.08021636
17950	1349	0.08021635
17950	4342	0.08021635
17950	6198	0.08021635
17950	719	0.08021634
17950	3556	0.08021634
17950	875	0.08021633
17950	1958	0.08021633
17950	2651	0.08021633
17950	2787	0.08021633
17970	581	0.06339194
17970	1349	0.06339194
17970	2552	0.06339194
17970	4342	0.06339194
17970	6198	0.06339194
17970	3556	0.06339193
17970	3605	0.06339193
17970	365	0.063391924
17970	719	0.063391924
17970	875	0.063391924
18067	581	0.09054148
18067	6198	0.090541475
18067	719	0.09054147
18067	1349	0.09054147
18067	2552	0.09054147
18067	4342	0.09054147
18067	3556	0.09054146
18067	875	0.09054145
18067	1958	0.09054145
18067	2651	0.09054145
18082	581	0.070292994
18082	2552	0.070292994
18082	4342	0.070292994
18082	6198	0.070292994
18082	719	0.07029298
18082	1349	0.07029298
18082	3556	0.07029298
18082	3605	0.07029298
18082	875	0.07029297
18082	2787	0.07029297
18095	581	0.056613892
18095	6198	0.056613892
18095	2552	0.05661389
18095	4342	0.05661389
18095	719	0.056613885
18095	1349	0.05661388
18095	3556	0.05661388
18095	875	0.056613877
18095	2787	0.056613877
18095	3605	0.056613877
18096	581	0.03426797
18096	2552	0.03426797
18096	4342	0.03426797
18096	6198	0.03426797
18096	365	0.034267962
18096	719	0.034267962
18096	875	0.034267962
18096	880	0.034267962
18096	1349	0.034267962
18096	2787	0.034267962
18155	6198	0.05066324
18155	581	0.050663237
18155	2552	0.050663233
18155	3556	0.050663233
18155	4342	0.050663233
18155	719	0.05066323
18155	875	0.05066323
18155	1349	0.05066323
18155	365	0.050663225
18155	2787	0.050663225
18172	581	0.057304952
18172	2552	0.05730495
18172	4342	0.05730495
18172	6198	0.05730495
18172	1349	0.057304945
18172	3556	0.057304945
18172	719	0.05730494
18172	3605	0.05730494
18172	2787	0.057304937
18172	365	0.057304934
18176	581	0.043844387
18176	2552	0.043844383
18176	4342	0.043844383
18176	6198	0.043844383
18176	719	0.043844376
18176	1349	0.043844376
18176	3556	0.043844376
18176	3756	0.043844376
18176	365	0.043844372
18176	875	0.043844372
18203	6198	0.05034931
18203	2552	0.050349303
18203	4342	0.050349303
18203	719	0.0503493
18203	1349	0.0503493
18203	3556	0.0503493
18203	875	0.050349295
18203	880	0.050349295
18203	3605	0.050349295
18203	3756	0.050349295
18311	581	0.04923299
18311	2552	0.049232982
18311	4342	0.049232982
18311	6198	0.049232982
18311	3556	0.04923298
18311	719	0.049232975
18311	875	0.049232975
18311	1349	0.049232975
18311	3605	0.049232975
18311	3756	0.049232975
18384	581	0.0674534
18384	2552	0.06745339
18384	4342	0.06745339
18384	719	0.067453384
18384	1349	0.067453384
18384	3556	0.067453384
18384	3605	0.067453384
18384	3756	0.067453384
18384	6198	0.067453384
18384	875	0.06745338
18401	2552	0.06531405
18401	6198	0.06531405
18401	581	0.06531404
18401	1349	0.06531404
18401	4342	0.06531404
18401	719	0.06531403
18401	3605	0.06531403
18401	875	0.065314025
18401	880	0.065314025
18401	1173	0.065314025
18439	581	0.076200515
18439	2552	0.076200515
18439	4342	0.076200515
18439	6198	0.076200515
18439	719	0.0762005
18439	875	0.0762005
18439	1349	0.0762005
18439	2787	0.0762005
18439	3556	0.0762005
18439	3605	0.0762005
18689	581	0.050877407
18689	2552	0.050877403
18689	4342	0.050877403
18689	6198	0.050877403
18689	719	0.0508774
18689	1349	0.0508774
18689	3556	0.0508774
18689	3605	0.050877396
18689	875	0.050877392
18689	880	0.050877392
18979	581	0.050683137
18979	4342	0.050683133
18979	6198	0.050683133
18979	1349	0.05068313
18979	2552	0.05068313
18979	3556	0.05068313
18979	719	0.050683126
18979	2787	0.050683126
18979	3605	0.050683126
18979	875	0.050683122
19085	581	0.07433911
19085	2552	0.07433911
19085	4342	0.07433911
19085	6198	0.07433911
19085	719	0.0743391
19085	3556	0.0743391
19085	875	0.07433909
19085	880	0.07433909
19085	1349	0.07433909
19085	1958	0.07433909
19107	581	0.05877453
19107	2552	0.05877453
19107	4342	0.05877453
19107	6198	0.05877453
19107	719	0.058774523
19107	1349	0.058774523
19107	3556	0.058774523
19107	3605	0.05877452
19107	365	0.058774516
19107	875	0.058774516
19145	581	0.06092813
19145	2552	0.06092813
19145	4342	0.06092813
19145	6198	0.06092813
19145	719	0.06092812
19145	1349	0.06092812
19145	3556	0.06092812
19145	875	0.060928117
19145	3605	0.060928117
19145	880	0.060928114
19233	581	0.057118587
19233	2552	0.05711858
19233	4342	0.05711858
19233	6198	0.05711858
19233	719	0.057118572
19233	1349	0.057118572
19233	3556	0.057118572
19233	3605	0.05711857
19233	3756	0.05711857
19233	365	0.057118565
19336	581	0.059469283
19336	2552	0.059469283
19336	4342	0.05946928
19336	6198	0.05946928
19336	1349	0.059469275
19336	719	0.05946927
19336	875	0.059469268
19336	2787	0.059469268
19336	3556	0.059469268
19336	3605	0.059469268
19362	581	0.066701815
19362	6198	0.066701815
19362	2552	0.06670181
19362	4342	0.06670181
19362	719	0.0667018
19362	875	0.0667018
19362	1349	0.0667018
19362	2787	0.0667018
19362	3556	0.0667018
19362	3605	0.0667018
19429	581	0.057790633
19429	2552	0.05779063
19429	4342	0.05779063
19429	6198	0.05779063
19429	719	0.057790626
19429	1349	0.057790622
19429	3556	0.057790622
19429	3605	0.057790622
19429	875	0.05779062
19429	2787	0.05779062
19493	581	0.077864066
19493	719	0.07786405
19493	1349	0.07786405
19493	2552	0.07786405
19493	4342	0.07786405
19493	6198	0.07786405
19493	3556	0.07786404
19493	3605	0.07786404
19493	365	0.077864036
19493	875	0.077864036
19503	581	0.061008886
19503	6198	0.06100888
19503	2552	0.061008878
19503	3556	0.061008878
19503	4342	0.061008878
19503	719	0.06100887
19503	875	0.06100887
19503	1349	0.06100887
19503	3605	0.06100887
19503	2787	0.061008867
19570	581	0.07297694
19570	6198	0.07297694
19570	2552	0.07297693
19570	4342	0.07297693
19570	1349	0.072976924
19570	3556	0.072976924
19570	719	0.07297692
19570	875	0.07297692
19570	1958	0.07297692
19570	2787	0.07297692
19571	581	0.04699766
19571	6198	0.04699766
19571	2552	0.046997655
19571	4342	0.046997655
19571	719	0.04699765
19571	875	0.04699765
19571	1349	0.04699765
19571	3556	0.04699765
19571	3756	0.046997648
19571	5214	0.046997648
19573	581	0.07076451
19573	2552	0.07076451
19573	4342	0.07076451
19573	6198	0.07076451
19573	1349	0.070764504
19573	3556	0.070764504
19573	719	0.0707645
19573	875	0.0707645
19573	880	0.0707645
19573	2651	0.0707645
19659	6198	0.058857657
19659	4342	0.058857653
19659	1349	0.05885765
19659	2552	0.05885765
19659	719	0.058857646
19659	3556	0.058857642
19659	3605	0.058857642
19659	880	0.05885764
19659	2651	0.05885764
19659	2787	0.05885764
19664	581	0.07288971
19664	2552	0.0728897
19664	4342	0.0728897
19664	6198	0.0728897
19664	1349	0.07288969
19664	365	0.072889686
19664	719	0.072889686
19664	875	0.072889686
19664	880	0.072889686
19664	2651	0.072889686
19681	581	0.04729511
19681	6198	0.04729511
19681	2552	0.047295105
19681	1349	0.0472951
19681	3556	0.0472951
19681	4342	0.0472951
19681	719	0.047295097
19681	875	0.047295097
19681	3605	0.047295097
19681	365	0.047295094
19711	581	0.05557052
19711	2552	0.05557052
19711	6198	0.05557052
19711	719	0.055570513
19711	1349	0.055570513
19711	4342	0.055570513
19711	875	0.05557051
19711	3605	0.05557051
19711	880	0.055570506
19711	2651	0.055570506
19760	581	0.06532347
19760	2552	0.06532347
19760	6198	0.06532347
19760	719	0.065323465
19760	1349	0.065323465
19760	4342	0.065323465
19760	875	0.06532346
19760	2787	0.06532346
19760	3556	0.06532346
19760	3605	0.06532346
19842	4342	0.05733738
19842	6198	0.05733738
19842	1349	0.057337377
19842	2552	0.057337377
19842	719	0.057337373
19842	3556	0.057337373
19842	875	0.05733737
19842	2787	0.05733737
19842	3605	0.05733737
19842	1173	0.057337366
19972	581	0.077373326
19972	2552	0.077373326
19972	4342	0.077373326
19972	6198	0.077373326
19972	719	0.07737332
19972	875	0.07737331
19972	880	0.07737331
19972	1349	0.07737331
19972	2651	0.07737331
19972	3556	0.07737331
20005	6198	0.06367843
20005	581	0.06367842
20005	2552	0.06367842
20005	4342	0.06367842
20005	719	0.06367841
20005	1349	0.06367841
20005	3556	0.06367841
20005	875	0.063678406
20005	1958	0.063678406
20005	2787	0.063678406
20032	581	0.06053572
20032	4342	0.06053572
20032	6198	0.06053572
20032	2552	0.060535718
20032	719	0.060535714
20032	1349	0.060535714
20032	3556	0.06053571
20032	875	0.060535707
20032	2787	0.060535707
20032	3605	0.060535707
20034	581	0.061819393
20034	6198	0.061819393
20034	2552	0.06181939
20034	4342	0.06181939
20034	719	0.061819382
20034	1349	0.061819382
20034	3556	0.061819382
20034	3605	0.06181938
20034	365	0.061819375
20034	875	0.061819375
20060	581	0.09510168
20060	2552	0.09510168
20060	4342	0.09510168
20060	6198	0.09510168
20060	1349	0.09510167
20060	3556	0.09510167
20060	719	0.09510166
20060	875	0.095101655
20060	880	0.095101655
20060	2651	0.095101655
20106	6198	0.056847632
20106	1349	0.056847624
20106	2552	0.056847624
20106	3556	0.056847624
20106	4342	0.056847624
20106	719	0.05684762
20106	875	0.056847617
20106	3605	0.056847617
20106	3756	0.056847617
20106	5147	0.056847617
20115	6198	0.05700846
20115	581	0.057008456
20115	2552	0.057008453
20115	4342	0.057008453
20115	719	0.057008445
20115	875	0.057008445
20115	1349	0.057008445
20115	3556	0.057008445
20115	3605	0.057008445
20115	2787	0.05700844
20119	6198	0.07075871
20119	581	0.0707587
20119	2552	0.0707587
20119	4342	0.0707587
20119	719	0.07075869
20119	1349	0.07075869
20119	3556	0.07075869
20119	875	0.070758685
20119	880	0.070758685
20119	2651	0.070758685
20147	581	0.052084483
20147	2552	0.05208448
20147	6198	0.05208448
20147	4342	0.052084476
20147	3556	0.052084472
20147	719	0.05208447
20147	1349	0.05208447
20147	3605	0.05208447
20147	875	0.052084465
20147	2651	0.052084465
20149	581	0.07067647
20149	6198	0.07067647
20149	2552	0.07067646
20149	4342	0.07067646
20149	719	0.07067645
20149	1349	0.07067645
20149	3556	0.07067645
20149	875	0.070676446
20149	880	0.070676446
20149	1958	0.070676446
20150	581	0.058822036
20150	2552	0.058822032
20150	4342	0.058822032
20150	6198	0.058822032
20150	719	0.05882203
20150	1349	0.058822025
20150	3556	0.058822025
20150	875	0.05882202
20150	2651	0.05882202
20150	3605	0.05882202
20172	581	0.07456354
20172	2552	0.07456353
20172	6198	0.07456353
20172	3556	0.074563526
20172	4342	0.074563526
20172	719	0.07456352
20172	875	0.07456352
20172	1349	0.07456352
20172	2787	0.07456352
20172	3605	0.07456352
20180	6198	0.081037275
20180	2552	0.08103727
20180	4342	0.08103727
20180	719	0.08103726
20180	875	0.08103725
20180	880	0.08103725
20180	1349	0.08103725
20180	2787	0.08103725
20180	3556	0.08103725
20180	3605	0.08103725
20201	581	0.05482635
20201	4342	0.054826345
20201	6198	0.054826345
20201	2552	0.05482634
20201	1349	0.054826338
20201	3556	0.054826338
20201	719	0.054826334
20201	875	0.054826334
20201	3605	0.054826334
20201	3663	0.054826334
20245	581	0.06147334
20245	6198	0.06147334
20245	2552	0.061473336
20245	4342	0.061473336
20245	719	0.061473332
20245	1349	0.061473332
20245	3556	0.06147333
20245	3756	0.06147333
20245	875	0.061473325
20245	2787	0.061473325
20250	581	0.04646662
20250	6198	0.04646662
20250	4342	0.046466615
20250	719	0.04646661
20250	2552	0.04646661
20250	1349	0.046466608
20250	3556	0.046466608
20250	875	0.046466604
20250	2787	0.046466604
20250	3578	0.046466604
20265	581	0.04759285
20265	2552	0.047592845
20265	4342	0.047592845
20265	6198	0.047592845
20265	1349	0.04759284
20265	3556	0.04759284
20265	719	0.047592837
20265	875	0.047592834
20265	880	0.047592834
20265	2787	0.047592834
20336	581	0.0631261
20336	6198	0.0631261
20336	2552	0.063126095
20336	4342	0.063126095
20336	719	0.06312609
20336	1349	0.06312609
20336	3556	0.06312609
20336	875	0.06312608
20336	880	0.06312608
20336	2787	0.06312608
20347	581	0.047459938
20347	6198	0.047459934
20347	1349	0.04745993
20347	2552	0.04745993
20347	3556	0.04745993
20347	4342	0.04745993
20347	719	0.047459926
20347	3605	0.047459926
20347	875	0.047459923
20347	880	0.047459923
20388	581	0.081779495
20388	2552	0.08177949
20388	6198	0.08177949
20388	1349	0.08177948
20388	3556	0.08177948
20388	4342	0.08177948
20388	719	0.08177947
20388	3605	0.08177947
20388	875	0.081779465
20388	1173	0.081779465
20462	581	0.058561683
20462	4342	0.05856168
20462	6198	0.05856168
20462	1349	0.058561675
20462	2552	0.058561675
20462	3556	0.05856167
20462	719	0.058561668
20462	3605	0.058561668
20462	3756	0.058561668
20462	4218	0.058561664
20484	581	0.055833668
20484	6198	0.055833668
20484	2552	0.055833664
20484	4342	0.055833664
20484	719	0.05583366
20484	1349	0.05583366
20484	3556	0.05583366
20484	875	0.055833653
20484	1173	0.055833653
20484	1958	0.055833653
20561	581	0.05901131
20561	2552	0.059011303
20561	4342	0.059011303
20561	6198	0.059011303
20561	719	0.059011295
20561	1349	0.059011295
20561	3556	0.059011295
20561	875	0.05901129
20561	3605	0.05901129
20561	3756	0.05901129
20627	581	0.06252762
20627	4342	0.06252761
20627	6198	0.06252761
20627	719	0.062527604
20627	1349	0.062527604
20627	2552	0.062527604
20627	3556	0.062527604
20627	365	0.0625276
20627	875	0.0625276
20627	880	0.0625276
20629	581	0.0682879
20629	719	0.068287894
20629	2552	0.068287894
20629	3556	0.068287894
20629	4342	0.068287894
20629	6198	0.068287894
20629	875	0.06828789
20629	1349	0.06828789
20629	365	0.06828788
20629	880	0.06828788
20680	581	0.042585216
20680	2552	0.042585213
20680	4342	0.042585213
20680	6198	0.042585213
20680	719	0.04258521
20680	1349	0.04258521
20680	3556	0.04258521
20680	3605	0.04258521
20680	3756	0.04258521
20680	4218	0.042585205
20703	581	0.048287753
20703	2552	0.04828775
20703	4342	0.04828775
20703	6198	0.04828775
20703	719	0.048287746
20703	3556	0.048287746
20703	1349	0.04828774
20703	3605	0.04828774
20703	875	0.048287738
20703	2787	0.048287738
20794	581	0.064252466
20794	2552	0.064252466
20794	4342	0.064252466
20794	6198	0.064252466
20794	3756	0.06425246
20794	365	0.06425245
20794	719	0.06425245
20794	875	0.06425245
20794	880	0.06425245
20794	1349	0.06425245
20961	581	0.051347353
20961	6198	0.051347353
20961	2552	0.05134735
20961	719	0.051347345
20961	1349	0.051347345
20961	3556	0.051347345
20961	4342	0.051347345
20961	875	0.051347338
20961	2787	0.051347338
20961	3422	0.051347338
20971	581	0.05350872
20971	2552	0.05350872
20971	6198	0.05350872
20971	4342	0.053508718
20971	719	0.053508714
20971	1349	0.053508714
20971	3556	0.053508714
20971	365	0.053508706
20971	875	0.053508706
20971	880	0.053508706
21011	581	0.046138402
21011	2552	0.0461384
21011	4342	0.0461384
21011	6198	0.0461384
21011	365	0.04613839
21011	719	0.04613839
21011	875	0.04613839
21011	1349	0.04613839
21011	2787	0.04613839
21011	3556	0.04613839
21014	880	0.070504084
21014	2552	0.070504084
21014	4342	0.070504084
21014	6198	0.070504084
21014	719	0.07050408
21014	1349	0.07050408
21014	2651	0.07050408
21014	3605	0.07050408
21014	3422	0.07050407
21014	3663	0.07050407
21031	581	0.094033256
21031	6198	0.094033256
21031	2552	0.09403325
21031	719	0.09403324
21031	1349	0.09403324
21031	3556	0.09403324
21031	4342	0.09403324
21031	875	0.094033234
21031	2787	0.094033234
21031	3605	0.094033234
21049	581	0.057855893
21049	2552	0.05785589
21049	4342	0.05785589
21049	6198	0.05785589
21049	1349	0.057855885
21049	719	0.05785588
21049	3556	0.05785588
21049	3605	0.05785588
21049	365	0.057855874
21049	875	0.057855874
21202	581	0.06135629
21202	2552	0.06135629
21202	4342	0.06135629
21202	6198	0.06135629
21202	3605	0.061356287
21202	719	0.061356284
21202	1349	0.061356284
21202	3556	0.06135628
21202	875	0.061356276
21202	880	0.061356276
21207	581	0.06512582
21207	1349	0.06512582
21207	2552	0.06512582
21207	4342	0.06512582
21207	6198	0.06512582
21207	3556	0.065125816
21207	3605	0.065125816
21207	365	0.06512581
21207	719	0.06512581
21207	875	0.06512581
21229	581	0.05311478
21229	2552	0.05311478
21229	4342	0.053114776
21229	6198	0.053114776
21229	719	0.05311477
21229	3556	0.05311477
21229	875	0.053114768
21229	1349	0.053114768
21229	5214	0.053114768
21229	365	0.053114764
21252	581	0.04760673
21252	6198	0.04760673
21252	2552	0.047606725
21252	4342	0.047606725
21252	719	0.04760672
21252	1349	0.04760672
21252	3556	0.04760672
21252	3605	0.047606718
21252	4218	0.047606718
21252	365	0.047606714
21356	6198	0.05281834
21356	581	0.052818336
21356	2552	0.052818336
21356	4342	0.052818336
21356	1349	0.052818332
21356	719	0.05281833
21356	3556	0.05281833
21356	3605	0.05281833
21356	3663	0.052818324
21356	3756	0.052818324
21364	4342	0.05347908
21364	2552	0.053479075
21364	6198	0.053479075
21364	1349	0.05347907
21364	719	0.053479068
21364	875	0.053479068
21364	3556	0.053479068
21364	3605	0.053479068
21364	3756	0.053479068
21364	5214	0.053479068
21404	719	0.06714955
21404	1349	0.06714955
21404	2552	0.06714955
21404	4342	0.06714955
21404	6198	0.06714955
21404	3556	0.06714954
21404	3605	0.06714954
21404	365	0.067149535
21404	875	0.067149535
21404	880	0.067149535
21462	581	0.06941956
21462	2552	0.06941956
21462	6198	0.06941956
21462	719	0.069419555
21462	4342	0.069419555
21462	875	0.06941955
21462	1349	0.06941955
21462	2651	0.06941955
21462	2787	0.06941955
21462	3556	0.06941955
21484	581	0.064533725
21484	4342	0.064533725
21484	6198	0.064533725
21484	2552	0.06453372
21484	3556	0.06453372
21484	365	0.06453371
21484	719	0.06453371
21484	875	0.06453371
21484	1173	0.06453371
21484	1349	0.06453371
21540	581	0.055395078
21540	4342	0.055395074
21540	6198	0.055395074
21540	2552	0.05539507
21540	719	0.055395067
21540	1349	0.055395067
21540	3556	0.055395067
21540	3605	0.055395063
21540	365	0.05539506
21540	875	0.05539506
21576	4342	0.06501785
21576	6198	0.06501785
21576	1349	0.06501784
21576	2552	0.06501784
21576	3556	0.06501784
21576	719	0.065017834
21576	3605	0.065017834
21576	3756	0.065017834
21576	4366	0.065017834
21576	5147	0.065017834
21618	581	0.055936687
21618	6198	0.055936687
21618	4342	0.055936683
21618	1349	0.05593668
21618	2552	0.05593668
21618	719	0.055936676
21618	3556	0.055936676
21618	2787	0.05593667
21618	3605	0.05593667
21618	3756	0.05593667
21659	581	0.06146293
21659	4342	0.061462924
21659	6198	0.061462924
21659	2552	0.06146292
21659	719	0.061462916
21659	1349	0.061462916
21659	3556	0.061462916
21659	2787	0.06146291
21659	3605	0.06146291
21659	3663	0.06146291
21660	581	0.05457239
21660	6198	0.05457239
21660	2552	0.054572385
21660	4342	0.054572385
21660	719	0.05457238
21660	1349	0.054572377
21660	3556	0.054572377
21660	875	0.054572374
21660	2787	0.054572374
21660	3605	0.054572374
21708	581	0.059307434
21708	6198	0.059307434
21708	1349	0.059307426
21708	2552	0.059307426
21708	4342	0.059307426
21708	719	0.059307422
21708	875	0.05930742
21708	3756	0.05930742
21708	4218	0.05930742
21708	880	0.059307415
21875	581	0.036077328
21875	2552	0.036077328
21875	4342	0.036077328
21875	6198	0.036077328
21875	719	0.03607732
21875	875	0.03607732
21875	1349	0.03607732
21875	3556	0.03607732
21875	3756	0.03607732
21875	4218	0.03607732
21903	581	0.041957922
21903	719	0.041957915
21903	1349	0.041957915
21903	2552	0.041957915
21903	4342	0.041957915
21903	6198	0.041957915
21903	3556	0.04195791
21903	365	0.041957907
21903	875	0.041957907
21903	2651	0.041957907
21912	581	0.056033008
21912	6198	0.056033008
21912	2552	0.056033004
21912	4342	0.056033004
21912	1349	0.056033
21912	3556	0.056033
21912	719	0.056032997
21912	3605	0.056032997
21912	875	0.056032993
21912	2787	0.056032993
21930	581	0.045122497
21930	4342	0.045122497
21930	6198	0.045122497
21930	2552	0.045122493
21930	719	0.04512249
21930	1349	0.04512249
21930	2787	0.04512249
21930	3556	0.04512249
21930	3605	0.04512249
21930	3756	0.04512249
22045	581	0.061896663
22045	4342	0.06189666
22045	6198	0.06189666
22045	2552	0.061896656
22045	719	0.061896652
22045	1349	0.061896652
22045	3605	0.061896652
22045	3556	0.06189665
22045	1958	0.061896645
22045	2787	0.061896645
22062	581	0.049852528
22062	6198	0.049852528
22062	4342	0.049852524
22062	719	0.04985252
22062	1349	0.04985252
22062	2552	0.04985252
22062	3556	0.04985252
22062	875	0.049852517
22062	3605	0.049852517
22062	3756	0.049852517
22074	581	0.05917749
22074	2552	0.05917749
22074	4342	0.05917749
22074	6198	0.05917749
22074	1349	0.059177484
22074	3556	0.059177484
22074	719	0.05917748
22074	875	0.05917748
22074	3605	0.05917748
22074	3756	0.05917748
22089	581	0.042463906
22089	2552	0.042463906
22089	4342	0.042463906
22089	6198	0.042463906
22089	1349	0.042463902
22089	719	0.0424639
22089	875	0.0424639
22089	2787	0.0424639
22089	3556	0.0424639
22089	4218	0.0424639
22107	581	0.04445126
22107	2552	0.04445125
22107	4342	0.04445125
22107	6198	0.04445125
22107	719	0.044451244
22107	1349	0.044451244
22107	2787	0.044451244
22107	3556	0.044451244
22107	3605	0.044451244
22107	4218	0.044451244
22167	581	0.08498818
22167	2552	0.08498817
22167	4342	0.08498817
22167	6198	0.08498817
22167	719	0.08498816
22167	1349	0.084988154
22167	3556	0.084988154
22167	3605	0.084988154
22167	365	0.08498815
22167	875	0.08498815
22252	581	0.048334077
22252	6198	0.048334077
22252	2552	0.048334073
22252	4342	0.04833407
22252	1349	0.048334066
22252	3556	0.048334066
22252	719	0.048334062
22252	875	0.048334062
22252	2651	0.048334062
22252	3422	0.048334062
22338	581	0.0536021
22338	4342	0.0536021
22338	6198	0.0536021
22338	719	0.053602096
22338	2552	0.053602096
22338	1349	0.053602092
22338	3556	0.053602092
22338	3605	0.053602092
22338	875	0.05360209
22338	2651	0.05360209
22365	6198	0.052015595
22365	2552	0.05201559
22365	4342	0.05201559
22365	719	0.052015588
22365	1349	0.052015588
22365	3556	0.052015588
22365	875	0.05201558
22365	880	0.05201558
22365	2787	0.05201558
22365	3605	0.05201558
22464	6198	0.06238228
22464	581	0.062382277
22464	2552	0.062382273
22464	4342	0.06238227
22464	719	0.062382266
22464	1349	0.062382266
22464	3556	0.062382262
22464	875	0.06238226
22464	2651	0.06238226
22464	2787	0.06238226
22495	581	0.058015205
22495	4342	0.058015198
22495	6198	0.058015198
22495	1349	0.058015194
22495	2552	0.058015194
22495	719	0.05801519
22495	3556	0.05801519
22495	3605	0.05801519
22495	2787	0.058015186
22495	3756	0.058015186
22503	581	0.07265858
22503	4342	0.072658576
22503	6198	0.072658576
22503	719	0.07265857
22503	875	0.07265857
22503	1349	0.07265857
22503	2552	0.07265857
22503	3556	0.07265857
22503	3605	0.07265856
22503	3756	0.07265856
22521	581	0.06561811
22521	4342	0.06561811
22521	6198	0.065618105
22521	719	0.0656181
22521	1349	0.0656181
22521	2552	0.0656181
22521	875	0.06561809
22521	2787	0.06561809
22521	3556	0.06561809
22521	3663	0.06561809
22625	581	0.06582481
22625	4342	0.0658248
22625	719	0.06582479
22625	1349	0.06582479
22625	2552	0.06582479
22625	6198	0.06582479
22625	2787	0.065824784
22625	3556	0.065824784
22625	3605	0.065824784
22625	4218	0.065824784
22695	581	0.04773564
22695	6198	0.04773564
22695	4342	0.047735635
22695	1349	0.04773563
22695	2552	0.04773563
22695	3556	0.04773563
22695	719	0.047735628
22695	365	0.047735624
22695	875	0.047735624
22695	880	0.047735624
22773	581	0.04338636
22773	2552	0.043386355
22773	4342	0.043386355
22773	6198	0.043386355
22773	1349	0.04338635
22773	719	0.043386348
22773	875	0.043386348
22773	880	0.043386348
22773	3556	0.043386348
22773	3605	0.043386348
22813	581	0.06251451
22813	2552	0.06251451
22813	4342	0.06251451
22813	6198	0.06251451
22813	719	0.0625145
22813	1349	0.0625145
22813	3556	0.0625145
22813	3422	0.06251449
22813	3605	0.06251449
22813	3663	0.06251449
22818	581	0.050482415
22818	6198	0.05048241
22818	2552	0.050482407
22818	4342	0.050482407
22818	719	0.0504824
22818	875	0.0504824
22818	1349	0.0504824
22818	3556	0.0504824
22818	3605	0.0504824
22818	3756	0.0504824
22912	581	0.0590662
22912	6198	0.059066195
22912	2552	0.05906619
22912	4342	0.05906619
22912	3556	0.059066188
22912	719	0.059066184
22912	1349	0.059066184
22912	2787	0.059066184
22912	3605	0.059066184
22912	875	0.05906618
22936	581	0.07067658
22936	2552	0.07067658
22936	4342	0.07067658
22936	6198	0.07067658
22936	719	0.07067657
22936	1349	0.07067657
22936	3556	0.07067657
22936	875	0.070676565
22936	1173	0.070676565
22936	1958	0.070676565
22975	581	0.053619515
22975	2552	0.05361951
22975	4342	0.05361951
22975	6198	0.05361951
22975	719	0.053619508
22975	875	0.053619504
22975	1349	0.053619504
22975	3556	0.053619504
22975	3605	0.053619504
22975	3756	0.053619504
23020	4342	0.056094006
23020	581	0.056094
23020	1349	0.056094
23020	2552	0.056094
23020	3556	0.056094
23020	6198	0.056094
23020	3605	0.056093995
23020	719	0.05609399
23020	880	0.05609399
23020	3756	0.05609399
23128	581	0.06326398
23128	719	0.06326397
23128	1349	0.06326397
23128	2552	0.06326397
23128	4342	0.06326397
23128	6198	0.06326397
23128	875	0.06326396
23128	3556	0.06326396
23128	3605	0.06326396
23128	3756	0.06326396
23288	581	0.053228915
23288	6198	0.05322891
23288	2552	0.053228907
23288	4342	0.053228907
23288	1349	0.053228904
23288	3556	0.053228904
23288	719	0.0532289
23288	3605	0.0532289
23288	4218	0.0532289
23288	875	0.053228896
23459	581	0.04773856
23459	4342	0.04773856
23459	6198	0.04773856
23459	1349	0.047738552
23459	2552	0.047738552
23459	3556	0.047738552
23459	719	0.04773855
23459	875	0.04773855
23459	3605	0.04773855
23459	365	0.047738545
23511	581	0.07647088
23511	6198	0.07647088
23511	2552	0.076470874
23511	4342	0.076470874
23511	719	0.07647087
23511	1349	0.07647087
23511	2787	0.07647087
23511	3556	0.07647087
23511	3605	0.07647087
23511	875	0.07647086
23547	581	0.055818267
23547	6198	0.055818267
23547	2552	0.055818263
23547	4342	0.055818263
23547	1349	0.05581826
23547	719	0.055818256
23547	3556	0.055818256
23547	2787	0.055818252
23547	3605	0.055818252
23547	3756	0.055818252
23571	581	0.051364586
23571	2552	0.05136458
23571	4342	0.05136458
23571	6198	0.05136458
23571	719	0.051364575
23571	1349	0.051364575
23571	3556	0.05136457
23571	3605	0.05136457
23571	3756	0.05136457
23571	4218	0.05136457
23582	581	0.060890045
23582	4342	0.060890045
23582	6198	0.060890045
23582	2552	0.06089004
23582	719	0.060890034
23582	875	0.060890034
23582	1349	0.060890034
23582	3556	0.060890034
23582	3605	0.06089003
23582	3756	0.06089003
23619	581	0.05815577
23619	2552	0.058155768
23619	4342	0.058155768
23619	6198	0.058155768
23619	719	0.05815576
23619	875	0.05815576
23619	1349	0.05815576
23619	3556	0.05815576
23619	3605	0.05815576
23619	3756	0.058155756
23624	581	0.08202696
23624	2552	0.08202696
23624	4342	0.08202696
23624	6198	0.08202696
23624	719	0.08202695
23624	1349	0.08202695
23624	875	0.08202694
23624	2651	0.08202694
23624	2787	0.08202694
23624	3556	0.08202694
23652	581	0.05062984
23652	6198	0.050629836
23652	719	0.05062983
23652	2552	0.05062983
23652	4342	0.05062983
23652	3556	0.050629828
23652	3605	0.050629828
23652	875	0.050629824
23652	1349	0.050629824
23652	2787	0.050629824
23659	581	0.07635833
23659	6198	0.07635833
23659	2552	0.076358326
23659	4342	0.076358326
23659	719	0.07635832
23659	1349	0.07635832
23659	2787	0.07635832
23659	3556	0.07635832
23659	3605	0.07635832
23659	875	0.07635831
23680	581	0.058212526
23680	6198	0.058212526
23680	1349	0.05821252
23680	2552	0.05821252
23680	4342	0.05821252
23680	719	0.058212515
23680	3556	0.058212515
23680	3605	0.058212515
23680	2787	0.05821251
23680	4218	0.05821251
23699	6198	0.051322374
23699	581	0.05132237
23699	2552	0.05132237
23699	4342	0.05132237
23699	719	0.051322363
23699	875	0.051322363
23699	1349	0.051322363
23699	3556	0.051322363
23699	3605	0.051322363
23699	3756	0.051322363
23771	581	0.051405817
23771	4342	0.051405814
23771	2552	0.05140581
23771	6198	0.05140581
23771	719	0.051405806
23771	1349	0.051405806
23771	875	0.051405802
23771	2787	0.051405802
23771	3556	0.051405802
23771	3605	0.051405802
23847	581	0.07503387
23847	2552	0.07503387
23847	6198	0.07503387
23847	4342	0.075033866
23847	719	0.07503386
23847	1349	0.07503386
23847	3556	0.07503386
23847	3605	0.07503386
23847	4218	0.07503386
23847	880	0.07503385
23871	581	0.049684625
23871	2552	0.04968462
23871	4342	0.04968462
23871	6198	0.04968462
23871	719	0.049684618
23871	1349	0.049684618
23871	3605	0.049684618
23871	875	0.049684614
23871	880	0.049684614
23871	2787	0.049684614
23933	581	0.0421903
23933	4342	0.0421903
23933	6198	0.0421903
23933	2552	0.042190295
23933	719	0.04219029
23933	1349	0.04219029
23933	875	0.042190287
23933	3556	0.042190287
23933	3605	0.042190287
23933	3756	0.042190287
24052	581	0.051420692
24052	4342	0.051420685
24052	6198	0.051420685
24052	1349	0.05142068
24052	2552	0.05142068
24052	3605	0.05142068
24052	3556	0.051420677
24052	719	0.051420674
24052	875	0.051420674
24052	2787	0.051420674
24090	581	0.05703511
24090	2552	0.05703511
24090	4342	0.05703511
24090	6198	0.05703511
24090	719	0.057035103
24090	1349	0.057035103
24090	3556	0.057035103
24090	3605	0.057035103
24090	875	0.0570351
24090	3756	0.0570351
24186	581	0.052422304
24186	4342	0.0524223
24186	6198	0.0524223
24186	2552	0.052422296
24186	719	0.052422293
24186	1349	0.052422293
24186	3556	0.052422293
24186	3605	0.052422293
24186	875	0.05242229
24186	3756	0.05242229
24194	581	0.056164775
24194	6198	0.056164775
24194	2552	0.05616477
24194	4342	0.05616477
24194	1349	0.056164768
24194	719	0.056164764
24194	875	0.056164764
24194	3556	0.056164764
24194	3605	0.056164764
24194	3756	0.056164764
24379	581	0.05475358
24379	6198	0.05475358
24379	2552	0.05475357
24379	3556	0.05475357
24379	4342	0.05475357
24379	719	0.054753568
24379	1349	0.054753568
24379	875	0.054753564
24379	2651	0.054753564
24379	2787	0.054753564
24391	581	0.0681466
24391	6198	0.0681466
24391	2552	0.068146594
24391	4342	0.068146594
24391	719	0.06814659
24391	1349	0.06814659
24391	3556	0.06814659
24391	3605	0.06814659
24391	875	0.06814658
24391	880	0.06814658
24427	581	0.074626684
24427	719	0.074626684
24427	2552	0.074626684
24427	3556	0.074626684
24427	3605	0.074626684
24427	4342	0.074626684
24427	6198	0.074626684
24427	1349	0.07462668
24427	4218	0.07462668
24427	875	0.07462667
24433	581	0.08004677
24433	2552	0.080046766
24433	4342	0.080046766
24433	6198	0.080046766
24433	719	0.08004676
24433	1349	0.08004676
24433	3556	0.08004676
24433	3605	0.08004675
24433	3756	0.08004675
24433	365	0.08004674
24525	581	0.05252233
24525	6198	0.05252233
24525	1349	0.052522324
24525	2552	0.052522324
24525	4342	0.052522324
24525	719	0.05252232
24525	3556	0.05252232
24525	875	0.052522317
24525	2787	0.052522317
24525	3605	0.052522317
24627	581	0.06684926
24627	6198	0.06684926
24627	2552	0.066849254
24627	4342	0.066849254
24627	719	0.06684925
24627	875	0.06684925
24627	1349	0.06684925
24627	3556	0.06684925
24627	3605	0.06684925
24627	2787	0.06684924
24641	581	0.05943232
24641	6198	0.059432317
24641	2552	0.059432313
24641	4342	0.059432313
24641	719	0.059432305
24641	1349	0.059432305
24641	3556	0.059432305
24641	3605	0.059432305
24641	875	0.0594323
24641	2651	0.0594323
24733	581	0.043799154
24733	6198	0.04379915
24733	719	0.043799147
24733	2552	0.043799147
24733	4342	0.043799147
24733	1349	0.043799143
24733	3556	0.043799143
24733	875	0.04379914
24733	880	0.04379914
24733	2787	0.04379914
24846	581	0.053716715
24846	2552	0.05371671
24846	4342	0.05371671
24846	6198	0.05371671
24846	719	0.053716704
24846	1349	0.053716704
24846	3556	0.053716704
24846	875	0.0537167
24846	880	0.0537167
24846	5214	0.0537167
24878	6198	0.064765766
24878	581	0.06476576
24878	2552	0.06476576
24878	719	0.06476575
24878	1349	0.06476575
24878	3556	0.06476575
24878	3605	0.06476575
24878	4342	0.06476575
24878	875	0.064765744
24878	365	0.06476574
24921	581	0.070210494
24921	4342	0.070210494
24921	6198	0.070210494
24921	719	0.07021049
24921	1349	0.07021049
24921	2552	0.07021049
24921	2651	0.07021048
24921	3556	0.07021048
24921	3605	0.07021048
24921	365	0.07021047
24933	581	0.085951105
24933	2552	0.085951105
24933	6198	0.085951105
24933	4342	0.0859511
24933	719	0.08595109
24933	875	0.08595109
24933	1349	0.08595109
24933	2787	0.08595109
24933	3556	0.08595109
24933	3605	0.08595109
24934	581	0.050955277
24934	2552	0.050955273
24934	4342	0.050955273
24934	6198	0.050955273
24934	719	0.050955266
24934	1349	0.050955266
24934	3556	0.050955266
24934	3605	0.050955266
24934	875	0.050955262
24934	880	0.050955262
24960	581	0.037933737
24960	6198	0.037933737
24960	4342	0.037933733
24960	719	0.03793373
24960	1349	0.03793373
24960	2552	0.03793373
24960	3556	0.03793373
24960	3605	0.03793373
24960	365	0.037933726
24960	875	0.037933726
24995	581	0.067548275
24995	6198	0.067548275
24995	2552	0.06754827
24995	719	0.06754826
24995	1349	0.06754826
24995	3556	0.06754826
24995	3605	0.06754826
24995	4342	0.06754826
24995	2651	0.06754825
24995	2787	0.06754825
25009	581	0.077933535
25009	2552	0.07793353
25009	4342	0.07793353
25009	6198	0.07793353
25009	719	0.07793352
25009	1349	0.07793352
25009	2787	0.07793352
25009	3556	0.07793352
25009	3605	0.07793352
25009	880	0.07793351
25103	581	0.05935937
25103	2552	0.05935937
25103	4342	0.05935937
25103	6198	0.05935937
25103	719	0.059359364
25103	1349	0.059359364
25103	3556	0.059359364
25103	3605	0.05935936
25103	875	0.059359357
25103	1958	0.059359357
25109	581	0.048797052
25109	2552	0.04879705
25109	4342	0.04879705
25109	6198	0.04879705
25109	1349	0.048797045
25109	719	0.04879704
25109	3556	0.04879704
25109	3605	0.04879704
25109	3756	0.04879704
25109	875	0.048797037
25131	581	0.059288137
25131	6198	0.059288137
25131	2552	0.059288133
25131	4342	0.05928813
25131	719	0.059288125
25131	1349	0.059288125
25131	875	0.05928812
25131	3556	0.05928812
25131	3605	0.05928812
25131	3756	0.05928812
25216	581	0.05644465
25216	2552	0.056444645
25216	4342	0.056444645
25216	6198	0.056444645
25216	1349	0.05644464
25216	719	0.056444637
25216	3556	0.056444637
25216	3605	0.056444637
25216	3756	0.056444634
25216	365	0.05644463
25225	581	0.05755982
25225	4342	0.057559818
25225	6198	0.057559818
25225	2552	0.057559814
25225	719	0.05755981
25225	1349	0.05755981
25225	3556	0.05755981
25225	3605	0.05755981
25225	365	0.057559803
25225	875	0.057559803
25253	581	0.0720343
25253	4342	0.0720343
25253	6198	0.0720343
25253	1349	0.07203429
25253	2552	0.07203429
25253	3556	0.07203429
25253	719	0.072034284
25253	875	0.072034284
25253	2787	0.072034284
25253	3605	0.072034284
25395	581	0.048390508
25395	2552	0.048390508
25395	4342	0.048390508
25395	6198	0.048390508
25395	719	0.0483905
25395	1349	0.0483905
25395	3556	0.0483905
25395	3605	0.0483905
25395	875	0.048390497
25395	880	0.048390497
25410	581	0.075710654
25410	4342	0.075710654
25410	6198	0.075710654
25410	719	0.07571064
25410	1349	0.07571064
25410	2552	0.07571064
25410	3556	0.07571064
25410	3605	0.07571064
25410	3756	0.07571064
25410	875	0.07571063
25533	581	0.06908483
25533	2552	0.06908483
25533	6198	0.06908483
25533	719	0.06908482
25533	1349	0.06908482
25533	3556	0.06908482
25533	4342	0.06908482
25533	3605	0.069084816
25533	3663	0.069084816
25533	3756	0.069084816
25545	581	0.043975502
25545	4342	0.043975502
25545	6198	0.043975502
25545	719	0.043975495
25545	1349	0.043975495
25545	2552	0.043975495
25545	3556	0.043975495
25545	875	0.04397549
25545	3605	0.04397549
25545	3756	0.04397549
25583	581	0.06070309
25583	6198	0.06070309
25583	2552	0.060703088
25583	719	0.060703084
25583	1349	0.060703084
25583	4342	0.060703084
25583	3556	0.06070308
25583	875	0.060703076
25583	3605	0.060703076
25583	3756	0.060703076
25601	581	0.0760324
25601	6198	0.0760324
25601	2552	0.07603239
25601	4342	0.07603239
25601	719	0.076032385
25601	875	0.076032385
25601	1349	0.076032385
25601	2787	0.076032385
25601	3556	0.076032385
25601	3605	0.076032385
25711	2552	0.057800025
25711	4342	0.057800025
25711	6198	0.057800025
25711	1349	0.05780002
25711	3556	0.05780002
25711	719	0.057800017
25711	3605	0.057800017
25711	875	0.057800014
25711	2651	0.057800014
25711	3756	0.057800014
25804	581	0.038999043
25804	4342	0.038999043
25804	6198	0.038999043
25804	719	0.03899904
25804	2552	0.03899904
25804	875	0.038999036
25804	1349	0.038999036
25804	3556	0.038999036
25804	3756	0.038999036
25804	4218	0.038999036
25827	581	0.054497764
25827	2552	0.054497764
25827	4342	0.054497764
25827	6198	0.054497764
25827	719	0.054497756
25827	875	0.054497756
25827	1349	0.054497756
25827	3556	0.054497756
25827	3605	0.054497752
25827	3756	0.054497752
25850	581	0.05472722
25850	4342	0.054727215
25850	6198	0.054727215
25850	2552	0.05472721
25850	719	0.054727208
25850	1349	0.054727208
25850	3556	0.054727208
25850	875	0.054727204
25850	3605	0.054727204
25850	5214	0.054727204
25890	581	0.04584305
25890	4342	0.04584305
25890	6198	0.04584305
25890	2552	0.045843046
25890	3556	0.045843046
25890	719	0.045843042
25890	1349	0.045843042
25890	3756	0.045843042
25890	875	0.04584304
25890	2787	0.04584304
25919	581	0.06478098
25919	2552	0.06478098
25919	4342	0.06478098
25919	6198	0.06478098
25919	719	0.06478097
25919	1349	0.06478097
25919	3605	0.06478097
25919	365	0.064780965
25919	875	0.064780965
25919	880	0.064780965
25930	581	0.059557807
25930	6198	0.059557803
25930	2552	0.0595578
25930	4342	0.0595578
25930	1349	0.059557796
25930	3556	0.059557796
25930	3605	0.059557796
25930	719	0.05955779
25930	875	0.059557788
25930	2787	0.059557788
25966	581	0.04890759
25966	4342	0.04890759
25966	2552	0.048907585
25966	3556	0.048907585
25966	6198	0.048907585
25966	719	0.04890758
25966	875	0.048907578
25966	1349	0.048907578
25966	3605	0.048907578
25966	3756	0.048907578
25996	581	0.051610835
25996	2552	0.051610835
25996	4342	0.051610835
25996	6198	0.051610835
25996	719	0.05161083
25996	3556	0.05161083
25996	365	0.051610827
25996	875	0.051610827
25996	1349	0.051610827
25996	3756	0.051610827
26057	2552	0.061051264
26057	4342	0.061051264
26057	6198	0.061051264
26057	581	0.06105126
26057	719	0.061051257
26057	1349	0.061051257
26057	3556	0.061051257
26057	875	0.061051253
26057	2651	0.06105125
26057	2787	0.06105125
26084	581	0.057133075
26084	6198	0.057133075
26084	2552	0.05713307
26084	4342	0.05713307
26084	719	0.057133064
26084	1349	0.057133064
26084	3556	0.057133064
26084	3605	0.057133064
26084	875	0.05713306
26084	365	0.057133056
26134	581	0.053409956
26134	6198	0.053409953
26134	4342	0.05340995
26134	1349	0.053409945
26134	2552	0.053409945
26134	719	0.05340994
26134	2787	0.05340994
26134	3556	0.05340994
26134	3605	0.05340994
26134	3756	0.05340994
26145	581	0.06846896
26145	2552	0.06846896
26145	3556	0.06846896
26145	4342	0.06846896
26145	6198	0.06846896
26145	1349	0.06846895
26145	365	0.06846894
26145	719	0.06846894
26145	875	0.06846894
26145	880	0.06846894
26240	581	0.09771186
26240	4342	0.09771186
26240	6198	0.09771186
26240	2552	0.09771185
26240	719	0.097711846
26240	1349	0.097711846
26240	3556	0.097711846
26240	875	0.09771184
26240	2787	0.09771184
26240	3605	0.09771184
26371	581	0.05245225
26371	6198	0.052452244
26371	4342	0.05245224
26371	1349	0.052452236
26371	2552	0.052452236
26371	3556	0.052452236
26371	3605	0.052452236
26371	719	0.052452233
26371	2787	0.052452233
26371	365	0.05245223
26374	581	0.055216692
26374	2552	0.055216692
26374	4342	0.055216692
26374	6198	0.055216692
26374	719	0.055216685
26374	875	0.055216685
26374	1349	0.055216685
26374	3556	0.055216685
26374	3756	0.055216685
26374	2651	0.05521668
26487	581	0.06540787
26487	4342	0.06540787
26487	2552	0.065407865
26487	6198	0.065407865
26487	719	0.06540786
26487	1349	0.06540786
26487	3556	0.06540786
26487	3605	0.06540786
26487	5214	0.06540786
26487	875	0.06540785
26516	581	0.05995754
26516	2552	0.059957538
26516	6198	0.059957538
26516	1349	0.059957534
26516	4342	0.059957534
26516	719	0.05995753
26516	3556	0.05995753
26516	3605	0.059957527
26516	3756	0.059957527
26516	875	0.059957523
26517	581	0.05227376
26517	6198	0.05227376
26517	2552	0.052273758
26517	4342	0.052273758
26517	719	0.05227375
26517	1349	0.05227375
26517	3556	0.05227375
26517	3605	0.05227375
26517	875	0.052273747
26517	2787	0.052273747
26521	581	0.057104222
26521	2552	0.057104222
26521	6198	0.057104222
26521	4342	0.05710422
26521	719	0.057104215
26521	1349	0.057104215
26521	3556	0.057104215
26521	3605	0.057104215
26521	875	0.05710421
26521	365	0.057104208
26535	6198	0.08194556
26535	581	0.08194555
26535	4342	0.08194555
26535	719	0.081945546
26535	1349	0.081945546
26535	2552	0.081945546
26535	3556	0.081945546
26535	875	0.08194554
26535	1958	0.08194554
26535	2651	0.08194554
26538	581	0.059952907
26538	6198	0.059952904
26538	2552	0.0599529
26538	4342	0.0599529
26538	719	0.059952896
26538	1349	0.059952896
26538	875	0.059952892
26538	3556	0.059952892
26538	3605	0.059952892
26538	3756	0.059952892
26544	581	0.0645081
26544	2552	0.0645081
26544	4342	0.0645081
26544	6198	0.0645081
26544	719	0.064508095
26544	1349	0.064508095
26544	3556	0.064508095
26544	3605	0.064508095
26544	2651	0.06450809
26544	3663	0.06450809
26553	581	0.06520878
26553	2552	0.06520878
26553	4342	0.06520878
26553	6198	0.06520878
26553	719	0.06520877
26553	3556	0.06520877
26553	875	0.06520876
26553	1349	0.06520876
26553	2651	0.06520876
26553	3605	0.06520876
26583	581	0.061988086
26583	6198	0.061988086
26583	2552	0.06198808
26583	4342	0.06198808
26583	719	0.061988078
26583	3556	0.061988074
26583	875	0.06198807
26583	1349	0.06198807
26583	3605	0.06198807
26583	3756	0.06198807
26593	581	0.072592765
26593	1349	0.072592765
26593	2552	0.072592765
26593	3556	0.072592765
26593	4342	0.072592765
26593	6198	0.072592765
26593	719	0.07259276
26593	2787	0.07259276
26593	3605	0.07259276
26593	875	0.07259275
26598	581	0.058929995
26598	6198	0.05892999
26598	2552	0.058929987
26598	4342	0.058929987
26598	719	0.05892998
26598	1349	0.05892998
26598	3556	0.05892998
26598	875	0.058929976
26598	3605	0.058929976
26598	3756	0.058929976
26611	581	0.054043673
26611	4342	0.054043666
26611	6198	0.054043666
26611	719	0.054043658
26611	1349	0.054043658
26611	2552	0.054043658
26611	3556	0.054043658
26611	3605	0.054043658
26611	2787	0.054043654
26611	3756	0.054043654
26615	581	0.042053737
26615	2552	0.042053737
26615	6198	0.042053737
26615	4342	0.042053733
26615	719	0.04205373
26615	875	0.04205373
26615	1349	0.04205373
26615	3556	0.04205373
26615	3605	0.04205373
26615	3756	0.04205373
26620	581	0.08236839
26620	4342	0.08236839
26620	6198	0.08236839
26620	719	0.08236838
26620	2552	0.08236838
26620	1349	0.082368374
26620	3556	0.082368374
26620	3605	0.082368374
26620	3663	0.082368374
26620	1958	0.08236837
26621	6198	0.08134423
26621	2552	0.081344225
26621	1349	0.08134422
26621	3556	0.08134422
26621	3605	0.08134422
26621	4342	0.08134422
26621	719	0.08134421
26621	365	0.0813442
26621	875	0.0813442
26621	880	0.0813442
26624	581	0.054928377
26624	4342	0.054928374
26624	6198	0.054928374
26624	2552	0.05492837
26624	719	0.054928366
26624	1349	0.054928366
26624	3605	0.054928366
26624	875	0.054928362
26624	2787	0.054928362
26624	3556	0.054928362
26628	581	0.055961393
26628	6198	0.05596139
26628	2552	0.055961385
26628	4342	0.055961385
26628	719	0.05596138
26628	1349	0.05596138
26628	875	0.055961378
26628	3556	0.055961378
26628	3605	0.055961378
26628	3756	0.055961378
26664	581	0.076247066
26664	719	0.07624705
26664	2552	0.07624705
26664	3556	0.07624705
26664	3605	0.07624705
26664	4342	0.07624705
26664	6198	0.07624705
26664	875	0.076247044
26664	1349	0.076247044
26664	3756	0.076247044
26713	581	0.06379251
26713	2552	0.063792504
26713	6198	0.063792504
26713	719	0.0637925
26713	1349	0.0637925
26713	3556	0.0637925
26713	4342	0.0637925
26713	875	0.06379249
26713	2787	0.06379249
26713	3605	0.06379249
26756	581	0.07407939
26756	719	0.07407938
26756	2552	0.07407938
26756	4342	0.07407938
26756	6198	0.07407938
26756	1349	0.07407937
26756	3556	0.07407937
26756	3605	0.07407937
26756	365	0.074079365
26756	875	0.074079365
26782	581	0.058059912
26782	6198	0.058059912
26782	2552	0.05805991
26782	4342	0.05805991
26782	719	0.0580599
26782	1349	0.0580599
26782	3556	0.0580599
26782	3605	0.0580599
26782	2787	0.058059897
26782	365	0.058059894
26813	581	0.04104521
26813	4342	0.041045208
26813	2552	0.041045204
26813	3556	0.041045204
26813	6198	0.041045204
26813	719	0.0410452
26813	1349	0.0410452
26813	3756	0.0410452
26813	365	0.041045196
26813	875	0.041045196
26883	581	0.07234991
26883	6198	0.07234991
26883	719	0.072349906
26883	2552	0.072349906
26883	4342	0.072349906
26883	1349	0.0723499
26883	3556	0.0723499
26883	3605	0.0723499
26883	365	0.07234989
26883	875	0.07234989
27091	581	0.070720814
27091	2552	0.07072081
27091	4342	0.07072081
27091	6198	0.07072081
27091	719	0.0707208
27091	875	0.07072079
27091	1349	0.07072079
27091	2787	0.07072079
27091	3556	0.07072079
27091	3605	0.07072079
27140	581	0.06793359
27140	2552	0.06793359
27140	4342	0.06793359
27140	6198	0.06793359
27140	719	0.067933574
27140	875	0.067933574
27140	880	0.067933574
27140	1349	0.067933574
27140	2651	0.067933574
27140	2787	0.067933574
27169	581	0.05043392
27169	6198	0.050433915
27169	2552	0.05043391
27169	4342	0.05043391
27169	719	0.050433908
27169	1349	0.050433908
27169	880	0.050433904
27169	3556	0.050433904
27169	3605	0.050433904
27169	2651	0.0504339
27193	2552	0.06619213
27193	6198	0.06619213
27193	581	0.06619212
27193	719	0.06619212
27193	1349	0.06619212
27193	4342	0.06619212
27193	875	0.06619211
27193	3556	0.06619211
27193	3605	0.06619211
27193	365	0.066192105
27204	581	0.044437643
27204	4342	0.04443764
27204	6198	0.04443764
27204	2552	0.044437636
27204	3556	0.044437636
27204	719	0.044437632
27204	1349	0.044437632
27204	3605	0.044437632
27204	3756	0.044437632
27204	365	0.04443763
27265	581	0.04594492
27265	2552	0.045944914
27265	4342	0.045944914
27265	6198	0.045944914
27265	719	0.04594491
27265	875	0.045944907
27265	1349	0.045944907
27265	3556	0.045944907
27265	3605	0.045944907
27265	3756	0.045944907
27313	581	0.053565033
27313	4342	0.05356503
27313	6198	0.05356503
27313	1349	0.053565025
27313	2552	0.053565025
27313	3556	0.05356502
27313	719	0.053565018
27313	875	0.053565018
27313	880	0.053565018
27313	2787	0.053565018
27317	6198	0.067975104
27317	2552	0.0679751
27317	4342	0.0679751
27317	581	0.06797509
27317	719	0.06797509
27317	875	0.06797509
27317	3556	0.06797509
27317	3756	0.06797509
27317	1349	0.06797508
27317	3605	0.06797508
27352	581	0.049956042
27352	2552	0.04995604
27352	4342	0.04995604
27352	6198	0.04995604
27352	719	0.04995603
27352	1349	0.04995603
27352	3556	0.04995603
27352	365	0.049956027
27352	875	0.049956027
27352	3605	0.049956027
27383	581	0.05012238
27383	2552	0.05012238
27383	6198	0.05012238
27383	4342	0.050122377
27383	719	0.050122373
27383	1349	0.050122373
27383	3556	0.050122373
27383	3605	0.050122373
27383	875	0.05012237
27383	2787	0.05012237
27462	581	0.055597715
27462	2552	0.055597708
27462	4342	0.055597708
27462	6198	0.055597708
27462	719	0.0555977
27462	1349	0.0555977
27462	3556	0.0555977
27462	3605	0.0555977
27462	3756	0.0555977
27462	880	0.055597696
27472	2552	0.057683557
27472	4342	0.057683557
27472	6198	0.057683557
27472	719	0.05768355
27472	875	0.05768355
27472	1349	0.05768355
27472	3556	0.05768355
27472	3756	0.05768355
27472	2651	0.057683546
27472	2787	0.057683546
27573	581	0.07634474
27573	2552	0.07634474
27573	4342	0.07634474
27573	6198	0.07634474
27573	365	0.07634473
27573	719	0.07634473
27573	875	0.07634473
27573	1349	0.07634473
27573	2651	0.07634473
27573	2787	0.07634473
27617	581	0.108737
27617	6198	0.108737
27617	2552	0.10873699
27617	1349	0.108736984
27617	4342	0.108736984
27617	719	0.10873698
27617	3556	0.10873698
27617	875	0.10873697
27617	3605	0.10873697
27617	365	0.10873696
27647	581	0.069713145
27647	6198	0.069713145
27647	2552	0.06971314
27647	4342	0.06971314
27647	719	0.06971313
27647	1349	0.06971313
27647	3556	0.06971313
27647	875	0.06971312
27647	2787	0.06971312
27647	3605	0.06971312
27684	581	0.050251983
27684	4342	0.050251983
27684	6198	0.050251983
27684	2552	0.05025198
27684	719	0.050251976
27684	1349	0.050251976
27684	3556	0.050251976
27684	3605	0.050251976
27684	875	0.050251972
27684	3756	0.050251972
27740	581	0.077455506
27740	4342	0.077455506
27740	6198	0.077455506
27740	2552	0.0774555
27740	719	0.07745549
27740	1349	0.07745549
27740	3556	0.07745549
27740	3605	0.07745549
27740	875	0.07745548
27740	2651	0.07745548
27812	581	0.06397042
27812	6198	0.06397042
27812	2552	0.06397041
27812	4342	0.06397041
27812	719	0.0639704
27812	1349	0.0639704
27812	2787	0.0639704
27812	3556	0.0639704
27812	3605	0.0639704
27812	365	0.063970394
27813	581	0.08902488
27813	4342	0.08902487
27813	6198	0.08902487
27813	2552	0.089024864
27813	719	0.08902486
27813	1349	0.08902486
27813	2787	0.08902486
27813	3556	0.08902486
27813	875	0.08902485
27813	3605	0.08902485
27821	581	0.07557073
27821	2552	0.07557073
27821	4342	0.07557073
27821	6198	0.07557073
27821	3556	0.075570725
27821	719	0.07557072
27821	875	0.07557072
27821	1349	0.07557072
27821	2651	0.07557072
27821	2787	0.07557072
27875	581	0.059694674
27875	4342	0.05969467
27875	6198	0.05969467
27875	2552	0.059694666
27875	719	0.059694663
27875	1349	0.059694663
27875	3556	0.059694663
27875	3605	0.059694663
27875	3756	0.05969466
27875	4218	0.05969466
27888	581	0.05527786
27888	4342	0.05527786
27888	6198	0.05527786
27888	2552	0.055277858
27888	719	0.055277854
27888	1349	0.055277854
27888	3556	0.05527785
27888	875	0.055277847
27888	2651	0.055277847
27888	2787	0.055277847
27891	581	0.066671774
27891	6198	0.066671774
27891	2552	0.06667177
27891	719	0.06667176
27891	1349	0.06667176
27891	2787	0.06667176
27891	3556	0.06667176
27891	3605	0.06667176
27891	4342	0.06667176
27891	875	0.06667175
27947	581	0.064031
27947	875	0.06403099
27947	1349	0.06403099
27947	2552	0.06403099
27947	3556	0.06403099
27947	4342	0.06403099
27947	6198	0.06403099
27947	719	0.06403098
27947	2651	0.06403098
27947	3605	0.06403098
27956	581	0.05465162
27956	2552	0.054651618
27956	4342	0.054651618
27956	6198	0.054651618
27956	719	0.05465161
27956	875	0.05465161
27956	1349	0.05465161
27956	3556	0.05465161
27956	3756	0.05465161
27956	365	0.054651607
28016	2552	0.07290571
28016	6198	0.07290571
28016	719	0.072905704
28016	1349	0.072905704
28016	3556	0.072905704
28016	4342	0.072905704
28016	875	0.0729057
28016	3605	0.0729057
28016	4218	0.0729057
28016	365	0.07290569
28076	581	0.06823901
28076	2552	0.06823901
28076	4342	0.06823901
28076	6198	0.06823901
28076	719	0.068239
28076	1349	0.068239
28076	3556	0.068239
28076	3605	0.068238996
28076	3756	0.068238996
28076	5214	0.068238996
28091	581	0.053334616
28091	4342	0.053334616
28091	6198	0.053334616
28091	2552	0.053334612
28091	719	0.05333461
28091	1349	0.05333461
28091	3556	0.05333461
28091	365	0.0533346
28091	875	0.0533346
28091	2651	0.0533346
28096	581	0.06270866
28096	6198	0.06270866
28096	719	0.06270865
28096	1349	0.06270865
28096	2552	0.06270865
28096	4342	0.06270865
28096	2651	0.062708646
28096	2787	0.062708646
28096	3556	0.062708646
28096	3605	0.062708646
28139	581	0.0673655
28139	2552	0.06736549
28139	4342	0.06736549
28139	6198	0.06736549
28139	719	0.06736548
28139	875	0.06736548
28139	1349	0.06736548
28139	2787	0.06736548
28139	3605	0.06736548
28139	3556	0.067365475
28144	581	0.0519793
28144	2552	0.051979296
28144	4342	0.051979296
28144	6198	0.051979296
28144	719	0.05197929
28144	1349	0.05197929
28144	3556	0.05197929
28144	3605	0.05197929
28144	875	0.051979285
28144	3756	0.051979285
28150	581	0.04928089
28150	2552	0.04928089
28150	4342	0.04928089
28150	6198	0.04928089
28150	3556	0.049280886
28150	719	0.049280882
28150	875	0.049280882
28150	1349	0.049280882
28150	3756	0.049280882
28150	365	0.04928088
28177	581	0.06594149
28177	6198	0.06594149
28177	2552	0.06594148
28177	4342	0.06594148
28177	1349	0.065941475
28177	365	0.06594147
28177	719	0.06594147
28177	875	0.06594147
28177	880	0.06594147
28177	1958	0.06594147
28204	581	0.09626871
28204	4342	0.09626871
28204	6198	0.09626871
28204	2552	0.096268706
28204	1349	0.0962687
28204	3556	0.0962687
28204	3605	0.0962687
28204	5147	0.0962687
28204	719	0.09626869
28204	875	0.09626869
28222	6198	0.074728705
28222	581	0.0747287
28222	2552	0.0747287
28222	4342	0.0747287
28222	719	0.07472869
28222	1349	0.07472869
28222	875	0.07472868
28222	880	0.07472868
28222	1958	0.07472868
28222	2651	0.07472868
28255	581	0.050800815
28255	2552	0.050800808
28255	4342	0.050800808
28255	6198	0.050800808
28255	719	0.0508008
28255	875	0.0508008
28255	1349	0.0508008
28255	3556	0.0508008
28255	3605	0.0508008
28255	3756	0.0508008
28257	581	0.0507966
28257	2552	0.0507966
28257	4342	0.0507966
28257	6198	0.0507966
28257	719	0.05079659
28257	875	0.05079659
28257	1349	0.05079659
28257	3556	0.05079659
28257	3605	0.05079659
28257	5147	0.05079659
28289	581	0.05920861
28289	6198	0.05920861
28289	2552	0.059208605
28289	1349	0.0592086
28289	3556	0.0592086
28289	3605	0.0592086
28289	4342	0.0592086
28289	719	0.059208598
28289	3756	0.059208594
28289	4218	0.059208594
28360	581	0.051390275
28360	2552	0.05139027
28360	4342	0.05139027
28360	6198	0.05139027
28360	1349	0.051390268
28360	3556	0.051390268
28360	719	0.051390264
28360	365	0.05139026
28360	875	0.05139026
28360	2787	0.05139026
28448	581	0.06797202
28448	2552	0.06797201
28448	4342	0.06797201
28448	6198	0.06797201
28448	719	0.067972004
28448	875	0.067972004
28448	1349	0.067972004
28448	3556	0.067972004
28448	3605	0.067972004
28448	880	0.067972
28451	581	0.07739566
28451	6198	0.07739566
28451	1349	0.07739565
28451	2552	0.07739565
28451	3605	0.07739565
28451	4342	0.07739565
28451	719	0.07739564
28451	2787	0.07739564
28451	3556	0.07739564
28451	875	0.07739563
28454	581	0.08258127
28454	6198	0.08258127
28454	2552	0.08258126
28454	719	0.08258125
28454	1349	0.08258125
28454	3556	0.08258125
28454	3605	0.08258125
28454	4342	0.08258125
28454	875	0.082581244
28454	2787	0.082581244
28492	581	0.055405803
28492	6198	0.055405803
28492	2552	0.0554058
28492	3556	0.055405796
28492	4342	0.055405796
28492	719	0.05540579
28492	1349	0.05540579
28492	3605	0.05540579
28492	875	0.055405788
28492	2787	0.055405788
28523	6198	0.057335258
28523	2552	0.057335254
28523	719	0.05733525
28523	1349	0.05733525
28523	4342	0.05733525
28523	3556	0.057335246
28523	875	0.057335243
28523	3605	0.057335243
28523	3756	0.057335243
28523	5147	0.057335243
28543	581	0.060890883
28543	2552	0.060890883
28543	4342	0.060890883
28543	6198	0.060890883
28543	875	0.060890876
28543	1349	0.060890876
28543	719	0.060890872
28543	3605	0.060890872
28543	2651	0.06089087
28543	3556	0.06089087
28591	581	0.061281696
28591	2552	0.061281696
28591	6198	0.061281696
28591	4342	0.061281692
28591	719	0.06128169
28591	1349	0.06128169
28591	3556	0.06128169
28591	880	0.06128168
28591	2787	0.06128168
28591	3605	0.06128168
28592	581	0.06653005
28592	2552	0.06653004
28592	6198	0.06653004
28592	719	0.066530034
28592	1349	0.066530034
28592	3556	0.066530034
28592	3605	0.066530034
28592	4342	0.066530034
28592	875	0.06653003
28592	880	0.06653003
28594	6198	0.061923265
28594	581	0.06192326
28594	719	0.061923258
28594	1349	0.061923258
28594	2552	0.061923258
28594	4342	0.061923258
28594	3556	0.061923254
28594	875	0.06192325
28594	1958	0.06192325
28594	2787	0.06192325
28619	581	0.070389315
28619	2552	0.070389315
28619	6198	0.070389315
28619	4342	0.07038931
28619	719	0.0703893
28619	1349	0.0703893
28619	2787	0.0703893
28619	3556	0.0703893
28619	3605	0.0703893
28619	365	0.07038929
28634	581	0.05896354
28634	4342	0.058963537
28634	6198	0.058963537
28634	2552	0.058963533
28634	719	0.05896353
28634	1349	0.05896353
28634	3556	0.05896353
28634	2787	0.058963526
28634	3605	0.058963526
28634	3756	0.058963526
28647	581	0.055847626
28647	4342	0.055847626
28647	2552	0.055847622
28647	6198	0.055847622
28647	1349	0.05584762
28647	3556	0.05584762
28647	719	0.055847615
28647	875	0.055847615
28647	3605	0.055847615
28647	3756	0.055847615
28667	581	0.058685705
28667	4342	0.0586857
28667	6198	0.0586857
28667	2552	0.058685698
28667	719	0.05868569
28667	875	0.05868569
28667	1349	0.05868569
28667	3556	0.05868569
28667	3605	0.05868569
28667	2651	0.058685686
28700	581	0.047864832
28700	4342	0.047864832
28700	6198	0.047864832
28700	2552	0.04786483
28700	719	0.047864825
28700	1349	0.047864825
28700	3556	0.047864825
28700	3605	0.047864825
28700	2787	0.04786482
28700	365	0.047864817
28709	581	0.05732364
28709	6198	0.05732364
28709	2552	0.057323635
28709	4342	0.057323635
28709	719	0.057323627
28709	1349	0.057323627
28709	3556	0.057323627
28709	3605	0.057323627
28709	875	0.057323623
28709	2787	0.057323623
28731	581	0.045236215
28731	4342	0.04523621
28731	1349	0.045236208
28731	2552	0.045236208
28731	3556	0.045236208
28731	6198	0.045236208
28731	719	0.045236204
28731	365	0.0452362
28731	875	0.0452362
28731	3605	0.0452362
28735	581	0.06723112
28735	4342	0.06723112
28735	6198	0.06723111
28735	719	0.067231104
28735	875	0.067231104
28735	1349	0.067231104
28735	2552	0.067231104
28735	3556	0.067231104
28735	2651	0.0672311
28735	2787	0.0672311
28820	6198	0.07313234
28820	581	0.073132336
28820	2552	0.073132336
28820	4342	0.073132336
28820	719	0.07313233
28820	1349	0.07313233
28820	875	0.07313232
28820	1173	0.07313232
28820	1958	0.07313232
28820	2651	0.07313232
28865	581	0.06950164
28865	2552	0.06950164
28865	4342	0.06950164
28865	6198	0.06950164
28865	719	0.06950163
28865	1349	0.06950163
28865	3556	0.06950163
28865	875	0.06950162
28865	1958	0.06950162
28865	2651	0.06950162
28938	581	0.06659253
28938	6198	0.06659253
28938	719	0.066592515
28938	875	0.066592515
28938	1349	0.066592515
28938	2552	0.066592515
28938	3556	0.066592515
28938	3605	0.066592515
28938	3663	0.066592515
28938	4342	0.066592515
28945	581	0.049903795
28945	4342	0.049903795
28945	6198	0.049903795
28945	719	0.049903788
28945	2552	0.049903788
28945	3556	0.049903788
28945	1349	0.049903784
28945	3605	0.049903784
28945	365	0.04990378
28945	875	0.04990378
29028	4342	0.054281253
29028	6198	0.054281253
29028	581	0.05428125
29028	719	0.05428125
29028	1349	0.054281246
29028	875	0.054281242
29028	2651	0.054281242
29028	2787	0.054281242
29028	3556	0.054281242
29028	3605	0.054281242
29056	581	0.08824395
29056	2552	0.08824395
29056	4342	0.08824395
29056	6198	0.08824395
29056	1349	0.08824394
29056	719	0.08824393
29056	2787	0.08824393
29056	3556	0.08824393
29056	3605	0.08824393
29056	4218	0.08824393
29094	581	0.05310747
29094	6198	0.05310747
29094	4342	0.053107467
29094	719	0.053107463
29094	1349	0.053107463
29094	2552	0.053107463
29094	3556	0.053107463
29094	3605	0.05310746
29094	875	0.053107455
29094	2651	0.053107455
29101	6198	0.04708772
29101	581	0.047087718
29101	2552	0.047087714
29101	4342	0.047087714
29101	719	0.04708771
29101	1349	0.04708771
29101	3556	0.04708771
29101	875	0.047087707
29101	2787	0.047087707
29101	3605	0.047087707
29204	2552	0.05726026
29204	4342	0.05726026
29204	6198	0.05726026
29204	581	0.057260256
29204	719	0.057260253
29204	1349	0.057260253
29204	3556	0.057260253
29204	3605	0.05726025
29204	875	0.057260245
29204	880	0.057260245
29209	6198	0.062358815
29209	581	0.06235881
29209	2552	0.06235881
29209	4342	0.06235881
29209	719	0.062358808
29209	1349	0.062358808
29209	3556	0.062358804
29209	2787	0.0623588
29209	875	0.062358797
29209	880	0.062358797
29259	6198	0.0695317
29259	581	0.069531694
29259	719	0.069531694
29259	1349	0.069531694
29259	2552	0.069531694
29259	4342	0.069531694
29259	3556	0.06953169
29259	3605	0.06953169
29259	365	0.06953168
29259	875	0.06953168
29306	581	0.063264504
29306	2552	0.063264504
29306	4342	0.063264504
29306	6198	0.063264504
29306	1349	0.0632645
29306	365	0.06326449
29306	719	0.06326449
29306	875	0.06326449
29306	880	0.06326449
29306	1958	0.06326449
29419	581	0.050210137
29419	2552	0.050210133
29419	4342	0.050210133
29419	6198	0.050210133
29419	719	0.05021013
29419	1349	0.05021013
29419	2787	0.050210126
29419	3556	0.050210126
29419	3605	0.050210126
29419	875	0.050210122
29424	581	0.056204703
29424	6198	0.056204703
29424	2552	0.0562047
29424	4342	0.0562047
29424	3556	0.056204695
29424	719	0.05620469
29424	1349	0.05620469
29424	3605	0.05620469
29424	875	0.056204688
29424	2787	0.056204688
29497	581	0.06003866
29497	6198	0.060038656
29497	719	0.06003865
29497	2552	0.06003865
29497	4342	0.06003865
29497	1349	0.060038645
29497	3556	0.060038645
29497	875	0.06003864
29497	2787	0.06003864
29497	3605	0.06003864
29526	581	0.08277726
29526	4342	0.08277726
29526	6198	0.08277726
29526	2552	0.082777254
29526	719	0.08277725
29526	1349	0.08277725
29526	3556	0.08277725
29526	3756	0.08277725
29526	365	0.08277724
29526	875	0.08277724
29539	581	0.08027647
29539	1349	0.08027646
29539	2552	0.08027646
29539	4342	0.08027646
29539	6198	0.08027646
29539	719	0.08027645
29539	3556	0.08027645
29539	365	0.080276445
29539	875	0.080276445
29539	880	0.080276445
29570	6198	0.055327967
29570	581	0.055327963
29570	2552	0.05532796
29570	3556	0.05532796
29570	4342	0.05532796
29570	719	0.055327956
29570	1349	0.055327956
29570	875	0.055327952
29570	880	0.055327952
29570	2787	0.055327952
29789	581	0.060793452
29789	2552	0.060793445
29789	4342	0.060793445
29789	6198	0.060793445
29789	719	0.060793437
29789	1349	0.060793437
29789	3556	0.060793437
29789	3605	0.060793437
29789	875	0.060793433
29789	3756	0.060793433
29855	581	0.07092126
29855	1349	0.07092125
29855	4342	0.07092125
29855	6198	0.07092125
29855	719	0.07092124
29855	2552	0.07092124
29855	3605	0.07092124
29855	875	0.070921235
29855	2787	0.070921235
29855	3556	0.070921235
29867	581	0.06792568
29867	1349	0.06792568
29867	2552	0.06792568
29867	4342	0.06792568
29867	6198	0.06792568
29867	719	0.06792567
29867	3556	0.06792567
29867	3605	0.06792567
29867	365	0.06792566
29867	875	0.06792566
29915	581	0.066099115
29915	2552	0.066099115
29915	6198	0.066099115
29915	719	0.06609911
29915	1349	0.06609911
29915	3556	0.06609911
29915	4342	0.06609911
29915	875	0.0660991
29915	3422	0.0660991
29915	3605	0.0660991
30022	581	0.046108708
30022	2552	0.0461087
30022	4342	0.0461087
30022	6198	0.0461087
30022	719	0.046108697
30022	1349	0.046108697
30022	3556	0.046108697
30022	875	0.046108693
30022	2787	0.046108693
30022	3605	0.046108693
30029	581	0.06770682
30029	2552	0.06770682
30029	4342	0.06770682
30029	6198	0.06770682
30029	1349	0.067706816
30029	365	0.06770681
30029	719	0.06770681
30029	875	0.06770681
30029	880	0.06770681
30029	1958	0.06770681
30035	581	0.050690614
30035	6198	0.050690614
30035	4342	0.05069061
30035	719	0.050690606
30035	1349	0.050690606
30035	2552	0.050690606
30035	3556	0.050690606
30035	3605	0.050690603
30035	2651	0.0506906
30035	2787	0.0506906
30052	581	0.06596105
30052	719	0.06596103
30052	1349	0.06596103
30052	2552	0.06596103
30052	4342	0.06596103
30052	6198	0.06596103
30052	2787	0.065961026
30052	3556	0.065961026
30052	3605	0.065961026
30052	365	0.06596102
30081	581	0.06665097
30081	2552	0.06665097
30081	4342	0.06665097
30081	6198	0.06665097
30081	1349	0.066650964
30081	719	0.06665096
30081	875	0.06665096
30081	880	0.06665096
30081	1211	0.06665096
30081	2787	0.06665096
30120	581	0.042607393
30120	2552	0.04260739
30120	4342	0.04260739
30120	6198	0.04260739
30120	719	0.042607386
30120	1349	0.042607382
30120	3556	0.042607382
30120	3605	0.042607382
30120	3756	0.042607382
30120	4366	0.042607382
30210	581	0.07218994
30210	4342	0.07218994
30210	6198	0.07218994
30210	719	0.072189935
30210	2552	0.072189935
30210	875	0.07218993
30210	1349	0.07218993
30210	3556	0.07218993
30210	3605	0.07218993
30210	5147	0.07218993
30245	6198	0.05528344
30245	581	0.055283435
30245	2552	0.055283435
30245	4342	0.055283435
30245	1349	0.05528343
30245	3556	0.05528343
30245	719	0.055283427
30245	2787	0.055283424
30245	3605	0.055283424
30245	875	0.05528342
30261	581	0.04796771
30261	6198	0.04796771
30261	1349	0.047967702
30261	2552	0.047967702
30261	3556	0.047967702
30261	4342	0.047967702
30261	719	0.0479677
30261	365	0.047967695
30261	875	0.047967695
30261	2651	0.047967695
30273	6198	0.064984396
30273	581	0.06498439
30273	719	0.06498438
30273	1349	0.06498438
30273	2552	0.06498438
30273	3556	0.06498438
30273	4342	0.06498438
30273	875	0.064984374
30273	2787	0.064984374
30273	3605	0.064984374
30290	581	0.056769192
30290	6198	0.05676919
30290	4342	0.056769185
30290	2552	0.05676918
30290	719	0.056769177
30290	1349	0.056769177
30290	3556	0.056769177
30290	2787	0.056769174
30290	3605	0.056769174
30290	365	0.05676917
30319	581	0.059410326
30319	6198	0.059410322
30319	2552	0.05941032
30319	4342	0.05941032
30319	719	0.059410315
30319	1349	0.05941031
30319	3556	0.05941031
30319	3605	0.05941031
30319	2787	0.059410308
30319	365	0.059410304
30333	581	0.06873487
30333	2552	0.06873487
30333	4342	0.06873487
30333	6198	0.06873487
30333	719	0.06873486
30333	875	0.068734854
30333	880	0.068734854
30333	1349	0.068734854
30333	2651	0.068734854
30333	2787	0.068734854
30385	581	0.07023018
30385	6198	0.07023018
30385	719	0.07023017
30385	1349	0.07023017
30385	2552	0.07023017
30385	4342	0.07023017
30385	3556	0.07023016
30385	3605	0.07023016
30385	365	0.070230156
30385	875	0.070230156
30445	581	0.06591095
30445	2552	0.06591095
30445	4342	0.06591095
30445	6198	0.06591095
30445	719	0.065910935
30445	875	0.065910935
30445	1349	0.065910935
30445	2651	0.065910935
30445	2787	0.065910935
30445	3556	0.065910935
30461	581	0.057790857
30461	2552	0.057790853
30461	4342	0.057790853
30461	6198	0.057790853
30461	719	0.057790846
30461	1349	0.057790846
30461	3556	0.057790846
30461	3605	0.057790842
30461	365	0.05779084
30461	875	0.05779084
30487	581	0.10716076
30487	4342	0.10716076
30487	6198	0.10716076
30487	2552	0.107160755
30487	719	0.10716075
30487	1349	0.10716075
30487	3556	0.10716075
30487	3605	0.10716074
30487	365	0.10716073
30487	875	0.10716073
30495	581	0.05198557
30495	2552	0.051985566
30495	6198	0.051985566
30495	1349	0.05198556
30495	3556	0.05198556
30495	4342	0.05198556
30495	719	0.051985558
30495	875	0.051985554
30495	880	0.051985554
30495	2651	0.051985554
30531	581	0.063189074
30531	2552	0.063189074
30531	719	0.06318907
30531	4342	0.06318907
30531	6198	0.06318907
30531	365	0.06318906
30531	875	0.06318906
30531	880	0.06318906
30531	1349	0.06318906
30531	2651	0.06318906
30533	581	0.08832358
30533	6198	0.08832357
30533	719	0.08832356
30533	1349	0.08832356
30533	2552	0.08832356
30533	4342	0.08832356
30533	3556	0.088323556
30533	875	0.08832355
30533	880	0.08832355
30533	2651	0.08832355
30555	581	0.0688455
30555	6198	0.0688455
30555	719	0.068845496
30555	1349	0.068845496
30555	2552	0.068845496
30555	4342	0.068845496
30555	3556	0.06884549
30555	3605	0.06884549
30555	5147	0.06884549
30555	365	0.06884548
30594	581	0.06474477
30594	2552	0.06474477
30594	3556	0.06474477
30594	4342	0.06474477
30594	6198	0.06474477
30594	719	0.06474476
30594	1349	0.06474476
30594	365	0.064744756
30594	875	0.064744756
30594	880	0.064744756
30607	581	0.059265926
30607	2552	0.05926592
30607	4342	0.05926592
30607	6198	0.05926592
30607	1349	0.059265915
30607	719	0.05926591
30607	3556	0.05926591
30607	3605	0.05926591
30607	875	0.059265908
30607	2787	0.059265908
30645	581	0.061425492
30645	6198	0.061425492
30645	2552	0.06142549
30645	1349	0.061425485
30645	4342	0.061425485
30645	3556	0.06142548
30645	3605	0.06142548
30645	719	0.061425477
30645	875	0.061425477
30645	1958	0.061425477
30657	581	0.06343451
30657	6198	0.06343451
30657	4342	0.063434504
30657	719	0.0634345
30657	875	0.0634345
30657	1349	0.0634345
30657	2552	0.0634345
30657	2787	0.0634345
30657	3556	0.0634345
30657	3605	0.0634345
30711	581	0.11302583
30711	4342	0.113025814
30711	6198	0.113025814
30711	2552	0.11302581
30711	719	0.1130258
30711	875	0.1130258
30711	1349	0.1130258
30711	3556	0.1130258
30711	3605	0.1130258
30711	2787	0.11302579
30712	581	0.06414302
30712	2552	0.06414302
30712	4342	0.06414302
30712	6198	0.06414302
30712	1349	0.06414301
30712	3556	0.06414301
30712	365	0.064143
30712	719	0.064143
30712	875	0.064143
30712	2787	0.064143
30716	581	0.06561017
30716	6198	0.06561016
30716	719	0.065610155
30716	1349	0.065610155
30716	2552	0.065610155
30716	3605	0.065610155
30716	4342	0.065610155
30716	875	0.06561015
30716	2787	0.06561015
30716	3756	0.06561015
30735	581	0.07798048
30735	2552	0.07798047
30735	4342	0.07798047
30735	6198	0.07798047
30735	719	0.07798046
30735	1349	0.07798046
30735	2651	0.07798046
30735	3556	0.07798046
30735	3605	0.07798046
30735	5147	0.07798046
30749	581	0.06457413
30749	1349	0.06457412
30749	2552	0.06457412
30749	3556	0.06457412
30749	4342	0.06457412
30749	6198	0.06457412
30749	719	0.064574115
30749	3605	0.064574115
30749	365	0.06457411
30749	875	0.06457411
30770	581	0.093618035
30770	2552	0.093618035
30770	6198	0.093618035
30770	4342	0.09361803
30770	719	0.09361802
30770	875	0.09361802
30770	1349	0.09361802
30770	3556	0.09361802
30770	3605	0.09361802
30770	2787	0.09361801
30806	581	0.07291192
30806	2552	0.07291192
30806	6198	0.07291192
30806	3556	0.07291191
30806	4342	0.07291191
30806	719	0.0729119
30806	875	0.0729119
30806	1349	0.0729119
30806	2787	0.0729119
30806	3605	0.0729119
30810	581	0.05190388
30810	6198	0.05190388
30810	2552	0.051903877
30810	4342	0.051903877
30810	719	0.051903874
30810	1349	0.051903874
30810	3556	0.051903874
30810	3605	0.05190387
30810	875	0.051903866
30810	2787	0.051903866
30824	581	0.07886287
30824	2552	0.07886286
30824	4342	0.07886286
30824	6198	0.07886286
30824	3556	0.07886285
30824	365	0.078862846
30824	719	0.078862846
30824	875	0.078862846
30824	1349	0.078862846
30824	2787	0.078862846
30838	581	0.06348591
30838	1349	0.06348591
30838	2552	0.06348591
30838	4342	0.06348591
30838	6198	0.06348591
30838	719	0.063485906
30838	875	0.063485906
30838	2787	0.063485906
30838	3556	0.063485906
30838	3605	0.063485906
30854	581	0.06812418
30854	6198	0.06812418
30854	719	0.068124175
30854	2552	0.068124175
30854	4342	0.068124175
30854	1349	0.06812417
30854	3556	0.06812417
30854	365	0.06812416
30854	875	0.06812416
30854	880	0.06812416
30887	581	0.055119023
30887	6198	0.055119023
30887	2552	0.05511902
30887	4342	0.05511902
30887	1349	0.055119015
30887	3556	0.055119015
30887	719	0.05511901
30887	875	0.055119008
30887	2787	0.055119008
30887	3605	0.055119008
30898	581	0.072820365
30898	2552	0.072820365
30898	4342	0.07282036
30898	6198	0.07282036
30898	719	0.07282035
30898	875	0.07282035
30898	1349	0.07282035
30898	2651	0.07282035
30898	2787	0.07282035
30898	3556	0.07282035
30906	581	0.051817827
30906	4342	0.051817823
30906	2552	0.05181782
30906	6198	0.05181782
30906	719	0.051817816
30906	1349	0.051817816
30906	3556	0.051817816
30906	875	0.051817812
30906	2787	0.051817812
30906	3605	0.051817812
30939	6198	0.060138322
30939	581	0.06013832
30939	2552	0.06013832
30939	4342	0.060138315
30939	719	0.06013831
30939	875	0.060138308
30939	1349	0.060138308
30939	3556	0.060138308
30939	3605	0.060138308
30939	2787	0.060138304
30968	581	0.054446496
30968	2552	0.054446496
30968	6198	0.054446496
30968	4342	0.054446492
30968	719	0.05444649
30968	3556	0.05444649
30968	3605	0.05444649
30968	1349	0.054446485
30968	3756	0.054446485
30968	875	0.05444648
30972	6198	0.081447415
30972	719	0.08144741
30972	1349	0.08144741
30972	2552	0.08144741
30972	4342	0.08144741
30972	3556	0.0814474
30972	365	0.08144739
30972	875	0.08144739
30972	880	0.08144739
30972	1958	0.08144739
30985	581	0.095513925
30985	2552	0.095513925
30985	4342	0.095513925
30985	6198	0.095513925
30985	3605	0.09551392
30985	719	0.09551391
30985	875	0.09551391
30985	1349	0.09551391
30985	3556	0.09551391
30985	880	0.0955139
30989	6198	0.056886524
30989	581	0.05688652
30989	2552	0.05688652
30989	719	0.056886517
30989	3556	0.056886517
30989	1349	0.056886513
30989	3605	0.056886513
30989	875	0.05688651
30989	1958	0.05688651
30989	2787	0.05688651
30994	581	0.07757829
30994	719	0.07757828
30994	1349	0.07757828
30994	2552	0.07757828
30994	3556	0.07757828
30994	4342	0.07757828
30994	6198	0.07757828
30994	365	0.07757826
30994	875	0.07757826
30994	880	0.07757826
31006	581	0.059136197
31006	4342	0.059136193
31006	6198	0.059136193
31006	1349	0.05913619
31006	2552	0.05913619
31006	719	0.059136182
31006	3556	0.059136182
31006	3605	0.059136182
31006	3756	0.059136182
31006	2787	0.05913618
31008	581	0.062489856
31008	2552	0.062489852
31008	4342	0.062489852
31008	6198	0.062489852
31008	719	0.062489845
31008	875	0.062489845
31008	1349	0.062489845
31008	3556	0.062489845
31008	3605	0.06248984
31008	880	0.062489837
31040	581	0.068028435
31040	6198	0.068028435
31040	1349	0.06802843
31040	2552	0.06802843
31040	4342	0.06802843
31040	719	0.06802842
31040	875	0.06802842
31040	2787	0.06802842
31040	3556	0.06802842
31040	3605	0.06802842
31050	6198	0.06553738
31050	581	0.06553736
31050	719	0.06553736
31050	1349	0.06553736
31050	2552	0.06553736
31050	2651	0.06553736
31050	3605	0.06553736
31050	4342	0.06553736
31050	875	0.06553735
31050	880	0.06553735
31094	581	0.04973866
31094	6198	0.04973866
31094	4342	0.049738657
31094	719	0.049738653
31094	2552	0.049738653
31094	3556	0.049738653
31094	1349	0.04973865
31094	365	0.049738646
31094	875	0.049738646
31094	880	0.049738646
31144	581	0.058397524
31144	6198	0.058397524
31144	1349	0.058397517
31144	2552	0.058397517
31144	3556	0.058397517
31144	4342	0.058397517
31144	719	0.058397513
31144	3605	0.058397513
31144	875	0.05839751
31144	3756	0.05839751
31158	581	0.052602775
31158	6198	0.05260277
31158	2552	0.052602768
31158	4342	0.052602768
31158	719	0.052602764
31158	1349	0.052602764
31158	3556	0.052602764
31158	875	0.05260276
31158	2787	0.05260276
31158	3605	0.05260276
31226	581	0.044741575
31226	2552	0.04474157
31226	4342	0.04474157
31226	6198	0.04474157
31226	719	0.044741567
31226	1349	0.044741567
31226	3556	0.044741567
31226	3605	0.044741563
31226	3756	0.044741563
31226	4218	0.044741563
31229	581	0.07788902
31229	2552	0.07788902
31229	4342	0.07788902
31229	6198	0.07788902
31229	719	0.07788901
31229	1349	0.07788901
31229	3556	0.07788901
31229	875	0.077889
31229	2787	0.077889
31229	3756	0.077889
31250	581	0.06483893
31250	4342	0.06483893
31250	6198	0.06483893
31250	2552	0.06483892
31250	719	0.064838916
31250	875	0.064838916
31250	1349	0.064838916
31250	3556	0.064838916
31250	3605	0.064838916
31250	3756	0.064838916
31256	581	0.059857503
31256	4342	0.0598575
31256	6198	0.0598575
31256	2552	0.059857495
31256	1349	0.05985749
31256	3556	0.05985749
31256	719	0.059857488
31256	875	0.059857488
31256	2787	0.059857488
31256	3605	0.059857488
31343	581	0.05675352
31343	2552	0.056753516
31343	4342	0.056753516
31343	6198	0.056753516
31343	719	0.05675351
31343	1349	0.05675351
31343	3556	0.05675351
31343	875	0.056753505
31343	2787	0.056753505
31343	3605	0.056753505
31391	581	0.095633596
31391	4342	0.095633596
31391	6198	0.095633596
31391	2552	0.09563359
31391	719	0.09563358
31391	880	0.09563358
31391	1349	0.09563358
31391	2787	0.09563358
31391	3556	0.09563358
31391	3605	0.09563358
31393	581	0.0951862
31393	2552	0.0951862
31393	4342	0.0951862
31393	6198	0.0951862
31393	719	0.095186196
31393	875	0.09518619
31393	1349	0.09518619
31393	2651	0.09518619
31393	3556	0.09518619
31393	3605	0.09518619
31412	581	0.064257875
31412	4342	0.064257875
31412	2552	0.06425787
31412	6198	0.06425787
31412	719	0.06425786
31412	1349	0.06425786
31412	2787	0.06425786
31412	3556	0.06425786
31412	3605	0.06425786
31412	875	0.06425785
31431	581	0.05762642
31431	2552	0.05762642
31431	4342	0.05762642
31431	3556	0.057626415
31431	6198	0.057626415
31431	719	0.05762641
31431	1349	0.05762641
31431	365	0.057626404
31431	875	0.057626404
31431	2787	0.057626404
31446	581	0.058132034
31446	2552	0.05813203
31446	4342	0.05813203
31446	6198	0.05813203
31446	719	0.058132023
31446	1349	0.058132023
31446	3556	0.058132023
31446	875	0.05813202
31446	3605	0.05813202
31446	3756	0.05813202
31468	581	0.05636236
31468	4342	0.05636236
31468	6198	0.05636236
31468	2552	0.056362357
31468	719	0.056362353
31468	1349	0.056362353
31468	3556	0.056362353
31468	3605	0.05636235
31468	875	0.056362346
31468	880	0.056362346
31471	6198	0.07222512
31471	581	0.07222511
31471	719	0.07222511
31471	1349	0.07222511
31471	2552	0.07222511
31471	3556	0.07222511
31471	4342	0.07222511
31471	3605	0.0722251
31471	365	0.072225094
31471	875	0.072225094
31609	581	0.061824337
31609	4342	0.061824333
31609	6198	0.061824333
31609	2552	0.06182433
31609	719	0.061824325
31609	1349	0.061824325
31609	3556	0.061824325
31609	3605	0.06182432
31609	365	0.061824318
31609	2787	0.061824318
31652	581	0.058349952
31652	2552	0.058349945
31652	4342	0.058349945
31652	6198	0.058349945
31652	1349	0.05834994
31652	719	0.058349937
31652	3556	0.058349937
31652	3605	0.058349937
31652	3756	0.058349937
31652	875	0.058349933
31681	581	0.059918717
31681	2552	0.05991871
31681	4342	0.05991871
31681	6198	0.05991871
31681	719	0.0599187
31681	1349	0.0599187
31681	3556	0.0599187
31681	3605	0.059918698
31681	875	0.059918694
31681	880	0.059918694
31688	581	0.058185425
31688	6198	0.058185425
31688	2552	0.05818542
31688	4342	0.05818542
31688	719	0.058185413
31688	1349	0.058185413
31688	3556	0.058185413
31688	875	0.05818541
31688	880	0.05818541
31688	3605	0.05818541
31714	581	0.056060985
31714	6198	0.056060985
31714	4342	0.05606098
31714	719	0.056060977
31714	1349	0.056060977
31714	2552	0.056060977
31714	3556	0.056060977
31714	875	0.05606097
31714	2787	0.05606097
31714	3605	0.05606097
31740	581	0.047286093
31740	6198	0.04728609
31740	2552	0.047286086
31740	4342	0.047286086
31740	1349	0.047286082
31740	3556	0.047286082
31740	719	0.04728608
31740	875	0.04728608
31740	2787	0.04728608
31740	3605	0.04728608
31846	581	0.08280115
31846	4342	0.08280115
31846	6198	0.08280115
31846	2552	0.08280114
31846	719	0.08280113
31846	1349	0.08280113
31846	3556	0.08280113
31846	3605	0.08280113
31846	875	0.082801126
31846	3756	0.082801126
31860	581	0.05016034
31860	2552	0.05016034
31860	4342	0.05016034
31860	6198	0.05016034
31860	1349	0.050160337
31860	719	0.050160334
31860	3556	0.050160334
31860	2787	0.05016033
31860	3605	0.05016033
31860	365	0.050160326
31900	6198	0.073142
31900	581	0.07314199
31900	2552	0.07314199
31900	4342	0.07314199
31900	719	0.073141985
31900	1349	0.073141985
31900	875	0.07314198
31900	880	0.07314198
31900	1958	0.07314198
31900	2651	0.07314198
31919	581	0.05120644
31919	6198	0.051206436
31919	719	0.051206432
31919	1349	0.051206432
31919	2552	0.051206432
31919	4342	0.051206432
31919	3556	0.05120643
31919	875	0.051206425
31919	1958	0.051206425
31919	2787	0.051206425
31948	581	0.044007413
31948	6198	0.044007413
31948	4342	0.04400741
31948	1349	0.044007406
31948	2552	0.044007406
31948	3556	0.044007406
31948	719	0.044007402
31948	3605	0.044007402
31948	365	0.0440074
31948	875	0.0440074
32034	581	0.064779475
32034	1349	0.064779475
32034	2552	0.064779475
32034	4342	0.064779475
32034	6198	0.064779475
32034	3556	0.06477947
32034	365	0.06477946
32034	719	0.06477946
32034	875	0.06477946
32034	1958	0.06477946
32087	581	0.073769085
32087	6198	0.073769085
32087	719	0.07376908
32087	2552	0.07376908
32087	4342	0.07376908
32087	875	0.07376907
32087	1349	0.07376907
32087	3556	0.07376907
32087	3605	0.07376907
32087	880	0.07376906
32122	581	0.0635154
32122	6198	0.0635154
32122	2552	0.063515395
32122	3556	0.063515395
32122	4342	0.063515395
32122	719	0.06351539
32122	1349	0.06351539
32122	3605	0.06351539
32122	365	0.06351538
32122	875	0.06351538
32148	581	0.05326079
32148	2552	0.053260785
32148	6198	0.053260785
32148	719	0.05326078
32148	4342	0.05326078
32148	1349	0.053260777
32148	875	0.053260773
32148	2787	0.053260773
32148	3556	0.053260773
32148	3605	0.053260773
32188	581	0.052777193
32188	2552	0.052777193
32188	6198	0.052777193
32188	4342	0.05277719
32188	719	0.052777186
32188	1349	0.052777186
32188	3556	0.052777186
32188	365	0.05277718
32188	875	0.05277718
32188	2651	0.05277718
32195	581	0.036825992
32195	4342	0.036825992
32195	6198	0.036825992
32195	1349	0.03682599
32195	2552	0.03682599
32195	3556	0.03682599
32195	719	0.036825985
32195	3605	0.036825985
32195	3756	0.036825985
32195	2787	0.03682598
32244	581	0.0526037
32244	6198	0.0526037
32244	2552	0.052603696
32244	4342	0.052603696
32244	719	0.05260369
32244	1349	0.05260369
32244	3556	0.05260369
32244	875	0.052603688
32244	3605	0.052603688
32244	365	0.052603684
32250	2552	0.042993
32250	4342	0.042993
32250	6198	0.042993
32250	719	0.042992998
32250	365	0.042992994
32250	875	0.042992994
32250	1349	0.042992994
32250	3556	0.042992994
32250	3605	0.042992994
32250	3756	0.042992994
32275	581	0.047518052
32275	6198	0.047518052
32275	4342	0.04751805
32275	719	0.047518045
32275	2552	0.047518045
32275	1349	0.04751804
32275	3556	0.04751804
32275	3605	0.04751804
32275	875	0.047518037
32275	880	0.047518037
32329	581	0.055149548
32329	2552	0.055149548
32329	6198	0.055149548
32329	1349	0.05514954
32329	3556	0.05514954
32329	4342	0.05514954
32329	3605	0.055149537
32329	719	0.055149533
32329	875	0.055149533
32329	2787	0.055149533
32440	581	0.09712003
32440	2552	0.09712003
32440	4342	0.09712003
32440	6198	0.09712003
32440	719	0.09712002
32440	1349	0.09712002
32440	3556	0.09712002
32440	875	0.09712001
32440	3605	0.09712001
32440	3756	0.09712001
32516	581	0.056886166
32516	6198	0.056886163
32516	2552	0.05688616
32516	4342	0.05688616
32516	719	0.056886155
32516	1349	0.056886155
32516	875	0.05688615
32516	2787	0.05688615
32516	3556	0.05688615
32516	3605	0.05688615
32569	581	0.080691256
32569	1349	0.08069125
32569	2552	0.08069125
32569	4342	0.08069125
32569	6198	0.08069125
32569	719	0.08069124
32569	3556	0.08069124
32569	365	0.08069123
32569	875	0.08069123
32569	2787	0.08069123
32599	4342	0.07193174
32599	6198	0.07193174
32599	581	0.071931735
32599	719	0.071931735
32599	1349	0.071931735
32599	2552	0.071931735
32599	3556	0.071931735
32599	3756	0.07193173
32599	365	0.07193172
32599	875	0.07193172
32627	581	0.069781944
32627	4342	0.06978194
32627	6198	0.06978194
32627	719	0.06978193
32627	1349	0.06978193
32627	2552	0.06978193
32627	3556	0.06978193
32627	3605	0.06978193
32627	5147	0.06978193
32627	875	0.06978192
32641	581	0.051072136
32641	2552	0.051072136
32641	6198	0.051072136
32641	4342	0.05107213
32641	719	0.051072128
32641	1349	0.051072128
32641	3556	0.051072128
32641	3605	0.051072124
32641	3756	0.051072124
32641	365	0.05107212
32721	581	0.083513185
32721	6198	0.08351318
32721	2552	0.08351317
32721	3605	0.08351317
32721	4342	0.08351317
32721	719	0.08351316
32721	1349	0.08351316
32721	2787	0.08351316
32721	3556	0.08351316
32721	365	0.083513156
32773	581	0.09665705
32773	4342	0.09665705
32773	6198	0.09665705
32773	2552	0.096657045
32773	1349	0.09665704
32773	3556	0.09665704
32773	719	0.09665703
32773	2787	0.09665703
32773	3605	0.09665703
32773	875	0.09665702
32802	581	0.056303136
32802	2552	0.056303136
32802	4342	0.056303136
32802	6198	0.056303136
32802	719	0.05630313
32802	1349	0.05630313
32802	3556	0.05630313
32802	2787	0.056303125
32802	3605	0.056303125
32802	3756	0.056303125
32991	581	0.061035484
32991	6198	0.061035484
32991	2552	0.06103548
32991	4342	0.061035477
32991	1349	0.061035473
32991	3556	0.061035473
32991	719	0.06103547
32991	3605	0.06103547
32991	3756	0.06103547
32991	875	0.061035465
33004	581	0.06810363
33004	6198	0.06810362
33004	719	0.06810361
33004	1349	0.06810361
33004	2552	0.06810361
33004	3556	0.06810361
33004	3605	0.06810361
33004	4342	0.06810361
33004	365	0.0681036
33004	875	0.0681036
33036	581	0.057741094
33036	2552	0.05774109
33036	6198	0.05774109
33036	4342	0.057741087
33036	719	0.057741083
33036	1349	0.057741083
33036	3556	0.057741083
33036	3605	0.05774108
33036	875	0.057741076
33036	2787	0.057741076
33124	581	0.090930864
33124	2552	0.090930864
33124	6198	0.090930864
33124	4342	0.09093086
33124	719	0.09093085
33124	1349	0.09093085
33124	3556	0.09093085
33124	3605	0.09093085
33124	875	0.09093084
33124	2651	0.09093084
33179	6198	0.054894894
33179	581	0.054894887
33179	719	0.054894887
33179	1349	0.054894887
33179	2552	0.054894887
33179	3556	0.054894887
33179	4342	0.054894887
33179	875	0.05489488
33179	2787	0.05489488
33179	3422	0.05489488
33200	581	0.043820746
33200	6198	0.043820743
33200	719	0.04382074
33200	2552	0.04382074
33200	3556	0.04382074
33200	4342	0.04382074
33200	1349	0.043820735
33200	875	0.04382073
33200	880	0.04382073
33200	1173	0.04382073
33264	581	0.044030957
33264	2552	0.04403095
33264	3556	0.04403095
33264	4342	0.04403095
33264	6198	0.04403095
33264	719	0.044030946
33264	1349	0.044030946
33264	365	0.044030942
33264	875	0.044030942
33264	880	0.044030942
33270	581	0.052318
33270	6198	0.052317996
33270	2552	0.05231799
33270	4342	0.05231799
33270	1349	0.052317988
33270	3556	0.052317988
33270	719	0.052317984
33270	875	0.052317984
33270	2787	0.052317984
33270	3605	0.052317984
33283	6198	0.049352977
33283	581	0.049352974
33283	4342	0.049352974
33283	2552	0.04935297
33283	719	0.049352966
33283	1349	0.049352966
33283	3556	0.049352966
33283	3605	0.049352966
33283	4218	0.049352963
33283	875	0.04935296
33319	581	0.045237247
33319	6198	0.045237243
33319	2552	0.04523724
33319	4342	0.04523724
33319	719	0.045237236
33319	1349	0.045237236
33319	3556	0.045237236
33319	3756	0.045237236
33319	880	0.045237232
33319	3605	0.045237232
33461	581	0.055383332
33461	6198	0.055383332
33461	2552	0.05538333
33461	719	0.055383325
33461	1349	0.055383325
33461	4342	0.055383325
33461	3556	0.05538332
33461	875	0.055383317
33461	2787	0.055383317
33461	3605	0.055383317
33491	581	0.06476232
33491	6198	0.06476232
33491	719	0.06476231
33491	1349	0.06476231
33491	2552	0.06476231
33491	3556	0.06476231
33491	3605	0.06476231
33491	4342	0.06476231
33491	875	0.0647623
33491	880	0.0647623
33580	6198	0.05963064
33580	581	0.059630636
33580	4342	0.059630636
33580	2552	0.059630632
33580	719	0.05963063
33580	1349	0.05963063
33580	3556	0.059630625
33580	3605	0.059630625
33580	875	0.05963062
33580	880	0.05963062
33614	581	0.043789867
33614	6198	0.043789867
33614	1349	0.043789864
33614	2552	0.043789864
33614	3556	0.043789864
33614	4342	0.043789864
33614	719	0.043789856
33614	1958	0.043789856
33614	2651	0.043789856
33614	2787	0.043789856
33656	581	0.045105908
33656	6198	0.045105904
33656	2552	0.0451059
33656	3556	0.0451059
33656	4342	0.0451059
33656	719	0.045105897
33656	875	0.045105897
33656	1349	0.045105897
33656	3756	0.045105897
33656	4218	0.045105897
33681	581	0.06464358
33681	2552	0.06464358
33681	4342	0.06464358
33681	6198	0.06464358
33681	365	0.06464356
33681	719	0.06464356
33681	875	0.06464356
33681	880	0.06464356
33681	1349	0.06464356
33681	2651	0.06464356
33816	581	0.04826262
33816	2552	0.04826262
33816	4342	0.04826262
33816	6198	0.04826262
33816	719	0.048262615
33816	1349	0.048262615
33816	2651	0.04826261
33816	3556	0.04826261
33816	3605	0.04826261
33816	365	0.048262607
33818	581	0.09188154
33818	6198	0.09188154
33818	2552	0.091881536
33818	719	0.09188153
33818	1349	0.09188153
33818	4342	0.09188153
33818	3556	0.09188152
33818	3605	0.09188152
33818	875	0.09188151
33818	880	0.09188151
33832	581	0.050877392
33832	6198	0.050877392
33832	2552	0.05087739
33832	4342	0.05087739
33832	3556	0.050877385
33832	719	0.05087738
33832	1349	0.05087738
33832	875	0.050877377
33832	880	0.050877377
33832	1958	0.050877377
33862	2552	0.04629738
33862	4342	0.04629738
33862	6198	0.04629738
33862	1349	0.046297375
33862	719	0.04629737
33862	3556	0.04629737
33862	3605	0.04629737
33862	3756	0.04629737
33862	365	0.046297368
33862	2787	0.046297368
33933	581	0.07934515
33933	6198	0.079345144
33933	719	0.07934514
33933	1349	0.07934514
33933	2552	0.07934514
33933	3556	0.07934514
33933	4342	0.07934514
33933	2787	0.07934513
33933	365	0.07934512
33933	875	0.07934512
33958	581	0.04186831
33958	2552	0.041868307
33958	4342	0.041868307
33958	6198	0.041868307
33958	719	0.041868303
33958	3556	0.041868303
33958	365	0.0418683
33958	875	0.0418683
33958	880	0.0418683
33958	1349	0.0418683
33974	6198	0.08935531
33974	581	0.089355305
33974	2552	0.089355305
33974	4342	0.089355305
33974	1349	0.0893553
33974	719	0.08935529
33974	875	0.08935529
33974	2651	0.08935529
33974	2787	0.08935529
33974	3556	0.08935529
33980	6198	0.074532725
33980	581	0.07453272
33980	2552	0.07453272
33980	4342	0.07453272
33980	3556	0.07453271
33980	719	0.0745327
33980	875	0.0745327
33980	1349	0.0745327
33980	2787	0.0745327
33980	3605	0.0745327
33999	581	0.07069679
33999	1349	0.070696786
33999	4342	0.070696786
33999	6198	0.070696786
33999	719	0.07069678
33999	875	0.07069678
33999	3556	0.07069678
33999	3605	0.07069678
33999	880	0.07069677
33999	1958	0.07069677
34075	581	0.070130594
34075	2552	0.07013059
34075	4342	0.07013059
34075	6198	0.07013059
34075	719	0.07013057
34075	875	0.07013057
34075	880	0.07013057
34075	1349	0.07013057
34075	2651	0.07013057
34075	2787	0.07013057
34087	581	0.05501931
34087	2552	0.05501931
34087	4342	0.05501931
34087	6198	0.05501931
34087	1349	0.055019308
34087	3556	0.055019308
34087	719	0.055019304
34087	875	0.055019304
34087	3605	0.055019304
34087	2787	0.0550193
34115	581	0.061140172
34115	6198	0.061140172
34115	1349	0.06114017
34115	2552	0.06114017
34115	4342	0.06114017
34115	719	0.061140165
34115	3556	0.061140165
34115	3605	0.06114016
34115	875	0.061140157
34115	1958	0.061140157
34215	581	0.05608953
34215	4342	0.056089528
34215	6198	0.056089528
34215	719	0.05608952
34215	1349	0.05608952
34215	2552	0.05608952
34215	3556	0.05608952
34215	3605	0.056089517
34215	875	0.056089513
34215	2651	0.056089513
34300	581	0.082801744
34300	6198	0.082801744
34300	4342	0.08280174
34300	719	0.08280173
34300	1349	0.08280173
34300	2552	0.08280173
34300	3556	0.08280173
34300	365	0.082801715
34300	875	0.082801715
34300	880	0.082801715
34377	581	0.05594097
34377	6198	0.05594097
34377	2552	0.055940967
34377	4342	0.055940967
34377	1349	0.055940963
34377	3556	0.05594096
34377	719	0.055940956
34377	875	0.055940956
34377	2787	0.055940956
34377	3605	0.055940956
34501	581	0.06356022
34501	2552	0.06356022
34501	3556	0.06356022
34501	4342	0.06356022
34501	6198	0.06356022
34501	719	0.06356021
34501	1349	0.06356021
34501	3605	0.06356021
34501	365	0.0635602
34501	875	0.0635602
34526	581	0.06705494
34526	2552	0.06705494
34526	4342	0.06705494
34526	6198	0.06705494
34526	719	0.067054935
34526	1349	0.067054935
34526	875	0.06705493
34526	880	0.06705493
34526	1173	0.06705493
34526	1958	0.06705493
34588	581	0.08286499
34588	4342	0.082864985
34588	6198	0.082864985
34588	2552	0.08286498
34588	719	0.08286497
34588	1349	0.08286497
34588	3556	0.08286497
34588	3605	0.08286497
34588	875	0.08286496
34588	2787	0.08286496
34600	581	0.07404326
34600	6198	0.07404326
34600	1349	0.07404325
34600	2552	0.07404325
34600	4342	0.07404325
34600	719	0.074043244
34600	3556	0.074043244
34600	3605	0.074043244
34600	875	0.07404324
34600	880	0.07404324
34636	581	0.04486594
34636	2552	0.044865936
34636	3556	0.044865936
34636	4342	0.044865936
34636	6198	0.044865936
34636	1349	0.044865932
34636	365	0.04486593
34636	719	0.04486593
34636	875	0.04486593
34636	2651	0.04486593
34752	2552	0.047037296
34752	4342	0.047037296
34752	6198	0.047037296
34752	1349	0.047037292
34752	3556	0.047037292
34752	719	0.04703729
34752	875	0.04703729
34752	3605	0.04703729
34752	3756	0.04703729
34752	5147	0.04703729
34801	581	0.062316906
34801	6198	0.062316902
34801	2552	0.0623169
34801	719	0.062316895
34801	3605	0.062316895
34801	4342	0.062316895
34801	1349	0.06231689
34801	2787	0.062316887
34801	3556	0.062316887
34801	3663	0.062316887
34840	581	0.0611093
34840	4342	0.061109297
34840	6198	0.061109297
34840	2552	0.061109293
34840	719	0.06110929
34840	1349	0.06110929
34840	3556	0.06110929
34840	3605	0.06110929
34840	2787	0.061109286
34840	365	0.061109282
34932	581	0.04524101
34932	6198	0.04524101
34932	2552	0.045241006
34932	3556	0.045241006
34932	4342	0.045241006
34932	719	0.045241002
34932	1349	0.045241002
34932	3756	0.045241002
34932	875	0.045241
34932	2787	0.045241
34987	581	0.061260432
34987	2552	0.061260432
34987	6198	0.061260432
34987	4342	0.06126043
34987	1349	0.061260425
34987	3605	0.061260425
34987	719	0.06126042
34987	2787	0.06126042
34987	3556	0.06126042
34987	875	0.061260417
34988	581	0.047201175
34988	4342	0.047201175
34988	2552	0.04720117
34988	6198	0.04720117
34988	1349	0.047201168
34988	719	0.047201164
34988	875	0.047201164
34988	3556	0.047201164
34988	3605	0.047201164
34988	3756	0.047201164
35030	581	0.06817992
35030	2552	0.06817992
35030	4342	0.06817992
35030	6198	0.06817991
35030	719	0.068179905
35030	875	0.068179905
35030	880	0.068179905
35030	1349	0.068179905
35030	2651	0.068179905
35030	2787	0.068179905
35050	581	0.057913586
35050	2552	0.057913583
35050	4342	0.057913583
35050	6198	0.057913583
35050	719	0.05791358
35050	1349	0.05791358
35050	3556	0.05791358
35050	3605	0.057913575
35050	875	0.05791357
35050	880	0.05791357
35081	581	0.058948874
35081	2552	0.058948867
35081	4342	0.058948867
35081	6198	0.058948867
35081	719	0.05894886
35081	1349	0.05894886
35081	3556	0.05894886
35081	3756	0.05894886
35081	875	0.058948856
35081	3605	0.058948856
35148	581	0.047944725
35148	2552	0.047944717
35148	4342	0.047944717
35148	6198	0.047944717
35148	719	0.047944713
35148	3556	0.047944713
35148	875	0.04794471
35148	1349	0.04794471
35148	3605	0.04794471
35148	3756	0.04794471
35179	581	0.05615988
35179	6198	0.05615988
35179	2552	0.056159876
35179	4342	0.056159876
35179	719	0.056159873
35179	3556	0.056159873
35179	875	0.05615987
35179	1349	0.05615987
35179	880	0.056159865
35179	2651	0.056159865
35188	581	0.06418227
35188	2552	0.06418226
35188	4342	0.06418226
35188	6198	0.06418226
35188	719	0.06418225
35188	1349	0.06418225
35188	2651	0.06418225
35188	3556	0.06418225
35188	3605	0.06418225
35188	3756	0.06418225
35233	581	0.066897735
35233	6198	0.06689773
35233	719	0.06689772
35233	1349	0.06689772
35233	2552	0.06689772
35233	3556	0.06689772
35233	3605	0.06689772
35233	4342	0.06689772
35233	875	0.06689771
35233	880	0.06689771
35270	581	0.060230277
35270	4342	0.060230277
35270	6198	0.060230277
35270	1349	0.06023027
35270	2552	0.06023027
35270	3556	0.06023027
35270	719	0.060230266
35270	3605	0.060230266
35270	875	0.060230263
35270	880	0.060230263
35320	581	0.047812782
35320	4342	0.047812782
35320	6198	0.047812782
35320	2552	0.04781278
35320	719	0.047812775
35320	1349	0.047812775
35320	3556	0.047812775
35320	875	0.04781277
35320	2787	0.04781277
35320	3605	0.04781277
35424	581	0.045856442
35424	2552	0.04585644
35424	4342	0.04585644
35424	6198	0.04585644
35424	1349	0.045856435
35424	719	0.04585643
35424	3556	0.04585643
35424	3605	0.04585643
35424	875	0.045856427
35424	3422	0.045856427
35445	719	0.06832653
35445	1349	0.06832653
35445	2552	0.06832653
35445	4342	0.06832653
35445	6198	0.06832653
35445	2787	0.068326525
35445	3556	0.068326525
35445	3605	0.068326525
35445	365	0.06832652
35445	875	0.06832652
35532	581	0.05083344
35532	6198	0.05083344
35532	2552	0.050833438
35532	4342	0.050833438
35532	719	0.050833434
35532	1349	0.050833434
35532	3556	0.050833434
35532	3605	0.05083343
35532	875	0.050833426
35532	880	0.050833426
35631	581	0.044477884
35631	2552	0.04447788
35631	4342	0.04447788
35631	6198	0.04447788
35631	3556	0.044477876
35631	719	0.044477873
35631	875	0.044477873
35631	1349	0.044477873
35631	3605	0.044477873
35631	3756	0.044477873
35704	581	0.08115814
35704	4342	0.08115814
35704	6198	0.08115814
35704	719	0.08115813
35704	1349	0.08115813
35704	2552	0.08115813
35704	3556	0.081158124
35704	3605	0.081158124
35704	875	0.08115812
35704	880	0.08115812
35707	581	0.057038955
35707	2552	0.057038948
35707	4342	0.057038948
35707	6198	0.057038948
35707	719	0.057038944
35707	875	0.05703894
35707	1349	0.05703894
35707	3556	0.05703894
35707	3605	0.05703894
35707	3756	0.05703894
35793	2552	0.07610728
35793	6198	0.07610728
35793	581	0.07610727
35793	4342	0.07610727
35793	719	0.07610726
35793	1349	0.07610726
35793	3556	0.07610726
35793	3605	0.07610726
35793	3756	0.07610726
35793	875	0.076107256
35836	581	0.0473149
35836	2552	0.047314897
35836	4342	0.047314897
35836	6198	0.047314897
35836	719	0.04731489
35836	1349	0.04731489
35836	3556	0.04731489
35836	3605	0.04731489
35836	875	0.047314886
35836	3756	0.047314886
35841	6198	0.05499095
35841	581	0.054990947
35841	2552	0.054990944
35841	4342	0.054990944
35841	719	0.05499094
35841	1349	0.05499094
35841	3556	0.05499094
35841	3605	0.05499094
35841	2787	0.054990936
35841	875	0.054990932
35845	581	0.054462515
35845	2552	0.054462515
35845	6198	0.054462515
35845	4342	0.05446251
35845	719	0.054462507
35845	1349	0.054462507
35845	3556	0.054462507
35845	3756	0.054462504
35845	365	0.0544625
35845	875	0.0544625
35857	581	0.062435556
35857	2552	0.062435552
35857	4342	0.062435552
35857	1349	0.062435545
35857	6198	0.062435545
35857	719	0.06243554
35857	3556	0.06243554
35857	2787	0.062435538
35857	3605	0.062435538
35857	3756	0.062435538
35865	581	0.04771162
35865	2552	0.04771161
35865	4342	0.04771161
35865	6198	0.04771161
35865	719	0.047711607
35865	1349	0.047711607
35865	3556	0.047711607
35865	2787	0.047711603
35865	3605	0.047711603
35865	875	0.0477116
35909	581	0.06170104
35909	6198	0.06170104
35909	4342	0.061701037
35909	2552	0.061701033
35909	719	0.06170103
35909	1349	0.06170103
35909	2787	0.061701026
35909	3556	0.061701026
35909	3605	0.061701026
35909	875	0.061701022
35918	6198	0.07522673
35918	581	0.075226724
35918	719	0.075226724
35918	2552	0.075226724
35918	4342	0.075226724
35918	1349	0.07522672
35918	3556	0.07522672
35918	875	0.07522671
35918	880	0.07522671
35918	1211	0.07522671
35922	581	0.04711174
35922	2552	0.047111735
35922	4342	0.047111735
35922	6198	0.047111735
35922	719	0.04711173
35922	875	0.047111727
35922	1349	0.047111727
35922	3556	0.047111727
35922	3605	0.047111727
35922	3756	0.047111727
35925	581	0.07129173
35925	6198	0.07129173
35925	2552	0.07129172
35925	4342	0.07129172
35925	719	0.071291715
35925	875	0.071291715
35925	1349	0.071291715
35925	3556	0.071291715
35925	3605	0.071291715
35925	4218	0.071291715
35998	581	0.06193582
35998	4342	0.061935816
35998	2552	0.061935812
35998	6198	0.061935812
35998	719	0.061935805
35998	875	0.061935805
35998	1349	0.061935805
35998	3556	0.061935805
35998	3605	0.061935805
35998	5214	0.061935805
36003	581	0.10131217
36003	2552	0.10131216
36003	4342	0.10131216
36003	6198	0.10131216
36003	3556	0.10131215
36003	719	0.101312146
36003	1349	0.101312146
36003	3605	0.101312146
36003	875	0.10131214
36003	365	0.10131213
36043	581	0.04549208
36043	6198	0.04549208
36043	2552	0.045492075
36043	4342	0.045492075
36043	719	0.04549207
36043	1349	0.045492068
36043	2787	0.045492068
36043	3556	0.045492068
36043	3605	0.045492068
36043	875	0.045492064
36103	581	0.047607295
36103	2552	0.04760729
36103	4342	0.04760729
36103	6198	0.04760729
36103	719	0.047607288
36103	1349	0.047607288
36103	3556	0.047607284
36103	365	0.04760728
36103	875	0.04760728
36103	880	0.04760728
36135	581	0.060167897
36135	6198	0.060167894
36135	2552	0.06016789
36135	4342	0.06016789
36135	719	0.060167886
36135	1349	0.060167886
36135	3556	0.060167886
36135	2787	0.06016788
36135	3605	0.06016788
36135	3756	0.06016788
36141	581	0.051097915
36141	6198	0.051097915
36141	4342	0.05109791
36141	1349	0.051097907
36141	2552	0.051097907
36141	3556	0.051097907
36141	3605	0.051097907
36141	719	0.051097903
36141	875	0.0510979
36141	1173	0.0510979
36157	581	0.05263282
36157	2552	0.052632816
36157	4342	0.052632816
36157	6198	0.052632816
36157	719	0.052632812
36157	875	0.05263281
36157	1349	0.05263281
36157	2787	0.05263281
36157	3556	0.05263281
36157	3605	0.05263281
36256	2552	0.07061806
36256	4342	0.07061806
36256	6198	0.07061806
36256	719	0.070618056
36256	1349	0.070618056
36256	3556	0.07061805
36256	3605	0.07061805
36256	3756	0.07061805
36256	4218	0.07061805
36256	5147	0.07061805
36299	581	0.07167615
36299	2552	0.07167615
36299	4342	0.07167615
36299	6198	0.07167615
36299	719	0.07167614
36299	875	0.071676135
36299	880	0.071676135
36299	1349	0.071676135
36299	2787	0.071676135
36299	3556	0.071676135
36307	581	0.044031933
36307	4342	0.044031933
36307	2552	0.04403193
36307	6198	0.04403193
36307	719	0.044031925
36307	1349	0.044031925
36307	3556	0.044031925
36307	875	0.04403192
36307	3756	0.04403192
36307	365	0.044031918
36326	581	0.069739535
36326	6198	0.069739535
36326	2552	0.06973953
36326	719	0.06973952
36326	1349	0.06973952
36326	3556	0.06973952
36326	3605	0.06973952
36326	4342	0.06973952
36326	875	0.06973951
36326	2787	0.06973951
36327	581	0.07319729
36327	6198	0.07319729
36327	2552	0.07319728
36327	4342	0.07319728
36327	1349	0.073197275
36327	3556	0.073197275
36327	3605	0.073197275
36327	719	0.07319727
36327	2651	0.07319727
36327	2787	0.07319727
36357	581	0.05984891
36357	2552	0.059848905
36357	4342	0.059848905
36357	6198	0.059848905
36357	719	0.059848897
36357	1349	0.059848897
36357	3556	0.059848897
36357	875	0.059848893
36357	3605	0.059848893
36357	365	0.05984889
36554	581	0.07295843
36554	719	0.072958425
36554	1349	0.072958425
36554	2552	0.072958425
36554	3556	0.072958425
36554	4342	0.072958425
36554	6198	0.072958425
36554	875	0.07295842
36554	365	0.07295841
36554	880	0.07295841
36562	581	0.049508713
36562	2552	0.049508713
36562	4342	0.049508713
36562	6198	0.049508713
36562	719	0.049508706
36562	1349	0.049508706
36562	3556	0.049508706
36562	3605	0.049508706
36562	2787	0.049508702
36562	3756	0.049508702
36568	2552	0.068116315
36568	6198	0.068116315
36568	581	0.06811631
36568	719	0.06811631
36568	1349	0.06811631
36568	3556	0.06811631
36568	4342	0.06811631
36568	875	0.0681163
36568	3605	0.0681163
36568	97	0.06811629
36609	2552	0.066015
36609	581	0.06601499
36609	719	0.06601499
36609	3556	0.06601499
36609	4342	0.06601499
36609	6198	0.06601499
36609	1349	0.06601498
36609	3605	0.06601498
36609	365	0.066014975
36609	875	0.066014975
36638	581	0.06441095
36638	2552	0.06441095
36638	6198	0.06441095
36638	719	0.06441094
36638	1349	0.06441094
36638	3556	0.06441094
36638	4342	0.06441094
36638	875	0.06441093
36638	3422	0.06441093
36638	3605	0.06441093
36673	581	0.049456093
36673	4342	0.04945609
36673	6198	0.04945609
36673	2552	0.049456086
36673	719	0.049456082
36673	1349	0.049456082
36673	3556	0.049456082
36673	3605	0.04945608
36673	365	0.049456075
36673	875	0.049456075
36693	581	0.05377454
36693	2552	0.053774536
36693	4342	0.053774536
36693	6198	0.053774536
36693	719	0.053774532
36693	875	0.05377453
36693	1349	0.05377453
36693	3556	0.05377453
36693	3605	0.05377453
36693	880	0.053774524
36715	581	0.07409716
36715	4342	0.07409715
36715	6198	0.07409715
36715	719	0.07409714
36715	2552	0.07409714
36715	3556	0.07409714
36715	1349	0.074097134
36715	3605	0.074097134
36715	3756	0.074097134
36715	365	0.07409713
36741	4342	0.0413763
36741	581	0.041376296
36741	2552	0.041376296
36741	719	0.041376293
36741	1349	0.041376293
36741	3556	0.041376293
36741	6198	0.041376293
36741	3605	0.04137629
36741	365	0.041376285
36741	875	0.041376285
36749	581	0.060256995
36749	2552	0.060256995
36749	4342	0.060256995
36749	6198	0.06025699
36749	1349	0.060256988
36749	3556	0.060256988
36749	719	0.060256984
36749	875	0.06025698
36749	2787	0.06025698
36749	3605	0.06025698
36801	581	0.047211394
36801	6198	0.047211394
36801	4342	0.04721139
36801	719	0.047211386
36801	1349	0.047211386
36801	2552	0.047211386
36801	3556	0.047211386
36801	875	0.047211383
36801	880	0.047211383
36801	3605	0.047211383
36807	581	0.072135374
36807	6198	0.07213537
36807	719	0.07213536
36807	1349	0.07213536
36807	2552	0.07213536
36807	3556	0.07213536
36807	3605	0.07213536
36807	4342	0.07213536
36807	365	0.07213535
36807	875	0.07213535
36811	581	0.06776992
36811	2552	0.06776992
36811	4342	0.06776992
36811	6198	0.06776992
36811	719	0.067769915
36811	1349	0.067769915
36811	2787	0.067769915
36811	3556	0.067769915
36811	3605	0.067769915
36811	2651	0.06776991
36817	581	0.07053594
36817	2552	0.07053594
36817	4342	0.07053594
36817	6198	0.07053594
36817	3556	0.070535935
36817	719	0.07053593
36817	875	0.07053593
36817	1349	0.07053593
36817	2651	0.07053593
36817	2787	0.07053593
36836	581	0.052456386
36836	6198	0.052456386
36836	2552	0.05245638
36836	4342	0.05245638
36836	719	0.052456375
36836	1349	0.052456375
36836	875	0.05245637
36836	3556	0.05245637
36836	3605	0.05245637
36836	3756	0.05245637
36839	6198	0.046916436
36839	581	0.046916433
36839	2552	0.046916433
36839	4342	0.046916433
36839	1349	0.04691643
36839	3556	0.04691643
36839	719	0.046916425
36839	875	0.046916425
36839	2651	0.046916425
36839	2787	0.046916425
36907	581	0.071753755
36907	6198	0.071753755
36907	4342	0.07175375
36907	719	0.07175374
36907	1349	0.07175374
36907	2552	0.07175374
36907	2787	0.07175374
36907	3556	0.07175374
36907	875	0.07175373
36907	880	0.07175373
36938	581	0.06418265
36938	2552	0.06418265
36938	3556	0.06418264
36938	4342	0.06418264
36938	6198	0.06418264
36938	719	0.06418263
36938	1349	0.06418263
36938	365	0.064182624
36938	875	0.064182624
36938	880	0.064182624
36978	581	0.054081697
36978	6198	0.054081697
36978	2552	0.054081693
36978	4342	0.054081693
36978	719	0.054081686
36978	1349	0.054081686
36978	3556	0.054081686
36978	875	0.054081682
36978	3605	0.054081682
36978	365	0.05408168
37147	581	0.05925165
37147	4342	0.05925165
37147	6198	0.05925165
37147	2552	0.059251647
37147	719	0.059251644
37147	1349	0.059251644
37147	3556	0.059251644
37147	875	0.059251636
37147	880	0.059251636
37147	2651	0.059251636
37168	581	0.061267704
37168	6198	0.061267704
37168	2552	0.0612677
37168	4342	0.0612677
37168	719	0.061267696
37168	1349	0.061267696
37168	3556	0.06126769
37168	3605	0.06126769
37168	3756	0.06126769
37168	4218	0.06126769
37208	581	0.06398924
37208	2552	0.06398924
37208	6198	0.06398924
37208	719	0.06398923
37208	4342	0.06398923
37208	365	0.06398922
37208	875	0.06398922
37208	1349	0.06398922
37208	2651	0.06398922
37208	2787	0.06398922
37227	6198	0.071110666
37227	4342	0.07111066
37227	719	0.07111065
37227	1349	0.07111065
37227	2552	0.07111065
37227	3556	0.07111065
37227	3605	0.07111064
37227	3756	0.07111064
37227	365	0.071110636
37227	875	0.071110636
37235	581	0.04889383
37235	6198	0.04889383
37235	2552	0.048893828
37235	4342	0.048893828
37235	719	0.048893824
37235	1349	0.048893824
37235	3556	0.048893824
37235	875	0.04889382
37235	365	0.048893817
37235	880	0.048893817
37239	581	0.056135543
37239	6198	0.056135543
37239	4342	0.05613554
37239	719	0.056135535
37239	1349	0.056135535
37239	2552	0.056135535
37239	3556	0.056135535
37239	875	0.056135528
37239	3605	0.056135528
37239	4218	0.056135528
37244	581	0.060331993
37244	6198	0.06033199
37244	719	0.060331985
37244	1349	0.060331985
37244	2552	0.060331985
37244	4342	0.060331985
37244	3556	0.06033198
37244	365	0.060331978
37244	875	0.060331978
37244	3605	0.060331978
37293	581	0.06430383
37293	4342	0.06430382
37293	6198	0.06430382
37293	719	0.064303815
37293	1349	0.064303815
37293	2552	0.064303815
37293	3556	0.064303815
37293	875	0.06430381
37293	3605	0.06430381
37293	5147	0.06430381
37310	581	0.058019027
37310	6198	0.058019023
37310	2552	0.05801902
37310	4342	0.05801902
37310	1349	0.058019016
37310	719	0.058019012
37310	3556	0.058019012
37310	3605	0.058019012
37310	3756	0.058019012
37310	875	0.05801901
37311	581	0.057083316
37311	4342	0.057083316
37311	6198	0.057083316
37311	719	0.05708331
37311	1349	0.05708331
37311	2552	0.05708331
37311	3556	0.05708331
37311	875	0.0570833
37311	2651	0.0570833
37311	2787	0.0570833
37400	581	0.06840554
37400	2552	0.06840554
37400	6198	0.06840554
37400	4342	0.06840553
37400	719	0.068405524
37400	875	0.068405524
37400	1349	0.068405524
37400	2787	0.068405524
37400	3556	0.068405524
37400	3605	0.068405524
37426	581	0.048225384
37426	4342	0.04822538
37426	6198	0.04822538
37426	2552	0.048225377
37426	719	0.048225373
37426	1349	0.048225373
37426	3556	0.048225373
37426	875	0.04822537
37426	3605	0.04822537
37426	3756	0.04822537
37447	581	0.06506651
37447	2552	0.06506651
37447	6198	0.06506651
37447	719	0.0650665
37447	1349	0.0650665
37447	3556	0.0650665
37447	4342	0.0650665
37447	2787	0.065066494
37447	3605	0.065066494
37447	5147	0.065066494
37493	581	0.04369718
37493	6198	0.043697175
37493	2552	0.04369717
37493	4342	0.04369717
37493	719	0.043697167
37493	1349	0.043697167
37493	875	0.043697163
37493	1958	0.043697163
37493	2787	0.043697163
37493	3422	0.043697163
37512	581	0.05765484
37512	2552	0.057654835
37512	4342	0.057654835
37512	6198	0.057654835
37512	719	0.057654828
37512	3556	0.057654828
37512	1349	0.057654824
37512	875	0.05765482
37512	880	0.05765482
37512	2651	0.05765482
37538	581	0.086852506
37538	2552	0.086852506
37538	4342	0.086852506
37538	6198	0.086852506
37538	1349	0.0868525
37538	719	0.08685249
37538	3556	0.08685249
37538	3756	0.08685249
37538	5214	0.08685249
37538	365	0.08685248
37556	581	0.053984158
37556	6198	0.053984154
37556	2552	0.05398415
37556	4342	0.05398415
37556	1349	0.053984147
37556	719	0.053984143
37556	875	0.053984143
37556	3556	0.053984143
37556	3605	0.053984143
37556	3756	0.053984143
37567	581	0.06101133
37567	2552	0.06101132
37567	4342	0.06101132
37567	6198	0.06101132
37567	719	0.061011314
37567	1349	0.061011314
37567	3556	0.061011314
37567	3605	0.061011314
37567	875	0.061011307
37567	2651	0.061011307
37571	6198	0.06419751
37571	581	0.0641975
37571	4342	0.0641975
37571	719	0.064197496
37571	875	0.064197496
37571	1349	0.064197496
37571	2552	0.064197496
37571	3556	0.064197496
37571	3605	0.064197496
37571	3756	0.064197496
37573	581	0.053074956
37573	4342	0.053074956
37573	6198	0.053074956
37573	719	0.05307495
37573	1349	0.05307495
37573	2552	0.05307495
37573	3556	0.05307495
37573	875	0.053074945
37573	3605	0.053074945
37573	365	0.05307494
37584	581	0.05485091
37584	4342	0.05485091
37584	6198	0.05485091
37584	719	0.054850906
37584	2552	0.054850906
37584	1349	0.054850902
37584	3556	0.054850902
37584	875	0.0548509
37584	3605	0.0548509
37584	3756	0.0548509
37605	6198	0.048280265
37605	581	0.04828026
37605	2552	0.04828026
37605	4342	0.04828026
37605	1349	0.048280258
37605	719	0.048280254
37605	875	0.048280254
37605	2787	0.048280254
37605	3556	0.048280254
37605	3605	0.048280254
37623	581	0.06971106
37623	2552	0.06971106
37623	4342	0.06971106
37623	6198	0.06971106
37623	719	0.06971105
37623	875	0.06971105
37623	1349	0.069711044
37623	2651	0.069711044
37623	3556	0.069711044
37623	3605	0.069711044
37644	581	0.073466726
37644	4342	0.073466726
37644	6198	0.073466726
37644	719	0.07346672
37644	1349	0.07346672
37644	2552	0.07346672
37644	3556	0.07346672
37644	3605	0.07346672
37644	3756	0.07346671
37644	365	0.0734667
37691	581	0.04968742
37691	2552	0.04968742
37691	6198	0.04968742
37691	4342	0.049687415
37691	719	0.04968741
37691	1349	0.04968741
37691	3556	0.04968741
37691	875	0.049687408
37691	3605	0.049687408
37691	3756	0.049687408
37712	581	0.10104905
37712	2552	0.10104905
37712	4342	0.10104905
37712	6198	0.10104905
37712	719	0.10104904
37712	1349	0.101049036
37712	3556	0.101049036
37712	3605	0.101049036
37712	3756	0.101049036
37712	365	0.10104903
37790	581	0.061874732
37790	2552	0.061874725
37790	4342	0.061874725
37790	6198	0.061874725
37790	719	0.061874717
37790	1349	0.061874717
37790	3556	0.061874717
37790	3605	0.061874717
37790	875	0.06187471
37790	880	0.06187471
37817	581	0.059688456
37817	6198	0.059688456
37817	4342	0.059688453
37817	1349	0.05968845
37817	2552	0.05968845
37817	3556	0.05968845
37817	719	0.059688445
37817	3605	0.059688445
37817	2787	0.05968844
37817	3663	0.05968844
37822	581	0.05265104
37822	2552	0.052651033
37822	4342	0.052651033
37822	6198	0.052651033
37822	719	0.052651025
37822	875	0.052651025
37822	1349	0.052651025
37822	3556	0.052651025
37822	3605	0.052651025
37822	2787	0.05265102
37874	581	0.05521541
37874	4342	0.05521541
37874	6198	0.05521541
37874	1349	0.055215403
37874	2552	0.055215403
37874	3556	0.055215403
37874	719	0.0552154
37874	3605	0.0552154
37874	875	0.055215396
37874	2651	0.055215396
37968	581	0.06455683
37968	6198	0.06455683
37968	719	0.06455682
37968	2552	0.06455682
37968	2787	0.06455682
37968	3556	0.06455682
37968	4342	0.06455682
37968	1349	0.064556815
37968	2651	0.064556815
37968	3605	0.064556815
37974	581	0.054729953
37974	2552	0.054729946
37974	4342	0.054729946
37974	6198	0.054729946
37974	3556	0.054729942
37974	3605	0.054729942
37974	719	0.05472994
37974	875	0.05472994
37974	1349	0.05472994
37974	2787	0.05472994
37989	581	0.056719698
37989	2552	0.05671969
37989	4342	0.05671969
37989	6198	0.05671969
37989	719	0.056719683
37989	1349	0.056719683
37989	3556	0.056719683
37989	3605	0.056719683
37989	875	0.05671968
37989	2787	0.05671968
38034	581	0.048051313
38034	6198	0.04805131
38034	1349	0.048051305
38034	2552	0.048051305
38034	3605	0.048051305
38034	4342	0.048051305
38034	719	0.0480513
38034	3556	0.0480513
38034	880	0.048051298
38034	3756	0.048051298
38081	2552	0.066919796
38081	4342	0.066919796
38081	6198	0.066919796
38081	581	0.06691979
38081	719	0.06691979
38081	1349	0.06691979
38081	3556	0.06691978
38081	3605	0.06691978
38081	3756	0.06691978
38081	4218	0.06691978
38091	581	0.04363939
38091	2552	0.043639388
38091	6198	0.043639388
38091	1349	0.043639384
38091	4342	0.043639384
38091	719	0.04363938
38091	3556	0.04363938
38091	365	0.043639377
38091	875	0.043639377
38091	880	0.043639377
38176	581	0.054134574
38176	2552	0.05413457
38176	4342	0.05413457
38176	6198	0.05413457
38176	1349	0.054134566
38176	719	0.054134563
38176	3556	0.054134563
38176	3605	0.054134563
38176	880	0.05413456
38176	2787	0.05413456
38250	581	0.059567973
38250	6198	0.059567973
38250	2552	0.059567966
38250	4342	0.059567966
38250	719	0.05956796
38250	1349	0.05956796
38250	3556	0.05956796
38250	875	0.059567958
38250	2787	0.059567958
38250	3605	0.059567958
38281	581	0.054533195
38281	2552	0.054533195
38281	6198	0.054533195
38281	719	0.05453319
38281	3556	0.05453319
38281	4342	0.05453319
38281	875	0.054533187
38281	1349	0.054533187
38281	2651	0.054533184
38281	2787	0.054533184
38457	581	0.06500311
38457	2552	0.065003105
38457	6198	0.065003105
38457	719	0.0650031
38457	1349	0.0650031
38457	3556	0.0650031
38457	3605	0.0650031
38457	4342	0.0650031
38457	1958	0.06500309
38457	3756	0.06500309
38464	581	0.0513108
38464	6198	0.0513108
38464	4342	0.051310796
38464	719	0.051310793
38464	2552	0.051310793
38464	3556	0.05131079
38464	3756	0.05131079
38464	365	0.051310785
38464	875	0.051310785
38464	1349	0.051310785
38482	4342	0.04730661
38482	6198	0.04730661
38482	581	0.047306605
38482	1349	0.047306605
38482	2552	0.047306605
38482	3556	0.047306605
38482	719	0.0473066
38482	875	0.047306597
38482	2787	0.047306597
38482	3605	0.047306597
38544	581	0.03914087
38544	2552	0.039140865
38544	4342	0.039140865
38544	6198	0.039140865
38544	719	0.03914086
38544	3556	0.03914086
38544	875	0.039140858
38544	1349	0.039140858
38544	2787	0.039140858
38544	3605	0.039140858
38556	581	0.05967745
38556	6198	0.05967745
38556	2552	0.059677444
38556	4342	0.059677444
38556	1349	0.05967744
38556	719	0.059677437
38556	875	0.059677437
38556	3556	0.059677437
38556	2787	0.059677433
38556	3605	0.059677433
38590	581	0.06703435
38590	2552	0.06703435
38590	4342	0.06703435
38590	6198	0.06703435
38590	719	0.067034334
38590	1349	0.067034334
38590	2787	0.067034334
38590	3556	0.067034334
38590	3605	0.067034334
38590	3663	0.067034334
38654	581	0.054255273
38654	4342	0.05425527
38654	6198	0.05425527
38654	2552	0.054255266
38654	1349	0.054255262
38654	3556	0.054255262
38654	719	0.05425526
38654	875	0.05425526
38654	3605	0.05425526
38654	880	0.054255255
38660	581	0.05670134
38660	6198	0.05670134
38660	2552	0.056701332
38660	4342	0.056701332
38660	1349	0.05670133
38660	3556	0.05670133
38660	719	0.056701325
38660	875	0.056701325
38660	2787	0.056701325
38660	3605	0.056701325
38661	581	0.06183774
38661	6198	0.061837737
38661	2552	0.061837733
38661	4342	0.061837733
38661	1349	0.06183773
38661	3556	0.06183773
38661	719	0.061837725
38661	875	0.061837725
38661	2787	0.061837725
38661	3605	0.061837725
38679	581	0.041421942
38679	6198	0.04142194
38679	719	0.041421935
38679	2552	0.041421935
38679	4342	0.041421935
38679	3556	0.04142193
38679	875	0.041421928
38679	880	0.041421928
38679	1349	0.041421928
38679	2787	0.041421928
38703	6198	0.06257254
38703	2552	0.06257253
38703	365	0.062572524
38703	719	0.062572524
38703	1349	0.062572524
38703	3556	0.062572524
38703	4342	0.062572524
38703	875	0.06257252
38703	3422	0.06257252
38703	3605	0.06257252
38718	581	0.061283633
38718	4342	0.061283633
38718	2552	0.06128363
38718	1349	0.061283626
38718	6198	0.061283626
38718	719	0.061283622
38718	3556	0.061283622
38718	3605	0.06128362
38718	2651	0.061283614
38718	2787	0.061283614
38781	581	0.062422127
38781	4342	0.062422127
38781	6198	0.062422127
38781	2552	0.062422123
38781	719	0.06242212
38781	1349	0.062422115
38781	3556	0.062422115
38781	875	0.06242211
38781	2787	0.06242211
38781	3605	0.06242211
38802	581	0.06265096
38802	2552	0.06265096
38802	4342	0.06265096
38802	6198	0.06265096
38802	719	0.062650956
38802	1349	0.062650956
38802	875	0.06265095
38802	1958	0.06265095
38802	2651	0.06265095
38802	2787	0.06265095
38818	581	0.042345565
38818	2552	0.04234556
38818	4342	0.04234556
38818	6198	0.04234556
38818	719	0.042345554
38818	875	0.042345554
38818	1349	0.042345554
38818	3556	0.042345554
38818	3756	0.042345554
38818	5147	0.042345554
38887	581	0.046419077
38887	2552	0.046419077
38887	4342	0.046419077
38887	6198	0.046419077
38887	719	0.04641907
38887	1349	0.04641907
38887	3556	0.04641907
38887	3756	0.04641907
38887	5214	0.04641907
38887	365	0.04641906
38899	581	0.049069196
38899	6198	0.049069196
38899	2552	0.049069192
38899	4342	0.049069192
38899	719	0.04906919
38899	1349	0.04906919
38899	3556	0.04906919
38899	3605	0.04906919
38899	875	0.049069185
38899	2787	0.049069185
38933	581	0.0681947
38933	2552	0.0681947
38933	4342	0.0681947
38933	6198	0.0681947
38933	719	0.06819469
38933	875	0.06819469
38933	1349	0.06819469
38933	2787	0.06819469
38933	3556	0.06819469
38933	3605	0.06819469
38950	581	0.05267799
38950	6198	0.05267799
38950	2552	0.052677985
38950	4342	0.052677985
38950	719	0.05267798
38950	1349	0.05267798
38950	3556	0.05267798
38950	3605	0.052677978
38950	365	0.052677974
38950	875	0.052677974
38991	581	0.05105739
38991	2552	0.05105739
38991	6198	0.05105739
38991	4342	0.051057387
38991	719	0.051057383
38991	1349	0.051057383
38991	3556	0.051057383
38991	3605	0.05105738
38991	875	0.051057376
38991	880	0.051057376
38995	581	0.054336093
38995	6198	0.054336093
38995	2552	0.05433609
38995	4342	0.05433609
38995	719	0.054336086
38995	1349	0.054336086
38995	3556	0.054336086
38995	3605	0.054336082
38995	3756	0.054336082
38995	875	0.05433608
39087	581	0.060080573
39087	6198	0.060080573
39087	1349	0.060080566
39087	2552	0.060080566
39087	4342	0.060080566
39087	719	0.06008056
39087	3556	0.06008056
39087	3605	0.06008056
39087	875	0.060080558
39087	2787	0.060080558
39159	581	0.05191326
39159	6198	0.051913258
39159	2552	0.051913254
39159	4342	0.051913254
39159	719	0.05191325
39159	1349	0.05191325
39159	3556	0.051913247
39159	3605	0.051913247
39159	3756	0.051913247
39159	875	0.051913243
39219	581	0.07476492
39219	2552	0.07476492
39219	4342	0.07476492
39219	6198	0.07476492
39219	719	0.074764915
39219	875	0.07476491
39219	1349	0.07476491
39219	1958	0.07476491
39219	3556	0.07476491
39219	3605	0.07476491
39227	6198	0.07005834
39227	581	0.07005833
39227	719	0.07005833
39227	2552	0.07005833
39227	4342	0.07005833
39227	1349	0.07005832
39227	875	0.070058316
39227	1958	0.070058316
39227	2651	0.070058316
39227	2787	0.070058316
39281	581	0.073968396
39281	2552	0.073968396
39281	6198	0.073968396
39281	1349	0.07396839
39281	4342	0.07396839
39281	719	0.07396838
39281	875	0.07396838
39281	2787	0.07396838
39281	3556	0.07396838
39281	3605	0.07396838
39284	581	0.06313345
39284	2552	0.06313345
39284	4342	0.06313345
39284	6198	0.06313345
39284	719	0.06313344
39284	1349	0.06313344
39284	875	0.06313343
39284	880	0.06313343
39284	1958	0.06313343
39284	2651	0.06313343
39345	581	0.057852037
39345	2552	0.05785203
39345	4342	0.05785203
39345	6198	0.05785203
39345	719	0.057852026
39345	1349	0.057852022
39345	3556	0.057852022
39345	3605	0.057852022
39345	3756	0.057852022
39345	875	0.05785202
39353	581	0.057802267
39353	6198	0.057802267
39353	719	0.05780226
39353	2552	0.05780226
39353	4342	0.05780226
39353	1349	0.057802256
39353	3556	0.057802256
39353	875	0.057802252
39353	3605	0.057802252
39353	3756	0.057802252
39372	581	0.048134603
39372	2552	0.048134595
39372	3556	0.048134595
39372	4342	0.048134595
39372	6198	0.048134595
39372	719	0.04813459
39372	1349	0.04813459
39372	2787	0.048134588
39372	3605	0.048134588
39372	3663	0.048134588
39374	581	0.047472432
39374	2552	0.047472432
39374	6198	0.047472432
39374	4342	0.04747243
39374	719	0.047472425
39374	1349	0.047472425
39374	3556	0.047472425
39374	3605	0.04747242
39374	875	0.047472417
39374	880	0.047472417
39396	581	0.05882216
39396	2552	0.05882216
39396	4342	0.05882216
39396	6198	0.058822155
39396	719	0.05882215
39396	3556	0.05882215
39396	875	0.058822148
39396	1349	0.058822148
39396	2787	0.058822148
39396	3605	0.058822144
39441	581	0.053600926
39441	4342	0.053600922
39441	6198	0.053600922
39441	2552	0.05360092
39441	719	0.053600915
39441	1349	0.053600915
39441	3556	0.053600915
39441	3605	0.053600915
39441	365	0.053600907
39441	875	0.053600907
39502	581	0.07979025
39502	6198	0.07979025
39502	4342	0.07979024
39502	719	0.079790235
39502	2552	0.079790235
39502	3556	0.079790235
39502	1349	0.07979023
39502	2787	0.07979023
39502	3605	0.07979023
39502	365	0.07979022
39513	581	0.05089582
39513	2552	0.050895818
39513	4342	0.050895818
39513	6198	0.050895818
39513	1349	0.050895814
39513	719	0.05089581
39513	3556	0.05089581
39513	3605	0.05089581
39513	365	0.050895806
39513	875	0.050895806
39616	581	0.09397709
39616	2552	0.09397709
39616	6198	0.09397709
39616	4342	0.093977086
39616	719	0.09397708
39616	875	0.09397708
39616	1349	0.09397708
39616	3556	0.09397708
39616	3605	0.09397708
39616	4218	0.09397707
39646	6198	0.07413232
39646	581	0.074132316
39646	719	0.07413231
39646	1349	0.07413231
39646	2552	0.07413231
39646	3605	0.07413231
39646	4342	0.07413231
39646	2787	0.0741323
39646	3556	0.0741323
39646	365	0.07413229
39662	581	0.055775914
39662	4342	0.055775914
39662	6198	0.055775914
39662	2552	0.05577591
39662	1349	0.055775907
39662	719	0.055775903
39662	3556	0.055775903
39662	3605	0.055775903
39662	2651	0.0557759
39662	2787	0.0557759
39705	581	0.05999753
39705	2552	0.05999753
39705	4342	0.05999753
39705	6198	0.05999753
39705	719	0.05999752
39705	1349	0.05999752
39705	3556	0.05999752
39705	875	0.059997518
39705	3605	0.059997518
39705	880	0.059997514
39773	581	0.07713406
39773	4342	0.07713405
39773	6198	0.07713405
39773	719	0.07713404
39773	1349	0.07713404
39773	3556	0.07713404
39773	3605	0.07713404
39773	875	0.077134036
39773	4218	0.077134036
39773	4366	0.077134036
39928	581	0.052079268
39928	2552	0.052079268
39928	4342	0.052079268
39928	6198	0.052079268
39928	1349	0.052079264
39928	719	0.05207926
39928	3556	0.05207926
39928	875	0.052079257
39928	2787	0.052079257
39928	3605	0.052079257
40052	581	0.047740955
40052	2552	0.04774095
40052	4342	0.04774095
40052	6198	0.04774095
40052	3556	0.047740947
40052	719	0.047740944
40052	1349	0.047740944
40052	2787	0.047740944
40052	3605	0.047740944
40052	875	0.04774094
40110	581	0.057643916
40110	2552	0.057643913
40110	4342	0.057643913
40110	6198	0.057643913
40110	719	0.057643905
40110	1349	0.057643905
40110	3556	0.057643905
40110	875	0.0576439
40110	880	0.057643898
40110	2651	0.057643898
40222	581	0.046470687
40222	4342	0.046470683
40222	6198	0.046470683
40222	1349	0.04647068
40222	2552	0.04647068
40222	3556	0.04647068
40222	719	0.046470676
40222	3605	0.046470676
40222	875	0.046470672
40222	880	0.046470672
40299	581	0.06387363
40299	2552	0.06387362
40299	4342	0.06387362
40299	6198	0.06387362
40299	719	0.06387361
40299	1349	0.06387361
40299	3556	0.06387361
40299	365	0.063873604
40299	875	0.063873604
40299	880	0.063873604
40330	581	0.06360727
40330	1349	0.06360726
40330	2552	0.06360726
40330	4342	0.06360726
40330	6198	0.06360726
40330	719	0.06360725
40330	3556	0.06360725
40330	3605	0.06360725
40330	365	0.063607246
40330	875	0.063607246
40415	581	0.07460918
40415	719	0.074609175
40415	2552	0.074609175
40415	4342	0.074609175
40415	6198	0.074609175
40415	1349	0.07460917
40415	3556	0.07460917
40415	365	0.07460916
40415	875	0.07460916
40415	880	0.07460916
40466	581	0.06034848
40466	2552	0.060348473
40466	4342	0.060348473
40466	6198	0.060348473
40466	719	0.06034847
40466	1349	0.06034847
40466	875	0.060348466
40466	3556	0.060348466
40466	3605	0.060348466
40466	365	0.060348462
40505	581	0.06491558
40505	2552	0.06491558
40505	6198	0.06491558
40505	3556	0.064915575
40505	4342	0.064915575
40505	719	0.06491557
40505	1349	0.06491557
40505	3605	0.06491557
40505	4218	0.06491557
40505	365	0.06491556
40511	581	0.074258134
40511	6198	0.07425813
40511	719	0.07425812
40511	1349	0.07425812
40511	2552	0.07425812
40511	3556	0.07425812
40511	3605	0.07425812
40511	4342	0.07425812
40511	1958	0.07425811
40511	365	0.074258104
40553	581	0.058407582
40553	2552	0.058407582
40553	4342	0.058407582
40553	6198	0.058407582
40553	719	0.058407575
40553	1349	0.058407575
40553	3556	0.058407575
40553	875	0.05840757
40553	3605	0.05840757
40553	3756	0.05840757
40612	6198	0.047566064
40612	4342	0.04756606
40612	719	0.047566056
40612	1349	0.047566056
40612	2552	0.047566056
40612	3556	0.047566056
40612	3605	0.047566053
40612	365	0.04756605
40612	875	0.04756605
40612	880	0.04756605
40640	581	0.07418893
40640	4342	0.07418893
40640	6198	0.07418893
40640	2552	0.074188925
40640	719	0.07418892
40640	875	0.07418892
40640	1349	0.07418892
40640	2651	0.07418892
40640	3556	0.07418892
40640	3605	0.07418892
40772	581	0.049454518
40772	2552	0.049454518
40772	4342	0.049454518
40772	6198	0.049454518
40772	719	0.049454514
40772	1349	0.049454514
40772	875	0.04945451
40772	3556	0.04945451
40772	3605	0.04945451
40772	3756	0.04945451
40795	581	0.06309418
40795	1349	0.06309417
40795	2552	0.06309417
40795	3556	0.06309417
40795	4342	0.06309417
40795	6198	0.06309417
40795	719	0.06309416
40795	3605	0.06309416
40795	365	0.063094154
40795	875	0.063094154
40796	581	0.058526818
40796	6198	0.058526818
40796	2552	0.058526814
40796	4342	0.058526814
40796	1349	0.05852681
40796	719	0.058526807
40796	3556	0.058526807
40796	3605	0.058526807
40796	365	0.0585268
40796	875	0.0585268
40798	581	0.070643246
40798	4342	0.07064324
40798	6198	0.07064324
40798	719	0.07064323
40798	1349	0.07064323
40798	2552	0.07064323
40798	3556	0.07064323
40798	875	0.070643224
40798	3605	0.070643224
40798	365	0.07064322
40838	581	0.066889554
40838	719	0.06688954
40838	1349	0.06688954
40838	2552	0.06688954
40838	4342	0.06688954
40838	6198	0.06688954
40838	2787	0.06688953
40838	3556	0.06688953
40838	3605	0.06688953
40838	3756	0.06688953
40888	581	0.04550018
40888	2552	0.04550018
40888	4342	0.04550018
40888	6198	0.04550018
40888	719	0.045500178
40888	875	0.045500174
40888	1349	0.045500174
40888	2787	0.045500174
40888	3556	0.045500174
40888	3605	0.045500174
40889	6198	0.10130818
40889	2552	0.101308174
40889	1349	0.10130817
40889	4342	0.10130817
40889	719	0.10130816
40889	3556	0.10130816
40889	3605	0.10130816
40889	2787	0.10130815
40889	3756	0.10130815
40889	4218	0.10130815
40914	581	0.07308167
40914	2552	0.07308167
40914	4342	0.07308167
40914	6198	0.07308167
40914	719	0.07308166
40914	875	0.07308166
40914	1349	0.07308166
40914	3556	0.07308166
40914	3605	0.07308166
40914	3756	0.07308166
40922	581	0.050804116
40922	2552	0.050804116
40922	4342	0.050804116
40922	6198	0.050804116
40922	719	0.05080411
40922	1349	0.05080411
40922	3556	0.05080411
40922	3605	0.05080411
40922	2787	0.050804105
40922	3756	0.050804105
40943	581	0.06528135
40943	2552	0.06528134
40943	6198	0.06528134
40943	719	0.06528133
40943	1349	0.06528133
40943	3556	0.06528133
40943	3605	0.06528133
40943	3756	0.06528133
40943	4342	0.06528133
40943	365	0.065281324
41058	6198	0.053627215
41058	581	0.05362721
41058	2552	0.05362721
41058	4342	0.05362721
41058	719	0.053627208
41058	1349	0.053627208
41058	3556	0.053627204
41058	3605	0.053627204
41058	875	0.0536272
41058	880	0.0536272
41080	581	0.04623285
41080	4342	0.046232846
41080	6198	0.046232846
41080	719	0.046232842
41080	2552	0.046232842
41080	1349	0.04623284
41080	3556	0.04623284
41080	875	0.046232834
41080	2651	0.046232834
41080	2787	0.046232834
41084	6198	0.089046456
41084	581	0.08904645
41084	719	0.08904645
41084	2552	0.08904645
41084	4342	0.08904645
41084	1349	0.08904644
41084	3556	0.08904644
41084	3605	0.08904644
41084	875	0.08904643
41084	2787	0.08904643
41086	581	0.05022008
41086	4342	0.050220076
41086	6198	0.050220076
41086	719	0.050220072
41086	1349	0.050220072
41086	2552	0.050220072
41086	3556	0.050220072
41086	875	0.050220065
41086	2787	0.050220065
41086	3605	0.050220065
41088	581	0.0432069
41088	6198	0.0432069
41088	2552	0.043206897
41088	4342	0.043206897
41088	719	0.043206893
41088	1349	0.043206893
41088	3556	0.043206893
41088	3605	0.04320689
41088	365	0.043206885
41088	875	0.043206885
41111	581	0.07733184
41111	4342	0.07733183
41111	6198	0.07733183
41111	719	0.077331826
41111	2552	0.077331826
41111	875	0.07733182
41111	1349	0.07733182
41111	3556	0.07733182
41111	365	0.07733181
41111	880	0.07733181
41123	581	0.06240914
41123	2552	0.062409133
41123	6198	0.062409133
41123	4342	0.06240913
41123	719	0.062409125
41123	1349	0.062409125
41123	3556	0.062409125
41123	3605	0.062409125
41123	875	0.06240912
41123	365	0.062409118
41177	581	0.049151514
41177	2552	0.04915151
41177	4342	0.04915151
41177	6198	0.04915151
41177	719	0.049151503
41177	1349	0.049151503
41177	3556	0.049151503
41177	3605	0.049151503
41177	875	0.0491515
41177	3663	0.0491515
41245	581	0.046924643
41245	6198	0.046924643
41245	4342	0.04692464
41245	719	0.046924636
41245	1349	0.046924636
41245	3556	0.046924636
41245	3605	0.046924632
41245	3756	0.046924632
41245	875	0.04692463
41245	880	0.04692463
41364	581	0.056341436
41364	2552	0.056341432
41364	4342	0.056341432
41364	6198	0.056341432
41364	719	0.056341425
41364	1349	0.056341425
41364	3556	0.056341425
41364	3605	0.056341425
41364	875	0.05634142
41364	365	0.056341417
41395	581	0.057293992
41395	6198	0.05729399
41395	2552	0.057293985
41395	4342	0.057293985
41395	719	0.05729398
41395	1349	0.05729398
41395	3556	0.05729398
41395	3605	0.057293978
41395	875	0.057293974
41395	2651	0.057293974
41403	581	0.05485454
41403	6198	0.05485454
41403	2552	0.054854535
41403	4342	0.054854535
41403	719	0.05485453
41403	1349	0.05485453
41403	875	0.054854527
41403	3556	0.054854527
41403	3605	0.054854527
41403	2651	0.054854523
41425	581	0.047647595
41425	719	0.047647588
41425	1349	0.047647588
41425	2552	0.047647588
41425	4342	0.047647588
41425	6198	0.047647588
41425	3556	0.047647584
41425	3605	0.047647584
41425	365	0.04764758
41425	875	0.04764758
41449	581	0.068796344
41449	6198	0.068796344
41449	1349	0.06879634
41449	2552	0.06879634
41449	3556	0.06879634
41449	4342	0.06879634
41449	719	0.06879633
41449	3605	0.06879633
41449	875	0.06879632
41449	880	0.06879632
41450	581	0.07077028
41450	719	0.07077028
41450	2552	0.07077028
41450	4342	0.07077028
41450	6198	0.07077028
41450	875	0.07077027
41450	1349	0.07077027
41450	3556	0.07077027
41450	365	0.07077026
41450	880	0.07077026
41455	581	0.07308844
41455	2552	0.07308844
41455	4342	0.07308844
41455	6198	0.07308844
41455	719	0.07308843
41455	1349	0.07308842
41455	2651	0.07308842
41455	3556	0.07308842
41455	3605	0.07308842
41455	3756	0.07308842
41589	6198	0.07825553
41589	581	0.07825552
41589	719	0.07825552
41589	1349	0.07825552
41589	2552	0.07825552
41589	4342	0.07825552
41589	875	0.07825551
41589	3556	0.07825551
41589	880	0.078255504
41589	1173	0.078255504
41596	581	0.061308503
41596	4342	0.061308503
41596	6198	0.061308503
41596	1349	0.061308496
41596	2552	0.061308496
41596	3556	0.061308496
41596	719	0.061308492
41596	3605	0.061308492
41596	2787	0.06130849
41596	3756	0.06130849
41634	581	0.050933156
41634	2552	0.050933152
41634	4342	0.050933152
41634	6198	0.050933152
41634	719	0.050933145
41634	1349	0.050933145
41634	3556	0.050933145
41634	3605	0.050933145
41634	3663	0.050933145
41634	2787	0.05093314
41667	581	0.0638119
41667	2552	0.0638119
41667	4342	0.0638119
41667	6198	0.0638119
41667	719	0.06381189
41667	365	0.06381188
41667	875	0.06381188
41667	880	0.06381188
41667	1349	0.06381188
41667	2651	0.06381188
41676	581	0.04938006
41676	2552	0.049380057
41676	4342	0.049380057
41676	6198	0.049380057
41676	3556	0.049380053
41676	719	0.04938005
41676	875	0.04938005
41676	1349	0.04938005
41676	3605	0.04938005
41676	365	0.04938004
41757	581	0.057560038
41757	6198	0.057560038
41757	1349	0.057560034
41757	2552	0.057560034
41757	4342	0.057560034
41757	719	0.057560027
41757	3556	0.057560027
41757	3605	0.057560027
41757	875	0.057560023
41757	3756	0.057560023
41760	581	0.06514038
41760	2552	0.06514038
41760	4342	0.06514038
41760	6198	0.06514038
41760	719	0.065140374
41760	1349	0.065140374
41760	875	0.06514037
41760	880	0.06514037
41760	1958	0.06514037
41760	2651	0.06514037
41781	581	0.089503095
41781	6198	0.089503095
41781	2552	0.08950309
41781	4342	0.08950309
41781	719	0.08950308
41781	1349	0.08950308
41781	3556	0.08950308
41781	3605	0.08950308
41781	3756	0.08950307
41781	365	0.089503065
41841	581	0.06659631
41841	2552	0.0665963
41841	4342	0.0665963
41841	6198	0.0665963
41841	365	0.066596285
41841	719	0.066596285
41841	875	0.066596285
41841	880	0.066596285
41841	1349	0.066596285
41841	1958	0.066596285
41911	581	0.06331206
41911	1349	0.06331205
41911	2552	0.06331205
41911	3556	0.06331205
41911	4342	0.06331205
41911	6198	0.06331205
41911	719	0.063312046
41911	875	0.063312046
41911	365	0.06331204
41911	880	0.06331204
41985	581	0.047662847
41985	719	0.04766284
41985	2552	0.04766284
41985	4342	0.04766284
41985	6198	0.04766284
41985	3556	0.047662836
41985	365	0.04766283
41985	875	0.04766283
41985	880	0.04766283
41985	1349	0.04766283
42093	581	0.06975919
42093	4342	0.06975919
42093	6198	0.06975919
42093	719	0.06975918
42093	1349	0.06975918
42093	2552	0.06975918
42093	3605	0.06975918
42093	875	0.069759175
42093	2787	0.069759175
42093	3422	0.069759175
42099	581	0.076198585
42099	6198	0.076198585
42099	719	0.07619858
42099	2552	0.07619858
42099	4342	0.07619858
42099	875	0.07619857
42099	1349	0.07619857
42099	3556	0.07619857
42099	365	0.07619856
42099	2651	0.07619856
42323	581	0.058002334
42323	2552	0.058002334
42323	6198	0.058002334
42323	4342	0.05800233
42323	719	0.058002327
42323	1349	0.058002327
42323	3556	0.058002323
42323	3605	0.058002323
42323	3756	0.058002323
42323	875	0.05800232
42372	581	0.029541653
42372	6198	0.02954165
42372	2552	0.029541649
42372	3556	0.029541649
42372	4342	0.029541649
42372	719	0.029541647
42372	1349	0.029541647
42372	875	0.029541645
42372	3756	0.029541645
42372	2787	0.029541643
42408	581	0.05196988
42408	6198	0.05196988
42408	1349	0.05196987
42408	2552	0.05196987
42408	3556	0.05196987
42408	4342	0.05196987
42408	719	0.051969867
42408	875	0.051969867
42408	365	0.051969863
42408	880	0.051969863
42410	581	0.059223562
42410	6198	0.05922356
42410	2552	0.059223555
42410	4342	0.059223555
42410	719	0.05922355
42410	1349	0.059223548
42410	3556	0.059223548
42410	3605	0.059223548
42410	3756	0.059223548
42410	875	0.059223544
42419	581	0.057765156
42419	6198	0.057765156
42419	2552	0.057765152
42419	4342	0.057765152
42419	1349	0.05776515
42419	3556	0.05776515
42419	719	0.057765145
42419	3605	0.057765145
42419	875	0.05776514
42419	3756	0.05776514
42450	581	0.05100681
42450	4342	0.05100681
42450	6198	0.05100681
42450	2552	0.051006805
42450	719	0.0510068
42450	1349	0.0510068
42450	3556	0.0510068
42450	3605	0.0510068
42450	4218	0.051006798
42450	365	0.051006794
42458	581	0.079773545
42458	6198	0.07977354
42458	719	0.07977353
42458	2552	0.07977353
42458	3605	0.07977353
42458	4342	0.07977353
42458	1349	0.07977352
42458	3556	0.07977352
42458	875	0.079773515
42458	880	0.079773515
42466	581	0.061054595
42466	6198	0.061054595
42466	4342	0.06105459
42466	719	0.061054587
42466	1349	0.061054587
42466	2552	0.061054587
42466	3556	0.061054587
42466	2787	0.06105458
42466	3605	0.06105458
42466	3663	0.06105458
42573	581	0.08779891
42573	2552	0.08779891
42573	6198	0.08779891
42573	719	0.0877989
42573	4342	0.0877989
42573	875	0.08779889
42573	1349	0.08779889
42573	3556	0.08779889
42573	3605	0.08779889
42573	880	0.087798886
42597	581	0.047497492
42597	4342	0.04749749
42597	6198	0.04749749
42597	719	0.047497485
42597	2552	0.047497485
42597	3556	0.047497485
42597	1349	0.04749748
42597	3756	0.04749748
42597	875	0.047497477
42597	2651	0.047497477
42611	6198	0.0560297
42611	581	0.056029696
42611	2552	0.056029692
42611	4342	0.056029692
42611	719	0.05602969
42611	1349	0.05602969
42611	2651	0.056029685
42611	3556	0.056029685
42611	3605	0.056029685
42611	875	0.05602968
42651	581	0.05202903
42651	4342	0.052029025
42651	6198	0.052029025
42651	2552	0.05202902
42651	719	0.052029017
42651	1349	0.052029017
42651	3556	0.052029017
42651	875	0.052029014
42651	2787	0.052029014
42651	3605	0.052029014
42730	4342	0.06971591
42730	581	0.0697159
42730	719	0.0697159
42730	1349	0.0697159
42730	2552	0.0697159
42730	3556	0.0697159
42730	6198	0.0697159
42730	3605	0.069715895
42730	365	0.06971589
42730	875	0.06971589
42780	581	0.07589981
42780	2552	0.07589981
42780	4342	0.07589981
42780	6198	0.07589981
42780	719	0.075899795
42780	875	0.075899795
42780	1349	0.075899795
42780	2787	0.075899795
42780	3556	0.075899795
42780	3605	0.075899795
42798	581	0.06114433
42798	4342	0.06114433
42798	6198	0.06114433
42798	2552	0.061144326
42798	719	0.061144322
42798	1349	0.061144322
42798	3556	0.061144322
42798	3605	0.06114432
42798	875	0.061144315
42798	880	0.061144315
42847	581	0.051923115
42847	2552	0.05192311
42847	4342	0.05192311
42847	6198	0.05192311
42847	719	0.051923104
42847	1349	0.051923104
42847	3556	0.051923104
42847	3605	0.0519231
42847	365	0.051923096
42847	875	0.051923096
42883	581	0.07998188
42883	6198	0.07998188
42883	1349	0.07998187
42883	2552	0.07998187
42883	4342	0.07998187
42883	719	0.07998186
42883	2787	0.07998186
42883	3556	0.07998186
42883	3605	0.07998186
42883	875	0.079981856
42914	581	0.069897525
42914	6198	0.069897525
42914	1349	0.06989752
42914	2552	0.06989752
42914	4342	0.06989752
42914	719	0.06989751
42914	3605	0.06989751
42914	365	0.0698975
42914	875	0.0698975
42914	880	0.0698975
42948	581	0.06461747
42948	2552	0.06461747
42948	4342	0.06461747
42948	6198	0.06461747
42948	719	0.064617455
42948	875	0.064617455
42948	1349	0.064617455
42948	2787	0.064617455
42948	3556	0.064617455
42948	3605	0.064617455
43004	581	0.06496145
43004	2552	0.06496145
43004	4342	0.06496145
43004	6198	0.06496145
43004	719	0.06496143
43004	1349	0.06496143
43004	2787	0.06496143
43004	3556	0.06496143
43004	3605	0.06496143
43004	875	0.064961426
43006	581	0.053678744
43006	4342	0.05367874
43006	6198	0.05367874
43006	719	0.053678736
43006	1349	0.053678736
43006	2552	0.053678736
43006	3556	0.053678732
43006	875	0.05367873
43006	2787	0.05367873
43006	3605	0.05367873
43021	581	0.04107822
43021	2552	0.041078217
43021	4342	0.041078217
43021	6198	0.041078217
43021	719	0.041078214
43021	1349	0.041078214
43021	2787	0.04107821
43021	3556	0.04107821
43021	3605	0.04107821
43021	3756	0.04107821
43093	581	0.061309718
43093	4342	0.06130971
43093	6198	0.06130971
43093	2552	0.061309706
43093	719	0.061309703
43093	3556	0.061309703
43093	1349	0.0613097
43093	3605	0.0613097
43093	365	0.061309695
43093	875	0.061309695
43157	581	0.06102966
43157	6198	0.06102966
43157	2552	0.061029658
43157	4342	0.061029658
43157	719	0.06102965
43157	1349	0.06102965
43157	3556	0.06102965
43157	3756	0.061029647
43157	875	0.061029643
43157	880	0.061029643
43163	581	0.051727585
43163	6198	0.05172758
43163	2552	0.051727578
43163	4342	0.051727578
43163	719	0.05172757
43163	1349	0.05172757
43163	3556	0.05172757
43163	3605	0.05172757
43163	875	0.051727567
43163	2787	0.051727567
43282	581	0.058697492
43282	2552	0.058697484
43282	4342	0.058697484
43282	6198	0.058697484
43282	719	0.058697477
43282	1349	0.058697477
43282	3556	0.058697477
43282	3605	0.058697477
43282	3756	0.058697473
43282	365	0.05869747
43359	581	0.053044263
43359	2552	0.053044263
43359	4342	0.053044263
43359	6198	0.053044263
43359	1349	0.053044256
43359	3556	0.053044256
43359	719	0.053044252
43359	875	0.053044252
43359	3605	0.053044252
43359	3756	0.053044252
43436	581	0.07415615
43436	2552	0.07415615
43436	4342	0.07415615
43436	6198	0.07415615
43436	719	0.07415614
43436	3556	0.07415614
43436	875	0.074156135
43436	880	0.074156135
43436	1349	0.074156135
43436	3605	0.074156135
43481	6198	0.073003024
43481	581	0.07300302
43481	2552	0.07300302
43481	4342	0.07300302
43481	719	0.07300301
43481	875	0.07300301
43481	1349	0.07300301
43481	2787	0.07300301
43481	3556	0.07300301
43481	4218	0.07300301
43595	581	0.07095199
43595	1349	0.07095198
43595	2552	0.07095198
43595	3556	0.07095198
43595	4342	0.07095198
43595	6198	0.07095198
43595	719	0.070951976
43595	875	0.07095197
43595	1958	0.07095197
43595	2651	0.07095197
43619	581	0.06952143
43619	4342	0.06952142
43619	6198	0.06952142
43619	719	0.06952141
43619	875	0.06952141
43619	1349	0.06952141
43619	2552	0.06952141
43619	3556	0.06952141
43619	2787	0.069521405
43619	3605	0.069521405
43626	581	0.06327088
43626	6198	0.063270874
43626	719	0.06327087
43626	2552	0.06327087
43626	3556	0.06327087
43626	3605	0.06327087
43626	4342	0.06327087
43626	1349	0.06327086
43626	2787	0.06327086
43626	3578	0.06327086
43639	581	0.06254661
43639	2552	0.06254661
43639	4342	0.06254661
43639	6198	0.06254661
43639	719	0.0625466
43639	3556	0.0625466
43639	365	0.062546596
43639	875	0.062546596
43639	880	0.062546596
43639	1349	0.062546596
43687	581	0.07181724
43687	6198	0.07181724
43687	1349	0.071817234
43687	2552	0.071817234
43687	4342	0.071817234
43687	719	0.07181723
43687	3556	0.07181723
43687	365	0.07181722
43687	880	0.07181722
43687	1958	0.07181722
43698	581	0.03840663
43698	2552	0.038406625
43698	4342	0.038406625
43698	6198	0.038406625
43698	1349	0.03840662
43698	719	0.038406618
43698	3556	0.038406618
43698	3605	0.038406618
43698	3756	0.038406618
43698	4218	0.038406618
43806	6198	0.06932987
43806	581	0.069329865
43806	2552	0.069329865
43806	4342	0.069329865
43806	1349	0.06932986
43806	3556	0.06932986
43806	3605	0.06932986
43806	719	0.06932985
43806	875	0.06932985
43806	880	0.06932985
43807	581	0.07280496
43807	2552	0.07280496
43807	4342	0.07280496
43807	6198	0.07280496
43807	719	0.07280494
43807	875	0.07280494
43807	880	0.07280494
43807	1349	0.07280494
43807	2651	0.07280494
43807	2787	0.07280494
43842	581	0.086257994
43842	1349	0.08625798
43842	2552	0.08625798
43842	4342	0.08625798
43842	6198	0.08625798
43842	719	0.08625797
43842	3556	0.08625797
43842	3605	0.08625797
43842	2787	0.086257964
43842	3756	0.086257964
43852	581	0.051986866
43852	2552	0.051986866
43852	6198	0.051986866
43852	4342	0.051986862
43852	719	0.05198686
43852	1349	0.05198686
43852	3556	0.051986855
43852	365	0.05198685
43852	875	0.05198685
43852	2787	0.05198685
43901	581	0.045219205
43901	1349	0.045219198
43901	2552	0.045219198
43901	4342	0.045219198
43901	6198	0.045219198
43901	719	0.045219194
43901	3556	0.045219194
43901	3605	0.045219194
43901	365	0.04521919
43901	2787	0.04521919
43910	581	0.09746571
43910	4342	0.097465694
43910	6198	0.097465694
43910	2552	0.09746569
43910	719	0.09746568
43910	1349	0.09746568
43910	3556	0.09746568
43910	3605	0.09746568
43910	3756	0.09746568
43910	4218	0.09746568
44089	581	0.06684288
44089	4342	0.06684288
44089	719	0.06684287
44089	1349	0.06684287
44089	2552	0.06684287
44089	3556	0.06684287
44089	3605	0.06684287
44089	6198	0.06684287
44089	365	0.066842854
44089	875	0.066842854
44252	581	0.07377346
44252	719	0.07377346
44252	2552	0.07377346
44252	4342	0.07377346
44252	6198	0.07377346
44252	1349	0.07377345
44252	3556	0.07377345
44252	3605	0.07377345
44252	365	0.07377344
44252	875	0.07377344
44295	581	0.052756693
44295	4342	0.052756693
44295	6198	0.052756693
44295	1349	0.05275669
44295	2552	0.05275669
44295	3556	0.05275669
44295	719	0.052756682
44295	2787	0.052756682
44295	3605	0.052756682
44295	3663	0.052756682
44296	581	0.06794833
44296	2552	0.06794833
44296	4342	0.06794833
44296	6198	0.06794833
44296	719	0.06794831
44296	875	0.06794831
44296	880	0.06794831
44296	1349	0.06794831
44296	2651	0.06794831
44296	2787	0.06794831
44297	581	0.07026
44297	2552	0.07026
44297	4342	0.07026
44297	6198	0.07026
44297	719	0.070259996
44297	1349	0.070259996
44297	3556	0.070259996
44297	3605	0.070259996
44297	875	0.07025999
44297	880	0.07025999
44389	581	0.059715517
44389	2552	0.059715517
44389	4342	0.059715517
44389	6198	0.059715517
44389	719	0.05971551
44389	3556	0.05971551
44389	875	0.059715506
44389	1349	0.059715506
44389	365	0.059715502
44389	1958	0.059715502
44467	581	0.07293986
44467	2552	0.07293986
44467	4342	0.07293986
44467	6198	0.07293986
44467	719	0.07293984
44467	1349	0.07293984
44467	2787	0.07293984
44467	3556	0.07293984
44467	3605	0.07293984
44467	3756	0.07293984
44472	581	0.0500546
44472	6198	0.0500546
44472	2552	0.050054595
44472	4342	0.050054595
44472	719	0.05005459
44472	1349	0.05005459
44472	3556	0.050054587
44472	3605	0.050054587
44472	3756	0.050054587
44472	4218	0.050054587
44535	2552	0.04821761
44535	4342	0.04821761
44535	6198	0.04821761
44535	719	0.048217602
44535	1349	0.048217602
44535	3556	0.048217602
44535	3756	0.048217602
44535	3605	0.0482176
44535	5214	0.0482176
44535	365	0.048217595
44595	581	0.05353298
44595	6198	0.05353298
44595	1349	0.053532973
44595	2552	0.053532973
44595	3556	0.053532973
44595	4342	0.053532973
44595	719	0.05353297
44595	3605	0.05353297
44595	365	0.053532965
44595	875	0.053532965
44611	581	0.062341996
44611	2552	0.062341988
44611	4342	0.062341988
44611	6198	0.062341988
44611	719	0.06234198
44611	1349	0.06234198
44611	3556	0.06234198
44611	3605	0.06234198
44611	875	0.062341977
44611	365	0.062341973
44663	581	0.045871124
44663	4342	0.045871124
44663	6198	0.045871124
44663	2552	0.04587112
44663	719	0.045871116
44663	1349	0.045871116
44663	3556	0.045871116
44663	3605	0.045871116
44663	875	0.045871112
44663	2787	0.045871112
44727	581	0.041874357
44727	2552	0.04187435
44727	3556	0.04187435
44727	4342	0.04187435
44727	6198	0.04187435
44727	719	0.041874345
44727	1349	0.041874345
44727	875	0.04187434
44727	880	0.04187434
44727	3605	0.04187434
44728	581	0.03232623
44728	2552	0.03232623
44728	4342	0.032326225
44728	6198	0.032326225
44728	719	0.03232622
44728	1349	0.03232622
44728	3556	0.03232622
44728	3756	0.03232622
44728	365	0.032326218
44728	875	0.032326218
44743	581	0.05152633
44743	4342	0.05152633
44743	6198	0.05152633
44743	719	0.051526323
44743	2552	0.051526323
44743	3556	0.051526323
44743	1349	0.05152632
44743	3605	0.05152632
44743	875	0.051526316
44743	2651	0.051526316
44756	581	0.043836057
44756	4342	0.043836057
44756	6198	0.043836057
44756	719	0.043836053
44756	1349	0.04383605
44756	2552	0.04383605
44756	3556	0.04383605
44756	3605	0.04383605
44756	875	0.043836046
44756	2787	0.043836046
44837	581	0.0520101
44837	2552	0.052010097
44837	4342	0.052010097
44837	6198	0.052010097
44837	1349	0.05201009
44837	3556	0.05201009
44837	3605	0.05201009
44837	3756	0.05201009
44837	719	0.052010085
44837	875	0.052010085
44842	581	0.054674894
44842	2552	0.05467489
44842	6198	0.05467489
44842	1349	0.054674886
44842	4342	0.054674886
44842	719	0.054674882
44842	3556	0.054674882
44842	3605	0.05467488
44842	3756	0.05467488
44842	4218	0.05467488
44845	581	0.071741685
44845	6198	0.071741685
44845	2552	0.07174168
44845	4342	0.07174168
44845	719	0.07174167
44845	1349	0.07174167
44845	3556	0.07174167
44845	3605	0.07174167
44845	3756	0.07174167
44845	875	0.07174166
44852	581	0.06489293
44852	1349	0.06489293
44852	2552	0.06489293
44852	4342	0.06489293
44852	6198	0.06489293
44852	719	0.064892925
44852	3556	0.064892925
44852	365	0.06489292
44852	875	0.06489292
44852	1958	0.06489292
44893	581	0.09800273
44893	2552	0.09800272
44893	4342	0.09800272
44893	6198	0.09800272
44893	719	0.09800271
44893	3556	0.09800271
44893	875	0.0980027
44893	880	0.0980027
44893	1349	0.0980027
44893	2787	0.0980027
44925	581	0.05108177
44925	6198	0.051081765
44925	1349	0.05108176
44925	2552	0.05108176
44925	4342	0.05108176
44925	719	0.051081758
44925	875	0.051081754
44925	2787	0.051081754
44925	3556	0.051081754
44925	3605	0.051081754
44932	581	0.06459992
44932	6198	0.06459992
44932	2552	0.06459991
44932	719	0.0645999
44932	875	0.0645999
44932	1349	0.0645999
44932	3556	0.0645999
44932	3605	0.0645999
44932	3756	0.0645999
44932	4342	0.0645999
44985	581	0.048904277
44985	2552	0.04890427
44985	4342	0.04890427
44985	6198	0.04890427
44985	3556	0.048904266
44985	719	0.048904262
44985	875	0.048904262
44985	880	0.048904262
44985	1349	0.048904262
44985	3605	0.048904262
45064	581	0.03489264
45064	4342	0.03489264
45064	6198	0.03489264
45064	2552	0.034892637
45064	719	0.034892634
45064	875	0.034892634
45064	1349	0.034892634
45064	3556	0.034892634
45064	3756	0.034892634
45064	4218	0.034892634
45068	581	0.06591435
45068	719	0.06591433
45068	1349	0.06591433
45068	2552	0.06591433
45068	3556	0.06591433
45068	3605	0.06591433
45068	4342	0.06591433
45068	6198	0.06591433
45068	875	0.065914325
45068	2787	0.065914325
45078	581	0.054353356
45078	6198	0.054353356
45078	2552	0.05435335
45078	4342	0.05435335
45078	1349	0.054353345
45078	3556	0.054353345
45078	719	0.05435334
45078	875	0.05435334
45078	3605	0.05435334
45078	4218	0.05435334
45107	581	0.04964666
45107	2552	0.04964666
45107	6198	0.04964666
45107	4342	0.049646657
45107	719	0.049646653
45107	1349	0.049646653
45107	3556	0.049646653
45107	3605	0.049646653
45107	2787	0.04964665
45107	3756	0.04964665
45113	1349	0.06421128
45113	2552	0.06421128
45113	6198	0.06421128
45113	581	0.06421127
45113	719	0.06421127
45113	4342	0.06421127
45113	875	0.064211264
45113	880	0.064211264
45113	1958	0.064211264
45113	2651	0.064211264
45119	4342	0.042772572
45119	581	0.04277257
45119	2552	0.04277257
45119	3556	0.04277257
45119	6198	0.04277257
45119	719	0.042772565
45119	1349	0.042772565
45119	875	0.04277256
45119	1958	0.04277256
45119	2787	0.04277256
45184	581	0.05998149
45184	2552	0.059981488
45184	4342	0.059981488
45184	6198	0.059981488
45184	719	0.05998148
45184	1349	0.05998148
45184	3556	0.05998148
45184	3605	0.05998148
45184	875	0.059981477
45184	880	0.059981473
45255	581	0.038919196
45255	6198	0.03891919
45255	719	0.038919188
45255	1349	0.038919188
45255	2552	0.038919188
45255	3556	0.038919188
45255	4342	0.038919188
45255	3605	0.038919184
45255	3756	0.038919184
45255	5214	0.038919184
45305	581	0.06430063
45305	6198	0.06430062
45305	719	0.06430061
45305	1349	0.06430061
45305	2552	0.06430061
45305	3556	0.06430061
45305	3605	0.06430061
45305	4342	0.06430061
45305	2787	0.064300604
45305	3756	0.064300604
45315	6198	0.0886821
45315	581	0.08868209
45315	2552	0.08868209
45315	4342	0.08868209
45315	719	0.088682085
45315	1349	0.08868208
45315	2787	0.08868208
45315	3556	0.08868208
45315	3605	0.08868208
45315	365	0.08868207
45340	581	0.06774984
45340	2552	0.06774984
45340	4342	0.06774984
45340	6198	0.06774984
45340	1349	0.067749836
45340	3605	0.067749836
45340	719	0.06774983
45340	875	0.06774983
45340	2787	0.06774983
45340	3556	0.06774983
45383	581	0.058549456
45383	4342	0.058549456
45383	6198	0.058549456
45383	2552	0.058549453
45383	719	0.05854945
45383	1349	0.05854945
45383	3556	0.05854945
45383	875	0.05854944
45383	2651	0.05854944
45383	2787	0.05854944
45391	581	0.04377778
45391	4342	0.04377778
45391	6198	0.04377778
45391	2552	0.043777775
45391	719	0.04377777
45391	875	0.04377777
45391	1349	0.04377777
45391	3556	0.04377777
45391	3605	0.04377777
45391	3756	0.043777768
45416	581	0.038910925
45416	2552	0.038910925
45416	4342	0.038910925
45416	6198	0.038910925
45416	719	0.038910918
45416	1349	0.038910918
45416	2787	0.038910918
45416	3556	0.038910918
45416	3605	0.038910918
45416	3756	0.038910918
45418	581	0.06703849
45418	2552	0.06703849
45418	4342	0.06703849
45418	6198	0.06703849
45418	1349	0.067038484
45418	3556	0.067038484
45418	365	0.06703848
45418	719	0.06703848
45418	880	0.06703848
45418	1958	0.06703848
45444	581	0.04662331
45444	2552	0.046623304
45444	4342	0.046623304
45444	6198	0.046623304
45444	3556	0.0466233
45444	719	0.046623297
45444	1349	0.046623297
45444	3605	0.046623297
45444	3756	0.046623297
45444	365	0.046623293
45471	581	0.047523208
45471	4342	0.047523208
45471	6198	0.047523208
45471	719	0.0475232
45471	1349	0.0475232
45471	2552	0.0475232
45471	3556	0.0475232
45471	875	0.047523197
45471	5214	0.047523197
45471	365	0.047523193
45557	581	0.0842171
45557	2552	0.084217094
45557	6198	0.084217094
45557	719	0.08421709
45557	1349	0.08421709
45557	3556	0.08421709
45557	4342	0.08421709
45557	875	0.08421708
45557	3605	0.08421708
45557	365	0.08421707
45564	581	0.087257
45564	2552	0.087257
45564	4342	0.087257
45564	6198	0.087257
45564	719	0.08725699
45564	875	0.08725699
45564	1349	0.08725699
45564	3556	0.08725699
45564	880	0.08725698
45564	2787	0.08725698
45641	581	0.069263704
45641	4342	0.069263704
45641	6198	0.069263704
45641	719	0.0692637
45641	1349	0.0692637
45641	2552	0.0692637
45641	3556	0.0692637
45641	3756	0.0692637
45641	875	0.06926369
45641	3422	0.06926369
45911	581	0.06794003
45911	1349	0.06794002
45911	2552	0.06794002
45911	6198	0.06794002
45911	719	0.06794001
45911	3556	0.06794001
45911	3756	0.06794001
45911	4342	0.06794001
45911	3605	0.067940004
45911	5147	0.067940004
45987	581	0.05591213
45987	6198	0.055912126
45987	1349	0.055912122
45987	2552	0.055912122
45987	4342	0.055912122
45987	719	0.055912115
45987	875	0.055912115
45987	2787	0.055912115
45987	3556	0.055912115
45987	3605	0.055912115
46099	581	0.038130607
46099	4342	0.038130604
46099	2552	0.0381306
46099	6198	0.0381306
46099	719	0.038130596
46099	1349	0.038130596
46099	3556	0.038130596
46099	2787	0.038130593
46099	3605	0.038130593
46099	3756	0.038130593
46145	581	0.052705377
46145	2552	0.052705377
46145	4342	0.052705377
46145	6198	0.052705377
46145	719	0.05270537
46145	1349	0.05270537
46145	3556	0.05270537
46145	3605	0.05270537
46145	875	0.052705366
46145	880	0.052705362
46154	581	0.054191463
46154	6198	0.05419146
46154	2552	0.054191455
46154	4342	0.054191455
46154	719	0.054191448
46154	875	0.054191448
46154	1349	0.054191448
46154	3556	0.054191448
46154	3605	0.054191448
46154	3756	0.054191448
46197	581	0.055857964
46197	6198	0.055857964
46197	2552	0.05585796
46197	1349	0.055857956
46197	4342	0.055857956
46197	3556	0.055857953
46197	719	0.05585795
46197	2787	0.05585795
46197	3605	0.05585795
46197	3756	0.05585795
46258	581	0.061007828
46258	2552	0.061007828
46258	4342	0.061007828
46258	6198	0.061007828
46258	1349	0.061007824
46258	719	0.06100782
46258	3556	0.06100782
46258	3605	0.06100782
46258	875	0.061007816
46258	3756	0.061007816
46269	581	0.050868005
46269	4342	0.050868005
46269	6198	0.050868005
46269	2552	0.050868
46269	719	0.050867997
46269	1349	0.050867997
46269	3556	0.050867997
46269	3605	0.050867993
46269	365	0.05086799
46269	875	0.05086799
46293	581	0.07323305
46293	6198	0.07323305
46293	1349	0.073233046
46293	2552	0.073233046
46293	4342	0.073233046
46293	719	0.07323304
46293	2787	0.07323304
46293	3556	0.07323304
46293	3605	0.07323304
46293	3663	0.07323304
46295	581	0.047874805
46295	6198	0.047874805
46295	2552	0.0478748
46295	4342	0.0478748
46295	719	0.047874797
46295	1349	0.047874797
46295	3556	0.047874797
46295	875	0.047874793
46295	2787	0.047874793
46295	3605	0.047874793
46350	581	0.057275638
46350	6198	0.057275638
46350	2552	0.057275634
46350	4342	0.057275634
46350	719	0.05727563
46350	1349	0.05727563
46350	3556	0.05727563
46350	3605	0.057275627
46350	875	0.057275623
46350	880	0.057275623
46389	581	0.06175714
46389	2552	0.061757136
46389	4342	0.061757136
46389	6198	0.061757136
46389	1349	0.061757132
46389	3556	0.06175713
46389	719	0.061757125
46389	875	0.061757125
46389	3605	0.061757125
46389	2787	0.06175712
46417	2552	0.06977524
46417	6198	0.06977524
46417	581	0.06977523
46417	4342	0.06977523
46417	719	0.069775224
46417	1349	0.069775224
46417	3556	0.069775224
46417	3605	0.069775224
46417	3756	0.069775224
46417	365	0.06977522
46443	2552	0.07868109
46443	6198	0.07868109
46443	581	0.07868108
46443	4342	0.07868108
46443	719	0.078681074
46443	1349	0.078681074
46443	3556	0.078681074
46443	3605	0.078681074
46443	875	0.07868107
46443	880	0.07868107
46461	581	0.05849138
46461	2552	0.058491375
46461	6198	0.058491375
46461	4342	0.05849137
46461	1349	0.058491368
46461	3556	0.058491368
46461	3605	0.058491368
46461	719	0.058491364
46461	2787	0.058491364
46461	875	0.05849136
46541	581	0.053918004
46541	2552	0.053918004
46541	6198	0.053918004
46541	1349	0.053917997
46541	3556	0.053917997
46541	4342	0.053917997
46541	3605	0.053917993
46541	719	0.05391799
46541	875	0.05391799
46541	2651	0.05391799
46671	581	0.050700672
46671	4342	0.050700672
46671	6198	0.050700672
46671	2552	0.05070067
46671	719	0.050700665
46671	1349	0.050700665
46671	3556	0.050700665
46671	3605	0.050700665
46671	3756	0.05070066
46671	875	0.050700657
46690	4342	0.053081192
46690	581	0.05308119
46690	6198	0.05308119
46690	2552	0.053081185
46690	3556	0.053081185
46690	719	0.05308118
46690	1349	0.05308118
46690	875	0.053081177
46690	2787	0.053081177
46690	3605	0.053081177
46892	581	0.07435741
46892	2552	0.074357405
46892	6198	0.074357405
46892	3556	0.0743574
46892	4342	0.0743574
46892	719	0.07435739
46892	1349	0.07435739
46892	2787	0.07435739
46892	3605	0.07435739
46892	3756	0.07435739
46907	581	0.08777357
46907	4342	0.08777356
46907	6198	0.08777356
46907	719	0.087773554
46907	2552	0.087773554
46907	875	0.08777355
46907	1349	0.08777355
46907	2651	0.08777355
46907	2787	0.08777355
46907	3556	0.08777355
46909	581	0.093347654
46909	6198	0.09334765
46909	1349	0.09334764
46909	2552	0.09334764
46909	4342	0.09334764
46909	3556	0.09334763
46909	719	0.093347624
46909	875	0.093347624
46909	1958	0.093347624
46909	2787	0.093347624
47117	6198	0.06653165
47117	719	0.06653164
47117	1349	0.06653164
47117	2552	0.06653164
47117	3556	0.06653164
47117	4342	0.06653164
47117	875	0.066531636
47117	2787	0.066531636
47117	3605	0.066531636
47117	365	0.06653163
47118	581	0.07664116
47118	4342	0.07664115
47118	719	0.07664114
47118	2552	0.07664114
47118	3556	0.07664114
47118	6198	0.07664114
47118	875	0.076641135
47118	1349	0.076641135
47118	3605	0.076641135
47118	3756	0.076641135
47127	581	0.036846608
47127	2552	0.036846608
47127	6198	0.036846608
47127	4342	0.036846604
47127	719	0.0368466
47127	1349	0.0368466
47127	2787	0.0368466
47127	3556	0.0368466
47127	3605	0.0368466
47127	3756	0.0368466
47128	581	0.06624395
47128	2552	0.06624395
47128	4342	0.06624395
47128	6198	0.06624395
47128	1349	0.06624394
47128	3556	0.06624394
47128	3605	0.06624394
47128	719	0.06624393
47128	875	0.06624393
47128	880	0.06624393
47152	581	0.0721208
47152	1349	0.072120786
47152	2552	0.072120786
47152	4342	0.072120786
47152	6198	0.072120786
47152	719	0.07212078
47152	3556	0.07212078
47152	3605	0.07212078
47152	365	0.07212077
47152	875	0.07212077
47279	2552	0.06330421
47279	581	0.0633042
47279	719	0.0633042
47279	1349	0.0633042
47279	4342	0.0633042
47279	6198	0.0633042
47279	3556	0.06330419
47279	365	0.063304186
47279	875	0.063304186
47279	880	0.063304186
47316	581	0.065642186
47316	4342	0.065642186
47316	719	0.06564218
47316	1349	0.06564218
47316	2552	0.06564218
47316	3605	0.06564218
47316	6198	0.06564218
47316	875	0.06564217
47316	3556	0.06564217
47316	365	0.06564216
47458	581	0.061124116
47458	4342	0.061124112
47458	6198	0.061124112
47458	1349	0.06112411
47458	2552	0.06112411
47458	3556	0.061124105
47458	3605	0.061124105
47458	719	0.0611241
47458	875	0.0611241
47458	3756	0.061124098
47512	581	0.043604307
47512	6198	0.043604307
47512	2552	0.043604303
47512	3556	0.0436043
47512	4342	0.0436043
47512	719	0.043604296
47512	1349	0.043604296
47512	3605	0.043604296
47512	875	0.043604292
47512	2787	0.043604292
47594	581	0.069287814
47594	4342	0.069287814
47594	719	0.06928781
47594	1349	0.06928781
47594	2552	0.06928781
47594	3556	0.06928781
47594	6198	0.06928781
47594	875	0.0692878
47594	2787	0.0692878
47594	3605	0.0692878
47609	581	0.050312884
47609	2552	0.050312884
47609	4342	0.050312884
47609	6198	0.050312884
47609	719	0.050312877
47609	1349	0.050312877
47609	3556	0.050312877
47609	3605	0.050312877
47609	3756	0.050312877
47609	875	0.050312873
47779	581	0.048562154
47779	2552	0.048562154
47779	4342	0.048562154
47779	6198	0.048562154
47779	719	0.048562147
47779	875	0.048562147
47779	1349	0.048562147
47779	3556	0.048562147
47779	3605	0.048562147
47779	3756	0.048562147
47793	2552	0.056328807
47793	4342	0.056328807
47793	6198	0.056328807
47793	581	0.056328803
47793	719	0.056328803
47793	1349	0.056328803
47793	3556	0.0563288
47793	875	0.056328796
47793	2787	0.056328796
47793	3605	0.056328796
47807	581	0.05605261
47807	6198	0.05605261
47807	2552	0.056052607
47807	4342	0.056052607
47807	3556	0.056052603
47807	719	0.0560526
47807	1349	0.0560526
47807	875	0.056052595
47807	880	0.056052595
47807	2787	0.056052595
47856	581	0.050459124
47856	6198	0.050459124
47856	4342	0.05045912
47856	719	0.050459117
47856	1349	0.050459117
47856	2552	0.050459117
47856	3556	0.050459117
47856	365	0.05045911
47856	875	0.05045911
47856	2787	0.05045911
47925	581	0.050883465
47925	4342	0.05088346
47925	6198	0.05088346
47925	719	0.050883457
47925	2552	0.050883457
47925	3556	0.050883457
47925	1349	0.050883453
47925	3605	0.050883453
47925	875	0.05088345
47925	2787	0.05088345
47971	581	0.05479613
47971	6198	0.05479613
47971	4342	0.054796126
47971	1349	0.054796122
47971	2552	0.054796122
47971	3556	0.054796122
47971	3605	0.054796122
47971	719	0.05479612
47971	875	0.054796115
47971	2787	0.054796115
47975	581	0.05640587
47975	6198	0.05640587
47975	2552	0.056405865
47975	4342	0.056405865
47975	1349	0.05640586
47975	719	0.056405857
47975	3556	0.056405857
47975	3605	0.056405857
47975	2787	0.056405853
47975	365	0.05640585
48025	581	0.07882385
48025	2552	0.07882384
48025	4342	0.07882384
48025	6198	0.07882384
48025	719	0.078823835
48025	875	0.078823835
48025	1349	0.078823835
48025	3556	0.078823835
48025	880	0.07882383
48025	2651	0.07882383
48037	581	0.06464389
48037	2552	0.06464389
48037	4342	0.06464389
48037	6198	0.06464389
48037	3556	0.06464388
48037	719	0.064643875
48037	875	0.064643875
48037	1349	0.064643875
48037	2651	0.064643875
48037	3422	0.064643875
48046	581	0.057046033
48046	2552	0.057046026
48046	4342	0.057046026
48046	6198	0.057046026
48046	1349	0.057046022
48046	719	0.05704602
48046	3556	0.05704602
48046	3605	0.05704602
48046	875	0.057046015
48046	2787	0.057046015
48213	581	0.066667184
48213	2552	0.066667184
48213	4342	0.066667184
48213	6198	0.066667184
48213	719	0.06666718
48213	875	0.06666717
48213	880	0.06666717
48213	1173	0.06666717
48213	1349	0.06666717
48213	1958	0.06666717
48217	581	0.049910694
48217	6198	0.04991069
48217	2552	0.049910687
48217	4342	0.049910687
48217	719	0.049910683
48217	3556	0.049910683
48217	875	0.04991068
48217	1349	0.04991068
48217	2787	0.04991068
48217	3605	0.04991068
48268	581	0.059523575
48268	2552	0.059523575
48268	6198	0.059523575
48268	4342	0.05952357
48268	1349	0.059523568
48268	719	0.059523564
48268	3556	0.059523564
48268	3605	0.059523564
48268	365	0.05952356
48268	875	0.05952356
48355	581	0.086346485
48355	6198	0.086346485
48355	2552	0.08634648
48355	4342	0.08634648
48355	1349	0.08634647
48355	3556	0.08634647
48355	365	0.08634646
48355	719	0.08634646
48355	875	0.08634646
48355	880	0.08634646
48382	581	0.059941344
48382	2552	0.059941344
48382	6198	0.05994134
48382	719	0.059941337
48382	1349	0.059941337
48382	4342	0.059941337
48382	3556	0.059941333
48382	3605	0.059941333
48382	875	0.05994133
48382	880	0.05994133
48494	581	0.07536948
48494	2552	0.07536948
48494	4342	0.07536948
48494	6198	0.07536948
48494	719	0.07536946
48494	875	0.07536946
48494	1349	0.07536946
48494	2787	0.07536946
48494	3422	0.07536946
48494	3556	0.07536946
48579	2552	0.04510144
48579	581	0.045101438
48579	6198	0.045101438
48579	719	0.045101434
48579	1349	0.045101434
48579	3556	0.045101434
48579	4342	0.045101434
48579	875	0.04510143
48579	3605	0.04510143
48579	3756	0.04510143
48630	581	0.046105787
48630	2552	0.046105787
48630	4342	0.046105787
48630	6198	0.046105787
48630	719	0.04610578
48630	875	0.04610578
48630	1349	0.04610578
48630	3556	0.04610578
48630	5214	0.04610578
48630	2651	0.046105776
48743	581	0.0577425
48743	1349	0.05774249
48743	2552	0.05774249
48743	4342	0.05774249
48743	6198	0.05774249
48743	3605	0.057742488
48743	719	0.057742484
48743	3556	0.057742484
48743	875	0.05774248
48743	2787	0.05774248
48911	581	0.058774997
48911	2552	0.058774997
48911	6198	0.058774997
48911	4342	0.058774993
48911	719	0.058774985
48911	875	0.058774985
48911	1349	0.058774985
48911	3556	0.058774985
48911	3605	0.058774985
48911	2787	0.05877498
48929	581	0.05671017
48929	6198	0.05671017
48929	4342	0.056710165
48929	719	0.05671016
48929	1349	0.05671016
48929	2552	0.05671016
48929	3556	0.05671016
48929	3605	0.056710158
48929	2787	0.056710154
48929	3663	0.056710154
48975	6198	0.06585796
48975	2552	0.065857954
48975	581	0.06585795
48975	719	0.06585795
48975	1349	0.06585795
48975	3556	0.06585795
48975	4342	0.06585795
48975	3605	0.06585794
48975	365	0.06585793
48975	875	0.06585793
48995	581	0.054860115
48995	2552	0.05486011
48995	6198	0.05486011
48995	3556	0.054860108
48995	4342	0.054860108
48995	1349	0.054860104
48995	719	0.0548601
48995	875	0.0548601
48995	2787	0.0548601
48995	3605	0.0548601
49061	6198	0.052960522
49061	581	0.052960515
49061	2552	0.052960515
49061	4342	0.052960515
49061	719	0.05296051
49061	1349	0.05296051
49061	875	0.052960508
49061	3556	0.052960508
49061	3605	0.052960508
49061	3756	0.052960508
49109	581	0.08708082
49109	6198	0.08708082
49109	2552	0.087080814
49109	719	0.08708081
49109	4342	0.08708081
49109	1349	0.0870808
49109	3556	0.0870808
49109	3605	0.0870808
49109	1958	0.08708079
49109	2651	0.08708079
49154	581	0.059778634
49154	4342	0.05977863
49154	6198	0.05977863
49154	719	0.059778623
49154	1349	0.059778623
49154	2552	0.059778623
49154	3556	0.059778623
49154	3605	0.059778623
49154	875	0.059778616
49154	2651	0.059778616
49155	581	0.062303588
49155	2552	0.06230358
49155	4342	0.06230358
49155	6198	0.06230358
49155	719	0.062303573
49155	1349	0.062303573
49155	3556	0.062303573
49155	875	0.06230357
49155	3605	0.06230357
49155	2787	0.062303565
49212	581	0.05208814
49212	6198	0.05208814
49212	2552	0.052088138
49212	1349	0.052088134
49212	3556	0.052088134
49212	3605	0.052088134
49212	4342	0.052088134
49212	719	0.05208813
49212	3756	0.05208813
49212	875	0.052088127
49225	6198	0.08011789
49225	581	0.08011788
49225	719	0.08011788
49225	4342	0.08011788
49225	1349	0.080117874
49225	3556	0.080117874
49225	875	0.08011787
49225	880	0.08011787
49225	2787	0.08011787
49225	3605	0.08011787
49262	4342	0.04798571
49262	6198	0.04798571
49262	581	0.047985706
49262	2552	0.047985706
49262	719	0.047985703
49262	1349	0.047985703
49262	3556	0.047985703
49262	875	0.047985695
49262	880	0.047985695
49262	2651	0.047985695
49289	581	0.057532884
49289	2552	0.057532877
49289	4342	0.057532877
49289	6198	0.057532877
49289	719	0.057532873
49289	1349	0.057532873
49289	2787	0.05753287
49289	3556	0.05753287
49289	3605	0.05753287
49289	875	0.057532866
49300	2552	0.05151836
49300	4342	0.05151836
49300	6198	0.05151836
49300	719	0.05151835
49300	1349	0.05151835
49300	3556	0.05151835
49300	3605	0.05151835
49300	875	0.051518347
49300	3756	0.051518347
49300	365	0.051518343
49313	581	0.05169515
49313	6198	0.051695146
49313	4342	0.051695142
49313	719	0.05169514
49313	1349	0.05169514
49313	2552	0.05169514
49313	3556	0.05169514
49313	875	0.051695134
49313	3605	0.051695134
49313	3756	0.051695134
49314	581	0.076704845
49314	6198	0.076704845
49314	2552	0.07670484
49314	4342	0.07670484
49314	719	0.07670483
49314	875	0.07670483
49314	3556	0.07670483
49314	1349	0.07670482
49314	3605	0.07670482
49314	365	0.076704815
49324	581	0.043795146
49324	6198	0.043795146
49324	2552	0.043795142
49324	4342	0.043795142
49324	719	0.04379514
49324	1349	0.04379514
49324	3556	0.04379514
49324	3605	0.04379514
49324	5147	0.043795135
49324	365	0.04379513
49392	581	0.05727773
49392	6198	0.05727773
49392	4342	0.057277728
49392	2552	0.057277724
49392	719	0.05727772
49392	1349	0.05727772
49392	875	0.057277717
49392	2787	0.057277717
49392	3556	0.057277717
49392	3605	0.057277717
49422	581	0.09147751
49422	6198	0.091477506
49422	719	0.0914775
49422	1349	0.0914775
49422	2552	0.0914775
49422	4342	0.0914775
49422	3556	0.09147749
49422	875	0.09147748
49422	880	0.09147748
49422	2787	0.09147748
49423	581	0.051183112
49423	6198	0.051183112
49423	2552	0.05118311
49423	4342	0.05118311
49423	719	0.051183105
49423	1349	0.051183105
49423	3556	0.0511831
49423	875	0.051183097
49423	2787	0.051183097
49423	3605	0.051183097
49460	581	0.082205415
49460	2552	0.08220541
49460	6198	0.08220541
49460	719	0.0822054
49460	1349	0.0822054
49460	4342	0.0822054
49460	3556	0.08220539
49460	365	0.082205385
49460	875	0.082205385
49460	880	0.082205385
49526	581	0.061039988
49526	2552	0.06103998
49526	4342	0.06103998
49526	6198	0.06103998
49526	3556	0.061039977
49526	719	0.061039973
49526	1349	0.061039973
49526	875	0.06103997
49526	2787	0.06103997
49526	3605	0.06103997
49683	581	0.05922029
49683	2552	0.05922029
49683	6198	0.05922029
49683	1349	0.059220284
49683	3605	0.059220284
49683	4342	0.059220284
49683	3556	0.05922028
49683	719	0.059220277
49683	2787	0.059220277
49683	3756	0.059220277
49771	581	0.07206936
49771	2552	0.07206936
49771	6198	0.07206936
49771	4342	0.072069354
49771	719	0.07206935
49771	1349	0.07206935
49771	1958	0.07206935
49771	2787	0.07206935
49771	3556	0.07206935
49771	3605	0.07206935
49842	581	0.0519228
49842	6198	0.051922794
49842	719	0.05192279
49842	1349	0.05192279
49842	2552	0.05192279
49842	3556	0.05192279
49842	4342	0.05192279
49842	3605	0.051922787
49842	365	0.051922783
49842	875	0.051922783
49889	581	0.04759687
49889	6198	0.047596868
49889	719	0.047596864
49889	1349	0.047596864
49889	2552	0.047596864
49889	4342	0.047596864
49889	3556	0.04759686
49889	3605	0.04759686
49889	875	0.047596857
49889	880	0.047596857
49900	581	0.06496252
49900	1349	0.06496252
49900	2552	0.06496252
49900	4342	0.06496252
49900	6198	0.06496252
49900	719	0.064962514
49900	875	0.06496251
49900	1958	0.06496251
49900	2787	0.06496251
49900	3422	0.06496251
49980	6198	0.0656097
49980	719	0.06560969
49980	1349	0.06560969
49980	2552	0.06560969
49980	3556	0.06560969
49980	4342	0.06560969
49980	875	0.065609686
49980	880	0.065609686
49980	2787	0.065609686
49980	3605	0.065609686
50073	581	0.08655363
50073	6198	0.08655363
50073	2552	0.086553626
50073	1349	0.08655362
50073	3556	0.08655362
50073	4342	0.08655362
50073	719	0.08655361
50073	875	0.08655361
50073	3605	0.08655361
50073	365	0.0865536
50098	581	0.058378972
50098	2552	0.058378965
50098	4342	0.058378965
50098	6198	0.058378965
50098	719	0.05837896
50098	875	0.058378957
50098	1349	0.058378957
50098	3556	0.058378957
50098	3605	0.058378957
50098	3756	0.058378957
50129	581	0.07466963
50129	2552	0.07466963
50129	4342	0.07466963
50129	6198	0.07466963
50129	719	0.074669614
50129	1349	0.074669614
50129	3556	0.074669614
50129	3605	0.074669614
50129	3756	0.074669614
50129	4366	0.074669614
50130	581	0.042582855
50130	4342	0.042582855
50130	6198	0.042582855
50130	2552	0.04258285
50130	719	0.042582847
50130	1349	0.042582847
50130	3556	0.042582847
50130	3605	0.042582847
50130	2787	0.042582843
50130	3756	0.042582843
50141	6198	0.07459959
50141	581	0.07459958
50141	1349	0.07459958
50141	2552	0.07459958
50141	4342	0.07459958
50141	719	0.07459957
50141	875	0.074599564
50141	1958	0.074599564
50141	2651	0.074599564
50141	2787	0.074599564
50193	581	0.062186092
50193	6198	0.06218609
50193	2552	0.062186085
50193	4342	0.062186085
50193	3556	0.06218608
50193	719	0.062186077
50193	875	0.062186077
50193	1349	0.062186077
50193	2787	0.062186074
50193	3605	0.062186074
50204	581	0.054616526
50204	2552	0.05461652
50204	6198	0.05461652
50204	4342	0.054616515
50204	719	0.05461651
50204	1349	0.05461651
50204	3556	0.05461651
50204	3605	0.054616507
50204	365	0.054616503
50204	875	0.054616503
50205	581	0.05209873
50205	2552	0.05209873
50205	6198	0.05209873
50205	1349	0.05209872
50205	4342	0.05209872
50205	719	0.052098714
50205	875	0.052098714
50205	1958	0.052098714
50205	2651	0.052098714
50205	2787	0.052098714
50225	581	0.06250441
50225	4342	0.06250441
50225	6198	0.06250441
50225	1349	0.0625044
50225	2552	0.0625044
50225	3556	0.0625044
50225	3605	0.0625044
50225	719	0.062504396
50225	875	0.062504396
50225	880	0.062504396
50504	581	0.03274248
50504	2552	0.032742478
50504	3556	0.032742478
50504	4342	0.032742478
50504	6198	0.032742478
50504	719	0.032742474
50504	1349	0.032742474
50504	365	0.03274247
50504	875	0.03274247
50504	880	0.03274247
50539	581	0.053772695
50539	6198	0.053772695
50539	2552	0.05377269
50539	719	0.053772688
50539	1349	0.053772688
50539	3556	0.053772688
50539	3605	0.053772688
50539	4342	0.053772688
50539	875	0.05377268
50539	880	0.05377268
50612	581	0.056611203
50612	6198	0.0566112
50612	1349	0.056611195
50612	2552	0.056611195
50612	4342	0.056611195
50612	719	0.056611188
50612	2787	0.056611188
50612	3556	0.056611188
50612	3605	0.056611188
50612	875	0.056611184
50615	2552	0.043442126
50615	6198	0.043442126
50615	581	0.043442123
50615	719	0.043442123
50615	4342	0.043442123
50615	1349	0.04344212
50615	3556	0.04344212
50615	365	0.043442115
50615	875	0.043442115
50615	1211	0.043442115
50650	581	0.057968535
50650	2552	0.05796853
50650	6198	0.05796853
50650	1349	0.057968527
50650	4342	0.057968527
50650	719	0.057968523
50650	3556	0.057968523
50650	3605	0.057968523
50650	875	0.05796852
50650	3756	0.05796852
50681	581	0.05963794
50681	4342	0.05963794
50681	6198	0.05963794
50681	2552	0.059637938
50681	719	0.059637934
50681	1349	0.059637934
50681	3556	0.05963793
50681	3605	0.05963793
50681	875	0.059637927
50681	2787	0.059637927
50730	581	0.06453067
50730	2552	0.06453067
50730	6198	0.06453067
50730	3556	0.06453066
50730	4342	0.06453066
50730	719	0.064530656
50730	875	0.064530656
50730	1349	0.064530656
50730	2651	0.064530656
50730	2787	0.064530656
50749	581	0.07705409
50749	1349	0.07705408
50749	2552	0.07705408
50749	4342	0.07705408
50749	6198	0.07705408
50749	719	0.077054076
50749	3556	0.077054076
50749	365	0.07705407
50749	875	0.07705407
50749	1211	0.07705407
50823	581	0.039968625
50823	719	0.039968625
50823	2552	0.039968625
50823	4342	0.039968625
50823	6198	0.039968625
50823	1349	0.03996862
50823	3556	0.03996862
50823	875	0.039968617
50823	2651	0.039968617
50823	2787	0.039968617
50849	581	0.05693367
50849	4342	0.056933668
50849	6198	0.056933668
50849	719	0.056933664
50849	1349	0.056933664
50849	2552	0.056933664
50849	3556	0.056933664
50849	3605	0.05693366
50849	3756	0.05693366
50849	365	0.056933656
50859	581	0.051359337
50859	6198	0.051359337
50859	2552	0.051359333
50859	4342	0.051359333
50859	719	0.051359326
50859	1349	0.051359326
50859	2787	0.051359326
50859	3556	0.051359326
50859	3605	0.051359326
50859	3756	0.051359326
50895	581	0.07301603
50895	6198	0.073016025
50895	719	0.07301602
50895	1349	0.07301602
50895	2552	0.07301602
50895	3556	0.07301602
50895	3605	0.07301602
50895	4342	0.07301602
50895	365	0.073016
50895	875	0.073016
50972	581	0.042501044
50972	4342	0.042501044
50972	2552	0.04250104
50972	3556	0.04250104
50972	6198	0.04250104
50972	1349	0.042501036
50972	719	0.042501032
50972	875	0.042501032
50972	2787	0.042501032
50972	3605	0.042501032
51071	581	0.081782475
51071	2552	0.081782475
51071	6198	0.081782475
51071	719	0.08178247
51071	4342	0.08178247
51071	875	0.08178246
51071	1349	0.08178246
51071	2787	0.08178246
51071	3556	0.08178246
51071	3605	0.08178246
51082	581	0.050373122
51082	6198	0.050373122
51082	2552	0.05037312
51082	719	0.050373115
51082	1349	0.050373115
51082	3556	0.050373115
51082	4342	0.050373115
51082	3605	0.05037311
51082	365	0.050373107
51082	875	0.050373107
51100	581	0.063342005
51100	2552	0.063342005
51100	4342	0.063342005
51100	6198	0.063342
51100	719	0.06334199
51100	875	0.06334199
51100	1349	0.06334199
51100	2651	0.06334199
51100	3556	0.06334199
51100	3605	0.06334199
51207	581	0.052459158
51207	6198	0.052459158
51207	1349	0.05245915
51207	2552	0.05245915
51207	4342	0.05245915
51207	719	0.052459147
51207	3556	0.052459147
51207	3605	0.052459147
51207	875	0.052459143
51207	2787	0.052459143
51252	581	0.050274003
51252	2552	0.050274003
51252	6198	0.050274003
51252	719	0.050274
51252	1349	0.050274
51252	3556	0.050274
51252	4342	0.050274
51252	875	0.050273996
51252	1173	0.050273992
51252	1958	0.050273992
51350	6198	0.06226427
51350	581	0.062264267
51350	2552	0.062264264
51350	4342	0.062264264
51350	1349	0.06226426
51350	3556	0.06226426
51350	3605	0.06226426
51350	719	0.062264256
51350	2787	0.062264256
51350	3756	0.062264252
51359	581	0.05498256
51359	2552	0.054982558
51359	4342	0.054982558
51359	6198	0.054982558
51359	719	0.05498255
51359	1349	0.05498255
51359	3556	0.05498255
51359	3605	0.05498255
51359	2787	0.054982547
51359	3756	0.054982547
51364	581	0.06797211
51364	2552	0.06797211
51364	6198	0.06797211
51364	4342	0.0679721
51364	719	0.067972094
51364	875	0.067972094
51364	1349	0.067972094
51364	3556	0.067972094
51364	3605	0.067972094
51364	365	0.06797209
51365	581	0.04650612
51365	6198	0.04650612
51365	2552	0.046506118
51365	3556	0.046506114
51365	4342	0.046506114
51365	719	0.04650611
51365	1349	0.04650611
51365	875	0.046506107
51365	1958	0.046506107
51365	2651	0.046506107
51386	581	0.056246907
51386	2552	0.056246903
51386	4342	0.056246903
51386	6198	0.056246903
51386	1349	0.0562469
51386	719	0.056246895
51386	3556	0.056246895
51386	3605	0.056246895
51386	875	0.05624689
51386	3663	0.05624689
51403	581	0.058901563
51403	2552	0.058901556
51403	4342	0.058901556
51403	6198	0.058901556
51403	1349	0.058901552
51403	719	0.05890155
51403	3556	0.05890155
51403	3605	0.05890155
51403	875	0.058901545
51403	2787	0.058901545
51450	581	0.073300436
51450	2552	0.073300436
51450	4342	0.073300436
51450	6198	0.073300436
51450	719	0.07330043
51450	1349	0.07330043
51450	2651	0.07330042
51450	2787	0.07330042
51450	3556	0.07330042
51450	3605	0.07330042
51511	581	0.064428546
51511	719	0.06442854
51511	1349	0.06442854
51511	2552	0.06442854
51511	3556	0.06442854
51511	4342	0.06442854
51511	6198	0.06442854
51511	875	0.06442853
51511	2787	0.06442853
51511	3605	0.06442853
51526	581	0.08920585
51526	719	0.089205846
51526	2552	0.089205846
51526	4342	0.089205846
51526	6198	0.089205846
51526	1349	0.08920584
51526	3556	0.08920584
51526	875	0.08920583
51526	2651	0.08920583
51526	2787	0.08920583
51559	581	0.051600248
51559	2552	0.051600248
51559	4342	0.051600248
51559	6198	0.051600248
51559	719	0.05160024
51559	1349	0.05160024
51559	3556	0.05160024
51559	3605	0.05160024
51559	2787	0.051600236
51559	365	0.051600233
51589	581	0.05970925
51589	4342	0.05970925
51589	6198	0.05970925
51589	2552	0.059709247
51589	1349	0.059709243
51589	719	0.05970924
51589	3556	0.05970924
51589	3605	0.05970924
51589	875	0.059709236
51589	880	0.059709236
51627	581	0.059808467
51627	6198	0.059808467
51627	719	0.059808463
51627	2552	0.059808463
51627	4342	0.059808463
51627	875	0.059808455
51627	1349	0.059808455
51627	3556	0.059808455
51627	3605	0.059808455
51627	4218	0.059808455
51663	581	0.048590895
51663	2552	0.04859089
51663	4342	0.04859089
51663	6198	0.04859089
51663	1349	0.048590887
51663	719	0.048590884
51663	875	0.048590884
51663	3556	0.048590884
51663	3605	0.048590884
51663	3756	0.048590884
51665	581	0.05267907
51665	6198	0.05267907
51665	4342	0.052679066
51665	719	0.052679062
51665	1349	0.052679062
51665	2552	0.052679062
51665	3556	0.052679062
51665	3605	0.05267906
51665	365	0.052679054
51665	875	0.052679054
51742	581	0.052783184
51742	6198	0.052783184
51742	2552	0.05278318
51742	719	0.052783176
51742	1349	0.052783176
51742	3556	0.052783176
51742	4342	0.052783176
51742	2787	0.05278317
51742	3605	0.05278317
51742	3663	0.05278317
51803	581	0.06301279
51803	719	0.06301279
51803	1349	0.06301279
51803	2552	0.06301279
51803	3556	0.06301279
51803	4342	0.06301279
51803	6198	0.06301279
51803	3605	0.063012786
51803	365	0.06301278
51803	875	0.06301278
51805	581	0.07344983
51805	6198	0.07344983
51805	719	0.07344982
51805	2552	0.07344982
51805	3556	0.07344982
51805	4342	0.07344982
51805	1349	0.07344981
51805	3605	0.07344981
51805	3756	0.07344981
51805	365	0.073449805
51826	581	0.049511127
51826	4342	0.049511123
51826	6198	0.049511123
51826	719	0.04951112
51826	2552	0.04951112
51826	3556	0.04951112
51826	1349	0.049511116
51826	365	0.049511112
51826	875	0.049511112
51826	3605	0.049511112
51992	581	0.0949527
51992	6198	0.094952695
51992	2552	0.09495269
51992	3556	0.09495269
51992	4342	0.09495269
51992	719	0.09495268
51992	875	0.09495267
51992	1349	0.09495267
51992	2787	0.09495267
51992	3605	0.09495267
52002	581	0.0691683
52002	4342	0.0691683
52002	6198	0.0691683
52002	2552	0.06916829
52002	719	0.069168285
52002	875	0.069168285
52002	880	0.069168285
52002	1349	0.069168285
52002	2651	0.069168285
52002	3556	0.069168285
52011	581	0.06982871
52011	2552	0.069828704
52011	4342	0.069828704
52011	6198	0.069828704
52011	719	0.0698287
52011	1349	0.0698287
52011	3556	0.0698287
52011	365	0.06982869
52011	875	0.06982869
52011	880	0.06982869
52044	581	0.07048555
52044	2552	0.07048555
52044	4342	0.07048555
52044	6198	0.07048555
52044	719	0.07048554
52044	875	0.07048554
52044	1349	0.07048554
52044	3556	0.07048554
52044	365	0.07048553
52044	880	0.07048553
52141	581	0.042300686
52141	2552	0.042300686
52141	4342	0.042300686
52141	6198	0.042300686
52141	3556	0.042300683
52141	719	0.04230068
52141	1349	0.04230068
52141	2787	0.04230068
52141	3756	0.04230068
52141	365	0.042300675
52159	581	0.06286706
52159	6198	0.06286705
52159	719	0.062867045
52159	1349	0.062867045
52159	2552	0.062867045
52159	3556	0.062867045
52159	4342	0.062867045
52159	2787	0.06286704
52159	3605	0.06286704
52159	3756	0.06286704
52175	581	0.06182494
52175	2552	0.061824933
52175	4342	0.061824933
52175	6198	0.061824933
52175	719	0.06182493
52175	3556	0.06182493
52175	1349	0.061824925
52175	2651	0.061824925
52175	3605	0.061824925
52175	3756	0.061824925
52199	581	0.048810177
52199	6198	0.048810173
52199	719	0.04881017
52199	1349	0.04881017
52199	2552	0.04881017
52199	3556	0.04881017
52199	4342	0.04881017
52199	875	0.048810165
52199	2787	0.048810165
52199	3605	0.048810165
52293	581	0.0640283
52293	719	0.06402829
52293	1349	0.06402829
52293	2552	0.06402829
52293	3556	0.06402829
52293	4342	0.06402829
52293	6198	0.06402829
52293	3605	0.064028285
52293	365	0.06402828
52293	875	0.06402828
52350	581	0.0663313
52350	2552	0.0663313
52350	4342	0.0663313
52350	6198	0.0663313
52350	1349	0.06633129
52350	719	0.06633128
52350	875	0.06633128
52350	2651	0.06633128
52350	3422	0.06633128
52350	3556	0.06633128
52425	6198	0.05621179
52425	2552	0.056211784
52425	4342	0.056211784
52425	719	0.056211777
52425	1349	0.056211777
52425	3556	0.056211777
52425	3605	0.056211777
52425	875	0.056211773
52425	2787	0.056211773
52425	365	0.05621177
52472	581	0.0626732
52472	2552	0.062673196
52472	4342	0.062673196
52472	6198	0.062673196
52472	719	0.06267319
52472	1349	0.06267319
52472	3556	0.06267319
52472	3605	0.06267319
52472	875	0.06267318
52472	880	0.06267318
52521	581	0.065017365
52521	2552	0.065017365
52521	719	0.06501736
52521	1349	0.06501736
52521	3556	0.06501736
52521	3605	0.06501736
52521	4342	0.06501736
52521	6198	0.06501736
52521	365	0.06501734
52521	875	0.06501734
52532	6198	0.049673535
52532	719	0.049673527
52532	1349	0.049673527
52532	2552	0.049673527
52532	3556	0.049673527
52532	4342	0.049673527
52532	3605	0.049673524
52532	365	0.04967352
52532	875	0.04967352
52532	880	0.04967352
52584	581	0.07538441
52584	4342	0.0753844
52584	719	0.07538439
52584	2552	0.07538439
52584	6198	0.07538439
52584	1349	0.075384386
52584	3556	0.075384386
52584	365	0.07538438
52584	875	0.07538438
52584	1211	0.07538438
52614	581	0.07564243
52614	1349	0.07564242
52614	2552	0.07564242
52614	4342	0.07564242
52614	6198	0.07564242
52614	719	0.075642414
52614	875	0.07564241
52614	2787	0.07564241
52614	3422	0.07564241
52614	3556	0.07564241
52670	581	0.059687942
52670	2552	0.05968794
52670	4342	0.059687935
52670	6198	0.059687935
52670	719	0.05968793
52670	1349	0.059687927
52670	3556	0.059687927
52670	3605	0.059687927
52670	875	0.059687924
52670	2787	0.059687924
52853	581	0.07977623
52853	6198	0.07977623
52853	4342	0.07977622
52853	1349	0.07977621
52853	2552	0.07977621
52853	3605	0.07977621
52853	719	0.079776205
52853	3556	0.079776205
52853	875	0.0797762
52853	880	0.0797762
52887	581	0.053338878
52887	4342	0.053338878
52887	2552	0.053338874
52887	6198	0.053338874
52887	1349	0.05333887
52887	3556	0.05333887
52887	719	0.053338867
52887	3605	0.053338867
52887	365	0.053338863
52887	875	0.053338863
52917	2552	0.06894006
52917	6198	0.06894006
52917	719	0.06894004
52917	1349	0.06894004
52917	3556	0.06894004
52917	3605	0.06894004
52917	4342	0.06894004
52917	875	0.068940036
52917	1958	0.068940036
52917	2651	0.068940036
52994	581	0.057118088
52994	6198	0.057118084
52994	2552	0.05711808
52994	4342	0.05711808
52994	719	0.057118073
52994	875	0.057118073
52994	1349	0.057118073
52994	3556	0.057118073
52994	3605	0.057118073
52994	2651	0.05711807
53042	2552	0.07241628
53042	6198	0.07241628
53042	581	0.072416276
53042	1349	0.072416276
53042	4342	0.072416276
53042	719	0.07241627
53042	365	0.07241626
53042	875	0.07241626
53042	880	0.07241626
53042	2651	0.07241626
53069	581	0.07472171
53069	2552	0.07472171
53069	4342	0.07472171
53069	6198	0.07472171
53069	719	0.074721694
53069	875	0.074721694
53069	1349	0.074721694
53069	2787	0.074721694
53069	3556	0.074721694
53069	3605	0.074721694
53140	581	0.049695104
53140	4342	0.049695104
53140	6198	0.0496951
53140	719	0.049695097
53140	1349	0.049695097
53140	2552	0.049695097
53140	3556	0.049695097
53140	3605	0.049695093
53140	875	0.04969509
53140	880	0.04969509
53174	581	0.07219112
53174	6198	0.07219112
53174	2552	0.07219111
53174	4342	0.07219111
53174	719	0.072191104
53174	1349	0.072191104
53174	3556	0.072191104
53174	4218	0.072191104
53174	2787	0.0721911
53174	3605	0.0721911
53220	581	0.10246626
53220	4342	0.102466255
53220	6198	0.102466255
53220	1349	0.10246625
53220	2552	0.10246625
53220	719	0.10246624
53220	2787	0.10246624
53220	3556	0.10246624
53220	3605	0.10246624
53220	4218	0.10246623
53241	581	0.071077764
53241	6198	0.071077764
53241	2552	0.07107776
53241	4342	0.07107776
53241	719	0.07107775
53241	1349	0.07107775
53241	3556	0.07107775
53241	3605	0.07107775
53241	875	0.07107774
53241	3756	0.07107774
53256	581	0.071188405
53256	1349	0.071188405
53256	2552	0.071188405
53256	4342	0.071188405
53256	6198	0.071188405
53256	719	0.0711884
53256	3556	0.0711884
53256	365	0.07118839
53256	2787	0.07118839
53256	3605	0.07118839
53265	581	0.0815693
53265	6198	0.0815693
53265	2552	0.08156929
53265	719	0.081569284
53265	875	0.081569284
53265	1349	0.081569284
53265	3556	0.081569284
53265	3605	0.081569284
53265	4342	0.081569284
53265	2787	0.08156928
53278	6198	0.06722978
53278	2552	0.06722977
53278	4342	0.06722977
53278	719	0.06722976
53278	1349	0.06722976
53278	3556	0.06722976
53278	3605	0.06722976
53278	365	0.067229755
53278	875	0.067229755
53278	880	0.067229755
53304	581	0.06479311
53304	1349	0.06479311
53304	2552	0.06479311
53304	4342	0.06479311
53304	6198	0.06479311
53304	3556	0.0647931
53304	719	0.064793095
53304	875	0.064793095
53304	880	0.064793095
53304	2787	0.064793095
53365	581	0.03013385
53365	2552	0.030133847
53365	4342	0.030133847
53365	6198	0.030133845
53365	719	0.030133843
53365	1349	0.030133843
53365	3556	0.030133843
53365	5214	0.030133842
53365	365	0.03013384
53365	875	0.03013384
53392	6198	0.048891686
53392	4342	0.048891682
53392	2552	0.04889168
53392	719	0.048891675
53392	1349	0.048891675
53392	875	0.04889167
53392	2787	0.04889167
53392	3556	0.04889167
53392	3605	0.04889167
53392	3756	0.04889167
53408	581	0.057484917
53408	6198	0.057484914
53408	2552	0.05748491
53408	4342	0.05748491
53408	1349	0.057484906
53408	3556	0.057484906
53408	719	0.057484902
53408	3605	0.057484902
53408	875	0.0574849
53408	880	0.0574849
53414	581	0.06739573
53414	2552	0.06739573
53414	6198	0.06739573
53414	4342	0.067395724
53414	719	0.06739572
53414	875	0.06739572
53414	1349	0.06739572
53414	2787	0.06739572
53414	3556	0.06739572
53414	3605	0.06739572
53418	719	0.074993655
53418	2552	0.074993655
53418	4342	0.074993655
53418	6198	0.074993655
53418	1349	0.07499365
53418	3556	0.07499365
53418	3605	0.07499365
53418	365	0.07499364
53418	875	0.07499364
53418	880	0.07499364
53456	581	0.0826286
53456	1349	0.08262859
53456	2552	0.08262859
53456	4342	0.08262859
53456	6198	0.08262859
53456	719	0.082628585
53456	3556	0.082628585
53456	875	0.08262858
53456	1958	0.08262858
53456	2651	0.08262858
53520	581	0.045365848
53520	4342	0.045365844
53520	2552	0.04536584
53520	6198	0.04536584
53520	719	0.045365836
53520	1349	0.045365836
53520	2787	0.045365836
53520	3556	0.045365836
53520	875	0.045365833
53520	3422	0.045365833
53575	581	0.05293463
53575	2552	0.05293463
53575	4342	0.05293463
53575	6198	0.05293463
53575	719	0.052934624
53575	1349	0.052934624
53575	3556	0.052934624
53575	3605	0.052934624
53575	875	0.05293462
53575	3756	0.05293462
53590	581	0.060836643
53590	4342	0.06083664
53590	6198	0.06083664
53590	2552	0.060836636
53590	719	0.06083663
53590	3556	0.06083663
53590	3605	0.06083663
53590	875	0.060836628
53590	1349	0.060836628
53590	3756	0.060836628
53605	6198	0.054747373
53605	581	0.05474737
53605	2552	0.05474737
53605	719	0.054747365
53605	1349	0.054747365
53605	3556	0.054747365
53605	4342	0.054747365
53605	875	0.054747358
53605	2787	0.054747358
53605	3605	0.054747358
53614	581	0.088649675
53614	6198	0.088649675
53614	2552	0.08864967
53614	4342	0.08864967
53614	719	0.08864966
53614	1349	0.08864966
53614	3556	0.08864966
53614	3605	0.08864966
53614	2787	0.08864965
53614	3756	0.08864965
53628	581	0.0672344
53628	2552	0.0672344
53628	3556	0.0672344
53628	4342	0.0672344
53628	6198	0.0672344
53628	719	0.06723439
53628	1349	0.06723439
53628	3605	0.06723439
53628	365	0.06723438
53628	875	0.06723438
53663	581	0.05459517
53663	6198	0.05459517
53663	2552	0.054595165
53663	4342	0.05459516
53663	719	0.054595158
53663	1349	0.054595158
53663	2787	0.054595158
53663	3556	0.054595158
53663	3605	0.054595158
53663	875	0.054595154
53664	581	0.063937195
53664	1349	0.06393719
53664	2552	0.06393719
53664	4342	0.06393719
53664	6198	0.06393719
53664	719	0.06393718
53664	875	0.06393718
53664	2787	0.06393718
53664	3556	0.06393718
53664	3605	0.06393718
53729	581	0.07381853
53729	6198	0.07381853
53729	719	0.07381852
53729	1349	0.07381852
53729	2552	0.07381852
53729	3556	0.07381852
53729	4342	0.07381852
53729	875	0.07381851
53729	3605	0.07381851
53729	365	0.073818505
53846	581	0.063229024
53846	6198	0.063229024
53846	2552	0.06322902
53846	4342	0.06322902
53846	719	0.06322901
53846	1349	0.06322901
53846	3556	0.06322901
53846	875	0.063229
53846	2651	0.063229
53846	2787	0.063229
54072	581	0.059404586
54072	6198	0.059404586
54072	2552	0.05940458
54072	4342	0.05940458
54072	719	0.059404574
54072	1349	0.059404574
54072	3556	0.059404574
54072	3605	0.059404574
54072	875	0.05940457
54072	2787	0.05940457
54193	581	0.052207105
54193	6198	0.0522071
54193	1349	0.052207097
54193	2552	0.052207097
54193	3556	0.052207097
54193	4342	0.052207097
54193	719	0.052207094
54193	875	0.05220709
54193	2787	0.05220709
54193	3605	0.05220709
54206	581	0.06672625
54206	719	0.06672625
54206	1349	0.06672625
54206	2552	0.06672625
54206	3605	0.06672625
54206	4342	0.06672625
54206	6198	0.06672625
54206	875	0.066726245
54206	3556	0.066726245
54206	365	0.06672624
54222	581	0.055396106
54222	6198	0.055396102
54222	2552	0.0553961
54222	4342	0.0553961
54222	719	0.055396095
54222	1349	0.055396095
54222	3556	0.055396095
54222	3605	0.055396095
54222	4218	0.05539609
54222	875	0.055396087
54283	581	0.048771873
54283	2552	0.04877187
54283	4342	0.04877187
54283	6198	0.04877187
54283	719	0.048771866
54283	875	0.048771866
54283	1349	0.048771866
54283	3556	0.048771866
54283	365	0.04877186
54283	880	0.04877186
54290	581	0.072293505
54290	4342	0.072293505
54290	6198	0.072293505
54290	2552	0.0722935
54290	719	0.07229349
54290	1349	0.07229349
54290	3556	0.07229349
54290	3605	0.07229349
54290	875	0.07229348
54290	2651	0.07229348
54335	581	0.07278715
54335	2552	0.07278715
54335	6198	0.07278715
54335	4342	0.07278714
54335	719	0.072787136
54335	1349	0.072787136
54335	2787	0.072787136
54335	3556	0.072787136
54335	3605	0.072787136
54335	3663	0.07278713
54374	2552	0.06602617
54374	581	0.066026166
54374	3556	0.066026166
54374	4342	0.066026166
54374	6198	0.066026166
54374	719	0.06602616
54374	1349	0.06602616
54374	3605	0.06602616
54374	3663	0.06602616
54374	875	0.06602615
54453	581	0.05952893
54453	2552	0.059528925
54453	4342	0.059528925
54453	6198	0.059528925
54453	719	0.059528917
54453	1349	0.059528917
54453	3556	0.059528917
54453	3605	0.059528917
54453	875	0.05952891
54453	880	0.05952891
54492	581	0.06687799
54492	6198	0.06687798
54492	719	0.066877976
54492	1349	0.066877976
54492	2552	0.066877976
54492	4342	0.066877976
54492	3556	0.06687797
54492	365	0.06687796
54492	875	0.06687796
54492	880	0.06687796
54512	581	0.061645642
54512	6198	0.061645642
54512	2552	0.06164564
54512	4342	0.06164564
54512	719	0.061645634
54512	1349	0.061645634
54512	3556	0.061645634
54512	3605	0.06164563
54512	875	0.061645627
54512	2787	0.061645627
54547	581	0.05536448
54547	4342	0.055364475
54547	6198	0.055364475
54547	2552	0.05536447
54547	719	0.055364467
54547	1349	0.055364467
54547	3556	0.055364467
54547	3605	0.055364467
54547	365	0.05536446
54547	875	0.05536446
54578	581	0.055674776
54578	6198	0.055674776
54578	4342	0.055674773
54578	1349	0.05567477
54578	2552	0.05567477
54578	3556	0.05567477
54578	719	0.05567476
54578	3605	0.05567476
54578	3756	0.05567476
54578	875	0.055674758
54605	581	0.061565753
54605	6198	0.06156575
54605	2552	0.061565746
54605	4342	0.061565746
54605	1349	0.061565742
54605	3605	0.06156574
54605	719	0.061565734
54605	875	0.061565734
54605	3556	0.061565734
54605	3756	0.061565734
54622	581	0.06479606
54622	4342	0.06479606
54622	6198	0.06479606
54622	1349	0.06479605
54622	2552	0.06479605
54622	719	0.064796045
54622	875	0.064796045
54622	1958	0.064796045
54622	2787	0.064796045
54622	3422	0.064796045
54624	581	0.054854166
54624	2552	0.054854162
54624	4342	0.054854162
54624	6198	0.054854162
54624	719	0.054854155
54624	1349	0.054854155
54624	3556	0.054854155
54624	3605	0.054854155
54624	875	0.05485415
54624	365	0.054854147
54652	581	0.053235695
54652	2552	0.053235687
54652	4342	0.053235687
54652	6198	0.053235687
54652	719	0.05323568
54652	1349	0.05323568
54652	3556	0.05323568
54652	3605	0.05323568
54652	2787	0.053235676
54652	3663	0.053235676
54817	581	0.050762907
54817	4342	0.050762903
54817	6198	0.050762903
54817	719	0.0507629
54817	1349	0.0507629
54817	2552	0.0507629
54817	3556	0.0507629
54817	3605	0.0507629
54817	365	0.05076289
54817	875	0.05076289
54884	581	0.05746541
54884	4342	0.05746541
54884	6198	0.05746541
54884	2552	0.057465408
54884	1349	0.057465404
54884	3556	0.057465404
54884	719	0.0574654
54884	3605	0.0574654
54884	875	0.057465397
54884	2787	0.057465397
54898	581	0.076249465
54898	2552	0.07624946
54898	4342	0.07624946
54898	6198	0.07624946
54898	719	0.07624945
54898	1349	0.07624945
54898	3556	0.07624945
54898	3605	0.07624944
54898	875	0.076249436
54898	880	0.076249436
54911	581	0.06480601
54911	2552	0.06480601
54911	4342	0.06480601
54911	719	0.064806
54911	875	0.064806
54911	1349	0.064806
54911	3556	0.064806
54911	6198	0.064806
54911	365	0.06480599
54911	880	0.06480599
54968	581	0.07049759
54968	2552	0.07049759
54968	6198	0.07049759
54968	4342	0.07049758
54968	719	0.07049757
54968	875	0.07049757
54968	1349	0.07049757
54968	3556	0.07049757
54968	3605	0.07049757
54968	365	0.070497565
55006	581	0.074312285
55006	6198	0.07431228
55006	719	0.07431227
55006	1349	0.07431227
55006	2552	0.07431227
55006	3556	0.07431227
55006	4342	0.07431227
55006	2787	0.07431226
55006	3605	0.07431226
55006	4218	0.07431226
55027	581	0.056283735
55027	2552	0.05628373
55027	6198	0.05628373
55027	719	0.056283727
55027	4342	0.056283727
55027	1349	0.056283724
55027	3556	0.056283724
55027	3605	0.05628372
55027	3756	0.05628372
55027	875	0.056283716
55065	581	0.051022064
55065	2552	0.05102206
55065	4342	0.05102206
55065	6198	0.05102206
55065	719	0.051022053
55065	1349	0.051022053
55065	3556	0.051022053
55065	875	0.05102205
55065	2787	0.05102205
55065	3605	0.05102205
55075	581	0.07067532
55075	2552	0.07067531
55075	4342	0.07067531
55075	6198	0.07067531
55075	1349	0.070675306
55075	3556	0.070675306
55075	719	0.0706753
55075	2787	0.0706753
55075	3605	0.0706753
55075	3756	0.0706753
55097	581	0.057666466
55097	2552	0.057666466
55097	4342	0.057666466
55097	6198	0.057666466
55097	1349	0.057666462
55097	719	0.05766646
55097	3556	0.05766646
55097	3605	0.05766646
55097	875	0.057666454
55097	3756	0.057666454
55142	581	0.060533084
55142	2552	0.060533077
55142	4342	0.060533077
55142	6198	0.060533077
55142	1349	0.060533073
55142	719	0.06053307
55142	3556	0.06053307
55142	3605	0.06053307
55142	875	0.060533065
55142	880	0.06053306
55178	581	0.06251204
55178	2552	0.06251204
55178	6198	0.06251204
55178	3556	0.06251203
55178	4342	0.06251203
55178	719	0.062512025
55178	875	0.062512025
55178	880	0.062512025
55178	1349	0.062512025
55178	2787	0.062512025
55187	581	0.0475654
55187	6198	0.0475654
55187	2552	0.047565397
55187	4342	0.047565397
55187	719	0.047565393
55187	1349	0.047565393
55187	3556	0.047565393
55187	3605	0.047565393
55187	365	0.047565386
55187	875	0.047565386
55270	581	0.05762764
55270	4342	0.05762764
55270	6198	0.05762764
55270	2552	0.057627633
55270	719	0.05762763
55270	1349	0.05762763
55270	3556	0.05762763
55270	875	0.057627626
55270	880	0.057627626
55270	2651	0.057627626
55272	581	0.062419478
55272	2552	0.062419474
55272	4342	0.062419474
55272	6198	0.062419474
55272	719	0.062419467
55272	875	0.062419467
55272	1349	0.062419467
55272	3556	0.062419467
55272	3605	0.062419467
55272	2651	0.062419463
55398	581	0.07190208
55398	2552	0.071902074
55398	6198	0.071902074
55398	1349	0.07190207
55398	4342	0.07190207
55398	719	0.07190206
55398	875	0.07190206
55398	2787	0.07190206
55398	3556	0.07190206
55398	3605	0.07190206
55438	581	0.06272763
55438	6198	0.06272763
55438	2552	0.06272762
55438	4342	0.06272762
55438	719	0.062727615
55438	875	0.062727615
55438	1349	0.062727615
55438	2651	0.062727615
55438	2787	0.062727615
55438	3556	0.062727615
55441	581	0.062048823
55441	2552	0.062048815
55441	4342	0.062048815
55441	6198	0.062048815
55441	1349	0.06204881
55441	719	0.062048808
55441	3556	0.062048808
55441	3605	0.062048808
55441	365	0.0620488
55441	875	0.0620488
55487	581	0.071488425
55487	2552	0.071488425
55487	4342	0.071488425
55487	6198	0.071488425
55487	1349	0.07148842
55487	719	0.07148841
55487	880	0.07148841
55487	2651	0.07148841
55487	2787	0.07148841
55487	3556	0.07148841
55492	581	0.07939194
55492	2552	0.07939194
55492	4342	0.07939194
55492	6198	0.07939194
55492	365	0.07939193
55492	719	0.07939193
55492	875	0.07939193
55492	1349	0.07939193
55492	3556	0.07939193
55492	3605	0.07939193
55493	581	0.070569776
55493	2552	0.07056977
55493	4342	0.07056977
55493	6198	0.07056977
55493	719	0.07056976
55493	3556	0.07056976
55493	875	0.07056975
55493	1349	0.07056975
55493	1958	0.07056975
55493	2787	0.07056975
55548	2552	0.06300314
55548	6198	0.06300314
55548	4342	0.06300313
55548	719	0.06300312
55548	875	0.06300312
55548	1349	0.06300312
55548	2651	0.06300312
55548	3556	0.06300312
55548	3605	0.06300312
55548	3663	0.06300312
55559	581	0.043336872
55559	2552	0.04333687
55559	4342	0.04333687
55559	6198	0.04333687
55559	719	0.043336865
55559	1349	0.043336865
55559	875	0.04333686
55559	880	0.04333686
55559	2787	0.04333686
55559	3556	0.04333686
55562	581	0.053174198
55562	2552	0.053174198
55562	6198	0.053174198
55562	4342	0.053174194
55562	719	0.05317419
55562	1349	0.05317419
55562	3556	0.05317419
55562	3756	0.053174186
55562	365	0.053174183
55562	875	0.053174183
55607	581	0.060539864
55607	2552	0.060539864
55607	4342	0.060539864
55607	6198	0.060539864
55607	3556	0.06053986
55607	719	0.060539857
55607	1349	0.060539857
55607	3605	0.060539857
55607	2787	0.060539853
55607	3756	0.060539853
55631	581	0.06108353
55631	4342	0.061083525
55631	6198	0.061083525
55631	2552	0.06108352
55631	1349	0.061083518
55631	3556	0.061083518
55631	719	0.061083514
55631	875	0.061083514
55631	3605	0.061083514
55631	2787	0.06108351
55655	581	0.049744286
55655	2552	0.049744286
55655	6198	0.049744286
55655	3556	0.049744282
55655	4342	0.049744282
55655	719	0.04974428
55655	1349	0.04974428
55655	3605	0.04974428
55655	2787	0.049744274
55655	3756	0.049744274
55734	581	0.059814543
55734	6198	0.059814543
55734	2552	0.059814535
55734	4342	0.059814535
55734	719	0.05981453
55734	1349	0.05981453
55734	3556	0.05981453
55734	2787	0.059814528
55734	3605	0.059814528
55734	3756	0.059814524
55751	4342	0.081877634
55751	6198	0.081877634
55751	2552	0.08187763
55751	719	0.08187762
55751	875	0.08187762
55751	1349	0.08187762
55751	2787	0.08187762
55751	3556	0.08187762
55751	3605	0.08187762
55751	3663	0.08187761
55779	4342	0.050910298
55779	581	0.050910294
55779	2552	0.050910294
55779	6198	0.050910294
55779	719	0.05091029
55779	1349	0.050910287
55779	3556	0.050910287
55779	3605	0.050910287
55779	365	0.050910283
55779	875	0.050910283
55787	581	0.07232841
55787	2552	0.07232841
55787	719	0.0723284
55787	1349	0.0723284
55787	4342	0.0723284
55787	6198	0.0723284
55787	3556	0.072328396
55787	3605	0.072328396
55787	365	0.07232839
55787	875	0.07232839
55789	581	0.06262037
55789	2552	0.06262037
55789	6198	0.06262037
55789	4342	0.062620364
55789	719	0.06262036
55789	875	0.06262036
55789	1349	0.06262036
55789	2787	0.06262036
55789	3556	0.06262036
55789	3605	0.06262036
55799	6198	0.06735602
55799	581	0.06735601
55799	2552	0.06735601
55799	4342	0.06735601
55799	719	0.067356005
55799	875	0.067356005
55799	1349	0.067356005
55799	2651	0.067356005
55799	3556	0.067356005
55799	3605	0.067356005
55826	581	0.043602932
55826	2552	0.04360293
55826	4342	0.04360293
55826	6198	0.04360293
55826	3556	0.043602925
55826	365	0.04360292
55826	719	0.04360292
55826	875	0.04360292
55826	1349	0.04360292
55826	2651	0.04360292
55858	581	0.06602913
55858	6198	0.066029124
55858	719	0.06602912
55858	1349	0.06602912
55858	2552	0.06602912
55858	3556	0.06602912
55858	4342	0.06602912
55858	3605	0.06602911
55858	3756	0.06602911
55858	365	0.0660291
55892	6198	0.07584616
55892	581	0.07584615
55892	2552	0.07584615
55892	719	0.07584614
55892	1349	0.07584614
55892	3556	0.07584614
55892	875	0.075846136
55892	880	0.075846136
55892	2651	0.075846136
55892	2787	0.075846136
55927	581	0.07996504
55927	6198	0.07996504
55927	2552	0.07996503
55927	4342	0.07996503
55927	719	0.079965025
55927	1349	0.079965025
55927	3556	0.079965025
55927	3605	0.079965025
55927	3756	0.07996502
55927	4218	0.07996502
55961	2552	0.075154394
55961	4342	0.075154394
55961	6198	0.075154394
55961	719	0.07515438
55961	875	0.07515438
55961	1349	0.07515438
55961	2651	0.07515438
55961	3556	0.07515438
55961	3605	0.07515438
55961	880	0.07515437
56157	581	0.06042928
56157	6198	0.06042928
56157	2552	0.060429275
56157	4342	0.060429275
56157	719	0.060429268
56157	1349	0.060429268
56157	3556	0.060429268
56157	3605	0.060429268
56157	875	0.060429264
56157	3756	0.060429264
56246	581	0.053232357
56246	2552	0.05323235
56246	4342	0.05323235
56246	6198	0.05323235
56246	719	0.053232342
56246	1349	0.053232342
56246	3556	0.053232342
56246	3605	0.053232342
56246	875	0.05323234
56246	2787	0.05323234
56272	581	0.046169385
56272	2552	0.046169385
56272	4342	0.046169385
56272	6198	0.046169385
56272	719	0.046169378
56272	1349	0.046169378
56272	3556	0.046169378
56272	3605	0.046169378
56272	3756	0.046169378
56272	5214	0.046169374
56307	581	0.068574935
56307	4342	0.068574935
56307	6198	0.068574935
56307	719	0.06857492
56307	1349	0.06857492
56307	2552	0.06857492
56307	2787	0.06857492
56307	3556	0.06857492
56307	3605	0.06857492
56307	3663	0.06857492
56315	6198	0.06813662
56315	581	0.06813661
56315	4342	0.06813661
56315	719	0.0681366
56315	1349	0.0681366
56315	2552	0.0681366
56315	3556	0.0681366
56315	3605	0.0681366
56315	875	0.068136595
56315	2787	0.068136595
56369	581	0.04806339
56369	4342	0.04806339
56369	6198	0.04806339
56369	2552	0.048063386
56369	719	0.048063383
56369	1349	0.048063383
56369	3556	0.048063383
56369	3605	0.048063383
56369	875	0.04806338
56369	2787	0.04806338
56391	2552	0.05528249
56391	4342	0.05528249
56391	6198	0.05528249
56391	719	0.05528248
56391	1349	0.05528248
56391	3556	0.05528248
56391	3605	0.05528248
56391	3756	0.055282477
56391	875	0.055282474
56391	2787	0.055282474
56554	581	0.053770587
56554	6198	0.053770587
56554	2552	0.053770583
56554	719	0.05377058
56554	1349	0.05377058
56554	4342	0.05377058
56554	3605	0.053770576
56554	3556	0.053770572
56554	3756	0.053770572
56554	875	0.05377057
56623	581	0.07054259
56623	2552	0.07054258
56623	4342	0.07054258
56623	6198	0.07054258
56623	719	0.070542574
56623	1349	0.070542574
56623	2787	0.070542574
56623	3556	0.070542574
56623	3605	0.070542574
56623	3663	0.07054257
56625	581	0.073832095
56625	4342	0.073832095
56625	6198	0.073832095
56625	2552	0.07383209
56625	719	0.07383208
56625	1349	0.07383208
56625	2787	0.07383208
56625	3556	0.07383208
56625	3605	0.07383208
56625	875	0.07383207
56654	581	0.04672181
56654	2552	0.04672181
56654	4342	0.04672181
56654	6198	0.04672181
56654	719	0.0467218
56654	875	0.0467218
56654	1349	0.0467218
56654	3556	0.0467218
56654	3756	0.0467218
56654	4218	0.0467218
56661	581	0.05493194
56661	4342	0.05493194
56661	6198	0.05493194
56661	2552	0.054931935
56661	719	0.05493193
56661	1349	0.05493193
56661	3556	0.05493193
56661	3605	0.05493193
56661	875	0.054931924
56661	880	0.054931924
56663	581	0.047235884
56663	2552	0.047235884
56663	4342	0.047235884
56663	6198	0.047235884
56663	3556	0.04723588
56663	719	0.047235876
56663	1349	0.047235876
56663	2787	0.047235876
56663	3605	0.047235876
56663	875	0.047235873
56804	4342	0.088014826
56804	1349	0.08801482
56804	2552	0.08801482
56804	6198	0.08801482
56804	719	0.08801481
56804	3556	0.08801481
56804	3605	0.08801481
56804	3756	0.08801481
56804	880	0.088014804
56804	2787	0.088014804
56856	581	0.07008701
56856	719	0.070087
56856	1349	0.070087
56856	3556	0.070087
56856	4342	0.070087
56856	6198	0.070087
56856	2787	0.07008699
56856	365	0.070086986
56856	875	0.070086986
56856	880	0.070086986
56905	581	0.06970151
56905	6198	0.06970151
56905	2552	0.0697015
56905	719	0.06970149
56905	1349	0.06970149
56905	3556	0.06970149
56905	3605	0.06970149
56905	4342	0.06970149
56905	875	0.069701485
56905	1958	0.069701485
56917	581	0.07264002
56917	6198	0.07264002
56917	2552	0.07264001
56917	4342	0.07264001
56917	719	0.07264
56917	875	0.07264
56917	1349	0.07264
56917	3556	0.07264
56917	3605	0.07264
56917	3756	0.07264
56985	581	0.05801904
56985	6198	0.05801904
56985	2552	0.058019035
56985	4342	0.058019035
56985	1349	0.05801903
56985	719	0.058019027
56985	3556	0.058019027
56985	3605	0.058019027
56985	875	0.058019023
56985	4218	0.058019023
57095	581	0.054523494
57095	4342	0.05452349
57095	6198	0.05452349
57095	2552	0.054523487
57095	719	0.054523483
57095	1349	0.054523483
57095	2787	0.054523483
57095	3556	0.054523483
57095	3605	0.054523483
57095	3756	0.05452348
57105	581	0.06160082
57105	6198	0.06160082
57105	2552	0.06160081
57105	4342	0.06160081
57105	719	0.061600808
57105	1349	0.061600808
57105	3556	0.061600808
57105	3605	0.061600804
57105	3756	0.061600804
57105	4218	0.061600804
57108	581	0.0670428
57108	2552	0.0670428
57108	6198	0.06704279
57108	719	0.06704278
57108	1349	0.06704278
57108	3556	0.06704278
57108	3605	0.06704278
57108	3756	0.06704278
57108	4342	0.06704278
57108	875	0.067042775
57124	581	0.05784002
57124	2552	0.057840012
57124	4342	0.057840012
57124	6198	0.057840012
57124	3556	0.05784001
57124	719	0.057840005
57124	1349	0.057840005
57124	3605	0.057840005
57124	3756	0.05784
57124	5147	0.05784
57200	581	0.052724678
57200	2552	0.052724674
57200	4342	0.052724674
57200	6198	0.052724674
57200	719	0.052724667
57200	1349	0.052724667
57200	2787	0.052724667
57200	3556	0.052724667
57200	3605	0.052724667
57200	875	0.052724663
57234	581	0.04324014
57234	2552	0.043240137
57234	4342	0.043240137
57234	6198	0.043240137
57234	719	0.043240134
57234	1349	0.043240134
57234	875	0.04324013
57234	3556	0.04324013
57234	3605	0.04324013
57234	3756	0.04324013
57255	581	0.048643045
57255	6198	0.04864304
57255	2552	0.048643038
57255	4342	0.048643038
57255	719	0.048643034
57255	1349	0.048643034
57255	3556	0.048643034
57255	3605	0.048643034
57255	2787	0.04864303
57255	3756	0.04864303
57267	581	0.048193015
57267	4342	0.048193015
57267	6198	0.048193015
57267	2552	0.04819301
57267	719	0.048193008
57267	1349	0.048193008
57267	3556	0.048193008
57267	875	0.048193004
57267	3756	0.048193004
57267	365	0.048193
57269	581	0.049758233
57269	4342	0.04975823
57269	6198	0.04975823
57269	2552	0.049758226
57269	719	0.049758222
57269	1349	0.049758222
57269	3556	0.049758222
57269	3605	0.049758222
57269	875	0.04975822
57269	880	0.04975822
57302	581	0.03801787
57302	2552	0.03801787
57302	4342	0.03801787
57302	6198	0.03801787
57302	365	0.03801786
57302	719	0.03801786
57302	1349	0.03801786
57302	2787	0.03801786
57302	3556	0.03801786
57302	3605	0.03801786
57369	581	0.048620448
57369	6198	0.048620448
57369	4342	0.048620444
57369	719	0.04862044
57369	2552	0.04862044
57369	3556	0.04862044
57369	3605	0.04862044
57369	875	0.048620436
57369	1349	0.048620436
57369	3756	0.048620436
57398	4342	0.072179556
57398	6198	0.072179556
57398	1349	0.07217955
57398	2552	0.07217955
57398	719	0.07217954
57398	875	0.07217954
57398	880	0.07217954
57398	2787	0.07217954
57398	3556	0.07217954
57398	3605	0.07217954
57449	581	0.053134535
57449	6198	0.05313453
57449	2552	0.053134527
57449	4342	0.053134527
57449	1349	0.053134523
57449	3556	0.053134523
57449	719	0.05313452
57449	3756	0.05313452
57449	365	0.053134516
57449	875	0.053134516
57599	581	0.06548978
57599	2552	0.06548978
57599	6198	0.06548978
57599	3556	0.06548977
57599	4342	0.06548977
57599	719	0.06548976
57599	1349	0.06548976
57599	3605	0.06548976
57599	365	0.065489754
57599	875	0.065489754
57620	581	0.050549123
57620	2552	0.05054912
57620	4342	0.05054912
57620	6198	0.05054912
57620	719	0.050549112
57620	875	0.050549112
57620	1349	0.050549112
57620	3556	0.050549112
57620	880	0.05054911
57620	3605	0.05054911
57632	581	0.050170373
57632	2552	0.05017037
57632	4342	0.05017037
57632	6198	0.05017037
57632	3556	0.050170366
57632	719	0.050170362
57632	875	0.050170362
57632	1349	0.050170362
57632	2787	0.050170362
57632	3605	0.050170362
57713	581	0.0572536
57713	6198	0.0572536
57713	4342	0.057253595
57713	1349	0.05725359
57713	2552	0.05725359
57713	719	0.057253588
57713	3556	0.057253588
57713	3605	0.057253588
57713	3756	0.057253584
57713	4218	0.057253584
57725	581	0.084134996
57725	2552	0.084134996
57725	3556	0.084134996
57725	4342	0.084134996
57725	6198	0.084134996
57725	719	0.08413499
57725	875	0.08413498
57725	1349	0.08413498
57725	2787	0.08413498
57725	3605	0.08413498
57833	581	0.04567159
57833	2552	0.04567159
57833	4342	0.04567159
57833	6198	0.04567159
57833	1349	0.045671586
57833	719	0.045671582
57833	875	0.045671582
57833	3556	0.045671582
57833	3605	0.045671582
57833	3756	0.045671582
57920	4342	0.054909505
57920	6198	0.054909505
57920	719	0.054909497
57920	1349	0.054909497
57920	2552	0.054909497
57920	3556	0.054909497
57920	3605	0.054909497
57920	875	0.054909494
57920	2787	0.054909494
57920	880	0.05490949
57935	581	0.043912906
57935	4342	0.043912906
57935	2552	0.043912902
57935	6198	0.043912902
57935	1349	0.0439129
57935	365	0.043912895
57935	719	0.043912895
57935	3556	0.043912895
57935	3605	0.043912895
57935	3756	0.043912895
57959	581	0.054751158
57959	2552	0.054751158
57959	4342	0.054751158
57959	6198	0.054751158
57959	719	0.054751154
57959	1349	0.05475115
57959	3556	0.05475115
57959	3605	0.05475115
57959	875	0.054751147
57959	2787	0.054751147
57960	581	0.061731122
57960	6198	0.06173112
57960	2552	0.061731115
57960	4342	0.061731115
57960	719	0.061731108
57960	1349	0.061731108
57960	3556	0.061731108
57960	3605	0.061731108
57960	875	0.061731104
57960	3663	0.061731104
57976	581	0.064299636
57976	6198	0.064299636
57976	719	0.06429963
57976	1349	0.06429963
57976	2552	0.06429963
57976	4342	0.06429963
57976	3556	0.06429962
57976	3605	0.06429962
57976	365	0.06429961
57976	875	0.06429961
58062	581	0.05967883
58062	4342	0.05967883
58062	6198	0.05967883
58062	2552	0.059678826
58062	719	0.05967882
58062	1349	0.05967882
58062	3556	0.05967882
58062	875	0.059678815
58062	2787	0.059678815
58062	3605	0.059678815
58142	581	0.06577076
58142	2552	0.06577076
58142	4342	0.06577076
58142	6198	0.06577076
58142	719	0.06577075
58142	1349	0.06577075
58142	3556	0.06577075
58142	365	0.065770745
58142	875	0.065770745
58142	880	0.065770745
58151	581	0.053858664
58151	2552	0.05385866
58151	4342	0.05385866
58151	6198	0.05385866
58151	1349	0.053858653
58151	3556	0.053858653
58151	719	0.05385865
58151	875	0.05385865
58151	3605	0.05385865
58151	1958	0.053858645
58224	581	0.045536995
58224	2552	0.045536995
58224	6198	0.045536995
58224	4342	0.04553699
58224	719	0.045536987
58224	1349	0.045536987
58224	2787	0.045536987
58224	3556	0.045536987
58224	3605	0.045536987
58224	3756	0.045536987
58255	581	0.050799392
58255	6198	0.050799392
58255	719	0.050799385
58255	1349	0.050799385
58255	2552	0.050799385
58255	3605	0.050799385
58255	4342	0.050799385
58255	2787	0.05079938
58255	3556	0.05079938
58255	875	0.050799377
58342	581	0.05871281
58342	2552	0.05871281
58342	6198	0.05871281
58342	4342	0.058712807
58342	719	0.058712803
58342	1349	0.058712803
58342	3556	0.0587128
58342	3605	0.0587128
58342	875	0.058712795
58342	2787	0.058712795
58351	581	0.07435186
58351	4342	0.07435186
58351	2552	0.074351855
58351	6198	0.074351855
58351	719	0.07435185
58351	1349	0.07435185
58351	3556	0.07435185
58351	3605	0.07435185
58351	875	0.07435184
58351	2651	0.07435184
58389	581	0.052422658
58389	2552	0.052422654
58389	4342	0.052422654
58389	1349	0.05242265
58389	6198	0.05242265
58389	719	0.052422646
58389	3556	0.052422646
58389	875	0.052422643
58389	2787	0.052422643
58389	3422	0.052422643
58458	581	0.05368167
58458	4342	0.05368167
58458	6198	0.05368167
58458	2552	0.053681668
58458	719	0.053681664
58458	1349	0.053681664
58458	3556	0.053681664
58458	3605	0.053681664
58458	3756	0.05368166
58458	875	0.053681657
58497	581	0.047189772
58497	6198	0.047189772
58497	4342	0.04718977
58497	719	0.047189765
58497	1349	0.047189765
58497	2552	0.047189765
58497	3556	0.04718976
58497	3756	0.04718976
58497	875	0.047189757
58497	880	0.047189757
58529	581	0.05281633
58529	6198	0.05281633
58529	4342	0.052816328
58529	719	0.052816324
58529	1349	0.052816324
58529	2552	0.052816324
58529	880	0.052816316
58529	3556	0.052816316
58529	3605	0.052816316
58529	3756	0.052816316
58594	581	0.07594452
58594	719	0.07594451
58594	1349	0.07594451
58594	2552	0.07594451
58594	4342	0.07594451
58594	6198	0.07594451
58594	3663	0.075944506
58594	875	0.0759445
58594	880	0.0759445
58594	1173	0.0759445
58612	2552	0.06027115
58612	581	0.060271148
58612	4342	0.060271148
58612	6198	0.060271148
58612	719	0.060271144
58612	1349	0.060271144
58612	3556	0.060271144
58612	3605	0.06027114
58612	875	0.060271136
58612	3756	0.060271136
58708	581	0.040518805
58708	2552	0.040518798
58708	4342	0.040518798
58708	6198	0.040518798
58708	719	0.040518794
58708	1349	0.040518794
58708	3556	0.040518794
58708	875	0.04051879
58708	2787	0.04051879
58708	3605	0.04051879
58768	581	0.0485469
58768	4342	0.048546895
58768	6198	0.048546895
58768	1349	0.04854689
58768	2552	0.04854689
58768	719	0.048546888
58768	3556	0.048546888
58768	3605	0.048546888
58768	365	0.04854688
58768	875	0.04854688
58792	581	0.06635393
58792	4342	0.06635393
58792	6198	0.06635393
58792	2552	0.066353925
58792	719	0.06635392
58792	875	0.06635392
58792	1349	0.06635392
58792	2787	0.06635392
58792	3556	0.06635392
58792	3605	0.06635392
58877	581	0.062409565
58877	2552	0.062409565
58877	6198	0.062409565
58877	1349	0.062409557
58877	3556	0.062409557
58877	4342	0.062409557
58877	719	0.062409554
58877	875	0.06240955
58877	2787	0.06240955
58877	3605	0.06240955
58911	581	0.057039782
58911	6198	0.05703978
58911	2552	0.057039775
58911	4342	0.057039775
58911	1349	0.05703977
58911	719	0.057039768
58911	3556	0.057039768
58911	3605	0.057039768
58911	875	0.057039764
58911	2787	0.057039764
58961	581	0.0572889
58961	6198	0.057288896
58961	2552	0.057288893
58961	4342	0.057288893
58961	1349	0.05728889
58961	3556	0.05728889
58961	719	0.057288885
58961	875	0.057288885
58961	3605	0.057288885
58961	3756	0.057288885
58964	581	0.064567745
58964	2552	0.064567745
58964	4342	0.064567745
58964	6198	0.064567745
58964	1349	0.06456774
58964	3556	0.06456774
58964	365	0.06456773
58964	719	0.06456773
58964	875	0.06456773
58964	1958	0.06456773
59038	581	0.04508757
59038	2552	0.045087565
59038	4342	0.045087565
59038	6198	0.045087565
59038	719	0.04508756
59038	1349	0.045087557
59038	3556	0.045087557
59038	3605	0.045087557
59038	365	0.045087554
59038	875	0.045087554
59059	6198	0.068052776
59059	581	0.06805277
59059	719	0.06805277
59059	1349	0.06805277
59059	2552	0.06805277
59059	3556	0.06805277
59059	4342	0.06805277
59059	875	0.06805276
59059	2787	0.06805276
59059	365	0.068052754
59150	581	0.07714736
59150	2552	0.07714736
59150	6198	0.07714736
59150	4342	0.07714735
59150	719	0.07714734
59150	1349	0.07714734
59150	3556	0.07714734
59150	875	0.077147335
59150	880	0.077147335
59150	1958	0.077147335
59172	6198	0.056507066
59172	581	0.056507062
59172	1349	0.05650706
59172	2552	0.05650706
59172	4342	0.05650706
59172	719	0.056507055
59172	3556	0.05650705
59172	3605	0.05650705
59172	875	0.056507047
59172	2787	0.056507047
59180	581	0.06711436
59180	2552	0.06711436
59180	6198	0.06711436
59180	719	0.06711435
59180	1349	0.06711435
59180	3605	0.06711435
59180	4342	0.06711435
59180	875	0.067114346
59180	3556	0.067114346
59180	365	0.06711434
59189	581	0.06066494
59189	2552	0.060664937
59189	4342	0.060664937
59189	6198	0.060664937
59189	719	0.06066493
59189	1349	0.06066493
59189	3556	0.06066493
59189	3605	0.06066493
59189	875	0.060664926
59189	880	0.060664922
59206	581	0.050929837
59206	6198	0.050929837
59206	2552	0.050929833
59206	4342	0.050929833
59206	719	0.05092983
59206	3556	0.05092983
59206	875	0.050929826
59206	1349	0.050929826
59206	3756	0.050929826
59206	5214	0.050929826
59209	581	0.05207321
59209	2552	0.052073203
59209	6198	0.052073203
59209	4342	0.0520732
59209	1349	0.052073196
59209	3556	0.052073196
59209	719	0.05207319
59209	3605	0.05207319
59209	3756	0.05207319
59209	365	0.052073188
59267	581	0.058630735
59267	4342	0.05863073
59267	2552	0.058630727
59267	6198	0.058630727
59267	719	0.05863072
59267	1349	0.05863072
59267	3556	0.05863072
59267	3605	0.05863072
59267	2787	0.058630716
59267	3756	0.058630716
59269	581	0.067700446
59269	2552	0.067700446
59269	6198	0.06770044
59269	719	0.06770043
59269	1349	0.06770043
59269	3605	0.06770043
59269	4342	0.06770043
59269	875	0.06770042
59269	1958	0.06770042
59269	3556	0.06770042
59305	581	0.07344781
59305	6198	0.0734478
59305	1349	0.07344779
59305	2552	0.07344779
59305	3556	0.07344779
59305	4342	0.07344779
59305	719	0.073447786
59305	875	0.073447786
59305	2787	0.073447786
59305	3605	0.073447786
59390	581	0.051743273
59390	4342	0.05174327
59390	6198	0.05174327
59390	1349	0.051743265
59390	2552	0.051743265
59390	719	0.05174326
59390	3556	0.05174326
59390	3605	0.05174326
59390	875	0.051743258
59390	365	0.051743254
59499	581	0.05585823
59499	2552	0.055858225
59499	4342	0.055858225
59499	6198	0.055858225
59499	719	0.05585822
59499	1349	0.05585822
59499	3556	0.055858217
59499	3605	0.055858217
59499	3756	0.055858217
59499	875	0.055858213
59504	581	0.045014534
59504	6198	0.04501453
59504	2552	0.045014527
59504	4342	0.045014527
59504	719	0.045014523
59504	1349	0.045014523
59504	3556	0.045014523
59504	3605	0.045014523
59504	3756	0.045014523
59504	4218	0.045014523
59554	581	0.031090766
59554	2552	0.031090762
59554	4342	0.031090762
59554	6198	0.031090762
59554	719	0.031090759
59554	875	0.031090759
59554	1349	0.031090759
59554	3556	0.031090759
59554	3756	0.031090759
59554	5214	0.031090759
59612	581	0.06104006
59612	2552	0.06104006
59612	4342	0.06104005
59612	6198	0.06104005
59612	719	0.061040048
59612	3556	0.061040048
59612	875	0.061040044
59612	1349	0.061040044
59612	3756	0.061040044
59612	5214	0.061040044
59656	581	0.04956978
59656	4342	0.04956978
59656	6198	0.04956978
59656	2552	0.049569774
59656	719	0.04956977
59656	1349	0.04956977
59656	3556	0.04956977
59656	3756	0.04956977
59656	875	0.049569767
59656	3605	0.049569767
59727	581	0.061037052
59727	2552	0.06103705
59727	4342	0.06103705
59727	6198	0.06103705
59727	3556	0.061037045
59727	719	0.06103704
59727	875	0.06103704
59727	1349	0.06103704
59727	2787	0.06103704
59727	3605	0.061037038
59770	581	0.060576946
59770	2552	0.06057694
59770	4342	0.06057694
59770	6198	0.06057694
59770	1349	0.060576934
59770	3556	0.060576934
59770	719	0.06057693
59770	875	0.06057693
59770	880	0.06057693
59770	3605	0.06057693
59820	581	0.06293345
59820	719	0.062933445
59820	1349	0.062933445
59820	2552	0.062933445
59820	4342	0.062933445
59820	6198	0.062933445
59820	3556	0.06293344
59820	3605	0.06293344
59820	365	0.06293343
59820	875	0.06293343
59895	581	0.05654367
59895	6198	0.05654367
59895	2552	0.056543667
59895	1349	0.056543663
59895	4342	0.056543663
59895	719	0.056543656
59895	875	0.056543656
59895	2787	0.056543656
59895	3556	0.056543656
59895	3605	0.056543656
59912	581	0.063350745
59912	2552	0.063350745
59912	4342	0.063350745
59912	6198	0.063350745
59912	719	0.06335074
59912	875	0.06335074
59912	1349	0.06335074
59912	3556	0.06335074
59912	880	0.06335073
59912	2787	0.06335073
59933	2552	0.05849715
59933	4342	0.05849715
59933	581	0.058497146
59933	6198	0.058497146
59933	719	0.058497142
59933	875	0.05849714
59933	1349	0.05849714
59933	3556	0.05849714
59933	3756	0.05849714
59933	2787	0.058497135
59971	581	0.059050206
59971	6198	0.059050206
59971	2552	0.059050202
59971	4342	0.059050202
59971	719	0.059050195
59971	1349	0.059050195
59971	3556	0.059050195
59971	3605	0.059050195
59971	875	0.05905019
59971	3756	0.05905019
60029	581	0.059948124
60029	6198	0.059948124
60029	2552	0.05994812
60029	4342	0.059948117
60029	1349	0.059948113
60029	3556	0.059948113
60029	719	0.05994811
60029	875	0.05994811
60029	2787	0.05994811
60029	3605	0.05994811
60040	581	0.04649055
60040	6198	0.04649055
60040	2552	0.046490546
60040	4342	0.046490546
60040	719	0.046490543
60040	1349	0.046490543
60040	3556	0.046490543
60040	3756	0.046490543
60040	2787	0.04649054
60040	365	0.046490535
60050	581	0.06540966
60050	2552	0.06540966
60050	4342	0.06540966
60050	6198	0.06540966
60050	719	0.06540965
60050	875	0.065409645
60050	880	0.065409645
60050	1349	0.065409645
60050	2787	0.065409645
60050	3556	0.065409645
60079	581	0.045924105
60079	6198	0.0459241
60079	2552	0.045924097
60079	4342	0.045924097
60079	719	0.045924094
60079	1349	0.04592409
60079	2787	0.04592409
60079	3556	0.04592409
60079	3605	0.04592409
60079	3756	0.04592409
60130	581	0.05913119
60130	2552	0.05913119
60130	6198	0.05913119
60130	719	0.059131183
60130	1349	0.059131183
60130	3556	0.059131183
60130	4342	0.059131183
60130	875	0.059131175
60130	880	0.059131175
60130	2787	0.059131175
60140	581	0.05875669
60140	6198	0.058756687
60140	1349	0.05875668
60140	2552	0.05875668
60140	3556	0.05875668
60140	3605	0.05875668
60140	4342	0.05875668
60140	719	0.058756676
60140	875	0.05875667
60140	2787	0.05875667
60157	2552	0.04100631
60157	6198	0.04100631
60157	581	0.041006308
60157	4342	0.041006308
60157	719	0.041006304
60157	1349	0.041006304
60157	3556	0.041006304
60157	3605	0.041006304
60157	3756	0.0410063
60157	6657	0.0410063
60168	581	0.06505324
60168	2552	0.06505323
60168	4342	0.06505323
60168	6198	0.06505323
60168	719	0.065053225
60168	875	0.065053225
60168	1349	0.065053225
60168	2787	0.065053225
60168	3556	0.065053225
60168	3605	0.065053225
60211	581	0.045538813
60211	2552	0.045538805
60211	4342	0.045538805
60211	6198	0.045538805
60211	1349	0.0455388
60211	719	0.045538798
60211	875	0.045538798
60211	3556	0.045538798
60211	3605	0.045538798
60211	3756	0.045538798
60253	581	0.046106968
60253	2552	0.046106964
60253	4342	0.046106964
60253	6198	0.046106964
60253	1349	0.04610696
60253	3556	0.04610696
60253	3605	0.04610696
60253	719	0.046106957
60253	875	0.046106957
60253	2787	0.046106957
60263	581	0.071126685
60263	2552	0.071126685
60263	4342	0.07112668
60263	6198	0.07112668
60263	719	0.07112667
60263	1349	0.07112667
60263	3556	0.07112667
60263	3605	0.07112667
60263	875	0.07112666
60263	2651	0.07112666
60278	581	0.057931136
60278	6198	0.057931133
60278	2552	0.05793113
60278	4342	0.05793113
60278	1349	0.057931125
60278	3556	0.057931125
60278	719	0.05793112
60278	875	0.05793112
60278	3605	0.05793112
60278	2787	0.057931118
60307	581	0.07046378
60307	6198	0.07046377
60307	2552	0.07046376
60307	3605	0.07046376
60307	4342	0.07046376
60307	719	0.070463754
60307	1349	0.070463754
60307	3556	0.070463754
60307	5147	0.070463754
60307	365	0.07046375
60319	581	0.056015145
60319	2552	0.05601514
60319	4342	0.05601514
60319	6198	0.05601514
60319	719	0.056015134
60319	1349	0.056015134
60319	3556	0.056015134
60319	3605	0.056015134
60319	2787	0.05601513
60319	365	0.056015126
60336	581	0.050205175
60336	4342	0.05020517
60336	6198	0.05020517
60336	2552	0.050205167
60336	3556	0.050205167
60336	1349	0.050205164
60336	3605	0.050205164
60336	719	0.05020516
60336	3756	0.05020516
60336	365	0.050205156
60337	581	0.08446431
60337	2552	0.08446431
60337	719	0.0844643
60337	1349	0.0844643
60337	3556	0.0844643
60337	4342	0.0844643
60337	6198	0.0844643
60337	875	0.08446429
60337	3605	0.08446429
60337	365	0.08446428
60392	581	0.05781786
60392	2552	0.05781786
60392	4342	0.05781786
60392	6198	0.057817858
60392	719	0.057817854
60392	875	0.05781785
60392	1349	0.05781785
60392	3556	0.05781785
60392	2651	0.057817847
60392	2787	0.057817847
60412	581	0.04832177
60412	6198	0.04832177
60412	4342	0.048321765
60412	719	0.04832176
60412	1349	0.04832176
60412	2552	0.04832176
60412	3556	0.048321757
60412	3605	0.048321757
60412	875	0.048321754
60412	1958	0.048321754
60427	581	0.06200244
60427	4342	0.062002435
60427	6198	0.062002435
60427	2552	0.06200243
60427	719	0.062002428
60427	1349	0.062002424
60427	3556	0.062002424
60427	875	0.06200242
60427	880	0.06200242
60427	2787	0.06200242
60445	581	0.050834473
60445	6198	0.050834473
60445	2552	0.05083447
60445	4342	0.05083447
60445	719	0.050834462
60445	1349	0.050834462
60445	3556	0.050834462
60445	3605	0.050834462
60445	3756	0.050834462
60445	875	0.05083446
60475	581	0.06506544
60475	2552	0.06506544
60475	4342	0.06506544
60475	6198	0.06506544
60475	719	0.06506543
60475	875	0.06506543
60475	880	0.06506543
60475	1349	0.06506543
60475	3556	0.06506543
60475	3605	0.06506543
60546	581	0.058272146
60546	4342	0.058272146
60546	6198	0.058272146
60546	2552	0.058272142
60546	719	0.05827214
60546	1349	0.05827214
60546	3556	0.05827214
60546	3605	0.05827214
60546	875	0.05827213
60546	1958	0.05827213
60569	581	0.054050967
60569	6198	0.054050963
60569	719	0.05405096
60569	1349	0.05405096
60569	2552	0.05405096
60569	4342	0.05405096
60569	3605	0.054050956
60569	875	0.054050952
60569	2787	0.054050952
60569	3556	0.054050952
60583	581	0.05615016
60583	2552	0.056150153
60583	4342	0.056150153
60583	6198	0.056150153
60583	1349	0.05615015
60583	719	0.056150146
60583	2787	0.056150146
60583	3556	0.056150146
60583	3605	0.056150146
60583	4366	0.056150142
60621	581	0.04910238
60621	6198	0.04910238
60621	719	0.049102373
60621	1349	0.049102373
60621	2552	0.049102373
60621	4342	0.049102373
60621	875	0.049102366
60621	2787	0.049102366
60621	3556	0.049102366
60621	3605	0.049102366
60703	581	0.059388172
60703	2552	0.05938817
60703	4342	0.05938817
60703	6198	0.05938817
60703	719	0.05938816
60703	3556	0.05938816
60703	1349	0.059388157
60703	875	0.059388153
60703	880	0.059388153
60703	2651	0.059388153
60797	581	0.058338843
60797	2552	0.05833884
60797	4342	0.05833884
60797	6198	0.05833884
60797	719	0.058338836
60797	1349	0.058338832
60797	875	0.05833883
60797	2651	0.05833883
60797	3556	0.05833883
60797	3605	0.05833883
60858	581	0.06338246
60858	2552	0.06338246
60858	4342	0.06338246
60858	6198	0.06338246
60858	719	0.063382454
60858	1349	0.063382454
60858	3605	0.063382454
60858	365	0.06338245
60858	875	0.06338245
60858	880	0.06338245
60905	581	0.059573628
60905	4342	0.059573628
60905	6198	0.059573628
60905	1349	0.059573624
60905	2552	0.059573624
60905	719	0.05957362
60905	3556	0.05957362
60905	3605	0.059573617
60905	875	0.059573613
60905	880	0.059573613
60977	581	0.040863756
60977	6198	0.040863752
60977	4342	0.04086375
60977	719	0.040863745
60977	1349	0.040863745
60977	2552	0.040863745
60977	3556	0.040863745
60977	3605	0.040863745
60977	875	0.04086374
60977	880	0.04086374
61028	581	0.06494916
61028	2552	0.06494916
61028	6198	0.06494916
61028	719	0.064949155
61028	875	0.064949155
61028	1349	0.064949155
61028	2787	0.064949155
61028	3556	0.064949155
61028	3605	0.064949155
61028	4342	0.064949155
61038	581	0.06712107
61038	4342	0.067121066
61038	6198	0.067121066
61038	719	0.06712106
61038	1349	0.06712106
61038	2552	0.06712106
61038	3556	0.06712106
61038	3605	0.06712106
61038	3756	0.06712106
61038	365	0.06712105
61042	581	0.052924033
61042	2552	0.05292403
61042	4342	0.05292403
61042	6198	0.05292403
61042	719	0.052924022
61042	1349	0.052924022
61042	3556	0.052924022
61042	3605	0.052924022
61042	875	0.05292402
61042	2651	0.05292402
61146	581	0.065143526
61146	4342	0.065143526
61146	6198	0.065143526
61146	2552	0.06514352
61146	719	0.06514351
61146	875	0.06514351
61146	1349	0.06514351
61146	2787	0.06514351
61146	3556	0.06514351
61146	3756	0.06514351
61147	581	0.05581303
61147	4342	0.055813026
61147	6198	0.055813026
61147	2552	0.055813022
61147	719	0.055813015
61147	1349	0.055813015
61147	3556	0.055813015
61147	3605	0.055813015
61147	3756	0.055813015
61147	875	0.05581301
61211	581	0.053193938
61211	2552	0.053193934
61211	4342	0.053193934
61211	6198	0.053193934
61211	1349	0.05319393
61211	3556	0.05319393
61211	719	0.053193927
61211	875	0.053193927
61211	2787	0.053193927
61211	3605	0.053193927
61257	581	0.05891741
61257	6198	0.05891741
61257	2552	0.058917403
61257	4342	0.058917403
61257	719	0.0589174
61257	1349	0.0589174
61257	3556	0.0589174
61257	3605	0.0589174
61257	875	0.058917396
61257	2787	0.058917396
61283	581	0.05183836
61283	6198	0.051838357
61283	2552	0.051838353
61283	4342	0.051838353
61283	1349	0.05183835
61283	3556	0.05183835
61283	719	0.051838346
61283	875	0.051838346
61283	2651	0.051838346
61283	3605	0.051838346
61348	581	0.057953224
61348	4342	0.057953224
61348	6198	0.057953224
61348	719	0.057953216
61348	1349	0.057953216
61348	2552	0.057953216
61348	3556	0.057953212
61348	875	0.05795321
61348	2787	0.05795321
61348	3605	0.05795321
61354	6198	0.056996725
61354	2552	0.05699672
61354	581	0.056996718
61354	4342	0.056996718
61354	719	0.056996714
61354	1349	0.056996714
61354	3556	0.056996714
61354	875	0.05699671
61354	2787	0.05699671
61354	3605	0.05699671
61427	581	0.07330845
61427	2552	0.07330845
61427	4342	0.07330845
61427	6198	0.07330845
61427	719	0.073308446
61427	1349	0.073308446
61427	3556	0.073308446
61427	365	0.07330844
61427	875	0.07330844
61427	880	0.07330844
61619	581	0.05097201
61619	4342	0.050972007
61619	6198	0.050972007
61619	2552	0.050972003
61619	719	0.050972
61619	1349	0.050972
61619	3556	0.050972
61619	875	0.050971996
61619	3605	0.050971996
61619	3756	0.050971996
61668	581	0.045089997
61668	2552	0.045089994
61668	4342	0.045089994
61668	6198	0.045089994
61668	3556	0.04508999
61668	719	0.045089986
61668	875	0.045089986
61668	1349	0.045089986
61668	2787	0.045089982
61668	3605	0.045089982
61704	6198	0.056766655
61704	581	0.05676665
61704	2552	0.05676665
61704	4342	0.05676665
61704	3556	0.056766648
61704	719	0.056766644
61704	1349	0.056766644
61704	3605	0.056766644
61704	2787	0.05676664
61704	875	0.056766637
61759	581	0.052358154
61759	6198	0.052358154
61759	2552	0.05235815
61759	3556	0.05235815
61759	4342	0.05235815
61759	1349	0.052358147
61759	719	0.052358143
61759	875	0.052358143
61759	2787	0.052358143
61759	3605	0.052358143
61798	581	0.07674352
61798	719	0.07674351
61798	2552	0.07674351
61798	4342	0.07674351
61798	6198	0.07674351
61798	1349	0.076743506
61798	3556	0.076743506
61798	875	0.0767435
61798	2651	0.0767435
61798	2787	0.0767435
61835	581	0.056825608
61835	2552	0.0568256
61835	6198	0.0568256
61835	3605	0.056825597
61835	4342	0.056825597
61835	719	0.056825593
61835	1349	0.056825593
61835	3556	0.056825593
61835	2787	0.05682559
61835	3756	0.05682559
61845	6198	0.06347142
61845	581	0.063471414
61845	2552	0.063471414
61845	4342	0.063471414
61845	719	0.06347141
61845	875	0.06347141
61845	1349	0.06347141
61845	880	0.0634714
61845	1173	0.0634714
61845	2787	0.0634714
61854	6198	0.056837928
61854	581	0.056837924
61854	2552	0.056837924
61854	4342	0.056837924
61854	719	0.05683792
61854	1349	0.05683792
61854	875	0.056837916
61854	2787	0.056837916
61854	3556	0.056837916
61854	3605	0.056837916
61888	581	0.05655905
61888	4342	0.05655905
61888	6198	0.05655905
61888	719	0.05655904
61888	1349	0.05655904
61888	2552	0.05655904
61888	3556	0.05655904
61888	3605	0.056559037
61888	365	0.056559034
61888	875	0.056559034
61901	581	0.09449271
61901	6198	0.09449271
61901	719	0.0944927
61901	2552	0.0944927
61901	4342	0.0944927
61901	1349	0.094492696
61901	3556	0.094492696
61901	875	0.09449269
61901	2651	0.09449269
61901	2787	0.09449269
61910	581	0.066995025
61910	719	0.066995025
61910	2552	0.066995025
61910	4342	0.066995025
61910	6198	0.066995025
61910	3556	0.06699502
61910	365	0.06699501
61910	875	0.06699501
61910	880	0.06699501
61910	1349	0.06699501
62150	2552	0.07268463
62150	581	0.07268462
62150	4342	0.07268462
62150	6198	0.07268462
62150	719	0.072684616
62150	1349	0.072684616
62150	3556	0.072684616
62150	3605	0.07268461
62150	3756	0.07268461
62150	365	0.0726846
62172	581	0.05322965
62172	2552	0.05322965
62172	6198	0.05322965
62172	4342	0.053229645
62172	719	0.05322964
62172	3556	0.05322964
62172	875	0.053229637
62172	1349	0.053229637
62172	3605	0.053229637
62172	3756	0.053229637
62239	581	0.05441246
62239	2552	0.05441246
62239	4342	0.05441246
62239	6198	0.05441246
62239	719	0.054412454
62239	3556	0.054412454
62239	875	0.05441245
62239	1349	0.05441245
62239	3605	0.05441245
62239	2651	0.054412447
62272	2552	0.06690168
62272	6198	0.06690168
62272	581	0.06690167
62272	719	0.06690167
62272	1349	0.06690167
62272	3556	0.06690167
62272	3605	0.06690167
62272	4342	0.06690167
62272	2651	0.06690166
62272	2787	0.06690166
62303	581	0.056213718
62303	6198	0.056213718
62303	2552	0.056213714
62303	4342	0.056213714
62303	719	0.05621371
62303	1349	0.05621371
62303	3556	0.05621371
62303	875	0.056213707
62303	3605	0.056213707
62303	3756	0.056213707
62316	581	0.051513877
62316	2552	0.051513873
62316	4342	0.051513873
62316	6198	0.051513873
62316	719	0.051513866
62316	1349	0.051513866
62316	3556	0.051513866
62316	875	0.051513862
62316	2787	0.051513862
62316	3605	0.051513862
62464	4342	0.055948514
62464	6198	0.055948514
62464	2552	0.05594851
62464	719	0.055948507
62464	3556	0.055948507
62464	875	0.055948503
62464	1349	0.055948503
62464	3605	0.055948503
62464	3756	0.055948503
62464	5214	0.055948503
62471	581	0.035752304
62471	1349	0.035752304
62471	2552	0.035752304
62471	4342	0.035752304
62471	6198	0.035752304
62471	3556	0.0357523
62471	365	0.035752296
62471	719	0.035752296
62471	875	0.035752296
62471	2787	0.035752296
62542	581	0.07657105
62542	4342	0.07657105
62542	2552	0.07657104
62542	6198	0.07657104
62542	719	0.07657103
62542	1349	0.07657103
62542	3556	0.07657103
62542	3605	0.07657103
62542	2651	0.076571025
62542	2787	0.076571025
62558	581	0.076427236
62558	2552	0.07642722
62558	4342	0.07642722
62558	6198	0.07642722
62558	1349	0.076427214
62558	3556	0.076427214
62558	3605	0.076427214
62558	365	0.07642721
62558	719	0.07642721
62558	875	0.07642721
62582	581	0.05355702
62582	2552	0.053557016
62582	4342	0.053557016
62582	6198	0.053557016
62582	1349	0.053557012
62582	719	0.05355701
62582	3556	0.05355701
62582	3605	0.05355701
62582	875	0.053557005
62582	2787	0.053557005
62688	581	0.06882879
62688	4342	0.06882879
62688	6198	0.06882879
62688	2552	0.068828784
62688	719	0.06882878
62688	875	0.06882878
62688	1349	0.06882878
62688	3556	0.06882878
62688	3605	0.06882878
62688	2651	0.06882877
62716	581	0.05374931
62716	6198	0.053749308
62716	2552	0.053749304
62716	4342	0.053749304
62716	719	0.0537493
62716	1349	0.0537493
62716	3556	0.0537493
62716	3605	0.0537493
62716	2787	0.053749297
62716	3756	0.053749297
62755	581	0.05950337
62755	2552	0.05950336
62755	4342	0.05950336
62755	6198	0.05950336
62755	719	0.059503354
62755	875	0.059503354
62755	1349	0.059503354
62755	3556	0.059503354
62755	3756	0.059503354
62755	3605	0.05950335
62862	6198	0.06358442
62862	2552	0.06358441
62862	4342	0.06358441
62862	719	0.0635844
62862	1349	0.0635844
62862	3556	0.0635844
62862	3605	0.0635844
62862	4218	0.0635844
62862	5147	0.0635844
62862	875	0.063584395
62881	581	0.077568874
62881	2552	0.077568874
62881	4342	0.077568874
62881	6198	0.077568874
62881	719	0.07756887
62881	875	0.07756886
62881	1349	0.07756886
62881	2787	0.07756886
62881	3556	0.07756886
62881	3605	0.07756886
62891	581	0.083798096
62891	1349	0.08379808
62891	2552	0.08379808
62891	4342	0.08379808
62891	6198	0.08379808
62891	719	0.08379807
62891	3556	0.08379807
62891	3605	0.08379807
62891	875	0.083798066
62891	880	0.083798066
62895	581	0.054174602
62895	2552	0.054174602
62895	6198	0.054174602
62895	4342	0.0541746
62895	719	0.054174595
62895	1349	0.054174595
62895	3556	0.054174595
62895	3605	0.05417459
62895	3756	0.05417459
62895	365	0.054174587
62958	581	0.049297426
62958	2552	0.049297422
62958	4342	0.049297422
62958	6198	0.049297422
62958	719	0.049297415
62958	1349	0.049297415
62958	3556	0.049297415
62958	2787	0.04929741
62958	365	0.049297407
62958	875	0.049297407
62966	6198	0.07285433
62966	581	0.072854325
62966	719	0.072854325
62966	1349	0.072854325
62966	2552	0.072854325
62966	4342	0.072854325
62966	3605	0.07285432
62966	875	0.07285431
62966	880	0.07285431
62966	1958	0.07285431
62968	581	0.066818595
62968	2552	0.066818595
62968	4342	0.066818595
62968	6198	0.066818595
62968	719	0.06681858
62968	875	0.06681858
62968	1349	0.06681858
62968	2651	0.06681858
62968	2787	0.06681858
62968	3422	0.06681858
63004	581	0.04805109
63004	2552	0.04805108
63004	4342	0.04805108
63004	6198	0.04805108
63004	719	0.048051074
63004	1349	0.048051074
63004	3556	0.048051074
63004	3605	0.048051074
63004	875	0.04805107
63004	2787	0.04805107
63360	581	0.05029715
63360	6198	0.050297145
63360	2552	0.05029714
63360	3556	0.05029714
63360	4342	0.05029714
63360	1349	0.050297137
63360	719	0.050297134
63360	875	0.050297134
63360	2787	0.050297134
63360	3605	0.050297134
63389	581	0.061193924
63389	2552	0.06119392
63389	4342	0.06119392
63389	6198	0.06119392
63389	719	0.061193913
63389	1349	0.061193913
63389	3556	0.061193913
63389	875	0.061193906
63389	880	0.061193906
63389	2651	0.061193906
63394	581	0.0933552
63394	2552	0.093355194
63394	4342	0.093355194
63394	6198	0.093355194
63394	719	0.09335518
63394	1349	0.09335518
63394	3556	0.09335518
63394	3605	0.09335518
63394	875	0.09335517
63394	2651	0.09335517
63452	581	0.059795767
63452	2552	0.059795763
63452	4342	0.05979576
63452	6198	0.05979576
63452	1349	0.059795756
63452	719	0.059795752
63452	3556	0.059795752
63452	3605	0.059795752
63452	875	0.05979575
63452	3756	0.05979575
63506	6198	0.06044457
63506	581	0.060444567
63506	2552	0.060444564
63506	4342	0.060444564
63506	719	0.06044456
63506	3556	0.06044456
63506	1349	0.060444556
63506	3605	0.060444556
63506	875	0.060444552
63506	2787	0.060444552
63507	581	0.059496224
63507	4342	0.059496224
63507	6198	0.059496224
63507	2552	0.05949622
63507	719	0.059496216
63507	1349	0.059496216
63507	3556	0.059496213
63507	875	0.05949621
63507	2787	0.05949621
63507	3605	0.05949621
63595	581	0.06835043
63595	1349	0.06835042
63595	2552	0.06835042
63595	3556	0.06835042
63595	4342	0.06835042
63595	6198	0.06835042
63595	719	0.06835041
63595	2787	0.06835041
63595	3605	0.06835041
63595	365	0.068350405
63625	581	0.0685015
63625	2552	0.0685015
63625	4342	0.0685015
63625	6198	0.0685015
63625	1349	0.068501495
63625	3556	0.068501495
63625	3605	0.068501495
63625	719	0.06850149
63625	875	0.06850149
63625	880	0.06850149
63854	581	0.07522534
63854	2552	0.07522534
63854	4342	0.07522534
63854	6198	0.07522534
63854	719	0.07522533
63854	875	0.07522532
63854	1349	0.07522532
63854	1958	0.07522532
63854	2651	0.07522532
63854	3556	0.07522532
63865	581	0.053662296
63865	6198	0.053662296
63865	2552	0.053662293
63865	4342	0.053662293
63865	719	0.05366229
63865	3556	0.05366229
63865	1349	0.053662285
63865	3605	0.053662285
63865	875	0.05366228
63865	2787	0.05366228
63923	6198	0.070695125
63923	581	0.07069512
63923	719	0.07069512
63923	2552	0.07069512
63923	3556	0.07069512
63923	4342	0.07069512
63923	1349	0.07069511
63923	875	0.0706951
63923	880	0.0706951
63923	1211	0.0706951
63938	581	0.044246808
63938	6198	0.044246808
63938	719	0.0442468
63938	1349	0.0442468
63938	2552	0.0442468
63938	3556	0.0442468
63938	3605	0.0442468
63938	4342	0.0442468
63938	3756	0.044246797
63938	5147	0.044246797
63956	581	0.084618784
63956	2552	0.08461878
63956	4342	0.08461878
63956	6198	0.08461878
63956	719	0.08461876
63956	880	0.08461876
63956	1349	0.08461876
63956	3556	0.08461876
63956	3605	0.08461876
63956	3756	0.08461876
64075	581	0.08207606
64075	2552	0.08207606
64075	4342	0.08207606
64075	6198	0.08207606
64075	1349	0.08207605
64075	719	0.08207604
64075	2787	0.08207604
64075	3556	0.08207604
64075	3605	0.08207604
64075	875	0.082076035
64220	581	0.053383246
64220	2552	0.053383246
64220	4342	0.053383246
64220	6198	0.053383246
64220	719	0.05338324
64220	1349	0.05338324
64220	3556	0.05338324
64220	3605	0.053383235
64220	875	0.05338323
64220	2651	0.05338323
64241	581	0.06580969
64241	4342	0.06580969
64241	6198	0.06580969
64241	719	0.06580968
64241	1349	0.06580968
64241	2552	0.06580968
64241	3556	0.06580968
64241	3605	0.06580968
64241	3422	0.065809675
64241	3663	0.065809675
64270	581	0.05622875
64270	2552	0.05622875
64270	4342	0.05622875
64270	6198	0.056228746
64270	1349	0.056228742
64270	3556	0.056228742
64270	719	0.05622874
64270	3605	0.05622874
64270	875	0.056228735
64270	2787	0.056228735
64271	581	0.07740729
64271	2552	0.07740729
64271	6198	0.07740729
64271	719	0.077407286
64271	1349	0.077407286
64271	3556	0.077407286
64271	3605	0.077407286
64271	4342	0.077407286
64271	2787	0.07740728
64271	875	0.07740727
64310	581	0.06521824
64310	4342	0.06521824
64310	6198	0.06521824
64310	719	0.06521823
64310	2552	0.06521823
64310	1349	0.065218225
64310	2651	0.065218225
64310	2787	0.065218225
64310	3556	0.065218225
64310	3605	0.065218225
64316	581	0.05774976
64316	2552	0.057749756
64316	4342	0.057749756
64316	6198	0.057749756
64316	719	0.057749752
64316	1349	0.05774975
64316	3556	0.05774975
64316	3605	0.05774975
64316	875	0.057749745
64316	3756	0.057749745
64396	581	0.043160815
64396	6198	0.043160815
64396	2552	0.04316081
64396	4342	0.04316081
64396	1349	0.043160807
64396	3556	0.043160807
64396	719	0.043160804
64396	875	0.043160804
64396	2787	0.043160804
64396	3605	0.043160804
64435	581	0.056624737
64435	2552	0.056624733
64435	4342	0.056624733
64435	6198	0.056624733
64435	719	0.056624725
64435	1349	0.056624725
64435	3556	0.056624725
64435	3605	0.056624725
64435	875	0.05662472
64435	3756	0.05662472
64436	581	0.07301946
64436	2552	0.07301945
64436	4342	0.07301945
64436	6198	0.07301945
64436	719	0.073019445
64436	1349	0.073019445
64436	3556	0.073019445
64436	3605	0.07301944
64436	5147	0.07301944
64436	365	0.07301943
64449	581	0.049024336
64449	4342	0.049024336
64449	6198	0.049024336
64449	2552	0.049024332
64449	719	0.04902433
64449	1349	0.04902433
64449	3556	0.04902433
64449	3605	0.049024325
64449	365	0.04902432
64449	875	0.04902432
64535	6198	0.07275702
64535	2552	0.07275701
64535	4342	0.07275701
64535	581	0.072757006
64535	719	0.072757006
64535	875	0.072757006
64535	1349	0.072757006
64535	3556	0.072757006
64535	3605	0.072757006
64535	2787	0.072757
64679	581	0.05764906
64679	4342	0.057649054
64679	6198	0.057649054
64679	2552	0.05764905
64679	719	0.057649046
64679	1349	0.057649046
64679	3556	0.057649046
64679	2787	0.057649042
64679	3605	0.057649042
64679	875	0.05764904
64846	6198	0.045247573
64846	2552	0.04524757
64846	4342	0.04524757
64846	3556	0.045247566
64846	719	0.045247562
64846	875	0.045247562
64846	1349	0.045247562
64846	2787	0.045247562
64846	3605	0.045247562
64846	3756	0.045247562
64946	581	0.06653313
64946	6198	0.06653313
64946	719	0.06653312
64946	1349	0.06653312
64946	2552	0.06653312
64946	3556	0.06653312
64946	3605	0.06653312
64946	4342	0.06653312
64946	875	0.06653311
64946	2787	0.06653311
65032	581	0.056808792
65032	6198	0.05680879
65032	2552	0.056808785
65032	4342	0.056808785
65032	719	0.05680878
65032	1349	0.05680878
65032	3556	0.05680878
65032	2787	0.056808777
65032	3605	0.056808777
65032	875	0.056808773
65068	581	0.03806144
65068	1349	0.038061433
65068	2552	0.038061433
65068	3556	0.038061433
65068	4342	0.038061433
65068	6198	0.038061433
65068	719	0.03806143
65068	365	0.038061425
65068	875	0.038061425
65068	3605	0.038061425
65145	581	0.055707633
65145	2552	0.055707633
65145	4342	0.05570763
65145	1349	0.055707626
65145	3556	0.055707626
65145	6198	0.055707626
65145	719	0.055707622
65145	875	0.05570762
65145	3605	0.05570762
65145	3756	0.05570762
65183	6198	0.07697603
65183	581	0.07697602
65183	2552	0.07697602
65183	4342	0.07697602
65183	719	0.076976016
65183	1349	0.076976016
65183	2787	0.076976016
65183	3556	0.076976016
65183	3605	0.076976016
65183	875	0.07697601
65208	581	0.07116112
65208	6198	0.07116112
65208	4342	0.07116111
65208	1349	0.071161106
65208	2552	0.071161106
65208	3556	0.071161106
65208	719	0.0711611
65208	875	0.0711611
65208	2787	0.0711611
65208	3605	0.0711611
65228	581	0.052545782
65228	6198	0.052545782
65228	2552	0.05254578
65228	4342	0.05254578
65228	1349	0.052545775
65228	719	0.05254577
65228	3556	0.05254577
65228	3605	0.05254577
65228	2787	0.052545767
65228	4218	0.052545767
65238	581	0.06408805
65238	4342	0.06408805
65238	6198	0.06408805
65238	719	0.06408804
65238	2552	0.06408804
65238	875	0.06408803
65238	880	0.06408803
65238	1349	0.06408803
65238	2787	0.06408803
65238	3556	0.06408803
65258	581	0.06951615
65258	2552	0.06951615
65258	4342	0.06951615
65258	6198	0.06951615
65258	719	0.06951614
65258	875	0.06951614
65258	1349	0.06951614
65258	2787	0.06951614
65258	3556	0.06951614
65258	3605	0.06951614
65370	6198	0.06182095
65370	581	0.061820947
65370	2552	0.061820947
65370	4342	0.061820947
65370	1349	0.061820943
65370	719	0.06182094
65370	3556	0.06182094
65370	3605	0.061820935
65370	875	0.06182093
65370	1958	0.06182093
65484	581	0.062599435
65484	2552	0.062599435
65484	6198	0.062599435
65484	1349	0.06259943
65484	3605	0.06259943
65484	4342	0.06259943
65484	719	0.06259942
65484	875	0.06259942
65484	1958	0.06259942
65484	2787	0.06259942
65487	581	0.049313135
65487	2552	0.04931313
65487	4342	0.04931313
65487	6198	0.04931313
65487	719	0.049313128
65487	3556	0.049313128
65487	1349	0.049313124
65487	875	0.04931312
65487	2787	0.04931312
65487	3605	0.04931312
65497	581	0.056492496
65497	2552	0.056492493
65497	4342	0.056492493
65497	6198	0.056492493
65497	719	0.056492485
65497	1349	0.056492485
65497	2787	0.056492485
65497	3556	0.056492485
65497	3605	0.056492485
65497	3756	0.05649248
65584	6198	0.072765574
65584	581	0.07276557
65584	2552	0.07276557
65584	4342	0.07276557
65584	719	0.07276556
65584	875	0.07276556
65584	880	0.07276556
65584	1349	0.07276556
65584	2651	0.07276555
65584	2787	0.07276555
65663	581	0.048125677
65663	4342	0.048125677
65663	6198	0.048125677
65663	2552	0.048125673
65663	719	0.04812567
65663	1349	0.04812567
65663	3556	0.04812567
65663	3605	0.04812567
65663	365	0.048125662
65663	875	0.048125662
65665	581	0.061780866
65665	2552	0.061780863
65665	4342	0.061780863
65665	6198	0.061780863
65665	1349	0.06178086
65665	719	0.061780855
65665	875	0.061780855
65665	3556	0.061780855
65665	3605	0.06178085
65665	1173	0.061780848
65769	581	0.062416777
65769	6198	0.062416773
65769	1349	0.06241677
65769	2552	0.06241677
65769	4342	0.06241677
65769	719	0.062416762
65769	875	0.062416762
65769	3556	0.062416762
65769	3605	0.062416762
65769	880	0.06241676
65791	581	0.061857946
65791	2552	0.061857942
65791	4342	0.061857942
65791	6198	0.061857942
65791	1349	0.06185794
65791	3605	0.06185794
65791	719	0.061857935
65791	3556	0.061857935
65791	875	0.06185793
65791	2787	0.06185793
65817	581	0.06163706
65817	4342	0.06163706
65817	6198	0.06163706
65817	2552	0.061637055
65817	719	0.06163705
65817	3556	0.06163705
65817	1349	0.061637048
65817	875	0.061637044
65817	880	0.061637044
65817	2651	0.061637044
65837	581	0.08373624
65837	2552	0.08373624
65837	6198	0.08373624
65837	1349	0.08373623
65837	4342	0.08373623
65837	719	0.083736226
65837	875	0.083736226
65837	2787	0.083736226
65837	3556	0.083736226
65837	3605	0.083736226
65877	581	0.085214674
65877	6198	0.085214674
65877	1349	0.08521467
65877	2552	0.08521467
65877	4342	0.08521467
65877	719	0.08521466
65877	3556	0.08521466
65877	3605	0.08521466
65877	875	0.08521465
65877	2787	0.08521465
65913	581	0.05574913
65913	6198	0.05574913
65913	4342	0.055749126
65913	2552	0.055749122
65913	719	0.05574912
65913	1349	0.05574912
65913	3556	0.05574912
65913	3605	0.05574912
65913	2787	0.055749115
65913	875	0.05574911
65946	581	0.042406067
65946	2552	0.042406064
65946	6198	0.042406064
65946	719	0.04240606
65946	1349	0.04240606
65946	3556	0.04240606
65946	4342	0.04240606
65946	875	0.042406056
65946	365	0.042406052
65946	880	0.042406052
66055	581	0.05528035
66055	4342	0.05528035
66055	6198	0.05528035
66055	2552	0.055280346
66055	719	0.055280343
66055	1349	0.055280343
66055	3556	0.055280343
66055	3605	0.05528034
66055	875	0.055280335
66055	880	0.055280335
66073	6198	0.07273191
66073	2552	0.072731905
66073	581	0.0727319
66073	719	0.0727319
66073	1349	0.0727319
66073	3556	0.0727319
66073	4342	0.0727319
66073	875	0.07273189
66073	2787	0.07273189
66073	365	0.07273188
66100	581	0.058140375
66100	6198	0.05814037
66100	719	0.058140367
66100	2552	0.058140367
66100	4342	0.058140367
66100	1349	0.058140364
66100	3556	0.058140364
66100	2787	0.05814036
66100	3605	0.05814036
66100	4218	0.05814036
66323	581	0.045861464
66323	4342	0.04586146
66323	6198	0.045861457
66323	1349	0.045861453
66323	2552	0.045861453
66323	3556	0.045861453
66323	3605	0.045861453
66323	719	0.04586145
66323	365	0.045861445
66323	875	0.045861445
66387	581	0.049911007
66387	6198	0.049911007
66387	2552	0.049911004
66387	1349	0.049911
66387	4342	0.049911
66387	719	0.049910996
66387	3556	0.049910996
66387	3605	0.049910996
66387	875	0.049910992
66387	1958	0.049910992
66443	581	0.06550919
66443	6198	0.06550919
66443	719	0.065509185
66443	2552	0.065509185
66443	3556	0.065509185
66443	4342	0.065509185
66443	1349	0.06550918
66443	3605	0.06550918
66443	365	0.06550917
66443	875	0.06550917
66473	581	0.051691473
66473	6198	0.051691473
66473	1349	0.051691465
66473	2552	0.051691465
66473	4342	0.051691465
66473	719	0.05169146
66473	3556	0.05169146
66473	875	0.051691458
66473	1958	0.051691458
66473	2787	0.051691458
66483	581	0.06498837
66483	719	0.06498836
66483	875	0.06498836
66483	2552	0.06498836
66483	3556	0.06498836
66483	4342	0.06498836
66483	6198	0.06498836
66483	3756	0.06498835
66483	365	0.064988345
66483	880	0.064988345
66485	581	0.06165725
66485	4342	0.061657246
66485	6198	0.061657246
66485	2552	0.061657242
66485	719	0.06165724
66485	1349	0.06165724
66485	3556	0.06165724
66485	875	0.061657235
66485	3605	0.061657235
66485	2787	0.06165723
66487	581	0.049188644
66487	6198	0.049188644
66487	2552	0.04918864
66487	4342	0.04918864
66487	1349	0.049188636
66487	719	0.049188633
66487	3556	0.049188633
66487	875	0.04918863
66487	1958	0.04918863
66487	2651	0.04918863
66518	581	0.046335984
66518	6198	0.046335984
66518	2552	0.04633598
66518	4342	0.04633598
66518	719	0.046335977
66518	1349	0.046335977
66518	3556	0.046335977
66518	2787	0.046335973
66518	3605	0.046335973
66518	3663	0.046335973
66533	581	0.052013576
66533	2552	0.052013572
66533	4342	0.052013572
66533	6198	0.052013572
66533	719	0.05201357
66533	3556	0.05201357
66533	875	0.052013565
66533	1349	0.052013565
66533	880	0.05201356
66533	2651	0.05201356
66556	2552	0.06508051
66556	4342	0.06508051
66556	6198	0.06508051
66556	581	0.0650805
66556	719	0.06508049
66556	875	0.06508049
66556	1349	0.06508049
66556	3422	0.06508049
66556	3556	0.06508049
66556	3605	0.06508049
66574	581	0.08348528
66574	2552	0.083485276
66574	4342	0.083485276
66574	6198	0.083485276
66574	719	0.08348527
66574	1349	0.08348527
66574	3556	0.08348527
66574	875	0.08348526
66574	2787	0.08348526
66574	3422	0.08348526
66591	581	0.059184797
66591	6198	0.059184797
66591	3556	0.05918479
66591	4342	0.05918479
66591	719	0.059184786
66591	1349	0.059184786
66591	2552	0.059184786
66591	2787	0.059184782
66591	3605	0.059184782
66591	875	0.05918478
66640	581	0.049783565
66640	2552	0.04978356
66640	4342	0.04978356
66640	6198	0.04978356
66640	719	0.049783558
66640	3556	0.049783558
66640	3605	0.049783558
66640	1349	0.049783554
66640	875	0.04978355
66640	880	0.04978355
66680	581	0.09411307
66680	6198	0.09411307
66680	4342	0.09411306
66680	719	0.09411305
66680	1349	0.09411305
66680	2552	0.09411305
66680	3556	0.09411305
66680	3605	0.09411305
66680	875	0.09411304
66680	1958	0.09411304
66789	581	0.043617375
66789	6198	0.04361737
66789	2552	0.043617368
66789	4342	0.043617368
66789	719	0.043617364
66789	1349	0.043617364
66789	3556	0.043617364
66789	875	0.04361736
66789	880	0.04361736
66789	1958	0.04361736
66797	581	0.056695864
66797	2552	0.056695864
66797	4342	0.056695864
66797	6198	0.056695864
66797	719	0.056695856
66797	3556	0.056695856
66797	3605	0.056695856
66797	1349	0.056695852
66797	875	0.05669585
66797	880	0.05669585
66853	581	0.0790261
66853	2552	0.0790261
66853	6198	0.0790261
66853	4342	0.079026096
66853	719	0.07902609
66853	875	0.07902609
66853	1349	0.07902609
66853	2787	0.07902609
66853	3556	0.07902609
66853	3605	0.07902609
66878	2552	0.06283618
66878	581	0.06283617
66878	1349	0.06283617
66878	4342	0.06283617
66878	6198	0.06283617
66878	719	0.06283616
66878	875	0.06283616
66878	3556	0.06283616
66878	3605	0.06283616
66878	3756	0.06283616
66942	581	0.076271504
66942	2552	0.0762715
66942	6198	0.0762715
66942	719	0.07627149
66942	1349	0.07627149
66942	3556	0.07627149
66942	4342	0.07627149
66942	2787	0.07627148
66942	3605	0.07627148
66942	365	0.076271474
66953	581	0.060398355
66953	6198	0.060398355
66953	4342	0.06039835
66953	2552	0.060398348
66953	719	0.060398344
66953	1349	0.060398344
66953	3556	0.060398344
66953	3605	0.060398344
66953	875	0.06039834
66953	2787	0.06039834
66960	581	0.056993317
66960	6198	0.056993313
66960	2552	0.05699331
66960	4342	0.05699331
66960	719	0.056993306
66960	1349	0.056993306
66960	3556	0.056993306
66960	3605	0.056993302
66960	365	0.0569933
66960	875	0.0569933
67079	581	0.07398935
67079	2552	0.07398935
67079	4342	0.07398934
67079	6198	0.07398934
67079	719	0.07398933
67079	1349	0.07398933
67079	2787	0.07398933
67079	3556	0.07398933
67079	3605	0.07398933
67079	875	0.073989324
67085	581	0.05551572
67085	6198	0.055515718
67085	2552	0.055515714
67085	4342	0.055515714
67085	1349	0.05551571
67085	3556	0.05551571
67085	719	0.055515707
67085	3605	0.055515707
67085	875	0.055515703
67085	2787	0.055515703
67174	581	0.053112663
67174	6198	0.053112663
67174	2552	0.053112656
67174	4342	0.053112656
67174	1349	0.053112652
67174	3556	0.053112652
67174	365	0.05311265
67174	719	0.05311265
67174	875	0.05311265
67174	3605	0.05311265
67176	581	0.06770055
67176	2552	0.06770055
67176	6198	0.06770055
67176	3556	0.06770054
67176	4342	0.06770054
67176	719	0.067700535
67176	875	0.067700535
67176	1349	0.067700535
67176	2787	0.067700535
67176	3605	0.067700535
67178	581	0.042080007
67178	6198	0.042080004
67178	1349	0.04208
67178	2552	0.04208
67178	4342	0.04208
67178	3556	0.042079996
67178	719	0.042079993
67178	880	0.042079993
67178	2651	0.042079993
67178	2787	0.042079993
67198	581	0.065393046
67198	719	0.065393046
67198	2552	0.065393046
67198	4342	0.065393046
67198	6198	0.065393046
67198	1349	0.06539304
67198	3556	0.06539304
67198	365	0.06539303
67198	875	0.06539303
67198	880	0.06539303
67270	581	0.05858861
67270	6198	0.058588605
67270	2552	0.0585886
67270	4342	0.0585886
67270	1349	0.058588598
67270	719	0.058588594
67270	3556	0.058588594
67270	3605	0.058588594
67270	3663	0.058588594
67270	875	0.05858859
67288	581	0.07647754
67288	2552	0.07647754
67288	4342	0.07647754
67288	6198	0.07647754
67288	1349	0.076477535
67288	719	0.07647753
67288	875	0.07647753
67288	2787	0.07647753
67288	3556	0.07647753
67288	3605	0.07647753
67296	6198	0.06602473
67296	581	0.06602472
67296	1349	0.06602472
67296	2552	0.06602472
67296	3556	0.06602472
67296	4342	0.06602472
67296	719	0.06602471
67296	3605	0.06602471
67296	875	0.066024706
67296	880	0.066024706
67354	581	0.063086495
67354	2552	0.063086495
67354	6198	0.063086495
67354	1349	0.06308649
67354	4342	0.06308649
67354	719	0.06308648
67354	875	0.06308648
67354	1211	0.06308648
67354	2787	0.06308648
67354	3422	0.06308648
67402	581	0.058291644
67402	2552	0.058291636
67402	4342	0.058291636
67402	6198	0.058291636
67402	719	0.058291633
67402	1349	0.05829163
67402	3556	0.05829163
67402	3605	0.05829163
67402	875	0.05829162
67402	880	0.05829162
67403	581	0.056418967
67403	4342	0.056418963
67403	6198	0.056418963
67403	719	0.056418955
67403	1349	0.056418955
67403	2552	0.056418955
67403	3556	0.056418955
67403	875	0.05641895
67403	880	0.056418948
67403	2651	0.056418948
67415	581	0.042794414
67415	6198	0.04279441
67415	1349	0.042794406
67415	2552	0.042794406
67415	4342	0.042794406
67415	719	0.042794403
67415	3556	0.042794403
67415	2787	0.0427944
67415	3605	0.0427944
67415	3663	0.0427944
67487	581	0.046190858
67487	4342	0.046190854
67487	6198	0.046190854
67487	719	0.04619085
67487	2552	0.04619085
67487	3556	0.04619085
67487	1349	0.046190847
67487	3605	0.046190847
67487	365	0.046190843
67487	875	0.046190843
67515	581	0.07205805
67515	4342	0.07205805
67515	6198	0.07205805
67515	2552	0.072058044
67515	719	0.07205804
67515	1349	0.07205804
67515	3556	0.07205804
67515	3605	0.07205804
67515	3756	0.07205804
67515	4218	0.07205804
67544	581	0.047782175
67544	6198	0.047782175
67544	4342	0.04778217
67544	719	0.047782168
67544	2552	0.047782168
67544	3556	0.047782168
67544	1349	0.047782164
67544	3605	0.047782164
67544	3756	0.047782164
67544	365	0.04778216
67547	581	0.064458795
67547	719	0.06445879
67547	2552	0.06445879
67547	3556	0.06445879
67547	4342	0.06445879
67547	6198	0.06445879
67547	1349	0.06445878
67547	2651	0.06445878
67547	3605	0.06445878
67547	5214	0.06445878
67591	581	0.076799706
67591	2552	0.076799706
67591	4342	0.076799706
67591	6198	0.076799706
67591	719	0.07679969
67591	875	0.07679969
67591	1349	0.07679969
67591	2787	0.07679969
67591	3556	0.07679969
67591	3605	0.07679969
67627	581	0.06956634
67627	2552	0.06956634
67627	4342	0.06956634
67627	6198	0.06956634
67627	719	0.06956633
67627	1349	0.06956633
67627	2651	0.069566324
67627	3556	0.069566324
67627	3605	0.069566324
67627	5214	0.069566324
67663	581	0.049474485
67663	2552	0.049474478
67663	4342	0.049474478
67663	6198	0.049474478
67663	1349	0.049474474
67663	719	0.04947447
67663	2787	0.04947447
67663	3556	0.04947447
67663	3605	0.04947447
67663	4218	0.049474467
67677	581	0.069709346
67677	2552	0.069709346
67677	4342	0.069709346
67677	6198	0.069709346
67677	1349	0.06970934
67677	719	0.06970933
67677	875	0.06970933
67677	2787	0.06970933
67677	3556	0.06970933
67677	3605	0.06970933
67693	581	0.053245217
67693	6198	0.053245217
67693	4342	0.053245213
67693	719	0.05324521
67693	1349	0.05324521
67693	2552	0.05324521
67693	3556	0.05324521
67693	875	0.0532452
67693	2787	0.0532452
67693	3422	0.0532452
67840	581	0.07532248
67840	719	0.075322464
67840	1349	0.075322464
67840	2552	0.075322464
67840	4342	0.075322464
67840	6198	0.075322464
67840	3556	0.07532246
67840	3605	0.07532246
67840	875	0.07532245
67840	1173	0.07532245
67910	6198	0.06309681
67910	2552	0.0630968
67910	4342	0.0630968
67910	581	0.06309679
67910	719	0.06309679
67910	1349	0.06309679
67910	3556	0.06309679
67910	3605	0.06309679
67910	875	0.063096784
67910	2651	0.063096784
67930	581	0.07316473
67930	4342	0.073164724
67930	6198	0.073164724
67930	719	0.07316472
67930	1349	0.07316472
67930	2552	0.07316472
67930	3556	0.07316472
67930	3756	0.07316471
67930	365	0.0731647
67930	875	0.0731647
68000	581	0.068154514
68000	6198	0.068154514
68000	2552	0.06815451
68000	719	0.0681545
68000	875	0.0681545
68000	1349	0.0681545
68000	3556	0.0681545
68000	3605	0.0681545
68000	4342	0.0681545
68000	880	0.06815449
68081	581	0.04844652
68081	2552	0.04844652
68081	4342	0.04844652
68081	6198	0.04844652
68081	3556	0.048446517
68081	719	0.048446514
68081	1349	0.048446514
68081	875	0.04844651
68081	3605	0.04844651
68081	3756	0.04844651
68128	581	0.06013923
68128	6198	0.06013923
68128	4342	0.060139228
68128	719	0.060139224
68128	1349	0.060139224
68128	2552	0.060139224
68128	3556	0.06013922
68128	875	0.060139216
68128	3605	0.060139216
68128	3756	0.060139216
68156	581	0.06407098
68156	2552	0.06407097
68156	6198	0.06407097
68156	719	0.06407096
68156	1349	0.06407096
68156	4342	0.06407096
68156	365	0.064070955
68156	875	0.064070955
68156	880	0.064070955
68156	1958	0.064070955
68185	581	0.09744188
68185	6198	0.09744188
68185	719	0.09744187
68185	2552	0.09744187
68185	3605	0.09744187
68185	4342	0.09744187
68185	1349	0.09744186
68185	3556	0.09744186
68185	875	0.09744185
68185	2787	0.09744185
68249	581	0.060946465
68249	2552	0.060946465
68249	4342	0.060946465
68249	6198	0.060946465
68249	719	0.060946457
68249	1349	0.060946457
68249	3556	0.060946457
68249	875	0.060946453
68249	2651	0.06094645
68249	2787	0.06094645
68256	581	0.06432142
68256	4342	0.06432142
68256	6198	0.06432142
68256	719	0.06432141
68256	875	0.06432141
68256	1349	0.06432141
68256	2552	0.06432141
68256	3556	0.06432141
68256	3605	0.06432141
68256	3756	0.06432141
68309	581	0.056828015
68309	6198	0.056828015
68309	4342	0.05682801
68309	719	0.056828007
68309	1349	0.056828007
68309	2552	0.056828007
68309	3556	0.056828007
68309	3605	0.056828003
68309	875	0.056828
68309	2787	0.056828
68344	581	0.059776466
68344	6198	0.059776466
68344	2552	0.059776463
68344	4342	0.059776463
68344	719	0.05977646
68344	875	0.05977646
68344	1349	0.05977646
68344	3556	0.05977646
68344	2787	0.059776455
68344	3605	0.059776455
68383	581	0.0524356
68383	2552	0.0524356
68383	6198	0.0524356
68383	4342	0.052435596
68383	1349	0.05243559
68383	719	0.052435588
68383	3556	0.052435588
68383	875	0.052435584
68383	880	0.052435584
68383	1958	0.052435584
68436	581	0.08097996
68436	2552	0.08097995
68436	4342	0.08097995
68436	6198	0.08097995
68436	1349	0.08097994
68436	719	0.080979936
68436	365	0.08097993
68436	875	0.08097993
68436	880	0.08097993
68436	2651	0.08097993
68447	581	0.039019417
68447	2552	0.039019413
68447	4342	0.039019413
68447	6198	0.039019413
68447	719	0.03901941
68447	1349	0.03901941
68447	3556	0.03901941
68447	365	0.039019406
68447	875	0.039019406
68447	2651	0.039019406
68465	581	0.05809252
68465	6198	0.058092516
68465	719	0.058092512
68465	2552	0.058092512
68465	3556	0.058092512
68465	4342	0.058092512
68465	1349	0.05809251
68465	875	0.058092505
68465	2787	0.058092505
68465	3605	0.058092505
68537	581	0.060112543
68537	2552	0.060112536
68537	4342	0.060112536
68537	6198	0.060112536
68537	1349	0.060112532
68537	3605	0.060112532
68537	719	0.06011253
68537	3556	0.06011253
68537	365	0.06011252
68537	875	0.06011252
68568	581	0.055220865
68568	6198	0.05522086
68568	1349	0.055220857
68568	2552	0.055220857
68568	4342	0.055220857
68568	719	0.055220854
68568	3556	0.055220854
68568	2787	0.05522085
68568	3605	0.05522085
68568	875	0.055220846
68581	581	0.048966244
68581	4342	0.048966244
68581	6198	0.048966244
68581	2552	0.04896624
68581	719	0.048966236
68581	875	0.048966236
68581	1349	0.048966236
68581	3556	0.048966236
68581	3605	0.048966236
68581	3756	0.048966236
68615	581	0.056847
68615	2552	0.056847
68615	6198	0.056847
68615	4342	0.056846995
68615	719	0.05684699
68615	1349	0.05684699
68615	3556	0.05684699
68615	3605	0.056846987
68615	875	0.056846984
68615	2651	0.056846984
68700	581	0.061369352
68700	2552	0.06136935
68700	4342	0.06136935
68700	6198	0.06136935
68700	719	0.061369345
68700	1349	0.06136934
68700	3556	0.06136934
68700	3605	0.06136934
68700	875	0.061369337
68700	880	0.061369337
68729	581	0.066329576
68729	719	0.06632957
68729	1349	0.06632957
68729	2552	0.06632957
68729	4342	0.06632957
68729	6198	0.06632957
68729	3556	0.06632956
68729	365	0.06632955
68729	875	0.06632955
68729	880	0.06632955
68760	581	0.08586329
68760	2552	0.08586329
68760	4342	0.08586329
68760	6198	0.08586329
68760	719	0.08586328
68760	1349	0.08586328
68760	2651	0.08586328
68760	2787	0.08586328
68760	3556	0.08586328
68760	3605	0.08586328
68767	581	0.033428907
68767	4342	0.033428907
68767	6198	0.033428907
68767	2552	0.033428904
68767	365	0.0334289
68767	719	0.0334289
68767	875	0.0334289
68767	1349	0.0334289
68767	3556	0.0334289
68767	3756	0.0334289
68768	581	0.036842734
68768	6198	0.036842734
68768	4342	0.03684273
68768	719	0.036842726
68768	1349	0.036842726
68768	2552	0.036842726
68768	3556	0.036842726
68768	3605	0.036842726
68768	2787	0.036842722
68768	3663	0.036842722
68846	581	0.05445825
68846	2552	0.05445825
68846	6198	0.05445825
68846	4342	0.054458246
68846	719	0.054458242
68846	1349	0.054458242
68846	875	0.05445824
68846	2787	0.05445824
68846	3556	0.05445824
68846	3605	0.05445824
68886	581	0.05854231
68886	2552	0.05854231
68886	4342	0.05854231
68886	6198	0.05854231
68886	719	0.058542304
68886	1349	0.058542304
68886	3556	0.0585423
68886	875	0.058542296
68886	880	0.058542296
68886	1958	0.058542296
68943	581	0.068465725
68943	2552	0.068465725
68943	4342	0.068465725
68943	6198	0.068465725
68943	719	0.06846571
68943	1349	0.06846571
68943	2787	0.06846571
68943	3556	0.06846571
68943	3605	0.06846571
68943	3663	0.06846571
68984	581	0.0731677
68984	6198	0.0731677
68984	2552	0.07316769
68984	719	0.07316768
68984	1349	0.07316768
68984	3556	0.07316768
68984	4342	0.07316768
68984	875	0.073167674
68984	2787	0.073167674
68984	3605	0.073167674
69012	581	0.04297351
69012	6198	0.042973507
69012	2552	0.042973503
69012	4342	0.042973503
69012	719	0.0429735
69012	1349	0.0429735
69012	875	0.042973496
69012	2787	0.042973496
69012	3556	0.042973496
69012	3605	0.042973496
69023	581	0.06418584
69023	2552	0.06418584
69023	6198	0.06418584
69023	3605	0.064185835
69023	4342	0.064185835
69023	719	0.06418583
69023	875	0.06418583
69023	880	0.06418583
69023	1349	0.06418583
69023	2651	0.06418583
69042	581	0.06603997
69042	719	0.066039965
69042	1349	0.066039965
69042	2552	0.066039965
69042	3556	0.066039965
69042	4342	0.066039965
69042	6198	0.066039965
69042	2787	0.06603996
69042	3605	0.06603996
69042	4218	0.06603996
69089	581	0.058953863
69089	4342	0.05895386
69089	6198	0.05895386
69089	2552	0.058953855
69089	719	0.05895385
69089	875	0.05895385
69089	1349	0.05895385
69089	3556	0.05895385
69089	3605	0.05895385
69089	1958	0.058953844
69156	581	0.052913852
69156	2552	0.052913852
69156	6198	0.052913852
69156	4342	0.05291385
69156	719	0.052913845
69156	1349	0.052913845
69156	3556	0.052913845
69156	3605	0.052913845
69156	365	0.052913837
69156	875	0.052913837
69188	581	0.058177054
69188	2552	0.05817705
69188	719	0.058177046
69188	4342	0.058177046
69188	6198	0.058177046
69188	875	0.05817704
69188	1349	0.05817704
69188	3556	0.05817704
69188	3605	0.05817704
69188	3756	0.05817704
69211	581	0.08717245
69211	2552	0.08717245
69211	4342	0.08717245
69211	6198	0.08717245
69211	719	0.087172434
69211	1349	0.087172434
69211	3556	0.087172434
69211	875	0.08717243
69211	3605	0.08717243
69211	3756	0.08717243
69232	581	0.061505117
69232	4342	0.061505113
69232	6198	0.061505113
69232	1349	0.06150511
69232	2552	0.06150511
69232	719	0.061505105
69232	3556	0.061505105
69232	3605	0.061505105
69232	2787	0.0615051
69232	3663	0.0615051
69252	581	0.043804932
69252	2552	0.043804932
69252	6198	0.043804932
69252	1349	0.04380493
69252	4342	0.04380493
69252	719	0.043804925
69252	3556	0.043804925
69252	365	0.04380492
69252	875	0.04380492
69252	2651	0.04380492
69355	581	0.107874334
69355	2552	0.10787432
69355	3605	0.10787432
69355	4342	0.10787432
69355	6198	0.10787432
69355	719	0.10787431
69355	1349	0.10787431
69355	3556	0.10787431
69355	880	0.107874304
69355	2787	0.107874304
69378	581	0.06617585
69378	719	0.06617583
69378	1349	0.06617583
69378	2552	0.06617583
69378	3556	0.06617583
69378	4342	0.06617583
69378	6198	0.06617583
69378	3605	0.066175826
69378	3756	0.066175826
69378	365	0.06617582
69389	581	0.068282634
69389	2552	0.068282634
69389	6198	0.068282634
69389	1349	0.06828263
69389	4342	0.06828263
69389	719	0.06828262
69389	2787	0.06828262
69389	3556	0.06828262
69389	3605	0.06828262
69389	4218	0.06828262
69405	581	0.07206784
69405	4342	0.07206784
69405	6198	0.07206784
69405	1349	0.072067834
69405	2552	0.072067834
69405	719	0.07206783
69405	3556	0.07206783
69405	3605	0.07206783
69405	3663	0.07206783
69405	3756	0.07206783
69410	581	0.047941342
69410	4342	0.04794134
69410	2552	0.047941335
69410	6198	0.047941335
69410	719	0.047941327
69410	875	0.047941327
69410	1349	0.047941327
69410	3556	0.047941327
69410	3756	0.047941327
69410	5147	0.047941327
69460	581	0.055849887
69460	2552	0.055849887
69460	6198	0.055849887
69460	4342	0.055849884
69460	719	0.05584988
69460	875	0.05584988
69460	1349	0.05584988
69460	3556	0.05584988
69460	3605	0.055849876
69460	3756	0.055849876
69512	581	0.052491657
69512	6198	0.052491657
69512	2552	0.05249165
69512	4342	0.05249165
69512	719	0.052491646
69512	1349	0.052491646
69512	3556	0.052491646
69512	3605	0.052491646
69512	875	0.052491643
69512	2787	0.052491643
69684	581	0.09009609
69684	2552	0.09009609
69684	4342	0.09009609
69684	6198	0.09009609
69684	1349	0.090096086
69684	719	0.09009608
69684	875	0.09009607
69684	880	0.09009607
69684	2651	0.09009607
69684	2787	0.09009607
69709	581	0.087690815
69709	2552	0.087690815
69709	4342	0.087690815
69709	6198	0.087690815
69709	719	0.0876908
69709	1349	0.0876908
69709	3556	0.0876908
69709	3605	0.0876908
69709	875	0.08769079
69709	1958	0.08769079
69721	581	0.06567681
69721	4342	0.06567681
69721	2552	0.0656768
69721	6198	0.0656768
69721	719	0.06567679
69721	875	0.06567679
69721	1349	0.06567679
69721	2787	0.06567679
69721	3556	0.06567679
69721	3605	0.06567679
69749	581	0.03935288
69749	6198	0.03935288
69749	2552	0.039352875
69749	4342	0.039352875
69749	719	0.03935287
69749	1349	0.03935287
69749	3556	0.03935287
69749	3605	0.03935287
69749	3756	0.03935287
69749	5214	0.03935287
69775	581	0.059327558
69775	6198	0.059327558
69775	2552	0.05932755
69775	3605	0.05932755
69775	4342	0.05932755
69775	1349	0.059327547
69775	3556	0.059327547
69775	719	0.059327543
69775	880	0.059327543
69775	2651	0.059327543
69790	581	0.05349681
69790	2552	0.053496808
69790	4342	0.053496808
69790	6198	0.053496808
69790	719	0.0534968
69790	1349	0.0534968
69790	3556	0.0534968
69790	3605	0.053496797
69790	365	0.053496793
69790	875	0.053496793
69808	581	0.06597789
69808	1349	0.06597789
69808	2552	0.06597789
69808	4342	0.06597789
69808	6198	0.06597789
69808	719	0.06597788
69808	3556	0.06597788
69808	875	0.06597787
69808	880	0.06597787
69808	2651	0.06597787
69929	581	0.05224136
69929	2552	0.05224136
69929	6198	0.05224136
69929	719	0.052241355
69929	1349	0.052241355
69929	4342	0.052241355
69929	3556	0.05224135
69929	3605	0.05224135
69929	875	0.052241348
69929	2651	0.052241348
69933	581	0.046369925
69933	2552	0.046369918
69933	4342	0.046369918
69933	6198	0.046369918
69933	719	0.046369914
69933	875	0.04636991
69933	1349	0.04636991
69933	2787	0.04636991
69933	3556	0.04636991
69933	3605	0.04636991
69971	581	0.071180575
69971	2552	0.07118057
69971	4342	0.07118057
69971	6198	0.07118057
69971	3556	0.07118056
69971	719	0.07118055
69971	875	0.07118055
69971	1349	0.07118055
69971	2787	0.07118055
69971	3605	0.07118055
70014	581	0.07131379
70014	2552	0.07131379
70014	6198	0.07131379
70014	719	0.07131378
70014	1349	0.07131378
70014	3605	0.07131378
70014	4342	0.07131378
70014	875	0.071313776
70014	3556	0.071313776
70014	365	0.07131377
70052	581	0.06703167
70052	6198	0.06703166
70052	719	0.06703165
70052	1349	0.06703165
70052	2552	0.06703165
70052	3556	0.06703165
70052	4342	0.06703165
70052	2787	0.067031644
70052	3605	0.067031644
70052	365	0.06703164
70065	581	0.06796941
70065	2552	0.06796941
70065	4342	0.06796941
70065	6198	0.06796941
70065	3556	0.067969404
70065	3605	0.067969404
70065	719	0.0679694
70065	875	0.0679694
70065	880	0.0679694
70065	1349	0.0679694
70183	581	0.08470129
70183	2552	0.08470129
70183	6198	0.08470129
70183	719	0.084701285
70183	3556	0.084701285
70183	4342	0.084701285
70183	1349	0.08470128
70183	875	0.08470127
70183	880	0.08470127
70183	1211	0.08470127
70189	581	0.049174063
70189	6198	0.049174063
70189	2552	0.04917406
70189	4342	0.04917406
70189	719	0.049174055
70189	1349	0.049174055
70189	3556	0.049174055
70189	3605	0.04917405
70189	880	0.049174048
70189	2787	0.049174048
70192	581	0.069163874
70192	6198	0.069163874
70192	4342	0.06916387
70192	719	0.06916386
70192	875	0.06916386
70192	1349	0.06916386
70192	2552	0.06916386
70192	3556	0.06916386
70192	3605	0.06916386
70192	3756	0.06916386
70222	581	0.06726274
70222	2552	0.06726274
70222	4342	0.06726274
70222	6198	0.06726274
70222	1349	0.06726273
70222	719	0.067262724
70222	875	0.067262724
70222	2787	0.067262724
70222	3556	0.067262724
70222	3756	0.067262724
70302	581	0.046324365
70302	4342	0.04632436
70302	6198	0.04632436
70302	2552	0.046324357
70302	719	0.046324354
70302	1349	0.046324354
70302	875	0.04632435
70302	2651	0.04632435
70302	2787	0.04632435
70302	3556	0.04632435
70379	2552	0.052357137
70379	6198	0.052357137
70379	581	0.052357133
70379	4342	0.052357133
70379	3556	0.05235713
70379	719	0.052357126
70379	1349	0.052357126
70379	875	0.052357122
70379	1958	0.052357122
70379	2651	0.052357122
70401	581	0.050374325
70401	2552	0.05037432
70401	4342	0.05037432
70401	6198	0.05037432
70401	3556	0.050374318
70401	719	0.050374314
70401	1349	0.050374314
70401	2787	0.050374314
70401	3605	0.050374314
70401	875	0.05037431
70402	581	0.05998236
70402	6198	0.059982356
70402	2552	0.059982352
70402	4342	0.059982352
70402	1349	0.05998235
70402	3556	0.05998235
70402	719	0.059982345
70402	3605	0.059982345
70402	875	0.05998234
70402	2787	0.05998234
70415	581	0.08282541
70415	2552	0.08282541
70415	4342	0.08282541
70415	6198	0.08282541
70415	1349	0.0828254
70415	3556	0.0828254
70415	719	0.08282539
70415	875	0.08282539
70415	880	0.08282539
70415	2787	0.08282539
70435	581	0.062331084
70435	2552	0.062331084
70435	4342	0.062331084
70435	6198	0.062331084
70435	1349	0.06233108
70435	719	0.062331073
70435	3556	0.062331073
70435	3756	0.062331073
70435	2787	0.06233107
70435	3605	0.06233107
70448	581	0.051871575
70448	4342	0.05187157
70448	6198	0.05187157
70448	2552	0.051871568
70448	3556	0.051871568
70448	719	0.051871564
70448	1349	0.051871564
70448	875	0.05187156
70448	2651	0.05187156
70448	3605	0.05187156
70541	581	0.08211747
70541	6198	0.08211747
70541	2552	0.08211746
70541	4342	0.08211746
70541	719	0.08211745
70541	1349	0.08211745
70541	3605	0.08211745
70541	875	0.082117446
70541	2787	0.082117446
70541	3556	0.082117446
70594	581	0.06354678
70594	2552	0.06354678
70594	4342	0.06354678
70594	6198	0.06354678
70594	3556	0.06354677
70594	719	0.06354676
70594	875	0.06354676
70594	880	0.06354676
70594	1211	0.06354676
70594	1349	0.06354676
70628	581	0.06640209
70628	1349	0.06640209
70628	2552	0.06640209
70628	4342	0.06640209
70628	6198	0.06640209
70628	719	0.066402085
70628	3556	0.066402085
70628	365	0.06640208
70628	875	0.06640208
70628	880	0.06640208
70649	581	0.05818969
70649	6198	0.058189686
70649	2552	0.058189683
70649	3556	0.058189683
70649	4342	0.058189683
70649	1349	0.05818968
70649	719	0.058189675
70649	2787	0.058189675
70649	3605	0.058189675
70649	3756	0.05818967
70666	581	0.08287419
70666	2552	0.08287418
70666	4342	0.08287418
70666	6198	0.08287418
70666	1349	0.08287417
70666	3556	0.08287417
70666	3605	0.08287417
70666	719	0.082874164
70666	2787	0.082874164
70666	3663	0.082874164
70703	581	0.069281586
70703	4342	0.06928158
70703	6198	0.06928158
70703	1349	0.06928157
70703	2552	0.06928157
70703	719	0.06928156
70703	875	0.06928156
70703	2787	0.06928156
70703	3556	0.06928156
70703	3605	0.06928156
70772	581	0.06345953
70772	4342	0.06345953
70772	6198	0.06345953
70772	875	0.06345952
70772	2552	0.06345952
70772	719	0.063459516
70772	880	0.063459516
70772	1349	0.063459516
70772	2651	0.063459516
70772	2787	0.063459516
70864	581	0.043554023
70864	6198	0.043554023
70864	2552	0.04355402
70864	4342	0.04355402
70864	719	0.043554015
70864	1349	0.043554015
70864	3556	0.043554015
70864	3605	0.043554015
70864	3756	0.043554015
70864	2787	0.04355401
70878	581	0.07063562
70878	2552	0.07063562
70878	4342	0.07063562
70878	6198	0.07063562
70878	719	0.0706356
70878	875	0.0706356
70878	1349	0.0706356
70878	3556	0.0706356
70878	3605	0.0706356
70878	3756	0.0706356
70918	581	0.070946634
70918	2552	0.07094663
70918	719	0.07094662
70918	875	0.07094662
70918	1349	0.07094662
70918	3556	0.07094662
70918	4342	0.07094662
70918	6198	0.07094662
70918	3756	0.07094661
70918	365	0.070946604
70931	581	0.06730509
70931	2552	0.06730509
70931	4342	0.06730509
70931	6198	0.06730509
70931	719	0.06730508
70931	875	0.06730507
70931	1349	0.06730507
70931	2651	0.06730507
70931	3556	0.06730507
70931	3605	0.06730507
71102	581	0.07195576
71102	6198	0.07195576
71102	719	0.071955755
71102	2552	0.071955755
71102	4342	0.071955755
71102	1349	0.07195575
71102	3556	0.07195575
71102	875	0.07195574
71102	880	0.07195574
71102	2651	0.07195574
71162	581	0.051187925
71162	6198	0.051187925
71162	2552	0.05118792
71162	1349	0.051187918
71162	4342	0.051187918
71162	719	0.051187914
71162	3556	0.051187914
71162	2787	0.05118791
71162	3605	0.05118791
71162	3663	0.05118791
71181	6198	0.05937738
71181	2552	0.059377376
71181	581	0.059377372
71181	4342	0.059377372
71181	719	0.05937737
71181	3556	0.05937737
71181	875	0.059377365
71181	1349	0.059377365
71181	2787	0.059377365
71181	3605	0.059377365
71183	581	0.053933382
71183	4342	0.053933382
71183	2552	0.05393338
71183	6198	0.05393338
71183	1349	0.053933375
71183	719	0.05393337
71183	3556	0.05393337
71183	3605	0.053933367
71183	3756	0.053933367
71183	4218	0.053933367
71193	581	0.07171056
71193	2552	0.07171056
71193	4342	0.07171056
71193	6198	0.07171056
71193	1349	0.07171055
71193	3556	0.07171055
71193	719	0.07171054
71193	875	0.07171054
71193	880	0.07171054
71193	2651	0.07171054
71207	581	0.052244216
71207	2552	0.052244212
71207	6198	0.052244212
71207	1349	0.05224421
71207	4342	0.05224421
71207	719	0.052244205
71207	3556	0.052244205
71207	875	0.0522442
71207	2787	0.0522442
71207	3605	0.0522442
71223	581	0.062763326
71223	4342	0.062763326
71223	6198	0.062763326
71223	719	0.06276332
71223	1349	0.06276332
71223	1958	0.06276332
71223	2552	0.06276332
71223	3556	0.06276332
71223	3605	0.06276332
71223	4366	0.06276332
71234	581	0.04413732
71234	1349	0.044137314
71234	2552	0.044137314
71234	3556	0.044137314
71234	4342	0.044137314
71234	6198	0.044137314
71234	719	0.04413731
71234	875	0.044137307
71234	2651	0.044137307
71234	2787	0.044137307
71490	581	0.06082696
71490	2552	0.060826957
71490	6198	0.060826957
71490	4342	0.060826954
71490	719	0.06082695
71490	1349	0.06082695
71490	3556	0.06082695
71490	3605	0.060826946
71490	875	0.060826942
71490	2787	0.060826942
71522	581	0.09135247
71522	4342	0.09135247
71522	2552	0.09135246
71522	3605	0.09135246
71522	6198	0.09135246
71522	719	0.091352455
71522	1349	0.091352455
71522	875	0.09135245
71522	880	0.09135245
71522	2787	0.09135245
71587	581	0.055294484
71587	2552	0.055294484
71587	4342	0.055294484
71587	6198	0.055294484
71587	719	0.055294476
71587	1349	0.055294476
71587	3556	0.055294476
71587	3605	0.055294473
71587	3756	0.055294473
71587	365	0.05529447
71628	581	0.04919047
71628	6198	0.04919046
71628	2552	0.049190458
71628	4342	0.049190458
71628	719	0.049190454
71628	1349	0.049190454
71628	3556	0.049190454
71628	3605	0.049190454
71628	2787	0.04919045
71628	365	0.049190447
71662	581	0.06424144
71662	6198	0.06424144
71662	2552	0.06424143
71662	719	0.064241424
71662	875	0.064241424
71662	1349	0.064241424
71662	2787	0.064241424
71662	3556	0.064241424
71662	3605	0.064241424
71662	4342	0.064241424
71712	581	0.055648416
71712	2552	0.055648416
71712	6198	0.055648416
71712	1349	0.055648413
71712	4342	0.055648413
71712	719	0.05564841
71712	3556	0.05564841
71712	3605	0.05564841
71712	3756	0.055648405
71712	4218	0.055648405
71752	581	0.064204246
71752	4342	0.064204246
71752	6198	0.064204246
71752	2552	0.06420424
71752	3556	0.06420424
71752	719	0.06420423
71752	1349	0.06420423
71752	1958	0.06420423
71752	2787	0.06420423
71752	3422	0.06420423
71786	581	0.046825685
71786	2552	0.046825685
71786	4342	0.046825685
71786	6198	0.046825685
71786	3556	0.04682568
71786	719	0.046825677
71786	875	0.046825677
71786	1349	0.046825677
71786	3605	0.046825677
71786	3756	0.046825673
71800	581	0.07233433
71800	2552	0.07233433
71800	719	0.07233432
71800	3556	0.07233432
71800	4342	0.07233432
71800	6198	0.07233432
71800	1349	0.07233431
71800	365	0.072334304
71800	875	0.072334304
71800	880	0.072334304
71831	581	0.056785762
71831	2552	0.056785755
71831	4342	0.056785755
71831	6198	0.056785755
71831	719	0.056785747
71831	1349	0.056785747
71831	3556	0.056785747
71831	3605	0.056785744
71831	3756	0.056785744
71831	365	0.05678574
71853	581	0.06536975
71853	719	0.06536974
71853	1349	0.06536974
71853	2552	0.06536974
71853	3605	0.06536974
71853	4342	0.06536974
71853	6198	0.06536974
71853	2787	0.06536973
71853	3556	0.06536973
71853	365	0.065369725
71900	581	0.06821663
71900	2552	0.06821662
71900	6198	0.06821662
71900	719	0.068216614
71900	1349	0.068216614
71900	4342	0.068216614
71900	875	0.06821661
71900	3556	0.06821661
71900	3605	0.06821661
71900	3756	0.06821661
71902	581	0.06616491
71902	6198	0.06616491
71902	2552	0.0661649
71902	4342	0.0661649
71902	719	0.066164896
71902	875	0.066164896
71902	1349	0.066164896
71902	3556	0.066164896
71902	3605	0.066164896
71902	3756	0.066164896
72099	581	0.05518198
72099	6198	0.055181976
72099	2552	0.055181973
72099	4342	0.055181973
72099	3556	0.05518197
72099	719	0.055181965
72099	875	0.055181965
72099	1349	0.055181965
72099	3756	0.055181965
72099	3605	0.05518196
72100	581	0.054834045
72100	6198	0.054834045
72100	2552	0.05483404
72100	4342	0.05483404
72100	1349	0.054834038
72100	3556	0.054834038
72100	719	0.054834034
72100	365	0.05483403
72100	875	0.05483403
72100	2787	0.05483403
72183	581	0.043608017
72183	2552	0.043608014
72183	4342	0.043608014
72183	6198	0.043608014
72183	719	0.04360801
72183	1349	0.043608006
72183	3556	0.043608006
72183	365	0.043608002
72183	875	0.043608002
72183	2787	0.043608002
72190	581	0.074505374
72190	2552	0.074505374
72190	4342	0.074505374
72190	6198	0.074505374
72190	719	0.07450536
72190	1349	0.07450536
72190	2787	0.07450536
72190	3556	0.07450536
72190	3605	0.07450536
72190	875	0.07450535
72214	6198	0.07211851
72214	581	0.072118506
72214	719	0.072118506
72214	1349	0.072118506
72214	2552	0.072118506
72214	3556	0.072118506
72214	4342	0.072118506
72214	2787	0.0721185
72214	3605	0.0721185
72214	875	0.07211849
72238	6198	0.048209775
72238	581	0.04820977
72238	4342	0.048209768
72238	719	0.048209764
72238	1349	0.048209764
72238	2552	0.048209764
72238	3556	0.048209764
72238	3605	0.048209764
72238	365	0.048209757
72238	875	0.048209757
72287	581	0.060687043
72287	6198	0.06068704
72287	2552	0.060687035
72287	4342	0.060687035
72287	1349	0.06068703
72287	3605	0.06068703
72287	3556	0.060687028
72287	719	0.060687024
72287	875	0.06068702
72287	1958	0.06068702
72296	581	0.07004266
72296	2552	0.07004266
72296	6198	0.07004266
72296	1349	0.070042655
72296	3556	0.070042655
72296	4342	0.070042655
72296	719	0.07004265
72296	875	0.07004265
72296	3605	0.07004265
72296	365	0.07004264
72352	581	0.042026054
72352	1349	0.04202605
72352	2552	0.04202605
72352	4342	0.04202605
72352	6198	0.04202605
72352	719	0.042026047
72352	3556	0.042026047
72352	875	0.042026043
72352	2651	0.042026043
72352	2787	0.042026043
72368	581	0.06760706
72368	2552	0.06760705
72368	4342	0.06760705
72368	6198	0.06760705
72368	719	0.067607045
72368	1349	0.067607045
72368	3556	0.067607045
72368	3605	0.067607045
72368	875	0.06760704
72368	880	0.06760704
72418	581	0.0800316
72418	6198	0.0800316
72418	2552	0.080031596
72418	4342	0.080031596
72418	719	0.08003159
72418	875	0.08003159
72418	1349	0.08003159
72418	2787	0.08003159
72418	3556	0.08003159
72418	3605	0.08003159
72451	581	0.06592113
72451	1349	0.06592111
72451	2552	0.06592111
72451	3556	0.06592111
72451	3605	0.06592111
72451	4342	0.06592111
72451	6198	0.06592111
72451	719	0.065921105
72451	875	0.065921105
72451	1958	0.065921105
72470	581	0.06380412
72470	2552	0.06380411
72470	6198	0.06380411
72470	719	0.063804105
72470	1349	0.063804105
72470	3556	0.063804105
72470	4342	0.063804105
72470	365	0.0638041
72470	875	0.0638041
72470	2651	0.0638041
72523	581	0.057282798
72523	2552	0.057282798
72523	4342	0.057282798
72523	6198	0.057282798
72523	719	0.05728279
72523	1349	0.05728279
72523	3556	0.05728279
72523	3605	0.05728279
72523	875	0.057282783
72523	880	0.057282783
72530	581	0.06038878
72530	2552	0.06038878
72530	6198	0.06038878
72530	4342	0.060388777
72530	719	0.060388774
72530	1349	0.060388774
72530	3556	0.06038877
72530	875	0.060388766
72530	2787	0.060388766
72530	3605	0.060388766
72575	581	0.055216566
72575	2552	0.055216566
72575	4342	0.055216566
72575	6198	0.055216566
72575	719	0.05521656
72575	1349	0.05521656
72575	3556	0.05521656
72575	3605	0.05521656
72575	875	0.05521655
72575	880	0.05521655
72601	581	0.049797617
72601	2552	0.04979761
72601	4342	0.04979761
72601	6198	0.04979761
72601	3556	0.049797606
72601	719	0.049797602
72601	875	0.049797602
72601	1349	0.049797602
72601	3605	0.049797602
72601	3756	0.049797602
72636	581	0.048953507
72636	2552	0.048953503
72636	4342	0.048953503
72636	6198	0.048953503
72636	1349	0.0489535
72636	3556	0.0489535
72636	719	0.048953496
72636	875	0.048953496
72636	3605	0.048953496
72636	3756	0.048953496
72707	581	0.04770392
72707	4342	0.047703918
72707	719	0.047703914
72707	1349	0.047703914
72707	2552	0.047703914
72707	3556	0.047703914
72707	6198	0.047703914
72707	3605	0.04770391
72707	875	0.047703907
72707	880	0.047703907
72742	581	0.054934092
72742	2552	0.054934092
72742	4342	0.054934092
72742	6198	0.054934092
72742	719	0.054934084
72742	1349	0.054934084
72742	3556	0.054934084
72742	3605	0.054934084
72742	3756	0.05493408
72742	875	0.054934077
72785	581	0.058339
72785	2552	0.058338992
72785	4342	0.058338992
72785	6198	0.058338992
72785	719	0.058338985
72785	1349	0.058338985
72785	3556	0.058338985
72785	3605	0.058338985
72785	875	0.058338977
72785	2787	0.058338977
72990	581	0.06369506
72990	2552	0.06369506
72990	4342	0.06369506
72990	6198	0.06369506
72990	719	0.06369505
72990	1349	0.06369505
72990	3556	0.06369505
72990	3605	0.06369505
72990	3756	0.06369505
72990	365	0.06369504
73003	581	0.05068324
73003	4342	0.050683234
73003	6198	0.050683234
73003	719	0.05068323
73003	1349	0.05068323
73003	2552	0.05068323
73003	3556	0.05068323
73003	3605	0.05068323
73003	875	0.050683223
73003	880	0.050683223
73022	581	0.052715518
73022	6198	0.052715518
73022	2552	0.052715514
73022	4342	0.052715514
73022	719	0.05271551
73022	1349	0.05271551
73022	3556	0.052715506
73022	875	0.052715503
73022	2787	0.052715503
73022	3605	0.052715503
73044	581	0.08052206
73044	4342	0.08052206
73044	6198	0.08052206
73044	2552	0.08052205
73044	719	0.080522045
73044	1349	0.080522045
73044	3556	0.080522045
73044	3605	0.080522045
73044	2787	0.08052204
73044	5147	0.08052204
73056	2552	0.048927218
73056	4342	0.048927218
73056	6198	0.048927218
73056	719	0.048927214
73056	1349	0.048927214
73056	875	0.04892721
73056	3556	0.04892721
73056	3605	0.04892721
73056	3756	0.04892721
73056	5214	0.04892721
73330	581	0.06509041
73330	4342	0.0650904
73330	6198	0.0650904
73330	1349	0.065090396
73330	2552	0.065090396
73330	719	0.06509039
73330	875	0.06509039
73330	880	0.06509039
73330	2651	0.06509039
73330	2787	0.06509039
73363	581	0.0524101
73363	2552	0.052410096
73363	4342	0.052410096
73363	6198	0.052410096
73363	719	0.052410092
73363	3556	0.052410092
73363	875	0.05241009
73363	1349	0.05241009
73363	3756	0.05241009
73363	5214	0.05241009
73394	581	0.0852956
73394	6198	0.0852956
73394	2552	0.085295595
73394	4342	0.085295595
73394	719	0.08529559
73394	875	0.08529559
73394	1349	0.08529559
73394	2787	0.08529559
73394	3556	0.08529559
73394	3605	0.08529559
73398	581	0.04000419
73398	2552	0.040004186
73398	4342	0.040004186
73398	6198	0.040004186
73398	719	0.040004183
73398	3556	0.040004183
73398	875	0.04000418
73398	1349	0.04000418
73398	3605	0.04000418
73398	3663	0.04000418
73548	581	0.03915589
73548	6198	0.03915589
73548	719	0.039155886
73548	2552	0.039155886
73548	3556	0.039155886
73548	4342	0.039155886
73548	1349	0.03915588
73548	3605	0.03915588
73548	365	0.039155878
73548	875	0.039155878
73588	581	0.0730827
73588	2552	0.0730827
73588	6198	0.0730827
73588	4342	0.07308269
73588	719	0.073082685
73588	875	0.073082685
73588	1349	0.073082685
73588	3556	0.073082685
73588	3605	0.073082685
73588	880	0.07308268
73622	581	0.0442665
73622	6198	0.0442665
73622	2552	0.044266496
73622	4342	0.044266496
73622	1349	0.044266492
73622	3556	0.044266492
73622	3605	0.044266492
73622	719	0.04426649
73622	3756	0.04426649
73622	4218	0.04426649
73651	581	0.06935896
73651	6198	0.06935896
73651	2552	0.06935895
73651	719	0.069358945
73651	1349	0.069358945
73651	3556	0.069358945
73651	3605	0.069358945
73651	4342	0.069358945
73651	875	0.06935894
73651	1958	0.06935894
73681	2552	0.06781422
73681	4342	0.06781422
73681	6198	0.06781422
73681	581	0.067814216
73681	719	0.067814216
73681	875	0.067814216
73681	1349	0.067814216
73681	3556	0.067814216
73681	2651	0.06781421
73681	3663	0.06781421
73741	581	0.05127893
73741	2552	0.051278926
73741	4342	0.051278926
73741	6198	0.051278926
73741	1349	0.051278923
73741	3556	0.051278923
73741	719	0.05127892
73741	875	0.05127892
73741	3605	0.05127892
73741	3756	0.05127892
73795	581	0.04909899
73795	2552	0.049098987
73795	4342	0.049098987
73795	6198	0.049098987
73795	719	0.049098983
73795	3556	0.049098983
73795	1349	0.04909898
73795	365	0.049098976
73795	875	0.049098976
73795	3605	0.049098976
73837	581	0.052190013
73837	2552	0.05219001
73837	4342	0.052190006
73837	6198	0.052190006
73837	719	0.052190002
73837	1349	0.052190002
73837	875	0.05219
73837	880	0.05219
73837	3556	0.05219
73837	3605	0.05219
73923	581	0.07598314
73923	2552	0.07598314
73923	4342	0.07598314
73923	6198	0.07598314
73923	1349	0.07598313
73923	3556	0.07598313
73923	719	0.07598312
73923	875	0.07598312
73923	880	0.07598312
73923	1958	0.07598312
74026	581	0.07323217
74026	6198	0.07323217
74026	719	0.07323216
74026	1349	0.07323216
74026	2552	0.07323216
74026	4342	0.07323216
74026	3556	0.07323215
74026	3605	0.07323215
74026	365	0.073232144
74026	875	0.073232144
74056	6198	0.065662526
74056	581	0.06566252
74056	719	0.06566252
74056	2552	0.06566252
74056	4342	0.06566252
74056	1349	0.06566251
74056	3556	0.06566251
74056	3605	0.06566251
74056	365	0.0656625
74056	875	0.0656625
74093	581	0.07188401
74093	4342	0.07188401
74093	6198	0.07188401
74093	719	0.071884006
74093	1349	0.071884006
74093	2552	0.071884006
74093	3605	0.071884006
74093	875	0.071884
74093	2651	0.071884
74093	3556	0.071884
74106	581	0.054519057
74106	6198	0.054519057
74106	4342	0.054519054
74106	2552	0.05451905
74106	3556	0.05451905
74106	3605	0.05451905
74106	719	0.054519046
74106	1349	0.054519046
74106	4218	0.054519042
74106	875	0.05451904
74175	581	0.05190704
74175	2552	0.05190704
74175	4342	0.051907036
74175	6198	0.051907036
74175	719	0.051907033
74175	1349	0.051907033
74175	3556	0.051907033
74175	3605	0.05190703
74175	875	0.051907025
74175	880	0.051907025
74185	581	0.04490219
74185	2552	0.044902187
74185	4342	0.044902183
74185	6198	0.044902183
74185	719	0.04490218
74185	1349	0.04490218
74185	3556	0.04490218
74185	875	0.044902176
74185	2651	0.044902176
74185	2787	0.044902176
74274	581	0.05394447
74274	6198	0.05394447
74274	2552	0.053944465
74274	4342	0.053944465
74274	719	0.053944457
74274	1349	0.053944457
74274	3556	0.053944457
74274	3605	0.053944457
74274	875	0.053944454
74274	2651	0.053944454
74286	581	0.07268088
74286	719	0.072680876
74286	2552	0.072680876
74286	4342	0.072680876
74286	6198	0.072680876
74286	1349	0.07268087
74286	3556	0.07268087
74286	365	0.07268086
74286	875	0.07268086
74286	1958	0.07268086
74328	6198	0.051072903
74328	581	0.0510729
74328	719	0.051072896
74328	1349	0.051072896
74328	2552	0.051072896
74328	3556	0.051072896
74328	4342	0.051072896
74328	3605	0.05107289
74328	875	0.051072888
74328	2651	0.051072888
74356	581	0.06181851
74356	4342	0.06181851
74356	6198	0.06181851
74356	2552	0.061818503
74356	3556	0.061818503
74356	719	0.0618185
74356	1349	0.0618185
74356	3605	0.0618185
74356	875	0.061818495
74356	2651	0.061818495
74453	581	0.058363505
74453	2552	0.058363497
74453	4342	0.058363497
74453	6198	0.058363497
74453	1349	0.058363494
74453	719	0.05836349
74453	3556	0.05836349
74453	3605	0.058363486
74453	3756	0.058363486
74453	365	0.058363482
74487	581	0.04994008
74487	6198	0.049940076
74487	2552	0.049940072
74487	4342	0.049940072
74487	719	0.049940065
74487	875	0.049940065
74487	1349	0.049940065
74487	2787	0.049940065
74487	3556	0.049940065
74487	3605	0.049940065
74493	581	0.07840173
74493	2552	0.07840173
74493	4342	0.07840173
74493	6198	0.07840173
74493	719	0.07840172
74493	875	0.078401715
74493	1349	0.078401715
74493	2651	0.078401715
74493	2787	0.078401715
74493	3556	0.078401715
74571	581	0.04409243
74571	4342	0.04409243
74571	6198	0.04409243
74571	2552	0.044092428
74571	719	0.044092424
74571	1349	0.044092424
74571	3556	0.044092424
74571	3605	0.04409242
74571	3756	0.04409242
74571	4218	0.04409242
74630	581	0.04419607
74630	2552	0.044196066
74630	4342	0.044196066
74630	6198	0.044196066
74630	719	0.04419606
74630	1349	0.04419606
74630	3556	0.04419606
74630	3605	0.044196058
74630	3756	0.044196058
74630	365	0.044196054
74665	581	0.06671928
74665	1349	0.06671928
74665	2552	0.06671928
74665	4342	0.06671928
74665	6198	0.06671928
74665	719	0.06671927
74665	3556	0.06671927
74665	3756	0.06671927
74665	365	0.066719264
74665	875	0.066719264
74687	581	0.06671824
74687	1349	0.066718236
74687	2552	0.066718236
74687	4342	0.066718236
74687	6198	0.066718236
74687	3556	0.06671823
74687	365	0.06671822
74687	719	0.06671822
74687	875	0.06671822
74687	1958	0.06671822
74689	581	0.06097933
74689	2552	0.06097932
74689	4342	0.06097932
74689	6198	0.06097932
74689	875	0.060979314
74689	1349	0.060979314
74689	3556	0.060979314
74689	5214	0.060979314
74689	2787	0.06097931
74689	3605	0.06097931
74691	581	0.060475357
74691	2552	0.060475357
74691	6198	0.060475357
74691	1349	0.06047535
74691	3556	0.06047535
74691	4342	0.06047535
74691	719	0.060475346
74691	3605	0.060475346
74691	875	0.060475342
74691	4218	0.060475342
74743	6198	0.06495971
74743	581	0.064959705
74743	2552	0.064959705
74743	3556	0.064959705
74743	4342	0.064959705
74743	719	0.0649597
74743	1349	0.0649597
74743	365	0.06495969
74743	875	0.06495969
74743	880	0.06495969
74758	581	0.052381407
74758	6198	0.052381404
74758	4342	0.0523814
74758	719	0.052381396
74758	1349	0.052381396
74758	2552	0.052381396
74758	3605	0.052381396
74758	3556	0.052381393
74758	875	0.05238139
74758	880	0.05238139
74833	581	0.05023209
74833	2552	0.050232086
74833	4342	0.050232086
74833	6198	0.050232086
74833	1349	0.050232083
74833	719	0.05023208
74833	3556	0.05023208
74833	3605	0.05023208
74833	3756	0.05023208
74833	365	0.050232075
74849	581	0.04464724
74849	6198	0.04464724
74849	2552	0.044647235
74849	4342	0.044647235
74849	719	0.04464723
74849	1349	0.04464723
74849	3556	0.04464723
74849	875	0.044647228
74849	3605	0.044647228
74849	3756	0.044647228
74911	581	0.053956807
74911	6198	0.053956807
74911	2552	0.053956803
74911	4342	0.053956803
74911	719	0.0539568
74911	1349	0.0539568
74911	3556	0.0539568
74911	365	0.05395679
74911	875	0.05395679
74911	880	0.05395679
75013	581	0.060728684
75013	6198	0.060728677
75013	2552	0.060728673
75013	1349	0.06072867
75013	3556	0.06072867
75013	4342	0.06072867
75013	719	0.060728665
75013	3605	0.060728665
75013	875	0.06072866
75013	2787	0.06072866
75028	581	0.06415774
75028	2552	0.06415774
75028	4342	0.06415774
75028	6198	0.06415774
75028	1349	0.06415773
75028	719	0.064157724
75028	875	0.064157724
75028	3556	0.064157724
75028	3605	0.064157724
75028	3663	0.064157724
75081	581	0.057199515
75081	6198	0.05719951
75081	2552	0.057199508
75081	4342	0.057199508
75081	719	0.057199504
75081	1349	0.057199504
75081	3556	0.057199504
75081	3605	0.0571995
75081	875	0.057199497
75081	2651	0.057199497
75089	581	0.058052797
75089	6198	0.058052797
75089	2552	0.058052793
75089	4342	0.058052793
75089	719	0.058052786
75089	1349	0.058052786
75089	3556	0.058052786
75089	2787	0.058052782
75089	3605	0.058052782
75089	3756	0.058052782
75115	581	0.062102444
75115	2552	0.062102444
75115	4342	0.062102444
75115	6198	0.062102444
75115	719	0.062102437
75115	1349	0.062102433
75115	875	0.06210243
75115	2787	0.06210243
75115	3556	0.06210243
75115	3605	0.06210243
75119	581	0.043885127
75119	719	0.04388512
75119	2552	0.04388512
75119	4342	0.04388512
75119	6198	0.04388512
75119	1349	0.043885116
75119	3556	0.043885116
75119	365	0.04388511
75119	875	0.04388511
75119	2787	0.04388511
75149	581	0.08290064
75149	2552	0.08290064
75149	4342	0.08290064
75149	6198	0.08290064
75149	719	0.08290063
75149	1349	0.08290063
75149	3556	0.08290063
75149	3605	0.08290063
75149	3756	0.08290063
75149	875	0.08290062
75330	581	0.05210101
75330	4342	0.05210101
75330	6198	0.05210101
75330	2552	0.052101005
75330	719	0.052101
75330	1349	0.052101
75330	3556	0.052101
75330	875	0.052100997
75330	3605	0.052100997
75330	365	0.052100994
75429	581	0.05988321
75429	2552	0.059883207
75429	6198	0.059883207
75429	4342	0.059883203
75429	1349	0.0598832
75429	719	0.059883196
75429	3556	0.059883196
75429	3605	0.059883196
75429	875	0.059883192
75429	3756	0.059883192
75485	581	0.07147485
75485	2552	0.07147484
75485	4342	0.07147484
75485	6198	0.07147484
75485	719	0.071474835
75485	1349	0.071474835
75485	3556	0.071474835
75485	3605	0.071474835
75485	3756	0.07147483
75485	365	0.07147482
75491	581	0.06684758
75491	4342	0.06684757
75491	719	0.06684756
75491	1349	0.06684756
75491	2552	0.06684756
75491	3556	0.06684756
75491	3605	0.06684756
75491	3756	0.06684756
75491	6198	0.06684756
75491	875	0.066847555
75551	581	0.056562476
75551	6198	0.056562476
75551	4342	0.056562472
75551	719	0.05656247
75551	1349	0.05656247
75551	2552	0.05656247
75551	3556	0.056562465
75551	875	0.05656246
75551	2787	0.05656246
75551	3605	0.05656246
75701	581	0.07308495
75701	2552	0.07308495
75701	4342	0.07308495
75701	6198	0.07308495
75701	719	0.07308494
75701	1349	0.073084936
75701	2651	0.073084936
75701	3556	0.073084936
75701	3605	0.073084936
75701	875	0.07308493
75762	581	0.059370674
75762	2552	0.05937067
75762	6198	0.05937067
75762	3556	0.059370667
75762	4342	0.059370667
75762	1349	0.059370663
75762	719	0.05937066
75762	875	0.05937066
75762	880	0.05937066
75762	2651	0.05937066
75777	581	0.03512021
75777	2552	0.03512021
75777	4342	0.03512021
75777	6198	0.03512021
75777	365	0.035120204
75777	719	0.035120204
75777	875	0.035120204
75777	1349	0.035120204
75777	2787	0.035120204
75777	3556	0.035120204
75787	581	0.040033378
75787	4342	0.04003337
75787	3556	0.040033367
75787	719	0.040033363
75787	875	0.040033363
75787	1349	0.040033363
75787	2651	0.040033363
75787	2787	0.040033363
75787	3605	0.040033363
75787	3756	0.040033363
75809	2552	0.059527103
75809	4342	0.059527103
75809	6198	0.059527103
75809	581	0.0595271
75809	719	0.0595271
75809	1349	0.059527095
75809	3556	0.059527095
75809	875	0.05952709
75809	2787	0.05952709
75809	3605	0.05952709
75819	581	0.064199366
75819	3605	0.06419936
75819	4342	0.06419936
75819	6198	0.06419936
75819	719	0.06419935
75819	1349	0.06419935
75819	3556	0.06419935
75819	875	0.06419934
75819	880	0.06419934
75819	1173	0.06419934
75860	581	0.05725409
75860	6198	0.05725409
75860	4342	0.057254087
75860	2552	0.057254083
75860	3556	0.057254083
75860	719	0.05725408
75860	1349	0.05725408
75860	3605	0.05725408
75860	875	0.057254076
75860	2787	0.057254076
76001	2552	0.08227828
76001	581	0.082278274
76001	1349	0.082278274
76001	4342	0.082278274
76001	6198	0.082278274
76001	719	0.08227827
76001	3605	0.08227827
76001	875	0.08227826
76001	3556	0.08227826
76001	3756	0.08227826
76019	581	0.07744126
76019	2552	0.07744126
76019	4342	0.07744126
76019	6198	0.07744126
76019	719	0.077441245
76019	1349	0.077441245
76019	3556	0.077441245
76019	3605	0.077441245
76019	3756	0.077441245
76019	875	0.07744124
76102	581	0.068372376
76102	6198	0.068372376
76102	719	0.06837237
76102	1349	0.06837237
76102	2552	0.06837237
76102	3556	0.06837237
76102	3605	0.06837237
76102	4342	0.06837237
76102	2787	0.06837236
76102	3756	0.06837236
76105	581	0.055930093
76105	2552	0.055930093
76105	4342	0.055930093
76105	6198	0.055930093
76105	719	0.055930085
76105	1349	0.055930085
76105	3556	0.055930085
76105	3605	0.055930085
76105	875	0.05593008
76105	880	0.055930078
76151	2552	0.06233474
76151	6198	0.062334735
76151	719	0.06233473
76151	1349	0.06233473
76151	875	0.062334727
76151	1958	0.062334724
76151	2651	0.062334724
76151	3663	0.062334724
76151	4342	0.062334724
76151	5553	0.062334724
76168	581	0.053890623
76168	6198	0.053890623
76168	2552	0.05389062
76168	4342	0.05389062
76168	719	0.053890616
76168	1349	0.053890616
76168	3556	0.053890612
76168	875	0.05389061
76168	2787	0.05389061
76168	3422	0.05389061
76173	581	0.046136305
76173	2552	0.046136305
76173	4342	0.046136305
76173	6198	0.046136305
76173	719	0.046136297
76173	875	0.046136297
76173	1349	0.046136297
76173	2787	0.046136297
76173	3556	0.046136297
76173	3663	0.046136297
76218	581	0.06385045
76218	2552	0.06385045
76218	4342	0.06385045
76218	6198	0.06385045
76218	719	0.06385044
76218	1349	0.06385044
76218	875	0.06385043
76218	880	0.06385043
76218	1958	0.06385043
76218	2787	0.06385043
76223	581	0.08901844
76223	6198	0.08901844
76223	2552	0.089018434
76223	3556	0.089018434
76223	4342	0.089018434
76223	1349	0.08901843
76223	719	0.08901842
76223	875	0.08901842
76223	880	0.08901842
76223	2787	0.08901842
76351	581	0.04424606
76351	2552	0.044246055
76351	4342	0.044246055
76351	6198	0.044246055
76351	719	0.04424605
76351	1349	0.044246048
76351	2787	0.044246048
76351	3556	0.044246048
76351	3605	0.044246048
76351	3663	0.044246048
76352	581	0.09296121
76352	2552	0.09296121
76352	4342	0.09296121
76352	6198	0.09296121
76352	719	0.09296119
76352	1349	0.09296119
76352	3556	0.09296119
76352	3605	0.09296119
76352	3756	0.09296119
76352	875	0.092961185
76482	581	0.05554332
76482	2552	0.05554331
76482	4342	0.05554331
76482	6198	0.05554331
76482	1349	0.055543307
76482	719	0.055543303
76482	3556	0.055543303
76482	3605	0.055543303
76482	875	0.0555433
76482	2787	0.0555433
76483	581	0.08059523
76483	1349	0.080595225
76483	2552	0.080595225
76483	4342	0.080595225
76483	6198	0.080595225
76483	719	0.08059522
76483	3556	0.08059522
76483	880	0.08059521
76483	1958	0.08059521
76483	2787	0.08059521
76530	581	0.07092143
76530	2552	0.07092143
76530	4342	0.07092143
76530	719	0.07092142
76530	1349	0.07092142
76530	3556	0.07092142
76530	6198	0.07092142
76530	875	0.07092141
76530	3756	0.07092141
76530	365	0.070921406
76532	581	0.06683343
76532	2552	0.06683342
76532	4342	0.06683342
76532	6198	0.06683342
76532	1349	0.066833414
76532	3556	0.066833414
76532	3605	0.066833414
76532	719	0.06683341
76532	875	0.06683341
76532	2651	0.06683341
76576	581	0.067230895
76576	2552	0.067230895
76576	6198	0.067230895
76576	1349	0.06723089
76576	4342	0.06723089
76576	719	0.06723088
76576	875	0.06723088
76576	2787	0.06723088
76576	3556	0.06723088
76576	3605	0.06723088
76710	581	0.06353226
76710	2552	0.06353226
76710	6198	0.06353226
76710	3556	0.063532256
76710	4342	0.063532256
76710	365	0.06353225
76710	719	0.06353225
76710	875	0.06353225
76710	1349	0.06353225
76710	1958	0.06353225
76741	581	0.04820944
76741	6198	0.04820944
76741	2552	0.048209436
76741	4342	0.048209436
76741	1349	0.048209433
76741	3556	0.048209433
76741	719	0.04820943
76741	875	0.04820943
76741	2787	0.04820943
76741	3605	0.04820943
76803	2552	0.06592952
76803	4342	0.06592952
76803	6198	0.06592952
76803	581	0.06592951
76803	719	0.0659295
76803	875	0.0659295
76803	1349	0.0659295
76803	3556	0.0659295
76803	3605	0.0659295
76803	2787	0.065929495
76812	581	0.063224226
76812	4342	0.06322422
76812	6198	0.06322422
76812	719	0.06322421
76812	1349	0.06322421
76812	2552	0.06322421
76812	3556	0.06322421
76812	875	0.063224204
76812	2787	0.063224204
76812	3756	0.063224204
76815	581	0.06063374
76815	2552	0.06063374
76815	6198	0.06063374
76815	4342	0.060633738
76815	719	0.060633734
76815	1349	0.060633734
76815	875	0.06063373
76815	3605	0.06063373
76815	365	0.060633726
76815	2651	0.060633726
76818	581	0.07219289
76818	6198	0.07219289
76818	4342	0.072192885
76818	719	0.07219288
76818	1349	0.07219288
76818	2552	0.07219288
76818	3556	0.07219288
76818	3605	0.07219288
76818	875	0.07219287
76818	880	0.07219287
76873	581	0.058290727
76873	2552	0.05829072
76873	4342	0.05829072
76873	6198	0.05829072
76873	1349	0.058290716
76873	719	0.058290713
76873	875	0.058290713
76873	3556	0.058290713
76873	3605	0.058290713
76873	365	0.058290705
76888	6198	0.07276632
76888	581	0.07276631
76888	719	0.072766304
76888	1349	0.072766304
76888	2552	0.072766304
76888	3556	0.072766304
76888	3605	0.072766304
76888	4342	0.072766304
76888	875	0.0727663
76888	365	0.07276629
76942	581	0.08858031
76942	2552	0.0885803
76942	6198	0.0885803
76942	719	0.088580295
76942	1349	0.088580295
76942	3556	0.088580295
76942	3605	0.088580295
76942	4342	0.088580295
76942	875	0.08858028
76942	880	0.08858028
76976	581	0.049016573
76976	6198	0.04901657
76976	2552	0.049016565
76976	4342	0.049016565
76976	1349	0.04901656
76976	3556	0.04901656
76976	719	0.049016558
76976	875	0.049016558
76976	2787	0.049016558
76976	3605	0.049016558
77039	581	0.07377838
77039	4342	0.07377838
77039	719	0.073778376
77039	875	0.073778376
77039	2552	0.073778376
77039	6198	0.073778376
77039	1349	0.07377837
77039	3556	0.07377837
77039	3605	0.07377837
77039	880	0.07377836
77052	581	0.07252672
77052	2552	0.07252672
77052	4342	0.07252672
77052	6198	0.07252672
77052	1349	0.072526716
77052	719	0.07252671
77052	875	0.07252671
77052	2651	0.07252671
77052	2787	0.07252671
77052	3556	0.07252671
77181	581	0.072932005
77181	2552	0.072932005
77181	4342	0.072932005
77181	6198	0.072932005
77181	719	0.072932
77181	1349	0.072932
77181	875	0.07293199
77181	880	0.07293199
77181	2651	0.07293199
77181	2787	0.07293199
77261	581	0.060243003
77261	6198	0.060243003
77261	2552	0.060243
77261	4342	0.060243
77261	1349	0.060242996
77261	719	0.060242992
77261	2787	0.06024299
77261	3556	0.06024299
77261	3605	0.06024299
77261	875	0.060242984
77273	581	0.05929298
77273	6198	0.05929298
77273	1349	0.059292972
77273	2552	0.059292972
77273	4342	0.059292972
77273	719	0.05929297
77273	3556	0.05929297
77273	3605	0.059292965
77273	3756	0.059292965
77273	4218	0.059292965
77307	581	0.05740542
77307	2552	0.057405412
77307	4342	0.057405412
77307	6198	0.057405412
77307	719	0.057405405
77307	1349	0.057405405
77307	3556	0.057405405
77307	875	0.0574054
77307	3605	0.0574054
77307	3756	0.0574054
77359	581	0.05368207
77359	4342	0.053682067
77359	6198	0.053682067
77359	719	0.05368206
77359	2552	0.05368206
77359	3556	0.05368206
77359	1349	0.053682055
77359	3605	0.053682055
77359	365	0.05368205
77359	875	0.05368205
77383	581	0.079417124
77383	2552	0.07941712
77383	4342	0.07941712
77383	6198	0.07941712
77383	719	0.07941711
77383	875	0.07941711
77383	1349	0.07941711
77383	2787	0.07941711
77383	3556	0.07941711
77383	3605	0.07941711
77480	581	0.064423636
77480	2552	0.064423636
77480	4342	0.064423636
77480	6198	0.064423636
77480	719	0.06442363
77480	1349	0.06442363
77480	3556	0.06442363
77480	3605	0.06442363
77480	875	0.06442362
77480	2651	0.06442362
77491	581	0.058059935
77491	4342	0.05805993
77491	6198	0.05805993
77491	719	0.058059923
77491	1349	0.058059923
77491	2552	0.058059923
77491	3556	0.058059923
77491	3605	0.058059923
77491	365	0.058059916
77491	875	0.058059916
77499	581	0.03652624
77499	2552	0.03652624
77499	4342	0.03652624
77499	6198	0.03652624
77499	719	0.036526233
77499	1349	0.036526233
77499	3556	0.036526233
77499	3605	0.036526233
77499	3756	0.036526233
77499	4218	0.036526233
77517	6198	0.053953633
77517	581	0.05395363
77517	2552	0.053953625
77517	3556	0.053953625
77517	4342	0.053953625
77517	719	0.05395362
77517	1349	0.05395362
77517	3605	0.05395362
77517	875	0.053953618
77517	3756	0.053953618
77585	581	0.05541499
77585	2552	0.055414982
77585	4342	0.055414982
77585	6198	0.055414982
77585	719	0.055414975
77585	1349	0.055414975
77585	3556	0.055414975
77585	3605	0.055414975
77585	875	0.05541497
77585	3756	0.05541497
77724	581	0.058287896
77724	2552	0.058287896
77724	4342	0.058287896
77724	6198	0.058287896
77724	719	0.05828789
77724	3556	0.05828789
77724	1349	0.058287885
77724	875	0.05828788
77724	2651	0.05828788
77724	2787	0.05828788
77772	4342	0.047201093
77772	6198	0.047201093
77772	581	0.04720109
77772	719	0.04720109
77772	2552	0.04720109
77772	3556	0.04720109
77772	1349	0.047201086
77772	875	0.047201082
77772	880	0.047201082
77772	2651	0.047201082
77809	6198	0.0752722
77809	4342	0.075272195
77809	719	0.07527219
77809	875	0.07527219
77809	1349	0.07527219
77809	2552	0.07527219
77809	3556	0.07527219
77809	3605	0.07527219
77809	3756	0.07527219
77809	365	0.07527218
77816	581	0.06722892
77816	2552	0.06722891
77816	4342	0.06722891
77816	6198	0.06722891
77816	719	0.067228906
77816	1349	0.067228906
77816	3556	0.067228906
77816	3605	0.067228906
77816	875	0.0672289
77816	880	0.0672289
77860	581	0.054269765
77860	2552	0.05426976
77860	4342	0.05426976
77860	6198	0.05426976
77860	719	0.054269753
77860	1349	0.054269753
77860	3556	0.054269753
77860	3605	0.054269753
77860	875	0.05426975
77860	2787	0.05426975
77868	581	0.058024675
77868	2552	0.058024667
77868	4342	0.058024667
77868	6198	0.058024667
77868	719	0.05802466
77868	1349	0.05802466
77868	3556	0.05802466
77868	875	0.058024656
77868	3605	0.058024656
77868	3756	0.058024656
77940	581	0.06793694
77940	2552	0.067936935
77940	6198	0.067936935
77940	719	0.06793693
77940	1349	0.06793693
77940	3556	0.06793693
77940	3605	0.06793693
77940	4342	0.06793693
77940	1958	0.06793692
77940	2787	0.06793692
77960	581	0.038085803
77960	6198	0.038085803
77960	4342	0.0380858
77960	719	0.038085796
77960	1349	0.038085796
77960	2552	0.038085796
77960	3556	0.038085796
77960	3605	0.038085796
77960	3756	0.038085796
77960	5214	0.038085796
78007	581	0.04847636
78007	2552	0.048476353
78007	3556	0.048476353
78007	4342	0.048476353
78007	6198	0.048476353
78007	719	0.04847635
78007	1349	0.04847635
78007	875	0.048476346
78007	2787	0.048476346
78007	3605	0.048476346
78015	581	0.073733434
78015	2552	0.073733434
78015	4342	0.073733434
78015	6198	0.073733434
78015	719	0.07373342
78015	1349	0.07373342
78015	3556	0.07373342
78015	3605	0.07373342
78015	875	0.07373341
78015	1958	0.07373341
78229	581	0.06314047
78229	2552	0.06314047
78229	6198	0.06314047
78229	4342	0.06314046
78229	719	0.06314045
78229	1349	0.06314045
78229	2651	0.06314045
78229	2787	0.06314045
78229	3556	0.06314045
78229	3605	0.06314045
78328	6198	0.07742358
78328	581	0.07742357
78328	2552	0.07742357
78328	4342	0.07742357
78328	1349	0.077423565
78328	3605	0.077423565
78328	719	0.07742356
78328	875	0.07742356
78328	2651	0.07742356
78328	2787	0.07742356
78440	581	0.078607626
78440	2552	0.078607626
78440	4342	0.078607626
78440	6198	0.078607626
78440	719	0.07860762
78440	3556	0.07860762
78440	1349	0.07860761
78440	875	0.078607604
78440	880	0.078607604
78440	1958	0.078607604
78448	581	0.08709331
78448	2552	0.0870933
78448	6198	0.0870933
78448	719	0.08709329
78448	4342	0.08709329
78448	1349	0.087093286
78448	3556	0.087093286
78448	3605	0.087093286
78448	365	0.08709328
78448	875	0.08709328
78471	581	0.05176331
78471	2552	0.05176331
78471	4342	0.05176331
78471	6198	0.05176331
78471	719	0.051763304
78471	1349	0.051763304
78471	3556	0.051763304
78471	3605	0.051763304
78471	875	0.0517633
78471	365	0.051763296
78496	6198	0.07245621
78496	581	0.0724562
78496	2552	0.0724562
78496	719	0.072456196
78496	1349	0.072456196
78496	3556	0.072456196
78496	4342	0.072456196
78496	875	0.07245619
78496	2651	0.07245619
78496	2787	0.07245619
78545	581	0.04557897
78545	4342	0.045578968
78545	6198	0.045578968
78545	719	0.045578964
78545	2552	0.045578964
78545	1349	0.04557896
78545	3556	0.04557896
78545	3605	0.04557896
78545	875	0.045578957
78545	3756	0.045578957
78564	581	0.05101054
78564	4342	0.05101054
78564	6198	0.05101054
78564	2552	0.051010538
78564	719	0.051010534
78564	1349	0.051010534
78564	3556	0.051010534
78564	3605	0.05101053
78564	875	0.051010527
78564	1958	0.051010527
78573	581	0.055607576
78573	6198	0.055607576
78573	2552	0.055607572
78573	4342	0.055607572
78573	719	0.05560757
78573	3556	0.05560757
78573	875	0.055607565
78573	1349	0.055607565
78573	3605	0.055607565
78573	3756	0.055607565
78589	581	0.05685173
78589	2552	0.056851726
78589	4342	0.056851726
78589	6198	0.056851726
78589	719	0.056851722
78589	1349	0.05685172
78589	3556	0.05685172
78589	875	0.056851715
78589	2651	0.056851715
78589	3605	0.056851715
78719	581	0.04929018
78719	4342	0.049290176
78719	6198	0.049290176
78719	1349	0.049290173
78719	2552	0.049290173
78719	3556	0.049290173
78719	719	0.04929017
78719	875	0.049290165
78719	2787	0.049290165
78719	3605	0.049290165
78778	6198	0.06962093
78778	581	0.06962092
78778	2552	0.06962092
78778	4342	0.06962092
78778	1349	0.069620915
78778	3556	0.069620915
78778	719	0.06962091
78778	875	0.06962091
78778	2651	0.06962091
78778	2787	0.06962091
78783	581	0.075696304
78783	4342	0.075696304
78783	6198	0.075696304
78783	2552	0.0756963
78783	719	0.07569629
78783	1349	0.07569629
78783	3556	0.07569629
78783	3605	0.07569629
78783	365	0.07569628
78783	875	0.07569628
78834	581	0.07415976
78834	2552	0.07415975
78834	4342	0.07415975
78834	6198	0.07415975
78834	3605	0.07415974
78834	3756	0.07415974
78834	875	0.074159734
78834	880	0.074159734
78834	1349	0.074159734
78834	3556	0.074159734
78841	581	0.064376265
78841	6198	0.06437626
78841	719	0.06437625
78841	1349	0.06437625
78841	2552	0.06437625
78841	3556	0.06437625
78841	4342	0.06437625
78841	875	0.06437624
78841	2787	0.06437624
78841	3605	0.06437624
78846	581	0.048894987
78846	6198	0.048894983
78846	1349	0.04889498
78846	2552	0.04889498
78846	3556	0.04889498
78846	4342	0.04889498
78846	719	0.048894975
78846	875	0.04889497
78846	1958	0.04889497
78846	2787	0.04889497
78901	581	0.04435432
78901	6198	0.04435432
78901	4342	0.044354316
78901	2552	0.044354312
78901	3556	0.044354312
78901	719	0.04435431
78901	1349	0.04435431
78901	365	0.044354305
78901	875	0.044354305
78901	880	0.044354305
79009	581	0.03714806
79009	6198	0.037148055
79009	719	0.03714805
79009	1349	0.03714805
79009	2552	0.03714805
79009	3605	0.03714805
79009	4342	0.03714805
79009	2787	0.037148047
79009	3663	0.037148047
79009	365	0.037148044
79055	581	0.06608941
79055	6198	0.06608941
79055	719	0.06608939
79055	1349	0.06608939
79055	2552	0.06608939
79055	2787	0.06608939
79055	3556	0.06608939
79055	3605	0.06608939
79055	4342	0.06608939
79055	5147	0.06608939
79089	581	0.058967106
79089	6198	0.058967106
79089	2552	0.058967102
79089	4342	0.058967102
79089	719	0.058967095
79089	1349	0.058967095
79089	3556	0.058967095
79089	2651	0.05896709
79089	2787	0.05896709
79089	3605	0.05896709
79172	581	0.05674562
79172	2552	0.056745615
79172	4342	0.056745615
79172	6198	0.056745615
79172	3556	0.05674561
79172	719	0.056745607
79172	1349	0.056745607
79172	875	0.056745604
79172	880	0.056745604
79172	2787	0.056745604
79182	581	0.04084449
79182	2552	0.04084449
79182	4342	0.04084449
79182	6198	0.04084449
79182	3556	0.040844485
79182	719	0.04084448
79182	1349	0.04084448
79182	3605	0.04084448
79182	365	0.040844478
79182	875	0.040844478
79186	581	0.06932898
79186	2552	0.06932898
79186	4342	0.06932898
79186	6198	0.06932898
79186	719	0.06932897
79186	3556	0.06932897
79186	365	0.069328964
79186	875	0.069328964
79186	880	0.069328964
79186	1349	0.069328964
79215	581	0.05062578
79215	6198	0.05062578
79215	4342	0.050625775
79215	1349	0.05062577
79215	2552	0.05062577
79215	3556	0.05062577
79215	719	0.050625768
79215	875	0.050625764
79215	1958	0.050625764
79215	2787	0.050625764
79266	6198	0.06413126
79266	581	0.06413125
79266	2552	0.06413125
79266	719	0.064131245
79266	1349	0.064131245
79266	3605	0.064131245
79266	4342	0.064131245
79266	875	0.06413124
79266	2787	0.06413124
79266	3556	0.06413124
79285	581	0.048635572
79285	4342	0.048635572
79285	6198	0.04863557
79285	1349	0.048635565
79285	2552	0.048635565
79285	3556	0.048635565
79285	719	0.04863556
79285	3605	0.04863556
79285	875	0.048635557
79285	880	0.048635557
79366	581	0.0496511
79366	6198	0.0496511
79366	2552	0.049651098
79366	3556	0.049651094
79366	4342	0.049651094
79366	1349	0.04965109
79366	719	0.049651086
79366	875	0.049651086
79366	2787	0.049651086
79366	3605	0.049651086
79556	581	0.06693494
79556	6198	0.066934936
79556	719	0.06693493
79556	1349	0.06693493
79556	2552	0.06693493
79556	3556	0.06693493
79556	3605	0.06693493
79556	4218	0.06693493
79556	4342	0.06693493
79556	875	0.06693492
79724	581	0.06643783
79724	2552	0.066437826
79724	3556	0.066437826
79724	4342	0.066437826
79724	6198	0.066437826
79724	719	0.06643782
79724	3605	0.06643782
79724	365	0.06643781
79724	875	0.06643781
79724	880	0.06643781
79736	581	0.075809285
79736	2552	0.07580928
79736	4342	0.07580928
79736	6198	0.07580928
79736	719	0.07580927
79736	875	0.07580927
79736	1349	0.07580927
79736	3556	0.07580927
79736	3605	0.07580927
79736	880	0.07580926
79740	581	0.06256047
79740	2552	0.06256047
79740	4342	0.06256047
79740	6198	0.06256047
79740	719	0.062560454
79740	1349	0.062560454
79740	2787	0.062560454
79740	3556	0.062560454
79740	3605	0.062560454
79740	3663	0.062560454
79747	581	0.05603212
79747	6198	0.05603212
79747	2552	0.056032117
79747	1349	0.056032114
79747	3556	0.056032114
79747	4342	0.056032114
79747	719	0.05603211
79747	3605	0.05603211
79747	875	0.056032106
79747	2787	0.056032106
79754	6198	0.065117344
79754	581	0.06511734
79754	719	0.06511733
79754	1349	0.06511733
79754	2552	0.06511733
79754	3556	0.06511733
79754	4342	0.06511733
79754	875	0.06511732
79754	2787	0.06511732
79754	3605	0.06511732
79923	581	0.0540698
79923	2552	0.054069795
79923	6198	0.054069795
79923	719	0.054069787
79923	1349	0.054069787
79923	3556	0.054069787
79923	4342	0.054069787
79923	875	0.054069784
79923	880	0.05406978
79923	2651	0.05406978
79942	581	0.0590785
79942	2552	0.059078492
79942	4342	0.059078492
79942	6198	0.059078492
79942	719	0.05907849
79942	875	0.059078485
79942	1349	0.059078485
79942	3556	0.059078485
79942	3605	0.059078485
79942	3756	0.059078485
79958	581	0.04767172
79958	2552	0.047671717
79958	4342	0.047671717
79958	719	0.047671713
79958	3556	0.047671713
79958	6198	0.047671713
79958	1349	0.04767171
79958	875	0.047671705
79958	2651	0.047671705
79958	2787	0.047671705
79961	581	0.07190946
79961	2552	0.07190946
79961	4342	0.07190946
79961	6198	0.07190946
79961	1349	0.07190945
79961	719	0.07190944
79961	875	0.07190944
79961	1958	0.07190944
79961	2651	0.07190944
79961	2787	0.07190944
79977	581	0.08940084
79977	2552	0.08940084
79977	6198	0.08940084
79977	4342	0.089400835
79977	719	0.08940083
79977	1349	0.08940083
79977	3556	0.08940083
79977	3605	0.08940083
79977	875	0.08940082
79977	3756	0.08940082
80036	581	0.07448868
80036	6198	0.07448867
80036	1349	0.07448866
80036	2552	0.07448866
80036	3605	0.07448866
80036	4342	0.07448866
80036	719	0.074488655
80036	875	0.074488655
80036	2651	0.074488655
80036	2787	0.074488655
80071	581	0.042030215
80071	4342	0.042030215
80071	6198	0.042030215
80071	719	0.042030208
80071	1349	0.042030208
80071	2552	0.042030208
80071	3556	0.042030208
80071	3605	0.042030208
80071	3756	0.042030204
80071	4218	0.042030204
80075	581	0.047313225
80075	6198	0.047313225
80075	1349	0.04731322
80075	2552	0.04731322
80075	4342	0.04731322
80075	719	0.047313217
80075	3556	0.047313217
80075	875	0.047313213
80075	2787	0.047313213
80075	3605	0.047313213
80105	581	0.05055321
80105	2552	0.050553206
80105	6198	0.050553206
80105	719	0.050553203
80105	3556	0.050553203
80105	4342	0.050553203
80105	1349	0.0505532
80105	875	0.050553195
80105	2651	0.050553195
80105	2787	0.050553195
80203	581	0.07415359
80203	6198	0.07415358
80203	1349	0.07415357
80203	2552	0.07415357
80203	3556	0.07415357
80203	4342	0.07415357
80203	719	0.074153565
80203	3605	0.074153565
80203	875	0.07415356
80203	1958	0.07415356
80234	581	0.061624512
80234	6198	0.061624512
80234	2552	0.06162451
80234	4342	0.06162451
80234	719	0.061624505
80234	1349	0.061624505
80234	3556	0.061624505
80234	3605	0.0616245
80234	875	0.061624497
80234	2787	0.061624497
80266	581	0.049454577
80266	2552	0.049454577
80266	4342	0.049454577
80266	6198	0.049454577
80266	719	0.04945457
80266	1349	0.04945457
80266	3556	0.04945457
80266	3605	0.04945457
80266	4218	0.049454566
80266	365	0.049454562
80323	581	0.06534627
80323	2552	0.06534627
80323	4342	0.06534627
80323	6198	0.06534627
80323	719	0.06534626
80323	3605	0.06534626
80323	3756	0.06534626
80323	365	0.065346256
80323	875	0.065346256
80323	880	0.065346256
80453	581	0.047888786
80453	6198	0.047888782
80453	2552	0.04788878
80453	3556	0.04788878
80453	4342	0.04788878
80453	719	0.047888774
80453	1349	0.047888774
80453	875	0.04788877
80453	2787	0.04788877
80453	3605	0.04788877
80516	581	0.047215603
80516	6198	0.0472156
80516	1349	0.047215596
80516	2552	0.047215596
80516	4342	0.047215596
80516	719	0.047215592
80516	3556	0.047215592
80516	875	0.04721559
80516	3605	0.04721559
80516	3756	0.04721559
80538	581	0.062527865
80538	6198	0.062527865
80538	2552	0.06252786
80538	719	0.06252785
80538	1349	0.06252785
80538	3556	0.06252785
80538	3605	0.06252785
80538	3756	0.06252785
80538	4342	0.06252785
80538	365	0.06252784
80555	581	0.06867272
80555	2552	0.06867272
80555	4342	0.06867272
80555	6198	0.06867272
80555	1349	0.06867271
80555	719	0.0686727
80555	875	0.0686727
80555	880	0.0686727
80555	2651	0.0686727
80555	2787	0.0686727
80642	581	0.059223436
80642	6198	0.059223432
80642	1349	0.05922343
80642	2552	0.05922343
80642	4342	0.05922343
80642	719	0.05922342
80642	3556	0.05922342
80642	3605	0.05922342
80642	3756	0.05922342
80642	875	0.059223417
80661	581	0.062325954
80661	6198	0.062325954
80661	2552	0.06232595
80661	4342	0.06232595
80661	719	0.062325947
80661	1349	0.062325943
80661	875	0.06232594
80661	3556	0.06232594
80661	3605	0.06232594
80661	3756	0.06232594
80683	581	0.061131466
80683	2552	0.061131462
80683	6198	0.061131462
80683	4342	0.06113146
80683	719	0.061131455
80683	1349	0.061131455
80683	3556	0.061131455
80683	3605	0.06113145
80683	2787	0.061131448
80683	3756	0.061131448
80684	581	0.04381463
80684	4342	0.04381463
80684	6198	0.04381463
80684	2552	0.043814626
80684	719	0.043814622
80684	875	0.043814622
80684	1349	0.043814622
80684	3556	0.043814622
80684	3605	0.043814622
80684	5214	0.043814622
80690	581	0.05197531
80690	6198	0.05197531
80690	2552	0.051975306
80690	719	0.051975302
80690	1349	0.051975302
80690	3556	0.051975302
80690	4342	0.051975302
80690	3605	0.0519753
80690	875	0.051975295
80690	880	0.051975295
80810	581	0.06623836
80810	2552	0.06623836
80810	4342	0.06623836
80810	6198	0.06623836
80810	719	0.06623835
80810	1349	0.06623835
80810	365	0.06623834
80810	875	0.06623834
80810	2787	0.06623834
80810	3556	0.06623834
80820	581	0.059384353
80820	2552	0.059384353
80820	6198	0.059384353
80820	3556	0.059384346
80820	4342	0.059384346
80820	719	0.059384342
80820	1349	0.059384342
80820	875	0.05938434
80820	2787	0.05938434
80820	3605	0.05938434
80826	581	0.0634202
80826	1349	0.06342019
80826	2552	0.06342019
80826	3556	0.06342019
80826	4342	0.06342019
80826	6198	0.06342019
80826	719	0.063420184
80826	2787	0.063420184
80826	3605	0.063420184
80826	97	0.06342018
80837	581	0.068463475
80837	2552	0.068463475
80837	4342	0.068463475
80837	6198	0.068463475
80837	3556	0.06846347
80837	719	0.06846346
80837	875	0.06846346
80837	880	0.06846346
80837	1349	0.06846346
80837	2651	0.06846346
80929	581	0.063134104
80929	2552	0.0631341
80929	4342	0.0631341
80929	719	0.06313409
80929	2787	0.06313409
80929	3556	0.06313409
80929	3605	0.06313409
80929	3756	0.06313409
80929	6198	0.06313409
80929	365	0.06313408
80945	2552	0.076752394
80945	6198	0.076752394
80945	581	0.07675238
80945	719	0.07675238
80945	1349	0.07675238
80945	3556	0.07675238
80945	3605	0.07675238
80945	4342	0.07675238
80945	2651	0.07675237
80945	2787	0.07675237
80954	6198	0.062416308
80954	581	0.062416304
80954	1349	0.0624163
80954	2552	0.0624163
80954	4342	0.0624163
80954	719	0.062416296
80954	3556	0.062416293
80954	3605	0.062416293
80954	3756	0.062416293
80954	365	0.062416285
80996	581	0.05190692
80996	6198	0.05190692
80996	2552	0.051906917
80996	4342	0.051906917
80996	719	0.051906914
80996	3556	0.051906914
80996	3605	0.051906914
80996	1349	0.05190691
80996	875	0.051906906
80996	2651	0.051906906
81015	581	0.055152126
81015	4342	0.055152122
81015	2552	0.05515212
81015	6198	0.05515212
81015	1349	0.055152114
81015	3556	0.055152114
81015	719	0.05515211
81015	875	0.05515211
81015	2787	0.05515211
81015	3605	0.05515211
81045	581	0.0688852
81045	2552	0.0688852
81045	719	0.06888519
81045	3556	0.06888519
81045	3605	0.06888519
81045	4342	0.06888519
81045	6198	0.06888519
81045	875	0.068885185
81045	1349	0.068885185
81045	3756	0.068885185
81064	6198	0.056096368
81064	581	0.056096364
81064	1349	0.05609636
81064	2552	0.05609636
81064	4342	0.05609636
81064	719	0.056096356
81064	2787	0.056096353
81064	3556	0.056096353
81064	3605	0.056096353
81064	3756	0.056096353
81088	581	0.06393127
81088	4342	0.06393127
81088	6198	0.06393127
81088	2552	0.063931264
81088	719	0.06393126
81088	1349	0.06393126
81088	2651	0.06393126
81088	3556	0.06393126
81088	3605	0.06393126
81088	875	0.06393125
81121	581	0.08875667
81121	2552	0.088756666
81121	4342	0.088756666
81121	6198	0.088756666
81121	719	0.08875665
81121	875	0.08875665
81121	1349	0.08875665
81121	3556	0.08875665
81121	3605	0.08875665
81121	3756	0.08875665
81136	581	0.062052034
81136	4342	0.062052034
81136	6198	0.062052034
81136	1349	0.062052026
81136	2552	0.062052026
81136	719	0.062052023
81136	3556	0.062052023
81136	3605	0.062052023
81136	875	0.06205202
81136	3756	0.06205202
81207	581	0.05286584
81207	2552	0.052865833
81207	4342	0.052865833
81207	6198	0.052865833
81207	1349	0.05286583
81207	3605	0.05286583
81207	719	0.052865826
81207	2787	0.052865826
81207	3556	0.052865826
81207	875	0.052865822
81216	581	0.05534605
81216	4342	0.05534605
81216	2552	0.055346046
81216	6198	0.055346046
81216	1349	0.055346042
81216	3556	0.055346042
81216	3605	0.055346042
81216	719	0.05534604
81216	365	0.055346034
81216	875	0.055346034
81249	581	0.066605814
81249	1349	0.06660581
81249	2552	0.06660581
81249	4342	0.06660581
81249	6198	0.06660581
81249	719	0.0666058
81249	3556	0.0666058
81249	365	0.06660579
81249	875	0.06660579
81249	1173	0.06660579
81263	581	0.07405996
81263	6198	0.074059956
81263	719	0.07405995
81263	2552	0.07405995
81263	3605	0.07405995
81263	4342	0.07405995
81263	875	0.07405994
81263	880	0.07405994
81263	1349	0.07405994
81263	2651	0.07405994
81274	581	0.07087368
81274	2552	0.07087368
81274	4342	0.07087368
81274	6198	0.07087368
81274	1349	0.07087367
81274	3556	0.07087367
81274	719	0.07087366
81274	875	0.07087366
81274	880	0.07087366
81274	2651	0.07087366
81298	6198	0.092690945
81298	581	0.09269094
81298	2552	0.09269093
81298	4342	0.09269093
81298	719	0.09269092
81298	875	0.092690915
81298	1349	0.092690915
81298	2787	0.092690915
81298	3556	0.092690915
81298	3605	0.092690915
81303	581	0.06468783
81303	2552	0.06468783
81303	4342	0.06468783
81303	6198	0.06468783
81303	719	0.064687826
81303	1349	0.064687826
81303	875	0.06468782
81303	880	0.06468782
81303	1958	0.06468782
81303	2651	0.06468782
81318	6198	0.08586025
81318	2552	0.085860245
81318	4342	0.085860245
81318	719	0.08586024
81318	1349	0.08586024
81318	3556	0.08586024
81318	3605	0.08586024
81318	2651	0.08586023
81318	2787	0.08586023
81318	3756	0.08586023
81324	581	0.054798923
81324	2552	0.054798923
81324	6198	0.054798923
81324	4342	0.05479892
81324	1349	0.054798916
81324	3556	0.054798916
81324	719	0.054798912
81324	3605	0.054798912
81324	875	0.05479891
81324	2787	0.05479891
81333	581	0.082349345
81333	2552	0.08234934
81333	6198	0.08234934
81333	1349	0.08234933
81333	3605	0.08234933
81333	4342	0.08234933
81333	719	0.08234932
81333	3556	0.08234932
81333	365	0.082349315
81333	875	0.082349315
81368	581	0.05597291
81368	2552	0.05597291
81368	4342	0.05597291
81368	6198	0.05597291
81368	719	0.055972904
81368	1349	0.055972904
81368	3556	0.055972904
81368	3605	0.0559729
81368	5214	0.0559729
81368	365	0.055972897
81434	581	0.06621841
81434	6198	0.06621841
81434	719	0.066218406
81434	2552	0.066218406
81434	4342	0.066218406
81434	1349	0.0662184
81434	3556	0.0662184
81434	3605	0.0662184
81434	4218	0.0662184
81434	365	0.06621839
81459	581	0.054259773
81459	2552	0.05425977
81459	4342	0.05425977
81459	6198	0.05425977
81459	719	0.054259762
81459	1349	0.054259762
81459	3556	0.054259762
81459	3605	0.05425976
81459	875	0.054259755
81459	2651	0.054259755
81484	581	0.0769935
81484	719	0.076993495
81484	2552	0.076993495
81484	4342	0.076993495
81484	6198	0.076993495
81484	1349	0.07699349
81484	3556	0.07699349
81484	3605	0.07699349
81484	875	0.07699348
81484	1173	0.07699348
81492	581	0.06468386
81492	2552	0.064683855
81492	4342	0.064683855
81492	6198	0.064683855
81492	719	0.06468384
81492	875	0.06468384
81492	1349	0.06468384
81492	1958	0.06468384
81492	2787	0.06468384
81492	3556	0.06468384
81578	581	0.047743548
81578	2552	0.047743544
81578	4342	0.047743544
81578	6198	0.047743544
81578	1349	0.047743537
81578	3556	0.047743537
81578	719	0.047743533
81578	2787	0.047743533
81578	3605	0.047743533
81578	365	0.04774353
81597	581	0.058968052
81597	4342	0.058968052
81597	6198	0.058968052
81597	2552	0.05896805
81597	1349	0.058968045
81597	719	0.05896804
81597	3556	0.05896804
81597	3605	0.05896804
81597	1958	0.058968037
81597	2651	0.058968037
81609	2552	0.05608014
81609	581	0.056080136
81609	4342	0.056080136
81609	6198	0.056080136
81609	719	0.056080133
81609	875	0.056080133
81609	1349	0.056080133
81609	3605	0.05608013
81609	2651	0.056080125
81609	2787	0.056080125
81672	581	0.049208127
81672	4342	0.049208127
81672	6198	0.049208127
81672	2552	0.049208123
81672	719	0.04920812
81672	1349	0.04920812
81672	3556	0.04920812
81672	3605	0.049208116
81672	3756	0.049208116
81672	365	0.049208112
81682	581	0.08461692
81682	719	0.084616914
81682	2552	0.084616914
81682	4342	0.084616914
81682	6198	0.084616914
81682	3556	0.08461691
81682	875	0.0846169
81682	880	0.0846169
81682	1349	0.0846169
81682	2651	0.0846169
81771	581	0.07456268
81771	6198	0.07456268
81771	2552	0.074562676
81771	4342	0.074562676
81771	719	0.07456267
81771	875	0.07456267
81771	1349	0.07456267
81771	3556	0.07456267
81771	3605	0.07456267
81771	880	0.07456266
81848	581	0.07158321
81848	719	0.0715832
81848	1349	0.0715832
81848	2552	0.0715832
81848	4342	0.0715832
81848	6198	0.0715832
81848	3556	0.07158319
81848	3605	0.07158319
81848	365	0.07158318
81848	875	0.07158318
81855	581	0.044184625
81855	6198	0.044184625
81855	4342	0.04418462
81855	719	0.044184618
81855	2552	0.044184618
81855	3556	0.044184618
81855	875	0.044184614
81855	1349	0.044184614
81855	3605	0.044184614
81855	3756	0.044184614
81865	581	0.05764807
81865	6198	0.057648066
81865	2552	0.057648063
81865	4342	0.057648063
81865	719	0.05764806
81865	3605	0.05764806
81865	875	0.057648055
81865	1349	0.057648055
81865	2787	0.057648055
81865	3556	0.057648055
81927	581	0.054174017
81927	4342	0.054174013
81927	6198	0.054174013
81927	1349	0.05417401
81927	2552	0.05417401
81927	719	0.054174006
81927	3556	0.054174006
81927	3605	0.054174006
81927	3663	0.054174002
81927	4218	0.054174002
81950	6198	0.07408866
81950	581	0.074088655
81950	2552	0.074088655
81950	4342	0.074088655
81950	719	0.07408865
81950	875	0.07408865
81950	1349	0.07408865
81950	365	0.07408864
81950	2787	0.07408864
81950	3556	0.07408864
81977	581	0.064411215
81977	4342	0.06441121
81977	2552	0.0644112
81977	6198	0.0644112
81977	719	0.06441119
81977	875	0.06441119
81977	880	0.06441119
81977	1349	0.06441119
81977	2787	0.06441119
81977	3556	0.06441119
82164	6198	0.064005315
82164	581	0.06400531
82164	4342	0.06400531
82164	719	0.0640053
82164	1349	0.0640053
82164	2552	0.0640053
82164	3556	0.0640053
82164	3605	0.0640053
82164	3756	0.0640053
82164	5214	0.0640053
82391	581	0.057388812
82391	2552	0.057388805
82391	4342	0.057388805
82391	6198	0.057388805
82391	719	0.057388797
82391	1349	0.057388797
82391	3556	0.057388797
82391	3605	0.057388797
82391	875	0.057388794
82391	2787	0.057388794
82407	581	0.068522215
82407	719	0.068522215
82407	875	0.068522215
82407	1349	0.068522215
82407	2552	0.068522215
82407	4342	0.068522215
82407	6198	0.068522215
82407	2787	0.06852221
82407	3556	0.06852221
82407	3605	0.06852221
82497	581	0.056808453
82497	2552	0.05680845
82497	4342	0.05680845
82497	6198	0.05680845
82497	719	0.056808446
82497	1349	0.056808442
82497	3556	0.056808442
82497	3605	0.056808442
82497	875	0.05680844
82497	2787	0.05680844
82511	581	0.04901117
82511	2552	0.049011163
82511	4342	0.049011163
82511	6198	0.049011163
82511	3556	0.04901116
82511	719	0.049011156
82511	875	0.049011156
82511	1349	0.049011156
82511	2787	0.049011156
82511	3605	0.049011156
82608	581	0.058590554
82608	2552	0.058590554
82608	4342	0.058590554
82608	6198	0.058590554
82608	719	0.058590546
82608	1349	0.058590546
82608	3556	0.058590546
82608	3605	0.058590543
82608	365	0.05859054
82608	875	0.05859054
82628	6198	0.046930533
82628	581	0.04693053
82628	2552	0.04693053
82628	4342	0.04693053
82628	719	0.046930525
82628	1349	0.046930525
82628	875	0.04693052
82628	3556	0.04693052
82628	3605	0.04693052
82628	3756	0.04693052
82673	581	0.05017595
82673	2552	0.05017595
82673	4342	0.05017595
82673	6198	0.05017595
82673	719	0.050175942
82673	1349	0.050175942
82673	3556	0.050175942
82673	3605	0.05017594
82673	365	0.050175935
82673	875	0.050175935
82699	581	0.05544067
82699	2552	0.05544067
82699	6198	0.05544067
82699	4342	0.055440668
82699	719	0.055440664
82699	1349	0.055440664
82699	3556	0.055440664
82699	3605	0.05544066
82699	875	0.055440657
82699	880	0.055440657
82720	581	0.049024224
82720	2552	0.049024224
82720	4342	0.049024224
82720	6198	0.049024224
82720	1349	0.04902422
82720	719	0.049024217
82720	875	0.049024217
82720	2787	0.049024217
82720	3556	0.049024217
82720	3605	0.049024217
82751	581	0.068376586
82751	6198	0.068376586
82751	4342	0.06837658
82751	719	0.06837657
82751	1349	0.06837657
82751	1958	0.06837657
82751	2552	0.06837657
82751	2787	0.06837657
82751	3556	0.06837657
82751	3605	0.06837657
82808	581	0.042801462
82808	6198	0.04280146
82808	1349	0.042801455
82808	2552	0.042801455
82808	4342	0.042801455
82808	719	0.04280145
82808	3556	0.04280145
82808	365	0.042801447
82808	875	0.042801447
82808	2651	0.042801447
82825	581	0.07637401
82825	2552	0.07637401
82825	4342	0.07637401
82825	6198	0.076374
82825	719	0.076373994
82825	875	0.076373994
82825	1349	0.076373994
82825	2787	0.076373994
82825	3556	0.076373994
82825	3605	0.076373994
82831	581	0.07179681
82831	2552	0.07179681
82831	4342	0.07179681
82831	719	0.071796805
82831	6198	0.071796805
82831	875	0.0717968
82831	1349	0.0717968
82831	365	0.07179679
82831	880	0.07179679
82831	1211	0.07179679
82841	581	0.05948899
82841	2552	0.05948899
82841	6198	0.05948899
82841	1349	0.059488986
82841	4342	0.059488986
82841	719	0.059488982
82841	3556	0.059488982
82841	3605	0.059488982
82841	3756	0.05948898
82841	875	0.059488975
82893	581	0.08323716
82893	2552	0.083237156
82893	4342	0.083237156
82893	6198	0.083237156
82893	719	0.08323714
82893	875	0.08323714
82893	1349	0.08323714
82893	2787	0.08323714
82893	3556	0.08323714
82893	3605	0.08323714
82901	6198	0.060579285
82901	2552	0.06057928
82901	4342	0.06057928
82901	719	0.060579278
82901	1349	0.060579278
82901	3556	0.060579274
82901	875	0.06057927
82901	880	0.06057927
82901	2787	0.06057927
82901	3605	0.06057927
82942	581	0.04676226
82942	2552	0.046762258
82942	4342	0.046762258
82942	6198	0.046762258
82942	719	0.04676225
82942	875	0.04676225
82942	1349	0.04676225
82942	3556	0.04676225
82942	2787	0.046762247
82942	3605	0.046762247
82955	581	0.053506784
82955	6198	0.05350678
82955	2552	0.053506777
82955	4342	0.053506777
82955	1349	0.053506773
82955	719	0.05350677
82955	875	0.05350677
82955	3556	0.05350677
82955	3605	0.05350677
82955	3756	0.05350677
83069	581	0.04175964
83069	4342	0.041759636
83069	6198	0.041759636
83069	1349	0.041759633
83069	2552	0.041759633
83069	3556	0.041759633
83069	719	0.04175963
83069	3605	0.04175963
83069	365	0.041759625
83069	875	0.041759625
83109	581	0.043096475
83109	4342	0.043096475
83109	6198	0.043096475
83109	3556	0.04309647
83109	719	0.043096468
83109	1349	0.043096468
83109	2552	0.043096468
83109	3605	0.043096468
83109	3756	0.043096468
83109	2787	0.043096464
83110	581	0.09115969
83110	2552	0.09115969
83110	4342	0.09115969
83110	6198	0.09115969
83110	719	0.09115968
83110	875	0.09115967
83110	1349	0.09115967
83110	2787	0.09115967
83110	3556	0.09115967
83110	3605	0.09115967
83135	581	0.05568707
83135	4342	0.055687066
83135	6198	0.055687066
83135	2552	0.055687062
83135	719	0.05568706
83135	1349	0.05568706
83135	3556	0.05568706
83135	875	0.055687055
83135	3605	0.055687055
83135	3756	0.055687055
83166	581	0.060756244
83166	2552	0.060756244
83166	4342	0.060756244
83166	6198	0.060756244
83166	719	0.060756236
83166	1349	0.060756236
83166	3556	0.060756233
83166	3605	0.060756233
83166	875	0.06075623
83166	2651	0.06075623
83235	581	0.049446307
83235	6198	0.049446307
83235	4342	0.049446303
83235	719	0.0494463
83235	2552	0.0494463
83235	3556	0.0494463
83235	3605	0.0494463
83235	1349	0.049446296
83235	875	0.049446292
83235	1173	0.049446292
83239	581	0.08652992
83239	2552	0.08652991
83239	4342	0.08652991
83239	6198	0.08652991
83239	719	0.0865299
83239	3605	0.0865299
83239	875	0.086529896
83239	1349	0.086529896
83239	2787	0.086529896
83239	3556	0.086529896
83252	581	0.06415574
83252	2552	0.06415574
83252	4342	0.06415574
83252	6198	0.06415574
83252	719	0.064155735
83252	875	0.064155735
83252	1349	0.064155735
83252	3556	0.064155735
83252	365	0.06415573
83252	880	0.06415573
83287	581	0.06286706
83287	6198	0.06286706
83287	2552	0.06286705
83287	4342	0.06286705
83287	719	0.062867045
83287	875	0.062867045
83287	1349	0.062867045
83287	3556	0.062867045
83287	3605	0.062867045
83287	3756	0.062867045
83306	581	0.06462848
83306	719	0.06462848
83306	1349	0.06462848
83306	2552	0.06462848
83306	4342	0.06462848
83306	6198	0.06462848
83306	3556	0.064628474
83306	365	0.06462847
83306	875	0.06462847
83306	1958	0.06462847
83383	581	0.060566217
83383	2552	0.06056621
83383	4342	0.06056621
83383	6198	0.06056621
83383	719	0.0605662
83383	1349	0.0605662
83383	3556	0.0605662
83383	3605	0.0605662
83383	875	0.060566198
83383	2787	0.060566198
83390	581	0.060749754
83390	4342	0.06074975
83390	1349	0.060749747
83390	2552	0.060749747
83390	3605	0.060749747
83390	6198	0.060749747
83390	719	0.060749743
83390	875	0.06074974
83390	2787	0.06074974
83390	3556	0.06074974
83431	581	0.075950846
83431	6198	0.075950846
83431	2552	0.07595084
83431	719	0.07595083
83431	1349	0.07595083
83431	3556	0.07595083
83431	3605	0.07595083
83431	3756	0.07595083
83431	4342	0.07595083
83431	875	0.07595082
83443	581	0.08189545
83443	4342	0.08189545
83443	719	0.08189544
83443	2552	0.08189544
83443	6198	0.08189544
83443	1349	0.08189543
83443	3556	0.08189543
83443	3605	0.08189543
83443	875	0.081895426
83443	880	0.081895426
83496	581	0.0778475
83496	2552	0.077847496
83496	4342	0.077847496
83496	6198	0.077847496
83496	719	0.07784749
83496	1349	0.07784749
83496	3556	0.07784749
83496	875	0.07784748
83496	1958	0.07784748
83496	2651	0.07784748
83561	581	0.05919058
83561	6198	0.05919058
83561	719	0.05919057
83561	1349	0.05919057
83561	2552	0.05919057
83561	3556	0.05919057
83561	4342	0.05919057
83561	875	0.059190564
83561	2787	0.059190564
83561	3605	0.059190564
83637	2552	0.07946886
83637	4342	0.07946886
83637	6198	0.07946886
83637	1349	0.079468854
83637	3556	0.079468854
83637	719	0.07946885
83637	875	0.07946885
83637	3605	0.07946885
83637	3663	0.07946885
83637	4218	0.07946885
83646	2552	0.05208433
83646	4342	0.05208433
83646	6198	0.05208433
83646	1349	0.052084327
83646	719	0.052084323
83646	3556	0.052084323
83646	875	0.05208432
83646	880	0.05208432
83646	2787	0.05208432
83646	3605	0.05208432
83671	6198	0.08435063
83671	4342	0.08435062
83671	719	0.084350616
83671	2552	0.084350616
83671	3556	0.084350616
83671	875	0.08435061
83671	1349	0.08435061
83671	3605	0.08435061
83671	3756	0.08435061
83671	4218	0.08435061
83754	581	0.075347185
83754	6198	0.07534718
83754	719	0.07534717
83754	1349	0.07534717
83754	2552	0.07534717
83754	3556	0.07534717
83754	3605	0.07534717
83754	4342	0.07534717
83754	2787	0.07534716
83754	365	0.075347155
83775	6198	0.06426796
83775	581	0.064267956
83775	4342	0.064267956
83775	719	0.06426795
83775	1349	0.06426795
83775	2552	0.06426795
83775	3556	0.06426795
83775	3605	0.06426795
83775	2651	0.06426794
83775	2787	0.06426794
83842	2552	0.07197144
83842	6198	0.07197144
83842	581	0.07197143
83842	719	0.07197143
83842	875	0.07197143
83842	1349	0.07197143
83842	3556	0.07197143
83842	4342	0.07197143
83842	3605	0.071971424
83842	3756	0.071971424
83971	581	0.05811747
83971	6198	0.05811747
83971	2552	0.058117464
83971	4342	0.058117464
83971	719	0.05811746
83971	3556	0.05811746
83971	875	0.058117457
83971	1349	0.058117457
83971	3605	0.058117457
83971	3756	0.058117457
84024	581	0.061555233
84024	4342	0.06155523
84024	6198	0.06155523
84024	2552	0.061555225
84024	719	0.06155522
84024	1349	0.06155522
84024	3605	0.06155522
84024	3556	0.061555218
84024	875	0.061555214
84024	2787	0.061555214
84126	581	0.062113255
84126	2552	0.06211325
84126	4342	0.06211325
84126	6198	0.06211325
84126	719	0.06211324
84126	875	0.06211324
84126	1349	0.06211324
84126	2787	0.06211324
84126	3556	0.06211324
84126	3605	0.06211324
84146	581	0.08139774
84146	2552	0.08139774
84146	4342	0.08139774
84146	6198	0.08139774
84146	719	0.081397735
84146	875	0.081397735
84146	1349	0.081397735
84146	3556	0.081397735
84146	3605	0.081397735
84146	880	0.08139773
84178	581	0.06096153
84178	6198	0.06096153
84178	2552	0.060961526
84178	4342	0.060961526
84178	719	0.060961522
84178	1349	0.060961522
84178	3556	0.06096152
84178	875	0.060961515
84178	3605	0.060961515
84178	880	0.06096151
84201	581	0.060172006
84201	2552	0.060172
84201	6198	0.060172
84201	4342	0.060171995
84201	1349	0.06017199
84201	3556	0.06017199
84201	719	0.060171988
84201	3605	0.060171988
84201	875	0.060171984
84201	2651	0.060171984
84427	581	0.0572849
84427	2552	0.0572849
84427	4342	0.0572849
84427	6198	0.057284895
84427	719	0.05728489
84427	875	0.05728489
84427	1349	0.05728489
84427	3556	0.05728489
84427	3605	0.057284888
84427	3756	0.057284888
84479	581	0.046479236
84479	2552	0.046479233
84479	4342	0.046479233
84479	6198	0.046479233
84479	719	0.046479225
84479	1349	0.046479225
84479	3556	0.046479225
84479	3605	0.046479225
84479	3663	0.04647922
84479	3756	0.04647922
84523	581	0.09324516
84523	2552	0.09324516
84523	4342	0.09324516
84523	6198	0.093245156
84523	719	0.09324515
84523	1349	0.09324515
84523	3556	0.09324515
84523	3605	0.09324515
84523	875	0.09324514
84523	3756	0.09324514
84729	581	0.060428336
84729	6198	0.060428336
84729	2552	0.06042833
84729	4342	0.06042833
84729	1349	0.060428325
84729	3556	0.060428325
84729	719	0.06042832
84729	875	0.06042832
84729	2787	0.06042832
84729	3605	0.06042832
84795	581	0.09197714
84795	6198	0.091977134
84795	2552	0.09197713
84795	3605	0.09197713
84795	4342	0.09197713
84795	719	0.09197712
84795	1349	0.09197712
84795	2787	0.09197712
84795	3556	0.09197712
84795	3756	0.09197711
84820	581	0.07759613
84820	2552	0.07759613
84820	4342	0.07759613
84820	6198	0.07759613
84820	719	0.07759611
84820	875	0.07759611
84820	1349	0.07759611
84820	3556	0.07759611
84820	3605	0.07759611
84820	3756	0.07759611
84866	581	0.05215738
84866	2552	0.052157372
84866	4342	0.052157372
84866	6198	0.052157372
84866	719	0.05215737
84866	1349	0.05215737
84866	3556	0.05215737
84866	875	0.052157365
84866	2787	0.052157365
84866	3605	0.052157365
84882	581	0.05674678
84882	6198	0.05674678
84882	2552	0.056746777
84882	4342	0.056746777
84882	719	0.056746773
84882	1349	0.056746773
84882	3556	0.056746773
84882	3605	0.05674677
84882	875	0.056746766
84882	2651	0.056746766
84897	581	0.06371698
84897	2552	0.06371698
84897	4342	0.06371698
84897	6198	0.06371698
84897	1349	0.06371697
84897	3556	0.06371697
84897	719	0.06371696
84897	875	0.06371696
84897	2651	0.06371696
84897	2787	0.06371696
84900	2552	0.052364368
84900	581	0.052364364
84900	4342	0.052364364
84900	6198	0.052364364
84900	719	0.052364357
84900	875	0.052364357
84900	1349	0.052364357
84900	3556	0.052364357
84900	3756	0.052364357
84900	3605	0.052364353
84910	581	0.06491481
84910	719	0.06491479
84910	1349	0.06491479
84910	2552	0.06491479
84910	4342	0.06491479
84910	6198	0.06491479
84910	875	0.064914785
84910	2787	0.064914785
84910	3556	0.064914785
84910	3605	0.064914785
85033	581	0.06007864
85033	2552	0.060078636
85033	4342	0.060078636
85033	6198	0.060078636
85033	1349	0.060078632
85033	3556	0.060078632
85033	719	0.06007863
85033	3605	0.06007863
85033	2787	0.060078625
85033	4218	0.060078625
85043	581	0.06947377
85043	4342	0.069473766
85043	6198	0.069473766
85043	719	0.06947376
85043	1349	0.06947376
85043	2552	0.06947376
85043	3556	0.06947376
85043	3605	0.06947376
85043	1958	0.06947375
85043	2787	0.06947375
85256	581	0.057613716
85256	2552	0.057613708
85256	4342	0.057613708
85256	6198	0.057613708
85256	719	0.0576137
85256	1349	0.0576137
85256	3556	0.0576137
85256	3605	0.0576137
85256	875	0.057613697
85256	3756	0.057613697
85367	581	0.06636286
85367	719	0.06636286
85367	6198	0.06636286
85367	1349	0.06636285
85367	2552	0.06636285
85367	4342	0.06636285
85367	875	0.06636284
85367	880	0.06636284
85367	1173	0.06636284
85367	1958	0.06636284
85426	581	0.08463664
85426	6198	0.08463664
85426	2552	0.084636636
85426	4342	0.084636636
85426	719	0.08463663
85426	1349	0.08463663
85426	3556	0.08463663
85426	365	0.084636614
85426	875	0.084636614
85426	880	0.084636614
85433	581	0.08075368
85433	719	0.08075367
85433	1349	0.08075367
85433	2552	0.08075367
85433	4342	0.08075367
85433	6198	0.08075367
85433	875	0.08075366
85433	3556	0.08075366
85433	3605	0.08075366
85433	880	0.080753654
85455	581	0.034316007
85455	6198	0.034316007
85455	2552	0.034316003
85455	3556	0.034316003
85455	4342	0.034316003
85455	719	0.034316
85455	1349	0.034316
85455	3756	0.034316
85455	875	0.034315996
85455	880	0.034315996
85502	581	0.052286237
85502	4342	0.052286234
85502	6198	0.052286234
85502	2552	0.05228623
85502	719	0.052286226
85502	1349	0.052286226
85502	3556	0.052286226
85502	875	0.052286223
85502	2787	0.052286223
85502	3605	0.052286223
85526	581	0.07378547
85526	6198	0.07378546
85526	719	0.073785454
85526	2552	0.073785454
85526	3556	0.073785454
85526	4342	0.073785454
85526	1349	0.07378545
85526	3605	0.07378545
85526	3756	0.07378545
85526	365	0.07378544
85554	581	0.05806397
85554	6198	0.05806397
85554	2552	0.058063965
85554	4342	0.058063965
85554	719	0.058063958
85554	3605	0.058063958
85554	875	0.058063954
85554	1349	0.058063954
85554	3556	0.058063954
85554	2787	0.05806395
85587	581	0.06329827
85587	2552	0.06329826
85587	4342	0.06329826
85587	6198	0.06329826
85587	1349	0.063298255
85587	3556	0.063298255
85587	3605	0.063298255
85587	719	0.06329825
85587	875	0.06329825
85587	2651	0.06329825
85656	581	0.08822794
85656	6198	0.08822794
85656	2552	0.088227935
85656	4342	0.088227935
85656	719	0.08822793
85656	1349	0.08822793
85656	3556	0.08822793
85656	3605	0.08822793
85656	2787	0.08822792
85656	3663	0.08822792
85701	581	0.045020107
85701	6198	0.045020103
85701	4342	0.0450201
85701	719	0.045020096
85701	1349	0.045020096
85701	2552	0.045020096
85701	3556	0.045020096
85701	3605	0.045020096
85701	4218	0.045020092
85701	365	0.04502009
85757	581	0.050662007
85757	2552	0.050662003
85757	4342	0.050662003
85757	6198	0.050662003
85757	719	0.050661996
85757	1349	0.050661996
85757	3556	0.050661996
85757	3605	0.050661996
85757	3756	0.050661996
85757	365	0.05066199
85833	581	0.06299035
85833	2552	0.06299035
85833	6198	0.06299035
85833	1349	0.062990345
85833	4342	0.062990345
85833	719	0.06299034
85833	875	0.06299034
85833	2651	0.06299034
85833	2787	0.06299034
85833	3556	0.06299034
85851	581	0.06875155
85851	2552	0.068751544
85851	4342	0.068751544
85851	6198	0.068751544
85851	719	0.06875154
85851	1349	0.06875154
85851	365	0.06875153
85851	875	0.06875153
85851	2787	0.06875153
85851	3422	0.06875153
85872	581	0.067974515
85872	6198	0.067974515
85872	4342	0.06797451
85872	719	0.0679745
85872	1349	0.0679745
85872	2552	0.0679745
85872	365	0.06797449
85872	875	0.06797449
85872	880	0.06797449
85872	1173	0.06797449
85962	581	0.05010791
85962	2552	0.050107904
85962	4342	0.050107904
85962	6198	0.050107904
85962	719	0.0501079
85962	1349	0.0501079
85962	3556	0.0501079
85962	875	0.050107896
85962	3605	0.050107896
85962	3756	0.050107896
85992	581	0.061254643
85992	2552	0.061254635
85992	4342	0.061254635
85992	6198	0.061254635
85992	719	0.06125463
85992	3556	0.06125463
85992	1349	0.061254628
85992	3605	0.061254628
85992	3756	0.061254624
85992	365	0.06125462
85993	581	0.060091577
85993	6198	0.060091577
85993	2552	0.060091574
85993	4342	0.060091574
85993	719	0.06009157
85993	1349	0.06009157
85993	3556	0.06009157
85993	3605	0.060091566
85993	875	0.060091563
85993	2787	0.060091563
86033	581	0.06837788
86033	2552	0.06837788
86033	4342	0.06837788
86033	6198	0.06837788
86033	719	0.068377875
86033	1349	0.068377875
86033	875	0.06837787
86033	2651	0.06837787
86033	2787	0.06837787
86033	3556	0.06837787
86051	581	0.048401963
86051	6198	0.048401963
86051	719	0.04840196
86051	2552	0.04840196
86051	3556	0.04840196
86051	4342	0.04840196
86051	1349	0.048401956
86051	3605	0.048401956
86051	875	0.04840195
86051	880	0.04840195
86093	581	0.06003671
86093	6198	0.06003671
86093	2552	0.060036708
86093	4342	0.060036704
86093	719	0.0600367
86093	875	0.060036696
86093	1349	0.060036696
86093	3556	0.060036696
86093	3605	0.060036696
86093	2651	0.060036693
86123	581	0.069941424
86123	1349	0.06994142
86123	2552	0.06994142
86123	4342	0.06994142
86123	6198	0.06994142
86123	719	0.06994141
86123	365	0.0699414
86123	875	0.0699414
86123	1211	0.0699414
86123	2651	0.0699414
86145	581	0.068895996
86145	719	0.068895996
86145	1349	0.068895996
86145	2552	0.068895996
86145	4342	0.068895996
86145	6198	0.068895996
86145	3556	0.06889599
86145	3605	0.06889599
86145	365	0.06889598
86145	875	0.06889598
86170	581	0.041901603
86170	6198	0.041901603
86170	4342	0.0419016
86170	719	0.041901596
86170	1349	0.041901596
86170	2552	0.041901596
86170	3556	0.041901596
86170	3756	0.041901592
86170	365	0.04190159
86170	875	0.04190159
86189	581	0.068175375
86189	4342	0.068175375
86189	6198	0.06817537
86189	719	0.06817536
86189	875	0.06817536
86189	1349	0.06817536
86189	2552	0.06817536
86189	3556	0.06817536
86189	3605	0.06817536
86189	3756	0.06817536
86202	581	0.06555282
86202	719	0.065552816
86202	1349	0.065552816
86202	2552	0.065552816
86202	3556	0.065552816
86202	4342	0.065552816
86202	6198	0.065552816
86202	875	0.06555281
86202	880	0.06555281
86202	2787	0.06555281
86242	581	0.059440408
86242	2552	0.059440404
86242	4342	0.059440404
86242	6198	0.059440404
86242	719	0.059440397
86242	1349	0.059440397
86242	3556	0.059440397
86242	3605	0.059440397
86242	875	0.059440393
86242	2787	0.059440393
86243	581	0.082120895
86243	4342	0.082120895
86243	2552	0.08212089
86243	719	0.08212088
86243	1349	0.08212088
86243	3556	0.08212088
86243	3605	0.08212088
86243	6198	0.08212088
86243	875	0.08212087
86243	365	0.082120866
86368	581	0.055966966
86368	6198	0.055966966
86368	1349	0.05596696
86368	2552	0.05596696
86368	3556	0.05596696
86368	4342	0.05596696
86368	719	0.055966955
86368	3605	0.055966955
86368	2787	0.05596695
86368	3756	0.05596695
86392	581	0.05840833
86392	2552	0.058408327
86392	4342	0.058408327
86392	6198	0.058408327
86392	719	0.05840832
86392	3556	0.05840832
86392	1349	0.058408316
86392	875	0.058408312
86392	3605	0.058408312
86392	3756	0.058408312
86408	581	0.07298163
86408	719	0.072981626
86408	875	0.072981626
86408	2552	0.072981626
86408	3556	0.072981626
86408	4342	0.072981626
86408	6198	0.072981626
86408	1349	0.07298162
86408	880	0.07298161
86408	1173	0.07298161
86419	2552	0.07163672
86419	581	0.071636714
86419	4342	0.071636714
86419	6198	0.071636714
86419	719	0.07163671
86419	1349	0.07163671
86419	3556	0.07163671
86419	3605	0.07163671
86419	875	0.0716367
86419	2787	0.0716367
86489	581	0.05158106
86489	2552	0.051581055
86489	4342	0.051581055
86489	6198	0.051581055
86489	719	0.051581047
86489	1349	0.051581047
86489	3556	0.051581047
86489	875	0.051581044
86489	3605	0.051581044
86489	365	0.05158104
86548	581	0.052996695
86548	2552	0.052996695
86548	4342	0.052996695
86548	6198	0.052996695
86548	1349	0.05299669
86548	719	0.052996688
86548	3556	0.052996688
86548	3605	0.052996688
86548	875	0.052996684
86548	3756	0.052996684
86555	581	0.06650526
86555	6198	0.06650526
86555	719	0.06650525
86555	1349	0.06650525
86555	2552	0.06650525
86555	3556	0.06650525
86555	3605	0.06650525
86555	4342	0.06650525
86555	875	0.066505246
86555	880	0.066505246
86641	581	0.043229163
86641	4342	0.043229163
86641	6198	0.043229163
86641	2552	0.04322916
86641	719	0.043229155
86641	1349	0.043229155
86641	3556	0.043229155
86641	2787	0.04322915
86641	3605	0.04322915
86641	3756	0.04322915
86720	581	0.07244368
86720	2552	0.07244367
86720	4342	0.07244367
86720	6198	0.07244367
86720	719	0.072443664
86720	875	0.072443664
86720	1349	0.072443664
86720	2787	0.072443664
86720	3556	0.072443664
86720	3605	0.072443664
86819	4342	0.05543991
86819	6198	0.05543991
86819	2552	0.055439908
86819	719	0.055439904
86819	1349	0.055439904
86819	3556	0.055439904
86819	3605	0.055439904
86819	365	0.055439897
86819	875	0.055439897
86819	880	0.055439897
86835	581	0.05411096
86835	4342	0.05411095
86835	6198	0.05411095
86835	2552	0.054110948
86835	3556	0.054110948
86835	719	0.054110944
86835	875	0.054110944
86835	1349	0.054110944
86835	3605	0.054110944
86835	2787	0.05411094
86906	581	0.055285923
86906	6198	0.05528592
86906	1349	0.055285916
86906	2552	0.055285916
86906	3556	0.055285916
86906	4342	0.055285916
86906	719	0.055285912
86906	875	0.05528591
86906	3605	0.05528591
86906	3756	0.05528591
86932	581	0.053377375
86932	6198	0.053377375
86932	4342	0.05337737
86932	719	0.053377368
86932	1349	0.053377368
86932	2552	0.053377368
86932	3556	0.053377368
86932	3605	0.053377368
86932	2787	0.053377364
86932	875	0.05337736
86959	581	0.06358936
86959	6198	0.06358936
86959	719	0.06358935
86959	2552	0.06358935
86959	3556	0.06358935
86959	4342	0.06358935
86959	880	0.06358934
86959	1349	0.06358934
86959	2787	0.06358934
86959	365	0.063589334
86969	581	0.052453063
86969	6198	0.052453063
86969	2552	0.052453056
86969	3556	0.052453056
86969	4342	0.052453056
86969	719	0.052453052
86969	1349	0.052453052
86969	2787	0.05245305
86969	3605	0.05245305
86969	3663	0.05245305
87051	581	0.054743342
87051	4342	0.054743335
87051	6198	0.054743335
87051	2552	0.05474333
87051	719	0.054743327
87051	1349	0.054743327
87051	3556	0.054743323
87051	3605	0.054743323
87051	875	0.05474332
87051	2787	0.05474332
87108	581	0.083894044
87108	2552	0.083894044
87108	4342	0.08389404
87108	6198	0.08389404
87108	719	0.08389403
87108	1349	0.08389403
87108	3556	0.08389403
87108	3756	0.08389403
87108	365	0.08389402
87108	875	0.08389402
87155	581	0.07949363
87155	2552	0.07949363
87155	4342	0.07949363
87155	6198	0.07949363
87155	719	0.07949361
87155	875	0.07949361
87155	1349	0.07949361
87155	2787	0.07949361
87155	3556	0.07949361
87155	3605	0.07949361
87302	581	0.073349655
87302	2552	0.07334965
87302	4342	0.07334965
87302	6198	0.07334965
87302	719	0.07334964
87302	1349	0.07334964
87302	3556	0.07334964
87302	3605	0.07334964
87302	3756	0.07334964
87302	875	0.07334963
87351	581	0.06375968
87351	6198	0.06375968
87351	1349	0.06375967
87351	2552	0.06375967
87351	3556	0.06375967
87351	4342	0.06375967
87351	719	0.06375966
87351	3605	0.06375966
87351	875	0.063759655
87351	880	0.063759655
87401	581	0.052284323
87401	4342	0.052284323
87401	6198	0.052284323
87401	1349	0.05228432
87401	2552	0.05228432
87401	719	0.052284315
87401	3556	0.052284315
87401	3605	0.052284315
87401	875	0.05228431
87401	2651	0.05228431
87540	581	0.05721008
87540	6198	0.05721008
87540	2552	0.057210077
87540	4342	0.057210073
87540	719	0.05721007
87540	1349	0.05721007
87540	3556	0.05721007
87540	875	0.057210065
87540	2787	0.057210065
87540	3605	0.057210065
87555	581	0.12170825
87555	4342	0.121708244
87555	6198	0.121708244
87555	2552	0.12170824
87555	719	0.12170823
87555	1349	0.12170823
87555	3556	0.12170823
87555	3605	0.12170823
87555	5147	0.12170822
87555	875	0.121708214
87579	581	0.049992096
87579	719	0.049992092
87579	2552	0.049992092
87579	4342	0.049992092
87579	6198	0.049992092
87579	1349	0.04999209
87579	3556	0.04999209
87579	875	0.049992085
87579	3605	0.049992085
87579	3756	0.049992085
87688	581	0.045171637
87688	4342	0.045171633
87688	6198	0.045171633
87688	2552	0.04517163
87688	719	0.045171626
87688	1349	0.045171626
87688	3556	0.045171626
87688	3605	0.045171626
87688	3756	0.045171622
87688	365	0.04517162
87712	581	0.081199184
87712	2552	0.081199184
87712	4342	0.081199184
87712	6198	0.08119918
87712	719	0.08119917
87712	1349	0.08119917
87712	3556	0.08119917
87712	875	0.08119916
87712	2787	0.08119916
87712	3605	0.08119916
87820	581	0.053208172
87820	6198	0.053208172
87820	2552	0.05320817
87820	4342	0.05320817
87820	719	0.053208165
87820	1349	0.053208165
87820	3556	0.053208165
87820	875	0.053208157
87820	880	0.053208157
87820	2651	0.053208157
87911	581	0.09623652
87911	6198	0.09623652
87911	1349	0.09623651
87911	2552	0.09623651
87911	4342	0.09623651
87911	719	0.096236505
87911	3556	0.096236505
87911	3605	0.096236505
87911	875	0.0962365
87911	2787	0.0962365
87929	581	0.0651963
87929	6198	0.0651963
87929	719	0.06519629
87929	1349	0.06519629
87929	2552	0.06519629
87929	3556	0.06519629
87929	3605	0.06519629
87929	4342	0.06519629
87929	875	0.06519628
87929	2651	0.06519628
87938	581	0.07578854
87938	6198	0.07578854
87938	719	0.075788535
87938	2552	0.075788535
87938	4342	0.075788535
87938	875	0.07578853
87938	1349	0.07578853
87938	3556	0.07578853
87938	3605	0.07578853
87938	3663	0.07578852
87948	581	0.041849766
87948	2552	0.041849762
87948	4342	0.041849762
87948	6198	0.041849762
87948	3556	0.04184976
87948	719	0.041849755
87948	875	0.041849755
87948	1349	0.041849755
87948	3605	0.041849755
87948	3756	0.041849755
87949	581	0.05686335
87949	2552	0.056863345
87949	4342	0.056863345
87949	6198	0.056863345
87949	719	0.056863338
87949	875	0.056863338
87949	1349	0.056863338
87949	3556	0.056863338
87949	3605	0.056863338
87949	3756	0.056863334
87964	581	0.08286311
87964	2552	0.08286311
87964	6198	0.08286311
87964	4342	0.0828631
87964	719	0.08286309
87964	1349	0.08286309
87964	3556	0.08286309
87964	3605	0.082863085
87964	4218	0.082863085
87964	365	0.08286308
87974	581	0.07054907
87974	2552	0.07054907
87974	4342	0.07054907
87974	6198	0.07054907
87974	875	0.07054906
87974	719	0.070549056
87974	880	0.070549056
87974	1349	0.070549056
87974	2787	0.070549056
87974	3556	0.070549056
88029	581	0.058385827
88029	6198	0.058385823
88029	719	0.05838582
88029	1349	0.05838582
88029	2552	0.05838582
88029	3556	0.05838582
88029	4342	0.05838582
88029	875	0.05838581
88029	2787	0.05838581
88029	3605	0.05838581
88122	581	0.07728481
88122	2552	0.07728481
88122	4342	0.07728481
88122	6198	0.07728481
88122	719	0.077284805
88122	1349	0.077284805
88122	875	0.0772848
88122	2787	0.0772848
88122	3556	0.0772848
88122	3605	0.0772848
88170	581	0.05210746
88170	2552	0.05210746
88170	4342	0.05210746
88170	6198	0.052107457
88170	719	0.052107453
88170	1349	0.052107453
88170	3556	0.052107453
88170	3605	0.05210745
88170	3756	0.05210745
88170	365	0.052107446
88187	581	0.051952273
88187	4342	0.051952273
88187	6198	0.051952273
88187	2552	0.05195227
88187	719	0.051952265
88187	875	0.051952265
88187	1349	0.051952265
88187	3556	0.051952265
88187	2787	0.05195226
88187	3605	0.05195226
88229	581	0.071578875
88229	4342	0.07157887
88229	6198	0.07157887
88229	719	0.07157886
88229	1349	0.07157886
88229	2552	0.07157886
88229	3556	0.07157886
88229	3605	0.07157886
88229	3756	0.07157885
88229	365	0.071578845
88248	581	0.06349291
88248	2552	0.06349291
88248	4342	0.06349291
88248	6198	0.06349291
88248	3556	0.0634929
88248	719	0.063492894
88248	875	0.063492894
88248	1349	0.063492894
88248	2651	0.063492894
88248	2787	0.063492894
88283	581	0.069362834
88283	2552	0.06936283
88283	4342	0.06936283
88283	6198	0.06936283
88283	719	0.06936282
88283	1349	0.06936282
88283	3556	0.06936282
88283	3605	0.06936282
88283	875	0.06936281
88283	2787	0.06936281
88288	581	0.042059757
88288	2552	0.04205975
88288	4342	0.04205975
88288	6198	0.04205975
88288	719	0.042059746
88288	1349	0.042059746
88288	3556	0.042059742
88288	3605	0.042059742
88288	3756	0.042059742
88288	4218	0.042059742
88299	581	0.06501326
88299	719	0.06501326
88299	2552	0.06501326
88299	4342	0.06501326
88299	6198	0.06501326
88299	1349	0.06501325
88299	365	0.065013245
88299	875	0.065013245
88299	1958	0.065013245
88299	2787	0.065013245
88330	581	0.048183717
88330	4342	0.048183717
88330	6198	0.048183717
88330	2552	0.048183713
88330	719	0.04818371
88330	1349	0.04818371
88330	3556	0.04818371
88330	365	0.048183702
88330	875	0.048183702
88330	880	0.048183702
88389	581	0.071480766
88389	719	0.071480766
88389	2552	0.071480766
88389	4342	0.071480766
88389	6198	0.071480766
88389	1349	0.07148076
88389	3556	0.07148076
88389	3605	0.07148076
88389	875	0.07148075
88389	1173	0.07148075
88412	581	0.08947496
88412	2552	0.08947496
88412	4342	0.08947496
88412	6198	0.08947496
88412	3556	0.08947495
88412	719	0.089474946
88412	1349	0.089474946
88412	3605	0.089474946
88412	875	0.08947494
88412	2787	0.08947494
88416	581	0.05047188
88416	2552	0.05047188
88416	4342	0.05047188
88416	6198	0.05047188
88416	719	0.050471872
88416	1349	0.050471872
88416	3556	0.050471872
88416	3605	0.050471872
88416	875	0.05047187
88416	4218	0.05047187
88435	581	0.065634824
88435	6198	0.065634824
88435	719	0.06563482
88435	1349	0.06563482
88435	2552	0.06563482
88435	4342	0.06563482
88435	875	0.06563481
88435	2787	0.06563481
88435	3556	0.06563481
88435	3605	0.06563481
88574	581	0.050488696
88574	6198	0.050488696
88574	4342	0.05048869
88574	2552	0.050488688
88574	3556	0.050488688
88574	719	0.050488684
88574	1349	0.050488684
88574	3605	0.050488684
88574	365	0.05048868
88574	875	0.05048868
88605	581	0.038433835
88605	6198	0.03843383
88605	2552	0.038433827
88605	3556	0.038433827
88605	4342	0.038433827
88605	719	0.038433824
88605	1349	0.038433824
88605	365	0.03843382
88605	875	0.03843382
88605	2651	0.03843382
88620	581	0.064976245
88620	4342	0.064976245
88620	2552	0.06497624
88620	6198	0.06497624
88620	719	0.06497623
88620	1349	0.06497623
88620	2787	0.06497623
88620	3556	0.06497623
88620	3605	0.06497623
88620	875	0.06497622
88652	581	0.075529136
88652	2552	0.075529136
88652	4342	0.075529136
88652	6198	0.075529136
88652	719	0.07552913
88652	1349	0.07552913
88652	3556	0.07552913
88652	875	0.07552912
88652	3605	0.07552912
88652	5214	0.07552912
88693	581	0.054058626
88693	2552	0.05405862
88693	4342	0.05405862
88693	6198	0.05405862
88693	719	0.05405861
88693	1349	0.05405861
88693	3556	0.05405861
88693	3605	0.05405861
88693	365	0.054058604
88693	875	0.054058604
88738	581	0.062159076
88738	6198	0.062159076
88738	2552	0.062159073
88738	4342	0.062159073
88738	719	0.06215907
88738	3556	0.06215907
88738	1349	0.062159065
88738	3605	0.06215906
88738	3756	0.06215906
88738	2651	0.062159058
88793	581	0.065682754
88793	2552	0.065682754
88793	6198	0.065682754
88793	1349	0.06568275
88793	4342	0.06568275
88793	719	0.06568274
88793	875	0.06568274
88793	880	0.06568274
88793	2651	0.06568274
88793	2787	0.06568274
88937	4342	0.066685975
88937	6198	0.066685975
88937	2552	0.06668597
88937	719	0.06668596
88937	875	0.06668596
88937	1349	0.06668596
88937	3556	0.06668596
88937	3756	0.06668596
88937	880	0.06668595
88937	1958	0.06668595
88976	581	0.04176241
88976	1349	0.04176241
88976	2552	0.04176241
88976	4342	0.04176241
88976	6198	0.04176241
88976	719	0.041762404
88976	875	0.041762404
88976	2787	0.041762404
88976	3556	0.041762404
88976	3605	0.041762404
88993	581	0.037557308
88993	2552	0.037557304
88993	4342	0.037557304
88993	6198	0.037557304
88993	719	0.0375573
88993	1349	0.0375573
88993	3556	0.0375573
88993	365	0.037557296
88993	875	0.037557296
88993	2651	0.037557296
89014	581	0.04655864
89014	6198	0.04655864
89014	2552	0.046558637
89014	4342	0.046558637
89014	1349	0.046558633
89014	3605	0.046558633
89014	719	0.04655863
89014	3556	0.04655863
89014	875	0.046558626
89014	2651	0.046558626
89057	581	0.04918971
89057	4342	0.049189705
89057	6198	0.049189705
89057	719	0.0491897
89057	2552	0.0491897
89057	1349	0.049189698
89057	3556	0.049189698
89057	875	0.049189694
89057	2787	0.049189694
89057	3605	0.049189694
89192	581	0.058203895
89192	6198	0.058203895
89192	2552	0.05820389
89192	4342	0.05820389
89192	719	0.058203887
89192	875	0.058203883
89192	1349	0.058203883
89192	3556	0.058203883
89192	2787	0.05820388
89192	3605	0.05820388
89207	581	0.060333822
89207	2552	0.060333814
89207	4342	0.060333814
89207	6198	0.060333814
89207	1349	0.06033381
89207	3556	0.060333807
89207	3605	0.060333807
89207	719	0.060333803
89207	875	0.060333803
89207	2651	0.060333803
89307	581	0.04819829
89307	2552	0.04819829
89307	4342	0.04819829
89307	6198	0.04819829
89307	1349	0.048198286
89307	719	0.048198283
89307	3556	0.048198283
89307	3605	0.048198283
89307	2787	0.04819828
89307	3756	0.04819828
89391	581	0.06507747
89391	719	0.06507747
89391	1349	0.06507747
89391	2552	0.06507747
89391	4342	0.06507747
89391	6198	0.06507747
89391	3556	0.06507746
89391	3605	0.06507746
89391	365	0.065077454
89391	875	0.065077454
89507	6198	0.059480242
89507	581	0.05948024
89507	2552	0.05948024
89507	1349	0.059480235
89507	4342	0.059480235
89507	719	0.05948023
89507	875	0.059480228
89507	2787	0.059480228
89507	3556	0.059480228
89507	3605	0.059480228
89551	581	0.06578078
89551	2552	0.06578077
89551	4342	0.06578077
89551	6198	0.06578077
89551	719	0.06578076
89551	1349	0.06578076
89551	3556	0.06578076
89551	3605	0.06578076
89551	4218	0.06578076
89551	875	0.06578075
89851	581	0.0641228
89851	719	0.064122796
89851	875	0.064122796
89851	1349	0.064122796
89851	2552	0.064122796
89851	3556	0.064122796
89851	3756	0.064122796
89851	4342	0.064122796
89851	6198	0.064122796
89851	2651	0.06412279
89852	6198	0.055794664
89852	4342	0.05579466
89852	1349	0.055794656
89852	2552	0.055794656
89852	719	0.055794653
89852	3556	0.055794653
89852	3605	0.055794653
89852	3663	0.05579465
89852	3756	0.05579465
89852	365	0.055794645
89867	581	0.05393062
89867	2552	0.053930618
89867	4342	0.053930618
89867	6198	0.053930618
89867	1349	0.053930614
89867	719	0.05393061
89867	3556	0.05393061
89867	3605	0.05393061
89867	3756	0.05393061
89867	875	0.053930607
89874	581	0.061159134
89874	2552	0.061159126
89874	6198	0.061159126
89874	4342	0.061159123
89874	719	0.06115912
89874	1349	0.06115912
89874	3556	0.06115912
89874	3605	0.061159115
89874	875	0.06115911
89874	880	0.06115911
89913	581	0.051668204
89913	6198	0.051668204
89913	2552	0.0516682
89913	1349	0.051668197
89913	3556	0.051668197
89913	4342	0.051668197
89913	719	0.051668193
89913	3605	0.051668193
89913	875	0.05166819
89913	3756	0.05166819
89945	581	0.05067362
89945	4342	0.05067362
89945	6198	0.05067362
89945	2552	0.050673615
89945	719	0.05067361
89945	1349	0.05067361
89945	3556	0.05067361
89945	875	0.050673608
89945	3605	0.050673608
89945	3756	0.050673608
90049	581	0.072298124
90049	2552	0.072298124
90049	6198	0.072298124
90049	719	0.07229811
90049	1349	0.07229811
90049	3556	0.07229811
90049	3605	0.07229811
90049	3756	0.07229811
90049	4342	0.07229811
90049	2651	0.0722981
90075	581	0.04783801
90075	6198	0.047838006
90075	2552	0.047838002
90075	4342	0.047838002
90075	1349	0.047838
90075	3556	0.047838
90075	719	0.047837995
90075	1958	0.047837995
90075	2787	0.047837995
90075	3605	0.047837995
90137	581	0.05848466
90137	6198	0.05848466
90137	2552	0.058484655
90137	4342	0.058484655
90137	719	0.05848465
90137	1349	0.05848465
90137	3556	0.058484647
90137	875	0.058484644
90137	2787	0.058484644
90137	3605	0.058484644
90174	581	0.055505276
90174	6198	0.055505276
90174	2552	0.055505272
90174	4342	0.055505272
90174	719	0.05550527
90174	1349	0.05550527
90174	3556	0.05550527
90174	3605	0.05550527
90174	3756	0.055505265
90174	875	0.05550526
90198	581	0.0726345
90198	6198	0.0726345
90198	719	0.07263449
90198	1349	0.07263449
90198	2552	0.07263449
90198	3556	0.07263449
90198	4342	0.07263449
90198	875	0.07263448
90198	2787	0.07263448
90198	3605	0.07263448
90232	581	0.05192988
90232	4342	0.05192988
90232	2552	0.051929876
90232	6198	0.051929876
90232	1349	0.051929872
90232	719	0.05192987
90232	3556	0.05192987
90232	3605	0.05192987
90232	3756	0.05192987
90232	875	0.051929865
90322	581	0.055321164
90322	2552	0.055321164
90322	6198	0.055321164
90322	4342	0.05532116
90322	719	0.055321157
90322	1349	0.055321157
90322	3556	0.055321157
90322	3605	0.055321157
90322	875	0.05532115
90322	1958	0.05532115
90391	581	0.051000893
90391	719	0.051000893
90391	2552	0.051000893
90391	4342	0.051000893
90391	6198	0.051000893
90391	3556	0.05100089
90391	875	0.051000886
90391	880	0.051000886
90391	1349	0.051000886
90391	2787	0.051000886
90417	2552	0.075477645
90417	4342	0.075477645
90417	6198	0.075477645
90417	719	0.07547763
90417	1349	0.07547763
90417	3556	0.07547763
90417	3605	0.07547763
90417	365	0.07547762
90417	875	0.07547762
90417	880	0.07547762
90467	581	0.053482242
90467	6198	0.05348224
90467	2552	0.053482234
90467	4342	0.053482234
90467	3605	0.05348223
90467	719	0.053482227
90467	1349	0.053482227
90467	3556	0.053482227
90467	3756	0.053482227
90467	875	0.053482223
90517	581	0.06753943
90517	1349	0.06753942
90517	2552	0.06753942
90517	3556	0.06753942
90517	4342	0.06753942
90517	6198	0.06753942
90517	719	0.067539416
90517	875	0.067539416
90517	3756	0.067539416
90517	4218	0.067539416
90614	581	0.05952954
90614	2552	0.059529535
90614	4342	0.059529535
90614	6198	0.059529535
90614	719	0.05952953
90614	1349	0.059529528
90614	3556	0.059529528
90614	3605	0.059529528
90614	875	0.059529524
90614	3756	0.059529524
90616	581	0.09291865
90616	2552	0.09291865
90616	4342	0.09291865
90616	6198	0.09291865
90616	1349	0.09291864
90616	719	0.092918634
90616	2651	0.092918634
90616	3556	0.092918634
90616	3605	0.092918634
90616	6657	0.092918634
90653	581	0.064864084
90653	2552	0.064864084
90653	4342	0.064864084
90653	6198	0.064864084
90653	719	0.06486408
90653	1349	0.06486408
90653	3556	0.06486408
90653	875	0.06486407
90653	880	0.06486407
90653	1173	0.06486407
90657	581	0.073592365
90657	6198	0.073592365
90657	2552	0.07359236
90657	3605	0.07359236
90657	4342	0.07359236
90657	719	0.07359235
90657	1349	0.07359235
90657	2787	0.07359235
90657	3556	0.07359235
90657	4218	0.07359235
90766	581	0.038126815
90766	4342	0.038126815
90766	6198	0.038126815
90766	719	0.03812681
90766	2552	0.03812681
90766	3556	0.03812681
90766	1349	0.038126808
90766	3605	0.038126808
90766	365	0.038126804
90766	875	0.038126804
90776	581	0.054859575
90776	1349	0.05485957
90776	2552	0.05485957
90776	4342	0.05485957
90776	6198	0.05485957
90776	719	0.054859564
90776	875	0.054859564
90776	3556	0.054859564
90776	3605	0.054859564
90776	3756	0.054859564
90793	581	0.0646038
90793	1349	0.06460379
90793	2552	0.06460379
90793	4342	0.06460379
90793	6198	0.06460379
90793	719	0.06460378
90793	875	0.064603776
90793	880	0.064603776
90793	1958	0.064603776
90793	2651	0.064603776
90915	581	0.058387913
90915	2552	0.058387905
90915	4342	0.058387905
90915	6198	0.058387905
90915	719	0.058387898
90915	1349	0.058387898
90915	3556	0.058387898
90915	3605	0.058387898
90915	365	0.05838789
90915	875	0.05838789
91002	581	0.055781543
91002	2552	0.055781536
91002	4342	0.055781536
91002	6198	0.055781536
91002	719	0.055781532
91002	1349	0.05578153
91002	3556	0.05578153
91002	3605	0.05578153
91002	875	0.055781525
91002	3756	0.055781525
91017	581	0.05400385
91017	6198	0.05400385
91017	2552	0.054003846
91017	4342	0.054003846
91017	1349	0.054003842
91017	3556	0.054003842
91017	719	0.05400384
91017	365	0.054003835
91017	875	0.054003835
91017	2787	0.054003835
91058	581	0.069476515
91058	2552	0.069476515
91058	4342	0.069476515
91058	6198	0.069476515
91058	719	0.06947651
91058	1349	0.06947651
91058	875	0.0694765
91058	880	0.0694765
91058	2651	0.0694765
91058	2787	0.0694765
91103	581	0.05908277
91103	6198	0.059082765
91103	4342	0.05908276
91103	3556	0.059082758
91103	719	0.059082754
91103	875	0.059082754
91103	1349	0.059082754
91103	3605	0.059082754
91103	3756	0.05908275
91103	4218	0.05908275
91113	581	0.07040642
91113	2552	0.07040642
91113	6198	0.07040642
91113	719	0.070406415
91113	1349	0.070406415
91113	3556	0.070406415
91113	4342	0.070406415
91113	2787	0.07040641
91113	3605	0.07040641
91113	3756	0.07040641
91119	581	0.044411886
91119	6198	0.044411886
91119	2552	0.044411883
91119	3556	0.044411883
91119	4342	0.044411883
91119	719	0.04441188
91119	365	0.044411875
91119	875	0.044411875
91119	880	0.044411875
91119	1349	0.044411875
91130	581	0.07457445
91130	719	0.07457444
91130	2552	0.07457444
91130	4342	0.07457444
91130	6198	0.07457444
91130	1349	0.07457443
91130	3605	0.07457443
91130	875	0.074574426
91130	880	0.074574426
91130	1173	0.074574426
91165	581	0.06810549
91165	2552	0.06810549
91165	4342	0.06810549
91165	6198	0.06810549
91165	719	0.06810548
91165	365	0.068105474
91165	875	0.068105474
91165	1349	0.068105474
91165	2651	0.068105474
91165	2787	0.068105474
91184	581	0.06870578
91184	719	0.06870578
91184	2552	0.06870578
91184	4342	0.06870578
91184	6198	0.06870578
91184	1349	0.068705775
91184	3556	0.068705775
91184	875	0.06870577
91184	880	0.06870577
91184	1958	0.06870577
91203	581	0.0571763
91203	2552	0.0571763
91203	4342	0.0571763
91203	6198	0.0571763
91203	1349	0.057176296
91203	719	0.057176292
91203	3556	0.057176292
91203	875	0.05717629
91203	2787	0.05717629
91203	3605	0.05717629
91263	581	0.057481386
91263	2552	0.057481386
91263	6198	0.057481386
91263	4342	0.057481382
91263	719	0.05748138
91263	875	0.05748138
91263	1349	0.05748138
91263	3556	0.05748138
91263	3605	0.057481375
91263	3756	0.057481375
91342	6198	0.0796013
91342	581	0.079601295
91342	2552	0.079601295
91342	4342	0.079601295
91342	1349	0.07960129
91342	3556	0.07960129
91342	719	0.07960128
91342	3605	0.07960128
91342	365	0.07960127
91342	875	0.07960127
91425	581	0.06601855
91425	2552	0.06601855
91425	4342	0.06601855
91425	6198	0.06601855
91425	719	0.066018544
91425	1349	0.066018544
91425	875	0.06601854
91425	2787	0.06601854
91425	3556	0.06601854
91425	3605	0.06601854
91428	581	0.08131419
91428	2552	0.08131419
91428	6198	0.08131419
91428	4342	0.081314184
91428	719	0.08131418
91428	875	0.08131418
91428	1349	0.08131418
91428	3556	0.08131418
91428	5214	0.08131418
91428	880	0.08131417
91449	581	0.05588571
91449	2552	0.055885702
91449	4342	0.055885702
91449	6198	0.055885702
91449	719	0.055885695
91449	1349	0.055885695
91449	3556	0.055885695
91449	3605	0.055885695
91449	875	0.05588569
91449	3756	0.05588569
91491	581	0.08842747
91491	2552	0.08842747
91491	4342	0.08842747
91491	6198	0.08842747
91491	719	0.08842746
91491	875	0.088427454
91491	1349	0.088427454
91491	2787	0.088427454
91491	3422	0.088427454
91491	3556	0.088427454
91576	581	0.044017892
91576	2552	0.04401789
91576	4342	0.04401789
91576	6198	0.04401789
91576	719	0.044017885
91576	1349	0.044017885
91576	3556	0.044017885
91576	3605	0.044017885
91576	2787	0.04401788
91576	3663	0.04401788
91631	581	0.061418865
91631	2552	0.061418865
91631	4342	0.061418865
91631	6198	0.06141886
91631	719	0.061418857
91631	1349	0.061418854
91631	3556	0.061418854
91631	875	0.06141885
91631	3605	0.06141885
91631	3756	0.06141885
91634	581	0.07106042
91634	2552	0.07106042
91634	4342	0.07106042
91634	6198	0.07106042
91634	3556	0.07106041
91634	365	0.071060404
91634	719	0.071060404
91634	875	0.071060404
91634	1349	0.071060404
91634	2651	0.071060404
91647	581	0.04500005
91647	2552	0.04500005
91647	4342	0.04500005
91647	6198	0.04500005
91647	719	0.045000046
91647	1349	0.045000046
91647	3556	0.045000043
91647	875	0.04500004
91647	2651	0.04500004
91647	2787	0.04500004
91685	581	0.0629971
91685	2552	0.0629971
91685	4342	0.0629971
91685	6198	0.0629971
91685	719	0.062997095
91685	365	0.06299709
91685	875	0.06299709
91685	880	0.06299709
91685	1173	0.06299709
91685	1211	0.06299709
91761	581	0.05502887
91761	2552	0.05502887
91761	4342	0.05502887
91761	6198	0.05502887
91761	719	0.055028863
91761	875	0.055028863
91761	1349	0.055028863
91761	3556	0.055028863
91761	3605	0.055028863
91761	880	0.05502886
91832	581	0.060165446
91832	6198	0.060165446
91832	2552	0.060165443
91832	4342	0.06016544
91832	719	0.060165435
91832	1349	0.060165435
91832	3556	0.060165435
91832	875	0.06016543
91832	3605	0.06016543
91832	3756	0.06016543
91875	581	0.05356899
91875	4342	0.053568985
91875	6198	0.053568985
91875	2552	0.05356898
91875	719	0.053568978
91875	1349	0.053568978
91875	3556	0.053568978
91875	875	0.053568974
91875	3605	0.053568974
91875	2651	0.05356897
91931	581	0.043835167
91931	2552	0.043835163
91931	4342	0.043835163
91931	6198	0.043835163
91931	719	0.043835156
91931	1349	0.043835156
91931	2787	0.043835156
91931	3556	0.043835156
91931	3605	0.043835156
91931	875	0.043835152
92132	6198	0.056715995
92132	581	0.05671599
92132	2552	0.056715988
92132	4342	0.056715988
92132	719	0.056715984
92132	1349	0.056715984
92132	875	0.05671598
92132	3556	0.05671598
92132	3605	0.05671598
92132	3756	0.05671598
92152	581	0.08653139
92152	2552	0.08653138
92152	4342	0.08653138
92152	6198	0.08653138
92152	719	0.08653137
92152	875	0.08653137
92152	1349	0.08653137
92152	3556	0.08653137
92152	3605	0.08653137
92152	3756	0.08653137
92156	581	0.06740656
92156	6198	0.06740656
92156	719	0.06740655
92156	2552	0.06740655
92156	4342	0.06740655
92156	1349	0.06740654
92156	3556	0.06740654
92156	3605	0.06740654
92156	365	0.067406535
92156	875	0.067406535
92184	581	0.0538262
92184	2552	0.053826198
92184	4342	0.053826198
92184	6198	0.053826198
92184	719	0.05382619
92184	1349	0.05382619
92184	3556	0.05382619
92184	3605	0.05382619
92184	875	0.053826187
92184	2787	0.053826187
92215	2552	0.0620393
92215	6198	0.0620393
92215	581	0.062039297
92215	4342	0.062039297
92215	719	0.062039293
92215	1349	0.062039293
92215	3556	0.062039293
92215	3605	0.06203929
92215	1958	0.062039286
92215	2787	0.062039286
92278	581	0.061416656
92278	6198	0.061416656
92278	2552	0.061416652
92278	4342	0.061416652
92278	719	0.06141665
92278	1349	0.06141665
92278	3556	0.06141665
92278	3605	0.061416645
92278	875	0.06141664
92278	2651	0.06141664
92316	581	0.062377207
92316	2552	0.062377207
92316	6198	0.062377207
92316	4342	0.062377203
92316	719	0.0623772
92316	1349	0.0623772
92316	3605	0.062377196
92316	875	0.062377192
92316	2651	0.062377192
92316	2787	0.062377192
92398	581	0.051745746
92398	2552	0.051745743
92398	4342	0.051745743
92398	6198	0.051745743
92398	719	0.051745735
92398	1349	0.051745735
92398	3556	0.051745735
92398	3605	0.051745735
92398	875	0.05174573
92398	2787	0.05174573
92405	581	0.080948785
92405	2552	0.080948785
92405	4342	0.080948785
92405	6198	0.080948785
92405	1349	0.08094878
92405	719	0.08094877
92405	875	0.08094877
92405	2787	0.08094877
92405	3556	0.08094877
92405	3605	0.08094877
92498	581	0.08466917
92498	2552	0.08466917
92498	4342	0.08466917
92498	6198	0.08466917
92498	365	0.08466916
92498	719	0.08466916
92498	875	0.08466916
92498	880	0.08466916
92498	1349	0.08466916
92498	3556	0.08466916
92524	581	0.05766593
92524	6198	0.057665925
92524	2552	0.05766592
92524	4342	0.05766592
92524	719	0.057665914
92524	1349	0.057665914
92524	3556	0.057665914
92524	3605	0.057665914
92524	365	0.05766591
92524	875	0.05766591
92547	581	0.079938024
92547	2552	0.079938024
92547	4342	0.079938024
92547	6198	0.079938024
92547	719	0.07993802
92547	1349	0.07993802
92547	3556	0.07993801
92547	3605	0.07993801
92547	4218	0.07993801
92547	365	0.079938
92648	6198	0.059127696
92648	581	0.059127692
92648	2552	0.059127692
92648	3556	0.05912769
92648	4342	0.05912769
92648	719	0.059127685
92648	1349	0.059127685
92648	875	0.05912768
92648	2787	0.05912768
92648	3605	0.05912768
92652	6198	0.06632298
92652	581	0.066322975
92652	719	0.066322975
92652	1349	0.066322975
92652	2552	0.066322975
92652	4342	0.066322975
92652	875	0.06632297
92652	1173	0.06632297
92652	2787	0.06632297
92652	3422	0.06632297
92658	581	0.060754053
92658	2552	0.060754053
92658	4342	0.060754053
92658	6198	0.060754053
92658	1349	0.06075405
92658	719	0.060754046
92658	3556	0.060754046
92658	3605	0.060754046
92658	875	0.06075404
92658	880	0.06075404
92693	6198	0.06646191
92693	581	0.066461906
92693	719	0.066461906
92693	2552	0.066461906
92693	3605	0.066461906
92693	4342	0.066461906
92693	1349	0.0664619
92693	3556	0.0664619
92693	365	0.06646189
92693	875	0.06646189
92696	581	0.042941276
92696	1349	0.042941272
92696	2552	0.042941272
92696	4342	0.042941272
92696	6198	0.042941272
92696	719	0.042941265
92696	3556	0.042941265
92696	3605	0.042941265
92696	875	0.04294126
92696	3756	0.04294126
92804	581	0.057200216
92804	4342	0.057200216
92804	2552	0.057200212
92804	719	0.05720021
92804	3556	0.05720021
92804	6198	0.05720021
92804	875	0.057200205
92804	880	0.0572002
92804	1349	0.0572002
92804	2651	0.0572002
92810	581	0.068230525
92810	2552	0.068230525
92810	4342	0.068230525
92810	6198	0.068230525
92810	875	0.06823052
92810	365	0.06823051
92810	719	0.06823051
92810	1349	0.06823051
92810	2787	0.06823051
92810	3556	0.06823051
92853	581	0.0688492
92853	1349	0.06884919
92853	2552	0.06884919
92853	4342	0.06884919
92853	6198	0.06884919
92853	719	0.06884918
92853	365	0.068849176
92853	875	0.068849176
92853	1958	0.068849176
92853	2651	0.068849176
92861	581	0.09492312
92861	719	0.09492312
92861	2552	0.09492312
92861	4342	0.09492312
92861	6198	0.09492312
92861	875	0.094923116
92861	1349	0.094923116
92861	3556	0.094923116
92861	365	0.09492311
92861	2651	0.09492311
92979	581	0.06542006
92979	4342	0.06542006
92979	6198	0.06542006
92979	2552	0.065420054
92979	719	0.06542005
92979	875	0.06542005
92979	1349	0.06542005
92979	3422	0.06542005
92979	3556	0.06542005
92979	3605	0.06542005
93018	2552	0.082064
93018	581	0.082063995
93018	4342	0.082063995
93018	3556	0.08206399
93018	6198	0.08206399
93018	719	0.08206398
93018	1349	0.08206398
93018	2651	0.08206398
93018	3605	0.08206398
93018	365	0.08206397
93034	581	0.06259705
93034	4342	0.06259705
93034	6198	0.06259705
93034	2552	0.062597044
93034	719	0.06259704
93034	875	0.06259704
93034	880	0.06259704
93034	1349	0.06259704
93034	2651	0.06259704
93034	3422	0.06259704
93046	6198	0.061160073
93046	581	0.06116007
93046	1349	0.061160065
93046	2552	0.061160065
93046	4342	0.061160065
93046	719	0.06116006
93046	3556	0.06116006
93046	3605	0.061160058
93046	875	0.061160054
93046	2787	0.061160054
93085	581	0.047736555
93085	6198	0.04773655
93085	1349	0.047736548
93085	2552	0.047736548
93085	3556	0.047736548
93085	4342	0.047736548
93085	719	0.047736544
93085	5214	0.047736544
93085	365	0.04773654
93085	875	0.04773654
93092	581	0.083953835
93092	4342	0.08395383
93092	6198	0.08395383
93092	2552	0.08395382
93092	719	0.08395381
93092	1349	0.08395381
93092	3556	0.08395381
93092	3605	0.08395381
93092	875	0.083953805
93092	2787	0.083953805
93105	581	0.052289695
93105	4342	0.05228969
93105	6198	0.05228969
93105	2552	0.052289687
93105	719	0.052289683
93105	1349	0.052289683
93105	3556	0.052289683
93105	875	0.05228968
93105	2787	0.05228968
93105	3605	0.05228968
93130	581	0.067799665
93130	4342	0.067799665
93130	719	0.06779966
93130	1349	0.06779966
93130	2552	0.06779966
93130	2787	0.06779966
93130	3556	0.06779966
93130	3756	0.06779966
93130	6198	0.06779966
93130	3605	0.06779965
93141	581	0.04869335
93141	2552	0.048693348
93141	4342	0.048693348
93141	6198	0.048693348
93141	719	0.048693344
93141	1349	0.048693344
93141	3556	0.048693344
93141	365	0.048693337
93141	875	0.048693337
93141	2651	0.048693337
93147	581	0.059599303
93147	6198	0.059599303
93147	719	0.059599295
93147	1349	0.059599295
93147	2552	0.059599295
93147	4342	0.059599295
93147	3556	0.05959929
93147	875	0.059599288
93147	2787	0.059599288
93147	3605	0.059599288
93179	581	0.08537157
93179	4342	0.08537157
93179	6198	0.08537157
93179	1349	0.08537156
93179	719	0.085371554
93179	3556	0.085371554
93179	3605	0.085371554
93179	880	0.08537155
93179	2651	0.08537155
93179	2787	0.08537155
93241	581	0.0595169
93241	6198	0.0595169
93241	719	0.05951689
93241	2552	0.05951689
93241	4342	0.05951689
93241	1349	0.059516888
93241	3556	0.059516888
93241	3605	0.059516884
93241	875	0.05951688
93241	3663	0.05951688
93308	581	0.053845294
93308	2552	0.053845286
93308	4342	0.053845286
93308	6198	0.053845286
93308	1349	0.053845283
93308	719	0.05384528
93308	875	0.05384528
93308	2787	0.05384528
93308	3556	0.05384528
93308	3605	0.05384528
93355	581	0.04994379
93355	6198	0.04994379
93355	719	0.049943782
93355	1349	0.049943782
93355	2552	0.049943782
93355	3556	0.049943782
93355	4342	0.049943782
93355	365	0.049943775
93355	875	0.049943775
93355	880	0.049943775
93358	581	0.05011081
93358	4342	0.05011081
93358	6198	0.05011081
93358	2552	0.050110806
93358	719	0.050110802
93358	1349	0.050110802
93358	3556	0.050110802
93358	875	0.0501108
93358	3756	0.0501108
93358	365	0.050110795
93363	581	0.09261292
93363	6198	0.09261292
93363	2552	0.092612915
93363	4342	0.092612915
93363	719	0.09261291
93363	1349	0.09261291
93363	2787	0.09261291
93363	3556	0.09261291
93363	3605	0.09261291
93363	4218	0.09261291
93364	581	0.057508383
93364	6198	0.057508383
93364	1349	0.05750838
93364	2552	0.05750838
93364	4342	0.05750838
93364	719	0.057508375
93364	2787	0.05750837
93364	3556	0.05750837
93364	3605	0.057508368
93364	3756	0.057508368
93421	581	0.055219457
93421	6198	0.055219453
93421	2552	0.05521945
93421	4342	0.05521945
93421	719	0.05521944
93421	1349	0.05521944
93421	3556	0.05521944
93421	3605	0.05521944
93421	365	0.055219434
93421	875	0.055219434
93426	581	0.068316445
93426	2552	0.06831644
93426	4342	0.06831644
93426	6198	0.06831644
93426	719	0.06831643
93426	1349	0.06831643
93426	3556	0.06831643
93426	3605	0.06831643
93426	3756	0.06831643
93426	365	0.06831642
93453	6198	0.059435435
93453	581	0.05943543
93453	2552	0.059435427
93453	4342	0.059435427
93453	719	0.05943542
93453	1349	0.05943542
93453	3556	0.05943542
93453	3605	0.05943542
93453	3663	0.059435416
93453	365	0.059435412
93513	581	0.05393162
93513	6198	0.05393162
93513	4342	0.053931616
93513	719	0.053931613
93513	1349	0.053931613
93513	2552	0.053931613
93513	2787	0.05393161
93513	3556	0.05393161
93513	3605	0.05393161
93513	875	0.053931605
93518	581	0.07193155
93518	6198	0.07193155
93518	2552	0.07193154
93518	3556	0.07193154
93518	3605	0.07193154
93518	4342	0.07193154
93518	719	0.07193153
93518	875	0.07193153
93518	1349	0.07193153
93518	880	0.071931526
93562	581	0.050842904
93562	6198	0.050842904
93562	719	0.050842896
93562	1349	0.050842896
93562	2552	0.050842896
93562	3556	0.050842896
93562	3605	0.050842896
93562	4342	0.050842896
93562	875	0.05084289
93562	2651	0.05084289
93565	581	0.06663929
93565	2552	0.06663929
93565	6198	0.06663928
93565	719	0.066639274
93565	1349	0.066639274
93565	3556	0.066639274
93565	3756	0.066639274
93565	4342	0.066639274
93565	2651	0.06663927
93565	3605	0.06663927
93615	581	0.03982578
93615	719	0.039825775
93615	4342	0.039825775
93615	6198	0.039825775
93615	1349	0.03982577
93615	2552	0.03982577
93615	3556	0.03982577
93615	3605	0.03982577
93615	365	0.039825767
93615	2787	0.039825767
93629	581	0.053435873
93629	2552	0.05343587
93629	4342	0.05343587
93629	6198	0.05343587
93629	719	0.053435862
93629	1349	0.053435862
93629	3556	0.053435862
93629	875	0.05343586
93629	2787	0.05343586
93629	3605	0.05343586
93630	581	0.055126153
93630	6198	0.05512615
93630	1349	0.055126145
93630	2552	0.055126145
93630	3556	0.055126145
93630	4342	0.055126145
93630	719	0.05512614
93630	875	0.055126138
93630	2787	0.055126138
93630	3605	0.055126138
93631	581	0.07855172
93631	2552	0.07855171
93631	4342	0.07855171
93631	6198	0.07855171
93631	719	0.0785517
93631	1349	0.0785517
93631	3556	0.0785517
93631	875	0.078551695
93631	880	0.078551695
93631	2651	0.078551695
93636	581	0.068526566
93636	719	0.068526566
93636	2552	0.068526566
93636	4342	0.068526566
93636	6198	0.068526566
93636	1349	0.06852656
93636	3556	0.06852656
93636	365	0.06852655
93636	875	0.06852655
93636	880	0.06852655
93698	581	0.052908555
93698	2552	0.052908555
93698	6198	0.052908555
93698	4342	0.05290855
93698	719	0.052908547
93698	1349	0.052908547
93698	3556	0.052908543
93698	3756	0.052908543
93698	875	0.05290854
93698	880	0.05290854
93732	581	0.07459263
93732	1349	0.07459262
93732	2552	0.07459262
93732	4342	0.07459262
93732	6198	0.07459262
93732	719	0.07459261
93732	3556	0.07459261
93732	365	0.074592605
93732	875	0.074592605
93732	880	0.074592605
93770	581	0.05395528
93770	2552	0.05395528
93770	6198	0.05395528
93770	4342	0.053955276
93770	719	0.05395527
93770	875	0.05395527
93770	1349	0.05395527
93770	3556	0.05395527
93770	3605	0.053955268
93770	365	0.053955264
93800	581	0.067387104
93800	2552	0.067387104
93800	6198	0.067387104
93800	1349	0.0673871
93800	3556	0.0673871
93800	4342	0.0673871
93800	719	0.06738709
93800	875	0.06738709
93800	2651	0.06738709
93800	2787	0.06738709
93871	581	0.064975515
93871	719	0.0649755
93871	1349	0.0649755
93871	2552	0.0649755
93871	3605	0.0649755
93871	4342	0.0649755
93871	6198	0.0649755
93871	3556	0.06497549
93871	3756	0.06497549
93871	365	0.064975485
93985	581	0.068297595
93985	719	0.06829758
93985	1349	0.06829758
93985	2552	0.06829758
93985	3605	0.06829758
93985	4342	0.06829758
93985	6198	0.06829758
93985	3556	0.06829757
93985	365	0.068297565
93985	875	0.068297565
94023	581	0.046642013
94023	4342	0.04664201
94023	6198	0.04664201
94023	719	0.046642005
94023	1349	0.046642005
94023	2552	0.046642005
94023	3556	0.046642005
94023	875	0.046642
94023	3605	0.046642
94023	3756	0.046642
94094	581	0.045234762
94094	2552	0.04523476
94094	4342	0.04523476
94094	6198	0.04523476
94094	875	0.045234755
94094	1349	0.045234755
94094	3556	0.045234755
94094	3756	0.045234755
94094	719	0.04523475
94094	365	0.045234747
94213	581	0.057275217
94213	2552	0.057275213
94213	4342	0.057275213
94213	6198	0.057275213
94213	719	0.057275206
94213	1349	0.057275206
94213	3556	0.057275206
94213	3605	0.057275206
94213	875	0.057275202
94213	2651	0.057275202
94242	581	0.04579121
94242	6198	0.04579121
94242	2552	0.045791205
94242	719	0.0457912
94242	1349	0.0457912
94242	3556	0.0457912
94242	4342	0.0457912
94242	875	0.045791198
94242	3605	0.045791198
94242	4218	0.045791198
94263	581	0.05668541
94263	6198	0.05668541
94263	1349	0.056685403
94263	2552	0.056685403
94263	4342	0.056685403
94263	719	0.0566854
94263	875	0.056685396
94263	2787	0.056685396
94263	3556	0.056685396
94263	3605	0.056685396
94334	581	0.049440704
94334	6198	0.049440704
94334	4342	0.0494407
94334	2552	0.049440697
94334	719	0.049440693
94334	1349	0.049440693
94334	3556	0.049440693
94334	875	0.04944069
94334	2787	0.04944069
94334	3422	0.04944069
94362	581	0.045301847
94362	719	0.04530184
94362	1349	0.04530184
94362	2552	0.04530184
94362	4342	0.04530184
94362	6198	0.04530184
94362	3556	0.045301836
94362	875	0.045301832
94362	2787	0.045301832
94362	3605	0.045301832
94366	581	0.058581896
94366	6198	0.058581892
94366	719	0.05858189
94366	1349	0.05858189
94366	2552	0.05858189
94366	4342	0.05858189
94366	3556	0.058581885
94366	2787	0.05858188
94366	3605	0.05858188
94366	875	0.058581877
94376	581	0.047773235
94376	2552	0.047773227
94376	4342	0.047773227
94376	6198	0.047773227
94376	1349	0.047773223
94376	3556	0.047773223
94376	719	0.04777322
94376	3605	0.04777322
94376	3756	0.04777322
94376	5147	0.04777322
94385	581	0.060301766
94385	2552	0.06030176
94385	4342	0.06030176
94385	6198	0.060301755
94385	719	0.06030175
94385	1349	0.060301747
94385	875	0.060301743
94385	880	0.060301743
94385	2651	0.060301743
94385	2787	0.060301743
94396	581	0.05722601
94396	6198	0.05722601
94396	2552	0.057226006
94396	4342	0.057226006
94396	719	0.057226002
94396	1349	0.057226002
94396	3556	0.057226002
94396	365	0.057225995
94396	875	0.057225995
94396	2787	0.057225995
94494	581	0.085841164
94494	2552	0.085841164
94494	6198	0.085841164
94494	4342	0.08584116
94494	719	0.08584115
94494	1349	0.08584115
94494	3556	0.08584115
94494	2787	0.08584114
94494	3605	0.08584114
94494	3756	0.08584114
94495	581	0.053293437
94495	6198	0.053293437
94495	2552	0.05329343
94495	4342	0.05329343
94495	719	0.053293426
94495	1349	0.053293426
94495	3556	0.053293426
94495	3605	0.053293426
94495	2787	0.053293422
94495	3663	0.053293422
94519	581	0.05481801
94519	6198	0.05481801
94519	2552	0.054818008
94519	4342	0.054818008
94519	719	0.054818004
94519	1349	0.054818004
94519	3556	0.054818
94519	875	0.054817997
94519	880	0.054817997
94519	1958	0.054817997
94529	6198	0.06099908
94529	581	0.060999077
94529	4342	0.060999077
94529	2552	0.060999073
94529	1349	0.06099907
94529	3556	0.06099907
94529	719	0.060999066
94529	875	0.060999066
94529	3605	0.060999066
94529	4218	0.060999066
94630	581	0.052926768
94630	6198	0.052926768
94630	4342	0.052926764
94630	2552	0.05292676
94630	719	0.052926756
94630	1349	0.052926756
94630	3556	0.052926756
94630	875	0.052926753
94630	3605	0.052926753
94630	365	0.05292675
94730	581	0.051389452
94730	2552	0.05138945
94730	6198	0.05138945
94730	4342	0.051389445
94730	719	0.05138944
94730	1349	0.05138944
94730	3556	0.05138944
94730	3605	0.051389437
94730	3756	0.051389437
94730	365	0.051389433
94787	581	0.049731914
94787	6198	0.04973191
94787	2552	0.049731907
94787	719	0.049731903
94787	1349	0.049731903
94787	3556	0.049731903
94787	4342	0.049731903
94787	3756	0.0497319
94787	365	0.049731895
94787	875	0.049731895
94818	581	0.06127646
94818	2552	0.06127646
94818	6198	0.06127646
94818	4342	0.061276454
94818	719	0.06127645
94818	1349	0.06127645
94818	3556	0.061276447
94818	3605	0.061276447
94818	875	0.061276443
94818	2787	0.061276443
94843	581	0.043989785
94843	4342	0.043989785
94843	6198	0.043989785
94843	719	0.04398978
94843	1349	0.04398978
94843	2552	0.04398978
94843	3556	0.04398978
94843	365	0.043989778
94843	875	0.043989778
94843	2787	0.043989778
94923	581	0.042309843
94923	2552	0.042309843
94923	6198	0.042309843
94923	4342	0.04230984
94923	719	0.042309836
94923	1349	0.042309836
94923	3556	0.042309836
94923	3605	0.042309836
94923	5214	0.042309836
94923	365	0.04230983
94951	581	0.09899907
94951	2552	0.09899907
94951	6198	0.09899907
94951	719	0.09899906
94951	1349	0.09899906
94951	4342	0.09899906
94951	875	0.09899905
94951	3556	0.09899905
94951	3605	0.09899905
94951	3756	0.09899905
94952	581	0.053162582
94952	6198	0.053162582
94952	2552	0.05316258
94952	719	0.053162575
94952	1349	0.053162575
94952	3556	0.053162575
94952	4342	0.053162575
94952	3605	0.05316257
94952	875	0.053162567
94952	2787	0.053162567
94965	581	0.05628865
94965	6198	0.05628865
94965	1349	0.056288645
94965	2552	0.056288645
94965	4342	0.056288645
94965	3556	0.05628864
94965	719	0.056288637
94965	2787	0.056288637
94965	3605	0.056288637
94965	875	0.056288633
94985	581	0.08498742
94985	2552	0.08498742
94985	4342	0.08498742
94985	6198	0.08498742
94985	719	0.08498741
94985	875	0.0849874
94985	1349	0.0849874
94985	2787	0.0849874
94985	3556	0.0849874
94985	3756	0.0849874
94997	581	0.0565831
94997	2552	0.05658309
94997	4342	0.05658309
94997	6198	0.05658309
94997	719	0.056583084
94997	1349	0.056583084
94997	3556	0.056583084
94997	3605	0.056583084
94997	3756	0.056583084
94997	875	0.05658308
95010	581	0.068972275
95010	4342	0.068972275
95010	6198	0.068972275
95010	719	0.06897227
95010	2552	0.06897227
95010	875	0.06897226
95010	1349	0.06897226
95010	2651	0.06897226
95010	2787	0.06897226
95010	3556	0.06897226
95025	581	0.052233428
95025	2552	0.052233428
95025	4342	0.052233428
95025	6198	0.052233428
95025	719	0.052233424
95025	1349	0.05223342
95025	3556	0.05223342
95025	875	0.052233417
95025	2787	0.052233417
95025	3756	0.052233417
95043	581	0.04543977
95043	6198	0.04543977
95043	719	0.045439765
95043	2552	0.045439765
95043	3556	0.045439765
95043	4342	0.045439765
95043	1349	0.04543976
95043	3756	0.04543976
95043	365	0.045439757
95043	875	0.045439757
95173	581	0.07174671
95173	6198	0.07174671
95173	2552	0.0717467
95173	4342	0.0717467
95173	719	0.07174669
95173	875	0.07174669
95173	1349	0.07174669
95173	3556	0.07174669
95173	3605	0.07174669
95173	880	0.071746685
95226	581	0.058671094
95226	2552	0.05867109
95226	6198	0.05867109
95226	4342	0.058671087
95226	719	0.058671083
95226	1349	0.058671083
95226	3556	0.058671083
95226	3605	0.05867108
95226	3756	0.05867108
95226	2651	0.058671076
95250	581	0.049841117
95250	2552	0.049841113
95250	4342	0.049841113
95250	6198	0.049841113
95250	1349	0.04984111
95250	719	0.049841106
95250	3556	0.049841106
95250	3605	0.049841106
95250	2787	0.049841102
95250	3756	0.049841102
95261	581	0.046809956
95261	6198	0.046809956
95261	2552	0.046809953
95261	4342	0.046809953
95261	719	0.04680995
95261	875	0.046809945
95261	1349	0.046809945
95261	3556	0.046809945
95261	365	0.04680994
95261	1958	0.04680994
95301	581	0.049227215
95301	6198	0.049227215
95301	4342	0.04922721
95301	1349	0.049227208
95301	2552	0.049227208
95301	3556	0.049227208
95301	719	0.049227204
95301	875	0.0492272
95301	1958	0.0492272
95301	2651	0.0492272
95316	581	0.08082011
95316	2552	0.080820106
95316	6198	0.080820106
95316	1349	0.0808201
95316	3605	0.0808201
95316	4342	0.0808201
95316	719	0.08082009
95316	3556	0.08082009
95316	875	0.08082008
95316	880	0.08082008
95353	581	0.04514311
95353	2552	0.045143105
95353	4342	0.045143105
95353	6198	0.045143105
95353	719	0.045143098
95353	1349	0.045143098
95353	3556	0.045143098
95353	3605	0.045143098
95353	3756	0.045143098
95353	4218	0.045143098
95360	581	0.045846444
95360	2552	0.04584644
95360	4342	0.04584644
95360	6198	0.04584644
95360	719	0.045846436
95360	3605	0.045846436
95360	875	0.045846432
95360	1349	0.045846432
95360	2787	0.045846432
95360	3556	0.045846432
95393	6198	0.062284876
95393	581	0.062284872
95393	2552	0.062284872
95393	4342	0.062284872
95393	719	0.062284864
95393	1349	0.062284864
95393	3556	0.062284864
95393	3605	0.06228486
95393	2651	0.062284857
95393	2787	0.062284857
95452	6198	0.060533497
95452	581	0.060533494
95452	2552	0.06053349
95452	4342	0.06053349
95452	719	0.060533486
95452	1349	0.060533486
95452	3556	0.060533486
95452	875	0.06053348
95452	880	0.06053348
95452	1958	0.06053348
95506	581	0.04814611
95506	6198	0.04814611
95506	1349	0.048146106
95506	2552	0.048146106
95506	4342	0.048146106
95506	719	0.048146103
95506	3556	0.0481461
95506	3605	0.0481461
95506	4218	0.0481461
95506	2787	0.048146095
95509	581	0.073606946
95509	2552	0.07360694
95509	3556	0.07360694
95509	4342	0.07360694
95509	6198	0.07360694
95509	719	0.07360693
95509	1349	0.07360693
95509	2651	0.07360693
95509	2787	0.07360693
95509	3605	0.07360693
95525	581	0.062038332
95525	2552	0.062038332
95525	6198	0.062038332
95525	4342	0.06203833
95525	719	0.062038325
95525	1349	0.062038325
95525	3556	0.062038325
95525	3605	0.06203832
95525	3756	0.06203832
95525	875	0.062038317
95574	581	0.05761268
95574	6198	0.05761268
95574	2552	0.057612672
95574	4342	0.057612672
95574	719	0.05761267
95574	1349	0.05761267
95574	3556	0.05761267
95574	3605	0.057612665
95574	875	0.05761266
95574	2787	0.05761266
95781	581	0.068401195
95781	2552	0.068401195
95781	4342	0.068401195
95781	6198	0.068401195
95781	719	0.06840119
95781	1349	0.06840119
95781	3556	0.06840119
95781	3605	0.06840119
95781	875	0.06840118
95781	880	0.06840118
95903	6198	0.08964068
95903	581	0.08964067
95903	1349	0.08964066
95903	2552	0.08964066
95903	4342	0.08964066
95903	719	0.089640655
95903	875	0.089640655
95903	3556	0.089640655
95903	3605	0.089640655
95903	1958	0.08964065
95907	581	0.062263373
95907	6198	0.062263373
95907	2552	0.06226337
95907	4342	0.06226337
95907	719	0.062263366
95907	1349	0.062263362
95907	875	0.06226336
95907	2787	0.06226336
95907	3556	0.06226336
95907	365	0.062263355
95921	581	0.055396285
95921	2552	0.05539628
95921	4342	0.05539628
95921	6198	0.05539628
95921	719	0.055396274
95921	1349	0.055396274
95921	3556	0.055396274
95921	2787	0.05539627
95921	3605	0.05539627
95921	3756	0.05539627
95923	581	0.06042124
95923	2552	0.060421236
95923	4342	0.060421236
95923	6198	0.060421236
95923	719	0.06042123
95923	1349	0.06042123
95923	3556	0.06042123
95923	875	0.06042122
95923	3605	0.06042122
95923	3663	0.06042122
95932	2552	0.08783828
95932	4342	0.08783828
95932	6198	0.08783828
95932	719	0.08783826
95932	1349	0.08783826
95932	3556	0.08783826
95932	3605	0.08783826
95932	4218	0.08783826
95932	875	0.087838255
95932	2787	0.087838255
95991	581	0.055352226
95991	4342	0.055352222
95991	6198	0.055352222
95991	2552	0.05535222
95991	719	0.05535221
95991	1349	0.05535221
95991	2787	0.05535221
95991	3556	0.05535221
95991	3605	0.05535221
95991	875	0.055352207
96019	581	0.04063336
96019	719	0.040633358
96019	2552	0.040633358
96019	3556	0.040633358
96019	4342	0.040633358
96019	6198	0.040633358
96019	875	0.04063335
96019	1211	0.04063335
96019	1349	0.04063335
96019	2787	0.04063335
96053	581	0.032894317
96053	719	0.032894313
96053	3556	0.032894313
96053	4342	0.032894313
96053	6198	0.032894313
96053	2552	0.03289431
96053	3605	0.03289431
96053	365	0.032894306
96053	875	0.032894306
96053	880	0.032894306
96054	581	0.056768738
96054	6198	0.056768738
96054	2552	0.056768734
96054	1349	0.05676873
96054	4342	0.05676873
96054	719	0.056768723
96054	875	0.056768723
96054	2787	0.056768723
96054	3556	0.056768723
96054	3605	0.056768723
96055	2552	0.06051255
96055	4342	0.06051255
96055	6198	0.06051255
96055	719	0.060512546
96055	875	0.060512543
96055	1349	0.060512543
96055	3556	0.060512543
96055	3605	0.060512543
96055	880	0.06051254
96055	2787	0.06051254
96194	581	0.051029436
96194	2552	0.051029433
96194	6198	0.051029433
96194	719	0.05102943
96194	3556	0.05102943
96194	4342	0.05102943
96194	1349	0.051029425
96194	2787	0.051029425
96194	365	0.05102942
96194	875	0.05102942
96320	581	0.06672858
96320	2552	0.06672858
96320	4342	0.06672858
96320	6198	0.06672858
96320	365	0.06672856
96320	719	0.06672856
96320	875	0.06672856
96320	1349	0.06672856
96320	2787	0.06672856
96320	3556	0.06672856
96335	581	0.06571448
96335	2552	0.06571448
96335	4342	0.06571448
96335	6198	0.06571448
96335	1349	0.06571447
96335	3556	0.06571447
96335	365	0.06571446
96335	719	0.06571446
96335	875	0.06571446
96335	2651	0.06571446
96357	6198	0.09385924
96357	2552	0.09385923
96357	4342	0.09385923
96357	719	0.093859226
96357	1349	0.093859226
96357	3556	0.093859226
96357	3605	0.09385922
96357	4218	0.09385922
96357	365	0.09385921
96357	875	0.09385921
96440	581	0.075435445
96440	2552	0.075435445
96440	4342	0.075435445
96440	6198	0.075435445
96440	1349	0.07543544
96440	3556	0.07543544
96440	719	0.07543543
96440	875	0.07543543
96440	3422	0.07543543
96440	3605	0.07543543
96444	581	0.07085994
96444	6198	0.07085994
96444	2552	0.07085993
96444	4342	0.07085993
96444	719	0.070859924
96444	875	0.070859924
96444	1349	0.070859924
96444	2787	0.070859924
96444	3556	0.070859924
96444	3605	0.070859924
96448	581	0.068505466
96448	6198	0.068505466
96448	2552	0.06850546
96448	4342	0.06850546
96448	719	0.06850545
96448	1349	0.06850545
96448	3556	0.06850545
96448	3605	0.06850545
96448	5147	0.06850545
96448	875	0.06850544
96474	581	0.0591937
96474	6198	0.0591937
96474	719	0.059193693
96474	1349	0.059193693
96474	2552	0.059193693
96474	4342	0.059193693
96474	3556	0.05919369
96474	875	0.059193686
96474	2787	0.059193686
96474	3605	0.059193686
96493	581	0.073226415
96493	2552	0.07322641
96493	6198	0.07322641
96493	719	0.0732264
96493	4342	0.0732264
96493	365	0.07322639
96493	875	0.07322639
96493	880	0.07322639
96493	1349	0.07322639
96493	2651	0.07322639
96521	581	0.04106128
96521	2552	0.041061275
96521	4342	0.041061275
96521	6198	0.041061275
96521	719	0.041061267
96521	875	0.041061267
96521	1349	0.041061267
96521	2651	0.041061267
96521	3556	0.041061267
96521	3605	0.041061267
96554	581	0.048021298
96554	2552	0.048021294
96554	6198	0.048021294
96554	3556	0.04802129
96554	4342	0.04802129
96554	719	0.048021287
96554	1349	0.048021287
96554	875	0.048021283
96554	3605	0.048021283
96554	3756	0.048021283
96679	581	0.044379544
96679	2552	0.04437954
96679	6198	0.04437954
96679	1349	0.044379536
96679	4342	0.044379536
96679	719	0.044379532
96679	3556	0.044379532
96679	3756	0.044379532
96679	5214	0.044379532
96679	365	0.04437953
96744	2552	0.074358
96744	6198	0.074358
96744	581	0.074357994
96744	4342	0.074357994
96744	719	0.07435799
96744	875	0.07435799
96744	1349	0.07435799
96744	2787	0.07435799
96744	3556	0.07435799
96744	3605	0.07435799
96771	581	0.056190915
96771	6198	0.056190915
96771	4342	0.05619091
96771	719	0.056190908
96771	2552	0.056190908
96771	3556	0.056190908
96771	1349	0.056190904
96771	3605	0.056190904
96771	875	0.0561909
96771	1958	0.0561909
96869	581	0.06719975
96869	2552	0.067199744
96869	6198	0.067199744
96869	719	0.06719974
96869	1349	0.06719974
96869	3556	0.06719974
96869	4342	0.06719974
96869	875	0.06719973
96869	2651	0.06719973
96869	2787	0.06719973
96880	2552	0.052457497
96880	4342	0.052457497
96880	6198	0.052457497
96880	719	0.052457493
96880	1349	0.052457493
96880	3556	0.05245749
96880	3605	0.05245749
96880	3756	0.05245749
96880	875	0.052457485
96880	3663	0.052457485
96900	4342	0.07107133
96900	581	0.07107132
96900	6198	0.07107132
96900	719	0.07107131
96900	2552	0.07107131
96900	3605	0.07107131
96900	875	0.071071304
96900	1349	0.071071304
96900	3556	0.071071304
96900	365	0.0710713
96936	581	0.051351156
96936	2552	0.051351152
96936	4342	0.051351152
96936	6198	0.051351152
96936	719	0.051351145
96936	1349	0.051351145
96936	3556	0.051351145
96936	3605	0.051351145
96936	3756	0.051351145
96936	2787	0.05135114
96954	6198	0.060152296
96954	581	0.060152292
96954	2552	0.060152292
96954	4342	0.060152292
96954	719	0.060152285
96954	1349	0.060152285
96954	3556	0.060152285
96954	875	0.06015228
96954	3605	0.06015228
96954	880	0.060152277
96970	581	0.053635053
96970	6198	0.05363505
96970	2552	0.053635046
96970	4342	0.053635046
96970	719	0.05363504
96970	875	0.05363504
96970	1349	0.05363504
96970	3556	0.05363504
96970	3756	0.05363504
96970	2651	0.053635035
96989	581	0.053720757
96989	2552	0.053720754
96989	4342	0.053720754
96989	6198	0.053720754
96989	719	0.05372075
96989	1349	0.05372075
96989	3556	0.05372075
96989	875	0.053720742
96989	880	0.053720742
96989	2651	0.053720742
97160	581	0.07351019
97160	1349	0.073510185
97160	2552	0.073510185
97160	3556	0.073510185
97160	3605	0.073510185
97160	4342	0.073510185
97160	6198	0.073510185
97160	719	0.07351018
97160	875	0.07351018
97160	365	0.07351017
97179	581	0.05539369
97179	2552	0.05539369
97179	6198	0.05539369
97179	4342	0.055393685
97179	719	0.05539368
97179	1349	0.05539368
97179	3556	0.05539368
97179	2787	0.055393677
97179	3605	0.055393677
97179	875	0.055393673
97208	581	0.07103937
97208	2552	0.071039364
97208	4342	0.071039364
97208	6198	0.071039364
97208	719	0.07103936
97208	1349	0.07103935
97208	2787	0.07103935
97208	3556	0.07103935
97208	3605	0.07103935
97208	3663	0.07103935
97290	581	0.054416396
97290	2552	0.054416396
97290	4342	0.054416396
97290	6198	0.054416396
97290	719	0.05441639
97290	1349	0.05441639
97290	3556	0.05441639
97290	875	0.054416385
97290	3605	0.054416385
97290	880	0.05441638
97324	581	0.06262221
97324	2552	0.062622204
97324	6198	0.062622204
97324	1349	0.0626222
97324	3556	0.0626222
97324	4342	0.0626222
97324	365	0.06262219
97324	719	0.06262219
97324	875	0.06262219
97324	880	0.06262219
97423	581	0.0515109
97423	2552	0.051510897
97423	4342	0.051510897
97423	6198	0.051510897
97423	719	0.051510893
97423	1349	0.051510893
97423	3556	0.051510893
97423	3605	0.051510893
97423	875	0.051510885
97423	880	0.051510885
97515	6198	0.0503635
97515	581	0.050363496
97515	2552	0.050363496
97515	3556	0.050363496
97515	4342	0.050363496
97515	719	0.050363492
97515	875	0.05036349
97515	1349	0.05036349
97515	2787	0.05036349
97515	3605	0.05036349
97587	581	0.08065471
97587	2552	0.0806547
97587	6198	0.0806547
97587	719	0.080654696
97587	1349	0.080654696
97587	3605	0.080654696
97587	4342	0.080654696
97587	875	0.08065469
97587	3556	0.08065469
97587	365	0.08065468
97694	581	0.05358879
97694	2552	0.053588785
97694	6198	0.053588785
97694	4342	0.05358878
97694	719	0.053588778
97694	1349	0.053588778
97694	3556	0.053588778
97694	3605	0.053588778
97694	875	0.053588774
97694	3756	0.053588774
97721	581	0.059857547
97721	4342	0.059857547
97721	6198	0.059857547
97721	2552	0.059857544
97721	719	0.05985754
97721	1349	0.059857536
97721	3556	0.059857536
97721	3605	0.059857536
97721	875	0.059857532
97721	880	0.059857532
97754	581	0.07243771
97754	6198	0.07243771
97754	2552	0.0724377
97754	4342	0.0724377
97754	719	0.072437696
97754	1349	0.072437696
97754	3556	0.072437696
97754	365	0.07243769
97754	875	0.07243769
97754	880	0.07243769
97848	581	0.06672629
97848	6198	0.06672629
97848	719	0.06672628
97848	1349	0.06672628
97848	2552	0.06672628
97848	3556	0.06672628
97848	3605	0.06672628
97848	4342	0.06672628
97848	3756	0.066726275
97848	365	0.06672627
97972	581	0.07538029
97972	4342	0.07538029
97972	719	0.07538028
97972	875	0.07538028
97972	1349	0.07538028
97972	2552	0.07538028
97972	3556	0.07538028
97972	6198	0.07538028
97972	880	0.07538027
97972	3605	0.07538027
98026	581	0.048343033
98026	2552	0.048343033
98026	4342	0.048343033
98026	6198	0.048343033
98026	719	0.048343025
98026	1349	0.048343025
98026	3556	0.048343025
98026	3605	0.04834302
98026	875	0.048343018
98026	880	0.048343018
98159	581	0.052769788
98159	2552	0.052769788
98159	4342	0.052769788
98159	6198	0.052769788
98159	719	0.05276978
98159	1349	0.05276978
98159	3556	0.05276978
98159	875	0.052769776
98159	3605	0.052769776
98159	365	0.052769773
98263	581	0.05732007
98263	2552	0.057320066
98263	4342	0.057320066
98263	6198	0.057320066
98263	719	0.05732006
98263	1349	0.05732006
98263	3556	0.05732006
98263	365	0.05732005
98263	875	0.05732005
98263	880	0.05732005
98297	581	0.07582092
98297	2552	0.07582092
98297	4342	0.07582092
98297	6198	0.07582092
98297	3556	0.075820915
98297	365	0.07582091
98297	719	0.07582091
98297	1349	0.07582091
98297	2787	0.07582091
98297	3605	0.07582091
98320	581	0.059065558
98320	6198	0.059065558
98320	2552	0.05906555
98320	4342	0.05906555
98320	1349	0.059065547
98320	3605	0.059065547
98320	719	0.059065543
98320	2787	0.059065543
98320	3556	0.059065543
98320	3663	0.05906554
98322	581	0.032974407
98322	6198	0.032974407
98322	2552	0.032974403
98322	3556	0.032974403
98322	4342	0.032974403
98322	719	0.0329744
98322	1349	0.0329744
98322	3756	0.0329744
98322	5214	0.0329744
98322	365	0.032974396
98344	581	0.04767301
98344	2552	0.04767301
98344	6198	0.04767301
98344	4342	0.047673006
98344	719	0.047673002
98344	1349	0.047673002
98344	3556	0.047673002
98344	875	0.047673
98344	3605	0.047673
98344	365	0.047672994
98356	581	0.059408333
98356	6198	0.05940833
98356	2552	0.059408326
98356	1349	0.059408322
98356	3556	0.059408322
98356	4342	0.059408322
98356	719	0.05940832
98356	3605	0.05940832
98356	875	0.059408315
98356	2787	0.059408315
98422	581	0.054220207
98422	6198	0.054220203
98422	719	0.0542202
98422	2552	0.0542202
98422	4342	0.0542202
98422	3556	0.054220196
98422	1349	0.054220192
98422	3605	0.054220192
98422	3756	0.054220192
98422	4218	0.054220192
98440	581	0.066629775
98440	1349	0.06662977
98440	2552	0.06662977
98440	4342	0.06662977
98440	6198	0.06662977
98440	719	0.06662976
98440	3605	0.06662976
98440	365	0.06662975
98440	875	0.06662975
98440	880	0.06662975
98484	581	0.05020806
98484	2552	0.050208054
98484	4342	0.050208054
98484	6198	0.050208054
98484	1349	0.05020805
98484	719	0.050208047
98484	875	0.050208047
98484	3556	0.050208047
98484	3756	0.050208047
98484	2787	0.050208043
98525	581	0.04727019
98525	4342	0.04727019
98525	6198	0.04727019
98525	719	0.047270186
98525	2552	0.047270186
98525	1349	0.047270183
98525	3556	0.047270183
98525	3756	0.047270183
98525	5214	0.047270183
98525	365	0.04727018
98547	581	0.06721541
98547	2552	0.067215405
98547	6198	0.067215405
98547	1349	0.0672154
98547	3556	0.0672154
98547	4342	0.0672154
98547	719	0.06721539
98547	3605	0.06721539
98547	3756	0.06721539
98547	365	0.06721538
98574	581	0.05380989
98574	2552	0.05380988
98574	4342	0.05380988
98574	6198	0.05380988
98574	1349	0.053809877
98574	719	0.053809874
98574	875	0.053809874
98574	2787	0.053809874
98574	3556	0.053809874
98574	3605	0.053809874
98575	581	0.04631503
98575	6198	0.04631503
98575	4342	0.046315026
98575	719	0.04631502
98575	1349	0.04631502
98575	2552	0.04631502
98575	3556	0.046315018
98575	365	0.046315014
98575	875	0.046315014
98575	2651	0.046315014
98628	581	0.055536352
98628	2552	0.055536352
98628	6198	0.055536352
98628	1349	0.055536345
98628	3556	0.055536345
98628	4342	0.055536345
98628	719	0.05553634
98628	3605	0.05553634
98628	875	0.055536337
98628	880	0.055536337
98647	6198	0.047997233
98647	581	0.04799723
98647	2552	0.04799723
98647	4342	0.04799723
98647	719	0.04799722
98647	1349	0.04799722
98647	2787	0.04799722
98647	3556	0.04799722
98647	3605	0.04799722
98647	3663	0.047997218
98686	581	0.0865251
98686	6198	0.0865251
98686	1349	0.08652509
98686	2552	0.08652509
98686	2787	0.08652508
98686	3556	0.08652508
98686	3605	0.08652508
98686	4342	0.08652508
98686	719	0.086525075
98686	875	0.086525075
98722	581	0.049680896
98722	4342	0.049680892
98722	719	0.04968089
98722	2552	0.04968089
98722	3556	0.04968089
98722	6198	0.04968089
98722	1349	0.049680885
98722	3605	0.049680885
98722	880	0.04968088
98722	2651	0.04968088
98723	581	0.09577079
98723	2552	0.09577079
98723	6198	0.09577079
98723	4342	0.09577078
98723	719	0.095770776
98723	1349	0.095770776
98723	3556	0.095770776
98723	3605	0.09577077
98723	875	0.09577076
98723	880	0.09577076
98741	581	0.0553635
98741	2552	0.0553635
98741	6198	0.0553635
98741	719	0.055363495
98741	4342	0.055363495
98741	875	0.05536349
98741	1349	0.05536349
98741	3556	0.05536349
98741	3756	0.055363487
98741	365	0.055363484
98758	2552	0.036957577
98758	6198	0.036957577
98758	581	0.036957573
98758	1349	0.036957573
98758	4342	0.036957573
98758	719	0.03695757
98758	875	0.03695757
98758	880	0.03695757
98758	2651	0.03695757
98758	2787	0.03695757
98783	581	0.060230404
98783	2552	0.0602304
98783	4342	0.060230397
98783	6198	0.060230397
98783	719	0.06023039
98783	1349	0.06023039
98783	3556	0.06023039
98783	3605	0.06023039
98783	3756	0.06023039
98783	875	0.060230386
98787	581	0.068842724
98787	2552	0.068842724
98787	4342	0.068842724
98787	6198	0.068842724
98787	719	0.06884271
98787	1349	0.06884271
98787	3556	0.06884271
98787	365	0.0688427
98787	875	0.0688427
98787	2787	0.0688427
98861	581	0.06722214
98861	6198	0.06722214
98861	875	0.06722213
98861	1349	0.06722213
98861	2552	0.06722213
98861	3556	0.06722213
98861	4342	0.06722213
98861	719	0.067222126
98861	3605	0.067222126
98861	97	0.06722212
98887	581	0.08221403
98887	6198	0.08221403
98887	2552	0.08221402
98887	4342	0.08221402
98887	719	0.08221401
98887	1349	0.08221401
98887	2787	0.08221401
98887	3556	0.08221401
98887	3605	0.08221401
98887	875	0.082214005
98904	581	0.06242965
98904	4342	0.062429644
98904	6198	0.062429644
98904	1349	0.06242964
98904	2552	0.06242964
98904	719	0.062429637
98904	3556	0.062429637
98904	3605	0.062429637
98904	875	0.06242963
98904	1958	0.06242963
98923	581	0.06897412
98923	6198	0.06897412
98923	1349	0.068974115
98923	2552	0.068974115
98923	4342	0.068974115
98923	719	0.06897411
98923	875	0.06897411
98923	2787	0.06897411
98923	3556	0.06897411
98923	3605	0.06897411
98930	581	0.057344195
98930	2552	0.05734419
98930	4342	0.05734419
98930	6198	0.05734419
98930	719	0.057344183
98930	1349	0.057344183
98930	3556	0.057344183
98930	875	0.05734418
98930	3605	0.05734418
98930	3756	0.05734418
98943	581	0.061457805
98943	2552	0.061457798
98943	6198	0.061457798
98943	4342	0.061457794
98943	1349	0.06145779
98943	719	0.061457787
98943	3556	0.061457787
98943	3605	0.061457787
98943	365	0.061457783
98943	875	0.061457783
98958	581	0.05058386
98958	4342	0.050583858
98958	6198	0.050583858
98958	1349	0.050583854
98958	2552	0.050583854
98958	3556	0.050583854
98958	719	0.05058385
98958	365	0.050583847
98958	875	0.050583847
98958	880	0.050583847
98988	581	0.06264188
98988	6198	0.06264188
98988	1349	0.062641874
98988	2552	0.062641874
98988	3556	0.062641874
98988	4342	0.062641874
98988	719	0.06264187
98988	875	0.06264187
98988	3605	0.06264187
98988	3756	0.06264187
99026	581	0.07232738
99026	2552	0.072327375
99026	4342	0.072327375
99026	6198	0.072327375
99026	719	0.07232737
99026	875	0.07232736
99026	1349	0.07232736
99026	3556	0.07232736
99026	3605	0.07232736
99026	3663	0.07232736
99032	581	0.04763114
99032	6198	0.04763114
99032	2552	0.047631137
99032	4342	0.047631137
99032	3556	0.047631133
99032	719	0.04763113
99032	1349	0.04763113
99032	2787	0.04763113
99032	3605	0.04763113
99032	5147	0.04763113
99068	581	0.058021083
99068	2552	0.058021076
99068	4342	0.058021076
99068	6198	0.058021076
99068	719	0.058021072
99068	1349	0.05802107
99068	3556	0.05802107
99068	3605	0.05802107
99068	875	0.058021065
99068	3756	0.058021065
99102	581	0.062760755
99102	2552	0.062760755
99102	4342	0.062760755
99102	6198	0.062760755
99102	365	0.06276074
99102	719	0.06276074
99102	875	0.06276074
99102	880	0.06276074
99102	1349	0.06276074
99102	1958	0.06276074
99146	581	0.0705412
99146	4342	0.0705412
99146	6198	0.0705412
99146	2552	0.070541196
99146	719	0.07054119
99146	875	0.07054119
99146	1349	0.07054119
99146	3556	0.07054119
99146	3605	0.07054119
99146	3756	0.07054118
99193	581	0.06507994
99193	2552	0.06507994
99193	4342	0.06507994
99193	6198	0.06507994
99193	1349	0.065079935
99193	3556	0.065079935
99193	3605	0.065079935
99193	365	0.06507993
99193	719	0.06507993
99193	875	0.06507993
99204	581	0.05896107
99204	2552	0.05896107
99204	4342	0.05896107
99204	6198	0.05896107
99204	1349	0.058961064
99204	3556	0.058961064
99204	719	0.05896106
99204	3605	0.05896106
99204	875	0.058961056
99204	880	0.058961056
99222	581	0.080255434
99222	2552	0.080255434
99222	4342	0.080255434
99222	6198	0.080255434
99222	719	0.08025543
99222	875	0.08025542
99222	880	0.08025542
99222	1349	0.08025542
99222	2651	0.08025542
99222	2787	0.08025542
99252	581	0.052181326
99252	6198	0.052181322
99252	2552	0.05218132
99252	4342	0.05218132
99252	719	0.052181315
99252	1349	0.052181315
99252	3556	0.052181315
99252	875	0.05218131
99252	3605	0.05218131
99252	3756	0.05218131
99312	581	0.051264193
99312	6198	0.05126419
99312	2552	0.051264185
99312	4342	0.051264185
99312	719	0.05126418
99312	1349	0.05126418
99312	3556	0.05126418
99312	3605	0.05126418
99312	875	0.051264178
99312	2651	0.051264178
99313	581	0.062103935
99313	2552	0.062103935
99313	6198	0.062103935
99313	4342	0.06210393
99313	719	0.062103927
99313	1349	0.062103927
99313	3556	0.062103927
99313	2787	0.062103923
99313	3605	0.062103923
99313	365	0.06210392
99314	581	0.060510308
99314	6198	0.060510304
99314	2552	0.0605103
99314	4342	0.0605103
99314	1349	0.060510296
99314	3556	0.060510296
99314	719	0.060510293
99314	875	0.060510293
99314	3605	0.060510293
99314	880	0.06051029
99322	581	0.046660088
99322	6198	0.046660088
99322	2552	0.046660084
99322	719	0.04666008
99322	1349	0.04666008
99322	3556	0.04666008
99322	3605	0.04666008
99322	4342	0.04666008
99322	875	0.046660073
99322	880	0.046660073
99347	581	0.06537326
99347	2552	0.06537325
99347	6198	0.06537325
99347	719	0.06537324
99347	1349	0.06537324
99347	3556	0.06537324
99347	4342	0.06537324
99347	875	0.065373234
99347	3605	0.065373234
99347	4218	0.065373234
99441	581	0.07625093
99441	2552	0.076250926
99441	4342	0.076250926
99441	6198	0.076250926
99441	3556	0.07625092
99441	719	0.07625091
99441	875	0.07625091
99441	1349	0.07625091
99441	2651	0.07625091
99441	2787	0.07625091
99523	581	0.07224767
99523	6198	0.07224767
99523	719	0.072247654
99523	1349	0.072247654
99523	2552	0.072247654
99523	3556	0.072247654
99523	3756	0.072247654
99523	4342	0.072247654
99523	365	0.07224765
99523	875	0.07224765
99616	581	0.058220465
99616	2552	0.05822046
99616	6198	0.05822046
99616	4342	0.058220457
99616	719	0.058220454
99616	1349	0.058220454
99616	3556	0.058220454
99616	875	0.058220446
99616	880	0.058220446
99616	2787	0.058220446
99630	581	0.061226532
99630	6198	0.061226532
99630	2552	0.06122653
99630	4342	0.06122653
99630	1349	0.061226524
99630	3556	0.061226524
99630	719	0.06122652
99630	875	0.061226517
99630	2787	0.061226517
99630	3605	0.061226517
99720	581	0.08172858
99720	6198	0.08172857
99720	2552	0.08172856
99720	3605	0.08172856
99720	4342	0.08172856
99720	719	0.081728555
99720	1349	0.081728555
99720	2787	0.081728555
99720	3556	0.081728555
99720	875	0.08172855
99955	581	0.075903535
99955	2552	0.07590353
99955	6198	0.07590353
99955	719	0.07590352
99955	1349	0.07590352
99955	3556	0.07590352
99955	4342	0.07590352
99955	875	0.07590351
99955	3756	0.07590351
99955	4218	0.07590351
99996	581	0.053943247
99996	4342	0.05394324
99996	6198	0.05394324
99996	2552	0.053943235
99996	719	0.05394323
99996	1349	0.05394323
99996	3556	0.05394323
99996	3605	0.05394323
99996	3756	0.053943228
99996	365	0.053943224
99997	581	0.062081814
99997	6198	0.062081814
99997	2552	0.06208181
99997	4342	0.06208181
99997	719	0.062081803
99997	1349	0.062081803
99997	3556	0.062081803
99997	2651	0.0620818
99997	3605	0.0620818
99997	365	0.062081795
100004	581	0.054782324
100004	2552	0.05478232
100004	4342	0.054782316
100004	6198	0.054782316
100004	719	0.054782312
100004	1349	0.054782312
100004	2787	0.05478231
100004	3556	0.05478231
100004	3605	0.05478231
100004	3756	0.05478231
100009	581	0.06904212
100009	6198	0.06904212
100009	2552	0.06904211
100009	4342	0.06904211
100009	719	0.0690421
100009	1349	0.0690421
100009	3556	0.0690421
100009	3605	0.0690421
100009	875	0.069042094
100009	3756	0.069042094
100053	581	0.05511029
100053	4342	0.055110287
100053	6198	0.055110287
100053	1349	0.055110283
100053	2552	0.055110283
100053	3556	0.055110283
100053	719	0.05511028
100053	3605	0.05511028
100053	365	0.055110276
100053	875	0.055110276
100066	581	0.067910165
100066	2552	0.067910165
100066	4342	0.067910165
100066	6198	0.067910165
100066	719	0.06791016
100066	1349	0.06791016
100066	875	0.06791015
100066	880	0.06791015
100066	1173	0.06791015
100066	2651	0.06791015
100088	6198	0.082931146
100088	581	0.08293113
100088	1349	0.08293113
100088	2552	0.08293113
100088	3556	0.08293113
100088	4342	0.08293113
100088	719	0.08293112
100088	875	0.082931116
100088	880	0.082931116
100088	1958	0.082931116
100115	581	0.043102674
100115	4342	0.043102674
100115	6198	0.043102674
100115	2552	0.04310267
100115	719	0.043102667
100115	1349	0.043102667
100115	3556	0.043102667
100115	3605	0.043102663
100115	3756	0.043102663
100115	5214	0.043102663
100223	581	0.053176932
100223	2552	0.053176932
100223	4342	0.053176932
100223	6198	0.05317693
100223	719	0.053176925
100223	1349	0.053176925
100223	3556	0.053176925
100223	3605	0.05317692
100223	3756	0.05317692
100223	875	0.053176917
100227	581	0.050588716
100227	2552	0.050588712
100227	4342	0.050588712
100227	6198	0.050588712
100227	719	0.050588705
100227	1349	0.050588705
100227	3556	0.050588705
100227	3605	0.050588705
100227	2651	0.0505887
100227	2787	0.0505887
100264	581	0.055210132
100264	2552	0.05521013
100264	4342	0.05521013
100264	6198	0.05521013
100264	719	0.05521012
100264	1349	0.05521012
100264	3556	0.05521012
100264	3605	0.05521012
100264	2787	0.055210117
100264	365	0.055210114
100361	581	0.06365281
100361	6198	0.06365281
100361	2552	0.063652806
100361	4342	0.063652806
100361	719	0.0636528
100361	1349	0.0636528
100361	2651	0.0636528
100361	2787	0.0636528
100361	3556	0.0636528
100361	3605	0.0636528
100393	581	0.06183629
100393	6198	0.06183629
100393	2552	0.061836287
100393	4342	0.061836287
100393	719	0.06183628
100393	1349	0.06183628
100393	3556	0.06183628
100393	3605	0.06183628
100393	875	0.061836272
100393	1958	0.061836272
100454	581	0.055102117
100454	4342	0.055102117
100454	6198	0.055102117
100454	2552	0.055102114
100454	719	0.05510211
100454	875	0.05510211
100454	1349	0.05510211
100454	3556	0.05510211
100454	3605	0.055102106
100454	365	0.055102102
100459	581	0.07124542
100459	2552	0.07124542
100459	6198	0.07124542
100459	4342	0.07124541
100459	719	0.0712454
100459	875	0.0712454
100459	1349	0.0712454
100459	2651	0.0712454
100459	3556	0.0712454
100459	3605	0.0712454
100460	581	0.05604969
100460	6198	0.05604969
100460	2552	0.056049686
100460	4342	0.056049682
100460	719	0.05604968
100460	1349	0.05604968
100460	3556	0.05604968
100460	875	0.056049675
100460	2787	0.056049675
100460	3605	0.056049675
100471	581	0.055423744
100471	2552	0.055423737
100471	4342	0.055423737
100471	6198	0.055423737
100471	3556	0.055423733
100471	719	0.05542373
100471	1349	0.05542373
100471	3605	0.05542373
100471	3756	0.05542373
100471	2787	0.055423725
100578	581	0.060859263
100578	2552	0.060859255
100578	4342	0.060859255
100578	6198	0.060859255
100578	719	0.060859248
100578	1349	0.060859248
100578	3556	0.060859248
100578	3605	0.060859244
100578	365	0.06085924
100578	875	0.06085924
100594	581	0.06678344
100594	2552	0.06678344
100594	4342	0.06678344
100594	6198	0.066783436
100594	719	0.06678343
100594	875	0.06678343
100594	880	0.06678343
100594	1349	0.06678343
100594	2787	0.06678343
100594	3556	0.06678343
100610	581	0.0465073
100610	4342	0.0465073
100610	6198	0.0465073
100610	2552	0.046507295
100610	719	0.04650729
100610	875	0.04650729
100610	1349	0.04650729
100610	3556	0.04650729
100610	3605	0.04650729
100610	2787	0.046507288
100644	581	0.07699859
100644	2552	0.07699859
100644	4342	0.07699859
100644	6198	0.07699859
100644	719	0.07699858
100644	1349	0.07699858
100644	3556	0.07699858
100644	3605	0.07699858
100644	875	0.07699857
100644	880	0.07699857
100648	2552	0.05472984
100648	6198	0.05472984
100648	4342	0.054729838
100648	719	0.054729834
100648	1349	0.054729834
100648	3556	0.054729834
100648	3605	0.05472983
100648	3756	0.05472983
100648	875	0.054729827
100648	880	0.054729827
100694	581	0.045516055
100694	2552	0.04551605
100694	4342	0.04551605
100694	6198	0.04551605
100694	1349	0.045516048
100694	3556	0.045516048
100694	719	0.045516044
100694	875	0.045516044
100694	2651	0.045516044
100694	2787	0.045516044
100782	581	0.04473011
100782	2552	0.044730105
100782	4342	0.044730105
100782	6198	0.044730105
100782	719	0.0447301
100782	1349	0.0447301
100782	3556	0.0447301
100782	2787	0.044730097
100782	3605	0.044730097
100782	3756	0.044730097
100815	4342	0.050418526
100815	6198	0.050418526
100815	1349	0.050418522
100815	2552	0.050418522
100815	719	0.05041852
100815	3556	0.05041852
100815	3605	0.05041852
100815	4218	0.050418515
100815	365	0.05041851
100815	875	0.05041851
100846	581	0.06805333
100846	719	0.06805332
100846	1349	0.06805332
100846	2552	0.06805332
100846	4342	0.06805332
100846	6198	0.06805332
100846	3556	0.06805331
100846	3605	0.06805331
100846	365	0.068053305
100846	875	0.068053305
100903	581	0.05524934
100903	2552	0.05524934
100903	4342	0.05524934
100903	6198	0.05524934
100903	3556	0.055249337
100903	719	0.055249333
100903	1349	0.055249333
100903	2787	0.055249333
100903	875	0.05524933
100903	3605	0.05524933
100984	581	0.066400126
100984	2552	0.06640012
100984	4342	0.06640012
100984	6198	0.06640012
100984	1349	0.06640011
100984	3556	0.06640011
100984	365	0.0664001
100984	719	0.0664001
100984	2651	0.0664001
100984	2787	0.0664001
101035	581	0.047721706
101035	6198	0.047721706
101035	2552	0.047721703
101035	4342	0.047721703
101035	719	0.0477217
101035	1349	0.0477217
101035	3556	0.0477217
101035	3605	0.047721695
101035	875	0.04772169
101035	880	0.04772169
101041	581	0.049281426
101041	6198	0.049281426
101041	2552	0.049281422
101041	4342	0.049281422
101041	719	0.04928142
101041	1349	0.04928142
101041	3556	0.04928142
101041	3605	0.049281415
101041	365	0.04928141
101041	875	0.04928141
101081	581	0.04543909
101081	2552	0.045439087
101081	4342	0.045439087
101081	6198	0.045439087
101081	719	0.045439083
101081	1349	0.045439083
101081	2787	0.04543908
101081	3556	0.04543908
101081	3605	0.04543908
101081	3756	0.04543908
101091	581	0.064348884
101091	2552	0.064348884
101091	4342	0.064348884
101091	6198	0.064348884
101091	1349	0.06434888
101091	3556	0.06434888
101091	3605	0.06434888
101091	719	0.06434887
101091	875	0.06434887
101091	2787	0.06434887
101141	581	0.059756093
101141	6198	0.059756093
101141	2552	0.05975609
101141	719	0.059756085
101141	3556	0.059756085
101141	4342	0.059756085
101141	1349	0.05975608
101141	875	0.059756078
101141	2787	0.059756078
101141	3605	0.059756078
101196	581	0.062364787
101196	6198	0.062364787
101196	4342	0.062364783
101196	719	0.06236478
101196	1349	0.06236478
101196	2552	0.06236478
101196	3556	0.06236478
101196	875	0.062364776
101196	2787	0.062364772
101196	3605	0.062364772
101214	581	0.06462717
101214	2552	0.06462717
101214	4342	0.06462717
101214	6198	0.06462717
101214	1349	0.06462716
101214	3556	0.06462716
101214	719	0.064627156
101214	875	0.064627156
101214	880	0.064627156
101214	2651	0.064627156
101304	2552	0.062515244
101304	581	0.06251524
101304	6198	0.06251524
101304	719	0.06251523
101304	1349	0.06251523
101304	2787	0.06251523
101304	3556	0.06251523
101304	3605	0.06251523
101304	4218	0.06251523
101304	4342	0.06251523
101305	581	0.08031783
101305	2552	0.080317825
101305	4342	0.080317825
101305	6198	0.080317825
101305	719	0.08031782
101305	1349	0.08031782
101305	2787	0.08031781
101305	3556	0.08031781
101305	3605	0.08031781
101305	3663	0.08031781
101336	581	0.0591581
101336	6198	0.0591581
101336	2552	0.059158098
101336	4342	0.059158098
101336	719	0.059158094
101336	1349	0.059158094
101336	3556	0.059158094
101336	875	0.05915809
101336	1958	0.059158087
101336	2651	0.059158087
101422	581	0.05206109
101422	2552	0.05206109
101422	4342	0.05206109
101422	6198	0.05206109
101422	3556	0.052061085
101422	719	0.05206108
101422	1349	0.05206108
101422	875	0.052061077
101422	3605	0.052061077
101422	3756	0.052061077
101513	581	0.055666868
101513	6198	0.055666868
101513	2552	0.055666864
101513	4342	0.055666864
101513	719	0.05566686
101513	1349	0.05566686
101513	3556	0.05566686
101513	2787	0.055666856
101513	3605	0.055666856
101513	3756	0.055666856
101517	581	0.04828824
101517	2552	0.04828824
101517	4342	0.04828824
101517	6198	0.04828824
101517	719	0.048288234
101517	1349	0.048288234
101517	3556	0.048288234
101517	3605	0.048288234
101517	875	0.04828823
101517	2651	0.04828823
101550	581	0.047923625
101550	6198	0.04792362
101550	2552	0.047923617
101550	4342	0.047923617
101550	3556	0.047923613
101550	719	0.04792361
101550	875	0.04792361
101550	1349	0.04792361
101550	2787	0.04792361
101550	3605	0.04792361
101606	6198	0.09676253
101606	719	0.09676252
101606	1349	0.09676252
101606	2552	0.09676252
101606	3605	0.09676252
101606	4342	0.09676252
101606	3556	0.096762516
101606	3756	0.096762516
101606	365	0.09676251
101606	875	0.09676251
101620	581	0.08416691
101620	6198	0.08416691
101620	2552	0.0841669
101620	4342	0.0841669
101620	719	0.08416689
101620	1349	0.08416689
101620	3556	0.08416689
101620	875	0.084166884
101620	2651	0.084166884
101620	2787	0.084166884
101696	6198	0.05052647
101696	581	0.050526466
101696	2552	0.050526466
101696	1349	0.050526462
101696	4342	0.050526462
101696	3556	0.05052646
101696	719	0.050526455
101696	875	0.050526455
101696	880	0.050526455
101696	2787	0.050526455
101731	581	0.042476784
101731	1349	0.04247678
101731	2552	0.04247678
101731	3556	0.04247678
101731	4342	0.04247678
101731	6198	0.04247678
101731	719	0.042476777
101731	365	0.042476773
101731	875	0.042476773
101731	2787	0.042476773
101874	581	0.039086565
101874	6198	0.039086565
101874	4342	0.03908656
101874	719	0.039086558
101874	1349	0.039086558
101874	2552	0.039086558
101874	3556	0.039086558
101874	3605	0.039086554
101874	365	0.03908655
101874	875	0.03908655
101876	581	0.07918586
101876	6198	0.07918586
101876	719	0.07918584
101876	1349	0.07918584
101876	2552	0.07918584
101876	4342	0.07918584
101876	2787	0.079185836
101876	3556	0.079185836
101876	3605	0.079185836
101876	365	0.07918583
101887	581	0.05151348
101887	6198	0.051513474
101887	1349	0.05151347
101887	2552	0.05151347
101887	4342	0.05151347
101887	3556	0.051513467
101887	719	0.051513463
101887	875	0.051513463
101887	2787	0.051513463
101887	3605	0.051513463
102019	581	0.051547278
102019	6198	0.051547278
102019	2552	0.051547274
102019	4342	0.051547274
102019	719	0.05154727
102019	875	0.051547267
102019	1349	0.051547267
102019	3556	0.051547267
102019	3605	0.051547267
102019	2651	0.051547263
102032	581	0.042264648
102032	6198	0.042264648
102032	2552	0.042264644
102032	4342	0.042264644
102032	719	0.04226464
102032	1349	0.04226464
102032	3556	0.04226464
102032	875	0.042264637
102032	3756	0.042264637
102032	365	0.042264633
102117	581	0.062839225
102117	2552	0.062839225
102117	4342	0.062839225
102117	6198	0.062839225
102117	719	0.06283922
102117	1349	0.06283922
102117	3556	0.06283922
102117	3605	0.06283922
102117	365	0.06283921
102117	875	0.06283921
102129	581	0.039521478
102129	6198	0.039521474
102129	2552	0.03952147
102129	3556	0.03952147
102129	4342	0.03952147
102129	719	0.039521467
102129	1349	0.039521467
102129	3605	0.039521467
102129	365	0.039521463
102129	875	0.039521463
102130	4342	0.08483559
102130	6198	0.08483559
102130	581	0.08483558
102130	2552	0.08483558
102130	719	0.084835574
102130	875	0.084835574
102130	880	0.084835574
102130	1349	0.084835574
102130	3556	0.084835574
102130	2651	0.08483557
102154	581	0.0692801
102154	2552	0.0692801
102154	4342	0.0692801
102154	6198	0.069280095
102154	719	0.06928009
102154	1349	0.06928009
102154	2787	0.06928009
102154	3556	0.06928009
102154	3605	0.06928009
102154	3756	0.06928009
102189	581	0.047004484
102189	6198	0.04700448
102189	2552	0.047004476
102189	4342	0.047004476
102189	719	0.047004472
102189	1349	0.047004472
102189	3556	0.047004472
102189	2787	0.04700447
102189	3605	0.04700447
102189	3756	0.04700447
102220	581	0.062481366
102220	6198	0.062481366
102220	4342	0.062481362
102220	1349	0.06248136
102220	2552	0.06248136
102220	719	0.06248135
102220	2787	0.06248135
102220	3556	0.06248135
102220	3605	0.06248135
102220	875	0.062481347
102275	581	0.04411289
102275	6198	0.044112887
102275	719	0.044112884
102275	1349	0.044112884
102275	2552	0.044112884
102275	3556	0.044112884
102275	4342	0.044112884
102275	875	0.04411288
102275	3756	0.04411288
102275	365	0.044112876
102284	581	0.06504242
102284	2552	0.06504242
102284	4342	0.06504242
102284	6198	0.06504242
102284	719	0.065042414
102284	1349	0.065042414
102284	875	0.06504241
102284	880	0.06504241
102284	1173	0.06504241
102284	1958	0.06504241
102359	2552	0.07474355
102359	581	0.07474354
102359	719	0.07474354
102359	1349	0.07474354
102359	4342	0.07474354
102359	6198	0.07474354
102359	875	0.07474353
102359	3556	0.07474353
102359	3605	0.07474353
102359	365	0.074743524
102375	581	0.060438413
102375	6198	0.06043841
102375	2552	0.060438406
102375	4342	0.060438406
102375	719	0.060438402
102375	1349	0.060438402
102375	3556	0.060438402
102375	875	0.060438395
102375	2787	0.060438395
102375	3605	0.060438395
102430	581	0.048346326
102430	2552	0.048346326
102430	4342	0.048346326
102430	6198	0.048346326
102430	1349	0.048346322
102430	3556	0.048346322
102430	719	0.04834632
102430	875	0.04834632
102430	880	0.04834632
102430	3756	0.04834632
102564	581	0.059524298
102564	6198	0.059524298
102564	1349	0.05952429
102564	2552	0.05952429
102564	4342	0.05952429
102564	719	0.059524287
102564	3556	0.059524287
102564	3605	0.059524287
102564	2787	0.059524283
102564	4218	0.059524283
102571	581	0.058999788
102571	4342	0.058999784
102571	6198	0.058999784
102571	2552	0.05899978
102571	719	0.058999777
102571	1349	0.058999777
102571	3556	0.058999777
102571	3605	0.058999773
102571	875	0.05899977
102571	880	0.05899977
102581	581	0.039999243
102581	2552	0.03999924
102581	4342	0.03999924
102581	6198	0.03999924
102581	719	0.039999235
102581	1349	0.039999235
102581	3556	0.039999235
102581	875	0.03999923
102581	880	0.03999923
102581	3605	0.03999923
102642	581	0.06598725
102642	719	0.065987244
102642	1349	0.065987244
102642	2552	0.065987244
102642	4342	0.065987244
102642	6198	0.065987244
102642	3556	0.06598724
102642	3605	0.06598724
102642	3756	0.06598724
102642	365	0.06598723
102647	6198	0.07851377
102647	581	0.078513764
102647	4342	0.078513764
102647	719	0.07851376
102647	1349	0.07851376
102647	2552	0.07851376
102647	3556	0.07851376
102647	3605	0.07851375
102647	365	0.07851374
102647	875	0.07851374
102668	581	0.056491006
102668	2552	0.056491002
102668	6198	0.056491002
102668	719	0.056491
102668	4342	0.056491
102668	1349	0.056490995
102668	3556	0.056490995
102668	2787	0.05649099
102668	3605	0.05649099
102668	3756	0.05649099
102676	581	0.03918374
102676	719	0.039183736
102676	1349	0.039183736
102676	2552	0.039183736
102676	3556	0.039183736
102676	4342	0.039183736
102676	6198	0.039183736
102676	3605	0.039183732
102676	3756	0.039183732
102676	365	0.03918373
102702	581	0.077130556
102702	2552	0.077130556
102702	4342	0.077130556
102702	6198	0.077130556
102702	719	0.07713055
102702	3556	0.07713055
102702	875	0.07713054
102702	2787	0.07713054
102702	3605	0.07713054
102702	3756	0.07713054
102705	581	0.0658423
102705	2552	0.06584229
102705	4342	0.06584229
102705	6198	0.06584229
102705	719	0.065842286
102705	1349	0.065842286
102705	3556	0.065842286
102705	875	0.06584228
102705	880	0.06584228
102705	3605	0.06584228
102719	581	0.067708395
102719	1349	0.06770839
102719	2552	0.06770839
102719	4342	0.06770839
102719	6198	0.06770839
102719	719	0.06770838
102719	875	0.06770838
102719	3556	0.06770838
102719	3605	0.06770838
102719	365	0.06770837
102772	581	0.052750394
102772	6198	0.052750394
102772	2552	0.05275039
102772	1349	0.052750386
102772	3556	0.052750386
102772	3605	0.052750386
102772	4342	0.052750386
102772	719	0.05275038
102772	875	0.05275038
102772	1958	0.05275038
102945	581	0.06822796
102945	6198	0.06822796
102945	719	0.068227954
102945	2552	0.068227954
102945	4342	0.068227954
102945	365	0.06822795
102945	875	0.06822795
102945	1349	0.06822795
102945	2787	0.06822795
102945	3422	0.06822795
102967	581	0.08389674
102967	6198	0.08389674
102967	2552	0.083896734
102967	4342	0.083896734
102967	719	0.08389673
102967	1349	0.08389673
102967	3556	0.08389673
102967	3605	0.08389673
102967	365	0.08389671
102967	875	0.08389671
103251	581	0.05870642
103251	2552	0.058706418
103251	4342	0.058706418
103251	6198	0.058706418
103251	719	0.05870641
103251	1349	0.05870641
103251	3556	0.05870641
103251	3605	0.05870641
103251	875	0.058706403
103251	2651	0.058706403
103277	581	0.05810405
103277	6198	0.05810405
103277	2552	0.058104046
103277	4342	0.058104046
103277	1349	0.058104042
103277	3556	0.058104042
103277	719	0.05810404
103277	875	0.05810404
103277	2787	0.05810404
103277	3605	0.05810404
103304	581	0.048880376
103304	6198	0.048880376
103304	4342	0.048880372
103304	719	0.04888037
103304	1349	0.04888037
103304	2552	0.04888037
103304	3556	0.04888037
103304	875	0.048880365
103304	3605	0.048880365
103304	365	0.04888036
103315	581	0.050731696
103315	2552	0.05073169
103315	4342	0.05073169
103315	6198	0.05073169
103315	719	0.050731685
103315	3556	0.050731685
103315	875	0.05073168
103315	1349	0.05073168
103315	2787	0.05073168
103315	3605	0.05073168
103336	1349	0.07647717
103336	2552	0.07647717
103336	4342	0.07647717
103336	6198	0.07647717
103336	719	0.07647716
103336	3605	0.07647716
103336	365	0.076477155
103336	875	0.076477155
103336	880	0.076477155
103336	2651	0.076477155
103445	581	0.04103397
103445	4342	0.041033965
103445	6198	0.041033965
103445	719	0.04103396
103445	1349	0.04103396
103445	2552	0.04103396
103445	3556	0.04103396
103445	2787	0.041033957
103445	5214	0.041033957
103445	365	0.041033953
103467	581	0.059483934
103467	2552	0.05948393
103467	4342	0.05948393
103467	6198	0.05948393
103467	719	0.059483923
103467	875	0.059483923
103467	1349	0.059483923
103467	3556	0.059483923
103467	3605	0.059483923
103467	2787	0.05948392
103496	581	0.059927396
103496	2552	0.059927396
103496	4342	0.059927396
103496	6198	0.059927396
103496	719	0.05992739
103496	1349	0.05992739
103496	3556	0.05992739
103496	875	0.05992738
103496	2787	0.05992738
103496	3605	0.05992738
103541	581	0.071868725
103541	2552	0.07186872
103541	4342	0.07186872
103541	6198	0.07186872
103541	1349	0.07186871
103541	365	0.0718687
103541	719	0.0718687
103541	875	0.0718687
103541	880	0.0718687
103541	2651	0.0718687
103577	581	0.056180112
103577	4342	0.05618011
103577	6198	0.05618011
103577	1349	0.056180105
103577	2552	0.056180105
103577	3556	0.056180105
103577	719	0.0561801
103577	875	0.056180097
103577	3605	0.056180097
103577	3756	0.056180097
103656	581	0.058724716
103656	6198	0.058724713
103656	2552	0.05872471
103656	4342	0.05872471
103656	1349	0.058724705
103656	3556	0.058724705
103656	719	0.0587247
103656	3605	0.0587247
103656	875	0.058724698
103656	3756	0.058724698
103811	581	0.047401812
103811	2552	0.04740181
103811	4342	0.04740181
103811	6198	0.04740181
103811	719	0.0474018
103811	875	0.0474018
103811	1349	0.0474018
103811	3556	0.0474018
103811	3605	0.0474018
103811	3756	0.0474018
103935	581	0.043120727
103935	6198	0.043120723
103935	2552	0.04312072
103935	3556	0.04312072
103935	4342	0.04312072
103935	719	0.043120716
103935	1349	0.043120716
103935	3605	0.043120716
103935	875	0.043120712
103935	1958	0.043120712
104051	581	0.05646986
104051	2552	0.056469858
104051	4342	0.056469858
104051	6198	0.056469858
104051	719	0.05646985
104051	1349	0.05646985
104051	3556	0.05646985
104051	3605	0.05646985
104051	2787	0.056469847
104051	365	0.056469843
104058	581	0.06109284
104058	2552	0.06109283
104058	4342	0.06109283
104058	6198	0.06109283
104058	719	0.061092824
104058	1349	0.061092824
104058	3556	0.061092824
104058	3605	0.061092824
104058	875	0.06109282
104058	880	0.06109282
104098	581	0.08087423
104098	2552	0.08087422
104098	4342	0.08087422
104098	6198	0.08087422
104098	719	0.08087421
104098	1349	0.08087421
104098	875	0.080874205
104098	3556	0.080874205
104098	3605	0.080874205
104098	3756	0.080874205
104113	581	0.06320819
104113	6198	0.06320819
104113	1349	0.063208185
104113	2552	0.063208185
104113	4342	0.063208185
104113	719	0.06320818
104113	875	0.06320818
104113	880	0.06320818
104113	1958	0.06320818
104113	2651	0.06320818
104123	581	0.05801119
104123	6198	0.05801119
104123	2552	0.058011185
104123	1349	0.05801118
104123	4342	0.05801118
104123	719	0.058011178
104123	3556	0.058011178
104123	3605	0.058011174
104123	3756	0.058011174
104123	875	0.05801117
104144	581	0.07928503
104144	2552	0.079285026
104144	4342	0.079285026
104144	6198	0.079285026
104144	1349	0.07928502
104144	3605	0.07928502
104144	719	0.07928501
104144	875	0.07928501
104144	1958	0.07928501
104144	2787	0.07928501
104211	581	0.06671283
104211	2552	0.06671283
104211	4342	0.06671283
104211	6198	0.06671283
104211	719	0.06671282
104211	1349	0.06671282
104211	875	0.06671281
104211	1958	0.06671281
104211	2651	0.06671281
104211	2787	0.06671281
104243	581	0.0589972
104243	2552	0.0589972
104243	6198	0.0589972
104243	4342	0.058997195
104243	1349	0.05899719
104243	3605	0.05899719
104243	719	0.058997188
104243	3556	0.058997188
104243	1958	0.058997184
104243	2787	0.058997184
104268	581	0.050190028
104268	2552	0.050190024
104268	4342	0.050190024
104268	6198	0.050190024
104268	719	0.050190017
104268	1349	0.050190017
104268	3556	0.050190017
104268	875	0.050190013
104268	2787	0.050190013
104268	3605	0.050190013
104278	581	0.05322727
104278	6198	0.053227264
104278	2552	0.05322726
104278	4342	0.05322726
104278	1349	0.053227257
104278	3556	0.053227257
104278	719	0.053227253
104278	2787	0.053227253
104278	3605	0.053227253
104278	4218	0.053227253
104311	581	0.044014137
104311	2552	0.044014134
104311	4342	0.044014134
104311	6198	0.044014134
104311	719	0.044014126
104311	1349	0.044014126
104311	3556	0.044014126
104311	3605	0.044014126
104311	3422	0.044014122
104311	3756	0.044014122
104334	581	0.061431505
104334	6198	0.061431505
104334	2552	0.061431497
104334	4342	0.061431497
104334	1349	0.061431494
104334	3556	0.061431494
104334	719	0.06143149
104334	3605	0.06143149
104334	875	0.061431486
104334	2787	0.061431486
104362	581	0.047010474
104362	6198	0.047010474
104362	719	0.047010466
104362	1349	0.047010466
104362	2552	0.047010466
104362	3556	0.047010466
104362	4342	0.047010466
104362	365	0.04701046
104362	875	0.04701046
104362	1173	0.04701046
104399	581	0.07716662
104399	4342	0.07716662
104399	365	0.0771666
104399	719	0.0771666
104399	875	0.0771666
104399	1349	0.0771666
104399	2552	0.0771666
104399	3556	0.0771666
104399	5214	0.0771666
104399	6198	0.0771666
104413	6198	0.07724703
104413	581	0.07724702
104413	719	0.07724702
104413	1349	0.07724702
104413	2552	0.07724702
104413	4342	0.07724702
104413	3556	0.077247016
104413	365	0.07724701
104413	875	0.07724701
104413	1211	0.07724701
104429	2552	0.06555447
104429	6198	0.06555447
104429	581	0.06555446
104429	4342	0.06555446
104429	719	0.065554455
104429	1349	0.065554455
104429	3556	0.065554455
104429	3605	0.065554455
104429	3756	0.065554455
104429	365	0.06555445
104437	581	0.054709785
104437	6198	0.054709785
104437	2552	0.05470978
104437	4342	0.05470978
104437	719	0.054709777
104437	1349	0.054709777
104437	3556	0.054709777
104437	3605	0.054709774
104437	875	0.05470977
104437	880	0.05470977
104447	581	0.051706094
104447	6198	0.051706094
104447	2552	0.05170609
104447	4342	0.05170609
104447	1349	0.051706087
104447	719	0.051706083
104447	2787	0.051706083
104447	3556	0.051706083
104447	3605	0.051706083
104447	875	0.051706076
104505	581	0.06206672
104505	2552	0.06206672
104505	6198	0.06206672
104505	4342	0.062066715
104505	1349	0.06206671
104505	3556	0.06206671
104505	719	0.062066708
104505	3605	0.062066708
104505	875	0.062066704
104505	3756	0.062066704
104550	581	0.04899165
104550	6198	0.048991647
104550	2552	0.048991643
104550	4342	0.048991643
104550	1349	0.04899164
104550	3556	0.04899164
104550	719	0.048991635
104550	2787	0.048991635
104550	3605	0.048991635
104550	3663	0.048991635
104569	581	0.056099292
104569	2552	0.05609929
104569	6198	0.05609929
104569	4342	0.056099284
104569	719	0.05609928
104569	1349	0.05609928
104569	3556	0.05609928
104569	3605	0.056099277
104569	365	0.056099273
104569	875	0.056099273
104604	581	0.048643954
104604	6198	0.04864395
104604	719	0.048643947
104604	2552	0.048643947
104604	4342	0.048643947
104604	1349	0.048643943
104604	3556	0.048643943
104604	365	0.04864394
104604	875	0.04864394
104604	2787	0.04864394
104657	581	0.085730776
104657	4342	0.085730776
104657	2552	0.08573077
104657	6198	0.08573077
104657	719	0.08573076
104657	1349	0.08573076
104657	3556	0.08573076
104657	875	0.085730754
104657	3756	0.085730754
104657	365	0.08573075
104665	581	0.052092925
104665	6198	0.052092925
104665	2552	0.05209292
104665	719	0.052092917
104665	1349	0.052092917
104665	3556	0.052092917
104665	4342	0.052092917
104665	875	0.052092914
104665	365	0.05209291
104665	880	0.05209291
104705	581	0.049009547
104705	6198	0.049009543
104705	719	0.04900954
104705	2552	0.04900954
104705	4342	0.04900954
104705	1349	0.049009535
104705	3556	0.049009535
104705	875	0.04900953
104705	2787	0.04900953
104705	3605	0.04900953
104759	6198	0.05561606
104759	581	0.055616055
104759	2552	0.05561605
104759	4342	0.05561605
104759	719	0.055616047
104759	1349	0.055616047
104759	3556	0.055616047
104759	875	0.055616044
104759	2787	0.055616044
104759	3605	0.055616044
104796	581	0.057332978
104796	6198	0.057332978
104796	4342	0.057332974
104796	1349	0.05733297
104796	2552	0.05733297
104796	3556	0.05733297
104796	719	0.057332966
104796	3605	0.057332966
104796	2787	0.057332963
104796	3663	0.057332963
104812	581	0.049963005
104812	4342	0.049963005
104812	6198	0.049963005
104812	2552	0.049963
104812	719	0.049962997
104812	1349	0.049962997
104812	2787	0.049962997
104812	3556	0.049962997
104812	875	0.049962994
104812	3605	0.049962994
104880	581	0.08663303
104880	2552	0.08663303
104880	4342	0.08663303
104880	6198	0.08663303
104880	1349	0.08663302
104880	719	0.08663301
104880	875	0.08663301
104880	2787	0.08663301
104880	3556	0.08663301
104880	3605	0.08663301
104883	581	0.049819022
104883	6198	0.049819022
104883	1349	0.049819015
104883	2552	0.049819015
104883	3556	0.049819015
104883	4342	0.049819015
104883	719	0.04981901
104883	365	0.049819008
104883	875	0.049819008
104883	2787	0.049819008
104925	581	0.08244122
104925	6198	0.08244122
104925	719	0.08244121
104925	1349	0.08244121
104925	2552	0.08244121
104925	4342	0.08244121
104925	2787	0.0824412
104925	3605	0.0824412
104925	875	0.082441196
104925	880	0.082441196
105028	581	0.06831944
105028	4342	0.06831944
105028	6198	0.06831944
105028	1349	0.06831943
105028	2552	0.06831943
105028	3556	0.06831943
105028	719	0.068319425
105028	875	0.068319425
105028	2787	0.068319425
105028	3605	0.068319425
105054	581	0.0838676
105054	2552	0.0838676
105054	719	0.083867595
105054	1349	0.083867595
105054	4342	0.083867595
105054	6198	0.083867595
105054	875	0.08386759
105054	3556	0.08386759
105054	880	0.08386758
105054	2651	0.08386758
105058	581	0.08894399
105058	6198	0.08894399
105058	2552	0.08894398
105058	4342	0.08894398
105058	719	0.08894397
105058	1349	0.08894397
105058	3556	0.08894397
105058	875	0.088943966
105058	880	0.088943966
105058	2651	0.088943966
105101	581	0.07127033
105101	4342	0.07127033
105101	6198	0.07127033
105101	2552	0.071270324
105101	719	0.07127032
105101	1349	0.07127032
105101	3556	0.07127032
105101	3605	0.07127032
105101	875	0.07127031
105101	2651	0.07127031
105108	581	0.076456174
105108	2552	0.076456174
105108	719	0.07645617
105108	4342	0.07645617
105108	6198	0.07645617
105108	875	0.07645616
105108	1349	0.07645616
105108	2651	0.07645616
105108	2787	0.07645616
105108	3556	0.07645616
105115	4342	0.052844338
105115	581	0.052844334
105115	2552	0.052844334
105115	6198	0.052844334
105115	3556	0.05284433
105115	719	0.052844327
105115	875	0.052844327
105115	1349	0.052844327
105115	2787	0.052844323
105115	3422	0.052844323
105214	581	0.08088337
105214	4342	0.08088337
105214	6198	0.08088337
105214	2552	0.08088336
105214	719	0.080883354
105214	875	0.080883354
105214	880	0.080883354
105214	1349	0.080883354
105214	2651	0.080883354
105214	2787	0.080883354
105221	581	0.061697982
105221	4342	0.061697975
105221	6198	0.061697975
105221	2552	0.06169797
105221	3556	0.061697967
105221	719	0.061697964
105221	1349	0.061697964
105221	3605	0.061697964
105221	365	0.06169796
105221	875	0.06169796
105317	581	0.042619035
105317	4342	0.042619035
105317	6198	0.042619035
105317	2552	0.04261903
105317	365	0.042619027
105317	719	0.042619027
105317	1349	0.042619027
105317	2787	0.042619027
105317	3556	0.042619027
105317	3605	0.042619027
105335	6198	0.055969458
105335	581	0.055969454
105335	719	0.055969454
105335	2552	0.055969454
105335	4342	0.055969454
105335	1349	0.05596945
105335	3556	0.05596945
105335	875	0.055969447
105335	2787	0.055969447
105335	1958	0.055969443
105374	581	0.0590182
105374	2552	0.059018195
105374	4342	0.059018195
105374	6198	0.059018195
105374	719	0.059018187
105374	875	0.059018187
105374	1349	0.059018187
105374	3556	0.059018187
105374	3605	0.059018183
105374	3756	0.059018183
105476	581	0.060185563
105476	6198	0.06018556
105476	2552	0.060185555
105476	4342	0.060185555
105476	719	0.06018555
105476	1349	0.06018555
105476	3556	0.06018555
105476	875	0.060185544
105476	2787	0.060185544
105476	3605	0.060185544
105536	581	0.049543746
105536	4342	0.049543746
105536	2552	0.049543742
105536	6198	0.049543742
105536	719	0.04954374
105536	1349	0.04954374
105536	3556	0.04954374
105536	365	0.04954373
105536	875	0.04954373
105536	2787	0.04954373
105572	581	0.05694236
105572	6198	0.05694236
105572	2552	0.056942355
105572	4342	0.056942355
105572	719	0.05694235
105572	3556	0.05694235
105572	1349	0.056942347
105572	365	0.056942344
105572	875	0.056942344
105572	880	0.056942344
105576	581	0.06084127
105576	2552	0.06084127
105576	6198	0.06084127
105576	4342	0.060841266
105576	719	0.060841262
105576	1349	0.06084126
105576	3556	0.06084126
105576	3605	0.06084126
105576	875	0.060841255
105576	2651	0.060841255
105627	581	0.06517018
105627	719	0.06517017
105627	1349	0.06517017
105627	2552	0.06517017
105627	4342	0.06517017
105627	6198	0.06517017
105627	875	0.06517016
105627	3556	0.06517016
105627	3756	0.06517016
105627	4218	0.06517016
105874	581	0.06617519
105874	1349	0.06617519
105874	2552	0.06617519
105874	4342	0.06617519
105874	6198	0.06617519
105874	719	0.066175185
105874	3556	0.066175185
105874	365	0.06617518
105874	875	0.06617518
105874	1958	0.06617518
105937	2552	0.0674291
105937	581	0.067429096
105937	719	0.067429096
105937	1349	0.067429096
105937	3556	0.067429096
105937	4342	0.067429096
105937	6198	0.067429096
105937	3605	0.06742909
105937	365	0.06742908
105937	875	0.06742908
105968	581	0.056877602
105968	2552	0.0568776
105968	4342	0.0568776
105968	6198	0.0568776
105968	1349	0.056877594
105968	719	0.05687759
105968	3556	0.05687759
105968	3605	0.05687759
105968	875	0.056877587
105968	365	0.056877583
105979	581	0.07647486
105979	4342	0.07647486
105979	6198	0.07647486
105979	2552	0.07647485
105979	719	0.076474845
105979	1349	0.076474845
105979	3556	0.076474845
105979	365	0.07647484
105979	2787	0.07647484
105979	3605	0.07647484
106007	581	0.12522292
106007	2552	0.1252229
106007	4342	0.1252229
106007	6198	0.1252229
106007	719	0.12522289
106007	875	0.12522289
106007	1349	0.12522289
106007	3556	0.12522289
106007	3605	0.12522289
106007	365	0.12522288
106059	581	0.07932365
106059	6198	0.07932365
106059	2552	0.07932364
106059	719	0.079323635
106059	875	0.079323635
106059	1349	0.079323635
106059	3556	0.079323635
106059	3605	0.079323635
106059	4342	0.079323635
106059	2787	0.07932363
106078	581	0.07075061
106078	2552	0.07075061
106078	4342	0.07075061
106078	6198	0.07075061
106078	719	0.0707506
106078	1349	0.0707506
106078	3556	0.0707506
106078	875	0.070750594
106078	2651	0.070750594
106078	2787	0.070750594
106114	6198	0.06963878
106114	581	0.069638774
106114	719	0.069638774
106114	1349	0.069638774
106114	2552	0.069638774
106114	3556	0.069638774
106114	4342	0.069638774
106114	3605	0.06963877
106114	365	0.06963876
106114	875	0.06963876
106131	581	0.06255104
106131	6198	0.06255104
106131	2552	0.06255103
106131	4342	0.06255103
106131	719	0.06255102
106131	1173	0.06255102
106131	1349	0.06255102
106131	2787	0.06255102
106131	3556	0.06255102
106131	3605	0.06255102
106208	581	0.06672074
106208	6198	0.06672074
106208	2552	0.06672073
106208	4342	0.06672073
106208	719	0.066720724
106208	1349	0.066720724
106208	3556	0.066720724
106208	3605	0.066720724
106208	3756	0.066720724
106208	365	0.06672072
106225	581	0.077496946
106225	2552	0.07749694
106225	4342	0.07749694
106225	6198	0.07749694
106225	719	0.07749693
106225	1349	0.07749693
106225	3556	0.07749693
106225	3605	0.07749693
106225	3756	0.07749692
106225	365	0.077496916
106280	581	0.053830586
106280	2552	0.053830586
106280	6198	0.053830586
106280	4342	0.053830583
106280	1349	0.05383058
106280	3556	0.05383058
106280	719	0.053830575
106280	365	0.05383057
106280	875	0.05383057
106280	2787	0.05383057
106282	581	0.05867725
106282	2552	0.05867725
106282	4342	0.05867725
106282	6198	0.05867725
106282	719	0.05867724
106282	1349	0.05867724
106282	3556	0.05867724
106282	875	0.058677237
106282	3605	0.058677237
106282	880	0.058677234
106294	6198	0.05776617
106294	581	0.057766166
106294	719	0.05776616
106294	1349	0.05776616
106294	2552	0.05776616
106294	4342	0.05776616
106294	875	0.057766154
106294	2651	0.057766154
106294	3556	0.057766154
106294	3605	0.057766154
106302	581	0.07064533
106302	2552	0.07064533
106302	6198	0.07064533
106302	719	0.070645325
106302	1349	0.070645325
106302	4342	0.070645325
106302	875	0.07064532
106302	1958	0.07064532
106302	2787	0.07064532
106302	3556	0.07064532
106331	581	0.05329889
106331	6198	0.053298887
106331	2552	0.053298883
106331	4342	0.053298883
106331	1349	0.05329888
106331	719	0.053298876
106331	3556	0.053298876
106331	3605	0.053298876
106331	880	0.053298872
106331	2787	0.053298872
106369	581	0.04368564
106369	6198	0.04368564
106369	1349	0.043685637
106369	2552	0.043685637
106369	3556	0.043685637
106369	4342	0.043685637
106369	719	0.043685634
106369	365	0.04368563
106369	875	0.04368563
106369	880	0.04368563
106388	581	0.046204366
106388	2552	0.046204366
106388	6198	0.046204366
106388	4342	0.046204362
106388	719	0.04620436
106388	3556	0.04620436
106388	875	0.046204355
106388	1349	0.046204355
106388	2787	0.046204355
106388	5214	0.046204355
106406	581	0.059811078
106406	2552	0.059811078
106406	4342	0.059811078
106406	6198	0.059811078
106406	1349	0.05981107
106406	3556	0.05981107
106406	719	0.059811067
106406	3605	0.059811067
106406	875	0.059811063
106406	880	0.059811063
106553	581	0.05636765
106553	2552	0.05636765
106553	4342	0.05636765
106553	6198	0.05636765
106553	719	0.056367643
106553	1349	0.056367643
106553	3556	0.056367643
106553	3605	0.05636764
106553	875	0.056367636
106553	880	0.056367636
106768	581	0.09032182
106768	2552	0.09032181
106768	4342	0.09032181
106768	6198	0.09032181
106768	719	0.090321794
106768	875	0.090321794
106768	1349	0.090321794
106768	3556	0.090321794
106768	3605	0.090321794
106768	3756	0.090321794
106816	581	0.054677907
106816	2552	0.054677904
106816	4342	0.054677904
106816	6198	0.054677904
106816	719	0.054677896
106816	875	0.054677896
106816	1349	0.054677896
106816	2787	0.054677896
106816	3556	0.054677896
106816	3605	0.054677896
106845	581	0.061933212
106845	2552	0.061933212
106845	6198	0.061933212
106845	4342	0.06193321
106845	719	0.061933205
106845	1349	0.061933205
106845	3556	0.061933205
106845	875	0.0619332
106845	880	0.061933197
106845	2651	0.061933197
106846	581	0.046049125
106846	6198	0.046049125
106846	2552	0.04604912
106846	4342	0.04604912
106846	719	0.046049118
106846	1349	0.046049118
106846	3556	0.046049118
106846	5214	0.046049114
106846	365	0.04604911
106846	875	0.04604911
106849	581	0.06504871
106849	2552	0.06504871
106849	6198	0.06504871
106849	4342	0.0650487
106849	719	0.065048695
106849	875	0.065048695
106849	1349	0.065048695
106849	2787	0.065048695
106849	3556	0.065048695
106849	3605	0.065048695
106862	581	0.06867173
106862	2552	0.068671726
106862	4342	0.068671726
106862	6198	0.068671726
106862	719	0.06867172
106862	875	0.06867172
106862	1349	0.06867172
106862	3556	0.06867172
106862	3605	0.06867172
106862	5214	0.06867172
106893	581	0.0517831
106893	6198	0.0517831
106893	2552	0.051783096
106893	4342	0.051783096
106893	719	0.051783092
106893	1349	0.051783092
106893	3556	0.051783092
106893	3605	0.05178309
106893	3663	0.05178309
106893	3756	0.05178309
106946	581	0.08090401
106946	6198	0.080904
106946	2552	0.08090399
106946	3556	0.08090399
106946	4342	0.08090399
106946	719	0.080903985
106946	875	0.080903985
106946	1349	0.080903985
106946	3756	0.080903985
106946	365	0.08090398
106950	581	0.05712839
106950	2552	0.057128385
106950	4342	0.057128385
106950	6198	0.057128385
106950	719	0.057128377
106950	1349	0.057128377
106950	3556	0.057128377
106950	3605	0.057128377
106950	875	0.05712837
106950	880	0.05712837
107021	6198	0.06737584
107021	581	0.06737583
107021	2552	0.06737583
107021	719	0.067375824
107021	875	0.067375824
107021	1349	0.067375824
107021	3556	0.067375824
107021	3605	0.067375824
107021	4342	0.067375824
107021	2787	0.06737582
107044	581	0.05977656
107044	2552	0.059776556
107044	4342	0.059776556
107044	6198	0.059776556
107044	719	0.059776552
107044	1349	0.059776552
107044	875	0.059776545
107044	2787	0.059776545
107044	3556	0.059776545
107044	3605	0.059776545
107099	581	0.08794034
107099	2552	0.087940335
107099	4342	0.087940335
107099	6198	0.087940335
107099	719	0.08794033
107099	1349	0.08794033
107099	3556	0.08794033
107099	3605	0.08794033
107099	365	0.08794032
107099	875	0.08794032
107109	6198	0.057505224
107109	581	0.05750522
107109	2552	0.05750522
107109	4342	0.05750522
107109	719	0.057505213
107109	1349	0.057505213
107109	3556	0.057505213
107109	875	0.057505205
107109	2787	0.057505205
107109	3578	0.057505205
107244	581	0.059997097
107244	6198	0.059997097
107244	2552	0.059997093
107244	4342	0.05999709
107244	719	0.059997085
107244	1349	0.059997085
107244	3556	0.059997085
107244	3605	0.059997085
107244	875	0.05999708
107244	2787	0.05999708
107258	581	0.057003595
107258	2552	0.05700359
107258	6198	0.05700359
107258	719	0.057003587
107258	4342	0.057003587
107258	1349	0.057003584
107258	3556	0.057003584
107258	875	0.05700358
107258	3605	0.05700358
107258	2651	0.057003576
107288	581	0.072200045
107288	6198	0.07220004
107288	1349	0.07220003
107288	2552	0.07220003
107288	3556	0.07220003
107288	4342	0.07220003
107288	719	0.07220002
107288	875	0.07220002
107288	2787	0.07220002
107288	3605	0.07220002
107301	6198	0.07618073
107301	581	0.07618072
107301	719	0.07618071
107301	1349	0.07618071
107301	2552	0.07618071
107301	3556	0.07618071
107301	4342	0.07618071
107301	2787	0.076180704
107301	3605	0.076180704
107301	365	0.0761807
107324	581	0.05858156
107324	2552	0.058581557
107324	4342	0.058581553
107324	6198	0.058581553
107324	719	0.058581546
107324	875	0.058581546
107324	1349	0.058581546
107324	3556	0.058581546
107324	3756	0.058581546
107324	365	0.058581542
107326	6198	0.09068271
107326	581	0.0906827
107326	719	0.0906827
107326	2552	0.0906827
107326	3556	0.0906827
107326	4342	0.0906827
107326	875	0.090682685
107326	1349	0.090682685
107326	2787	0.090682685
107326	3422	0.090682685
107453	581	0.059937492
107453	6198	0.059937492
107453	2552	0.05993749
107453	4342	0.05993749
107453	719	0.059937485
107453	875	0.059937485
107453	1349	0.059937485
107453	3556	0.059937485
107453	3605	0.05993748
107453	880	0.059937477
107510	581	0.053112578
107510	2552	0.053112574
107510	4342	0.053112574
107510	6198	0.053112574
107510	719	0.05311257
107510	875	0.053112566
107510	1349	0.053112566
107510	3556	0.053112566
107510	3756	0.053112566
107510	2787	0.053112563
107523	581	0.043856185
107523	2552	0.04385618
107523	4342	0.04385618
107523	6198	0.04385618
107523	719	0.043856174
107523	875	0.043856174
107523	1349	0.043856174
107523	3556	0.043856174
107523	3605	0.043856174
107523	2787	0.04385617
107865	581	0.057912417
107865	6198	0.057912417
107865	1349	0.05791241
107865	2552	0.05791241
107865	4342	0.05791241
107865	719	0.057912406
107865	3556	0.057912406
107865	3605	0.057912406
107865	875	0.0579124
107865	2787	0.0579124
107889	6198	0.055672936
107889	581	0.055672932
107889	719	0.05567293
107889	1349	0.05567293
107889	2552	0.05567293
107889	4342	0.05567293
107889	3556	0.055672925
107889	875	0.05567292
107889	2787	0.05567292
107889	3605	0.05567292
107921	581	0.047695167
107921	6198	0.047695167
107921	2552	0.047695164
107921	719	0.04769516
107921	1349	0.04769516
107921	3556	0.04769516
107921	4342	0.04769516
107921	2787	0.047695156
107921	3605	0.047695156
107921	365	0.047695152
108005	581	0.080249295
108005	6198	0.080249295
108005	2552	0.08024929
108005	4342	0.08024929
108005	719	0.08024928
108005	1349	0.08024928
108005	3556	0.08024928
108005	3605	0.08024927
108005	365	0.080249265
108005	875	0.080249265
108104	581	0.04699075
108104	2552	0.046990745
108104	4342	0.046990745
108104	6198	0.046990745
108104	1349	0.04699074
108104	3556	0.04699074
108104	719	0.046990737
108104	2787	0.046990737
108104	3605	0.046990737
108104	3756	0.046990737
108143	581	0.046819594
108143	2552	0.04681959
108143	6198	0.04681959
108143	1349	0.046819586
108143	4342	0.046819586
108143	719	0.046819583
108143	2787	0.046819583
108143	3556	0.046819583
108143	3605	0.046819583
108143	875	0.04681958
108155	581	0.0673219
108155	2552	0.0673219
108155	4342	0.0673219
108155	6198	0.0673219
108155	1349	0.06732189
108155	719	0.06732188
108155	875	0.06732188
108155	3556	0.06732188
108155	3605	0.06732188
108155	3756	0.06732188
108158	581	0.07866089
108158	2552	0.07866089
108158	4342	0.07866089
108158	6198	0.07866089
108158	719	0.078660876
108158	875	0.078660876
108158	1349	0.078660876
108158	2787	0.078660876
108158	3556	0.078660876
108158	3605	0.078660876
108197	581	0.05909761
108197	2552	0.059097603
108197	4342	0.059097603
108197	6198	0.059097603
108197	719	0.059097596
108197	1349	0.059097596
108197	3556	0.059097596
108197	3605	0.059097596
108197	365	0.059097588
108197	875	0.059097588
108213	581	0.06561613
108213	2552	0.06561612
108213	4342	0.06561612
108213	6198	0.06561612
108213	719	0.065616116
108213	875	0.065616116
108213	880	0.065616116
108213	1349	0.065616116
108213	3556	0.065616116
108213	3605	0.065616116
108243	581	0.055597316
108243	4342	0.055597316
108243	2552	0.055597313
108243	6198	0.055597313
108243	719	0.05559731
108243	1349	0.05559731
108243	3556	0.05559731
108243	875	0.055597305
108243	3605	0.055597305
108243	3756	0.0555973
108261	6198	0.04821102
108261	581	0.048211016
108261	4342	0.048211016
108261	719	0.048211012
108261	2552	0.048211012
108261	875	0.04821101
108261	1349	0.04821101
108261	2787	0.04821101
108261	3556	0.04821101
108261	3605	0.04821101
108267	6198	0.06627017
108267	581	0.066270165
108267	2552	0.066270165
108267	4342	0.066270165
108267	719	0.06627016
108267	1349	0.06627016
108267	3556	0.06627016
108267	3605	0.06627016
108267	875	0.06627015
108267	1173	0.06627015
108285	581	0.05134716
108285	6198	0.051347155
108285	719	0.05134715
108285	2552	0.05134715
108285	4342	0.05134715
108285	1349	0.051347148
108285	3556	0.051347148
108285	3605	0.051347148
108285	2787	0.051347144
108285	3663	0.051347144
108336	581	0.059575427
108336	2552	0.059575424
108336	4342	0.059575424
108336	6198	0.059575424
108336	719	0.059575416
108336	875	0.059575416
108336	1349	0.059575416
108336	3556	0.059575416
108336	3605	0.059575412
108336	3756	0.059575412
108352	581	0.060134068
108352	6198	0.060134068
108352	4342	0.060134064
108352	2552	0.06013406
108352	3556	0.06013406
108352	1349	0.060134057
108352	719	0.060134053
108352	875	0.06013405
108352	3605	0.06013405
108352	3663	0.06013405
108392	581	0.046753123
108392	2552	0.046753116
108392	4342	0.046753116
108392	6198	0.046753116
108392	1349	0.046753112
108392	3556	0.046753112
108392	719	0.04675311
108392	3605	0.04675311
108392	4218	0.04675311
108392	875	0.046753105
108405	581	0.0712893
108405	2552	0.0712893
108405	4342	0.0712893
108405	6198	0.0712893
108405	719	0.07128929
108405	1349	0.07128929
108405	3556	0.07128929
108405	365	0.071289286
108405	875	0.071289286
108405	2651	0.071289286
108480	581	0.084495395
108480	2552	0.084495395
108480	6198	0.084495395
108480	719	0.08449538
108480	1349	0.08449538
108480	3556	0.08449538
108480	3605	0.08449538
108480	4342	0.08449538
108480	875	0.08449537
108480	2787	0.08449537
108481	581	0.06756581
108481	2552	0.06756581
108481	4342	0.06756581
108481	6198	0.06756581
108481	719	0.067565806
108481	1349	0.067565806
108481	3556	0.067565806
108481	3605	0.067565806
108481	875	0.0675658
108481	880	0.0675658
108485	581	0.05309179
108485	2552	0.053091787
108485	4342	0.053091787
108485	6198	0.053091787
108485	719	0.053091783
108485	1349	0.053091783
108485	3556	0.05309178
108485	3605	0.05309178
108485	875	0.053091776
108485	2787	0.053091776
108535	581	0.06341638
108535	2552	0.06341638
108535	6198	0.06341638
108535	4342	0.06341637
108535	719	0.06341636
108535	1349	0.06341636
108535	2787	0.06341636
108535	3556	0.06341636
108535	3605	0.06341636
108535	3756	0.06341636
108563	6198	0.07267819
108563	581	0.072678186
108563	2552	0.072678186
108563	719	0.07267818
108563	1349	0.07267818
108563	3556	0.07267818
108563	4342	0.07267818
108563	875	0.07267817
108563	2787	0.07267817
108563	3756	0.07267817
108622	581	0.066141024
108622	6198	0.066141024
108622	2552	0.06614102
108622	3556	0.06614102
108622	4342	0.06614102
108622	719	0.06614101
108622	1349	0.06614101
108622	2787	0.06614101
108622	3605	0.06614101
108622	875	0.066141
108700	581	0.0692855
108700	4342	0.06928549
108700	6198	0.06928549
108700	719	0.06928548
108700	1349	0.06928548
108700	2552	0.06928548
108700	3556	0.06928548
108700	3605	0.06928548
108700	875	0.069285475
108700	2787	0.069285475
108752	581	0.058597904
108752	6198	0.058597904
108752	2552	0.0585979
108752	4342	0.0585979
108752	1349	0.058597896
108752	719	0.058597893
108752	3556	0.058597893
108752	3605	0.058597893
108752	875	0.058597885
108752	880	0.058597885
108753	581	0.07610818
108753	719	0.07610817
108753	1349	0.07610817
108753	2552	0.07610817
108753	3556	0.07610817
108753	4342	0.07610817
108753	875	0.076108165
108753	2651	0.076108165
108753	2787	0.076108165
108753	3605	0.076108165
108763	581	0.058974408
108763	2552	0.0589744
108763	4342	0.0589744
108763	6198	0.0589744
108763	1349	0.058974396
108763	719	0.058974393
108763	3556	0.058974393
108763	3605	0.058974393
108763	875	0.058974385
108763	880	0.058974385
108773	581	0.05273141
108773	4342	0.052731406
108773	6198	0.052731406
108773	719	0.052731402
108773	1349	0.052731402
108773	2552	0.052731402
108773	3556	0.0527314
108773	875	0.052731395
108773	2787	0.052731395
108773	3605	0.052731395
108799	581	0.08199531
108799	6198	0.08199531
108799	4342	0.0819953
108799	719	0.08199529
108799	1349	0.08199529
108799	2552	0.08199529
108799	3556	0.08199529
108799	3605	0.081995286
108799	3663	0.081995286
108799	365	0.08199528
108827	581	0.05598814
108827	6198	0.05598814
108827	2552	0.055988133
108827	4342	0.055988133
108827	1349	0.05598813
108827	3556	0.05598813
108827	719	0.055988126
108827	875	0.055988126
108827	2787	0.055988126
108827	3605	0.055988126
108950	581	0.051987816
108950	6198	0.051987812
108950	2552	0.05198781
108950	4342	0.05198781
108950	719	0.051987804
108950	1349	0.051987804
108950	3556	0.051987804
108950	3605	0.051987804
108950	365	0.051987797
108950	875	0.051987797
109013	581	0.06661461
109013	1349	0.06661461
109013	2552	0.06661461
109013	4342	0.06661461
109013	6198	0.06661461
109013	719	0.066614605
109013	3556	0.066614605
109013	3605	0.066614605
109013	365	0.0666146
109013	875	0.0666146
109014	581	0.055654764
109014	4342	0.055654757
109014	6198	0.055654757
109014	2552	0.055654753
109014	3556	0.055654753
109014	719	0.05565475
109014	1349	0.05565475
109014	2787	0.05565475
109014	3605	0.05565475
109014	875	0.055654746
109084	581	0.05457554
109084	2552	0.05457554
109084	6198	0.05457554
109084	4342	0.054575536
109084	719	0.054575533
109084	1349	0.054575533
109084	3556	0.054575533
109084	3605	0.054575533
109084	2787	0.05457553
109084	365	0.054575525
109107	581	0.050065365
109107	2552	0.05006536
109107	4342	0.05006536
109107	6198	0.05006536
109107	719	0.050065354
109107	1349	0.050065354
109107	3556	0.050065354
109107	3756	0.050065354
109107	875	0.05006535
109107	3605	0.05006535
109122	581	0.0655687
109122	4342	0.0655687
109122	6198	0.0655687
109122	2552	0.06556869
109122	719	0.065568686
109122	875	0.065568686
109122	880	0.065568686
109122	1349	0.065568686
109122	2651	0.065568686
109122	2787	0.065568686
109135	581	0.05062919
109135	6198	0.05062919
109135	2552	0.050629187
109135	4342	0.050629187
109135	1349	0.050629184
109135	3556	0.050629184
109135	719	0.05062918
109135	875	0.050629176
109135	2787	0.050629176
109135	3605	0.050629176
109276	581	0.06199556
109276	4342	0.061995555
109276	6198	0.061995555
109276	2552	0.06199555
109276	719	0.061995547
109276	1349	0.061995547
109276	3556	0.061995547
109276	2787	0.061995544
109276	3605	0.061995544
109276	875	0.06199554
109287	581	0.056089856
109287	2552	0.056089852
109287	6198	0.056089852
109287	4342	0.05608985
109287	719	0.056089845
109287	1349	0.05608984
109287	3556	0.05608984
109287	3605	0.05608984
109287	3756	0.05608984
109287	365	0.056089837
109349	6198	0.055176355
109349	581	0.05517635
109349	1349	0.055176347
109349	2552	0.055176347
109349	4342	0.055176347
109349	719	0.05517634
109349	2787	0.05517634
109349	3556	0.05517634
109349	3605	0.05517634
109349	875	0.055176336
109357	581	0.0619793
109357	6198	0.061979298
109357	2552	0.061979294
109357	4342	0.061979294
109357	719	0.061979286
109357	1349	0.061979286
109357	3556	0.061979286
109357	3605	0.061979286
109357	875	0.061979283
109357	3756	0.061979283
109388	581	0.07190192
109388	2552	0.07190192
109388	4342	0.07190192
109388	1349	0.07190191
109388	6198	0.07190191
109388	719	0.0719019
109388	875	0.0719019
109388	2787	0.0719019
109388	3556	0.0719019
109388	3605	0.0719019
109403	581	0.051981293
109403	2552	0.05198129
109403	4342	0.05198129
109403	6198	0.05198129
109403	719	0.051981285
109403	1349	0.05198128
109403	3556	0.05198128
109403	365	0.051981278
109403	875	0.051981278
109403	2787	0.051981278
109427	581	0.04719762
109427	6198	0.04719762
109427	719	0.047197618
109427	1349	0.047197618
109427	2552	0.047197618
109427	4342	0.047197618
109427	3556	0.047197614
109427	3605	0.047197614
109427	365	0.04719761
109427	875	0.04719761
109461	581	0.06310359
109461	6198	0.06310359
109461	2552	0.06310358
109461	4342	0.06310358
109461	719	0.06310357
109461	875	0.06310357
109461	1349	0.06310357
109461	2787	0.06310357
109461	3556	0.06310357
109461	3605	0.06310357
109491	581	0.05780063
109491	6198	0.057800625
109491	2552	0.05780062
109491	4342	0.05780062
109491	719	0.057800617
109491	1349	0.057800617
109491	3556	0.057800617
109491	875	0.057800613
109491	3605	0.057800613
109491	3756	0.057800613
109502	581	0.052364916
109502	2552	0.052364916
109502	4342	0.052364912
109502	6198	0.052364912
109502	719	0.05236491
109502	1349	0.052364904
109502	3556	0.052364904
109502	3756	0.052364904
109502	365	0.0523649
109502	875	0.0523649
109516	581	0.06407301
109516	2552	0.06407301
109516	4342	0.06407301
109516	6198	0.06407301
109516	1349	0.064073004
109516	365	0.064073
109516	719	0.064073
109516	875	0.064073
109516	880	0.064073
109516	1958	0.064073
109519	581	0.07175967
109519	6198	0.07175967
109519	2552	0.07175966
109519	4342	0.07175966
109519	1349	0.071759656
109519	3556	0.071759656
109519	3605	0.071759656
109519	719	0.07175965
109519	2651	0.07175965
109519	2787	0.07175965
109562	581	0.05604411
109562	2552	0.05604411
109562	6198	0.05604411
109562	4342	0.056044105
109562	719	0.0560441
109562	1349	0.0560441
109562	3556	0.0560441
109562	875	0.056044094
109562	2787	0.056044094
109562	3605	0.056044094
109574	2552	0.08149472
109574	4342	0.08149472
109574	6198	0.08149472
109574	719	0.08149471
109574	1349	0.081494704
109574	3556	0.081494704
109574	3605	0.081494704
109574	3756	0.081494704
109574	875	0.0814947
109574	880	0.0814947
109605	581	0.06365645
109605	2552	0.06365645
109605	6198	0.06365645
109605	719	0.06365644
109605	1349	0.06365644
109605	3556	0.06365644
109605	4342	0.06365644
109605	875	0.063656434
109605	880	0.063656434
109605	1958	0.063656434
109741	581	0.049794957
109741	2552	0.049794953
109741	6198	0.049794953
109741	4342	0.04979495
109741	719	0.049794946
109741	1349	0.049794946
109741	3556	0.049794946
109741	875	0.049794942
109741	2787	0.049794942
109741	3605	0.049794942
109779	581	0.0805586
109779	6198	0.0805586
109779	2552	0.08055859
109779	4342	0.08055859
109779	719	0.08055858
109779	1349	0.08055858
109779	3556	0.08055858
109779	3605	0.08055858
109779	875	0.080558576
109779	880	0.080558576
109783	581	0.06660341
109783	719	0.06660341
109783	2552	0.06660341
109783	4342	0.06660341
109783	6198	0.06660341
109783	3556	0.0666034
109783	365	0.06660339
109783	875	0.06660339
109783	880	0.06660339
109783	1349	0.06660339
109864	581	0.054530583
109864	2552	0.054530576
109864	4342	0.054530576
109864	6198	0.054530576
109864	719	0.05453057
109864	1349	0.05453057
109864	3556	0.05453057
109864	3605	0.05453057
109864	4218	0.05453057
109864	2787	0.054530565
109899	581	0.0677232
109899	2552	0.0677232
109899	4342	0.0677232
109899	6198	0.0677232
109899	719	0.06772319
109899	1349	0.06772319
109899	3556	0.06772319
109899	3605	0.06772319
109899	365	0.067723185
109899	875	0.067723185
109901	581	0.08408858
109901	2552	0.08408858
109901	4342	0.08408858
109901	6198	0.08408858
109901	719	0.08408857
109901	1349	0.08408857
109901	3556	0.084088564
109901	3756	0.084088564
109901	2787	0.08408856
109901	3605	0.08408856
109955	581	0.09245378
109955	4342	0.09245378
109955	6198	0.09245378
109955	2552	0.09245377
109955	719	0.09245376
109955	1349	0.09245376
109955	3556	0.09245376
109955	3605	0.09245376
109955	875	0.092453755
109955	2787	0.092453755
110029	6198	0.07618958
110029	581	0.07618957
110029	719	0.07618956
110029	1349	0.07618956
110029	2552	0.07618956
110029	3556	0.07618956
110029	3605	0.07618956
110029	4342	0.07618956
110029	365	0.07618955
110029	875	0.07618955
110040	2552	0.052931942
110040	581	0.05293194
110040	4342	0.05293194
110040	6198	0.05293194
110040	719	0.052931935
110040	1349	0.052931935
110040	3556	0.052931935
110040	875	0.052931927
110040	2787	0.052931927
110040	3605	0.052931927
110076	581	0.051415272
110076	6198	0.05141527
110076	2552	0.051415265
110076	4342	0.051415265
110076	3556	0.05141526
110076	719	0.051415257
110076	875	0.051415257
110076	1349	0.051415257
110076	3605	0.051415257
110076	3756	0.051415257
110110	581	0.055314478
110110	4342	0.055314474
110110	6198	0.055314474
110110	2552	0.05531447
110110	719	0.055314466
110110	3556	0.055314466
110110	1349	0.055314463
110110	365	0.05531446
110110	875	0.05531446
110110	880	0.05531446
110112	6198	0.051691014
110112	581	0.05169101
110112	2552	0.05169101
110112	4342	0.05169101
110112	1349	0.051691007
110112	719	0.051691003
110112	875	0.051691003
110112	3556	0.051691003
110112	2787	0.051691
110112	3605	0.051691
110160	581	0.056848742
110160	6198	0.056848742
110160	4342	0.05684874
110160	1349	0.056848735
110160	2552	0.056848735
110160	3556	0.056848735
110160	719	0.05684873
110160	3605	0.05684873
110160	2787	0.056848727
110160	3663	0.056848727
110165	6198	0.06232996
110165	581	0.062329955
110165	2552	0.062329955
110165	4342	0.06232995
110165	719	0.062329948
110165	1349	0.062329948
110165	3556	0.062329948
110165	3605	0.062329948
110165	875	0.062329944
110165	4218	0.062329944
110208	581	0.06926976
110208	1349	0.06926976
110208	2552	0.06926976
110208	3556	0.06926976
110208	4342	0.06926976
110208	6198	0.06926976
110208	719	0.069269754
110208	365	0.06926975
110208	875	0.06926975
110208	880	0.06926975
110214	581	0.051868603
110214	2552	0.051868595
110214	4342	0.051868595
110214	6198	0.051868595
110214	719	0.05186859
110214	3556	0.05186859
110214	875	0.051868588
110214	1349	0.051868588
110214	3605	0.051868588
110214	3756	0.051868588
110308	581	0.06715676
110308	6198	0.06715676
110308	4342	0.067156754
110308	719	0.06715675
110308	1349	0.06715675
110308	2552	0.06715675
110308	3556	0.06715675
110308	3605	0.06715675
110308	875	0.06715674
110308	880	0.06715674
110317	6198	0.06776329
110317	581	0.067763284
110317	2552	0.067763284
110317	4342	0.067763284
110317	719	0.06776328
110317	875	0.06776327
110317	880	0.06776327
110317	1349	0.06776327
110317	2651	0.06776327
110317	2787	0.06776327
110361	6198	0.07804128
110361	581	0.07804127
110361	2552	0.07804127
110361	3556	0.07804127
110361	4342	0.07804127
110361	719	0.07804126
110361	1349	0.07804126
110361	365	0.078041255
110361	875	0.078041255
110361	2651	0.078041255
110373	581	0.067740366
110373	2552	0.067740366
110373	6198	0.067740366
110373	719	0.06774036
110373	1349	0.06774036
110373	3605	0.06774036
110373	4342	0.06774036
110373	2787	0.06774035
110373	3556	0.06774035
110373	3756	0.06774035
110382	581	0.07240017
110382	2552	0.07240016
110382	6198	0.07240016
110382	719	0.07240015
110382	1349	0.07240015
110382	3605	0.07240015
110382	4342	0.07240015
110382	3556	0.072400145
110382	4218	0.072400145
110382	365	0.07240014
110440	581	0.08157765
110440	2552	0.081577644
110440	3556	0.081577644
110440	4342	0.081577644
110440	6198	0.081577644
110440	1349	0.08157764
110440	719	0.08157763
110440	875	0.08157763
110440	2651	0.08157763
110440	2787	0.08157763
110483	581	0.07937282
110483	6198	0.07937282
110483	4342	0.079372816
110483	719	0.07937281
110483	1349	0.07937281
110483	2552	0.07937281
110483	2787	0.07937281
110483	3556	0.07937281
110483	3605	0.07937281
110483	875	0.0793728
110493	581	0.063999265
110493	6198	0.063999265
110493	2552	0.06399926
110493	4342	0.06399926
110493	365	0.06399925
110493	719	0.06399925
110493	1349	0.06399925
110493	2651	0.06399925
110493	2787	0.06399925
110493	3556	0.06399925
110558	581	0.051373027
110558	2552	0.051373027
110558	4342	0.051373027
110558	6198	0.051373027
110558	3556	0.051373024
110558	719	0.05137302
110558	1349	0.05137302
110558	875	0.051373016
110558	3605	0.051373016
110558	880	0.051373012
110609	581	0.058877982
110609	2552	0.05887798
110609	6198	0.05887798
110609	1349	0.058877975
110609	4342	0.058877975
110609	719	0.05887797
110609	3556	0.05887797
110609	875	0.058877967
110609	2787	0.058877967
110609	3605	0.058877967
110700	581	0.06220685
110700	4342	0.06220685
110700	719	0.062206846
110700	2552	0.062206846
110700	6198	0.062206846
110700	1349	0.062206842
110700	3556	0.062206842
110700	875	0.062206835
110700	880	0.062206835
110700	2651	0.062206835
110746	581	0.053325027
110746	6198	0.053325024
110746	2552	0.05332502
110746	4342	0.05332502
110746	719	0.053325016
110746	1349	0.053325016
110746	2787	0.053325012
110746	3556	0.053325012
110746	3605	0.053325012
110746	875	0.05332501
110887	581	0.069027804
110887	719	0.0690278
110887	1349	0.0690278
110887	2552	0.0690278
110887	4342	0.0690278
110887	6198	0.0690278
110887	875	0.06902779
110887	3556	0.06902779
110887	3605	0.06902779
110887	3756	0.06902779
110912	2552	0.07191898
110912	4342	0.07191898
110912	6198	0.07191898
110912	719	0.07191897
110912	3556	0.07191897
110912	3605	0.07191897
110912	365	0.071918964
110912	875	0.071918964
110912	880	0.071918964
110912	1349	0.071918964
111133	581	0.05404311
111133	6198	0.05404311
111133	4342	0.054043107
111133	719	0.0540431
111133	875	0.0540431
111133	1349	0.0540431
111133	3556	0.0540431
111133	3605	0.0540431
111133	365	0.05404309
111133	1173	0.05404309
111166	581	0.031376995
111166	4342	0.03137699
111166	6198	0.03137699
111166	719	0.031376988
111166	875	0.031376988
111166	1349	0.031376988
111166	2552	0.031376988
111166	3556	0.031376988
111166	3605	0.031376988
111166	3756	0.031376988
111174	581	0.07126881
111174	6198	0.07126881
111174	4342	0.071268804
111174	719	0.0712688
111174	1349	0.0712688
111174	2552	0.0712688
111174	3556	0.0712688
111174	3605	0.0712688
111174	875	0.07126879
111174	2787	0.07126879
111190	581	0.08156415
111190	6198	0.08156415
111190	4342	0.08156414
111190	719	0.081564136
111190	1349	0.081564136
111190	2552	0.081564136
111190	875	0.08156413
111190	2651	0.08156413
111190	2787	0.08156413
111190	3556	0.08156413
111241	581	0.05850756
111241	4342	0.05850756
111241	6198	0.05850756
111241	719	0.058507554
111241	1349	0.058507554
111241	2552	0.058507554
111241	3556	0.058507554
111241	875	0.058507547
111241	2651	0.058507547
111241	2787	0.058507547
111261	581	0.05511349
111261	6198	0.05511349
111261	2552	0.055113487
111261	4342	0.055113487
111261	719	0.055113483
111261	1349	0.055113483
111261	3556	0.05511348
111261	3605	0.05511348
111261	3756	0.05511348
111261	2651	0.055113476
111286	581	0.0533612
111286	2552	0.0533612
111286	6198	0.0533612
111286	719	0.053361192
111286	1349	0.053361192
111286	3556	0.053361192
111286	4342	0.053361192
111286	3605	0.05336119
111286	365	0.053361185
111286	875	0.053361185
111390	581	0.06424481
111390	719	0.06424481
111390	1349	0.06424481
111390	2552	0.06424481
111390	4342	0.06424481
111390	6198	0.06424481
111390	875	0.0642448
111390	3556	0.0642448
111390	3605	0.0642448
111390	3756	0.0642448
111438	581	0.057323106
111438	2552	0.057323106
111438	6198	0.057323102
111438	1349	0.0573231
111438	3556	0.0573231
111438	4342	0.0573231
111438	719	0.057323094
111438	875	0.05732309
111438	3605	0.05732309
111438	3756	0.05732309
111536	581	0.052941237
111536	2552	0.052941233
111536	4342	0.052941233
111536	6198	0.052941233
111536	1349	0.05294123
111536	719	0.052941225
111536	3556	0.052941225
111536	2787	0.05294122
111536	3605	0.05294122
111536	4218	0.05294122
111578	6198	0.10073189
111578	581	0.10073188
111578	2552	0.10073188
111578	4342	0.10073188
111578	719	0.10073187
111578	1349	0.100731865
111578	3556	0.100731865
111578	3605	0.100731865
111578	3756	0.100731865
111578	4218	0.100731865
111634	581	0.05352787
111634	6198	0.053527866
111634	2552	0.05352786
111634	4342	0.05352786
111634	719	0.053527858
111634	1349	0.053527858
111634	3556	0.053527858
111634	2787	0.053527854
111634	3605	0.053527854
111634	875	0.05352785
111637	581	0.04768863
111637	4342	0.04768863
111637	6198	0.04768863
111637	719	0.047688626
111637	2552	0.047688626
111637	1349	0.047688622
111637	3556	0.047688622
111637	3605	0.047688622
111637	2787	0.04768862
111637	3756	0.04768862
111733	581	0.051781803
111733	6198	0.0517818
111733	719	0.051781796
111733	1349	0.051781796
111733	2552	0.051781796
111733	4342	0.051781796
111733	2787	0.051781792
111733	3605	0.051781792
111733	875	0.05178179
111733	3556	0.05178179
111816	6198	0.059746716
111816	581	0.059746712
111816	719	0.059746712
111816	1349	0.059746712
111816	2552	0.059746712
111816	4342	0.059746712
111816	875	0.059746705
111816	3556	0.059746705
111816	3605	0.059746705
111816	2651	0.0597467
111847	581	0.07472846
111847	6198	0.07472846
111847	2552	0.07472845
111847	719	0.074728444
111847	1349	0.074728444
111847	3556	0.074728444
111847	4342	0.074728444
111847	875	0.07472844
111847	2651	0.07472844
111847	2787	0.07472844
111888	581	0.06593799
111888	1349	0.06593798
111888	2552	0.06593798
111888	4342	0.06593798
111888	6198	0.06593798
111888	719	0.06593797
111888	3556	0.06593797
111888	365	0.065937966
111888	875	0.065937966
111888	1958	0.065937966
111924	2552	0.058910362
111924	4342	0.058910362
111924	6198	0.058910362
111924	581	0.05891036
111924	719	0.05891035
111924	1349	0.05891035
111924	3556	0.05891035
111924	875	0.058910348
111924	2787	0.058910348
111924	3605	0.058910348
111938	581	0.051529765
111938	6198	0.051529765
111938	2552	0.05152976
111938	1349	0.051529758
111938	3556	0.051529758
111938	4342	0.051529758
111938	719	0.051529754
111938	875	0.05152975
111938	2787	0.05152975
111938	3605	0.05152975
111944	581	0.095520884
111944	2552	0.095520884
111944	4342	0.095520884
111944	6198	0.095520884
111944	719	0.09552087
111944	1349	0.09552087
111944	3556	0.09552087
111944	875	0.09552086
111944	3605	0.09552086
111944	3756	0.09552086
111947	581	0.07014313
111947	4342	0.070143126
111947	6198	0.070143126
111947	719	0.07014312
111947	1349	0.07014312
111947	2552	0.07014312
111947	2787	0.07014312
111947	3605	0.07014312
111947	875	0.07014311
111947	880	0.07014311
112026	581	0.080028296
112026	719	0.080028296
112026	2552	0.080028296
112026	3556	0.080028296
112026	4342	0.080028296
112026	6198	0.080028296
112026	1349	0.08002829
112026	3756	0.08002829
112026	365	0.08002828
112026	875	0.08002828
112083	581	0.057290327
112083	2552	0.057290323
112083	6198	0.057290323
112083	4342	0.05729032
112083	719	0.057290316
112083	1349	0.057290316
112083	3556	0.057290316
112083	3605	0.057290312
112083	365	0.05729031
112083	875	0.05729031
112088	581	0.059328433
112088	2552	0.05932843
112088	4342	0.05932843
112088	6198	0.05932843
112088	719	0.059328422
112088	875	0.059328422
112088	1349	0.059328422
112088	3556	0.059328422
112088	365	0.05932842
112088	3756	0.05932842
112093	581	0.06899985
112093	4342	0.06899985
112093	6198	0.06899985
112093	2552	0.06899984
112093	3556	0.06899984
112093	719	0.068999834
112093	1349	0.068999834
112093	365	0.06899983
112093	875	0.06899983
112093	880	0.06899983
112109	581	0.062015176
112109	6198	0.062015176
112109	2552	0.06201517
112109	4342	0.06201517
112109	1349	0.062015165
112109	719	0.06201516
112109	3556	0.06201516
112109	3605	0.06201516
112109	2787	0.062015157
112109	4218	0.062015157
112148	581	0.07858105
112148	2552	0.07858105
112148	4342	0.07858105
112148	6198	0.07858105
112148	719	0.07858104
112148	3556	0.07858104
112148	875	0.078581035
112148	1349	0.078581035
112148	3605	0.078581035
112148	3756	0.078581035
112173	2552	0.07184508
112173	6198	0.07184508
112173	581	0.07184507
112173	719	0.07184507
112173	1349	0.07184507
112173	3556	0.07184507
112173	4342	0.07184507
112173	875	0.07184506
112173	3605	0.07184506
112173	365	0.071845055
112199	581	0.07666149
112199	6198	0.07666149
112199	2552	0.07666148
112199	4342	0.07666148
112199	719	0.076661475
112199	875	0.076661475
112199	1349	0.076661475
112199	3556	0.076661475
112199	1173	0.07666147
112199	1958	0.07666147
112240	581	0.056601673
112240	2552	0.056601673
112240	4342	0.056601673
112240	6198	0.056601673
112240	3556	0.05660167
112240	719	0.056601666
112240	875	0.056601666
112240	1349	0.056601666
112240	2787	0.056601666
112240	3605	0.056601666
112298	581	0.055005997
112298	6198	0.055005997
112298	2552	0.055005994
112298	719	0.05500599
112298	1349	0.05500599
112298	4342	0.05500599
112298	3556	0.055005986
112298	365	0.055005983
112298	875	0.055005983
112298	1173	0.055005983
112401	581	0.05537419
112401	4342	0.055374183
112401	6198	0.055374183
112401	2552	0.05537418
112401	719	0.055374175
112401	1349	0.055374175
112401	3556	0.055374175
112401	3605	0.055374175
112401	2787	0.05537417
112401	4218	0.05537417
112402	581	0.06362671
112402	6198	0.0636267
112402	719	0.06362669
112402	1349	0.06362669
112402	2552	0.06362669
112402	3556	0.06362669
112402	3605	0.06362669
112402	4342	0.06362669
112402	875	0.063626684
112402	880	0.063626684
112408	581	0.04752983
112408	6198	0.04752983
112408	4342	0.047529828
112408	1349	0.047529824
112408	2552	0.047529824
112408	719	0.04752982
112408	875	0.047529817
112408	2651	0.047529817
112408	2787	0.047529817
112408	3556	0.047529817
112507	581	0.06378362
112507	6198	0.06378362
112507	719	0.063783616
112507	1349	0.063783616
112507	2552	0.063783616
112507	3556	0.063783616
112507	4342	0.063783616
112507	875	0.06378361
112507	3605	0.06378361
112507	3756	0.06378361
112512	6198	0.07142892
112512	581	0.07142891
112512	2552	0.07142891
112512	4342	0.07142891
112512	719	0.0714289
112512	1349	0.0714289
112512	3556	0.0714289
112512	365	0.071428895
112512	875	0.071428895
112512	880	0.071428895
112541	581	0.06622186
112541	2552	0.066221856
112541	4342	0.066221856
112541	6198	0.066221856
112541	719	0.06622185
112541	875	0.06622185
112541	1349	0.06622185
112541	3556	0.06622185
112541	3605	0.06622185
112541	365	0.06622184
112559	581	0.047808282
112559	6198	0.04780828
112559	2552	0.047808275
112559	4342	0.047808275
112559	1349	0.04780827
112559	3605	0.04780827
112559	719	0.047808267
112559	875	0.047808267
112559	3556	0.047808267
112559	3663	0.047808267
112590	581	0.059825517
112590	2552	0.059825517
112590	6198	0.059825517
112590	4342	0.059825514
112590	719	0.05982551
112590	1349	0.05982551
112590	3556	0.05982551
112590	365	0.059825502
112590	875	0.059825502
112590	1173	0.059825502
112598	2552	0.046951786
112598	4342	0.046951786
112598	6198	0.046951786
112598	719	0.046951782
112598	875	0.04695178
112598	1349	0.04695178
112598	2787	0.04695178
112598	3556	0.04695178
112598	3605	0.04695178
112598	3756	0.04695178
112672	581	0.04399941
112672	2552	0.043999407
112672	6198	0.043999407
112672	719	0.043999404
112672	1349	0.043999404
112672	3556	0.043999404
112672	4342	0.043999404
112672	365	0.043999396
112672	875	0.043999396
112672	880	0.043999396
112761	581	0.06540036
112761	6198	0.06540036
112761	2552	0.065400355
112761	4342	0.065400355
112761	719	0.06540035
112761	1349	0.06540035
112761	3556	0.06540035
112761	875	0.06540034
112761	2787	0.06540034
112761	3422	0.06540034
112765	581	0.05848708
112765	6198	0.05848708
112765	4342	0.058487076
112765	1349	0.058487073
112765	2552	0.058487073
112765	719	0.05848707
112765	3556	0.05848707
112765	875	0.058487065
112765	2787	0.058487065
112765	3605	0.058487065
112818	581	0.05749895
112818	2552	0.057498947
112818	4342	0.057498947
112818	6198	0.057498947
112818	719	0.05749894
112818	1349	0.05749894
112818	3556	0.05749894
112818	2787	0.057498936
112818	3605	0.057498936
112818	365	0.057498932
112845	581	0.080105156
112845	2552	0.080105156
112845	4342	0.080105156
112845	6198	0.080105156
112845	719	0.08010515
112845	1349	0.08010515
112845	3556	0.08010515
112845	875	0.08010514
112845	1958	0.08010514
112845	2787	0.08010514
112881	581	0.04615681
112881	2552	0.0461568
112881	4342	0.0461568
112881	6198	0.0461568
112881	1349	0.046156798
112881	3556	0.046156798
112881	719	0.046156794
112881	875	0.046156794
112881	3605	0.046156794
112881	3756	0.046156794
112914	581	0.054500815
112914	2552	0.054500815
112914	6198	0.054500815
112914	4342	0.05450081
112914	719	0.054500807
112914	1349	0.054500803
112914	3556	0.054500803
112914	3605	0.054500803
112914	3756	0.054500803
112914	875	0.0545008
112953	581	0.081888944
112953	2552	0.081888944
112953	4342	0.081888944
112953	6198	0.081888944
112953	719	0.08188894
112953	1349	0.08188894
112953	875	0.08188893
112953	2787	0.08188893
112953	3556	0.08188893
112953	3605	0.08188893
112979	581	0.05269123
112979	2552	0.05269123
112979	4342	0.05269123
112979	6198	0.05269123
112979	3556	0.052691225
112979	719	0.05269122
112979	1349	0.05269122
112979	3605	0.05269122
112979	875	0.052691218
112979	3756	0.052691218
113030	581	0.09030616
113030	2552	0.090306155
113030	6198	0.090306155
113030	1349	0.09030615
113030	3556	0.09030615
113030	4342	0.09030615
113030	719	0.09030614
113030	875	0.09030613
113030	880	0.09030613
113030	2787	0.09030613
113259	581	0.04516363
113259	4342	0.04516363
113259	6198	0.04516363
113259	2552	0.045163628
113259	719	0.045163624
113259	1349	0.045163624
113259	3556	0.045163624
113259	875	0.04516362
113259	3605	0.04516362
113259	3756	0.04516362
113270	581	0.08787398
113270	2552	0.08787398
113270	6198	0.08787398
113270	4342	0.08787397
113270	719	0.087873966
113270	1349	0.087873966
113270	3556	0.087873966
113270	3605	0.087873966
113270	880	0.08787396
113270	2787	0.08787396
113279	581	0.04011766
113279	2552	0.04011765
113279	6198	0.04011765
113279	3556	0.040117647
113279	4342	0.040117647
113279	719	0.040117644
113279	875	0.040117644
113279	1349	0.040117644
113279	2787	0.040117644
113279	3605	0.040117644
113292	6198	0.065446384
113292	581	0.06544638
113292	1349	0.06544638
113292	2552	0.06544638
113292	4342	0.06544638
113292	719	0.06544637
113292	3556	0.06544637
113292	3605	0.06544637
113292	365	0.06544636
113292	875	0.06544636
113334	581	0.05160805
113334	6198	0.05160805
113334	2552	0.051608045
113334	719	0.05160804
113334	3556	0.05160804
113334	4342	0.05160804
113334	1349	0.051608037
113334	3756	0.051608037
113334	875	0.051608033
113334	880	0.051608033
113364	581	0.05952246
113364	2552	0.059522457
113364	4342	0.059522457
113364	6198	0.059522457
113364	719	0.059522454
113364	1349	0.05952245
113364	3556	0.05952245
113364	3605	0.059522446
113364	3756	0.059522446
113364	365	0.059522443
113435	581	0.057469435
113435	6198	0.057469435
113435	2552	0.05746943
113435	719	0.057469428
113435	4342	0.057469428
113435	1349	0.057469424
113435	3556	0.057469424
113435	875	0.05746942
113435	880	0.05746942
113435	2651	0.05746942
113475	581	0.06879473
113475	2552	0.06879473
113475	4342	0.06879473
113475	6198	0.06879473
113475	3556	0.06879472
113475	719	0.06879471
113475	875	0.06879471
113475	1349	0.06879471
113475	2651	0.06879471
113475	3422	0.06879471
113519	581	0.06958775
113519	2552	0.069587745
113519	4342	0.069587745
113519	6198	0.069587745
113519	1349	0.06958774
113519	3556	0.06958774
113519	3605	0.06958774
113519	719	0.06958773
113519	875	0.06958773
113519	3663	0.06958773
113531	581	0.07252248
113531	6198	0.07252247
113531	719	0.07252246
113531	1349	0.07252246
113531	2552	0.07252246
113531	3556	0.07252246
113531	3605	0.07252246
113531	4342	0.07252246
113531	365	0.07252245
113531	875	0.07252245
113602	581	0.057306796
113602	6198	0.057306796
113602	4342	0.057306793
113602	1349	0.05730679
113602	2552	0.05730679
113602	719	0.057306785
113602	3605	0.057306785
113602	2651	0.05730678
113602	2787	0.05730678
113602	3556	0.05730678
113624	581	0.05189082
113624	2552	0.05189082
113624	6198	0.05189082
113624	4342	0.051890817
113624	719	0.051890813
113624	875	0.051890813
113624	1349	0.051890813
113624	3556	0.051890813
113624	3605	0.05189081
113624	365	0.051890805
113657	581	0.06087859
113657	2552	0.06087859
113657	6198	0.06087859
113657	4342	0.060878586
113657	719	0.060878582
113657	1349	0.06087858
113657	3556	0.06087858
113657	3605	0.06087858
113657	365	0.060878575
113657	875	0.060878575
113661	581	0.054327037
113661	2552	0.054327033
113661	4342	0.054327033
113661	6198	0.054327033
113661	719	0.05432703
113661	1349	0.05432703
113661	3556	0.054327026
113661	875	0.054327022
113661	3605	0.054327022
113661	3756	0.054327022
113663	581	0.07223523
113663	2552	0.07223522
113663	4342	0.07223522
113663	6198	0.07223522
113663	719	0.07223521
113663	1349	0.07223521
113663	2787	0.07223521
113663	3556	0.07223521
113663	3605	0.07223521
113663	875	0.072235204
113752	581	0.04458908
113752	4342	0.044589076
113752	6198	0.044589076
113752	719	0.044589072
113752	2552	0.044589072
113752	875	0.04458907
113752	1349	0.04458907
113752	3556	0.04458907
113752	365	0.044589065
113752	1211	0.044589065
113804	581	0.055745233
113804	2552	0.05574523
113804	4342	0.05574523
113804	6198	0.055745225
113804	719	0.05574522
113804	1349	0.05574522
113804	3556	0.05574522
113804	875	0.055745218
113804	365	0.055745214
113804	880	0.055745214
113817	581	0.06609663
113817	2552	0.06609663
113817	4342	0.06609663
113817	6198	0.06609663
113817	719	0.066096626
113817	875	0.06609662
113817	1349	0.06609662
113817	1958	0.06609662
113817	2651	0.06609662
113817	2787	0.06609662
113904	581	0.06618321
113904	4342	0.0661832
113904	6198	0.0661832
113904	719	0.066183195
113904	1349	0.066183195
113904	2552	0.066183195
113904	3556	0.066183195
113904	3605	0.066183195
113904	875	0.06618319
113904	2787	0.06618319
113944	581	0.04631597
113944	4342	0.046315968
113944	6198	0.046315968
113944	2552	0.046315964
113944	719	0.04631596
113944	1349	0.04631596
113944	3556	0.04631596
113944	3605	0.04631596
113944	3756	0.046315957
113944	4218	0.046315957
113955	6198	0.07936491
113955	581	0.079364896
113955	719	0.079364896
113955	1349	0.079364896
113955	2552	0.079364896
113955	3556	0.079364896
113955	4342	0.079364896
113955	3605	0.07936489
113955	875	0.07936488
113955	880	0.07936488
113966	581	0.06547222
113966	6198	0.06547222
113966	719	0.065472215
113966	1349	0.065472215
113966	2552	0.065472215
113966	3556	0.065472215
113966	3605	0.065472215
113966	4342	0.065472215
113966	2787	0.06547221
113966	365	0.0654722
113983	581	0.06081119
113983	2552	0.060811184
113983	4342	0.060811184
113983	6198	0.060811184
113983	719	0.06081118
113983	875	0.060811177
113983	1349	0.060811177
113983	3556	0.060811177
113983	3605	0.060811177
113983	2651	0.060811173
114007	581	0.058620438
114007	2552	0.058620438
114007	4342	0.058620434
114007	6198	0.058620434
114007	719	0.05862043
114007	1349	0.05862043
114007	3556	0.05862043
114007	875	0.058620423
114007	2787	0.058620423
114007	3605	0.058620423
114075	2552	0.06343447
114075	4342	0.06343447
114075	6198	0.06343447
114075	875	0.06343446
114075	3556	0.06343446
114075	3605	0.06343446
114075	3756	0.06343446
114075	365	0.06343445
114075	719	0.06343445
114075	880	0.06343445
114085	581	0.059003662
114085	6198	0.059003662
114085	2552	0.05900366
114085	4342	0.05900366
114085	719	0.05900365
114085	1349	0.05900365
114085	3556	0.05900365
114085	3605	0.05900365
114085	875	0.059003647
114085	2787	0.059003647
114089	581	0.04892247
114089	6198	0.04892247
114089	4342	0.048922468
114089	2552	0.048922464
114089	719	0.04892246
114089	1349	0.04892246
114089	3556	0.04892246
114089	875	0.048922457
114089	2787	0.048922457
114089	3605	0.048922457
114178	581	0.04892262
114178	6198	0.048922617
114178	2552	0.048922613
114178	3556	0.048922613
114178	4342	0.048922613
114178	719	0.04892261
114178	1349	0.04892261
114178	875	0.048922606
114178	2787	0.048922606
114178	3605	0.048922606
114200	581	0.0789386
114200	6198	0.0789386
114200	2552	0.078938596
114200	4342	0.078938596
114200	719	0.07893859
114200	1349	0.07893859
114200	3605	0.07893859
114200	2787	0.07893858
114200	3556	0.07893858
114200	3663	0.07893858
114216	581	0.062049195
114216	6198	0.062049195
114216	2552	0.062049188
114216	4342	0.062049188
114216	719	0.06204918
114216	1349	0.06204918
114216	3556	0.06204918
114216	3605	0.06204918
114216	875	0.062049177
114216	2651	0.062049177
114217	581	0.05694029
114217	6198	0.05694029
114217	2552	0.056940287
114217	4342	0.056940287
114217	719	0.056940284
114217	1349	0.05694028
114217	3556	0.05694028
114217	875	0.056940276
114217	2787	0.056940276
114217	3605	0.056940276
114258	581	0.06214261
114258	2552	0.06214261
114258	6198	0.06214261
114258	4342	0.062142607
114258	719	0.062142603
114258	1349	0.0621426
114258	3605	0.0621426
114258	3556	0.062142596
114258	3756	0.062142596
114258	2651	0.062142592
114265	581	0.056430716
114265	6198	0.056430716
114265	2552	0.056430712
114265	4342	0.056430712
114265	3556	0.05643071
114265	719	0.056430705
114265	1349	0.056430705
114265	3605	0.056430705
114265	875	0.0564307
114265	880	0.056430697
114279	581	0.04186239
114279	4342	0.04186239
114279	6198	0.04186239
114279	2552	0.041862387
114279	719	0.041862383
114279	1349	0.041862383
114279	2651	0.041862383
114279	3556	0.041862383
114279	3605	0.041862383
114279	3663	0.041862383
114306	581	0.04558735
114306	2552	0.04558735
114306	3556	0.045587346
114306	4342	0.045587346
114306	6198	0.045587346
114306	719	0.045587342
114306	1349	0.045587342
114306	875	0.04558734
114306	880	0.04558734
114306	2651	0.04558734
114378	581	0.040929608
114378	2552	0.040929604
114378	6198	0.040929604
114378	1349	0.0409296
114378	3556	0.0409296
114378	4342	0.0409296
114378	719	0.040929597
114378	3605	0.040929597
114378	365	0.040929593
114378	875	0.040929593
114414	2552	0.07401526
114414	581	0.07401525
114414	4342	0.07401525
114414	6198	0.07401525
114414	719	0.074015245
114414	875	0.074015245
114414	1349	0.074015245
114414	2787	0.074015245
114414	3556	0.074015245
114414	880	0.07401524
114444	581	0.06490877
114444	4342	0.064908765
114444	6198	0.064908765
114444	719	0.06490876
114444	1349	0.06490876
114444	2552	0.06490876
114444	3556	0.06490876
114444	3605	0.06490876
114444	875	0.06490875
114444	880	0.06490875
114446	581	0.08108457
114446	2552	0.08108457
114446	719	0.081084564
114446	1349	0.081084564
114446	4342	0.081084564
114446	6198	0.081084564
114446	875	0.08108456
114446	3556	0.08108456
114446	365	0.08108455
114446	880	0.08108455
114452	581	0.05351877
114452	6198	0.05351877
114452	2552	0.053518765
114452	4342	0.053518765
114452	1349	0.05351876
114452	719	0.053518757
114452	2787	0.053518757
114452	3556	0.053518757
114452	3605	0.053518757
114452	3663	0.053518757
114483	581	0.05286595
114483	6198	0.05286595
114483	2552	0.052865945
114483	4342	0.052865945
114483	1349	0.05286594
114483	3556	0.05286594
114483	719	0.052865937
114483	3605	0.052865937
114483	3756	0.052865937
114483	875	0.052865934
114498	581	0.07550502
114498	2552	0.07550501
114498	4342	0.07550501
114498	6198	0.07550501
114498	719	0.075505
114498	1349	0.075505
114498	3556	0.075505
114498	875	0.075504996
114498	3605	0.075504996
114498	365	0.07550499
114544	4342	0.0773929
114544	719	0.07739289
114544	1349	0.07739289
114544	2552	0.07739289
114544	6198	0.07739289
114544	3556	0.07739288
114544	365	0.077392876
114544	875	0.077392876
114544	1958	0.077392876
114544	2651	0.077392876
114581	6198	0.06321888
114581	581	0.06321887
114581	4342	0.06321887
114581	719	0.06321886
114581	875	0.06321886
114581	1349	0.06321886
114581	2552	0.06321886
114581	3556	0.06321886
114581	3756	0.06321886
114581	880	0.063218854
114634	581	0.057831347
114634	6198	0.057831343
114634	2552	0.05783134
114634	4342	0.05783134
114634	3556	0.057831336
114634	719	0.057831332
114634	1349	0.057831332
114634	3605	0.057831332
114634	875	0.05783133
114634	1958	0.05783133
114643	581	0.07718043
114643	4342	0.07718043
114643	6198	0.07718043
114643	719	0.07718042
114643	1349	0.07718042
114643	2552	0.07718042
114643	875	0.077180415
114643	2787	0.077180415
114643	3556	0.077180415
114643	3605	0.077180415
114662	581	0.08288178
114662	2552	0.08288178
114662	4342	0.08288178
114662	6198	0.08288178
114662	719	0.08288177
114662	1349	0.08288177
114662	875	0.08288176
114662	2787	0.08288176
114662	3556	0.08288176
114662	3605	0.08288176
114742	581	0.04542335
114742	6198	0.045423348
114742	719	0.045423344
114742	2552	0.045423344
114742	3556	0.045423344
114742	4342	0.045423344
114742	875	0.04542334
114742	1349	0.04542334
114742	2787	0.04542334
114742	3605	0.04542334
114813	581	0.05156491
114813	4342	0.05156491
114813	6198	0.051564906
114813	719	0.051564902
114813	1349	0.051564902
114813	2552	0.051564902
114813	3556	0.051564902
114813	3605	0.051564902
114813	365	0.051564895
114813	875	0.051564895
114868	581	0.06666495
114868	4342	0.06666495
114868	6198	0.06666495
114868	719	0.06666494
114868	1349	0.06666494
114868	2552	0.06666494
114868	2787	0.066664934
114868	3556	0.066664934
114868	3605	0.066664934
114868	3756	0.066664934
114893	581	0.04720224
114893	4342	0.047202237
114893	6198	0.047202237
114893	2552	0.047202233
114893	365	0.04720223
114893	719	0.04720223
114893	875	0.04720223
114893	1349	0.04720223
114893	3556	0.04720223
114893	2787	0.047202226
115002	581	0.08086772
115002	4342	0.08086772
115002	6198	0.08086772
115002	2552	0.080867715
115002	719	0.08086771
115002	1349	0.08086771
115002	2787	0.08086771
115002	3556	0.08086771
115002	3605	0.08086771
115002	1958	0.0808677
115003	581	0.062436543
115003	4342	0.06243654
115003	2552	0.062436536
115003	6198	0.062436532
115003	719	0.06243653
115003	1349	0.06243653
115003	3556	0.06243653
115003	3605	0.062436525
115003	3756	0.062436525
115003	365	0.06243652
115097	581	0.06907056
115097	2552	0.06907056
115097	6198	0.06907056
115097	4342	0.069070555
115097	719	0.06907055
115097	880	0.06907055
115097	1349	0.06907055
115097	3556	0.06907055
115097	3605	0.06907055
115097	3756	0.06907055
115120	581	0.054067712
115120	6198	0.054067712
115120	719	0.05406771
115120	1349	0.05406771
115120	2552	0.05406771
115120	4342	0.05406771
115120	3556	0.054067705
115120	3605	0.054067705
115120	2787	0.0540677
115120	3756	0.0540677
115150	581	0.060408294
115150	2552	0.060408287
115150	4342	0.060408287
115150	6198	0.060408287
115150	3556	0.06040828
115150	719	0.060408276
115150	875	0.060408276
115150	3605	0.060408276
115150	365	0.06040827
115150	880	0.06040827
115180	581	0.041745827
115180	719	0.04174582
115180	2552	0.04174582
115180	3556	0.04174582
115180	4342	0.04174582
115180	6198	0.04174582
115180	1349	0.041745815
115180	365	0.04174581
115180	875	0.04174581
115180	880	0.04174581
115224	581	0.044373
115224	6198	0.044372994
115224	1349	0.04437299
115224	2552	0.04437299
115224	3556	0.04437299
115224	4342	0.04437299
115224	719	0.044372987
115224	365	0.044372983
115224	875	0.044372983
115224	2787	0.044372983
115435	581	0.058208264
115435	2552	0.058208257
115435	3556	0.058208257
115435	4342	0.058208257
115435	6198	0.058208257
115435	1349	0.058208253
115435	719	0.05820825
115435	3605	0.058208246
115435	3756	0.058208246
115435	365	0.058208242
115490	581	0.066229016
115490	6198	0.066229016
115490	4342	0.06622901
115490	719	0.066229
115490	1349	0.066229
115490	2552	0.066229
115490	3556	0.066229
115490	875	0.06622899
115490	3605	0.06622899
115490	3756	0.06622899
115503	581	0.057711735
115503	6198	0.05771173
115503	2552	0.057711728
115503	4342	0.057711728
115503	719	0.057711724
115503	1349	0.05771172
115503	3556	0.05771172
115503	3605	0.05771172
115503	875	0.057711717
115503	2787	0.057711717
115537	581	0.07521975
115537	2552	0.07521974
115537	6198	0.07521974
115537	719	0.075219736
115537	1349	0.075219736
115537	3556	0.075219736
115537	3605	0.075219736
115537	4342	0.075219736
115537	875	0.07521973
115537	1958	0.07521973
115552	6198	0.066948846
115552	581	0.06694884
115552	2552	0.06694884
115552	4342	0.06694884
115552	719	0.06694883
115552	1349	0.06694883
115552	3556	0.06694883
115552	3605	0.06694883
115552	2787	0.06694882
115552	3756	0.06694882
115572	581	0.08623232
115572	2552	0.08623232
115572	6198	0.08623232
115572	719	0.086232305
115572	875	0.086232305
115572	1349	0.086232305
115572	2787	0.086232305
115572	3556	0.086232305
115572	3756	0.086232305
115572	4342	0.086232305
115679	581	0.07473547
115679	1349	0.07473546
115679	2552	0.07473546
115679	4342	0.07473546
115679	6198	0.07473546
115679	719	0.074735455
115679	3556	0.074735455
115679	3605	0.074735455
115679	875	0.07473545
115679	1958	0.07473545
115692	6198	0.06897089
115692	581	0.06897088
115692	2552	0.06897088
115692	719	0.068970874
115692	1349	0.068970874
115692	3556	0.068970874
115692	3605	0.068970874
115692	4342	0.068970874
115692	875	0.06897087
115692	1958	0.06897087
115700	581	0.060479626
115700	2552	0.060479626
115700	4342	0.060479626
115700	6198	0.060479626
115700	719	0.060479622
115700	3556	0.060479622
115700	875	0.06047962
115700	1349	0.06047962
115700	3605	0.06047962
115700	880	0.06047961
115759	581	0.04864402
115759	4342	0.04864402
115759	6198	0.04864402
115759	2552	0.048644017
115759	719	0.048644014
115759	1349	0.048644014
115759	3556	0.048644014
115759	875	0.04864401
115759	2787	0.04864401
115759	365	0.048644006
115833	581	0.04515166
115833	4342	0.04515166
115833	2552	0.045151655
115833	719	0.04515165
115833	3556	0.04515165
115833	6198	0.04515165
115833	1349	0.045151647
115833	3605	0.045151647
115833	3756	0.045151647
115833	365	0.045151643
115874	581	0.04941968
115874	2552	0.04941968
115874	6198	0.04941968
115874	4342	0.049419675
115874	719	0.04941967
115874	1349	0.04941967
115874	3556	0.04941967
115874	365	0.049419668
115874	875	0.049419668
115874	3605	0.049419668
115907	581	0.042358708
115907	6198	0.042358708
115907	1349	0.042358704
115907	2552	0.042358704
115907	4342	0.042358704
115907	719	0.0423587
115907	3556	0.0423587
115907	880	0.042358696
115907	2787	0.042358696
115907	3605	0.042358696
115929	581	0.034107216
115929	4342	0.034107216
115929	6198	0.034107216
115929	719	0.034107212
115929	2552	0.034107212
115929	875	0.03410721
115929	1349	0.03410721
115929	3556	0.03410721
115929	3605	0.03410721
115929	5214	0.03410721
115953	581	0.06954987
115953	6198	0.069549866
115953	1349	0.06954986
115953	2552	0.06954986
115953	3556	0.06954986
115953	3605	0.06954986
115953	4342	0.06954986
115953	719	0.06954985
115953	875	0.06954985
115953	365	0.06954984
115956	581	0.046030484
115956	2552	0.04603048
115956	4342	0.04603048
115956	6198	0.04603048
115956	719	0.046030477
115956	1349	0.046030473
115956	3556	0.046030473
115956	3605	0.046030473
115956	365	0.04603047
115956	875	0.04603047
115963	581	0.07805358
115963	2552	0.07805358
115963	4342	0.07805358
115963	6198	0.07805358
115963	719	0.07805357
115963	880	0.078053564
115963	1349	0.078053564
115963	2787	0.078053564
115963	3556	0.078053564
115963	3605	0.078053564
115971	581	0.050956078
115971	2552	0.05095607
115971	4342	0.05095607
115971	6198	0.05095607
115971	719	0.050956067
115971	1349	0.050956067
115971	2787	0.050956063
115971	3556	0.050956063
115971	3605	0.050956063
115971	3756	0.050956063
115997	581	0.066763714
115997	2552	0.066763714
115997	4342	0.066763714
115997	6198	0.066763714
115997	719	0.06676371
115997	365	0.0667637
115997	875	0.0667637
115997	3556	0.0667637
115997	3605	0.0667637
115997	3756	0.0667637
115998	581	0.047256753
115998	2552	0.047256753
115998	4342	0.047256753
115998	6198	0.047256753
115998	3556	0.04725675
115998	719	0.047256745
115998	1349	0.047256745
115998	3605	0.047256745
115998	875	0.04725674
115998	2787	0.04725674
116005	581	0.06676482
116005	2552	0.06676482
116005	6198	0.06676482
116005	4342	0.06676481
116005	719	0.0667648
116005	1349	0.0667648
116005	3556	0.0667648
116005	3605	0.0667648
116005	875	0.066764794
116005	880	0.066764794
116090	581	0.052472286
116090	2552	0.052472286
116090	6198	0.052472286
116090	4342	0.052472282
116090	719	0.05247228
116090	1349	0.05247228
116090	3556	0.052472275
116090	3605	0.052472275
116090	365	0.05247227
116090	875	0.05247227
116122	581	0.055488706
116122	6198	0.055488706
116122	1349	0.0554887
116122	2552	0.0554887
116122	3556	0.0554887
116122	4342	0.0554887
116122	719	0.055488694
116122	3605	0.055488694
116122	875	0.05548869
116122	880	0.05548869
116123	581	0.060328025
116123	2552	0.06032802
116123	4342	0.06032802
116123	6198	0.06032802
116123	719	0.060328014
116123	1349	0.060328014
116123	3556	0.060328014
116123	3605	0.060328014
116123	875	0.06032801
116123	880	0.06032801
116183	581	0.04933128
116183	6198	0.04933128
116183	719	0.049331278
116183	1349	0.049331278
116183	2552	0.049331278
116183	4342	0.049331278
116183	875	0.04933127
116183	2787	0.04933127
116183	3556	0.04933127
116183	3605	0.04933127
116249	581	0.050651312
116249	2552	0.05065131
116249	4342	0.05065131
116249	6198	0.05065131
116249	719	0.050651304
116249	1349	0.050651304
116249	3556	0.050651304
116249	365	0.050651297
116249	875	0.050651297
116249	2651	0.050651297
116301	581	0.06057974
116301	2552	0.060579736
116301	4342	0.060579736
116301	6198	0.060579736
116301	719	0.06057973
116301	1349	0.06057973
116301	3556	0.06057973
116301	875	0.060579725
116301	3605	0.060579725
116301	3756	0.060579725
116313	581	0.055953838
116313	4342	0.055953838
116313	6198	0.055953838
116313	2552	0.055953834
116313	719	0.05595383
116313	1349	0.05595383
116313	3556	0.05595383
116313	875	0.055953823
116313	2787	0.055953823
116313	3605	0.055953823
116395	581	0.05136424
116395	4342	0.051364236
116395	6198	0.051364236
116395	1349	0.05136423
116395	2552	0.05136423
116395	719	0.051364228
116395	3556	0.051364228
116395	5214	0.051364228
116395	875	0.051364224
116395	2787	0.051364224
116428	581	0.06793593
116428	2552	0.06793592
116428	4342	0.06793592
116428	6198	0.06793592
116428	719	0.067935914
116428	880	0.067935914
116428	1349	0.067935914
116428	2651	0.067935914
116428	2787	0.067935914
116428	3556	0.067935914
116433	581	0.04850346
116433	2552	0.04850346
116433	4342	0.04850346
116433	6198	0.04850346
116433	719	0.04850345
116433	1349	0.04850345
116433	3556	0.04850345
116433	3605	0.04850345
116433	4218	0.048503447
116433	365	0.048503444
116521	581	0.05241469
116521	2552	0.052414685
116521	4342	0.052414685
116521	6198	0.052414685
116521	719	0.052414678
116521	1349	0.052414678
116521	3556	0.052414678
116521	3756	0.052414678
116521	3605	0.052414674
116521	365	0.05241467
116537	6198	0.06407154
116537	581	0.064071536
116537	719	0.064071536
116537	875	0.064071536
116537	1349	0.064071536
116537	2552	0.064071536
116537	3556	0.064071536
116537	4342	0.064071536
116537	3605	0.06407153
116537	365	0.06407152
116549	581	0.06850835
116549	4342	0.06850835
116549	719	0.06850834
116549	1349	0.06850834
116549	2552	0.06850834
116549	3556	0.06850834
116549	6198	0.06850834
116549	875	0.068508334
116549	3605	0.068508334
116549	365	0.06850833
116582	581	0.06339483
116582	2552	0.06339483
116582	4342	0.06339483
116582	719	0.06339482
116582	6198	0.06339482
116582	875	0.063394815
116582	880	0.063394815
116582	1173	0.063394815
116582	1349	0.063394815
116582	1958	0.063394815
116599	581	0.07550796
116599	719	0.075507954
116599	1349	0.075507954
116599	2552	0.075507954
116599	4342	0.075507954
116599	6198	0.075507954
116599	3556	0.07550795
116599	3605	0.07550795
116599	365	0.07550794
116599	875	0.07550794
116758	581	0.086584695
116758	2552	0.08658468
116758	3556	0.08658468
116758	4342	0.08658468
116758	6198	0.08658468
116758	719	0.08658467
116758	875	0.08658467
116758	1349	0.08658467
116758	3605	0.08658467
116758	880	0.086584665
116816	6198	0.05496752
116816	581	0.054967515
116816	2552	0.054967515
116816	4342	0.054967515
116816	719	0.05496751
116816	1349	0.054967508
116816	3556	0.054967508
116816	3605	0.054967508
116816	875	0.054967504
116816	2787	0.054967504
116866	581	0.03930749
116866	4342	0.039307486
116866	6198	0.039307486
116866	719	0.039307483
116866	2552	0.039307483
116866	3556	0.039307483
116866	1349	0.03930748
116866	2787	0.03930748
116866	3605	0.03930748
116866	365	0.039307475
116897	581	0.05626011
116897	6198	0.05626011
116897	4342	0.056260105
116897	2552	0.0562601
116897	3556	0.0562601
116897	1349	0.056260098
116897	3605	0.056260098
116897	719	0.056260094
116897	875	0.056260094
116897	2787	0.056260094
116904	581	0.06798422
116904	6198	0.067984216
116904	719	0.06798421
116904	875	0.06798421
116904	1349	0.06798421
116904	2552	0.06798421
116904	3556	0.06798421
116904	4342	0.06798421
116904	2787	0.0679842
116904	3605	0.0679842
116931	581	0.04720038
116931	719	0.047200374
116931	1349	0.047200374
116931	2552	0.047200374
116931	4342	0.047200374
116931	6198	0.047200374
116931	3556	0.04720037
116931	875	0.047200367
116931	2787	0.047200367
116931	3605	0.047200367
117092	581	0.040645063
117092	2552	0.040645063
117092	4342	0.040645063
117092	6198	0.040645063
117092	719	0.040645055
117092	875	0.040645055
117092	1349	0.040645055
117092	3556	0.040645055
117092	3605	0.040645055
117092	3756	0.040645055
117111	581	0.08984473
117111	2552	0.089844726
117111	4342	0.089844726
117111	6198	0.089844726
117111	719	0.08984472
117111	3556	0.08984472
117111	1349	0.08984471
117111	365	0.0898447
117111	875	0.0898447
117111	880	0.0898447
117115	581	0.066163555
117115	1349	0.06616355
117115	2552	0.06616355
117115	4342	0.06616355
117115	6198	0.06616355
117115	719	0.06616354
117115	875	0.06616354
117115	2787	0.06616354
117115	3556	0.06616354
117115	3605	0.06616354
117132	581	0.08360028
117132	4342	0.08360027
117132	6198	0.08360027
117132	719	0.08360026
117132	1349	0.08360026
117132	2552	0.08360026
117132	3556	0.08360026
117132	875	0.08360025
117132	2787	0.08360025
117132	3605	0.08360025
117251	581	0.06745049
117251	2552	0.067450486
117251	4342	0.067450486
117251	6198	0.067450486
117251	719	0.06745048
117251	1349	0.06745048
117251	3556	0.06745048
117251	3605	0.06745048
117251	880	0.06745047
117251	2651	0.06745047
117255	581	0.06768741
117255	2552	0.06768741
117255	4342	0.06768741
117255	6198	0.06768741
117255	1349	0.0676874
117255	3556	0.0676874
117255	719	0.06768739
117255	875	0.06768739
117255	880	0.06768739
117255	1958	0.06768739
117256	581	0.05272985
117256	6198	0.05272985
117256	1349	0.052729845
117256	2552	0.052729845
117256	4342	0.052729845
117256	719	0.05272984
117256	3556	0.05272984
117256	2787	0.052729838
117256	3605	0.052729838
117256	4218	0.052729838
117318	581	0.05815117
117318	2552	0.05815117
117318	6198	0.05815117
117318	4342	0.058151167
117318	1349	0.058151163
117318	3556	0.058151163
117318	719	0.05815116
117318	875	0.058151156
117318	880	0.058151156
117318	2651	0.058151156
117384	581	0.060188927
117384	6198	0.060188927
117384	719	0.06018892
117384	2552	0.06018892
117384	3556	0.06018892
117384	4342	0.06018892
117384	1349	0.060188916
117384	2787	0.06018891
117384	3605	0.06018891
117384	3756	0.06018891
117396	581	0.065591335
117396	6198	0.065591335
117396	2552	0.06559133
117396	4342	0.06559133
117396	719	0.06559132
117396	875	0.06559132
117396	1349	0.06559132
117396	2787	0.06559132
117396	3556	0.06559132
117396	3605	0.06559132
117489	581	0.052789047
117489	2552	0.052789047
117489	6198	0.052789047
117489	1349	0.052789044
117489	3556	0.052789044
117489	4342	0.052789044
117489	719	0.05278904
117489	2651	0.052789036
117489	2787	0.052789036
117489	3605	0.052789036
117539	581	0.061632063
117539	2552	0.06163206
117539	4342	0.06163206
117539	6198	0.06163206
117539	719	0.061632052
117539	3556	0.061632052
117539	1349	0.06163205
117539	875	0.061632045
117539	880	0.061632045
117539	2651	0.061632045
117553	581	0.040982485
117553	719	0.040982477
117553	2552	0.040982477
117553	4342	0.040982477
117553	6198	0.040982477
117553	3556	0.040982474
117553	365	0.04098247
117553	875	0.04098247
117553	1349	0.04098247
117553	2787	0.04098247
117557	581	0.04926657
117557	6198	0.04926657
117557	4342	0.049266566
117557	2552	0.049266562
117557	3556	0.049266562
117557	719	0.04926656
117557	1349	0.04926656
117557	875	0.049266554
117557	2787	0.049266554
117557	3422	0.049266554
117577	581	0.048224516
117577	2552	0.048224512
117577	4342	0.048224512
117577	6198	0.048224512
117577	3556	0.04822451
117577	719	0.048224505
117577	1349	0.048224505
117577	365	0.0482245
117577	875	0.0482245
117577	2651	0.0482245
117594	581	0.060169592
117594	2552	0.060169592
117594	4342	0.060169592
117594	6198	0.060169592
117594	719	0.060169585
117594	1349	0.060169585
117594	3556	0.060169585
117594	3605	0.06016958
117594	3756	0.06016958
117594	365	0.060169578
117683	581	0.06509738
117683	2552	0.06509738
117683	4342	0.06509738
117683	6198	0.06509738
117683	719	0.06509737
117683	3556	0.06509737
117683	875	0.06509736
117683	880	0.06509736
117683	1349	0.06509736
117683	2651	0.06509736
117700	581	0.058026
117700	2552	0.058025997
117700	4342	0.058025997
117700	6198	0.058025997
117700	1349	0.058025993
117700	3556	0.058025993
117700	719	0.05802599
117700	875	0.058025986
117700	3605	0.058025986
117700	3756	0.058025986
117738	581	0.054267682
117738	6198	0.054267682
117738	1349	0.054267675
117738	2552	0.054267675
117738	3556	0.054267675
117738	4342	0.054267675
117738	719	0.05426767
117738	875	0.054267667
117738	2787	0.054267667
117738	3605	0.054267667
117873	581	0.055099107
117873	2552	0.055099107
117873	4342	0.055099107
117873	6198	0.055099107
117873	719	0.055099104
117873	1349	0.0550991
117873	3556	0.0550991
117873	3605	0.055099096
117873	3756	0.055099096
117873	365	0.055099092
117925	581	0.061234392
117925	6198	0.06123439
117925	2552	0.061234385
117925	3556	0.061234385
117925	4342	0.061234385
117925	719	0.06123438
117925	1349	0.06123438
117925	875	0.061234377
117925	2787	0.061234377
117925	3605	0.061234377
117963	581	0.05770269
117963	2552	0.05770269
117963	6198	0.05770269
117963	719	0.057702683
117963	1349	0.057702683
117963	3556	0.05770268
117963	875	0.057702675
117963	1958	0.057702675
117963	2651	0.057702675
117963	2787	0.057702675
118101	581	0.06857379
118101	6198	0.06857378
118101	719	0.06857377
118101	1349	0.06857377
118101	2552	0.06857377
118101	3556	0.06857377
118101	4342	0.06857377
118101	5214	0.068573765
118101	365	0.06857376
118101	875	0.06857376
118135	6198	0.06218617
118135	581	0.062186167
118135	2552	0.062186167
118135	4342	0.062186167
118135	719	0.062186163
118135	1349	0.062186163
118135	3556	0.06218616
118135	365	0.06218615
118135	875	0.06218615
118135	2787	0.06218615
118228	581	0.048834577
118228	2552	0.04883457
118228	4342	0.04883457
118228	6198	0.04883457
118228	719	0.048834566
118228	3556	0.048834566
118228	875	0.048834562
118228	1349	0.048834562
118228	2787	0.048834562
118228	3605	0.048834562
118275	581	0.059599355
118275	2552	0.059599355
118275	6198	0.059599355
118275	1349	0.059599347
118275	4342	0.059599347
118275	719	0.059599344
118275	875	0.05959934
118275	3556	0.05959934
118275	3605	0.05959934
118275	880	0.059599336
118320	581	0.04835869
118320	6198	0.04835869
118320	1349	0.048358686
118320	2552	0.048358686
118320	4342	0.048358686
118320	719	0.048358683
118320	3556	0.048358683
118320	3605	0.048358683
118320	365	0.04835868
118320	880	0.04835868
118344	581	0.065192595
118344	2552	0.065192595
118344	4342	0.065192595
118344	6198	0.065192595
118344	365	0.06519258
118344	719	0.06519258
118344	875	0.06519258
118344	1349	0.06519258
118344	2651	0.06519258
118344	3556	0.06519258
118414	6198	0.076725
118414	581	0.07672499
118414	2552	0.07672499
118414	4342	0.07672499
118414	719	0.076724984
118414	1349	0.076724984
118414	3556	0.076724984
118414	875	0.07672498
118414	1173	0.07672498
118414	2787	0.07672498
118422	581	0.06520772
118422	2552	0.06520771
118422	4342	0.06520771
118422	6198	0.06520771
118422	719	0.065207705
118422	875	0.065207705
118422	1349	0.065207705
118422	3556	0.065207705
118422	3605	0.065207705
118422	365	0.0652077
118434	581	0.04281934
118434	2552	0.042819336
118434	4342	0.042819336
118434	6198	0.042819336
118434	719	0.042819332
118434	3556	0.042819332
118434	365	0.04281933
118434	875	0.04281933
118434	1349	0.04281933
118434	3756	0.04281933
118484	581	0.05268945
118484	6198	0.052689448
118484	2552	0.052689444
118484	4342	0.052689444
118484	719	0.05268944
118484	1349	0.05268944
118484	3556	0.05268944
118484	3605	0.05268944
118484	875	0.052689433
118484	880	0.052689433
118489	581	0.06448558
118489	6198	0.06448558
118489	719	0.06448557
118489	2552	0.06448557
118489	4342	0.06448557
118489	875	0.064485565
118489	1349	0.064485565
118489	3556	0.064485565
118489	3605	0.064485565
118489	3756	0.064485565
118528	581	0.044998724
118528	6198	0.044998724
118528	2552	0.04499872
118528	3556	0.04499872
118528	4342	0.04499872
118528	1349	0.044998717
118528	719	0.044998713
118528	875	0.044998713
118528	880	0.044998713
118528	2787	0.044998713
118533	6198	0.05939013
118533	581	0.059390128
118533	2552	0.059390128
118533	4342	0.059390128
118533	719	0.059390124
118533	3556	0.059390124
118533	875	0.05939012
118533	1349	0.05939012
118533	3605	0.059390116
118533	3756	0.059390116
118628	581	0.086634085
118628	6198	0.086634085
118628	1349	0.08663408
118628	2552	0.08663408
118628	719	0.08663407
118628	3556	0.08663407
118628	3605	0.08663407
118628	4342	0.08663407
118628	2787	0.08663406
118628	365	0.086634055
118654	581	0.0485934
118654	2552	0.048593394
118654	4342	0.048593394
118654	6198	0.048593394
118654	1349	0.04859339
118654	3556	0.04859339
118654	719	0.048593387
118654	875	0.048593387
118654	3605	0.048593387
118654	365	0.048593383
118659	581	0.03715906
118659	719	0.037159055
118659	2552	0.037159055
118659	4342	0.037159055
118659	6198	0.037159055
118659	1349	0.03715905
118659	3556	0.03715905
118659	365	0.037159048
118659	875	0.037159048
118659	880	0.037159048
118677	581	0.059820037
118677	2552	0.059820034
118677	6198	0.059820034
118677	1349	0.05982003
118677	4342	0.05982003
118677	719	0.059820026
118677	3556	0.059820026
118677	3605	0.059820026
118677	875	0.05982002
118677	880	0.05982002
118881	581	0.038606144
118881	2552	0.038606144
118881	4342	0.038606144
118881	6198	0.038606144
118881	3556	0.03860614
118881	719	0.038606137
118881	875	0.038606137
118881	1349	0.038606137
118881	3605	0.038606137
118881	4218	0.038606137
118955	581	0.047863405
118955	2552	0.047863405
118955	4342	0.047863405
118955	6198	0.047863405
118955	719	0.0478634
118955	1349	0.0478634
118955	3556	0.0478634
118955	875	0.047863398
118955	880	0.047863394
118955	1958	0.047863394
119027	6198	0.06445814
119027	581	0.06445813
119027	719	0.06445813
119027	1349	0.06445813
119027	2552	0.06445813
119027	3556	0.06445813
119027	4342	0.06445813
119027	875	0.064458124
119027	3605	0.064458124
119027	3756	0.064458124
119248	2552	0.066283494
119248	4342	0.066283494
119248	6198	0.066283494
119248	581	0.06628349
119248	719	0.06628348
119248	875	0.06628348
119248	1349	0.06628348
119248	3556	0.06628348
119248	3605	0.06628348
119248	3663	0.06628348
119326	581	0.056985732
119326	6198	0.056985732
119326	719	0.05698573
119326	1349	0.05698573
119326	2552	0.05698573
119326	4342	0.05698573
119326	3605	0.056985725
119326	3556	0.05698572
119326	3756	0.05698572
119326	875	0.056985717
119418	581	0.041120425
119418	2552	0.041120425
119418	4342	0.041120425
119418	6198	0.041120425
119418	719	0.04112042
119418	3556	0.04112042
119418	365	0.041120417
119418	875	0.041120417
119418	1349	0.041120417
119418	2787	0.041120417
119446	6198	0.055314783
119446	581	0.05531478
119446	2552	0.05531478
119446	4342	0.05531478
119446	1349	0.055314776
119446	719	0.05531477
119446	2787	0.05531477
119446	3556	0.05531477
119446	3605	0.05531477
119446	4218	0.055314768
119505	581	0.053161174
119505	6198	0.053161174
119505	2552	0.053161167
119505	4342	0.053161167
119505	719	0.053161163
119505	1349	0.053161163
119505	3556	0.053161163
119505	365	0.05316116
119505	875	0.05316116
119505	2787	0.05316116
119517	581	0.05797538
119517	1349	0.057975374
119517	2552	0.057975374
119517	4342	0.057975374
119517	6198	0.057975374
119517	719	0.057975367
119517	3556	0.057975367
119517	3605	0.057975367
119517	2787	0.057975363
119517	3756	0.057975363
119575	581	0.07262944
119575	2552	0.07262943
119575	6198	0.07262943
119575	719	0.07262942
119575	1349	0.07262942
119575	3556	0.07262942
119575	4342	0.07262942
119575	875	0.072629414
119575	3605	0.072629414
119575	3756	0.072629414
119590	581	0.06470526
119590	719	0.06470525
119590	1349	0.06470525
119590	2552	0.06470525
119590	4342	0.06470525
119590	6198	0.06470525
119590	3556	0.064705245
119590	3605	0.064705245
119590	365	0.06470524
119590	875	0.06470524
119594	581	0.055846184
119594	2552	0.055846184
119594	4342	0.055846184
119594	6198	0.05584618
119594	719	0.055846177
119594	1349	0.055846177
119594	3556	0.055846177
119594	875	0.05584617
119594	2787	0.05584617
119594	3422	0.05584617
119631	581	0.0459992
119631	2552	0.0459992
119631	4342	0.0459992
119631	6198	0.0459992
119631	1349	0.045999195
119631	3556	0.045999195
119631	719	0.04599919
119631	3605	0.04599919
119631	4218	0.04599919
119631	875	0.045999188
119654	581	0.053777315
119654	2552	0.053777315
119654	4342	0.053777315
119654	6198	0.053777315
119654	719	0.05377731
119654	1349	0.05377731
119654	3556	0.053777307
119654	3605	0.053777307
119654	875	0.053777304
119654	2651	0.053777304
119671	581	0.040804394
119671	2552	0.040804394
119671	6198	0.040804394
119671	4342	0.04080439
119671	719	0.040804386
119671	875	0.040804386
119671	1349	0.040804386
119671	3556	0.040804386
119671	2651	0.040804382
119671	3605	0.040804382
119725	581	0.0689529
119725	2552	0.068952896
119725	4342	0.068952896
119725	6198	0.068952896
119725	719	0.06895288
119725	875	0.06895288
119725	1349	0.06895288
119725	3556	0.06895288
119725	3756	0.06895288
119725	365	0.06895287
119749	581	0.058199637
119749	2552	0.058199637
119749	4342	0.058199637
119749	6198	0.058199637
119749	719	0.05819963
119749	1349	0.05819963
119749	3556	0.05819963
119749	3605	0.05819963
119749	365	0.05819962
119749	875	0.05819962
119806	581	0.051057506
119806	6198	0.051057506
119806	1349	0.051057503
119806	2552	0.051057503
119806	4342	0.051057503
119806	719	0.0510575
119806	875	0.051057495
119806	2787	0.051057495
119806	3556	0.051057495
119806	3605	0.051057495
119858	6198	0.050903022
119858	581	0.05090302
119858	1349	0.050903015
119858	2552	0.050903015
119858	4342	0.050903015
119858	3556	0.05090301
119858	719	0.050903007
119858	3605	0.050903007
119858	3663	0.050903007
119858	3756	0.050903007
119963	581	0.0611502
119963	2552	0.061150193
119963	4342	0.061150193
119963	6198	0.061150193
119963	719	0.06115019
119963	3556	0.06115019
119963	1349	0.061150186
119963	2787	0.061150186
119963	3605	0.061150186
119963	875	0.061150182
120030	581	0.07707641
120030	2552	0.07707641
120030	4342	0.07707641
120030	6198	0.07707641
120030	719	0.077076405
120030	3605	0.077076405
120030	1349	0.0770764
120030	2651	0.0770764
120030	2787	0.0770764
120030	3556	0.0770764
120080	581	0.055412926
120080	6198	0.055412926
120080	2552	0.055412922
120080	4342	0.055412922
120080	719	0.05541292
120080	1349	0.05541292
120080	3556	0.05541292
120080	365	0.05541291
120080	875	0.05541291
120080	2651	0.05541291
120082	6198	0.05910487
120082	581	0.059104867
120082	2552	0.059104867
120082	4342	0.059104864
120082	719	0.05910486
120082	1349	0.05910486
120082	2787	0.05910486
120082	3556	0.05910486
120082	3605	0.059104856
120082	875	0.059104852
120093	6198	0.049908135
120093	581	0.04990813
120093	719	0.04990813
120093	2552	0.04990813
120093	4342	0.04990813
120093	3556	0.049908128
120093	875	0.049908124
120093	1349	0.049908124
120093	2651	0.049908124
120093	3605	0.049908124
120137	581	0.050213683
120137	2552	0.05021368
120137	4342	0.05021368
120137	6198	0.05021368
120137	719	0.050213672
120137	1349	0.050213672
120137	2787	0.050213672
120137	3556	0.050213672
120137	3756	0.050213672
120137	875	0.05021367
120155	6198	0.071844935
120155	581	0.07184493
120155	2552	0.07184493
120155	719	0.07184492
120155	1349	0.07184492
120155	3556	0.07184492
120155	4342	0.07184492
120155	875	0.07184491
120155	2651	0.07184491
120155	2787	0.07184491
120178	581	0.05961891
120178	6198	0.05961891
120178	2552	0.059618905
120178	4342	0.059618905
120178	1349	0.0596189
120178	719	0.059618898
120178	3556	0.059618898
120178	3605	0.059618898
120178	365	0.05961889
120178	875	0.05961889
120181	581	0.06867519
120181	2552	0.06867518
120181	4342	0.06867518
120181	6198	0.06867518
120181	719	0.068675175
120181	875	0.068675175
120181	1349	0.068675175
120181	2651	0.068675175
120181	3556	0.068675175
120181	3605	0.068675175
120332	581	0.043482907
120332	2552	0.0434829
120332	4342	0.0434829
120332	6198	0.0434829
120332	719	0.043482896
120332	1349	0.043482896
120332	3556	0.043482896
120332	875	0.043482892
120332	880	0.043482892
120332	2787	0.043482892
120333	581	0.062711634
120333	2552	0.062711634
120333	4342	0.062711634
120333	6198	0.062711634
120333	719	0.06271163
120333	1349	0.06271163
120333	3556	0.06271163
120333	3605	0.06271163
120333	875	0.06271162
120333	2787	0.06271162
120345	581	0.0702246
120345	1349	0.0702246
120345	4342	0.0702246
120345	6198	0.0702246
120345	2552	0.07022459
120345	719	0.07022458
120345	875	0.07022458
120345	1958	0.07022458
120345	2787	0.07022458
120345	3556	0.07022458
120396	581	0.06316149
120396	2552	0.06316149
120396	4342	0.06316149
120396	6198	0.06316149
120396	719	0.06316148
120396	1349	0.06316148
120396	2651	0.06316148
120396	2787	0.06316148
120396	3556	0.06316148
120396	3605	0.06316148
120548	581	0.0541535
120548	6198	0.054153495
120548	2552	0.05415349
120548	4342	0.05415349
120548	719	0.054153487
120548	3605	0.054153487
120548	1349	0.054153483
120548	3556	0.054153483
120548	365	0.05415348
120548	875	0.05415348
120565	581	0.07117488
120565	6198	0.07117488
120565	1349	0.071174875
120565	2552	0.071174875
120565	4342	0.071174875
120565	719	0.07117487
120565	3556	0.07117487
120565	365	0.07117486
120565	875	0.07117486
120565	1211	0.07117486
120598	581	0.06996201
120598	2552	0.06996201
120598	4342	0.06996201
120598	6198	0.06996201
120598	719	0.069961995
120598	1349	0.069961995
120598	2787	0.069961995
120598	3556	0.069961995
120598	3605	0.069961995
120598	1958	0.06996199
120610	581	0.056625813
120610	2552	0.056625806
120610	4342	0.056625806
120610	6198	0.056625806
120610	719	0.0566258
120610	1349	0.0566258
120610	3556	0.0566258
120610	3605	0.0566258
120610	875	0.056625795
120610	3756	0.056625795
120696	581	0.078473456
120696	6198	0.078473456
120696	2552	0.07847345
120696	4342	0.07847345
120696	1349	0.07847344
120696	3605	0.07847344
120696	719	0.078473434
120696	875	0.078473434
120696	2787	0.078473434
120696	3556	0.078473434
120735	581	0.054284297
120735	2552	0.054284293
120735	4342	0.054284293
120735	719	0.05428429
120735	1349	0.05428429
120735	3556	0.05428429
120735	6198	0.05428429
120735	875	0.054284282
120735	3605	0.054284282
120735	3756	0.054284282
120807	6198	0.06519691
120807	581	0.0651969
120807	719	0.0651969
120807	875	0.0651969
120807	1349	0.0651969
120807	2552	0.0651969
120807	4342	0.0651969
120807	2651	0.065196894
120807	2787	0.065196894
120807	3556	0.065196894
120828	581	0.06559573
120828	1349	0.06559573
120828	2552	0.06559573
120828	4342	0.06559573
120828	6198	0.06559573
120828	719	0.06559572
120828	875	0.06559572
120828	3556	0.06559572
120828	3605	0.06559572
120828	365	0.065595716
120829	581	0.048222806
120829	4342	0.048222803
120829	6198	0.048222803
120829	2552	0.0482228
120829	719	0.048222795
120829	1349	0.048222795
120829	3556	0.048222795
120829	3605	0.04822279
120829	365	0.048222788
120829	875	0.048222788
120860	581	0.053260464
120860	6198	0.05326046
120860	1349	0.053260453
120860	2552	0.053260453
120860	4342	0.053260453
120860	719	0.05326045
120860	3556	0.05326045
120860	3605	0.05326045
120860	875	0.053260446
120860	2651	0.053260446
120873	581	0.05259206
120873	2552	0.052592058
120873	4342	0.052592058
120873	6198	0.052592058
120873	719	0.052592054
120873	3556	0.052592054
120873	1349	0.05259205
120873	875	0.052592047
120873	2787	0.052592047
120873	3605	0.052592047
120908	2552	0.081823446
120908	4342	0.081823446
120908	6198	0.081823446
120908	1349	0.08182344
120908	719	0.08182343
120908	3556	0.08182343
120908	4218	0.08182343
120908	365	0.08182342
120908	875	0.08182342
120908	880	0.08182342
120985	581	0.0682169
120985	6198	0.0682169
120985	1349	0.06821689
120985	2552	0.06821689
120985	3556	0.06821689
120985	4342	0.06821689
120985	719	0.06821688
120985	3605	0.06821688
120985	365	0.068216875
120985	875	0.068216875
121065	581	0.048897244
121065	2552	0.048897244
121065	4342	0.048897244
121065	6198	0.048897244
121065	719	0.048897237
121065	1349	0.048897237
121065	3556	0.048897237
121065	875	0.048897233
121065	3605	0.048897233
121065	3756	0.048897233
121083	581	0.063743964
121083	6198	0.063743964
121083	2552	0.06374396
121083	4342	0.06374396
121083	719	0.06374395
121083	875	0.06374395
121083	1349	0.06374395
121083	3556	0.06374395
121083	3605	0.06374395
121083	3756	0.06374395
121093	581	0.056550387
121093	2552	0.056550384
121093	4342	0.056550384
121093	6198	0.056550384
121093	719	0.056550376
121093	1349	0.056550376
121093	3556	0.056550376
121093	3605	0.056550376
121093	3756	0.056550376
121093	875	0.056550372
121135	581	0.059934407
121135	6198	0.059934404
121135	2552	0.0599344
121135	4342	0.0599344
121135	719	0.059934393
121135	1349	0.059934393
121135	3556	0.059934393
121135	3605	0.059934393
121135	875	0.059934385
121135	1958	0.059934385
121166	581	0.04359464
121166	1349	0.043594636
121166	2552	0.043594636
121166	4342	0.043594636
121166	6198	0.043594636
121166	719	0.043594632
121166	365	0.04359463
121166	875	0.04359463
121166	2787	0.04359463
121166	3556	0.04359463
121167	581	0.060111582
121167	2552	0.060111582
121167	4342	0.060111582
121167	6198	0.060111582
121167	719	0.060111575
121167	1349	0.060111575
121167	3556	0.06011157
121167	3605	0.06011157
121167	875	0.060111567
121167	880	0.060111567
121170	581	0.06745148
121170	2552	0.06745148
121170	4342	0.06745148
121170	6198	0.06745148
121170	1349	0.06745147
121170	3556	0.06745147
121170	719	0.06745146
121170	2787	0.06745146
121170	3605	0.06745146
121170	3756	0.06745146
121251	581	0.055512637
121251	2552	0.055512637
121251	6198	0.055512637
121251	4342	0.055512633
121251	719	0.05551263
121251	1349	0.05551263
121251	3556	0.05551263
121251	3756	0.055512626
121251	365	0.055512622
121251	875	0.055512622
121264	581	0.07143582
121264	719	0.07143581
121264	2552	0.07143581
121264	4342	0.07143581
121264	6198	0.07143581
121264	1349	0.0714358
121264	3556	0.0714358
121264	3605	0.0714358
121264	365	0.071435794
121264	875	0.071435794
121405	581	0.051210836
121405	2552	0.051210836
121405	6198	0.051210836
121405	4342	0.05121083
121405	719	0.051210828
121405	1349	0.051210828
121405	2787	0.051210828
121405	3556	0.051210828
121405	3605	0.051210828
121405	3756	0.051210824
121547	581	0.063223734
121547	2552	0.063223734
121547	4342	0.063223734
121547	6198	0.063223734
121547	365	0.06322372
121547	719	0.06322372
121547	875	0.06322372
121547	1349	0.06322372
121547	2787	0.06322372
121547	3556	0.06322372
121592	581	0.061849646
121592	6198	0.061849646
121592	4342	0.061849643
121592	1349	0.06184964
121592	2552	0.06184964
121592	719	0.061849635
121592	3556	0.061849635
121592	875	0.06184963
121592	2787	0.06184963
121592	3605	0.06184963
121594	581	0.056868616
121594	6198	0.056868616
121594	2552	0.05686861
121594	4342	0.05686861
121594	719	0.056868605
121594	1349	0.056868605
121594	3556	0.056868605
121594	3605	0.0568686
121594	3756	0.0568686
121594	365	0.056868598
121606	581	0.075336605
121606	719	0.07533659
121606	1349	0.07533659
121606	2552	0.07533659
121606	4342	0.07533659
121606	6198	0.07533659
121606	2787	0.07533658
121606	3556	0.07533658
121606	3605	0.07533658
121606	365	0.075336576
121620	581	0.05595865
121620	4342	0.055958647
121620	6198	0.055958647
121620	2552	0.055958644
121620	1349	0.05595864
121620	3605	0.05595864
121620	719	0.055958636
121620	875	0.055958636
121620	3556	0.055958636
121620	3756	0.055958636
121817	581	0.047674432
121817	4342	0.04767443
121817	6198	0.04767443
121817	2552	0.047674425
121817	3556	0.047674425
121817	719	0.04767442
121817	1349	0.04767442
121817	875	0.047674417
121817	2651	0.047674417
121817	2787	0.047674417
121986	581	0.04369212
121986	4342	0.04369212
121986	6198	0.04369212
121986	1349	0.043692116
121986	2552	0.043692116
121986	3556	0.043692116
121986	719	0.043692112
121986	875	0.043692112
121986	3605	0.043692112
121986	3756	0.043692112
122045	581	0.056465887
122045	6198	0.056465887
122045	2552	0.056465883
122045	4342	0.056465883
122045	719	0.05646588
122045	1349	0.05646588
122045	3556	0.056465875
122045	3605	0.056465875
122045	880	0.05646587
122045	3756	0.05646587
122096	581	0.040392675
122096	2552	0.040392675
122096	6198	0.040392675
122096	4342	0.04039267
122096	365	0.040392667
122096	719	0.040392667
122096	1349	0.040392667
122096	3556	0.040392667
122096	3605	0.040392667
122096	3756	0.040392667
122321	581	0.06119428
122321	2552	0.06119428
122321	4342	0.06119428
122321	6198	0.06119428
122321	719	0.06119427
122321	1349	0.06119427
122321	3556	0.06119427
122321	875	0.061194267
122321	3578	0.061194263
122321	3605	0.061194263
122386	581	0.084520504
122386	6198	0.084520504
122386	2552	0.0845205
122386	4342	0.0845205
122386	719	0.08452049
122386	1349	0.08452049
122386	3556	0.08452049
122386	3605	0.08452049
122386	875	0.08452048
122386	2787	0.08452048
122418	581	0.03202845
122418	4342	0.032028448
122418	6198	0.032028448
122418	719	0.032028444
122418	875	0.032028444
122418	1349	0.032028444
122418	2552	0.032028444
122418	3556	0.032028444
122418	3756	0.032028444
122418	5214	0.032028444
122429	581	0.084024005
122429	4342	0.084024005
122429	6198	0.084024005
122429	1349	0.084024
122429	2552	0.084024
122429	3556	0.084024
122429	719	0.08402399
122429	3605	0.08402399
122429	365	0.08402398
122429	875	0.08402398
122440	581	0.06922032
122440	2552	0.06922032
122440	4342	0.06922032
122440	6198	0.06922032
122440	719	0.06922031
122440	1349	0.069220304
122440	2787	0.069220304
122440	3556	0.069220304
122440	3605	0.069220304
122440	3663	0.069220304
122506	581	0.064692535
122506	2552	0.064692535
122506	4342	0.064692535
122506	6198	0.064692535
122506	719	0.06469253
122506	1349	0.06469253
122506	3556	0.06469253
122506	3605	0.06469253
122506	875	0.06469252
122506	880	0.06469252
122542	581	0.05335986
122542	4342	0.05335986
122542	2552	0.053359855
122542	6198	0.053359855
122542	1349	0.05335985
122542	3556	0.05335985
122542	719	0.053359848
122542	875	0.053359844
122542	2787	0.053359844
122542	3605	0.053359844
122643	581	0.04609885
122643	2552	0.04609885
122643	4342	0.04609885
122643	6198	0.04609885
122643	3556	0.046098847
122643	719	0.046098843
122643	1349	0.046098843
122643	3756	0.046098843
122643	875	0.04609884
122643	2787	0.04609884
122671	581	0.058435015
122671	6198	0.05843501
122671	4342	0.058435008
122671	1349	0.058435004
122671	2552	0.058435004
122671	719	0.058435
122671	3556	0.058435
122671	3605	0.058435
122671	3756	0.058434997
122671	875	0.058434993
122716	581	0.08932795
122716	6198	0.08932794
122716	2552	0.08932793
122716	3605	0.08932793
122716	4342	0.08932793
122716	1349	0.089327924
122716	3556	0.089327924
122716	719	0.08932792
122716	875	0.08932792
122716	880	0.08932792
122782	581	0.05197106
122782	2552	0.051971056
122782	6198	0.051971056
122782	4342	0.05197105
122782	719	0.051971048
122782	1349	0.051971048
122782	3556	0.051971048
122782	3605	0.051971044
122782	875	0.05197104
122782	880	0.05197104
122784	6198	0.05471021
122784	581	0.054710206
122784	2552	0.054710206
122784	4342	0.054710206
122784	719	0.054710202
122784	1349	0.054710202
122784	3556	0.054710202
122784	875	0.054710194
122784	880	0.054710194
122784	2651	0.054710194
122793	581	0.07416914
122793	4342	0.07416913
122793	6198	0.07416913
122793	2552	0.07416912
122793	719	0.074169114
122793	875	0.074169114
122793	1349	0.074169114
122793	2787	0.074169114
122793	3556	0.074169114
122793	3605	0.074169114
122801	581	0.061273165
122801	4342	0.06127316
122801	2552	0.061273158
122801	6198	0.061273158
122801	719	0.06127315
122801	1349	0.06127315
122801	3556	0.06127315
122801	3605	0.06127315
122801	3756	0.061273146
122801	4218	0.061273146
122802	581	0.071884245
122802	6198	0.071884245
122802	719	0.07188423
122802	1349	0.07188423
122802	2552	0.07188423
122802	3556	0.07188423
122802	3605	0.07188423
122802	4342	0.07188423
122802	875	0.07188422
122802	5214	0.07188422
122867	581	0.05807777
122867	6198	0.05807777
122867	2552	0.058077767
122867	4342	0.058077767
122867	1349	0.058077764
122867	719	0.05807776
122867	3556	0.05807776
122867	3605	0.05807776
122867	3756	0.058077756
122867	365	0.058077753
122883	581	0.05763907
122883	2552	0.057639062
122883	4342	0.057639062
122883	6198	0.057639062
122883	719	0.057639055
122883	1349	0.057639055
122883	3556	0.057639055
122883	3605	0.057639055
122883	875	0.05763905
122883	880	0.05763905
122901	581	0.054655302
122901	6198	0.054655302
122901	1349	0.0546553
122901	2552	0.0546553
122901	4342	0.0546553
122901	719	0.054655295
122901	3556	0.054655295
122901	875	0.05465529
122901	2651	0.05465529
122901	2787	0.05465529
122958	581	0.055613633
122958	2552	0.05561363
122958	4342	0.05561363
122958	6198	0.05561363
122958	719	0.055613622
122958	1349	0.055613622
122958	3556	0.055613622
122958	875	0.05561362
122958	365	0.055613615
122958	2651	0.055613615
123056	581	0.08926611
123056	2552	0.08926611
123056	4342	0.08926611
123056	6198	0.08926611
123056	875	0.0892661
123056	719	0.08926609
123056	880	0.08926609
123056	1349	0.08926609
123056	2651	0.08926609
123056	3556	0.08926609
123066	581	0.062835254
123066	6198	0.062835254
123066	719	0.06283525
123066	1349	0.06283525
123066	2552	0.06283525
123066	4342	0.06283525
123066	2787	0.06283524
123066	3556	0.06283524
123066	3605	0.06283524
123066	365	0.06283523
123094	581	0.083418645
123094	6198	0.083418645
123094	2552	0.08341864
123094	4342	0.08341864
123094	719	0.08341863
123094	1349	0.08341863
123094	3556	0.08341863
123094	875	0.08341862
123094	1958	0.08341862
123094	2651	0.08341862
123095	581	0.08030846
123095	1349	0.08030845
123095	2552	0.08030845
123095	4342	0.08030845
123095	6198	0.08030845
123095	719	0.080308445
123095	3556	0.080308445
123095	880	0.08030844
123095	2651	0.08030844
123095	2787	0.08030844
123115	581	0.040025193
123115	2552	0.040025193
123115	4342	0.040025193
123115	6198	0.040025193
123115	719	0.04002519
123115	3556	0.04002519
123115	1349	0.040025186
123115	3605	0.040025186
123115	365	0.040025182
123115	875	0.040025182
123143	581	0.05364688
123143	6198	0.05364688
123143	2552	0.053646877
123143	4342	0.053646877
123143	719	0.05364687
123143	1349	0.05364687
123143	3556	0.05364687
123143	3605	0.05364687
123143	875	0.053646866
123143	2651	0.053646866
123154	581	0.05412705
123154	4342	0.054127045
123154	6198	0.054127045
123154	719	0.054127038
123154	1349	0.054127038
123154	2552	0.054127038
123154	3556	0.054127034
123154	3605	0.054127034
123154	365	0.05412703
123154	875	0.05412703
123160	581	0.076641396
123160	6198	0.076641396
123160	2552	0.07664139
123160	4342	0.07664139
123160	719	0.07664138
123160	1349	0.07664138
123160	3556	0.07664138
123160	2787	0.07664137
123160	3605	0.07664137
123160	3663	0.07664137
123203	581	0.048950583
123203	4342	0.048950583
123203	6198	0.048950583
123203	2552	0.04895058
123203	719	0.048950575
123203	1349	0.048950575
123203	3556	0.048950575
123203	875	0.04895057
123203	3605	0.04895057
123203	3756	0.04895057
123215	581	0.049741115
123215	6198	0.049741115
123215	2552	0.04974111
123215	4342	0.04974111
123215	719	0.049741108
123215	3556	0.049741108
123215	1349	0.049741104
123215	2787	0.049741104
123215	3605	0.049741104
123215	4218	0.049741104
123228	581	0.048559174
123228	6198	0.048559174
123228	2552	0.04855917
123228	4342	0.04855917
123228	719	0.048559166
123228	1349	0.048559166
123228	3556	0.048559166
123228	3605	0.048559166
123228	365	0.04855916
123228	875	0.04855916
123257	581	0.06295355
123257	6198	0.06295355
123257	1349	0.06295354
123257	2552	0.06295354
123257	4342	0.06295354
123257	719	0.06295353
123257	875	0.06295353
123257	3556	0.06295353
123257	3605	0.06295353
123257	4366	0.06295353
123298	581	0.05615422
123298	6198	0.05615422
123298	719	0.056154214
123298	2552	0.056154214
123298	3556	0.056154214
123298	4342	0.056154214
123298	1349	0.05615421
123298	875	0.056154206
123298	2787	0.056154206
123298	3605	0.056154206
123430	581	0.050322004
123430	6198	0.050322004
123430	4342	0.050322
123430	719	0.050321996
123430	1349	0.050321996
123430	2552	0.050321996
123430	3556	0.050321996
123430	875	0.05032199
123430	880	0.05032199
123430	1173	0.05032199
123433	581	0.058361173
123433	4342	0.05836117
123433	2552	0.058361165
123433	6198	0.058361165
123433	1349	0.05836116
123433	719	0.058361158
123433	3556	0.058361158
123433	3605	0.058361158
123433	3756	0.058361158
123433	365	0.058361154
123460	581	0.07723524
123460	2552	0.07723523
123460	6198	0.07723523
123460	1349	0.07723522
123460	3556	0.07723522
123460	4342	0.07723522
123460	719	0.077235214
123460	2787	0.077235214
123460	3605	0.077235214
123460	365	0.07723521
123468	2552	0.056565396
123468	4342	0.056565396
123468	6198	0.056565396
123468	1349	0.056565393
123468	3556	0.056565393
123468	719	0.05656539
123468	875	0.05656539
123468	2787	0.05656539
123468	3605	0.05656539
123468	3756	0.05656539
123510	581	0.08054952
123510	6198	0.08054952
123510	2552	0.080549516
123510	719	0.08054951
123510	1349	0.08054951
123510	3556	0.08054951
123510	4342	0.08054951
123510	875	0.0805495
123510	2787	0.0805495
123510	3605	0.0805495
123515	581	0.062354457
123515	6198	0.062354453
123515	2552	0.06235445
123515	1349	0.062354445
123515	4342	0.062354445
123515	3605	0.06235444
123515	719	0.062354438
123515	2787	0.062354438
123515	3556	0.062354438
123515	875	0.062354434
123543	581	0.06368227
123543	2552	0.06368227
123543	4342	0.06368227
123543	6198	0.06368227
123543	719	0.063682266
123543	1349	0.063682266
123543	3556	0.063682266
123543	365	0.06368226
123543	875	0.06368226
123543	1173	0.06368226
123544	581	0.07424257
123544	2552	0.07424256
123544	4342	0.07424256
123544	6198	0.07424256
123544	1349	0.074242555
123544	3556	0.074242555
123544	365	0.07424255
123544	719	0.07424255
123544	2787	0.07424255
123544	3605	0.07424255
123597	581	0.056354567
123597	6198	0.056354567
123597	4342	0.056354564
123597	2552	0.05635456
123597	719	0.056354556
123597	1349	0.056354556
123597	3556	0.056354556
123597	365	0.056354553
123597	875	0.056354553
123597	2787	0.056354553
123608	581	0.060261004
123608	2552	0.060261004
123608	4342	0.060261004
123608	6198	0.060261004
123608	719	0.060260996
123608	1349	0.060260996
123608	3556	0.060260996
123608	3605	0.060260992
123608	875	0.06026099
123608	880	0.06026099
123625	581	0.06056799
123625	2552	0.060567982
123625	4342	0.060567982
123625	6198	0.060567982
123625	1349	0.06056798
123625	719	0.060567975
123625	875	0.060567975
123625	3556	0.060567975
123625	3605	0.060567975
123625	2651	0.06056797
123649	581	0.06424576
123649	4342	0.06424576
123649	6198	0.06424576
123649	2552	0.06424575
123649	3556	0.06424575
123649	719	0.064245746
123649	875	0.064245746
123649	1349	0.064245746
123649	2787	0.064245746
123649	3605	0.064245746
123676	581	0.05901531
123676	2552	0.059015304
123676	4342	0.059015304
123676	6198	0.059015304
123676	1349	0.0590153
123676	719	0.059015296
123676	3556	0.059015296
123676	3605	0.059015296
123676	875	0.059015293
123676	2787	0.059015293
123724	581	0.053002574
123724	6198	0.05300257
123724	2552	0.053002566
123724	4342	0.053002566
123724	719	0.053002562
123724	875	0.05300256
123724	1349	0.05300256
123724	3556	0.05300256
123724	3605	0.05300256
123724	3756	0.05300256
123732	581	0.060956474
123732	2552	0.06095647
123732	4342	0.06095647
123732	6198	0.06095647
123732	719	0.060956463
123732	1349	0.060956463
123732	3556	0.060956463
123732	875	0.06095646
123732	3756	0.06095646
123732	365	0.060956456
123744	581	0.074077226
123744	6198	0.074077226
123744	719	0.07407722
123744	1349	0.07407722
123744	2552	0.07407722
123744	3605	0.07407722
123744	4342	0.07407722
123744	365	0.074077204
123744	875	0.074077204
123744	880	0.074077204
123790	581	0.043680303
123790	2552	0.043680295
123790	4342	0.043680295
123790	6198	0.043680295
123790	3556	0.04368029
123790	719	0.043680288
123790	875	0.043680288
123790	1349	0.043680288
123790	3605	0.043680288
123790	1958	0.043680284
123801	581	0.0369758
123801	2552	0.0369758
123801	4342	0.0369758
123801	6198	0.0369758
123801	719	0.036975797
123801	875	0.036975794
123801	1349	0.036975794
123801	3556	0.036975794
123801	3605	0.036975794
123801	3756	0.036975794
123825	581	0.065976575
123825	4342	0.06597657
123825	6198	0.06597657
123825	719	0.06597656
123825	875	0.06597656
123825	1349	0.06597656
123825	2552	0.06597656
123825	3556	0.06597656
123825	3605	0.06597656
123825	3756	0.06597656
123867	2552	0.060789935
123867	6198	0.060789935
123867	581	0.06078993
123867	719	0.060789928
123867	1349	0.060789928
123867	4342	0.060789928
123867	3556	0.060789924
123867	875	0.06078992
123867	2787	0.06078992
123867	3605	0.06078992
123981	581	0.06337017
123981	2552	0.06337017
123981	4342	0.06337017
123981	6198	0.06337017
123981	719	0.06337016
123981	1349	0.06337016
123981	3556	0.06337016
123981	875	0.06337015
123981	880	0.06337015
123981	2651	0.06337015
123988	581	0.0440764
123988	4342	0.0440764
123988	719	0.044076398
123988	2552	0.044076398
123988	3556	0.044076398
123988	6198	0.044076398
123988	1349	0.044076394
123988	365	0.04407639
123988	875	0.04407639
123988	2787	0.04407639
124048	581	0.045587793
124048	2552	0.045587793
124048	4342	0.045587793
124048	6198	0.045587793
124048	719	0.045587786
124048	1349	0.045587786
124048	3556	0.045587786
124048	3605	0.045587786
124048	875	0.04558778
124048	2651	0.04558778
124066	581	0.058970246
124066	6198	0.058970246
124066	2552	0.058970243
124066	4342	0.058970243
124066	719	0.05897024
124066	1349	0.05897024
124066	3556	0.05897024
124066	3605	0.058970235
124066	875	0.05897023
124066	2651	0.05897023
124078	581	0.07976961
124078	2552	0.07976961
124078	4342	0.07976961
124078	6198	0.07976961
124078	719	0.0797696
124078	875	0.0797696
124078	1349	0.0797696
124078	3556	0.0797696
124078	2787	0.07976959
124078	3605	0.07976959
124079	6198	0.052320927
124079	581	0.052320924
124079	2552	0.052320924
124079	719	0.05232092
124079	3556	0.05232092
124079	4342	0.05232092
124079	1349	0.052320916
124079	365	0.052320912
124079	875	0.052320912
124079	2651	0.052320912
124175	581	0.064842716
124175	719	0.064842716
124175	1349	0.064842716
124175	2552	0.064842716
124175	3556	0.064842716
124175	4342	0.064842716
124175	6198	0.064842716
124175	365	0.0648427
124175	875	0.0648427
124175	880	0.0648427
124207	581	0.056287125
124207	2552	0.056287117
124207	4342	0.056287117
124207	6198	0.056287117
124207	719	0.056287114
124207	1349	0.056287114
124207	3556	0.056287114
124207	365	0.05628711
124207	875	0.05628711
124207	3605	0.05628711
124259	581	0.049534656
124259	4342	0.049534656
124259	6198	0.049534656
124259	719	0.049534652
124259	2552	0.049534652
124259	1349	0.04953465
124259	3556	0.04953465
124259	3605	0.04953465
124259	3756	0.049534645
124259	4218	0.049534645
124298	581	0.048117526
124298	2552	0.04811752
124298	4342	0.04811752
124298	6198	0.04811752
124298	3556	0.048117515
124298	719	0.04811751
124298	875	0.04811751
124298	1349	0.04811751
124298	3605	0.04811751
124298	3756	0.04811751
124310	581	0.07603303
124310	6198	0.07603303
124310	1349	0.076033026
124310	2552	0.076033026
124310	3605	0.076033026
124310	4342	0.076033026
124310	719	0.07603302
124310	365	0.07603301
124310	875	0.07603301
124310	880	0.07603301
124322	581	0.059708096
124322	2552	0.059708092
124322	6198	0.059708092
124322	4342	0.05970809
124322	3556	0.059708085
124322	719	0.05970808
124322	875	0.05970808
124322	1349	0.05970808
124322	3756	0.05970808
124322	2787	0.059708077
124363	581	0.09128681
124363	2552	0.09128681
124363	6198	0.09128681
124363	1349	0.0912868
124363	4342	0.0912868
124363	719	0.09128679
124363	2787	0.09128679
124363	3556	0.09128679
124363	3605	0.09128679
124363	875	0.091286786
124474	581	0.07845622
124474	2552	0.07845622
124474	4342	0.07845622
124474	6198	0.07845622
124474	719	0.07845621
124474	1349	0.07845621
124474	3556	0.07845621
124474	3605	0.07845621
124474	3756	0.07845621
124474	875	0.0784562
124487	581	0.08889723
124487	719	0.08889723
124487	2552	0.08889723
124487	3556	0.08889723
124487	4342	0.08889723
124487	6198	0.08889723
124487	875	0.08889721
124487	1349	0.08889721
124487	2787	0.08889721
124487	3422	0.08889721
124488	6198	0.048219435
124488	581	0.04821943
124488	719	0.048219427
124488	1349	0.048219427
124488	2552	0.048219427
124488	3556	0.048219427
124488	3605	0.048219427
124488	4342	0.048219427
124488	365	0.04821942
124488	875	0.04821942
124597	581	0.07744534
124597	2552	0.07744534
124597	4342	0.077445336
124597	6198	0.077445336
124597	719	0.07744533
124597	1349	0.07744533
124597	3556	0.07744533
124597	2787	0.07744532
124597	3756	0.07744532
124597	365	0.07744531
124688	581	0.055277504
124688	2552	0.0552775
124688	6198	0.0552775
124688	4342	0.055277497
124688	719	0.055277493
124688	3556	0.055277493
124688	875	0.05527749
124688	1349	0.05527749
124688	3605	0.05527749
124688	3756	0.05527749
124720	581	0.068092935
124720	2552	0.068092935
124720	6198	0.068092935
124720	719	0.06809293
124720	4342	0.06809293
124720	1349	0.06809292
124720	3556	0.06809292
124720	365	0.06809291
124720	875	0.06809291
124720	880	0.06809291
124732	581	0.05334744
124732	2552	0.05334743
124732	4342	0.05334743
124732	6198	0.05334743
124732	719	0.053347424
124732	1349	0.053347424
124732	3556	0.053347424
124732	3605	0.053347424
124732	875	0.05334742
124732	880	0.053347416
124747	581	0.065730184
124747	2552	0.065730184
124747	4342	0.065730184
124747	6198	0.065730184
124747	719	0.06573017
124747	875	0.06573017
124747	880	0.06573017
124747	1349	0.06573017
124747	2651	0.06573017
124747	2787	0.06573017
124769	581	0.06559132
124769	2552	0.06559132
124769	4342	0.06559132
124769	6198	0.06559132
124769	719	0.06559131
124769	3556	0.06559131
124769	3605	0.06559131
124769	875	0.065591305
124769	880	0.065591305
124769	1211	0.065591305
124852	581	0.04010059
124852	6198	0.040100586
124852	719	0.040100582
124852	1349	0.040100582
124852	2552	0.040100582
124852	3556	0.040100582
124852	4342	0.040100582
124852	3756	0.04010058
124852	365	0.040100574
124852	875	0.040100574
124874	581	0.0804085
124874	2552	0.08040849
124874	4342	0.08040849
124874	6198	0.08040849
124874	1349	0.080408484
124874	3556	0.080408484
124874	3605	0.080408484
124874	719	0.08040848
124874	365	0.08040847
124874	875	0.08040847
124876	581	0.067212015
124876	4342	0.067212015
124876	6198	0.067212015
124876	2552	0.06721201
124876	365	0.067212
124876	719	0.067212
124876	1349	0.067212
124876	2651	0.067212
124876	2787	0.067212
124876	3556	0.067212
124888	581	0.05135954
124888	2552	0.05135954
124888	4342	0.05135954
124888	6198	0.05135954
124888	719	0.051359538
124888	1349	0.051359534
124888	3556	0.051359534
124888	875	0.05135953
124888	2651	0.05135953
124888	3756	0.05135953
124915	6198	0.0588934
124915	2552	0.058893397
124915	4342	0.058893397
124915	719	0.058893394
124915	3556	0.058893394
124915	875	0.05889339
124915	1349	0.05889339
124915	3605	0.05889339
124915	3756	0.05889339
124915	2787	0.058893386
124942	581	0.05278267
124942	6198	0.05278267
124942	2552	0.052782666
124942	1349	0.052782662
124942	3556	0.052782662
124942	4342	0.052782662
124942	719	0.05278266
124942	3605	0.05278266
124942	875	0.052782655
124942	2787	0.052782655
124983	719	0.06610222
124983	2552	0.06610222
124983	4342	0.06610222
124983	6198	0.06610222
124983	1349	0.066102214
124983	3556	0.066102214
124983	365	0.06610221
124983	875	0.06610221
124983	880	0.06610221
124983	1173	0.06610221
124989	581	0.09699966
124989	6198	0.09699966
124989	2552	0.09699965
124989	719	0.096999645
124989	1349	0.096999645
124989	3605	0.096999645
124989	4342	0.096999645
124989	2787	0.09699964
124989	3556	0.09699964
124989	875	0.09699963
124993	581	0.04719566
124993	4342	0.047195658
124993	6198	0.047195658
124993	2552	0.047195654
124993	719	0.04719565
124993	1349	0.04719565
124993	2787	0.04719565
124993	3556	0.04719565
124993	3605	0.04719565
124993	875	0.047195647
125031	581	0.0714875
125031	6198	0.0714875
125031	2552	0.071487494
125031	4342	0.071487494
125031	719	0.07148749
125031	1349	0.07148749
125031	3556	0.07148749
125031	3756	0.07148749
125031	875	0.07148748
125031	880	0.07148748
125039	581	0.06356348
125039	2552	0.06356347
125039	4342	0.06356347
125039	6198	0.06356347
125039	719	0.063563466
125039	1349	0.063563466
125039	3556	0.063563466
125039	3605	0.063563466
125039	875	0.06356346
125039	880	0.06356346
125060	581	0.05252724
125060	4342	0.052527238
125060	6198	0.052527238
125060	719	0.052527234
125060	1349	0.052527234
125060	2552	0.052527234
125060	3556	0.05252723
125060	875	0.052527227
125060	880	0.052527227
125060	2787	0.052527227
125063	581	0.058209047
125063	6198	0.058209047
125063	2552	0.05820904
125063	3556	0.05820904
125063	4342	0.05820904
125063	719	0.058209036
125063	1349	0.058209036
125063	875	0.05820903
125063	2651	0.05820903
125063	2787	0.05820903
125133	581	0.057918966
125133	2552	0.057918966
125133	6198	0.057918966
125133	4342	0.057918962
125133	719	0.05791896
125133	1349	0.05791896
125133	3556	0.05791896
125133	3605	0.057918955
125133	875	0.05791895
125133	2651	0.05791895
125171	581	0.05950665
125171	6198	0.059506647
125171	2552	0.059506644
125171	719	0.05950664
125171	1349	0.05950664
125171	4342	0.05950664
125171	3556	0.059506636
125171	875	0.059506632
125171	2787	0.059506632
125171	3605	0.059506632
125203	581	0.07600273
125203	4342	0.07600273
125203	6198	0.07600273
125203	2552	0.076002724
125203	3556	0.076002724
125203	719	0.07600272
125203	875	0.07600272
125203	1349	0.07600272
125203	2787	0.07600272
125203	3605	0.07600272
125216	581	0.058129355
125216	2552	0.058129348
125216	4342	0.058129348
125216	6198	0.058129348
125216	719	0.058129344
125216	1349	0.058129344
125216	875	0.058129337
125216	2787	0.058129337
125216	3605	0.058129337
125216	3756	0.058129337
125217	581	0.05774431
125217	4342	0.0577443
125217	6198	0.0577443
125217	2552	0.057744298
125217	1349	0.057744294
125217	3556	0.057744294
125217	3605	0.057744294
125217	719	0.05774429
125217	875	0.057744287
125217	2787	0.057744287
125287	581	0.038725417
125287	2552	0.038725413
125287	4342	0.038725413
125287	6198	0.038725413
125287	719	0.03872541
125287	1349	0.03872541
125287	3556	0.03872541
125287	365	0.038725406
125287	875	0.038725406
125287	2787	0.038725406
125396	581	0.066345364
125396	4342	0.066345364
125396	2552	0.06634536
125396	6198	0.06634536
125396	719	0.06634535
125396	875	0.06634535
125396	880	0.06634535
125396	1349	0.06634535
125396	2651	0.06634535
125396	2787	0.06634535
125411	2552	0.057528384
125411	4342	0.057528384
125411	6198	0.057528384
125411	719	0.057528377
125411	1349	0.057528377
125411	3556	0.057528377
125411	3605	0.057528377
125411	2787	0.057528373
125411	365	0.05752837
125411	875	0.05752837
125514	581	0.067034155
125514	719	0.06703414
125514	2552	0.06703414
125514	4342	0.06703414
125514	6198	0.06703414
125514	1349	0.06703413
125514	3556	0.06703413
125514	3605	0.06703413
125514	365	0.067034125
125514	875	0.067034125
125519	581	0.07817865
125519	6198	0.07817865
125519	719	0.078178644
125519	1349	0.078178644
125519	2552	0.078178644
125519	2787	0.078178644
125519	4342	0.078178644
125519	875	0.07817864
125519	880	0.07817864
125519	3556	0.07817864
125538	581	0.06884971
125538	2552	0.068849705
125538	4342	0.068849705
125538	6198	0.068849705
125538	1349	0.0688497
125538	3556	0.0688497
125538	3605	0.0688497
125538	719	0.06884969
125538	875	0.06884969
125538	880	0.06884969
125692	581	0.06920125
125692	719	0.069201246
125692	2552	0.069201246
125692	4342	0.069201246
125692	6198	0.069201246
125692	1349	0.06920124
125692	3556	0.06920124
125692	3605	0.06920124
125692	365	0.06920123
125692	875	0.06920123
125701	581	0.055420443
125701	6198	0.05542044
125701	2552	0.055420436
125701	4342	0.055420436
125701	3556	0.055420432
125701	719	0.05542043
125701	875	0.05542043
125701	1349	0.05542043
125701	2787	0.05542043
125701	3605	0.05542043
125736	581	0.057626363
125736	2552	0.05762636
125736	6198	0.05762636
125736	4342	0.057626355
125736	719	0.05762635
125736	1349	0.05762635
125736	3556	0.05762635
125736	875	0.057626348
125736	3605	0.057626348
125736	365	0.057626344
125779	581	0.065203086
125779	2552	0.065203086
125779	4342	0.065203086
125779	6198	0.065203086
125779	1349	0.06520308
125779	719	0.06520307
125779	875	0.06520307
125779	1958	0.06520307
125779	2787	0.06520307
125779	3556	0.06520307
125808	2552	0.058551893
125808	4342	0.058551893
125808	6198	0.058551893
125808	719	0.058551885
125808	1349	0.058551885
125808	3556	0.058551885
125808	3605	0.05855188
125808	875	0.058551878
125808	880	0.058551878
125808	1958	0.058551878
125878	581	0.04561077
125878	2552	0.04561077
125878	4342	0.04561077
125878	6198	0.04561077
125878	719	0.045610767
125878	3556	0.045610767
125878	875	0.045610763
125878	1349	0.045610763
125878	2787	0.045610763
125878	3756	0.045610763
125892	6198	0.05962775
125892	581	0.059627745
125892	2552	0.059627745
125892	719	0.05962774
125892	1349	0.05962774
125892	4342	0.05962774
125892	3556	0.059627738
125892	875	0.059627734
125892	2787	0.059627734
125892	3605	0.059627734
125928	581	0.059585296
125928	6198	0.059585292
125928	2552	0.05958529
125928	4342	0.05958529
125928	1349	0.059585284
125928	719	0.05958528
125928	3556	0.05958528
125928	3605	0.05958528
125928	365	0.059585277
125928	875	0.059585277
126053	581	0.050601415
126053	2552	0.050601415
126053	4342	0.050601415
126053	6198	0.050601415
126053	719	0.050601408
126053	1349	0.050601408
126053	3556	0.050601408
126053	3605	0.050601404
126053	365	0.0506014
126053	875	0.0506014
126072	581	0.05531518
126072	2552	0.05531518
126072	4342	0.05531518
126072	6198	0.05531518
126072	1349	0.055315178
126072	3556	0.055315178
126072	719	0.055315174
126072	3605	0.055315174
126072	2787	0.05531517
126072	3756	0.05531517
126149	581	0.04989776
126149	6198	0.04989776
126149	2552	0.049897756
126149	719	0.049897753
126149	4342	0.049897753
126149	1349	0.04989775
126149	3556	0.04989775
126149	3605	0.04989775
126149	875	0.049897745
126149	2651	0.049897745
126196	581	0.0829436
126196	2552	0.0829436
126196	4342	0.0829436
126196	6198	0.082943596
126196	719	0.08294359
126196	1349	0.08294359
126196	3556	0.08294359
126196	3605	0.08294359
126196	3756	0.08294359
126196	875	0.08294358
126232	581	0.04785916
126232	2552	0.04785916
126232	4342	0.04785916
126232	6198	0.04785916
126232	719	0.047859155
126232	1349	0.047859155
126232	3556	0.047859155
126232	365	0.047859147
126232	875	0.047859147
126232	2787	0.047859147
126240	581	0.05492256
126240	2552	0.05492256
126240	4342	0.05492256
126240	6198	0.05492256
126240	719	0.05492255
126240	1349	0.05492255
126240	3556	0.05492255
126240	3605	0.05492255
126240	875	0.054922547
126240	2787	0.054922547
126296	581	0.06992435
126296	2552	0.06992434
126296	4342	0.06992434
126296	6198	0.06992434
126296	719	0.06992433
126296	1349	0.06992433
126296	2787	0.06992433
126296	3556	0.06992433
126296	3605	0.06992433
126296	365	0.069924325
126298	581	0.053681858
126298	2552	0.053681854
126298	6198	0.053681854
126298	1349	0.05368185
126298	4342	0.05368185
126298	719	0.053681843
126298	3556	0.053681843
126298	3605	0.053681843
126298	875	0.05368184
126298	2787	0.05368184
126388	581	0.07180181
126388	4342	0.07180181
126388	2552	0.071801804
126388	6198	0.071801804
126388	1349	0.0718018
126388	3556	0.0718018
126388	3605	0.0718018
126388	719	0.07180179
126388	2787	0.07180179
126388	365	0.07180178
126395	581	0.05245092
126395	6198	0.05245092
126395	2552	0.052450918
126395	4342	0.052450918
126395	719	0.05245091
126395	1349	0.05245091
126395	3556	0.05245091
126395	3605	0.05245091
126395	875	0.052450906
126395	2787	0.052450906
126487	581	0.07945353
126487	2552	0.07945353
126487	4342	0.07945353
126487	6198	0.07945353
126487	1349	0.07945352
126487	3556	0.07945352
126487	719	0.07945351
126487	875	0.07945351
126487	880	0.07945351
126487	2651	0.07945351
126492	2552	0.081063166
126492	4342	0.081063166
126492	6198	0.081063166
126492	719	0.08106316
126492	1349	0.08106316
126492	365	0.08106315
126492	875	0.08106315
126492	2787	0.08106315
126492	3556	0.08106315
126492	3605	0.08106315
126585	2552	0.06331765
126585	719	0.06331764
126585	1349	0.06331764
126585	3556	0.06331764
126585	4342	0.06331764
126585	6198	0.06331764
126585	875	0.063317634
126585	880	0.063317634
126585	2651	0.063317634
126585	2787	0.063317634
126604	581	0.07505453
126604	2552	0.07505453
126604	6198	0.07505453
126604	3556	0.07505452
126604	4342	0.07505452
126604	719	0.07505451
126604	875	0.07505451
126604	1349	0.07505451
126604	3605	0.07505451
126604	4218	0.07505451
126693	581	0.061858486
126693	2552	0.061858486
126693	4342	0.061858486
126693	6198	0.061858483
126693	719	0.06185848
126693	1349	0.06185848
126693	3556	0.061858475
126693	3605	0.061858475
126693	2787	0.06185847
126693	365	0.061858468
126697	581	0.0526717
126697	2552	0.0526717
126697	6198	0.0526717
126697	4342	0.052671697
126697	719	0.052671693
126697	1349	0.052671693
126697	3556	0.052671693
126697	3605	0.05267169
126697	875	0.052671686
126697	1958	0.052671686
126726	581	0.08136408
126726	4342	0.08136408
126726	6198	0.08136408
126726	1349	0.08136407
126726	2552	0.08136407
126726	719	0.081364065
126726	875	0.081364065
126726	2787	0.081364065
126726	3556	0.081364065
126726	3605	0.081364065
126736	581	0.07148738
126736	4342	0.071487375
126736	6198	0.071487375
126736	719	0.07148737
126736	1349	0.07148737
126736	2552	0.07148737
126736	3556	0.07148737
126736	2787	0.07148736
126736	3605	0.07148736
126736	4218	0.07148736
126803	6198	0.06682174
126803	581	0.06682173
126803	4342	0.06682173
126803	719	0.066821724
126803	1349	0.066821724
126803	2552	0.066821724
126803	3556	0.066821724
126803	3756	0.066821724
126803	875	0.06682172
126803	2651	0.06682172
126810	581	0.053548202
126810	6198	0.053548202
126810	2552	0.0535482
126810	4342	0.0535482
126810	719	0.053548194
126810	1349	0.053548194
126810	3556	0.053548194
126810	875	0.05354819
126810	3605	0.05354819
126810	3756	0.05354819
126812	6198	0.05483367
126812	581	0.054833665
126812	4342	0.054833665
126812	2552	0.05483366
126812	719	0.054833658
126812	1349	0.054833658
126812	3556	0.054833658
126812	875	0.054833654
126812	2787	0.054833654
126812	3605	0.054833654
126814	581	0.074989006
126814	2552	0.074989006
126814	6198	0.074989006
126814	719	0.07498899
126814	875	0.07498899
126814	1349	0.07498899
126814	3556	0.07498899
126814	3605	0.07498899
126814	4342	0.07498899
126814	4366	0.07498899
126824	581	0.049445096
126824	6198	0.049445096
126824	719	0.049445093
126824	2552	0.049445093
126824	4342	0.049445093
126824	1349	0.04944509
126824	3556	0.04944509
126824	875	0.049445085
126824	880	0.049445085
126824	2787	0.049445085
126827	581	0.05199384
126827	6198	0.051993836
126827	2552	0.051993832
126827	3556	0.051993832
126827	4342	0.051993832
126827	3605	0.05199383
126827	719	0.051993825
126827	875	0.051993825
126827	1349	0.051993825
126827	2787	0.051993825
126860	581	0.05710605
126860	6198	0.057106048
126860	2552	0.057106044
126860	4342	0.05710604
126860	3556	0.057106037
126860	719	0.057106033
126860	1349	0.057106033
126860	3605	0.057106033
126860	3756	0.057106033
126860	5147	0.057106033
126903	6198	0.06711432
126903	581	0.067114316
126903	2552	0.067114316
126903	4342	0.067114316
126903	719	0.06711431
126903	875	0.06711431
126903	1349	0.06711431
126903	3556	0.06711431
126903	3605	0.06711431
126903	365	0.0671143
126907	581	0.07266174
126907	1349	0.07266174
126907	2552	0.07266174
126907	4342	0.07266174
126907	6198	0.07266174
126907	719	0.072661735
126907	875	0.07266173
126907	880	0.07266173
126907	1958	0.07266173
126907	2651	0.07266173
126985	581	0.05711291
126985	2552	0.05711291
126985	6198	0.05711291
126985	4342	0.057112906
126985	1349	0.057112902
126985	3556	0.057112902
126985	719	0.0571129
126985	875	0.057112895
126985	2787	0.057112895
126985	3605	0.057112895
127024	581	0.05936101
127024	2552	0.05936101
127024	4342	0.05936101
127024	6198	0.05936101
127024	719	0.059361003
127024	1349	0.059361003
127024	3556	0.059361003
127024	3605	0.059361003
127024	875	0.059361
127024	3756	0.059361
127036	581	0.05050397
127036	2552	0.05050397
127036	4342	0.05050397
127036	6198	0.05050397
127036	719	0.05050396
127036	1349	0.05050396
127036	3556	0.05050396
127036	3605	0.05050396
127036	365	0.050503954
127036	875	0.050503954
127049	581	0.06367952
127049	6198	0.06367952
127049	2552	0.06367951
127049	4342	0.06367951
127049	719	0.0636795
127049	1349	0.0636795
127049	2787	0.0636795
127049	3556	0.0636795
127049	3605	0.0636795
127049	875	0.063679494
127113	581	0.057955325
127113	2552	0.057955317
127113	4342	0.057955317
127113	6198	0.057955317
127113	719	0.05795531
127113	1349	0.05795531
127113	3556	0.05795531
127113	3756	0.05795531
127113	875	0.057955306
127113	3605	0.057955306
127122	581	0.058266804
127122	6198	0.058266804
127122	4342	0.0582668
127122	719	0.058266796
127122	2552	0.058266796
127122	1349	0.058266792
127122	3605	0.058266792
127122	875	0.05826679
127122	2787	0.05826679
127122	3556	0.05826679
127129	581	0.07701464
127129	2552	0.07701464
127129	6198	0.07701464
127129	3605	0.07701463
127129	4342	0.07701463
127129	719	0.077014625
127129	1349	0.077014625
127129	3556	0.077014625
127129	365	0.07701462
127129	875	0.07701462
127131	581	0.056270756
127131	4342	0.056270756
127131	6198	0.056270756
127131	719	0.05627075
127131	2552	0.05627075
127131	3556	0.05627075
127131	1349	0.056270745
127131	3605	0.056270745
127131	875	0.05627074
127131	880	0.05627074
127168	581	0.06861943
127168	1349	0.06861943
127168	2552	0.06861943
127168	3556	0.06861943
127168	4342	0.06861943
127168	6198	0.06861943
127168	719	0.06861942
127168	3605	0.06861942
127168	875	0.068619415
127168	880	0.068619415
127171	581	0.050138623
127171	6198	0.050138623
127171	2552	0.05013862
127171	4342	0.05013862
127171	719	0.050138615
127171	1349	0.050138615
127171	3556	0.050138615
127171	3756	0.05013861
127171	365	0.050138608
127171	875	0.050138608
127190	581	0.08505565
127190	719	0.08505565
127190	1349	0.08505565
127190	2552	0.08505565
127190	4342	0.08505565
127190	6198	0.08505565
127190	3556	0.08505564
127190	3605	0.08505564
127190	875	0.085055634
127190	880	0.085055634
127200	581	0.07923687
127200	719	0.079236865
127200	2552	0.079236865
127200	4342	0.079236865
127200	6198	0.079236865
127200	3556	0.07923686
127200	365	0.07923685
127200	875	0.07923685
127200	880	0.07923685
127200	1349	0.07923685
127203	581	0.055888727
127203	6198	0.055888724
127203	1349	0.05588872
127203	2552	0.05588872
127203	4342	0.05588872
127203	719	0.055888712
127203	3556	0.055888712
127203	3605	0.055888712
127203	3756	0.055888712
127203	875	0.05588871
127233	581	0.09216091
127233	2552	0.09216091
127233	4342	0.09216091
127233	6198	0.09216091
127233	719	0.0921609
127233	1349	0.0921609
127233	875	0.092160895
127233	880	0.092160895
127233	2651	0.092160895
127233	3556	0.092160895
127359	2552	0.07767227
127359	4342	0.07767227
127359	6198	0.07767227
127359	719	0.077672265
127359	875	0.077672265
127359	581	0.07767226
127359	880	0.07767226
127359	1349	0.07767226
127359	2651	0.07767226
127359	3605	0.07767226
127384	581	0.06752172
127384	2552	0.06752172
127384	3556	0.06752172
127384	4342	0.06752172
127384	6198	0.06752172
127384	719	0.06752171
127384	1349	0.06752171
127384	3605	0.06752171
127384	875	0.067521706
127384	880	0.067521706
127389	581	0.05491957
127389	6198	0.05491957
127389	1349	0.054919563
127389	2552	0.054919563
127389	3556	0.054919563
127389	4342	0.054919563
127389	719	0.05491956
127389	3605	0.05491956
127389	2787	0.054919556
127389	3756	0.054919556
127404	581	0.06848844
127404	719	0.068488434
127404	2552	0.068488434
127404	4342	0.068488434
127404	6198	0.068488434
127404	1349	0.06848843
127404	3605	0.06848843
127404	365	0.06848842
127404	875	0.06848842
127404	880	0.06848842
127417	581	0.05878654
127417	2552	0.05878654
127417	6198	0.05878654
127417	4342	0.058786537
127417	719	0.058786534
127417	1349	0.058786534
127417	3556	0.058786534
127417	3605	0.058786534
127417	875	0.058786526
127417	880	0.058786526
127432	6198	0.06498387
127432	581	0.06498386
127432	1349	0.06498386
127432	2552	0.06498386
127432	3556	0.06498386
127432	4342	0.06498386
127432	719	0.06498385
127432	2787	0.06498385
127432	3605	0.06498385
127432	875	0.064983845
127438	581	0.06631334
127438	2552	0.066313334
127438	4342	0.066313334
127438	719	0.06631333
127438	1349	0.06631333
127438	3556	0.06631333
127438	3605	0.06631333
127438	6198	0.06631333
127438	3756	0.06631332
127438	365	0.06631331
127481	581	0.06391887
127481	6198	0.063918866
127481	719	0.06391886
127481	1349	0.06391886
127481	2552	0.06391886
127481	4342	0.06391886
127481	875	0.06391885
127481	880	0.06391885
127481	2787	0.06391885
127481	3556	0.06391885
127564	581	0.04874943
127564	2552	0.048749425
127564	4342	0.048749425
127564	6198	0.048749425
127564	1349	0.04874942
127564	719	0.048749417
127564	3556	0.048749417
127564	3605	0.048749417
127564	365	0.048749413
127564	875	0.048749413
127621	581	0.0421748
127621	4342	0.0421748
127621	6198	0.0421748
127621	2552	0.042174798
127621	3556	0.042174798
127621	719	0.042174794
127621	1349	0.042174794
127621	2787	0.042174794
127621	3605	0.042174794
127621	3756	0.042174794
127648	581	0.055666998
127648	6198	0.055666998
127648	4342	0.055666994
127648	1349	0.05566699
127648	2552	0.05566699
127648	3556	0.05566699
127648	3605	0.05566699
127648	719	0.055666987
127648	875	0.055666987
127648	2787	0.055666987
127782	6198	0.06549593
127782	581	0.06549592
127782	2552	0.06549592
127782	3556	0.06549592
127782	4342	0.06549592
127782	719	0.065495916
127782	1349	0.065495916
127782	2651	0.065495916
127782	3605	0.065495916
127782	365	0.06549591
127826	581	0.08431171
127826	2552	0.08431171
127826	4342	0.0843117
127826	6198	0.0843117
127826	719	0.084311694
127826	1349	0.084311694
127826	3556	0.084311694
127826	3605	0.08431169
127826	3756	0.08431169
127826	365	0.08431168
127893	581	0.061650153
127893	2552	0.061650146
127893	4342	0.061650142
127893	6198	0.061650142
127893	719	0.06165014
127893	875	0.061650135
127893	1349	0.061650135
127893	3556	0.061650135
127893	5214	0.061650135
127893	365	0.06165013
127914	581	0.07575302
127914	2552	0.07575302
127914	4342	0.07575302
127914	6198	0.07575302
127914	719	0.07575301
127914	875	0.07575301
127914	1349	0.07575301
127914	3556	0.07575301
127914	365	0.075753
127914	1211	0.075753
127970	581	0.05568287
127970	6198	0.05568287
127970	1349	0.055682868
127970	2552	0.055682868
127970	4342	0.055682868
127970	719	0.055682864
127970	3556	0.055682864
127970	3605	0.055682864
127970	3756	0.05568286
127970	875	0.055682857
128014	6198	0.060586628
128014	581	0.060586624
128014	2552	0.060586624
128014	719	0.06058662
128014	4342	0.06058662
128014	1349	0.060586616
128014	3556	0.060586616
128014	875	0.060586613
128014	2787	0.060586613
128014	3605	0.060586613
128033	581	0.04813261
128033	2552	0.04813261
128033	3556	0.048132606
128033	4342	0.048132606
128033	6198	0.048132606
128033	719	0.048132602
128033	875	0.0481326
128033	1349	0.0481326
128033	2787	0.0481326
128033	3605	0.0481326
128040	581	0.052113444
128040	2552	0.05211344
128040	4342	0.05211344
128040	6198	0.05211344
128040	719	0.052113436
128040	1349	0.052113436
128040	3556	0.052113432
128040	365	0.05211343
128040	875	0.05211343
128040	2651	0.05211343
128045	581	0.05120453
128045	2552	0.05120452
128045	6198	0.05120452
128045	1349	0.051204517
128045	4342	0.051204517
128045	719	0.051204514
128045	3556	0.051204514
128045	3605	0.051204514
128045	365	0.05120451
128045	875	0.05120451
128060	581	0.063228175
128060	2552	0.063228175
128060	4342	0.063228175
128060	6198	0.063228175
128060	365	0.06322816
128060	719	0.06322816
128060	875	0.06322816
128060	880	0.06322816
128060	1349	0.06322816
128060	2787	0.06322816
128085	6198	0.060303118
128085	2552	0.060303114
128085	4342	0.060303114
128085	719	0.06030311
128085	1349	0.06030311
128085	3556	0.06030311
128085	3605	0.060303107
128085	3756	0.060303103
128085	4218	0.060303103
128085	365	0.0603031
128119	581	0.07989242
128119	2552	0.07989242
128119	4342	0.07989242
128119	6198	0.07989242
128119	719	0.07989241
128119	1349	0.07989241
128119	3556	0.07989241
128119	3605	0.079892404
128119	875	0.0798924
128119	880	0.0798924
128122	581	0.08976321
128122	2552	0.08976321
128122	6198	0.08976321
128122	1349	0.0897632
128122	4342	0.0897632
128122	719	0.089763194
128122	3556	0.089763194
128122	3605	0.089763194
128122	365	0.08976318
128122	875	0.08976318
128208	581	0.053153288
128208	6198	0.053153288
128208	2552	0.053153284
128208	3556	0.053153284
128208	4342	0.053153284
128208	1349	0.05315328
128208	719	0.053153276
128208	2787	0.053153276
128208	3605	0.053153276
128208	875	0.053153273
128214	581	0.041963607
128214	6198	0.041963607
128214	2552	0.041963603
128214	4342	0.041963603
128214	719	0.0419636
128214	1349	0.0419636
128214	3556	0.0419636
128214	3605	0.041963596
128214	3756	0.041963596
128214	5214	0.041963596
128257	581	0.056983087
128257	2552	0.056983083
128257	4342	0.056983083
128257	6198	0.056983083
128257	719	0.05698308
128257	1349	0.05698308
128257	875	0.056983076
128257	2787	0.056983076
128257	3556	0.056983076
128257	2651	0.056983072
128276	6198	0.07158042
128276	581	0.07158041
128276	1349	0.07158041
128276	2552	0.07158041
128276	4342	0.07158041
128276	719	0.0715804
128276	3556	0.0715804
128276	3605	0.0715804
128276	365	0.071580395
128276	875	0.071580395
128325	581	0.06456573
128325	2552	0.06456573
128325	4342	0.06456573
128325	6198	0.06456573
128325	719	0.064565726
128325	1349	0.064565726
128325	3556	0.064565726
128325	365	0.06456572
128325	875	0.06456572
128325	1173	0.06456572
128331	581	0.057827223
128331	4342	0.05782722
128331	6198	0.05782722
128331	2552	0.057827216
128331	719	0.057827212
128331	1349	0.057827212
128331	3556	0.057827212
128331	875	0.05782721
128331	3756	0.05782721
128331	365	0.057827204
128332	581	0.054775916
128332	4342	0.054775912
128332	6198	0.054775912
128332	2552	0.05477591
128332	719	0.054775905
128332	1349	0.054775905
128332	3556	0.054775905
128332	2787	0.0547759
128332	3605	0.0547759
128332	3422	0.054775897
128406	581	0.05874196
128406	6198	0.05874196
128406	2552	0.058741957
128406	4342	0.058741957
128406	719	0.058741953
128406	1349	0.05874195
128406	3556	0.05874195
128406	3605	0.05874195
128406	875	0.058741946
128406	2787	0.058741946
128434	581	0.07330758
128434	2552	0.073307574
128434	6198	0.073307574
128434	4342	0.07330757
128434	719	0.07330756
128434	1349	0.07330756
128434	2787	0.07330756
128434	3556	0.07330756
128434	3605	0.07330756
128434	365	0.07330755
128622	581	0.05103866
128622	6198	0.05103866
128622	2552	0.051038653
128622	4342	0.051038653
128622	719	0.05103865
128622	1349	0.05103865
128622	3556	0.05103865
128622	875	0.051038645
128622	2651	0.051038645
128622	2787	0.051038645
128693	2552	0.061051488
128693	4342	0.061051488
128693	6198	0.061051488
128693	581	0.061051484
128693	719	0.061051484
128693	875	0.06105148
128693	1349	0.06105148
128693	3556	0.06105148
128693	880	0.061051473
128693	2651	0.061051473
128696	2552	0.06711355
128696	6198	0.06711355
128696	4342	0.06711354
128696	719	0.06711353
128696	875	0.06711353
128696	1349	0.06711353
128696	2787	0.06711353
128696	3556	0.06711353
128696	3756	0.06711353
128696	880	0.067113526
128732	6198	0.06971923
128732	581	0.069719225
128732	2552	0.069719225
128732	4342	0.069719225
128732	719	0.06971922
128732	1349	0.06971922
128732	2787	0.06971922
128732	3556	0.06971922
128732	365	0.06971921
128732	875	0.06971921
128790	581	0.06289548
128790	719	0.06289547
128790	4342	0.06289547
128790	6198	0.06289547
128790	875	0.06289546
128790	1349	0.06289546
128790	2552	0.06289546
128790	2787	0.06289546
128790	3556	0.06289546
128790	3605	0.06289546
128915	581	0.05035335
128915	6198	0.05035335
128915	4342	0.050353345
128915	719	0.05035334
128915	2552	0.05035334
128915	3556	0.05035334
128915	1349	0.050353337
128915	875	0.050353333
128915	1958	0.050353333
128915	2651	0.050353333
128962	581	0.038764082
128962	4342	0.03876408
128962	6198	0.03876408
128962	2552	0.038764074
128962	719	0.03876407
128962	875	0.03876407
128962	1349	0.03876407
128962	3556	0.03876407
128962	365	0.038764067
128962	880	0.038764067
129008	581	0.050727032
129008	2552	0.050727032
129008	6198	0.050727032
129008	4342	0.05072703
129008	1349	0.050727025
129008	3556	0.050727025
129008	719	0.05072702
129008	875	0.050727017
129008	880	0.050727017
129008	2651	0.050727017
129084	581	0.06350083
129084	719	0.06350082
129084	2552	0.06350082
129084	4342	0.06350082
129084	6198	0.06350082
129084	1349	0.063500814
129084	3556	0.063500814
129084	3605	0.063500814
129084	365	0.06350081
129084	875	0.06350081
129338	581	0.051158153
129338	2552	0.051158153
129338	4342	0.051158153
129338	6198	0.051158153
129338	719	0.051158145
129338	1349	0.051158145
129338	3556	0.051158145
129338	2787	0.05115814
129338	4218	0.05115814
129338	365	0.051158138
129358	6198	0.075400576
129358	2552	0.07540057
129358	581	0.07540056
129358	719	0.07540056
129358	1349	0.07540056
129358	3556	0.07540056
129358	4342	0.07540056
129358	2651	0.07540055
129358	2787	0.07540055
129358	3605	0.07540055
129368	581	0.059567
129368	2552	0.059566997
129368	4342	0.059566997
129368	6198	0.059566997
129368	719	0.05956699
129368	1349	0.05956699
129368	3556	0.05956699
129368	2787	0.059566986
129368	3756	0.059566986
129368	365	0.059566982
129373	2552	0.050756894
129373	4342	0.050756894
129373	6198	0.050756894
129373	719	0.050756887
129373	875	0.050756887
129373	1349	0.050756887
129373	3556	0.050756887
129373	880	0.050756883
129373	3605	0.050756883
129373	3756	0.050756883
129389	2552	0.05607734
129389	581	0.056077335
129389	4342	0.056077335
129389	6198	0.056077335
129389	719	0.05607733
129389	875	0.056077324
129389	1349	0.056077324
129389	2787	0.056077324
129389	3556	0.056077324
129389	2651	0.05607732
129393	581	0.052913792
129393	2552	0.052913785
129393	4342	0.052913785
129393	6198	0.052913785
129393	719	0.05291378
129393	3556	0.05291378
129393	1349	0.052913778
129393	2787	0.052913778
129393	3605	0.052913778
129393	365	0.052913774
129399	581	0.057062265
129399	2552	0.05706226
129399	4342	0.05706226
129399	6198	0.05706226
129399	719	0.057062253
129399	1349	0.057062253
129399	3556	0.057062253
129399	3605	0.057062253
129399	875	0.05706225
129399	365	0.057062246
129465	6198	0.089327715
129465	581	0.08932771
129465	2552	0.08932771
129465	719	0.0893277
129465	1349	0.0893277
129465	4342	0.0893277
129465	875	0.08932769
129465	2787	0.08932769
129465	3556	0.08932769
129465	3605	0.08932769
129474	581	0.0577941
129474	2552	0.0577941
129474	4342	0.0577941
129474	6198	0.0577941
129474	719	0.057794094
129474	1349	0.057794094
129474	3556	0.057794094
129474	3605	0.05779409
129474	3756	0.05779409
129474	875	0.057794087
129489	581	0.097784065
129489	2552	0.09778406
129489	4342	0.09778406
129489	6198	0.09778406
129489	1349	0.09778404
129489	719	0.097784035
129489	875	0.097784035
129489	3556	0.097784035
129489	3605	0.097784035
129489	880	0.09778403
129494	581	0.04337906
129494	2552	0.043379057
129494	4342	0.043379057
129494	6198	0.043379057
129494	719	0.043379053
129494	875	0.043379053
129494	3556	0.043379053
129494	1349	0.04337905
129494	3756	0.04337905
129494	365	0.043379046
129503	581	0.05367262
129503	2552	0.05367262
129503	6198	0.053672615
129503	1349	0.05367261
129503	4342	0.05367261
129503	719	0.053672608
129503	3556	0.053672608
129503	875	0.053672604
129503	3605	0.053672604
129503	3756	0.053672604
129505	581	0.037478678
129505	2552	0.037478678
129505	4342	0.037478678
129505	6198	0.037478678
129505	719	0.037478674
129505	3556	0.037478674
129505	875	0.03747867
129505	1349	0.03747867
129505	3605	0.03747867
129505	3756	0.03747867
129690	581	0.04616201
129690	6198	0.046162006
129690	719	0.046162
129690	1349	0.046162
129690	2552	0.046162
129690	3556	0.046162
129690	3605	0.046162
129690	4342	0.046162
129690	2787	0.046161998
129690	365	0.046161994
129725	581	0.031353474
129725	4342	0.03135347
129725	6198	0.03135347
129725	719	0.031353466
129725	1349	0.031353466
129725	2552	0.031353466
129725	3556	0.031353466
129725	3756	0.031353466
129725	5214	0.031353466
129725	875	0.031353462
129851	581	0.055395342
129851	2552	0.05539534
129851	6198	0.05539534
129851	4342	0.055395335
129851	719	0.05539533
129851	1349	0.05539533
129851	3556	0.05539533
129851	875	0.055395328
129851	2787	0.055395328
129851	3605	0.055395328
129883	581	0.06384675
129883	2552	0.06384675
129883	4342	0.06384675
129883	6198	0.06384675
129883	3556	0.063846745
129883	719	0.06384674
129883	1349	0.06384674
129883	2651	0.06384674
129883	2787	0.06384674
129883	3422	0.06384674
130166	581	0.05140382
130166	1349	0.051403813
130166	2552	0.051403813
130166	4342	0.051403813
130166	6198	0.051403813
130166	719	0.05140381
130166	875	0.051403806
130166	2787	0.051403806
130166	3556	0.051403806
130166	3605	0.051403806
130168	581	0.06398472
130168	719	0.06398471
130168	1349	0.06398471
130168	2552	0.06398471
130168	3556	0.06398471
130168	4342	0.06398471
130168	6198	0.06398471
130168	3605	0.0639847
130168	4218	0.0639847
130168	365	0.06398469
130258	581	0.05413735
130258	6198	0.05413735
130258	1349	0.05413734
130258	2552	0.05413734
130258	3556	0.05413734
130258	4342	0.05413734
130258	3605	0.054137338
130258	719	0.054137334
130258	875	0.054137334
130258	2787	0.054137334
130438	581	0.07965783
130438	2552	0.07965782
130438	4342	0.07965782
130438	6198	0.07965782
130438	719	0.079657815
130438	1349	0.079657815
130438	3556	0.079657815
130438	875	0.07965781
130438	1958	0.07965781
130438	2787	0.07965781
130474	581	0.069548905
130474	2552	0.069548905
130474	4342	0.069548905
130474	6198	0.069548905
130474	719	0.0695489
130474	1349	0.0695489
130474	875	0.06954889
130474	2787	0.06954889
130474	3556	0.06954889
130474	3605	0.06954889
130482	581	0.06845688
130482	2552	0.06845688
130482	4342	0.06845688
130482	6198	0.06845688
130482	719	0.06845687
130482	1349	0.06845687
130482	3556	0.06845687
130482	3605	0.06845687
130482	875	0.068456866
130482	880	0.068456866
130502	581	0.044736646
130502	2552	0.044736646
130502	6198	0.044736646
130502	719	0.044736642
130502	1349	0.044736642
130502	3556	0.044736642
130502	4342	0.044736642
130502	875	0.04473664
130502	2787	0.04473664
130502	3605	0.04473664
130543	581	0.06520585
130543	6198	0.06520585
130543	2552	0.06520584
130543	3556	0.06520584
130543	4342	0.06520584
130543	719	0.065205835
130543	875	0.065205835
130543	1349	0.065205835
130543	365	0.06520583
130543	880	0.06520583
130570	581	0.05027986
130570	6198	0.05027986
130570	2552	0.050279856
130570	4342	0.050279856
130570	3556	0.050279852
130570	719	0.05027985
130570	875	0.05027985
130570	1349	0.05027985
130570	3756	0.05027985
130570	4218	0.05027985
130571	2552	0.094921485
130571	581	0.09492148
130571	6198	0.09492148
130571	719	0.09492147
130571	4342	0.09492147
130571	875	0.09492146
130571	1349	0.09492146
130571	2787	0.09492146
130571	3556	0.09492146
130571	3605	0.09492146
130581	581	0.061113883
130581	2552	0.06111388
130581	4342	0.06111388
130581	6198	0.06111388
130581	719	0.061113875
130581	1349	0.06111387
130581	3556	0.06111387
130581	3605	0.06111387
130581	2787	0.061113868
130581	875	0.061113864
130636	581	0.057402726
130636	6198	0.057402726
130636	1349	0.057402723
130636	2552	0.057402723
130636	4342	0.057402723
130636	3556	0.05740272
130636	719	0.057402715
130636	2787	0.057402715
130636	3605	0.057402715
130636	875	0.05740271
130658	581	0.0813732
130658	6198	0.08137319
130658	719	0.081373185
130658	1349	0.081373185
130658	2552	0.081373185
130658	3556	0.081373185
130658	3605	0.081373185
130658	4342	0.081373185
130658	365	0.08137317
130658	875	0.08137317
130705	581	0.08006428
130705	719	0.08006427
130705	2552	0.08006427
130705	4342	0.08006427
130705	6198	0.08006427
130705	1349	0.08006426
130705	3556	0.08006426
130705	365	0.08006425
130705	875	0.08006425
130705	880	0.08006425
130784	581	0.049751833
130784	4342	0.049751833
130784	6198	0.049751833
130784	2552	0.04975183
130784	719	0.049751826
130784	1349	0.049751826
130784	3556	0.049751826
130784	3605	0.049751822
130784	365	0.04975182
130784	875	0.04975182
130792	581	0.046896204
130792	2552	0.046896197
130792	4342	0.046896197
130792	6198	0.046896197
130792	719	0.046896193
130792	1349	0.04689619
130792	3556	0.04689619
130792	3605	0.04689619
130792	3756	0.04689619
130792	880	0.046896186
130837	581	0.059683472
130837	6198	0.05968347
130837	2552	0.059683464
130837	4342	0.059683464
130837	3556	0.05968346
130837	719	0.059683457
130837	875	0.059683457
130837	1349	0.059683457
130837	3605	0.059683457
130837	3756	0.059683457
130847	581	0.05845074
130847	2552	0.05845074
130847	6198	0.058450736
130847	719	0.058450732
130847	4342	0.058450732
130847	1349	0.05845073
130847	3605	0.05845073
130847	365	0.05845072
130847	875	0.05845072
130847	880	0.05845072
130866	581	0.06634651
130866	2552	0.06634651
130866	4342	0.06634651
130866	6198	0.06634651
130866	3605	0.066346504
130866	365	0.0663465
130866	719	0.0663465
130866	875	0.0663465
130866	880	0.0663465
130866	1349	0.0663465
130950	6198	0.05560399
130950	581	0.05560398
130950	719	0.05560398
130950	2552	0.05560398
130950	3556	0.05560398
130950	4342	0.05560398
130950	875	0.055603974
130950	1349	0.055603974
130950	2787	0.055603974
130950	3605	0.055603974
130961	581	0.06568953
130961	719	0.06568952
130961	2552	0.06568952
130961	4342	0.06568952
130961	6198	0.06568952
130961	3556	0.06568951
130961	365	0.065689504
130961	875	0.065689504
130961	1211	0.065689504
130961	1349	0.065689504
130978	4342	0.06310584
130978	6198	0.06310584
130978	581	0.06310583
130978	2552	0.06310583
130978	719	0.06310582
130978	1349	0.06310582
130978	2787	0.06310582
130978	3556	0.06310582
130978	3605	0.06310582
130978	3663	0.06310582
131027	581	0.07766459
131027	719	0.077664584
131027	1349	0.077664584
131027	2552	0.077664584
131027	3556	0.077664584
131027	4342	0.077664584
131027	6198	0.077664584
131027	365	0.07766457
131027	875	0.07766457
131027	880	0.07766457
131032	581	0.07617629
131032	2552	0.07617629
131032	1349	0.076176286
131032	3556	0.076176286
131032	4342	0.076176286
131032	6198	0.076176286
131032	719	0.07617628
131032	875	0.07617628
131032	365	0.07617627
131032	880	0.07617627
131046	6198	0.06674324
131046	581	0.06674323
131046	1349	0.06674323
131046	2552	0.06674323
131046	4342	0.06674323
131046	719	0.066743225
131046	875	0.066743225
131046	3556	0.066743225
131046	3605	0.066743225
131046	1958	0.06674322
131099	581	0.0599208
131099	2552	0.059920795
131099	6198	0.059920795
131099	4342	0.05992079
131099	719	0.059920788
131099	1349	0.059920788
131099	3556	0.059920788
131099	875	0.059920784
131099	3605	0.059920784
131099	3756	0.059920784
131126	6198	0.050108474
131126	581	0.05010847
131126	2552	0.05010847
131126	4342	0.05010847
131126	3556	0.050108466
131126	719	0.050108463
131126	1349	0.050108463
131126	3605	0.050108463
131126	875	0.05010846
131126	365	0.050108455
131154	581	0.07163886
131154	719	0.07163885
131154	1349	0.07163885
131154	2552	0.07163885
131154	3556	0.07163885
131154	4342	0.07163885
131154	6198	0.07163885
131154	875	0.07163884
131154	880	0.07163884
131154	1211	0.07163884
131182	581	0.045232933
131182	4342	0.045232926
131182	6198	0.045232926
131182	719	0.04523292
131182	1349	0.04523292
131182	2552	0.04523292
131182	3556	0.04523292
131182	875	0.045232918
131182	3605	0.045232918
131182	3756	0.045232918
131202	581	0.061984386
131202	4342	0.061984383
131202	6198	0.061984383
131202	2552	0.06198438
131202	1349	0.061984375
131202	3556	0.061984375
131202	3605	0.061984375
131202	719	0.061984368
131202	2787	0.061984368
131202	3756	0.061984368
131238	581	0.068248466
131238	2552	0.068248466
131238	4342	0.068248466
131238	6198	0.068248466
131238	719	0.06824845
131238	875	0.06824845
131238	1349	0.06824845
131238	2787	0.06824845
131238	3556	0.06824845
131238	3605	0.06824845
131317	581	0.05506631
131317	2552	0.05506631
131317	4342	0.055066306
131317	6198	0.055066306
131317	719	0.055066302
131317	1349	0.055066302
131317	3556	0.055066302
131317	3605	0.0550663
131317	365	0.055066295
131317	875	0.055066295
131363	581	0.059443325
131363	2552	0.059443325
131363	4342	0.059443325
131363	6198	0.059443325
131363	719	0.05944332
131363	875	0.059443317
131363	1349	0.059443317
131363	3556	0.059443317
131363	880	0.05944331
131363	1173	0.05944331
131402	581	0.06492941
131402	2552	0.06492941
131402	4342	0.0649294
131402	6198	0.0649294
131402	719	0.064929396
131402	880	0.064929396
131402	1349	0.064929396
131402	3556	0.064929396
131402	3605	0.064929396
131402	3756	0.064929396
131437	581	0.05287487
131437	2552	0.05287487
131437	4342	0.05287487
131437	6198	0.05287487
131437	719	0.052874863
131437	1349	0.052874863
131437	3556	0.052874863
131437	3605	0.052874863
131437	2651	0.05287486
131437	875	0.052874856
131510	581	0.06912523
131510	2552	0.06912523
131510	6198	0.06912523
131510	719	0.06912522
131510	1349	0.06912522
131510	3556	0.06912522
131510	3605	0.06912522
131510	4342	0.06912522
131510	875	0.06912521
131510	880	0.06912521
131594	581	0.046612725
131594	2552	0.046612725
131594	4342	0.046612725
131594	6198	0.046612725
131594	1349	0.04661272
131594	3556	0.04661272
131594	719	0.046612717
131594	2787	0.046612717
131594	3605	0.046612717
131594	3756	0.046612717
131597	581	0.06635773
131597	2552	0.06635773
131597	6198	0.06635773
131597	1349	0.066357724
131597	4342	0.066357724
131597	719	0.06635772
131597	875	0.06635772
131597	880	0.06635772
131597	1958	0.06635772
131597	2651	0.06635772
131617	581	0.08525309
131617	2552	0.08525309
131617	6198	0.08525309
131617	719	0.08525308
131617	1349	0.08525308
131617	3556	0.08525308
131617	3605	0.08525308
131617	4342	0.08525308
131617	875	0.085253075
131617	2787	0.085253075
131622	581	0.0543871
131622	2552	0.0543871
131622	4342	0.0543871
131622	6198	0.0543871
131622	719	0.054387093
131622	1349	0.054387093
131622	3556	0.054387093
131622	3605	0.05438709
131622	3756	0.05438709
131622	365	0.054387085
131655	581	0.056487247
131655	6198	0.056487247
131655	2552	0.056487244
131655	719	0.05648724
131655	1349	0.05648724
131655	3556	0.05648724
131655	4342	0.05648724
131655	875	0.056487236
131655	5214	0.056487236
131655	365	0.056487232
131657	581	0.05806195
131657	719	0.05806195
131657	2552	0.05806195
131657	4342	0.05806195
131657	6198	0.05806195
131657	875	0.058061942
131657	1349	0.058061942
131657	3556	0.058061942
131657	2651	0.05806194
131657	880	0.058061935
131686	6198	0.052822728
131686	1349	0.052822724
131686	2552	0.052822724
131686	4342	0.052822724
131686	719	0.05282272
131686	3556	0.05282272
131686	875	0.052822717
131686	3605	0.052822717
131686	3756	0.052822717
131686	2787	0.052822713
131837	581	0.057005025
131837	2552	0.05700502
131837	6198	0.05700502
131837	4342	0.057005018
131837	719	0.057005014
131837	1349	0.05700501
131837	3556	0.05700501
131837	3605	0.05700501
131837	3756	0.05700501
131837	875	0.057005007
131855	581	0.058703378
131855	2552	0.058703374
131855	6198	0.058703374
131855	3556	0.05870337
131855	4342	0.05870337
131855	719	0.058703367
131855	1349	0.058703367
131855	875	0.058703363
131855	3605	0.058703363
131855	3756	0.058703363
131974	581	0.06081823
131974	6198	0.060818225
131974	2552	0.06081822
131974	4342	0.06081822
131974	719	0.060818218
131974	1349	0.060818218
131974	3556	0.060818214
131974	3605	0.060818214
131974	875	0.06081821
131974	2787	0.06081821
132007	581	0.059614565
132007	6198	0.059614565
132007	2552	0.05961456
132007	4342	0.05961456
132007	1349	0.059614558
132007	3556	0.059614558
132007	719	0.059614554
132007	3605	0.059614554
132007	2787	0.05961455
132007	3756	0.05961455
132083	581	0.08380151
132083	4342	0.0838015
132083	6198	0.0838015
132083	2552	0.08380149
132083	719	0.083801486
132083	1349	0.083801486
132083	3605	0.083801486
132083	875	0.08380148
132083	880	0.08380148
132083	2651	0.08380148
132171	581	0.05772106
132171	4342	0.057721056
132171	6198	0.057721056
132171	2552	0.057721052
132171	1349	0.05772105
132171	3556	0.05772105
132171	719	0.057721045
132171	875	0.05772104
132171	880	0.05772104
132171	2651	0.05772104
132173	581	0.055607606
132173	6198	0.055607606
132173	2552	0.055607602
132173	4342	0.055607602
132173	719	0.0556076
132173	3556	0.0556076
132173	875	0.055607595
132173	1349	0.055607595
132173	2787	0.055607595
132173	3605	0.055607595
132188	581	0.065277666
132188	2552	0.06527766
132188	4342	0.06527766
132188	6198	0.06527766
132188	719	0.06527765
132188	875	0.06527765
132188	1349	0.06527765
132188	3556	0.06527765
132188	3605	0.06527765
132188	2651	0.06527764
132199	581	0.061695613
132199	2552	0.061695613
132199	4342	0.061695613
132199	6198	0.061695613
132199	719	0.061695606
132199	3605	0.061695606
132199	1349	0.0616956
132199	3556	0.0616956
132199	875	0.061695598
132199	880	0.061695598
132203	581	0.053007245
132203	6198	0.053007245
132203	2552	0.053007238
132203	3556	0.053007238
132203	4342	0.053007238
132203	719	0.053007234
132203	1349	0.053007234
132203	875	0.05300723
132203	880	0.05300723
132203	2787	0.05300723
132282	581	0.048736654
132282	4342	0.048736654
132282	6198	0.048736654
132282	2552	0.04873665
132282	719	0.048736647
132282	1349	0.048736647
132282	3556	0.048736647
132282	875	0.048736643
132282	3605	0.048736643
132282	3756	0.048736643
132290	581	0.054010324
132290	2552	0.054010324
132290	4342	0.05401032
132290	6198	0.05401032
132290	719	0.054010317
132290	3556	0.054010317
132290	875	0.054010313
132290	1349	0.054010313
132290	365	0.05401031
132290	880	0.05401031
132375	581	0.070544414
132375	6198	0.070544414
132375	719	0.07054441
132375	2552	0.07054441
132375	4342	0.07054441
132375	1349	0.0705444
132375	3556	0.0705444
132375	3605	0.0705444
132375	875	0.07054439
132375	880	0.07054439
132382	581	0.06295692
132382	2552	0.062956914
132382	4342	0.062956914
132382	6198	0.062956914
132382	719	0.06295691
132382	875	0.06295691
132382	1349	0.06295691
132382	2651	0.06295691
132382	3556	0.06295691
132382	3756	0.06295691
132392	581	0.05154589
132392	6198	0.051545884
132392	2552	0.05154588
132392	4342	0.05154588
132392	719	0.051545877
132392	1349	0.051545877
132392	875	0.051545873
132392	880	0.051545873
132392	2787	0.051545873
132392	3556	0.051545873
132572	581	0.066535175
132572	4342	0.06653517
132572	6198	0.06653517
132572	719	0.06653516
132572	1349	0.06653516
132572	2552	0.06653516
132572	3556	0.06653516
132572	875	0.06653515
132572	2651	0.06653515
132572	2787	0.06653515
132616	581	0.054158736
132616	2552	0.054158732
132616	6198	0.054158732
132616	3556	0.05415873
132616	4342	0.05415873
132616	719	0.054158725
132616	1349	0.054158725
132616	3605	0.054158725
132616	3756	0.05415872
132616	365	0.054158717
132624	6198	0.058157578
132624	581	0.058157574
132624	2552	0.058157574
132624	4342	0.058157574
132624	719	0.05815757
132624	1349	0.05815757
132624	875	0.058157567
132624	3556	0.058157567
132624	3605	0.058157563
132624	3756	0.058157563
132663	581	0.05126858
132663	2552	0.051268578
132663	4342	0.051268578
132663	6198	0.051268578
132663	1349	0.051268574
132663	719	0.05126857
132663	3556	0.05126857
132663	3605	0.05126857
132663	2651	0.051268566
132663	2787	0.051268566
132684	581	0.05871754
132684	6198	0.05871754
132684	2552	0.058717538
132684	4342	0.058717538
132684	719	0.058717534
132684	1349	0.058717534
132684	3556	0.058717534
132684	3605	0.05871753
132684	875	0.058717526
132684	880	0.058717526
132716	6198	0.06538822
132716	581	0.06538821
132716	2552	0.06538821
132716	4342	0.06538821
132716	719	0.0653882
132716	1349	0.0653882
132716	3556	0.0653882
132716	3605	0.0653882
132716	875	0.065388195
132716	880	0.065388195
132786	581	0.046904407
132786	2552	0.046904407
132786	4342	0.046904407
132786	6198	0.046904407
132786	719	0.0469044
132786	1349	0.0469044
132786	3556	0.0469044
132786	3605	0.0469044
132786	880	0.046904396
132786	3756	0.046904396
132836	581	0.054997005
132836	6198	0.054997005
132836	2552	0.054997
132836	4342	0.054997
132836	719	0.054996997
132836	1349	0.054996997
132836	3556	0.054996997
132836	3756	0.054996993
132836	365	0.05499699
132836	875	0.05499699
132851	581	0.07061565
132851	2552	0.07061565
132851	719	0.07061564
132851	4342	0.07061564
132851	6198	0.07061564
132851	875	0.070615634
132851	1349	0.070615634
132851	3556	0.070615634
132851	3605	0.070615634
132851	3756	0.070615634
132901	6198	0.05468597
132901	581	0.054685965
132901	2552	0.054685965
132901	4342	0.054685965
132901	719	0.054685958
132901	1349	0.054685958
132901	2787	0.054685958
132901	3556	0.054685958
132901	3605	0.054685958
132901	1958	0.05468595
132909	581	0.06317727
132909	4342	0.063177265
132909	6198	0.063177265
132909	719	0.06317726
132909	1349	0.06317726
132909	2552	0.06317726
132909	3556	0.06317726
132909	3605	0.06317726
132909	3756	0.06317726
132909	875	0.06317725
132930	581	0.076585755
132930	2552	0.076585755
132930	4342	0.076585755
132930	6198	0.07658575
132930	719	0.07658574
132930	875	0.07658574
132930	1349	0.07658574
132930	2787	0.07658574
132930	3556	0.07658574
132930	3605	0.07658574
132981	581	0.057207175
132981	4342	0.05720717
132981	6198	0.05720717
132981	1349	0.057207167
132981	2552	0.057207167
132981	3556	0.057207167
132981	719	0.05720716
132981	875	0.05720716
132981	2787	0.05720716
132981	3605	0.05720716
133041	581	0.055289496
133041	2552	0.055289492
133041	4342	0.055289492
133041	6198	0.055289492
133041	719	0.055289485
133041	1349	0.055289485
133041	3556	0.055289485
133041	3605	0.055289485
133041	3756	0.05528948
133041	365	0.055289477
133166	6198	0.060992345
133166	2552	0.06099234
133166	581	0.060992338
133166	4342	0.060992338
133166	719	0.060992334
133166	1349	0.060992334
133166	3556	0.060992334
133166	2787	0.06099233
133166	3605	0.06099233
133166	875	0.060992327
133192	581	0.0621069
133192	2552	0.0621069
133192	6198	0.062106896
133192	1349	0.062106892
133192	3556	0.062106892
133192	4342	0.062106892
133192	719	0.06210689
133192	875	0.062106885
133192	2787	0.062106885
133192	3605	0.062106885
133225	581	0.06773467
133225	719	0.06773467
133225	2552	0.06773467
133225	4342	0.06773467
133225	6198	0.06773467
133225	1349	0.067734666
133225	3556	0.067734666
133225	365	0.06773466
133225	875	0.06773466
133225	880	0.06773466
133258	581	0.05693615
133258	6198	0.05693615
133258	2552	0.056936145
133258	4342	0.056936145
133258	3556	0.05693614
133258	719	0.056936137
133258	1349	0.056936137
133258	3605	0.056936137
133258	875	0.056936134
133258	3756	0.056936134
133284	581	0.06270853
133284	2552	0.06270852
133284	4342	0.06270852
133284	6198	0.06270852
133284	719	0.06270851
133284	1349	0.06270851
133284	3556	0.06270851
133284	3605	0.06270851
133284	3756	0.06270851
133284	2651	0.062708504
133296	581	0.05874384
133296	2552	0.058743834
133296	4342	0.058743834
133296	6198	0.058743834
133296	719	0.058743827
133296	1349	0.058743827
133296	3605	0.058743827
133296	3556	0.058743823
133296	365	0.05874382
133296	880	0.05874382
133416	581	0.07215845
133416	6198	0.07215845
133416	1349	0.07215844
133416	2552	0.07215844
133416	4342	0.07215844
133416	719	0.07215843
133416	3556	0.07215843
133416	3605	0.07215843
133416	875	0.072158426
133416	1958	0.072158426
133418	581	0.05945588
133418	2552	0.05945588
133418	4342	0.05945588
133418	6198	0.05945588
133418	719	0.05945587
133418	1349	0.05945587
133418	3556	0.05945587
133418	3605	0.05945587
133418	3756	0.059455868
133418	875	0.059455864
133557	581	0.04975173
133557	2552	0.04975173
133557	4342	0.04975173
133557	6198	0.04975173
133557	719	0.04975172
133557	1349	0.04975172
133557	3556	0.04975172
133557	3605	0.04975172
133557	365	0.049751714
133557	875	0.049751714
133571	581	0.07558797
133571	2552	0.07558797
133571	6198	0.07558797
133571	4342	0.075587966
133571	719	0.07558796
133571	1349	0.07558796
133571	3556	0.07558796
133571	3756	0.07558796
133571	2651	0.07558795
133571	2787	0.07558795
133682	581	0.054925412
133682	4342	0.054925412
133682	6198	0.054925412
133682	2552	0.05492541
133682	719	0.054925404
133682	3556	0.054925404
133682	875	0.0549254
133682	1349	0.0549254
133682	3605	0.0549254
133682	1211	0.054925397
133689	581	0.066465184
133689	2552	0.066465184
133689	4342	0.066465184
133689	6198	0.066465184
133689	719	0.06646518
133689	365	0.06646517
133689	875	0.06646517
133689	880	0.06646517
133689	1349	0.06646517
133689	2651	0.06646517
133706	581	0.05901122
133706	2552	0.059011217
133706	6198	0.059011217
133706	4342	0.059011213
133706	1349	0.05901121
133706	719	0.059011206
133706	2651	0.059011206
133706	3556	0.059011206
133706	3605	0.059011206
133706	3756	0.059011206
133738	581	0.04578891
133738	4342	0.045788907
133738	6198	0.045788907
133738	1349	0.045788903
133738	2552	0.045788903
133738	719	0.0457889
133738	3556	0.0457889
133738	875	0.045788895
133738	2787	0.045788895
133738	3605	0.045788895
133747	581	0.07266238
133747	719	0.07266237
133747	1349	0.07266237
133747	2552	0.07266237
133747	3556	0.07266237
133747	4342	0.07266237
133747	6198	0.07266237
133747	3605	0.07266236
133747	3756	0.07266236
133747	4218	0.07266236
133846	581	0.08007857
133846	6198	0.080078565
133846	2552	0.08007856
133846	3556	0.08007856
133846	4342	0.08007856
133846	719	0.08007855
133846	1349	0.08007855
133846	3605	0.08007855
133846	875	0.08007854
133846	880	0.08007854
133905	581	0.06116192
133905	4342	0.06116192
133905	6198	0.06116192
133905	2552	0.061161917
133905	719	0.06116191
133905	1349	0.06116191
133905	3556	0.06116191
133905	875	0.061161906
133905	2787	0.061161906
133905	3605	0.061161906
133935	581	0.06380612
133935	1349	0.06380612
133935	2552	0.06380612
133935	4342	0.06380612
133935	6198	0.06380612
133935	719	0.06380611
133935	875	0.06380611
133935	3556	0.06380611
133935	365	0.0638061
133935	1173	0.0638061
133957	581	0.056538805
133957	2552	0.056538798
133957	4342	0.056538798
133957	6198	0.056538798
133957	1349	0.056538794
133957	719	0.05653879
133957	875	0.05653879
133957	3556	0.05653879
133957	3605	0.05653879
133957	3756	0.05653879
134005	581	0.063957736
134005	2552	0.063957736
134005	6198	0.063957736
134005	3556	0.06395773
134005	4342	0.06395773
134005	719	0.06395772
134005	1349	0.06395772
134005	3605	0.06395772
134005	4218	0.06395772
134005	365	0.06395771
134029	6198	0.066559725
134029	581	0.06655972
134029	1349	0.06655972
134029	2552	0.06655972
134029	4342	0.06655972
134029	719	0.06655971
134029	3556	0.06655971
134029	875	0.0665597
134029	880	0.0665597
134029	1958	0.0665597
134118	581	0.05025817
134118	6198	0.05025817
134118	2552	0.050258167
134118	4342	0.050258167
134118	719	0.050258163
134118	875	0.05025816
134118	1349	0.05025816
134118	2787	0.05025816
134118	3556	0.05025816
134118	3605	0.05025816
134120	581	0.062348213
134120	2552	0.06234821
134120	4342	0.06234821
134120	6198	0.06234821
134120	719	0.062348202
134120	1349	0.062348202
134120	3556	0.062348202
134120	3605	0.062348202
134120	875	0.062348194
134120	1958	0.062348194
134225	581	0.042763516
134225	6198	0.042763513
134225	719	0.04276351
134225	1349	0.04276351
134225	2552	0.04276351
134225	4342	0.04276351
134225	3556	0.042763505
134225	365	0.0427635
134225	875	0.0427635
134225	1211	0.0427635
134247	581	0.046698876
134247	6198	0.046698876
134247	4342	0.046698872
134247	719	0.04669887
134247	1349	0.04669887
134247	2552	0.04669887
134247	3556	0.046698865
134247	875	0.04669886
134247	1173	0.04669886
134247	1958	0.04669886
134264	581	0.050528497
134264	2552	0.050528497
134264	4342	0.050528493
134264	6198	0.050528493
134264	719	0.05052849
134264	1349	0.05052849
134264	3556	0.050528485
134264	875	0.05052848
134264	2651	0.05052848
134264	2787	0.05052848
134311	6198	0.049257968
134311	581	0.049257964
134311	2552	0.049257964
134311	4342	0.049257964
134311	719	0.04925796
134311	875	0.049257956
134311	1349	0.049257956
134311	2787	0.049257956
134311	3556	0.049257956
134311	3605	0.049257956
134347	581	0.05477351
134347	6198	0.05477351
134347	2552	0.054773506
134347	4342	0.054773506
134347	719	0.054773502
134347	1349	0.054773502
134347	3556	0.054773502
134347	3605	0.0547735
134347	365	0.054773495
134347	875	0.054773495
134403	581	0.0640997
134403	4342	0.0640997
134403	2552	0.06409969
134403	6198	0.06409969
134403	719	0.064099684
134403	875	0.064099684
134403	3556	0.064099684
134403	3605	0.064099684
134403	3756	0.064099684
134403	1349	0.06409968
134434	581	0.052624166
134434	6198	0.052624162
134434	2552	0.05262416
134434	4342	0.05262416
134434	3556	0.052624155
134434	719	0.05262415
134434	1349	0.05262415
134434	3605	0.05262415
134434	3756	0.05262415
134434	5147	0.05262415
134483	581	0.07042731
134483	2552	0.07042731
134483	4342	0.07042731
134483	6198	0.07042731
134483	1349	0.070427306
134483	3556	0.070427306
134483	719	0.0704273
134483	875	0.0704273
134483	1958	0.0704273
134483	2787	0.0704273
134508	581	0.07704134
134508	4342	0.07704134
134508	6198	0.07704134
134508	2552	0.077041335
134508	719	0.07704133
134508	875	0.07704133
134508	1349	0.07704133
134508	3556	0.07704133
134508	3605	0.07704133
134508	2787	0.07704132
134556	581	0.051959004
134556	4342	0.051959004
134556	2552	0.051959
134556	6198	0.051959
134556	1349	0.051958997
134556	719	0.051958993
134556	2787	0.051958993
134556	3556	0.051958993
134556	3605	0.051958993
134556	3756	0.051958993
134630	581	0.07118367
134630	2552	0.07118367
134630	4342	0.07118367
134630	6198	0.07118367
134630	719	0.07118366
134630	1349	0.07118366
134630	3556	0.07118366
134630	875	0.07118365
134630	1173	0.07118365
134630	1958	0.07118365
134684	581	0.06828585
134684	6198	0.06828585
134684	2552	0.068285845
134684	719	0.06828584
134684	1349	0.06828584
134684	3556	0.06828584
134684	3605	0.06828584
134684	4218	0.06828584
134684	4342	0.06828584
134684	875	0.06828583
134694	581	0.05590609
134694	6198	0.05590609
134694	2552	0.055906087
134694	4342	0.055906087
134694	719	0.055906083
134694	1349	0.055906083
134694	3556	0.055906083
134694	2787	0.05590608
134694	3605	0.05590608
134694	875	0.055906076
134761	581	0.052679554
134761	6198	0.052679554
134761	719	0.052679546
134761	2552	0.052679546
134761	3556	0.052679546
134761	4342	0.052679546
134761	1349	0.052679542
134761	875	0.05267954
134761	1958	0.05267954
134761	2651	0.05267954
134784	581	0.05518117
134784	2552	0.055181168
134784	4342	0.055181168
134784	6198	0.055181168
134784	719	0.05518116
134784	1349	0.05518116
134784	3556	0.05518116
134784	875	0.055181153
134784	2651	0.055181153
134784	3422	0.055181153
134797	581	0.067121536
134797	2552	0.067121536
134797	4342	0.067121536
134797	6198	0.067121536
134797	719	0.06712153
134797	1349	0.06712153
134797	3605	0.06712153
134797	875	0.06712152
134797	880	0.06712152
134797	1958	0.06712152
134837	581	0.05996921
134837	2552	0.05996921
134837	6198	0.05996921
134837	4342	0.059969205
134837	719	0.0599692
134837	1349	0.0599692
134837	3556	0.059969198
134837	3605	0.059969198
134837	3756	0.059969198
134837	875	0.059969194
134863	581	0.04276059
134863	2552	0.04276059
134863	4342	0.04276059
134863	6198	0.04276059
134863	719	0.04276058
134863	1349	0.04276058
134863	3556	0.04276058
134863	3605	0.04276058
134863	3756	0.04276058
134863	875	0.042760577
134900	581	0.045809075
134900	4342	0.045809075
134900	2552	0.04580907
134900	6198	0.04580907
134900	719	0.045809068
134900	1349	0.045809068
134900	3556	0.045809068
134900	3605	0.045809064
134900	365	0.04580906
134900	875	0.04580906
135043	581	0.072059266
135043	6198	0.072059266
135043	2552	0.07205926
135043	4342	0.07205926
135043	719	0.07205925
135043	1349	0.07205925
135043	3556	0.07205925
135043	3605	0.07205925
135043	875	0.072059244
135043	880	0.072059244
135045	4342	0.0585004
135045	6198	0.058500398
135045	1349	0.058500394
135045	2552	0.058500394
135045	3556	0.058500394
135045	719	0.05850039
135045	875	0.058500387
135045	2787	0.058500387
135045	3605	0.058500387
135045	3756	0.058500387
135141	581	0.067352906
135141	6198	0.067352906
135141	2552	0.0673529
135141	4342	0.0673529
135141	719	0.06735289
135141	875	0.06735289
135141	1349	0.06735289
135141	1958	0.06735289
135141	3556	0.06735289
135141	3605	0.06735289
135329	581	0.059903964
135329	6198	0.059903964
135329	2552	0.05990396
135329	4342	0.05990396
135329	719	0.059903957
135329	3556	0.059903957
135329	1349	0.059903953
135329	875	0.05990395
135329	2651	0.05990395
135329	2787	0.05990395
135351	581	0.09558277
135351	6198	0.09558276
135351	2552	0.09558275
135351	4342	0.09558275
135351	719	0.095582746
135351	1349	0.095582746
135351	2787	0.09558274
135351	3556	0.09558274
135351	3605	0.09558274
135351	875	0.09558273
135360	581	0.07829577
135360	2552	0.07829577
135360	4342	0.07829576
135360	6198	0.07829576
135360	719	0.07829575
135360	875	0.07829575
135360	1349	0.07829575
135360	2787	0.07829575
135360	3605	0.07829575
135360	3663	0.078295745
135367	581	0.06320356
135367	2552	0.06320356
135367	4342	0.06320356
135367	6198	0.06320356
135367	365	0.06320354
135367	719	0.06320354
135367	875	0.06320354
135367	880	0.06320354
135367	1349	0.06320354
135367	2651	0.06320354
135376	581	0.07158734
135376	2552	0.07158734
135376	4342	0.07158734
135376	6198	0.07158734
135376	719	0.07158733
135376	1349	0.07158733
135376	3556	0.07158733
135376	875	0.071587324
135376	880	0.071587324
135376	2651	0.071587324
135398	581	0.056489773
135398	2552	0.056489766
135398	4342	0.056489766
135398	6198	0.056489766
135398	719	0.05648976
135398	1349	0.05648976
135398	3556	0.05648976
135398	3605	0.05648976
135398	875	0.056489754
135398	365	0.05648975
135411	581	0.0629514
135411	2552	0.0629514
135411	4342	0.0629514
135411	6198	0.0629514
135411	719	0.06295139
135411	1349	0.06295139
135411	3556	0.06295139
135411	875	0.062951386
135411	880	0.062951386
135411	1173	0.062951386
135458	581	0.083131514
135458	2552	0.083131514
135458	6198	0.083131514
135458	719	0.08313151
135458	1349	0.08313151
135458	3556	0.08313151
135458	4342	0.08313151
135458	365	0.08313149
135458	875	0.08313149
135458	2651	0.08313149
135460	581	0.06838301
135460	6198	0.06838301
135460	2552	0.068383
135460	719	0.06838299
135460	1349	0.06838299
135460	3556	0.06838299
135460	3605	0.06838299
135460	4342	0.06838299
135460	875	0.068382986
135460	1958	0.068382986
135609	581	0.07554409
135609	2552	0.07554408
135609	4342	0.07554408
135609	6198	0.07554408
135609	719	0.075544074
135609	1349	0.075544074
135609	3556	0.075544074
135609	3605	0.07554407
135609	4218	0.07554407
135609	365	0.07554406
135653	581	0.07383501
135653	2552	0.073835
135653	6198	0.073835
135653	3605	0.07383499
135653	4342	0.07383499
135653	719	0.073834985
135653	875	0.073834985
135653	880	0.073834985
135653	1349	0.073834985
135653	2787	0.073834985
135665	6198	0.06351778
135665	581	0.06351777
135665	2552	0.06351777
135665	4342	0.06351777
135665	719	0.063517764
135665	875	0.063517764
135665	1349	0.063517764
135665	3556	0.063517764
135665	2787	0.06351776
135665	3578	0.06351776
135673	581	0.07358775
135673	2552	0.073587745
135673	3556	0.073587745
135673	4342	0.073587745
135673	6198	0.073587745
135673	719	0.07358774
135673	1349	0.07358774
135673	3605	0.07358774
135673	365	0.07358773
135673	875	0.07358773
135681	581	0.054330233
135681	2552	0.05433023
135681	4342	0.05433023
135681	6198	0.05433023
135681	719	0.054330222
135681	875	0.054330222
135681	1349	0.054330222
135681	3556	0.054330222
135681	3605	0.05433022
135681	3756	0.05433022
135703	581	0.06704447
135703	2552	0.06704447
135703	4342	0.06704447
135703	6198	0.06704447
135703	719	0.06704445
135703	875	0.06704445
135703	1349	0.06704445
135703	2787	0.06704445
135703	3556	0.06704445
135703	3605	0.06704445
135736	581	0.06803305
135736	4342	0.06803305
135736	6198	0.06803305
135736	719	0.06803304
135736	1349	0.06803304
135736	2552	0.06803304
135736	3605	0.06803304
135736	875	0.06803303
135736	2651	0.06803303
135736	2787	0.06803303
135753	581	0.061068214
135753	6198	0.061068214
135753	2552	0.06106821
135753	4342	0.06106821
135753	1349	0.061068207
135753	3556	0.061068207
135753	719	0.061068203
135753	875	0.0610682
135753	2787	0.0610682
135753	3605	0.0610682
135768	581	0.04330878
135768	2552	0.04330878
135768	6198	0.04330878
135768	719	0.043308772
135768	3556	0.043308772
135768	4342	0.043308772
135768	875	0.04330877
135768	1349	0.04330877
135768	3605	0.04330877
135768	365	0.043308765
135776	581	0.06868564
135776	6198	0.06868564
135776	719	0.068685636
135776	2552	0.068685636
135776	4342	0.068685636
135776	1349	0.06868563
135776	3556	0.06868563
135776	3605	0.06868563
135776	365	0.06868562
135776	875	0.06868562
135799	6198	0.04903632
135799	581	0.049036317
135799	2552	0.049036317
135799	4342	0.049036317
135799	1349	0.049036313
135799	719	0.04903631
135799	2787	0.04903631
135799	3556	0.04903631
135799	3605	0.04903631
135799	1958	0.049036305
135831	581	0.053507436
135831	4342	0.05350743
135831	719	0.053507425
135831	2552	0.053507425
135831	3556	0.053507425
135831	6198	0.053507425
135831	1349	0.05350742
135831	875	0.053507417
135831	3605	0.053507417
135831	3756	0.053507417
135869	581	0.062315777
135869	4342	0.062315777
135869	6198	0.062315777
135869	2552	0.062315773
135869	719	0.06231577
135869	1349	0.06231577
135869	3556	0.062315766
135869	3605	0.062315766
135869	875	0.062315762
135869	2787	0.062315762
135873	581	0.05638116
135873	6198	0.056381155
135873	2552	0.05638115
135873	4342	0.05638115
135873	3556	0.056381147
135873	719	0.056381144
135873	875	0.056381144
135873	1349	0.056381144
135873	3605	0.056381144
135873	2787	0.05638114
135895	581	0.054729305
135895	6198	0.054729305
135895	2552	0.054729298
135895	4342	0.054729298
135895	719	0.054729294
135895	3556	0.054729294
135895	875	0.05472929
135895	1349	0.05472929
135895	2787	0.05472929
135895	3605	0.05472929
135965	581	0.060085572
135965	2552	0.060085572
135965	6198	0.060085572
135965	4342	0.06008557
135965	1349	0.060085565
135965	719	0.06008556
135965	3556	0.06008556
135965	875	0.060085557
135965	2787	0.060085557
135965	3605	0.060085557
135996	6198	0.059494626
135996	581	0.059494622
135996	2552	0.059494622
135996	4342	0.059494622
135996	719	0.059494615
135996	1349	0.059494615
135996	3556	0.059494615
135996	3605	0.05949461
135996	875	0.059494607
135996	2787	0.059494607
136010	581	0.07943657
136010	6198	0.07943657
136010	2552	0.07943656
136010	4342	0.07943656
136010	719	0.079436556
136010	1349	0.079436556
136010	3556	0.079436556
136010	3605	0.079436556
136010	4218	0.07943655
136010	365	0.07943654
136011	581	0.0626379
136011	2552	0.0626379
136011	6198	0.0626379
136011	719	0.062637895
136011	1349	0.062637895
136011	3556	0.062637895
136011	3605	0.062637895
136011	4342	0.062637895
136011	875	0.06263789
136011	1958	0.06263789
136014	581	0.05295854
136014	2552	0.05295854
136014	4342	0.052958537
136014	6198	0.052958537
136014	719	0.052958533
136014	3556	0.052958533
136014	875	0.05295853
136014	1349	0.05295853
136014	3605	0.05295853
136014	365	0.052958526
136071	581	0.051270068
136071	2552	0.051270068
136071	6198	0.051270068
136071	4342	0.051270064
136071	719	0.05127006
136071	1349	0.05127006
136071	3556	0.05127006
136071	875	0.051270053
136071	2787	0.051270053
136071	3422	0.051270053
136104	4342	0.06753599
136104	6198	0.06753599
136104	719	0.06753598
136104	1349	0.06753598
136104	2552	0.06753598
136104	3556	0.06753598
136104	875	0.067535974
136104	2651	0.067535974
136104	2787	0.067535974
136104	3422	0.067535974
136136	581	0.0532621
136136	6198	0.053262096
136136	2552	0.053262092
136136	4342	0.053262092
136136	719	0.053262085
136136	1349	0.053262085
136136	3556	0.053262085
136136	3605	0.053262085
136136	2787	0.05326208
136136	365	0.053262077
136139	6198	0.07571727
136139	581	0.07571726
136139	4342	0.07571726
136139	1349	0.075717255
136139	2552	0.075717255
136139	3556	0.075717255
136139	719	0.07571725
136139	365	0.07571724
136139	875	0.07571724
136139	880	0.07571724
136193	581	0.056573175
136193	2552	0.056573175
136193	4342	0.056573175
136193	6198	0.056573175
136193	719	0.056573167
136193	3556	0.056573167
136193	875	0.056573164
136193	1349	0.056573164
136193	880	0.05657316
136193	2651	0.05657316
136205	581	0.063035056
136205	719	0.063035056
136205	1349	0.063035056
136205	2552	0.063035056
136205	4342	0.063035056
136205	6198	0.063035056
136205	2787	0.06303505
136205	3556	0.06303505
136205	365	0.06303504
136205	875	0.06303504
136237	581	0.05200289
136237	6198	0.05200289
136237	2552	0.052002884
136237	4342	0.052002884
136237	1349	0.05200288
136237	3556	0.05200288
136237	719	0.052002877
136237	3605	0.052002877
136237	1958	0.052002873
136237	2787	0.052002873
136240	581	0.062393326
136240	2552	0.062393323
136240	4342	0.062393323
136240	6198	0.062393323
136240	719	0.06239332
136240	1349	0.06239332
136240	3556	0.062393315
136240	3605	0.062393315
136240	2787	0.06239331
136240	3756	0.06239331
136252	581	0.052070577
136252	719	0.052070573
136252	2552	0.052070573
136252	4342	0.052070573
136252	6198	0.052070573
136252	1349	0.05207057
136252	3556	0.05207057
136252	2787	0.052070566
136252	3605	0.052070566
136252	3663	0.052070566
136255	581	0.05553169
136255	2552	0.055531688
136255	4342	0.055531688
136255	6198	0.055531688
136255	719	0.055531677
136255	3556	0.055531677
136255	875	0.055531673
136255	3605	0.055531673
136255	3756	0.055531673
136255	365	0.05553167
136291	581	0.062425375
136291	4342	0.062425375
136291	6198	0.062425375
136291	2552	0.062425368
136291	3556	0.062425364
136291	3605	0.062425364
136291	719	0.06242536
136291	875	0.06242536
136291	1349	0.06242536
136291	3756	0.06242536
136313	581	0.052353688
136313	2552	0.05235368
136313	4342	0.05235368
136313	6198	0.05235368
136313	1349	0.052353676
136313	719	0.052353673
136313	875	0.052353673
136313	3556	0.052353673
136313	3605	0.052353673
136313	3756	0.052353673
136326	581	0.072157666
136326	4342	0.072157666
136326	6198	0.072157666
136326	719	0.07215765
136326	1349	0.07215765
136326	2552	0.07215765
136326	3556	0.07215765
136326	3605	0.07215765
136326	3663	0.07215765
136326	875	0.072157644
136348	581	0.09517772
136348	6198	0.09517772
136348	2552	0.09517771
136348	4342	0.09517771
136348	719	0.0951777
136348	875	0.095177695
136348	1349	0.095177695
136348	2787	0.095177695
136348	3556	0.095177695
136348	3605	0.095177695
136382	581	0.11390971
136382	2552	0.11390971
136382	4342	0.11390971
136382	6198	0.11390971
136382	719	0.11390969
136382	1349	0.11390969
136382	3605	0.11390969
136382	875	0.113909684
136382	2787	0.113909684
136382	880	0.11390968
136396	581	0.050851572
136396	4342	0.05085157
136396	6198	0.05085157
136396	719	0.05085156
136396	1349	0.05085156
136396	2552	0.05085156
136396	3556	0.05085156
136396	3605	0.050851557
136396	875	0.050851554
136396	880	0.050851554
136465	581	0.063134246
136465	2552	0.06313424
136465	3556	0.06313424
136465	4342	0.06313424
136465	6198	0.06313424
136465	719	0.06313423
136465	1349	0.06313423
136465	3605	0.06313423
136465	365	0.06313422
136465	875	0.06313422
136491	581	0.05628907
136491	4342	0.056289062
136491	6198	0.056289062
136491	2552	0.05628906
136491	1349	0.056289054
136491	3556	0.056289054
136491	3605	0.056289054
136491	365	0.056289047
136491	719	0.056289047
136491	2787	0.056289047
136561	581	0.074395604
136561	2552	0.0743956
136561	4342	0.0743956
136561	6198	0.0743956
136561	719	0.07439558
136561	875	0.07439558
136561	1349	0.07439558
136561	2787	0.07439558
136561	3422	0.07439558
136561	3556	0.07439558
136735	581	0.05082046
136735	2552	0.050820455
136735	4342	0.050820455
136735	6198	0.050820455
136735	1349	0.05082045
136735	3556	0.05082045
136735	719	0.050820448
136735	3605	0.050820448
136735	875	0.050820444
136735	2787	0.050820444
136747	581	0.055479735
136747	4342	0.05547973
136747	6198	0.05547973
136747	1349	0.055479728
136747	2552	0.055479728
136747	3556	0.055479728
136747	719	0.055479724
136747	3605	0.055479724
136747	875	0.05547972
136747	2787	0.05547972
136829	581	0.05879172
136829	6198	0.05879172
136829	2552	0.058791716
136829	4342	0.058791712
136829	1349	0.05879171
136829	719	0.058791704
136829	3556	0.058791704
136829	3605	0.058791704
136829	875	0.0587917
136829	2787	0.0587917
136916	581	0.053526577
136916	2552	0.053526573
136916	4342	0.053526573
136916	6198	0.053526573
136916	719	0.053526565
136916	1349	0.053526565
136916	3556	0.053526565
136916	3605	0.05352656
136916	365	0.053526558
136916	875	0.053526558
136943	581	0.0684824
136943	6198	0.0684824
136943	2552	0.06848239
136943	4342	0.06848239
136943	719	0.068482384
136943	1349	0.068482384
136943	1958	0.068482384
136943	2787	0.068482384
136943	3556	0.068482384
136943	3605	0.068482384
137118	581	0.08079019
137118	4342	0.08079019
137118	2552	0.080790184
137118	6198	0.080790184
137118	719	0.08079018
137118	1349	0.08079018
137118	3605	0.08079018
137118	2787	0.08079017
137118	3556	0.08079017
137118	365	0.08079016
137134	581	0.07635361
137134	6198	0.0763536
137134	719	0.076353595
137134	1349	0.076353595
137134	2552	0.076353595
137134	3556	0.076353595
137134	4342	0.076353595
137134	875	0.07635359
137134	3756	0.07635359
137134	365	0.07635358
137137	581	0.066886246
137137	2552	0.066886246
137137	6198	0.066886246
137137	719	0.06688624
137137	1349	0.06688624
137137	4342	0.06688624
137137	875	0.06688623
137137	880	0.06688623
137137	1173	0.06688623
137137	1958	0.06688623
137143	581	0.05166876
137143	4342	0.05166876
137143	6198	0.05166876
137143	2552	0.051668756
137143	719	0.051668752
137143	1349	0.051668752
137143	3556	0.051668752
137143	875	0.05166875
137143	2651	0.05166875
137143	2787	0.05166875
137190	581	0.07720417
137190	2552	0.07720417
137190	6198	0.07720417
137190	719	0.07720416
137190	4342	0.07720416
137190	875	0.07720415
137190	1349	0.07720415
137190	3556	0.07720415
137190	3605	0.07720415
137190	3756	0.07720415
137211	4342	0.057011746
137211	6198	0.057011746
137211	2552	0.057011742
137211	719	0.057011735
137211	1349	0.057011735
137211	3556	0.057011735
137211	875	0.05701173
137211	2787	0.05701173
137211	3605	0.05701173
137211	3756	0.05701173
137222	581	0.069250345
137222	2552	0.069250345
137222	4342	0.06925034
137222	6198	0.06925034
137222	719	0.06925033
137222	875	0.06925033
137222	1349	0.06925033
137222	3556	0.06925033
137222	3756	0.06925033
137222	880	0.06925032
137336	581	0.06719477
137336	2552	0.06719476
137336	4342	0.06719476
137336	6198	0.06719476
137336	719	0.06719475
137336	1349	0.06719475
137336	3556	0.06719475
137336	875	0.067194745
137336	880	0.067194745
137336	1958	0.067194745
137397	581	0.08071604
137397	2552	0.08071604
137397	4342	0.08071604
137397	6198	0.08071604
137397	719	0.080716036
137397	1349	0.080716036
137397	875	0.08071603
137397	2787	0.08071603
137397	3556	0.08071603
137397	3605	0.08071603
137434	581	0.06355033
137434	1349	0.06355032
137434	2552	0.06355032
137434	4342	0.06355032
137434	6198	0.06355032
137434	3556	0.063550316
137434	719	0.06355031
137434	875	0.06355031
137434	880	0.06355031
137434	1173	0.06355031
137437	581	0.049340338
137437	6198	0.049340334
137437	1349	0.04934033
137437	2552	0.04934033
137437	4342	0.04934033
137437	719	0.049340326
137437	3556	0.049340326
137437	875	0.049340323
137437	880	0.049340323
137437	2787	0.049340323
137524	581	0.060149863
137524	4342	0.06014986
137524	6198	0.06014986
137524	2552	0.060149856
137524	719	0.060149852
137524	3556	0.060149852
137524	875	0.06014985
137524	880	0.06014985
137524	1349	0.06014985
137524	3605	0.06014985
137587	581	0.06178558
137587	6198	0.06178558
137587	2552	0.061785575
137587	4342	0.061785575
137587	719	0.061785564
137587	1349	0.061785564
137587	3556	0.061785564
137587	3605	0.061785564
137587	3756	0.061785564
137587	875	0.06178556
137588	581	0.07059932
137588	1349	0.07059932
137588	2552	0.07059932
137588	4342	0.07059932
137588	6198	0.07059932
137588	719	0.07059931
137588	365	0.0705993
137588	875	0.0705993
137588	2651	0.0705993
137588	3556	0.0705993
137589	2552	0.09113233
137589	4342	0.09113233
137589	6198	0.09113233
137589	719	0.09113231
137589	1349	0.09113231
137589	3556	0.09113231
137589	3605	0.09113231
137589	3756	0.09113231
137589	875	0.091132306
137589	2651	0.091132306
137620	581	0.04627902
137620	2552	0.04627902
137620	6198	0.04627902
137620	4342	0.046279017
137620	719	0.046279013
137620	875	0.046279013
137620	1349	0.046279013
137620	3556	0.046279013
137620	3605	0.046279013
137620	3756	0.046279013
137627	581	0.065010674
137627	6198	0.065010674
137627	875	0.06501067
137627	2552	0.06501067
137627	3556	0.06501067
137627	4342	0.06501067
137627	719	0.06501066
137627	1349	0.06501066
137627	3605	0.06501066
137627	97	0.06501065
137684	581	0.05041106
137684	2552	0.05041106
137684	6198	0.05041106
137684	4342	0.050411057
137684	719	0.050411053
137684	1349	0.050411053
137684	3556	0.050411053
137684	3605	0.050411053
137684	875	0.050411046
137684	2651	0.050411046
137688	581	0.056940064
137688	2552	0.05694006
137688	4342	0.05694006
137688	6198	0.05694006
137688	1349	0.056940056
137688	719	0.056940053
137688	3556	0.056940053
137688	3605	0.056940053
137688	875	0.05694005
137688	2651	0.05694005
137742	6198	0.06489517
137742	581	0.06489516
137742	2552	0.06489516
137742	4342	0.06489516
137742	719	0.06489515
137742	875	0.06489515
137742	1349	0.06489515
137742	1958	0.06489515
137742	2651	0.06489515
137742	2787	0.06489515
137803	581	0.0555191
137803	6198	0.0555191
137803	2552	0.055519097
137803	4342	0.055519097
137803	719	0.055519093
137803	1349	0.055519093
137803	875	0.05551909
137803	3556	0.05551909
137803	3756	0.05551909
137803	2651	0.055519085
137816	6198	0.07202501
137816	581	0.072025
137816	719	0.072025
137816	2552	0.072025
137816	4342	0.072025
137816	1349	0.07202499
137816	3556	0.07202499
137816	3605	0.07202499
137816	875	0.072024986
137816	880	0.072024986
137968	581	0.061397806
137968	2552	0.0613978
137968	4342	0.0613978
137968	6198	0.0613978
137968	1349	0.061397795
137968	3556	0.061397795
137968	719	0.06139779
137968	3605	0.06139779
137968	875	0.061397783
137968	880	0.061397783
137986	2552	0.06454659
137986	4342	0.06454659
137986	6198	0.06454659
137986	581	0.064546585
137986	719	0.064546585
137986	3556	0.064546585
137986	1349	0.06454658
137986	2787	0.06454658
137986	3605	0.06454658
137986	5147	0.06454658
138010	581	0.05594051
138010	6198	0.055940505
138010	2552	0.0559405
138010	4342	0.0559405
138010	719	0.055940494
138010	1349	0.055940494
138010	3556	0.055940494
138010	3605	0.055940494
138010	875	0.05594049
138010	3756	0.05594049
138018	581	0.047860853
138018	2552	0.04786085
138018	4342	0.04786085
138018	6198	0.04786085
138018	1349	0.047860842
138018	3556	0.047860842
138018	719	0.04786084
138018	875	0.04786084
138018	3605	0.04786084
138018	3756	0.04786084
138045	581	0.052824482
138045	4342	0.052824482
138045	6198	0.052824482
138045	2552	0.05282448
138045	719	0.052824475
138045	1349	0.052824475
138045	3556	0.052824475
138045	3605	0.052824475
138045	2787	0.05282447
138045	3756	0.05282447
138073	581	0.05017007
138073	2552	0.05017007
138073	4342	0.050170068
138073	6198	0.050170068
138073	719	0.050170064
138073	3556	0.050170064
138073	3756	0.050170064
138073	1349	0.05017006
138073	365	0.050170057
138073	875	0.050170057
138097	581	0.0698858
138097	2552	0.06988579
138097	4342	0.06988579
138097	6198	0.06988579
138097	719	0.06988578
138097	1349	0.06988578
138097	3556	0.06988578
138097	3605	0.06988578
138097	365	0.069885775
138097	875	0.069885775
138100	581	0.061684813
138100	6198	0.06168481
138100	2552	0.061684806
138100	4342	0.061684806
138100	719	0.061684802
138100	1349	0.061684802
138100	3556	0.061684802
138100	3605	0.061684802
138100	875	0.061684795
138100	880	0.061684795
138124	581	0.04342483
138124	6198	0.043424826
138124	2552	0.043424822
138124	4342	0.043424822
138124	3556	0.04342482
138124	719	0.043424815
138124	875	0.043424815
138124	1349	0.043424815
138124	2787	0.043424815
138124	3605	0.043424815
138138	581	0.05904299
138138	6198	0.05904299
138138	2552	0.059042986
138138	719	0.059042983
138138	4342	0.059042983
138138	3556	0.05904298
138138	875	0.059042975
138138	1349	0.059042975
138138	2787	0.059042975
138138	3605	0.059042975
138176	581	0.052114382
138176	2552	0.05211438
138176	4342	0.05211438
138176	6198	0.05211438
138176	719	0.05211437
138176	1349	0.05211437
138176	3556	0.05211437
138176	875	0.052114367
138176	2651	0.052114367
138176	2787	0.052114367
138189	2552	0.05710704
138189	4342	0.05710704
138189	6198	0.05710704
138189	3556	0.057107035
138189	719	0.05710703
138189	1349	0.05710703
138189	3605	0.05710703
138189	875	0.057107028
138189	3756	0.057107028
138189	4218	0.057107028
138193	581	0.050317608
138193	6198	0.050317608
138193	2552	0.050317604
138193	4342	0.050317604
138193	719	0.0503176
138193	875	0.0503176
138193	1349	0.0503176
138193	3556	0.0503176
138193	3756	0.0503176
138193	365	0.050317593
138198	581	0.07229291
138198	4342	0.07229291
138198	6198	0.07229291
138198	719	0.072292894
138198	1349	0.072292894
138198	2552	0.072292894
138198	2787	0.072292894
138198	3556	0.072292894
138198	3756	0.072292894
138198	3605	0.07229289
138202	581	0.05995907
138202	4342	0.059959065
138202	6198	0.059959065
138202	2552	0.05995906
138202	3605	0.05995906
138202	719	0.059959058
138202	1349	0.059959058
138202	3556	0.059959058
138202	2651	0.059959054
138202	2787	0.059959054
138239	581	0.055373028
138239	2552	0.055373028
138239	4342	0.055373028
138239	6198	0.055373028
138239	1349	0.055373024
138239	719	0.05537302
138239	3556	0.05537302
138239	3756	0.05537302
138239	875	0.055373017
138239	3605	0.055373017
138307	581	0.052182056
138307	6198	0.052182056
138307	2552	0.052182052
138307	719	0.05218205
138307	1349	0.05218205
138307	3556	0.05218205
138307	4342	0.05218205
138307	875	0.05218204
138307	880	0.05218204
138307	2651	0.05218204
138330	581	0.057673976
138330	2552	0.057673976
138330	6198	0.057673976
138330	4342	0.057673972
138330	3556	0.05767397
138330	875	0.057673965
138330	1349	0.057673965
138330	719	0.05767396
138330	2787	0.05767396
138330	3605	0.05767396
138379	2552	0.058514975
138379	6198	0.058514975
138379	581	0.05851497
138379	4342	0.05851497
138379	719	0.058514968
138379	1349	0.058514968
138379	875	0.05851496
138379	2651	0.05851496
138379	3556	0.05851496
138379	5214	0.05851496
138382	581	0.072168335
138382	2552	0.07216833
138382	6198	0.07216833
138382	719	0.07216832
138382	1349	0.07216832
138382	3556	0.07216832
138382	3605	0.07216832
138382	4342	0.07216832
138382	875	0.07216831
138382	880	0.07216831
138425	581	0.05672262
138425	6198	0.056722615
138425	2552	0.05672261
138425	4342	0.05672261
138425	719	0.056722607
138425	1349	0.056722607
138425	3556	0.056722607
138425	3605	0.056722604
138425	5214	0.056722604
138425	875	0.0567226
138441	581	0.050292984
138441	6198	0.05029298
138441	2552	0.050292976
138441	4342	0.050292976
138441	719	0.050292972
138441	1349	0.050292972
138441	3556	0.050292972
138441	875	0.05029297
138441	2787	0.05029297
138441	3422	0.05029297
138515	581	0.08053571
138515	2552	0.08053571
138515	4342	0.08053571
138515	6198	0.08053571
138515	719	0.0805357
138515	1349	0.0805357
138515	875	0.080535695
138515	1958	0.080535695
138515	2787	0.080535695
138515	3556	0.080535695
138529	581	0.058295086
138529	2552	0.05829508
138529	4342	0.05829508
138529	6198	0.05829508
138529	1349	0.058295075
138529	719	0.05829507
138529	875	0.05829507
138529	2787	0.05829507
138529	3556	0.05829507
138529	3605	0.05829507
138543	581	0.07815491
138543	2552	0.0781549
138543	4342	0.0781549
138543	6198	0.0781549
138543	3556	0.07815489
138543	719	0.078154884
138543	1349	0.078154884
138543	3605	0.078154884
138543	365	0.07815488
138543	875	0.07815488
138578	581	0.08565885
138578	4342	0.08565885
138578	6198	0.08565885
138578	2552	0.08565884
138578	719	0.08565883
138578	875	0.08565883
138578	1349	0.08565883
138578	3556	0.08565883
138578	3605	0.08565883
138578	2651	0.085658826
138602	581	0.0735109
138602	2552	0.0735109
138602	4342	0.0735109
138602	6198	0.0735109
138602	719	0.073510885
138602	875	0.073510885
138602	880	0.073510885
138602	1349	0.073510885
138602	3556	0.073510885
138602	3605	0.073510885
138647	581	0.07481527
138647	6198	0.07481527
138647	2552	0.074815266
138647	719	0.07481526
138647	1349	0.07481526
138647	3556	0.07481526
138647	3605	0.07481526
138647	4342	0.07481526
138647	875	0.07481525
138647	2787	0.07481525
138674	581	0.062912494
138674	6198	0.062912494
138674	4342	0.06291249
138674	719	0.06291248
138674	875	0.06291248
138674	1349	0.06291248
138674	2552	0.06291248
138674	3556	0.06291248
138674	3605	0.06291248
138674	3756	0.06291248
138777	581	0.06775206
138777	4342	0.06775206
138777	6198	0.06775206
138777	719	0.067752056
138777	2552	0.067752056
138777	875	0.06775205
138777	880	0.06775205
138777	1173	0.06775205
138777	1349	0.06775205
138777	2787	0.06775205
138813	581	0.065297335
138813	719	0.06529732
138813	1349	0.06529732
138813	2552	0.06529732
138813	3605	0.06529732
138813	4342	0.06529732
138813	6198	0.06529732
138813	3556	0.06529731
138813	365	0.065297306
138813	875	0.065297306
138826	581	0.057187703
138826	4342	0.0571877
138826	6198	0.0571877
138826	2552	0.057187695
138826	719	0.05718769
138826	1349	0.05718769
138826	3556	0.05718769
138826	3605	0.057187688
138826	4218	0.057187688
138826	875	0.057187684
138844	581	0.07930608
138844	719	0.079306066
138844	1349	0.079306066
138844	2552	0.079306066
138844	3556	0.079306066
138844	4342	0.079306066
138844	6198	0.079306066
138844	365	0.07930605
138844	875	0.07930605
138844	880	0.07930605
138849	581	0.056127824
138849	6198	0.05612782
138849	2552	0.056127816
138849	4342	0.056127816
138849	1349	0.056127813
138849	3556	0.056127813
138849	719	0.05612781
138849	3605	0.05612781
138849	3756	0.05612781
138849	875	0.056127805
138867	581	0.04367329
138867	4342	0.04367329
138867	6198	0.04367329
138867	2552	0.043673288
138867	719	0.043673284
138867	1349	0.043673284
138867	3556	0.043673284
138867	5147	0.043673284
138867	365	0.04367328
138867	875	0.04367328
138906	581	0.043039057
138906	6198	0.043039057
138906	2552	0.043039054
138906	4342	0.043039054
138906	3556	0.04303905
138906	719	0.043039046
138906	875	0.043039046
138906	1349	0.043039046
138906	2787	0.043039046
138906	3605	0.043039046
138954	581	0.039690156
138954	2552	0.03969015
138954	4342	0.03969015
138954	6198	0.03969015
138954	719	0.039690144
138954	875	0.039690144
138954	1349	0.039690144
138954	3556	0.039690144
138954	3605	0.039690144
138954	3756	0.039690144
138955	581	0.056428663
138955	4342	0.056428663
138955	6198	0.056428663
138955	2552	0.05642866
138955	719	0.056428656
138955	1349	0.056428656
138955	3556	0.056428656
138955	3605	0.056428656
138955	875	0.056428652
138955	880	0.05642865
138995	581	0.07386215
138995	2552	0.07386215
138995	4342	0.07386215
138995	6198	0.07386215
138995	719	0.07386214
138995	3556	0.07386214
138995	875	0.073862135
138995	880	0.073862135
138995	1349	0.073862135
138995	2651	0.073862135
139070	581	0.062851906
139070	2552	0.062851906
139070	4342	0.062851906
139070	6198	0.062851906
139070	719	0.0628519
139070	875	0.06285189
139070	880	0.06285189
139070	1349	0.06285189
139070	2651	0.06285189
139070	2787	0.06285189
139126	581	0.05756203
139126	2552	0.05756203
139126	4342	0.05756203
139126	6198	0.05756203
139126	719	0.057562023
139126	875	0.057562023
139126	1349	0.057562023
139126	3556	0.057562023
139126	3605	0.057562023
139126	365	0.057562016
139141	581	0.043498576
139141	6198	0.043498576
139141	2552	0.043498572
139141	4342	0.043498572
139141	719	0.04349857
139141	1349	0.04349857
139141	3556	0.04349857
139141	3605	0.043498565
139141	3663	0.043498565
139141	4218	0.043498565
139206	581	0.054578695
139206	2552	0.05457869
139206	4342	0.05457869
139206	6198	0.05457869
139206	719	0.054578684
139206	875	0.054578684
139206	1349	0.054578684
139206	3556	0.054578684
139206	3605	0.054578684
139206	3756	0.054578684
139243	581	0.058500133
139243	2552	0.058500126
139243	4342	0.058500126
139243	6198	0.058500126
139243	719	0.05850012
139243	1349	0.05850012
139243	3556	0.05850012
139243	3605	0.05850012
139243	875	0.058500115
139243	2787	0.058500115
139287	581	0.06678987
139287	719	0.066789865
139287	2552	0.066789865
139287	3605	0.066789865
139287	4342	0.066789865
139287	6198	0.066789865
139287	1349	0.06678986
139287	3556	0.06678986
139287	365	0.06678985
139287	875	0.06678985
139359	581	0.08249162
139359	2552	0.08249161
139359	4342	0.08249161
139359	6198	0.08249161
139359	719	0.0824916
139359	1349	0.0824916
139359	875	0.08249159
139359	880	0.08249159
139359	2651	0.08249159
139359	2787	0.08249159
139376	581	0.06881508
139376	2552	0.06881508
139376	4342	0.06881508
139376	6198	0.06881508
139376	3556	0.068815075
139376	719	0.06881507
139376	875	0.06881507
139376	1349	0.06881507
139376	2651	0.06881507
139376	2787	0.06881507
139387	2552	0.07484102
139387	4342	0.07484102
139387	6198	0.07484102
139387	1349	0.074841015
139387	719	0.07484101
139387	875	0.07484101
139387	2651	0.07484101
139387	2787	0.07484101
139387	3556	0.07484101
139387	3663	0.07484101
139421	581	0.055127487
139421	6198	0.055127483
139421	2552	0.05512748
139421	4342	0.05512748
139421	1349	0.055127475
139421	3605	0.055127475
139421	719	0.05512747
139421	875	0.05512747
139421	3556	0.05512747
139421	2787	0.055127468
139462	581	0.057833977
139462	4342	0.057833973
139462	6198	0.057833973
139462	2552	0.05783397
139462	719	0.057833966
139462	1349	0.057833966
139462	875	0.057833962
139462	2787	0.057833962
139462	3556	0.057833962
139462	3605	0.057833962
139467	581	0.04254927
139467	2552	0.042549267
139467	4342	0.042549267
139467	6198	0.042549267
139467	1349	0.042549264
139467	719	0.04254926
139467	3556	0.04254926
139467	3605	0.04254926
139467	3756	0.04254926
139467	365	0.042549256
139548	581	0.047495257
139548	2552	0.047495253
139548	4342	0.047495253
139548	6198	0.047495253
139548	719	0.04749525
139548	875	0.047495246
139548	1349	0.047495246
139548	3556	0.047495246
139548	2787	0.047495242
139548	3605	0.047495242
139575	581	0.07681748
139575	2552	0.07681748
139575	4342	0.07681748
139575	6198	0.07681748
139575	719	0.07681747
139575	875	0.07681747
139575	1349	0.07681747
139575	2787	0.07681747
139575	3556	0.07681747
139575	3605	0.07681747
139586	6198	0.060852896
139586	581	0.060852893
139586	2552	0.060852893
139586	4342	0.060852893
139586	719	0.060852885
139586	875	0.060852885
139586	1349	0.060852885
139586	3556	0.060852885
139586	3605	0.06085288
139586	880	0.060852878
139607	6198	0.07026301
139607	581	0.070263006
139607	2552	0.070263006
139607	4342	0.070263006
139607	719	0.070263
139607	875	0.070263
139607	1349	0.070263
139607	3556	0.070263
139607	3605	0.070263
139607	880	0.07026299
139706	581	0.07042563
139706	6198	0.07042563
139706	2552	0.07042562
139706	4342	0.07042562
139706	719	0.070425615
139706	1349	0.070425615
139706	3605	0.070425615
139706	875	0.07042561
139706	3556	0.07042561
139706	3756	0.07042561
139742	581	0.07206304
139742	2552	0.07206304
139742	4342	0.07206304
139742	6198	0.07206304
139742	719	0.072063036
139742	875	0.07206303
139742	880	0.07206303
139742	1349	0.07206303
139742	2787	0.07206303
139742	3556	0.07206303
139827	581	0.07434085
139827	6198	0.07434085
139827	2552	0.07434084
139827	4342	0.07434084
139827	719	0.074340835
139827	1349	0.074340835
139827	2651	0.074340835
139827	2787	0.074340835
139827	3556	0.074340835
139827	3605	0.074340835
139828	581	0.07435422
139828	2552	0.07435422
139828	6198	0.07435422
139828	4342	0.07435421
139828	719	0.0743542
139828	1349	0.0743542
139828	3556	0.0743542
139828	3605	0.0743542
139828	875	0.074354194
139828	2787	0.074354194
139913	581	0.05504066
139913	2552	0.055040658
139913	4342	0.055040658
139913	6198	0.055040658
139913	1349	0.055040654
139913	719	0.05504065
139913	3556	0.05504065
139913	3605	0.05504065
139913	875	0.055040643
139913	2651	0.055040643
139934	581	0.062377162
139934	4342	0.062377162
139934	2552	0.06237716
139934	6198	0.06237716
139934	719	0.062377155
139934	875	0.062377155
139934	1349	0.062377155
139934	3756	0.06237715
139934	365	0.062377147
139934	3556	0.062377147
140000	581	0.09079473
140000	2552	0.09079473
140000	4342	0.09079473
140000	6198	0.09079473
140000	719	0.09079471
140000	1349	0.09079471
140000	3556	0.09079471
140000	3605	0.09079471
140000	3756	0.09079471
140000	4218	0.090794705
140005	581	0.06337874
140005	2552	0.06337874
140005	4342	0.06337874
140005	6198	0.06337874
140005	719	0.06337873
140005	875	0.06337873
140005	1349	0.06337873
140005	3556	0.06337873
140005	1173	0.06337872
140005	2651	0.06337872
140036	581	0.061910033
140036	2552	0.061910026
140036	4342	0.061910026
140036	6198	0.061910026
140036	719	0.06191002
140036	1349	0.06191002
140036	3556	0.06191002
140036	3605	0.06191002
140036	875	0.061910015
140036	3756	0.061910015
140069	581	0.05214521
140069	6198	0.05214521
140069	2552	0.052145205
140069	4342	0.052145205
140069	3556	0.0521452
140069	719	0.052145198
140069	875	0.052145198
140069	1349	0.052145198
140069	3605	0.052145198
140069	3756	0.052145198
140080	581	0.043132026
140080	6198	0.043132026
140080	719	0.043132022
140080	2552	0.043132022
140080	4342	0.043132022
140080	3556	0.04313202
140080	875	0.043132015
140080	1349	0.043132015
140080	2787	0.043132015
140080	3605	0.043132015
140087	581	0.042837888
140087	2552	0.042837888
140087	4342	0.042837888
140087	6198	0.042837888
140087	719	0.042837884
140087	875	0.04283788
140087	1349	0.04283788
140087	2787	0.04283788
140087	3556	0.04283788
140087	3605	0.04283788
140167	581	0.06489253
140167	2552	0.06489253
140167	4342	0.06489253
140167	6198	0.06489253
140167	719	0.064892516
140167	875	0.064892516
140167	880	0.064892516
140167	1349	0.064892516
140167	2651	0.064892516
140167	2787	0.064892516
140196	581	0.05881965
140196	2552	0.058819648
140196	4342	0.058819648
140196	6198	0.058819648
140196	1349	0.058819644
140196	719	0.05881964
140196	875	0.058819637
140196	2787	0.058819637
140196	3556	0.058819637
140196	3605	0.058819637
140223	581	0.08239675
140223	2552	0.082396746
140223	4342	0.082396746
140223	6198	0.082396746
140223	719	0.08239673
140223	1349	0.08239673
140223	3556	0.08239673
140223	3605	0.08239673
140223	3756	0.08239673
140223	880	0.08239672
140255	6198	0.07561702
140255	581	0.075617015
140255	719	0.075617015
140255	2552	0.075617015
140255	3556	0.075617015
140255	4342	0.075617015
140255	1349	0.07561701
140255	3605	0.07561701
140255	875	0.075617
140255	880	0.075617
140294	581	0.053370595
140294	4342	0.053370595
140294	6198	0.053370595
140294	719	0.053370588
140294	1349	0.053370588
140294	2552	0.053370588
140294	2787	0.053370588
140294	3556	0.053370588
140294	875	0.053370584
140294	3605	0.053370584
140340	1349	0.0631488
140340	2552	0.0631488
140340	3605	0.0631488
140340	4342	0.0631488
140340	6198	0.0631488
140340	719	0.06314879
140340	875	0.06314879
140340	3556	0.06314879
140340	365	0.06314878
140340	880	0.06314878
140410	2552	0.058794
140410	4342	0.058794
140410	6198	0.058794
140410	719	0.05879399
140410	1349	0.05879399
140410	3556	0.05879399
140410	875	0.058793984
140410	2651	0.058793984
140410	2787	0.058793984
140410	3422	0.058793984
140451	581	0.057189956
140451	6198	0.057189956
140451	4342	0.057189953
140451	2552	0.05718995
140451	3556	0.05718995
140451	719	0.057189945
140451	1349	0.057189945
140451	875	0.05718994
140451	2787	0.05718994
140451	3605	0.05718994
140555	581	0.052913807
140555	2552	0.052913807
140555	6198	0.052913807
140555	4342	0.052913804
140555	719	0.0529138
140555	1349	0.0529138
140555	3556	0.0529138
140555	3605	0.052913796
140555	365	0.052913792
140555	875	0.052913792
140662	581	0.095011905
140662	2552	0.09501189
140662	4342	0.09501189
140662	6198	0.09501189
140662	719	0.09501188
140662	1349	0.09501188
140662	3556	0.09501188
140662	3605	0.09501188
140662	875	0.095011875
140662	2787	0.095011875
140763	581	0.052253686
140763	2552	0.052253686
140763	4342	0.052253686
140763	6198	0.052253686
140763	719	0.05225368
140763	1349	0.05225368
140763	3556	0.05225368
140763	875	0.052253675
140763	365	0.05225367
140763	880	0.05225367
140863	581	0.08100672
140863	2552	0.08100672
140863	6198	0.08100672
140863	4342	0.08100671
140863	719	0.081006706
140863	875	0.081006706
140863	1349	0.081006706
140863	3556	0.081006706
140863	3605	0.081006706
140863	1958	0.0810067
140879	581	0.048000384
140879	4342	0.04800038
140879	6198	0.04800038
140879	2552	0.048000377
140879	719	0.048000373
140879	1349	0.048000373
140879	3556	0.048000373
140879	3605	0.048000373
140879	4218	0.04800037
140879	875	0.048000365
141010	581	0.057221033
141010	2552	0.057221025
141010	4342	0.057221025
141010	6198	0.057221025
141010	719	0.057221018
141010	1349	0.057221018
141010	3556	0.057221018
141010	3605	0.057221018
141010	875	0.05722101
141010	880	0.05722101
141047	581	0.09548974
141047	2552	0.09548974
141047	6198	0.09548974
141047	719	0.095489725
141047	1349	0.095489725
141047	3605	0.095489725
141047	4342	0.095489725
141047	2651	0.09548972
141047	3556	0.09548972
141047	875	0.09548971
141065	581	0.061211098
141065	6198	0.061211098
141065	2552	0.061211094
141065	4342	0.061211094
141065	1349	0.06121109
141065	3556	0.06121109
141065	719	0.061211087
141065	2787	0.061211087
141065	3605	0.061211087
141065	875	0.061211083
141070	581	0.05033284
141070	2552	0.05033284
141070	1349	0.050332837
141070	4342	0.050332837
141070	6198	0.050332837
141070	719	0.050332833
141070	3556	0.050332833
141070	875	0.05033283
141070	2787	0.05033283
141070	3605	0.05033283
141089	581	0.05320198
141089	6198	0.05320198
141089	2552	0.053201977
141089	4342	0.053201977
141089	719	0.053201973
141089	3556	0.053201973
141089	1349	0.05320197
141089	2787	0.05320197
141089	875	0.053201966
141089	2651	0.053201966
141109	2552	0.052342694
141109	6198	0.052342694
141109	4342	0.05234269
141109	3556	0.052342687
141109	719	0.052342683
141109	875	0.052342683
141109	1349	0.052342683
141109	2787	0.052342683
141109	3605	0.052342683
141109	3756	0.052342683
141127	581	0.0524185
141127	6198	0.0524185
141127	2552	0.052418496
141127	4342	0.052418496
141127	1349	0.052418493
141127	719	0.05241849
141127	3556	0.05241849
141127	3605	0.05241849
141127	875	0.052418485
141127	1958	0.052418485
141201	581	0.050268117
141201	2552	0.050268114
141201	6198	0.050268114
141201	4342	0.05026811
141201	719	0.050268106
141201	1349	0.050268106
141201	3556	0.050268106
141201	875	0.050268102
141201	3605	0.050268102
141201	3756	0.050268102
141210	581	0.056682803
141210	2552	0.0566828
141210	4342	0.0566828
141210	6198	0.0566828
141210	1349	0.056682795
141210	719	0.05668279
141210	3556	0.05668279
141210	875	0.056682788
141210	3605	0.056682788
141210	880	0.056682784
141309	581	0.067603946
141309	6198	0.067603946
141309	3556	0.06760394
141309	4342	0.06760394
141309	719	0.06760393
141309	1349	0.06760393
141309	2552	0.06760393
141309	2787	0.06760393
141309	3605	0.06760393
141309	875	0.06760392
141310	581	0.038062315
141310	4342	0.038062315
141310	719	0.03806231
141310	1349	0.03806231
141310	2552	0.03806231
141310	6198	0.03806231
141310	875	0.038062308
141310	3556	0.038062308
141310	365	0.038062304
141310	1173	0.038062304
141444	581	0.061604187
141444	2552	0.061604187
141444	6198	0.061604183
141444	3556	0.06160418
141444	4342	0.06160418
141444	719	0.061604176
141444	1349	0.061604176
141444	875	0.061604172
141444	2787	0.061604172
141444	3605	0.061604172
141491	581	0.06263733
141491	2552	0.06263733
141491	4342	0.06263733
141491	6198	0.06263733
141491	719	0.062637314
141491	1349	0.062637314
141491	2787	0.062637314
141491	3556	0.062637314
141491	3605	0.062637314
141491	3756	0.062637314
141493	581	0.07456726
141493	1349	0.07456724
141493	2552	0.07456724
141493	3556	0.07456724
141493	4342	0.07456724
141493	6198	0.07456724
141493	719	0.074567236
141493	875	0.074567236
141493	2787	0.074567236
141493	880	0.07456723
141511	581	0.0726095
141511	2552	0.07260949
141511	4342	0.07260949
141511	6198	0.07260949
141511	719	0.072609484
141511	1349	0.072609484
141511	3556	0.072609484
141511	3756	0.072609484
141511	875	0.07260948
141511	3605	0.07260948
141600	581	0.068317585
141600	2552	0.068317585
141600	6198	0.068317585
141600	719	0.06831758
141600	1349	0.06831758
141600	3556	0.06831758
141600	4342	0.06831758
141600	3605	0.06831757
141600	4218	0.06831757
141600	365	0.06831756
141704	581	0.053348698
141704	2552	0.053348698
141704	4342	0.053348698
141704	6198	0.053348698
141704	719	0.05334869
141704	1349	0.05334869
141704	3556	0.05334869
141704	875	0.053348687
141704	3756	0.053348687
141704	365	0.053348683
141710	581	0.069852725
141710	4342	0.069852725
141710	6198	0.069852725
141710	2552	0.06985272
141710	719	0.06985271
141710	875	0.06985271
141710	1349	0.06985271
141710	2787	0.06985271
141710	3556	0.06985271
141710	3605	0.06985271
141719	581	0.048085235
141719	2552	0.048085235
141719	4342	0.048085235
141719	6198	0.048085235
141719	719	0.048085228
141719	875	0.048085228
141719	1349	0.048085228
141719	3556	0.048085228
141719	3605	0.048085228
141719	3756	0.048085228
141805	581	0.054023355
141805	4342	0.054023355
141805	6198	0.054023355
141805	2552	0.05402335
141805	719	0.054023348
141805	1349	0.054023348
141805	3556	0.054023348
141805	2787	0.054023344
141805	3605	0.054023344
141805	875	0.05402334
141819	581	0.07275915
141819	4342	0.07275915
141819	2552	0.072759144
141819	6198	0.072759144
141819	719	0.07275914
141819	875	0.07275914
141819	1349	0.07275914
141819	3556	0.07275914
141819	3605	0.07275914
141819	2651	0.07275913
141871	581	0.055649664
141871	2552	0.05564966
141871	4342	0.05564966
141871	6198	0.05564966
141871	1349	0.055649657
141871	719	0.055649653
141871	3556	0.055649653
141871	3605	0.055649653
141871	875	0.055649646
141871	1173	0.055649646
141888	581	0.048434272
141888	2552	0.048434265
141888	4342	0.048434265
141888	6198	0.048434265
141888	3556	0.04843426
141888	719	0.048434258
141888	875	0.048434258
141888	1349	0.048434258
141888	2787	0.048434258
141888	3605	0.048434258
141901	581	0.060043916
141901	2552	0.060043916
141901	4342	0.060043916
141901	6198	0.060043916
141901	719	0.06004391
141901	1349	0.06004391
141901	3556	0.060043905
141901	3605	0.060043905
141901	875	0.0600439
141901	2651	0.0600439
141902	581	0.07325661
141902	4342	0.07325661
141902	6198	0.07325661
141902	719	0.073256604
141902	2552	0.073256604
141902	3556	0.073256604
141902	365	0.0732566
141902	875	0.0732566
141902	1349	0.0732566
141902	2787	0.0732566
141958	2552	0.066285074
141958	4342	0.06628507
141958	6198	0.06628507
141958	581	0.06628506
141958	719	0.06628506
141958	875	0.06628506
141958	1349	0.06628506
141958	3605	0.06628506
141958	880	0.06628505
141958	2651	0.06628505
142005	581	0.07350381
142005	2552	0.07350381
142005	4342	0.07350381
142005	6198	0.07350381
142005	719	0.07350379
142005	875	0.07350379
142005	1349	0.07350379
142005	3556	0.07350379
142005	3605	0.07350379
142005	4218	0.07350379
142017	581	0.049768873
142017	6198	0.049768873
142017	4342	0.04976887
142017	2552	0.049768865
142017	719	0.04976886
142017	1349	0.04976886
142017	3556	0.04976886
142017	3605	0.04976886
142017	875	0.049768858
142017	2787	0.049768858
142062	581	0.0728175
142062	2552	0.07281749
142062	3556	0.07281749
142062	4342	0.07281749
142062	6198	0.07281749
142062	719	0.07281748
142062	1349	0.07281748
142062	365	0.072817475
142062	875	0.072817475
142062	880	0.072817475
142121	581	0.08764939
142121	6198	0.08764939
142121	2552	0.08764938
142121	719	0.087649375
142121	1349	0.087649375
142121	3556	0.087649375
142121	4342	0.087649375
142121	2787	0.08764937
142121	3605	0.08764937
142121	365	0.08764936
142134	581	0.055491835
142134	6198	0.05549183
142134	2552	0.055491827
142134	4342	0.055491827
142134	719	0.055491824
142134	875	0.05549182
142134	1349	0.05549182
142134	2651	0.05549182
142134	3556	0.05549182
142134	3605	0.05549182
142143	581	0.051040884
142143	4342	0.05104088
142143	6198	0.05104088
142143	1349	0.051040877
142143	2552	0.051040877
142143	719	0.051040873
142143	3556	0.051040873
142143	3605	0.051040873
142143	875	0.05104087
142143	3756	0.05104087
142212	581	0.068421304
142212	1349	0.068421304
142212	2552	0.068421304
142212	4342	0.068421304
142212	6198	0.068421304
142212	719	0.06842129
142212	875	0.06842129
142212	2651	0.06842129
142212	2787	0.06842129
142212	3556	0.06842129
142253	581	0.042205304
142253	2552	0.042205296
142253	4342	0.042205296
142253	6198	0.042205296
142253	719	0.042205293
142253	875	0.042205293
142253	1349	0.042205293
142253	3556	0.042205293
142253	1211	0.04220529
142253	2651	0.04220529
142256	581	0.07520888
142256	2552	0.07520887
142256	4342	0.07520887
142256	6198	0.07520887
142256	719	0.075208865
142256	1349	0.075208865
142256	3556	0.075208865
142256	3605	0.07520886
142256	3663	0.07520886
142256	3756	0.07520886
142398	581	0.064807
142398	719	0.064807
142398	2552	0.064807
142398	4342	0.064807
142398	6198	0.064807
142398	875	0.06480699
142398	1349	0.06480699
142398	3556	0.06480699
142398	3605	0.06480699
142398	365	0.06480698
142442	581	0.053450543
142442	2552	0.05345054
142442	4342	0.05345054
142442	6198	0.05345054
142442	719	0.053450532
142442	1349	0.053450532
142442	3556	0.053450532
142442	875	0.05345053
142442	3605	0.05345053
142442	3756	0.05345053
142479	581	0.06134306
142479	6198	0.06134306
142479	4342	0.061343055
142479	2552	0.06134305
142479	719	0.061343048
142479	1349	0.061343048
142479	3556	0.061343044
142479	3605	0.061343044
142479	4218	0.061343044
142479	2787	0.06134304
142565	6198	0.058743898
142565	581	0.058743894
142565	2552	0.058743894
142565	4342	0.058743894
142565	719	0.058743887
142565	1349	0.058743887
142565	3556	0.058743887
142565	3605	0.058743887
142565	875	0.058743883
142565	2787	0.058743883
142579	581	0.07204222
142579	2552	0.07204221
142579	4342	0.07204221
142579	6198	0.07204221
142579	719	0.072042204
142579	1349	0.0720422
142579	2787	0.0720422
142579	3422	0.0720422
142579	3556	0.0720422
142579	3605	0.0720422
142584	581	0.06434755
142584	2552	0.06434755
142584	6198	0.06434755
142584	4342	0.06434754
142584	719	0.064347535
142584	875	0.064347535
142584	880	0.064347535
142584	1349	0.064347535
142584	3556	0.064347535
142584	3756	0.064347535
142600	581	0.0630479
142600	4342	0.0630479
142600	6198	0.0630479
142600	1349	0.06304789
142600	2552	0.06304789
142600	719	0.063047886
142600	875	0.063047886
142600	3556	0.063047886
142600	3578	0.063047886
142600	3605	0.063047886
142623	6198	0.07101846
142623	581	0.07101845
142623	719	0.07101844
142623	1349	0.07101844
142623	2552	0.07101844
142623	3556	0.07101844
142623	3605	0.07101844
142623	4342	0.07101844
142623	875	0.071018435
142623	880	0.071018435
142661	581	0.06531124
142661	2552	0.06531124
142661	4342	0.06531124
142661	6198	0.06531124
142661	719	0.06531123
142661	1349	0.06531123
142661	875	0.06531122
142661	1958	0.06531122
142661	2787	0.06531122
142661	3556	0.06531122
142671	581	0.05927718
142671	6198	0.059277177
142671	4342	0.059277173
142671	1349	0.05927717
142671	2552	0.05927717
142671	3605	0.05927717
142671	3556	0.059277166
142671	719	0.059277162
142671	875	0.059277162
142671	1958	0.059277162
142672	581	0.058308028
142672	2552	0.058308028
142672	4342	0.058308028
142672	6198	0.058308028
142672	719	0.05830802
142672	1349	0.05830802
142672	3556	0.05830802
142672	875	0.058308017
142672	365	0.058308013
142672	880	0.058308013
142680	581	0.05840852
142680	6198	0.05840852
142680	2552	0.058408514
142680	4342	0.058408514
142680	719	0.058408506
142680	875	0.058408506
142680	1349	0.058408506
142680	3556	0.058408506
142680	3605	0.058408506
142680	3756	0.058408506
142715	2552	0.08268218
142715	4342	0.08268218
142715	6198	0.08268218
142715	719	0.08268216
142715	875	0.08268216
142715	1349	0.08268216
142715	2787	0.08268216
142715	3556	0.08268216
142715	3605	0.08268216
142715	3663	0.08268216
142745	581	0.073346585
142745	2552	0.07334658
142745	4342	0.07334658
142745	6198	0.07334658
142745	719	0.07334657
142745	1349	0.07334657
142745	3556	0.07334657
142745	2787	0.07334656
142745	3605	0.07334656
142745	3756	0.07334656
142801	581	0.055124573
142801	6198	0.055124573
142801	4342	0.05512457
142801	2552	0.055124566
142801	719	0.05512456
142801	875	0.05512456
142801	1349	0.05512456
142801	2651	0.05512456
142801	3556	0.05512456
142801	3605	0.05512456
142817	581	0.06927082
142817	4342	0.06927081
142817	6198	0.06927081
142817	719	0.069270805
142817	1349	0.069270805
142817	2552	0.069270805
142817	3556	0.069270805
142817	3605	0.069270805
142817	875	0.0692708
142817	2787	0.0692708
142823	581	0.06528365
142823	6198	0.06528365
142823	2552	0.06528364
142823	3556	0.06528364
142823	4342	0.06528364
142823	719	0.065283634
142823	875	0.065283634
142823	1349	0.065283634
142823	3605	0.065283634
142823	365	0.06528363
142861	581	0.05132436
142861	2552	0.051324356
142861	6198	0.051324356
142861	4342	0.051324353
142861	719	0.05132435
142861	1349	0.05132435
142861	3556	0.05132435
142861	875	0.051324345
142861	2787	0.051324345
142861	3605	0.051324345
143009	581	0.0527596
143009	2552	0.052759595
143009	4342	0.052759595
143009	6198	0.052759595
143009	1349	0.05275959
143009	719	0.052759588
143009	3556	0.052759588
143009	3605	0.052759588
143009	3756	0.052759588
143009	875	0.052759584
143011	581	0.06017796
143011	2552	0.060177952
143011	4342	0.060177952
143011	6198	0.060177952
143011	719	0.060177945
143011	875	0.060177945
143011	1349	0.060177945
143011	3556	0.060177945
143011	3605	0.06017794
143011	3756	0.06017794
143103	581	0.07168931
143103	2552	0.0716893
143103	719	0.07168929
143103	4342	0.07168929
143103	6198	0.07168929
143103	365	0.071689285
143103	875	0.071689285
143103	880	0.071689285
143103	3556	0.071689285
143103	3756	0.071689285
143134	6198	0.04849931
143134	581	0.048499305
143134	1349	0.0484993
143134	2552	0.0484993
143134	4342	0.0484993
143134	3556	0.048499297
143134	719	0.048499294
143134	875	0.048499294
143134	2787	0.048499294
143134	3605	0.048499294
143163	2552	0.07855433
143163	4342	0.07855433
143163	6198	0.07855433
143163	1349	0.078554325
143163	719	0.07855432
143163	875	0.07855432
143163	3556	0.07855432
143163	3605	0.07855432
143163	3756	0.07855432
143163	4218	0.07855432
143211	6198	0.073821075
143211	581	0.07382107
143211	2552	0.07382107
143211	4342	0.07382107
143211	719	0.07382106
143211	1349	0.07382106
143211	365	0.07382105
143211	875	0.07382105
143211	880	0.07382105
143211	1958	0.07382105
143253	6198	0.069734015
143253	581	0.06973401
143253	1349	0.06973401
143253	2552	0.06973401
143253	4342	0.06973401
143253	719	0.069734
143253	875	0.069734
143253	2651	0.069734
143253	3556	0.069734
143253	880	0.06973399
143294	581	0.07882468
143294	4342	0.07882467
143294	6198	0.07882467
143294	1349	0.07882466
143294	2552	0.07882466
143294	719	0.078824654
143294	3556	0.078824654
143294	3605	0.078824654
143294	3663	0.078824654
143294	4218	0.078824654
143302	581	0.05919517
143302	6198	0.059195165
143302	2552	0.05919516
143302	4342	0.05919516
143302	1349	0.059195157
143302	719	0.059195153
143302	2787	0.059195153
143302	3556	0.059195153
143302	3605	0.059195153
143302	875	0.05919515
143388	581	0.057181522
143388	6198	0.057181522
143388	2552	0.057181515
143388	4342	0.057181515
143388	719	0.05718151
143388	1349	0.05718151
143388	3556	0.05718151
143388	2787	0.057181507
143388	3605	0.057181507
143388	3756	0.057181507
143400	581	0.061650828
143400	2552	0.06165082
143400	6198	0.06165082
143400	4342	0.061650816
143400	1349	0.061650813
143400	719	0.06165081
143400	3556	0.06165081
143400	3605	0.06165081
143400	875	0.061650805
143400	880	0.061650805
143415	581	0.08509837
143415	6198	0.08509837
143415	4342	0.08509836
143415	1349	0.085098356
143415	2552	0.085098356
143415	2787	0.085098356
143415	3556	0.085098356
143415	3605	0.085098356
143415	719	0.08509835
143415	365	0.08509834
143427	581	0.06166734
143427	4342	0.061667338
143427	6198	0.061667338
143427	2552	0.061667334
143427	719	0.06166733
143427	1349	0.06166733
143427	3556	0.06166733
143427	3605	0.06166733
143427	2787	0.061667327
143427	875	0.061667323
143497	581	0.050301943
143497	6198	0.050301943
143497	2552	0.05030194
143497	4342	0.05030194
143497	719	0.050301936
143497	1349	0.050301936
143497	3556	0.050301936
143497	875	0.05030193
143497	3663	0.05030193
143497	3756	0.05030193
143715	581	0.06959098
143715	2552	0.06959098
143715	6198	0.06959098
143715	3556	0.06959097
143715	4342	0.06959097
143715	719	0.06959096
143715	1349	0.06959096
143715	3605	0.06959096
143715	3756	0.06959096
143715	365	0.069590956
143743	581	0.06466014
143743	2552	0.06466014
143743	4342	0.06466014
143743	719	0.06466013
143743	1349	0.06466013
143743	3556	0.06466013
143743	6198	0.06466013
143743	2651	0.064660124
143743	2787	0.064660124
143743	3605	0.064660124
143792	6198	0.08325242
143792	2552	0.083252415
143792	4342	0.083252415
143792	719	0.08325241
143792	1349	0.08325241
143792	880	0.0832524
143792	1958	0.0832524
143792	2651	0.0832524
143792	2787	0.0832524
143792	3556	0.0832524
143809	581	0.056388125
143809	2552	0.056388117
143809	4342	0.056388117
143809	6198	0.056388117
143809	719	0.05638811
143809	1349	0.05638811
143809	3556	0.05638811
143809	3605	0.05638811
143809	3756	0.05638811
143809	4218	0.056388106
143837	581	0.0859171
143837	2552	0.0859171
143837	6198	0.0859171
143837	4342	0.08591709
143837	719	0.085917085
143837	1349	0.085917085
143837	3556	0.085917085
143837	3605	0.085917085
143837	2787	0.08591708
143837	3663	0.08591708
143909	581	0.061717436
143909	6198	0.061717432
143909	2552	0.06171743
143909	4342	0.06171743
143909	3556	0.061717425
143909	719	0.06171742
143909	875	0.06171742
143909	1349	0.06171742
143909	3605	0.06171742
143909	4218	0.061717417
143939	581	0.054097738
143939	6198	0.054097738
143939	2552	0.05409773
143939	4342	0.05409773
143939	719	0.054097727
143939	1349	0.054097727
143939	3556	0.054097727
143939	3605	0.054097723
143939	875	0.05409772
143939	2651	0.05409772
143964	581	0.066794544
143964	6198	0.066794544
143964	2552	0.06679454
143964	4342	0.06679454
143964	719	0.06679453
143964	875	0.06679453
143964	1349	0.06679453
143964	2651	0.06679453
143964	2787	0.06679453
143964	3556	0.06679453
143965	581	0.054519236
143965	4342	0.054519236
143965	2552	0.054519232
143965	6198	0.054519232
143965	719	0.05451923
143965	1349	0.05451923
143965	3556	0.05451923
143965	3605	0.05451923
143965	365	0.05451922
143965	875	0.05451922
143968	581	0.07745328
143968	719	0.07745327
143968	2552	0.07745327
143968	4342	0.07745327
143968	6198	0.07745327
143968	1349	0.07745326
143968	3556	0.07745326
143968	875	0.077453256
143968	2651	0.077453256
143968	2787	0.077453256
144017	581	0.04804024
144017	2552	0.048040237
144017	6198	0.048040237
144017	3556	0.048040234
144017	4342	0.048040234
144017	1349	0.04804023
144017	365	0.048040226
144017	719	0.048040226
144017	875	0.048040226
144017	880	0.048040226
144038	581	0.052309595
144038	2552	0.05230959
144038	4342	0.05230959
144038	6198	0.05230959
144038	719	0.052309584
144038	1349	0.052309584
144038	875	0.05230958
144038	2651	0.05230958
144038	2787	0.05230958
144038	3556	0.05230958
144062	581	0.05038872
144062	4342	0.050388716
144062	6198	0.050388716
144062	2552	0.050388712
144062	719	0.05038871
144062	1349	0.05038871
144062	3556	0.05038871
144062	3605	0.05038871
144062	3756	0.050388705
144062	875	0.0503887
144151	6198	0.07046118
144151	581	0.07046117
144151	2552	0.07046117
144151	4342	0.07046117
144151	1349	0.07046116
144151	3556	0.07046116
144151	365	0.070461154
144151	719	0.070461154
144151	875	0.070461154
144151	880	0.070461154
144194	581	0.042093523
144194	4342	0.04209352
144194	6198	0.04209352
144194	1349	0.042093515
144194	2552	0.042093515
144194	3556	0.042093515
144194	719	0.04209351
144194	3605	0.04209351
144194	4218	0.04209351
144194	875	0.042093508
144223	581	0.049882982
144223	2552	0.049882982
144223	4342	0.04988298
144223	6198	0.04988298
144223	719	0.049882974
144223	1349	0.049882974
144223	3556	0.049882974
144223	875	0.04988297
144223	880	0.04988297
144223	2651	0.04988297
144229	581	0.081763804
144229	2552	0.081763804
144229	4342	0.081763804
144229	6198	0.081763804
144229	719	0.08176379
144229	875	0.08176379
144229	1349	0.08176379
144229	2651	0.08176379
144229	3556	0.08176379
144229	3605	0.08176379
144241	581	0.050110206
144241	4342	0.050110202
144241	6198	0.050110202
144241	2552	0.0501102
144241	719	0.050110195
144241	875	0.05011019
144241	880	0.05011019
144241	1349	0.05011019
144241	3556	0.05011019
144241	3605	0.05011019
144255	581	0.09037184
144255	2552	0.09037183
144255	4342	0.09037183
144255	6198	0.09037183
144255	719	0.090371825
144255	3556	0.090371825
144255	875	0.09037182
144255	1349	0.09037182
144255	3605	0.09037182
144255	3663	0.09037182
144315	581	0.05162782
144315	4342	0.051627815
144315	6198	0.051627815
144315	2552	0.05162781
144315	719	0.051627807
144315	1349	0.051627807
144315	3556	0.051627807
144315	3605	0.051627804
144315	4218	0.051627804
144315	365	0.0516278
144318	581	0.06912093
144318	6198	0.06912093
144318	4342	0.06912092
144318	719	0.069120914
144318	1349	0.069120914
144318	2552	0.069120914
144318	3605	0.069120914
144318	1958	0.06912091
144318	2651	0.06912091
144318	2787	0.06912091
144455	581	0.04554898
144455	2552	0.04554898
144455	719	0.045548975
144455	4342	0.045548975
144455	6198	0.045548975
144455	1349	0.04554897
144455	875	0.045548968
144455	2787	0.045548968
144455	3556	0.045548968
144455	3605	0.045548968
144478	581	0.087756135
144478	2552	0.087756135
144478	4342	0.08775613
144478	6198	0.08775613
144478	719	0.08775612
144478	1349	0.08775612
144478	875	0.08775611
144478	2787	0.08775611
144478	3556	0.08775611
144478	3605	0.08775611
144516	581	0.06887251
144516	4342	0.06887251
144516	6198	0.06887251
144516	2552	0.068872504
144516	719	0.0688725
144516	1349	0.0688725
144516	2787	0.0688725
144516	3556	0.0688725
144516	3605	0.0688725
144516	3663	0.0688725
144531	581	0.08079121
144531	2552	0.080791205
144531	4342	0.080791205
144531	6198	0.080791205
144531	719	0.08079119
144531	1349	0.08079119
144531	3556	0.08079119
144531	3605	0.08079119
144531	3756	0.08079119
144531	2787	0.08079118
144555	581	0.08159134
144555	2552	0.08159134
144555	4342	0.08159134
144555	6198	0.08159134
144555	719	0.08159133
144555	1349	0.08159133
144555	875	0.08159132
144555	2651	0.08159132
144555	2787	0.08159132
144555	3422	0.08159132
144619	581	0.052187163
144619	4342	0.05218716
144619	6198	0.05218716
144619	719	0.052187152
144619	1349	0.052187152
144619	3556	0.052187152
144619	3605	0.05218715
144619	365	0.052187145
144619	875	0.052187145
144619	1958	0.052187145
144632	6198	0.057546847
144632	581	0.057546843
144632	2552	0.057546843
144632	719	0.05754684
144632	4342	0.05754684
144632	1349	0.057546835
144632	875	0.05754683
144632	2787	0.05754683
144632	3556	0.05754683
144632	3605	0.05754683
144667	581	0.057796888
144667	2552	0.057796888
144667	6198	0.057796888
144667	4342	0.057796884
144667	1349	0.05779688
144667	3556	0.05779688
144667	3605	0.05779688
144667	719	0.057796877
144667	875	0.057796873
144667	2787	0.057796873
144707	581	0.06959859
144707	1349	0.069598585
144707	2552	0.069598585
144707	4342	0.069598585
144707	6198	0.069598585
144707	719	0.06959858
144707	2787	0.06959858
144707	365	0.06959857
144707	875	0.06959857
144707	1173	0.06959857
144727	581	0.051731624
144727	2552	0.05173162
144727	6198	0.05173162
144727	719	0.051731616
144727	1349	0.051731616
144727	3556	0.051731616
144727	4342	0.051731616
144727	3605	0.051731613
144727	875	0.05173161
144727	2787	0.05173161
144828	581	0.062919214
144828	2552	0.062919214
144828	6198	0.062919214
144828	4342	0.06291921
144828	719	0.0629192
144828	875	0.0629192
144828	1349	0.0629192
144828	3556	0.0629192
144828	3605	0.0629192
144828	3663	0.0629192
144899	581	0.054161288
144899	2552	0.05416128
144899	4342	0.05416128
144899	6198	0.05416128
144899	719	0.054161277
144899	3556	0.054161277
144899	875	0.054161273
144899	1349	0.054161273
144899	3756	0.054161273
144899	365	0.05416127
144910	581	0.05792254
144910	2552	0.057922535
144910	4342	0.057922535
144910	6198	0.057922535
144910	719	0.057922527
144910	875	0.057922527
144910	1349	0.057922527
144910	3556	0.057922527
144910	3605	0.057922527
144910	880	0.057922523
144925	581	0.05498961
144925	2552	0.054989606
144925	4342	0.054989606
144925	6198	0.054989606
144925	1349	0.0549896
144925	3556	0.0549896
144925	3605	0.0549896
144925	719	0.054989595
144925	365	0.05498959
144925	875	0.05498959
144953	581	0.048179723
144953	6198	0.048179723
144953	2552	0.04817972
144953	4342	0.04817972
144953	719	0.048179716
144953	1349	0.048179716
144953	3556	0.048179716
144953	875	0.04817971
144953	2787	0.04817971
144953	3605	0.04817971
144997	581	0.05111413
144997	2552	0.051114127
144997	4342	0.051114127
144997	6198	0.051114127
144997	719	0.05111412
144997	875	0.05111412
144997	1349	0.05111412
144997	3605	0.05111412
144997	2787	0.051114116
144997	3422	0.051114116
145003	581	0.06245935
145003	6198	0.06245935
145003	2552	0.062459346
145003	4342	0.062459346
145003	1349	0.062459342
145003	719	0.06245934
145003	3556	0.06245934
145003	875	0.062459335
145003	3605	0.062459335
145003	3756	0.062459335
145109	581	0.052136496
145109	2552	0.052136496
145109	4342	0.052136496
145109	6198	0.052136496
145109	719	0.05213649
145109	1349	0.05213649
145109	3556	0.05213649
145109	875	0.052136485
145109	3605	0.052136485
145109	365	0.05213648
145165	581	0.04607659
145165	2552	0.04607659
145165	4342	0.04607659
145165	6198	0.04607659
145165	719	0.04607658
145165	1349	0.04607658
145165	3556	0.04607658
145165	3605	0.04607658
145165	875	0.046076577
145165	3756	0.046076577
145218	581	0.07165546
145218	1349	0.07165545
145218	2552	0.07165545
145218	4342	0.07165545
145218	6198	0.07165545
145218	719	0.071655445
145218	3556	0.071655445
145218	365	0.07165544
145218	875	0.07165544
145218	2651	0.07165544
145369	581	0.08550025
145369	1349	0.08550024
145369	2552	0.08550024
145369	4342	0.08550024
145369	6198	0.08550024
145369	719	0.085500225
145369	875	0.085500225
145369	1958	0.085500225
145369	2787	0.085500225
145369	3556	0.085500225
145449	581	0.08273235
145449	2552	0.08273234
145449	6198	0.08273234
145449	719	0.082732335
145449	1349	0.082732335
145449	3556	0.082732335
145449	3605	0.082732335
145449	4342	0.082732335
145449	875	0.08273233
145449	2651	0.08273233
145543	581	0.05583707
145543	6198	0.05583707
145543	4342	0.055837065
145543	2552	0.05583706
145543	719	0.055837058
145543	1349	0.055837058
145543	3556	0.055837058
145543	3605	0.055837058
145543	3756	0.055837054
145543	365	0.05583705
145619	581	0.04813131
145619	6198	0.04813131
145619	4342	0.048131306
145619	719	0.048131302
145619	1349	0.048131302
145619	2552	0.048131302
145619	875	0.048131295
145619	1958	0.048131295
145619	2651	0.048131295
145619	2787	0.048131295
145641	581	0.06811784
145641	2552	0.068117835
145641	6198	0.068117835
145641	719	0.06811783
145641	3556	0.06811783
145641	3756	0.06811783
145641	4342	0.06811783
145641	1349	0.06811782
145641	5147	0.06811782
145641	365	0.06811781
145644	581	0.05754316
145644	6198	0.05754316
145644	4342	0.057543155
145644	2552	0.05754315
145644	3556	0.057543147
145644	719	0.057543144
145644	875	0.057543144
145644	1349	0.057543144
145644	2787	0.057543144
145644	3605	0.057543144
145737	581	0.05897683
145737	2552	0.058976825
145737	4342	0.058976825
145737	6198	0.058976825
145737	719	0.058976818
145737	875	0.058976814
145737	1349	0.058976814
145737	3556	0.058976814
145737	3605	0.058976814
145737	2651	0.05897681
145861	581	0.058615107
145861	2552	0.058615103
145861	6198	0.058615103
145861	4342	0.0586151
145861	719	0.058615096
145861	1349	0.058615096
145861	3556	0.058615096
145861	875	0.058615092
145861	2651	0.05861509
145861	2787	0.05861509
145887	581	0.048611607
145887	2552	0.048611604
145887	3556	0.048611604
145887	4342	0.048611604
145887	6198	0.048611604
145887	875	0.0486116
145887	719	0.048611596
145887	880	0.048611596
145887	1349	0.048611596
145887	3756	0.048611596
145959	581	0.04569964
145959	2552	0.04569964
145959	4342	0.04569964
145959	6198	0.04569964
145959	719	0.045699634
145959	1349	0.045699634
145959	3556	0.045699634
145959	3605	0.045699634
145959	3756	0.045699634
145959	875	0.04569963
146057	4342	0.047886707
146057	6198	0.047886707
146057	581	0.047886703
146057	2552	0.047886703
146057	719	0.0478867
146057	875	0.0478867
146057	1349	0.0478867
146057	3556	0.0478867
146057	2651	0.047886696
146057	2787	0.047886696
146078	581	0.050807253
146078	2552	0.050807253
146078	6198	0.050807253
146078	4342	0.05080725
146078	719	0.050807245
146078	1349	0.050807245
146078	3556	0.050807245
146078	875	0.05080724
146078	2787	0.05080724
146078	365	0.050807238
146083	581	0.06254392
146083	6198	0.06254392
146083	2552	0.06254391
146083	4342	0.06254391
146083	719	0.062543906
146083	1349	0.062543906
146083	3556	0.062543906
146083	3605	0.062543906
146083	365	0.0625439
146083	875	0.0625439
146113	581	0.072647534
146113	2552	0.07264753
146113	4342	0.07264753
146113	6198	0.07264753
146113	365	0.07264751
146113	719	0.07264751
146113	1349	0.07264751
146113	2651	0.07264751
146113	2787	0.07264751
146113	3556	0.07264751
146175	581	0.03508636
146175	719	0.035086356
146175	1349	0.035086356
146175	2552	0.035086356
146175	4342	0.035086356
146175	6198	0.035086356
146175	3556	0.035086352
146175	365	0.03508635
146175	875	0.03508635
146175	880	0.03508635
146207	581	0.039214708
146207	6198	0.039214708
146207	2552	0.039214704
146207	4342	0.039214704
146207	719	0.0392147
146207	1349	0.0392147
146207	3556	0.0392147
146207	3605	0.0392147
146207	875	0.039214697
146207	2787	0.039214697
146230	581	0.07423508
146230	6198	0.074235074
146230	719	0.07423507
146230	2552	0.07423507
146230	3556	0.07423507
146230	4342	0.07423507
146230	1349	0.07423506
146230	3605	0.07423506
146230	365	0.07423505
146230	875	0.07423505
146266	6198	0.04419127
146266	581	0.044191267
146266	1349	0.044191264
146266	2552	0.044191264
146266	4342	0.044191264
146266	719	0.04419126
146266	3556	0.04419126
146266	875	0.044191256
146266	2787	0.044191256
146266	3605	0.044191256
146298	581	0.05072084
146298	2552	0.05072084
146298	4342	0.05072084
146298	6198	0.05072084
146298	719	0.050720833
146298	875	0.050720833
146298	1349	0.050720833
146298	2787	0.050720833
146298	3556	0.050720833
146298	3605	0.050720833
146345	581	0.047836944
146345	2552	0.047836937
146345	4342	0.047836937
146345	6198	0.047836937
146345	719	0.047836933
146345	3556	0.047836933
146345	875	0.04783693
146345	1349	0.04783693
146345	3605	0.04783693
146345	365	0.047836926
146348	581	0.06780393
146348	1349	0.06780392
146348	2552	0.06780392
146348	3556	0.06780392
146348	3605	0.06780392
146348	4342	0.06780392
146348	6198	0.06780392
146348	719	0.06780391
146348	365	0.067803904
146348	875	0.067803904
146386	581	0.055520914
146386	6198	0.055520914
146386	4342	0.05552091
146386	1349	0.055520907
146386	2552	0.055520907
146386	719	0.055520903
146386	3556	0.055520903
146386	2787	0.0555209
146386	3605	0.0555209
146386	4218	0.0555209
146421	581	0.061528858
146421	2552	0.061528854
146421	4342	0.061528854
146421	6198	0.061528854
146421	719	0.061528847
146421	3556	0.061528847
146421	1349	0.061528843
146421	875	0.06152884
146421	2787	0.06152884
146421	3605	0.06152884
146530	581	0.062506944
146530	2552	0.062506944
146530	4342	0.062506944
146530	6198	0.062506944
146530	719	0.06250693
146530	875	0.06250693
146530	1349	0.06250693
146530	2651	0.06250693
146530	2787	0.06250693
146530	3556	0.06250693
146564	581	0.061494216
146564	2552	0.061494216
146564	4342	0.061494216
146564	6198	0.061494216
146564	719	0.06149421
146564	875	0.06149421
146564	1349	0.06149421
146564	3556	0.06149421
146564	2651	0.0614942
146564	2787	0.0614942
146573	581	0.051702634
146573	2552	0.051702626
146573	4342	0.051702626
146573	6198	0.051702626
146573	719	0.05170262
146573	875	0.05170262
146573	1349	0.05170262
146573	2651	0.05170262
146573	2787	0.05170262
146573	3556	0.05170262
146641	581	0.038212776
146641	2552	0.038212776
146641	4342	0.038212776
146641	6198	0.038212776
146641	719	0.03821277
146641	875	0.03821277
146641	1349	0.03821277
146641	3556	0.03821277
146641	3605	0.03821277
146641	3756	0.03821277
146699	581	0.06262061
146699	2552	0.06262061
146699	4342	0.06262061
146699	6198	0.06262061
146699	719	0.0626206
146699	1349	0.0626206
146699	3556	0.0626206
146699	365	0.062620595
146699	875	0.062620595
146699	1958	0.062620595
146778	581	0.040083043
146778	4342	0.040083043
146778	6198	0.040083043
146778	2552	0.04008304
146778	3556	0.04008304
146778	719	0.040083036
146778	875	0.040083036
146778	1349	0.040083036
146778	2651	0.040083036
146778	2787	0.040083036
146803	581	0.098350406
146803	6198	0.098350406
146803	2552	0.0983504
146803	4342	0.0983504
146803	719	0.09835039
146803	1349	0.09835039
146803	3605	0.09835038
146803	880	0.098350376
146803	1958	0.098350376
146803	2651	0.098350376
146855	581	0.05928269
146855	2552	0.05928269
146855	4342	0.05928269
146855	6198	0.05928269
146855	719	0.059282683
146855	1349	0.05928268
146855	3556	0.05928268
146855	875	0.059282675
146855	2651	0.059282675
146855	2787	0.059282675
146874	581	0.05997373
146874	2552	0.059973728
146874	4342	0.059973728
146874	6198	0.059973728
146874	1349	0.05997372
146874	3556	0.05997372
146874	719	0.059973717
146874	3605	0.059973717
146874	3756	0.059973717
146874	875	0.059973713
146932	581	0.060950242
146932	6198	0.060950242
146932	2552	0.06095024
146932	4342	0.06095024
146932	719	0.06095023
146932	1349	0.06095023
146932	3556	0.06095023
146932	875	0.060950227
146932	3605	0.060950227
146932	3756	0.060950227
147045	581	0.033393458
147045	4342	0.033393458
147045	6198	0.033393458
147045	2552	0.033393454
147045	365	0.03339345
147045	719	0.03339345
147045	875	0.03339345
147045	1349	0.03339345
147045	2787	0.03339345
147045	3556	0.03339345
147141	6198	0.084532306
147141	2552	0.0845323
147141	4342	0.0845323
147141	719	0.08453229
147141	1349	0.08453229
147141	3605	0.08453229
147141	875	0.08453228
147141	2787	0.08453228
147141	3556	0.08453228
147141	3756	0.08453228
147224	581	0.074502
147224	4342	0.074502
147224	6198	0.074502
147224	719	0.07450199
147224	1349	0.07450199
147224	2552	0.07450199
147224	3556	0.07450199
147224	3605	0.074501984
147224	365	0.07450198
147224	875	0.07450198
147307	581	0.050251797
147307	6198	0.050251793
147307	2552	0.05025179
147307	4342	0.05025179
147307	719	0.050251782
147307	1349	0.050251782
147307	3556	0.050251782
147307	3605	0.050251782
147307	365	0.05025178
147307	875	0.05025178
147385	581	0.046991404
147385	6198	0.0469914
147385	2552	0.046991397
147385	4342	0.046991397
147385	719	0.046991393
147385	1349	0.046991393
147385	3556	0.046991393
147385	3605	0.046991393
147385	3756	0.04699139
147385	365	0.046991386
147420	581	0.06305167
147420	2552	0.06305167
147420	4342	0.06305167
147420	6198	0.06305167
147420	719	0.06305166
147420	3556	0.06305166
147420	875	0.063051656
147420	880	0.063051656
147420	1349	0.063051656
147420	2651	0.063051656
147451	581	0.07103363
147451	2552	0.07103363
147451	4342	0.07103363
147451	6198	0.07103363
147451	719	0.07103362
147451	365	0.07103361
147451	875	0.07103361
147451	880	0.07103361
147451	1349	0.07103361
147451	2651	0.07103361
147528	581	0.056643322
147528	2552	0.05664332
147528	4342	0.05664332
147528	6198	0.056643315
147528	719	0.05664331
147528	3556	0.05664331
147528	875	0.056643307
147528	1349	0.056643307
147528	3605	0.056643307
147528	3756	0.056643307
147678	581	0.06257396
147678	2552	0.062573954
147678	4342	0.062573954
147678	6198	0.062573954
147678	719	0.06257395
147678	875	0.06257395
147678	1349	0.06257395
147678	3556	0.06257395
147678	3605	0.06257395
147678	365	0.06257394
147686	2552	0.06639615
147686	6198	0.06639615
147686	4342	0.06639614
147686	581	0.06639613
147686	719	0.06639613
147686	880	0.06639613
147686	1349	0.06639613
147686	2651	0.06639613
147686	3556	0.06639613
147686	3605	0.06639613
147752	581	0.04481438
147752	2552	0.044814378
147752	4342	0.044814378
147752	6198	0.044814378
147752	719	0.04481437
147752	875	0.04481437
147752	880	0.04481437
147752	1349	0.04481437
147752	2787	0.04481437
147752	3556	0.04481437
147803	581	0.063384786
147803	2552	0.063384786
147803	4342	0.063384786
147803	6198	0.063384786
147803	719	0.06338478
147803	1349	0.06338478
147803	3556	0.06338478
147803	3756	0.06338478
147803	365	0.06338477
147803	875	0.06338477
147839	581	0.06520722
147839	1349	0.06520721
147839	2552	0.06520721
147839	4342	0.06520721
147839	6198	0.06520721
147839	3556	0.065207206
147839	3605	0.065207206
147839	365	0.0652072
147839	719	0.0652072
147839	875	0.0652072
147851	581	0.05884896
147851	6198	0.05884896
147851	2552	0.058848955
147851	4342	0.05884895
147851	719	0.058848947
147851	875	0.058848947
147851	1349	0.058848947
147851	2787	0.058848947
147851	3556	0.058848947
147851	1958	0.058848944
147900	581	0.050108917
147900	6198	0.050108913
147900	719	0.05010891
147900	1349	0.05010891
147900	2552	0.05010891
147900	3556	0.05010891
147900	4342	0.05010891
147900	1173	0.050108902
147900	1958	0.050108902
147900	2787	0.050108902
147947	581	0.061636046
147947	6198	0.06163604
147947	2552	0.061636038
147947	4342	0.061636038
147947	719	0.06163603
147947	1349	0.06163603
147947	3556	0.06163603
147947	3605	0.06163603
147947	2787	0.061636027
147947	3663	0.061636027
147965	581	0.0645904
147965	1349	0.064590394
147965	2552	0.064590394
147965	3556	0.064590394
147965	4342	0.064590394
147965	6198	0.064590394
147965	719	0.06459039
147965	875	0.06459039
147965	365	0.06459038
147965	880	0.06459038
148028	581	0.068231665
148028	2552	0.068231665
148028	4342	0.068231665
148028	719	0.06823166
148028	1349	0.06823166
148028	2651	0.06823166
148028	3556	0.06823166
148028	3605	0.06823166
148028	6198	0.06823166
148028	875	0.06823165
148030	581	0.05473502
148030	2552	0.05473502
148030	4342	0.05473502
148030	6198	0.05473502
148030	1349	0.054735016
148030	719	0.054735012
148030	875	0.054735012
148030	3556	0.054735012
148030	3605	0.054735012
148030	2787	0.05473501
148121	581	0.07031271
148121	2552	0.0703127
148121	6198	0.0703127
148121	719	0.07031269
148121	1349	0.07031269
148121	3556	0.07031269
148121	3605	0.07031269
148121	4218	0.07031269
148121	4342	0.07031269
148121	875	0.070312686
148124	581	0.048944764
148124	4342	0.048944764
148124	2552	0.04894476
148124	6198	0.04894476
148124	719	0.048944756
148124	1349	0.048944756
148124	3556	0.048944756
148124	3605	0.048944756
148124	5214	0.048944753
148124	365	0.04894475
148142	581	0.07298629
148142	2552	0.07298629
148142	4342	0.07298629
148142	6198	0.07298629
148142	1349	0.07298628
148142	719	0.072986275
148142	875	0.072986275
148142	2651	0.072986275
148142	2787	0.072986275
148142	3556	0.072986275
148157	581	0.055450223
148157	2552	0.05545022
148157	6198	0.05545022
148157	719	0.055450216
148157	4342	0.055450216
148157	875	0.055450212
148157	1349	0.055450212
148157	3556	0.055450212
148157	2787	0.05545021
148157	3605	0.05545021
148191	581	0.05580012
148191	2552	0.055800118
148191	4342	0.055800118
148191	6198	0.055800118
148191	719	0.05580011
148191	1349	0.05580011
148191	3556	0.05580011
148191	875	0.055800106
148191	2787	0.055800106
148191	3605	0.055800106
148199	581	0.04944618
148199	6198	0.04944618
148199	2552	0.049446177
148199	4342	0.049446173
148199	719	0.04944617
148199	1349	0.04944617
148199	875	0.049446166
148199	2651	0.049446166
148199	3556	0.049446166
148199	3605	0.049446166
148239	581	0.07084215
148239	2552	0.07084215
148239	4342	0.07084215
148239	6198	0.07084215
148239	719	0.07084214
148239	1349	0.07084214
148239	3556	0.07084214
148239	875	0.07084213
148239	880	0.07084213
148239	1958	0.07084213
148258	581	0.07679258
148258	2552	0.076792575
148258	4342	0.076792575
148258	6198	0.076792575
148258	719	0.07679257
148258	1349	0.07679257
148258	3556	0.07679257
148258	875	0.07679256
148258	3605	0.07679256
148258	365	0.07679255
148263	581	0.05375187
148263	2552	0.05375187
148263	4342	0.053751867
148263	6198	0.053751867
148263	719	0.05375186
148263	1349	0.05375186
148263	875	0.053751856
148263	3556	0.053751856
148263	3605	0.053751856
148263	3756	0.053751856
148314	581	0.067516655
148314	6198	0.06751665
148314	719	0.06751664
148314	2552	0.06751664
148314	3556	0.06751664
148314	4342	0.06751664
148314	1349	0.06751663
148314	3605	0.06751663
148314	4366	0.06751663
148314	5147	0.06751663
148344	581	0.06718458
148344	6198	0.06718458
148344	2552	0.067184575
148344	4342	0.067184575
148344	719	0.06718457
148344	875	0.06718457
148344	1349	0.06718457
148344	3556	0.06718457
148344	3605	0.06718457
148344	880	0.06718456
148586	581	0.06189136
148586	6198	0.06189136
148586	1349	0.061891355
148586	2552	0.061891355
148586	4342	0.061891355
148586	719	0.061891347
148586	3556	0.061891347
148586	3605	0.061891347
148586	2787	0.061891343
148586	4218	0.061891343
148590	581	0.061220527
148590	2552	0.061220527
148590	6198	0.061220527
148590	4342	0.061220523
148590	719	0.06122052
148590	1349	0.06122052
148590	3556	0.061220516
148590	875	0.06122051
148590	1958	0.06122051
148590	2651	0.06122051
148632	581	0.08866566
148632	2552	0.08866565
148632	4342	0.08866565
148632	6198	0.08866565
148632	719	0.088665634
148632	875	0.088665634
148632	1349	0.088665634
148632	3556	0.088665634
148632	3756	0.088665634
148632	2787	0.08866563
148662	581	0.05210458
148662	4342	0.052104577
148662	6198	0.052104577
148662	2552	0.052104574
148662	719	0.05210457
148662	1349	0.05210457
148662	3556	0.05210457
148662	3605	0.05210457
148662	2787	0.052104566
148662	3756	0.052104566
148712	581	0.050383553
148712	6198	0.05038355
148712	719	0.050383545
148712	1349	0.050383545
148712	2552	0.050383545
148712	4342	0.050383545
148712	3556	0.05038354
148712	875	0.050383538
148712	2651	0.050383538
148712	2787	0.050383538
148744	581	0.086490996
148744	2552	0.08649099
148744	3556	0.08649099
148744	4342	0.08649099
148744	6198	0.08649099
148744	719	0.08649098
148744	1349	0.08649098
148744	3605	0.08649098
148744	875	0.086490974
148744	2787	0.086490974
148798	581	0.052524023
148798	2552	0.052524023
148798	4342	0.052524023
148798	6198	0.052524023
148798	719	0.052524015
148798	1349	0.052524015
148798	3556	0.052524015
148798	3605	0.052524015
148798	3756	0.05252401
148798	365	0.052524008
148804	581	0.05552762
148804	4342	0.05552762
148804	6198	0.05552762
148804	2552	0.055527616
148804	719	0.055527613
148804	1349	0.055527613
148804	3556	0.055527613
148804	3605	0.055527613
148804	875	0.05552761
148804	880	0.055527605
148863	581	0.058909744
148863	6198	0.05890974
148863	2552	0.058909737
148863	4342	0.058909737
148863	719	0.058909733
148863	1349	0.058909733
148863	875	0.05890973
148863	2787	0.05890973
148863	3556	0.05890973
148863	3756	0.05890973
148898	581	0.06761139
148898	719	0.06761138
148898	2552	0.06761138
148898	4342	0.06761138
148898	6198	0.06761138
148898	1349	0.067611374
148898	3556	0.067611374
148898	365	0.06761137
148898	875	0.06761137
148898	880	0.06761137
148929	581	0.053827763
148929	6198	0.053827763
148929	2552	0.05382776
148929	4342	0.05382776
148929	719	0.053827755
148929	3556	0.053827755
148929	1349	0.05382775
148929	365	0.053827748
148929	875	0.053827748
148929	880	0.053827748
148934	581	0.060104016
148934	6198	0.060104016
148934	2552	0.060104012
148934	4342	0.060104012
148934	719	0.060104005
148934	1349	0.060104005
148934	3556	0.060104005
148934	875	0.060104
148934	3605	0.060104
148934	3663	0.060104
148962	581	0.05333612
148962	4342	0.05333612
148962	6198	0.05333612
148962	1349	0.053336114
148962	2552	0.053336114
148962	3556	0.053336114
148962	719	0.05333611
148962	3605	0.05333611
148962	875	0.053336106
148962	2787	0.053336106
148966	581	0.044531897
148966	6198	0.044531897
148966	4342	0.044531893
148966	719	0.04453189
148966	1349	0.04453189
148966	2552	0.04453189
148966	3556	0.04453189
148966	875	0.044531886
148966	2787	0.044531886
148966	3756	0.044531886
149069	581	0.078213975
149069	2552	0.078213975
149069	6198	0.078213975
149069	4342	0.07821397
149069	719	0.07821396
149069	1349	0.07821396
149069	3556	0.07821396
149069	3605	0.07821395
149069	3756	0.07821395
149069	365	0.078213945
149071	581	0.06881472
149071	2552	0.06881471
149071	3556	0.06881471
149071	6198	0.06881471
149071	719	0.0688147
149071	1349	0.0688147
149071	4342	0.0688147
149071	875	0.068814695
149071	3605	0.068814695
149071	5147	0.068814695
149084	581	0.052944813
149084	2552	0.05294481
149084	4342	0.05294481
149084	6198	0.05294481
149084	719	0.0529448
149084	1349	0.0529448
149084	3556	0.0529448
149084	3605	0.0529448
149084	875	0.052944798
149084	2787	0.052944798
149120	581	0.056235775
149120	6198	0.056235775
149120	2552	0.05623577
149120	4342	0.05623577
149120	1349	0.056235768
149120	719	0.056235764
149120	3556	0.056235764
149120	875	0.05623576
149120	2787	0.05623576
149120	3605	0.05623576
149140	581	0.056568913
149140	6198	0.056568913
149140	2552	0.056568906
149140	4342	0.056568906
149140	719	0.056568902
149140	1349	0.056568902
149140	3556	0.056568902
149140	875	0.0565689
149140	2787	0.0565689
149140	3605	0.0565689
149204	581	0.067350514
149204	6198	0.067350514
149204	719	0.06735051
149204	1349	0.06735051
149204	2552	0.06735051
149204	3556	0.06735051
149204	4342	0.06735051
149204	2787	0.0673505
149204	3605	0.0673505
149204	3756	0.0673505
149231	581	0.050082326
149231	4342	0.050082326
149231	6198	0.050082326
149231	2552	0.050082322
149231	719	0.05008232
149231	1349	0.05008232
149231	3556	0.05008232
149231	3605	0.050082315
149231	365	0.05008231
149231	875	0.05008231
149259	6198	0.05616637
149259	581	0.056166366
149259	2552	0.056166366
149259	4342	0.056166366
149259	719	0.05616636
149259	875	0.05616636
149259	1349	0.05616636
149259	3556	0.05616636
149259	2787	0.056166355
149259	365	0.05616635
149483	581	0.06847574
149483	2552	0.06847574
149483	4342	0.06847574
149483	6198	0.06847574
149483	1349	0.06847573
149483	719	0.06847572
149483	875	0.06847572
149483	880	0.06847572
149483	1958	0.06847572
149483	2651	0.06847572
149661	581	0.06654416
149661	2552	0.06654416
149661	4342	0.06654416
149661	6198	0.06654416
149661	1349	0.06654415
149661	3605	0.06654415
149661	719	0.066544145
149661	875	0.066544145
149661	2651	0.066544145
149661	2787	0.066544145
149690	581	0.05758828
149690	6198	0.057588276
149690	2552	0.05758827
149690	4342	0.05758827
149690	719	0.057588264
149690	875	0.057588264
149690	1349	0.057588264
149690	3556	0.057588264
149690	2787	0.05758826
149690	3605	0.05758826
149843	581	0.06010922
149843	6198	0.06010922
149843	4342	0.060109217
149843	2552	0.060109213
149843	719	0.06010921
149843	1349	0.06010921
149843	875	0.060109206
149843	2787	0.060109206
149843	3556	0.060109206
149843	3605	0.060109206
149907	581	0.05130648
149907	6198	0.051306475
149907	1349	0.05130647
149907	2552	0.05130647
149907	4342	0.05130647
149907	719	0.051306468
149907	3556	0.051306468
149907	3605	0.051306468
149907	875	0.051306464
149907	2651	0.051306464
149934	581	0.06400158
149934	6198	0.06400158
149934	1349	0.064001575
149934	2552	0.064001575
149934	4342	0.064001575
149934	719	0.06400157
149934	3556	0.06400157
149934	3605	0.06400157
149934	365	0.06400156
149934	875	0.06400156
150000	581	0.04073202
150000	4342	0.04073201
150000	6198	0.04073201
150000	719	0.040732007
150000	1349	0.040732007
150000	2552	0.040732007
150000	3556	0.040732007
150000	880	0.040732004
150000	3605	0.040732004
150000	3663	0.040732004
150124	581	0.06583495
150124	2552	0.06583495
150124	6198	0.06583495
150124	719	0.06583494
150124	1349	0.06583494
150124	4342	0.06583494
150124	2787	0.06583493
150124	3556	0.06583493
150124	3605	0.06583493
150124	875	0.065834925
150327	581	0.049629375
150327	2552	0.049629375
150327	4342	0.049629375
150327	6198	0.049629375
150327	719	0.049629368
150327	1349	0.049629368
150327	3556	0.049629368
150327	3605	0.049629364
150327	365	0.04962936
150327	875	0.04962936
150498	581	0.05859924
150498	4342	0.058599237
150498	6198	0.058599237
150498	1349	0.058599234
150498	2552	0.058599234
150498	3556	0.05859923
150498	719	0.058599226
150498	2787	0.058599226
150498	3605	0.058599226
150498	3756	0.058599226
150554	581	0.046669252
150554	6198	0.046669252
150554	2552	0.04666925
150554	4342	0.04666925
150554	719	0.046669245
150554	3556	0.046669245
150554	875	0.04666924
150554	1349	0.04666924
150554	365	0.046669237
150554	880	0.046669237
150561	581	0.09156297
150561	2552	0.09156297
150561	4342	0.09156297
150561	6198	0.09156297
150561	719	0.09156296
150561	1349	0.09156296
150561	3556	0.09156296
150561	3605	0.09156296
150561	2651	0.09156295
150561	2787	0.09156295
150587	581	0.055058956
150587	2552	0.055058952
150587	6198	0.055058952
150587	1349	0.05505895
150587	4342	0.05505895
150587	719	0.055058945
150587	875	0.05505894
150587	2787	0.05505894
150587	3556	0.05505894
150587	3605	0.05505894
150657	581	0.06671615
150657	6198	0.06671615
150657	719	0.06671614
150657	2552	0.06671614
150657	4342	0.06671614
150657	875	0.066716135
150657	1349	0.066716135
150657	3422	0.066716135
150657	3556	0.066716135
150657	3605	0.066716135
150661	581	0.07647589
150661	2552	0.07647589
150661	4342	0.07647589
150661	6198	0.07647589
150661	3556	0.07647588
150661	719	0.07647587
150661	875	0.07647587
150661	1349	0.07647587
150661	2787	0.07647587
150661	3605	0.07647587
150663	581	0.056885287
150663	2552	0.056885287
150663	4342	0.056885287
150663	6198	0.056885283
150663	719	0.05688528
150663	3556	0.05688528
150663	1349	0.056885276
150663	3605	0.056885276
150663	875	0.056885272
150663	2787	0.056885272
150762	581	0.04138417
150762	6198	0.041384168
150762	2552	0.041384164
150762	4342	0.041384164
150762	719	0.04138416
150762	1349	0.04138416
150762	3556	0.04138416
150762	3756	0.04138416
150762	875	0.041384157
150762	3605	0.041384157
150767	581	0.061034217
150767	6198	0.061034217
150767	2552	0.061034214
150767	3556	0.06103421
150767	4342	0.06103421
150767	719	0.061034206
150767	1349	0.061034206
150767	875	0.061034203
150767	880	0.061034203
150767	2651	0.061034203
150890	581	0.054853246
150890	6198	0.054853246
150890	2552	0.05485324
150890	4342	0.05485324
150890	1349	0.054853234
150890	3556	0.054853234
150890	719	0.05485323
150890	875	0.05485323
150890	3605	0.05485323
150890	3756	0.05485323
150894	581	0.0534171
150894	2552	0.0534171
150894	4342	0.0534171
150894	6198	0.0534171
150894	719	0.053417094
150894	1349	0.053417094
150894	3556	0.053417094
150894	3605	0.053417094
150894	875	0.053417087
150894	1958	0.053417087
150896	581	0.073902465
150896	6198	0.073902465
150896	719	0.07390246
150896	1349	0.07390246
150896	2552	0.07390246
150896	3556	0.07390246
150896	3605	0.07390246
150896	4342	0.07390246
150896	875	0.07390245
150896	3756	0.07390245
150932	581	0.049169555
150932	4342	0.04916955
150932	719	0.049169548
150932	2552	0.049169548
150932	6198	0.049169548
150932	3556	0.049169544
150932	365	0.04916954
150932	875	0.04916954
150932	880	0.04916954
150932	1349	0.04916954
150966	581	0.06424071
150966	4342	0.06424071
150966	6198	0.06424071
150966	2552	0.0642407
150966	3556	0.0642407
150966	719	0.064240694
150966	1349	0.064240694
150966	2651	0.064240694
150966	2787	0.064240694
150966	3605	0.064240694
150968	581	0.07507553
150968	2552	0.07507553
150968	6198	0.07507553
150968	719	0.07507552
150968	1349	0.07507552
150968	3556	0.07507552
150968	4342	0.07507552
150968	3605	0.075075515
150968	4218	0.075075515
150968	875	0.07507551
150979	2552	0.07422054
150979	581	0.07422053
150979	4342	0.07422053
150979	6198	0.07422053
150979	1349	0.07422052
150979	719	0.074220516
150979	3556	0.074220516
150979	3605	0.074220516
150979	365	0.07422051
150979	875	0.07422051
151002	581	0.056779504
151002	2552	0.056779496
151002	4342	0.056779496
151002	6198	0.056779496
151002	1349	0.056779493
151002	719	0.05677949
151002	3556	0.05677949
151002	3605	0.056779485
151002	365	0.05677948
151002	875	0.05677948
151043	581	0.06444894
151043	2552	0.06444894
151043	4342	0.06444894
151043	6198	0.06444894
151043	719	0.06444893
151043	875	0.06444892
151043	1349	0.06444892
151043	2651	0.06444892
151043	3556	0.06444892
151043	3605	0.06444892
151098	581	0.054523475
151098	6198	0.054523475
151098	2552	0.054523468
151098	4342	0.054523468
151098	719	0.054523464
151098	3556	0.054523464
151098	1349	0.05452346
151098	3605	0.05452346
151098	3756	0.05452346
151098	875	0.054523457
151101	581	0.06971693
151101	4342	0.06971692
151101	6198	0.06971692
151101	719	0.069716915
151101	1349	0.069716915
151101	2552	0.069716915
151101	3556	0.069716915
151101	3605	0.069716915
151101	3663	0.069716915
151101	875	0.06971691
151104	581	0.07147711
151104	2552	0.0714771
151104	4342	0.0714771
151104	6198	0.0714771
151104	719	0.07147709
151104	1349	0.07147709
151104	3556	0.07147709
151104	3605	0.07147709
151104	875	0.071477085
151104	880	0.071477085
151107	581	0.0782076
151107	1349	0.07820758
151107	2552	0.07820758
151107	4342	0.07820758
151107	6198	0.07820758
151107	719	0.078207575
151107	3556	0.078207575
151107	365	0.07820757
151107	875	0.07820757
151107	880	0.07820757
151122	581	0.060787432
151122	4342	0.060787432
151122	6198	0.060787432
151122	2552	0.060787424
151122	719	0.06078742
151122	875	0.06078742
151122	1349	0.06078742
151122	3556	0.06078742
151122	2787	0.060787417
151122	3605	0.060787417
151139	581	0.08837338
151139	2552	0.08837338
151139	4342	0.08837337
151139	6198	0.08837337
151139	719	0.08837336
151139	1349	0.08837336
151139	3556	0.088373356
151139	365	0.08837335
151139	875	0.08837335
151139	880	0.08837335
151143	581	0.062384237
151143	6198	0.062384237
151143	4342	0.062384233
151143	2552	0.06238423
151143	719	0.062384225
151143	1349	0.062384225
151143	3605	0.062384225
151143	3556	0.06238422
151143	3756	0.06238422
151143	365	0.062384218
151262	581	0.06546818
151262	2552	0.06546818
151262	6198	0.06546818
151262	4342	0.06546817
151262	719	0.06546816
151262	875	0.06546816
151262	1349	0.06546816
151262	2651	0.06546816
151262	3556	0.06546816
151262	3605	0.06546816
151263	581	0.03795668
151263	2552	0.037956677
151263	4342	0.037956677
151263	6198	0.037956677
151263	719	0.037956674
151263	1349	0.037956674
151263	3556	0.037956674
151263	875	0.03795667
151263	880	0.03795667
151263	1211	0.03795667
151370	581	0.07101409
151370	6198	0.07101409
151370	719	0.07101408
151370	1349	0.07101408
151370	2552	0.07101408
151370	3556	0.07101408
151370	4342	0.07101408
151370	2651	0.07101407
151370	3605	0.07101407
151370	4218	0.07101407
151479	581	0.08082016
151479	4342	0.08082015
151479	6198	0.08082015
151479	719	0.08082014
151479	1349	0.08082014
151479	2552	0.08082014
151479	3556	0.08082014
151479	3605	0.08082014
151479	2651	0.080820136
151479	5147	0.080820136
151483	6198	0.057040717
151483	581	0.057040714
151483	2552	0.057040714
151483	4342	0.057040714
151483	719	0.05704071
151483	1349	0.05704071
151483	875	0.057040706
151483	2787	0.057040706
151483	3556	0.057040706
151483	3605	0.057040706
151503	581	0.057840817
151503	6198	0.057840817
151503	2552	0.057840813
151503	4342	0.05784081
151503	719	0.057840806
151503	875	0.0578408
151503	1349	0.0578408
151503	3556	0.0578408
151503	3605	0.0578408
151503	3756	0.0578408
151537	581	0.06855512
151537	2552	0.06855512
151537	4342	0.06855512
151537	6198	0.06855512
151537	1349	0.06855511
151537	3556	0.06855511
151537	719	0.0685551
151537	875	0.0685551
151537	880	0.0685551
151537	1958	0.0685551
151589	581	0.060132507
151589	6198	0.060132507
151589	2552	0.060132504
151589	4342	0.060132504
151589	719	0.060132496
151589	875	0.060132496
151589	1349	0.060132496
151589	3556	0.060132496
151589	3605	0.060132492
151589	3756	0.060132492
151608	581	0.060494773
151608	6198	0.060494773
151608	2552	0.06049477
151608	4342	0.06049477
151608	719	0.060494766
151608	1349	0.060494762
151608	3556	0.060494762
151608	365	0.06049476
151608	875	0.06049476
151608	3605	0.06049476
151643	581	0.064663656
151643	2552	0.06466365
151643	3556	0.06466365
151643	4342	0.06466365
151643	6198	0.06466365
151643	719	0.06466364
151643	1349	0.06466364
151643	365	0.06466363
151643	875	0.06466363
151643	1173	0.06466363
151653	6198	0.065630935
151653	581	0.06563093
151653	1349	0.06563093
151653	2552	0.06563093
151653	4342	0.06563093
151653	719	0.06563092
151653	3556	0.06563092
151653	365	0.06563091
151653	875	0.06563091
151653	1958	0.06563091
151738	581	0.069381624
151738	2552	0.069381624
151738	6198	0.069381624
151738	1349	0.06938162
151738	4342	0.06938162
151738	719	0.06938161
151738	2651	0.06938161
151738	2787	0.06938161
151738	3556	0.06938161
151738	3605	0.06938161
151780	581	0.047243915
151780	4342	0.047243915
151780	6198	0.047243915
151780	2552	0.04724391
151780	3556	0.04724391
151780	719	0.047243908
151780	875	0.047243908
151780	1349	0.047243908
151780	3605	0.047243908
151780	2787	0.047243904
151790	581	0.042845212
151790	2552	0.04284521
151790	4342	0.04284521
151790	6198	0.04284521
151790	719	0.042845204
151790	1349	0.042845204
151790	3556	0.042845204
151790	875	0.0428452
151790	3605	0.0428452
151790	4218	0.0428452
151800	581	0.059140082
151800	2552	0.05914008
151800	4342	0.05914008
151800	6198	0.05914008
151800	719	0.05914007
151800	1349	0.05914007
151800	3556	0.05914007
151800	875	0.059140068
151800	3605	0.059140068
151800	365	0.059140064
151824	581	0.05376129
151824	2552	0.05376129
151824	6198	0.05376129
151824	719	0.05376128
151824	1349	0.05376128
151824	4342	0.05376128
151824	3556	0.053761277
151824	3605	0.053761277
151824	3756	0.053761277
151824	4218	0.053761277
151846	581	0.07029466
151846	2552	0.070294656
151846	719	0.07029465
151846	1349	0.07029465
151846	4342	0.07029465
151846	6198	0.07029465
151846	3556	0.07029464
151846	365	0.07029463
151846	875	0.07029463
151846	880	0.07029463
151991	581	0.042825058
151991	4342	0.042825054
151991	6198	0.042825054
151991	1349	0.04282505
151991	2552	0.04282505
151991	3556	0.04282505
151991	719	0.042825047
151991	3605	0.042825047
151991	875	0.042825043
151991	880	0.042825043
152016	581	0.06667258
152016	2552	0.06667258
152016	4342	0.06667258
152016	6198	0.06667258
152016	719	0.06667257
152016	875	0.06667256
152016	880	0.06667256
152016	1349	0.06667256
152016	2787	0.06667256
152016	3556	0.06667256
152036	581	0.053212732
152036	2552	0.05321273
152036	6198	0.05321273
152036	4342	0.053212725
152036	1349	0.05321272
152036	3556	0.05321272
152036	719	0.053212717
152036	875	0.053212717
152036	3605	0.053212717
152036	3756	0.053212717
152082	581	0.06692951
152082	6198	0.06692951
152082	2552	0.066929504
152082	4342	0.066929504
152082	719	0.0669295
152082	1349	0.0669295
152082	3556	0.0669295
152082	3756	0.0669295
152082	365	0.06692949
152082	875	0.06692949
152099	581	0.07583647
152099	6198	0.07583647
152099	2552	0.075836465
152099	4342	0.075836465
152099	719	0.07583646
152099	1349	0.07583646
152099	3556	0.07583646
152099	875	0.07583645
152099	880	0.07583645
152099	2651	0.07583645
152136	581	0.040773395
152136	4342	0.040773395
152136	2552	0.04077339
152136	6198	0.04077339
152136	3556	0.040773388
152136	365	0.040773384
152136	719	0.040773384
152136	875	0.040773384
152136	1349	0.040773384
152136	2651	0.040773384
152186	581	0.075273365
152186	2552	0.075273365
152186	6198	0.075273365
152186	4342	0.07527336
152186	719	0.07527335
152186	875	0.07527335
152186	1349	0.07527335
152186	2787	0.07527335
152186	3556	0.07527335
152186	3605	0.07527335
152309	581	0.059299912
152309	2552	0.05929991
152309	4342	0.05929991
152309	6198	0.05929991
152309	1349	0.0592999
152309	3556	0.0592999
152309	719	0.059299897
152309	875	0.059299897
152309	3756	0.059299897
152309	2787	0.059299894
152345	581	0.053075194
152345	2552	0.053075194
152345	4342	0.053075194
152345	6198	0.053075194
152345	719	0.053075187
152345	1349	0.053075187
152345	3556	0.053075187
152345	875	0.053075183
152345	3605	0.053075183
152345	1173	0.05307518
152354	581	0.07724437
152354	2552	0.07724437
152354	6198	0.07724437
152354	719	0.077244356
152354	875	0.077244356
152354	1349	0.077244356
152354	2651	0.077244356
152354	3556	0.077244356
152354	3605	0.077244356
152354	4342	0.077244356
152409	581	0.05815094
152409	2552	0.05815094
152409	4342	0.05815094
152409	6198	0.05815094
152409	719	0.058150932
152409	1349	0.058150932
152409	3556	0.058150932
152409	875	0.05815093
152409	2651	0.058150925
152409	2787	0.058150925
152428	581	0.05762992
152428	2552	0.057629913
152428	4342	0.057629913
152428	6198	0.057629913
152428	719	0.057629906
152428	1349	0.057629906
152428	3556	0.057629906
152428	3605	0.057629906
152428	3756	0.057629902
152428	365	0.0576299
152435	581	0.062078387
152435	6198	0.062078387
152435	2552	0.062078383
152435	4342	0.062078383
152435	719	0.06207838
152435	1349	0.06207838
152435	875	0.062078375
152435	2787	0.06207837
152435	3556	0.06207837
152435	3605	0.06207837
152468	581	0.045829892
152468	4342	0.045829885
152468	6198	0.045829885
152468	2552	0.04582988
152468	719	0.045829877
152468	1349	0.045829877
152468	3556	0.045829877
152468	3605	0.045829877
152468	5147	0.045829874
152468	365	0.04582987
152483	581	0.051797047
152483	6198	0.051797047
152483	2552	0.051797044
152483	4342	0.051797044
152483	719	0.05179704
152483	1349	0.05179704
152483	3556	0.05179704
152483	3605	0.051797036
152483	875	0.051797032
152483	2787	0.051797032
152514	2552	0.05372177
152514	4342	0.05372177
152514	6198	0.05372177
152514	581	0.053721767
152514	719	0.053721763
152514	1349	0.053721763
152514	3556	0.053721763
152514	3605	0.05372176
152514	875	0.053721756
152514	880	0.053721756
152579	581	0.04983434
152579	2552	0.04983434
152579	4342	0.04983434
152579	6198	0.04983434
152579	3556	0.049834337
152579	719	0.049834333
152579	875	0.049834333
152579	1349	0.049834333
152579	3605	0.049834333
152579	3756	0.049834333
152605	581	0.050239798
152605	2552	0.050239794
152605	4342	0.050239794
152605	6198	0.050239794
152605	1349	0.05023979
152605	3556	0.05023979
152605	719	0.050239787
152605	875	0.050239787
152605	3605	0.050239787
152605	2787	0.050239783
152617	581	0.061695173
152617	2552	0.061695166
152617	4342	0.061695166
152617	6198	0.061695166
152617	719	0.06169516
152617	1349	0.06169516
152617	3556	0.06169516
152617	3605	0.06169516
152617	365	0.06169515
152617	875	0.06169515
152645	581	0.07174517
152645	2552	0.071745165
152645	4342	0.071745165
152645	6198	0.071745165
152645	719	0.07174516
152645	3556	0.07174516
152645	1349	0.07174515
152645	3605	0.07174515
152645	3756	0.07174515
152645	365	0.07174514
152651	581	0.056807708
152651	4342	0.056807704
152651	2552	0.0568077
152651	6198	0.0568077
152651	1349	0.056807697
152651	3556	0.056807697
152651	719	0.056807693
152651	3605	0.056807693
152651	875	0.05680769
152651	3663	0.05680769
152696	581	0.051726274
152696	6198	0.051726274
152696	2552	0.05172627
152696	4342	0.05172627
152696	719	0.051726267
152696	1349	0.051726267
152696	3556	0.051726263
152696	3605	0.051726263
152696	875	0.05172626
152696	880	0.05172626
152742	581	0.05526413
152742	4342	0.055264127
152742	2552	0.055264123
152742	6198	0.055264123
152742	719	0.055264115
152742	875	0.055264115
152742	1349	0.055264115
152742	3556	0.055264115
152742	3605	0.055264115
152742	2787	0.05526411
152770	581	0.053508118
152770	2552	0.053508118
152770	4342	0.053508118
152770	6198	0.053508118
152770	719	0.05350811
152770	875	0.05350811
152770	1349	0.05350811
152770	3556	0.05350811
152770	3605	0.05350811
152770	365	0.053508103
152942	581	0.06322737
152942	2552	0.06322737
152942	6198	0.06322737
152942	4342	0.06322736
152942	719	0.063227355
152942	875	0.063227355
152942	1349	0.063227355
152942	1958	0.063227355
152942	2651	0.063227355
152942	2787	0.063227355
152946	581	0.06233541
152946	6198	0.062335405
152946	2552	0.0623354
152946	4342	0.0623354
152946	719	0.062335394
152946	1349	0.062335394
152946	3556	0.062335394
152946	3605	0.062335394
152946	365	0.062335387
152946	875	0.062335387
153042	581	0.07923285
153042	4342	0.07923285
153042	2552	0.07923284
153042	6198	0.07923284
153042	719	0.079232834
153042	1349	0.079232834
153042	3556	0.079232834
153042	3605	0.079232834
153042	875	0.07923283
153042	880	0.07923283
153054	581	0.08605875
153054	2552	0.08605875
153054	4342	0.08605875
153054	6198	0.08605875
153054	719	0.08605874
153054	1349	0.08605874
153054	875	0.086058736
153054	2651	0.086058736
153054	3556	0.086058736
153054	3605	0.086058736
153091	581	0.05639194
153091	4342	0.05639194
153091	6198	0.05639194
153091	2552	0.056391936
153091	719	0.056391932
153091	1349	0.05639193
153091	3556	0.05639193
153091	875	0.056391925
153091	880	0.056391925
153091	2651	0.056391925
153174	581	0.060092952
153174	6198	0.060092952
153174	2552	0.060092945
153174	4342	0.060092945
153174	719	0.06009294
153174	1349	0.06009294
153174	3556	0.06009294
153174	3605	0.06009294
153174	875	0.060092937
153174	880	0.060092933
153211	581	0.052969392
153211	4342	0.05296939
153211	6198	0.05296939
153211	719	0.05296938
153211	1349	0.05296938
153211	2552	0.05296938
153211	3556	0.05296938
153211	2787	0.052969377
153211	3605	0.052969377
153211	875	0.052969374
153283	581	0.045735393
153283	2552	0.04573539
153283	4342	0.04573539
153283	6198	0.04573539
153283	1349	0.045735385
153283	3556	0.045735385
153283	3605	0.045735385
153283	719	0.04573538
153283	2787	0.04573538
153283	3756	0.04573538
153322	2552	0.072071545
153322	6198	0.072071545
153322	581	0.07207154
153322	719	0.07207154
153322	1349	0.07207154
153322	3556	0.07207154
153322	4342	0.07207154
153322	2787	0.07207153
153322	3756	0.07207153
153322	365	0.07207152
153342	581	0.05675
153342	2552	0.056749996
153342	6198	0.056749996
153342	4342	0.056749992
153342	1349	0.05674999
153342	3556	0.05674999
153342	719	0.056749985
153342	2787	0.056749985
153342	3605	0.056749985
153342	3756	0.056749985
153361	6198	0.05770211
153361	581	0.057702105
153361	2552	0.0577021
153361	4342	0.0577021
153361	719	0.057702098
153361	1349	0.057702098
153361	3556	0.057702098
153361	875	0.057702094
153361	2787	0.057702094
153361	3605	0.057702094
153513	581	0.059425093
153513	6198	0.059425093
153513	2552	0.05942509
153513	4342	0.05942509
153513	719	0.059425082
153513	1349	0.059425082
153513	3556	0.059425082
153513	2787	0.05942508
153513	3605	0.05942508
153513	365	0.059425075
153653	581	0.048681095
153653	6198	0.04868109
153653	2552	0.048681088
153653	4342	0.048681088
153653	719	0.048681084
153653	1349	0.048681084
153653	875	0.04868108
153653	2787	0.04868108
153653	3556	0.04868108
153653	3605	0.04868108
153718	581	0.07758603
153718	2552	0.077586025
153718	4342	0.077586025
153718	6198	0.077586025
153718	719	0.07758602
153718	1349	0.07758602
153718	875	0.07758601
153718	3556	0.07758601
153718	3605	0.07758601
153718	3756	0.07758601
153719	581	0.06336379
153719	2552	0.06336378
153719	6198	0.06336378
153719	719	0.063363776
153719	875	0.063363776
153719	880	0.063363776
153719	1349	0.063363776
153719	2787	0.063363776
153719	3556	0.063363776
153719	3605	0.063363776
153723	581	0.06473139
153723	6198	0.06473139
153723	4342	0.06473138
153723	719	0.064731374
153723	1349	0.064731374
153723	2552	0.064731374
153723	2651	0.064731374
153723	2787	0.064731374
153723	3556	0.064731374
153723	3605	0.064731374
153797	581	0.07875078
153797	2552	0.078750774
153797	4342	0.078750774
153797	6198	0.078750774
153797	719	0.07875077
153797	1349	0.07875077
153797	875	0.07875076
153797	3556	0.07875076
153797	3605	0.07875076
153797	3756	0.07875076
153865	581	0.06581103
153865	2552	0.06581103
153865	4342	0.06581103
153865	6198	0.06581103
153865	719	0.06581102
153865	875	0.06581102
153865	1349	0.06581102
153865	3556	0.06581102
153865	3756	0.06581102
153865	4218	0.06581102
153950	581	0.04317666
153950	4342	0.04317666
153950	6198	0.04317666
153950	719	0.04317665
153950	1349	0.04317665
153950	2552	0.04317665
153950	3556	0.04317665
153950	875	0.043176647
153950	3756	0.043176647
153950	5214	0.043176647
154021	581	0.049928322
154021	2552	0.049928315
154021	4342	0.049928315
154021	6198	0.049928315
154021	719	0.04992831
154021	1349	0.04992831
154021	3556	0.04992831
154021	875	0.049928308
154021	2787	0.049928308
154021	3605	0.049928308
154070	581	0.06073144
154070	2552	0.060731433
154070	4342	0.060731433
154070	6198	0.060731433
154070	719	0.060731426
154070	1349	0.060731426
154070	3556	0.060731426
154070	3605	0.060731426
154070	875	0.060731422
154070	2651	0.06073142
154126	581	0.04835777
154126	2552	0.04835777
154126	4342	0.048357766
154126	3556	0.048357762
154126	6198	0.048357762
154126	719	0.04835776
154126	1349	0.04835776
154126	875	0.048357755
154126	1958	0.048357755
154126	2787	0.048357755
154137	581	0.05562172
154137	4342	0.055621717
154137	2552	0.055621713
154137	6198	0.055621713
154137	719	0.055621706
154137	875	0.055621706
154137	1349	0.055621706
154137	3556	0.055621706
154137	3756	0.055621706
154137	3605	0.055621702
154176	581	0.058827043
154176	2552	0.058827035
154176	4342	0.058827035
154176	6198	0.058827035
154176	719	0.058827028
154176	875	0.058827028
154176	1349	0.058827028
154176	3556	0.058827028
154176	3605	0.058827028
154176	3756	0.058827024
154269	581	0.042833112
154269	719	0.042833105
154269	2552	0.042833105
154269	4342	0.042833105
154269	6198	0.042833105
154269	3556	0.0428331
154269	365	0.042833097
154269	875	0.042833097
154269	1349	0.042833097
154269	2651	0.042833097
154345	581	0.07603027
154345	4342	0.07603027
154345	6198	0.07603027
154345	2552	0.07603026
154345	719	0.076030254
154345	1349	0.076030254
154345	3556	0.076030254
154345	3605	0.076030254
154345	875	0.07603025
154345	365	0.07603024
154346	581	0.05041925
154346	2552	0.05041925
154346	4342	0.05041925
154346	6198	0.05041925
154346	719	0.05041924
154346	1349	0.05041924
154346	3556	0.05041924
154346	3605	0.05041924
154346	875	0.050419234
154346	1173	0.050419234
154354	581	0.046739794
154354	4342	0.046739794
154354	6198	0.046739794
154354	2552	0.04673979
154354	719	0.046739787
154354	1349	0.046739787
154354	3556	0.046739787
154354	3756	0.046739783
154354	365	0.04673978
154354	875	0.04673978
154469	581	0.08792263
154469	4342	0.08792263
154469	6198	0.08792263
154469	1349	0.087922625
154469	2552	0.087922625
154469	719	0.08792262
154469	3556	0.08792262
154469	3605	0.08792262
154469	4218	0.08792262
154469	1958	0.08792261
154487	581	0.06339783
154487	2552	0.063397825
154487	4342	0.063397825
154487	6198	0.063397825
154487	719	0.06339782
154487	1349	0.06339782
154487	875	0.06339781
154487	880	0.06339781
154487	2651	0.06339781
154487	2787	0.06339781
154529	581	0.076455064
154529	4342	0.076455064
154529	6198	0.076455064
154529	719	0.07645506
154529	2552	0.07645506
154529	3556	0.07645506
154529	1349	0.07645505
154529	365	0.07645504
154529	875	0.07645504
154529	880	0.07645504
154543	581	0.06256067
154543	2552	0.06256066
154543	4342	0.06256066
154543	6198	0.06256066
154543	719	0.062560655
154543	1349	0.062560655
154543	3556	0.062560655
154543	3605	0.062560655
154543	365	0.06256065
154543	875	0.06256065
154553	581	0.048432156
154553	4342	0.048432156
154553	6198	0.048432156
154553	2552	0.048432153
154553	719	0.04843215
154553	1349	0.04843215
154553	3556	0.04843215
154553	3756	0.048432145
154553	875	0.04843214
154553	880	0.04843214
154627	581	0.047420435
154627	4342	0.047420435
154627	6198	0.047420435
154627	2552	0.04742043
154627	719	0.047420427
154627	1349	0.047420427
154627	3556	0.047420427
154627	3605	0.047420427
154627	3756	0.047420427
154627	875	0.047420423
154675	581	0.063295096
154675	4342	0.063295096
154675	6198	0.063295096
154675	719	0.06329509
154675	1349	0.06329509
154675	2552	0.06329509
154675	3556	0.06329509
154675	3605	0.06329509
154675	875	0.06329508
154675	880	0.06329508
154730	581	0.055796802
154730	2552	0.055796795
154730	4342	0.055796795
154730	6198	0.055796795
154730	719	0.055796787
154730	1349	0.055796787
154730	3556	0.055796787
154730	3605	0.055796787
154730	365	0.05579678
154730	875	0.05579678
154781	2552	0.06274879
154781	581	0.06274878
154781	4342	0.06274878
154781	6198	0.06274878
154781	719	0.062748775
154781	1349	0.062748775
154781	2651	0.062748775
154781	3556	0.062748775
154781	3605	0.062748775
154781	3663	0.062748775
154791	581	0.054243945
154791	2552	0.054243945
154791	4342	0.054243945
154791	6198	0.054243945
154791	719	0.054243937
154791	875	0.054243937
154791	1349	0.054243937
154791	3556	0.054243937
154791	3756	0.054243933
154791	365	0.05424393
154844	581	0.072915085
154844	4342	0.07291508
154844	6198	0.07291508
154844	1349	0.07291507
154844	2552	0.07291507
154844	3556	0.07291507
154844	3605	0.07291507
154844	719	0.07291506
154844	875	0.07291506
154844	880	0.07291506
154944	6198	0.059946634
154944	581	0.05994663
154944	2552	0.059946626
154944	4342	0.059946626
154944	719	0.05994662
154944	1349	0.05994662
154944	3556	0.05994662
154944	3605	0.05994662
154944	2787	0.059946615
154944	365	0.05994661
154975	6198	0.060164794
154975	581	0.06016479
154975	2552	0.06016479
154975	719	0.060164787
154975	4342	0.060164787
154975	1349	0.060164783
154975	3556	0.060164783
154975	875	0.06016478
154975	2787	0.06016478
154975	3605	0.06016478
154981	581	0.061933585
154981	2552	0.061933577
154981	4342	0.061933577
154981	6198	0.061933577
154981	719	0.06193357
154981	1349	0.06193357
154981	3556	0.06193357
154981	875	0.061933566
154981	3605	0.061933566
154981	365	0.061933562
154992	581	0.077181675
154992	2552	0.07718167
154992	4342	0.07718167
154992	6198	0.07718167
154992	1349	0.07718166
154992	3556	0.07718166
154992	719	0.07718165
154992	875	0.07718165
154992	880	0.07718165
154992	1958	0.07718165
155000	581	0.055797547
155000	4342	0.055797543
155000	2552	0.05579754
155000	6198	0.05579754
155000	1349	0.055797536
155000	719	0.055797532
155000	875	0.055797532
155000	3556	0.055797532
155000	3605	0.055797532
155000	365	0.055797525
155014	6198	0.068682835
155014	581	0.06868283
155014	4342	0.06868283
155014	719	0.06868282
155014	1349	0.06868282
155014	2552	0.06868282
155014	3556	0.06868282
155014	875	0.06868281
155014	2651	0.06868281
155014	2787	0.06868281
155141	581	0.06834475
155141	719	0.06834474
155141	2552	0.06834474
155141	3556	0.06834474
155141	4342	0.06834474
155141	6198	0.06834474
155141	1349	0.068344735
155141	3605	0.068344735
155141	4218	0.068344735
155141	875	0.06834473
155147	581	0.072314635
155147	2552	0.072314635
155147	4342	0.072314635
155147	6198	0.072314635
155147	719	0.07231462
155147	875	0.07231462
155147	1349	0.07231462
155147	2651	0.07231462
155147	3556	0.07231462
155147	3605	0.07231462
155219	581	0.059263863
155219	6198	0.059263863
155219	4342	0.05926386
155219	2552	0.059263855
155219	3556	0.05926385
155219	719	0.059263848
155219	1349	0.059263848
155219	3605	0.059263848
155219	3756	0.059263848
155219	875	0.059263844
155306	581	0.049465567
155306	4342	0.049465563
155306	6198	0.049465563
155306	1349	0.04946556
155306	2552	0.04946556
155306	719	0.049465556
155306	3556	0.049465556
155306	3605	0.049465556
155306	875	0.049465552
155306	2787	0.049465552
155343	581	0.046090245
155343	6198	0.046090245
155343	2552	0.04609024
155343	4342	0.04609024
155343	1349	0.046090238
155343	3556	0.046090238
155343	719	0.046090234
155343	875	0.046090234
155343	365	0.04609023
155343	880	0.04609023
155376	581	0.0616853
155376	4342	0.061685298
155376	2552	0.061685294
155376	6198	0.061685294
155376	1349	0.06168529
155376	3556	0.06168529
155376	719	0.061685286
155376	3605	0.061685286
155376	875	0.061685283
155376	2787	0.061685283
155444	581	0.07541612
155444	6198	0.07541611
155444	719	0.0754161
155444	2552	0.0754161
155444	3556	0.0754161
155444	3605	0.0754161
155444	4342	0.0754161
155444	875	0.075416096
155444	1349	0.075416096
155444	2787	0.075416096
155495	2552	0.05828703
155495	6198	0.05828703
155495	581	0.058287024
155495	4342	0.058287024
155495	1349	0.05828702
155495	719	0.058287017
155495	875	0.058287017
155495	3556	0.058287017
155495	3756	0.058287017
155495	2787	0.058287013
155580	581	0.08121591
155580	6198	0.08121591
155580	2552	0.0812159
155580	4342	0.0812159
155580	1349	0.081215896
155580	3556	0.081215896
155580	719	0.08121589
155580	875	0.08121589
155580	2787	0.08121589
155580	3605	0.08121589
155680	581	0.04484182
155680	2552	0.044841815
155680	6198	0.044841815
155680	719	0.04484181
155680	3556	0.04484181
155680	3756	0.04484181
155680	4342	0.04484181
155680	1349	0.044841807
155680	5214	0.044841807
155680	365	0.044841804
155743	581	0.061635148
155743	4342	0.061635144
155743	6198	0.061635144
155743	2552	0.06163514
155743	719	0.061635137
155743	1349	0.061635137
155743	3556	0.061635137
155743	3605	0.061635137
155743	875	0.06163513
155743	1958	0.06163513
155771	581	0.06588413
155771	2552	0.06588413
155771	4342	0.06588413
155771	6198	0.06588413
155771	719	0.06588411
155771	875	0.06588411
155771	880	0.06588411
155771	1349	0.06588411
155771	2651	0.06588411
155771	3556	0.06588411
155778	581	0.051895924
155778	4342	0.051895916
155778	6198	0.051895916
155778	2552	0.051895913
155778	719	0.05189591
155778	1349	0.05189591
155778	3556	0.05189591
155778	3605	0.05189591
155778	875	0.051895905
155778	365	0.0518959
155807	581	0.06528625
155807	3556	0.06528625
155807	4342	0.06528625
155807	6198	0.06528625
155807	719	0.06528624
155807	1349	0.06528624
155807	2552	0.06528624
155807	3605	0.06528624
155807	875	0.065286234
155807	880	0.065286234
155810	581	0.08025417
155810	2552	0.08025417
155810	6198	0.08025417
155810	4342	0.08025416
155810	719	0.08025415
155810	875	0.08025415
155810	1349	0.08025415
155810	3556	0.08025415
155810	3605	0.08025415
155810	5147	0.08025415
155913	581	0.0526183
155913	2552	0.052618295
155913	6198	0.052618295
155913	4342	0.05261829
155913	719	0.052618288
155913	1349	0.052618288
155913	3556	0.052618288
155913	875	0.052618284
155913	3605	0.052618284
155913	365	0.05261828
155989	6198	0.06630163
155989	581	0.06630162
155989	2552	0.06630162
155989	4342	0.06630162
155989	719	0.066301614
155989	1349	0.066301614
155989	3556	0.066301614
155989	3605	0.066301614
155989	875	0.06630161
155989	2787	0.06630161
156163	581	0.06375316
156163	719	0.06375314
156163	1349	0.06375314
156163	2552	0.06375314
156163	3556	0.06375314
156163	3605	0.06375314
156163	4342	0.06375314
156163	6198	0.06375314
156163	875	0.063753136
156163	880	0.063753136
156214	581	0.06772627
156214	2552	0.06772627
156214	6198	0.06772627
156214	4342	0.06772626
156214	719	0.067726254
156214	1349	0.067726254
156214	3556	0.067726254
156214	3605	0.067726254
156214	3663	0.067726254
156214	4218	0.067726254
156300	6198	0.07721624
156300	581	0.07721623
156300	719	0.07721622
156300	1349	0.07721622
156300	2552	0.07721622
156300	4342	0.07721622
156300	3556	0.077216215
156300	3605	0.077216215
156300	875	0.07721621
156300	880	0.07721621
156342	581	0.055540383
156342	6198	0.055540383
156342	2552	0.055540375
156342	4342	0.055540375
156342	1349	0.05554037
156342	3556	0.05554037
156342	719	0.055540368
156342	2787	0.055540368
156342	3605	0.055540368
156342	3756	0.055540368
156432	581	0.055359013
156432	2552	0.055359013
156432	4342	0.055359013
156432	6198	0.055359013
156432	719	0.055359006
156432	875	0.055359006
156432	1349	0.055359006
156432	3556	0.055359006
156432	3756	0.055359002
156432	5214	0.055359002
156483	581	0.056597423
156483	2552	0.056597423
156483	4342	0.05659742
156483	6198	0.05659742
156483	719	0.056597415
156483	875	0.05659741
156483	1349	0.05659741
156483	3556	0.05659741
156483	3605	0.056597408
156483	3756	0.056597408
156510	581	0.05147185
156510	2552	0.051471844
156510	4342	0.051471844
156510	6198	0.051471844
156510	3556	0.05147184
156510	719	0.051471837
156510	1349	0.051471837
156510	3605	0.051471837
156510	875	0.051471833
156510	2787	0.051471833
156534	581	0.051398
156534	4342	0.051398
156534	6198	0.051398
156534	2552	0.051397998
156534	719	0.051397994
156534	1349	0.051397994
156534	3556	0.051397994
156534	875	0.05139799
156534	1173	0.051397987
156534	2651	0.051397987
156584	581	0.0665476
156584	4342	0.066547595
156584	6198	0.066547595
156584	719	0.06654759
156584	1349	0.06654759
156584	2552	0.06654759
156584	3556	0.06654759
156584	3605	0.06654759
156584	875	0.06654758
156584	880	0.06654758
156706	581	0.076434486
156706	6198	0.076434486
156706	719	0.07643448
156706	1349	0.07643448
156706	2552	0.07643448
156706	3556	0.07643448
156706	4342	0.07643448
156706	875	0.07643446
156706	880	0.07643446
156706	1958	0.07643446
156837	581	0.045317337
156837	2552	0.045317337
156837	4342	0.045317337
156837	6198	0.045317337
156837	719	0.04531733
156837	875	0.04531733
156837	1349	0.04531733
156837	3556	0.04531733
156837	3756	0.04531733
156837	2787	0.045317326
157083	581	0.05453233
157083	2552	0.054532327
157083	4342	0.054532327
157083	6198	0.054532327
157083	1349	0.05453232
157083	3556	0.05453232
157083	719	0.054532316
157083	875	0.05453231
157083	2787	0.05453231
157083	3605	0.05453231
157127	581	0.076150276
157127	719	0.07615027
157127	1349	0.07615027
157127	2552	0.07615027
157127	4342	0.07615027
157127	6198	0.07615027
157127	3556	0.07615026
157127	365	0.07615025
157127	875	0.07615025
157127	880	0.07615025
157163	581	0.061482824
157163	2552	0.061482817
157163	4342	0.061482817
157163	6198	0.061482817
157163	719	0.061482813
157163	875	0.06148281
157163	1349	0.06148281
157163	3556	0.06148281
157163	3605	0.06148281
157163	880	0.061482806
157252	581	0.058825526
157252	2552	0.058825523
157252	4342	0.058825523
157252	6198	0.058825523
157252	719	0.058825515
157252	1349	0.058825515
157252	3556	0.058825515
157252	3605	0.05882551
157252	875	0.058825508
157252	880	0.058825508
157273	581	0.07057327
157273	4342	0.07057327
157273	6198	0.07057327
157273	2552	0.07057326
157273	719	0.070573255
157273	875	0.070573255
157273	880	0.070573255
157273	1349	0.070573255
157273	2651	0.070573255
157273	2787	0.070573255
157281	581	0.051911093
157281	6198	0.051911093
157281	4342	0.05191109
157281	1349	0.051911086
157281	2552	0.051911086
157281	3556	0.051911086
157281	719	0.051911082
157281	365	0.05191108
157281	875	0.05191108
157281	2651	0.05191108
157380	581	0.06742909
157380	2552	0.06742908
157380	4342	0.06742908
157380	6198	0.06742908
157380	719	0.06742907
157380	1349	0.06742907
157380	3556	0.06742907
157380	875	0.067429066
157380	880	0.067429066
157380	2651	0.067429066
157543	581	0.044878703
157543	2552	0.0448787
157543	4342	0.0448787
157543	6198	0.0448787
157543	719	0.044878695
157543	3556	0.044878695
157543	875	0.04487869
157543	1349	0.04487869
157543	3605	0.04487869
157543	3756	0.04487869
157594	581	0.0610772
157594	2552	0.0610772
157594	6198	0.0610772
157594	4342	0.061077196
157594	719	0.061077192
157594	1349	0.06107719
157594	3556	0.06107719
157594	875	0.061077185
157594	2787	0.061077185
157594	3605	0.061077185
157625	581	0.06349641
157625	719	0.06349641
157625	2552	0.06349641
157625	4342	0.06349641
157625	6198	0.06349641
157625	1349	0.0634964
157625	3556	0.0634964
157625	3605	0.0634964
157625	875	0.063496396
157625	880	0.063496396
157655	581	0.063643634
157655	2552	0.063643634
157655	4342	0.063643634
157655	6198	0.063643634
157655	719	0.06364363
157655	1349	0.06364363
157655	875	0.06364362
157655	880	0.06364362
157655	1958	0.06364362
157655	2651	0.06364362
157660	581	0.056806408
157660	6198	0.056806408
157660	1349	0.0568064
157660	2552	0.0568064
157660	4342	0.0568064
157660	719	0.056806397
157660	3556	0.056806397
157660	875	0.056806393
157660	2787	0.056806393
157660	3605	0.056806393
157799	581	0.050526597
157799	2552	0.050526597
157799	4342	0.050526597
157799	6198	0.050526597
157799	719	0.05052659
157799	1349	0.05052659
157799	3556	0.05052659
157799	3605	0.050526585
157799	875	0.05052658
157799	2651	0.05052658
157811	581	0.06090482
157811	2552	0.060904816
157811	4342	0.060904816
157811	6198	0.060904816
157811	719	0.06090481
157811	1349	0.06090481
157811	3556	0.06090481
157811	3605	0.060904805
157811	875	0.0609048
157811	2651	0.0609048
158033	581	0.061081145
158033	2552	0.061081145
158033	4342	0.06108114
158033	6198	0.06108114
158033	1349	0.061081138
158033	719	0.061081134
158033	3556	0.061081134
158033	3605	0.061081134
158033	875	0.06108113
158033	2787	0.06108113
158034	581	0.04612236
158034	6198	0.04612236
158034	2552	0.046122357
158034	3556	0.046122357
158034	4342	0.046122357
158034	1349	0.046122354
158034	719	0.04612235
158034	875	0.04612235
158034	2787	0.04612235
158034	3605	0.04612235
158043	581	0.03534682
158043	4342	0.035346817
158043	6198	0.035346817
158043	719	0.035346813
158043	1349	0.035346813
158043	2552	0.035346813
158043	3556	0.035346813
158043	3605	0.035346813
158043	5214	0.035346813
158043	3756	0.03534681
158103	581	0.07051454
158103	2552	0.07051454
158103	6198	0.07051454
158103	719	0.07051453
158103	1349	0.07051453
158103	3556	0.07051453
158103	3605	0.07051453
158103	4342	0.07051453
158103	875	0.07051452
158103	880	0.07051452
158104	6198	0.045738157
158104	581	0.045738153
158104	2552	0.045738153
158104	4342	0.045738153
158104	719	0.045738146
158104	1349	0.045738146
158104	2787	0.045738146
158104	3556	0.045738146
158104	3605	0.045738146
158104	3756	0.045738146
158226	581	0.098053835
158226	2552	0.09805383
158226	4342	0.09805383
158226	6198	0.09805383
158226	719	0.09805381
158226	1349	0.09805381
158226	3556	0.09805381
158226	3605	0.09805381
158226	875	0.098053806
158226	2787	0.098053806
158254	2552	0.07270141
158254	6198	0.07270141
158254	4342	0.0727014
158254	719	0.072701395
158254	1349	0.072701395
158254	3556	0.072701395
158254	3605	0.072701395
158254	3756	0.072701395
158254	365	0.07270139
158254	875	0.07270139
158361	581	0.057396077
158361	2552	0.05739607
158361	4342	0.05739607
158361	6198	0.05739607
158361	719	0.05739606
158361	875	0.05739606
158361	3556	0.05739606
158361	1349	0.057396058
158361	3605	0.057396058
158361	3756	0.057396058
158385	6198	0.065510884
158385	581	0.06551088
158385	2552	0.06551088
158385	719	0.06551087
158385	1349	0.06551087
158385	3556	0.06551087
158385	3605	0.06551087
158385	4342	0.06551087
158385	365	0.06551086
158385	875	0.06551086
158433	581	0.061518013
158433	4342	0.061518013
158433	6198	0.061518013
158433	2552	0.06151801
158433	719	0.061518006
158433	1349	0.061518002
158433	3556	0.061518002
158433	365	0.061518
158433	2651	0.061518
158433	2787	0.061518
158506	581	0.06517775
158506	719	0.065177746
158506	2552	0.065177746
158506	4342	0.065177746
158506	6198	0.065177746
158506	875	0.06517774
158506	1349	0.06517774
158506	3556	0.06517774
158506	3756	0.06517774
158506	365	0.06517773
158606	581	0.039801642
158606	4342	0.03980164
158606	6198	0.03980164
158606	2552	0.039801635
158606	3556	0.039801635
158606	719	0.03980163
158606	1349	0.03980163
158606	365	0.039801627
158606	875	0.039801627
158606	1211	0.039801627
158714	581	0.06708482
158714	2552	0.06708482
158714	6198	0.06708482
158714	1349	0.06708481
158714	4342	0.06708481
158714	719	0.067084804
158714	875	0.067084804
158714	1958	0.067084804
158714	2787	0.067084804
158714	3556	0.067084804
158774	581	0.06999083
158774	2552	0.06999083
158774	6198	0.06999083
158774	4342	0.06999082
158774	719	0.069990814
158774	875	0.069990814
158774	1349	0.069990814
158774	2787	0.069990814
158774	3556	0.069990814
158774	3605	0.069990814
158846	581	0.059347205
158846	2552	0.059347197
158846	4342	0.059347197
158846	6198	0.059347197
158846	719	0.059347194
158846	1349	0.05934719
158846	3556	0.05934719
158846	3605	0.05934719
158846	875	0.059347186
158846	2651	0.059347186
158984	581	0.064778805
158984	2552	0.0647788
158984	4342	0.0647788
158984	6198	0.0647788
158984	719	0.06477879
158984	875	0.06477879
158984	1349	0.06477879
158984	3556	0.06477879
158984	3605	0.06477879
158984	2651	0.06477878
159004	581	0.04663182
159004	6198	0.046631817
159004	1349	0.046631813
159004	2552	0.046631813
159004	3556	0.046631813
159004	4342	0.046631813
159004	719	0.04663181
159004	365	0.046631806
159004	875	0.046631806
159004	2787	0.046631806
159033	581	0.08789396
159033	6198	0.08789396
159033	2552	0.087893955
159033	4342	0.087893955
159033	719	0.08789395
159033	1349	0.08789395
159033	3556	0.08789395
159033	3605	0.08789394
159033	3756	0.08789394
159033	365	0.08789393
159044	581	0.06479575
159044	6198	0.06479575
159044	2552	0.06479574
159044	4342	0.06479574
159044	719	0.06479573
159044	875	0.06479573
159044	1349	0.06479573
159044	2787	0.06479573
159044	3556	0.06479573
159044	3605	0.06479573
159137	581	0.058831878
159137	6198	0.058831874
159137	2552	0.05883187
159137	3556	0.05883187
159137	4342	0.05883187
159137	1349	0.058831867
159137	719	0.058831863
159137	3605	0.058831863
159137	875	0.05883186
159137	3756	0.05883186
159283	581	0.060530264
159283	2552	0.06053026
159283	6198	0.06053026
159283	4342	0.060530256
159283	719	0.060530253
159283	1349	0.060530253
159283	3556	0.06053025
159283	3605	0.06053025
159283	365	0.060530245
159283	875	0.060530245
159455	581	0.058772527
159455	6198	0.058772523
159455	1349	0.05877252
159455	2552	0.05877252
159455	4342	0.05877252
159455	719	0.058772516
159455	875	0.05877251
159455	3556	0.05877251
159455	3605	0.05877251
159455	3663	0.05877251
159506	581	0.07232401
159506	2552	0.07232401
159506	4342	0.07232401
159506	6198	0.07232401
159506	719	0.072324
159506	875	0.07232399
159506	1349	0.07232399
159506	2787	0.07232399
159506	3556	0.07232399
159506	3605	0.07232399
159647	581	0.055209942
159647	6198	0.055209942
159647	2552	0.05520994
159647	4342	0.05520994
159647	1349	0.055209935
159647	3556	0.055209935
159647	719	0.05520993
159647	875	0.055209927
159647	2787	0.055209927
159647	3605	0.055209927
159720	581	0.046186164
159720	2552	0.046186164
159720	4342	0.046186164
159720	6198	0.046186164
159720	1349	0.04618616
159720	3556	0.04618616
159720	719	0.046186157
159720	875	0.046186157
159720	2651	0.046186157
159720	3605	0.046186157
159732	6198	0.059239548
159732	581	0.059239544
159732	4342	0.059239544
159732	2552	0.05923954
159732	719	0.059239537
159732	1349	0.059239537
159732	3556	0.059239537
159732	3605	0.059239537
159732	875	0.05923953
159732	880	0.05923953
159754	581	0.057076372
159754	4342	0.057076372
159754	6198	0.057076372
159754	2552	0.05707637
159754	719	0.057076365
159754	1349	0.057076365
159754	3556	0.057076365
159754	2787	0.05707636
159754	3605	0.05707636
159754	875	0.057076357
159817	581	0.041450784
159817	4342	0.041450784
159817	6198	0.041450784
159817	2552	0.04145078
159817	719	0.041450776
159817	1349	0.041450776
159817	3556	0.041450776
159817	3605	0.041450776
159817	875	0.041450772
159817	2787	0.041450772
159822	581	0.06396045
159822	6198	0.06396045
159822	2552	0.06396044
159822	4342	0.06396044
159822	719	0.06396043
159822	1349	0.06396043
159822	3556	0.06396043
159822	3605	0.06396043
159822	875	0.063960426
159822	2787	0.063960426
159834	6198	0.04858628
159834	581	0.04858627
159834	719	0.04858627
159834	2552	0.04858627
159834	3556	0.04858627
159834	4342	0.04858627
159834	1349	0.048586268
159834	875	0.048586264
159834	2787	0.048586264
159834	3422	0.048586264
159854	581	0.053632855
159854	2552	0.05363285
159854	4342	0.05363285
159854	6198	0.05363285
159854	719	0.053632844
159854	1349	0.053632844
159854	3556	0.053632844
159854	875	0.05363284
159854	2651	0.05363284
159854	2787	0.05363284
159858	581	0.08182433
159858	2552	0.08182433
159858	4342	0.08182433
159858	6198	0.08182433
159858	719	0.08182432
159858	1349	0.08182432
159858	2787	0.08182432
159858	3556	0.08182432
159858	3605	0.08182432
159858	3756	0.08182432
159860	581	0.046199135
159860	4342	0.046199135
159860	6198	0.046199135
159860	2552	0.04619913
159860	719	0.046199128
159860	1349	0.046199128
159860	3556	0.046199128
159860	875	0.046199124
159860	2787	0.046199124
159860	3756	0.046199124
159863	581	0.047586944
159863	2552	0.04758694
159863	4342	0.04758694
159863	6198	0.04758694
159863	719	0.047586933
159863	1349	0.047586933
159863	3556	0.047586933
159863	3605	0.047586933
159863	3756	0.04758693
159863	4218	0.04758693
159868	581	0.053441517
159868	6198	0.053441513
159868	1349	0.05344151
159868	2552	0.05344151
159868	4342	0.05344151
159868	719	0.053441506
159868	3556	0.053441506
159868	2787	0.053441502
159868	3605	0.053441502
159868	3756	0.053441502
159946	581	0.055294417
159946	2552	0.055294417
159946	4342	0.055294417
159946	6198	0.055294417
159946	719	0.05529441
159946	1349	0.05529441
159946	3556	0.05529441
159946	3605	0.05529441
159946	3756	0.055294406
159946	4218	0.055294406
159977	581	0.06650722
159977	719	0.066507205
159977	875	0.066507205
159977	1349	0.066507205
159977	2552	0.066507205
159977	4342	0.066507205
159977	6198	0.066507205
159977	2787	0.0665072
159977	3556	0.0665072
159977	3605	0.0665072
160154	581	0.07606271
160154	2552	0.07606271
160154	4342	0.07606271
160154	6198	0.07606271
160154	719	0.076062694
160154	875	0.076062694
160154	1349	0.076062694
160154	2651	0.076062694
160154	2787	0.076062694
160154	3605	0.076062694
160180	2552	0.066605605
160180	4342	0.066605605
160180	6198	0.066605605
160180	581	0.0666056
160180	719	0.0666056
160180	875	0.0666056
160180	1349	0.0666056
160180	2787	0.0666056
160180	3556	0.0666056
160180	2651	0.06660559
160200	581	0.06113133
160200	2552	0.06113133
160200	4342	0.06113133
160200	6198	0.06113133
160200	719	0.06113132
160200	3556	0.06113132
160200	1349	0.061131317
160200	875	0.061131313
160200	880	0.061131313
160200	2651	0.061131313
160231	581	0.053628195
160231	6198	0.05362819
160231	1349	0.053628184
160231	2552	0.053628184
160231	4342	0.053628184
160231	3556	0.05362818
160231	3605	0.05362818
160231	719	0.053628176
160231	875	0.053628176
160231	2787	0.053628176
160295	581	0.04780761
160295	6198	0.047807608
160295	2552	0.047807604
160295	4342	0.047807604
160295	719	0.0478076
160295	1349	0.0478076
160295	3556	0.0478076
160295	875	0.047807597
160295	3756	0.047807597
160295	1211	0.047807593
160334	581	0.052277632
160334	4342	0.052277632
160334	6198	0.052277632
160334	2552	0.05227763
160334	719	0.052277625
160334	1349	0.052277625
160334	3556	0.052277625
160334	875	0.05227762
160334	3756	0.05227762
160334	365	0.052277617
160344	581	0.050902978
160344	6198	0.050902978
160344	2552	0.050902974
160344	4342	0.050902974
160344	719	0.05090297
160344	1349	0.05090297
160344	3556	0.05090297
160344	3605	0.050902966
160344	365	0.050902963
160344	875	0.050902963
160378	581	0.057354882
160378	6198	0.057354882
160378	2552	0.05735488
160378	4342	0.05735488
160378	719	0.057354875
160378	1349	0.057354875
160378	3556	0.057354875
160378	875	0.057354867
160378	2651	0.057354867
160378	2787	0.057354867
160381	581	0.050780967
160381	2552	0.050780967
160381	6198	0.050780967
160381	4342	0.050780963
160381	719	0.05078096
160381	1349	0.050780956
160381	3556	0.050780956
160381	875	0.050780952
160381	2651	0.050780952
160381	2787	0.050780952
160393	581	0.06544377
160393	2552	0.06544377
160393	4342	0.06544377
160393	6198	0.06544377
160393	719	0.06544376
160393	875	0.06544376
160393	3556	0.06544376
160393	3605	0.06544376
160393	365	0.065443754
160393	880	0.065443754
160401	581	0.06732743
160401	719	0.067327425
160401	1349	0.067327425
160401	2552	0.067327425
160401	3556	0.067327425
160401	4342	0.067327425
160401	6198	0.067327425
160401	875	0.06732742
160401	3756	0.06732742
160401	365	0.06732741
160434	581	0.065496005
160434	719	0.065496
160434	2552	0.065496
160434	3556	0.065496
160434	4342	0.065496
160434	6198	0.065496
160434	1349	0.06549599
160434	3605	0.06549599
160434	365	0.06549598
160434	875	0.06549598
160548	581	0.06341293
160548	2552	0.06341292
160548	4342	0.06341292
160548	6198	0.06341292
160548	719	0.06341291
160548	875	0.06341291
160548	1349	0.06341291
160548	3556	0.06341291
160548	3605	0.06341291
160548	365	0.063412905
160558	6198	0.08534117
160558	581	0.08534116
160558	2552	0.08534116
160558	4342	0.08534116
160558	719	0.085341156
160558	1349	0.085341156
160558	3556	0.085341156
160558	3605	0.08534115
160558	875	0.08534114
160558	880	0.08534114
160571	581	0.060564354
160571	4342	0.06056435
160571	2552	0.060564347
160571	6198	0.060564347
160571	1349	0.060564343
160571	719	0.06056434
160571	3556	0.06056434
160571	3605	0.06056434
160571	3756	0.060564335
160571	4218	0.060564335
160574	581	0.057009857
160574	6198	0.057009853
160574	2552	0.05700985
160574	4342	0.05700985
160574	719	0.057009846
160574	1349	0.057009846
160574	875	0.05700984
160574	2651	0.05700984
160574	2787	0.05700984
160574	3556	0.05700984
160681	581	0.06540777
160681	2552	0.06540777
160681	4342	0.06540776
160681	6198	0.06540776
160681	719	0.06540775
160681	875	0.06540775
160681	1349	0.06540775
160681	2787	0.06540775
160681	3556	0.06540775
160681	3605	0.06540775
160735	581	0.044421982
160735	2552	0.04442198
160735	6198	0.04442198
160735	4342	0.044421975
160735	719	0.04442197
160735	1349	0.04442197
160735	3556	0.04442197
160735	3605	0.04442197
160735	3756	0.044421967
160735	365	0.044421963
160746	581	0.07314908
160746	6198	0.07314908
160746	719	0.07314907
160746	2552	0.07314907
160746	3556	0.07314907
160746	4342	0.07314907
160746	875	0.07314906
160746	1349	0.07314906
160746	3605	0.07314906
160746	365	0.073149055
160803	6198	0.07998727
160803	581	0.079987265
160803	2552	0.079987265
160803	719	0.07998726
160803	1349	0.07998726
160803	3556	0.07998726
160803	4342	0.07998726
160803	2787	0.07998725
160803	3605	0.07998725
160803	365	0.07998724
160819	581	0.060433302
160819	2552	0.0604333
160819	4342	0.0604333
160819	6198	0.0604333
160819	719	0.060433287
160819	1349	0.060433287
160819	3556	0.060433287
160819	365	0.060433283
160819	875	0.060433283
160819	3605	0.060433283
160878	2552	0.060552664
160878	4342	0.060552664
160878	6198	0.060552664
160878	719	0.060552657
160878	3556	0.060552657
160878	1349	0.060552653
160878	3605	0.060552653
160878	875	0.06055265
160878	880	0.06055265
160878	1958	0.06055265
160881	581	0.05982346
160881	2552	0.05982346
160881	4342	0.05982346
160881	6198	0.05982346
160881	719	0.059823453
160881	1349	0.059823453
160881	3556	0.059823453
160881	3605	0.05982345
160881	875	0.059823446
160881	2787	0.059823446
160994	581	0.059872355
160994	4342	0.05987235
160994	6198	0.05987235
160994	719	0.059872344
160994	1349	0.059872344
160994	2552	0.059872344
160994	3556	0.059872344
160994	3605	0.05987234
160994	875	0.059872337
160994	2651	0.059872337
161037	581	0.074788705
161037	2552	0.074788705
161037	6198	0.074788705
161037	4342	0.0747887
161037	719	0.07478869
161037	875	0.07478869
161037	1349	0.07478869
161037	1958	0.07478869
161037	2651	0.07478869
161037	3556	0.07478869
161039	581	0.07378021
161039	2552	0.07378021
161039	6198	0.07378021
161039	4342	0.0737802
161039	719	0.073780194
161039	1349	0.073780194
161039	3556	0.073780194
161039	875	0.07378019
161039	880	0.07378019
161039	2651	0.07378019
161041	581	0.06791634
161041	2552	0.06791633
161041	4342	0.06791633
161041	6198	0.06791633
161041	719	0.06791632
161041	875	0.06791632
161041	880	0.06791632
161041	1349	0.06791632
161041	1958	0.06791632
161041	2651	0.06791632
161200	581	0.0601509
161200	6198	0.0601509
161200	1349	0.06015089
161200	2552	0.06015089
161200	3556	0.06015089
161200	4342	0.06015089
161200	719	0.060150888
161200	875	0.060150884
161200	2787	0.060150884
161200	3605	0.060150884
161234	581	0.056073707
161234	6198	0.056073707
161234	2552	0.056073703
161234	4342	0.0560737
161234	719	0.056073695
161234	1349	0.056073695
161234	3556	0.056073695
161234	3605	0.056073695
161234	2787	0.05607369
161234	875	0.056073688
161250	581	0.0517036
161250	6198	0.0517036
161250	2552	0.051703595
161250	4342	0.051703595
161250	1349	0.05170359
161250	3556	0.05170359
161250	719	0.051703587
161250	2787	0.051703587
161250	3605	0.051703587
161250	4218	0.051703587
161252	581	0.07952125
161252	2552	0.07952125
161252	4342	0.079521246
161252	6198	0.079521246
161252	719	0.07952124
161252	1349	0.07952124
161252	3556	0.07952124
161252	3605	0.07952124
161252	875	0.07952123
161252	2787	0.07952123
161265	581	0.06271142
161265	6198	0.06271141
161265	1349	0.0627114
161265	2552	0.0627114
161265	3556	0.0627114
161265	4342	0.0627114
161265	719	0.062711395
161265	875	0.062711395
161265	3605	0.062711395
161265	365	0.06271139
161299	581	0.06368637
161299	2552	0.06368637
161299	6198	0.06368637
161299	4342	0.06368636
161299	719	0.063686356
161299	1349	0.063686356
161299	2787	0.063686356
161299	3556	0.063686356
161299	3605	0.063686356
161299	3756	0.063686356
161326	581	0.04332123
161326	4342	0.04332123
161326	6198	0.04332123
161326	2552	0.043321226
161326	719	0.043321222
161326	875	0.043321222
161326	1349	0.043321222
161326	3556	0.043321222
161326	3756	0.043321222
161326	5214	0.043321222
161348	6198	0.068191916
161348	581	0.0681919
161348	719	0.0681919
161348	2552	0.0681919
161348	3556	0.0681919
161348	4342	0.0681919
161348	1349	0.06819189
161348	3605	0.06819189
161348	875	0.068191886
161348	880	0.068191886
161373	581	0.038121697
161373	2552	0.038121693
161373	4342	0.038121693
161373	6198	0.038121693
161373	3556	0.03812169
161373	719	0.038121685
161373	1349	0.038121685
161373	2651	0.038121685
161373	2787	0.038121685
161373	3605	0.038121685
161385	581	0.052876823
161385	2552	0.052876823
161385	4342	0.052876823
161385	6198	0.052876823
161385	719	0.052876815
161385	875	0.052876815
161385	1349	0.052876815
161385	2787	0.052876815
161385	3556	0.052876815
161385	3605	0.05287681
161391	581	0.0527471
161391	2552	0.052747093
161391	4342	0.052747093
161391	6198	0.052747093
161391	719	0.052747086
161391	1349	0.052747086
161391	3556	0.052747086
161391	3605	0.052747086
161391	875	0.052747082
161391	5147	0.052747082
161467	581	0.06117823
161467	6198	0.06117823
161467	2552	0.061178222
161467	4342	0.061178222
161467	719	0.061178215
161467	1349	0.061178215
161467	3556	0.061178215
161467	3605	0.061178215
161467	2787	0.06117821
161467	3663	0.06117821
161476	581	0.068720736
161476	6198	0.068720736
161476	719	0.06872073
161476	2552	0.06872073
161476	4342	0.06872073
161476	875	0.06872072
161476	1349	0.06872072
161476	3556	0.06872072
161476	3605	0.06872072
161476	3663	0.06872072
161533	581	0.061943464
161533	2552	0.061943464
161533	4342	0.061943464
161533	6198	0.061943464
161533	719	0.061943457
161533	1349	0.061943457
161533	3556	0.061943457
161533	3605	0.061943453
161533	875	0.06194345
161533	2651	0.06194345
161662	581	0.05996307
161662	2552	0.059963066
161662	6198	0.059963066
161662	1349	0.059963062
161662	4342	0.059963062
161662	719	0.059963055
161662	3556	0.059963055
161662	3605	0.059963055
161662	2787	0.05996305
161662	3756	0.05996305
161677	581	0.04383407
161677	2552	0.043834068
161677	4342	0.043834068
161677	6198	0.043834068
161677	719	0.04383406
161677	1349	0.04383406
161677	2787	0.04383406
161677	3556	0.04383406
161677	3605	0.04383406
161677	4218	0.04383406
161744	581	0.047383256
161744	6198	0.047383253
161744	2552	0.04738325
161744	4342	0.04738325
161744	719	0.047383245
161744	1349	0.047383245
161744	3556	0.047383245
161744	875	0.04738324
161744	2787	0.04738324
161744	3605	0.04738324
161750	581	0.05576121
161750	6198	0.05576121
161750	2552	0.055761203
161750	3556	0.055761203
161750	4342	0.055761203
161750	1349	0.0557612
161750	719	0.055761196
161750	2787	0.055761196
161750	3605	0.055761196
161750	4218	0.055761196
161752	581	0.05047606
161752	4342	0.05047606
161752	6198	0.05047606
161752	719	0.050476052
161752	1349	0.050476052
161752	2552	0.050476052
161752	3556	0.050476052
161752	3605	0.050476052
161752	875	0.050476044
161752	880	0.050476044
161755	581	0.06051425
161755	2552	0.06051425
161755	4342	0.06051425
161755	6198	0.060514245
161755	719	0.06051424
161755	3556	0.06051424
161755	1349	0.060514238
161755	875	0.060514234
161755	3605	0.060514234
161755	3756	0.060514234
161831	581	0.061126977
161831	2552	0.061126977
161831	6198	0.061126977
161831	4342	0.061126973
161831	719	0.06112697
161831	1349	0.06112697
161831	3556	0.061126966
161831	875	0.061126962
161831	2651	0.061126962
161831	2787	0.061126962
161870	581	0.04293192
161870	6198	0.04293192
161870	2552	0.042931918
161870	4342	0.042931918
161870	719	0.042931914
161870	1349	0.042931914
161870	3556	0.042931914
161870	3605	0.042931914
161870	875	0.04293191
161870	3756	0.04293191
161880	581	0.052288964
161880	2552	0.052288964
161880	6198	0.052288964
161880	4342	0.05228896
161880	1349	0.052288957
161880	3556	0.052288957
161880	3605	0.052288957
161880	719	0.052288953
161880	3756	0.052288953
161880	875	0.05228895
161882	581	0.054759763
161882	4342	0.054759763
161882	6198	0.054759763
161882	2552	0.05475976
161882	719	0.054759756
161882	1349	0.054759756
161882	3556	0.054759756
161882	365	0.05475975
161882	875	0.05475975
161882	2651	0.05475975
161903	581	0.05973328
161903	6198	0.059733275
161903	2552	0.05973327
161903	4342	0.05973327
161903	1349	0.059733268
161903	719	0.059733264
161903	2787	0.059733264
161903	3556	0.059733264
161903	3605	0.059733264
161903	3756	0.059733264
161936	581	0.052855715
161936	4342	0.05285571
161936	6198	0.05285571
161936	2552	0.052855708
161936	3556	0.052855708
161936	719	0.052855704
161936	1349	0.052855704
161936	3756	0.052855704
161936	875	0.0528557
161936	880	0.0528557
161974	581	0.05776495
161974	2552	0.057764947
161974	4342	0.057764947
161974	6198	0.057764947
161974	3556	0.057764944
161974	719	0.05776494
161974	1349	0.05776494
161974	3605	0.05776494
161974	875	0.057764936
161974	4218	0.057764936
162001	6198	0.059131064
162001	581	0.05913106
162001	719	0.059131056
162001	1349	0.059131056
162001	2552	0.059131056
162001	4342	0.059131056
162001	3556	0.059131052
162001	2787	0.05913105
162001	3605	0.05913105
162001	3663	0.05913105
162014	581	0.041045144
162014	6198	0.041045144
162014	719	0.041045137
162014	1349	0.041045137
162014	2552	0.041045137
162014	3556	0.041045137
162014	4342	0.041045137
162014	3605	0.041045133
162014	365	0.04104513
162014	875	0.04104513
162019	581	0.06104803
162019	2552	0.06104803
162019	6198	0.06104803
162019	4342	0.061048027
162019	1349	0.061048023
162019	3556	0.061048023
162019	719	0.06104802
162019	875	0.061048016
162019	2787	0.061048016
162019	3605	0.061048016
162030	581	0.054439418
162030	4342	0.054439418
162030	6198	0.054439418
162030	2552	0.054439414
162030	1349	0.05443941
162030	3556	0.054439407
162030	3605	0.054439407
162030	719	0.054439403
162030	875	0.054439403
162030	880	0.054439403
162121	581	0.053075448
162121	6198	0.053075448
162121	2552	0.05307544
162121	4342	0.05307544
162121	719	0.053075437
162121	1349	0.053075437
162121	3556	0.053075433
162121	3605	0.053075433
162121	3756	0.053075433
162121	4366	0.053075433
162155	581	0.036852937
162155	2552	0.036852933
162155	4342	0.036852933
162155	6198	0.036852933
162155	1349	0.03685293
162155	719	0.036852926
162155	3556	0.036852926
162155	3605	0.036852926
162155	3756	0.036852926
162155	4218	0.036852926
162219	581	0.048084266
162219	6198	0.048084266
162219	2552	0.048084263
162219	1349	0.04808426
162219	3556	0.04808426
162219	4342	0.04808426
162219	719	0.048084255
162219	875	0.048084255
162219	2651	0.04808425
162219	2787	0.04808425
162264	581	0.057818178
162264	4342	0.057818174
162264	6198	0.057818174
162264	2552	0.05781817
162264	719	0.057818167
162264	875	0.057818167
162264	3556	0.057818167
162264	1349	0.057818163
162264	2787	0.057818163
162264	3756	0.057818163
162311	581	0.05541429
162311	2552	0.05541429
162311	6198	0.05541429
162311	4342	0.055414286
162311	1349	0.05541428
162311	3556	0.05541428
162311	719	0.055414278
162311	875	0.055414274
162311	3605	0.055414274
162311	3756	0.055414274
162376	581	0.07228953
162376	2552	0.07228952
162376	4342	0.07228952
162376	719	0.07228951
162376	1349	0.07228951
162376	3556	0.07228951
162376	6198	0.07228951
162376	2787	0.072289504
162376	3605	0.072289504
162376	365	0.0722895
162380	581	0.05532898
162380	2552	0.055328973
162380	4342	0.055328973
162380	6198	0.055328973
162380	719	0.05532897
162380	3556	0.05532897
162380	875	0.055328965
162380	1349	0.055328965
162380	2787	0.055328965
162380	3605	0.05532896
162538	581	0.06755029
162538	2552	0.06755029
162538	4342	0.06755029
162538	6198	0.06755028
162538	719	0.06755027
162538	875	0.06755027
162538	1349	0.06755027
162538	2787	0.06755027
162538	3556	0.06755027
162538	3605	0.06755027
162562	581	0.072346896
162562	4342	0.07234689
162562	6198	0.07234689
162562	719	0.07234688
162562	2552	0.07234688
162562	1349	0.07234687
162562	3556	0.07234687
162562	3605	0.07234687
162562	365	0.072346866
162562	875	0.072346866
162590	581	0.06193982
162590	6198	0.06193982
162590	4342	0.061939817
162590	2552	0.061939813
162590	719	0.06193981
162590	1349	0.06193981
162590	3556	0.061939806
162590	875	0.061939802
162590	2787	0.061939802
162590	3605	0.061939802
162610	581	0.05085747
162610	2552	0.05085747
162610	4342	0.05085747
162610	6198	0.05085747
162610	719	0.050857462
162610	1349	0.050857462
162610	3556	0.050857462
162610	875	0.05085746
162610	2787	0.05085746
162610	3605	0.05085746
162626	581	0.05089304
162626	2552	0.05089304
162626	4342	0.05089304
162626	6198	0.05089304
162626	719	0.05089303
162626	1349	0.05089303
162626	3556	0.05089303
162626	3605	0.05089303
162626	875	0.050893024
162626	880	0.050893024
162662	581	0.06843346
162662	2552	0.06843346
162662	6198	0.06843346
162662	4342	0.068433456
162662	719	0.06843345
162662	1349	0.06843345
162662	2787	0.06843345
162662	3556	0.06843345
162662	3605	0.06843345
162662	875	0.06843344
162671	581	0.08237838
162671	6198	0.08237838
162671	719	0.08237837
162671	2552	0.08237837
162671	4342	0.08237837
162671	875	0.082378365
162671	1349	0.082378365
162671	3556	0.082378365
162671	3605	0.082378365
162671	365	0.08237836
162738	581	0.08155676
162738	6198	0.08155676
162738	1349	0.08155675
162738	2552	0.08155675
162738	4342	0.08155675
162738	719	0.081556745
162738	3556	0.081556745
162738	3605	0.081556745
162738	875	0.08155674
162738	2787	0.08155674
162762	581	0.066079766
162762	2552	0.066079766
162762	4342	0.066079766
162762	6198	0.066079766
162762	719	0.06607976
162762	875	0.06607976
162762	1349	0.06607976
162762	3556	0.06607976
162762	365	0.06607975
162762	880	0.06607975
162780	581	0.05994429
162780	2552	0.059944287
162780	4342	0.059944287
162780	6198	0.059944287
162780	719	0.05994428
162780	875	0.05994428
162780	1349	0.05994428
162780	3556	0.05994428
162780	3605	0.05994428
162780	3756	0.05994428
162827	6198	0.043609172
162827	581	0.04360917
162827	4342	0.04360917
162827	719	0.043609165
162827	2552	0.043609165
162827	3556	0.043609165
162827	1349	0.04360916
162827	875	0.043609157
162827	1211	0.043609157
162827	1958	0.043609157
162840	581	0.054916292
162840	6198	0.054916292
162840	4342	0.05491629
162840	2552	0.054916285
162840	1349	0.05491628
162840	719	0.054916278
162840	875	0.054916278
162840	2787	0.054916278
162840	3556	0.054916278
162840	3605	0.054916278
162849	581	0.054865457
162849	4342	0.054865457
162849	6198	0.054865457
162849	2552	0.054865453
162849	1349	0.05486545
162849	3556	0.05486545
162849	3605	0.05486545
162849	719	0.054865446
162849	875	0.054865442
162849	2651	0.054865442
162886	2552	0.0853834
162886	6198	0.0853834
162886	581	0.08538339
162886	4342	0.08538339
162886	719	0.085383385
162886	1349	0.085383385
162886	3556	0.085383385
162886	875	0.08538338
162886	2651	0.08538338
162886	3605	0.08538338
163169	581	0.04990827
163169	2552	0.04990827
163169	4342	0.04990827
163169	719	0.049908265
163169	6198	0.049908265
163169	875	0.049908258
163169	1349	0.049908258
163169	3556	0.049908258
163169	3605	0.049908258
163169	3756	0.049908258
163194	581	0.054047573
163194	2552	0.05404757
163194	4342	0.05404757
163194	6198	0.05404757
163194	719	0.054047562
163194	1349	0.054047562
163194	3556	0.054047562
163194	3605	0.054047562
163194	875	0.05404756
163194	880	0.054047555
163202	581	0.08052482
163202	6198	0.08052481
163202	2552	0.0805248
163202	4342	0.0805248
163202	719	0.080524795
163202	1349	0.080524795
163202	3605	0.080524795
163202	875	0.08052479
163202	880	0.08052479
163202	2651	0.08052479
163302	581	0.05808056
163302	6198	0.05808056
163302	2552	0.058080554
163302	4342	0.058080554
163302	719	0.05808055
163302	1349	0.05808055
163302	3556	0.05808055
163302	3605	0.05808055
163302	875	0.058080547
163302	2787	0.058080547
163307	581	0.06750642
163307	6198	0.06750641
163307	1349	0.0675064
163307	2552	0.0675064
163307	3556	0.0675064
163307	3605	0.0675064
163307	4342	0.0675064
163307	719	0.067506395
163307	3756	0.067506395
163307	4366	0.067506395
163319	4342	0.06640157
163319	6198	0.06640157
163319	581	0.06640156
163319	2552	0.06640156
163319	719	0.066401556
163319	1349	0.066401556
163319	3605	0.066401556
163319	875	0.06640155
163319	2787	0.06640155
163319	3556	0.06640155
163326	581	0.062029928
163326	2552	0.06202992
163326	4342	0.06202992
163326	6198	0.06202992
163326	719	0.062029913
163326	1349	0.062029913
163326	3556	0.062029913
163326	875	0.06202991
163326	3605	0.06202991
163326	3756	0.06202991
163329	581	0.06198614
163329	6198	0.061986137
163329	2552	0.061986133
163329	4342	0.061986133
163329	719	0.06198613
163329	875	0.061986126
163329	1349	0.061986126
163329	3556	0.061986126
163329	3605	0.061986122
163329	3663	0.061986122
163335	581	0.05986283
163335	2552	0.059862822
163335	4342	0.059862822
163335	6198	0.059862822
163335	1349	0.05986282
163335	719	0.059862815
163335	875	0.059862815
163335	3556	0.059862815
163335	3605	0.059862815
163335	2651	0.05986281
163358	2552	0.07136375
163358	581	0.07136374
163358	719	0.07136374
163358	4342	0.07136374
163358	6198	0.07136374
163358	875	0.07136373
163358	1349	0.07136373
163358	3556	0.07136373
163358	3605	0.07136373
163358	2651	0.071363725
163415	581	0.060839355
163415	4342	0.06083935
163415	6198	0.06083935
163415	2552	0.060839348
163415	719	0.06083934
163415	875	0.06083934
163415	1349	0.06083934
163415	3556	0.06083934
163415	3605	0.06083934
163415	3756	0.060839336
163419	581	0.052699037
163419	4342	0.052699037
163419	6198	0.052699037
163419	2552	0.052699033
163419	719	0.05269903
163419	1349	0.05269903
163419	3556	0.05269903
163419	875	0.052699026
163419	3605	0.052699026
163419	365	0.052699022
163430	581	0.052643206
163430	2552	0.052643202
163430	4342	0.052643202
163430	6198	0.052643202
163430	719	0.052643195
163430	1349	0.052643195
163430	3556	0.052643195
163430	3605	0.052643195
163430	2651	0.05264319
163430	365	0.052643187
163433	581	0.048880093
163433	2552	0.048880085
163433	4342	0.048880085
163433	6198	0.048880085
163433	719	0.04888008
163433	1349	0.04888008
163433	3556	0.04888008
163433	875	0.048880078
163433	3422	0.048880078
163433	3605	0.048880078
163443	6198	0.05167607
163443	581	0.051676065
163443	2552	0.051676065
163443	4342	0.051676065
163443	719	0.051676057
163443	1349	0.051676057
163443	2787	0.051676057
163443	3556	0.051676057
163443	3605	0.051676057
163443	875	0.051676054
163467	581	0.046339676
163467	6198	0.046339676
163467	1349	0.04633967
163467	2552	0.04633967
163467	3556	0.04633967
163467	4342	0.04633967
163467	719	0.046339665
163467	3605	0.046339665
163467	365	0.04633966
163467	875	0.04633966
163488	581	0.0880223
163488	4342	0.08802229
163488	6198	0.08802229
163488	2552	0.088022284
163488	719	0.08802228
163488	1349	0.08802228
163488	2787	0.08802228
163488	3556	0.08802228
163488	3605	0.08802228
163488	875	0.08802227
163534	581	0.07785183
163534	2552	0.077851824
163534	6198	0.077851824
163534	719	0.07785182
163534	1349	0.07785182
163534	3556	0.07785182
163534	4342	0.07785182
163534	875	0.07785181
163534	3756	0.07785181
163534	365	0.0778518
163570	581	0.090350345
163570	6198	0.09035034
163570	719	0.09035033
163570	1349	0.09035033
163570	2552	0.09035033
163570	3556	0.09035033
163570	4342	0.09035033
163570	875	0.090350315
163570	880	0.090350315
163570	2651	0.090350315
163579	581	0.069870636
163579	2552	0.069870636
163579	4342	0.069870636
163579	6198	0.069870636
163579	719	0.06987063
163579	1349	0.06987063
163579	3556	0.06987063
163579	3605	0.06987063
163579	365	0.06987062
163579	875	0.06987062
163600	581	0.053461522
163600	6198	0.053461522
163600	4342	0.05346152
163600	1349	0.053461514
163600	2552	0.053461514
163600	3556	0.053461514
163600	3605	0.053461514
163600	719	0.05346151
163600	2787	0.05346151
163600	365	0.053461507
163612	581	0.05372838
163612	2552	0.053728376
163612	6198	0.053728376
163612	4342	0.05372837
163612	719	0.053728368
163612	1349	0.053728368
163612	3556	0.053728368
163612	3605	0.053728368
163612	2651	0.053728364
163612	2787	0.053728364
163676	581	0.06727101
163676	2552	0.06727101
163676	4342	0.06727101
163676	6198	0.06727101
163676	719	0.067270994
163676	1349	0.067270994
163676	2651	0.067270994
163676	2787	0.067270994
163676	3556	0.067270994
163676	3605	0.067270994
163759	581	0.06149827
163759	2552	0.06149827
163759	6198	0.06149827
163759	4342	0.061498266
163759	719	0.06149826
163759	875	0.061498255
163759	1349	0.061498255
163759	2787	0.061498255
163759	3556	0.061498255
163759	3605	0.061498255
163761	581	0.06415762
163761	4342	0.06415762
163761	6198	0.06415762
163761	2552	0.06415761
163761	719	0.064157605
163761	875	0.064157605
163761	1349	0.064157605
163761	2651	0.064157605
163761	3556	0.064157605
163761	3605	0.064157605
163796	581	0.047892183
163796	2552	0.047892183
163796	4342	0.047892183
163796	6198	0.047892183
163796	719	0.047892176
163796	1349	0.047892176
163796	2787	0.047892176
163796	3556	0.047892176
163796	4218	0.047892176
163796	875	0.047892172
163804	581	0.0798734
163804	2552	0.0798734
163804	4342	0.0798734
163804	6198	0.0798734
163804	719	0.07987338
163804	1349	0.07987338
163804	2787	0.07987338
163804	3556	0.07987338
163804	3605	0.07987338
163804	3756	0.07987338
163851	581	0.0596558
163851	6198	0.0596558
163851	4342	0.059655797
163851	1349	0.059655793
163851	2552	0.059655793
163851	719	0.05965579
163851	3556	0.05965579
163851	875	0.059655786
163851	2787	0.059655786
163851	3605	0.059655786
163876	581	0.056399666
163876	4342	0.056399666
163876	6198	0.056399666
163876	2552	0.056399662
163876	719	0.05639966
163876	1349	0.05639966
163876	3605	0.05639966
163876	875	0.056399655
163876	3556	0.056399655
163876	880	0.05639965
163973	581	0.079571396
163973	2552	0.079571396
163973	4342	0.079571396
163973	6198	0.079571396
163973	719	0.07957138
163973	875	0.07957138
163973	1349	0.07957138
163973	2651	0.07957138
163973	2787	0.07957138
163973	3556	0.07957138
164027	581	0.0489255
164027	2552	0.048925497
164027	4342	0.048925497
164027	6198	0.048925497
164027	719	0.04892549
164027	1349	0.04892549
164027	3556	0.04892549
164027	3605	0.04892549
164027	875	0.048925485
164027	2787	0.048925485
164096	581	0.08490473
164096	2552	0.08490473
164096	4342	0.08490473
164096	6198	0.08490473
164096	719	0.08490472
164096	1349	0.08490472
164096	3556	0.084904715
164096	3605	0.084904715
164096	3756	0.084904715
164096	4218	0.084904715
164105	581	0.04803704
164105	2552	0.048037037
164105	4342	0.048037037
164105	6198	0.048037037
164105	719	0.04803703
164105	1349	0.04803703
164105	3556	0.04803703
164105	875	0.048037026
164105	2787	0.048037026
164105	3605	0.048037026
164301	581	0.053055175
164301	2552	0.053055175
164301	6198	0.053055175
164301	4342	0.05305517
164301	719	0.053055163
164301	1349	0.053055163
164301	3556	0.053055163
164301	875	0.05305516
164301	2651	0.05305516
164301	2787	0.05305516
164323	581	0.069493085
164323	2552	0.069493085
164323	4342	0.069493085
164323	6198	0.069493085
164323	3556	0.06949308
164323	3605	0.06949308
164323	365	0.06949307
164323	719	0.06949307
164323	875	0.06949307
164323	1349	0.06949307
164425	581	0.044782713
164425	6198	0.04478271
164425	719	0.044782706
164425	1349	0.044782706
164425	2552	0.044782706
164425	3556	0.044782706
164425	4342	0.044782706
164425	3605	0.044782702
164425	365	0.0447827
164425	875	0.0447827
164480	581	0.06019865
164480	6198	0.06019865
164480	2552	0.060198642
164480	4342	0.060198642
164480	1349	0.06019864
164480	3556	0.06019864
164480	719	0.060198635
164480	875	0.060198635
164480	2787	0.060198635
164480	3605	0.060198635
164492	581	0.055942684
164492	2552	0.055942677
164492	4342	0.055942677
164492	6198	0.055942677
164492	719	0.05594267
164492	1349	0.05594267
164492	3556	0.05594267
164492	3605	0.05594267
164492	875	0.055942666
164492	365	0.055942662
164518	581	0.06667309
164518	6198	0.06667309
164518	719	0.066673085
164518	1349	0.066673085
164518	2552	0.066673085
164518	4342	0.066673085
164518	2787	0.06667308
164518	3556	0.06667308
164518	3605	0.06667308
164518	365	0.06667307
164533	581	0.066262454
164533	2552	0.06626245
164533	4342	0.06626245
164533	6198	0.06626245
164533	719	0.06626244
164533	1349	0.06626244
164533	3556	0.06626244
164533	4218	0.06626244
164533	875	0.06626243
164533	2787	0.06626243
164549	581	0.050170712
164549	2552	0.050170712
164549	6198	0.050170712
164549	4342	0.05017071
164549	719	0.050170705
164549	1349	0.050170705
164549	3556	0.050170705
164549	875	0.050170697
164549	880	0.050170697
164549	1173	0.050170697
164581	581	0.06128315
164581	2552	0.06128315
164581	6198	0.06128315
164581	719	0.06128314
164581	4342	0.06128314
164581	3556	0.061283138
164581	875	0.061283134
164581	1349	0.061283134
164581	3605	0.061283134
164581	3756	0.061283134
164584	581	0.051988985
164584	2552	0.05198898
164584	4342	0.05198898
164584	6198	0.05198898
164584	719	0.051988974
164584	1349	0.051988974
164584	3556	0.051988974
164584	3605	0.051988974
164584	875	0.05198897
164584	3756	0.05198897
164675	581	0.075867295
164675	4342	0.075867295
164675	6198	0.075867295
164675	719	0.07586729
164675	2552	0.07586729
164675	1349	0.07586728
164675	2787	0.07586728
164675	3556	0.07586728
164675	3605	0.07586728
164675	875	0.07586727
164728	581	0.07816485
164728	719	0.078164846
164728	2552	0.078164846
164728	4342	0.078164846
164728	6198	0.078164846
164728	3556	0.07816484
164728	3605	0.07816484
164728	875	0.07816483
164728	1349	0.07816483
164728	2651	0.07816483
164775	581	0.05291009
164775	2552	0.052910082
164775	4342	0.052910082
164775	6198	0.052910082
164775	3556	0.05291008
164775	719	0.052910075
164775	1349	0.052910075
164775	3605	0.052910075
164775	3756	0.052910075
164775	365	0.05291007
164828	6198	0.05946868
164828	581	0.059468675
164828	2552	0.05946867
164828	4342	0.05946867
164828	1349	0.059468668
164828	719	0.059468664
164828	3556	0.059468664
164828	3605	0.059468664
164828	2787	0.05946866
164828	875	0.059468657
164870	581	0.046073116
164870	4342	0.046073113
164870	6198	0.046073113
164870	2552	0.04607311
164870	719	0.046073105
164870	1349	0.046073105
164870	3556	0.046073105
164870	3756	0.046073105
164870	365	0.0460731
164870	875	0.0460731
164906	6198	0.052471694
164906	581	0.05247169
164906	2552	0.05247169
164906	4342	0.05247169
164906	719	0.052471682
164906	1349	0.052471682
164906	3556	0.052471682
164906	3605	0.052471682
164906	875	0.05247168
164906	2787	0.05247168
164926	581	0.052499335
164926	2552	0.05249933
164926	4342	0.05249933
164926	6198	0.05249933
164926	719	0.052499324
164926	1349	0.052499324
164926	3556	0.052499324
164926	3605	0.052499324
164926	875	0.05249932
164926	3756	0.05249932
165073	581	0.061586525
165073	2552	0.06158652
165073	4342	0.06158652
165073	6198	0.06158652
165073	719	0.061586514
165073	1349	0.061586514
165073	3556	0.061586514
165073	365	0.061586507
165073	875	0.061586507
165073	880	0.061586507
165183	581	0.09119022
165183	2552	0.09119022
165183	4342	0.09119022
165183	6198	0.09119022
165183	1349	0.09119021
165183	3556	0.09119021
165183	719	0.091190204
165183	875	0.091190204
165183	3605	0.091190204
165183	3756	0.091190204
165232	581	0.060090657
165232	2552	0.060090654
165232	6198	0.060090654
165232	4342	0.06009065
165232	719	0.060090646
165232	1349	0.060090646
165232	3556	0.060090646
165232	3605	0.060090646
165232	2787	0.060090642
165232	875	0.06009064
165267	581	0.057082456
165267	2552	0.057082456
165267	6198	0.057082456
165267	4342	0.057082452
165267	719	0.05708245
165267	1349	0.05708245
165267	3556	0.05708245
165267	875	0.057082444
165267	3605	0.057082444
165267	3756	0.057082444
165268	581	0.063672654
165268	2552	0.063672654
165268	6198	0.063672654
165268	719	0.06367265
165268	1349	0.06367265
165268	3605	0.06367265
165268	4342	0.06367265
165268	875	0.06367264
165268	880	0.06367264
165268	2787	0.06367264
165308	4342	0.06543887
165308	6198	0.06543887
165308	1349	0.06543886
165308	2552	0.06543886
165308	365	0.06543885
165308	719	0.06543885
165308	875	0.06543885
165308	1958	0.06543885
165308	2651	0.06543885
165308	2787	0.06543885
165319	581	0.0942176
165319	2552	0.09421758
165319	4342	0.09421758
165319	6198	0.09421758
165319	3556	0.094217576
165319	719	0.09421757
165319	3605	0.09421757
165319	3756	0.09421757
165319	5147	0.09421757
165319	365	0.09421756
165345	581	0.07017724
165345	2552	0.07017724
165345	4342	0.07017724
165345	6198	0.07017724
165345	719	0.070177235
165345	1349	0.070177235
165345	3556	0.070177235
165345	3756	0.070177235
165345	365	0.07017723
165345	875	0.07017723
165425	581	0.039341297
165425	2552	0.039341293
165425	4342	0.039341293
165425	6198	0.039341293
165425	1349	0.03934129
165425	719	0.039341286
165425	2787	0.039341286
165425	3556	0.039341286
165425	3605	0.039341286
165425	4218	0.039341286
165512	581	0.06176021
165512	2552	0.061760206
165512	4342	0.061760206
165512	6198	0.061760206
165512	719	0.0617602
165512	875	0.061760195
165512	1349	0.061760195
165512	3556	0.061760195
165512	3605	0.061760195
165512	3756	0.061760195
165516	4342	0.05874502
165516	6198	0.05874502
165516	581	0.058745015
165516	2552	0.058745015
165516	719	0.058745008
165516	3556	0.058745008
165516	875	0.058745004
165516	1349	0.058745004
165516	3605	0.058745004
165516	3756	0.058745004
165576	581	0.04510292
165576	2552	0.045102917
165576	4342	0.045102917
165576	6198	0.045102917
165576	719	0.045102913
165576	3556	0.045102913
165576	875	0.04510291
165576	1349	0.04510291
165576	3605	0.04510291
165576	3756	0.04510291
165582	581	0.06502439
165582	719	0.065024376
165582	1349	0.065024376
165582	2552	0.065024376
165582	3556	0.065024376
165582	3605	0.065024376
165582	4342	0.065024376
165582	6198	0.065024376
165582	4218	0.06502437
165582	97	0.06502436
165669	581	0.05807858
165669	2552	0.058078572
165669	4342	0.058078572
165669	6198	0.058078572
165669	1349	0.05807857
165669	719	0.058078565
165669	3556	0.058078565
165669	3756	0.058078565
165669	875	0.05807856
165669	365	0.058078557
165758	581	0.09982802
165758	6198	0.09982802
165758	2552	0.09982801
165758	4342	0.09982801
165758	1349	0.099828005
165758	3556	0.099828005
165758	719	0.099828
165758	875	0.09982799
165758	2651	0.09982799
165758	2787	0.09982799
165769	581	0.054366384
165769	2552	0.05436638
165769	4342	0.05436638
165769	6198	0.05436638
165769	719	0.054366373
165769	1349	0.054366373
165769	3556	0.054366373
165769	2787	0.05436637
165769	3605	0.05436637
165769	3663	0.05436637
165806	581	0.0635448
165806	6198	0.0635448
165806	2552	0.063544795
165806	3556	0.063544795
165806	4342	0.063544795
165806	719	0.06354479
165806	1349	0.06354479
165806	3756	0.06354479
165806	365	0.06354478
165806	875	0.06354478
165866	581	0.08122428
165866	2552	0.08122426
165866	4342	0.08122426
165866	6198	0.08122426
165866	719	0.081224255
165866	1349	0.081224255
165866	875	0.08122425
165866	880	0.08122425
165866	3422	0.08122425
165866	3556	0.08122425
165884	581	0.047980856
165884	6198	0.047980856
165884	2552	0.047980852
165884	3556	0.047980852
165884	4342	0.047980852
165884	719	0.04798085
165884	875	0.047980845
165884	1349	0.047980845
165884	2787	0.047980845
165884	3605	0.047980845
165914	6198	0.06081533
165914	581	0.060815327
165914	2552	0.060815327
165914	4342	0.060815327
165914	719	0.06081532
165914	1349	0.06081532
165914	3556	0.06081532
165914	2787	0.060815316
165914	3605	0.060815316
165914	875	0.060815312
165987	581	0.055353787
165987	2552	0.055353783
165987	4342	0.055353783
165987	6198	0.055353783
165987	3556	0.05535378
165987	719	0.055353776
165987	1349	0.055353776
165987	3605	0.055353776
165987	875	0.055353772
165987	2787	0.055353772
166017	581	0.05809667
166017	2552	0.05809667
166017	4342	0.05809667
166017	6198	0.05809667
166017	719	0.05809666
166017	3556	0.05809666
166017	875	0.058096655
166017	880	0.058096655
166017	1349	0.058096655
166017	3605	0.058096655
166030	581	0.03704728
166030	2552	0.03704728
166030	4342	0.03704728
166030	6198	0.03704728
166030	719	0.037047278
166030	875	0.037047274
166030	1349	0.037047274
166030	3422	0.037047274
166030	3556	0.037047274
166030	3605	0.037047274
166123	6198	0.10459965
166123	1349	0.10459964
166123	2552	0.10459964
166123	4342	0.10459964
166123	581	0.10459963
166123	3605	0.10459963
166123	719	0.104599625
166123	875	0.104599625
166123	880	0.104599625
166123	2787	0.104599625
166141	581	0.06608781
166141	2552	0.06608781
166141	4342	0.06608781
166141	6198	0.06608781
166141	719	0.066087805
166141	3556	0.066087805
166141	875	0.0660878
166141	1349	0.0660878
166141	2787	0.0660878
166141	3422	0.0660878
166291	581	0.050884172
166291	2552	0.050884172
166291	4342	0.050884172
166291	6198	0.050884172
166291	719	0.050884165
166291	1349	0.050884165
166291	3556	0.050884165
166291	3605	0.05088416
166291	365	0.050884157
166291	875	0.050884157
166327	581	0.05646371
166327	2552	0.05646371
166327	4342	0.05646371
166327	6198	0.05646371
166327	719	0.056463704
166327	1349	0.056463704
166327	3556	0.056463704
166327	3605	0.0564637
166327	4218	0.0564637
166327	875	0.056463696
166391	581	0.058745407
166391	6198	0.058745407
166391	4342	0.058745403
166391	1349	0.0587454
166391	2552	0.0587454
166391	719	0.058745395
166391	3556	0.058745395
166391	3605	0.058745395
166391	875	0.05874539
166391	2787	0.05874539
166409	581	0.044377528
166409	6198	0.044377528
166409	2552	0.044377524
166409	4342	0.044377524
166409	719	0.04437752
166409	1349	0.04437752
166409	3556	0.04437752
166409	875	0.044377517
166409	3605	0.044377517
166409	365	0.044377513
166492	581	0.046050444
166492	4342	0.04605044
166492	6198	0.04605044
166492	719	0.046050437
166492	2552	0.046050437
166492	1349	0.046050433
166492	3556	0.046050433
166492	875	0.04605043
166492	1958	0.04605043
166492	2651	0.04605043
166596	581	0.07702032
166596	2552	0.07702032
166596	4342	0.07702032
166596	6198	0.07702032
166596	719	0.0770203
166596	875	0.0770203
166596	1349	0.0770203
166596	3556	0.0770203
166596	3605	0.0770203
166596	3756	0.0770203
166639	581	0.05353818
166639	6198	0.053538177
166639	2552	0.053538173
166639	4342	0.053538173
166639	719	0.053538166
166639	1349	0.053538166
166639	3556	0.053538166
166639	3605	0.053538166
166639	875	0.053538162
166639	3663	0.053538162
166646	581	0.066010825
166646	6198	0.066010825
166646	719	0.06601082
166646	2552	0.06601082
166646	3556	0.06601082
166646	4342	0.06601082
166646	1349	0.06601081
166646	2787	0.06601081
166646	3605	0.06601081
166646	365	0.0660108
166753	581	0.057666756
166753	2552	0.057666756
166753	6198	0.057666756
166753	3556	0.05766675
166753	4342	0.05766675
166753	719	0.057666745
166753	1349	0.057666745
166753	875	0.05766674
166753	2787	0.05766674
166753	3605	0.05766674
166758	581	0.0571059
166758	6198	0.0571059
166758	2552	0.057105895
166758	4342	0.057105895
166758	1349	0.05710589
166758	3556	0.05710589
166758	719	0.057105888
166758	3605	0.057105888
166758	875	0.057105884
166758	2787	0.057105884
166824	581	0.054812245
166824	4342	0.05481224
166824	6198	0.05481224
166824	2552	0.054812238
166824	719	0.054812234
166824	1349	0.054812234
166824	2787	0.05481223
166824	3556	0.05481223
166824	3605	0.05481223
166824	3756	0.054812226
166825	581	0.059018515
166825	2552	0.059018515
166825	6198	0.059018515
166825	4342	0.05901851
166825	719	0.059018508
166825	1349	0.059018508
166825	3556	0.059018504
166825	3605	0.059018504
166825	875	0.0590185
166825	880	0.0590185
166828	6198	0.06482571
166828	581	0.064825706
166828	2552	0.064825706
166828	4342	0.064825706
166828	719	0.0648257
166828	875	0.0648257
166828	1349	0.0648257
166828	3556	0.0648257
166828	3605	0.0648257
166828	3663	0.0648257
166830	581	0.06435351
166830	2552	0.06435351
166830	4342	0.06435351
166830	6198	0.0643535
166830	719	0.064353496
166830	875	0.064353496
166830	1349	0.064353496
166830	3556	0.064353496
166830	3605	0.064353496
166830	3756	0.064353496
166891	581	0.045007985
166891	6198	0.045007985
166891	719	0.04500798
166891	2552	0.04500798
166891	3556	0.04500798
166891	4342	0.04500798
166891	1349	0.045007978
166891	875	0.045007974
166891	2787	0.045007974
166891	3605	0.045007974
166922	581	0.062386088
166922	6198	0.062386088
166922	1349	0.06238608
166922	2552	0.06238608
166922	4342	0.06238608
166922	719	0.062386077
166922	3556	0.062386077
166922	875	0.062386073
166922	2651	0.062386073
166922	2787	0.062386073
167038	581	0.043357182
167038	4342	0.043357182
167038	6198	0.043357182
167038	2552	0.04335718
167038	719	0.043357175
167038	3556	0.043357175
167038	875	0.04335717
167038	1349	0.04335717
167038	2651	0.04335717
167038	2787	0.04335717
167052	581	0.05244297
167052	6198	0.052442968
167052	2552	0.052442964
167052	4342	0.052442964
167052	719	0.05244296
167052	1349	0.05244296
167052	3556	0.05244296
167052	3605	0.052442957
167052	365	0.052442953
167052	875	0.052442953
167176	581	0.055465855
167176	2552	0.055465855
167176	4342	0.055465855
167176	6198	0.055465855
167176	719	0.055465847
167176	1349	0.055465847
167176	3556	0.055465847
167176	3605	0.055465847
167176	875	0.05546584
167176	880	0.05546584
167189	581	0.049699873
167189	4342	0.04969987
167189	2552	0.049699865
167189	6198	0.049699865
167189	719	0.049699858
167189	1349	0.049699858
167189	3556	0.049699858
167189	3605	0.049699858
167189	875	0.049699854
167189	4218	0.049699854
167272	581	0.050525732
167272	6198	0.050525732
167272	4342	0.05052573
167272	1349	0.050525725
167272	2552	0.050525725
167272	3556	0.050525725
167272	3605	0.050525725
167272	719	0.05052572
167272	2787	0.05052572
167272	365	0.050525717
167327	581	0.055162914
167327	4342	0.05516291
167327	6198	0.05516291
167327	719	0.055162907
167327	2552	0.055162907
167327	3556	0.055162907
167327	1349	0.055162903
167327	3605	0.055162903
167327	365	0.0551629
167327	875	0.0551629
167349	581	0.049959708
167349	6198	0.049959708
167349	2552	0.049959704
167349	4342	0.049959704
167349	719	0.049959697
167349	1349	0.049959697
167349	2787	0.049959697
167349	3556	0.049959697
167349	3605	0.049959697
167349	3756	0.049959697
167389	581	0.07059549
167389	4342	0.07059548
167389	6198	0.07059548
167389	719	0.07059547
167389	1349	0.07059547
167389	2552	0.07059547
167389	3556	0.070595466
167389	3605	0.070595466
167389	365	0.07059546
167389	875	0.07059546
167471	581	0.0802113
167471	4342	0.0802113
167471	6198	0.0802113
167471	719	0.08021128
167471	1349	0.08021128
167471	3556	0.08021128
167471	3605	0.08021128
167471	3663	0.08021128
167471	3756	0.08021128
167471	875	0.080211274
167478	581	0.054235768
167478	6198	0.054235768
167478	2552	0.054235764
167478	4342	0.054235764
167478	719	0.05423576
167478	875	0.054235756
167478	1349	0.054235756
167478	3556	0.054235756
167478	2787	0.054235753
167478	3605	0.054235753
167494	581	0.05008146
167494	6198	0.050081458
167494	2552	0.050081454
167494	4342	0.050081454
167494	1349	0.05008145
167494	3556	0.05008145
167494	719	0.050081447
167494	875	0.050081447
167494	2787	0.050081447
167494	3605	0.050081447
167507	581	0.055444367
167507	2552	0.055444364
167507	4342	0.055444364
167507	6198	0.055444364
167507	719	0.055444356
167507	875	0.055444352
167507	1349	0.055444352
167507	3556	0.055444352
167507	3605	0.055444352
167507	365	0.05544435
167517	581	0.058993135
167517	2552	0.05899313
167517	4342	0.05899313
167517	6198	0.05899313
167517	719	0.058993123
167517	875	0.058993123
167517	1349	0.058993123
167517	3556	0.058993123
167517	3605	0.058993123
167517	2787	0.05899312
167521	581	0.0970613
167521	6198	0.0970613
167521	2552	0.09706129
167521	4342	0.09706129
167521	3556	0.097061284
167521	719	0.09706128
167521	1349	0.09706128
167521	3605	0.09706128
167521	4218	0.09706128
167521	875	0.09706127
167556	581	0.054001898
167556	6198	0.054001898
167556	2552	0.054001894
167556	719	0.05400189
167556	3605	0.05400189
167556	4342	0.05400189
167556	1349	0.054001886
167556	3556	0.054001886
167556	875	0.054001883
167556	2787	0.054001883
167562	581	0.058488347
167562	6198	0.058488347
167562	2552	0.058488343
167562	4342	0.058488343
167562	719	0.05848834
167562	3556	0.05848834
167562	875	0.058488335
167562	1349	0.058488335
167562	3605	0.058488335
167562	3756	0.058488335
167587	581	0.06315625
167587	6198	0.06315625
167587	2552	0.06315624
167587	4342	0.06315624
167587	719	0.06315623
167587	875	0.06315623
167587	880	0.06315623
167587	1349	0.06315623
167587	3556	0.06315623
167587	3605	0.06315623
167611	581	0.06938121
167611	4342	0.06938121
167611	6198	0.06938121
167611	2552	0.0693812
167611	719	0.06938119
167611	875	0.06938119
167611	1349	0.06938119
167611	3556	0.06938119
167611	3605	0.06938119
167611	3756	0.06938119
167614	581	0.061587628
167614	2552	0.06158762
167614	6198	0.06158762
167614	4342	0.061587617
167614	1349	0.061587613
167614	3556	0.061587613
167614	3605	0.061587613
167614	719	0.06158761
167614	880	0.061587606
167614	3756	0.061587606
167678	581	0.05764828
167678	6198	0.057648275
167678	2552	0.05764827
167678	4342	0.05764827
167678	3556	0.057648268
167678	719	0.057648264
167678	1349	0.057648264
167678	3605	0.057648264
167678	3756	0.057648264
167678	3663	0.05764826
167722	581	0.054790262
167722	2552	0.05479026
167722	4342	0.05479026
167722	6198	0.05479026
167722	1349	0.054790255
167722	3556	0.054790255
167722	719	0.05479025
167722	875	0.05479025
167722	3605	0.05479025
167722	3756	0.05479025
167746	581	0.062081967
167746	2552	0.062081967
167746	719	0.062081963
167746	4342	0.062081963
167746	6198	0.062081963
167746	1349	0.06208196
167746	3556	0.062081955
167746	3605	0.062081955
167746	875	0.06208195
167746	2787	0.06208195
167761	581	0.06551561
167761	2552	0.06551561
167761	6198	0.06551561
167761	4342	0.0655156
167761	719	0.06551559
167761	1349	0.06551559
167761	2787	0.06551559
167761	3556	0.06551559
167761	3605	0.06551559
167761	3663	0.06551559
167782	581	0.06822513
167782	4342	0.06822513
167782	6198	0.06822513
167782	719	0.068225116
167782	875	0.068225116
167782	1349	0.068225116
167782	2552	0.068225116
167782	2787	0.068225116
167782	3556	0.068225116
167782	3605	0.068225116
167800	581	0.075791925
167800	2552	0.07579192
167800	1349	0.07579191
167800	3605	0.07579191
167800	4342	0.07579191
167800	6198	0.07579191
167800	3556	0.0757919
167800	365	0.075791895
167800	719	0.075791895
167800	875	0.075791895
167812	581	0.09050657
167812	2552	0.09050655
167812	4342	0.09050655
167812	6198	0.09050655
167812	719	0.090506546
167812	1349	0.09050654
167812	2787	0.09050654
167812	3556	0.09050654
167812	3605	0.09050654
167812	875	0.09050653
167844	581	0.05381862
167844	2552	0.05381862
167844	4342	0.05381862
167844	6198	0.05381862
167844	719	0.053818613
167844	1349	0.053818613
167844	3556	0.053818613
167844	3605	0.053818613
167844	365	0.053818606
167844	875	0.053818606
168016	581	0.052168846
168016	6198	0.052168846
168016	4342	0.052168842
168016	719	0.05216884
168016	1349	0.05216884
168016	2552	0.05216884
168016	3556	0.05216884
168016	3605	0.052168835
168016	875	0.05216883
168016	880	0.05216883
168029	581	0.07258056
168029	6198	0.07258055
168029	719	0.072580546
168029	1349	0.072580546
168029	2552	0.072580546
168029	3556	0.072580546
168029	3605	0.072580546
168029	4342	0.072580546
168029	875	0.07258054
168029	2787	0.07258054
168034	6198	0.061976496
168034	581	0.061976492
168034	2552	0.06197649
168034	4342	0.06197649
168034	719	0.061976485
168034	1349	0.061976485
168034	3556	0.061976485
168034	875	0.061976478
168034	2787	0.061976478
168034	3605	0.061976478
168036	581	0.06733962
168036	2552	0.067339614
168036	3556	0.067339614
168036	4342	0.067339614
168036	6198	0.067339614
168036	719	0.06733961
168036	365	0.0673396
168036	875	0.0673396
168036	880	0.0673396
168036	1211	0.0673396
168047	581	0.06822054
168047	2552	0.06822054
168047	6198	0.06822054
168047	4342	0.06822053
168047	719	0.068220526
168047	1349	0.068220526
168047	2787	0.068220526
168047	3556	0.068220526
168047	3605	0.068220526
168047	365	0.06822052
168064	581	0.067479804
168064	4342	0.0674798
168064	719	0.06747979
168064	1349	0.06747979
168064	2552	0.06747979
168064	3556	0.06747979
168064	3605	0.06747979
168064	6198	0.06747979
168064	2651	0.06747978
168064	2787	0.06747978
168144	581	0.05706433
168144	2552	0.057064325
168144	4342	0.057064325
168144	6198	0.057064325
168144	719	0.057064317
168144	1349	0.057064317
168144	3556	0.057064317
168144	3605	0.057064317
168144	3756	0.057064313
168144	365	0.05706431
168216	581	0.06555277
168216	1349	0.06555277
168216	2552	0.06555277
168216	4342	0.06555277
168216	6198	0.06555277
168216	3556	0.06555276
168216	365	0.065552756
168216	719	0.065552756
168216	875	0.065552756
168216	880	0.065552756
168387	581	0.057007067
168387	2552	0.057007067
168387	4342	0.057007067
168387	6198	0.057007067
168387	719	0.05700706
168387	1349	0.05700706
168387	3556	0.05700706
168387	3605	0.05700706
168387	875	0.057007052
168387	880	0.057007052
168388	581	0.066412695
168388	4342	0.066412695
168388	6198	0.066412695
168388	719	0.06641269
168388	1349	0.06641269
168388	2552	0.06641269
168388	3556	0.06641269
168388	3605	0.06641269
168388	875	0.06641268
168388	880	0.06641268
168464	581	0.048025303
168464	4342	0.0480253
168464	719	0.048025295
168464	2552	0.048025295
168464	6198	0.048025295
168464	875	0.04802529
168464	1349	0.04802529
168464	3556	0.04802529
168464	3756	0.04802529
168464	880	0.048025288
168500	581	0.06875211
168500	2552	0.0687521
168500	6198	0.0687521
168500	719	0.068752095
168500	875	0.068752095
168500	1349	0.068752095
168500	3556	0.068752095
168500	3605	0.068752095
168500	4342	0.068752095
168500	4546	0.06875209
168642	581	0.052018248
168642	4342	0.052018248
168642	6198	0.052018248
168642	2552	0.052018244
168642	719	0.05201824
168642	1349	0.05201824
168642	3556	0.05201824
168642	3605	0.05201824
168642	875	0.052018236
168642	2787	0.052018236
168763	581	0.057796963
168763	2552	0.057796963
168763	6198	0.057796963
168763	4342	0.05779696
168763	719	0.057796955
168763	1349	0.05779695
168763	875	0.057796948
168763	2651	0.057796948
168763	2787	0.057796948
168763	3556	0.057796948
168805	581	0.04738561
168805	2552	0.047385603
168805	4342	0.047385603
168805	6198	0.047385603
168805	719	0.0473856
168805	875	0.047385596
168805	1349	0.047385596
168805	2787	0.047385596
168805	3556	0.047385596
168805	3605	0.047385596
168816	581	0.065412074
168816	1349	0.065412074
168816	2552	0.065412074
168816	4342	0.065412074
168816	6198	0.065412074
168816	719	0.06541207
168816	875	0.06541207
168816	3556	0.06541207
168816	3605	0.06541207
168816	365	0.06541206
168954	581	0.061140276
168954	2552	0.06114027
168954	4342	0.06114027
168954	6198	0.06114027
168954	719	0.06114026
168954	1349	0.06114026
168954	3556	0.06114026
168954	3605	0.06114026
168954	3756	0.06114026
168954	365	0.061140254
168971	581	0.048831806
168971	6198	0.0488318
168971	1349	0.048831798
168971	2552	0.048831798
168971	3556	0.048831798
168971	4342	0.048831798
168971	719	0.048831794
168971	3605	0.048831794
168971	875	0.04883179
168971	2787	0.04883179
168985	581	0.056638625
168985	2552	0.05663862
168985	4342	0.05663862
168985	6198	0.05663862
168985	719	0.056638613
168985	1349	0.056638613
168985	3605	0.056638613
168985	875	0.05663861
168985	3556	0.05663861
168985	880	0.056638606
168999	4342	0.044461686
168999	6198	0.044461686
168999	581	0.044461682
168999	2552	0.044461682
168999	719	0.04446168
168999	3556	0.04446168
168999	365	0.044461675
168999	875	0.044461675
168999	1349	0.044461675
168999	2787	0.044461675
169006	581	0.062490873
169006	6198	0.062490866
169006	2552	0.062490862
169006	3556	0.062490862
169006	4342	0.062490862
169006	719	0.06249086
169006	1349	0.06249086
169006	3605	0.06249086
169006	875	0.062490854
169006	3756	0.062490854
169043	581	0.090825856
169043	2552	0.090825856
169043	4342	0.090825856
169043	6198	0.090825856
169043	719	0.09082585
169043	1349	0.09082585
169043	875	0.09082584
169043	2651	0.09082584
169043	2787	0.09082584
169043	3556	0.09082584
169057	6198	0.06462814
169057	581	0.06462813
169057	719	0.064628124
169057	1349	0.064628124
169057	2552	0.064628124
169057	3556	0.064628124
169057	3605	0.064628124
169057	4342	0.064628124
169057	2787	0.06462812
169057	3578	0.06462812
169192	6198	0.054710884
169192	581	0.05471088
169192	2552	0.05471088
169192	4342	0.05471088
169192	719	0.054710872
169192	875	0.054710872
169192	1349	0.054710872
169192	3556	0.054710872
169192	3605	0.054710872
169192	2787	0.05471087
169223	581	0.06361607
169223	4342	0.06361607
169223	6198	0.06361607
169223	2552	0.06361606
169223	3605	0.06361606
169223	719	0.06361605
169223	875	0.06361605
169223	880	0.06361605
169223	1349	0.06361605
169223	2651	0.06361605
169233	581	0.049063977
169233	6198	0.049063977
169233	2552	0.049063973
169233	4342	0.049063973
169233	719	0.04906397
169233	1349	0.04906397
169233	3556	0.04906397
169233	875	0.049063966
169233	2651	0.049063962
169233	2787	0.049063962
169249	581	0.048000343
169249	6198	0.04800034
169249	2552	0.048000336
169249	3605	0.048000336
169249	4342	0.048000336
169249	719	0.048000332
169249	3556	0.048000332
169249	875	0.04800033
169249	880	0.04800033
169249	1349	0.04800033
169282	581	0.043818902
169282	2552	0.0438189
169282	4342	0.0438189
169282	6198	0.0438189
169282	719	0.043818895
169282	3556	0.043818895
169282	875	0.04381889
169282	1349	0.04381889
169282	3605	0.04381889
169282	3756	0.04381889
169309	581	0.054320943
169309	6198	0.05432094
169309	4342	0.054320935
169309	719	0.05432093
169309	1349	0.05432093
169309	2552	0.05432093
169309	3556	0.05432093
169309	3605	0.05432093
169309	875	0.054320924
169309	880	0.054320924
169310	581	0.067875445
169310	2552	0.067875445
169310	4342	0.067875445
169310	6198	0.067875445
169310	3556	0.06787544
169310	719	0.06787543
169310	875	0.06787543
169310	1349	0.06787543
169310	2787	0.06787543
169310	3605	0.06787543
169400	581	0.04678016
169400	2552	0.046780158
169400	6198	0.046780158
169400	719	0.046780154
169400	1349	0.046780154
169400	4342	0.046780154
169400	3556	0.04678015
169400	875	0.046780147
169400	2787	0.046780147
169400	3605	0.046780147
169403	581	0.04893107
169403	2552	0.048931066
169403	4342	0.048931066
169403	6198	0.048931066
169403	719	0.048931062
169403	1349	0.048931062
169403	3556	0.048931062
169403	875	0.04893106
169403	365	0.048931055
169403	880	0.048931055
169438	6198	0.056986094
169438	581	0.05698609
169438	2552	0.05698609
169438	719	0.056986086
169438	4342	0.056986086
169438	1349	0.056986082
169438	3556	0.056986082
169438	875	0.05698608
169438	2651	0.05698608
169438	2787	0.05698608
169450	581	0.05668172
169450	6198	0.056681715
169450	2552	0.05668171
169450	4342	0.05668171
169450	1349	0.056681708
169450	3605	0.056681708
169450	719	0.056681704
169450	3556	0.056681704
169450	365	0.0566817
169450	875	0.0566817
169465	581	0.06015871
169465	2552	0.060158707
169465	4342	0.060158707
169465	6198	0.060158707
169465	719	0.0601587
169465	1349	0.0601587
169465	3556	0.0601587
169465	3605	0.060158696
169465	365	0.060158692
169465	875	0.060158692
169492	581	0.048254807
169492	4342	0.048254803
169492	6198	0.048254803
169492	2552	0.0482548
169492	719	0.048254795
169492	875	0.048254795
169492	1349	0.048254795
169492	3556	0.048254795
169492	3605	0.04825479
169492	3756	0.04825479
169600	581	0.056260996
169600	4342	0.05626099
169600	6198	0.05626099
169600	2552	0.056260988
169600	719	0.05626098
169600	875	0.05626098
169600	1349	0.05626098
169600	2787	0.05626098
169600	3556	0.05626098
169600	3605	0.056260977
169663	581	0.07387811
169663	4342	0.07387811
169663	2552	0.0738781
169663	6198	0.0738781
169663	719	0.073878095
169663	1349	0.073878095
169663	3556	0.073878095
169663	3605	0.073878095
169663	875	0.07387809
169663	2651	0.07387809
169682	581	0.07980025
169682	2552	0.07980025
169682	6198	0.07980025
169682	4342	0.07980024
169682	719	0.07980023
169682	1349	0.07980023
169682	3556	0.07980023
169682	3605	0.07980023
169682	3756	0.07980023
169682	875	0.079800226
169692	581	0.059401028
169692	2552	0.05940102
169692	4342	0.05940102
169692	6198	0.05940102
169692	719	0.059401013
169692	875	0.059401013
169692	1349	0.059401013
169692	3556	0.059401013
169692	3756	0.059401013
169692	365	0.05940101
169699	581	0.07444555
169699	6198	0.07444555
169699	719	0.074445546
169699	1349	0.074445546
169699	2552	0.074445546
169699	3556	0.074445546
169699	3605	0.074445546
169699	4342	0.074445546
169699	875	0.07444554
169699	3663	0.07444554
169727	581	0.07405053
169727	2552	0.07405053
169727	4342	0.07405053
169727	6198	0.07405053
169727	719	0.074050516
169727	875	0.074050516
169727	1349	0.074050516
169727	2787	0.074050516
169727	3556	0.074050516
169727	3605	0.074050516
169735	581	0.065249786
169735	2552	0.065249786
169735	6198	0.065249786
169735	3556	0.06524978
169735	3605	0.06524978
169735	365	0.06524977
169735	719	0.06524977
169735	875	0.06524977
169735	880	0.06524977
169735	1349	0.06524977
169779	581	0.076093465
169779	2552	0.076093465
169779	6198	0.076093465
169779	4342	0.07609346
169779	719	0.07609345
169779	875	0.07609345
169779	1349	0.07609345
169779	2651	0.07609345
169779	2787	0.07609345
169779	3556	0.07609345
169781	581	0.04529679
169781	6198	0.045296784
169781	1349	0.04529678
169781	2552	0.04529678
169781	4342	0.04529678
169781	719	0.045296773
169781	875	0.045296773
169781	2787	0.045296773
169781	3556	0.045296773
169781	3605	0.045296773
169824	581	0.07066461
169824	2552	0.07066461
169824	6198	0.07066461
169824	719	0.0706646
169824	875	0.0706646
169824	1349	0.0706646
169824	3556	0.0706646
169824	3605	0.0706646
169824	4342	0.0706646
169824	880	0.07066459
170012	581	0.054212876
170012	4342	0.05421287
170012	6198	0.05421287
170012	2552	0.054212864
170012	719	0.05421286
170012	1349	0.05421286
170012	3556	0.05421286
170012	3605	0.05421286
170012	365	0.054212853
170012	875	0.054212853
170054	581	0.05116288
170054	6198	0.05116288
170054	2552	0.051162876
170054	4342	0.051162876
170054	719	0.05116287
170054	875	0.05116287
170054	1349	0.05116287
170054	3556	0.05116287
170054	3605	0.05116287
170054	2787	0.051162865
170073	581	0.077889934
170073	2552	0.077889934
170073	4342	0.077889934
170073	6198	0.077889934
170073	719	0.07788993
170073	875	0.07788992
170073	1349	0.07788992
170073	3556	0.07788992
170073	3605	0.07788992
170073	2651	0.07788991
170077	6198	0.07187923
170077	581	0.07187922
170077	2552	0.07187922
170077	4342	0.07187922
170077	1349	0.071879216
170077	3556	0.071879216
170077	3605	0.071879216
170077	365	0.07187921
170077	719	0.07187921
170077	875	0.07187921
170154	581	0.057781547
170154	2552	0.057781547
170154	4342	0.057781547
170154	6198	0.057781547
170154	1349	0.057781544
170154	719	0.05778154
170154	3556	0.05778154
170154	3605	0.05778154
170154	365	0.057781532
170154	875	0.057781532
170155	581	0.062813655
170155	2552	0.062813655
170155	4342	0.062813655
170155	6198	0.062813655
170155	719	0.06281364
170155	875	0.06281364
170155	880	0.06281364
170155	1349	0.06281364
170155	2651	0.06281364
170155	3556	0.06281364
170184	581	0.075890295
170184	2552	0.075890295
170184	4342	0.075890295
170184	719	0.07589029
170184	1349	0.07589029
170184	6198	0.07589029
170184	3556	0.07589028
170184	3605	0.07589028
170184	3756	0.07589028
170184	365	0.07589027
170227	581	0.07117233
170227	4342	0.07117233
170227	6198	0.07117233
170227	2552	0.07117232
170227	719	0.07117231
170227	1349	0.07117231
170227	3556	0.07117231
170227	3605	0.07117231
170227	5214	0.07117231
170227	365	0.071172304
170255	581	0.06391567
170255	2552	0.06391567
170255	6198	0.06391567
170255	4342	0.06391566
170255	719	0.063915655
170255	875	0.063915655
170255	1349	0.063915655
170255	3556	0.063915655
170255	3605	0.063915655
170255	3756	0.063915655
170256	581	0.059003197
170256	6198	0.059003193
170256	1349	0.05900319
170256	2552	0.05900319
170256	4342	0.05900319
170256	719	0.05900318
170256	3556	0.05900318
170256	3605	0.05900318
170256	2787	0.059003178
170256	3663	0.059003178
170264	581	0.050069317
170264	4342	0.050069317
170264	6198	0.050069317
170264	719	0.05006931
170264	1349	0.05006931
170264	2552	0.05006931
170264	3556	0.05006931
170264	3605	0.05006931
170264	365	0.050069302
170264	875	0.050069302
170372	581	0.04397694
170372	6198	0.043976936
170372	719	0.043976933
170372	2552	0.043976933
170372	4342	0.043976933
170372	3556	0.04397693
170372	875	0.043976925
170372	1349	0.043976925
170372	2651	0.043976925
170372	2787	0.043976925
170401	581	0.054896303
170401	4342	0.054896303
170401	6198	0.054896303
170401	2552	0.0548963
170401	719	0.054896295
170401	1349	0.054896295
170401	3556	0.054896295
170401	875	0.05489629
170401	1173	0.054896288
170401	2651	0.054896288
170415	581	0.07285386
170415	2552	0.07285386
170415	6198	0.07285386
170415	4342	0.072853856
170415	719	0.07285385
170415	875	0.07285385
170415	1349	0.07285385
170415	2787	0.07285385
170415	3556	0.07285385
170415	3605	0.07285385
170493	2552	0.058025073
170493	4342	0.058025073
170493	6198	0.058025073
170493	719	0.05802507
170493	3556	0.05802507
170493	1349	0.058025066
170493	875	0.058025062
170493	3605	0.058025062
170493	3756	0.058025062
170493	4218	0.058025062
170499	581	0.07117618
170499	6198	0.07117618
170499	719	0.07117617
170499	2552	0.07117617
170499	4342	0.07117617
170499	1349	0.071176164
170499	3556	0.071176164
170499	3605	0.071176164
170499	5147	0.071176164
170499	365	0.07117616
170509	6198	0.040287476
170509	581	0.040287472
170509	2552	0.040287472
170509	4342	0.040287472
170509	719	0.040287465
170509	875	0.040287465
170509	1349	0.040287465
170509	2787	0.040287465
170509	3556	0.040287465
170509	3605	0.040287465
170513	581	0.0647358
170513	2552	0.06473579
170513	4342	0.06473579
170513	6198	0.06473579
170513	719	0.064735785
170513	875	0.064735785
170513	1349	0.064735785
170513	2651	0.064735785
170513	3556	0.064735785
170513	3605	0.064735785
170518	581	0.053260483
170518	2552	0.053260483
170518	4342	0.053260483
170518	6198	0.053260483
170518	719	0.053260475
170518	1349	0.053260475
170518	3556	0.053260475
170518	875	0.05326047
170518	3605	0.05326047
170518	365	0.053260468
170522	581	0.048204113
170522	2552	0.04820411
170522	3556	0.04820411
170522	4342	0.04820411
170522	6198	0.04820411
170522	719	0.048204105
170522	1349	0.048204105
170522	875	0.0482041
170522	880	0.0482041
170522	2651	0.0482041
170527	581	0.051291965
170527	6198	0.051291965
170527	2552	0.051291957
170527	3556	0.051291957
170527	4342	0.051291957
170527	1349	0.051291954
170527	3605	0.051291954
170527	719	0.05129195
170527	875	0.05129195
170527	2787	0.05129195
170575	581	0.048789687
170575	6198	0.048789687
170575	2552	0.048789684
170575	719	0.04878968
170575	1349	0.04878968
170575	3556	0.04878968
170575	4342	0.04878968
170575	365	0.048789673
170575	875	0.048789673
170575	880	0.048789673
170595	581	0.07729812
170595	2552	0.07729812
170595	6198	0.07729812
170595	719	0.07729811
170595	4342	0.07729811
170595	875	0.077298105
170595	1349	0.077298105
170595	2651	0.077298105
170595	2787	0.077298105
170595	3556	0.077298105
170634	581	0.061779432
170634	6198	0.061779432
170634	2552	0.061779425
170634	4342	0.061779425
170634	3556	0.06177942
170634	719	0.061779417
170634	1349	0.061779417
170634	875	0.061779413
170634	2787	0.061779413
170634	3605	0.061779413
170693	581	0.058166787
170693	2552	0.058166787
170693	4342	0.058166787
170693	6198	0.058166787
170693	719	0.05816678
170693	1349	0.05816678
170693	3556	0.05816678
170693	3605	0.058166776
170693	875	0.058166772
170693	1958	0.058166772
170724	581	0.08051962
170724	2552	0.08051962
170724	6198	0.08051962
170724	4342	0.08051961
170724	719	0.0805196
170724	1349	0.0805196
170724	3556	0.0805196
170724	3605	0.0805196
170724	2651	0.080519594
170724	2787	0.080519594
170742	581	0.050103597
170742	2552	0.050103597
170742	4342	0.050103597
170742	6198	0.050103597
170742	719	0.05010359
170742	1349	0.05010359
170742	3556	0.05010359
170742	3605	0.05010359
170742	2787	0.050103586
170742	3756	0.050103586
170762	581	0.055672646
170762	4342	0.055672646
170762	6198	0.055672646
170762	2552	0.05567264
170762	719	0.055672638
170762	1349	0.055672638
170762	3556	0.055672638
170762	3605	0.055672638
170762	2787	0.055672634
170762	875	0.05567263
170792	581	0.049437787
170792	2552	0.049437784
170792	4342	0.049437784
170792	6198	0.049437784
170792	719	0.04943778
170792	1349	0.04943778
170792	875	0.049437776
170792	3556	0.049437776
170792	3756	0.049437776
170792	2787	0.049437772
170810	581	0.05902285
170810	2552	0.059022844
170810	4342	0.059022844
170810	6198	0.059022844
170810	719	0.059022836
170810	1349	0.059022836
170810	3556	0.059022836
170810	3605	0.059022836
170810	875	0.059022833
170810	3756	0.059022833
170845	2552	0.05753972
170845	4342	0.05753972
170845	6198	0.05753972
170845	719	0.057539713
170845	875	0.05753971
170845	1349	0.05753971
170845	3556	0.05753971
170845	3605	0.05753971
170845	880	0.057539705
170845	2651	0.057539705
170850	581	0.05439075
170850	6198	0.05439075
170850	2552	0.054390747
170850	4342	0.054390747
170850	719	0.054390743
170850	1349	0.054390743
170850	3556	0.054390743
170850	3605	0.054390743
170850	875	0.054390736
170850	1958	0.054390736
170861	6198	0.06885034
170861	581	0.06885033
170861	2552	0.06885033
170861	4342	0.06885033
170861	719	0.06885032
170861	1349	0.06885032
170861	3556	0.06885032
170861	3605	0.06885032
170861	2651	0.068850316
170861	3663	0.068850316
170866	2552	0.05485922
170866	4342	0.054859217
170866	6198	0.054859217
170866	719	0.054859214
170866	1349	0.054859214
170866	3556	0.054859214
170866	875	0.05485921
170866	365	0.054859206
170866	880	0.054859206
170866	2651	0.054859206
170869	581	0.057613008
170869	2552	0.057613008
170869	6198	0.057613008
170869	4342	0.057613004
170869	719	0.057613
170869	3556	0.057613
170869	1349	0.057612997
170869	3605	0.057612997
170869	875	0.057612993
170869	2787	0.057612993
170947	581	0.056513246
170947	4342	0.056513242
170947	6198	0.056513242
170947	2552	0.05651324
170947	1349	0.056513235
170947	719	0.05651323
170947	3556	0.05651323
170947	3605	0.05651323
170947	2787	0.056513228
170947	3756	0.056513228
170966	581	0.050364405
170966	4342	0.050364405
170966	6198	0.050364405
170966	2552	0.0503644
170966	1349	0.050364397
170966	3556	0.050364397
170966	719	0.050364394
170966	3605	0.050364394
170966	875	0.05036439
170966	880	0.05036439
171007	581	0.055140156
171007	4342	0.055140153
171007	6198	0.055140153
171007	2552	0.05514015
171007	719	0.055140145
171007	1349	0.055140145
171007	3556	0.055140145
171007	3605	0.055140145
171007	3663	0.05514014
171007	365	0.055140138
171011	581	0.061579242
171011	2552	0.061579235
171011	4342	0.061579235
171011	6198	0.061579235
171011	719	0.061579227
171011	1349	0.061579227
171011	3556	0.061579227
171011	3756	0.061579224
171011	875	0.06157922
171011	880	0.06157922
171045	581	0.03921307
171045	2552	0.039213065
171045	4342	0.039213065
171045	6198	0.039213065
171045	719	0.03921306
171045	3556	0.03921306
171045	1349	0.039213058
171045	3605	0.039213058
171045	875	0.039213054
171045	880	0.039213054
171050	581	0.051161326
171050	6198	0.051161326
171050	1349	0.05116132
171050	2552	0.05116132
171050	3556	0.05116132
171050	4342	0.05116132
171050	719	0.051161315
171050	875	0.05116131
171050	2787	0.05116131
171050	3605	0.05116131
171055	581	0.051625825
171055	4342	0.051625825
171055	6198	0.051625825
171055	2552	0.05162582
171055	719	0.051625818
171055	1349	0.051625818
171055	3556	0.051625818
171055	875	0.051625814
171055	3605	0.051625814
171055	365	0.05162581
171078	581	0.054167707
171078	2552	0.054167703
171078	6198	0.054167703
171078	4342	0.0541677
171078	719	0.054167695
171078	1349	0.054167695
171078	3556	0.054167695
171078	3605	0.054167695
171078	365	0.054167688
171078	875	0.054167688
171082	581	0.06379421
171082	2552	0.06379421
171082	4342	0.06379421
171082	6198	0.06379421
171082	719	0.0637942
171082	1349	0.0637942
171082	3605	0.0637942
171082	875	0.063794196
171082	880	0.063794196
171082	1173	0.063794196
171096	581	0.056799058
171096	2552	0.056799058
171096	4342	0.056799058
171096	6198	0.056799058
171096	719	0.056799054
171096	3556	0.056799054
171096	1349	0.05679905
171096	875	0.056799047
171096	3756	0.056799047
171096	5214	0.056799047
171295	581	0.056190334
171295	6198	0.056190334
171295	1349	0.056190327
171295	4342	0.056190327
171295	719	0.056190323
171295	3556	0.056190323
171295	875	0.05619032
171295	2651	0.05619032
171295	2787	0.05619032
171295	3605	0.05619032
171359	581	0.04126556
171359	6198	0.041265555
171359	2552	0.04126555
171359	4342	0.04126555
171359	719	0.041265547
171359	1349	0.041265547
171359	3556	0.041265547
171359	3605	0.041265547
171359	3756	0.041265547
171359	875	0.041265544
171389	581	0.048901133
171389	4342	0.048901133
171389	6198	0.048901133
171389	2552	0.04890113
171389	719	0.048901126
171389	1349	0.048901126
171389	3556	0.048901126
171389	3605	0.048901126
171389	3756	0.048901122
171389	4218	0.048901122
171444	581	0.06364201
171444	2552	0.06364201
171444	4342	0.06364201
171444	6198	0.06364201
171444	719	0.063642
171444	1349	0.063642
171444	3556	0.063642
171444	365	0.063641995
171444	875	0.063641995
171444	2651	0.063641995
171445	581	0.064927965
171445	2552	0.064927965
171445	4342	0.064927965
171445	6198	0.06492796
171445	719	0.06492795
171445	875	0.06492795
171445	1349	0.06492795
171445	3556	0.06492795
171445	3605	0.06492795
171445	3663	0.06492795
171475	581	0.050159357
171475	2552	0.05015935
171475	4342	0.05015935
171475	6198	0.05015935
171475	719	0.050159343
171475	1349	0.050159343
171475	3556	0.050159343
171475	3605	0.050159343
171475	4366	0.05015934
171475	875	0.050159335
171602	581	0.06554183
171602	2552	0.06554183
171602	4342	0.06554183
171602	6198	0.06554183
171602	719	0.065541826
171602	875	0.06554182
171602	880	0.06554182
171602	1349	0.06554182
171602	1958	0.06554182
171602	2651	0.06554182
171638	581	0.08341739
171638	6198	0.08341739
171638	2552	0.083417386
171638	4342	0.083417386
171638	719	0.08341738
171638	1349	0.08341738
171638	3605	0.08341738
171638	875	0.08341737
171638	2651	0.08341737
171638	2787	0.08341737
171818	581	0.08353851
171818	2552	0.0835385
171818	4342	0.0835385
171818	6198	0.0835385
171818	719	0.08353849
171818	875	0.08353849
171818	1349	0.08353849
171818	3556	0.08353849
171818	3605	0.08353849
171818	3756	0.08353849
171846	581	0.041243445
171846	2552	0.041243445
171846	4342	0.04124344
171846	6198	0.04124344
171846	719	0.041243438
171846	1349	0.041243438
171846	3556	0.041243438
171846	875	0.041243434
171846	3422	0.041243434
171846	3605	0.041243434
171904	581	0.068085216
171904	2552	0.06808521
171904	4342	0.06808521
171904	6198	0.06808521
171904	1349	0.0680852
171904	365	0.06808519
171904	719	0.06808519
171904	875	0.06808519
171904	880	0.06808519
171904	1211	0.06808519
171967	581	0.059550334
171967	4342	0.05955033
171967	6198	0.05955033
171967	2552	0.059550326
171967	719	0.059550323
171967	1349	0.05955032
171967	3556	0.05955032
171967	365	0.059550315
171967	875	0.059550315
171967	880	0.059550315
171968	581	0.05129754
171968	2552	0.051297538
171968	4342	0.051297538
171968	6198	0.051297538
171968	719	0.05129753
171968	1349	0.05129753
171968	3556	0.05129753
171968	3605	0.05129753
171968	3756	0.05129753
171968	875	0.051297527
171970	581	0.0889322
171970	6198	0.0889322
171970	2552	0.088932194
171970	4342	0.088932194
171970	719	0.08893219
171970	1349	0.08893219
171970	3556	0.08893219
171970	3605	0.08893219
171970	4218	0.08893218
171970	365	0.08893217
171986	581	0.054731075
171986	2552	0.05473107
171986	4342	0.05473107
171986	6198	0.05473107
171986	719	0.054731064
171986	1349	0.054731064
171986	2787	0.054731064
171986	3556	0.054731064
171986	875	0.05473106
171986	3605	0.05473106
171999	581	0.07165295
171999	2552	0.07165295
171999	4342	0.07165295
171999	6198	0.07165295
171999	719	0.07165294
171999	1349	0.07165294
171999	875	0.071652934
171999	2651	0.071652934
171999	2787	0.071652934
171999	3556	0.071652934
172010	581	0.06766333
172010	6198	0.06766332
172010	719	0.06766331
172010	1349	0.06766331
172010	2552	0.06766331
172010	4342	0.06766331
172010	3556	0.067663305
172010	3605	0.067663305
172010	365	0.0676633
172010	875	0.0676633
172030	581	0.07546094
172030	2552	0.07546093
172030	4342	0.07546093
172030	6198	0.07546093
172030	719	0.075460926
172030	1349	0.075460926
172030	3556	0.075460926
172030	3605	0.075460926
172030	875	0.07546092
172030	4366	0.07546092
172048	581	0.04515949
172048	2552	0.04515949
172048	4342	0.04515949
172048	6198	0.04515949
172048	719	0.04515948
172048	875	0.04515948
172048	1349	0.04515948
172048	3556	0.04515948
172048	3756	0.04515948
172048	880	0.045159478
172061	581	0.094669
172061	4342	0.09466899
172061	6198	0.09466899
172061	719	0.094668984
172061	2552	0.094668984
172061	1349	0.09466898
172061	3556	0.09466898
172061	365	0.09466897
172061	875	0.09466897
172061	2651	0.09466897
172091	581	0.06546824
172091	719	0.06546824
172091	2552	0.06546824
172091	3556	0.06546824
172091	4342	0.06546824
172091	6198	0.06546824
172091	875	0.06546823
172091	1349	0.06546823
172091	365	0.06546822
172091	880	0.06546822
172119	581	0.070328444
172119	2552	0.070328444
172119	4342	0.070328444
172119	6198	0.070328444
172119	1349	0.07032844
172119	719	0.07032843
172119	875	0.07032843
172119	2787	0.07032843
172119	3556	0.07032843
172119	3605	0.07032843
172180	581	0.061694387
172180	2552	0.061694384
172180	4342	0.06169438
172180	6198	0.06169438
172180	719	0.061694376
172180	1349	0.061694372
172180	3556	0.061694372
172180	365	0.06169437
172180	875	0.06169437
172180	2651	0.06169437
172192	581	0.050229695
172192	4342	0.05022969
172192	6198	0.05022969
172192	2552	0.050229687
172192	719	0.050229684
172192	1349	0.050229684
172192	3556	0.050229684
172192	875	0.05022968
172192	365	0.050229676
172192	880	0.050229676
172203	581	0.060368232
172203	4342	0.060368232
172203	2552	0.06036823
172203	6198	0.06036823
172203	1349	0.060368225
172203	719	0.06036822
172203	3556	0.06036822
172203	875	0.060368218
172203	880	0.060368218
172203	2787	0.060368218
172215	581	0.07265879
172215	2552	0.07265879
172215	6198	0.07265879
172215	1349	0.072658785
172215	4342	0.072658785
172215	719	0.07265878
172215	875	0.07265878
172215	880	0.07265878
172215	2651	0.07265878
172215	2787	0.07265878
172216	581	0.054415405
172216	2552	0.054415405
172216	4342	0.054415405
172216	6198	0.054415405
172216	719	0.054415397
172216	1349	0.054415397
172216	3556	0.054415397
172216	2787	0.054415394
172216	3605	0.054415394
172216	3756	0.054415394
172331	581	0.052676633
172331	6198	0.052676633
172331	4342	0.05267663
172331	719	0.052676626
172331	1349	0.052676626
172331	2552	0.052676626
172331	3556	0.05267662
172331	3605	0.05267662
172331	875	0.052676618
172331	2787	0.052676618
172374	581	0.050707906
172374	4342	0.050707906
172374	6198	0.050707906
172374	2552	0.050707903
172374	719	0.0507079
172374	1349	0.0507079
172374	3556	0.0507079
172374	365	0.05070789
172374	875	0.05070789
172374	880	0.05070789
172512	2552	0.079070285
172512	4342	0.079070285
172512	6198	0.079070285
172512	719	0.07907028
172512	3556	0.07907028
172512	1349	0.07907027
172512	1958	0.07907027
172512	2787	0.07907027
172512	3605	0.07907027
172512	3663	0.07907027
172539	6198	0.059368372
172539	581	0.05936837
172539	2552	0.059368365
172539	4342	0.059368365
172539	1349	0.05936836
172539	3556	0.05936836
172539	719	0.059368357
172539	2787	0.059368357
172539	3605	0.059368357
172539	875	0.059368353
172613	6198	0.06443488
172613	581	0.06443487
172613	719	0.06443487
172613	2552	0.06443487
172613	4342	0.06443487
172613	875	0.06443486
172613	1349	0.06443486
172613	3556	0.06443486
172613	365	0.064434856
172613	880	0.064434856
172676	581	0.08741291
172676	4342	0.0874129
172676	6198	0.0874129
172676	719	0.087412894
172676	1349	0.087412894
172676	2552	0.087412894
172676	3556	0.087412894
172676	3605	0.08741289
172676	875	0.08741288
172676	1958	0.08741288
172700	581	0.05982185
172700	6198	0.059821848
172700	2552	0.059821844
172700	4342	0.059821844
172700	719	0.05982184
172700	1349	0.05982184
172700	3556	0.059821837
172700	3605	0.059821837
172700	875	0.059821833
172700	365	0.05982183
172760	581	0.084501415
172760	2552	0.084501415
172760	6198	0.084501415
172760	4342	0.08450141
172760	1349	0.0845014
172760	3556	0.0845014
172760	3605	0.0845014
172760	719	0.08450139
172760	875	0.08450139
172760	1173	0.084501386
173111	2552	0.08026544
173111	6198	0.08026544
173111	719	0.08026543
173111	1349	0.08026543
173111	3556	0.08026543
173111	4342	0.08026543
173111	365	0.08026542
173111	875	0.08026542
173111	880	0.08026542
173111	1211	0.08026542
173131	581	0.0636194
173131	2552	0.0636194
173131	4342	0.0636194
173131	719	0.06361939
173131	1349	0.06361939
173131	3556	0.06361939
173131	6198	0.06361939
173131	875	0.06361938
173131	3605	0.06361938
173131	3756	0.06361938
173190	581	0.04607019
173190	6198	0.04607019
173190	2552	0.046070185
173190	719	0.04607018
173190	1349	0.04607018
173190	3556	0.04607018
173190	4342	0.04607018
173190	365	0.046070173
173190	875	0.046070173
173190	1173	0.046070173
173225	581	0.06489083
173225	719	0.06489083
173225	1349	0.06489083
173225	2552	0.06489083
173225	4342	0.06489083
173225	6198	0.06489083
173225	875	0.064890824
173225	3556	0.064890824
173225	365	0.06489082
173225	1173	0.06489082
173291	581	0.05631772
173291	6198	0.05631772
173291	2552	0.056317717
173291	4342	0.056317717
173291	719	0.056317713
173291	1349	0.05631771
173291	2787	0.05631771
173291	3605	0.05631771
173291	3756	0.05631771
173291	875	0.056317706
173343	581	0.06748173
173343	6198	0.06748172
173343	719	0.06748171
173343	875	0.06748171
173343	1349	0.06748171
173343	2552	0.06748171
173343	3756	0.06748171
173343	4342	0.06748171
173343	3556	0.067481704
173343	3605	0.067481704
173415	581	0.07809138
173415	2552	0.07809137
173415	4342	0.07809137
173415	6198	0.07809137
173415	719	0.07809136
173415	1349	0.07809136
173415	875	0.07809135
173415	3556	0.07809135
173415	3605	0.07809135
173415	3756	0.07809135
173481	581	0.068928115
173481	2552	0.06892811
173481	4342	0.06892811
173481	6198	0.06892811
173481	719	0.0689281
173481	1349	0.0689281
173481	365	0.06892809
173481	875	0.06892809
173481	1958	0.06892809
173481	2787	0.06892809
173486	4342	0.07250974
173486	6198	0.07250974
173486	581	0.072509736
173486	719	0.072509736
173486	2552	0.072509736
173486	3556	0.072509736
173486	875	0.07250973
173486	1349	0.07250973
173486	2787	0.07250973
173486	3605	0.07250973
173511	581	0.050413523
173511	2552	0.05041352
173511	4342	0.05041352
173511	6198	0.05041352
173511	1349	0.050413515
173511	719	0.05041351
173511	875	0.05041351
173511	2651	0.05041351
173511	2787	0.05041351
173511	3556	0.05041351
173517	581	0.055162482
173517	2552	0.055162482
173517	6198	0.055162482
173517	4342	0.05516248
173517	719	0.055162475
173517	1349	0.055162475
173517	3556	0.055162475
173517	875	0.05516247
173517	3605	0.05516247
173517	4218	0.05516247
173650	581	0.050242763
173650	4342	0.05024276
173650	6198	0.05024276
173650	2552	0.050242756
173650	719	0.05024275
173650	1349	0.05024275
173650	3556	0.05024275
173650	875	0.050242748
173650	3605	0.050242748
173650	3756	0.050242748
173679	6198	0.07563613
173679	4342	0.075636126
173679	581	0.07563612
173679	719	0.07563612
173679	1349	0.07563612
173679	2552	0.07563612
173679	3556	0.07563611
173679	3605	0.07563611
173679	365	0.075636104
173679	875	0.075636104
173684	581	0.06195308
173684	4342	0.061953075
173684	6198	0.061953075
173684	2552	0.06195307
173684	719	0.061953068
173684	1349	0.061953068
173684	3556	0.061953068
173684	875	0.06195306
173684	880	0.06195306
173684	2651	0.06195306
173728	581	0.049296036
173728	6198	0.049296033
173728	2552	0.04929603
173728	4342	0.04929603
173728	719	0.049296025
173728	1349	0.049296025
173728	3556	0.049296025
173728	875	0.04929602
173728	2787	0.04929602
173728	3605	0.04929602
173773	581	0.06295929
173773	6198	0.06295929
173773	719	0.06295928
173773	1349	0.06295928
173773	2552	0.06295928
173773	3556	0.06295928
173773	4342	0.06295928
173773	3605	0.062959276
173773	3663	0.062959276
173773	3756	0.062959276
173835	581	0.04003276
173835	2552	0.04003276
173835	4342	0.04003276
173835	6198	0.04003276
173835	719	0.04003275
173835	1349	0.04003275
173835	3556	0.04003275
173835	3605	0.04003275
173835	875	0.040032748
173835	4218	0.040032748
173860	581	0.08544021
173860	2552	0.0854402
173860	4342	0.0854402
173860	6198	0.0854402
173860	3556	0.085440196
173860	719	0.08544019
173860	875	0.08544019
173860	1349	0.08544019
173860	2787	0.08544019
173860	3605	0.08544019
173951	581	0.0639789
173951	4342	0.0639789
173951	6198	0.0639789
173951	2552	0.063978896
173951	3556	0.063978896
173951	719	0.06397889
173951	1349	0.06397889
173951	2787	0.06397889
173951	3605	0.06397889
173951	4366	0.06397889
174034	581	0.053678975
174034	2552	0.053678975
174034	4342	0.053678975
174034	6198	0.053678975
174034	719	0.05367897
174034	3556	0.05367897
174034	1349	0.053678967
174034	3605	0.053678967
174034	875	0.053678963
174034	2787	0.053678963
174062	4342	0.06395113
174062	6198	0.06395113
174062	581	0.06395112
174062	719	0.06395112
174062	1349	0.06395112
174062	2552	0.06395112
174062	3556	0.06395112
174062	3605	0.06395112
174062	875	0.06395111
174062	2787	0.06395111
174072	581	0.06888406
174072	2552	0.06888406
174072	6198	0.06888406
174072	1349	0.06888405
174072	4342	0.06888405
174072	719	0.068884045
174072	875	0.068884045
174072	2651	0.068884045
174072	3422	0.068884045
174072	3556	0.068884045
174092	581	0.07729767
174092	4342	0.077297665
174092	6198	0.077297665
174092	2552	0.07729766
174092	3556	0.07729766
174092	719	0.07729765
174092	1349	0.07729765
174092	3605	0.07729765
174092	3756	0.07729765
174092	365	0.07729764
174151	581	0.047165856
174151	2552	0.047165856
174151	6198	0.047165856
174151	719	0.04716585
174151	1349	0.04716585
174151	4342	0.04716585
174151	3556	0.047165845
174151	3605	0.047165845
174151	875	0.04716584
174151	1173	0.04716584
174179	581	0.043238245
174179	6198	0.04323824
174179	2552	0.043238238
174179	4342	0.043238238
174179	1349	0.043238234
174179	3556	0.043238234
174179	719	0.04323823
174179	875	0.04323823
174179	2651	0.04323823
174179	3422	0.04323823
174195	581	0.06630976
174195	6198	0.06630976
174195	719	0.06630975
174195	875	0.06630975
174195	1349	0.06630975
174195	2552	0.06630975
174195	3556	0.06630975
174195	3605	0.06630975
174195	4342	0.06630975
174195	4546	0.06630974
174216	581	0.088648364
174216	1349	0.08864835
174216	2552	0.08864835
174216	4342	0.08864835
174216	6198	0.08864835
174216	719	0.08864834
174216	2787	0.088648334
174216	3556	0.088648334
174216	3605	0.088648334
174216	3663	0.088648334
174322	581	0.051731426
174322	6198	0.051731426
174322	2552	0.051731423
174322	4342	0.051731423
174322	719	0.051731415
174322	1349	0.051731415
174322	3556	0.051731415
174322	3756	0.051731415
174322	875	0.05173141
174322	2787	0.05173141
174326	581	0.056750417
174326	2552	0.05675041
174326	4342	0.05675041
174326	6198	0.05675041
174326	719	0.0567504
174326	1349	0.0567504
174326	3556	0.0567504
174326	3605	0.0567504
174326	3756	0.056750398
174326	4218	0.056750398
174334	581	0.06323268
174334	6198	0.06323268
174334	719	0.063232675
174334	1349	0.063232675
174334	2552	0.063232675
174334	3605	0.063232675
174334	4342	0.063232675
174334	875	0.06323267
174334	2787	0.06323267
174334	3556	0.06323267
174367	6198	0.05814733
174367	581	0.058147326
174367	4342	0.058147326
174367	2552	0.058147322
174367	719	0.05814732
174367	1349	0.05814732
174367	3556	0.05814732
174367	3605	0.05814732
174367	875	0.05814731
174367	880	0.05814731
174375	581	0.048883587
174375	6198	0.048883587
174375	719	0.04888358
174375	2552	0.04888358
174375	3556	0.04888358
174375	4342	0.04888358
174375	1349	0.048883576
174375	875	0.048883572
174375	2787	0.048883572
174375	3605	0.048883572
174428	581	0.077033535
174428	6198	0.077033535
174428	719	0.07703352
174428	1349	0.07703352
174428	2552	0.07703352
174428	3556	0.07703352
174428	3605	0.07703352
174428	4342	0.07703352
174428	875	0.07703351
174428	365	0.077033505
174501	581	0.03810905
174501	2552	0.03810905
174501	4342	0.03810905
174501	6198	0.03810905
174501	719	0.03810904
174501	1349	0.03810904
174501	3556	0.03810904
174501	3605	0.03810904
174501	3756	0.03810904
174501	365	0.038109038
174503	581	0.06791801
174503	2552	0.06791801
174503	719	0.067918
174503	3556	0.067918
174503	4342	0.067918
174503	6198	0.067918
174503	875	0.067917995
174503	1349	0.067917995
174503	880	0.06791799
174503	1173	0.06791799
174534	581	0.06079711
174534	2552	0.06079711
174534	4342	0.06079711
174534	6198	0.060797103
174534	719	0.0607971
174534	1349	0.0607971
174534	3605	0.0607971
174534	3756	0.0607971
174534	875	0.060797095
174534	880	0.060797095
174590	581	0.047868393
174590	4342	0.04786839
174590	6198	0.04786839
174590	719	0.047868386
174590	2552	0.047868386
174590	875	0.047868382
174590	1349	0.047868382
174590	3556	0.047868382
174590	5147	0.047868382
174590	365	0.04786838
174596	6198	0.07976323
174596	4342	0.079763226
174596	719	0.07976322
174596	875	0.07976322
174596	1349	0.07976322
174596	2651	0.07976322
174596	880	0.07976321
174596	3556	0.07976321
174596	1211	0.079763204
174596	2787	0.079763204
174615	581	0.060664095
174615	4342	0.060664095
174615	6198	0.060664095
174615	2552	0.06066409
174615	719	0.060664088
174615	1349	0.060664088
174615	3556	0.060664088
174615	875	0.060664084
174615	2651	0.06066408
174615	2787	0.06066408
174625	6198	0.054897193
174625	581	0.05489719
174625	2552	0.05489719
174625	4342	0.05489719
174625	719	0.054897185
174625	3556	0.054897185
174625	875	0.05489718
174625	1349	0.05489718
174625	3605	0.05489718
174625	2787	0.054897178
174633	6198	0.064771764
174633	581	0.06477176
174633	719	0.06477176
174633	1349	0.06477176
174633	2552	0.06477176
174633	3556	0.06477176
174633	4342	0.06477176
174633	4218	0.06477175
174633	365	0.06477174
174633	875	0.06477174
174692	2552	0.076123394
174692	4342	0.076123394
174692	6198	0.076123394
174692	581	0.07612339
174692	719	0.07612339
174692	1349	0.07612339
174692	3556	0.07612339
174692	3605	0.07612339
174692	875	0.07612337
174692	880	0.07612337
174700	6198	0.050854158
174700	581	0.050854154
174700	1349	0.050854154
174700	2552	0.050854154
174700	4342	0.050854154
174700	719	0.050854146
174700	2787	0.050854146
174700	3556	0.050854146
174700	3605	0.050854146
174700	875	0.050854143
174726	581	0.0685589
174726	1349	0.0685589
174726	2552	0.0685589
174726	3605	0.0685589
174726	4342	0.0685589
174726	6198	0.0685589
174726	719	0.068558894
174726	875	0.068558894
174726	365	0.06855889
174726	880	0.06855889
174738	581	0.059790067
174738	2552	0.05979006
174738	4342	0.05979006
174738	6198	0.05979006
174738	719	0.059790052
174738	1349	0.059790052
174738	3556	0.059790052
174738	3605	0.059790052
174738	875	0.05979005
174738	2787	0.05979005
174827	581	0.049656004
174827	6198	0.049656004
174827	4342	0.049656
174827	2552	0.049655996
174827	719	0.049655993
174827	1349	0.049655993
174827	3556	0.049655993
174827	875	0.04965599
174827	880	0.04965599
174827	2651	0.04965599
174830	581	0.07019513
174830	2552	0.07019512
174830	4342	0.07019512
174830	6198	0.07019512
174830	719	0.070195116
174830	1349	0.070195116
174830	875	0.07019511
174830	880	0.07019511
174830	1958	0.07019511
174830	2651	0.07019511
174834	581	0.045394965
174834	6198	0.045394965
174834	2552	0.04539496
174834	4342	0.04539496
174834	719	0.045394957
174834	1349	0.045394957
174834	3556	0.045394957
174834	3756	0.045394957
174834	875	0.045394953
174834	2787	0.045394953
174848	581	0.07451142
174848	4342	0.07451142
174848	6198	0.07451142
174848	2552	0.074511416
174848	719	0.07451141
174848	1349	0.07451141
174848	3556	0.07451141
174848	3605	0.07451141
174848	875	0.0745114
174848	1958	0.0745114
174851	581	0.05879326
174851	2552	0.058793254
174851	4342	0.058793254
174851	6198	0.058793254
174851	719	0.058793247
174851	1349	0.058793247
174851	3605	0.058793247
174851	875	0.058793243
174851	3556	0.058793243
174851	365	0.05879324
174892	581	0.08439946
174892	4342	0.084399454
174892	1349	0.08439945
174892	2552	0.08439945
174892	3556	0.08439945
174892	3605	0.08439945
174892	6198	0.08439945
174892	719	0.08439944
174892	365	0.08439943
174892	880	0.08439943
174914	581	0.07140815
174914	6198	0.071408145
174914	719	0.07140814
174914	2552	0.07140814
174914	4342	0.07140814
174914	875	0.07140813
174914	1349	0.07140813
174914	2787	0.07140813
174914	3556	0.07140813
174914	3605	0.07140813
174918	581	0.048476905
174918	4342	0.048476905
174918	2552	0.0484769
174918	6198	0.0484769
174918	719	0.048476897
174918	1349	0.048476897
174918	3556	0.048476897
174918	365	0.04847689
174918	875	0.04847689
174918	880	0.04847689
175003	581	0.058497585
175003	6198	0.05849758
175003	2552	0.058497578
175003	3556	0.058497578
175003	4342	0.058497578
175003	719	0.058497574
175003	1349	0.058497574
175003	875	0.05849757
175003	2651	0.05849757
175003	2787	0.05849757
175052	6198	0.077725634
175052	581	0.07772563
175052	4342	0.07772563
175052	719	0.07772562
175052	1349	0.07772562
175052	2552	0.07772562
175052	2787	0.07772561
175052	3556	0.07772561
175052	3605	0.07772561
175052	4218	0.07772561
175070	581	0.051555097
175070	2552	0.051555097
175070	6198	0.051555097
175070	4342	0.051555093
175070	719	0.05155509
175070	1349	0.05155509
175070	3556	0.05155509
175070	3605	0.05155509
175070	2787	0.051555086
175070	4218	0.051555086
175100	581	0.08144717
175100	2552	0.08144717
175100	4342	0.08144717
175100	6198	0.08144717
175100	719	0.081447154
175100	875	0.081447154
175100	1349	0.081447154
175100	3556	0.081447154
175100	3756	0.081447154
175100	3605	0.08144715
175101	581	0.066774935
175101	2552	0.066774935
175101	6198	0.066774935
175101	4342	0.06677493
175101	719	0.06677492
175101	875	0.06677492
175101	880	0.06677492
175101	1349	0.06677492
175101	2651	0.06677492
175101	3556	0.06677492
175117	581	0.04381177
175117	6198	0.04381177
175117	2552	0.043811765
175117	4342	0.043811765
175117	719	0.04381176
175117	1349	0.04381176
175117	3556	0.04381176
175117	875	0.043811757
175117	880	0.043811757
175117	3605	0.043811757
175205	6198	0.062764116
175205	581	0.06276411
175205	719	0.06276411
175205	1349	0.06276411
175205	2552	0.06276411
175205	4342	0.06276411
175205	875	0.0627641
175205	2787	0.0627641
175205	3556	0.0627641
175205	3605	0.0627641
175254	581	0.051183008
175254	4342	0.051183008
175254	6198	0.051183008
175254	2552	0.051183004
175254	719	0.051183
175254	1349	0.051183
175254	3556	0.051183
175254	875	0.051182996
175254	2787	0.051182996
175254	3605	0.051182996
175271	581	0.0371376
175271	4342	0.037137598
175271	6198	0.037137598
175271	2552	0.037137594
175271	719	0.03713759
175271	875	0.03713759
175271	1349	0.03713759
175271	3556	0.03713759
175271	3756	0.03713759
175271	5214	0.03713759
175278	581	0.04414479
175278	6198	0.04414479
175278	1349	0.044144787
175278	2552	0.044144787
175278	3556	0.044144787
175278	4342	0.044144787
175278	3605	0.044144783
175278	365	0.04414478
175278	719	0.04414478
175278	875	0.04414478
175287	581	0.050598368
175287	6198	0.050598364
175287	719	0.05059836
175287	1349	0.05059836
175287	2552	0.05059836
175287	3556	0.05059836
175287	4342	0.05059836
175287	365	0.050598353
175287	875	0.050598353
175287	3605	0.050598353
175463	581	0.058988705
175463	6198	0.058988705
175463	2552	0.0589887
175463	1349	0.058988698
175463	4342	0.058988698
175463	3556	0.058988694
175463	3605	0.058988694
175463	719	0.05898869
175463	2787	0.05898869
175463	3756	0.05898869
175529	581	0.06588573
175529	1349	0.06588572
175529	2552	0.06588572
175529	4342	0.06588572
175529	6198	0.06588572
175529	719	0.065885715
175529	3556	0.065885715
175529	875	0.06588571
175529	880	0.06588571
175529	1958	0.06588571
175536	581	0.05894222
175536	2552	0.05894222
175536	4342	0.05894222
175536	6198	0.058942217
175536	3605	0.058942214
175536	1349	0.05894221
175536	3556	0.05894221
175536	719	0.058942206
175536	3756	0.058942206
175536	365	0.058942202
175636	581	0.060774393
175636	6198	0.060774393
175636	4342	0.06077439
175636	719	0.060774386
175636	2552	0.060774386
175636	3556	0.060774382
175636	875	0.06077438
175636	1349	0.06077438
175636	3605	0.06077438
175636	2651	0.060774375
175794	581	0.05123183
175794	2552	0.051231828
175794	6198	0.051231828
175794	3556	0.051231824
175794	4342	0.051231824
175794	719	0.05123182
175794	875	0.05123182
175794	1349	0.05123182
175794	2787	0.051231816
175794	3605	0.051231816
175978	581	0.056374207
175978	6198	0.056374203
175978	1349	0.0563742
175978	2552	0.0563742
175978	4342	0.0563742
175978	719	0.056374196
175978	3556	0.056374196
175978	875	0.056374192
175978	2787	0.056374192
175978	3605	0.056374192
176094	581	0.07564131
176094	2552	0.07564131
176094	3556	0.075641304
176094	4342	0.075641304
176094	6198	0.075641304
176094	719	0.0756413
176094	875	0.0756413
176094	1349	0.0756413
176094	3605	0.0756413
176094	365	0.07564129
176102	581	0.04774493
176102	6198	0.04774493
176102	2552	0.047744926
176102	4342	0.047744926
176102	719	0.047744922
176102	1349	0.047744922
176102	3556	0.047744922
176102	3605	0.04774492
176102	875	0.047744915
176102	2651	0.047744915
176214	581	0.07935816
176214	2552	0.07935816
176214	4342	0.07935816
176214	6198	0.07935816
176214	719	0.07935815
176214	1349	0.079358146
176214	2787	0.079358146
176214	3556	0.079358146
176214	3605	0.079358146
176214	365	0.07935814
176256	581	0.055267245
176256	2552	0.05526724
176256	4342	0.05526724
176256	6198	0.05526724
176256	1349	0.055267233
176256	3556	0.055267233
176256	719	0.05526723
176256	875	0.05526723
176256	3605	0.05526723
176256	3756	0.05526723
176348	581	0.074174814
176348	4342	0.074174814
176348	1349	0.07417481
176348	2552	0.07417481
176348	6198	0.07417481
176348	719	0.0741748
176348	2651	0.0741748
176348	3556	0.0741748
176348	3605	0.0741748
176348	875	0.07417479
176459	581	0.046820544
176459	2552	0.04682054
176459	4342	0.04682054
176459	6198	0.04682054
176459	719	0.046820536
176459	1349	0.046820536
176459	3556	0.046820536
176459	3605	0.046820533
176459	365	0.04682053
176459	875	0.04682053
176481	581	0.06896055
176481	2552	0.06896055
176481	6198	0.06896055
176481	4342	0.06896054
176481	719	0.06896053
176481	875	0.06896053
176481	1349	0.06896053
176481	2787	0.06896053
176481	3556	0.06896053
176481	3605	0.06896053
176526	581	0.06502389
176526	2552	0.065023884
176526	4342	0.065023884
176526	6198	0.065023884
176526	719	0.06502388
176526	1349	0.06502388
176526	3556	0.06502388
176526	365	0.06502387
176526	875	0.06502387
176526	880	0.06502387
176576	581	0.053369153
176576	4342	0.05336915
176576	6198	0.05336915
176576	2552	0.053369146
176576	719	0.053369142
176576	1349	0.053369142
176576	3556	0.053369142
176576	3605	0.05336914
176576	875	0.053369135
176576	880	0.053369135
176597	581	0.05095094
176597	2552	0.050950937
176597	4342	0.050950937
176597	6198	0.050950937
176597	719	0.05095093
176597	875	0.05095093
176597	1349	0.05095093
176597	2787	0.05095093
176597	3556	0.05095093
176597	3605	0.05095093
176656	581	0.06296656
176656	6198	0.06296656
176656	719	0.062966555
176656	2552	0.062966555
176656	3556	0.062966555
176656	4342	0.062966555
176656	1349	0.06296655
176656	2651	0.06296655
176656	2787	0.06296655
176656	3422	0.06296655
176667	581	0.0629596
176667	2552	0.0629596
176667	3556	0.0629596
176667	4342	0.0629596
176667	6198	0.0629596
176667	719	0.06295959
176667	1349	0.06295959
176667	875	0.06295958
176667	1173	0.06295958
176667	1958	0.06295958
176785	581	0.041621372
176785	4342	0.04162137
176785	1349	0.041621365
176785	2552	0.041621365
176785	6198	0.041621365
176785	3556	0.04162136
176785	365	0.041621357
176785	719	0.041621357
176785	875	0.041621357
176785	2787	0.041621357
176853	581	0.05846791
176853	6198	0.05846791
176853	4342	0.058467906
176853	2552	0.058467902
176853	719	0.0584679
176853	1349	0.0584679
176853	3556	0.058467895
176853	3605	0.058467895
176853	3756	0.058467895
176853	875	0.05846789
176875	6198	0.079975
176875	581	0.079974994
176875	1349	0.079974994
176875	2552	0.079974994
176875	3556	0.079974994
176875	4342	0.079974994
176875	719	0.07997499
176875	875	0.07997498
176875	1958	0.07997498
176875	2787	0.07997498
176879	581	0.06022752
176879	6198	0.060227517
176879	1349	0.060227513
176879	2552	0.060227513
176879	4342	0.060227513
176879	3556	0.06022751
176879	719	0.060227506
176879	3605	0.060227506
176879	3756	0.060227506
176879	875	0.060227502
176887	581	0.055892535
176887	2552	0.055892535
176887	6198	0.055892535
176887	4342	0.05589253
176887	1349	0.055892527
176887	3556	0.055892527
176887	719	0.055892523
176887	3605	0.055892523
176887	365	0.05589252
176887	875	0.05589252
176902	581	0.055750743
176902	6198	0.055750743
176902	2552	0.05575074
176902	4342	0.05575074
176902	1349	0.055750735
176902	3556	0.055750735
176902	719	0.05575073
176902	3605	0.05575073
176902	875	0.055750728
176902	2787	0.055750728
176903	581	0.050760962
176903	4342	0.050760962
176903	6198	0.050760962
176903	2552	0.05076096
176903	719	0.050760955
176903	1349	0.050760955
176903	3556	0.050760955
176903	365	0.050760947
176903	875	0.050760947
176903	1211	0.050760947
177040	581	0.04470966
177040	6198	0.044709656
177040	2552	0.044709653
177040	4342	0.044709653
177040	1349	0.04470965
177040	3556	0.04470965
177040	719	0.044709645
177040	875	0.044709645
177040	2651	0.044709645
177040	2787	0.044709645
177072	4342	0.06483439
177072	6198	0.06483439
177072	581	0.064834386
177072	719	0.064834386
177072	875	0.064834386
177072	2552	0.064834386
177072	2651	0.064834386
177072	2787	0.064834386
177072	3556	0.064834386
177072	880	0.06483438
177073	581	0.05252505
177073	6198	0.052525047
177073	2552	0.052525043
177073	4342	0.052525043
177073	719	0.05252504
177073	1349	0.05252504
177073	3556	0.05252504
177073	875	0.052525036
177073	3605	0.052525036
177073	3663	0.052525036
177090	6198	0.072667755
177090	581	0.07266775
177090	1349	0.07266775
177090	2552	0.07266775
177090	3556	0.07266775
177090	4342	0.07266775
177090	719	0.07266774
177090	3605	0.07266774
177090	365	0.07266773
177090	875	0.07266773
177091	581	0.066651374
177091	2552	0.066651374
177091	4342	0.066651374
177091	6198	0.066651374
177091	1349	0.06665137
177091	3556	0.06665137
177091	3605	0.06665137
177091	365	0.06665136
177091	719	0.06665136
177091	875	0.06665136
177157	581	0.06986511
177157	6198	0.06986511
177157	2552	0.0698651
177157	719	0.06986509
177157	1349	0.06986509
177157	2787	0.06986509
177157	3556	0.06986509
177157	3605	0.06986509
177157	4342	0.06986509
177157	875	0.069865085
177186	581	0.05775202
177186	6198	0.05775202
177186	719	0.057752013
177186	2552	0.057752013
177186	4342	0.057752013
177186	1349	0.05775201
177186	3556	0.05775201
177186	875	0.057752006
177186	2787	0.057752006
177186	3605	0.057752006
177195	581	0.05673832
177195	2552	0.056738317
177195	4342	0.056738317
177195	6198	0.056738317
177195	719	0.056738313
177195	1349	0.05673831
177195	3556	0.05673831
177195	3605	0.056738306
177195	365	0.056738302
177195	875	0.056738302
177233	581	0.087697476
177233	2552	0.087697476
177233	6198	0.087697476
177233	4342	0.08769747
177233	719	0.08769746
177233	1349	0.08769746
177233	3556	0.08769746
177233	875	0.087697454
177233	2787	0.087697454
177233	3605	0.087697454
177237	581	0.04772659
177237	2552	0.047726586
177237	6198	0.047726586
177237	4342	0.047726583
177237	719	0.04772658
177237	1349	0.04772658
177237	3556	0.04772658
177237	875	0.047726575
177237	3605	0.047726575
177237	3756	0.047726575
177262	581	0.06649989
177262	719	0.06649989
177262	2552	0.06649989
177262	4342	0.06649989
177262	6198	0.06649989
177262	875	0.06649988
177262	1349	0.06649988
177262	3556	0.06649988
177262	3605	0.06649988
177262	3756	0.06649988
177277	581	0.06722304
177277	719	0.06722304
177277	1349	0.06722304
177277	2552	0.06722304
177277	4342	0.06722304
177277	6198	0.06722304
177277	875	0.067223035
177277	2787	0.067223035
177277	3556	0.067223035
177277	365	0.06722303
177284	6198	0.062392753
177284	581	0.06239275
177284	2552	0.06239275
177284	4342	0.062392745
177284	719	0.06239274
177284	3556	0.06239274
177284	3605	0.06239274
177284	875	0.062392738
177284	1349	0.062392738
177284	2651	0.062392734
177295	6198	0.07061905
177295	581	0.07061904
177295	4342	0.07061904
177295	719	0.07061903
177295	1349	0.07061903
177295	2552	0.07061903
177295	3556	0.07061903
177295	3605	0.07061903
177295	875	0.070619024
177295	2651	0.070619024
177349	581	0.060196582
177349	2552	0.06019658
177349	4342	0.06019658
177349	6198	0.06019658
177349	719	0.06019657
177349	1349	0.06019657
177349	3556	0.06019657
177349	3605	0.06019657
177349	2651	0.060196567
177349	875	0.060196564
177374	581	0.08787021
177374	4342	0.08787021
177374	6198	0.08787021
177374	2552	0.0878702
177374	1349	0.087870196
177374	3556	0.087870196
177374	3605	0.087870196
177374	719	0.08787019
177374	2787	0.08787019
177374	4218	0.08787019
177375	581	0.08950235
177375	6198	0.08950235
177375	4342	0.08950234
177375	2552	0.089502335
177375	719	0.08950233
177375	880	0.08950233
177375	1349	0.08950233
177375	2787	0.08950233
177375	3556	0.08950233
177375	3605	0.08950233
177451	581	0.052684437
177451	2552	0.052684434
177451	4342	0.052684434
177451	6198	0.052684434
177451	719	0.052684426
177451	1349	0.052684426
177451	3556	0.052684426
177451	3605	0.052684426
177451	2787	0.052684423
177451	365	0.05268442
177492	581	0.068615675
177492	2552	0.068615675
177492	4342	0.068615675
177492	6198	0.068615675
177492	1349	0.06861567
177492	719	0.06861566
177492	2651	0.06861566
177492	2787	0.06861566
177492	3556	0.06861566
177492	3605	0.06861566
177569	581	0.05886377
177569	4342	0.058863766
177569	6198	0.058863766
177569	2552	0.058863763
177569	1349	0.05886376
177569	3556	0.05886376
177569	3605	0.05886376
177569	719	0.058863755
177569	2787	0.05886375
177569	4218	0.05886375
177590	6198	0.069249764
177590	581	0.06924976
177590	2552	0.06924976
177590	4342	0.06924976
177590	719	0.06924975
177590	1349	0.06924975
177590	3556	0.06924975
177590	3605	0.06924975
177590	2787	0.06924974
177590	3663	0.06924974
177683	581	0.059974745
177683	6198	0.059974745
177683	2552	0.05997474
177683	4342	0.05997474
177683	719	0.059974737
177683	1349	0.059974737
177683	3556	0.059974737
177683	3605	0.059974734
177683	875	0.05997473
177683	1958	0.05997473
177690	581	0.07801075
177690	2552	0.07801075
177690	4342	0.07801075
177690	6198	0.07801075
177690	1349	0.078010745
177690	719	0.07801074
177690	875	0.07801074
177690	2651	0.07801074
177690	2787	0.07801074
177690	3556	0.07801074
177862	581	0.05163889
177862	6198	0.051638886
177862	4342	0.051638883
177862	719	0.05163888
177862	1349	0.05163888
177862	2552	0.05163888
177862	3556	0.05163888
177862	3605	0.051638875
177862	875	0.05163887
177862	1173	0.05163887
177876	581	0.042567365
177876	2552	0.042567365
177876	4342	0.042567365
177876	6198	0.042567365
177876	719	0.042567357
177876	875	0.042567357
177876	1349	0.042567357
177876	3556	0.042567357
177876	3605	0.042567357
177876	2787	0.042567354
178035	581	0.048075005
178035	2552	0.048075005
178035	4342	0.048075005
178035	6198	0.048075005
178035	719	0.048074998
178035	1349	0.048074998
178035	3556	0.048074998
178035	875	0.048074994
178035	2651	0.048074994
178035	2787	0.048074994
178058	581	0.047499917
178058	2552	0.047499914
178058	4342	0.047499914
178058	6198	0.047499914
178058	719	0.04749991
178058	1349	0.04749991
178058	3556	0.04749991
178058	3605	0.04749991
178058	875	0.047499903
178058	880	0.047499903
178079	581	0.06793931
178079	2552	0.06793931
178079	6198	0.06793931
178079	719	0.067939304
178079	1349	0.067939304
178079	4342	0.067939304
178079	875	0.0679393
178079	2787	0.0679393
178079	3556	0.0679393
178079	3605	0.0679393
178093	2552	0.060471263
178093	6198	0.060471263
178093	581	0.06047126
178093	4342	0.06047126
178093	1349	0.060471255
178093	719	0.06047125
178093	875	0.06047125
178093	3556	0.06047125
178093	3605	0.06047125
178093	2651	0.060471248
178130	581	0.05716199
178130	2552	0.057161987
178130	4342	0.057161987
178130	6198	0.057161987
178130	1349	0.057161983
178130	719	0.05716198
178130	3556	0.05716198
178130	3605	0.05716198
178130	365	0.057161972
178130	1958	0.057161972
178151	581	0.055500634
178151	6198	0.05550063
178151	2552	0.055500627
178151	4342	0.055500627
178151	719	0.055500623
178151	1349	0.05550062
178151	3556	0.05550062
178151	3605	0.05550062
178151	875	0.055500615
178151	880	0.055500615
178199	581	0.07356998
178199	6198	0.07356998
178199	2552	0.073569976
178199	719	0.07356997
178199	1349	0.07356997
178199	3556	0.07356997
178199	3605	0.07356997
178199	3756	0.07356997
178199	365	0.07356996
178199	875	0.07356996
178201	581	0.08546053
178201	4342	0.08546053
178201	6198	0.08546053
178201	2552	0.08546052
178201	719	0.085460514
178201	1349	0.085460514
178201	3556	0.085460514
178201	875	0.08546051
178201	2787	0.08546051
178201	3605	0.08546051
178223	2552	0.06554133
178223	4342	0.06554132
178223	6198	0.06554132
178223	581	0.06554131
178223	719	0.06554131
178223	1349	0.06554131
178223	2651	0.06554131
178223	3556	0.06554131
178223	875	0.065541305
178223	2787	0.065541305
178240	581	0.07857905
178240	2552	0.07857905
178240	4342	0.07857905
178240	6198	0.07857905
178240	719	0.07857904
178240	875	0.07857904
178240	1349	0.07857904
178240	2651	0.07857904
178240	2787	0.07857904
178240	3556	0.07857904
178322	581	0.06960483
178322	2552	0.06960483
178322	4342	0.06960483
178322	6198	0.06960483
178322	1349	0.06960482
178322	3556	0.06960482
178322	3605	0.06960482
178322	365	0.069604814
178322	719	0.069604814
178322	875	0.069604814
178458	581	0.05703912
178458	4342	0.05703912
178458	6198	0.05703912
178458	2552	0.057039116
178458	719	0.05703911
178458	3556	0.05703911
178458	3605	0.05703911
178458	1349	0.057039108
178458	875	0.057039104
178458	880	0.057039104
178522	581	0.04752487
178522	6198	0.04752487
178522	2552	0.047524866
178522	4342	0.047524866
178522	719	0.047524862
178522	1349	0.047524862
178522	2787	0.047524862
178522	3556	0.047524862
178522	3605	0.047524862
178522	1958	0.04752486
178587	581	0.06691588
178587	2552	0.06691588
178587	4342	0.06691588
178587	6198	0.06691588
178587	719	0.06691587
178587	875	0.06691587
178587	1349	0.06691587
178587	3556	0.06691587
178587	2651	0.06691586
178587	2787	0.06691586
178597	581	0.047892936
178597	6198	0.04789293
178597	2552	0.047892928
178597	4342	0.047892928
178597	719	0.047892924
178597	3556	0.047892924
178597	875	0.04789292
178597	1349	0.04789292
178597	2787	0.04789292
178597	3605	0.04789292
178667	581	0.063365
178667	4342	0.06336499
178667	719	0.06336498
178667	1349	0.06336498
178667	2552	0.06336498
178667	3556	0.06336498
178667	6198	0.06336498
178667	1958	0.063364975
178667	2787	0.063364975
178667	3605	0.063364975
178733	581	0.05645514
178733	2552	0.056455135
178733	6198	0.056455135
178733	4342	0.05645513
178733	719	0.056455128
178733	1349	0.056455128
178733	3556	0.056455128
178733	3605	0.056455128
178733	3756	0.056455124
178733	875	0.05645512
178797	581	0.059564203
178797	6198	0.0595642
178797	2552	0.059564196
178797	4342	0.059564196
178797	3556	0.05956419
178797	719	0.059564188
178797	875	0.059564188
178797	1349	0.059564188
178797	2787	0.059564188
178797	2651	0.059564184
178914	581	0.066448025
178914	2552	0.066448025
178914	719	0.06644802
178914	1349	0.06644802
178914	3556	0.06644802
178914	4342	0.06644802
178914	6198	0.06644802
178914	875	0.06644801
178914	3605	0.06644801
178914	3756	0.06644801
178920	581	0.0893296
178920	2552	0.0893296
178920	4342	0.0893296
178920	6198	0.0893296
178920	719	0.089329585
178920	875	0.089329585
178920	1349	0.089329585
178920	3556	0.089329585
178920	3605	0.089329585
178920	2787	0.08932958
178961	581	0.056938328
178961	2552	0.056938328
178961	6198	0.056938328
178961	4342	0.056938324
178961	719	0.05693832
178961	1349	0.05693832
178961	3556	0.05693832
178961	3605	0.05693832
178961	875	0.056938317
178961	365	0.056938313
179019	581	0.06261329
179019	6198	0.06261329
179019	1349	0.062613286
179019	2552	0.062613286
179019	4342	0.062613286
179019	719	0.06261328
179019	3556	0.06261328
179019	3605	0.06261328
179019	3756	0.06261328
179019	365	0.06261327
179075	581	0.05672317
179075	6198	0.05672317
179075	2552	0.056723166
179075	719	0.056723163
179075	4342	0.056723163
179075	1349	0.05672316
179075	3556	0.05672316
179075	880	0.056723155
179075	2651	0.056723155
179075	2787	0.056723155
179118	581	0.058125418
179118	6198	0.058125418
179118	2552	0.058125414
179118	4342	0.058125414
179118	719	0.058125407
179118	1349	0.058125407
179118	3556	0.058125407
179118	3605	0.058125403
179118	3756	0.058125403
179118	5214	0.058125403
179147	581	0.051188797
179147	2552	0.05118879
179147	4342	0.05118879
179147	6198	0.05118879
179147	719	0.051188786
179147	1349	0.051188786
179147	3556	0.051188786
179147	875	0.05118878
179147	2787	0.05118878
179147	3605	0.05118878
179288	581	0.04538147
179288	4342	0.04538147
179288	6198	0.04538147
179288	719	0.045381468
179288	2552	0.045381468
179288	1349	0.045381464
179288	3556	0.045381464
179288	3605	0.045381464
179288	3756	0.045381464
179288	4218	0.045381464
179321	581	0.058567297
179321	6198	0.058567297
179321	2552	0.058567293
179321	4342	0.058567293
179321	1349	0.05856729
179321	719	0.058567286
179321	3556	0.058567286
179321	875	0.05856728
179321	3605	0.05856728
179321	3756	0.05856728
179327	581	0.048696563
179327	6198	0.048696563
179327	2552	0.04869656
179327	4342	0.04869656
179327	719	0.048696555
179327	1349	0.048696555
179327	3556	0.048696555
179327	3605	0.048696555
179327	365	0.048696548
179327	875	0.048696548
179433	581	0.07521497
179433	2552	0.07521497
179433	6198	0.07521497
179433	1349	0.07521496
179433	3556	0.07521496
179433	4342	0.07521496
179433	719	0.07521495
179433	875	0.07521495
179433	3605	0.07521495
179433	3756	0.07521495
179532	581	0.058027923
179532	2552	0.058027923
179532	4342	0.05802792
179532	3556	0.058027916
179532	6198	0.058027916
179532	719	0.058027912
179532	3756	0.058027912
179532	365	0.05802791
179532	875	0.05802791
179532	1349	0.05802791
179534	581	0.07223083
179534	4342	0.07223082
179534	6198	0.07223082
179534	719	0.072230816
179534	2552	0.072230816
179534	3556	0.072230816
179534	3605	0.072230816
179534	1349	0.07223081
179534	3756	0.07223081
179534	365	0.0722308
179688	581	0.043617137
179688	6198	0.043617133
179688	1349	0.04361713
179688	2552	0.04361713
179688	3556	0.04361713
179688	4342	0.04361713
179688	719	0.043617126
179688	875	0.043617122
179688	880	0.043617122
179688	1958	0.043617122
179718	6198	0.040198922
179718	581	0.04019892
179718	2552	0.04019892
179718	4342	0.04019892
179718	719	0.040198915
179718	875	0.040198915
179718	1349	0.040198915
179718	2787	0.040198915
179718	3556	0.040198915
179718	3605	0.04019891
179730	581	0.0505419
179730	2552	0.050541896
179730	4342	0.050541896
179730	6198	0.050541896
179730	719	0.050541893
179730	1349	0.050541893
179730	3556	0.05054189
179730	3605	0.05054189
179730	365	0.050541885
179730	875	0.050541885
179733	581	0.046415962
179733	2552	0.046415955
179733	4342	0.046415955
179733	6198	0.046415955
179733	719	0.04641595
179733	1349	0.04641595
179733	3556	0.046415947
179733	3605	0.046415947
179733	3756	0.046415947
179733	4218	0.046415947
179734	581	0.087231524
179734	2552	0.08723152
179734	4342	0.08723152
179734	6198	0.08723152
179734	719	0.0872315
179734	875	0.0872315
179734	880	0.0872315
179734	1349	0.0872315
179734	2787	0.0872315
179734	3556	0.0872315
179739	581	0.06788635
179739	6198	0.06788635
179739	2552	0.067886345
179739	719	0.06788634
179739	875	0.06788634
179739	1349	0.06788634
179739	2787	0.06788634
179739	3556	0.06788634
179739	4342	0.06788634
179739	3605	0.06788633
179741	581	0.0438161
179741	2552	0.043816097
179741	4342	0.043816097
179741	6198	0.043816097
179741	719	0.043816093
179741	3556	0.043816093
179741	1349	0.04381609
179741	3605	0.04381609
179741	3756	0.04381609
179741	4218	0.04381609
179744	2552	0.06982101
179744	6198	0.06982101
179744	581	0.069821
179744	719	0.069821
179744	1349	0.069821
179744	4342	0.069821
179744	875	0.06982099
179744	3556	0.06982099
179744	365	0.069820985
179744	880	0.069820985
179772	581	0.050602026
179772	2552	0.05060202
179772	4342	0.05060202
179772	6198	0.05060202
179772	719	0.050602015
179772	1349	0.050602015
179772	3556	0.05060201
179772	3605	0.05060201
179772	3756	0.05060201
179772	875	0.050602008
179791	581	0.08627565
179791	2552	0.086275645
179791	4342	0.086275645
179791	6198	0.086275645
179791	719	0.08627564
179791	3556	0.08627564
179791	1349	0.08627563
179791	3605	0.08627563
179791	365	0.08627562
179791	875	0.08627562
179826	581	0.08846143
179826	2552	0.08846143
179826	4342	0.08846143
179826	6198	0.08846143
179826	719	0.088461414
179826	1349	0.088461414
179826	3556	0.088461414
179826	3605	0.088461414
179826	875	0.08846141
179826	3756	0.08846141
179843	6198	0.06550679
179843	581	0.065506786
179843	2552	0.065506786
179843	4342	0.065506786
179843	719	0.06550678
179843	1349	0.06550678
179843	3605	0.06550678
179843	875	0.06550677
179843	880	0.06550677
179843	1211	0.06550677
179857	581	0.06236317
179857	2552	0.062363166
179857	6198	0.062363166
179857	4342	0.062363163
179857	1349	0.06236316
179857	3556	0.06236316
179857	719	0.062363155
179857	3605	0.062363155
179857	875	0.06236315
179857	880	0.062363148
179885	581	0.0627166
179885	4342	0.0627166
179885	6198	0.0627166
179885	719	0.062716596
179885	2552	0.062716596
179885	875	0.06271659
179885	1349	0.06271659
179885	2787	0.06271659
179885	3556	0.06271659
179885	3605	0.06271659
179906	581	0.067737475
179906	6198	0.06773747
179906	719	0.06773746
179906	1349	0.06773746
179906	2552	0.06773746
179906	2787	0.06773746
179906	3556	0.06773746
179906	3605	0.06773746
179906	4342	0.06773746
179906	875	0.06773745
180032	581	0.05098701
180032	4342	0.050987005
180032	6198	0.050987005
180032	1349	0.050987
180032	2552	0.050987
180032	719	0.050986998
180032	3556	0.050986998
180032	3605	0.050986998
180032	875	0.050986994
180032	2787	0.050986994
180042	4342	0.061943725
180042	6198	0.061943725
180042	2552	0.06194372
180042	1349	0.061943717
180042	719	0.061943714
180042	3556	0.061943714
180042	875	0.06194371
180042	3605	0.06194371
180042	3756	0.06194371
180042	5147	0.06194371
180348	581	0.07778023
180348	6198	0.07778023
180348	2552	0.077780224
180348	4342	0.077780224
180348	719	0.07778022
180348	1349	0.07778022
180348	3556	0.07778022
180348	3605	0.07778021
180348	365	0.0777802
180348	875	0.0777802
180378	581	0.07840454
180378	6198	0.07840454
180378	2552	0.07840453
180378	4342	0.07840453
180378	719	0.07840452
180378	1349	0.07840452
180378	3556	0.07840452
180378	875	0.078404516
180378	880	0.078404516
180378	2787	0.078404516
180495	581	0.05339618
180495	2552	0.05339618
180495	4342	0.05339618
180495	6198	0.05339618
180495	719	0.053396173
180495	1349	0.053396173
180495	2787	0.053396173
180495	3556	0.053396173
180495	3605	0.053396173
180495	875	0.05339617
180580	581	0.053316046
180580	2552	0.05331604
180580	4342	0.05331604
180580	6198	0.05331604
180580	719	0.053316038
180580	1349	0.053316038
180580	3556	0.053316034
180580	3605	0.053316034
180580	875	0.05331603
180580	2651	0.05331603
180586	581	0.06274955
180586	719	0.06274955
180586	4342	0.06274955
180586	6198	0.06274955
180586	2552	0.06274954
180586	3556	0.06274954
180586	365	0.062749535
180586	875	0.062749535
180586	880	0.062749535
180586	1349	0.062749535
180591	581	0.06545453
180591	2552	0.06545453
180591	4342	0.06545453
180591	6198	0.06545453
180591	719	0.06545451
180591	880	0.06545451
180591	1349	0.06545451
180591	2651	0.06545451
180591	2787	0.06545451
180591	3556	0.06545451
180651	581	0.08361279
180651	6198	0.08361279
180651	719	0.083612785
180651	1349	0.083612785
180651	2552	0.083612785
180651	4342	0.083612785
180651	875	0.08361278
180651	3556	0.08361278
180651	3605	0.08361278
180651	3663	0.08361278
180801	581	0.067792356
180801	1349	0.06779235
180801	3605	0.06779235
180801	4342	0.06779235
180801	6198	0.06779235
180801	719	0.06779234
180801	875	0.06779234
180801	2552	0.06779234
180801	2787	0.06779234
180801	3556	0.06779234
180840	581	0.055712484
180840	2552	0.055712484
180840	4342	0.055712484
180840	6198	0.055712484
180840	719	0.055712476
180840	875	0.055712476
180840	1349	0.055712476
180840	2651	0.055712476
180840	3556	0.055712476
180840	880	0.055712473
180860	581	0.06693946
180860	2552	0.06693946
180860	4342	0.06693946
180860	6198	0.06693946
180860	1349	0.06693945
180860	3556	0.06693945
180860	365	0.06693944
180860	719	0.06693944
180860	875	0.06693944
180860	880	0.06693944
180925	581	0.065918595
180925	2552	0.065918595
180925	4342	0.065918595
180925	6198	0.065918595
180925	719	0.06591859
180925	3556	0.06591859
180925	365	0.06591858
180925	875	0.06591858
180925	880	0.06591858
180925	1349	0.06591858
180957	581	0.062343836
180957	719	0.06234383
180957	2552	0.06234383
180957	4342	0.06234383
180957	6198	0.06234383
180957	1349	0.06234382
180957	3556	0.06234382
180957	3605	0.062343817
180957	365	0.062343813
180957	875	0.062343813
181076	581	0.061480068
181076	6198	0.061480064
181076	2552	0.06148006
181076	4342	0.06148006
181076	719	0.061480056
181076	1349	0.061480056
181076	875	0.061480053
181076	3556	0.061480053
181076	3605	0.061480053
181076	365	0.061480045
181077	581	0.06271538
181077	2552	0.062715374
181077	4342	0.062715374
181077	6198	0.062715374
181077	719	0.06271537
181077	875	0.06271537
181077	1349	0.06271537
181077	3556	0.06271537
181077	3605	0.06271537
181077	5214	0.06271537
181103	581	0.07782071
181103	2552	0.0778207
181103	4342	0.0778207
181103	6198	0.0778207
181103	719	0.07782069
181103	875	0.07782069
181103	1349	0.07782069
181103	2651	0.07782069
181103	2787	0.07782069
181103	3556	0.07782069
181165	581	0.06318255
181165	2552	0.06318255
181165	4342	0.06318255
181165	6198	0.06318255
181165	3556	0.06318254
181165	3605	0.06318254
181165	365	0.06318253
181165	719	0.06318253
181165	875	0.06318253
181165	880	0.06318253
181176	581	0.092437156
181176	6198	0.092437156
181176	1349	0.09243715
181176	2552	0.09243715
181176	4342	0.09243715
181176	719	0.09243714
181176	875	0.09243713
181176	2787	0.09243713
181176	3556	0.09243713
181176	3605	0.09243713
181212	581	0.044635635
181212	4342	0.04463563
181212	6198	0.04463563
181212	719	0.044635627
181212	1349	0.044635627
181212	2552	0.044635627
181212	3556	0.044635627
181212	875	0.044635624
181212	3605	0.044635624
181212	3756	0.044635624
181223	581	0.043798003
181223	4342	0.043798
181223	6198	0.043798
181223	2552	0.043797996
181223	719	0.043797992
181223	1349	0.043797992
181223	3556	0.043797992
181223	3605	0.043797992
181223	875	0.04379799
181223	3756	0.04379799
181436	581	0.06079847
181436	6198	0.06079847
181436	2552	0.060798466
181436	4342	0.060798466
181436	1349	0.060798462
181436	3605	0.060798462
181436	719	0.06079846
181436	2787	0.06079846
181436	3556	0.06079846
181436	875	0.060798455
181452	581	0.0634225
181452	1349	0.0634225
181452	2552	0.0634225
181452	4342	0.0634225
181452	6198	0.0634225
181452	719	0.06342249
181452	3556	0.06342249
181452	875	0.063422486
181452	880	0.063422486
181452	1958	0.063422486
181473	581	0.057509884
181473	4342	0.057509877
181473	6198	0.057509877
181473	2552	0.057509873
181473	719	0.05750987
181473	1349	0.05750987
181473	3556	0.05750987
181473	3605	0.05750987
181473	875	0.057509866
181473	4218	0.057509866
181687	581	0.058854163
181687	4342	0.05885416
181687	2552	0.058854155
181687	6198	0.058854155
181687	719	0.058854148
181687	1349	0.058854148
181687	3556	0.058854148
181687	3605	0.058854144
181687	365	0.05885414
181687	875	0.05885414
181691	581	0.05231748
181691	2552	0.052317478
181691	4342	0.052317478
181691	6198	0.052317478
181691	3556	0.052317474
181691	719	0.05231747
181691	875	0.05231747
181691	1349	0.05231747
181691	3605	0.05231747
181691	2787	0.052317467
181714	581	0.06723645
181714	6198	0.06723645
181714	4342	0.067236446
181714	719	0.06723644
181714	875	0.06723644
181714	1349	0.06723644
181714	2552	0.06723644
181714	3556	0.06723644
181714	3605	0.06723644
181714	880	0.06723643
181736	581	0.046481498
181736	4342	0.046481498
181736	6198	0.046481494
181736	1349	0.04648149
181736	2552	0.04648149
181736	3556	0.04648149
181736	3605	0.04648149
181736	719	0.046481486
181736	875	0.046481483
181736	880	0.046481483
181796	581	0.07519157
181796	1349	0.07519157
181796	2552	0.07519157
181796	4342	0.07519157
181796	6198	0.07519157
181796	719	0.075191565
181796	875	0.07519156
181796	880	0.07519156
181796	1958	0.07519156
181796	2787	0.07519156
181896	581	0.044416796
181896	4342	0.044416793
181896	6198	0.044416793
181896	2552	0.04441679
181896	719	0.044416785
181896	1349	0.044416785
181896	2787	0.044416785
181896	3556	0.044416785
181896	3605	0.044416785
181896	875	0.04441678
181948	6198	0.06035372
181948	581	0.060353715
181948	2552	0.06035371
181948	4342	0.06035371
181948	719	0.060353708
181948	875	0.060353704
181948	1349	0.060353704
181948	3556	0.060353704
181948	2787	0.0603537
181948	3605	0.0603537
181956	581	0.055259
181956	6198	0.055259
181956	2552	0.055258997
181956	4342	0.055258997
181956	719	0.05525899
181956	1349	0.05525899
181956	3556	0.05525899
181956	3605	0.05525899
181956	3756	0.055258986
181956	365	0.055258982
181995	581	0.04952716
181995	2552	0.049527153
181995	6198	0.049527153
181995	4342	0.04952715
181995	719	0.049527146
181995	1349	0.049527146
181995	3556	0.049527146
181995	3605	0.049527146
181995	875	0.049527142
181995	2787	0.049527142
182053	581	0.06457412
182053	2552	0.06457412
182053	4342	0.06457412
182053	6198	0.06457412
182053	719	0.064574115
182053	1349	0.064574115
182053	3556	0.064574115
182053	875	0.06457411
182053	880	0.06457411
182053	1958	0.06457411
182086	581	0.06664868
182086	2552	0.06664868
182086	1349	0.06664867
182086	4342	0.06664867
182086	6198	0.06664867
182086	719	0.06664866
182086	875	0.06664866
182086	2787	0.06664866
182086	3556	0.06664866
182086	3605	0.06664866
182088	581	0.07376292
182088	2552	0.07376292
182088	4342	0.07376292
182088	6198	0.07376292
182088	719	0.073762916
182088	875	0.07376291
182088	1349	0.07376291
182088	2651	0.07376291
182088	2787	0.07376291
182088	3556	0.07376291
182117	581	0.053214792
182117	6198	0.053214792
182117	719	0.05321479
182117	1349	0.05321479
182117	2552	0.05321479
182117	3556	0.05321479
182117	4342	0.05321479
182117	3605	0.053214785
182117	2787	0.05321478
182117	3756	0.05321478
182180	581	0.050701004
182180	2552	0.050701
182180	4342	0.050701
182180	6198	0.050701
182180	719	0.050700992
182180	1349	0.050700992
182180	2787	0.050700992
182180	3556	0.050700992
182180	875	0.05070099
182180	3605	0.05070099
182202	2552	0.08337867
182202	4342	0.08337867
182202	6198	0.08337867
182202	719	0.08337866
182202	875	0.08337866
182202	1349	0.08337866
182202	2787	0.08337866
182202	3556	0.08337866
182202	3605	0.08337866
182202	365	0.08337865
182275	581	0.04799258
182275	4342	0.04799258
182275	6198	0.04799258
182275	2552	0.047992576
182275	719	0.047992572
182275	875	0.047992572
182275	1349	0.047992572
182275	3556	0.047992572
182275	3605	0.047992572
182275	4366	0.04799257
182334	581	0.053499795
182334	2552	0.053499795
182334	4342	0.053499795
182334	6198	0.053499795
182334	719	0.053499788
182334	1349	0.053499788
182334	3556	0.053499788
182334	3605	0.053499784
182334	365	0.05349978
182334	875	0.05349978
182393	581	0.069724396
182393	6198	0.069724396
182393	2552	0.06972439
182393	719	0.06972438
182393	1349	0.06972438
182393	3556	0.06972438
182393	3605	0.06972438
182393	4342	0.06972438
182393	875	0.06972437
182393	3756	0.06972437
182403	581	0.05518923
182403	2552	0.055189226
182403	6198	0.055189226
182403	4342	0.055189222
182403	1349	0.05518922
182403	3556	0.05518922
182403	719	0.055189215
182403	3605	0.055189215
182403	4218	0.055189215
182403	875	0.05518921
182414	581	0.039294697
182414	4342	0.039294697
182414	6198	0.039294697
182414	2552	0.039294694
182414	719	0.03929469
182414	1349	0.03929469
182414	3556	0.03929469
182414	3756	0.03929469
182414	875	0.039294686
182414	2787	0.039294686
182442	581	0.048323564
182442	2552	0.04832356
182442	6198	0.04832356
182442	4342	0.048323557
182442	719	0.048323553
182442	1349	0.048323553
182442	3556	0.048323553
182442	875	0.04832355
182442	2787	0.04832355
182442	3605	0.04832355
182459	2552	0.074020386
182459	4342	0.074020386
182459	6198	0.074020386
182459	719	0.07402038
182459	1349	0.07402038
182459	3556	0.07402038
182459	3605	0.07402038
182459	875	0.07402037
182459	2787	0.07402037
182459	3422	0.07402037
182506	581	0.05594748
182506	4342	0.05594747
182506	6198	0.05594747
182506	719	0.055947468
182506	1349	0.055947468
182506	2552	0.055947468
182506	3556	0.055947468
182506	3605	0.055947468
182506	875	0.05594746
182506	2651	0.05594746
182527	2552	0.08334335
182527	581	0.08334334
182527	4342	0.08334334
182527	6198	0.08334334
182527	719	0.08334333
182527	1349	0.08334333
182527	2651	0.08334333
182527	3556	0.08334333
182527	3605	0.08334333
182527	875	0.08334332
182599	581	0.06642568
182599	6198	0.06642568
182599	2552	0.06642567
182599	4342	0.06642567
182599	719	0.066425666
182599	1349	0.066425666
182599	3556	0.066425666
182599	3605	0.066425666
182599	875	0.06642566
182599	880	0.06642566
182746	581	0.04571894
182746	2552	0.045718938
182746	4342	0.045718938
182746	6198	0.045718938
182746	1349	0.045718934
182746	3556	0.045718934
182746	719	0.04571893
182746	875	0.04571893
182746	880	0.04571893
182746	3605	0.04571893
182838	2552	0.06481682
182838	6198	0.06481682
182838	581	0.06481681
182838	4342	0.06481681
182838	719	0.0648168
182838	875	0.0648168
182838	1349	0.0648168
182838	2651	0.0648168
182838	3556	0.0648168
182838	3605	0.0648168
182847	4342	0.07640005
182847	6198	0.07640005
182847	581	0.07640004
182847	719	0.07640004
182847	2552	0.07640004
182847	3556	0.07640004
182847	1349	0.076400034
182847	875	0.07640003
182847	1173	0.07640003
182847	1211	0.07640003
182931	581	0.053047
182931	2552	0.053047
182931	4342	0.053047
182931	6198	0.053047
182931	3556	0.053046998
182931	719	0.053046994
182931	1349	0.053046994
182931	3605	0.053046994
182931	875	0.05304699
182931	3756	0.05304699
182969	581	0.060647994
182969	6198	0.060647994
182969	2552	0.06064799
182969	4342	0.06064799
182969	719	0.060647987
182969	1349	0.060647983
182969	3556	0.06064798
182969	3605	0.06064798
182969	875	0.060647976
182969	2651	0.060647976
182993	719	0.079309955
182993	1349	0.079309955
182993	2552	0.079309955
182993	3556	0.079309955
182993	4342	0.079309955
182993	3605	0.07930995
182993	3756	0.07930995
182993	365	0.07930994
182993	875	0.07930994
182993	880	0.07930994
183046	581	0.09328045
183046	2552	0.093280435
183046	4342	0.093280435
183046	6198	0.093280435
183046	719	0.09328042
183046	875	0.09328042
183046	1349	0.09328042
183046	3556	0.09328042
183046	3605	0.09328042
183046	2787	0.09328041
183061	581	0.06547314
183061	2552	0.06547314
183061	4342	0.06547314
183061	6198	0.06547314
183061	719	0.06547313
183061	1349	0.06547313
183061	875	0.065473124
183061	880	0.065473124
183061	2787	0.065473124
183061	3556	0.065473124
183088	581	0.053286
183088	6198	0.053286
183088	2552	0.053285997
183088	4342	0.053285997
183088	719	0.053285994
183088	1349	0.05328599
183088	3556	0.05328599
183088	875	0.053285986
183088	2787	0.053285986
183088	3422	0.053285986
183101	581	0.06039247
183101	6198	0.060392465
183101	1349	0.06039246
183101	2552	0.06039246
183101	4342	0.06039246
183101	719	0.060392458
183101	3556	0.060392458
183101	3605	0.060392454
183101	3756	0.060392454
183101	4218	0.060392454
183134	581	0.07237214
183134	2552	0.07237214
183134	4342	0.07237214
183134	6198	0.07237214
183134	1349	0.07237213
183134	3605	0.07237213
183134	719	0.07237212
183134	875	0.07237212
183134	880	0.07237212
183134	1958	0.07237212
183142	581	0.052401382
183142	2552	0.05240138
183142	6198	0.05240138
183142	4342	0.052401375
183142	719	0.05240137
183142	1349	0.05240137
183142	3556	0.05240137
183142	3605	0.05240137
183142	875	0.052401368
183142	4218	0.052401368
183178	581	0.04812058
183178	2552	0.048120573
183178	4342	0.048120573
183178	6198	0.048120573
183178	365	0.048120566
183178	719	0.048120566
183178	875	0.048120566
183178	1349	0.048120566
183178	3556	0.048120566
183178	3605	0.048120566
183187	581	0.078884736
183187	6198	0.078884736
183187	719	0.07888473
183187	4342	0.07888473
183187	875	0.07888472
183187	1349	0.07888472
183187	2787	0.07888472
183187	3556	0.07888472
183187	3605	0.07888472
183187	3663	0.07888472
183196	581	0.049863063
183196	2552	0.049863063
183196	4342	0.049863063
183196	6198	0.049863063
183196	3556	0.04986306
183196	719	0.049863055
183196	875	0.049863055
183196	3756	0.049863055
183196	1349	0.04986305
183196	2787	0.04986305
183277	581	0.048483536
183277	2552	0.048483536
183277	6198	0.048483536
183277	4342	0.048483532
183277	875	0.04848353
183277	1349	0.04848353
183277	3556	0.04848353
183277	719	0.048483524
183277	3605	0.048483524
183277	3756	0.048483524
183284	581	0.054283477
183284	6198	0.054283477
183284	719	0.05428347
183284	2552	0.05428347
183284	3556	0.05428347
183284	4342	0.05428347
183284	1349	0.054283466
183284	875	0.054283462
183284	2787	0.054283462
183284	3605	0.054283462
183347	6198	0.06977421
183347	581	0.0697742
183347	2552	0.0697742
183347	719	0.069774196
183347	875	0.069774196
183347	1349	0.069774196
183347	3556	0.069774196
183347	3605	0.069774196
183347	4342	0.069774196
183347	880	0.06977419
183436	581	0.07054287
183436	6198	0.07054287
183436	719	0.07054286
183436	1349	0.07054286
183436	2552	0.07054286
183436	3556	0.07054286
183436	3605	0.07054286
183436	4342	0.07054286
183436	875	0.07054285
183436	3422	0.07054285
183537	581	0.060948733
183537	6198	0.060948733
183537	2552	0.06094873
183537	4342	0.06094873
183537	719	0.060948722
183537	1349	0.060948722
183537	3556	0.060948722
183537	3605	0.060948722
183537	875	0.060948715
183537	880	0.060948715
183540	581	0.063502915
183540	875	0.06350291
183540	2552	0.06350291
183540	3556	0.06350291
183540	4342	0.06350291
183540	6198	0.06350291
183540	719	0.0635029
183540	1349	0.0635029
183540	3605	0.0635029
183540	365	0.06350289
183572	581	0.06342197
183572	1349	0.063421965
183572	2552	0.063421965
183572	4342	0.063421965
183572	6198	0.063421965
183572	719	0.06342196
183572	875	0.06342196
183572	3556	0.06342196
183572	365	0.06342195
183572	880	0.06342195
183740	581	0.05440735
183740	2552	0.05440735
183740	4342	0.05440735
183740	6198	0.05440735
183740	719	0.054407343
183740	1349	0.054407343
183740	3556	0.054407343
183740	875	0.05440734
183740	3605	0.05440734
183740	880	0.054407336
183753	581	0.07855405
183753	6198	0.07855405
183753	2552	0.07855404
183753	4342	0.07855404
183753	719	0.078554034
183753	875	0.078554034
183753	1349	0.078554034
183753	2651	0.078554034
183753	3556	0.078554034
183753	2787	0.07855403
183832	581	0.056375623
183832	2552	0.056375623
183832	4342	0.056375623
183832	6198	0.056375623
183832	719	0.056375615
183832	1349	0.056375615
183832	3556	0.056375615
183832	3605	0.056375615
183832	875	0.05637561
183832	3756	0.05637561
183883	581	0.07266393
183883	6198	0.07266393
183883	4342	0.072663926
183883	719	0.07266392
183883	875	0.07266392
183883	1349	0.07266392
183883	2552	0.07266392
183883	3556	0.07266392
183883	2787	0.07266391
183883	3605	0.07266391
183931	581	0.062411733
183931	2552	0.06241173
183931	4342	0.06241173
183931	6198	0.06241173
183931	719	0.062411718
183931	1349	0.062411718
183931	3556	0.062411718
183931	3605	0.062411718
183931	875	0.062411714
183931	3756	0.062411714
183952	581	0.06352093
183952	6198	0.06352093
183952	2552	0.06352092
183952	4342	0.06352092
183952	719	0.063520916
183952	875	0.063520916
183952	1349	0.063520916
183952	3556	0.063520916
183952	3605	0.063520916
183952	880	0.06352091
183958	581	0.04341715
183958	2552	0.04341715
183958	6198	0.04341715
183958	4342	0.043417145
183958	719	0.04341714
183958	1349	0.04341714
183958	3556	0.04341714
183958	4218	0.04341714
183958	875	0.043417137
183958	3605	0.043417137
183963	581	0.055689037
183963	4342	0.055689037
183963	6198	0.055689037
183963	2552	0.055689033
183963	719	0.05568903
183963	1349	0.05568903
183963	3556	0.05568903
183963	875	0.055689022
183963	880	0.055689022
183963	1958	0.055689022
184121	581	0.039931625
184121	4342	0.03993162
184121	6198	0.03993162
184121	1349	0.039931618
184121	2552	0.039931618
184121	3556	0.039931618
184121	719	0.039931614
184121	3605	0.039931614
184121	365	0.03993161
184121	875	0.03993161
184196	6198	0.06937494
184196	581	0.069374934
184196	719	0.069374934
184196	2552	0.069374934
184196	4342	0.069374934
184196	1349	0.06937493
184196	3556	0.06937493
184196	875	0.06937492
184196	880	0.06937492
184196	1958	0.06937492
184202	581	0.056487955
184202	6198	0.056487955
184202	2552	0.056487948
184202	4342	0.056487948
184202	719	0.056487944
184202	3556	0.056487944
184202	875	0.05648794
184202	1349	0.05648794
184202	3605	0.05648794
184202	3756	0.05648794
184223	581	0.058940627
184223	6198	0.058940627
184223	2552	0.058940623
184223	1349	0.05894062
184223	3556	0.05894062
184223	4342	0.05894062
184223	719	0.058940616
184223	2787	0.05894061
184223	3605	0.05894061
184223	875	0.058940608
184270	581	0.05558314
184270	6198	0.055583138
184270	2552	0.055583134
184270	4342	0.055583134
184270	719	0.05558313
184270	1349	0.05558313
184270	875	0.055583127
184270	3556	0.055583127
184270	3605	0.055583127
184270	2651	0.055583123
184279	581	0.058610313
184279	6198	0.058610313
184279	2552	0.058610305
184279	4342	0.058610305
184279	719	0.0586103
184279	875	0.058610298
184279	1349	0.058610298
184279	2787	0.058610298
184279	3556	0.058610298
184279	3605	0.058610298
184299	581	0.09118466
184299	6198	0.09118465
184299	719	0.091184646
184299	2552	0.091184646
184299	3556	0.091184646
184299	4342	0.091184646
184299	1349	0.09118464
184299	365	0.09118463
184299	875	0.09118463
184299	880	0.09118463
184310	581	0.06561837
184310	2552	0.065618366
184310	4342	0.065618366
184310	6198	0.065618366
184310	719	0.06561836
184310	3556	0.06561836
184310	365	0.06561835
184310	875	0.06561835
184310	880	0.06561835
184310	1349	0.06561835
184354	581	0.06379314
184354	4342	0.06379313
184354	6198	0.06379313
184354	1349	0.06379312
184354	2552	0.06379312
184354	3556	0.06379312
184354	3605	0.06379312
184354	719	0.063793115
184354	875	0.063793115
184354	3663	0.063793115
184365	581	0.06676428
184365	2552	0.06676428
184365	4342	0.06676428
184365	6198	0.06676428
184365	719	0.06676427
184365	1349	0.06676427
184365	3556	0.06676427
184365	365	0.066764265
184365	875	0.066764265
184365	880	0.066764265
184401	581	0.08264059
184401	6198	0.08264059
184401	2552	0.08264058
184401	1349	0.08264057
184401	4342	0.08264057
184401	719	0.082640566
184401	3556	0.082640566
184401	3605	0.082640566
184401	365	0.08264056
184401	875	0.08264056
184424	581	0.07002813
184424	2552	0.070028126
184424	3556	0.070028126
184424	4342	0.070028126
184424	6198	0.070028126
184424	719	0.07002812
184424	1349	0.07002812
184424	3605	0.07002812
184424	365	0.07002811
184424	875	0.07002811
184465	581	0.069921345
184465	2552	0.069921345
184465	6198	0.069921345
184465	4342	0.06992134
184465	719	0.06992133
184465	875	0.06992133
184465	1349	0.06992133
184465	3756	0.06992133
184465	3556	0.06992132
184465	3605	0.06992132
184479	581	0.062018115
184479	2552	0.06201811
184479	6198	0.06201811
184479	719	0.062018104
184479	1349	0.062018104
184479	3556	0.062018104
184479	4342	0.062018104
184479	2787	0.0620181
184479	3605	0.0620181
184479	875	0.062018096
184513	581	0.06192927
184513	6198	0.061929267
184513	2552	0.061929263
184513	4342	0.061929263
184513	1349	0.06192926
184513	719	0.061929256
184513	3556	0.061929256
184513	3605	0.061929256
184513	4218	0.061929252
184513	365	0.06192925
184532	581	0.103318684
184532	2552	0.10331868
184532	4342	0.10331868
184532	6198	0.10331868
184532	719	0.10331866
184532	1349	0.10331866
184532	3556	0.10331866
184532	3605	0.10331866
184532	875	0.103318654
184532	880	0.103318654
184562	581	0.055883706
184562	2552	0.055883706
184562	6198	0.055883706
184562	4342	0.055883702
184562	719	0.0558837
184562	1349	0.0558837
184562	3556	0.0558837
184562	3605	0.0558837
184562	2787	0.055883694
184562	875	0.05588369
184629	581	0.049841367
184629	2552	0.04984136
184629	4342	0.04984136
184629	6198	0.04984136
184629	719	0.049841356
184629	1349	0.049841356
184629	2787	0.04984135
184629	3556	0.04984135
184629	3605	0.04984135
184629	3756	0.04984135
184684	581	0.06178082
184684	2552	0.06178082
184684	6198	0.06178082
184684	4342	0.061780818
184684	719	0.06178081
184684	1349	0.06178081
184684	3556	0.06178081
184684	3605	0.061780807
184684	365	0.061780803
184684	875	0.061780803
184789	4342	0.051719107
184789	6198	0.051719107
184789	719	0.0517191
184789	2552	0.0517191
184789	3556	0.0517191
184789	875	0.051719096
184789	1349	0.051719096
184789	3605	0.051719096
184789	3756	0.051719096
184789	365	0.05171909
184890	581	0.050338447
184890	4342	0.050338447
184890	6198	0.050338443
184890	719	0.05033844
184890	1349	0.05033844
184890	2552	0.05033844
184890	3556	0.050338436
184890	3605	0.050338436
184890	875	0.050338432
184890	880	0.050338432
184904	581	0.067278266
184904	2552	0.067278266
184904	4342	0.067278266
184904	6198	0.067278266
184904	719	0.06727826
184904	1349	0.06727826
184904	875	0.06727825
184904	2787	0.06727825
184904	3556	0.06727825
184904	3605	0.06727825
184918	581	0.07377202
184918	2552	0.07377201
184918	4342	0.07377201
184918	6198	0.07377201
184918	719	0.073772006
184918	875	0.073772
184918	1349	0.073772
184918	2651	0.073772
184918	2787	0.073772
184918	3556	0.073772
184985	581	0.06247548
184985	6198	0.06247548
184985	2552	0.062475476
184985	4342	0.062475476
184985	3556	0.062475473
184985	1349	0.06247547
184985	2787	0.06247547
184985	719	0.062475465
184985	875	0.062475465
184985	880	0.062475465
184990	581	0.070955575
184990	2552	0.070955575
184990	6198	0.070955575
184990	1349	0.07095557
184990	4342	0.07095557
184990	719	0.07095556
184990	875	0.07095556
184990	2787	0.07095556
184990	3556	0.07095556
184990	3756	0.07095556
185011	581	0.05388964
185011	2552	0.053889636
185011	4342	0.053889636
185011	6198	0.053889636
185011	1349	0.05388963
185011	3556	0.05388963
185011	719	0.053889625
185011	875	0.053889625
185011	2787	0.053889625
185011	3605	0.053889625
185071	581	0.04736705
185071	2552	0.047367044
185071	4342	0.047367044
185071	6198	0.047367044
185071	719	0.04736704
185071	1349	0.04736704
185071	3556	0.04736704
185071	3605	0.04736704
185071	875	0.047367036
185071	3756	0.047367036
185087	581	0.048280723
185087	2552	0.048280716
185087	4342	0.048280716
185087	6198	0.048280716
185087	719	0.048280712
185087	1349	0.048280712
185087	3556	0.048280712
185087	875	0.04828071
185087	2651	0.04828071
185087	2787	0.04828071
185140	581	0.055095904
185140	6198	0.055095904
185140	4342	0.0550959
185140	719	0.055095896
185140	1349	0.055095896
185140	2552	0.055095896
185140	3556	0.055095896
185140	875	0.055095892
185140	1173	0.05509589
185140	1958	0.05509589
185147	581	0.064372614
185147	2552	0.064372614
185147	6198	0.064372614
185147	1349	0.06437261
185147	4342	0.06437261
185147	719	0.0643726
185147	875	0.0643726
185147	880	0.0643726
185147	3556	0.0643726
185147	3605	0.0643726
185154	581	0.054422535
185154	2552	0.054422535
185154	6198	0.054422535
185154	4342	0.05442253
185154	719	0.054422528
185154	3556	0.054422528
185154	1349	0.054422524
185154	875	0.05442252
185154	2787	0.05442252
185154	3605	0.05442252
185176	581	0.08351522
185176	719	0.08351521
185176	1349	0.08351521
185176	2552	0.08351521
185176	3556	0.08351521
185176	4342	0.08351521
185176	6198	0.08351521
185176	365	0.0835152
185176	875	0.0835152
185176	880	0.0835152
185254	6198	0.061499618
185254	581	0.06149961
185254	2552	0.06149961
185254	1349	0.061499607
185254	4342	0.061499607
185254	719	0.061499603
185254	3556	0.061499603
185254	3605	0.061499603
185254	875	0.0614996
185254	2787	0.0614996
185275	581	0.046926558
185275	6198	0.046926558
185275	2552	0.046926554
185275	719	0.04692655
185275	1349	0.04692655
185275	4342	0.04692655
185275	3556	0.046926547
185275	365	0.046926543
185275	875	0.046926543
185275	880	0.046926543
185288	581	0.06253453
185288	6198	0.06253453
185288	719	0.062534526
185288	2552	0.062534526
185288	3556	0.062534526
185288	3605	0.062534526
185288	4342	0.062534526
185288	1349	0.06253452
185288	365	0.06253451
185288	875	0.06253451
185296	581	0.049664166
185296	6198	0.049664166
185296	2552	0.049664162
185296	4342	0.049664162
185296	719	0.049664155
185296	1349	0.049664155
185296	3556	0.049664155
185296	3605	0.049664155
185296	4218	0.049664155
185296	2787	0.04966415
185308	581	0.08732936
185308	2552	0.08732936
185308	4342	0.08732936
185308	6198	0.08732936
185308	719	0.08732934
185308	1349	0.08732934
185308	3556	0.08732934
185308	875	0.087329336
185308	3605	0.087329336
185308	3756	0.087329336
185384	581	0.036595497
185384	4342	0.036595497
185384	719	0.036595494
185384	2552	0.036595494
185384	3556	0.036595494
185384	6198	0.036595494
185384	1349	0.03659549
185384	3756	0.03659549
185384	365	0.036595486
185384	875	0.036595486
185450	581	0.074256666
185450	719	0.07425666
185450	1349	0.07425666
185450	2552	0.07425666
185450	3556	0.07425666
185450	3605	0.07425666
185450	4342	0.07425666
185450	6198	0.07425666
185450	2787	0.07425665
185450	365	0.07425664
185468	581	0.054227896
185468	6198	0.054227896
185468	2552	0.054227892
185468	1349	0.05422789
185468	4342	0.05422789
185468	719	0.054227885
185468	3556	0.054227885
185468	875	0.05422788
185468	880	0.05422788
185468	2787	0.05422788
185497	581	0.042811647
185497	2552	0.042811647
185497	6198	0.042811647
185497	4342	0.042811643
185497	719	0.04281164
185497	1349	0.04281164
185497	3556	0.04281164
185497	3756	0.04281164
185497	875	0.042811636
185497	2787	0.042811636
185514	581	0.048585214
185514	2552	0.04858521
185514	4342	0.04858521
185514	719	0.048585206
185514	6198	0.048585206
185514	1349	0.048585203
185514	3556	0.048585203
185514	875	0.0485852
185514	880	0.0485852
185514	2651	0.0485852
185538	581	0.06617897
185538	4342	0.06617897
185538	2552	0.06617896
185538	3556	0.06617896
185538	6198	0.06617896
185538	719	0.066178955
185538	875	0.066178955
185538	1349	0.066178955
185538	2787	0.066178955
185538	4218	0.066178955
185634	581	0.06300424
185634	2552	0.06300424
185634	4342	0.06300424
185634	6198	0.06300424
185634	719	0.06300423
185634	2787	0.06300423
185634	3556	0.06300423
185634	365	0.063004225
185634	875	0.063004225
185634	880	0.063004225
185671	581	0.05109035
185671	2552	0.051090345
185671	4342	0.051090345
185671	6198	0.051090345
185671	1349	0.05109034
185671	719	0.051090337
185671	3556	0.051090337
185671	3605	0.051090337
185671	875	0.051090334
185671	880	0.05109033
185677	581	0.042138293
185677	6198	0.04213829
185677	719	0.042138286
185677	1349	0.042138286
185677	2552	0.042138286
185677	3556	0.042138286
185677	4342	0.042138286
185677	3605	0.042138282
185677	365	0.04213828
185677	875	0.04213828
185722	581	0.06862602
185722	6198	0.06862602
185722	2552	0.06862601
185722	719	0.068626
185722	1349	0.068626
185722	2787	0.068626
185722	3556	0.068626
185722	3605	0.068626
185722	4342	0.068626
185722	875	0.068625994
185771	581	0.04307571
185771	6198	0.04307571
185771	2552	0.043075707
185771	4342	0.043075707
185771	719	0.043075703
185771	1349	0.043075703
185771	3556	0.043075703
185771	3605	0.0430757
185771	3756	0.0430757
185771	365	0.043075696
186032	581	0.054722175
186032	2552	0.05472217
186032	4342	0.05472217
186032	6198	0.05472217
186032	1349	0.054722168
186032	719	0.054722164
186032	3556	0.054722164
186032	875	0.05472216
186032	2787	0.05472216
186032	3605	0.05472216
186039	581	0.054144815
186039	2552	0.05414481
186039	4342	0.05414481
186039	6198	0.054144807
186039	719	0.054144803
186039	1349	0.054144803
186039	3556	0.054144803
186039	875	0.0541448
186039	2787	0.0541448
186039	3605	0.0541448
186312	581	0.039352715
186312	2552	0.039352715
186312	4342	0.039352715
186312	6198	0.039352715
186312	719	0.03935271
186312	1349	0.039352708
186312	3556	0.039352708
186312	3605	0.039352708
186312	3756	0.039352708
186312	4218	0.039352708
186527	581	0.047876194
186527	2552	0.047876194
186527	4342	0.047876194
186527	6198	0.047876194
186527	719	0.04787619
186527	1349	0.04787619
186527	875	0.047876187
186527	3556	0.047876187
186527	3605	0.047876187
186527	3756	0.047876187
186533	581	0.066206306
186533	2552	0.06620629
186533	4342	0.06620629
186533	6198	0.06620629
186533	719	0.066206284
186533	875	0.066206284
186533	1349	0.066206284
186533	3556	0.066206284
186533	3756	0.066206284
186533	365	0.06620628
186547	581	0.060256597
186547	2552	0.060256593
186547	4342	0.060256593
186547	6198	0.060256593
186547	719	0.060256585
186547	875	0.060256585
186547	1349	0.060256585
186547	3556	0.060256585
186547	3605	0.06025658
186547	365	0.060256578
186570	581	0.0782711
186570	2552	0.07827109
186570	4342	0.07827109
186570	6198	0.07827109
186570	719	0.078271076
186570	1349	0.078271076
186570	2787	0.078271076
186570	3556	0.078271076
186570	3605	0.078271076
186570	3756	0.078271076
186762	581	0.06323123
186762	4342	0.06323123
186762	6198	0.06323123
186762	2552	0.06323122
186762	719	0.063231215
186762	875	0.063231215
186762	1349	0.063231215
186762	1958	0.063231215
186762	2651	0.063231215
186762	2787	0.063231215
186784	581	0.05846151
186784	2552	0.05846151
186784	4342	0.05846151
186784	6198	0.05846151
186784	719	0.058461502
186784	875	0.058461502
186784	1349	0.058461502
186784	3556	0.058461502
186784	3605	0.0584615
186784	880	0.058461495
186807	6198	0.061220773
186807	581	0.06122077
186807	2552	0.06122077
186807	719	0.061220765
186807	1349	0.061220765
186807	4342	0.061220765
186807	3556	0.06122076
186807	3605	0.061220758
186807	4218	0.061220758
186807	875	0.061220754
186837	581	0.05975312
186837	6198	0.05975312
186837	2552	0.059753116
186837	4342	0.059753116
186837	719	0.059753112
186837	1349	0.059753112
186837	3556	0.05975311
186837	875	0.059753105
186837	2787	0.059753105
186837	3605	0.059753105
186848	581	0.05268481
186848	2552	0.052684806
186848	4342	0.052684806
186848	6198	0.052684806
186848	3556	0.052684803
186848	719	0.0526848
186848	1349	0.0526848
186848	3605	0.0526848
186848	875	0.052684795
186848	3756	0.052684795
186899	581	0.04434893
186899	1349	0.044348925
186899	2552	0.044348925
186899	4342	0.044348925
186899	6198	0.044348925
186899	719	0.04434892
186899	3556	0.04434892
186899	875	0.044348918
186899	3605	0.044348918
186899	3756	0.044348918
187029	581	0.046303064
187029	4342	0.046303064
187029	2552	0.04630306
187029	719	0.046303056
187029	1349	0.046303056
187029	3556	0.046303056
187029	6198	0.046303056
187029	875	0.046303052
187029	3605	0.046303052
187029	365	0.04630305
187065	581	0.07504569
187065	2552	0.07504569
187065	4342	0.07504569
187065	6198	0.07504569
187065	719	0.07504568
187065	3556	0.07504568
187065	875	0.075045675
187065	1349	0.075045675
187065	2651	0.075045675
187065	2787	0.075045675
187145	581	0.05548629
187145	6198	0.05548629
187145	2552	0.055486284
187145	4342	0.055486284
187145	719	0.05548628
187145	1349	0.05548628
187145	3556	0.05548628
187145	875	0.055486277
187145	2787	0.055486277
187145	3605	0.055486277
187170	581	0.05673475
187170	4342	0.056734744
187170	6198	0.056734744
187170	719	0.05673474
187170	2552	0.05673474
187170	1349	0.056734737
187170	875	0.056734733
187170	3556	0.056734733
187170	5214	0.056734733
187170	2651	0.05673473
187256	6198	0.09289852
187256	4342	0.09289851
187256	719	0.0928985
187256	1349	0.0928985
187256	3556	0.0928985
187256	3605	0.092898495
187256	365	0.09289849
187256	875	0.09289849
187256	2651	0.09289849
187256	2787	0.09289849
187410	581	0.07264046
187410	2552	0.07264046
187410	4342	0.07264046
187410	6198	0.07264046
187410	1349	0.072640456
187410	719	0.07264045
187410	875	0.07264045
187410	1958	0.07264045
187410	2787	0.07264045
187410	3422	0.07264045
187425	581	0.045842674
187425	2552	0.04584267
187425	4342	0.04584267
187425	6198	0.04584267
187425	719	0.045842666
187425	875	0.045842662
187425	1349	0.045842662
187425	3556	0.045842662
187425	3605	0.045842662
187425	3756	0.045842662
187463	581	0.056408063
187463	2552	0.05640806
187463	6198	0.05640806
187463	4342	0.056408055
187463	719	0.05640805
187463	1349	0.05640805
187463	875	0.056408048
187463	3556	0.056408048
187463	3605	0.056408048
187463	2651	0.056408044
187517	581	0.0968599
187517	6198	0.0968599
187517	719	0.09685989
187517	1349	0.09685989
187517	2552	0.09685989
187517	4342	0.09685989
187517	3556	0.09685988
187517	875	0.09685987
187517	2787	0.09685987
187517	3605	0.09685987
187520	6198	0.0650693
187520	581	0.065069295
187520	719	0.06506929
187520	1349	0.06506929
187520	2552	0.06506929
187520	3556	0.06506929
187520	3605	0.06506929
187520	4342	0.06506929
187520	875	0.06506928
187520	365	0.06506927
187574	581	0.068682045
187574	2552	0.068682045
187574	4342	0.068682045
187574	6198	0.068682045
187574	1349	0.06868204
187574	719	0.06868203
187574	875	0.06868203
187574	2787	0.06868203
187574	3556	0.06868203
187574	3605	0.06868203
187613	581	0.07088184
187613	6198	0.07088184
187613	2552	0.070881836
187613	4342	0.070881836
187613	719	0.07088183
187613	875	0.07088183
187613	1349	0.07088183
187613	2787	0.07088183
187613	3556	0.07088183
187613	3756	0.07088183
187624	581	0.0751126
187624	1349	0.075112596
187624	2552	0.075112596
187624	4342	0.075112596
187624	6198	0.075112596
187624	719	0.07511259
187624	3556	0.07511259
187624	875	0.07511258
187624	880	0.07511258
187624	1958	0.07511258
187747	6198	0.04861929
187747	2552	0.048619285
187747	4342	0.048619285
187747	719	0.04861928
187747	3556	0.04861928
187747	1349	0.048619278
187747	3756	0.048619278
187747	365	0.048619274
187747	875	0.048619274
187747	2787	0.048619274
187761	581	0.0528865
187761	2552	0.0528865
187761	4342	0.0528865
187761	6198	0.0528865
187761	719	0.052886494
187761	1349	0.052886494
187761	3556	0.052886494
187761	3605	0.05288649
187761	365	0.052886486
187761	875	0.052886486
187762	581	0.08803375
187762	2552	0.08803375
187762	6198	0.08803375
187762	1349	0.08803374
187762	4342	0.08803374
187762	719	0.088033736
187762	875	0.088033736
187762	3556	0.088033736
187762	3605	0.088033736
187762	3756	0.08803373
187763	581	0.060854904
187763	6198	0.060854904
187763	2552	0.060854897
187763	4342	0.060854897
187763	719	0.06085489
187763	1349	0.06085489
187763	3556	0.06085489
187763	3605	0.06085489
187763	3756	0.06085489
187763	875	0.060854882
187801	581	0.04470871
187801	6198	0.044708706
187801	719	0.0447087
187801	2552	0.0447087
187801	3556	0.0447087
187801	4342	0.0447087
187801	1349	0.044708695
187801	3605	0.044708695
187801	875	0.04470869
187801	880	0.04470869
187822	581	0.06350202
187822	6198	0.06350202
187822	719	0.06350201
187822	1349	0.06350201
187822	2552	0.06350201
187822	3556	0.06350201
187822	3605	0.06350201
187822	4342	0.06350201
187822	2787	0.063502006
187822	3756	0.063502006
187835	581	0.05872669
187835	6198	0.05872669
187835	4342	0.058726687
187835	2552	0.058726683
187835	719	0.05872668
187835	1349	0.05872668
187835	3556	0.05872668
187835	3605	0.05872668
187835	875	0.058726676
187835	2651	0.058726676
187863	581	0.08588077
187863	4342	0.08588077
187863	6198	0.08588077
187863	2552	0.085880764
187863	719	0.08588076
187863	1349	0.08588076
187863	2787	0.08588076
187863	3556	0.08588076
187863	3605	0.08588076
187863	4218	0.08588075
187904	6198	0.051684495
187904	719	0.05168449
187904	2552	0.05168449
187904	4342	0.05168449
187904	3556	0.051684488
187904	875	0.051684484
187904	1349	0.051684484
187904	3605	0.051684484
187904	3663	0.051684484
187904	3756	0.051684484
187981	581	0.06695188
187981	719	0.06695187
187981	1349	0.06695187
187981	2552	0.06695187
187981	4342	0.06695187
187981	6198	0.06695187
187981	3556	0.06695186
187981	3605	0.06695186
187981	875	0.066951856
187981	880	0.066951856
187990	581	0.056107868
187990	6198	0.056107868
187990	4342	0.056107864
187990	2552	0.05610786
187990	719	0.056107856
187990	1349	0.056107856
187990	3556	0.056107856
187990	2787	0.056107853
187990	3605	0.056107853
187990	875	0.05610785
188010	581	0.08702994
188010	2552	0.087029934
188010	4342	0.087029934
188010	6198	0.087029934
188010	1349	0.08702993
188010	719	0.08702992
188010	3556	0.08702992
188010	3605	0.08702992
188010	3756	0.08702992
188010	4218	0.08702992
188022	581	0.085700035
188022	2552	0.085700035
188022	4342	0.085700035
188022	6198	0.085700035
188022	1349	0.08570003
188022	719	0.08570002
188022	2787	0.08570002
188022	3556	0.08570002
188022	3605	0.08570002
188022	1958	0.08570001
188027	581	0.044825234
188027	2552	0.044825234
188027	4342	0.044825234
188027	6198	0.044825234
188027	719	0.044825226
188027	1349	0.044825226
188027	2787	0.044825226
188027	3556	0.044825226
188027	3605	0.044825226
188027	875	0.044825222
188038	581	0.066331595
188038	2552	0.066331595
188038	4342	0.066331595
188038	6198	0.066331595
188038	719	0.06633159
188038	875	0.06633159
188038	1349	0.06633159
188038	2787	0.06633159
188038	3556	0.06633159
188038	3605	0.06633159
188106	581	0.050270773
188106	4342	0.050270766
188106	6198	0.050270766
188106	2552	0.050270762
188106	719	0.05027076
188106	1349	0.05027076
188106	3605	0.05027076
188106	3556	0.050270755
188106	4218	0.050270755
188106	365	0.05027075
188171	581	0.051904075
188171	6198	0.051904075
188171	2552	0.05190407
188171	4342	0.05190407
188171	719	0.051904067
188171	1349	0.051904067
188171	3556	0.051904067
188171	3605	0.051904064
188171	365	0.05190406
188171	875	0.05190406
188273	581	0.047767803
188273	6198	0.0477678
188273	2552	0.047767796
188273	4342	0.047767796
188273	1349	0.047767792
188273	3556	0.047767792
188273	719	0.04776779
188273	2787	0.04776779
188273	3605	0.04776779
188273	3756	0.04776779
188280	581	0.07944679
188280	2552	0.07944679
188280	4342	0.07944679
188280	6198	0.07944679
188280	719	0.07944678
188280	875	0.07944678
188280	1349	0.07944678
188280	1958	0.07944678
188280	2787	0.07944678
188280	3556	0.07944678
188369	2552	0.082005285
188369	581	0.08200528
188369	4342	0.08200528
188369	6198	0.08200528
188369	875	0.08200527
188369	1349	0.08200527
188369	719	0.08200526
188369	880	0.08200526
188369	2651	0.08200526
188369	2787	0.08200526
188379	581	0.048845183
188379	2552	0.04884518
188379	6198	0.04884518
188379	3556	0.048845176
188379	4342	0.048845176
188379	719	0.048845172
188379	1349	0.048845172
188379	2787	0.04884517
188379	3605	0.04884517
188379	3756	0.04884517
188483	581	0.057241112
188483	6198	0.05724111
188483	1349	0.057241105
188483	2552	0.057241105
188483	4342	0.057241105
188483	3556	0.0572411
188483	719	0.057241097
188483	875	0.057241097
188483	2787	0.057241097
188483	3605	0.057241097
188484	581	0.042170476
188484	2552	0.042170472
188484	4342	0.042170472
188484	6198	0.042170472
188484	719	0.042170465
188484	1349	0.042170465
188484	3556	0.042170465
188484	3756	0.042170465
188484	4218	0.042170465
188484	875	0.04217046
188490	581	0.069744475
188490	2552	0.069744475
188490	6198	0.069744475
188490	1349	0.06974447
188490	3556	0.06974447
188490	3605	0.06974447
188490	4342	0.06974447
188490	719	0.06974446
188490	875	0.06974446
188490	2787	0.06974446
188513	581	0.060069993
188513	6198	0.060069993
188513	2552	0.06006999
188513	719	0.060069986
188513	4342	0.060069986
188513	1349	0.060069982
188513	3556	0.060069982
188513	875	0.06006998
188513	3605	0.06006998
188513	3756	0.06006998
188518	581	0.06291554
188518	719	0.062915534
188518	1349	0.062915534
188518	2552	0.062915534
188518	4342	0.062915534
188518	6198	0.062915534
188518	2787	0.06291553
188518	3556	0.06291553
188518	3605	0.06291553
188518	365	0.06291552
188583	581	0.0421538
188583	4342	0.0421538
188583	6198	0.0421538
188583	1349	0.042153798
188583	2552	0.042153798
188583	3556	0.042153798
188583	719	0.04215379
188583	875	0.04215379
188583	2787	0.04215379
188583	3605	0.04215379
188589	581	0.0643052
188589	4342	0.0643052
188589	6198	0.0643052
188589	719	0.06430519
188589	1349	0.06430519
188589	2552	0.06430519
188589	875	0.064305186
188589	3556	0.064305186
188589	3605	0.064305186
188589	3756	0.064305186
188659	581	0.055569977
188659	6198	0.055569977
188659	2552	0.055569973
188659	4342	0.055569973
188659	1349	0.05556997
188659	3556	0.05556997
188659	719	0.055569965
188659	875	0.05556996
188659	880	0.05556996
188659	2651	0.05556996
188676	2552	0.078728095
188676	581	0.07872809
188676	6198	0.07872809
188676	719	0.07872808
188676	1349	0.07872808
188676	3556	0.07872808
188676	3605	0.07872808
188676	4342	0.07872808
188676	875	0.07872807
188676	2787	0.07872807
188696	581	0.06278618
188696	6198	0.06278618
188696	2552	0.06278617
188696	4342	0.06278617
188696	719	0.06278616
188696	1349	0.06278616
188696	3556	0.06278616
188696	3605	0.06278616
188696	875	0.062786154
188696	1958	0.062786154
188796	581	0.06383899
188796	2552	0.06383899
188796	6198	0.06383899
188796	4342	0.06383898
188796	719	0.06383897
188796	875	0.06383897
188796	880	0.06383897
188796	1349	0.06383897
188796	2787	0.06383897
188796	3556	0.06383897
188799	581	0.053709287
188799	6198	0.053709283
188799	1349	0.05370928
188799	2552	0.05370928
188799	4342	0.05370928
188799	719	0.053709276
188799	3556	0.053709276
188799	3605	0.053709276
188799	2787	0.053709272
188799	875	0.05370927
188878	581	0.059048466
188878	6198	0.059048463
188878	2552	0.05904846
188878	4342	0.05904846
188878	719	0.059048455
188878	1349	0.059048455
188878	2787	0.05904845
188878	3556	0.05904845
188878	3605	0.05904845
188878	875	0.059048448
188951	581	0.068710096
188951	719	0.06871009
188951	2552	0.06871009
188951	4342	0.06871009
188951	6198	0.06871009
188951	1349	0.06871008
188951	3556	0.06871008
188951	3605	0.06871008
188951	365	0.068710074
188951	875	0.068710074
189005	581	0.051166795
189005	6198	0.051166795
189005	1349	0.05116679
189005	2552	0.05116679
189005	4342	0.05116679
189005	3556	0.051166788
189005	3605	0.051166788
189005	719	0.051166784
189005	875	0.05116678
189005	880	0.05116678
189080	581	0.08386162
189080	6198	0.08386161
189080	2552	0.083861604
189080	4342	0.083861604
189080	719	0.0838616
189080	1349	0.0838616
189080	3556	0.0838616
189080	3605	0.0838616
189080	875	0.08386159
189080	2787	0.08386159
189104	581	0.06967548
189104	6198	0.06967548
189104	1349	0.069675475
189104	2552	0.069675475
189104	3605	0.069675475
189104	4342	0.069675475
189104	719	0.06967547
189104	2787	0.06967547
189104	3556	0.06967547
189104	365	0.06967546
189115	581	0.05952686
189115	2552	0.05952686
189115	6198	0.05952686
189115	4342	0.059526857
189115	719	0.05952685
189115	1349	0.05952685
189115	3556	0.05952685
189115	875	0.059526846
189115	2787	0.059526846
189115	3605	0.059526846
189139	581	0.05776508
189139	2552	0.057765074
189139	4342	0.057765074
189139	6198	0.057765074
189139	719	0.05776507
189139	1349	0.05776507
189139	3556	0.057765067
189139	3605	0.057765067
189139	875	0.057765063
189139	2651	0.057765063
189151	581	0.040272184
189151	2552	0.040272184
189151	6198	0.040272184
189151	4342	0.04027218
189151	719	0.040272176
189151	1349	0.040272176
189151	3556	0.040272176
189151	875	0.040272173
189151	2787	0.040272173
189151	3756	0.040272173
189235	581	0.070233956
189235	6198	0.070233956
189235	2552	0.07023395
189235	4342	0.07023395
189235	719	0.07023394
189235	1349	0.07023394
189235	2787	0.07023394
189235	3556	0.07023394
189235	3605	0.07023394
189235	4218	0.07023394
189320	581	0.044587195
189320	6198	0.04458719
189320	2552	0.044587187
189320	3556	0.044587187
189320	4342	0.044587187
189320	1349	0.044587184
189320	365	0.04458718
189320	719	0.04458718
189320	875	0.04458718
189320	1173	0.04458718
189392	581	0.07439925
189392	6198	0.07439925
189392	2552	0.07439924
189392	719	0.07439923
189392	1349	0.07439923
189392	3556	0.07439923
189392	4342	0.07439923
189392	875	0.074399225
189392	3605	0.074399225
189392	4218	0.074399225
189474	581	0.050356984
189474	2552	0.050356984
189474	4342	0.050356984
189474	6198	0.050356984
189474	719	0.050356977
189474	1349	0.050356977
189474	3556	0.050356977
189474	875	0.050356973
189474	2787	0.050356973
189474	3605	0.050356973
189516	581	0.073129825
189516	2552	0.073129825
189516	6198	0.073129825
189516	719	0.07312982
189516	1349	0.07312982
189516	3556	0.07312982
189516	3605	0.07312982
189516	4342	0.07312982
189516	4218	0.07312981
189516	365	0.0731298
189541	581	0.050742
189541	6198	0.050741997
189541	2552	0.050741993
189541	4342	0.050741993
189541	1349	0.05074199
189541	719	0.050741985
189541	875	0.050741985
189541	3556	0.050741985
189541	3605	0.050741985
189541	4218	0.050741985
189558	6198	0.046438534
189558	581	0.04643853
189558	2552	0.04643853
189558	719	0.046438526
189558	1349	0.046438526
189558	3556	0.046438526
189558	875	0.046438523
189558	880	0.046438523
189558	2651	0.046438523
189558	2787	0.046438523
189655	581	0.0373158
189655	2552	0.0373158
189655	4342	0.0373158
189655	6198	0.0373158
189655	719	0.037315797
189655	3556	0.037315797
189655	875	0.037315793
189655	1349	0.037315793
189655	2787	0.037315793
189655	3756	0.037315793
189678	581	0.047941994
189678	2552	0.04794199
189678	4342	0.04794199
189678	6198	0.04794199
189678	719	0.047941983
189678	1349	0.047941983
189678	3556	0.047941983
189678	3605	0.047941983
189678	3756	0.04794198
189678	5553	0.04794198
189747	581	0.063571006
189747	6198	0.063571006
189747	2552	0.063571
189747	3556	0.063571
189747	4342	0.063571
189747	719	0.06357099
189747	875	0.06357099
189747	1349	0.06357099
189747	3605	0.06357099
189747	4218	0.06357099
189789	581	0.053599544
189789	2552	0.05359954
189789	4342	0.05359954
189789	719	0.053599536
189789	6198	0.053599536
189789	1349	0.053599533
189789	875	0.05359953
189789	3556	0.05359953
189789	3605	0.05359953
189789	3756	0.05359953
189855	581	0.061039478
189855	6198	0.061039478
189855	2552	0.061039474
189855	4342	0.061039474
189855	719	0.061039466
189855	1349	0.061039466
189855	3556	0.061039466
189855	875	0.061039463
189855	2787	0.061039463
189855	3605	0.061039463
189891	581	0.0698902
189891	2552	0.0698902
189891	6198	0.0698902
189891	719	0.069890186
189891	1349	0.069890186
189891	3556	0.069890186
189891	4342	0.069890186
189891	2787	0.06989018
189891	3422	0.06989018
189891	3578	0.06989018
189973	581	0.065278396
189973	2552	0.06527839
189973	4342	0.06527839
189973	6198	0.06527839
189973	719	0.06527838
189973	1349	0.06527838
189973	3556	0.06527838
189973	3605	0.06527838
189973	3756	0.06527838
189973	4218	0.06527838
190080	581	0.07961932
190080	4342	0.07961932
190080	2552	0.07961931
190080	6198	0.07961931
190080	719	0.0796193
190080	1349	0.0796193
190080	3556	0.0796193
190080	3605	0.0796193
190080	875	0.079619296
190080	1958	0.079619296
190185	581	0.06975651
190185	2552	0.06975651
190185	6198	0.06975651
190185	719	0.0697565
190185	4342	0.0697565
190185	875	0.06975649
190185	880	0.06975649
190185	1173	0.06975649
190185	1349	0.06975649
190185	1958	0.06975649
190350	581	0.05674593
190350	6198	0.056745928
190350	1349	0.056745924
190350	2552	0.056745924
190350	4342	0.056745924
190350	719	0.05674592
190350	3556	0.05674592
190350	875	0.056745917
190350	2787	0.056745917
190350	3605	0.056745917
190374	581	0.08644718
190374	1349	0.086447164
190374	2552	0.086447164
190374	4342	0.086447164
190374	6198	0.086447164
190374	719	0.08644716
190374	3556	0.08644716
190374	3605	0.08644716
190374	365	0.08644715
190374	875	0.08644715
190409	581	0.057822764
190409	2552	0.057822764
190409	6198	0.057822764
190409	4342	0.05782276
190409	719	0.057822756
190409	1349	0.057822756
190409	3556	0.057822756
190409	3605	0.057822753
190409	875	0.05782275
190409	880	0.05782275
190422	581	0.05587939
190422	4342	0.05587939
190422	2552	0.055879388
190422	6198	0.055879384
190422	719	0.05587938
190422	1349	0.05587938
190422	875	0.055879377
190422	3556	0.055879377
190422	3605	0.055879377
190422	3756	0.055879377
190448	581	0.06772893
190448	2552	0.06772893
190448	719	0.06772892
190448	1349	0.06772892
190448	3556	0.06772892
190448	4342	0.06772892
190448	6198	0.06772892
190448	875	0.067728914
190448	3605	0.067728914
190448	365	0.06772891
190459	581	0.08797312
190459	4342	0.0879731
190459	6198	0.0879731
190459	719	0.08797309
190459	1349	0.08797309
190459	2552	0.08797309
190459	3556	0.08797309
190459	3605	0.08797309
190459	2787	0.08797308
190459	5147	0.08797308
190479	581	0.05728941
190479	2552	0.057289407
190479	6198	0.057289407
190479	4342	0.057289403
190479	719	0.0572894
190479	1349	0.0572894
190479	3556	0.0572894
190479	875	0.057289395
190479	3756	0.057289395
190479	880	0.05728939
190480	581	0.050369073
190480	2552	0.05036907
190480	4342	0.05036907
190480	6198	0.05036907
190480	719	0.05036906
190480	875	0.05036906
190480	1349	0.05036906
190480	2787	0.05036906
190480	3556	0.05036906
190480	3605	0.05036906
190533	581	0.04809603
190533	2552	0.048096023
190533	4342	0.048096023
190533	6198	0.048096023
190533	719	0.04809602
190533	875	0.048096016
190533	1349	0.048096016
190533	3556	0.048096016
190533	3605	0.048096016
190533	3756	0.048096016
190708	581	0.060669243
190708	1349	0.060669236
190708	2552	0.060669236
190708	4342	0.060669236
190708	6198	0.060669236
190708	719	0.06066923
190708	3556	0.06066923
190708	3605	0.06066923
190708	3756	0.060669225
190708	4218	0.060669225
190741	2552	0.066340156
190741	6198	0.066340156
190741	581	0.06634015
190741	719	0.06634015
190741	1349	0.06634015
190741	3556	0.06634015
190741	4342	0.06634015
190741	875	0.06634014
190741	2787	0.06634014
190741	3605	0.06634014
190789	581	0.053262364
190789	6198	0.053262364
190789	2552	0.05326236
190789	4342	0.05326236
190789	1349	0.053262357
190789	719	0.053262353
190789	3556	0.053262353
190789	3605	0.053262353
190789	3756	0.053262353
190789	875	0.05326235
190831	581	0.0692129
190831	719	0.06921288
190831	1349	0.06921288
190831	2552	0.06921288
190831	3556	0.06921288
190831	4342	0.06921288
190831	6198	0.06921288
190831	875	0.069212876
190831	3605	0.069212876
190831	365	0.06921287
190844	581	0.04240596
190844	6198	0.04240596
190844	719	0.042405955
190844	2552	0.042405955
190844	3556	0.042405955
190844	4342	0.042405955
190844	1349	0.04240595
190844	875	0.042405948
190844	880	0.042405948
190844	2651	0.042405948
190885	581	0.05703257
190885	2552	0.05703257
190885	4342	0.057032567
190885	6198	0.057032567
190885	719	0.057032563
190885	1349	0.05703256
190885	3556	0.05703256
190885	875	0.057032555
190885	2787	0.057032555
190885	3605	0.057032555
190923	581	0.06949023
190923	1349	0.069490224
190923	2552	0.069490224
190923	4342	0.069490224
190923	6198	0.069490224
190923	719	0.06949022
190923	3556	0.06949022
190923	3605	0.06949022
190923	365	0.06949021
190923	875	0.06949021
191014	581	0.07395919
191014	6198	0.07395918
191014	719	0.07395917
191014	2552	0.07395917
191014	4342	0.07395917
191014	1349	0.073959164
191014	3556	0.073959164
191014	3605	0.073959164
191014	365	0.07395916
191014	875	0.07395916
191093	581	0.06113954
191093	6198	0.061139535
191093	2552	0.06113953
191093	4342	0.06113953
191093	1349	0.061139528
191093	719	0.061139524
191093	3556	0.061139524
191093	3605	0.061139524
191093	875	0.06113952
191093	1958	0.06113952
191165	581	0.053921312
191165	6198	0.053921312
191165	4342	0.05392131
191165	2552	0.053921305
191165	719	0.0539213
191165	1349	0.0539213
191165	3556	0.0539213
191165	3605	0.0539213
191165	2787	0.053921297
191165	4218	0.053921297
191166	581	0.032391533
191166	2552	0.03239153
191166	4342	0.03239153
191166	6198	0.03239153
191166	719	0.032391526
191166	875	0.032391526
191166	1349	0.032391526
191166	3556	0.032391526
191166	3756	0.032391526
191166	5214	0.032391526
191188	581	0.06473957
191188	2552	0.06473957
191188	4342	0.06473957
191188	6198	0.06473957
191188	719	0.06473956
191188	1349	0.06473956
191188	3556	0.06473956
191188	875	0.064739555
191188	880	0.064739555
191188	2651	0.064739555
191523	581	0.065959446
191523	6198	0.065959446
191523	2552	0.06595944
191523	4342	0.06595944
191523	719	0.06595943
191523	1349	0.06595943
191523	3556	0.06595943
191523	3605	0.06595943
191523	365	0.065959424
191523	875	0.065959424
191560	581	0.05900628
191560	6198	0.05900628
191560	2552	0.059006277
191560	4342	0.059006277
191560	1349	0.059006274
191560	3556	0.059006274
191560	3605	0.059006274
191560	719	0.05900627
191560	3756	0.059006266
191560	4218	0.059006266
191575	581	0.059145954
191575	4342	0.05914595
191575	6198	0.05914595
191575	2552	0.059145946
191575	1349	0.059145942
191575	3556	0.059145942
191575	3605	0.05914594
191575	719	0.059145935
191575	2787	0.059145935
191575	3756	0.059145935
191638	6198	0.04834174
191638	581	0.048341736
191638	2552	0.048341736
191638	4342	0.048341736
191638	719	0.04834173
191638	875	0.04834173
191638	1349	0.04834173
191638	3556	0.04834173
191638	3605	0.04834173
191638	3756	0.04834173
191716	581	0.07266393
191716	2552	0.072663926
191716	6198	0.072663926
191716	719	0.07266392
191716	1349	0.07266392
191716	3556	0.07266392
191716	4342	0.07266392
191716	3605	0.07266391
191716	365	0.0726639
191716	875	0.0726639
191761	581	0.044411153
191761	2552	0.04441115
191761	4342	0.04441115
191761	6198	0.04441115
191761	719	0.044411145
191761	1349	0.044411145
191761	3556	0.044411145
191761	875	0.04441114
191761	880	0.04441114
191761	2787	0.04441114
191775	581	0.037727047
191775	4342	0.037727043
191775	6198	0.037727043
191775	2552	0.03772704
191775	719	0.037727036
191775	875	0.037727036
191775	1349	0.037727036
191775	3556	0.037727036
191775	3605	0.037727036
191775	3756	0.037727036
191803	581	0.05938
191803	4342	0.05938
191803	2552	0.059379995
191803	6198	0.059379995
191803	719	0.05937999
191803	1349	0.05937999
191803	3556	0.059379987
191803	3605	0.059379987
191803	875	0.059379984
191803	3756	0.059379984
191841	581	0.05974199
191841	2552	0.05974198
191841	4342	0.05974198
191841	6198	0.05974198
191841	719	0.059741978
191841	3556	0.059741978
191841	1349	0.059741974
191841	3605	0.059741974
191841	875	0.059741966
191841	880	0.059741966
191875	581	0.042832896
191875	6198	0.042832892
191875	2552	0.04283289
191875	4342	0.04283289
191875	719	0.042832885
191875	1349	0.042832885
191875	3556	0.042832885
191875	875	0.04283288
191875	880	0.04283288
191875	2651	0.04283288
191883	581	0.050833594
191883	6198	0.050833594
191883	2552	0.05083359
191883	4342	0.05083359
191883	3556	0.050833587
191883	719	0.050833583
191883	875	0.050833583
191883	1349	0.050833583
191883	2787	0.050833583
191883	880	0.05083358
192093	581	0.052353956
192093	6198	0.052353952
192093	2552	0.05235395
192093	4342	0.05235395
192093	719	0.052353945
192093	3556	0.052353945
192093	1349	0.05235394
192093	3605	0.05235394
192093	3756	0.05235394
192093	4218	0.05235394
192119	581	0.07865088
192119	4342	0.07865088
192119	6198	0.07865088
192119	719	0.07865087
192119	2552	0.07865087
192119	3556	0.07865087
192119	875	0.07865086
192119	1349	0.07865086
192119	2651	0.07865086
192119	2787	0.07865086
192121	581	0.0635277
192121	2552	0.0635277
192121	4342	0.0635277
192121	6198	0.0635277
192121	719	0.063527696
192121	1349	0.063527696
192121	3605	0.063527696
192121	365	0.06352769
192121	875	0.06352769
192121	880	0.06352769
192158	6198	0.054315604
192158	581	0.0543156
192158	4342	0.0543156
192158	2552	0.054315597
192158	719	0.054315593
192158	1349	0.054315593
192158	3556	0.054315593
192158	875	0.05431559
192158	2787	0.05431559
192158	3605	0.05431559
192176	6198	0.066711895
192176	581	0.06671189
192176	2552	0.06671189
192176	3556	0.06671189
192176	4342	0.06671189
192176	719	0.06671188
192176	1349	0.06671188
192176	875	0.06671187
192176	880	0.06671187
192176	1958	0.06671187
192185	581	0.048091006
192185	2552	0.048091
192185	4342	0.048091
192185	6198	0.048091
192185	1349	0.048090998
192185	719	0.048090994
192185	875	0.048090994
192185	3556	0.048090994
192185	3605	0.048090994
192185	3756	0.048090994
192191	581	0.04687176
192191	2552	0.04687176
192191	4342	0.04687176
192191	6198	0.04687176
192191	3556	0.046871755
192191	719	0.04687175
192191	1349	0.04687175
192191	3605	0.04687175
192191	875	0.046871748
192191	2787	0.046871748
192211	4342	0.062407065
192211	6198	0.062407065
192211	719	0.06240706
192211	2552	0.06240706
192211	1349	0.062407058
192211	875	0.062407054
192211	2787	0.062407054
192211	3556	0.062407054
192211	3756	0.062407054
192211	3422	0.06240705
192244	581	0.07411085
192244	2552	0.07411085
192244	6198	0.07411085
192244	4342	0.07411084
192244	719	0.074110836
192244	875	0.074110836
192244	1349	0.074110836
192244	3556	0.074110836
192244	3605	0.074110836
192244	4218	0.074110836
192245	6198	0.060985357
192245	581	0.06098535
192245	2552	0.06098535
192245	4342	0.06098535
192245	1349	0.060985345
192245	719	0.06098534
192245	3556	0.06098534
192245	3605	0.060985338
192245	875	0.060985334
192245	880	0.060985334
192353	581	0.07246199
192353	4342	0.07246199
192353	6198	0.07246199
192353	719	0.072461985
192353	2552	0.072461985
192353	1349	0.07246198
192353	3556	0.07246198
192353	3605	0.07246198
192353	4218	0.07246198
192353	5147	0.07246198
192428	4342	0.07220337
192428	6198	0.07220337
192428	581	0.07220336
192428	719	0.07220336
192428	2552	0.07220336
192428	1349	0.07220335
192428	3556	0.07220335
192428	3605	0.07220335
192428	875	0.072203346
192428	2787	0.072203346
192460	6198	0.066174865
192460	581	0.06617486
192460	2552	0.06617486
192460	719	0.06617485
192460	1349	0.06617485
192460	2787	0.06617485
192460	3556	0.06617485
192460	3605	0.06617485
192460	4342	0.06617485
192460	875	0.06617484
192462	581	0.071518436
192462	2552	0.071518436
192462	719	0.07151843
192462	4342	0.07151843
192462	6198	0.07151843
192462	875	0.07151842
192462	880	0.07151842
192462	1349	0.07151842
192462	2787	0.07151842
192462	3556	0.07151842
192479	6198	0.053505562
192479	581	0.05350556
192479	4342	0.05350556
192479	1349	0.053505555
192479	2552	0.053505555
192479	719	0.05350555
192479	3556	0.05350555
192479	875	0.053505547
192479	2787	0.053505547
192479	3605	0.053505547
192492	581	0.0541633
192492	4342	0.054163296
192492	6198	0.054163296
192492	2552	0.054163292
192492	719	0.05416329
192492	1349	0.05416329
192492	3556	0.05416329
192492	875	0.054163285
192492	2787	0.054163285
192492	3605	0.054163285
192696	581	0.041163914
192696	6198	0.04116391
192696	719	0.041163906
192696	1349	0.041163906
192696	2552	0.041163906
192696	4342	0.041163906
192696	3556	0.041163903
192696	3756	0.041163903
192696	875	0.0411639
192696	880	0.0411639
192710	581	0.07005278
192710	2552	0.07005277
192710	4342	0.07005277
192710	6198	0.07005277
192710	719	0.070052765
192710	1349	0.070052765
192710	3556	0.070052765
192710	3605	0.070052765
192710	365	0.07005276
192710	875	0.07005276
192727	581	0.05562648
192727	6198	0.05562648
192727	2552	0.055626478
192727	719	0.055626474
192727	4342	0.055626474
192727	1349	0.05562647
192727	3556	0.05562647
192727	875	0.055626467
192727	2787	0.055626467
192727	3605	0.055626467
192733	581	0.039373912
192733	2552	0.039373912
192733	4342	0.039373912
192733	6198	0.039373912
192733	719	0.039373904
192733	875	0.039373904
192733	1349	0.039373904
192733	3556	0.039373904
192733	3605	0.0393739
192733	3756	0.0393739
192914	6198	0.059961155
192914	581	0.05996115
192914	2552	0.05996115
192914	4342	0.05996115
192914	719	0.059961148
192914	1349	0.059961148
192914	2787	0.059961144
192914	3556	0.059961144
192914	875	0.05996114
192914	3605	0.05996114
193106	581	0.06308523
193106	2552	0.06308523
193106	4342	0.06308523
193106	6198	0.06308523
193106	719	0.06308522
193106	3605	0.06308522
193106	365	0.06308521
193106	875	0.06308521
193106	880	0.06308521
193106	1349	0.06308521
193131	2552	0.07647928
193131	581	0.07647927
193131	719	0.07647927
193131	4342	0.07647927
193131	6198	0.07647927
193131	875	0.076479256
193131	880	0.076479256
193131	1349	0.076479256
193131	2651	0.076479256
193131	2787	0.076479256
193156	581	0.065377526
193156	2552	0.065377526
193156	6198	0.065377526
193156	719	0.06537752
193156	875	0.06537752
193156	2787	0.06537752
193156	3556	0.06537752
193156	3605	0.06537752
193156	4342	0.06537752
193156	4546	0.06537752
193350	581	0.06263468
193350	6198	0.06263467
193350	719	0.06263466
193350	1349	0.06263466
193350	2552	0.06263466
193350	3556	0.06263466
193350	4342	0.06263466
193350	875	0.062634654
193350	2787	0.062634654
193350	3605	0.062634654
193412	581	0.060874447
193412	6198	0.060874447
193412	2552	0.060874444
193412	4342	0.060874444
193412	719	0.06087444
193412	1349	0.06087444
193412	3556	0.060874436
193412	875	0.060874432
193412	2651	0.060874432
193412	3605	0.060874432
193428	581	0.067000106
193428	2552	0.067000106
193428	4342	0.067000106
193428	6198	0.067000106
193428	719	0.06700009
193428	875	0.06700009
193428	880	0.06700009
193428	1349	0.06700009
193428	2651	0.06700009
193428	2787	0.06700009
193448	581	0.06331889
193448	2552	0.063318886
193448	4342	0.063318886
193448	6198	0.063318886
193448	719	0.06331888
193448	1349	0.06331888
193448	3556	0.06331888
193448	875	0.06331887
193448	2787	0.06331887
193448	3605	0.06331887
193458	581	0.0680035
193458	4342	0.06800349
193458	6198	0.06800349
193458	1349	0.06800348
193458	2552	0.06800348
193458	365	0.068003476
193458	719	0.068003476
193458	875	0.068003476
193458	1958	0.068003476
193458	2651	0.068003476
193469	581	0.06430739
193469	2552	0.064307384
193469	4342	0.064307384
193469	719	0.06430738
193469	1349	0.06430738
193469	3556	0.06430738
193469	3605	0.06430738
193469	6198	0.06430738
193469	875	0.06430737
193469	880	0.06430737
193470	581	0.06934914
193470	2552	0.06934914
193470	4342	0.06934914
193470	6198	0.06934914
193470	719	0.069349125
193470	875	0.069349125
193470	1349	0.069349125
193470	3556	0.069349125
193470	3605	0.069349125
193470	3756	0.069349125
193482	581	0.060277663
193482	4342	0.060277663
193482	6198	0.060277663
193482	2552	0.06027766
193482	719	0.060277656
193482	1349	0.060277656
193482	3556	0.060277656
193482	3605	0.060277652
193482	875	0.06027765
193482	2787	0.06027765
193499	581	0.06552102
193499	2552	0.06552102
193499	4342	0.06552102
193499	6198	0.06552102
193499	719	0.06552101
193499	875	0.065521
193499	1349	0.065521
193499	3556	0.065521
193499	3605	0.065521
193499	3756	0.065521
193529	581	0.0743669
193529	719	0.0743669
193529	4342	0.0743669
193529	6198	0.0743669
193529	1349	0.07436689
193529	2552	0.07436689
193529	875	0.07436688
193529	2651	0.07436688
193529	2787	0.07436688
193529	3556	0.07436688
193610	581	0.04492697
193610	6198	0.04492697
193610	2552	0.044926967
193610	4342	0.044926967
193610	719	0.044926964
193610	3556	0.044926964
193610	1349	0.04492696
193610	3605	0.04492696
193610	875	0.044926956
193610	880	0.044926956
193612	2552	0.054182805
193612	6198	0.054182805
193612	4342	0.0541828
193612	719	0.054182798
193612	1349	0.054182798
193612	3556	0.054182794
193612	365	0.05418279
193612	875	0.05418279
193612	2787	0.05418279
193612	3605	0.05418279
193676	2552	0.06841606
193676	4342	0.06841606
193676	6198	0.06841606
193676	719	0.06841605
193676	1349	0.06841605
193676	3556	0.06841605
193676	3605	0.06841605
193676	875	0.068416044
193676	880	0.068416044
193676	1173	0.068416044
193738	581	0.052714486
193738	4342	0.052714486
193738	6198	0.052714486
193738	719	0.052714482
193738	2552	0.052714482
193738	1349	0.05271448
193738	2787	0.052714474
193738	3556	0.052714474
193738	3605	0.052714474
193738	3663	0.052714474
193740	581	0.036461174
193740	6198	0.03646117
193740	719	0.036461167
193740	1349	0.036461167
193740	2552	0.036461167
193740	3556	0.036461167
193740	4342	0.036461167
193740	365	0.036461163
193740	2787	0.036461163
193740	3605	0.036461163
193750	581	0.043640196
193750	4342	0.043640196
193750	6198	0.043640196
193750	2552	0.043640193
193750	719	0.04364019
193750	1349	0.04364019
193750	3556	0.04364019
193750	3605	0.04364019
193750	2787	0.043640185
193750	3756	0.043640185
193769	581	0.050256014
193769	6198	0.05025601
193769	2552	0.050256006
193769	4342	0.050256006
193769	719	0.050256
193769	1349	0.050256
193769	3556	0.050256
193769	875	0.050255995
193769	2787	0.050255995
193769	3605	0.050255995
193778	581	0.0829684
193778	6198	0.0829684
193778	2552	0.08296839
193778	4342	0.08296839
193778	719	0.082968384
193778	1349	0.082968384
193778	3605	0.082968384
193778	875	0.08296838
193778	2651	0.08296838
193778	2787	0.08296838
193798	581	0.04287754
193798	4342	0.042877536
193798	6198	0.042877536
193798	2552	0.042877533
193798	719	0.04287753
193798	1349	0.04287753
193798	3556	0.04287753
193798	3605	0.04287753
193798	875	0.042877525
193798	880	0.042877525
193819	581	0.05105526
193819	2552	0.05105526
193819	6198	0.05105526
193819	719	0.051055256
193819	1349	0.051055256
193819	3556	0.051055256
193819	4342	0.051055256
193819	875	0.051055253
193819	2787	0.051055253
193819	3605	0.051055253
193898	581	0.04069797
193898	6198	0.04069797
193898	719	0.040697966
193898	2552	0.040697966
193898	1349	0.040697962
193898	3556	0.040697962
193898	3605	0.040697962
193898	4342	0.040697962
193898	2787	0.04069796
193898	875	0.040697955
193966	581	0.05484932
193966	2552	0.05484932
193966	4342	0.05484932
193966	6198	0.054849315
193966	719	0.05484931
193966	1349	0.05484931
193966	3556	0.05484931
193966	875	0.054849304
193966	1958	0.054849304
193966	2787	0.054849304
194027	581	0.05507913
194027	4342	0.05507913
194027	2552	0.055079125
194027	3556	0.055079125
194027	6198	0.055079125
194027	1349	0.05507912
194027	719	0.055079117
194027	875	0.055079117
194027	880	0.055079117
194027	3605	0.055079117
194172	581	0.05831775
194172	6198	0.05831775
194172	2552	0.058317747
194172	4342	0.058317747
194172	719	0.058317743
194172	3556	0.058317743
194172	1349	0.05831774
194172	875	0.058317736
194172	880	0.058317736
194172	2651	0.058317736
194205	581	0.06680242
194205	1349	0.06680241
194205	2552	0.06680241
194205	3556	0.06680241
194205	4342	0.06680241
194205	6198	0.06680241
194205	719	0.066802405
194205	3605	0.066802405
194205	365	0.0668024
194205	875	0.0668024
194273	581	0.064857796
194273	2552	0.064857796
194273	4342	0.064857796
194273	6198	0.064857796
194273	1349	0.06485779
194273	3605	0.06485779
194273	719	0.06485778
194273	875	0.06485778
194273	2787	0.06485778
194273	3556	0.06485778
194287	719	0.06639349
194287	1349	0.06639349
194287	2552	0.06639349
194287	4342	0.06639349
194287	6198	0.06639349
194287	581	0.06639348
194287	875	0.06639348
194287	3556	0.06639348
194287	3605	0.06639348
194287	3663	0.06639348
194425	581	0.052956738
194425	2552	0.052956738
194425	4342	0.052956738
194425	6198	0.052956738
194425	719	0.052956734
194425	1349	0.05295673
194425	3556	0.05295673
194425	3605	0.05295673
194425	875	0.052956726
194425	365	0.052956723
194514	581	0.058531925
194514	2552	0.058531918
194514	4342	0.058531918
194514	6198	0.058531918
194514	1349	0.058531914
194514	3556	0.058531914
194514	719	0.05853191
194514	3605	0.05853191
194514	875	0.058531906
194514	2787	0.058531906
194556	581	0.053694457
194556	6198	0.053694457
194556	2552	0.053694453
194556	4342	0.053694453
194556	719	0.05369445
194556	1349	0.05369445
194556	3556	0.05369445
194556	3605	0.053694446
194556	875	0.053694442
194556	880	0.053694442
194600	581	0.076165676
194600	4342	0.07616567
194600	719	0.07616566
194600	1349	0.07616566
194600	2552	0.07616566
194600	3556	0.07616566
194600	6198	0.07616566
194600	365	0.07616565
194600	875	0.07616565
194600	2651	0.07616565
194605	581	0.055262625
194605	2552	0.055262625
194605	6198	0.055262625
194605	4342	0.05526262
194605	719	0.055262618
194605	1349	0.055262618
194605	3556	0.055262618
194605	3605	0.055262614
194605	4218	0.055262614
194605	875	0.05526261
194606	581	0.040833794
194606	4342	0.04083379
194606	2552	0.040833786
194606	3556	0.040833786
194606	6198	0.040833786
194606	719	0.040833782
194606	3756	0.040833782
194606	365	0.04083378
194606	875	0.04083378
194606	880	0.04083378
194614	581	0.04936682
194614	2552	0.04936682
194614	6198	0.04936682
194614	4342	0.049366817
194614	719	0.049366813
194614	1349	0.049366813
194614	875	0.04936681
194614	3556	0.04936681
194614	3605	0.04936681
194614	880	0.049366806
194636	581	0.05229848
194636	2552	0.052298475
194636	6198	0.052298475
194636	4342	0.05229847
194636	719	0.052298468
194636	1349	0.052298468
194636	875	0.052298464
194636	2787	0.052298464
194636	3556	0.052298464
194636	3605	0.052298464
194639	581	0.06026648
194639	2552	0.06026648
194639	4342	0.06026648
194639	6198	0.06026648
194639	719	0.060266472
194639	1349	0.06026647
194639	3556	0.06026647
194639	875	0.060266465
194639	2787	0.060266465
194639	3605	0.060266465
194646	581	0.049772248
194646	2552	0.049772248
194646	4342	0.049772248
194646	6198	0.049772248
194646	719	0.04977224
194646	1349	0.04977224
194646	3556	0.049772236
194646	3605	0.049772236
194646	875	0.049772233
194646	1958	0.049772233
194669	581	0.058379255
194669	6198	0.05837925
194669	2552	0.058379248
194669	4342	0.058379248
194669	1349	0.058379244
194669	3556	0.058379244
194669	719	0.05837924
194669	2787	0.05837924
194669	3605	0.05837924
194669	2651	0.058379237
194676	581	0.08183999
194676	2552	0.08183999
194676	6198	0.08183999
194676	4342	0.081839986
194676	719	0.08183998
194676	1349	0.08183998
194676	2787	0.08183998
194676	3605	0.08183998
194676	4218	0.08183998
194676	875	0.08183997
194699	581	0.049029283
194699	2552	0.049029276
194699	4342	0.049029276
194699	6198	0.049029276
194699	3556	0.049029272
194699	719	0.04902927
194699	1349	0.04902927
194699	365	0.049029265
194699	875	0.049029265
194699	2787	0.049029265
194877	581	0.06309879
194877	4342	0.06309879
194877	719	0.06309878
194877	2552	0.06309878
194877	6198	0.06309878
194877	875	0.06309877
194877	1349	0.06309877
194877	2651	0.06309877
194877	2787	0.06309877
194877	3422	0.06309877
194974	581	0.050833646
194974	2552	0.050833642
194974	4342	0.050833642
194974	6198	0.050833642
194974	1349	0.050833635
194974	3556	0.050833635
194974	3605	0.050833635
194974	719	0.05083363
194974	365	0.050833628
194974	875	0.050833628
195041	581	0.06409182
195041	2552	0.06409182
195041	6198	0.06409182
195041	4342	0.06409181
195041	365	0.0640918
195041	719	0.0640918
195041	875	0.0640918
195041	1349	0.0640918
195041	1958	0.0640918
195041	2787	0.0640918
195049	581	0.040444285
195049	1349	0.040444277
195049	2552	0.040444277
195049	4342	0.040444277
195049	6198	0.040444277
195049	719	0.040444274
195049	3556	0.040444274
195049	3605	0.040444274
195049	880	0.04044427
195049	2787	0.04044427
195079	581	0.059992522
195079	2552	0.059992522
195079	4342	0.059992522
195079	6198	0.059992522
195079	719	0.059992515
195079	1349	0.059992515
195079	3556	0.059992515
195079	875	0.059992507
195079	880	0.059992507
195079	2651	0.059992507
195100	581	0.06991084
195100	6198	0.06991083
195100	719	0.069910824
195100	1349	0.069910824
195100	2552	0.069910824
195100	4342	0.069910824
195100	3556	0.06991082
195100	3605	0.06991082
195100	875	0.06991081
195100	880	0.06991081
195116	581	0.05900693
195116	6198	0.059006926
195116	2552	0.059006922
195116	4342	0.059006922
195116	1349	0.05900692
195116	719	0.059006914
195116	3556	0.059006914
195116	3605	0.059006914
195116	2787	0.05900691
195116	365	0.059006907
195182	581	0.051482778
195182	6198	0.051482778
195182	2552	0.051482774
195182	4342	0.051482774
195182	3556	0.05148277
195182	719	0.051482767
195182	1349	0.051482767
195182	3605	0.051482767
195182	875	0.051482763
195182	2787	0.051482763
195247	581	0.057840247
195247	2552	0.057840247
195247	4342	0.057840243
195247	6198	0.057840243
195247	719	0.057840236
195247	875	0.057840236
195247	1349	0.057840236
195247	3556	0.057840236
195247	3605	0.057840236
195247	3756	0.057840236
195374	581	0.053168684
195374	6198	0.053168684
195374	2552	0.053168677
195374	3556	0.053168677
195374	4342	0.053168677
195374	719	0.053168673
195374	1349	0.053168673
195374	875	0.05316867
195374	2787	0.05316867
195374	3605	0.05316867
195386	6198	0.074954495
195386	581	0.07495449
195386	2552	0.07495449
195386	4342	0.07495449
195386	719	0.07495448
195386	1349	0.07495448
195386	3556	0.07495448
195386	3605	0.07495448
195386	875	0.07495447
195386	2787	0.07495447
195469	581	0.061056312
195469	6198	0.06105631
195469	2552	0.0610563
195469	4342	0.0610563
195469	3556	0.061056297
195469	719	0.061056294
195469	1349	0.061056294
195469	3605	0.061056294
195469	875	0.06105629
195469	2787	0.06105629
195694	719	0.055527873
195694	4342	0.055527873
195694	6198	0.055527873
195694	2552	0.05552787
195694	875	0.055527866
195694	2651	0.055527866
195694	2787	0.055527866
195694	3556	0.055527866
195694	880	0.055527862
195694	1349	0.055527862
195770	581	0.04783368
195770	2552	0.047833677
195770	4342	0.047833677
195770	6198	0.047833677
195770	719	0.04783367
195770	1349	0.04783367
195770	3556	0.04783367
195770	3605	0.04783367
195770	875	0.047833666
195770	880	0.047833666
195904	581	0.07348228
195904	2552	0.073482275
195904	3556	0.073482275
195904	4342	0.073482275
195904	6198	0.073482275
195904	1349	0.07348227
195904	365	0.07348226
195904	719	0.07348226
195904	875	0.07348226
195904	1211	0.07348226
195943	581	0.055417866
195943	2552	0.05541786
195943	4342	0.05541786
195943	6198	0.05541786
195943	719	0.055417858
195943	1349	0.055417858
195943	3556	0.055417854
195943	875	0.05541785
195943	3605	0.05541785
195943	3756	0.05541785
195965	581	0.07132312
195965	6198	0.07132312
195965	719	0.07132311
195965	2552	0.07132311
195965	4342	0.07132311
195965	1349	0.071323104
195965	3556	0.071323104
195965	3605	0.071323104
195965	875	0.0713231
195965	880	0.0713231
196018	581	0.060822055
196018	6198	0.060822055
196018	4342	0.06082205
196018	719	0.060822047
196018	1349	0.060822047
196018	2552	0.060822047
196018	3556	0.060822047
196018	2787	0.06082204
196018	3605	0.06082204
196018	4218	0.06082204
196031	581	0.05010434
196031	6198	0.05010434
196031	2552	0.050104335
196031	4342	0.050104335
196031	719	0.05010433
196031	1349	0.05010433
196031	3556	0.05010433
196031	1958	0.050104327
196031	2787	0.050104327
196031	3605	0.050104327
196047	581	0.058379356
196047	2552	0.058379352
196047	4342	0.058379352
196047	6198	0.058379352
196047	719	0.058379345
196047	1349	0.058379345
196047	3556	0.058379345
196047	3605	0.058379345
196047	875	0.058379337
196047	880	0.058379337
196050	581	0.04442833
196050	2552	0.044428326
196050	4342	0.044428326
196050	6198	0.044428326
196050	719	0.04442832
196050	1349	0.04442832
196050	3556	0.04442832
196050	3605	0.04442832
196050	875	0.044428315
196050	2651	0.044428315
196052	6198	0.068860084
196052	581	0.06886008
196052	2552	0.06886008
196052	4342	0.06886008
196052	719	0.06886007
196052	1349	0.06886007
196052	3556	0.06886007
196052	875	0.06886006
196052	2787	0.06886006
196052	365	0.068860054
196053	581	0.062118318
196053	6198	0.062118314
196053	4342	0.06211831
196053	719	0.062118307
196053	1349	0.062118307
196053	2552	0.062118307
196053	3556	0.062118307
196053	875	0.062118303
196053	3605	0.062118303
196053	2787	0.0621183
196077	2552	0.07770098
196077	6198	0.07770098
196077	1349	0.07770097
196077	3556	0.07770097
196077	4342	0.07770097
196077	719	0.077700965
196077	3605	0.077700965
196077	365	0.07770096
196077	875	0.07770096
196077	1211	0.07770096
196085	581	0.052232668
196085	2552	0.052232668
196085	4342	0.052232668
196085	6198	0.052232668
196085	719	0.05223266
196085	1349	0.05223266
196085	3556	0.05223266
196085	3605	0.05223266
196085	2787	0.052232657
196085	4218	0.052232657
196099	581	0.03930031
196099	4342	0.039300308
196099	6198	0.039300308
196099	1349	0.039300304
196099	2552	0.039300304
196099	3556	0.039300304
196099	719	0.0393003
196099	875	0.0393003
196099	3605	0.0393003
196099	3756	0.0393003
196108	581	0.072060496
196108	4342	0.072060496
196108	6198	0.072060496
196108	2552	0.07206049
196108	719	0.07206048
196108	1349	0.07206048
196108	2787	0.07206048
196108	3556	0.07206048
196108	3605	0.07206048
196108	3756	0.07206048
196113	581	0.058885098
196113	4342	0.058885098
196113	6198	0.058885098
196113	1349	0.05888509
196113	2552	0.05888509
196113	3556	0.058885086
196113	719	0.058885083
196113	875	0.058885083
196113	3605	0.058885083
196113	880	0.05888508
196137	581	0.07215819
196137	6198	0.07215819
196137	1349	0.07215818
196137	2552	0.07215818
196137	3556	0.07215818
196137	4342	0.07215818
196137	719	0.07215817
196137	875	0.07215817
196137	880	0.07215817
196137	1958	0.07215817
196146	581	0.060212214
196146	2552	0.06021221
196146	4342	0.06021221
196146	6198	0.06021221
196146	719	0.060212202
196146	1349	0.060212202
196146	3556	0.060212202
196146	3605	0.0602122
196146	875	0.060212195
196146	2651	0.060212195
196148	581	0.040929094
196148	2552	0.040929094
196148	6198	0.040929094
196148	4342	0.04092909
196148	719	0.040929087
196148	1349	0.040929087
196148	3556	0.040929087
196148	3605	0.040929087
196148	3756	0.040929083
196148	4218	0.040929083
196149	581	0.047891494
196149	6198	0.04789149
196149	2552	0.047891486
196149	4342	0.047891486
196149	719	0.047891483
196149	1349	0.047891483
196149	3556	0.047891483
196149	875	0.04789148
196149	3605	0.04789148
196149	4218	0.04789148
196160	581	0.07718989
196160	4342	0.07718989
196160	6198	0.07718989
196160	2552	0.077189885
196160	719	0.07718988
196160	1349	0.07718988
196160	3556	0.07718988
196160	3605	0.07718988
196160	875	0.07718987
196160	2787	0.07718987
196187	581	0.050276004
196187	4342	0.050276004
196187	6198	0.050276004
196187	719	0.050275996
196187	2552	0.050275996
196187	3556	0.050275996
196187	875	0.050275993
196187	1349	0.050275993
196187	880	0.05027599
196187	2651	0.05027599
196191	581	0.06942159
196191	4342	0.06942158
196191	6198	0.06942158
196191	719	0.069421574
196191	1349	0.069421574
196191	2552	0.069421574
196191	3556	0.069421574
196191	875	0.06942157
196191	880	0.06942157
196191	3605	0.06942157
196228	581	0.06367155
196228	2552	0.063671544
196228	3556	0.063671544
196228	4342	0.063671544
196228	6198	0.063671544
196228	719	0.06367154
196228	1349	0.06367154
196228	3605	0.06367154
196228	365	0.06367153
196228	875	0.06367153
196253	581	0.04888795
196253	2552	0.048887946
196253	4342	0.048887946
196253	6198	0.048887946
196253	719	0.04888794
196253	1349	0.04888794
196253	3556	0.04888794
196253	875	0.048887935
196253	3605	0.048887935
196253	3756	0.048887935
196282	581	0.053003676
196282	2552	0.053003676
196282	4342	0.053003676
196282	6198	0.053003676
196282	719	0.05300367
196282	1349	0.05300367
196282	3556	0.05300367
196282	2787	0.053003665
196282	875	0.05300366
196282	880	0.05300366
196317	581	0.052697226
196317	2552	0.05269722
196317	4342	0.05269722
196317	6198	0.05269722
196317	719	0.05269721
196317	1349	0.05269721
196317	3556	0.05269721
196317	5214	0.05269721
196317	875	0.052697208
196317	3605	0.052697208
196457	581	0.070679784
196457	2552	0.070679784
196457	4342	0.070679784
196457	6198	0.070679784
196457	719	0.07067978
196457	875	0.07067977
196457	880	0.07067977
196457	1173	0.07067977
196457	1349	0.07067977
196457	2651	0.07067977
196466	6198	0.05392076
196466	581	0.053920757
196466	2552	0.053920757
196466	4342	0.053920757
196466	719	0.053920753
196466	1349	0.053920753
196466	875	0.053920746
196466	880	0.053920746
196466	2651	0.053920746
196466	2787	0.053920746
196492	581	0.050467867
196492	2552	0.050467864
196492	6198	0.050467864
196492	4342	0.05046786
196492	719	0.050467856
196492	1349	0.050467856
196492	3556	0.050467856
196492	875	0.050467853
196492	880	0.050467853
196492	3605	0.050467853
196502	581	0.075405024
196502	6198	0.075405024
196502	2552	0.07540502
196502	3556	0.07540502
196502	4342	0.07540502
196502	719	0.07540501
196502	1349	0.07540501
196502	3605	0.07540501
196502	3756	0.07540501
196502	365	0.075405
196621	581	0.064408824
196621	6198	0.064408824
196621	2552	0.06440882
196621	4342	0.06440882
196621	719	0.06440881
196621	1349	0.06440881
196621	2787	0.06440881
196621	3556	0.06440881
196621	3605	0.06440881
196621	875	0.0644088
196738	581	0.09294279
196738	2552	0.09294279
196738	4342	0.09294279
196738	719	0.09294278
196738	6198	0.09294278
196738	875	0.092942774
196738	1349	0.092942774
196738	2787	0.092942774
196738	3556	0.092942774
196738	3605	0.092942774
196775	581	0.054094873
196775	2552	0.054094873
196775	4342	0.054094873
196775	6198	0.054094873
196775	1349	0.05409487
196775	719	0.054094866
196775	3556	0.054094866
196775	365	0.05409486
196775	875	0.05409486
196775	880	0.05409486
196886	581	0.045399543
196886	6198	0.04539954
196886	2552	0.045399535
196886	4342	0.045399535
196886	719	0.04539953
196886	1349	0.04539953
196886	3556	0.04539953
196886	3605	0.04539953
196886	875	0.045399528
196886	2787	0.045399528
196891	581	0.060453184
196891	6198	0.060453184
196891	4342	0.06045318
196891	2552	0.060453176
196891	1349	0.060453173
196891	3605	0.060453173
196891	719	0.06045317
196891	875	0.06045317
196891	3556	0.06045317
196891	3756	0.06045317
197000	581	0.05399157
197000	4342	0.05399157
197000	6198	0.05399157
197000	2552	0.053991567
197000	719	0.053991564
197000	1349	0.053991564
197000	3556	0.053991564
197000	880	0.053991556
197000	2787	0.053991556
197000	3605	0.053991556
197206	2552	0.047241215
197206	4342	0.04724121
197206	6198	0.04724121
197206	719	0.047241207
197206	3556	0.047241207
197206	365	0.047241203
197206	875	0.047241203
197206	880	0.047241203
197206	1349	0.047241203
197206	2651	0.047241203
197364	581	0.06791915
197364	6198	0.06791915
197364	4342	0.06791914
197364	719	0.067919135
197364	1349	0.067919135
197364	2552	0.067919135
197364	2787	0.067919135
197364	3556	0.067919135
197364	3605	0.067919135
197364	3756	0.067919135
197410	581	0.063502885
197410	719	0.06350288
197410	1349	0.06350288
197410	2552	0.06350288
197410	3556	0.06350288
197410	4342	0.06350288
197410	6198	0.06350288
197410	365	0.06350286
197410	875	0.06350286
197410	880	0.06350286
197424	581	0.063849755
197424	6198	0.063849755
197424	719	0.06384975
197424	2552	0.06384975
197424	3556	0.06384975
197424	4342	0.06384975
197424	1349	0.06384974
197424	3605	0.06384974
197424	875	0.06384973
197424	880	0.06384973
197425	581	0.05585298
197425	6198	0.05585298
197425	2552	0.055852976
197425	4342	0.055852976
197425	719	0.055852972
197425	1349	0.055852972
197425	3556	0.055852972
197425	875	0.055852965
197425	1958	0.055852965
197425	2787	0.055852965
197502	581	0.05565085
197502	2552	0.055650845
197502	4342	0.055650845
197502	6198	0.05565084
197502	719	0.055650838
197502	1349	0.055650838
197502	3556	0.055650838
197502	3605	0.055650834
197502	365	0.05565083
197502	875	0.05565083
197664	581	0.056004796
197664	2552	0.056004796
197664	6198	0.056004796
197664	4342	0.056004792
197664	719	0.05600479
197664	3556	0.05600479
197664	875	0.056004785
197664	1349	0.056004785
197664	3605	0.056004785
197664	3756	0.056004785
197687	6198	0.08523341
197687	581	0.085233405
197687	719	0.085233405
197687	1349	0.085233405
197687	2552	0.085233405
197687	4342	0.085233405
197687	3556	0.0852334
197687	3605	0.0852334
197687	875	0.08523339
197687	880	0.08523339
197727	581	0.056218963
197727	2552	0.05621896
197727	4342	0.05621896
197727	6198	0.05621896
197727	719	0.056218956
197727	1349	0.056218952
197727	3556	0.056218952
197727	875	0.05621895
197727	3605	0.05621895
197727	3756	0.05621895
197775	581	0.053914703
197775	4342	0.0539147
197775	1349	0.053914696
197775	2552	0.053914696
197775	6198	0.053914696
197775	719	0.053914692
197775	3556	0.053914692
197775	2787	0.05391469
197775	3605	0.05391469
197775	3756	0.05391469
197866	581	0.075342216
197866	2552	0.07534221
197866	3556	0.07534221
197866	4342	0.07534221
197866	6198	0.07534221
197866	719	0.0753422
197866	875	0.07534219
197866	880	0.07534219
197866	1349	0.07534219
197866	1958	0.07534219
197913	581	0.07874087
197913	1349	0.078740865
197913	2552	0.078740865
197913	4342	0.078740865
197913	6198	0.078740865
197913	719	0.07874086
197913	875	0.07874086
197913	3605	0.07874086
197913	365	0.07874085
197913	880	0.07874085
197939	581	0.05545339
197939	2552	0.05545339
197939	4342	0.05545339
197939	6198	0.05545339
197939	719	0.055453382
197939	1349	0.055453382
197939	3556	0.055453382
197939	365	0.055453375
197939	875	0.055453375
197939	880	0.055453375
197942	581	0.05158821
197942	4342	0.051588207
197942	6198	0.051588207
197942	2552	0.051588204
197942	719	0.0515882
197942	1349	0.0515882
197942	3556	0.0515882
197942	875	0.051588196
197942	3605	0.051588196
197942	365	0.051588193
197997	581	0.07600428
197997	1349	0.07600427
197997	2552	0.07600427
197997	4342	0.07600427
197997	6198	0.07600427
197997	719	0.07600426
197997	3556	0.07600426
197997	365	0.07600425
197997	875	0.07600425
197997	880	0.07600425
198011	581	0.05389016
198011	6198	0.05389016
198011	2552	0.053890154
198011	4342	0.053890154
198011	1349	0.05389015
198011	3556	0.05389015
198011	719	0.053890146
198011	875	0.053890146
198011	2787	0.053890146
198011	3605	0.053890146
198012	581	0.08396815
198012	2552	0.08396815
198012	4342	0.08396815
198012	6198	0.08396815
198012	719	0.08396813
198012	875	0.08396813
198012	1349	0.08396813
198012	3556	0.08396813
198012	3605	0.08396813
198012	3756	0.08396813
198046	581	0.06041881
198046	2552	0.060418807
198046	4342	0.060418807
198046	6198	0.060418807
198046	719	0.0604188
198046	1349	0.0604188
198046	3556	0.0604188
198046	3605	0.060418796
198046	875	0.060418792
198046	3756	0.060418792
198114	581	0.050451852
198114	2552	0.050451852
198114	4342	0.050451852
198114	6198	0.050451852
198114	719	0.050451845
198114	1349	0.050451845
198114	3556	0.050451845
198114	3756	0.050451845
198114	875	0.05045184
198114	2787	0.05045184
198213	6198	0.04963329
198213	2552	0.049633287
198213	4342	0.049633287
198213	719	0.049633283
198213	1349	0.049633283
198213	3556	0.04963328
198213	3605	0.04963328
198213	3756	0.04963328
198213	4218	0.04963328
198213	875	0.049633276
198216	581	0.060890894
198216	2552	0.06089089
198216	4342	0.06089089
198216	6198	0.06089089
198216	719	0.060890883
198216	1349	0.060890883
198216	3556	0.060890883
198216	2787	0.06089088
198216	3605	0.06089088
198216	875	0.060890876
198355	581	0.06854448
198355	1349	0.06854448
198355	2552	0.06854448
198355	4342	0.06854448
198355	6198	0.06854448
198355	719	0.06854447
198355	3556	0.06854447
198355	875	0.06854446
198355	2651	0.06854446
198355	2787	0.06854446
198483	581	0.048388973
198483	4342	0.048388973
198483	6198	0.048388973
198483	2552	0.04838897
198483	719	0.048388965
198483	1349	0.048388965
198483	3556	0.048388965
198483	3605	0.04838896
198483	875	0.048388958
198483	2787	0.048388958
198507	581	0.07232401
198507	4342	0.072324
198507	6198	0.072324
198507	719	0.07232399
198507	875	0.07232399
198507	1349	0.07232399
198507	2552	0.07232399
198507	3556	0.07232399
198507	3605	0.07232399
198507	1958	0.072323985
198557	581	0.0573562
198557	6198	0.057356197
198557	2552	0.05735619
198557	4342	0.05735619
198557	719	0.057356186
198557	1349	0.057356186
198557	3556	0.057356186
198557	3605	0.057356186
198557	875	0.05735618
198557	880	0.05735618
198726	581	0.05740848
198726	6198	0.057408478
198726	2552	0.057408474
198726	4342	0.057408474
198726	1349	0.05740847
198726	719	0.057408467
198726	3556	0.057408467
198726	3605	0.057408467
198726	3663	0.057408463
198726	365	0.05740846
198767	581	0.038388226
198767	719	0.038388222
198767	2552	0.038388222
198767	4342	0.038388222
198767	6198	0.038388222
198767	1349	0.03838822
198767	3556	0.03838822
198767	875	0.038388215
198767	2651	0.038388215
198767	2787	0.038388215
198781	581	0.047006864
198781	4342	0.047006864
198781	6198	0.047006864
198781	1349	0.04700686
198781	2552	0.04700686
198781	719	0.047006857
198781	3556	0.047006857
198781	875	0.047006853
198781	2787	0.047006853
198781	3605	0.047006853
198840	581	0.044403084
198840	2552	0.04440308
198840	6198	0.04440308
198840	719	0.044403076
198840	3556	0.044403076
198840	3605	0.044403076
198840	4342	0.044403076
198840	365	0.044403072
198840	875	0.044403072
198840	1349	0.044403072
198930	581	0.06509114
198930	2552	0.06509113
198930	4342	0.06509113
198930	6198	0.06509113
198930	719	0.065091126
198930	1349	0.065091126
198930	3556	0.065091126
198930	365	0.06509112
198930	875	0.06509112
198930	2651	0.06509112
198982	581	0.06350928
198982	719	0.06350927
198982	1349	0.06350927
198982	2552	0.06350927
198982	3556	0.06350927
198982	3756	0.06350927
198982	4342	0.06350927
198982	6198	0.06350927
198982	875	0.06350926
198982	2787	0.06350926
198983	581	0.06351949
198983	4342	0.063519485
198983	6198	0.063519485
198983	719	0.06351948
198983	1349	0.06351948
198983	2552	0.06351948
198983	3556	0.06351948
198983	3605	0.06351948
198983	875	0.06351947
198983	1958	0.06351947
198996	581	0.04768106
198996	2552	0.047681056
198996	6198	0.047681056
198996	4342	0.047681052
198996	719	0.04768105
198996	1349	0.04768105
198996	3556	0.04768105
198996	875	0.047681045
198996	2787	0.047681045
198996	3605	0.047681045
199016	581	0.05587194
199016	6198	0.055871937
199016	2552	0.055871934
199016	4342	0.055871934
199016	1349	0.05587193
199016	719	0.055871926
199016	2787	0.055871926
199016	3556	0.055871926
199016	3605	0.055871926
199016	875	0.055871923
199025	581	0.060472988
199025	2552	0.060472988
199025	4342	0.060472988
199025	6198	0.060472988
199025	719	0.06047298
199025	3556	0.06047298
199025	1349	0.060472976
199025	3605	0.060472976
199025	875	0.060472973
199025	880	0.060472973
199041	581	0.08082809
199041	2552	0.080828086
199041	4342	0.080828086
199041	6198	0.080828086
199041	719	0.08082808
199041	1349	0.08082808
199041	3556	0.08082808
199041	875	0.08082807
199041	2787	0.08082807
199041	3605	0.08082807
199092	581	0.048862953
199092	2552	0.04886295
199092	4342	0.04886295
199092	6198	0.04886295
199092	3556	0.048862945
199092	719	0.04886294
199092	1349	0.04886294
199092	2787	0.04886294
199092	3605	0.04886294
199092	3756	0.04886294
199095	581	0.06824582
199095	2552	0.06824582
199095	6198	0.06824582
199095	719	0.06824581
199095	1349	0.06824581
199095	3556	0.06824581
199095	3605	0.06824581
199095	4342	0.06824581
199095	3756	0.068245806
199095	5553	0.068245806
199178	581	0.07024389
199178	2552	0.07024389
199178	4342	0.07024389
199178	6198	0.07024389
199178	719	0.07024388
199178	1349	0.07024388
199178	3556	0.07024388
199178	3605	0.07024387
199178	3756	0.07024387
199178	5147	0.07024387
199209	581	0.069270365
199209	2552	0.06927036
199209	4342	0.06927036
199209	6198	0.06927036
199209	719	0.06927035
199209	1349	0.06927035
199209	3556	0.06927035
199209	3756	0.06927035
199209	875	0.06927034
199209	880	0.06927034
199416	581	0.06372672
199416	2552	0.06372672
199416	6198	0.06372672
199416	4342	0.063726716
199416	365	0.06372671
199416	719	0.06372671
199416	875	0.06372671
199416	1349	0.06372671
199416	1958	0.06372671
199416	2651	0.06372671
199515	581	0.06845516
199515	4342	0.06845516
199515	6198	0.06845516
199515	1349	0.06845515
199515	2552	0.06845515
199515	3556	0.06845515
199515	719	0.068455145
199515	875	0.068455145
199515	880	0.068455145
199515	2787	0.068455145
199772	581	0.04461839
199772	2552	0.04461839
199772	4342	0.04461839
199772	6198	0.04461839
199772	719	0.044618383
199772	875	0.044618383
199772	1349	0.044618383
199772	3556	0.044618383
199772	2651	0.04461838
199772	2787	0.04461838
199795	6198	0.0720056
199795	581	0.07200559
199795	2552	0.07200559
199795	4342	0.07200559
199795	719	0.072005585
199795	1349	0.072005585
199795	3605	0.072005585
199795	875	0.07200558
199795	2787	0.07200558
199795	3556	0.07200558
199871	581	0.05957414
199871	6198	0.05957414
199871	2552	0.059574135
199871	4342	0.059574135
199871	719	0.059574127
199871	1349	0.059574127
199871	3556	0.059574127
199871	3605	0.059574127
199871	3756	0.059574123
199871	875	0.05957412
199981	581	0.075181544
199981	4342	0.075181544
199981	6198	0.075181544
199981	719	0.07518153
199981	875	0.07518153
199981	1349	0.07518153
199981	2552	0.07518153
199981	2787	0.07518153
199981	3556	0.07518153
199981	3605	0.07518153
200009	581	0.06315596
200009	6198	0.06315596
200009	2552	0.06315595
200009	4342	0.06315595
200009	719	0.06315594
200009	875	0.06315594
200009	1349	0.06315594
200009	3556	0.06315594
200009	365	0.063155934
200009	880	0.063155934
200196	581	0.07963904
200196	6198	0.07963904
200196	2552	0.07963903
200196	4342	0.07963903
200196	719	0.079639025
200196	875	0.07963902
200196	1349	0.07963902
200196	1958	0.07963902
200196	2651	0.07963902
200196	2787	0.07963902
200206	581	0.060900763
200206	6198	0.060900763
200206	2552	0.06090076
200206	4342	0.06090076
200206	719	0.060900755
200206	1349	0.060900755
200206	3556	0.060900755
200206	3605	0.06090075
200206	875	0.060900748
200206	2787	0.060900748
200213	581	0.053846546
200213	2552	0.05384654
200213	6198	0.05384654
200213	1349	0.053846538
200213	4342	0.053846538
200213	719	0.053846534
200213	3556	0.053846534
200213	3605	0.05384653
200213	365	0.053846527
200213	875	0.053846527
200245	581	0.04856981
200245	6198	0.04856981
200245	2552	0.048569806
200245	4342	0.048569806
200245	719	0.048569802
200245	1349	0.048569802
200245	3556	0.048569802
200245	875	0.0485698
200245	2787	0.0485698
200245	3605	0.0485698
200248	581	0.055702567
200248	6198	0.055702567
200248	2552	0.055702563
200248	4342	0.055702563
200248	719	0.05570256
200248	1349	0.05570256
200248	3556	0.05570256
200248	3605	0.055702556
200248	875	0.055702552
200248	2787	0.055702552
200252	581	0.07157121
200252	1349	0.0715712
200252	2552	0.0715712
200252	4342	0.0715712
200252	6198	0.0715712
200252	719	0.071571186
200252	875	0.071571186
200252	2787	0.071571186
200252	3556	0.071571186
200252	3605	0.071571186
200323	581	0.07206273
200323	2552	0.07206273
200323	4342	0.07206273
200323	6198	0.07206273
200323	1349	0.07206272
200323	719	0.072062716
200323	875	0.072062716
200323	880	0.072062716
200323	2651	0.072062716
200323	2787	0.072062716
200402	581	0.07056625
200402	2552	0.07056625
200402	4342	0.07056625
200402	6198	0.07056625
200402	719	0.070566244
200402	3556	0.070566244
200402	875	0.07056624
200402	880	0.07056624
200402	1349	0.07056624
200402	2787	0.07056624
200422	581	0.054688685
200422	6198	0.054688685
200422	4342	0.05468868
200422	2552	0.054688677
200422	719	0.054688673
200422	1349	0.054688673
200422	3556	0.054688673
200422	2787	0.05468867
200422	3605	0.05468867
200422	3756	0.05468867
200493	581	0.05084248
200493	2552	0.05084248
200493	4342	0.05084248
200493	6198	0.05084248
200493	719	0.050842475
200493	1349	0.050842475
200493	2787	0.05084247
200493	3556	0.05084247
200493	3605	0.05084247
200493	3756	0.05084247
200508	2552	0.051957525
200508	4342	0.051957525
200508	6198	0.051957525
200508	719	0.051957518
200508	1349	0.051957518
200508	3556	0.051957518
200508	3605	0.051957518
200508	3756	0.051957514
200508	4218	0.051957514
200508	875	0.05195751
200568	6198	0.0760986
200568	581	0.07609859
200568	719	0.07609859
200568	1349	0.07609859
200568	2552	0.07609859
200568	3556	0.07609859
200568	4342	0.07609859
200568	875	0.07609858
200568	365	0.076098576
200568	880	0.076098576
200585	581	0.071096346
200585	6198	0.071096346
200585	2552	0.07109634
200585	4342	0.07109634
200585	719	0.07109633
200585	875	0.07109633
200585	1349	0.07109633
200585	3556	0.07109633
200585	3605	0.07109633
200585	365	0.07109632
200607	2552	0.036093943
200607	4342	0.036093943
200607	6198	0.036093943
200607	1349	0.03609394
200607	3556	0.03609394
200607	365	0.036093935
200607	719	0.036093935
200607	875	0.036093935
200607	2787	0.036093935
200607	3605	0.036093935
200643	581	0.09812914
200643	2552	0.09812914
200643	4342	0.09812913
200643	6198	0.09812913
200643	719	0.09812912
200643	1349	0.09812912
200643	3556	0.09812912
200643	3605	0.098129116
200643	365	0.09812911
200643	875	0.09812911
200674	581	0.06761358
200674	719	0.06761357
200674	2552	0.06761357
200674	4342	0.06761357
200674	6198	0.06761357
200674	1349	0.067613564
200674	3556	0.067613564
200674	3605	0.067613564
200674	875	0.06761356
200674	880	0.06761356
200772	581	0.0354016
200772	6198	0.0354016
200772	719	0.035401598
200772	2552	0.035401598
200772	3556	0.035401598
200772	4342	0.035401598
200772	1349	0.035401594
200772	3756	0.035401594
200772	5214	0.035401594
200772	365	0.03540159
200978	581	0.06373084
200978	2552	0.06373084
200978	6198	0.06373084
200978	719	0.063730836
200978	880	0.063730836
200978	1349	0.063730836
200978	2651	0.063730836
200978	3556	0.063730836
200978	4342	0.063730836
200978	875	0.06373083
200993	581	0.07173014
200993	2552	0.07173013
200993	4342	0.07173013
200993	6198	0.07173013
200993	719	0.07173012
200993	1349	0.07173012
200993	3556	0.07173012
200993	875	0.071730115
200993	880	0.071730115
200993	2651	0.071730115
201017	581	0.056021705
201017	6198	0.056021705
201017	2552	0.056021698
201017	3556	0.056021698
201017	4342	0.056021698
201017	719	0.056021694
201017	1349	0.056021694
201017	3605	0.056021694
201017	875	0.05602169
201017	2787	0.05602169
201036	581	0.04342226
201036	2552	0.04342226
201036	4342	0.04342226
201036	6198	0.04342226
201036	719	0.043422252
201036	1349	0.043422252
201036	3556	0.043422252
201036	3605	0.043422252
201036	3756	0.04342225
201036	5214	0.04342225
201042	581	0.07705367
201042	6198	0.07705367
201042	719	0.077053666
201042	1349	0.077053666
201042	2552	0.077053666
201042	4342	0.077053666
201042	365	0.07705365
201042	875	0.07705365
201042	2787	0.07705365
201042	3556	0.07705365
201058	6198	0.060911633
201058	2552	0.06091163
201058	4342	0.06091163
201058	581	0.060911626
201058	719	0.060911626
201058	1349	0.060911626
201058	3556	0.060911622
201058	875	0.06091162
201058	2787	0.06091162
201058	3605	0.06091162
201141	581	0.058959827
201141	2552	0.05895982
201141	4342	0.05895982
201141	6198	0.05895982
201141	719	0.058959812
201141	1349	0.058959812
201141	3556	0.058959812
201141	875	0.05895981
201141	3605	0.05895981
201141	3756	0.05895981
201290	581	0.09085283
201290	6198	0.09085283
201290	4342	0.09085282
201290	719	0.09085281
201290	1349	0.09085281
201290	2552	0.09085281
201290	3556	0.09085281
201290	3605	0.090852804
201290	875	0.0908528
201290	880	0.0908528
201323	581	0.05818161
201323	2552	0.058181606
201323	6198	0.058181606
201323	4342	0.058181603
201323	719	0.0581816
201323	3556	0.0581816
201323	1349	0.058181595
201323	875	0.05818159
201323	880	0.05818159
201323	2787	0.05818159
201447	581	0.08478604
201447	2552	0.08478604
201447	4342	0.08478604
201447	6198	0.08478604
201447	719	0.08478603
201447	875	0.08478603
201447	1349	0.08478603
201447	3556	0.08478603
201447	3605	0.08478603
201447	3756	0.08478603
201475	581	0.046357848
201475	2552	0.04635784
201475	4342	0.04635784
201475	6198	0.04635784
201475	719	0.046357837
201475	1349	0.046357837
201475	875	0.046357833
201475	3556	0.046357833
201475	3605	0.046357833
201475	3756	0.046357833
201521	581	0.04592494
201521	4342	0.045924935
201521	6198	0.045924935
201521	2552	0.04592493
201521	719	0.045924928
201521	3556	0.045924928
201521	875	0.045924924
201521	1349	0.045924924
201521	2651	0.045924924
201521	2787	0.045924924
201526	581	0.08452128
201526	4342	0.08452127
201526	6198	0.08452127
201526	719	0.084521264
201526	1349	0.084521264
201526	2552	0.084521264
201526	3556	0.08452126
201526	365	0.08452125
201526	875	0.08452125
201526	880	0.08452125
201557	581	0.056741968
201557	2552	0.056741968
201557	6198	0.056741968
201557	4342	0.056741964
201557	719	0.05674196
201557	3556	0.05674196
201557	1349	0.056741957
201557	875	0.056741953
201557	2787	0.056741953
201557	3605	0.056741953
201568	581	0.05153697
201568	2552	0.05153697
201568	4342	0.05153697
201568	6198	0.05153697
201568	3556	0.051536966
201568	719	0.051536962
201568	1349	0.051536962
201568	3605	0.051536962
201568	2787	0.05153696
201568	3756	0.05153696
201593	581	0.05533064
201593	2552	0.05533064
201593	4342	0.05533064
201593	6198	0.05533064
201593	719	0.055330634
201593	1349	0.055330634
201593	3556	0.055330634
201593	3756	0.05533063
201593	365	0.055330627
201593	875	0.055330627
201641	581	0.057746775
201641	2552	0.05774677
201641	6198	0.05774677
201641	4342	0.057746768
201641	719	0.057746764
201641	1349	0.057746764
201641	3556	0.057746764
201641	3605	0.05774676
201641	3756	0.05774676
201641	875	0.057746757
201674	581	0.08717001
201674	2552	0.087170005
201674	4342	0.087170005
201674	6198	0.087170005
201674	719	0.08717
201674	1349	0.08717
201674	3556	0.08717
201674	875	0.08716999
201674	2787	0.08716999
201674	3605	0.08716999
201677	581	0.07960541
201677	2552	0.07960541
201677	4342	0.07960541
201677	719	0.0796054
201677	1349	0.0796054
201677	3605	0.0796054
201677	6198	0.0796054
201677	3556	0.07960539
201677	4218	0.07960539
201677	365	0.079605386
201684	581	0.07096054
201684	6198	0.07096053
201684	2552	0.07096052
201684	4342	0.07096052
201684	719	0.070960514
201684	1349	0.070960514
201684	3605	0.070960514
201684	3756	0.070960514
201684	365	0.07096051
201684	875	0.07096051
201697	581	0.049922712
201697	6198	0.049922712
201697	4342	0.04992271
201697	719	0.049922705
201697	1349	0.049922705
201697	2552	0.049922705
201697	3556	0.049922705
201697	3605	0.0499227
201697	875	0.049922697
201697	880	0.049922697
201725	581	0.058793746
201725	2552	0.058793742
201725	6198	0.058793742
201725	4342	0.05879374
201725	3556	0.058793735
201725	719	0.05879373
201725	875	0.05879373
201725	1349	0.05879373
201725	3605	0.05879373
201725	2787	0.058793727
201751	581	0.050960824
201751	4342	0.050960824
201751	6198	0.050960824
201751	2552	0.05096082
201751	719	0.050960816
201751	1349	0.050960816
201751	3556	0.050960816
201751	3605	0.050960816
201751	875	0.050960813
201751	2787	0.050960813
201760	581	0.05336305
201760	6198	0.053363048
201760	2552	0.053363044
201760	4342	0.053363044
201760	1349	0.05336304
201760	719	0.053363036
201760	3556	0.053363036
201760	3605	0.053363036
201760	875	0.053363033
201760	880	0.053363033
201768	581	0.074960545
201768	1349	0.074960545
201768	2552	0.074960545
201768	4342	0.074960545
201768	6198	0.074960545
201768	3556	0.07496054
201768	719	0.07496053
201768	875	0.07496053
201768	2651	0.07496053
201768	2787	0.07496053
201776	581	0.06078851
201776	4342	0.060788505
201776	6198	0.060788505
201776	2552	0.0607885
201776	719	0.060788494
201776	1349	0.060788494
201776	3556	0.060788494
201776	3605	0.060788494
201776	3756	0.06078849
201776	2651	0.060788486
201783	581	0.06722541
201783	6198	0.06722541
201783	4342	0.067225404
201783	719	0.0672254
201783	1349	0.0672254
201783	2552	0.0672254
201783	3556	0.0672254
201783	3605	0.0672254
201783	875	0.06722539
201783	2651	0.06722539
201792	581	0.060065016
201792	6198	0.060065012
201792	2552	0.06006501
201792	4342	0.06006501
201792	1349	0.060065005
201792	719	0.060065
201792	875	0.060065
201792	3556	0.060065
201792	3756	0.060064998
201792	2651	0.060064994
201829	581	0.0604166
201829	4342	0.0604166
201829	6198	0.0604166
201829	2552	0.060416598
201829	719	0.060416594
201829	1349	0.060416594
201829	3556	0.06041659
201829	875	0.060416587
201829	880	0.060416587
201829	3605	0.060416587
201923	581	0.07552175
201923	1349	0.07552175
201923	2552	0.07552175
201923	4342	0.07552175
201923	6198	0.07552175
201923	719	0.075521745
201923	3556	0.075521745
201923	365	0.07552174
201923	875	0.07552174
201923	1958	0.07552174
201969	581	0.059049748
201969	2552	0.059049744
201969	4342	0.059049744
201969	6198	0.059049744
201969	719	0.059049737
201969	1349	0.059049737
201969	875	0.059049733
201969	3556	0.059049733
201969	3605	0.059049733
201969	2651	0.05904973
202000	581	0.058209114
202000	2552	0.058209114
202000	6198	0.058209114
202000	4342	0.05820911
202000	719	0.058209106
202000	1349	0.058209106
202000	3556	0.058209106
202000	3605	0.058209103
202000	875	0.0582091
202000	880	0.0582091
202036	581	0.061685987
202036	2552	0.061685987
202036	4342	0.061685987
202036	6198	0.061685987
202036	719	0.06168598
202036	1349	0.06168598
202036	3556	0.06168598
202036	880	0.061685972
202036	2651	0.061685972
202036	2787	0.061685972
202063	581	0.061297968
202063	6198	0.061297964
202063	2552	0.06129796
202063	4342	0.06129796
202063	719	0.061297953
202063	1349	0.061297953
202063	3556	0.061297953
202063	3605	0.061297953
202063	365	0.061297946
202063	875	0.061297946
202127	581	0.055160798
202127	6198	0.055160798
202127	2552	0.055160794
202127	4342	0.055160794
202127	719	0.05516079
202127	1349	0.055160787
202127	3556	0.055160787
202127	875	0.055160783
202127	3605	0.055160783
202127	3756	0.055160783
202147	581	0.054606963
202147	2552	0.05460696
202147	4342	0.05460696
202147	6198	0.05460696
202147	719	0.05460695
202147	1349	0.05460695
202147	3556	0.05460695
202147	3605	0.05460695
202147	365	0.054606944
202147	875	0.054606944
202173	581	0.038309895
202173	2552	0.038309895
202173	4342	0.038309895
202173	6198	0.038309895
202173	719	0.038309887
202173	1349	0.038309887
202173	3556	0.038309887
202173	4218	0.038309887
202173	875	0.038309883
202173	3578	0.038309883
202182	581	0.04606755
202182	6198	0.046067547
202182	2552	0.046067543
202182	4342	0.046067543
202182	1349	0.04606754
202182	3556	0.04606754
202182	3605	0.04606754
202182	719	0.046067536
202182	875	0.046067536
202182	2787	0.046067536
202195	581	0.044783954
202195	2552	0.04478395
202195	4342	0.04478395
202195	6198	0.04478395
202195	719	0.044783946
202195	3556	0.044783946
202195	875	0.044783942
202195	880	0.044783942
202195	1349	0.044783942
202195	2787	0.044783942
202212	581	0.05387319
202212	6198	0.05387319
202212	2552	0.053873185
202212	4342	0.053873185
202212	719	0.05387318
202212	1349	0.05387318
202212	3556	0.05387318
202212	3605	0.05387318
202212	3756	0.053873178
202212	875	0.053873174
202277	2552	0.091584474
202277	4342	0.091584474
202277	6198	0.091584474
202277	719	0.09158446
202277	1349	0.09158446
202277	3556	0.09158446
202277	3605	0.09158446
202277	4218	0.09158446
202277	5147	0.09158446
202277	880	0.09158445
202324	581	0.041343614
202324	2552	0.041343614
202324	4342	0.041343614
202324	6198	0.041343614
202324	719	0.041343607
202324	875	0.041343607
202324	1349	0.041343607
202324	3556	0.041343607
202324	3605	0.041343603
202324	3756	0.041343603
202346	581	0.057376787
202346	6198	0.057376787
202346	4342	0.057376783
202346	1349	0.05737678
202346	2552	0.05737678
202346	719	0.057376776
202346	3556	0.057376776
202346	875	0.057376772
202346	2787	0.057376772
202346	3605	0.057376772
202353	581	0.056562893
202353	2552	0.056562893
202353	4342	0.056562893
202353	6198	0.056562893
202353	719	0.056562886
202353	1349	0.056562886
202353	3556	0.056562886
202353	3605	0.056562886
202353	875	0.05656288
202353	880	0.05656288
202358	581	0.05584327
202358	2552	0.055843268
202358	6198	0.055843268
202358	4342	0.055843264
202358	719	0.05584326
202358	1349	0.05584326
202358	3556	0.05584326
202358	875	0.055843256
202358	3756	0.055843256
202358	880	0.055843253
202381	581	0.05854916
202381	2552	0.05854915
202381	4342	0.05854915
202381	6198	0.05854915
202381	1349	0.058549147
202381	3556	0.058549147
202381	719	0.058549143
202381	2787	0.058549143
202381	3605	0.058549143
202381	875	0.05854914
202462	581	0.078521095
202462	6198	0.078521095
202462	719	0.07852109
202462	2552	0.07852109
202462	4342	0.07852109
202462	875	0.07852108
202462	1349	0.07852108
202462	3556	0.07852108
202462	880	0.07852107
202462	1173	0.07852107
202532	581	0.051052958
202532	6198	0.051052958
202532	2552	0.051052954
202532	719	0.05105295
202532	1349	0.05105295
202532	4342	0.05105295
202532	3556	0.051052947
202532	3605	0.051052947
202532	875	0.051052943
202532	880	0.051052943
202553	581	0.05804179
202553	2552	0.058041785
202553	4342	0.058041785
202553	6198	0.05804178
202553	719	0.058041777
202553	1349	0.058041774
202553	3556	0.058041774
202553	3605	0.058041774
202553	3756	0.058041774
202553	875	0.05804177
202564	581	0.047218427
202564	6198	0.047218427
202564	2552	0.047218423
202564	4342	0.04721842
202564	719	0.047218416
202564	875	0.047218416
202564	1349	0.047218416
202564	3556	0.047218416
202564	3756	0.047218416
202564	1211	0.047218412
202706	581	0.06572582
202706	2552	0.06572582
202706	4342	0.06572582
202706	6198	0.06572582
202706	719	0.0657258
202706	875	0.0657258
202706	880	0.0657258
202706	1349	0.0657258
202706	2787	0.0657258
202706	3556	0.0657258
202711	6198	0.0593643
202711	581	0.059364296
202711	2552	0.059364296
202711	4342	0.059364296
202711	719	0.059364293
202711	1349	0.059364293
202711	2787	0.05936429
202711	3556	0.05936429
202711	875	0.059364285
202711	3605	0.059364285
202885	581	0.05763716
202885	2552	0.057637155
202885	4342	0.057637155
202885	6198	0.05763715
202885	719	0.057637148
202885	3556	0.057637148
202885	3605	0.057637148
202885	1349	0.057637144
202885	365	0.05763714
202885	875	0.05763714
202942	581	0.054204077
202942	6198	0.054204077
202942	4342	0.054204073
202942	1349	0.05420407
202942	2552	0.05420407
202942	3556	0.05420407
202942	719	0.054204065
202942	875	0.05420406
202942	2787	0.05420406
202942	3422	0.05420406
202963	581	0.07311118
202963	4342	0.07311118
202963	2552	0.07311117
202963	719	0.07311116
202963	875	0.07311116
202963	1349	0.07311116
202963	3556	0.07311116
202963	3605	0.07311116
202963	6198	0.07311116
202963	2787	0.073111154
203017	581	0.051942825
203017	2552	0.051942825
203017	4342	0.051942825
203017	6198	0.051942825
203017	719	0.051942818
203017	875	0.051942818
203017	1349	0.051942818
203017	3556	0.051942818
203017	3605	0.051942818
203017	365	0.05194281
203044	581	0.0724257
203044	2552	0.0724257
203044	6198	0.0724257
203044	719	0.07242569
203044	1349	0.07242569
203044	3556	0.07242569
203044	4342	0.07242569
203044	875	0.072425686
203044	2787	0.072425686
203044	365	0.07242568
203058	581	0.05754641
203058	2552	0.057546407
203058	4342	0.057546407
203058	6198	0.057546407
203058	719	0.0575464
203058	1349	0.0575464
203058	3556	0.0575464
203058	875	0.057546396
203058	365	0.057546392
203058	1958	0.057546392
203075	581	0.07283129
203075	6198	0.07283129
203075	2552	0.07283128
203075	3556	0.07283128
203075	4342	0.07283128
203075	719	0.07283127
203075	875	0.07283127
203075	1349	0.07283127
203075	2787	0.07283127
203075	3605	0.07283127
203161	581	0.059029825
203161	6198	0.05902982
203161	2552	0.059029818
203161	4342	0.059029818
203161	719	0.059029814
203161	1349	0.059029814
203161	875	0.05902981
203161	2787	0.05902981
203161	3556	0.05902981
203161	3605	0.05902981
203213	581	0.05766013
203213	2552	0.057660125
203213	4342	0.057660125
203213	6198	0.057660125
203213	719	0.057660118
203213	3556	0.057660118
203213	875	0.057660114
203213	1349	0.057660114
203213	3605	0.057660114
203213	3756	0.057660114
203240	6198	0.05654807
203240	2552	0.056548066
203240	4342	0.056548066
203240	1349	0.056548063
203240	3605	0.056548063
203240	719	0.05654806
203240	1958	0.05654806
203240	2787	0.05654806
203240	3556	0.05654806
203240	4218	0.05654806
203280	581	0.04266059
203280	6198	0.04266059
203280	4342	0.042660587
203280	2552	0.042660583
203280	3556	0.042660583
203280	719	0.04266058
203280	1349	0.04266058
203280	2787	0.04266058
203280	3605	0.04266058
203280	3756	0.04266058
203380	581	0.04920216
203380	6198	0.049202155
203380	719	0.04920215
203380	1349	0.04920215
203380	2552	0.04920215
203380	4342	0.04920215
203380	3556	0.049202148
203380	3605	0.049202148
203380	875	0.049202144
203380	880	0.049202144
203392	581	0.057524376
203392	2552	0.057524372
203392	4342	0.057524372
203392	6198	0.057524372
203392	1349	0.05752437
203392	719	0.057524364
203392	3556	0.057524364
203392	3605	0.05752436
203392	875	0.057524357
203392	880	0.057524357
203401	581	0.06417055
203401	1349	0.06417054
203401	2552	0.06417054
203401	3556	0.06417054
203401	3605	0.06417054
203401	4342	0.06417054
203401	6198	0.06417054
203401	719	0.06417053
203401	365	0.064170524
203401	875	0.064170524
203422	581	0.06714408
203422	719	0.06714408
203422	2552	0.06714408
203422	4342	0.06714408
203422	6198	0.06714408
203422	1349	0.06714407
203422	3556	0.06714407
203422	365	0.067144066
203422	875	0.067144066
203422	2651	0.067144066
203441	581	0.06027776
203441	2552	0.060277753
203441	6198	0.060277753
203441	4342	0.06027775
203441	3556	0.060277745
203441	719	0.06027774
203441	1349	0.06027774
203441	3605	0.06027774
203441	875	0.060277738
203441	2787	0.060277738
203506	581	0.06566416
203506	2552	0.06566416
203506	6198	0.06566416
203506	4342	0.06566415
203506	719	0.06566414
203506	875	0.06566414
203506	1349	0.06566414
203506	3556	0.06566414
203506	3605	0.06566414
203506	3756	0.06566414
203598	581	0.054096825
203598	6198	0.054096825
203598	1349	0.054096818
203598	2552	0.054096818
203598	4342	0.054096818
203598	719	0.054096814
203598	3605	0.054096814
203598	3556	0.05409681
203598	875	0.054096807
203598	2651	0.054096807
203603	581	0.06316757
203603	2552	0.06316757
203603	6198	0.06316757
203603	4342	0.063167565
203603	719	0.06316756
203603	875	0.06316756
203603	1349	0.06316756
203603	3556	0.06316756
203603	3605	0.06316756
203603	3756	0.06316756
203621	581	0.06416795
203621	6198	0.06416795
203621	2552	0.06416794
203621	4342	0.06416794
203621	719	0.06416793
203621	1349	0.06416793
203621	3556	0.06416793
203621	3605	0.06416793
203621	3756	0.06416793
203621	875	0.064167924
203742	581	0.042761438
203742	2552	0.042761438
203742	4342	0.042761438
203742	6198	0.042761438
203742	719	0.04276143
203742	1349	0.04276143
203742	3556	0.04276143
203742	875	0.042761426
203742	3605	0.042761426
203742	3756	0.042761426
203764	581	0.0923432
203764	2552	0.092343196
203764	4342	0.092343196
203764	6198	0.092343196
203764	719	0.09234319
203764	3556	0.09234319
203764	880	0.09234318
203764	1349	0.09234318
203764	2787	0.09234318
203764	3605	0.09234318
203799	581	0.075523704
203799	4342	0.0755237
203799	6198	0.0755237
203799	719	0.07552369
203799	1349	0.07552369
203799	2552	0.07552369
203799	3556	0.07552369
203799	3605	0.07552369
203799	875	0.07552368
203799	2787	0.07552368
203805	581	0.066626996
203805	1349	0.066626996
203805	2552	0.066626996
203805	3556	0.066626996
203805	4342	0.066626996
203805	6198	0.066626996
203805	719	0.06662698
203805	875	0.06662698
203805	1958	0.06662698
203805	2787	0.06662698
203844	581	0.053391285
203844	4342	0.053391285
203844	6198	0.053391285
203844	1349	0.053391278
203844	2552	0.053391278
203844	3556	0.053391278
203844	719	0.053391274
203844	365	0.05339127
203844	875	0.05339127
203844	2787	0.05339127
203877	581	0.056449354
203877	4342	0.056449354
203877	6198	0.056449354
203877	2552	0.05644935
203877	719	0.056449346
203877	875	0.056449346
203877	3556	0.056449346
203877	1349	0.056449343
203877	3605	0.056449343
203877	365	0.05644934
203900	581	0.066259876
203900	2552	0.066259876
203900	4342	0.066259876
203900	6198	0.066259876
203900	3556	0.06625987
203900	719	0.06625986
203900	1349	0.06625986
203900	2787	0.06625986
203900	3605	0.06625986
203900	3663	0.06625986
203910	581	0.0780102
203910	6198	0.078010194
203910	1349	0.07801019
203910	2552	0.07801019
203910	3556	0.07801019
203910	4342	0.07801019
203910	719	0.07801018
203910	875	0.07801018
203910	3605	0.07801018
203910	365	0.07801017
203918	581	0.06891595
203918	2552	0.06891595
203918	6198	0.06891595
203918	4342	0.06891594
203918	719	0.06891593
203918	875	0.06891593
203918	1349	0.06891593
203918	3556	0.06891593
203918	3605	0.06891593
203918	3756	0.06891593
203973	581	0.054923534
203973	2552	0.05492353
203973	6198	0.05492353
203973	3556	0.054923527
203973	4342	0.054923527
203973	719	0.054923523
203973	1349	0.054923523
203973	875	0.05492352
203973	2787	0.05492352
203973	3605	0.05492352
204040	581	0.044765607
204040	1349	0.0447656
204040	2552	0.0447656
204040	4342	0.0447656
204040	6198	0.0447656
204040	719	0.044765595
204040	3556	0.044765595
204040	365	0.04476559
204040	875	0.04476559
204040	1958	0.04476559
204167	581	0.046466842
204167	2552	0.046466842
204167	6198	0.046466842
204167	3556	0.04646684
204167	4342	0.04646684
204167	719	0.046466835
204167	1349	0.046466835
204167	4218	0.046466835
204167	875	0.04646683
204167	2787	0.04646683
204179	581	0.059598465
204179	4342	0.05959846
204179	6198	0.05959846
204179	2552	0.059598457
204179	719	0.059598453
204179	1349	0.059598453
204179	3556	0.059598453
204179	3605	0.05959845
204179	875	0.059598446
204179	2787	0.059598446
204255	2552	0.07024565
204255	4342	0.070245646
204255	6198	0.070245646
204255	719	0.07024564
204255	875	0.07024564
204255	1349	0.07024564
204255	3556	0.07024564
204255	3756	0.07024564
204255	4218	0.07024564
204255	365	0.07024563
204333	581	0.061887283
204333	2552	0.06188728
204333	4342	0.06188728
204333	6198	0.06188728
204333	719	0.06188727
204333	1349	0.06188727
204333	3556	0.06188727
204333	3605	0.061887268
204333	4218	0.061887268
204333	365	0.061887264
204359	581	0.065893605
204359	2552	0.0658936
204359	4342	0.0658936
204359	6198	0.0658936
204359	719	0.06589359
204359	875	0.06589359
204359	1349	0.06589359
204359	3556	0.06589359
204359	3605	0.06589359
204359	2651	0.06589358
204393	6198	0.041688807
204393	2552	0.0416888
204393	3556	0.0416888
204393	4342	0.0416888
204393	719	0.041688796
204393	1349	0.041688796
204393	365	0.041688792
204393	875	0.041688792
204393	2787	0.041688792
204393	3422	0.041688792
204448	581	0.05174748
204448	2552	0.05174747
204448	4342	0.05174747
204448	6198	0.05174747
204448	1349	0.051747467
204448	3556	0.051747467
204448	719	0.051747464
204448	3605	0.051747464
204448	875	0.05174746
204448	2787	0.05174746
204452	581	0.044868514
204452	2552	0.044868514
204452	4342	0.044868514
204452	6198	0.044868514
204452	719	0.04486851
204452	875	0.044868506
204452	1349	0.044868506
204452	3556	0.044868506
204452	3605	0.044868506
204452	2787	0.044868503
204455	581	0.062052056
204455	2552	0.062052056
204455	6198	0.062052056
204455	4342	0.062052052
204455	719	0.06205205
204455	1349	0.062052045
204455	3556	0.062052045
204455	3605	0.062052045
204455	875	0.06205204
204455	2787	0.06205204
204457	581	0.06560111
204457	2552	0.0656011
204457	4342	0.0656011
204457	6198	0.0656011
204457	719	0.065601096
204457	1349	0.065601096
204457	3556	0.065601096
204457	3605	0.065601096
204457	875	0.06560109
204457	2651	0.06560109
204470	2552	0.07274875
204470	6198	0.07274875
204470	581	0.07274874
204470	4342	0.07274874
204470	719	0.072748736
204470	875	0.072748736
204470	1349	0.072748736
204470	3556	0.072748736
204470	365	0.07274873
204470	3422	0.07274873
204474	581	0.063962854
204474	2552	0.06396285
204474	4342	0.06396285
204474	6198	0.06396285
204474	719	0.06396284
204474	1349	0.06396284
204474	365	0.06396283
204474	875	0.06396283
204474	880	0.06396283
204474	1173	0.06396283
204571	581	0.05760953
204571	2552	0.05760952
204571	4342	0.05760952
204571	6198	0.05760952
204571	1349	0.057609517
204571	719	0.057609513
204571	3556	0.057609513
204571	3605	0.057609513
204571	875	0.05760951
204571	2787	0.05760951
204591	581	0.08735111
204591	6198	0.08735111
204591	1349	0.0873511
204591	2552	0.0873511
204591	4342	0.0873511
204591	719	0.08735109
204591	3556	0.08735109
204591	875	0.087351084
204591	880	0.087351084
204591	2787	0.087351084
204619	6198	0.058420584
204619	581	0.058420576
204619	4342	0.058420576
204619	2552	0.058420572
204619	719	0.05842057
204619	1349	0.05842057
204619	2787	0.05842057
204619	3556	0.05842057
204619	3605	0.05842057
204619	875	0.058420565
204622	581	0.058657877
204622	6198	0.058657877
204622	2552	0.058657873
204622	4342	0.05865787
204622	1349	0.058657866
204622	3556	0.058657866
204622	719	0.058657862
204622	875	0.058657862
204622	3605	0.058657862
204622	2787	0.05865786
204660	581	0.06066349
204660	2552	0.06066349
204660	6198	0.06066349
204660	4342	0.060663484
204660	1349	0.06066348
204660	719	0.060663477
204660	3556	0.060663477
204660	3605	0.060663477
204660	875	0.060663473
204660	2787	0.060663473
204676	6198	0.06491677
204676	581	0.06491676
204676	2552	0.06491676
204676	4342	0.06491676
204676	719	0.06491675
204676	1349	0.06491675
204676	3556	0.06491675
204676	365	0.064916745
204676	875	0.064916745
204676	880	0.064916745
204696	581	0.04533164
204696	2552	0.045331635
204696	4342	0.045331635
204696	6198	0.045331635
204696	1349	0.04533163
204696	719	0.045331627
204696	875	0.045331627
204696	880	0.045331627
204696	2787	0.045331627
204696	3556	0.045331627
204698	4342	0.065883994
204698	581	0.06588399
204698	2552	0.06588399
204698	6198	0.06588399
204698	719	0.06588398
204698	875	0.06588398
204698	880	0.06588398
204698	1349	0.06588398
204698	3556	0.06588398
204698	3605	0.06588398
204790	581	0.0560375
204790	6198	0.056037497
204790	2552	0.056037493
204790	4342	0.056037493
204790	719	0.05603749
204790	1349	0.05603749
204790	3556	0.05603749
204790	875	0.056037486
204790	3605	0.056037486
204790	3756	0.056037486
204804	6198	0.044723403
204804	581	0.0447234
204804	2552	0.0447234
204804	4342	0.0447234
204804	719	0.04472339
204804	1349	0.04472339
204804	2787	0.04472339
204804	3556	0.04472339
204804	3605	0.04472339
204804	3663	0.04472339
204813	581	0.069132224
204813	2552	0.069132224
204813	4342	0.069132224
204813	6198	0.069132224
204813	1349	0.06913222
204813	719	0.06913221
204813	880	0.06913221
204813	2787	0.06913221
204813	3556	0.06913221
204813	3605	0.06913221
204822	581	0.07828164
204822	2552	0.07828164
204822	4342	0.07828164
204822	6198	0.07828164
204822	719	0.078281626
204822	875	0.078281626
204822	1349	0.078281626
204822	1958	0.078281626
204822	2787	0.078281626
204822	3556	0.078281626
204844	581	0.051435053
204844	2552	0.05143505
204844	4342	0.05143505
204844	6198	0.05143505
204844	3556	0.051435046
204844	719	0.051435042
204844	1349	0.051435042
204844	875	0.05143504
204844	2787	0.05143504
204844	3605	0.05143504
204909	6198	0.048590973
204909	581	0.04859097
204909	4342	0.04859097
204909	2552	0.048590966
204909	719	0.04859096
204909	1349	0.04859096
204909	3556	0.04859096
204909	875	0.048590958
204909	3605	0.048590958
204909	3756	0.048590958
204929	581	0.055584468
204929	2552	0.05558446
204929	4342	0.05558446
204929	6198	0.05558446
204929	719	0.055584453
204929	1349	0.055584453
204929	3556	0.055584453
204929	3605	0.055584453
204929	365	0.055584446
204929	875	0.055584446
204936	581	0.049087465
204936	4342	0.04908746
204936	719	0.049087457
204936	2552	0.049087457
204936	3556	0.049087457
204936	6198	0.049087457
204936	875	0.04908745
204936	1349	0.04908745
204936	2787	0.04908745
204936	3605	0.04908745
204946	581	0.04291475
204946	4342	0.04291475
204946	6198	0.04291475
204946	719	0.042914744
204946	2552	0.042914744
204946	875	0.04291474
204946	1349	0.04291474
204946	2787	0.04291474
204946	3556	0.04291474
204946	3605	0.04291474
204964	581	0.06396392
204964	719	0.06396392
204964	2552	0.06396392
204964	4342	0.06396392
204964	6198	0.06396392
204964	3556	0.06396391
204964	365	0.063963905
204964	875	0.063963905
204964	880	0.063963905
204964	1958	0.063963905
205085	2552	0.054099523
205085	4342	0.054099523
205085	6198	0.054099523
205085	719	0.054099515
205085	875	0.054099515
205085	1349	0.054099515
205085	3556	0.054099515
205085	3605	0.054099515
205085	2787	0.05409951
205085	3756	0.05409951
205145	581	0.07207245
205145	2552	0.07207245
205145	4342	0.07207245
205145	6198	0.07207245
205145	719	0.07207244
205145	1349	0.07207244
205145	3605	0.07207244
205145	365	0.07207243
205145	875	0.07207243
205145	1958	0.07207243
205197	581	0.04708661
205197	6198	0.047086608
205197	2552	0.047086604
205197	4342	0.047086604
205197	719	0.0470866
205197	1349	0.0470866
205197	3556	0.0470866
205197	875	0.047086596
205197	2651	0.047086596
205197	3605	0.047086596
205281	581	0.060364835
205281	6198	0.06036483
205281	2552	0.060364828
205281	4342	0.060364828
205281	719	0.06036482
205281	1349	0.06036482
205281	3556	0.06036482
205281	3605	0.06036482
205281	2787	0.060364816
205281	875	0.060364813
205285	581	0.054933943
205285	6198	0.054933943
205285	1349	0.054933935
205285	2552	0.054933935
205285	4342	0.054933935
205285	719	0.05493393
205285	3556	0.05493393
205285	875	0.054933928
205285	880	0.054933928
205285	2787	0.054933928
205383	581	0.0592723
205383	2552	0.059272297
205383	4342	0.059272297
205383	6198	0.059272297
205383	719	0.059272293
205383	1349	0.059272293
205383	3556	0.059272293
205383	3756	0.05927229
205383	875	0.059272286
205383	2787	0.059272286
205426	4342	0.06001141
205426	6198	0.06001141
205426	581	0.060011405
205426	2552	0.060011405
205426	1349	0.0600114
205426	3556	0.0600114
205426	719	0.060011394
205426	875	0.060011394
205426	3605	0.060011394
205426	3756	0.060011394
205473	581	0.0664054
205473	2552	0.0664054
205473	4342	0.0664054
205473	6198	0.0664054
205473	719	0.06640539
205473	1349	0.06640539
205473	3556	0.06640539
205473	3605	0.06640539
205473	365	0.066405386
205473	875	0.066405386
205487	581	0.045981858
205487	2552	0.045981854
205487	4342	0.045981854
205487	6198	0.045981854
205487	719	0.045981847
205487	1349	0.045981847
205487	3556	0.045981847
205487	3605	0.045981847
205487	3756	0.045981843
205487	4218	0.045981843
205520	581	0.07198477
205520	2552	0.07198477
205520	4342	0.07198477
205520	6198	0.07198477
205520	719	0.07198476
205520	1349	0.07198476
205520	3556	0.07198476
205520	3605	0.07198476
205520	875	0.07198475
205520	2787	0.07198475
205538	581	0.042718712
205538	2552	0.04271871
205538	3556	0.04271871
205538	4342	0.04271871
205538	6198	0.04271871
205538	719	0.042718705
205538	365	0.0427187
205538	875	0.0427187
205538	1349	0.0427187
205538	2787	0.0427187
205554	6198	0.07342508
205554	581	0.07342507
205554	1349	0.07342507
205554	2552	0.07342507
205554	3556	0.07342507
205554	4342	0.07342507
205554	719	0.07342506
205554	875	0.073425055
205554	880	0.073425055
205554	2787	0.073425055
205608	581	0.037932515
205608	4342	0.037932515
205608	6198	0.037932515
205608	2552	0.03793251
205608	365	0.037932508
205608	719	0.037932508
205608	875	0.037932508
205608	1349	0.037932508
205608	2787	0.037932508
205608	3556	0.037932508
205735	4342	0.0876868
205735	581	0.08768679
205735	2552	0.08768679
205735	6198	0.08768679
205735	1349	0.087686785
205735	719	0.08768678
205735	2787	0.08768678
205735	3556	0.08768678
205735	3605	0.08768678
205735	3756	0.08768678
205765	581	0.051764682
205765	2552	0.051764674
205765	4342	0.051764674
205765	6198	0.051764674
205765	719	0.051764667
205765	1349	0.051764667
205765	3556	0.051764667
205765	875	0.051764663
205765	880	0.051764663
205765	2787	0.051764663
205843	581	0.050959148
205843	4342	0.050959144
205843	6198	0.050959144
205843	719	0.05095914
205843	1349	0.05095914
205843	2552	0.05095914
205843	3556	0.050959136
205843	365	0.050959133
205843	875	0.050959133
205843	3605	0.050959133
205878	581	0.04354821
205878	6198	0.04354821
205878	2552	0.043548208
205878	4342	0.043548208
205878	719	0.043548204
205878	1349	0.043548204
205878	3556	0.043548204
205878	3605	0.043548204
205878	4218	0.043548204
205878	880	0.0435482
205919	581	0.06160261
205919	2552	0.061602607
205919	4342	0.061602607
205919	6198	0.061602607
205919	1349	0.061602604
205919	3556	0.061602604
205919	719	0.0616026
205919	875	0.0616026
205919	2787	0.061602596
205919	3756	0.061602596
205943	581	0.059834965
205943	2552	0.059834957
205943	4342	0.059834957
205943	6198	0.059834957
205943	719	0.05983495
205943	875	0.05983495
205943	1349	0.05983495
205943	3556	0.05983495
205943	2787	0.059834946
205943	3605	0.059834946
205963	581	0.06489895
205963	2552	0.06489895
205963	4342	0.06489895
205963	6198	0.06489895
205963	719	0.064898945
205963	1349	0.064898945
205963	875	0.06489894
205963	880	0.06489894
205963	2787	0.06489894
205963	3422	0.06489894
205967	581	0.051833227
205967	2552	0.051833227
205967	4342	0.051833227
205967	6198	0.051833227
205967	719	0.05183322
205967	1349	0.05183322
205967	3556	0.05183322
205967	3605	0.051833216
205967	875	0.051833212
205967	2787	0.051833212
205979	581	0.059089534
205979	4342	0.059089534
205979	6198	0.059089534
205979	2552	0.05908953
205979	719	0.059089527
205979	1349	0.059089527
205979	3556	0.059089527
205979	3605	0.059089523
205979	875	0.05908952
205979	2787	0.05908952
205980	581	0.06994233
205980	1349	0.069942325
205980	2552	0.069942325
205980	4342	0.069942325
205980	6198	0.069942325
205980	719	0.06994232
205980	3556	0.06994232
205980	3605	0.06994232
205980	365	0.06994231
205980	875	0.06994231
205992	6198	0.053464707
205992	581	0.053464703
205992	2552	0.053464703
205992	4342	0.053464703
205992	1349	0.0534647
205992	3556	0.0534647
205992	719	0.053464696
205992	875	0.053464696
205992	2787	0.053464696
205992	3605	0.053464696
206016	581	0.08297128
206016	2552	0.082971275
206016	4342	0.082971275
206016	6198	0.082971275
206016	719	0.08297126
206016	875	0.08297126
206016	1349	0.08297126
206016	3556	0.08297126
206016	3605	0.08297126
206016	3756	0.08297126
206058	581	0.05427963
206058	2552	0.054279625
206058	4342	0.054279625
206058	6198	0.05427962
206058	719	0.054279618
206058	1349	0.054279618
206058	3556	0.054279618
206058	875	0.054279614
206058	2787	0.054279614
206058	3605	0.054279614
206074	581	0.071407735
206074	4342	0.071407735
206074	2552	0.07140773
206074	6198	0.07140773
206074	719	0.07140772
206074	1349	0.07140772
206074	3556	0.07140772
206074	875	0.07140771
206074	880	0.07140771
206074	2651	0.07140771
206107	581	0.04809677
206107	6198	0.04809677
206107	2552	0.048096765
206107	4342	0.048096765
206107	719	0.04809676
206107	1349	0.04809676
206107	3556	0.04809676
206107	875	0.048096757
206107	365	0.048096754
206107	1173	0.048096754
206109	581	0.06574501
206109	2552	0.065745
206109	4342	0.065745
206109	6198	0.065745
206109	719	0.065744996
206109	875	0.065744996
206109	1349	0.065744996
206109	2787	0.065744996
206109	3556	0.065744996
206109	3605	0.065744996
206202	581	0.048499867
206202	4342	0.048499864
206202	6198	0.048499864
206202	1349	0.04849986
206202	2552	0.04849986
206202	3605	0.04849986
206202	719	0.048499856
206202	3556	0.048499856
206202	365	0.048499852
206202	875	0.048499852
206219	581	0.0657901
206219	2552	0.0657901
206219	4342	0.0657901
206219	6198	0.0657901
206219	719	0.065790094
206219	3556	0.065790094
206219	875	0.06579009
206219	1349	0.06579009
206219	2651	0.06579009
206219	2787	0.06579009
206249	581	0.07144794
206249	2552	0.071447924
206249	4342	0.071447924
206249	6198	0.071447924
206249	719	0.07144792
206249	1349	0.07144792
206249	3556	0.07144792
206249	3605	0.07144792
206249	365	0.07144791
206249	875	0.07144791
206305	581	0.07752545
206305	6198	0.077525444
206305	2552	0.07752544
206305	4342	0.07752544
206305	719	0.07752543
206305	3605	0.07752543
206305	875	0.07752542
206305	880	0.07752542
206305	1349	0.07752542
206305	2651	0.07752542
206393	581	0.0635248
206393	1349	0.0635248
206393	2552	0.0635248
206393	4342	0.0635248
206393	6198	0.0635248
206393	719	0.06352479
206393	3556	0.06352479
206393	3605	0.06352479
206393	365	0.06352478
206393	875	0.06352478
206423	581	0.059687916
206423	4342	0.059687912
206423	6198	0.059687912
206423	2552	0.059687905
206423	3556	0.059687905
206423	3605	0.059687905
206423	1349	0.0596879
206423	719	0.059687898
206423	880	0.059687898
206423	2787	0.059687898
206438	581	0.061695896
206438	2552	0.061695896
206438	4342	0.061695896
206438	6198	0.061695896
206438	719	0.06169589
206438	1349	0.06169589
206438	3556	0.06169589
206438	2787	0.061695885
206438	875	0.06169588
206438	880	0.06169588
206534	581	0.071296886
206534	4342	0.07129688
206534	6198	0.07129688
206534	719	0.07129687
206534	1349	0.07129687
206534	2552	0.07129687
206534	3556	0.07129687
206534	3605	0.07129687
206534	880	0.07129686
206534	3756	0.07129686
206563	2552	0.07371499
206563	4342	0.07371499
206563	6198	0.07371499
206563	719	0.07371497
206563	875	0.07371497
206563	1349	0.07371497
206563	2651	0.07371497
206563	2787	0.07371497
206563	3556	0.07371497
206563	3605	0.07371497
206567	581	0.08092104
206567	4342	0.08092104
206567	6198	0.08092104
206567	2552	0.08092103
206567	719	0.080921024
206567	1349	0.080921024
206567	3556	0.080921024
206567	2651	0.08092102
206567	2787	0.08092102
206567	3605	0.08092102
206675	581	0.0610973
206675	2552	0.061097294
206675	4342	0.061097294
206675	6198	0.061097294
206675	719	0.06109729
206675	875	0.061097287
206675	1349	0.061097287
206675	3556	0.061097287
206675	3605	0.061097283
206675	3756	0.061097283
206691	581	0.05278624
206691	6198	0.05278624
206691	4342	0.052786235
206691	719	0.05278623
206691	1349	0.05278623
206691	2552	0.05278623
206691	3556	0.05278623
206691	2787	0.052786227
206691	3605	0.052786227
206691	875	0.052786224
206764	581	0.053174734
206764	4342	0.05317473
206764	6198	0.05317473
206764	2552	0.053174727
206764	3556	0.053174727
206764	719	0.053174723
206764	1349	0.053174723
206764	875	0.05317472
206764	2787	0.05317472
206764	3605	0.05317472
206775	581	0.06786868
206775	2552	0.06786868
206775	4342	0.06786868
206775	6198	0.06786868
206775	3556	0.06786867
206775	719	0.067868665
206775	875	0.067868665
206775	1349	0.067868665
206775	3605	0.067868665
206775	2787	0.06786866
206877	581	0.046008483
206877	2552	0.046008475
206877	4342	0.046008475
206877	6198	0.046008475
206877	1349	0.04600847
206877	3556	0.04600847
206877	719	0.046008468
206877	2787	0.046008468
206877	3605	0.046008468
206877	3756	0.046008468
206891	581	0.05685041
206891	6198	0.05685041
206891	2552	0.056850404
206891	3556	0.056850404
206891	4342	0.056850404
206891	1349	0.0568504
206891	719	0.056850396
206891	875	0.056850396
206891	2787	0.056850396
206891	3605	0.056850396
206944	581	0.082111396
206944	2552	0.08211139
206944	4342	0.08211139
206944	6198	0.08211139
206944	1349	0.08211138
206944	719	0.08211137
206944	3556	0.08211137
206944	3605	0.08211137
206944	3756	0.08211137
206944	4218	0.08211137
206959	581	0.057550423
206959	2552	0.057550423
206959	4342	0.057550423
206959	6198	0.057550423
206959	1349	0.05755042
206959	719	0.057550415
206959	3556	0.057550415
206959	3605	0.05755041
206959	3756	0.05755041
206959	875	0.057550408
207134	581	0.06763195
207134	6198	0.06763195
207134	719	0.067631945
207134	1349	0.067631945
207134	2552	0.067631945
207134	4342	0.067631945
207134	3556	0.06763194
207134	3605	0.06763194
207134	365	0.06763193
207134	875	0.06763193
207148	581	0.07545678
207148	2552	0.07545678
207148	6198	0.07545678
207148	719	0.07545677
207148	1349	0.07545677
207148	3556	0.07545677
207148	4342	0.07545677
207148	875	0.07545676
207148	3605	0.07545676
207148	365	0.07545675
207246	2552	0.083627455
207246	6198	0.083627455
207246	581	0.08362745
207246	719	0.08362745
207246	4342	0.08362745
207246	1349	0.08362744
207246	3556	0.08362744
207246	875	0.08362743
207246	880	0.08362743
207246	1958	0.08362743
207259	581	0.06417078
207259	6198	0.06417078
207259	2552	0.06417077
207259	4342	0.06417077
207259	719	0.06417076
207259	875	0.06417076
207259	1349	0.06417076
207259	1958	0.06417076
207259	2787	0.06417076
207259	3556	0.06417076
207275	581	0.04870554
207275	2552	0.048705537
207275	4342	0.048705537
207275	6198	0.048705537
207275	719	0.04870553
207275	1349	0.04870553
207275	3556	0.04870553
207275	875	0.048705526
207275	2787	0.048705526
207275	3605	0.048705526
207291	581	0.038914658
207291	2552	0.038914658
207291	4342	0.038914658
207291	6198	0.038914658
207291	3556	0.038914654
207291	719	0.03891465
207291	1349	0.03891465
207291	3605	0.03891465
207291	3756	0.03891465
207291	4218	0.03891465
207339	581	0.06265393
207339	2552	0.06265393
207339	4342	0.06265393
207339	6198	0.06265393
207339	3556	0.06265392
207339	365	0.062653914
207339	719	0.062653914
207339	875	0.062653914
207339	1349	0.062653914
207339	1958	0.062653914
207341	581	0.07572717
207341	2552	0.075727165
207341	4342	0.075727165
207341	6198	0.075727165
207341	719	0.07572716
207341	1349	0.07572715
207341	2787	0.07572715
207341	3556	0.07572715
207341	3605	0.07572715
207341	3663	0.07572715
207349	581	0.066421606
207349	6198	0.066421606
207349	1349	0.0664216
207349	2552	0.0664216
207349	3556	0.0664216
207349	4342	0.0664216
207349	719	0.06642159
207349	2787	0.06642159
207349	3605	0.06642159
207349	365	0.06642158
207350	581	0.060963392
207350	2552	0.060963392
207350	6198	0.060963392
207350	4342	0.06096339
207350	1349	0.060963385
207350	719	0.06096338
207350	875	0.060963377
207350	2651	0.060963377
207350	2787	0.060963377
207350	3556	0.060963377
207385	581	0.075894475
207385	2552	0.075894475
207385	4342	0.075894475
207385	6198	0.075894475
207385	1349	0.07589447
207385	719	0.07589446
207385	875	0.07589446
207385	2651	0.07589446
207385	2787	0.07589446
207385	3556	0.07589446
207450	581	0.07636961
207450	6198	0.076369606
207450	719	0.0763696
207450	1349	0.0763696
207450	2552	0.0763696
207450	3605	0.0763696
207450	4342	0.0763696
207450	875	0.07636959
207450	3556	0.07636959
207450	365	0.07636958
207494	581	0.06771934
207494	2552	0.06771934
207494	6198	0.06771934
207494	4342	0.06771933
207494	719	0.067719325
207494	1349	0.067719325
207494	2651	0.067719325
207494	2787	0.067719325
207494	3556	0.067719325
207494	3605	0.067719325
207499	581	0.08827738
207499	4342	0.08827738
207499	6198	0.08827738
207499	719	0.08827737
207499	2552	0.08827737
207499	1349	0.08827736
207499	2787	0.08827736
207499	3556	0.08827736
207499	875	0.088277355
207499	880	0.088277355
207563	581	0.05767383
207563	2552	0.057673827
207563	6198	0.057673827
207563	4342	0.057673823
207563	719	0.05767382
207563	1349	0.05767382
207563	3556	0.057673816
207563	3605	0.057673816
207563	365	0.057673812
207563	875	0.057673812
207616	581	0.08180013
207616	1349	0.08180012
207616	2552	0.08180012
207616	3556	0.08180012
207616	4342	0.08180012
207616	6198	0.08180012
207616	719	0.08180011
207616	3605	0.08180011
207616	875	0.0818001
207616	1958	0.0818001
207686	581	0.049508132
207686	2552	0.049508125
207686	4342	0.049508125
207686	6198	0.049508125
207686	1349	0.04950812
207686	3556	0.04950812
207686	719	0.049508117
207686	3605	0.049508117
207686	3756	0.049508117
207686	875	0.049508113
207782	581	0.07177146
207782	719	0.07177144
207782	2552	0.07177144
207782	4342	0.07177144
207782	6198	0.07177144
207782	1349	0.071771435
207782	365	0.07177143
207782	875	0.07177143
207782	880	0.07177143
207782	1958	0.07177143
207825	581	0.0697043
207825	6198	0.0697043
207825	2552	0.069704294
207825	4342	0.069704294
207825	719	0.06970429
207825	1349	0.06970429
207825	3556	0.06970429
207825	3605	0.06970429
207825	875	0.06970428
207825	880	0.06970428
207835	581	0.06148337
207835	6198	0.061483365
207835	2552	0.06148336
207835	4342	0.06148336
207835	1349	0.061483357
207835	3556	0.061483357
207835	3605	0.061483357
207835	719	0.061483353
207835	2787	0.061483353
207835	4218	0.06148335
207860	581	0.048642308
207860	6198	0.048642304
207860	1349	0.0486423
207860	2552	0.0486423
207860	3556	0.0486423
207860	4342	0.0486423
207860	719	0.048642296
207860	365	0.048642293
207860	875	0.048642293
207860	2787	0.048642293
207924	581	0.06567755
207924	2552	0.06567755
207924	4342	0.06567755
207924	6198	0.06567755
207924	719	0.065677546
207924	1349	0.065677546
207924	3556	0.065677546
207924	3605	0.06567754
207924	3663	0.06567754
207924	875	0.06567753
207965	581	0.07717109
207965	2552	0.07717109
207965	4342	0.07717109
207965	719	0.07717108
207965	6198	0.07717108
207965	875	0.07717107
207965	1349	0.07717107
207965	2787	0.07717107
207965	3556	0.07717107
207965	3605	0.07717107
207971	581	0.06682448
207971	719	0.066824466
207971	1349	0.066824466
207971	2552	0.066824466
207971	4342	0.066824466
207971	6198	0.066824466
207971	3556	0.06682446
207971	875	0.06682445
207971	880	0.06682445
207971	1173	0.06682445
208019	581	0.06516713
208019	2552	0.06516713
208019	4342	0.06516713
208019	6198	0.06516713
208019	719	0.065167114
208019	875	0.065167114
208019	1349	0.065167114
208019	2651	0.065167114
208019	3556	0.065167114
208019	3605	0.065167114
208058	581	0.045555476
208058	6198	0.045555476
208058	2552	0.045555472
208058	4342	0.045555472
208058	1349	0.04555547
208058	3556	0.04555547
208058	365	0.045555465
208058	719	0.045555465
208058	875	0.045555465
208058	2651	0.045555465
208077	581	0.04988607
208077	4342	0.04988607
208077	6198	0.04988607
208077	719	0.049886063
208077	1349	0.049886063
208077	2552	0.049886063
208077	3556	0.049886063
208077	3605	0.049886063
208077	365	0.049886055
208077	875	0.049886055
208095	581	0.052687053
208095	2552	0.05268705
208095	4342	0.05268705
208095	6198	0.05268705
208095	719	0.05268704
208095	1349	0.05268704
208095	3556	0.05268704
208095	3605	0.052687038
208095	3756	0.052687038
208095	365	0.052687034
208112	581	0.060601458
208112	6198	0.060601458
208112	2552	0.060601454
208112	4342	0.060601454
208112	719	0.06060145
208112	1349	0.06060145
208112	3556	0.06060145
208112	3605	0.060601447
208112	875	0.060601443
208112	2787	0.060601443
208141	581	0.058740012
208141	2552	0.058740005
208141	4342	0.058740005
208141	6198	0.058740005
208141	719	0.05874
208141	1349	0.058739997
208141	3556	0.058739997
208141	3605	0.058739997
208141	3756	0.058739994
208141	4218	0.058739994
208147	581	0.090541385
208147	1349	0.09054138
208147	2552	0.09054138
208147	4342	0.09054138
208147	6198	0.09054138
208147	3556	0.09054137
208147	719	0.09054136
208147	3605	0.09054136
208147	4218	0.09054136
208147	1958	0.090541355
208236	581	0.07231836
208236	2552	0.07231836
208236	6198	0.07231836
208236	1349	0.07231835
208236	4342	0.07231835
208236	719	0.072318345
208236	875	0.072318345
208236	1958	0.072318345
208236	2787	0.072318345
208236	3556	0.072318345
208251	581	0.05592318
208251	2552	0.05592318
208251	4342	0.05592318
208251	6198	0.05592318
208251	719	0.05592317
208251	1349	0.05592317
208251	3556	0.05592317
208251	3605	0.05592317
208251	875	0.055923164
208251	880	0.055923164
208302	581	0.07585011
208302	4342	0.07585011
208302	719	0.0758501
208302	1349	0.0758501
208302	2552	0.0758501
208302	6198	0.0758501
208302	3556	0.07585009
208302	365	0.075850084
208302	875	0.075850084
208302	880	0.075850084
208367	581	0.055468984
208367	4342	0.05546898
208367	6198	0.05546898
208367	2552	0.055468976
208367	719	0.055468973
208367	875	0.05546897
208367	880	0.05546897
208367	1349	0.05546897
208367	3556	0.05546897
208367	3605	0.05546897
208376	581	0.051923834
208376	2552	0.051923834
208376	6198	0.051923834
208376	4342	0.05192383
208376	719	0.051923826
208376	3556	0.051923826
208376	875	0.051923823
208376	1349	0.051923823
208376	880	0.05192382
208376	2651	0.05192382
208378	581	0.04457518
208378	2552	0.044575177
208378	4342	0.044575177
208378	6198	0.044575177
208378	719	0.04457517
208378	875	0.04457517
208378	1349	0.04457517
208378	3556	0.04457517
208378	3605	0.04457517
208378	3756	0.04457517
208382	581	0.04874812
208382	2552	0.048748113
208382	3556	0.048748113
208382	4342	0.048748113
208382	6198	0.048748113
208382	719	0.04874811
208382	1349	0.04874811
208382	2787	0.048748106
208382	3605	0.048748106
208382	1958	0.048748102
208406	581	0.071603715
208406	6198	0.071603715
208406	2552	0.07160371
208406	4342	0.07160371
208406	719	0.0716037
208406	1349	0.0716037
208406	3556	0.0716037
208406	4218	0.0716037
208406	2651	0.07160369
208406	3605	0.07160369
208410	581	0.050419055
208410	2552	0.050419047
208410	4342	0.050419047
208410	6198	0.050419047
208410	719	0.050419044
208410	3556	0.050419044
208410	875	0.05041904
208410	1349	0.05041904
208410	3756	0.05041904
208410	5214	0.05041904
208415	581	0.06152863
208415	2552	0.06152863
208415	6198	0.06152863
208415	4342	0.061528627
208415	719	0.061528623
208415	3556	0.061528623
208415	1349	0.06152862
208415	875	0.061528616
208415	880	0.061528616
208415	2651	0.061528616
208451	581	0.052542947
208451	2552	0.052542947
208451	6198	0.052542947
208451	4342	0.052542944
208451	719	0.05254294
208451	1349	0.05254294
208451	3556	0.05254294
208451	875	0.052542932
208451	880	0.052542932
208451	1958	0.052542932
208468	581	0.060075626
208468	2552	0.06007562
208468	4342	0.06007562
208468	6198	0.06007562
208468	719	0.06007561
208468	1349	0.06007561
208468	3556	0.06007561
208468	875	0.060075607
208468	2787	0.060075607
208468	3605	0.060075607
208555	581	0.05921673
208555	2552	0.05921673
208555	4342	0.05921673
208555	6198	0.05921673
208555	719	0.059216723
208555	1349	0.059216723
208555	3556	0.05921672
208555	3605	0.05921672
208555	875	0.059216715
208555	880	0.059216715
208568	581	0.058653966
208568	6198	0.058653966
208568	2552	0.058653962
208568	4342	0.058653962
208568	1349	0.058653954
208568	3556	0.058653954
208568	3605	0.058653954
208568	719	0.05865395
208568	880	0.058653947
208568	2651	0.058653947
208591	581	0.04687787
208591	2552	0.04687787
208591	4342	0.04687787
208591	6198	0.04687787
208591	719	0.04687786
208591	1349	0.04687786
208591	3556	0.04687786
208591	3756	0.04687786
208591	875	0.046877857
208591	365	0.046877854
208600	581	0.061804812
208600	2552	0.06180481
208600	4342	0.06180481
208600	6198	0.06180481
208600	719	0.0618048
208600	1349	0.0618048
208600	3556	0.0618048
208600	3605	0.061804798
208600	365	0.061804794
208600	875	0.061804794
208605	581	0.054983974
208605	2552	0.054983974
208605	4342	0.054983974
208605	6198	0.05498397
208605	719	0.054983966
208605	3556	0.054983966
208605	1349	0.054983962
208605	875	0.05498396
208605	2787	0.05498396
208605	3605	0.05498396
208620	2552	0.07347924
208620	581	0.073479235
208620	719	0.073479235
208620	4342	0.073479235
208620	6198	0.073479235
208620	1349	0.07347923
208620	3556	0.07347923
208620	875	0.07347922
208620	880	0.07347922
208620	1958	0.07347922
208645	581	0.07567139
208645	2552	0.07567139
208645	4342	0.07567138
208645	6198	0.07567138
208645	719	0.075671375
208645	875	0.075671375
208645	1349	0.075671375
208645	2787	0.07567137
208645	3556	0.07567137
208645	3605	0.07567137
208668	6198	0.06289839
208668	581	0.06289838
208668	2552	0.06289838
208668	3556	0.06289838
208668	4342	0.06289838
208668	719	0.062898375
208668	1349	0.062898375
208668	875	0.06289837
208668	880	0.06289837
208668	1173	0.06289837
208671	581	0.067365326
208671	2552	0.06736532
208671	3556	0.06736532
208671	3605	0.06736532
208671	4342	0.06736532
208671	6198	0.06736532
208671	719	0.06736531
208671	1349	0.06736531
208671	4218	0.06736531
208671	365	0.0673653
208683	6198	0.040756367
208683	581	0.04075636
208683	2552	0.04075636
208683	3556	0.04075636
208683	4342	0.04075636
208683	719	0.040756356
208683	1349	0.040756356
208683	365	0.040756352
208683	875	0.040756352
208683	1958	0.040756352
208700	581	0.066448614
208700	2552	0.066448614
208700	4342	0.066448614
208700	6198	0.066448614
208700	3556	0.06644861
208700	719	0.0664486
208700	875	0.0664486
208700	1349	0.0664486
208700	1958	0.0664486
208700	2787	0.0664486
208788	581	0.071575
208788	6198	0.07157499
208788	719	0.071574986
208788	1349	0.071574986
208788	2552	0.071574986
208788	3556	0.071574986
208788	3605	0.071574986
208788	4342	0.071574986
208788	875	0.07157498
208788	365	0.07157497
208815	581	0.049923737
208815	6198	0.049923737
208815	1349	0.049923733
208815	2552	0.049923733
208815	4342	0.049923733
208815	719	0.04992373
208815	3556	0.04992373
208815	3605	0.04992373
208815	2787	0.049923725
208815	3663	0.049923725
208829	2552	0.06825483
208829	4342	0.06825483
208829	6198	0.06825483
208829	719	0.06825481
208829	1349	0.06825481
208829	3556	0.06825481
208829	3605	0.06825481
208829	3756	0.06825481
208829	4218	0.06825481
208829	875	0.068254806
208877	581	0.057847448
208877	4342	0.057847444
208877	6198	0.057847444
208877	2552	0.05784744
208877	3556	0.05784744
208877	719	0.057847437
208877	1349	0.057847437
208877	875	0.057847433
208877	2787	0.057847433
208877	3605	0.057847433
208897	581	0.084377244
208897	719	0.084377244
208897	1349	0.084377244
208897	2552	0.084377244
208897	4342	0.084377244
208897	6198	0.084377244
208897	2787	0.08437724
208897	3556	0.08437724
208897	875	0.08437723
208897	1958	0.08437723
208907	581	0.06363487
208907	2552	0.06363487
208907	4342	0.06363487
208907	6198	0.06363487
208907	3556	0.063634865
208907	719	0.06363486
208907	875	0.06363486
208907	880	0.06363486
208907	1349	0.06363486
208907	2651	0.06363486
208936	581	0.057702564
208936	4342	0.057702564
208936	6198	0.057702564
208936	719	0.057702556
208936	2552	0.057702556
208936	1349	0.057702553
208936	875	0.05770255
208936	2651	0.05770255
208936	2787	0.05770255
208936	3556	0.05770255
208960	581	0.049591616
208960	2552	0.049591612
208960	4342	0.04959161
208960	6198	0.04959161
208960	719	0.049591605
208960	1349	0.049591605
208960	3556	0.049591605
208960	875	0.0495916
208960	3605	0.0495916
208960	365	0.049591597
209059	581	0.056841593
209059	4342	0.05684159
209059	6198	0.05684159
209059	2552	0.056841586
209059	719	0.056841582
209059	1349	0.056841582
209059	3556	0.056841582
209059	3605	0.05684158
209059	875	0.056841575
209059	880	0.056841575
209147	581	0.05643708
209147	6198	0.05643708
209147	2552	0.056437075
209147	4342	0.056437075
209147	719	0.056437068
209147	1349	0.056437068
209147	3556	0.056437068
209147	875	0.056437064
209147	2787	0.056437064
209147	3605	0.056437064
209156	581	0.04273636
209156	2552	0.04273636
209156	4342	0.04273636
209156	6198	0.04273636
209156	719	0.04273635
209156	1349	0.04273635
209156	3556	0.04273635
209156	3756	0.04273635
209156	5214	0.04273635
209156	365	0.042736348
209160	581	0.07310215
209160	2552	0.07310214
209160	6198	0.07310214
209160	719	0.07310213
209160	4342	0.07310213
209160	1349	0.073102124
209160	3556	0.073102124
209160	3605	0.073102124
209160	365	0.07310212
209160	875	0.07310212
209163	581	0.066204846
209163	2552	0.066204846
209163	4342	0.066204846
209163	6198	0.066204846
209163	3556	0.06620484
209163	719	0.06620483
209163	875	0.06620483
209163	1349	0.06620483
209163	2651	0.06620483
209163	2787	0.06620483
209174	581	0.07442773
209174	4342	0.074427724
209174	6198	0.074427724
209174	719	0.07442771
209174	1349	0.07442771
209174	2552	0.07442771
209174	2787	0.07442771
209174	3556	0.07442771
209174	3605	0.07442771
209174	3756	0.07442771
209229	581	0.05718613
209229	2552	0.057186127
209229	4342	0.057186127
209229	6198	0.057186127
209229	719	0.057186123
209229	1349	0.05718612
209229	3556	0.05718612
209229	3605	0.05718612
209229	875	0.057186116
209229	3756	0.057186116
209238	581	0.05564567
209238	2552	0.055645667
209238	4342	0.055645667
209238	6198	0.055645667
209238	719	0.05564566
209238	1349	0.05564566
209238	3556	0.05564566
209238	3605	0.055645656
209238	365	0.055645652
209238	875	0.055645652
209265	581	0.06466333
209265	6198	0.06466333
209265	719	0.06466332
209265	1349	0.06466332
209265	2552	0.06466332
209265	3556	0.06466332
209265	4342	0.06466332
209265	3605	0.06466331
209265	5147	0.06466331
209265	365	0.064663306
209373	2552	0.07322027
209373	4342	0.07322027
209373	6198	0.07322027
209373	719	0.07322025
209373	1349	0.07322025
209373	3556	0.07322025
209373	3605	0.07322025
209373	3663	0.07322025
209373	4218	0.07322025
209373	875	0.073220246
209458	6198	0.032384463
209458	2552	0.03238446
209458	4342	0.03238446
209458	365	0.032384455
209458	719	0.032384455
209458	1349	0.032384455
209458	3556	0.032384455
209458	3605	0.032384455
209458	3756	0.032384455
209458	5214	0.032384455
209464	581	0.051768087
209464	4342	0.051768087
209464	6198	0.051768087
209464	2552	0.051768083
209464	719	0.05176808
209464	1349	0.05176808
209464	3556	0.05176808
209464	3605	0.051768076
209464	875	0.051768072
209464	880	0.051768072
209486	581	0.056037463
209486	2552	0.056037463
209486	6198	0.056037463
209486	4342	0.05603746
209486	719	0.056037456
209486	1349	0.056037456
209486	3556	0.056037456
209486	3605	0.056037452
209486	365	0.05603745
209486	875	0.05603745
209536	581	0.06917964
209536	2552	0.06917964
209536	4342	0.06917964
209536	6198	0.06917964
209536	3556	0.06917963
209536	719	0.069179624
209536	875	0.069179624
209536	1349	0.069179624
209536	2787	0.069179624
209536	3605	0.069179624
209563	581	0.070283756
209563	2552	0.070283756
209563	6198	0.070283756
209563	1349	0.07028375
209563	4342	0.07028375
209563	719	0.07028374
209563	875	0.07028374
209563	880	0.07028374
209563	2787	0.07028374
209563	3556	0.07028374
209625	581	0.056345217
209625	2552	0.056345217
209625	4342	0.056345217
209625	6198	0.056345213
209625	719	0.05634521
209625	1349	0.05634521
209625	3556	0.05634521
209625	3605	0.056345206
209625	365	0.056345202
209625	875	0.056345202
209631	581	0.05923322
209631	6198	0.05923322
209631	4342	0.059233215
209631	1349	0.05923321
209631	2552	0.05923321
209631	719	0.059233207
209631	3556	0.059233207
209631	875	0.059233204
209631	2787	0.059233204
209631	3605	0.059233204
209684	581	0.063524425
209684	2552	0.06352442
209684	4342	0.06352442
209684	6198	0.06352442
209684	719	0.06352441
209684	1349	0.06352441
209684	2787	0.06352441
209684	3556	0.06352441
209684	3605	0.06352441
209684	875	0.0635244
209756	581	0.07397553
209756	2552	0.073975526
209756	4342	0.073975526
209756	6198	0.073975526
209756	719	0.07397552
209756	1349	0.07397552
209756	3556	0.07397552
209756	3605	0.07397551
209756	3756	0.07397551
209756	365	0.0739755
209765	581	0.050693706
209765	2552	0.050693706
209765	6198	0.050693706
209765	4342	0.050693702
209765	719	0.0506937
209765	1349	0.0506937
209765	3556	0.0506937
209765	365	0.05069369
209765	875	0.05069369
209765	2651	0.05069369
209817	581	0.087654985
209817	2552	0.08765498
209817	4342	0.08765498
209817	6198	0.08765498
209817	719	0.08765496
209817	875	0.08765496
209817	1349	0.08765496
209817	3556	0.08765496
209817	3756	0.08765496
209817	365	0.087654956
209833	581	0.056210317
209833	2552	0.056210313
209833	6198	0.056210313
209833	4342	0.05621031
209833	719	0.056210306
209833	1349	0.056210306
209833	875	0.0562103
209833	2787	0.0562103
209833	3556	0.0562103
209833	3605	0.0562103
209875	581	0.08895029
209875	6198	0.088950284
209875	2552	0.08895028
209875	3556	0.08895028
209875	4342	0.08895028
209875	1349	0.08895027
209875	719	0.08895026
209875	880	0.08895026
209875	2651	0.08895026
209875	2787	0.08895026
209974	581	0.050352603
209974	6198	0.0503526
209974	2552	0.050352596
209974	4342	0.050352596
209974	719	0.050352592
209974	1349	0.050352592
209974	3556	0.050352592
209974	875	0.05035259
209974	3605	0.05035259
209974	3756	0.05035259
209985	581	0.049371142
209985	6198	0.049371142
209985	2552	0.04937114
209985	4342	0.04937114
209985	719	0.04937113
209985	1349	0.04937113
209985	3556	0.04937113
209985	3605	0.04937113
209985	875	0.049371127
209985	2787	0.049371127
210035	581	0.060161322
210035	6198	0.060161322
210035	2552	0.06016132
210035	719	0.060161315
210035	3556	0.060161315
210035	4342	0.060161315
210035	1349	0.06016131
210035	875	0.060161307
210035	2787	0.060161307
210035	3605	0.060161307
210077	581	0.04064893
210077	4342	0.04064893
210077	6198	0.04064893
210077	719	0.040648922
210077	1349	0.040648922
210077	2552	0.040648922
210077	3556	0.040648922
210077	875	0.04064892
210077	3605	0.04064892
210077	3756	0.04064892
210097	581	0.05525843
210097	2552	0.05525843
210097	4342	0.05525843
210097	6198	0.05525843
210097	719	0.055258427
210097	3556	0.055258427
210097	875	0.055258423
210097	1349	0.055258423
210097	3756	0.055258423
210097	2651	0.05525842
210168	581	0.03709755
210168	2552	0.037097547
210168	4342	0.037097547
210168	6198	0.037097547
210168	719	0.037097543
210168	1349	0.037097543
210168	3556	0.037097543
210168	2787	0.03709754
210168	3605	0.03709754
210168	3756	0.03709754
210174	581	0.06932977
210174	2552	0.06932977
210174	6198	0.06932977
210174	719	0.06932976
210174	1349	0.06932976
210174	4342	0.06932976
210174	875	0.06932975
210174	880	0.06932975
210174	2651	0.06932975
210174	2787	0.06932975
210261	581	0.07649407
210261	1349	0.07649407
210261	2552	0.07649407
210261	4342	0.07649407
210261	6198	0.07649407
210261	719	0.07649406
210261	3556	0.07649406
210261	875	0.07649405
210261	880	0.07649405
210261	1958	0.07649405
210315	581	0.04546271
210315	2552	0.045462705
210315	6198	0.045462705
210315	4342	0.0454627
210315	719	0.045462698
210315	1349	0.045462698
210315	3556	0.045462698
210315	3605	0.045462698
210315	875	0.045462694
210315	3756	0.045462694
210317	581	0.039621696
210317	4342	0.039621696
210317	6198	0.039621696
210317	2552	0.039621692
210317	719	0.03962169
210317	1349	0.03962169
210317	3556	0.03962169
210317	2787	0.039621685
210317	3605	0.039621685
210317	365	0.03962168
210481	581	0.06908415
210481	2552	0.06908415
210481	4342	0.06908415
210481	6198	0.06908415
210481	719	0.069084145
210481	3556	0.069084145
210481	365	0.06908414
210481	875	0.06908414
210481	1349	0.06908414
210481	2787	0.06908414
210485	2552	0.11525667
210485	4342	0.11525665
210485	6198	0.11525665
210485	581	0.115256645
210485	719	0.11525664
210485	1349	0.11525664
210485	3605	0.11525664
210485	3663	0.11525664
210485	5553	0.11525664
210485	2651	0.11525663
210493	581	0.04706101
210493	6198	0.04706101
210493	2552	0.047061007
210493	4342	0.047061007
210493	719	0.047061004
210493	1349	0.047061004
210493	3556	0.047061004
210493	3605	0.047061004
210493	2787	0.047061
210493	3756	0.047061
210573	581	0.051889986
210573	4342	0.051889986
210573	6198	0.051889986
210573	2552	0.051889982
210573	719	0.05188998
210573	1349	0.05188998
210573	3556	0.05188998
210573	3605	0.051889975
210573	875	0.05188997
210573	880	0.05188997
210587	581	0.07559068
210587	6198	0.07559068
210587	2552	0.07559067
210587	4342	0.07559067
210587	719	0.07559066
210587	1349	0.07559066
210587	3556	0.07559066
210587	3756	0.07559066
210587	365	0.075590655
210587	875	0.075590655
210597	581	0.09204508
210597	4342	0.092045076
210597	6198	0.092045076
210597	1349	0.09204507
210597	2552	0.09204507
210597	3556	0.09204507
210597	719	0.09204506
210597	875	0.092045054
210597	2787	0.092045054
210597	3605	0.092045054
210599	581	0.04659596
210599	4342	0.04659596
210599	6198	0.04659596
210599	2552	0.046595957
210599	719	0.046595953
210599	1349	0.046595953
210599	3556	0.046595953
210599	875	0.04659595
210599	365	0.046595946
210599	880	0.046595946
210627	581	0.06283537
210627	6198	0.06283537
210627	719	0.062835366
210627	875	0.062835366
210627	1349	0.062835366
210627	2552	0.062835366
210627	3556	0.062835366
210627	4342	0.062835366
210627	2651	0.06283536
210627	2787	0.06283536
210685	581	0.06411158
210685	4342	0.06411158
210685	719	0.064111575
210685	1349	0.064111575
210685	2552	0.064111575
210685	3556	0.064111575
210685	3605	0.064111575
210685	6198	0.064111575
210685	3756	0.06411157
210685	365	0.06411156
210717	6198	0.07348619
210717	581	0.07348618
210717	2552	0.07348618
210717	4342	0.07348618
210717	719	0.07348617
210717	1349	0.07348617
210717	2651	0.073486164
210717	2787	0.073486164
210717	3556	0.073486164
210717	3605	0.073486164
210738	581	0.07755257
210738	2552	0.07755257
210738	4342	0.07755257
210738	6198	0.07755257
210738	719	0.077552564
210738	1349	0.077552564
210738	3556	0.077552564
210738	875	0.07755256
210738	1958	0.07755256
210738	2651	0.07755256
210791	581	0.03947044
210791	4342	0.039470438
210791	6198	0.039470438
210791	719	0.039470434
210791	1349	0.039470434
210791	2552	0.039470434
210791	3556	0.039470434
210791	365	0.039470427
210791	875	0.039470427
210791	1173	0.039470427
210822	581	0.060451522
210822	6198	0.060451522
210822	1349	0.060451515
210822	2552	0.060451515
210822	4342	0.060451515
210822	3605	0.06045151
210822	719	0.060451508
210822	2787	0.060451508
210822	3556	0.060451508
210822	880	0.060451504
210874	2552	0.058661938
210874	4342	0.058661938
210874	6198	0.058661938
210874	719	0.05866193
210874	1349	0.05866193
210874	3556	0.05866193
210874	3605	0.05866193
210874	875	0.058661923
210874	880	0.058661923
210874	2651	0.058661923
210921	581	0.0528413
210921	2552	0.0528413
210921	4342	0.0528413
210921	6198	0.0528413
210921	719	0.05284129
210921	875	0.05284129
210921	1349	0.05284129
210921	3556	0.05284129
210921	3756	0.05284129
210921	365	0.052841283
210923	581	0.05496978
210923	4342	0.05496978
210923	6198	0.05496978
210923	2552	0.054969776
210923	719	0.054969773
210923	1349	0.054969773
210923	3556	0.05496977
210923	3605	0.05496977
210923	875	0.054969765
210923	880	0.054969765
210959	581	0.08176485
210959	2552	0.08176485
210959	4342	0.08176485
210959	6198	0.08176485
210959	3556	0.08176484
210959	719	0.08176483
210959	875	0.08176483
210959	880	0.08176483
210959	1349	0.08176483
210959	2787	0.08176483
211041	581	0.053661175
211041	2552	0.053661175
211041	4342	0.053661175
211041	6198	0.05366117
211041	1349	0.053661168
211041	3556	0.053661168
211041	719	0.053661164
211041	2787	0.053661164
211041	875	0.05366116
211041	3422	0.05366116
211098	581	0.055550717
211098	2552	0.055550717
211098	4342	0.055550717
211098	6198	0.055550717
211098	719	0.05555071
211098	1349	0.05555071
211098	3556	0.05555071
211098	3605	0.055550706
211098	875	0.055550702
211098	880	0.055550702
211137	581	0.0654981
211137	4342	0.0654981
211137	6198	0.0654981
211137	719	0.06549809
211137	2552	0.06549809
211137	875	0.065498084
211137	880	0.065498084
211137	1349	0.065498084
211137	2787	0.065498084
211137	3556	0.065498084
211152	581	0.040917657
211152	2552	0.040917657
211152	4342	0.040917657
211152	6198	0.040917657
211152	719	0.04091765
211152	1349	0.04091765
211152	3556	0.04091765
211152	3605	0.04091765
211152	365	0.040917646
211152	875	0.040917646
211176	581	0.04636695
211176	2552	0.046366945
211176	4342	0.046366945
211176	6198	0.046366945
211176	3556	0.04636694
211176	719	0.046366937
211176	875	0.046366937
211176	1349	0.046366937
211176	3756	0.046366937
211176	5214	0.046366937
211231	581	0.06446089
211231	719	0.06446089
211231	1349	0.06446089
211231	2552	0.06446089
211231	3556	0.06446089
211231	4342	0.06446089
211231	6198	0.06446089
211231	365	0.06446087
211231	875	0.06446087
211231	880	0.06446087
211288	581	0.05569063
211288	4342	0.055690628
211288	6198	0.055690628
211288	719	0.055690624
211288	2552	0.055690624
211288	1349	0.05569062
211288	3556	0.05569062
211288	875	0.055690616
211288	2787	0.055690616
211288	3605	0.055690616
211303	581	0.058959927
211303	2552	0.058959924
211303	6198	0.058959924
211303	4342	0.05895992
211303	719	0.058959916
211303	1349	0.058959916
211303	3556	0.058959913
211303	3605	0.058959913
211303	875	0.05895991
211303	1958	0.05895991
211344	581	0.103654645
211344	2552	0.10365464
211344	4342	0.10365464
211344	6198	0.10365464
211344	719	0.10365462
211344	1349	0.10365462
211344	3556	0.10365462
211344	3605	0.10365462
211344	875	0.103654616
211344	2651	0.103654616
211351	581	0.07742607
211351	2552	0.07742606
211351	4342	0.07742606
211351	6198	0.07742606
211351	719	0.07742605
211351	1349	0.07742605
211351	3556	0.07742605
211351	3605	0.07742605
211351	875	0.077426046
211351	880	0.077426046
211360	581	0.066091314
211360	6198	0.066091314
211360	4342	0.06609131
211360	719	0.0660913
211360	1349	0.0660913
211360	2552	0.0660913
211360	3556	0.0660913
211360	3605	0.0660913
211360	5553	0.0660913
211360	365	0.06609129
211426	581	0.07520527
211426	2552	0.07520526
211426	4342	0.07520526
211426	719	0.07520525
211426	6198	0.07520525
211426	875	0.075205244
211426	1349	0.075205244
211426	3556	0.075205244
211426	365	0.07520524
211426	880	0.07520524
211430	581	0.066622764
211430	6198	0.06662276
211430	1349	0.06662275
211430	2552	0.06662275
211430	3556	0.06662275
211430	3605	0.06662275
211430	4342	0.06662275
211430	719	0.06662274
211430	880	0.06662274
211430	2787	0.06662274
211500	581	0.060289606
211500	2552	0.0602896
211500	4342	0.0602896
211500	6198	0.0602896
211500	719	0.06028959
211500	1349	0.06028959
211500	3556	0.06028959
211500	875	0.060289588
211500	3605	0.060289588
211500	365	0.060289584
211770	581	0.05996763
211770	2552	0.05996763
211770	4342	0.05996763
211770	6198	0.05996763
211770	719	0.059967622
211770	1349	0.059967622
211770	3556	0.059967622
211770	3605	0.059967622
211770	875	0.05996762
211770	3756	0.05996762
211919	581	0.0866967
211919	2552	0.086696684
211919	4342	0.086696684
211919	6198	0.086696684
211919	719	0.08669667
211919	875	0.08669667
211919	1349	0.08669667
211919	2787	0.08669667
211919	3556	0.08669667
211919	3605	0.08669667
211937	581	0.05891627
211937	2552	0.058916263
211937	4342	0.058916263
211937	6198	0.058916263
211937	719	0.058916256
211937	1349	0.058916256
211937	3556	0.058916256
211937	3605	0.058916252
211937	3756	0.058916252
211937	365	0.05891625
211944	581	0.04004722
211944	6198	0.040047217
211944	2552	0.040047213
211944	3556	0.040047213
211944	4342	0.040047213
211944	719	0.04004721
211944	1349	0.04004721
211944	3605	0.04004721
211944	3756	0.04004721
211944	875	0.040047206
211961	581	0.044823475
211961	4342	0.044823468
211961	2552	0.044823464
211961	6198	0.044823464
211961	365	0.04482346
211961	719	0.04482346
211961	875	0.04482346
211961	880	0.04482346
211961	3556	0.04482346
211961	5214	0.04482346
212088	581	0.05508978
212088	2552	0.05508977
212088	4342	0.05508977
212088	6198	0.05508977
212088	719	0.055089764
212088	875	0.055089764
212088	1349	0.055089764
212088	3556	0.055089764
212088	3605	0.05508976
212088	880	0.055089757
212109	581	0.05886501
212109	2552	0.058865003
212109	4342	0.058865003
212109	6198	0.058865003
212109	719	0.058864996
212109	1349	0.058864996
212109	3556	0.058864996
212109	3756	0.058864996
212109	875	0.058864992
212109	365	0.05886499
212130	581	0.066471525
212130	6198	0.066471525
212130	719	0.06647152
212130	1349	0.06647152
212130	2552	0.06647152
212130	3605	0.06647152
212130	4342	0.06647152
212130	3556	0.06647151
212130	3756	0.06647151
212130	97	0.0664715
212142	581	0.081612855
212142	4342	0.081612855
212142	6198	0.081612855
212142	2552	0.08161285
212142	719	0.08161284
212142	1349	0.08161284
212142	3556	0.08161284
212142	3605	0.08161284
212142	3756	0.08161283
212142	4218	0.08161283
212252	581	0.07460163
212252	2552	0.07460162
212252	4342	0.07460162
212252	6198	0.07460162
212252	719	0.07460161
212252	1349	0.07460161
212252	3556	0.07460161
212252	875	0.074601606
212252	1958	0.074601606
212252	2651	0.074601606
212260	581	0.057447925
212260	6198	0.057447925
212260	2552	0.057447918
212260	4342	0.057447918
212260	719	0.057447914
212260	1349	0.057447914
212260	875	0.05744791
212260	2787	0.05744791
212260	3556	0.05744791
212260	3605	0.05744791
212328	581	0.06743312
212328	719	0.067433104
212328	1349	0.067433104
212328	2552	0.067433104
212328	3556	0.067433104
212328	4342	0.067433104
212328	6198	0.067433104
212328	3605	0.0674331
212328	365	0.06743309
212328	875	0.06743309
212385	581	0.080038905
212385	2552	0.080038905
212385	4342	0.080038905
212385	6198	0.080038905
212385	719	0.0800389
212385	875	0.08003889
212385	1349	0.08003889
212385	3556	0.08003889
212385	3605	0.08003889
212385	3756	0.08003889
212411	581	0.067691445
212411	2552	0.067691445
212411	4342	0.067691445
212411	6198	0.067691445
212411	719	0.06769144
212411	1349	0.06769144
212411	3556	0.06769144
212411	3605	0.06769144
212411	365	0.06769143
212411	875	0.06769143
212427	581	0.050215818
212427	2552	0.05021581
212427	4342	0.05021581
212427	6198	0.05021581
212427	719	0.050215807
212427	1349	0.050215807
212427	3556	0.050215807
212427	875	0.050215803
212427	3605	0.050215803
212427	3756	0.050215803
212439	6198	0.07771725
212439	581	0.077717245
212439	719	0.077717245
212439	2552	0.077717245
212439	4342	0.077717245
212439	1349	0.07771724
212439	3556	0.07771724
212439	875	0.07771723
212439	880	0.07771723
212439	2651	0.07771723
212467	581	0.09193936
212467	6198	0.09193936
212467	2552	0.09193935
212467	4342	0.09193935
212467	1349	0.091939345
212467	719	0.09193934
212467	3556	0.09193934
212467	3605	0.09193934
212467	2651	0.09193933
212467	2787	0.09193933
212568	6198	0.062012188
212568	581	0.062012184
212568	2552	0.06201218
212568	4342	0.06201218
212568	3556	0.062012177
212568	719	0.062012173
212568	1349	0.062012173
212568	3605	0.062012173
212568	875	0.06201217
212568	880	0.06201217
212628	581	0.05615464
212628	2552	0.05615464
212628	4342	0.05615464
212628	6198	0.05615464
212628	719	0.05615463
212628	1349	0.05615463
212628	3556	0.05615463
212628	365	0.056154624
212628	2651	0.056154624
212628	2787	0.056154624
212631	581	0.06949788
212631	2552	0.06949788
212631	4342	0.06949788
212631	6198	0.06949788
212631	719	0.06949787
212631	875	0.06949787
212631	1349	0.06949787
212631	2787	0.06949787
212631	3556	0.06949787
212631	3605	0.06949787
212697	581	0.04812494
212697	6198	0.04812494
212697	4342	0.048124935
212697	2552	0.04812493
212697	1349	0.048124928
212697	719	0.048124924
212697	875	0.048124924
212697	3556	0.048124924
212697	3605	0.048124924
212697	3756	0.048124924
212719	581	0.06085863
212719	2552	0.060858626
212719	4342	0.060858626
212719	6198	0.060858626
212719	719	0.060858622
212719	1349	0.06085862
212719	875	0.060858615
212719	880	0.060858615
212719	2651	0.060858615
212719	2787	0.060858615
212797	2552	0.09766978
212797	4342	0.09766978
212797	6198	0.09766978
212797	581	0.09766977
212797	719	0.097669765
212797	1349	0.097669765
212797	3556	0.097669765
212797	3605	0.09766976
212797	875	0.09766975
212797	880	0.09766975
212849	581	0.05409512
212849	2552	0.05409512
212849	4342	0.05409512
212849	6198	0.05409512
212849	719	0.05409511
212849	1349	0.05409511
212849	3556	0.05409511
212849	875	0.054095108
212849	3756	0.054095108
212849	365	0.054095104
212859	581	0.07726874
212859	2552	0.07726874
212859	719	0.077268735
212859	1349	0.077268735
212859	4342	0.077268735
212859	2787	0.07726873
212859	3556	0.07726873
212859	3605	0.07726873
212859	365	0.07726872
212859	875	0.07726872
212923	4342	0.07319119
212923	1349	0.07319118
212923	2552	0.07319118
212923	3556	0.07319118
212923	365	0.073191166
212923	719	0.073191166
212923	875	0.073191166
212923	880	0.073191166
212923	1173	0.073191166
212923	1958	0.073191166
213064	581	0.046060666
213064	6198	0.046060663
213064	2552	0.04606066
213064	4342	0.04606066
213064	719	0.046060655
213064	1349	0.046060655
213064	3556	0.046060655
213064	875	0.04606065
213064	3605	0.04606065
213064	3756	0.04606065
213066	581	0.062249318
213066	2552	0.062249318
213066	6198	0.062249318
213066	4342	0.062249314
213066	719	0.062249303
213066	880	0.062249303
213066	1349	0.062249303
213066	3556	0.062249303
213066	3605	0.062249303
213066	3756	0.062249303
213119	581	0.049602605
213119	6198	0.049602605
213119	2552	0.0496026
213119	4342	0.0496026
213119	719	0.049602598
213119	1349	0.049602598
213119	3556	0.049602598
213119	3605	0.049602594
213119	3756	0.049602594
213119	365	0.04960259
213126	6198	0.0632417
213126	581	0.06324169
213126	719	0.06324169
213126	1349	0.06324169
213126	2552	0.06324169
213126	3556	0.06324169
213126	4342	0.06324169
213126	875	0.06324168
213126	880	0.06324168
213126	2787	0.06324168
213150	581	0.09171786
213150	6198	0.09171786
213150	2552	0.091717854
213150	4342	0.091717854
213150	1349	0.09171785
213150	3556	0.09171785
213150	3605	0.09171785
213150	719	0.09171784
213150	1958	0.09171784
213150	2787	0.09171784
213191	581	0.051116787
213191	6198	0.051116787
213191	2552	0.051116783
213191	4342	0.051116783
213191	719	0.05111678
213191	3556	0.05111678
213191	3605	0.05111678
213191	1349	0.051116776
213191	875	0.051116772
213191	880	0.051116772
213197	581	0.04154534
213197	2552	0.04154534
213197	4342	0.04154534
213197	6198	0.04154534
213197	719	0.04154533
213197	1349	0.04154533
213197	3556	0.04154533
213197	3605	0.04154533
213197	2787	0.041545328
213197	3422	0.041545328
213255	581	0.045510672
213255	2552	0.04551067
213255	6198	0.04551067
213255	719	0.045510665
213255	1349	0.045510665
213255	4342	0.045510665
213255	2787	0.04551066
213255	3556	0.04551066
213255	3605	0.04551066
213255	365	0.045510657
213312	581	0.052307405
213312	2552	0.052307405
213312	4342	0.052307405
213312	6198	0.052307405
213312	719	0.052307397
213312	1349	0.052307397
213312	875	0.05230739
213312	880	0.05230739
213312	2651	0.05230739
213312	3556	0.05230739
213316	581	0.039659984
213316	2552	0.039659984
213316	4342	0.039659984
213316	6198	0.039659984
213316	719	0.039659977
213316	3556	0.039659977
213316	3756	0.039659977
213316	365	0.039659973
213316	875	0.039659973
213316	1349	0.039659973
213369	581	0.0694618
213369	4342	0.0694618
213369	6198	0.0694618
213369	719	0.06946179
213369	1349	0.06946179
213369	2552	0.06946179
213369	3556	0.06946179
213369	3605	0.06946179
213369	875	0.069461785
213369	2787	0.069461785
213410	581	0.04233204
213410	2552	0.04233204
213410	4342	0.04233204
213410	6198	0.04233204
213410	1349	0.042332035
213410	719	0.04233203
213410	875	0.04233203
213410	3556	0.04233203
213410	3605	0.04233203
213410	880	0.042332027
213523	581	0.05357714
213523	6198	0.053577136
213523	2552	0.053577133
213523	4342	0.053577133
213523	1349	0.05357713
213523	3556	0.05357713
213523	3605	0.05357713
213523	719	0.053577125
213523	875	0.053577125
213523	2787	0.053577125
213531	581	0.07840854
213531	4342	0.07840854
213531	6198	0.07840854
213531	2552	0.07840853
213531	3556	0.07840853
213531	719	0.078408524
213531	1349	0.078408524
213531	3605	0.078408524
213531	875	0.07840852
213531	880	0.07840852
213625	581	0.06741243
213625	6198	0.06741243
213625	719	0.06741242
213625	1349	0.06741242
213625	2552	0.06741242
213625	2787	0.06741242
213625	3556	0.06741242
213625	3605	0.06741242
213625	4342	0.06741242
213625	1958	0.06741241
213628	581	0.084056005
213628	4342	0.084056005
213628	2552	0.084056
213628	6198	0.084056
213628	719	0.08405599
213628	1349	0.08405599
213628	3556	0.08405599
213628	3605	0.08405599
213628	875	0.08405598
213628	5147	0.08405598
213638	581	0.058713727
213638	6198	0.058713727
213638	2552	0.058713723
213638	4342	0.058713723
213638	719	0.05871372
213638	1349	0.058713716
213638	3556	0.058713716
213638	875	0.05871371
213638	3605	0.05871371
213638	3756	0.05871371
213641	6198	0.061777826
213641	581	0.061777823
213641	2552	0.061777823
213641	4342	0.061777823
213641	3556	0.06177782
213641	719	0.061777815
213641	875	0.061777815
213641	1349	0.061777815
213641	3605	0.061777815
213641	3756	0.06177781
213664	581	0.05399142
213664	2552	0.053991415
213664	4342	0.053991415
213664	6198	0.053991415
213664	719	0.053991407
213664	1349	0.053991407
213664	3556	0.053991407
213664	875	0.053991403
213664	2787	0.053991403
213664	3605	0.053991403
213708	581	0.05781123
213708	6198	0.057811227
213708	2552	0.057811223
213708	4342	0.057811223
213708	719	0.05781122
213708	1349	0.05781122
213708	2787	0.057811216
213708	3556	0.057811216
213708	3605	0.057811216
213708	3663	0.057811216
213760	581	0.061905593
213760	6198	0.061905593
213760	2552	0.06190559
213760	4342	0.06190559
213760	3605	0.06190558
213760	719	0.061905578
213760	875	0.061905578
213760	1349	0.061905578
213760	2787	0.061905578
213760	3556	0.061905578
213839	581	0.063082054
213839	2552	0.063082054
213839	6198	0.063082054
213839	4342	0.06308205
213839	719	0.06308204
213839	875	0.06308204
213839	1349	0.06308204
213839	2651	0.06308204
213839	2787	0.06308204
213839	3556	0.06308204
213851	581	0.059922867
213851	6198	0.059922867
213851	2552	0.059922863
213851	4342	0.05992286
213851	1349	0.059922855
213851	719	0.05992285
213851	875	0.05992285
213851	3556	0.05992285
213851	3605	0.05992285
213851	2787	0.059922848
213972	581	0.061356913
213972	2552	0.06135691
213972	4342	0.06135691
213972	6198	0.06135691
213972	719	0.061356902
213972	1349	0.061356902
213972	3556	0.061356902
213972	3605	0.0613569
213972	875	0.061356895
213972	1958	0.061356895
214042	581	0.050574735
214042	2552	0.050574735
214042	4342	0.050574735
214042	6198	0.050574735
214042	719	0.05057473
214042	875	0.050574727
214042	1349	0.050574727
214042	3556	0.050574727
214042	3605	0.050574727
214042	2651	0.050574724
214102	581	0.057018083
214102	2552	0.05701808
214102	4342	0.05701808
214102	6198	0.05701808
214102	1349	0.057018075
214102	3556	0.057018075
214102	719	0.05701807
214102	875	0.05701807
214102	3756	0.05701807
214102	3605	0.057018068
214138	581	0.1016799
214138	6198	0.1016799
214138	2552	0.10167989
214138	4342	0.10167989
214138	719	0.10167988
214138	1349	0.10167988
214138	2787	0.10167988
214138	3556	0.10167988
214138	3605	0.10167988
214138	875	0.10167987
214212	581	0.052988067
214212	2552	0.05298806
214212	4342	0.05298806
214212	6198	0.05298806
214212	719	0.052988056
214212	1349	0.052988052
214212	3556	0.052988052
214212	3605	0.052988052
214212	875	0.05298805
214212	2787	0.05298805
214244	581	0.057989586
214244	2552	0.057989582
214244	4342	0.057989582
214244	6198	0.057989582
214244	719	0.05798958
214244	1349	0.057989575
214244	3556	0.057989575
214244	875	0.05798957
214244	2787	0.05798957
214244	3605	0.05798957
214272	581	0.0456054
214272	1349	0.04560539
214272	2552	0.04560539
214272	4342	0.04560539
214272	6198	0.04560539
214272	719	0.045605388
214272	880	0.045605384
214272	2651	0.045605384
214272	2787	0.045605384
214272	3556	0.045605384
214315	581	0.066990115
214315	2552	0.066990115
214315	4342	0.066990115
214315	719	0.06699011
214315	875	0.06699011
214315	1349	0.06699011
214315	3556	0.06699011
214315	3605	0.06699011
214315	6198	0.06699011
214315	2787	0.0669901
214348	581	0.056859717
214348	1349	0.05685971
214348	2552	0.05685971
214348	4342	0.05685971
214348	6198	0.05685971
214348	719	0.056859702
214348	875	0.056859702
214348	3556	0.056859702
214348	3605	0.056859702
214348	4218	0.056859702
214436	581	0.05286511
214436	2552	0.052865103
214436	4342	0.052865103
214436	6198	0.052865103
214436	3556	0.0528651
214436	719	0.052865095
214436	1349	0.052865095
214436	3605	0.052865095
214436	3756	0.052865095
214436	365	0.052865088
214686	581	0.06251866
214686	6198	0.06251866
214686	719	0.062518656
214686	1349	0.062518656
214686	2552	0.062518656
214686	4342	0.062518656
214686	2787	0.06251865
214686	3556	0.06251865
214686	3605	0.06251865
214686	3663	0.06251865
214786	581	0.065266035
214786	6198	0.065266035
214786	1349	0.06526603
214786	2552	0.06526603
214786	4342	0.06526603
214786	719	0.06526602
214786	3556	0.06526602
214786	3605	0.06526602
214786	4218	0.06526602
214786	365	0.06526601
214879	581	0.06243162
214879	2552	0.06243162
214879	6198	0.06243162
214879	4342	0.062431615
214879	719	0.06243161
214879	1349	0.06243161
214879	3556	0.06243161
214879	875	0.062431604
214879	2651	0.062431604
214879	3605	0.062431604
214920	581	0.04998011
214920	4342	0.04998011
214920	6198	0.04998011
214920	2552	0.049980108
214920	1349	0.049980104
214920	3556	0.049980104
214920	719	0.0499801
214920	365	0.049980097
214920	875	0.049980097
214920	880	0.049980097
215006	2552	0.08023591
215006	4342	0.08023591
215006	6198	0.08023591
215006	719	0.0802359
215006	875	0.0802359
215006	1349	0.0802359
215006	3556	0.0802359
215006	3605	0.0802359
215006	4218	0.0802359
215006	5147	0.0802359
215071	581	0.065278046
215071	4342	0.065278046
215071	2552	0.06527804
215071	6198	0.06527804
215071	719	0.06527803
215071	1349	0.06527803
215071	3605	0.06527803
215071	3756	0.06527803
215071	875	0.06527802
215071	880	0.06527802
215139	581	0.0622297
215139	6198	0.0622297
215139	2552	0.062229693
215139	4342	0.062229693
215139	1349	0.06222969
215139	719	0.062229685
215139	3556	0.062229685
215139	3605	0.06222968
215139	875	0.062229678
215139	1958	0.062229678
215148	581	0.069296375
215148	2552	0.069296375
215148	4342	0.069296375
215148	6198	0.069296375
215148	719	0.06929637
215148	1349	0.06929637
215148	3556	0.06929637
215148	3605	0.06929637
215148	875	0.06929636
215148	880	0.06929636
215180	581	0.05856824
215180	6198	0.05856824
215180	4342	0.058568235
215180	719	0.05856823
215180	2552	0.05856823
215180	3556	0.05856823
215180	1349	0.058568228
215180	875	0.058568224
215180	2787	0.058568224
215180	3605	0.058568224
215256	581	0.071033925
215256	2552	0.07103392
215256	6198	0.07103392
215256	3556	0.07103391
215256	3605	0.07103391
215256	4342	0.07103391
215256	719	0.0710339
215256	1349	0.0710339
215256	2651	0.0710339
215256	365	0.071033895
215278	581	0.049106378
215278	2552	0.049106374
215278	4342	0.049106374
215278	6198	0.049106374
215278	719	0.049106367
215278	1349	0.049106367
215278	2787	0.049106367
215278	3556	0.049106367
215278	3605	0.049106367
215278	875	0.049106363
215359	6198	0.06104429
215359	2552	0.061044287
215359	4342	0.061044283
215359	719	0.06104428
215359	1349	0.06104428
215359	3556	0.06104428
215359	875	0.061044276
215359	3605	0.061044276
215359	3756	0.061044276
215359	2651	0.061044272
215388	581	0.06450059
215388	2552	0.064500585
215388	4342	0.064500585
215388	6198	0.064500585
215388	1349	0.06450058
215388	3556	0.06450058
215388	719	0.06450057
215388	875	0.06450057
215388	2651	0.06450057
215388	2787	0.06450057
215421	581	0.040537953
215421	2552	0.040537953
215421	4342	0.040537953
215421	6198	0.040537953
215421	719	0.040537946
215421	1349	0.040537946
215421	3556	0.040537946
215421	3605	0.040537946
215421	3756	0.040537946
215421	5147	0.040537946
215498	581	0.06505288
215498	2552	0.06505288
215498	4342	0.06505288
215498	6198	0.06505288
215498	719	0.065052874
215498	1349	0.065052874
215498	3556	0.065052874
215498	365	0.06505287
215498	875	0.06505287
215498	880	0.06505287
215609	6198	0.04460761
215609	581	0.044607606
215609	4342	0.044607606
215609	719	0.044607602
215609	2552	0.044607602
215609	3556	0.044607602
215609	1349	0.0446076
215609	875	0.044607595
215609	880	0.044607595
215609	2651	0.044607595
215627	581	0.05052174
215627	2552	0.05052174
215627	4342	0.05052174
215627	6198	0.05052174
215627	719	0.05052173
215627	1349	0.05052173
215627	3556	0.05052173
215627	3605	0.050521728
215627	875	0.050521724
215627	880	0.050521724
215693	581	0.048631955
215693	4342	0.04863195
215693	6198	0.04863195
215693	2552	0.048631947
215693	719	0.048631944
215693	1349	0.048631944
215693	3556	0.048631944
215693	3605	0.048631944
215693	2787	0.04863194
215693	3663	0.04863194
215709	581	0.062276453
215709	6198	0.06227645
215709	4342	0.062276445
215709	719	0.06227644
215709	1349	0.06227644
215709	3556	0.062276438
215709	875	0.062276434
215709	3605	0.062276434
215709	3756	0.062276434
215709	365	0.06227643
215753	581	0.051069528
215753	6198	0.051069524
215753	2552	0.05106952
215753	4342	0.05106952
215753	719	0.051069517
215753	1349	0.051069517
215753	875	0.051069513
215753	2787	0.051069513
215753	3556	0.051069513
215753	3605	0.051069513
215829	581	0.06625168
215829	2552	0.06625168
215829	4342	0.06625168
215829	6198	0.06625168
215829	719	0.06625167
215829	875	0.066251665
215829	1349	0.066251665
215829	2651	0.066251665
215829	2787	0.066251665
215829	3556	0.066251665
215942	581	0.06453175
215942	2552	0.06453174
215942	4342	0.06453174
215942	6198	0.06453174
215942	719	0.064531736
215942	1349	0.064531736
215942	3556	0.064531736
215942	875	0.06453173
215942	880	0.06453173
215942	1958	0.06453173
215986	581	0.08255753
215986	2552	0.08255752
215986	4342	0.08255752
215986	6198	0.08255752
215986	719	0.082557514
215986	3556	0.082557514
215986	1349	0.08255751
215986	3605	0.08255751
215986	3756	0.08255751
215986	365	0.0825575
215988	581	0.06179687
215988	2552	0.061796866
215988	4342	0.061796866
215988	6198	0.061796866
215988	3556	0.06179686
215988	719	0.061796855
215988	1349	0.061796855
215988	3605	0.061796855
215988	3756	0.06179685
215988	875	0.061796848
216027	581	0.06461316
216027	2552	0.06461316
216027	6198	0.06461316
216027	4342	0.064613156
216027	365	0.06461315
216027	719	0.06461315
216027	875	0.06461315
216027	1349	0.06461315
216027	2651	0.06461315
216027	2787	0.06461315
216057	581	0.057058502
216057	2552	0.0570585
216057	4342	0.0570585
216057	6198	0.0570585
216057	719	0.05705849
216057	1349	0.05705849
216057	3556	0.05705849
216057	3605	0.05705849
216057	875	0.057058487
216057	2787	0.057058487
216099	581	0.06051878
216099	4342	0.06051878
216099	6198	0.06051878
216099	2552	0.060518775
216099	719	0.06051877
216099	1349	0.06051877
216099	3556	0.06051877
216099	3605	0.06051877
216099	875	0.060518764
216099	1958	0.060518764
216100	581	0.061873622
216100	4342	0.06187362
216100	6198	0.06187362
216100	2552	0.061873615
216100	3556	0.061873615
216100	719	0.061873607
216100	1349	0.061873607
216100	3605	0.061873607
216100	3756	0.061873607
216100	875	0.061873604
216151	581	0.04380737
216151	4342	0.043807365
216151	6198	0.043807365
216151	2552	0.04380736
216151	719	0.043807358
216151	875	0.043807358
216151	1349	0.043807358
216151	3556	0.043807358
216151	3756	0.043807358
216151	365	0.043807354
216260	581	0.06831607
216260	2552	0.06831607
216260	4342	0.06831607
216260	6198	0.06831607
216260	1349	0.068316065
216260	3556	0.068316065
216260	719	0.06831606
216260	875	0.06831606
216260	2787	0.06831606
216260	3605	0.06831606
216386	581	0.045129344
216386	2552	0.045129344
216386	4342	0.045129344
216386	6198	0.045129344
216386	1349	0.04512934
216386	3556	0.04512934
216386	719	0.045129336
216386	875	0.045129336
216386	3605	0.045129336
216386	4218	0.045129336
216435	581	0.0732847
216435	2552	0.0732847
216435	4342	0.0732847
216435	6198	0.0732847
216435	719	0.07328469
216435	1349	0.07328469
216435	3556	0.07328469
216435	365	0.073284686
216435	875	0.073284686
216435	880	0.073284686
216444	581	0.071104124
216444	4342	0.071104124
216444	2552	0.07110412
216444	6198	0.07110412
216444	719	0.07110411
216444	1349	0.07110411
216444	3556	0.07110411
216444	3605	0.07110411
216444	875	0.0711041
216444	880	0.0711041
216466	581	0.04890746
216466	6198	0.04890746
216466	2552	0.048907455
216466	4342	0.048907455
216466	719	0.04890745
216466	1349	0.04890745
216466	3556	0.04890745
216466	875	0.048907444
216466	880	0.048907444
216466	2651	0.048907444
216495	2552	0.06339733
216495	6198	0.06339733
216495	581	0.063397326
216495	4342	0.063397326
216495	719	0.06339732
216495	1349	0.06339732
216495	3556	0.06339732
216495	3605	0.06339732
216495	1958	0.06339731
216495	2787	0.06339731
216501	581	0.059241608
216501	2552	0.059241608
216501	4342	0.059241608
216501	6198	0.059241608
216501	719	0.0592416
216501	1349	0.0592416
216501	3556	0.0592416
216501	875	0.059241593
216501	2787	0.059241593
216501	3605	0.059241593
216557	581	0.05629701
216557	2552	0.05629701
216557	6198	0.05629701
216557	719	0.056297004
216557	1349	0.056297004
216557	4342	0.056297004
216557	875	0.056297
216557	3556	0.056297
216557	365	0.056296997
216557	2787	0.056296997
216602	581	0.065840036
216602	719	0.065840036
216602	2552	0.065840036
216602	4342	0.065840036
216602	6198	0.065840036
216602	3556	0.06584003
216602	3605	0.06584003
216602	365	0.06584002
216602	875	0.06584002
216602	1349	0.06584002
216670	6198	0.062217705
216670	2552	0.0622177
216670	3605	0.062217698
216670	4342	0.062217698
216670	719	0.062217694
216670	1349	0.062217694
216670	3556	0.062217694
216670	2787	0.06221769
216670	3663	0.06221769
216670	3756	0.06221769
216724	581	0.03968732
216724	4342	0.03968732
216724	6198	0.039687317
216724	719	0.039687313
216724	1349	0.039687313
216724	2552	0.039687313
216724	3556	0.039687313
216724	3605	0.039687313
216724	3756	0.03968731
216724	4218	0.03968731
216781	581	0.06628508
216781	2552	0.066285074
216781	4342	0.066285074
216781	6198	0.066285074
216781	1349	0.06628507
216781	3556	0.06628507
216781	365	0.06628506
216781	719	0.06628506
216781	875	0.06628506
216781	1958	0.06628506
216829	581	0.10068088
216829	6198	0.10068088
216829	719	0.10068087
216829	2552	0.10068087
216829	4342	0.10068087
216829	875	0.10068086
216829	1349	0.10068086
216829	2787	0.10068086
216829	3556	0.10068086
216829	3605	0.10068086
216877	581	0.058649927
216877	2552	0.058649927
216877	4342	0.058649927
216877	6198	0.058649927
216877	719	0.05864992
216877	1349	0.05864992
216877	3556	0.05864992
216877	875	0.058649912
216877	2787	0.058649912
216877	3605	0.058649912
216882	581	0.075011246
216882	2552	0.075011246
216882	6198	0.075011246
216882	1349	0.07501124
216882	4342	0.07501124
216882	719	0.07501123
216882	875	0.07501122
216882	880	0.07501122
216882	2651	0.07501122
216882	2787	0.07501122
216955	581	0.06959361
216955	6198	0.0695936
216955	1349	0.06959359
216955	2552	0.06959359
216955	3556	0.06959359
216955	4342	0.06959359
216955	719	0.069593586
216955	875	0.069593586
216955	2787	0.069593586
216955	365	0.06959358
216962	581	0.04916347
216962	2552	0.04916347
216962	4342	0.04916347
216962	6198	0.04916347
216962	719	0.04916346
216962	1349	0.04916346
216962	3556	0.04916346
216962	875	0.049163457
216962	880	0.049163453
216962	1958	0.049163453
217012	581	0.05588536
217012	6198	0.05588536
217012	4342	0.055885356
217012	719	0.055885352
217012	2552	0.055885352
217012	1349	0.05588535
217012	875	0.055885345
217012	2787	0.055885345
217012	3556	0.055885345
217012	3605	0.055885345
217056	581	0.042133097
217056	6198	0.042133097
217056	719	0.042133093
217056	1349	0.042133093
217056	2552	0.042133093
217056	3556	0.042133093
217056	4342	0.042133093
217056	365	0.042133085
217056	875	0.042133085
217056	880	0.042133085
217106	581	0.06810519
217106	4342	0.06810519
217106	6198	0.06810519
217106	1349	0.06810518
217106	2552	0.06810518
217106	3556	0.06810518
217106	365	0.068105176
217106	719	0.068105176
217106	875	0.068105176
217106	2787	0.068105176
217107	581	0.057779722
217107	2552	0.05777972
217107	4342	0.05777972
217107	1349	0.057779714
217107	3556	0.057779714
217107	719	0.05777971
217107	875	0.057779707
217107	2787	0.057779707
217107	3605	0.057779707
217107	3756	0.057779707
217121	581	0.065636694
217121	2552	0.065636694
217121	4342	0.065636694
217121	6198	0.065636694
217121	719	0.06563669
217121	3556	0.06563669
217121	365	0.06563668
217121	875	0.06563668
217121	880	0.06563668
217121	1349	0.06563668
217270	581	0.046109553
217270	4342	0.04610955
217270	6198	0.04610955
217270	2552	0.046109546
217270	719	0.046109542
217270	1349	0.046109542
217270	3556	0.046109542
217270	3605	0.046109542
217270	875	0.04610954
217270	365	0.046109535
217318	581	0.062059786
217318	6198	0.062059782
217318	2552	0.06205978
217318	4342	0.06205978
217318	719	0.062059775
217318	1349	0.062059775
217318	3556	0.062059775
217318	3605	0.062059775
217318	2787	0.06205977
217318	4218	0.06205977
217375	581	0.08782732
217375	2552	0.08782731
217375	4342	0.08782731
217375	6198	0.08782731
217375	1349	0.0878273
217375	3556	0.0878273
217375	719	0.087827295
217375	2787	0.087827295
217375	3605	0.087827295
217375	3756	0.087827295
217444	581	0.05390516
217444	6198	0.05390516
217444	719	0.05390515
217444	1349	0.05390515
217444	2552	0.05390515
217444	3556	0.05390515
217444	4342	0.05390515
217444	3605	0.053905148
217444	875	0.053905144
217444	2787	0.053905144
217468	581	0.052979156
217468	6198	0.052979156
217468	4342	0.052979153
217468	719	0.05297915
217468	1349	0.05297915
217468	3556	0.05297915
217468	875	0.052979145
217468	3605	0.052979145
217468	365	0.05297914
217468	880	0.05297914
217496	581	0.04920128
217496	6198	0.04920128
217496	4342	0.049201276
217496	719	0.049201272
217496	1349	0.049201272
217496	2552	0.049201272
217496	3556	0.049201272
217496	875	0.04920127
217496	3605	0.04920127
217496	365	0.049201265
217512	581	0.047138724
217512	2552	0.04713872
217512	4342	0.04713872
217512	6198	0.04713872
217512	719	0.047138713
217512	1349	0.047138713
217512	3556	0.047138713
217512	3605	0.047138713
217512	875	0.04713871
217512	3756	0.04713871
217513	581	0.046584725
217513	2552	0.04658472
217513	4342	0.04658472
217513	6198	0.04658472
217513	1349	0.046584718
217513	3556	0.046584718
217513	719	0.046584714
217513	3605	0.046584714
217513	365	0.04658471
217513	875	0.04658471
217516	581	0.059863612
217516	6198	0.05986361
217516	2552	0.059863605
217516	4342	0.059863605
217516	1349	0.0598636
217516	719	0.059863597
217516	3556	0.059863597
217516	3605	0.059863597
217516	875	0.059863593
217516	2787	0.059863593
217673	581	0.038445726
217673	2552	0.038445726
217673	4342	0.038445726
217673	6198	0.038445726
217673	1349	0.038445722
217673	365	0.03844572
217673	719	0.03844572
217673	875	0.03844572
217673	3556	0.03844572
217673	3756	0.03844572
217811	581	0.05919706
217811	6198	0.05919706
217811	2552	0.059197057
217811	3556	0.059197053
217811	4342	0.059197053
217811	719	0.05919705
217811	1349	0.05919705
217811	875	0.059197046
217811	3605	0.059197046
217811	5147	0.059197046
217818	581	0.05166456
217818	4342	0.05166456
217818	6198	0.05166456
217818	2552	0.051664557
217818	719	0.051664554
217818	1349	0.051664554
217818	3556	0.051664554
217818	2787	0.05166455
217818	3756	0.05166455
217818	875	0.051664546
217958	581	0.05210261
217958	6198	0.05210261
217958	719	0.052102603
217958	2552	0.052102603
217958	4342	0.052102603
217958	1349	0.0521026
217958	3556	0.0521026
217958	3605	0.0521026
217958	875	0.052102596
217958	880	0.052102596
217986	581	0.060084812
217986	4342	0.06008481
217986	6198	0.06008481
217986	719	0.060084805
217986	2552	0.060084805
217986	1349	0.0600848
217986	875	0.060084797
217986	3556	0.060084797
217986	3605	0.060084797
217986	3756	0.060084797
218068	581	0.08909577
218068	2552	0.08909577
218068	4342	0.08909577
218068	6198	0.08909577
218068	719	0.089095764
218068	875	0.08909576
218068	1349	0.08909576
218068	3556	0.08909576
218068	3605	0.08909576
218068	2651	0.08909575
218121	581	0.09823209
218121	4342	0.098232076
218121	6198	0.098232076
218121	2552	0.09823207
218121	719	0.09823206
218121	1349	0.09823206
218121	3556	0.09823206
218121	3605	0.09823206
218121	3756	0.09823206
218121	875	0.09823205
218221	581	0.07036616
218221	6198	0.07036616
218221	2552	0.07036615
218221	4342	0.07036615
218221	719	0.070366144
218221	1349	0.070366144
218221	3556	0.070366144
218221	3605	0.070366144
218221	1958	0.07036614
218221	2787	0.07036614
218240	581	0.069309756
218240	719	0.069309756
218240	1349	0.069309756
218240	2552	0.069309756
218240	4342	0.069309756
218240	6198	0.069309756
218240	2787	0.06930975
218240	3556	0.06930975
218240	3605	0.06930975
218240	875	0.06930974
218241	6198	0.051514868
218241	581	0.051514864
218241	2552	0.051514864
218241	4342	0.051514864
218241	719	0.051514857
218241	1349	0.051514857
218241	3556	0.051514857
218241	875	0.051514853
218241	3605	0.051514853
218241	3756	0.051514853
218286	581	0.042073682
218286	4342	0.042073682
218286	6198	0.042073682
218286	2552	0.04207368
218286	3556	0.04207368
218286	719	0.042073674
218286	1349	0.042073674
218286	2787	0.04207367
218286	3756	0.04207367
218286	5147	0.04207367
218379	581	0.05921456
218379	2552	0.059214555
218379	4342	0.059214555
218379	6198	0.059214555
218379	719	0.05921455
218379	875	0.059214547
218379	1349	0.059214547
218379	3556	0.059214547
218379	3756	0.059214547
218379	5214	0.059214544
218411	581	0.052440457
218411	4342	0.052440453
218411	2552	0.05244045
218411	6198	0.05244045
218411	719	0.052440446
218411	1349	0.052440442
218411	3556	0.052440442
218411	3605	0.052440442
218411	875	0.05244044
218411	2787	0.05244044
218514	581	0.07348089
218514	2552	0.07348088
218514	6198	0.07348088
218514	1349	0.073480874
218514	3556	0.073480874
218514	4342	0.073480874
218514	719	0.07348087
218514	875	0.07348087
218514	3605	0.07348087
218514	365	0.07348086
218552	6198	0.09049021
218552	2552	0.0904902
218552	4342	0.0904902
218552	719	0.09049019
218552	1349	0.09049019
218552	3556	0.09049019
218552	3605	0.09049019
218552	4218	0.09049019
218552	365	0.09049018
218552	875	0.09049018
218568	581	0.059465215
218568	2552	0.05946521
218568	4342	0.05946521
218568	6198	0.05946521
218568	3605	0.059465207
218568	719	0.059465203
218568	1349	0.059465203
218568	3556	0.059465203
218568	875	0.059465196
218568	3756	0.059465196
218608	581	0.09824647
218608	6198	0.09824646
218608	1349	0.098246455
218608	2552	0.098246455
218608	4342	0.098246455
218608	719	0.09824645
218608	3556	0.09824645
218608	3605	0.09824645
218608	880	0.09824644
218608	2651	0.09824644
218615	581	0.08092074
218615	6198	0.08092074
218615	2552	0.08092073
218615	719	0.080920726
218615	1349	0.080920726
218615	3556	0.080920726
218615	3605	0.080920726
218615	4342	0.080920726
218615	1958	0.08092072
218615	2787	0.08092072
218636	581	0.081031635
218636	1349	0.081031635
218636	2552	0.081031635
218636	4342	0.081031635
218636	6198	0.081031635
218636	719	0.08103163
218636	3556	0.08103163
218636	875	0.08103162
218636	2787	0.08103162
218636	3605	0.08103162
218640	581	0.06201919
218640	2552	0.062019184
218640	4342	0.062019184
218640	6198	0.062019184
218640	719	0.06201918
218640	3556	0.06201918
218640	875	0.062019177
218640	1349	0.062019177
218640	3605	0.062019177
218640	3756	0.062019177
218689	581	0.061263356
218689	6198	0.061263353
218689	719	0.061263345
218689	2552	0.061263345
218689	4342	0.061263345
218689	1349	0.06126334
218689	3556	0.06126334
218689	875	0.061263338
218689	2787	0.061263338
218689	3605	0.061263338
218714	581	0.056949496
218714	4342	0.056949496
218714	6198	0.056949496
218714	2552	0.056949493
218714	719	0.05694949
218714	1349	0.05694949
218714	3556	0.05694949
218714	875	0.05694948
218714	1173	0.05694948
218714	2651	0.05694948
218721	581	0.074643806
218721	4342	0.0746438
218721	6198	0.0746438
218721	719	0.07464379
218721	1349	0.07464379
218721	2552	0.07464379
218721	3556	0.07464379
218721	3605	0.07464379
218721	2787	0.07464378
218721	3756	0.07464378
218760	581	0.045733735
218760	4342	0.04573373
218760	6198	0.04573373
218760	2552	0.045733728
218760	3556	0.045733728
218760	719	0.045733724
218760	875	0.04573372
218760	880	0.04573372
218760	1349	0.04573372
218760	2651	0.04573372
218836	6198	0.06045571
218836	581	0.060455706
218836	4342	0.060455706
218836	2552	0.060455702
218836	719	0.0604557
218836	1349	0.0604557
218836	875	0.060455695
218836	2787	0.060455695
218836	3556	0.060455695
218836	3605	0.060455695
218844	6198	0.051810354
218844	581	0.05181035
218844	2552	0.05181035
218844	4342	0.05181035
218844	1349	0.051810347
218844	3556	0.051810347
218844	719	0.051810343
218844	365	0.05181034
218844	875	0.05181034
218844	2651	0.05181034
218875	6198	0.05599694
218875	4342	0.055996936
218875	719	0.055996932
218875	2552	0.055996932
218875	3556	0.055996932
218875	875	0.055996925
218875	1349	0.055996925
218875	2787	0.055996925
218875	3605	0.055996925
218875	3756	0.055996925
218976	581	0.07357647
218976	2552	0.073576465
218976	6198	0.073576465
218976	4342	0.07357646
218976	719	0.07357645
218976	875	0.07357645
218976	880	0.07357645
218976	1349	0.07357645
218976	2787	0.07357645
218976	3556	0.07357645
219008	581	0.05991432
219008	6198	0.05991432
219008	2552	0.059914317
219008	4342	0.059914317
219008	1349	0.059914313
219008	719	0.05991431
219008	3556	0.05991431
219008	875	0.059914306
219008	2787	0.059914306
219008	3605	0.059914306
219035	581	0.05660454
219035	6198	0.05660454
219035	2552	0.056604538
219035	4342	0.056604538
219035	719	0.056604534
219035	3556	0.056604534
219035	875	0.05660453
219035	1349	0.056604527
219035	2651	0.056604527
219035	2787	0.056604527
219065	581	0.04271174
219065	2552	0.042711735
219065	4342	0.042711735
219065	6198	0.042711735
219065	719	0.04271173
219065	875	0.04271173
219065	1349	0.04271173
219065	3556	0.04271173
219065	2787	0.042711727
219065	3605	0.042711727
219149	581	0.039032273
219149	2552	0.03903227
219149	6198	0.03903227
219149	719	0.039032266
219149	1349	0.039032266
219149	3556	0.039032266
219149	4342	0.039032266
219149	875	0.03903226
219149	3605	0.03903226
219149	3756	0.03903226
219208	581	0.085875854
219208	2552	0.085875854
219208	6198	0.085875854
219208	4342	0.08587585
219208	719	0.08587584
219208	1349	0.08587584
219208	3556	0.08587584
219208	3605	0.08587584
219208	875	0.08587583
219208	2787	0.08587583
219209	581	0.08100037
219209	2552	0.08100037
219209	4342	0.08100037
219209	6198	0.08100037
219209	719	0.081000365
219209	1349	0.081000365
219209	3556	0.081000365
219209	875	0.08100036
219209	880	0.08100036
219209	2787	0.08100036
219278	581	0.06531694
219278	4342	0.06531694
219278	719	0.06531693
219278	2552	0.06531693
219278	3556	0.06531693
219278	6198	0.06531693
219278	875	0.06531692
219278	1349	0.06531692
219278	3605	0.06531692
219278	3756	0.06531692
219301	581	0.060778055
219301	2552	0.06077805
219301	4342	0.06077805
219301	6198	0.06077805
219301	719	0.060778044
219301	1349	0.060778044
219301	3556	0.060778044
219301	875	0.060778037
219301	2651	0.060778037
219301	2787	0.060778037
219321	581	0.0720156
219321	2552	0.0720156
219321	4342	0.0720156
219321	6198	0.0720156
219321	719	0.07201559
219321	1349	0.07201559
219321	3605	0.07201559
219321	3756	0.07201559
219321	875	0.07201558
219321	880	0.07201558
219353	6198	0.053076174
219353	581	0.05307617
219353	2552	0.05307617
219353	4342	0.053076167
219353	719	0.053076163
219353	1349	0.053076163
219353	3556	0.053076163
219353	3605	0.053076163
219353	3756	0.053076163
219353	875	0.05307616
219387	581	0.06661841
219387	2552	0.06661841
219387	4342	0.06661841
219387	6198	0.06661841
219387	719	0.066618405
219387	1349	0.066618405
219387	875	0.0666184
219387	880	0.0666184
219387	1958	0.0666184
219387	2651	0.0666184
219420	581	0.045319594
219420	2552	0.04531959
219420	4342	0.04531959
219420	6198	0.04531959
219420	719	0.045319587
219420	1349	0.045319587
219420	2787	0.045319583
219420	3556	0.045319583
219420	3605	0.045319583
219420	3756	0.045319583
219530	581	0.06868691
219530	4342	0.06868691
219530	2552	0.0686869
219530	6198	0.0686869
219530	719	0.068686895
219530	1349	0.068686895
219530	3556	0.068686895
219530	3605	0.068686895
219530	875	0.06868689
219530	880	0.06868689
219546	581	0.06451733
219546	6198	0.06451733
219546	719	0.06451732
219546	1349	0.06451732
219546	2552	0.06451732
219546	3556	0.06451732
219546	3605	0.06451732
219546	4342	0.06451732
219546	2787	0.06451731
219546	3663	0.06451731
219593	581	0.05299347
219593	2552	0.05299347
219593	4342	0.05299347
219593	6198	0.05299347
219593	3556	0.05299346
219593	719	0.052993458
219593	875	0.052993458
219593	1349	0.052993458
219593	880	0.052993454
219593	3605	0.052993454
219597	581	0.05969497
219597	6198	0.05969497
219597	2552	0.059694964
219597	4342	0.059694964
219597	719	0.05969496
219597	1349	0.05969496
219597	3556	0.059694957
219597	3605	0.059694957
219597	875	0.059694953
219597	2787	0.059694953
219671	581	0.057046976
219671	2552	0.057046972
219671	4342	0.057046972
219671	6198	0.057046972
219671	719	0.057046965
219671	1349	0.057046965
219671	2787	0.057046965
219671	3556	0.057046965
219671	3605	0.057046965
219671	875	0.05704696
219683	581	0.09167733
219683	6198	0.09167732
219683	2552	0.091677316
219683	4342	0.091677316
219683	719	0.09167731
219683	1349	0.09167731
219683	3556	0.09167731
219683	3605	0.09167731
219683	2787	0.0916773
219683	3756	0.0916773
219921	581	0.053264417
219921	2552	0.053264417
219921	6198	0.053264417
219921	4342	0.053264413
219921	719	0.05326441
219921	1349	0.05326441
219921	3556	0.05326441
219921	875	0.053264406
219921	3605	0.053264406
219921	365	0.0532644
219924	581	0.033231072
219924	4342	0.033231072
219924	6198	0.033231072
219924	2552	0.03323107
219924	719	0.033231065
219924	1349	0.033231065
219924	3556	0.033231065
219924	3605	0.033231065
219924	3756	0.033231065
219924	365	0.03323106
219949	581	0.0516222
219949	2552	0.051622197
219949	4342	0.051622197
219949	6198	0.051622197
219949	719	0.05162219
219949	875	0.05162219
219949	1349	0.05162219
219949	3556	0.05162219
219949	3605	0.05162219
219949	365	0.051622186
219951	581	0.048467748
219951	719	0.04846774
219951	2552	0.04846774
219951	4342	0.04846774
219951	6198	0.04846774
219951	3556	0.048467737
219951	365	0.048467733
219951	875	0.048467733
219951	880	0.048467733
219951	1349	0.048467733
219955	581	0.051663317
219955	6198	0.051663313
219955	2552	0.05166331
219955	4342	0.05166331
219955	1349	0.051663306
219955	719	0.051663302
219955	875	0.051663302
219955	2787	0.051663302
219955	3556	0.051663302
219955	3605	0.051663302
219974	581	0.054704085
219974	6198	0.054704085
219974	2552	0.05470408
219974	4342	0.05470408
219974	719	0.054704078
219974	1349	0.054704078
219974	3556	0.054704078
219974	3605	0.054704078
219974	4218	0.054704074
219974	875	0.05470407
220091	581	0.04837527
220091	6198	0.048375268
220091	2552	0.048375264
220091	4342	0.048375264
220091	719	0.04837526
220091	3556	0.04837526
220091	365	0.048375256
220091	875	0.048375256
220091	1349	0.048375256
220091	2787	0.048375256
220095	581	0.04851301
220095	2552	0.048513003
220095	4342	0.048513003
220095	6198	0.048513003
220095	719	0.048512995
220095	1349	0.048512995
220095	3556	0.048512995
220095	3605	0.048512995
220095	3756	0.04851299
220095	4218	0.04851299
220122	581	0.06406636
220122	6198	0.06406636
220122	1349	0.06406635
220122	2552	0.06406635
220122	4342	0.06406635
220122	719	0.06406634
220122	2787	0.06406634
220122	3556	0.06406634
220122	365	0.064066336
220122	875	0.064066336
220240	581	0.07667041
220240	4342	0.0766704
220240	6198	0.0766704
220240	719	0.07667039
220240	2552	0.07667039
220240	3556	0.07667039
220240	1349	0.076670386
220240	3605	0.076670386
220240	365	0.07667038
220240	875	0.07667038
220278	581	0.047889564
220278	2552	0.047889564
220278	6198	0.047889564
220278	1349	0.04788956
220278	4342	0.04788956
220278	719	0.047889557
220278	3556	0.047889557
220278	3605	0.047889557
220278	875	0.047889553
220278	880	0.047889553
220314	581	0.054306462
220314	6198	0.054306462
220314	2552	0.05430646
220314	4342	0.054306455
220314	719	0.05430645
220314	1349	0.05430645
220314	3556	0.05430645
220314	3605	0.05430645
220314	875	0.054306448
220314	880	0.054306448
220399	581	0.034582436
220399	6198	0.034582436
220399	1349	0.03458243
220399	2552	0.03458243
220399	3556	0.03458243
220399	3756	0.03458243
220399	4342	0.03458243
220399	5214	0.03458243
220399	719	0.034582425
220399	2787	0.034582425
220484	581	0.047188595
220484	4342	0.047188595
220484	6198	0.047188595
220484	2552	0.04718859
220484	719	0.047188587
220484	1349	0.047188587
220484	3556	0.047188587
220484	875	0.047188584
220484	3605	0.047188584
220484	365	0.04718858
220586	581	0.06717931
220586	2552	0.06717931
220586	4342	0.06717931
220586	6198	0.06717931
220586	719	0.0671793
220586	1349	0.0671793
220586	3556	0.0671793
220586	875	0.06717929
220586	880	0.06717929
220586	2651	0.06717929
220597	581	0.079071596
220597	4342	0.079071596
220597	6198	0.079071596
220597	2552	0.07907159
220597	3556	0.07907159
220597	719	0.07907158
220597	1349	0.07907158
220597	3605	0.07907158
220597	2787	0.079071574
220597	365	0.07907157
220608	4342	0.07580916
220608	719	0.07580915
220608	2552	0.07580915
220608	6198	0.07580915
220608	875	0.07580914
220608	1349	0.07580914
220608	3556	0.07580914
220608	3605	0.07580914
220608	365	0.075809136
220608	880	0.075809136
220635	6198	0.05731246
220635	581	0.057312455
220635	4342	0.057312455
220635	2552	0.05731245
220635	719	0.057312448
220635	3556	0.057312448
220635	875	0.057312444
220635	1349	0.057312444
220635	2787	0.057312444
220635	3605	0.057312444
220664	581	0.049555372
220664	2552	0.04955537
220664	4342	0.04955537
220664	6198	0.04955537
220664	3556	0.049555365
220664	719	0.04955536
220664	1349	0.04955536
220664	3605	0.04955536
220664	3756	0.04955536
220664	875	0.049555358
220688	4342	0.07341647
220688	581	0.073416464
220688	2552	0.073416464
220688	719	0.07341646
220688	3556	0.07341646
220688	6198	0.07341646
220688	875	0.07341645
220688	1349	0.07341645
220688	3605	0.07341645
220688	365	0.07341644
220759	581	0.06964627
220759	2552	0.06964627
220759	6198	0.06964627
220759	719	0.06964626
220759	3556	0.06964626
220759	875	0.069646254
220759	880	0.069646254
220759	1349	0.069646254
220759	2787	0.069646254
220759	3605	0.069646254
220867	581	0.055114843
220867	2552	0.055114843
220867	6198	0.055114843
220867	719	0.055114836
220867	4342	0.055114836
220867	1349	0.05511483
220867	3556	0.05511483
220867	875	0.055114828
220867	2787	0.055114828
220867	3605	0.055114828
220892	581	0.07515636
220892	6198	0.07515635
220892	719	0.075156346
220892	1349	0.075156346
220892	2552	0.075156346
220892	3556	0.075156346
220892	3605	0.075156346
220892	4342	0.075156346
220892	875	0.07515634
220892	2787	0.07515634
220911	581	0.04120052
220911	4342	0.04120052
220911	2552	0.041200515
220911	6198	0.041200515
220911	719	0.04120051
220911	1349	0.04120051
220911	3556	0.04120051
220911	3756	0.04120051
220911	5214	0.04120051
220911	875	0.041200507
220931	581	0.060825925
220931	2552	0.06082592
220931	4342	0.06082592
220931	6198	0.06082592
220931	719	0.060825914
220931	1349	0.060825914
220931	3556	0.060825914
220931	875	0.06082591
220931	2787	0.060825907
220931	3422	0.060825907
220945	581	0.040830113
220945	2552	0.040830113
220945	4342	0.040830113
220945	6198	0.040830113
220945	3556	0.04083011
220945	719	0.040830106
220945	1349	0.040830106
220945	875	0.0408301
220945	3756	0.0408301
220945	4218	0.0408301
221008	581	0.06361343
221008	6198	0.06361343
221008	2552	0.06361342
221008	4342	0.06361342
221008	719	0.063613415
221008	875	0.063613415
221008	880	0.063613415
221008	1349	0.063613415
221008	2651	0.063613415
221008	3556	0.063613415
221040	581	0.07392348
221040	6198	0.07392348
221040	2552	0.073923476
221040	1349	0.07392347
221040	3556	0.07392347
221040	3605	0.07392347
221040	4342	0.07392347
221040	719	0.07392346
221040	875	0.07392346
221040	2651	0.07392346
221050	4342	0.046296496
221050	2552	0.046296492
221050	6198	0.046296492
221050	875	0.04629649
221050	3556	0.04629649
221050	365	0.046296485
221050	719	0.046296485
221050	1349	0.046296485
221050	3756	0.046296485
221050	5147	0.046296485
221186	581	0.046568066
221186	6198	0.046568062
221186	2552	0.04656806
221186	4342	0.04656806
221186	719	0.046568055
221186	875	0.04656805
221186	1349	0.04656805
221186	2787	0.04656805
221186	3556	0.04656805
221186	3605	0.04656805
221232	581	0.06550003
221232	2552	0.06550002
221232	4342	0.06550002
221232	6198	0.06550002
221232	719	0.06550001
221232	1349	0.06550001
221232	3605	0.06550001
221232	875	0.065500006
221232	880	0.065500006
221232	1958	0.065500006
221309	581	0.055326562
221309	4342	0.05532656
221309	6198	0.05532656
221309	2552	0.055326555
221309	719	0.05532655
221309	1349	0.05532655
221309	875	0.055326547
221309	3556	0.055326547
221309	880	0.055326544
221309	2651	0.055326544
221327	581	0.05475241
221327	6198	0.054752406
221327	2552	0.054752402
221327	4342	0.054752402
221327	3556	0.0547524
221327	3605	0.0547524
221327	719	0.054752395
221327	1349	0.054752395
221327	2787	0.054752395
221327	4218	0.054752395
221368	581	0.059161514
221368	6198	0.05916151
221368	2552	0.059161507
221368	3556	0.059161507
221368	4342	0.059161507
221368	719	0.059161503
221368	1349	0.059161503
221368	3605	0.0591615
221368	4218	0.0591615
221368	875	0.059161495
221445	6198	0.07304411
221445	2552	0.0730441
221445	4342	0.0730441
221445	719	0.07304409
221445	1349	0.07304409
221445	3556	0.07304409
221445	3605	0.07304409
221445	4218	0.07304409
221445	875	0.073044084
221445	880	0.073044084
221510	581	0.059877183
221510	4342	0.059877183
221510	6198	0.059877183
221510	2552	0.05987718
221510	719	0.059877176
221510	1349	0.059877176
221510	3556	0.059877176
221510	875	0.059877172
221510	880	0.059877172
221510	2787	0.059877172
221543	581	0.054951135
221543	2552	0.05495113
221543	4342	0.05495113
221543	6198	0.05495113
221543	719	0.054951124
221543	1349	0.054951124
221543	3556	0.054951124
221543	3605	0.054951124
221543	875	0.05495112
221543	2787	0.05495112
221557	581	0.05983767
221557	2552	0.059837665
221557	4342	0.05983766
221557	6198	0.05983766
221557	719	0.059837654
221557	875	0.059837654
221557	1349	0.059837654
221557	3556	0.059837654
221557	2787	0.05983765
221557	3605	0.05983765
221655	581	0.07873768
221655	6198	0.07873768
221655	719	0.078737676
221655	1349	0.078737676
221655	2552	0.078737676
221655	4342	0.078737676
221655	875	0.07873767
221655	2787	0.07873767
221655	3556	0.07873767
221655	3605	0.07873767
221672	581	0.037387148
221672	2552	0.037387144
221672	4342	0.037387144
221672	6198	0.037387144
221672	719	0.03738714
221672	1349	0.03738714
221672	3556	0.03738714
221672	5214	0.037387136
221672	365	0.037387133
221672	875	0.037387133
221681	581	0.05715241
221681	2552	0.057152405
221681	4342	0.057152405
221681	6198	0.057152405
221681	719	0.057152398
221681	1349	0.057152398
221681	3556	0.057152398
221681	3605	0.057152398
221681	875	0.05715239
221681	880	0.05715239
221687	581	0.06960527
221687	2552	0.06960526
221687	3556	0.06960526
221687	6198	0.06960526
221687	719	0.06960525
221687	1349	0.06960525
221687	3605	0.06960525
221687	4342	0.06960525
221687	875	0.069605246
221687	1958	0.069605246
221705	6198	0.0723764
221705	581	0.07237639
221705	719	0.072376385
221705	1349	0.072376385
221705	2552	0.072376385
221705	3556	0.072376385
221705	3605	0.072376385
221705	4342	0.072376385
221705	1958	0.07237638
221705	365	0.07237637
221732	581	0.062494878
221732	4342	0.062494874
221732	6198	0.062494874
221732	719	0.062494867
221732	1349	0.062494867
221732	2552	0.062494867
221732	3605	0.062494863
221732	2787	0.06249486
221732	3556	0.06249486
221732	4218	0.06249486
221753	581	0.058467746
221753	2552	0.05846774
221753	4342	0.05846774
221753	6198	0.05846774
221753	719	0.05846773
221753	1349	0.05846773
221753	3556	0.05846773
221753	3605	0.05846773
221753	875	0.058467723
221753	880	0.058467723
221777	581	0.067008615
221777	2552	0.067008615
221777	6198	0.067008615
221777	4342	0.06700861
221777	719	0.0670086
221777	1349	0.0670086
221777	3556	0.0670086
221777	3605	0.0670086
221777	875	0.06700859
221777	880	0.06700859
221870	581	0.06414561
221870	6198	0.06414561
221870	2552	0.0641456
221870	4342	0.0641456
221870	719	0.064145595
221870	875	0.064145595
221870	1349	0.064145595
221870	2787	0.064145595
221870	3556	0.064145595
221870	3605	0.064145595
221948	581	0.054707155
221948	2552	0.054707147
221948	4342	0.054707147
221948	6198	0.054707147
221948	719	0.054707143
221948	1349	0.054707143
221948	2787	0.05470714
221948	3556	0.05470714
221948	3605	0.05470714
221948	3756	0.05470714
221967	581	0.049870584
221967	2552	0.04987058
221967	4342	0.04987058
221967	6198	0.049870577
221967	719	0.049870573
221967	875	0.049870573
221967	1349	0.049870573
221967	3556	0.049870573
221967	365	0.04987057
221967	3605	0.04987057
222034	581	0.07710863
222034	6198	0.07710863
222034	719	0.07710862
222034	1349	0.07710862
222034	2552	0.07710862
222034	4342	0.07710862
222034	3556	0.077108614
222034	3605	0.077108614
222034	3663	0.077108614
222034	365	0.07710861
222035	581	0.080295555
222035	1349	0.08029555
222035	2552	0.08029555
222035	4342	0.08029555
222035	6198	0.08029555
222035	3556	0.08029554
222035	3605	0.08029554
222035	719	0.08029553
222035	875	0.08029553
222035	880	0.08029553
222050	6198	0.07036727
222050	581	0.07036726
222050	1349	0.07036726
222050	2552	0.07036726
222050	4342	0.07036726
222050	719	0.070367254
222050	3556	0.070367254
222050	3605	0.070367254
222050	365	0.07036725
222050	875	0.07036725
222152	581	0.03424277
222152	2552	0.03424277
222152	4342	0.03424277
222152	6198	0.03424277
222152	719	0.034242768
222152	3556	0.034242768
222152	365	0.034242764
222152	1349	0.034242764
222152	2787	0.034242764
222152	3605	0.034242764
222204	581	0.07108516
222204	719	0.071085155
222204	2552	0.071085155
222204	4342	0.071085155
222204	6198	0.071085155
222204	3556	0.07108515
222204	365	0.07108514
222204	875	0.07108514
222204	880	0.07108514
222204	1349	0.07108514
222210	581	0.048355095
222210	2552	0.048355095
222210	4342	0.048355095
222210	6198	0.048355095
222210	719	0.048355088
222210	1349	0.048355088
222210	3556	0.048355088
222210	3756	0.048355084
222210	365	0.04835508
222210	875	0.04835508
222220	6198	0.079109594
222220	719	0.07910958
222220	1349	0.07910958
222220	2552	0.07910958
222220	3556	0.07910958
222220	4342	0.07910958
222220	3605	0.07910957
222220	3756	0.07910957
222220	365	0.079109564
222220	875	0.079109564
222296	581	0.08851452
222296	4342	0.08851452
222296	2552	0.088514514
222296	6198	0.088514514
222296	1349	0.08851451
222296	3556	0.08851451
222296	719	0.0885145
222296	3756	0.0885145
222296	365	0.08851449
222296	875	0.08851449
222353	581	0.063228406
222353	2552	0.0632284
222353	4342	0.0632284
222353	6198	0.0632284
222353	719	0.06322839
222353	1349	0.06322839
222353	3556	0.06322839
222353	365	0.06322838
222353	875	0.06322838
222353	1173	0.06322838
222372	581	0.05896247
222372	2552	0.058962464
222372	4342	0.058962464
222372	6198	0.058962464
222372	719	0.058962457
222372	1349	0.058962457
222372	3556	0.058962457
222372	3756	0.058962457
222372	875	0.058962453
222372	3605	0.058962453
222488	581	0.058776826
222488	2552	0.05877682
222488	4342	0.05877682
222488	6198	0.05877682
222488	3556	0.058776814
222488	719	0.05877681
222488	875	0.05877681
222488	1349	0.05877681
222488	3605	0.05877681
222488	3756	0.05877681
222492	581	0.052552655
222492	2552	0.052552655
222492	4342	0.052552655
222492	6198	0.052552655
222492	719	0.052552648
222492	1349	0.052552648
222492	3556	0.052552648
222492	3605	0.052552648
222492	875	0.052552644
222492	365	0.05255264
222501	581	0.054367166
222501	2552	0.054367162
222501	4342	0.054367162
222501	6198	0.054367162
222501	719	0.054367155
222501	1349	0.054367155
222501	3556	0.054367155
222501	3605	0.054367155
222501	3756	0.054367155
222501	875	0.05436715
222506	581	0.06328905
222506	4342	0.06328905
222506	2552	0.06328904
222506	6198	0.06328904
222506	719	0.06328903
222506	875	0.06328903
222506	1349	0.06328903
222506	2787	0.06328903
222506	3556	0.06328903
222506	365	0.063289024
222563	581	0.05833967
222563	6198	0.05833967
222563	2552	0.058339667
222563	719	0.058339663
222563	1349	0.058339663
222563	3605	0.058339663
222563	4342	0.058339663
222563	3556	0.05833966
222563	875	0.058339655
222563	2787	0.058339655
222614	581	0.077352546
222614	6198	0.077352546
222614	2552	0.07735254
222614	4342	0.07735254
222614	719	0.07735253
222614	875	0.07735253
222614	1349	0.07735253
222614	3556	0.07735253
222614	880	0.077352524
222614	1173	0.077352524
222677	581	0.05395333
222677	4342	0.053953327
222677	6198	0.053953327
222677	2552	0.053953324
222677	719	0.05395332
222677	1349	0.05395332
222677	3556	0.05395332
222677	3605	0.05395332
222677	875	0.053953312
222677	880	0.053953312
222688	581	0.06708801
222688	6198	0.067088
222688	719	0.06708799
222688	1349	0.06708799
222688	2552	0.06708799
222688	3556	0.06708799
222688	3605	0.06708799
222688	4342	0.06708799
222688	2787	0.067087986
222688	3756	0.067087986
222716	581	0.039912585
222716	2552	0.03991258
222716	4342	0.03991258
222716	6198	0.03991258
222716	1349	0.039912578
222716	365	0.039912574
222716	719	0.039912574
222716	875	0.039912574
222716	2787	0.039912574
222716	3422	0.039912574
222743	581	0.06373505
222743	2552	0.063735045
222743	4342	0.063735045
222743	6198	0.063735045
222743	719	0.06373504
222743	875	0.06373504
222743	1349	0.06373504
222743	2787	0.06373504
222743	3556	0.06373504
222743	3756	0.06373504
222788	581	0.05962562
222788	2552	0.05962562
222788	4342	0.05962562
222788	6198	0.05962562
222788	719	0.05962561
222788	1349	0.05962561
222788	3556	0.05962561
222788	3605	0.059625607
222788	875	0.059625603
222788	880	0.059625603
222941	581	0.071086615
222941	2552	0.071086615
222941	6198	0.071086615
222941	719	0.0710866
222941	1349	0.0710866
222941	3556	0.0710866
222941	3605	0.0710866
222941	4342	0.0710866
222941	875	0.07108659
222941	2651	0.07108659
223066	581	0.05617214
223066	2552	0.056172136
223066	6198	0.056172136
223066	1349	0.056172132
223066	4342	0.056172132
223066	719	0.05617213
223066	875	0.056172125
223066	2787	0.056172125
223066	3556	0.056172125
223066	3605	0.056172125
223078	581	0.055469763
223078	2552	0.05546976
223078	4342	0.05546976
223078	6198	0.05546976
223078	719	0.055469755
223078	1349	0.05546975
223078	3556	0.05546975
223078	3605	0.05546975
223078	875	0.055469748
223078	2787	0.055469748
223087	581	0.08664418
223087	6198	0.08664418
223087	2552	0.08664417
223087	4342	0.08664417
223087	719	0.086644165
223087	1349	0.086644165
223087	3556	0.086644165
223087	3605	0.08664416
223087	3756	0.08664416
223087	4218	0.08664416
223132	581	0.049949892
223132	6198	0.049949892
223132	2552	0.04994989
223132	4342	0.04994989
223132	1349	0.049949884
223132	3556	0.049949884
223132	719	0.04994988
223132	365	0.049949877
223132	875	0.049949877
223132	1958	0.049949877
223154	581	0.06862609
223154	4342	0.06862608
223154	719	0.068626076
223154	875	0.068626076
223154	1349	0.068626076
223154	2552	0.068626076
223154	3556	0.068626076
223154	3756	0.068626076
223154	6198	0.068626076
223154	880	0.06862607
223156	581	0.055212177
223156	2552	0.055212177
223156	6198	0.055212177
223156	4342	0.055212174
223156	719	0.05521217
223156	875	0.055212166
223156	1349	0.055212166
223156	3556	0.055212166
223156	880	0.055212162
223156	2651	0.055212162
223190	581	0.06610706
223190	719	0.06610705
223190	1349	0.06610705
223190	2552	0.06610705
223190	4342	0.06610705
223190	6198	0.06610705
223190	3556	0.06610704
223190	365	0.066107035
223190	875	0.066107035
223190	880	0.066107035
223201	6198	0.07884144
223201	581	0.07884143
223201	2552	0.07884143
223201	719	0.078841425
223201	3556	0.078841425
223201	1349	0.07884142
223201	3605	0.07884142
223201	3663	0.07884142
223201	3756	0.07884142
223201	875	0.07884141
223210	581	0.045586996
223210	4342	0.045586992
223210	6198	0.045586992
223210	719	0.04558699
223210	2552	0.04558699
223210	3556	0.04558699
223210	1349	0.045586985
223210	3605	0.045586985
223210	875	0.04558698
223210	2787	0.04558698
223231	581	0.08558816
223231	2552	0.08558816
223231	4342	0.08558816
223231	6198	0.08558815
223231	719	0.08558814
223231	1349	0.08558814
223231	3556	0.08558814
223231	875	0.085588135
223231	3756	0.085588135
223231	365	0.08558813
223238	581	0.06934272
223238	4342	0.06934271
223238	6198	0.06934271
223238	719	0.0693427
223238	875	0.0693427
223238	2552	0.0693427
223238	3556	0.0693427
223238	1349	0.069342695
223238	3663	0.069342695
223238	3756	0.069342695
223253	581	0.06414428
223253	2552	0.064144276
223253	4342	0.064144276
223253	6198	0.064144276
223253	719	0.06414427
223253	875	0.06414427
223253	1349	0.06414427
223253	3556	0.06414427
223253	3605	0.06414427
223253	880	0.06414426
223325	581	0.045102157
223325	2552	0.04510215
223325	3556	0.04510215
223325	4342	0.04510215
223325	6198	0.04510215
223325	719	0.045102146
223325	1349	0.045102146
223325	365	0.04510214
223325	875	0.04510214
223325	2787	0.04510214
223402	581	0.046171647
223402	2552	0.046171643
223402	4342	0.046171643
223402	6198	0.046171643
223402	719	0.046171635
223402	875	0.046171635
223402	1349	0.046171635
223402	3556	0.046171635
223402	2787	0.04617163
223402	3605	0.04617163
223431	581	0.07028912
223431	4342	0.07028912
223431	6198	0.07028912
223431	2552	0.07028911
223431	719	0.070289105
223431	875	0.070289105
223431	1349	0.070289105
223431	3556	0.070289105
223431	3605	0.070289105
223431	880	0.0702891
223438	581	0.07193318
223438	2552	0.07193318
223438	6198	0.07193318
223438	4342	0.07193317
223438	719	0.071933165
223438	875	0.071933165
223438	1349	0.071933165
223438	2787	0.071933165
223438	3556	0.071933165
223438	3663	0.071933165
223454	6198	0.061171524
223454	581	0.061171517
223454	2552	0.061171517
223454	4342	0.061171517
223454	3556	0.061171513
223454	719	0.06117151
223454	875	0.06117151
223454	1349	0.06117151
223454	3605	0.061171506
223454	365	0.061171502
223455	581	0.060766887
223455	4342	0.060766883
223455	6198	0.060766883
223455	2552	0.06076688
223455	719	0.060766872
223455	1349	0.060766872
223455	875	0.06076687
223455	3556	0.06076687
223455	3605	0.06076687
223455	2651	0.060766865
223461	581	0.06049363
223461	4342	0.060493626
223461	6198	0.060493626
223461	2552	0.060493622
223461	719	0.06049362
223461	1349	0.06049362
223461	3556	0.06049362
223461	875	0.060493615
223461	3605	0.060493615
223461	3756	0.060493615
223501	581	0.074888654
223501	1349	0.07488865
223501	2552	0.07488865
223501	3556	0.07488865
223501	4342	0.07488865
223501	6198	0.07488865
223501	719	0.07488864
223501	875	0.07488863
223501	880	0.07488863
223501	2651	0.07488863
223530	581	0.04756127
223530	2552	0.047561266
223530	4342	0.047561266
223530	6198	0.047561266
223530	719	0.047561258
223530	1349	0.047561258
223530	3556	0.047561258
223530	875	0.047561254
223530	2787	0.047561254
223530	3605	0.047561254
223554	581	0.055981956
223554	2552	0.055981956
223554	4342	0.055981956
223554	6198	0.055981956
223554	719	0.05598195
223554	1349	0.05598195
223554	3556	0.05598195
223554	3605	0.055981945
223554	875	0.05598194
223554	2787	0.05598194
223566	581	0.075669795
223566	2552	0.075669795
223566	4342	0.075669795
223566	6198	0.075669795
223566	1349	0.07566979
223566	719	0.07566978
223566	875	0.07566978
223566	880	0.07566978
223566	2651	0.07566978
223566	2787	0.07566978
223587	581	0.06704157
223587	2552	0.06704156
223587	4342	0.06704156
223587	6198	0.06704156
223587	1349	0.06704155
223587	3556	0.06704155
223587	365	0.067041546
223587	719	0.067041546
223587	875	0.067041546
223587	880	0.067041546
223608	581	0.043764196
223608	4342	0.043764193
223608	6198	0.043764193
223608	719	0.04376419
223608	1349	0.04376419
223608	2552	0.04376419
223608	3556	0.04376419
223608	3605	0.043764185
223608	3756	0.043764185
223608	365	0.04376418
223644	581	0.053604305
223644	6198	0.0536043
223644	719	0.053604297
223644	2552	0.053604297
223644	4342	0.053604297
223644	1349	0.053604294
223644	875	0.05360429
223644	2651	0.05360429
223644	2787	0.05360429
223644	3556	0.05360429
223714	581	0.044334926
223714	6198	0.044334926
223714	2552	0.044334922
223714	4342	0.044334922
223714	719	0.04433492
223714	1349	0.04433492
223714	3556	0.04433492
223714	875	0.044334915
223714	2787	0.044334915
223714	3605	0.044334915
223721	581	0.06602676
223721	4342	0.06602676
223721	2552	0.066026755
223721	6198	0.066026755
223721	719	0.06602675
223721	1349	0.06602675
223721	3556	0.06602675
223721	5214	0.06602675
223721	875	0.06602674
223721	880	0.06602674
223768	581	0.051932566
223768	4342	0.051932566
223768	6198	0.051932566
223768	2552	0.051932562
223768	719	0.05193256
223768	1349	0.05193256
223768	3556	0.05193256
223768	3605	0.05193256
223768	3756	0.05193256
223768	4218	0.05193256
223787	581	0.057556
223787	2552	0.057556
223787	6198	0.057556
223787	4342	0.057555996
223787	719	0.057555992
223787	1349	0.057555992
223787	3556	0.057555992
223787	875	0.05755599
223787	3605	0.05755599
223787	3756	0.05755599
223814	581	0.06591532
223814	2552	0.06591532
223814	4342	0.06591532
223814	6198	0.06591532
223814	719	0.06591531
223814	1349	0.06591531
223814	365	0.0659153
223814	875	0.0659153
223814	880	0.0659153
223814	1958	0.0659153
223816	581	0.050340585
223816	6198	0.050340585
223816	4342	0.05034058
223816	719	0.050340578
223816	1349	0.050340578
223816	2552	0.050340578
223816	3556	0.050340578
223816	3605	0.050340574
223816	365	0.05034057
223816	875	0.05034057
223872	6198	0.06089621
223872	581	0.060896203
223872	2552	0.060896203
223872	4342	0.060896203
223872	719	0.060896195
223872	1349	0.060896195
223872	3556	0.060896195
223872	3605	0.06089619
223872	3756	0.06089619
223872	365	0.060896188
223879	6198	0.055935327
223879	581	0.055935323
223879	2552	0.055935323
223879	4342	0.055935323
223879	1349	0.05593532
223879	719	0.055935316
223879	3556	0.055935316
223879	3605	0.055935316
223879	875	0.055935312
223879	880	0.055935312
223892	581	0.049209528
223892	4342	0.049209528
223892	6198	0.049209528
223892	719	0.04920952
223892	1349	0.04920952
223892	2552	0.04920952
223892	3556	0.04920952
223892	875	0.049209516
223892	2787	0.049209516
223892	3605	0.049209516
223927	581	0.091293946
223927	2552	0.091293946
223927	4342	0.091293946
223927	6198	0.091293946
223927	719	0.09129393
223927	875	0.09129393
223927	1349	0.09129393
223927	3556	0.09129393
223927	3605	0.09129393
223927	365	0.091293916
223953	581	0.06821139
223953	4342	0.068211384
223953	6198	0.068211384
223953	719	0.06821138
223953	875	0.06821138
223953	1349	0.06821138
223953	2552	0.06821138
223953	2787	0.06821138
223953	3556	0.06821138
223953	3605	0.06821138
223954	581	0.06106448
223954	2552	0.06106448
223954	4342	0.06106448
223954	6198	0.06106448
223954	719	0.061064474
223954	1349	0.061064474
223954	3556	0.061064474
223954	875	0.06106447
223954	880	0.061064467
223954	2651	0.061064467
223977	581	0.0641259
223977	2552	0.064125896
223977	3556	0.064125896
223977	4342	0.064125896
223977	6198	0.064125896
223977	719	0.06412589
223977	1349	0.06412589
223977	3605	0.06412589
223977	5147	0.06412589
223977	5214	0.06412589
224122	581	0.047543995
224122	4342	0.04754399
224122	2552	0.047543988
224122	6198	0.047543988
224122	719	0.047543984
224122	1349	0.047543984
224122	3556	0.047543984
224122	875	0.04754398
224122	2651	0.04754398
224122	2787	0.04754398
224138	581	0.09132284
224138	2552	0.091322824
224138	4342	0.091322824
224138	6198	0.091322824
224138	719	0.09132282
224138	3556	0.09132282
224138	875	0.09132281
224138	1349	0.09132281
224138	2787	0.09132281
224138	3605	0.09132281
224146	581	0.055007152
224146	2552	0.055007152
224146	4342	0.055007152
224146	6198	0.055007152
224146	719	0.055007145
224146	1349	0.055007145
224146	3556	0.05500714
224146	875	0.055007137
224146	880	0.055007137
224146	2651	0.055007137
224159	581	0.050564382
224159	6198	0.050564382
224159	2552	0.05056438
224159	4342	0.05056438
224159	719	0.050564375
224159	1349	0.050564375
224159	3556	0.05056437
224159	3605	0.05056437
224159	3756	0.05056437
224159	365	0.050564367
224209	581	0.047147296
224209	2552	0.047147296
224209	4342	0.047147296
224209	6198	0.047147296
224209	719	0.04714729
224209	1349	0.04714729
224209	3556	0.04714729
224209	3756	0.04714729
224209	875	0.047147285
224209	3605	0.047147285
224236	581	0.04394328
224236	6198	0.04394328
224236	2552	0.043943275
224236	4342	0.043943275
224236	719	0.04394327
224236	875	0.04394327
224236	1349	0.04394327
224236	3556	0.04394327
224236	3756	0.043943267
224236	365	0.043943264
224249	581	0.058779288
224249	2552	0.058779284
224249	4342	0.058779284
224249	6198	0.058779284
224249	719	0.058779277
224249	1349	0.058779277
224249	3556	0.058779277
224249	3756	0.058779273
224249	365	0.05877927
224249	875	0.05877927
224289	581	0.050099775
224289	2552	0.050099768
224289	4342	0.050099768
224289	6198	0.050099768
224289	1349	0.050099764
224289	719	0.05009976
224289	3556	0.05009976
224289	3605	0.05009976
224289	365	0.050099757
224289	875	0.050099757
224303	581	0.05221864
224303	6198	0.05221864
224303	719	0.05221863
224303	1349	0.05221863
224303	2552	0.05221863
224303	3556	0.05221863
224303	4342	0.05221863
224303	2787	0.052218623
224303	3605	0.052218623
224303	3756	0.052218623
224308	581	0.06595519
224308	2552	0.06595519
224308	4342	0.06595519
224308	6198	0.06595519
224308	1349	0.065955184
224308	3556	0.065955184
224308	719	0.06595518
224308	875	0.06595518
224308	880	0.06595518
224308	2651	0.06595518
224340	581	0.061280776
224340	6198	0.061280776
224340	2552	0.061280772
224340	1349	0.06128077
224340	4342	0.06128077
224340	719	0.061280765
224340	3556	0.061280765
224340	3605	0.06128076
224340	875	0.061280757
224340	880	0.061280757
224342	581	0.05712863
224342	6198	0.05712863
224342	2552	0.057128623
224342	4342	0.057128623
224342	1349	0.05712862
224342	3556	0.05712862
224342	719	0.057128616
224342	875	0.057128616
224342	2787	0.057128616
224342	3605	0.057128616
224349	581	0.09031473
224349	2552	0.09031472
224349	6198	0.09031472
224349	719	0.090314716
224349	1349	0.090314716
224349	3556	0.090314716
224349	4342	0.090314716
224349	3605	0.09031471
224349	365	0.0903147
224349	875	0.0903147
224430	581	0.09640235
224430	2552	0.09640235
224430	4342	0.09640235
224430	6198	0.09640235
224430	719	0.09640233
224430	1349	0.09640233
224430	3556	0.09640233
224430	3605	0.09640233
224430	1958	0.096402325
224430	2787	0.096402325
224435	581	0.059229884
224435	4342	0.05922988
224435	6198	0.05922988
224435	2552	0.059229877
224435	719	0.059229873
224435	1349	0.059229873
224435	875	0.059229866
224435	2787	0.059229866
224435	3556	0.059229866
224435	3605	0.059229866
224479	581	0.06478145
224479	719	0.06478144
224479	1349	0.06478144
224479	2552	0.06478144
224479	3556	0.06478144
224479	4342	0.06478144
224479	6198	0.06478144
224479	2787	0.064781435
224479	3605	0.064781435
224479	365	0.06478143
224525	581	0.08032842
224525	2552	0.08032842
224525	4342	0.08032842
224525	6198	0.08032842
224525	719	0.080328405
224525	1349	0.080328405
224525	3556	0.080328405
224525	3605	0.080328405
224525	875	0.0803284
224525	880	0.0803284
224626	581	0.08457172
224626	2552	0.08457172
224626	4342	0.08457172
224626	6198	0.08457172
224626	3605	0.08457171
224626	719	0.084571704
224626	875	0.084571704
224626	1349	0.084571704
224626	3556	0.084571704
224626	880	0.0845717
224646	581	0.05625488
224646	6198	0.056254875
224646	2552	0.05625487
224646	4342	0.05625487
224646	719	0.056254864
224646	1349	0.056254864
224646	3556	0.056254864
224646	3605	0.056254864
224646	875	0.05625486
224646	365	0.056254856
224764	2552	0.08532281
224764	4342	0.085322805
224764	581	0.0853228
224764	719	0.0853228
224764	6198	0.0853228
224764	1349	0.08532279
224764	2651	0.08532279
224764	3556	0.08532279
224764	365	0.08532278
224764	875	0.08532278
224768	4342	0.07020207
224768	6198	0.07020207
224768	581	0.07020206
224768	1349	0.07020206
224768	2552	0.07020206
224768	719	0.07020205
224768	875	0.07020205
224768	2651	0.07020205
224768	2787	0.07020205
224768	3556	0.07020205
224809	4342	0.101911664
224809	6198	0.101911664
224809	2552	0.10191166
224809	581	0.10191165
224809	719	0.10191165
224809	3556	0.10191165
224809	3605	0.10191165
224809	1349	0.10191164
224809	875	0.101911634
224809	880	0.101911634
224904	581	0.057450622
224904	2552	0.057450622
224904	4342	0.057450622
224904	6198	0.057450622
224904	1349	0.057450615
224904	3556	0.057450615
224904	719	0.05745061
224904	875	0.057450607
224904	880	0.057450607
224904	2651	0.057450607
224923	581	0.0752397
224923	4342	0.0752397
224923	719	0.075239696
224923	2552	0.075239696
224923	6198	0.075239696
224923	875	0.07523969
224923	880	0.07523969
224923	1349	0.07523969
224923	2787	0.07523969
224923	3556	0.07523969
224927	581	0.04480937
224927	2552	0.04480937
224927	6198	0.04480937
224927	4342	0.044809368
224927	719	0.044809364
224927	1349	0.044809364
224927	3556	0.044809364
224927	3605	0.04480936
224927	365	0.044809356
224927	875	0.044809356
224944	581	0.03768689
224944	4342	0.03768689
224944	6198	0.037686888
224944	719	0.037686884
224944	875	0.037686884
224944	1349	0.037686884
224944	2552	0.037686884
224944	3556	0.037686884
224944	3756	0.037686884
224944	5214	0.037686884
224997	581	0.075139776
224997	4342	0.07513977
224997	6198	0.07513977
224997	719	0.07513976
224997	875	0.07513976
224997	1349	0.07513976
224997	2552	0.07513976
224997	3556	0.07513976
224997	3605	0.07513975
224997	3663	0.07513975
225002	581	0.046957653
225002	2552	0.04695765
225002	4342	0.04695765
225002	6198	0.04695765
225002	719	0.046957646
225002	1349	0.046957646
225002	3556	0.04695764
225002	3756	0.04695764
225002	875	0.046957638
225002	2787	0.046957638
225066	581	0.057234548
225066	6198	0.057234548
225066	2552	0.05723454
225066	4342	0.05723454
225066	3556	0.057234537
225066	719	0.057234533
225066	875	0.057234533
225066	1349	0.057234533
225066	3605	0.057234533
225066	3756	0.057234533
225078	581	0.043457277
225078	2552	0.043457277
225078	4342	0.043457277
225078	6198	0.043457277
225078	1349	0.04345727
225078	3556	0.04345727
225078	3605	0.04345727
225078	3756	0.043457266
225078	365	0.043457262
225078	875	0.043457262
225187	581	0.06715998
225187	2552	0.06715998
225187	4342	0.06715998
225187	6198	0.06715998
225187	719	0.06715997
225187	1349	0.06715997
225187	3605	0.06715997
225187	875	0.067159966
225187	880	0.067159966
225187	1173	0.067159966
225191	581	0.062333062
225191	6198	0.062333062
225191	2552	0.06233306
225191	4342	0.06233306
225191	719	0.062333055
225191	875	0.062333047
225191	880	0.062333047
225191	1349	0.062333047
225191	2787	0.062333047
225191	3556	0.062333047
225199	581	0.0844807
225199	2552	0.0844807
225199	4342	0.0844807
225199	6198	0.0844807
225199	719	0.084480695
225199	1349	0.08448069
225199	3556	0.08448069
225199	3605	0.08448069
225199	3756	0.08448069
225199	4218	0.08448069
225378	581	0.049588628
225378	6198	0.049588628
225378	2552	0.049588624
225378	719	0.04958862
225378	3556	0.04958862
225378	4342	0.04958862
225378	1349	0.049588617
225378	3756	0.049588617
225378	875	0.049588613
225378	880	0.049588613
225379	581	0.07708377
225379	2552	0.07708377
225379	4342	0.07708377
225379	6198	0.07708377
225379	1349	0.07708376
225379	719	0.07708375
225379	875	0.07708375
225379	2787	0.07708375
225379	3556	0.07708375
225379	3605	0.07708375
225411	581	0.048151657
225411	6198	0.048151657
225411	2552	0.048151653
225411	4342	0.048151653
225411	719	0.04815165
225411	1349	0.04815165
225411	3556	0.04815165
225411	2787	0.048151646
225411	3605	0.048151646
225411	4218	0.048151646
225435	581	0.07829014
225435	719	0.078290135
225435	2552	0.078290135
225435	4342	0.078290135
225435	6198	0.078290135
225435	1349	0.07829013
225435	3556	0.07829013
225435	365	0.07829012
225435	875	0.07829012
225435	2651	0.07829012
225449	581	0.054805007
225449	4342	0.054805003
225449	6198	0.054805003
225449	2552	0.054805
225449	719	0.054804996
225449	1349	0.054804996
225449	3556	0.054804996
225449	3605	0.054804996
225449	5147	0.054804992
225449	875	0.05480499
225542	581	0.071426235
225542	4342	0.071426235
225542	6198	0.071426235
225542	719	0.07142623
225542	2552	0.07142623
225542	875	0.07142622
225542	1349	0.07142622
225542	3556	0.07142622
225542	3605	0.07142622
225542	365	0.07142621
225595	6198	0.07009364
225595	581	0.07009363
225595	719	0.07009363
225595	1349	0.07009363
225595	2552	0.07009363
225595	3556	0.07009363
225595	4342	0.07009363
225595	3605	0.070093624
225595	365	0.07009362
225595	875	0.07009362
225617	581	0.053537667
225617	6198	0.053537663
225617	1349	0.05353766
225617	2552	0.05353766
225617	4342	0.05353766
225617	3556	0.053537656
225617	3605	0.053537656
225617	719	0.053537652
225617	2787	0.053537652
225617	875	0.05353765
225683	581	0.04976446
225683	4342	0.04976446
225683	6198	0.049764458
225683	1349	0.049764454
225683	2552	0.049764454
225683	3556	0.049764454
225683	719	0.04976445
225683	3605	0.04976445
225683	875	0.049764447
225683	2787	0.049764447
225686	581	0.043771826
225686	4342	0.043771826
225686	2552	0.043771822
225686	6198	0.043771822
225686	719	0.04377182
225686	1349	0.04377182
225686	3556	0.04377182
225686	3605	0.043771815
225686	365	0.04377181
225686	875	0.04377181
225810	581	0.07097794
225810	2552	0.07097794
225810	6198	0.07097794
225810	4342	0.07097793
225810	365	0.070977926
225810	719	0.070977926
225810	1349	0.070977926
225810	3556	0.070977926
225810	3605	0.070977926
225810	875	0.07097792
225886	581	0.068700925
225886	6198	0.068700925
225886	2552	0.06870092
225886	4342	0.06870092
225886	719	0.06870091
225886	1349	0.06870091
225886	3556	0.06870091
225886	3605	0.06870091
225886	875	0.0687009
225886	880	0.0687009
225887	6198	0.065353416
225887	581	0.06535341
225887	2552	0.06535341
225887	3556	0.06535341
225887	3605	0.06535341
225887	4342	0.06535341
225887	719	0.0653534
225887	875	0.0653534
225887	1349	0.0653534
225887	3756	0.0653534
225912	581	0.072884314
225912	2552	0.07288431
225912	4342	0.07288431
225912	6198	0.07288431
225912	1349	0.0728843
225912	719	0.07288429
225912	875	0.07288429
225912	880	0.07288429
225912	2651	0.07288429
225912	2787	0.07288429
225938	6198	0.05420846
225938	2552	0.054208457
225938	4342	0.054208457
225938	719	0.05420845
225938	1349	0.05420845
225938	3556	0.05420845
225938	3605	0.05420845
225938	2787	0.054208446
225938	3756	0.054208446
225938	5147	0.054208446
225986	581	0.07205047
225986	6198	0.07205047
225986	2552	0.07205046
225986	719	0.07205045
225986	1349	0.07205045
225986	3556	0.07205045
225986	4342	0.07205045
225986	875	0.072050445
225986	2651	0.072050445
225986	2787	0.072050445
225989	6198	0.050448038
225989	581	0.05044803
225989	719	0.05044803
225989	2552	0.05044803
225989	4342	0.05044803
225989	1349	0.050448027
225989	3556	0.050448027
225989	875	0.050448023
225989	3605	0.050448023
225989	3756	0.050448023
225996	581	0.080204174
225996	2552	0.080204174
225996	4342	0.080204174
225996	6198	0.080204174
225996	719	0.08020417
225996	1349	0.08020417
225996	1958	0.08020416
225996	2651	0.08020416
225996	2787	0.08020416
225996	3556	0.08020416
226006	581	0.07157354
226006	6198	0.07157354
226006	2552	0.07157353
226006	4342	0.07157353
226006	875	0.071573526
226006	1349	0.071573526
226006	3556	0.071573526
226006	3605	0.071573526
226006	719	0.07157352
226006	2651	0.07157352
226205	581	0.06826621
226205	2552	0.068266205
226205	4342	0.068266205
226205	6198	0.068266205
226205	719	0.0682662
226205	1349	0.0682662
226205	3556	0.0682662
226205	2651	0.06826619
226205	3605	0.06826619
226205	3756	0.06826619
226267	581	0.05163785
226267	6198	0.05163785
226267	2552	0.051637847
226267	719	0.051637843
226267	1349	0.051637843
226267	3556	0.051637843
226267	4342	0.051637843
226267	3605	0.05163784
226267	875	0.051637836
226267	2787	0.051637836
226349	581	0.0589758
226349	6198	0.0589758
226349	4342	0.058975797
226349	719	0.058975793
226349	2552	0.058975793
226349	3556	0.058975793
226349	1349	0.05897579
226349	875	0.058975786
226349	2787	0.058975786
226349	3605	0.058975786
226393	581	0.050192866
226393	2552	0.050192863
226393	4342	0.050192863
226393	6198	0.050192863
226393	719	0.050192855
226393	1349	0.050192855
226393	3556	0.050192855
226393	875	0.05019285
226393	2787	0.05019285
226393	3605	0.05019285
226394	6198	0.058050226
226394	581	0.058050223
226394	2552	0.058050223
226394	4342	0.058050223
226394	3556	0.05805022
226394	719	0.058050215
226394	875	0.058050215
226394	1349	0.058050215
226394	3605	0.058050215
226394	2787	0.05805021
226462	581	0.059687406
226462	6198	0.059687406
226462	1349	0.0596874
226462	2552	0.0596874
226462	4342	0.0596874
226462	719	0.059687395
226462	875	0.05968739
226462	3556	0.05968739
226462	3605	0.05968739
226462	2651	0.059687387
226482	581	0.05614618
226482	2552	0.05614618
226482	4342	0.05614618
226482	6198	0.05614618
226482	719	0.056146175
226482	1349	0.056146175
226482	3556	0.05614617
226482	3605	0.05614617
226482	875	0.056146167
226482	3756	0.056146167
226545	581	0.071838036
226545	6198	0.07183803
226545	719	0.07183802
226545	1349	0.07183802
226545	2552	0.07183802
226545	4342	0.07183802
226545	3556	0.071838014
226545	3605	0.071838014
226545	4218	0.071838014
226545	5147	0.071838014
226553	581	0.06710774
226553	6198	0.06710774
226553	2552	0.06710773
226553	4342	0.06710773
226553	719	0.06710772
226553	875	0.06710772
226553	1349	0.06710772
226553	2787	0.06710772
226553	3556	0.06710772
226553	3605	0.06710772
226554	581	0.05844895
226554	6198	0.058448944
226554	2552	0.05844894
226554	4342	0.05844894
226554	1349	0.058448937
226554	3556	0.058448937
226554	3605	0.058448937
226554	719	0.058448933
226554	875	0.058448933
226554	3756	0.058448933
226616	581	0.05515822
226616	6198	0.05515822
226616	2552	0.055158217
226616	4342	0.055158217
226616	719	0.055158213
226616	1349	0.055158213
226616	3556	0.05515821
226616	875	0.055158205
226616	2787	0.055158205
226616	3605	0.055158205
226702	581	0.053754225
226702	4342	0.053754225
226702	6198	0.053754225
226702	2552	0.05375422
226702	719	0.053754218
226702	1349	0.053754218
226702	3556	0.053754218
226702	3605	0.053754214
226702	365	0.05375421
226702	875	0.05375421
226713	2552	0.064675674
226713	6198	0.064675674
226713	581	0.06467567
226713	719	0.06467566
226713	1349	0.06467566
226713	2787	0.06467566
226713	3556	0.06467566
226713	3605	0.06467566
226713	4342	0.06467566
226713	875	0.06467565
226739	581	0.066745676
226739	6198	0.066745676
226739	2552	0.06674567
226739	3556	0.06674567
226739	4342	0.06674567
226739	719	0.06674566
226739	875	0.06674566
226739	1349	0.06674566
226739	3605	0.06674566
226739	365	0.066745654
226745	581	0.0713579
226745	719	0.07135789
226745	1349	0.07135789
226745	2552	0.07135789
226745	4342	0.07135789
226745	6198	0.07135789
226745	875	0.07135788
226745	3556	0.07135788
226745	3605	0.07135788
226745	365	0.071357876
226772	581	0.052156128
226772	6198	0.052156128
226772	4342	0.052156124
226772	719	0.05215612
226772	1349	0.05215612
226772	2552	0.05215612
226772	3556	0.05215612
226772	3605	0.052156117
226772	365	0.052156113
226772	875	0.052156113
226874	581	0.05453138
226874	2552	0.05453138
226874	6198	0.05453138
226874	4342	0.054531377
226874	719	0.054531373
226874	1349	0.05453137
226874	3605	0.05453137
226874	365	0.054531366
226874	875	0.054531366
226874	880	0.054531366
226879	581	0.07563967
226879	6198	0.07563967
226879	2552	0.075639665
226879	3556	0.075639665
226879	4342	0.075639665
226879	1349	0.07563966
226879	719	0.07563965
226879	875	0.07563965
226879	2651	0.07563965
226879	2787	0.07563965
226926	581	0.043993667
226926	1349	0.04399366
226926	2552	0.04399366
226926	3556	0.04399366
226926	4342	0.04399366
226926	6198	0.04399366
226926	719	0.043993656
226926	875	0.043993652
226926	2787	0.043993652
226926	3605	0.043993652
226965	581	0.08828771
226965	6198	0.08828771
226965	4342	0.0882877
226965	1349	0.088287696
226965	2552	0.088287696
226965	3556	0.088287696
226965	719	0.08828769
226965	3756	0.08828769
226965	365	0.08828768
226965	875	0.08828768
226976	581	0.049487896
226976	6198	0.049487896
226976	1349	0.04948789
226976	2552	0.04948789
226976	3556	0.04948789
226976	4342	0.04948789
226976	2787	0.049487885
226976	3605	0.049487885
226976	719	0.04948788
226976	875	0.04948788
226987	581	0.053639337
226987	6198	0.053639337
226987	2552	0.053639334
226987	4342	0.053639334
226987	1349	0.05363933
226987	3556	0.05363933
226987	719	0.053639326
226987	3605	0.053639326
226987	875	0.053639323
226987	2787	0.053639323
227025	581	0.053253554
227025	4342	0.053253546
227025	6198	0.053253546
227025	2552	0.053253543
227025	3556	0.053253543
227025	719	0.05325354
227025	1349	0.05325354
227025	3605	0.05325354
227025	875	0.053253535
227025	3756	0.053253535
227054	6198	0.04492336
227054	581	0.044923358
227054	2552	0.044923358
227054	4342	0.044923358
227054	1349	0.044923354
227054	3556	0.044923354
227054	719	0.04492335
227054	875	0.04492335
227054	2787	0.04492335
227054	3605	0.04492335
227072	581	0.043514684
227072	2552	0.043514684
227072	4342	0.043514684
227072	6198	0.043514684
227072	1349	0.04351468
227072	719	0.043514676
227072	2787	0.043514676
227072	3556	0.043514676
227072	3605	0.043514676
227072	3663	0.043514676
227097	581	0.056217305
227097	2552	0.0562173
227097	6198	0.0562173
227097	4342	0.056217298
227097	1349	0.056217294
227097	3556	0.056217294
227097	719	0.05621729
227097	3605	0.05621729
227097	3756	0.05621729
227097	875	0.056217287
227146	581	0.050756596
227146	6198	0.050756596
227146	2552	0.050756592
227146	4342	0.050756592
227146	3556	0.05075659
227146	719	0.050756585
227146	1349	0.050756585
227146	875	0.05075658
227146	2651	0.05075658
227146	2787	0.05075658
227192	581	0.07011094
227192	2552	0.07011094
227192	6198	0.07011094
227192	1349	0.07011093
227192	4342	0.07011093
227192	719	0.070110925
227192	3556	0.070110925
227192	3605	0.070110925
227192	875	0.07011092
227192	880	0.07011092
227250	6198	0.06934194
227250	581	0.069341935
227250	2552	0.069341935
227250	4342	0.069341935
227250	719	0.06934193
227250	1349	0.06934193
227250	3556	0.06934193
227250	3605	0.06934193
227250	2651	0.06934192
227250	3663	0.06934192
227282	581	0.052254625
227282	2552	0.052254625
227282	6198	0.052254625
227282	719	0.052254617
227282	1349	0.052254617
227282	3556	0.052254617
227282	4342	0.052254617
227282	875	0.052254613
227282	880	0.05225461
227282	2787	0.05225461
227292	581	0.06046036
227292	6198	0.060460355
227292	4342	0.06046035
227292	1349	0.060460348
227292	2552	0.060460348
227292	719	0.060460344
227292	875	0.060460344
227292	3556	0.060460344
227292	3605	0.060460344
227292	3663	0.06046034
227295	581	0.05307524
227295	2552	0.05307523
227295	4342	0.05307523
227295	6198	0.05307523
227295	719	0.053075228
227295	875	0.053075224
227295	880	0.053075224
227295	1349	0.053075224
227295	2787	0.053075224
227295	3556	0.053075224
227327	581	0.053247225
227327	2552	0.05324722
227327	4342	0.05324722
227327	6198	0.05324722
227327	719	0.053247217
227327	1349	0.053247217
227327	2787	0.053247213
227327	3556	0.053247213
227327	3605	0.053247213
227327	875	0.05324721
227397	581	0.054702587
227397	2552	0.054702587
227397	4342	0.054702587
227397	6198	0.054702587
227397	719	0.05470258
227397	1349	0.05470258
227397	3556	0.05470258
227397	875	0.054702576
227397	2787	0.054702576
227397	3605	0.054702576
227413	581	0.05527655
227413	6198	0.05527655
227413	2552	0.055276547
227413	4342	0.055276547
227413	719	0.055276543
227413	1349	0.055276543
227413	3556	0.055276543
227413	3605	0.055276543
227413	875	0.055276535
227413	2787	0.055276535
227422	581	0.06739722
227422	2552	0.06739722
227422	6198	0.06739722
227422	4342	0.067397214
227422	719	0.06739721
227422	875	0.06739721
227422	1349	0.06739721
227422	3556	0.06739721
227422	3605	0.06739721
227422	365	0.0673972
227447	581	0.08123036
227447	6198	0.08123036
227447	4342	0.08123035
227447	719	0.08123034
227447	1349	0.08123034
227447	2552	0.08123034
227447	2787	0.08123034
227447	3556	0.08123034
227447	875	0.081230335
227447	3605	0.081230335
227467	6198	0.042991895
227467	2552	0.04299189
227467	4342	0.04299189
227467	719	0.042991888
227467	1349	0.042991888
227467	3556	0.042991888
227467	875	0.042991884
227467	3605	0.042991884
227467	3756	0.042991884
227467	4218	0.042991884
227520	581	0.0554396
227520	6198	0.0554396
227520	4342	0.055439595
227520	719	0.05543959
227520	1349	0.05543959
227520	2552	0.05543959
227520	3605	0.05543959
227520	3556	0.055439588
227520	875	0.055439584
227520	2787	0.055439584
227544	581	0.051276527
227544	2552	0.05127652
227544	4342	0.05127652
227544	6198	0.05127652
227544	1349	0.051276516
227544	719	0.051276512
227544	875	0.051276512
227544	2787	0.051276512
227544	3556	0.051276512
227544	3605	0.051276512
227591	581	0.059354886
227591	4342	0.059354883
227591	6198	0.059354883
227591	2552	0.05935488
227591	1349	0.059354875
227591	3556	0.059354875
227591	719	0.05935487
227591	875	0.05935487
227591	3605	0.05935487
227591	3756	0.05935487
227654	581	0.04877858
227654	2552	0.04877858
227654	6198	0.04877858
227654	4342	0.048778575
227654	719	0.04877857
227654	1349	0.04877857
227654	3556	0.04877857
227654	875	0.048778567
227654	3605	0.048778567
227654	880	0.048778564
227681	581	0.056559876
227681	2552	0.056559872
227681	6198	0.056559872
227681	1349	0.05655987
227681	4342	0.05655987
227681	3605	0.056559864
227681	719	0.05655986
227681	875	0.05655986
227681	3556	0.05655986
227681	365	0.056559857
227702	581	0.087205306
227702	2552	0.08720529
227702	4342	0.08720529
227702	6198	0.08720529
227702	719	0.08720528
227702	1349	0.08720528
227702	3556	0.08720528
227702	875	0.087205276
227702	2787	0.087205276
227702	3605	0.087205276
227705	6198	0.04630344
227705	581	0.046303436
227705	2552	0.046303436
227705	4342	0.046303436
227705	719	0.04630343
227705	875	0.04630343
227705	1349	0.04630343
227705	2651	0.04630343
227705	2787	0.04630343
227705	3605	0.04630343
227771	581	0.05019561
227771	2552	0.050195605
227771	4342	0.050195605
227771	6198	0.050195605
227771	3605	0.0501956
227771	719	0.050195597
227771	1349	0.050195597
227771	3556	0.050195597
227771	880	0.050195593
227771	2651	0.050195593
227836	581	0.06491545
227836	4342	0.06491544
227836	6198	0.06491544
227836	719	0.06491543
227836	1349	0.06491543
227836	2552	0.06491543
227836	3556	0.06491543
227836	875	0.064915426
227836	2787	0.064915426
227836	3605	0.064915426
227859	6198	0.047145385
227859	581	0.04714538
227859	2552	0.04714538
227859	4342	0.04714538
227859	1349	0.047145378
227859	3556	0.047145378
227859	719	0.047145374
227859	875	0.047145374
227859	2651	0.047145374
227859	3605	0.047145374
227884	581	0.07228107
227884	1349	0.07228106
227884	2552	0.07228106
227884	4342	0.07228106
227884	6198	0.07228106
227884	719	0.072281055
227884	3556	0.072281055
227884	365	0.07228105
227884	875	0.07228105
227884	880	0.07228105
227925	581	0.05124028
227925	6198	0.051240277
227925	2552	0.051240273
227925	4342	0.051240273
227925	719	0.05124027
227925	1349	0.05124027
227925	3556	0.05124027
227925	365	0.051240265
227925	875	0.051240265
227925	1173	0.051240265
228021	581	0.08064377
228021	6198	0.08064377
228021	2552	0.080643766
228021	4342	0.080643766
228021	719	0.08064376
228021	1349	0.08064376
228021	3556	0.08064376
228021	875	0.08064375
228021	3605	0.08064375
228021	4218	0.08064375
228108	581	0.059291564
228108	4342	0.059291564
228108	6198	0.059291564
228108	2552	0.05929156
228108	719	0.059291556
228108	1349	0.059291556
228108	875	0.059291553
228108	3556	0.059291553
228108	3605	0.059291553
228108	1958	0.05929155
228154	581	0.05980012
228154	2552	0.05980012
228154	4342	0.05980012
228154	6198	0.05980012
228154	719	0.05980011
228154	1349	0.05980011
228154	3556	0.059800107
228154	875	0.059800103
228154	2651	0.059800103
228154	2787	0.059800103
228181	581	0.059658736
228181	6198	0.059658736
228181	2552	0.05965873
228181	4342	0.05965873
228181	719	0.059658725
228181	875	0.05965872
228181	1349	0.05965872
228181	3556	0.05965872
228181	3605	0.05965872
228181	3756	0.05965872
228206	581	0.055136018
228206	2552	0.055136014
228206	6198	0.055136014
228206	4342	0.05513601
228206	719	0.055136006
228206	1349	0.055136006
228206	3556	0.055136006
228206	875	0.055136003
228206	3605	0.055136003
228206	3756	0.055136003
228245	581	0.052174
228245	6198	0.052174
228245	1349	0.052173994
228245	2552	0.052173994
228245	4342	0.052173994
228245	3556	0.05217399
228245	719	0.052173987
228245	875	0.052173987
228245	2787	0.052173987
228245	3605	0.052173987
228311	6198	0.07086325
228311	2552	0.07086324
228311	719	0.07086323
228311	1349	0.07086323
228311	2787	0.07086323
228311	3556	0.07086323
228311	3605	0.07086323
228311	4342	0.07086323
228311	875	0.070863225
228311	880	0.070863225
228313	581	0.05530212
228313	6198	0.05530212
228313	2552	0.055302117
228313	4342	0.055302117
228313	1349	0.055302113
228313	3605	0.055302113
228313	719	0.05530211
228313	3556	0.05530211
228313	875	0.055302106
228313	880	0.055302106
228321	581	0.05376425
228321	4342	0.053764246
228321	6198	0.053764246
228321	2552	0.053764243
228321	719	0.05376424
228321	1349	0.05376424
228321	3556	0.05376424
228321	3605	0.053764235
228321	875	0.05376423
228321	2787	0.05376423
228351	581	0.065673426
228351	6198	0.065673426
228351	2552	0.06567342
228351	4342	0.06567342
228351	719	0.06567341
228351	1349	0.06567341
228351	2787	0.06567341
228351	3556	0.06567341
228351	3605	0.06567341
228351	3663	0.06567341
228445	581	0.06758019
228445	2552	0.06758019
228445	4342	0.06758019
228445	6198	0.06758019
228445	719	0.067580186
228445	365	0.06758018
228445	875	0.06758018
228445	1349	0.06758018
228445	2651	0.06758018
228445	2787	0.06758018
228455	581	0.062247284
228455	2552	0.06224728
228455	4342	0.062247276
228455	6198	0.062247276
228455	719	0.062247273
228455	3556	0.062247273
228455	1349	0.06224727
228455	3605	0.06224727
228455	875	0.062247265
228455	880	0.062247265
228477	581	0.04653743
228477	2552	0.04653743
228477	6198	0.04653743
228477	719	0.04653742
228477	1349	0.04653742
228477	3605	0.04653742
228477	4342	0.04653742
228477	3556	0.046537418
228477	875	0.046537414
228477	1958	0.046537414
228579	581	0.07108331
228579	2552	0.07108331
228579	6198	0.07108331
228579	4342	0.0710833
228579	719	0.07108329
228579	875	0.07108329
228579	1349	0.07108329
228579	2787	0.07108329
228579	3556	0.07108329
228579	3605	0.07108329
228652	581	0.07002177
228652	6198	0.07002177
228652	719	0.07002176
228652	1349	0.07002176
228652	2552	0.07002176
228652	3556	0.07002176
228652	4342	0.07002176
228652	2787	0.070021756
228652	3605	0.070021756
228652	875	0.07002175
228681	581	0.073986724
228681	6198	0.073986724
228681	2552	0.07398672
228681	4342	0.07398672
228681	719	0.07398671
228681	875	0.07398671
228681	1349	0.07398671
228681	880	0.0739867
228681	2651	0.0739867
228681	3556	0.0739867
228727	581	0.06266397
228727	2552	0.06266397
228727	4342	0.06266397
228727	6198	0.06266397
228727	719	0.062663965
228727	875	0.06266396
228727	880	0.06266396
228727	1349	0.06266396
228727	2651	0.06266396
228727	2787	0.06266396
228738	581	0.045782574
228738	4342	0.045782574
228738	6198	0.045782574
228738	2552	0.04578257
228738	1349	0.045782566
228738	3556	0.045782566
228738	3605	0.045782566
228738	719	0.045782562
228738	875	0.045782562
228738	3756	0.045782562
228764	581	0.05103956
228764	6198	0.051039558
228764	2552	0.051039554
228764	4342	0.051039554
228764	1349	0.05103955
228764	719	0.051039547
228764	875	0.051039547
228764	880	0.051039547
228764	2787	0.051039547
228764	3556	0.051039547
228789	581	0.057906397
228789	4342	0.057906397
228789	6198	0.057906397
228789	2552	0.057906393
228789	719	0.05790639
228789	1349	0.057906386
228789	3556	0.057906386
228789	875	0.05790638
228789	2651	0.05790638
228789	2787	0.05790638
228868	581	0.056998633
228868	2552	0.056998633
228868	4342	0.056998633
228868	6198	0.056998633
228868	719	0.05699863
228868	1349	0.056998625
228868	3556	0.056998625
228868	2787	0.05699862
228868	365	0.056998618
228868	875	0.056998618
228998	6198	0.07510041
228998	581	0.0751004
228998	2552	0.0751004
228998	4342	0.0751004
228998	719	0.07510039
228998	1349	0.07510039
228998	3556	0.07510039
228998	875	0.075100385
228998	2787	0.075100385
228998	3605	0.075100385
229011	581	0.069793314
229011	4342	0.069793314
229011	6198	0.069793314
229011	2552	0.06979331
229011	719	0.0697933
229011	1349	0.0697933
229011	3556	0.0697933
229011	3605	0.0697933
229011	4218	0.0697933
229011	875	0.06979329
229055	581	0.048523977
229055	6198	0.048523977
229055	2552	0.048523974
229055	4342	0.048523974
229055	719	0.04852397
229055	1349	0.04852397
229055	3556	0.04852397
229055	2787	0.048523966
229055	3605	0.048523966
229055	365	0.048523962
229177	581	0.06948251
229177	6198	0.06948251
229177	2552	0.069482505
229177	4342	0.069482505
229177	719	0.0694825
229177	1349	0.0694825
229177	3556	0.0694825
229177	3605	0.0694825
229177	875	0.06948249
229177	880	0.06948249
229243	581	0.07032151
229243	719	0.0703215
229243	2552	0.0703215
229243	4342	0.0703215
229243	6198	0.0703215
229243	875	0.07032149
229243	3756	0.07032149
229243	880	0.070321485
229243	1173	0.070321485
229243	1211	0.070321485
229313	581	0.064847186
229313	4342	0.06484718
229313	6198	0.06484718
229313	719	0.06484717
229313	1349	0.06484717
229313	2552	0.06484717
229313	3556	0.06484717
229313	2787	0.064847164
229313	4218	0.064847164
229313	365	0.06484716
229331	581	0.054817088
229331	6198	0.054817084
229331	1349	0.05481708
229331	2552	0.05481708
229331	4342	0.05481708
229331	719	0.054817077
229331	3556	0.054817077
229331	2787	0.054817073
229331	3605	0.054817073
229331	3756	0.054817073
229334	6198	0.062917486
229334	2552	0.06291748
229334	581	0.06291747
229334	719	0.06291747
229334	1349	0.06291747
229334	3556	0.06291747
229334	3605	0.06291747
229334	4342	0.06291747
229334	875	0.06291746
229334	2651	0.06291746
229409	6198	0.09035826
229409	581	0.09035824
229409	1349	0.09035824
229409	2552	0.09035824
229409	4342	0.09035824
229409	719	0.090358235
229409	875	0.09035823
229409	2787	0.09035823
229409	3556	0.09035823
229409	3605	0.09035823
229448	581	0.0561627
229448	6198	0.0561627
229448	2552	0.056162696
229448	4342	0.056162696
229448	719	0.056162693
229448	1349	0.056162693
229448	3556	0.05616269
229448	875	0.056162685
229448	2787	0.056162685
229448	3605	0.056162685
229454	581	0.04806275
229454	6198	0.048062745
229454	2552	0.04806274
229454	4342	0.04806274
229454	719	0.048062738
229454	1349	0.048062738
229454	3556	0.048062738
229454	875	0.048062734
229454	3605	0.048062734
229454	3663	0.048062734
229496	581	0.05305035
229496	2552	0.05305035
229496	4342	0.053050347
229496	6198	0.053050347
229496	719	0.053050343
229496	875	0.05305034
229496	1349	0.05305034
229496	3556	0.05305034
229496	3605	0.05305034
229496	3756	0.05305034
229502	581	0.06047885
229502	6198	0.06047885
229502	2552	0.060478844
229502	4342	0.060478844
229502	719	0.06047884
229502	875	0.060478836
229502	1349	0.060478836
229502	3556	0.060478836
229502	3605	0.060478836
229502	3756	0.060478836
229551	581	0.06306024
229551	2552	0.06306024
229551	4342	0.06306024
229551	6198	0.06306024
229551	719	0.063060224
229551	875	0.063060224
229551	1349	0.063060224
229551	2787	0.063060224
229551	3422	0.063060224
229551	3556	0.063060224
229632	6198	0.057207566
229632	581	0.057207562
229632	2552	0.05720756
229632	4342	0.05720756
229632	719	0.057207555
229632	1349	0.057207555
229632	3556	0.057207555
229632	3605	0.05720755
229632	875	0.057207547
229632	2787	0.057207547
229656	581	0.075473405
229656	6198	0.075473405
229656	719	0.0754734
229656	2552	0.0754734
229656	4342	0.0754734
229656	875	0.07547339
229656	1349	0.07547339
229656	3556	0.07547339
229656	365	0.07547338
229656	880	0.07547338
229681	581	0.057078816
229681	6198	0.057078816
229681	2552	0.057078812
229681	1349	0.05707881
229681	4342	0.05707881
229681	3556	0.057078805
229681	3605	0.057078805
229681	719	0.0570788
229681	3756	0.0570788
229681	5147	0.0570788
229703	581	0.07708711
229703	6198	0.07708711
229703	719	0.077087104
229703	1349	0.077087104
229703	2552	0.077087104
229703	3556	0.077087104
229703	3605	0.077087104
229703	4342	0.077087104
229703	875	0.0770871
229703	365	0.07708709
229741	2552	0.08986246
229741	6198	0.08986246
229741	1349	0.08986245
229741	3556	0.08986245
229741	4342	0.08986245
229741	875	0.08986244
229741	365	0.089862436
229741	719	0.089862436
229741	2787	0.089862436
229741	3578	0.089862436
229742	581	0.041642588
229742	6198	0.041642588
229742	2552	0.041642584
229742	4342	0.041642584
229742	719	0.04164258
229742	1349	0.04164258
229742	3556	0.04164258
229742	875	0.041642576
229742	880	0.041642576
229742	2651	0.041642576
229767	581	0.05941677
229767	2552	0.05941677
229767	4342	0.05941677
229767	6198	0.05941677
229767	719	0.059416763
229767	1349	0.059416763
229767	3605	0.059416763
229767	3556	0.05941676
229767	875	0.059416756
229767	880	0.059416756
229768	581	0.08888622
229768	6198	0.08888622
229768	2552	0.08888621
229768	4342	0.08888621
229768	719	0.0888862
229768	1349	0.0888862
229768	3556	0.0888862
229768	3605	0.0888862
229768	880	0.088886194
229768	2651	0.088886194
229899	581	0.049083456
229899	6198	0.049083456
229899	2552	0.049083453
229899	4342	0.049083453
229899	719	0.04908345
229899	1349	0.04908345
229899	3556	0.04908345
229899	875	0.049083445
229899	3756	0.049083445
229899	365	0.04908344
229922	581	0.0686121
229922	2552	0.0686121
229922	6198	0.0686121
229922	719	0.068612084
229922	875	0.068612084
229922	1349	0.068612084
229922	2787	0.068612084
229922	3556	0.068612084
229922	3605	0.068612084
229922	3756	0.068612084
230013	6198	0.0596467
230013	581	0.059646696
230013	2552	0.059646696
230013	4342	0.059646692
230013	719	0.05964669
230013	1349	0.05964669
230013	3556	0.05964669
230013	875	0.05964668
230013	2651	0.05964668
230013	2787	0.05964668
230030	581	0.055008665
230030	2552	0.05500866
230030	6198	0.05500866
230030	719	0.055008657
230030	4342	0.055008657
230030	1349	0.055008654
230030	3556	0.055008654
230030	3605	0.055008654
230030	875	0.05500865
230030	2787	0.05500865
230105	581	0.060980063
230105	2552	0.06098006
230105	4342	0.06098006
230105	6198	0.06098006
230105	719	0.06098005
230105	1349	0.06098005
230105	3556	0.06098005
230105	3605	0.060980048
230105	875	0.060980044
230105	880	0.060980044
230115	581	0.057190016
230115	6198	0.057190016
230115	2552	0.057190012
230115	719	0.05719001
230115	4342	0.05719001
230115	1349	0.057190005
230115	875	0.05719
230115	3556	0.05719
230115	3605	0.05719
230115	880	0.057189997
230180	581	0.056101583
230180	4342	0.056101583
230180	6198	0.056101583
230180	2552	0.05610158
230180	719	0.056101575
230180	3556	0.056101575
230180	3605	0.056101575
230180	1349	0.05610157
230180	875	0.056101568
230180	880	0.056101568
230293	581	0.04360427
230293	6198	0.043604266
230293	2552	0.043604262
230293	4342	0.043604262
230293	1349	0.04360426
230293	3556	0.04360426
230293	719	0.043604255
230293	875	0.043604255
230293	880	0.043604255
230293	2787	0.043604255
230400	581	0.071186125
230400	4342	0.071186125
230400	6198	0.071186125
230400	2552	0.07118612
230400	719	0.07118611
230400	1349	0.07118611
230400	3556	0.07118611
230400	3605	0.07118611
230400	3756	0.07118611
230400	5147	0.07118611
230428	581	0.05158009
230428	2552	0.051580086
230428	4342	0.051580086
230428	6198	0.051580086
230428	1349	0.051580083
230428	719	0.05158008
230428	875	0.05158008
230428	2787	0.05158008
230428	3556	0.05158008
230428	3605	0.05158008
230496	581	0.07792589
230496	6198	0.07792589
230496	1349	0.07792588
230496	719	0.077925876
230496	2552	0.077925876
230496	2787	0.077925876
230496	3556	0.077925876
230496	3605	0.077925876
230496	4342	0.077925876
230496	875	0.07792587
230626	581	0.05361949
230626	6198	0.05361949
230626	2552	0.053619485
230626	4342	0.053619485
230626	719	0.05361948
230626	1349	0.05361948
230626	3556	0.05361948
230626	3605	0.053619478
230626	875	0.053619474
230626	1958	0.053619474
230627	581	0.036508895
230627	2552	0.03650889
230627	4342	0.03650889
230627	6198	0.03650889
230627	719	0.036508888
230627	1349	0.036508888
230627	3556	0.036508888
230627	875	0.036508884
230627	3605	0.036508884
230627	3756	0.036508884
230629	581	0.054129563
230629	2552	0.054129556
230629	4342	0.054129556
230629	6198	0.054129556
230629	719	0.05412955
230629	875	0.05412955
230629	1349	0.05412955
230629	3556	0.05412955
230629	3605	0.05412955
230629	3756	0.054129545
230687	581	0.0642398
230687	6198	0.0642398
230687	4342	0.06423979
230687	719	0.064239785
230687	1349	0.064239785
230687	2552	0.064239785
230687	2787	0.064239785
230687	3556	0.064239785
230687	3605	0.064239785
230687	365	0.06423978
230699	581	0.06146583
230699	6198	0.06146583
230699	2552	0.061465826
230699	4342	0.061465826
230699	3556	0.061465822
230699	719	0.06146582
230699	875	0.06146582
230699	1349	0.06146582
230699	3605	0.061465815
230699	3756	0.061465815
230708	6198	0.056892857
230708	581	0.056892853
230708	4342	0.056892853
230708	1349	0.05689285
230708	2552	0.05689285
230708	719	0.056892846
230708	875	0.056892842
230708	3556	0.056892842
230708	3605	0.056892842
230708	3663	0.056892842
230878	6198	0.047900345
230878	581	0.04790034
230878	4342	0.04790034
230878	2552	0.047900338
230878	719	0.047900334
230878	875	0.047900334
230878	1349	0.047900334
230878	2787	0.047900334
230878	3556	0.047900334
230878	3605	0.047900334
230985	581	0.05413971
230985	6198	0.05413971
230985	2552	0.054139707
230985	4342	0.054139707
230985	719	0.054139704
230985	1349	0.054139704
230985	3556	0.054139704
230985	875	0.054139696
230985	880	0.054139696
230985	2787	0.054139696
231081	581	0.049078844
231081	2552	0.049078844
231081	4342	0.049078844
231081	6198	0.049078844
231081	719	0.04907884
231081	1349	0.04907884
231081	875	0.049078837
231081	2787	0.049078837
231081	3556	0.049078837
231081	3605	0.049078837
231132	581	0.052669518
231132	2552	0.052669518
231132	4342	0.052669518
231132	6198	0.052669518
231132	719	0.05266951
231132	1349	0.05266951
231132	3556	0.05266951
231132	3605	0.052669507
231132	365	0.052669503
231132	875	0.052669503
231149	581	0.08287248
231149	6198	0.08287248
231149	719	0.082872465
231149	1349	0.082872465
231149	2552	0.082872465
231149	3556	0.082872465
231149	4342	0.082872465
231149	2787	0.08287246
231149	3605	0.08287246
231149	875	0.08287245
231210	581	0.07885805
231210	6198	0.07885804
231210	2552	0.07885803
231210	4342	0.07885803
231210	719	0.078858025
231210	1349	0.078858025
231210	3556	0.078858025
231210	3605	0.078858025
231210	875	0.07885802
231210	1958	0.07885802
231225	581	0.046209596
231225	6198	0.046209596
231225	2552	0.046209592
231225	719	0.04620959
231225	1349	0.04620959
231225	3556	0.04620959
231225	3605	0.04620959
231225	4342	0.04620959
231225	875	0.046209585
231225	880	0.046209585
231237	581	0.06417629
231237	2552	0.064176284
231237	4342	0.064176284
231237	6198	0.064176284
231237	719	0.06417628
231237	1349	0.06417628
231237	3556	0.06417628
231237	3605	0.06417628
231237	3756	0.06417628
231237	1211	0.06417627
231251	581	0.0716245
231251	2552	0.0716245
231251	4342	0.0716245
231251	6198	0.0716245
231251	719	0.071624495
231251	875	0.071624495
231251	1349	0.071624495
231251	365	0.07162449
231251	880	0.07162449
231251	2651	0.07162449
231252	581	0.06313267
231252	2552	0.06313267
231252	6198	0.06313267
231252	1349	0.063132666
231252	4342	0.063132666
231252	719	0.06313266
231252	875	0.06313266
231252	880	0.06313266
231252	1958	0.06313266
231252	2787	0.06313266
231255	581	0.049139842
231255	6198	0.04913984
231255	2552	0.049139835
231255	4342	0.049139835
231255	719	0.049139827
231255	1349	0.049139827
231255	2787	0.049139827
231255	3556	0.049139827
231255	3605	0.049139827
231255	875	0.049139824
231263	2552	0.06491171
231263	581	0.0649117
231263	4342	0.0649117
231263	6198	0.0649117
231263	719	0.06491169
231263	875	0.06491169
231263	1349	0.06491169
231263	2787	0.06491169
231263	3556	0.06491169
231263	3605	0.06491169
231264	581	0.06359422
231264	6198	0.06359422
231264	2552	0.063594215
231264	719	0.06359421
231264	1349	0.06359421
231264	3556	0.06359421
231264	3605	0.06359421
231264	4342	0.06359421
231264	875	0.0635942
231264	2651	0.0635942
231337	581	0.048114255
231337	2552	0.048114255
231337	6198	0.048114255
231337	3556	0.04811425
231337	4342	0.04811425
231337	719	0.048114248
231337	1349	0.048114248
231337	3605	0.048114248
231337	2787	0.048114244
231337	3663	0.048114244
231340	581	0.059443027
231340	2552	0.059443023
231340	6198	0.059443023
231340	719	0.05944302
231340	4342	0.05944302
231340	1349	0.059443016
231340	3556	0.059443016
231340	875	0.059443012
231340	2787	0.059443012
231340	3605	0.059443012
231351	581	0.08195107
231351	2552	0.08195105
231351	4342	0.08195105
231351	6198	0.08195105
231351	719	0.081951044
231351	1349	0.081951044
231351	3556	0.081951044
231351	875	0.08195104
231351	1958	0.08195104
231351	2651	0.08195104
231354	581	0.06697461
231354	1349	0.066974595
231354	2552	0.066974595
231354	3556	0.066974595
231354	4342	0.066974595
231354	6198	0.066974595
231354	719	0.06697459
231354	875	0.06697459
231354	2787	0.06697459
231354	3605	0.06697459
231357	581	0.049516503
231357	6198	0.049516503
231357	2552	0.0495165
231357	4342	0.0495165
231357	3556	0.049516495
231357	719	0.04951649
231357	875	0.04951649
231357	1349	0.04951649
231357	3605	0.04951649
231357	3756	0.04951649
231374	581	0.049728278
231374	6198	0.049728278
231374	2552	0.049728274
231374	4342	0.049728274
231374	3556	0.04972827
231374	719	0.049728267
231374	875	0.049728267
231374	1349	0.049728267
231374	3605	0.049728267
231374	880	0.049728263
231393	581	0.08056441
231393	4342	0.08056441
231393	6198	0.08056441
231393	2552	0.0805644
231393	719	0.080564395
231393	875	0.080564395
231393	1349	0.080564395
231393	2787	0.080564395
231393	3556	0.080564395
231393	3605	0.080564395
231395	6198	0.06290357
231395	581	0.06290356
231395	2552	0.06290356
231395	4342	0.06290356
231395	719	0.06290355
231395	1349	0.06290355
231395	3556	0.06290355
231395	3605	0.06290355
231395	365	0.062903546
231395	875	0.062903546
231560	581	0.051529795
231560	2552	0.05152979
231560	6198	0.05152979
231560	719	0.051529787
231560	4342	0.051529787
231560	1349	0.051529784
231560	3556	0.051529784
231560	875	0.05152978
231560	2787	0.05152978
231560	3422	0.05152978
231613	581	0.06995672
231613	6198	0.06995672
231613	2552	0.06995671
231613	4342	0.06995671
231613	719	0.069956705
231613	1349	0.069956705
231613	3556	0.069956705
231613	3605	0.069956705
231613	875	0.0699567
231613	1958	0.0699567
231694	581	0.051348094
231694	4342	0.05134809
231694	6198	0.05134809
231694	2552	0.051348086
231694	719	0.051348083
231694	875	0.051348083
231694	1349	0.051348083
231694	3556	0.051348083
231694	880	0.05134808
231694	2787	0.05134808
231823	581	0.065324806
231823	1349	0.0653248
231823	2552	0.0653248
231823	4342	0.0653248
231823	6198	0.0653248
231823	719	0.06532479
231823	3556	0.06532479
231823	365	0.06532478
231823	875	0.06532478
231823	880	0.06532478
231827	581	0.054954365
231827	6198	0.054954365
231827	2552	0.05495436
231827	4342	0.05495436
231827	719	0.054954357
231827	1349	0.054954357
231827	875	0.05495435
231827	2787	0.05495435
231827	3556	0.05495435
231827	3605	0.05495435
231857	581	0.0669177
231857	1349	0.0669177
231857	2552	0.0669177
231857	4342	0.0669177
231857	6198	0.0669177
231857	3556	0.066917695
231857	719	0.06691769
231857	875	0.06691769
231857	1211	0.06691769
231857	2651	0.06691769
231897	581	0.064356506
231897	4342	0.064356506
231897	6198	0.064356506
231897	719	0.0643565
231897	2552	0.0643565
231897	1349	0.06435649
231897	2787	0.06435649
231897	3422	0.06435649
231897	3556	0.06435649
231897	3605	0.06435649
231993	6198	0.059277173
231993	581	0.05927717
231993	2552	0.05927717
231993	4342	0.05927717
231993	719	0.059277162
231993	3605	0.059277162
231993	3556	0.05927716
231993	3756	0.05927716
231993	875	0.059277155
231993	880	0.059277155
232030	581	0.060167775
232030	2552	0.060167775
232030	4342	0.060167775
232030	6198	0.060167775
232030	1349	0.06016777
232030	719	0.060167767
232030	3556	0.060167767
232030	875	0.060167763
232030	2787	0.060167763
232030	3605	0.060167763
232052	581	0.04744758
232052	6198	0.04744758
232052	2552	0.047447577
232052	4342	0.047447577
232052	719	0.047447573
232052	1349	0.047447573
232052	3556	0.047447573
232052	875	0.04744757
232052	2787	0.04744757
232052	3605	0.04744757
232067	581	0.051316664
232067	2552	0.051316664
232067	6198	0.051316664
232067	4342	0.05131666
232067	1349	0.051316656
232067	3556	0.051316656
232067	719	0.051316652
232067	3605	0.051316652
232067	875	0.05131665
232067	1958	0.05131665
232103	581	0.062470965
232103	4342	0.062470965
232103	6198	0.062470965
232103	2552	0.06247096
232103	719	0.062470958
232103	1349	0.062470958
232103	3556	0.062470958
232103	875	0.062470954
232103	3605	0.062470954
232103	880	0.06247095
232106	2552	0.05568581
232106	6198	0.055685807
232106	581	0.055685803
232106	1349	0.055685803
232106	3556	0.055685803
232106	4342	0.055685803
232106	719	0.0556858
232106	875	0.0556858
232106	3605	0.055685796
232106	3756	0.055685796
232107	581	0.03452561
232107	1349	0.034525603
232107	2552	0.034525603
232107	3556	0.034525603
232107	4342	0.034525603
232107	6198	0.034525603
232107	719	0.0345256
232107	875	0.0345256
232107	3605	0.0345256
232107	365	0.034525596
232131	581	0.08582157
232131	6198	0.08582156
232131	719	0.085821554
232131	1349	0.085821554
232131	2552	0.085821554
232131	3556	0.085821554
232131	3605	0.085821554
232131	4342	0.085821554
232131	365	0.08582154
232131	2787	0.08582154
232211	581	0.055468846
232211	6198	0.055468842
232211	4342	0.05546884
232211	719	0.055468835
232211	1349	0.055468835
232211	2552	0.055468835
232211	3556	0.055468835
232211	3605	0.05546883
232211	875	0.055468827
232211	2787	0.055468827
232271	581	0.058240864
232271	2552	0.05824086
232271	4342	0.05824086
232271	6198	0.05824086
232271	719	0.058240853
232271	1349	0.058240853
232271	3556	0.058240853
232271	3605	0.058240853
232271	875	0.05824085
232271	3756	0.05824085
232292	581	0.058207348
232292	6198	0.058207344
232292	2552	0.05820734
232292	4342	0.05820734
232292	1349	0.058207337
232292	3556	0.058207337
232292	719	0.058207333
232292	875	0.058207333
232292	2787	0.058207333
232292	3605	0.058207333
232343	581	0.07510148
232343	2552	0.07510148
232343	4342	0.07510148
232343	6198	0.07510148
232343	1349	0.07510147
232343	719	0.075101465
232343	875	0.075101465
232343	1958	0.075101465
232343	2651	0.075101465
232343	2787	0.075101465
232492	581	0.060952842
232492	2552	0.060952842
232492	4342	0.060952842
232492	6198	0.060952842
232492	1349	0.060952835
232492	3556	0.060952835
232492	719	0.06095283
232492	3605	0.06095283
232492	875	0.060952827
232492	880	0.060952827
232583	581	0.07516191
232583	719	0.075161904
232583	2552	0.075161904
232583	3556	0.075161904
232583	4342	0.075161904
232583	6198	0.075161904
232583	875	0.0751619
232583	365	0.07516189
232583	880	0.07516189
232583	1211	0.07516189
232708	581	0.051497504
232708	4342	0.051497504
232708	6198	0.051497504
232708	1349	0.0514975
232708	2552	0.0514975
232708	719	0.051497497
232708	875	0.051497497
232708	3556	0.051497497
232708	3605	0.051497497
232708	2787	0.051497493
232736	581	0.052891202
232736	2552	0.052891202
232736	4342	0.052891202
232736	6198	0.052891202
232736	719	0.052891195
232736	1349	0.052891195
232736	3556	0.052891195
232736	875	0.05289119
232736	3605	0.05289119
232736	880	0.052891187
232756	1349	0.0697148
232756	2552	0.0697148
232756	3556	0.0697148
232756	3605	0.0697148
232756	4342	0.0697148
232756	6198	0.0697148
232756	719	0.06971479
232756	875	0.06971479
232756	365	0.069714785
232756	880	0.069714785
232838	581	0.057411592
232838	6198	0.05741159
232838	2552	0.057411585
232838	4342	0.057411585
232838	719	0.05741158
232838	1349	0.05741158
232838	3556	0.05741158
232838	3605	0.05741158
232838	2787	0.057411578
232838	875	0.057411574
232929	581	0.059386656
232929	6198	0.059386656
232929	2552	0.059386652
232929	4342	0.059386652
232929	3556	0.05938665
232929	719	0.059386645
232929	1349	0.059386645
232929	875	0.05938664
232929	2787	0.05938664
232929	3605	0.05938664
232945	581	0.06430754
232945	6198	0.06430754
232945	719	0.064307526
232945	1349	0.064307526
232945	2552	0.064307526
232945	3556	0.064307526
232945	4342	0.064307526
232945	2787	0.06430752
232945	3605	0.06430752
232945	3756	0.06430752
232959	581	0.047705248
232959	2552	0.047705244
232959	6198	0.047705244
232959	1349	0.04770524
232959	3556	0.04770524
232959	4342	0.04770524
232959	719	0.047705237
232959	875	0.047705233
232959	2787	0.047705233
232959	3605	0.047705233
232964	581	0.084751755
232964	4342	0.084751755
232964	6198	0.084751755
232964	2552	0.08475175
232964	719	0.08475174
232964	1349	0.08475174
232964	3556	0.08475174
232964	3605	0.08475174
232964	875	0.08475173
232964	2787	0.08475173
232990	581	0.068969056
232990	6198	0.068969056
232990	4342	0.06896905
232990	719	0.06896904
232990	1349	0.06896904
232990	2552	0.06896904
232990	3556	0.06896904
232990	875	0.06896903
232990	880	0.06896903
232990	2787	0.06896903
233117	581	0.04407175
233117	2552	0.04407174
233117	4342	0.04407174
233117	6198	0.04407174
233117	3556	0.044071738
233117	719	0.044071734
233117	875	0.044071734
233117	1349	0.044071734
233117	3422	0.044071734
233117	3605	0.044071734
233143	581	0.068069845
233143	2552	0.068069845
233143	4342	0.068069845
233143	6198	0.068069845
233143	719	0.06806984
233143	1349	0.06806984
233143	875	0.06806983
233143	880	0.06806983
233143	2651	0.06806983
233143	2787	0.06806983
233312	581	0.05249448
233312	2552	0.05249448
233312	6198	0.05249448
233312	4342	0.052494477
233312	719	0.052494474
233312	3556	0.052494474
233312	875	0.05249447
233312	1349	0.05249447
233312	3605	0.05249447
233312	880	0.052494466
233427	581	0.043456756
233427	2552	0.04345675
233427	4342	0.04345675
233427	6198	0.04345675
233427	719	0.043456748
233427	1349	0.043456748
233427	3556	0.043456748
233427	3756	0.043456744
233427	5214	0.043456744
233427	365	0.04345674
233430	581	0.05488178
233430	6198	0.05488178
233430	2552	0.054881778
233430	4342	0.054881778
233430	719	0.054881774
233430	1349	0.054881774
233430	3556	0.05488177
233430	875	0.054881766
233430	1958	0.054881766
233430	2787	0.054881766
233431	581	0.053084146
233431	2552	0.053084143
233431	4342	0.053084143
233431	6198	0.053084143
233431	719	0.05308414
233431	1349	0.05308414
233431	875	0.053084135
233431	3556	0.053084135
233431	3756	0.053084135
233431	2651	0.05308413
233436	581	0.049972817
233436	2552	0.049972817
233436	4342	0.049972817
233436	6198	0.049972817
233436	719	0.04997281
233436	1349	0.04997281
233436	3556	0.04997281
233436	875	0.049972806
233436	2787	0.049972806
233436	3605	0.049972806
233445	581	0.06881746
233445	4342	0.06881746
233445	6198	0.06881746
233445	719	0.06881745
233445	1349	0.06881745
233445	2552	0.06881745
233445	3556	0.06881745
233445	3605	0.06881745
233445	875	0.068817444
233445	3756	0.068817444
233480	581	0.063489154
233480	6198	0.063489154
233480	719	0.06348915
233480	1349	0.06348915
233480	2552	0.06348915
233480	4342	0.06348915
233480	875	0.06348914
233480	880	0.06348914
233480	1958	0.06348914
233480	2787	0.06348914
233526	581	0.05641959
233526	2552	0.05641958
233526	4342	0.05641958
233526	6198	0.05641958
233526	719	0.056419574
233526	1349	0.056419574
233526	3556	0.056419574
233526	875	0.05641957
233526	3605	0.05641957
233526	365	0.056419566
233529	581	0.054575752
233529	6198	0.054575752
233529	2552	0.05457575
233529	4342	0.05457575
233529	1349	0.054575745
233529	719	0.05457574
233529	875	0.05457574
233529	3556	0.05457574
233529	3605	0.05457574
233529	2787	0.054575738
233543	581	0.05198674
233543	6198	0.051986735
233543	1349	0.05198673
233543	2552	0.05198673
233543	4342	0.05198673
233543	719	0.051986724
233543	2787	0.051986724
233543	3556	0.051986724
233543	3605	0.051986724
233543	3663	0.05198672
233578	581	0.06885286
233578	2552	0.06885286
233578	4342	0.06885286
233578	6198	0.06885286
233578	1349	0.06885285
233578	3556	0.06885285
233578	719	0.06885284
233578	875	0.06885284
233578	880	0.06885284
233578	2651	0.06885284
233711	6198	0.073202774
233711	581	0.07320277
233711	2552	0.07320277
233711	4342	0.07320277
233711	719	0.07320276
233711	1349	0.07320276
233711	3556	0.07320276
233711	3605	0.07320276
233711	4218	0.07320276
233711	875	0.07320275
233719	581	0.07634882
233719	2552	0.07634881
233719	4342	0.07634881
233719	6198	0.07634881
233719	719	0.076348804
233719	1349	0.076348804
233719	875	0.0763488
233719	2651	0.0763488
233719	2787	0.0763488
233719	3556	0.0763488
233856	581	0.051470667
233856	2552	0.051470663
233856	4342	0.051470663
233856	6198	0.051470663
233856	719	0.05147066
233856	1349	0.05147066
233856	3556	0.05147066
233856	875	0.051470652
233856	2651	0.051470652
233856	2787	0.051470652
233867	581	0.058918633
233867	6198	0.05891863
233867	2552	0.058918625
233867	4342	0.058918625
233867	719	0.058918618
233867	1349	0.058918618
233867	3556	0.058918618
233867	3605	0.058918618
233867	3756	0.058918618
233867	875	0.058918614
233889	6198	0.051088467
233889	581	0.051088464
233889	2552	0.051088464
233889	4342	0.051088464
233889	719	0.05108846
233889	1349	0.05108846
233889	3556	0.05108846
233889	3605	0.051088456
233889	365	0.051088452
233889	875	0.051088452
233903	581	0.05856897
233903	4342	0.05856897
233903	6198	0.05856897
233903	719	0.058568962
233903	1349	0.058568962
233903	2552	0.058568962
233903	3556	0.058568962
233903	3605	0.058568962
233903	2787	0.05856896
233903	875	0.058568954
233911	581	0.052078396
233911	6198	0.052078396
233911	2552	0.052078392
233911	4342	0.052078392
233911	719	0.05207839
233911	1349	0.05207839
233911	3556	0.05207839
233911	875	0.052078385
233911	3756	0.052078385
233911	365	0.05207838
233976	581	0.061050024
233976	2552	0.06105002
233976	4342	0.06105002
233976	6198	0.06105002
233976	1349	0.061050013
233976	3556	0.061050013
233976	719	0.06105001
233976	3605	0.06105001
233976	875	0.061050005
233976	2787	0.061050005
234023	581	0.06361004
234023	1349	0.06361003
234023	2552	0.06361003
234023	4342	0.06361003
234023	6198	0.06361003
234023	719	0.063610025
234023	875	0.063610025
234023	3556	0.063610025
234023	3605	0.063610025
234023	3663	0.063610025
234165	581	0.055702902
234165	6198	0.055702902
234165	2552	0.0557029
234165	4342	0.055702895
234165	719	0.05570289
234165	1349	0.05570289
234165	3556	0.05570289
234165	875	0.055702887
234165	3605	0.055702887
234165	3663	0.055702887
234359	581	0.09371981
234359	2552	0.09371981
234359	4342	0.09371981
234359	6198	0.09371981
234359	1349	0.0937198
234359	719	0.093719795
234359	875	0.093719795
234359	3556	0.093719795
234359	3605	0.093719795
234359	3756	0.093719795
234399	581	0.05501589
234399	2552	0.05501589
234399	6198	0.05501589
234399	4342	0.055015888
234399	719	0.055015884
234399	1349	0.055015884
234399	3556	0.055015884
234399	875	0.05501588
234399	3605	0.05501588
234399	880	0.055015877
234565	581	0.056703568
234565	2552	0.05670356
234565	4342	0.05670356
234565	6198	0.05670356
234565	719	0.056703553
234565	1349	0.056703553
234565	3556	0.056703553
234565	3605	0.056703553
234565	3756	0.05670355
234565	365	0.056703545
234597	581	0.076699704
234597	2552	0.0766997
234597	4342	0.0766997
234597	6198	0.0766997
234597	719	0.07669969
234597	1349	0.07669969
234597	3556	0.07669969
234597	3605	0.07669969
234597	875	0.07669968
234597	3756	0.07669968
234614	6198	0.06123659
234614	581	0.061236586
234614	719	0.061236583
234614	2552	0.061236583
234614	4342	0.061236583
234614	1349	0.06123658
234614	2651	0.061236575
234614	2787	0.061236575
234614	3556	0.061236575
234614	3605	0.061236575
234623	581	0.0791667
234623	6198	0.079166695
234623	2552	0.07916669
234623	4342	0.07916669
234623	719	0.07916668
234623	875	0.07916668
234623	1349	0.07916668
234623	3556	0.07916668
234623	3605	0.07916668
234623	3756	0.07916668
234647	581	0.06773038
234647	2552	0.06773038
234647	4342	0.06773038
234647	6198	0.06773038
234647	719	0.06773037
234647	875	0.06773037
234647	1349	0.06773037
234647	1958	0.06773037
234647	2651	0.06773037
234647	2787	0.06773037
234672	581	0.05986271
234672	2552	0.05986271
234672	4342	0.05986271
234672	6198	0.05986271
234672	719	0.059862703
234672	1349	0.059862703
234672	3556	0.059862703
234672	3605	0.0598627
234672	365	0.059862696
234672	875	0.059862696
234675	581	0.053432807
234675	6198	0.053432804
234675	2552	0.0534328
234675	4342	0.0534328
234675	3556	0.053432796
234675	3605	0.053432796
234675	719	0.053432792
234675	1349	0.053432792
234675	2787	0.053432792
234675	3756	0.053432792
234721	6198	0.06908602
234721	581	0.069086015
234721	719	0.069086015
234721	2552	0.069086015
234721	4342	0.069086015
234721	1349	0.06908601
234721	3556	0.06908601
234721	3605	0.06908601
234721	3756	0.06908601
234721	365	0.069086
234743	581	0.046614263
234743	6198	0.046614263
234743	2552	0.04661426
234743	3556	0.04661426
234743	4342	0.04661426
234743	719	0.046614256
234743	1349	0.046614256
234743	3756	0.046614256
234743	875	0.046614252
234743	5147	0.046614252
234765	581	0.0709702
234765	4342	0.0709702
234765	719	0.07097019
234765	2552	0.07097019
234765	3556	0.07097019
234765	6198	0.07097019
234765	1349	0.070970185
234765	365	0.07097018
234765	875	0.07097018
234765	880	0.07097018
234893	581	0.05334532
234893	4342	0.05334532
234893	6198	0.05334532
234893	2552	0.053345315
234893	3556	0.053345315
234893	719	0.05334531
234893	875	0.053345308
234893	1349	0.053345308
234893	2787	0.053345308
234893	3605	0.053345308
234901	581	0.05510171
234901	2552	0.05510171
234901	719	0.055101708
234901	4342	0.055101708
234901	6198	0.055101708
234901	1349	0.055101704
234901	3556	0.055101704
234901	875	0.0551017
234901	2787	0.0551017
234901	3605	0.0551017
234925	6198	0.05660416
234925	581	0.056604158
234925	2552	0.056604158
234925	4342	0.056604158
234925	719	0.05660415
234925	1349	0.05660415
234925	3556	0.05660415
234925	2651	0.056604147
234925	2787	0.056604147
234925	3605	0.056604147
234948	581	0.05538115
234948	6198	0.05538115
234948	719	0.05538114
234948	2552	0.05538114
234948	4342	0.05538114
234948	3556	0.055381138
234948	1349	0.055381134
234948	2787	0.055381134
234948	3605	0.055381134
234948	365	0.05538113
234954	581	0.068003766
234954	2552	0.068003766
234954	6198	0.068003766
234954	3556	0.06800376
234954	4342	0.06800376
234954	719	0.06800375
234954	1349	0.06800375
234954	365	0.068003744
234954	875	0.068003744
234954	880	0.068003744
235059	581	0.06308725
235059	2552	0.06308725
235059	4342	0.06308725
235059	719	0.06308724
235059	1349	0.06308724
235059	3556	0.06308724
235059	3605	0.06308724
235059	6198	0.06308724
235059	875	0.06308723
235059	2787	0.06308723
235099	581	0.06322623
235099	4342	0.06322622
235099	6198	0.06322622
235099	719	0.063226216
235099	1349	0.063226216
235099	2552	0.063226216
235099	3605	0.063226216
235099	880	0.06322621
235099	1958	0.06322621
235099	2651	0.06322621
235146	581	0.06361398
235146	2552	0.06361398
235146	4342	0.06361398
235146	6198	0.06361398
235146	3556	0.06361397
235146	719	0.063613966
235146	880	0.063613966
235146	1349	0.063613966
235146	1958	0.063613966
235146	2787	0.063613966
235173	581	0.053792536
235173	2552	0.053792536
235173	4342	0.053792536
235173	6198	0.053792536
235173	719	0.05379253
235173	1349	0.05379253
235173	3556	0.05379253
235173	875	0.053792525
235173	3605	0.053792525
235173	365	0.05379252
235206	581	0.060948037
235206	4342	0.060948037
235206	6198	0.060948037
235206	719	0.06094803
235206	2552	0.06094803
235206	1349	0.060948025
235206	3556	0.060948025
235206	3605	0.060948025
235206	875	0.06094802
235206	3756	0.06094802
235282	581	0.10756346
235282	2552	0.10756344
235282	6198	0.10756344
235282	3556	0.107563436
235282	4342	0.107563436
235282	719	0.10756343
235282	875	0.10756342
235282	1349	0.10756342
235282	3605	0.10756342
235282	3756	0.10756342
235384	581	0.06643413
235384	6198	0.06643412
235384	719	0.066434115
235384	1349	0.066434115
235384	2552	0.066434115
235384	3556	0.066434115
235384	3605	0.066434115
235384	4342	0.066434115
235384	2787	0.06643411
235384	365	0.0664341
235392	6198	0.04610869
235392	581	0.046108685
235392	2552	0.046108685
235392	4342	0.046108685
235392	1349	0.04610868
235392	719	0.046108678
235392	875	0.046108678
235392	2787	0.046108678
235392	3556	0.046108678
235392	3605	0.046108678
235498	6198	0.06822416
235498	581	0.068224154
235498	2552	0.068224154
235498	719	0.06822415
235498	1349	0.06822415
235498	2787	0.06822415
235498	3556	0.06822415
235498	4342	0.06822415
235498	875	0.06822414
235498	880	0.06822414
235506	581	0.080481485
235506	2552	0.080481485
235506	6198	0.080481485
235506	4342	0.08048148
235506	719	0.08048147
235506	1349	0.08048147
235506	3556	0.08048147
235506	2651	0.08048146
235506	2787	0.08048146
235506	3605	0.08048146
235543	581	0.05338654
235543	2552	0.053386535
235543	4342	0.053386535
235543	6198	0.05338653
235543	719	0.053386528
235543	1349	0.053386528
235543	3556	0.053386528
235543	875	0.053386524
235543	2651	0.053386524
235543	3605	0.053386524
235671	6198	0.06319776
235671	581	0.063197754
235671	719	0.06319775
235671	1349	0.06319775
235671	2552	0.06319775
235671	3556	0.06319775
235671	3605	0.06319775
235671	3756	0.06319775
235671	4342	0.06319775
235671	365	0.06319774
235684	581	0.059314724
235684	6198	0.059314724
235684	2552	0.05931472
235684	4342	0.05931472
235684	719	0.059314717
235684	1349	0.059314717
235684	3556	0.059314717
235684	875	0.059314713
235684	3605	0.059314713
235684	2787	0.05931471
235842	581	0.063447766
235842	4342	0.063447766
235842	6198	0.063447766
235842	719	0.06344776
235842	1349	0.06344776
235842	2552	0.06344776
235842	2787	0.06344776
235842	3556	0.06344776
235842	3605	0.06344776
235842	880	0.06344775
235884	6198	0.058198072
235884	581	0.05819807
235884	2552	0.058198065
235884	4342	0.058198065
235884	719	0.058198057
235884	875	0.058198057
235884	1349	0.058198057
235884	3556	0.058198057
235884	2787	0.058198053
235884	3605	0.058198053
235888	581	0.048094355
235888	6198	0.04809435
235888	2552	0.048094347
235888	4342	0.048094347
235888	719	0.048094343
235888	1349	0.048094343
235888	3556	0.048094343
235888	875	0.04809434
235888	2787	0.04809434
235888	3605	0.04809434
235895	581	0.05662201
235895	2552	0.056622006
235895	4342	0.056622006
235895	6198	0.056622006
235895	719	0.056622
235895	1349	0.056622
235895	3556	0.056622
235895	3605	0.056622
235895	875	0.056621995
235895	2651	0.056621995
235935	581	0.0680816
235935	2552	0.0680816
235935	4342	0.0680816
235935	6198	0.0680816
235935	1349	0.068081595
235935	719	0.06808159
235935	875	0.06808159
235935	880	0.06808159
235935	2651	0.06808159
235935	2787	0.06808159
235952	581	0.05743001
235952	6198	0.05743001
235952	2552	0.057430007
235952	4342	0.057430007
235952	719	0.05743
235952	1349	0.05743
235952	3556	0.05743
235952	3605	0.05743
235952	875	0.05742999
235952	880	0.05742999
236017	581	0.06633781
236017	2552	0.06633781
236017	4342	0.06633781
236017	6198	0.06633781
236017	719	0.0663378
236017	1349	0.0663378
236017	875	0.066337794
236017	880	0.066337794
236017	1958	0.066337794
236017	2651	0.066337794
236025	581	0.058334142
236025	6198	0.058334142
236025	4342	0.05833414
236025	719	0.058334135
236025	2552	0.058334135
236025	1349	0.05833413
236025	3605	0.05833413
236025	2787	0.058334127
236025	3556	0.058334127
236025	4218	0.058334127
236030	581	0.07592717
236030	6198	0.07592716
236030	1349	0.07592715
236030	2552	0.07592715
236030	3556	0.07592715
236030	3605	0.07592715
236030	4342	0.07592715
236030	719	0.075927146
236030	365	0.07592714
236030	875	0.07592714
236044	581	0.05601531
236044	4342	0.056015305
236044	6198	0.056015305
236044	2552	0.0560153
236044	719	0.056015298
236044	1349	0.056015298
236044	3556	0.056015298
236044	3605	0.056015298
236044	2787	0.056015294
236044	875	0.05601529
236058	581	0.075345024
236058	2552	0.075345024
236058	6198	0.075345024
236058	4342	0.07534502
236058	719	0.07534501
236058	1349	0.07534501
236058	3556	0.07534501
236058	3605	0.07534501
236058	875	0.075345
236058	2651	0.075345
236097	581	0.049038664
236097	6198	0.049038664
236097	4342	0.04903866
236097	719	0.049038656
236097	1349	0.049038656
236097	2552	0.049038656
236097	3556	0.049038656
236097	3605	0.049038652
236097	875	0.04903865
236097	1958	0.04903865
236164	581	0.05975049
236164	2552	0.059750482
236164	4342	0.059750482
236164	6198	0.059750482
236164	719	0.059750475
236164	1349	0.059750475
236164	3556	0.059750475
236164	3605	0.059750475
236164	365	0.059750468
236164	875	0.059750468
236172	581	0.0584385
236172	6198	0.0584385
236172	2552	0.058438495
236172	4342	0.058438495
236172	719	0.05843849
236172	3556	0.05843849
236172	875	0.058438487
236172	1349	0.058438487
236172	3605	0.058438487
236172	2787	0.058438484
236235	581	0.06736779
236235	2552	0.06736779
236235	4342	0.06736779
236235	6198	0.06736779
236235	719	0.067367785
236235	1349	0.067367785
236235	3556	0.067367785
236235	875	0.06736778
236235	880	0.06736778
236235	1958	0.06736778
236255	581	0.052776627
236255	2552	0.052776627
236255	4342	0.052776627
236255	6198	0.052776627
236255	719	0.05277662
236255	1349	0.05277662
236255	3556	0.05277662
236255	875	0.052776616
236255	3605	0.052776616
236255	365	0.052776612
236267	581	0.061824575
236267	2552	0.061824575
236267	6198	0.061824575
236267	4342	0.06182457
236267	719	0.061824568
236267	1349	0.061824568
236267	3556	0.061824564
236267	875	0.06182456
236267	2651	0.06182456
236267	3605	0.06182456
236269	6198	0.073942654
236269	581	0.07394265
236269	2552	0.07394265
236269	4342	0.07394265
236269	719	0.07394264
236269	1349	0.07394264
236269	3556	0.07394264
236269	3605	0.07394264
236269	365	0.07394263
236269	875	0.07394263
236322	581	0.080124795
236322	2552	0.080124795
236322	4342	0.080124795
236322	6198	0.080124795
236322	719	0.08012479
236322	875	0.08012478
236322	1349	0.08012478
236322	3556	0.08012478
236322	3605	0.08012478
236322	880	0.08012477
236340	581	0.065605864
236340	1349	0.06560585
236340	2552	0.06560585
236340	3605	0.06560585
236340	4342	0.06560585
236340	6198	0.06560585
236340	719	0.06560584
236340	875	0.06560584
236340	3556	0.06560584
236340	365	0.065605834
236349	581	0.04297413
236349	6198	0.04297413
236349	2552	0.042974126
236349	4342	0.042974126
236349	1349	0.042974122
236349	3556	0.042974122
236349	3605	0.042974122
236349	719	0.04297412
236349	2787	0.04297412
236349	3756	0.04297412
236399	581	0.06612636
236399	6198	0.06612636
236399	4342	0.066126354
236399	719	0.06612635
236399	1349	0.06612635
236399	2552	0.06612635
236399	2787	0.06612635
236399	3556	0.06612635
236399	3605	0.06612635
236399	365	0.06612634
236480	581	0.04668227
236480	6198	0.04668227
236480	2552	0.046682265
236480	719	0.04668226
236480	1349	0.04668226
236480	3556	0.04668226
236480	4342	0.04668226
236480	875	0.046682253
236480	880	0.046682253
236480	1958	0.046682253
236587	581	0.07438445
236587	4342	0.07438444
236587	6198	0.07438444
236587	719	0.074384436
236587	2552	0.074384436
236587	2651	0.074384436
236587	875	0.07438443
236587	880	0.07438443
236587	1349	0.07438443
236587	3556	0.07438443
236595	581	0.049012713
236595	2552	0.049012713
236595	6198	0.049012713
236595	4342	0.04901271
236595	719	0.049012706
236595	1349	0.049012706
236595	3556	0.049012706
236595	3605	0.049012702
236595	365	0.0490127
236595	875	0.0490127
236618	581	0.050712224
236618	4342	0.05071222
236618	2552	0.050712217
236618	6198	0.050712217
236618	719	0.050712213
236618	875	0.050712213
236618	5214	0.050712213
236618	1349	0.05071221
236618	3556	0.05071221
236618	3756	0.05071221
236621	581	0.063803285
236621	6198	0.063803285
236621	2552	0.06380328
236621	3605	0.06380328
236621	4342	0.06380328
236621	719	0.06380327
236621	875	0.06380327
236621	1349	0.06380327
236621	2651	0.06380327
236621	2787	0.06380327
236700	581	0.071751006
236700	1349	0.071751
236700	2552	0.071751
236700	4342	0.071751
236700	6198	0.071751
236700	719	0.07175099
236700	3556	0.07175099
236700	3605	0.07175099
236700	3756	0.07175099
236700	365	0.07175098
236754	581	0.057720773
236754	6198	0.057720773
236754	2552	0.057720765
236754	3556	0.057720765
236754	4342	0.057720765
236754	719	0.05772076
236754	1349	0.05772076
236754	2787	0.057720758
236754	3605	0.057720758
236754	875	0.057720754
236757	2552	0.08893825
236757	6198	0.08893825
236757	4342	0.08893824
236757	719	0.088938236
236757	1349	0.088938236
236757	3556	0.088938236
236757	3605	0.088938236
236757	875	0.08893823
236757	3756	0.08893823
236757	5147	0.08893823
236840	581	0.05665419
236840	4342	0.05665419
236840	2552	0.056654185
236840	6198	0.056654185
236840	719	0.056654178
236840	875	0.056654178
236840	1349	0.056654178
236840	3556	0.056654178
236840	3605	0.056654174
236840	880	0.05665417
236943	581	0.04881321
236943	2552	0.04881321
236943	6198	0.04881321
236943	4342	0.048813205
236943	719	0.0488132
236943	875	0.0488132
236943	1349	0.0488132
236943	3556	0.0488132
236943	1211	0.048813194
236943	2651	0.048813194
236948	581	0.10845518
236948	6198	0.10845518
236948	4342	0.10845517
236948	719	0.108455166
236948	2552	0.108455166
236948	3556	0.108455166
236948	1349	0.10845516
236948	3605	0.10845516
236948	875	0.10845515
236948	2787	0.10845515
236955	581	0.06352556
236955	2552	0.06352556
236955	6198	0.06352556
236955	4342	0.06352555
236955	719	0.06352554
236955	875	0.06352554
236955	1349	0.06352554
236955	2651	0.06352554
236955	2787	0.06352554
236955	3556	0.06352554
236959	6198	0.054603416
236959	581	0.054603413
236959	2552	0.054603413
236959	4342	0.054603413
236959	1349	0.05460341
236959	3556	0.05460341
236959	719	0.054603405
236959	875	0.054603405
236959	3605	0.054603405
236959	4366	0.0546034
236979	581	0.073319614
236979	1349	0.073319614
236979	2552	0.073319614
236979	3556	0.073319614
236979	4342	0.073319614
236979	6198	0.073319614
236979	719	0.07331961
236979	875	0.07331961
236979	880	0.0733196
236979	1958	0.0733196
236994	581	0.054019604
236994	2552	0.0540196
236994	4342	0.0540196
236994	6198	0.0540196
236994	719	0.054019593
236994	1349	0.054019593
236994	3556	0.054019593
236994	3756	0.054019593
236994	875	0.05401959
236994	2787	0.05401959
237064	581	0.0556944
237064	4342	0.0556944
237064	6198	0.0556944
237064	2552	0.055694398
237064	719	0.055694394
237064	1349	0.055694394
237064	3556	0.055694394
237064	875	0.055694386
237064	880	0.055694386
237064	2651	0.055694386
237264	581	0.055971377
237264	6198	0.055971377
237264	2552	0.05597137
237264	4342	0.05597137
237264	719	0.055971365
237264	1349	0.055971365
237264	875	0.05597136
237264	2787	0.05597136
237264	3556	0.05597136
237264	3605	0.05597136
237271	581	0.061742906
237271	6198	0.061742906
237271	2552	0.0617429
237271	4342	0.0617429
237271	719	0.061742894
237271	1349	0.061742894
237271	3556	0.061742894
237271	3605	0.061742894
237271	365	0.061742887
237271	875	0.061742887
237275	581	0.055783212
237275	2552	0.055783212
237275	4342	0.055783212
237275	6198	0.055783212
237275	719	0.055783205
237275	1349	0.055783205
237275	3556	0.055783205
237275	875	0.055783197
237275	880	0.055783197
237275	2651	0.055783197
237397	6198	0.046135876
237397	581	0.046135873
237397	2552	0.046135873
237397	4342	0.046135873
237397	1349	0.04613587
237397	3556	0.04613587
237397	719	0.046135865
237397	2787	0.046135865
237397	3605	0.046135865
237397	3756	0.046135865
237407	581	0.045263946
237407	2552	0.04526394
237407	4342	0.04526394
237407	6198	0.04526394
237407	719	0.04526393
237407	875	0.04526393
237407	1349	0.04526393
237407	3556	0.04526393
237407	3605	0.04526393
237407	365	0.045263927
237411	581	0.050819904
237411	2552	0.050819904
237411	6198	0.050819904
237411	4342	0.0508199
237411	1349	0.050819896
237411	3556	0.050819896
237411	719	0.050819892
237411	2787	0.050819892
237411	365	0.05081989
237411	875	0.05081989
237429	581	0.057665724
237429	2552	0.05766572
237429	4342	0.05766572
237429	6198	0.05766572
237429	719	0.057665713
237429	1349	0.057665713
237429	3556	0.057665713
237429	3605	0.057665713
237429	3756	0.05766571
237429	365	0.057665706
237433	581	0.06175392
237433	2552	0.061753914
237433	4342	0.061753914
237433	6198	0.061753914
237433	719	0.061753906
237433	1349	0.061753906
237433	3556	0.061753906
237433	3605	0.061753903
237433	875	0.0617539
237433	880	0.0617539
237434	581	0.07336611
237434	6198	0.07336611
237434	2552	0.073366106
237434	4342	0.073366106
237434	1349	0.0733661
237434	3556	0.0733661
237434	719	0.07336609
237434	875	0.07336609
237434	1958	0.07336609
237434	2651	0.07336609
237474	581	0.06157804
237474	2552	0.061578035
237474	4342	0.061578035
237474	6198	0.061578035
237474	719	0.061578028
237474	1349	0.061578028
237474	3556	0.061578028
237474	875	0.061578024
237474	880	0.06157802
237474	3605	0.06157802
237486	581	0.07128025
237486	719	0.07128024
237486	2552	0.07128024
237486	4342	0.07128024
237486	6198	0.07128024
237486	1349	0.07128023
237486	3556	0.07128023
237486	3605	0.07128023
237486	875	0.071280226
237486	880	0.071280226
237534	581	0.073100336
237534	1349	0.07310033
237534	2552	0.07310033
237534	4342	0.07310033
237534	6198	0.07310033
237534	3556	0.07310032
237534	719	0.07310031
237534	875	0.07310031
237534	880	0.07310031
237534	1958	0.07310031
237715	6198	0.05739445
237715	581	0.057394445
237715	2552	0.057394445
237715	4342	0.057394445
237715	719	0.057394437
237715	1349	0.057394437
237715	3556	0.057394437
237715	875	0.057394434
237715	2787	0.057394434
237715	3605	0.057394434
237748	6198	0.06958008
237748	581	0.06958007
237748	2552	0.06958007
237748	4342	0.06958007
237748	719	0.06958006
237748	1349	0.06958006
237748	3556	0.06958006
237748	3605	0.06958006
237748	875	0.069580056
237748	2787	0.069580056
237856	581	0.04428988
237856	4342	0.04428988
237856	6198	0.044289876
237856	719	0.044289872
237856	875	0.044289872
237856	1349	0.044289872
237856	2552	0.044289872
237856	3556	0.044289872
237856	5147	0.04428987
237856	365	0.044289865
237898	581	0.07156054
237898	4342	0.07156054
237898	6198	0.07156054
237898	719	0.07156053
237898	875	0.07156053
237898	1349	0.07156053
237898	2552	0.07156053
237898	3556	0.07156053
237898	3605	0.07156053
237898	365	0.071560524
237990	581	0.06866196
237990	2552	0.06866196
237990	4342	0.06866196
237990	6198	0.06866196
237990	719	0.06866195
237990	365	0.06866194
237990	875	0.06866194
237990	880	0.06866194
237990	1211	0.06866194
237990	1349	0.06866194
238008	581	0.047099542
238008	6198	0.047099542
238008	2552	0.04709954
238008	4342	0.04709954
238008	719	0.047099534
238008	875	0.04709953
238008	1349	0.04709953
238008	2787	0.04709953
238008	3556	0.04709953
238008	3605	0.04709953
238010	581	0.04471102
238010	2552	0.044711016
238010	6198	0.044711016
238010	4342	0.044711012
238010	719	0.04471101
238010	1349	0.04471101
238010	3556	0.04471101
238010	875	0.044711005
238010	2787	0.044711005
238010	3605	0.044711005
238057	581	0.05938901
238057	2552	0.05938901
238057	4342	0.05938901
238057	6198	0.05938901
238057	1349	0.059389003
238057	3556	0.059389003
238057	719	0.059389
238057	3605	0.059389
238057	875	0.059388995
238057	880	0.059388995
238065	581	0.06137257
238065	2552	0.06137257
238065	4342	0.06137257
238065	6198	0.06137257
238065	719	0.061372563
238065	1349	0.061372563
238065	3556	0.061372563
238065	3605	0.06137256
238065	875	0.061372556
238065	880	0.061372556
238120	581	0.08775219
238120	4342	0.08775219
238120	6198	0.08775219
238120	1349	0.087752186
238120	2552	0.087752186
238120	719	0.08775218
238120	3556	0.08775218
238120	3605	0.08775218
238120	2787	0.08775217
238120	3663	0.08775217
238179	581	0.04726031
238179	6198	0.04726031
238179	2552	0.047260307
238179	4342	0.047260307
238179	1349	0.047260303
238179	3556	0.047260303
238179	719	0.0472603
238179	875	0.0472603
238179	1958	0.0472603
238179	2787	0.0472603
238222	581	0.060543768
238222	6198	0.060543768
238222	2552	0.06054376
238222	4342	0.06054376
238222	719	0.060543757
238222	1349	0.060543757
238222	3605	0.060543757
238222	3556	0.060543753
238222	875	0.06054375
238222	1958	0.06054375
238246	581	0.056277096
238246	6198	0.056277093
238246	2552	0.05627709
238246	4342	0.05627709
238246	719	0.05627708
238246	1349	0.05627708
238246	3556	0.05627708
238246	3605	0.05627708
238246	875	0.056277078
238246	2787	0.056277078
238319	581	0.055908293
238319	4342	0.055908293
238319	6198	0.055908293
238319	2552	0.05590829
238319	719	0.055908285
238319	1349	0.055908285
238319	3556	0.055908285
238319	2787	0.05590828
238319	3605	0.05590828
238319	875	0.055908278
238350	581	0.050520305
238350	4342	0.0505203
238350	6198	0.0505203
238350	2552	0.050520297
238350	719	0.050520293
238350	1349	0.050520293
238350	3556	0.050520293
238350	3605	0.050520293
238350	875	0.05052029
238350	880	0.05052029
238400	581	0.04890293
238400	2552	0.04890293
238400	6198	0.04890293
238400	4342	0.048902925
238400	719	0.04890292
238400	1349	0.04890292
238400	3556	0.04890292
238400	3605	0.04890292
238400	365	0.048902914
238400	875	0.048902914
238419	6198	0.053893093
238419	581	0.05389309
238419	2552	0.05389309
238419	4342	0.05389309
238419	719	0.05389308
238419	875	0.05389308
238419	1349	0.05389308
238419	3556	0.05389308
238419	365	0.053893074
238419	880	0.053893074
238540	581	0.052411586
238540	6198	0.052411582
238540	2552	0.05241158
238540	4342	0.05241158
238540	719	0.05241157
238540	875	0.05241157
238540	1349	0.05241157
238540	3556	0.05241157
238540	3605	0.05241157
238540	880	0.052411567
238541	581	0.04468076
238541	2552	0.044680756
238541	4342	0.044680756
238541	6198	0.044680756
238541	719	0.04468075
238541	1349	0.04468075
238541	875	0.044680748
238541	3556	0.044680748
238541	3605	0.044680748
238541	3756	0.044680748
238557	581	0.06761253
238557	2552	0.06761253
238557	4342	0.06761253
238557	6198	0.06761253
238557	1349	0.06761252
238557	3556	0.06761252
238557	719	0.067612514
238557	875	0.067612514
238557	2651	0.067612514
238557	2787	0.067612514
238568	581	0.055328514
238568	2552	0.05532851
238568	4342	0.05532851
238568	6198	0.05532851
238568	719	0.055328503
238568	1349	0.055328503
238568	3556	0.055328503
238568	875	0.0553285
238568	3605	0.0553285
238568	3756	0.0553285
238607	581	0.04670752
238607	6198	0.04670752
238607	2552	0.046707515
238607	4342	0.046707515
238607	719	0.04670751
238607	1349	0.04670751
238607	3556	0.04670751
238607	875	0.046707507
238607	880	0.046707503
238607	2651	0.046707503
238613	581	0.07544066
238613	2552	0.07544066
238613	3556	0.07544066
238613	4342	0.07544066
238613	6198	0.07544066
238613	719	0.07544065
238613	875	0.07544065
238613	1349	0.07544065
238613	365	0.075440645
238613	880	0.075440645
238630	6198	0.058906604
238630	581	0.0589066
238630	2552	0.0589066
238630	4342	0.0589066
238630	719	0.058906592
238630	875	0.058906592
238630	1349	0.058906592
238630	3556	0.058906592
238630	3605	0.05890659
238630	365	0.058906585
238639	581	0.052036807
238639	2552	0.052036807
238639	4342	0.052036807
238639	6198	0.052036807
238639	719	0.052036803
238639	1349	0.0520368
238639	3556	0.0520368
238639	3605	0.0520368
238639	875	0.052036796
238639	2651	0.052036796
238699	581	0.04422426
238699	2552	0.044224255
238699	4342	0.044224255
238699	6198	0.044224255
238699	719	0.04422425
238699	3556	0.04422425
238699	875	0.044224247
238699	880	0.044224247
238699	1349	0.044224247
238699	3605	0.044224247
238735	581	0.079039946
238735	2552	0.07903994
238735	4342	0.07903994
238735	6198	0.07903994
238735	719	0.07903993
238735	875	0.07903993
238735	1349	0.07903993
238735	3556	0.07903993
238735	3605	0.07903993
238735	880	0.079039924
238739	581	0.057940543
238739	4342	0.05794054
238739	6198	0.05794054
238739	719	0.057940535
238739	2552	0.057940535
238739	1349	0.05794053
238739	3556	0.05794053
238739	875	0.057940528
238739	3605	0.057940528
238739	2787	0.057940524
238757	581	0.05274913
238757	6198	0.05274913
238757	2552	0.052749127
238757	4342	0.052749127
238757	719	0.05274912
238757	1349	0.05274912
238757	2787	0.05274912
238757	3556	0.05274912
238757	3605	0.05274912
238757	3756	0.05274912
238779	581	0.055019334
238779	6198	0.055019334
238779	2552	0.055019327
238779	3556	0.055019327
238779	4342	0.055019327
238779	1349	0.055019323
238779	719	0.05501932
238779	875	0.05501932
238779	2787	0.05501932
238779	3605	0.05501932
238781	581	0.07088745
238781	2552	0.07088743
238781	3556	0.07088743
238781	4342	0.07088743
238781	6198	0.07088743
238781	719	0.070887424
238781	875	0.070887424
238781	1349	0.070887424
238781	3756	0.070887424
238781	365	0.07088742
238836	581	0.07818285
238836	2552	0.07818285
238836	4342	0.07818285
238836	6198	0.07818285
238836	1349	0.07818284
238836	3556	0.07818284
238836	719	0.07818283
238836	875	0.07818283
238836	1958	0.07818283
238836	2787	0.07818283
238849	581	0.052286964
238849	4342	0.05228696
238849	6198	0.05228696
238849	2552	0.052286956
238849	719	0.052286953
238849	1349	0.052286953
238849	3556	0.052286953
238849	3605	0.05228695
238849	4218	0.05228695
238849	365	0.052286945
238864	581	0.0815655
238864	6198	0.0815655
238864	719	0.08156549
238864	875	0.08156549
238864	2552	0.08156549
238864	4342	0.08156549
238864	1349	0.081565484
238864	2651	0.081565484
238864	2787	0.081565484
238864	3556	0.081565484
238889	6198	0.06719195
238889	581	0.06719194
238889	719	0.06719194
238889	875	0.06719194
238889	1349	0.06719194
238889	2552	0.06719194
238889	3556	0.06719194
238889	4342	0.06719194
238889	2651	0.067191936
238889	3605	0.067191936
239000	2552	0.063469425
239000	581	0.06346942
239000	4342	0.06346942
239000	6198	0.06346942
239000	719	0.06346941
239000	1349	0.06346941
239000	3556	0.06346941
239000	3605	0.06346941
239000	875	0.0634694
239000	880	0.0634694
239020	581	0.053080976
239020	2552	0.053080976
239020	4342	0.053080976
239020	6198	0.053080976
239020	719	0.05308097
239020	1349	0.05308097
239020	3556	0.05308097
239020	875	0.053080965
239020	3605	0.053080965
239020	3756	0.053080965
239067	581	0.04908319
239067	2552	0.04908318
239067	4342	0.04908318
239067	6198	0.04908318
239067	3556	0.049083177
239067	719	0.049083173
239067	875	0.049083173
239067	1349	0.049083173
239067	3756	0.049083173
239067	3605	0.04908317
239070	6198	0.07347063
239070	581	0.07347062
239070	2552	0.07347062
239070	4342	0.07347062
239070	1349	0.073470615
239070	719	0.07347061
239070	875	0.07347061
239070	880	0.07347061
239070	1958	0.07347061
239070	2651	0.07347061
239161	581	0.066258535
239161	2552	0.066258535
239161	4342	0.066258535
239161	6198	0.066258535
239161	719	0.06625853
239161	3556	0.06625853
239161	875	0.06625852
239161	880	0.06625852
239161	1349	0.06625852
239161	2651	0.06625852
239374	581	0.062128
239374	6198	0.062128
239374	2552	0.062127993
239374	4342	0.062127993
239374	1349	0.06212799
239374	719	0.062127985
239374	3556	0.062127985
239374	3605	0.062127985
239374	875	0.06212798
239374	3756	0.06212798
239407	581	0.05044417
239407	4342	0.05044417
239407	2552	0.050444167
239407	6198	0.050444167
239407	719	0.050444163
239407	1349	0.050444163
239407	3556	0.050444163
239407	3605	0.050444163
239407	365	0.050444156
239407	875	0.050444156
239423	581	0.061370634
239423	2552	0.061370634
239423	4342	0.061370634
239423	6198	0.061370634
239423	719	0.061370626
239423	1349	0.061370626
239423	3556	0.061370626
239423	3605	0.061370622
239423	5147	0.061370622
239423	875	0.06137062
239460	581	0.083606124
239460	2552	0.083606124
239460	4342	0.083606124
239460	6198	0.083606124
239460	719	0.08360611
239460	875	0.08360611
239460	1349	0.08360611
239460	2787	0.08360611
239460	3556	0.08360611
239460	880	0.0836061
239468	6198	0.047954474
239468	581	0.04795447
239468	2552	0.04795447
239468	4342	0.04795447
239468	719	0.047954466
239468	1349	0.047954462
239468	2651	0.047954462
239468	3556	0.047954462
239468	3605	0.047954462
239468	3756	0.047954462
239481	581	0.058015727
239481	6198	0.058015727
239481	2552	0.05801572
239481	4342	0.05801572
239481	1349	0.058015715
239481	3556	0.058015715
239481	719	0.05801571
239481	2787	0.05801571
239481	3605	0.05801571
239481	3756	0.05801571
239486	581	0.07382791
239486	2552	0.07382791
239486	4342	0.07382791
239486	6198	0.07382791
239486	1349	0.0738279
239486	719	0.07382789
239486	875	0.07382789
239486	1211	0.07382789
239486	2651	0.07382789
239486	2787	0.07382789
239488	581	0.06489266
239488	2552	0.06489266
239488	4342	0.06489265
239488	6198	0.06489265
239488	719	0.06489264
239488	3556	0.06489264
239488	3756	0.06489264
239488	365	0.064892635
239488	875	0.064892635
239488	880	0.064892635
239535	581	0.05222277
239535	2552	0.05222277
239535	4342	0.05222277
239535	6198	0.05222277
239535	1349	0.052222766
239535	3556	0.052222766
239535	719	0.052222762
239535	875	0.052222762
239535	2787	0.05222276
239535	3422	0.05222276
239554	581	0.05714996
239554	6198	0.05714996
239554	2552	0.057149954
239554	3556	0.057149954
239554	4342	0.057149954
239554	719	0.05714995
239554	1349	0.05714995
239554	875	0.057149947
239554	2787	0.057149947
239554	3605	0.057149947
239584	581	0.08375117
239584	4342	0.08375117
239584	6198	0.08375117
239584	2552	0.083751164
239584	719	0.08375116
239584	1349	0.08375116
239584	3556	0.08375116
239584	3605	0.08375116
239584	875	0.08375115
239584	2787	0.08375115
239594	581	0.07541916
239594	4342	0.07541915
239594	6198	0.07541915
239594	719	0.07541914
239594	1349	0.07541914
239594	2552	0.07541914
239594	3556	0.075419135
239594	3605	0.075419135
239594	3756	0.075419135
239594	365	0.07541913
239609	581	0.05479257
239609	4342	0.05479257
239609	6198	0.05479257
239609	719	0.054792568
239609	2552	0.054792568
239609	3556	0.054792568
239609	1349	0.054792564
239609	875	0.05479256
239609	2787	0.05479256
239609	3605	0.05479256
239626	581	0.051280163
239626	6198	0.051280163
239626	719	0.051280156
239626	2552	0.051280156
239626	4342	0.051280156
239626	1349	0.051280152
239626	3556	0.051280152
239626	875	0.05128015
239626	880	0.05128015
239626	2651	0.05128015
239670	581	0.06845659
239670	4342	0.06845659
239670	6198	0.06845659
239670	1349	0.06845658
239670	2552	0.06845658
239670	719	0.068456575
239670	875	0.068456575
239670	1958	0.068456575
239670	2787	0.068456575
239670	3556	0.068456575
239688	581	0.07422146
239688	6198	0.074221455
239688	719	0.07422145
239688	1349	0.07422145
239688	2552	0.07422145
239688	3605	0.07422145
239688	4342	0.07422145
239688	875	0.07422144
239688	4218	0.07422144
239688	365	0.07422143
239692	581	0.059096336
239692	2552	0.059096336
239692	4342	0.059096336
239692	6198	0.059096336
239692	719	0.05909633
239692	1349	0.05909633
239692	3556	0.05909633
239692	3605	0.059096325
239692	875	0.05909632
239692	880	0.05909632
239736	581	0.055699922
239736	2552	0.055699922
239736	4342	0.055699922
239736	6198	0.055699922
239736	719	0.055699915
239736	1349	0.055699915
239736	3556	0.055699915
239736	3605	0.055699915
239736	4218	0.05569991
239736	875	0.055699907
239748	581	0.045048136
239748	4342	0.045048133
239748	6198	0.045048133
239748	2552	0.04504813
239748	719	0.045048125
239748	1349	0.045048125
239748	3556	0.045048125
239748	875	0.04504812
239748	2787	0.04504812
239748	3605	0.04504812
239788	581	0.05574255
239788	2552	0.05574255
239788	719	0.055742547
239788	4342	0.055742547
239788	6198	0.055742547
239788	3556	0.055742543
239788	875	0.05574254
239788	1349	0.05574254
239788	2651	0.05574254
239788	3605	0.05574254
239801	581	0.0637085
239801	2552	0.0637085
239801	4342	0.0637085
239801	6198	0.0637085
239801	719	0.06370849
239801	1349	0.06370849
239801	875	0.063708484
239801	2787	0.063708484
239801	3556	0.063708484
239801	3605	0.063708484
239834	581	0.04741031
239834	4342	0.047410306
239834	6198	0.047410306
239834	1349	0.047410302
239834	2552	0.047410302
239834	719	0.0474103
239834	3556	0.0474103
239834	3605	0.0474103
239834	875	0.047410294
239834	880	0.047410294
240035	6198	0.0684806
240035	581	0.068480596
240035	719	0.068480596
240035	2552	0.068480596
240035	4342	0.068480596
240035	1349	0.06848059
240035	3556	0.06848059
240035	3605	0.06848059
240035	875	0.06848058
240035	880	0.06848058
240051	581	0.05558338
240051	2552	0.055583373
240051	4342	0.055583373
240051	6198	0.055583373
240051	1349	0.05558337
240051	719	0.055583365
240051	880	0.055583365
240051	3556	0.055583365
240051	3605	0.055583365
240051	5147	0.055583365
240107	581	0.05621998
240107	2552	0.05621998
240107	6198	0.05621998
240107	4342	0.056219976
240107	719	0.056219973
240107	1349	0.056219973
240107	3556	0.056219973
240107	875	0.056219965
240107	880	0.056219965
240107	2651	0.056219965
240111	581	0.046783935
240111	2552	0.04678393
240111	4342	0.04678393
240111	6198	0.04678393
240111	1349	0.046783928
240111	3556	0.046783928
240111	719	0.046783924
240111	875	0.046783924
240111	3605	0.046783924
240111	3756	0.046783924
240113	6198	0.04595122
240113	581	0.045951217
240113	719	0.045951217
240113	2552	0.045951217
240113	3556	0.045951217
240113	4342	0.045951217
240113	1349	0.045951214
240113	875	0.04595121
240113	2787	0.04595121
240113	3605	0.04595121
240131	581	0.04655151
240131	2552	0.04655151
240131	6198	0.04655151
240131	4342	0.046551507
240131	719	0.046551503
240131	1349	0.046551503
240131	3556	0.046551503
240131	3605	0.046551503
240131	365	0.046551496
240131	875	0.046551496
240219	581	0.07446801
240219	6198	0.07446801
240219	719	0.074468
240219	1349	0.074468
240219	2552	0.074468
240219	3556	0.074468
240219	4342	0.074468
240219	365	0.07446799
240219	875	0.07446799
240219	1211	0.07446799
240224	6198	0.044626527
240224	581	0.044626523
240224	4342	0.044626523
240224	1349	0.04462652
240224	2552	0.04462652
240224	3556	0.04462652
240224	719	0.044626515
240224	365	0.04462651
240224	875	0.04462651
240224	1958	0.04462651
240225	581	0.0653876
240225	6198	0.0653876
240225	719	0.06538759
240225	1349	0.06538759
240225	2552	0.06538759
240225	4342	0.06538759
240225	875	0.065387584
240225	2787	0.065387584
240225	3556	0.065387584
240225	3605	0.065387584
240235	581	0.044867605
240235	2552	0.044867605
240235	4342	0.044867605
240235	6198	0.044867605
240235	719	0.044867598
240235	1349	0.044867598
240235	3556	0.044867598
240235	3605	0.044867598
240235	875	0.044867594
240235	3756	0.044867594
240267	581	0.048772126
240267	4342	0.048772123
240267	6198	0.048772123
240267	1349	0.04877212
240267	2552	0.04877212
240267	719	0.048772115
240267	3556	0.048772115
240267	3605	0.048772115
240267	875	0.04877211
240267	880	0.04877211
240272	581	0.053108737
240272	4342	0.053108737
240272	6198	0.053108737
240272	2552	0.053108733
240272	719	0.05310873
240272	1349	0.05310873
240272	3556	0.05310873
240272	875	0.053108726
240272	3605	0.053108726
240272	880	0.053108722
240318	581	0.055204444
240318	4342	0.055204444
240318	6198	0.055204444
240318	2552	0.05520444
240318	719	0.055204436
240318	1349	0.055204436
240318	3556	0.055204436
240318	365	0.05520443
240318	875	0.05520443
240318	2787	0.05520443
240333	581	0.052258693
240333	6198	0.052258693
240333	2552	0.052258685
240333	4342	0.052258685
240333	1349	0.05225868
240333	3556	0.05225868
240333	719	0.052258678
240333	875	0.052258678
240333	2787	0.052258678
240333	3605	0.052258678
240370	581	0.06262541
240370	6198	0.06262541
240370	2552	0.0626254
240370	4342	0.0626254
240370	719	0.06262539
240370	875	0.06262539
240370	1349	0.06262539
240370	2651	0.06262539
240370	3556	0.06262539
240370	3605	0.06262539
240401	581	0.07734659
240401	2552	0.07734659
240401	6198	0.07734659
240401	1349	0.077346586
240401	4342	0.077346586
240401	719	0.07734658
240401	875	0.07734658
240401	2787	0.07734658
240401	3556	0.07734658
240401	3605	0.07734658
240403	581	0.082043126
240403	2552	0.082043126
240403	6198	0.082043126
240403	4342	0.08204312
240403	719	0.08204311
240403	1349	0.08204311
240403	2787	0.08204311
240403	3556	0.08204311
240403	3605	0.08204311
240403	3756	0.08204311
240484	581	0.050634757
240484	4342	0.050634757
240484	6198	0.050634757
240484	2552	0.050634753
240484	719	0.05063475
240484	1349	0.05063475
240484	3556	0.05063475
240484	3605	0.05063475
240484	2787	0.050634746
240484	3756	0.050634746
240495	581	0.05471383
240495	6198	0.05471383
240495	2552	0.054713827
240495	4342	0.054713827
240495	719	0.054713823
240495	1349	0.054713823
240495	3556	0.05471382
240495	875	0.054713815
240495	880	0.054713815
240495	2787	0.054713815
240541	581	0.068188295
240541	719	0.068188295
240541	2552	0.068188295
240541	4342	0.068188295
240541	6198	0.068188295
240541	1349	0.06818829
240541	365	0.06818828
240541	875	0.06818828
240541	880	0.06818828
240541	1958	0.06818828
240567	581	0.08891352
240567	2552	0.088913515
240567	4342	0.088913515
240567	6198	0.088913515
240567	1349	0.08891351
240567	3556	0.08891351
240567	719	0.0889135
240567	875	0.0889135
240567	2787	0.0889135
240567	3605	0.0889135
240568	581	0.075726256
240568	2552	0.075726256
240568	4342	0.075726256
240568	6198	0.075726256
240568	719	0.07572624
240568	875	0.07572624
240568	1349	0.07572624
240568	2787	0.07572624
240568	3556	0.07572624
240568	3605	0.07572624
240609	6198	0.049685113
240609	581	0.04968511
240609	2552	0.049685106
240609	4342	0.049685106
240609	1349	0.049685102
240609	3556	0.049685102
240609	719	0.0496851
240609	875	0.0496851
240609	2787	0.0496851
240609	3605	0.0496851
240643	581	0.06710182
240643	2552	0.06710182
240643	4342	0.06710182
240643	6198	0.06710182
240643	3556	0.067101814
240643	719	0.06710181
240643	875	0.06710181
240643	880	0.06710181
240643	1349	0.06710181
240643	2651	0.06710181
240663	581	0.07414979
240663	2552	0.07414979
240663	4342	0.07414979
240663	6198	0.07414979
240663	1349	0.07414978
240663	719	0.07414977
240663	875	0.07414977
240663	2787	0.07414977
240663	3556	0.07414977
240663	3605	0.07414977
240670	6198	0.06379374
240670	581	0.06379373
240670	719	0.06379373
240670	2552	0.06379373
240670	3556	0.06379373
240670	4342	0.06379373
240670	875	0.063793726
240670	1349	0.063793726
240670	2651	0.063793726
240670	2787	0.063793726
240677	581	0.04412659
240677	2552	0.044126585
240677	4342	0.044126585
240677	6198	0.044126585
240677	1349	0.04412658
240677	719	0.044126578
240677	2787	0.044126578
240677	3556	0.044126578
240677	3605	0.044126578
240677	3756	0.044126578
240700	6198	0.079540096
240700	581	0.07954009
240700	2552	0.07954009
240700	4342	0.07954009
240700	719	0.07954008
240700	1349	0.07954008
240700	3556	0.07954008
240700	875	0.079540074
240700	880	0.079540074
240700	2651	0.079540074
240756	581	0.059463345
240756	2552	0.059463345
240756	6198	0.059463345
240756	1349	0.059463337
240756	4342	0.059463337
240756	719	0.059463333
240756	3556	0.059463333
240756	3605	0.059463333
240756	875	0.05946333
240756	2787	0.05946333
240789	581	0.07131861
240789	2552	0.07131861
240789	6198	0.07131861
240789	4342	0.071318604
240789	719	0.0713186
240789	875	0.0713186
240789	880	0.0713186
240789	1349	0.0713186
240789	2651	0.0713186
240789	2787	0.0713186
240829	581	0.07291184
240829	2552	0.07291184
240829	6198	0.07291184
240829	4342	0.072911836
240829	719	0.07291183
240829	875	0.07291183
240829	1349	0.07291183
240829	2651	0.07291183
240829	2787	0.07291183
240829	3556	0.07291183
240906	2552	0.04875251
240906	6198	0.04875251
240906	581	0.048752505
240906	719	0.048752505
240906	3556	0.048752505
240906	4342	0.048752505
240906	875	0.0487525
240906	1349	0.0487525
240906	2787	0.0487525
240906	1958	0.048752498
240932	581	0.055654645
240932	2552	0.055654645
240932	4342	0.055654645
240932	6198	0.055654645
240932	719	0.055654638
240932	1349	0.055654638
240932	3556	0.055654638
240932	3605	0.055654638
240932	875	0.055654634
240932	2787	0.055654634
241042	581	0.06873539
241042	6198	0.06873538
241042	719	0.068735376
241042	1349	0.068735376
241042	2552	0.068735376
241042	4342	0.068735376
241042	875	0.06873537
241042	2787	0.06873537
241042	3556	0.06873537
241042	3605	0.06873537
241080	6198	0.058736052
241080	581	0.05873605
241080	2552	0.05873605
241080	1349	0.058736045
241080	4342	0.058736045
241080	719	0.05873604
241080	3556	0.05873604
241080	3605	0.05873604
241080	2787	0.058736037
241080	875	0.058736034
241086	581	0.04917188
241086	4342	0.04917188
241086	6198	0.04917188
241086	2552	0.049171876
241086	719	0.049171872
241086	1349	0.049171872
241086	3556	0.049171872
241086	3756	0.04917187
241086	5214	0.04917187
241086	365	0.049171865
241100	581	0.05691363
241100	6198	0.05691363
241100	2552	0.056913625
241100	4342	0.056913625
241100	719	0.05691362
241100	1349	0.05691362
241100	3556	0.05691362
241100	875	0.056913618
241100	3605	0.056913618
241100	2651	0.056913614
241204	581	0.09352604
241204	2552	0.093526036
241204	4342	0.093526036
241204	6198	0.093526036
241204	719	0.09352602
241204	1349	0.09352602
241204	2787	0.09352602
241204	3556	0.09352602
241204	3605	0.09352602
241204	875	0.09352601
241214	581	0.062689856
241214	6198	0.06268985
241214	719	0.06268984
241214	1349	0.06268984
241214	2552	0.06268984
241214	3556	0.06268984
241214	3605	0.06268984
241214	4342	0.06268984
241214	875	0.06268983
241214	880	0.06268983
241239	581	0.03686989
241239	2552	0.03686989
241239	6198	0.03686989
241239	3556	0.036869887
241239	4342	0.036869887
241239	719	0.036869884
241239	875	0.036869884
241239	1349	0.036869884
241239	3756	0.036869884
241239	5214	0.036869884
241265	581	0.050520286
241265	6198	0.050520286
241265	2552	0.050520282
241265	4342	0.050520282
241265	719	0.05052028
241265	3556	0.05052028
241265	1349	0.050520275
241265	875	0.05052027
241265	2787	0.05052027
241265	3605	0.05052027
241357	581	0.056079052
241357	6198	0.056079052
241357	4342	0.05607905
241357	719	0.056079045
241357	1349	0.056079045
241357	2552	0.056079045
241357	3556	0.056079045
241357	3605	0.05607904
241357	875	0.056079037
241357	2787	0.056079037
241367	581	0.05559294
241367	6198	0.055592936
241367	2552	0.05559293
241367	4342	0.05559293
241367	1349	0.055592928
241367	3556	0.055592928
241367	719	0.055592924
241367	875	0.055592924
241367	3605	0.055592924
241367	3756	0.055592924
241495	581	0.050020248
241495	2552	0.050020248
241495	4342	0.050020248
241495	6198	0.050020248
241495	3556	0.050020244
241495	719	0.05002024
241495	1349	0.05002024
241495	3756	0.05002024
241495	880	0.050020237
241495	2787	0.050020237
241513	581	0.051051963
241513	2552	0.05105196
241513	6198	0.05105196
241513	719	0.051051952
241513	1349	0.051051952
241513	4342	0.051051952
241513	3556	0.05105195
241513	3605	0.05105195
241513	365	0.051051944
241513	875	0.051051944
241527	581	0.061437145
241527	2552	0.061437137
241527	4342	0.061437137
241527	6198	0.061437134
241527	719	0.06143713
241527	875	0.06143713
241527	1349	0.06143713
241527	3605	0.06143713
241527	3556	0.061437126
241527	365	0.061437123
241537	581	0.0829546
241537	4342	0.0829546
241537	6198	0.0829546
241537	2552	0.08295459
241537	719	0.082954586
241537	875	0.082954586
241537	1349	0.082954586
241537	3556	0.082954586
241537	3605	0.082954586
241537	4218	0.082954586
241548	581	0.06608426
241548	2552	0.06608426
241548	6198	0.06608426
241548	719	0.06608425
241548	1349	0.06608425
241548	3556	0.06608425
241548	3756	0.06608425
241548	4342	0.06608425
241548	2651	0.06608424
241548	2787	0.06608424
241565	581	0.060547456
241565	6198	0.060547456
241565	1349	0.06054745
241565	2552	0.06054745
241565	3556	0.06054745
241565	4342	0.06054745
241565	719	0.060547445
241565	2787	0.06054744
241565	3605	0.06054744
241565	3663	0.06054744
241597	581	0.06464335
241597	2552	0.06464335
241597	3556	0.06464335
241597	4342	0.06464335
241597	6198	0.06464335
241597	719	0.064643346
241597	1349	0.064643346
241597	875	0.06464334
241597	1173	0.06464334
241597	1211	0.06464334
241666	581	0.100093484
241666	2552	0.100093484
241666	4342	0.100093484
241666	6198	0.100093484
241666	719	0.10009347
241666	875	0.10009347
241666	1349	0.10009347
241666	3556	0.10009347
241666	3605	0.10009347
241666	880	0.10009346
241749	581	0.058977816
241749	2552	0.058977813
241749	4342	0.058977813
241749	6198	0.058977813
241749	1349	0.05897781
241749	719	0.058977805
241749	3556	0.058977805
241749	3605	0.058977805
241749	875	0.058977798
241749	880	0.058977798
241791	581	0.08036528
241791	6198	0.08036528
241791	2552	0.08036527
241791	4342	0.08036527
241791	719	0.08036526
241791	1349	0.08036526
241791	3556	0.08036526
241791	365	0.080365255
241791	875	0.080365255
241791	880	0.080365255
241799	581	0.05185874
241799	2552	0.051858738
241799	4342	0.051858738
241799	6198	0.051858738
241799	719	0.05185873
241799	1349	0.05185873
241799	3556	0.05185873
241799	3605	0.05185873
241799	3756	0.05185873
241799	875	0.051858727
241861	581	0.05078069
241861	6198	0.05078069
241861	4342	0.050780687
241861	719	0.050780684
241861	2552	0.050780684
241861	3556	0.050780684
241861	1349	0.05078068
241861	875	0.050780676
241861	2787	0.050780676
241861	3605	0.050780676
241885	581	0.045366403
241885	4342	0.0453664
241885	6198	0.0453664
241885	1349	0.045366395
241885	2552	0.045366395
241885	3556	0.045366395
241885	719	0.04536639
241885	875	0.04536639
241885	3605	0.04536639
241885	3756	0.04536639
241980	581	0.07742196
241980	2552	0.07742196
241980	6198	0.07742196
241980	4342	0.077421956
241980	365	0.07742195
241980	719	0.07742195
241980	1349	0.07742195
241980	2787	0.07742195
241980	3556	0.07742195
241980	3605	0.07742195
242007	581	0.073287785
242007	2552	0.073287785
242007	4342	0.073287785
242007	6198	0.073287785
242007	719	0.07328778
242007	875	0.07328777
242007	1349	0.07328777
242007	2787	0.07328777
242007	3556	0.07328777
242007	3605	0.07328777
242037	581	0.064100206
242037	2552	0.064100206
242037	4342	0.064100206
242037	6198	0.064100206
242037	719	0.0641002
242037	1349	0.0641002
242037	875	0.06410019
242037	880	0.06410019
242037	1173	0.06410019
242037	1958	0.06410019
242073	581	0.060918126
242073	6198	0.060918126
242073	2552	0.060918123
242073	4342	0.060918123
242073	719	0.06091812
242073	1349	0.060918115
242073	3556	0.060918115
242073	875	0.06091811
242073	2651	0.06091811
242073	3605	0.06091811
242083	581	0.09448968
242083	2552	0.09448967
242083	4342	0.09448967
242083	6198	0.09448967
242083	719	0.094489664
242083	875	0.094489664
242083	3556	0.094489664
242083	880	0.09448965
242083	1211	0.09448965
242083	1349	0.09448965
242097	581	0.051733635
242097	4342	0.05173363
242097	6198	0.05173363
242097	719	0.051733628
242097	1349	0.051733628
242097	2552	0.051733628
242097	3556	0.051733624
242097	365	0.05173362
242097	875	0.05173362
242097	2651	0.05173362
242106	581	0.059583277
242106	6198	0.059583273
242106	2552	0.05958327
242106	4342	0.05958327
242106	1349	0.059583265
242106	3556	0.059583265
242106	719	0.05958326
242106	3605	0.05958326
242106	3756	0.05958326
242106	4218	0.05958326
242118	581	0.04365532
242118	2552	0.04365532
242118	6198	0.04365532
242118	4342	0.043655317
242118	719	0.043655314
242118	1349	0.043655314
242118	3556	0.043655314
242118	3605	0.043655314
242118	875	0.04365531
242118	3756	0.04365531
242143	581	0.083727576
242143	2552	0.08372757
242143	4342	0.08372757
242143	6198	0.08372757
242143	719	0.08372756
242143	1349	0.08372756
242143	3556	0.08372756
242143	3605	0.08372756
242143	875	0.08372755
242143	880	0.08372755
242247	581	0.047799155
242247	6198	0.047799155
242247	4342	0.04779915
242247	719	0.047799148
242247	1349	0.047799148
242247	2552	0.047799148
242247	3556	0.047799148
242247	875	0.047799144
242247	3605	0.047799144
242247	880	0.04779914
242269	581	0.055223055
242269	2552	0.055223055
242269	4342	0.055223055
242269	6198	0.055223055
242269	719	0.055223048
242269	875	0.055223048
242269	1349	0.055223048
242269	3556	0.055223048
242269	3605	0.055223048
242269	2787	0.055223044
242299	2552	0.07768139
242299	6198	0.07768139
242299	4342	0.077681385
242299	719	0.07768138
242299	1349	0.07768138
242299	3556	0.07768138
242299	3605	0.07768138
242299	3756	0.07768138
242299	875	0.07768137
242299	2651	0.07768137
242309	581	0.04546646
242309	2552	0.04546646
242309	4342	0.04546646
242309	6198	0.04546646
242309	719	0.045466453
242309	875	0.045466453
242309	1349	0.045466453
242309	3556	0.045466453
242309	3605	0.04546645
242309	3756	0.04546645
242310	581	0.05078397
242310	719	0.05078397
242310	2552	0.05078397
242310	4342	0.05078397
242310	6198	0.05078397
242310	1349	0.050783966
242310	875	0.050783962
242310	2787	0.050783962
242310	3556	0.050783962
242310	3605	0.050783962
242317	581	0.08333856
242317	6198	0.08333856
242317	2552	0.08333855
242317	4342	0.08333855
242317	719	0.083338544
242317	1349	0.083338544
242317	3556	0.083338544
242317	3605	0.083338544
242317	875	0.08333854
242317	2651	0.08333854
242361	581	0.058880575
242361	2552	0.058880575
242361	6198	0.058880575
242361	1349	0.05888057
242361	719	0.058880568
242361	875	0.058880568
242361	3556	0.058880568
242361	3605	0.058880568
242361	4342	0.058880568
242361	1958	0.05888056
242409	581	0.06442498
242409	6198	0.06442497
242409	719	0.06442496
242409	1349	0.06442496
242409	2552	0.06442496
242409	3605	0.06442496
242409	4342	0.06442496
242409	2787	0.064424954
242409	3556	0.064424954
242409	3756	0.064424954
242458	581	0.069397375
242458	2552	0.069397375
242458	6198	0.069397375
242458	4342	0.06939737
242458	719	0.06939736
242458	875	0.06939736
242458	1349	0.06939736
242458	2787	0.06939736
242458	3556	0.06939736
242458	3605	0.06939736
242465	581	0.05968325
242465	2552	0.05968324
242465	4342	0.05968324
242465	6198	0.05968324
242465	719	0.059683237
242465	3556	0.059683237
242465	875	0.059683233
242465	1349	0.059683233
242465	3605	0.059683233
242465	2787	0.05968323
242499	581	0.06581906
242499	719	0.065819055
242499	1349	0.065819055
242499	2552	0.065819055
242499	3605	0.065819055
242499	4342	0.065819055
242499	6198	0.065819055
242499	3556	0.06581905
242499	365	0.06581904
242499	875	0.06581904
242528	581	0.05412291
242528	6198	0.05412291
242528	2552	0.054122906
242528	4342	0.054122906
242528	1349	0.054122902
242528	719	0.0541229
242528	3556	0.0541229
242528	3605	0.0541229
242528	875	0.054122895
242528	2787	0.054122895
242544	581	0.06270443
242544	6198	0.06270443
242544	2552	0.06270442
242544	4342	0.06270442
242544	719	0.062704414
242544	1349	0.062704414
242544	2787	0.062704414
242544	3556	0.062704414
242544	3605	0.062704414
242544	4218	0.062704414
242637	6198	0.081362054
242637	581	0.08136205
242637	2552	0.08136205
242637	719	0.08136204
242637	1349	0.08136204
242637	4342	0.08136204
242637	875	0.08136203
242637	3556	0.08136203
242637	365	0.081362024
242637	1958	0.081362024
242639	581	0.0617994
242639	6198	0.0617994
242639	2552	0.061799396
242639	1349	0.061799392
242639	4342	0.061799392
242639	3556	0.06179939
242639	719	0.061799385
242639	875	0.06179938
242639	2651	0.06179938
242639	2787	0.06179938
242646	581	0.0961014
242646	6198	0.0961014
242646	1349	0.09610139
242646	2552	0.09610139
242646	3556	0.09610139
242646	719	0.09610138
242646	3605	0.09610138
242646	365	0.09610137
242646	875	0.09610137
242646	880	0.09610137
242763	581	0.038549606
242763	2552	0.038549602
242763	3556	0.038549602
242763	4342	0.038549602
242763	6198	0.038549602
242763	719	0.0385496
242763	1349	0.0385496
242763	875	0.038549595
242763	880	0.038549595
242763	2787	0.038549595
242843	581	0.06934036
242843	719	0.06934035
242843	1349	0.06934035
242843	2552	0.06934035
242843	3556	0.06934035
242843	4342	0.06934035
242843	6198	0.06934035
242843	2787	0.06934034
242843	3605	0.06934034
242843	365	0.06934033
242849	581	0.05916621
242849	4342	0.059166208
242849	6198	0.059166208
242849	1349	0.059166204
242849	2552	0.059166204
242849	719	0.0591662
242849	3556	0.0591662
242849	3605	0.0591662
242849	1958	0.059166193
242849	2787	0.059166193
242878	6198	0.0770531
242878	581	0.07705309
242878	2552	0.07705309
242878	4342	0.07705309
242878	719	0.077053085
242878	875	0.077053085
242878	3556	0.077053085
242878	1349	0.07705308
242878	3605	0.07705308
242878	3756	0.07705308
242891	581	0.053606458
242891	4342	0.053606458
242891	6198	0.053606458
242891	2552	0.053606454
242891	719	0.05360645
242891	1349	0.05360645
242891	3556	0.05360645
242891	875	0.053606447
242891	880	0.053606443
242891	2651	0.053606443
242914	581	0.045204837
242914	2552	0.045204833
242914	4342	0.045204833
242914	6198	0.045204833
242914	1349	0.04520483
242914	3556	0.04520483
242914	719	0.045204826
242914	2787	0.045204826
242914	3605	0.045204826
242914	3756	0.045204826
242962	581	0.049086783
242962	6198	0.049086783
242962	2552	0.04908678
242962	4342	0.04908678
242962	719	0.049086776
242962	1349	0.049086776
242962	3605	0.049086776
242962	2787	0.049086772
242962	3556	0.049086772
242962	4218	0.049086772
243004	581	0.04660204
243004	4342	0.04660204
243004	6198	0.04660204
243004	719	0.046602033
243004	1349	0.046602033
243004	2552	0.046602033
243004	3556	0.046602033
243004	3605	0.046602033
243004	2787	0.04660203
243004	4218	0.04660203
243058	581	0.05728241
243058	6198	0.05728241
243058	2552	0.057282407
243058	719	0.057282403
243058	1349	0.057282403
243058	4342	0.057282403
243058	875	0.057282396
243058	3422	0.057282396
243058	3556	0.057282396
243058	3605	0.057282396
243065	581	0.06038762
243065	2552	0.06038762
243065	4342	0.06038762
243065	6198	0.06038762
243065	719	0.06038761
243065	3556	0.06038761
243065	3605	0.06038761
243065	1349	0.060387608
243065	875	0.060387604
243065	2651	0.060387604
243075	581	0.06415945
243075	6198	0.06415945
243075	2552	0.064159445
243075	4342	0.064159445
243075	719	0.06415944
243075	1349	0.06415944
243075	2787	0.06415944
243075	3556	0.06415944
243075	3605	0.06415944
243075	875	0.06415943
243077	6198	0.046422925
243077	581	0.04642292
243077	2552	0.04642292
243077	4342	0.04642292
243077	719	0.046422917
243077	1349	0.046422917
243077	3556	0.046422917
243077	875	0.046422914
243077	2651	0.046422914
243077	2787	0.046422914
243142	581	0.044113934
243142	4342	0.044113934
243142	6198	0.044113934
243142	719	0.044113927
243142	1349	0.044113927
243142	2552	0.044113927
243142	3556	0.044113927
243142	3605	0.044113927
243142	365	0.04411392
243142	875	0.04411392
243236	2552	0.0784837
243236	4342	0.0784837
243236	6198	0.0784837
243236	719	0.07848369
243236	875	0.078483686
243236	1349	0.078483686
243236	2651	0.078483686
243236	3556	0.078483686
243236	3605	0.078483686
243236	3756	0.078483686
243294	581	0.059664465
243294	6198	0.059664465
243294	2552	0.05966446
243294	4342	0.05966446
243294	719	0.059664458
243294	1349	0.059664458
243294	3556	0.059664458
243294	3605	0.059664458
243294	2787	0.05966445
243294	3756	0.05966445
243312	581	0.04813131
243312	2552	0.048131306
243312	6198	0.048131306
243312	719	0.048131302
243312	1349	0.048131302
243312	4342	0.048131302
243312	3556	0.0481313
243312	875	0.048131295
243312	880	0.048131295
243312	2787	0.048131295
243328	581	0.069073915
243328	6198	0.069073915
243328	719	0.0690739
243328	1349	0.0690739
243328	2552	0.0690739
243328	3556	0.0690739
243328	3605	0.0690739
243328	4342	0.0690739
243328	875	0.06907389
243328	2787	0.06907389
243360	581	0.07939358
243360	2552	0.07939358
243360	4342	0.07939358
243360	6198	0.07939358
243360	1349	0.07939357
243360	719	0.079393566
243360	875	0.079393566
243360	2787	0.079393566
243360	3556	0.079393566
243360	3605	0.079393566
243429	581	0.054721933
243429	4342	0.05472193
243429	6198	0.05472193
243429	1349	0.054721925
243429	2552	0.054721925
243429	719	0.05472192
243429	3556	0.05472192
243429	3605	0.05472192
243429	875	0.054721918
243429	2787	0.054721918
243448	581	0.054028172
243448	4342	0.054028172
243448	6198	0.054028172
243448	2552	0.05402817
243448	1349	0.054028165
243448	719	0.05402816
243448	3556	0.05402816
243448	3605	0.05402816
243448	3756	0.05402816
243448	875	0.054028157
243491	581	0.048517376
243491	6198	0.048517372
243491	1349	0.04851737
243491	2552	0.04851737
243491	3556	0.04851737
243491	4342	0.04851737
243491	719	0.048517365
243491	3605	0.048517365
243491	365	0.04851736
243491	875	0.04851736
243584	6198	0.065990835
243584	581	0.06599083
243584	4342	0.06599083
243584	719	0.06599082
243584	875	0.06599082
243584	1349	0.06599082
243584	2552	0.06599082
243584	3556	0.06599082
243584	3605	0.06599082
243584	880	0.06599081
243607	6198	0.045009036
243607	2552	0.045009032
243607	3556	0.045009032
243607	4342	0.045009032
243607	719	0.04500903
243607	1349	0.04500903
243607	875	0.045009024
243607	2787	0.045009024
243607	3605	0.045009024
243607	3756	0.045009024
243700	581	0.07096611
243700	6198	0.07096611
243700	2552	0.0709661
243700	719	0.070966095
243700	1349	0.070966095
243700	3605	0.070966095
243700	4342	0.070966095
243700	875	0.07096609
243700	3556	0.07096609
243700	365	0.07096608
243720	581	0.058304105
243720	2552	0.0583041
243720	4342	0.0583041
243720	6198	0.0583041
243720	719	0.058304094
243720	1349	0.058304094
243720	3556	0.058304094
243720	2787	0.05830409
243720	3605	0.05830409
243720	365	0.058304086
243745	581	0.07825196
243745	6198	0.07825196
243745	2552	0.07825195
243745	4342	0.07825195
243745	719	0.07825194
243745	3605	0.07825194
243745	1349	0.078251936
243745	3556	0.078251936
243745	4218	0.078251936
243745	365	0.07825193
243759	581	0.0569425
243759	2552	0.0569425
243759	4342	0.0569425
243759	6198	0.0569425
243759	719	0.056942493
243759	1349	0.056942493
243759	2787	0.056942493
243759	3556	0.056942493
243759	3605	0.05694249
243759	365	0.056942485
243785	581	0.05487265
243785	2552	0.05487265
243785	6198	0.05487265
243785	719	0.054872647
243785	4342	0.054872647
243785	1349	0.054872643
243785	875	0.05487264
243785	3556	0.05487264
243785	3605	0.05487264
243785	3756	0.05487264
243814	581	0.04073369
243814	2552	0.040733688
243814	4342	0.040733688
243814	6198	0.040733688
243814	1349	0.040733684
243814	719	0.04073368
243814	2787	0.04073368
243814	3556	0.04073368
243814	3756	0.04073368
243814	5147	0.04073368
243863	581	0.06960057
243863	6198	0.06960057
243863	719	0.06960055
243863	1349	0.06960055
243863	2552	0.06960055
243863	3556	0.06960055
243863	3605	0.06960055
243863	4342	0.06960055
243863	875	0.069600545
243863	1958	0.069600545
243879	581	0.057865307
243879	2552	0.057865307
243879	4342	0.057865307
243879	6198	0.057865307
243879	719	0.0578653
243879	1349	0.0578653
243879	3556	0.0578653
243879	875	0.057865296
243879	2651	0.05786529
243879	2787	0.05786529
243891	581	0.047909297
243891	2552	0.04790929
243891	4342	0.04790929
243891	6198	0.04790929
243891	719	0.047909286
243891	1349	0.047909286
243891	3556	0.047909286
243891	875	0.047909282
243891	3605	0.047909282
243891	3756	0.047909282
243929	581	0.064168856
243929	2552	0.064168856
243929	4342	0.064168856
243929	6198	0.064168856
243929	3556	0.06416885
243929	3756	0.06416885
243929	365	0.06416884
243929	719	0.06416884
243929	875	0.06416884
243929	880	0.06416884
243930	581	0.07430191
243930	2552	0.07430191
243930	4342	0.07430191
243930	6198	0.07430191
243930	719	0.0743019
243930	875	0.0743019
243930	1349	0.0743019
243930	2787	0.0743019
243930	3556	0.0743019
243930	3605	0.0743019
243942	581	0.0697203
243942	2552	0.0697203
243942	4342	0.0697203
243942	6198	0.0697203
243942	719	0.06972028
243942	875	0.06972028
243942	1349	0.06972028
243942	3556	0.06972028
243942	3605	0.06972028
243942	3756	0.06972028
243951	581	0.07067068
243951	2552	0.07067068
243951	6198	0.07067068
243951	4342	0.07067067
243951	719	0.070670664
243951	875	0.070670664
243951	1349	0.070670664
243951	2787	0.070670664
243951	3556	0.070670664
243951	3605	0.070670664
243966	581	0.047015328
243966	6198	0.047015328
243966	2552	0.047015324
243966	4342	0.047015324
243966	719	0.04701532
243966	1349	0.04701532
243966	875	0.047015317
243966	880	0.047015317
243966	2787	0.047015317
243966	3556	0.047015317
243984	581	0.0511593
243984	6198	0.051159296
243984	2552	0.051159292
243984	4342	0.051159292
243984	719	0.05115929
243984	1349	0.05115929
243984	3556	0.05115929
243984	3605	0.051159285
243984	3756	0.051159285
243984	875	0.05115928
244039	581	0.060307197
244039	6198	0.060307197
244039	1349	0.06030719
244039	2552	0.06030719
244039	3556	0.06030719
244039	4342	0.06030719
244039	719	0.060307186
244039	3605	0.060307186
244039	875	0.060307182
244039	2787	0.060307182
244056	581	0.08026335
244056	2552	0.08026334
244056	6198	0.08026334
244056	719	0.08026333
244056	3556	0.08026333
244056	3605	0.08026333
244056	4342	0.08026333
244056	1349	0.080263324
244056	365	0.08026332
244056	875	0.08026332
244070	581	0.045732643
244070	2552	0.04573264
244070	4342	0.04573264
244070	6198	0.04573264
244070	719	0.045732636
244070	880	0.045732632
244070	1349	0.045732632
244070	3556	0.045732632
244070	3605	0.045732632
244070	875	0.04573263
244092	581	0.05823383
244092	2552	0.058233827
244092	3556	0.058233827
244092	4342	0.058233827
244092	6198	0.058233827
244092	1349	0.058233824
244092	719	0.05823382
244092	875	0.05823382
244092	3605	0.05823382
244092	5147	0.05823382
244171	2552	0.07881476
244171	4342	0.07881476
244171	6198	0.07881476
244171	581	0.07881475
244171	719	0.078814745
244171	1349	0.078814745
244171	3556	0.078814745
244171	875	0.07881474
244171	880	0.07881474
244171	3422	0.07881474
244189	581	0.06097389
244189	6198	0.06097389
244189	4342	0.060973886
244189	2552	0.060973883
244189	719	0.06097388
244189	1349	0.06097388
244189	3556	0.060973875
244189	3605	0.060973875
244189	3756	0.060973875
244189	875	0.06097387
244277	581	0.056720477
244277	6198	0.056720477
244277	2552	0.056720473
244277	4342	0.056720473
244277	3556	0.05672047
244277	719	0.056720465
244277	875	0.056720465
244277	1349	0.056720465
244277	2787	0.05672046
244277	3605	0.05672046
244286	581	0.043456145
244286	2552	0.043456145
244286	4342	0.043456145
244286	6198	0.043456145
244286	719	0.04345614
244286	875	0.043456137
244286	1349	0.043456137
244286	3556	0.043456137
244286	3605	0.043456137
244286	3756	0.043456137
244349	581	0.051986463
244349	6198	0.051986463
244349	4342	0.05198646
244349	2552	0.051986456
244349	3556	0.051986456
244349	719	0.051986452
244349	875	0.051986452
244349	1349	0.051986452
244349	3756	0.051986452
244349	880	0.05198645
244359	6198	0.06942248
244359	581	0.069422476
244359	2552	0.069422476
244359	4342	0.069422476
244359	719	0.06942247
244359	875	0.06942247
244359	1349	0.06942247
244359	2787	0.06942247
244359	3556	0.06942247
244359	880	0.06942246
244420	581	0.068816096
244420	2552	0.068816096
244420	4342	0.068816096
244420	6198	0.068816096
244420	365	0.06881608
244420	719	0.06881608
244420	875	0.06881608
244420	1349	0.06881608
244420	2651	0.06881608
244420	2787	0.06881608
244452	581	0.047424287
244452	6198	0.047424287
244452	719	0.04742428
244452	1349	0.04742428
244452	2552	0.04742428
244452	4342	0.04742428
244452	3556	0.047424275
244452	365	0.04742427
244452	880	0.04742427
244452	2651	0.04742427
244456	2552	0.054378867
244456	4342	0.054378867
244456	6198	0.054378867
244456	719	0.05437886
244456	1349	0.054378856
244456	3556	0.054378856
244456	875	0.054378852
244456	880	0.054378852
244456	2651	0.054378852
244456	2787	0.054378852
244471	581	0.0621986
244471	2552	0.062198594
244471	6198	0.062198594
244471	4342	0.06219859
244471	1349	0.062198587
244471	719	0.062198583
244471	3556	0.062198583
244471	875	0.06219858
244471	2787	0.06219858
244471	3605	0.06219858
244484	581	0.03797411
244484	719	0.037974104
244484	1349	0.037974104
244484	2552	0.037974104
244484	4342	0.037974104
244484	6198	0.037974104
244484	875	0.0379741
244484	3556	0.0379741
244484	3756	0.0379741
244484	365	0.037974097
244494	4342	0.055849858
244494	6198	0.055849858
244494	2552	0.055849854
244494	719	0.05584985
244494	1349	0.05584985
244494	3556	0.05584985
244494	875	0.055849846
244494	3605	0.055849846
244494	365	0.055849843
244494	880	0.055849843
244517	2552	0.06944671
244517	4342	0.06944671
244517	6198	0.06944671
244517	719	0.069446705
244517	875	0.0694467
244517	880	0.0694467
244517	1349	0.0694467
244517	2651	0.0694467
244517	3556	0.0694467
244517	3605	0.0694467
244593	6198	0.051294148
244593	581	0.051294144
244593	2552	0.05129414
244593	4342	0.05129414
244593	719	0.051294137
244593	1349	0.051294137
244593	3556	0.051294137
244593	875	0.051294133
244593	3605	0.051294133
244593	4218	0.051294133
244622	581	0.045986794
244622	2552	0.04598679
244622	4342	0.04598679
244622	6198	0.04598679
244622	719	0.045986786
244622	3556	0.045986783
244622	365	0.04598678
244622	875	0.04598678
244622	880	0.04598678
244622	1349	0.04598678
244627	581	0.08442065
244627	4342	0.08442065
244627	6198	0.08442065
244627	719	0.08442064
244627	1349	0.08442064
244627	2552	0.08442064
244627	2787	0.08442064
244627	3556	0.08442064
244627	3605	0.08442064
244627	875	0.08442063
244657	6198	0.08169102
244657	581	0.08169101
244657	2552	0.08169101
244657	4342	0.08169101
244657	719	0.081691
244657	875	0.081691
244657	1349	0.081691
244657	2787	0.081691
244657	3556	0.081691
244657	3605	0.081691
244662	581	0.055732116
244662	4342	0.055732116
244662	6198	0.055732116
244662	2552	0.055732112
244662	719	0.05573211
244662	1349	0.05573211
244662	3556	0.05573211
244662	3605	0.05573211
244662	875	0.055732105
244662	365	0.0557321
244676	581	0.06643216
244676	6198	0.06643216
244676	719	0.06643215
244676	1349	0.06643215
244676	2552	0.06643215
244676	3556	0.06643215
244676	3605	0.06643215
244676	4342	0.06643215
244676	875	0.06643214
244676	2787	0.06643214
244685	581	0.063122615
244685	2552	0.063122615
244685	6198	0.063122615
244685	3556	0.06312261
244685	4342	0.06312261
244685	365	0.0631226
244685	719	0.0631226
244685	880	0.0631226
244685	1349	0.0631226
244685	2651	0.0631226
244708	581	0.056292232
244708	6198	0.056292232
244708	2552	0.05629223
244708	4342	0.05629223
244708	3556	0.056292225
244708	719	0.05629222
244708	875	0.05629222
244708	1349	0.05629222
244708	3605	0.05629222
244708	2787	0.056292217
244710	581	0.0569088
244710	2552	0.0569088
244710	6198	0.0569088
244710	4342	0.056908797
244710	1349	0.056908794
244710	719	0.05690879
244710	3605	0.05690879
244710	875	0.056908786
244710	2787	0.056908786
244710	3556	0.056908786
244736	581	0.052369654
244736	2552	0.052369654
244736	6198	0.052369654
244736	719	0.052369647
244736	1349	0.052369647
244736	4342	0.052369647
244736	3556	0.052369643
244736	875	0.05236964
244736	2787	0.05236964
244736	3605	0.05236964
244742	581	0.06738889
244742	2552	0.06738889
244742	4342	0.06738889
244742	6198	0.06738889
244742	719	0.067388885
244742	3605	0.067388885
244742	875	0.06738888
244742	880	0.06738888
244742	1349	0.06738888
244742	2787	0.06738888
244761	2552	0.06999536
244761	581	0.06999535
244761	719	0.06999535
244761	4342	0.06999535
244761	6198	0.06999535
244761	1349	0.06999534
244761	2787	0.06999534
244761	3556	0.06999534
244761	365	0.069995336
244761	875	0.069995336
244779	581	0.087883994
244779	2552	0.08788399
244779	4342	0.08788399
244779	6198	0.08788399
244779	719	0.08788398
244779	1349	0.08788397
244779	3556	0.08788397
244779	3605	0.08788397
244779	875	0.087883964
244779	880	0.087883964
244814	581	0.05111357
244814	4342	0.05111357
244814	6198	0.05111357
244814	2552	0.051113565
244814	1349	0.05111356
244814	3605	0.05111356
244814	719	0.051113557
244814	3556	0.051113557
244814	875	0.051113553
244814	2651	0.051113553
244873	581	0.043567438
244873	2552	0.043567434
244873	4342	0.043567434
244873	6198	0.043567434
244873	719	0.04356743
244873	875	0.043567427
244873	1349	0.043567427
244873	2787	0.043567427
244873	3556	0.043567427
244873	3605	0.043567427
244874	581	0.049005397
244874	6198	0.049005393
244874	2552	0.04900539
244874	3556	0.04900539
244874	4342	0.04900539
244874	719	0.049005385
244874	1349	0.049005385
244874	365	0.04900538
244874	875	0.04900538
244874	2787	0.04900538
244915	581	0.03984622
244915	2552	0.03984622
244915	4342	0.03984622
244915	6198	0.03984622
244915	1349	0.039846215
244915	3556	0.039846215
244915	3605	0.039846215
244915	719	0.03984621
244915	875	0.03984621
244915	2787	0.03984621
244925	581	0.056220323
244925	6198	0.056220323
244925	1349	0.056220315
244925	2552	0.056220315
244925	4342	0.056220315
244925	3556	0.05622031
244925	719	0.056220308
244925	875	0.056220308
244925	2787	0.056220308
244925	3605	0.056220308
244995	581	0.071803555
244995	1349	0.071803555
244995	2552	0.071803555
244995	3556	0.071803555
244995	4342	0.071803555
244995	6198	0.071803555
244995	719	0.07180355
244995	875	0.07180355
244995	365	0.07180354
244995	1211	0.07180354
245088	581	0.053669732
245088	6198	0.053669732
245088	2552	0.05366973
245088	4342	0.05366973
245088	719	0.05366972
245088	1349	0.05366972
245088	3556	0.05366972
245088	3605	0.05366972
245088	875	0.053669717
245088	2787	0.053669717
245102	581	0.033864602
245102	4342	0.033864602
245102	6198	0.033864602
245102	719	0.033864595
245102	875	0.033864595
245102	1349	0.033864595
245102	2552	0.033864595
245102	3556	0.033864595
245102	3756	0.033864595
245102	5214	0.033864595
245128	581	0.07302448
245128	2552	0.07302448
245128	6198	0.07302448
245128	4342	0.073024474
245128	719	0.07302447
245128	875	0.07302447
245128	1349	0.07302447
245128	2651	0.07302447
245128	3556	0.07302447
245128	365	0.07302446
245157	581	0.06927091
245157	2552	0.06927091
245157	4342	0.06927091
245157	6198	0.06927091
245157	1349	0.0692709
245157	3556	0.0692709
245157	365	0.069270894
245157	875	0.069270894
245157	880	0.069270894
245157	2651	0.069270894
245188	581	0.052027658
245188	4342	0.052027658
245188	6198	0.052027658
245188	2552	0.052027654
245188	1349	0.05202765
245188	719	0.052027646
245188	875	0.052027646
245188	3605	0.052027646
245188	880	0.052027643
245188	2651	0.052027643
245194	581	0.060449447
245194	6198	0.060449447
245194	2552	0.060449444
245194	4342	0.060449444
245194	719	0.060449436
245194	1349	0.060449436
245194	3556	0.060449436
245194	3756	0.060449436
245194	2787	0.060449433
245194	3605	0.060449433
245203	581	0.040322207
245203	2552	0.040322207
245203	4342	0.040322207
245203	6198	0.040322207
245203	719	0.040322203
245203	3556	0.040322203
245203	365	0.0403222
245203	875	0.0403222
245203	880	0.0403222
245203	1349	0.0403222
245215	581	0.08095008
245215	2552	0.08095008
245215	6198	0.08095008
245215	4342	0.080950074
245215	719	0.08095007
245215	875	0.08095007
245215	1349	0.08095007
245215	2787	0.08095007
245215	3556	0.08095007
245215	3605	0.08095007
245281	581	0.049039155
245281	2552	0.04903915
245281	4342	0.049039148
245281	6198	0.049039148
245281	719	0.049039144
245281	1349	0.049039144
245281	875	0.04903914
245281	2787	0.04903914
245281	3556	0.04903914
245281	3605	0.04903914
245295	581	0.07751893
245295	4342	0.07751893
245295	6198	0.07751893
245295	719	0.077518925
245295	1349	0.077518925
245295	2552	0.077518925
245295	3556	0.07751892
245295	365	0.07751891
245295	875	0.07751891
245295	880	0.07751891
245311	581	0.07795771
245311	6198	0.07795771
245311	1349	0.077957705
245311	2552	0.077957705
245311	4342	0.077957705
245311	719	0.0779577
245311	3556	0.0779577
245311	3605	0.0779577
245311	875	0.07795769
245311	880	0.07795769
245328	581	0.07220073
245328	2552	0.07220073
245328	6198	0.07220073
245328	4342	0.07220072
245328	719	0.072200716
245328	1349	0.072200716
245328	3556	0.072200716
245328	3605	0.072200716
245328	875	0.07220071
245328	1958	0.07220071
245346	581	0.05353772
245346	2552	0.05353772
245346	6198	0.05353772
245346	4342	0.053537715
245346	719	0.05353771
245346	875	0.05353771
245346	1349	0.05353771
245346	3556	0.05353771
245346	3605	0.053537708
245346	365	0.053537704
245371	6198	0.0633386
245371	581	0.06333859
245371	2552	0.06333859
245371	4342	0.06333859
245371	719	0.063338585
245371	875	0.063338585
245371	1349	0.063338585
245371	365	0.06333858
245371	880	0.06333858
245371	1211	0.06333858
245410	581	0.06299046
245410	4342	0.06299046
245410	6198	0.06299046
245410	875	0.06299045
245410	1349	0.06299045
245410	3556	0.06299045
245410	3605	0.06299045
245410	365	0.06299044
245410	719	0.06299044
245410	880	0.06299044
245446	6198	0.07841512
245446	581	0.07841511
245446	2552	0.07841511
245446	4342	0.07841511
245446	719	0.0784151
245446	1349	0.0784151
245446	875	0.078415096
245446	2651	0.078415096
245446	3556	0.078415096
245446	3605	0.078415096
245534	581	0.07155744
245534	6198	0.07155744
245534	719	0.07155743
245534	2552	0.07155743
245534	3556	0.07155743
245534	3605	0.07155743
245534	4342	0.07155743
245534	875	0.071557425
245534	1349	0.071557425
245534	3756	0.071557425
245568	581	0.056108512
245568	2552	0.05610851
245568	4342	0.05610851
245568	6198	0.05610851
245568	719	0.0561085
245568	1349	0.0561085
245568	875	0.056108497
245568	2787	0.056108497
245568	3556	0.056108497
245568	3605	0.056108497
245604	581	0.05396369
245604	6198	0.05396369
245604	2552	0.053963687
245604	4342	0.053963687
245604	719	0.053963684
245604	3556	0.053963684
245604	1349	0.05396368
245604	3605	0.05396368
245604	875	0.053963676
245604	1173	0.053963676
245616	581	0.058703654
245616	6198	0.058703654
245616	2552	0.058703646
245616	4342	0.058703646
245616	1349	0.058703642
245616	3605	0.058703642
245616	719	0.05870364
245616	2787	0.05870364
245616	3556	0.05870364
245616	365	0.05870363
245645	581	0.08310625
245645	2552	0.083106235
245645	4342	0.083106235
245645	6198	0.083106235
245645	719	0.08310622
245645	875	0.08310622
245645	1349	0.08310622
245645	2651	0.08310622
245645	2787	0.08310622
245645	3556	0.08310622
245649	581	0.057904333
245649	2552	0.057904333
245649	4342	0.057904333
245649	6198	0.057904333
245649	719	0.057904325
245649	875	0.057904325
245649	1349	0.057904325
245649	3556	0.057904325
245649	3605	0.05790432
245649	365	0.057904318
245650	581	0.09138751
245650	2552	0.09138751
245650	4342	0.09138751
245650	1349	0.0913875
245650	3556	0.0913875
245650	719	0.091387495
245650	875	0.091387495
245650	880	0.091387495
245650	2787	0.091387495
245650	3605	0.091387495
245655	581	0.054551575
245655	4342	0.054551575
245655	6198	0.054551575
245655	719	0.05455157
245655	2552	0.05455157
245655	3556	0.05455157
245655	1349	0.054551568
245655	875	0.054551564
245655	2651	0.054551564
245655	3605	0.054551564
245660	581	0.07695809
245660	2552	0.07695809
245660	4342	0.07695809
245660	6198	0.07695809
245660	719	0.07695808
245660	1349	0.07695808
245660	3556	0.07695808
245660	3605	0.07695808
245660	875	0.076958075
245660	1958	0.076958075
245814	581	0.07673136
245814	1349	0.076731354
245814	2552	0.076731354
245814	4342	0.076731354
245814	6198	0.076731354
245814	3605	0.07673135
245814	719	0.07673134
245814	880	0.07673134
245814	1958	0.07673134
245814	2787	0.07673134
245963	581	0.046082493
245963	6198	0.046082493
245963	2552	0.04608249
245963	3556	0.04608249
245963	4342	0.04608249
245963	719	0.046082485
245963	1349	0.046082485
245963	875	0.04608248
245963	2651	0.04608248
245963	2787	0.04608248
246000	581	0.05863925
246000	2552	0.05863925
246000	4342	0.05863925
246000	6198	0.05863925
246000	719	0.058639243
246000	1349	0.058639243
246000	3556	0.058639243
246000	3605	0.05863924
246000	875	0.058639236
246000	880	0.058639236
246156	581	0.06345107
246156	2552	0.06345107
246156	6198	0.06345107
246156	4342	0.06345106
246156	719	0.06345105
246156	875	0.06345105
246156	1349	0.06345105
246156	3556	0.06345105
246156	3605	0.06345105
246156	3756	0.06345105
246175	581	0.049025387
246175	6198	0.049025387
246175	4342	0.049025383
246175	719	0.04902538
246175	1349	0.04902538
246175	2552	0.04902538
246175	3556	0.049025375
246175	3605	0.049025375
246175	365	0.04902537
246175	875	0.04902537
246216	581	0.05376958
246216	2552	0.053769577
246216	4342	0.053769574
246216	6198	0.053769574
246216	1349	0.05376957
246216	719	0.053769566
246216	3556	0.053769566
246216	3605	0.053769566
246216	880	0.053769562
246216	2651	0.053769562
246230	581	0.05850649
246230	2552	0.05850649
246230	6198	0.05850649
246230	4342	0.058506485
246230	719	0.05850648
246230	1349	0.05850648
246230	3556	0.058506478
246230	875	0.058506474
246230	2787	0.058506474
246230	3605	0.058506474
246246	581	0.07407969
246246	6198	0.07407969
246246	2552	0.074079685
246246	4342	0.074079685
246246	719	0.07407968
246246	875	0.07407968
246246	1349	0.07407968
246246	3556	0.07407968
246246	3605	0.07407968
246246	365	0.07407967
246247	581	0.07826517
246247	6198	0.07826517
246247	1349	0.07826516
246247	2552	0.07826516
246247	4342	0.07826516
246247	719	0.07826515
246247	3556	0.07826515
246247	3605	0.07826515
246247	875	0.078265145
246247	880	0.078265145
246311	581	0.07570228
246311	2552	0.07570228
246311	6198	0.07570228
246311	719	0.075702265
246311	1349	0.075702265
246311	3556	0.075702265
246311	4342	0.075702265
246311	875	0.07570226
246311	3605	0.07570226
246311	365	0.07570225
246388	581	0.046569973
246388	1349	0.046569966
246388	2552	0.046569966
246388	3556	0.046569966
246388	4342	0.046569966
246388	6198	0.046569966
246388	3756	0.046569962
246388	365	0.04656996
246388	719	0.04656996
246388	875	0.04656996
246470	581	0.0756523
246470	6198	0.0756523
246470	2552	0.075652294
246470	4342	0.075652294
246470	719	0.07565229
246470	875	0.07565229
246470	1349	0.07565229
246470	3556	0.07565229
246470	3605	0.07565229
246470	2787	0.07565228
246507	581	0.051161025
246507	2552	0.051161025
246507	4342	0.051161025
246507	719	0.05116102
246507	6198	0.05116102
246507	1349	0.051161017
246507	3556	0.051161017
246507	3605	0.051161014
246507	875	0.05116101
246507	3663	0.05116101
246512	581	0.0758363
246512	2552	0.0758363
246512	4342	0.0758363
246512	6198	0.0758363
246512	719	0.07583629
246512	875	0.075836286
246512	880	0.075836286
246512	1349	0.075836286
246512	2651	0.075836286
246512	2787	0.075836286
246513	6198	0.065868825
246513	2552	0.06586882
246513	581	0.06586881
246513	719	0.06586881
246513	1349	0.06586881
246513	3756	0.06586881
246513	4342	0.06586881
246513	875	0.0658688
246513	3556	0.0658688
246513	3605	0.0658688
246528	581	0.05703979
246528	2552	0.05703979
246528	4342	0.05703979
246528	6198	0.05703979
246528	719	0.057039782
246528	875	0.057039782
246528	1349	0.057039782
246528	3556	0.057039782
246528	3605	0.05703978
246528	3756	0.05703978
246617	581	0.056815855
246617	6198	0.056815855
246617	2552	0.05681585
246617	4342	0.05681585
246617	1349	0.056815848
246617	3556	0.056815848
246617	719	0.056815844
246617	365	0.05681584
246617	875	0.05681584
246617	2651	0.05681584
246634	6198	0.07541084
246634	581	0.07541083
246634	1349	0.07541083
246634	2552	0.07541083
246634	4342	0.07541083
246634	719	0.07541082
246634	2787	0.07541082
246634	3556	0.07541082
246634	3605	0.07541082
246634	3756	0.07541082
246655	581	0.04123999
246655	6198	0.04123999
246655	2552	0.041239988
246655	4342	0.041239988
246655	719	0.041239984
246655	1349	0.041239984
246655	3556	0.041239984
246655	3605	0.041239984
246655	2787	0.04123998
246655	3756	0.04123998
246759	581	0.08945889
246759	2552	0.08945888
246759	4342	0.08945888
246759	6198	0.08945888
246759	719	0.08945887
246759	875	0.08945887
246759	1349	0.08945887
246759	2787	0.08945887
246759	3556	0.08945887
246759	3605	0.08945887
246766	581	0.06911646
246766	2552	0.06911646
246766	6198	0.06911646
246766	1349	0.06911645
246766	3605	0.06911645
246766	4342	0.06911645
246766	719	0.06911644
246766	875	0.06911644
246766	1958	0.06911644
246766	2787	0.06911644
246776	581	0.09154068
246776	6198	0.09154068
246776	1349	0.091540664
246776	2552	0.091540664
246776	4342	0.091540664
246776	719	0.09154066
246776	875	0.09154065
246776	2787	0.09154065
246776	3556	0.09154065
246776	3605	0.09154065
246798	581	0.07040563
246798	2552	0.07040563
246798	4342	0.07040563
246798	6198	0.07040563
246798	365	0.07040562
246798	719	0.07040562
246798	875	0.07040562
246798	880	0.07040562
246798	1349	0.07040562
246798	3556	0.07040562
246820	581	0.046124738
246820	2552	0.046124734
246820	4342	0.046124734
246820	6198	0.046124734
246820	719	0.04612473
246820	1349	0.04612473
246820	3556	0.04612473
246820	875	0.046124727
246820	3605	0.046124727
246820	3756	0.046124727
246959	581	0.06548509
246959	2552	0.06548509
246959	4342	0.06548509
246959	6198	0.06548509
246959	719	0.06548508
246959	1349	0.06548508
246959	3556	0.06548508
246959	365	0.065485075
246959	875	0.065485075
246959	880	0.065485075
247010	581	0.040095013
247010	6198	0.040095013
247010	2552	0.04009501
247010	4342	0.04009501
247010	719	0.040095005
247010	1349	0.040095005
247010	3556	0.040095005
247010	365	0.040095
247010	875	0.040095
247010	2787	0.040095
247055	581	0.07591705
247055	2552	0.075917035
247055	4342	0.075917035
247055	6198	0.075917035
247055	719	0.07591703
247055	1349	0.07591702
247055	2787	0.07591702
247055	3556	0.07591702
247055	3605	0.07591702
247055	4218	0.07591702
247060	581	0.0491343
247060	6198	0.049134295
247060	2552	0.04913429
247060	4342	0.04913429
247060	719	0.049134288
247060	875	0.049134284
247060	1349	0.049134284
247060	2787	0.049134284
247060	3556	0.049134284
247060	3605	0.049134284
247129	581	0.051368024
247129	6198	0.051368024
247129	2552	0.05136802
247129	4342	0.05136802
247129	719	0.051368013
247129	875	0.051368013
247129	1349	0.051368013
247129	3556	0.051368013
247129	3605	0.051368013
247129	365	0.05136801
247166	581	0.041994803
247166	2552	0.041994803
247166	4342	0.041994803
247166	6198	0.041994803
247166	719	0.041994795
247166	1349	0.041994795
247166	2787	0.041994795
247166	3556	0.041994795
247166	3605	0.041994795
247166	4218	0.041994795
247201	581	0.05756023
247201	4342	0.05756023
247201	2552	0.057560228
247201	6198	0.057560228
247201	719	0.057560224
247201	1349	0.057560224
247201	875	0.05756022
247201	3556	0.05756022
247201	3756	0.05756022
247201	3663	0.057560217
247240	6198	0.08458866
247240	2552	0.084588654
247240	719	0.08458865
247240	1349	0.08458865
247240	3556	0.08458865
247240	4342	0.08458865
247240	875	0.08458864
247240	2787	0.08458864
247240	3605	0.08458864
247240	3756	0.08458864
247241	581	0.074180044
247241	1349	0.07418004
247241	2552	0.07418004
247241	4342	0.07418004
247241	6198	0.07418004
247241	719	0.07418002
247241	2787	0.07418002
247241	3556	0.07418002
247241	3605	0.07418002
247241	3756	0.07418002
247278	581	0.061766863
247278	2552	0.06176686
247278	6198	0.06176686
247278	4342	0.061766855
247278	1349	0.06176685
247278	3556	0.06176685
247278	719	0.061766848
247278	3605	0.061766848
247278	365	0.06176684
247278	875	0.06176684
247423	581	0.05720131
247423	4342	0.057201307
247423	6198	0.057201307
247423	2552	0.057201304
247423	1349	0.0572013
247423	3556	0.0572013
247423	719	0.057201296
247423	2787	0.057201296
247423	3605	0.057201296
247423	875	0.057201292
247429	581	0.07473805
247429	2552	0.07473805
247429	1349	0.07473804
247429	3556	0.07473804
247429	4342	0.07473804
247429	6198	0.07473804
247429	719	0.07473803
247429	3605	0.07473803
247429	3756	0.07473803
247429	365	0.074738026
247444	581	0.05490107
247444	2552	0.05490107
247444	6198	0.05490107
247444	4342	0.054901067
247444	719	0.054901063
247444	1349	0.054901063
247444	3556	0.054901063
247444	875	0.05490106
247444	3605	0.05490106
247444	1958	0.054901056
247447	581	0.06638282
247447	719	0.06638281
247447	1349	0.06638281
247447	2552	0.06638281
247447	4342	0.06638281
247447	6198	0.06638281
247447	3605	0.0663828
247447	365	0.066382796
247447	875	0.066382796
247447	1958	0.066382796
247518	581	0.057009503
247518	2552	0.057009503
247518	4342	0.057009503
247518	6198	0.057009503
247518	719	0.057009496
247518	1349	0.057009496
247518	875	0.057009492
247518	3556	0.057009492
247518	365	0.05700949
247518	2787	0.05700949
247537	581	0.06251219
247537	1349	0.06251218
247537	2552	0.06251218
247537	4342	0.06251218
247537	6198	0.06251218
247537	719	0.062512174
247537	2787	0.062512174
247537	3556	0.062512174
247537	3756	0.062512174
247537	365	0.06251217
247626	6198	0.049724896
247626	581	0.04972489
247626	2552	0.04972489
247626	4342	0.04972489
247626	1349	0.049724888
247626	3556	0.049724888
247626	719	0.049724884
247626	2787	0.049724884
247626	3605	0.049724884
247626	4218	0.049724884
247664	581	0.05760657
247664	6198	0.05760657
247664	2552	0.057606567
247664	4342	0.057606567
247664	719	0.057606563
247664	3556	0.057606563
247664	875	0.057606556
247664	880	0.057606556
247664	1349	0.057606556
247664	2787	0.057606556
247752	581	0.07651408
247752	2552	0.07651408
247752	4342	0.07651408
247752	6198	0.07651408
247752	719	0.07651407
247752	1349	0.07651407
247752	3556	0.07651407
247752	2787	0.076514065
247752	3605	0.076514065
247752	3663	0.076514065
247829	581	0.043113917
247829	2552	0.043113917
247829	4342	0.043113917
247829	6198	0.043113917
247829	719	0.04311391
247829	875	0.04311391
247829	1349	0.04311391
247829	3556	0.04311391
247829	3756	0.04311391
247829	5214	0.04311391
247840	581	0.055600367
247840	2552	0.05560036
247840	4342	0.05560036
247840	6198	0.05560036
247840	719	0.055600353
247840	1349	0.055600353
247840	3556	0.055600353
247840	3605	0.055600353
247840	875	0.05560035
247840	3756	0.05560035
247852	581	0.086378634
247852	4342	0.08637862
247852	6198	0.08637862
247852	1349	0.08637861
247852	2552	0.08637861
247852	3605	0.08637861
247852	719	0.086378604
247852	2787	0.086378604
247852	3556	0.086378604
247852	880	0.0863786
247855	581	0.059777644
247855	2552	0.05977764
247855	6198	0.05977764
247855	4342	0.059777636
247855	719	0.059777632
247855	1349	0.059777632
247855	3556	0.059777632
247855	3605	0.05977763
247855	875	0.059777625
247855	2787	0.059777625
247897	581	0.06602566
247897	6198	0.06602566
247897	2552	0.06602565
247897	4342	0.06602565
247897	719	0.066025645
247897	875	0.066025645
247897	1349	0.066025645
247897	3556	0.066025645
247897	3605	0.066025645
247897	5147	0.066025645
247918	581	0.041230604
247918	6198	0.041230604
247918	4342	0.0412306
247918	1349	0.041230597
247918	2552	0.041230597
247918	3556	0.041230597
247918	719	0.041230593
247918	3605	0.041230593
247918	3756	0.041230593
247918	365	0.04123059
247966	6198	0.06541791
247966	581	0.0654179
247966	1349	0.0654179
247966	2552	0.0654179
247966	4342	0.0654179
247966	719	0.06541789
247966	3556	0.06541789
247966	3605	0.06541789
247966	875	0.065417886
247966	880	0.065417886
247998	581	0.050336443
247998	2552	0.050336443
247998	4342	0.050336443
247998	6198	0.050336443
247998	719	0.050336435
247998	1349	0.050336435
247998	3556	0.050336435
247998	875	0.05033643
247998	2787	0.05033643
247998	3605	0.05033643
248003	581	0.06661375
248003	2552	0.06661375
248003	4342	0.06661375
248003	6198	0.06661375
248003	719	0.06661374
248003	1349	0.06661374
248003	3556	0.06661374
248003	365	0.066613734
248003	875	0.066613734
248003	2651	0.066613734
248064	581	0.050176233
248064	2552	0.050176233
248064	4342	0.050176233
248064	6198	0.050176233
248064	719	0.050176226
248064	1349	0.050176226
248064	3556	0.050176226
248064	3605	0.050176226
248064	3756	0.050176222
248064	875	0.05017622
248098	581	0.044620838
248098	6198	0.044620838
248098	1349	0.044620834
248098	2552	0.044620834
248098	4342	0.044620834
248098	3556	0.04462083
248098	719	0.044620827
248098	875	0.044620827
248098	2787	0.044620827
248098	3605	0.044620827
248131	581	0.050109133
248131	6198	0.050109133
248131	719	0.050109126
248131	1349	0.050109126
248131	2552	0.050109126
248131	3556	0.050109126
248131	4342	0.050109126
248131	875	0.05010912
248131	2651	0.05010912
248131	2787	0.05010912
248138	6198	0.042017154
248138	581	0.042017147
248138	1349	0.042017147
248138	2552	0.042017147
248138	3556	0.042017147
248138	4342	0.042017147
248138	719	0.042017143
248138	3605	0.042017143
248138	875	0.04201714
248138	880	0.04201714
248221	581	0.06582532
248221	2552	0.06582532
248221	4342	0.06582532
248221	6198	0.06582532
248221	719	0.06582531
248221	1349	0.06582531
248221	3556	0.06582531
248221	875	0.065825306
248221	3605	0.065825306
248221	3756	0.065825306
248259	581	0.057770908
248259	4342	0.057770904
248259	6198	0.057770904
248259	2552	0.0577709
248259	719	0.057770893
248259	875	0.057770893
248259	1349	0.057770893
248259	2787	0.057770893
248259	3556	0.057770893
248259	3605	0.057770893
248280	581	0.060415234
248280	2552	0.06041523
248280	4342	0.06041523
248280	6198	0.06041523
248280	719	0.060415223
248280	1349	0.060415223
248280	3556	0.060415223
248280	875	0.06041522
248280	880	0.060415216
248280	2651	0.060415216
248464	2552	0.07672392
248464	6198	0.07672392
248464	581	0.07672391
248464	4342	0.07672391
248464	719	0.0767239
248464	1349	0.0767239
248464	3556	0.0767239
248464	3605	0.0767239
248464	875	0.076723896
248464	2651	0.076723896
248468	581	0.06691582
248468	4342	0.06691582
248468	1349	0.06691581
248468	2552	0.06691581
248468	3556	0.06691581
248468	6198	0.06691581
248468	719	0.0669158
248468	875	0.066915795
248468	880	0.066915795
248468	1173	0.066915795
248477	581	0.07045287
248477	6198	0.07045286
248477	719	0.070452854
248477	1349	0.070452854
248477	2552	0.070452854
248477	3556	0.070452854
248477	3605	0.070452854
248477	4342	0.070452854
248477	875	0.07045285
248477	3756	0.07045285
248479	581	0.05908469
248479	4342	0.05908469
248479	2552	0.059084687
248479	6198	0.059084687
248479	1349	0.059084684
248479	719	0.05908468
248479	3556	0.05908468
248479	875	0.059084676
248479	2787	0.059084676
248479	3605	0.059084676
248492	581	0.05707737
248492	4342	0.05707737
248492	6198	0.05707737
248492	2552	0.057077367
248492	719	0.057077363
248492	3556	0.057077363
248492	875	0.05707736
248492	1349	0.05707736
248492	880	0.057077356
248492	2651	0.057077356
248496	6198	0.08433232
248496	581	0.08433231
248496	2552	0.08433231
248496	4342	0.08433231
248496	719	0.0843323
248496	1349	0.0843323
248496	3556	0.0843323
248496	3605	0.0843323
248496	875	0.084332295
248496	2651	0.084332295
248531	581	0.047011953
248531	2552	0.04701195
248531	4342	0.04701195
248531	6198	0.04701195
248531	1349	0.047011945
248531	3556	0.047011945
248531	3605	0.047011945
248531	719	0.04701194
248531	5214	0.04701194
248531	365	0.047011938
248540	581	0.04903684
248540	2552	0.049036838
248540	6198	0.049036838
248540	4342	0.049036834
248540	719	0.04903683
248540	1349	0.04903683
248540	3556	0.04903683
248540	3605	0.04903683
248540	875	0.049036827
248540	3756	0.049036827
248547	581	0.06035897
248547	6198	0.06035897
248547	2552	0.060358968
248547	719	0.060358964
248547	4342	0.060358964
248547	1349	0.06035896
248547	3556	0.06035896
248547	3605	0.06035896
248547	875	0.060358956
248547	1958	0.060358956
248615	581	0.070414186
248615	2552	0.070414186
248615	4342	0.070414186
248615	6198	0.070414186
248615	719	0.07041418
248615	1349	0.07041418
248615	3556	0.07041418
248615	3605	0.07041418
248615	875	0.07041417
248615	880	0.07041417
248656	581	0.047996424
248656	2552	0.047996417
248656	6198	0.047996417
248656	3605	0.047996413
248656	4342	0.047996413
248656	719	0.04799641
248656	1349	0.04799641
248656	3556	0.04799641
248656	2787	0.047996406
248656	3756	0.047996406
248749	581	0.06612097
248749	6198	0.06612096
248749	719	0.06612095
248749	1349	0.06612095
248749	2552	0.06612095
248749	4342	0.06612095
248749	3556	0.066120945
248749	3605	0.066120945
248749	365	0.06612094
248749	875	0.06612094
248805	581	0.051107325
248805	6198	0.051107325
248805	2552	0.05110732
248805	4342	0.05110732
248805	719	0.051107317
248805	1349	0.051107317
248805	3556	0.051107317
248805	3605	0.051107317
248805	2787	0.051107313
248805	365	0.05110731
248850	581	0.07796713
248850	2552	0.07796713
248850	6198	0.07796713
248850	719	0.07796712
248850	1349	0.07796712
248850	3556	0.07796712
248850	3605	0.07796712
248850	4342	0.07796712
248850	875	0.07796711
248850	880	0.07796711
248901	581	0.064888865
248901	4342	0.06488886
248901	6198	0.06488886
248901	719	0.06488885
248901	1349	0.06488885
248901	2552	0.06488885
248901	3556	0.06488885
248901	3605	0.06488885
248901	875	0.06488884
248901	880	0.06488884
248965	581	0.07146503
248965	1349	0.07146503
248965	2552	0.07146503
248965	6198	0.07146503
248965	3605	0.07146502
248965	4342	0.07146502
248965	719	0.071465015
248965	875	0.071465015
248965	2787	0.071465015
248965	3556	0.071465015
249058	581	0.051505547
249058	2552	0.051505543
249058	4342	0.051505543
249058	6198	0.051505543
249058	719	0.05150554
249058	3556	0.05150554
249058	875	0.051505536
249058	1349	0.051505536
249058	2787	0.051505536
249058	3605	0.051505536
249096	581	0.063772924
249096	2552	0.06377292
249096	6198	0.06377292
249096	719	0.06377291
249096	4342	0.06377291
249096	365	0.0637729
249096	875	0.0637729
249096	880	0.0637729
249096	1211	0.0637729
249096	1349	0.0637729
249111	581	0.05403695
249111	2552	0.05403695
249111	6198	0.05403695
249111	4342	0.054036945
249111	719	0.05403694
249111	3556	0.05403694
249111	875	0.054036938
249111	1349	0.054036938
249111	2651	0.054036938
249111	3605	0.054036938
249128	581	0.0453402
249128	2552	0.045340195
249128	4342	0.045340195
249128	6198	0.045340195
249128	719	0.045340188
249128	875	0.045340188
249128	880	0.045340188
249128	1349	0.045340188
249128	3556	0.045340188
249128	3605	0.045340188
249140	581	0.055462956
249140	2552	0.055462956
249140	4342	0.05546295
249140	6198	0.05546295
249140	1349	0.055462945
249140	3556	0.055462945
249140	719	0.05546294
249140	875	0.05546294
249140	2787	0.05546294
249140	3605	0.05546294
249150	581	0.051105496
249150	6198	0.051105496
249150	4342	0.05110549
249150	1349	0.051105488
249150	2552	0.051105488
249150	719	0.051105484
249150	3556	0.051105484
249150	3605	0.051105484
249150	3756	0.051105484
249150	875	0.05110548
249220	581	0.04368709
249220	6198	0.04368709
249220	2552	0.043687087
249220	4342	0.043687087
249220	719	0.043687083
249220	1349	0.043687083
249220	3556	0.043687083
249220	4218	0.04368708
249220	365	0.043687075
249220	875	0.043687075
249223	581	0.055707574
249223	6198	0.055707574
249223	2552	0.05570757
249223	4342	0.05570757
249223	719	0.055707566
249223	1349	0.055707566
249223	3556	0.055707566
249223	875	0.05570756
249223	880	0.05570756
249223	2651	0.05570756
249361	581	0.058819316
249361	2552	0.058819316
249361	6198	0.058819316
249361	4342	0.058819313
249361	1349	0.05881931
249361	3556	0.05881931
249361	719	0.058819305
249361	3605	0.058819305
249361	875	0.0588193
249361	1958	0.0588193
249407	581	0.04891765
249407	6198	0.04891765
249407	2552	0.048917647
249407	4342	0.048917647
249407	719	0.048917644
249407	1349	0.048917644
249407	3556	0.048917644
249407	3605	0.048917644
249407	875	0.04891764
249407	3756	0.04891764
249496	581	0.068453014
249496	6198	0.06845301
249496	719	0.068453
249496	1349	0.068453
249496	2552	0.068453
249496	3605	0.068453
249496	4342	0.068453
249496	875	0.06845299
249496	3556	0.06845299
249496	365	0.068452984
249628	581	0.067261174
249628	2552	0.06726117
249628	4342	0.06726117
249628	6198	0.06726117
249628	719	0.06726116
249628	875	0.06726116
249628	1349	0.06726116
249628	3556	0.06726116
249628	3605	0.06726116
249628	3756	0.06726116
249634	581	0.053721324
249634	6198	0.053721324
249634	2552	0.05372132
249634	4342	0.05372132
249634	719	0.053721316
249634	1349	0.053721316
249634	3605	0.053721316
249634	3556	0.053721312
249634	875	0.05372131
249634	880	0.05372131
249650	6198	0.05220926
249650	581	0.052209258
249650	2552	0.052209258
249650	4342	0.052209258
249650	1349	0.052209254
249650	3556	0.052209254
249650	719	0.05220925
249650	2787	0.05220925
249650	3605	0.05220925
249650	875	0.052209247
249688	581	0.05565413
249688	2552	0.055654123
249688	4342	0.055654123
249688	6198	0.055654123
249688	719	0.055654116
249688	875	0.055654116
249688	1349	0.055654116
249688	2787	0.055654116
249688	3556	0.055654116
249688	3605	0.055654116
249695	581	0.054225966
249695	4342	0.054225963
249695	6198	0.054225963
249695	2552	0.05422596
249695	3556	0.05422596
249695	1349	0.054225955
249695	719	0.05422595
249695	875	0.05422595
249695	3605	0.05422595
249695	3756	0.05422595
249732	581	0.06723885
249732	4342	0.06723885
249732	2552	0.067238845
249732	6198	0.067238845
249732	365	0.06723884
249732	719	0.06723884
249732	875	0.06723884
249732	1349	0.06723884
249732	2787	0.06723884
249732	3556	0.06723884
249746	4342	0.08399763
249746	581	0.08399762
249746	719	0.08399762
249746	2552	0.08399762
249746	6198	0.08399762
249746	875	0.083997615
249746	1349	0.083997615
249746	880	0.08399761
249746	2787	0.08399761
249746	3422	0.08399761
249848	581	0.049729094
249848	6198	0.049729094
249848	2552	0.04972909
249848	4342	0.04972909
249848	719	0.049729083
249848	1349	0.049729083
249848	3556	0.049729083
249848	3756	0.049729083
249848	875	0.04972908
249848	2787	0.04972908
249862	6198	0.07017249
249862	581	0.07017248
249862	2552	0.07017248
249862	4342	0.07017248
249862	719	0.070172474
249862	1349	0.070172474
249862	3556	0.070172474
249862	3605	0.070172474
249862	3756	0.070172474
249862	875	0.07017247
249924	6198	0.048119217
249924	581	0.048119213
249924	2552	0.04811921
249924	3556	0.04811921
249924	4342	0.04811921
249924	719	0.048119206
249924	875	0.048119206
249924	1349	0.048119206
249924	880	0.048119202
249924	2651	0.048119202
249939	581	0.05144742
249939	6198	0.051447418
249939	719	0.051447414
249939	2552	0.051447414
249939	4342	0.051447414
249939	1349	0.05144741
249939	3556	0.05144741
249939	875	0.051447406
249939	2787	0.051447406
249939	3605	0.051447406
249953	581	0.06732777
249953	719	0.06732777
249953	2552	0.06732777
249953	4342	0.06732777
249953	6198	0.06732777
249953	1349	0.06732776
249953	875	0.06732775
249953	1958	0.06732775
249953	2651	0.06732775
249953	2787	0.06732775
249958	581	0.05713249
249958	2552	0.05713249
249958	4342	0.05713249
249958	6198	0.05713249
249958	719	0.057132483
249958	1349	0.057132483
249958	3556	0.057132483
249958	3605	0.05713248
249958	875	0.057132475
249958	880	0.057132475
249989	581	0.08835972
249989	6198	0.08835971
249989	2552	0.088359706
249989	4342	0.088359706
249989	719	0.0883597
249989	1349	0.0883597
249989	3556	0.0883597
249989	875	0.08835969
249989	2787	0.08835969
249989	3605	0.08835969
250006	2552	0.052969486
250006	4342	0.052969486
250006	6198	0.052969486
250006	719	0.052969478
250006	1349	0.052969478
250006	3556	0.052969478
250006	3605	0.052969478
250006	875	0.052969474
250006	3756	0.052969474
250006	5214	0.052969474
250101	581	0.053429548
250101	2552	0.053429544
250101	4342	0.053429544
250101	6198	0.053429544
250101	719	0.053429537
250101	875	0.053429537
250101	1349	0.053429537
250101	2787	0.053429537
250101	3556	0.053429537
250101	3605	0.053429537
250184	581	0.069698706
250184	6198	0.069698706
250184	2552	0.0696987
250184	4342	0.0696987
250184	719	0.06969869
250184	1349	0.06969869
250184	3556	0.06969869
250184	3605	0.06969869
250184	880	0.069698684
250184	2787	0.069698684
250219	581	0.051531833
250219	2552	0.05153183
250219	4342	0.05153183
250219	6198	0.05153183
250219	719	0.051531825
250219	1349	0.051531825
250219	3556	0.051531825
250219	875	0.05153182
250219	3756	0.05153182
250219	5214	0.05153182
250223	581	0.045340016
250223	6198	0.045340013
250223	2552	0.04534001
250223	4342	0.04534001
250223	719	0.045340005
250223	1349	0.045340005
250223	3556	0.045340005
250223	875	0.04534
250223	2651	0.04534
250223	2787	0.04534
250300	581	0.06416425
250300	2552	0.06416424
250300	6198	0.06416424
250300	719	0.064164236
250300	1349	0.064164236
250300	3556	0.064164236
250300	3605	0.064164236
250300	4342	0.064164236
250300	875	0.06416423
250300	3756	0.06416423
250301	581	0.047667317
250301	6198	0.047667313
250301	2552	0.04766731
250301	3556	0.04766731
250301	4342	0.04766731
250301	719	0.047667306
250301	875	0.047667302
250301	1349	0.047667302
250301	2787	0.047667302
250301	3605	0.047667302
250330	581	0.06665307
250330	2552	0.06665307
250330	4342	0.06665307
250330	6198	0.06665307
250330	719	0.066653065
250330	1349	0.06665306
250330	2787	0.06665306
250330	3556	0.06665306
250330	3605	0.06665306
250330	3663	0.06665306
250368	581	0.06562375
250368	2552	0.065623745
250368	3556	0.065623745
250368	4342	0.065623745
250368	6198	0.065623745
250368	719	0.06562374
250368	1349	0.06562374
250368	365	0.06562373
250368	875	0.06562373
250368	880	0.06562373
250398	581	0.08458099
250398	2552	0.08458099
250398	6198	0.08458099
250398	719	0.08458097
250398	1349	0.08458097
250398	3556	0.08458097
250398	3605	0.08458097
250398	4342	0.08458097
250398	875	0.084580965
250398	2787	0.084580965
250405	581	0.05551032
250405	6198	0.055510316
250405	719	0.055510312
250405	2552	0.055510312
250405	4342	0.055510312
250405	875	0.055510305
250405	880	0.055510305
250405	1349	0.055510305
250405	2651	0.055510305
250405	2787	0.055510305
250456	581	0.034981802
250456	4342	0.034981802
250456	719	0.0349818
250456	1349	0.0349818
250456	2552	0.0349818
250456	3556	0.0349818
250456	6198	0.0349818
250456	365	0.034981795
250456	875	0.034981795
250456	2787	0.034981795
250461	581	0.059780307
250461	2552	0.059780307
250461	4342	0.059780307
250461	6198	0.059780307
250461	1349	0.059780303
250461	719	0.0597803
250461	875	0.0597803
250461	3556	0.0597803
250461	2787	0.059780296
250461	3605	0.059780296
250494	581	0.06805718
250494	2552	0.06805718
250494	6198	0.06805718
250494	4342	0.06805717
250494	719	0.068057165
250494	875	0.068057165
250494	1349	0.068057165
250494	3556	0.068057165
250494	3605	0.068057165
250494	3756	0.068057165
250506	581	0.061388813
250506	4342	0.061388813
250506	6198	0.061388813
250506	2552	0.06138881
250506	719	0.061388806
250506	1349	0.061388806
250506	3556	0.0613888
250506	3605	0.0613888
250506	875	0.061388798
250506	880	0.061388798
250543	581	0.061046947
250543	2552	0.061046947
250543	4342	0.061046947
250543	6198	0.061046947
250543	1349	0.061046943
250543	3556	0.061046943
250543	719	0.061046936
250543	2787	0.061046936
250543	3605	0.061046936
250543	3756	0.061046936
250683	581	0.06576342
250683	6198	0.06576342
250683	719	0.065763414
250683	1349	0.065763414
250683	2552	0.065763414
250683	4342	0.065763414
250683	3556	0.06576341
250683	3605	0.06576341
250683	365	0.0657634
250683	875	0.0657634
250709	581	0.089821234
250709	2552	0.089821234
250709	4342	0.089821234
250709	6198	0.089821234
250709	719	0.08982123
250709	875	0.08982122
250709	1349	0.08982122
250709	2651	0.08982122
250709	2787	0.08982122
250709	3556	0.08982122
250733	581	0.054948587
250733	6198	0.054948587
250733	2552	0.054948583
250733	4342	0.054948583
250733	719	0.05494858
250733	875	0.054948576
250733	1349	0.054948576
250733	3556	0.054948576
250733	3605	0.054948576
250733	880	0.054948572
250764	581	0.059305564
250764	4342	0.059305564
250764	6198	0.059305564
250764	2552	0.05930556
250764	719	0.059305556
250764	1349	0.059305556
250764	3556	0.059305556
250764	875	0.059305552
250764	365	0.05930555
250764	2651	0.05930555
250832	581	0.05037141
250832	2552	0.05037141
250832	4342	0.05037141
250832	6198	0.05037141
250832	1349	0.050371405
250832	719	0.0503714
250832	3556	0.0503714
250832	3605	0.0503714
250832	365	0.050371397
250832	875	0.050371397
250851	581	0.06722452
250851	6198	0.06722452
250851	2552	0.06722451
250851	3605	0.06722451
250851	4342	0.06722451
250851	719	0.0672245
250851	875	0.0672245
250851	1349	0.0672245
250851	1958	0.0672245
250851	2651	0.0672245
250925	581	0.06155429
250925	2552	0.061554283
250925	4342	0.061554283
250925	6198	0.061554283
250925	719	0.061554275
250925	1349	0.061554275
250925	3556	0.061554275
250925	875	0.06155427
250925	2787	0.06155427
250925	3756	0.06155427
250936	6198	0.06363951
250936	581	0.0636395
250936	4342	0.0636395
250936	719	0.06363949
250936	1349	0.06363949
250936	2552	0.06363949
250936	3605	0.06363949
250936	1958	0.063639484
250936	2787	0.063639484
250936	3556	0.063639484
250939	581	0.04973539
250939	4342	0.049735386
250939	6198	0.049735386
250939	719	0.049735382
250939	1349	0.049735382
250939	2552	0.049735382
250939	3556	0.049735382
250939	3605	0.04973538
250939	365	0.049735375
250939	875	0.049735375
250962	581	0.07218251
250962	2552	0.07218251
250962	4342	0.07218251
250962	6198	0.07218251
250962	719	0.07218249
250962	1349	0.07218249
250962	2787	0.07218249
250962	3556	0.07218249
250962	3605	0.07218249
250962	3756	0.07218249
250989	581	0.048078887
250989	4342	0.048078883
250989	6198	0.048078883
250989	2552	0.04807888
250989	1349	0.048078876
250989	3556	0.048078876
250989	3605	0.048078876
250989	719	0.048078872
250989	875	0.048078872
250989	880	0.048078872
251003	581	0.048922617
251003	2552	0.048922613
251003	4342	0.048922613
251003	6198	0.048922613
251003	3556	0.04892261
251003	719	0.048922606
251003	875	0.048922606
251003	880	0.048922606
251003	1349	0.048922606
251003	3605	0.048922606
251019	6198	0.04972548
251019	581	0.049725473
251019	2552	0.049725473
251019	4342	0.049725473
251019	3556	0.04972547
251019	719	0.049725465
251019	1349	0.049725465
251019	2787	0.049725465
251019	3605	0.049725465
251019	4218	0.049725465
251093	581	0.08726376
251093	2552	0.08726376
251093	6198	0.08726376
251093	4342	0.087263756
251093	719	0.08726375
251093	1349	0.08726375
251093	3605	0.08726375
251093	875	0.08726374
251093	3556	0.08726374
251093	3756	0.08726374
251122	581	0.048176765
251122	6198	0.04817676
251122	2552	0.048176758
251122	4342	0.048176758
251122	719	0.048176754
251122	1349	0.048176754
251122	3556	0.048176754
251122	365	0.04817675
251122	875	0.04817675
251122	2787	0.04817675
251140	581	0.06226283
251140	2552	0.062262826
251140	4342	0.062262826
251140	6198	0.062262826
251140	719	0.06226282
251140	1349	0.06226282
251140	3556	0.06226282
251140	3756	0.06226282
251140	875	0.062262814
251140	3605	0.062262814
251146	581	0.063252196
251146	6198	0.063252196
251146	2552	0.06325219
251146	4342	0.06325219
251146	719	0.06325218
251146	875	0.06325218
251146	1349	0.06325218
251146	3556	0.06325218
251146	3605	0.06325218
251146	5147	0.06325218
251149	581	0.06318564
251149	2552	0.06318563
251149	4342	0.06318563
251149	6198	0.06318563
251149	719	0.063185625
251149	1349	0.063185625
251149	3556	0.063185625
251149	365	0.06318562
251149	875	0.06318562
251149	880	0.06318562
251164	581	0.06658601
251164	6198	0.06658601
251164	719	0.066586
251164	1349	0.066586
251164	2552	0.066586
251164	3556	0.066586
251164	3605	0.066586
251164	4342	0.066586
251164	875	0.066585995
251164	2787	0.066585995
251242	581	0.07335418
251242	2552	0.07335417
251242	4342	0.07335417
251242	6198	0.07335417
251242	1349	0.07335416
251242	3556	0.07335416
251242	3605	0.07335416
251242	365	0.073354155
251242	719	0.073354155
251242	875	0.073354155
251362	581	0.058756568
251362	6198	0.058756564
251362	2552	0.05875656
251362	4342	0.05875656
251362	3556	0.058756556
251362	719	0.058756553
251362	1349	0.058756553
251362	3605	0.058756553
251362	875	0.05875655
251362	3756	0.05875655
251391	581	0.042003624
251391	4342	0.042003624
251391	2552	0.04200362
251391	6198	0.04200362
251391	719	0.042003617
251391	1349	0.042003617
251391	3556	0.042003617
251391	875	0.042003613
251391	880	0.042003613
251391	2787	0.042003613
251394	581	0.08383434
251394	719	0.083834335
251394	2552	0.083834335
251394	4342	0.083834335
251394	6198	0.083834335
251394	3556	0.08383433
251394	365	0.08383432
251394	875	0.08383432
251394	880	0.08383432
251394	1349	0.08383432
251398	581	0.06269188
251398	719	0.06269188
251398	2552	0.06269188
251398	4342	0.06269188
251398	6198	0.06269188
251398	875	0.062691875
251398	1349	0.062691875
251398	3556	0.062691875
251398	3605	0.062691875
251398	365	0.06269187
251422	581	0.07327277
251422	2552	0.073272765
251422	4342	0.073272765
251422	6198	0.073272765
251422	719	0.07327276
251422	1349	0.07327276
251422	875	0.07327275
251422	1958	0.07327275
251422	2651	0.07327275
251422	2787	0.07327275
251423	6198	0.04931767
251423	581	0.049317665
251423	2552	0.049317665
251423	4342	0.049317665
251423	719	0.049317658
251423	1349	0.049317658
251423	3556	0.049317658
251423	3605	0.049317658
251423	365	0.04931765
251423	875	0.04931765
251483	581	0.0458754
251483	2552	0.0458754
251483	4342	0.0458754
251483	6198	0.0458754
251483	1349	0.045875397
251483	719	0.045875393
251483	3556	0.045875393
251483	3605	0.045875393
251483	875	0.04587539
251483	2787	0.04587539
251495	581	0.062053677
251495	2552	0.062053673
251495	4342	0.062053673
251495	6198	0.062053673
251495	719	0.062053666
251495	1349	0.062053666
251495	3556	0.06205366
251495	3605	0.06205366
251495	3756	0.06205366
251495	875	0.062053658
251518	581	0.056262434
251518	6198	0.05626243
251518	2552	0.056262426
251518	4342	0.056262422
251518	719	0.05626242
251518	1349	0.05626242
251518	3556	0.05626242
251518	3605	0.05626242
251518	875	0.05626241
251518	880	0.05626241
251527	581	0.038696073
251527	2552	0.038696073
251527	4342	0.038696073
251527	6198	0.038696073
251527	719	0.038696066
251527	875	0.038696066
251527	1349	0.038696066
251527	2787	0.038696066
251527	3556	0.038696066
251527	3605	0.038696066
251560	581	0.053298436
251560	4342	0.053298432
251560	2552	0.05329843
251560	6198	0.05329843
251560	719	0.053298425
251560	875	0.05329842
251560	1349	0.05329842
251560	3556	0.05329842
251560	3605	0.05329842
251560	880	0.053298417
251606	581	0.061391603
251606	2552	0.0613916
251606	6198	0.0613916
251606	4342	0.061391596
251606	719	0.061391592
251606	1349	0.061391592
251606	875	0.06139159
251606	3556	0.06139159
251606	3605	0.06139159
251606	365	0.061391585
251613	581	0.08198558
251613	2552	0.08198558
251613	6198	0.08198558
251613	4342	0.08198557
251613	719	0.08198556
251613	1349	0.08198556
251613	3556	0.08198556
251613	3605	0.08198556
251613	2787	0.081985556
251613	3756	0.081985556
251642	581	0.051308807
251642	6198	0.051308807
251642	4342	0.051308803
251642	2552	0.0513088
251642	719	0.051308796
251642	1349	0.051308796
251642	3556	0.051308796
251642	875	0.051308792
251642	2787	0.051308792
251642	3605	0.051308792
251721	6198	0.06734794
251721	581	0.06734793
251721	719	0.06734793
251721	1349	0.06734793
251721	2552	0.06734793
251721	4342	0.06734793
251721	3556	0.06734792
251721	3756	0.06734792
251721	365	0.067347914
251721	875	0.067347914
251739	6198	0.061664063
251739	581	0.06166406
251739	2552	0.06166406
251739	4342	0.06166406
251739	719	0.061664052
251739	1349	0.061664052
251739	3556	0.061664052
251739	3605	0.061664052
251739	2787	0.06166405
251739	3756	0.06166405
251744	581	0.062888965
251744	2552	0.06288896
251744	4342	0.06288896
251744	6198	0.06288896
251744	719	0.06288895
251744	875	0.06288895
251744	1349	0.06288895
251744	3556	0.06288895
251744	3605	0.06288895
251744	365	0.06288894
251843	581	0.10414523
251843	6198	0.10414523
251843	2552	0.10414522
251843	719	0.104145214
251843	1349	0.104145214
251843	3556	0.104145214
251843	4342	0.104145214
251843	3605	0.10414521
251843	875	0.1041452
251843	880	0.1041452
251844	581	0.06258809
251844	2552	0.06258808
251844	4342	0.06258808
251844	6198	0.06258808
251844	719	0.06258807
251844	875	0.06258807
251844	1349	0.06258807
251844	3556	0.06258807
251844	365	0.062588066
251844	880	0.062588066
251890	581	0.04260972
251890	6198	0.042609718
251890	2552	0.042609714
251890	4342	0.042609714
251890	719	0.04260971
251890	3556	0.04260971
251890	875	0.042609707
251890	1349	0.042609707
251890	2787	0.042609707
251890	3605	0.042609707
252071	581	0.08032447
252071	2552	0.08032447
252071	4342	0.08032447
252071	6198	0.08032447
252071	719	0.08032446
252071	1349	0.08032446
252071	875	0.080324456
252071	2787	0.080324456
252071	3556	0.080324456
252071	3605	0.080324456
252222	581	0.053082563
252222	6198	0.053082563
252222	2552	0.05308256
252222	4342	0.05308256
252222	1349	0.053082556
252222	3556	0.053082556
252222	719	0.05308255
252222	3756	0.05308255
252222	365	0.053082548
252222	875	0.053082548
252233	581	0.06450965
252233	6198	0.06450965
252233	719	0.064509645
252233	2552	0.064509645
252233	3556	0.064509645
252233	3756	0.064509645
252233	4342	0.064509645
252233	875	0.06450964
252233	880	0.06450964
252233	1349	0.06450964
252282	581	0.054379426
252282	6198	0.054379422
252282	2552	0.05437942
252282	4342	0.05437942
252282	719	0.05437941
252282	1349	0.05437941
252282	3556	0.05437941
252282	3605	0.05437941
252282	875	0.054379407
252282	2787	0.054379407
252287	581	0.050983846
252287	6198	0.050983842
252287	719	0.05098384
252287	1349	0.05098384
252287	2552	0.05098384
252287	4342	0.05098384
252287	2787	0.050983835
252287	3556	0.050983835
252287	1958	0.05098383
252287	2651	0.05098383
252292	581	0.063032344
252292	1349	0.063032344
252292	2552	0.063032344
252292	3556	0.063032344
252292	4342	0.063032344
252292	6198	0.063032344
252292	719	0.06303234
252292	3605	0.06303234
252292	365	0.06303233
252292	875	0.06303233
252347	581	0.05493779
252347	6198	0.05493779
252347	2552	0.054937787
252347	4342	0.054937787
252347	719	0.054937784
252347	1349	0.054937784
252347	3556	0.054937784
252347	3605	0.05493778
252347	875	0.054937776
252347	2787	0.054937776
252627	581	0.0396851
252627	4342	0.0396851
252627	6198	0.0396851
252627	2552	0.039685097
252627	719	0.039685093
252627	875	0.039685093
252627	1349	0.039685093
252627	3556	0.039685093
252627	3605	0.039685093
252627	3756	0.039685093
252654	581	0.040853396
252654	4342	0.040853396
252654	6198	0.040853396
252654	2552	0.040853392
252654	719	0.04085339
252654	1349	0.04085339
252654	2787	0.04085339
252654	3556	0.04085339
252654	3605	0.04085339
252654	3756	0.04085339
252698	581	0.050683104
252698	2552	0.050683096
252698	4342	0.050683096
252698	6198	0.050683096
252698	1349	0.050683092
252698	3556	0.050683092
252698	719	0.05068309
252698	875	0.05068309
252698	880	0.05068309
252698	2787	0.05068309
252775	581	0.03647668
252775	2552	0.036476675
252775	4342	0.036476675
252775	6198	0.036476675
252775	719	0.03647667
252775	1349	0.03647667
252775	3556	0.03647667
252775	3756	0.03647667
252775	365	0.036476668
252775	875	0.036476668
252785	581	0.052467756
252785	4342	0.052467756
252785	6198	0.052467756
252785	2552	0.052467752
252785	719	0.05246775
252785	1349	0.05246775
252785	3556	0.05246775
252785	3605	0.052467745
252785	365	0.05246774
252785	880	0.05246774
252806	581	0.08875653
252806	2552	0.08875653
252806	4342	0.08875653
252806	6198	0.08875653
252806	1349	0.088756524
252806	3605	0.088756524
252806	719	0.08875652
252806	875	0.08875652
252806	880	0.08875652
252806	2787	0.08875652
252820	581	0.0897729
252820	4342	0.089772895
252820	6198	0.089772895
252820	1349	0.08977289
252820	2552	0.08977289
252820	3556	0.08977289
252820	719	0.08977288
252820	3605	0.08977288
252820	875	0.08977287
252820	880	0.08977287
252827	581	0.054898646
252827	6198	0.054898646
252827	2552	0.054898642
252827	4342	0.054898642
252827	1349	0.05489864
252827	719	0.054898635
252827	3556	0.054898635
252827	875	0.05489863
252827	3605	0.05489863
252827	365	0.054898627
252829	581	0.051328145
252829	6198	0.051328145
252829	719	0.051328138
252829	2552	0.051328138
252829	4342	0.051328138
252829	1349	0.051328134
252829	3556	0.051328134
252829	3605	0.051328134
252829	875	0.05132813
252829	3663	0.05132813
252843	581	0.059074074
252843	4342	0.059074074
252843	6198	0.059074074
252843	2552	0.05907407
252843	1349	0.059074063
252843	719	0.05907406
252843	875	0.05907406
252843	2787	0.05907406
252843	3556	0.05907406
252843	3605	0.05907406
252846	581	0.05318269
252846	2552	0.05318269
252846	6198	0.05318269
252846	4342	0.053182688
252846	719	0.053182684
252846	1349	0.053182684
252846	3556	0.053182684
252846	875	0.05318268
252846	3605	0.05318268
252846	365	0.053182676
252848	581	0.065924905
252848	719	0.0659249
252848	1349	0.0659249
252848	2552	0.0659249
252848	3556	0.0659249
252848	3605	0.0659249
252848	4342	0.0659249
252848	6198	0.0659249
252848	875	0.06592489
252848	2787	0.06592489
252865	581	0.07362528
252865	4342	0.07362528
252865	6198	0.07362528
252865	719	0.073625274
252865	1349	0.073625274
252865	2552	0.073625274
252865	875	0.07362527
252865	880	0.07362527
252865	2651	0.07362527
252865	2787	0.07362527
252903	581	0.054232404
252903	6198	0.0542324
252903	2552	0.054232396
252903	4342	0.054232396
252903	719	0.054232392
252903	1349	0.054232392
252903	875	0.05423239
252903	3556	0.05423239
252903	3605	0.05423239
252903	3756	0.05423239
253005	581	0.07631175
253005	6198	0.07631175
253005	1349	0.076311745
253005	2552	0.076311745
253005	4342	0.076311745
253005	719	0.07631174
253005	2787	0.07631174
253005	3556	0.07631174
253005	3605	0.07631174
253005	4218	0.07631174
253106	581	0.05698856
253106	2552	0.056988556
253106	4342	0.056988552
253106	6198	0.056988552
253106	719	0.05698855
253106	875	0.056988545
253106	1349	0.056988545
253106	3556	0.056988545
253106	3756	0.056988545
253106	2651	0.05698854
253226	581	0.07991909
253226	2552	0.079919085
253226	4342	0.079919085
253226	6198	0.079919085
253226	1349	0.07991908
253226	3556	0.07991908
253226	3605	0.07991908
253226	719	0.07991907
253226	875	0.07991907
253226	1958	0.07991907
253310	581	0.053263627
253310	6198	0.053263627
253310	2552	0.053263623
253310	1349	0.05326362
253310	4342	0.05326362
253310	719	0.053263616
253310	3556	0.053263616
253310	3605	0.053263616
253310	875	0.053263612
253310	880	0.053263612
253311	581	0.04607699
253311	4342	0.04607699
253311	6198	0.04607699
253311	2552	0.046076987
253311	719	0.046076983
253311	1349	0.046076983
253311	3556	0.046076983
253311	3605	0.046076983
253311	4218	0.04607698
253311	5147	0.04607698
253322	6198	0.04883
253322	581	0.048829995
253322	2552	0.048829995
253322	4342	0.048829995
253322	719	0.048829988
253322	875	0.048829988
253322	1349	0.048829988
253322	3556	0.048829988
253322	3605	0.048829984
253322	3756	0.048829984
253386	581	0.052296042
253386	2552	0.05229604
253386	6198	0.05229604
253386	719	0.052296035
253386	4342	0.052296035
253386	1349	0.05229603
253386	3556	0.05229603
253386	875	0.052296028
253386	2787	0.052296028
253386	3605	0.052296028
253403	581	0.055106387
253403	2552	0.055106387
253403	6198	0.055106387
253403	4342	0.055106383
253403	719	0.055106375
253403	3556	0.055106375
253403	875	0.05510637
253403	1349	0.05510637
253403	3605	0.05510637
253403	3756	0.05510637
253482	581	0.057478137
253482	6198	0.057478137
253482	2552	0.05747813
253482	4342	0.05747813
253482	3556	0.057478126
253482	719	0.057478122
253482	1349	0.057478122
253482	3605	0.057478122
253482	875	0.05747812
253482	2787	0.05747812
253556	2552	0.07734759
253556	6198	0.07734759
253556	581	0.077347584
253556	4342	0.077347584
253556	719	0.07734758
253556	875	0.07734758
253556	1349	0.07734758
253556	2787	0.07734758
253556	3556	0.07734758
253556	880	0.07734757
253563	581	0.049806915
253563	1349	0.049806915
253563	2552	0.049806915
253563	4342	0.049806915
253563	6198	0.049806915
253563	719	0.04980691
253563	875	0.049806908
253563	2787	0.049806908
253563	3556	0.049806908
253563	3605	0.049806908
253580	581	0.059124492
253580	6198	0.059124492
253580	2552	0.059124485
253580	4342	0.059124485
253580	3556	0.05912448
253580	719	0.059124477
253580	875	0.059124477
253580	1349	0.059124477
253580	3605	0.059124477
253580	2651	0.059124473
253602	581	0.044951305
253602	6198	0.044951305
253602	2552	0.0449513
253602	4342	0.0449513
253602	719	0.044951297
253602	1349	0.044951297
253602	3556	0.044951297
253602	3756	0.044951294
253602	4218	0.044951294
253602	365	0.04495129
253626	581	0.06179726
253626	2552	0.06179726
253626	4342	0.061797258
253626	6198	0.061797258
253626	719	0.06179725
253626	1349	0.06179725
253626	3556	0.06179725
253626	875	0.061797246
253626	3605	0.061797246
253626	2651	0.061797243
253629	6198	0.056986336
253629	581	0.056986332
253629	2552	0.056986332
253629	4342	0.056986332
253629	719	0.056986324
253629	1349	0.056986324
253629	3556	0.056986324
253629	3605	0.05698632
253629	875	0.056986317
253629	880	0.056986317
253668	6198	0.063737884
253668	581	0.06373788
253668	2552	0.06373788
253668	719	0.06373787
253668	875	0.06373787
253668	1349	0.06373787
253668	2787	0.06373787
253668	3556	0.06373787
253668	4342	0.06373787
253668	2651	0.06373786
253771	581	0.0548133
253771	4342	0.0548133
253771	719	0.054813296
253771	2552	0.054813296
253771	6198	0.054813296
253771	1349	0.054813292
253771	3556	0.054813292
253771	875	0.05481329
253771	2787	0.05481329
253771	3605	0.05481329
253797	581	0.06699661
253797	2552	0.066996604
253797	4342	0.066996604
253797	6198	0.066996604
253797	719	0.0669966
253797	1349	0.0669966
253797	3556	0.0669966
253797	3605	0.0669966
253797	875	0.06699659
253797	1958	0.06699659
253821	581	0.056642868
253821	6198	0.056642868
253821	2552	0.056642864
253821	4342	0.056642864
253821	1349	0.05664286
253821	719	0.056642856
253821	3605	0.056642856
253821	875	0.056642853
253821	2787	0.056642853
253821	3556	0.056642853
253867	581	0.046340298
253867	2552	0.046340294
253867	3556	0.046340294
253867	4342	0.046340294
253867	6198	0.046340294
253867	719	0.04634029
253867	1349	0.04634029
253867	365	0.046340287
253867	875	0.046340287
253867	2787	0.046340287
253871	4342	0.07783246
253871	6198	0.07783246
253871	719	0.07783245
253871	2552	0.07783245
253871	875	0.077832446
253871	2787	0.077832446
253871	3556	0.077832446
253871	3605	0.077832446
253871	3663	0.077832446
253871	3756	0.077832446
253949	581	0.053972907
253949	6198	0.053972904
253949	2552	0.0539729
253949	3556	0.0539729
253949	4342	0.0539729
253949	719	0.053972896
253949	1349	0.053972896
253949	3605	0.053972896
253949	875	0.053972892
253949	4218	0.053972892
253964	581	0.057048216
253964	6198	0.057048216
253964	2552	0.05704821
253964	4342	0.05704821
253964	1349	0.057048205
253964	719	0.0570482
253964	875	0.0570482
253964	2787	0.0570482
253964	3556	0.0570482
253964	3605	0.0570482
254038	581	0.064610735
254038	2552	0.064610735
254038	4342	0.064610735
254038	6198	0.064610735
254038	1349	0.06461073
254038	365	0.06461072
254038	719	0.06461072
254038	875	0.06461072
254038	880	0.06461072
254038	2651	0.06461072
254053	581	0.037640527
254053	4342	0.037640527
254053	6198	0.037640527
254053	1349	0.037640523
254053	719	0.03764052
254053	3556	0.03764052
254053	3605	0.03764052
254053	4218	0.03764052
254053	875	0.037640516
254053	880	0.037640516
254064	581	0.045876816
254064	4342	0.045876816
254064	6198	0.045876816
254064	2552	0.045876812
254064	719	0.04587681
254064	875	0.04587681
254064	1349	0.04587681
254064	3556	0.04587681
254064	3756	0.04587681
254064	3605	0.045876805
254144	581	0.075474784
254144	2552	0.075474784
254144	4342	0.075474784
254144	6198	0.075474784
254144	719	0.07547477
254144	875	0.07547477
254144	1349	0.07547477
254144	3556	0.07547477
254144	3605	0.07547477
254144	3756	0.07547477
254160	581	0.060291115
254160	4342	0.06029111
254160	6198	0.06029111
254160	2552	0.060291108
254160	719	0.060291104
254160	1349	0.060291104
254160	3556	0.060291104
254160	875	0.060291097
254160	1958	0.060291097
254160	2651	0.060291097
254196	581	0.055359848
254196	4342	0.055359848
254196	6198	0.055359848
254196	2552	0.055359844
254196	1349	0.05535984
254196	3556	0.05535984
254196	719	0.055359837
254196	3605	0.055359837
254196	875	0.055359833
254196	2787	0.055359833
254201	2552	0.08264434
254201	6198	0.08264434
254201	1349	0.082644336
254201	4342	0.082644336
254201	719	0.08264433
254201	3556	0.08264433
254201	3605	0.08264433
254201	875	0.08264432
254201	2651	0.08264432
254201	3756	0.08264432
254278	6198	0.047823954
254278	581	0.04782395
254278	2552	0.04782395
254278	4342	0.04782395
254278	3556	0.047823947
254278	719	0.047823943
254278	1349	0.047823943
254278	3605	0.047823943
254278	875	0.04782394
254278	2787	0.04782394
254289	581	0.051900707
254289	6198	0.051900707
254289	2552	0.051900703
254289	4342	0.0519007
254289	719	0.051900696
254289	1349	0.051900696
254289	3556	0.051900696
254289	3605	0.051900696
254289	875	0.051900692
254289	1958	0.051900692
254299	581	0.06561031
254299	2552	0.065610304
254299	4342	0.065610304
254299	6198	0.065610304
254299	3556	0.0656103
254299	365	0.06561029
254299	719	0.06561029
254299	875	0.06561029
254299	880	0.06561029
254299	1349	0.06561029
254355	581	0.067417085
254355	1349	0.067417085
254355	2552	0.067417085
254355	4342	0.067417085
254355	6198	0.067417085
254355	365	0.06741707
254355	719	0.06741707
254355	875	0.06741707
254355	2787	0.06741707
254355	3422	0.06741707
254376	6198	0.08667778
254376	581	0.086677775
254376	2552	0.086677775
254376	4342	0.086677775
254376	719	0.08667776
254376	875	0.08667776
254376	1349	0.08667776
254376	2651	0.08667776
254376	3556	0.08667776
254376	3605	0.08667776
254377	581	0.092206165
254377	6198	0.092206165
254377	2552	0.09220616
254377	719	0.09220615
254377	1349	0.09220615
254377	4342	0.09220615
254377	3556	0.09220614
254377	3605	0.09220614
254377	365	0.092206135
254377	875	0.092206135
254405	6198	0.05327845
254405	581	0.053278446
254405	2552	0.053278446
254405	4342	0.053278446
254405	1349	0.053278442
254405	3556	0.053278442
254405	719	0.05327844
254405	875	0.05327844
254405	2787	0.05327844
254405	3605	0.05327844
254417	581	0.052069526
254417	2552	0.052069522
254417	4342	0.052069522
254417	6198	0.052069522
254417	719	0.052069515
254417	875	0.052069515
254417	1349	0.052069515
254417	3556	0.052069515
254417	2787	0.05206951
254417	3605	0.05206951
254465	6198	0.09255152
254465	581	0.092551515
254465	2552	0.092551515
254465	4342	0.092551515
254465	719	0.0925515
254465	875	0.0925515
254465	1349	0.0925515
254465	2787	0.0925515
254465	3556	0.0925515
254465	3605	0.0925515
254467	581	0.058217797
254467	6198	0.058217794
254467	2552	0.05821779
254467	4342	0.05821779
254467	1349	0.058217786
254467	3556	0.058217786
254467	719	0.058217783
254467	875	0.05821778
254467	2787	0.05821778
254467	3605	0.05821778
254486	6198	0.052422263
254486	581	0.05242226
254486	2552	0.05242226
254486	719	0.052422255
254486	1349	0.052422255
254486	3556	0.052422255
254486	4342	0.052422255
254486	875	0.05242225
254486	365	0.052422248
254486	880	0.052422248
254690	581	0.07897556
254690	6198	0.07897555
254690	1349	0.07897554
254690	2552	0.07897554
254690	3556	0.07897554
254690	3605	0.07897554
254690	4342	0.07897554
254690	719	0.078975536
254690	875	0.078975536
254690	365	0.07897553
254751	581	0.04264114
254751	4342	0.042641137
254751	2552	0.042641133
254751	3556	0.042641133
254751	6198	0.042641133
254751	719	0.04264113
254751	875	0.04264113
254751	1349	0.04264113
254751	365	0.042641126
254751	2787	0.042641126
254754	581	0.051709007
254754	2552	0.051709004
254754	4342	0.051709004
254754	6198	0.051709004
254754	719	0.051708996
254754	880	0.051708996
254754	1349	0.051708996
254754	3556	0.051708996
254754	3605	0.051708996
254754	875	0.051708993
254777	2552	0.06435395
254777	581	0.06435394
254777	719	0.06435394
254777	875	0.06435394
254777	4342	0.06435394
254777	6198	0.06435394
254777	1349	0.064353935
254777	3556	0.064353935
254777	3756	0.064353935
254777	365	0.06435393
254822	581	0.07937716
254822	2552	0.07937716
254822	4342	0.07937715
254822	6198	0.07937715
254822	875	0.079377145
254822	1349	0.079377145
254822	3556	0.079377145
254822	719	0.07937714
254822	2787	0.07937714
254822	3756	0.07937714
254859	581	0.05801011
254859	6198	0.058010105
254859	2552	0.0580101
254859	4342	0.0580101
254859	3556	0.058010098
254859	719	0.058010094
254859	1349	0.058010094
254859	3605	0.058010094
254859	875	0.05801009
254859	2787	0.05801009
254863	581	0.03962116
254863	2552	0.03962116
254863	4342	0.03962116
254863	6198	0.03962116
254863	719	0.039621156
254863	1349	0.039621156
254863	875	0.039621152
254863	2787	0.039621152
254863	3556	0.039621152
254863	3605	0.039621152
254971	581	0.054074913
254971	2552	0.054074913
254971	4342	0.054074913
254971	6198	0.054074913
254971	719	0.054074906
254971	1349	0.054074906
254971	3556	0.054074906
254971	875	0.054074902
254971	3605	0.054074902
254971	3756	0.054074902
254995	581	0.04615179
254995	4342	0.046151787
254995	6198	0.046151787
254995	2552	0.046151783
254995	719	0.04615178
254995	1349	0.04615178
254995	3556	0.04615178
254995	3756	0.04615178
254995	365	0.046151776
254995	875	0.046151776
255078	581	0.074330285
255078	2552	0.074330285
255078	6198	0.074330285
255078	1349	0.07433028
255078	4342	0.07433028
255078	719	0.07433027
255078	875	0.07433027
255078	2651	0.07433027
255078	2787	0.07433027
255078	3556	0.07433027
255092	581	0.06023742
255092	2552	0.060237415
255092	4342	0.060237415
255092	6198	0.060237415
255092	719	0.060237408
255092	1349	0.060237408
255092	3556	0.060237408
255092	3605	0.060237408
255092	2787	0.060237404
255092	875	0.0602374
255218	581	0.055916436
255218	6198	0.055916432
255218	2552	0.05591643
255218	4342	0.05591643
255218	719	0.055916425
255218	875	0.05591642
255218	1349	0.05591642
255218	3556	0.05591642
255218	3605	0.05591642
255218	2651	0.055916417
255289	581	0.040853642
255289	6198	0.040853642
255289	4342	0.04085364
255289	719	0.040853634
255289	1349	0.040853634
255289	2552	0.040853634
255289	875	0.04085363
255289	3556	0.04085363
255289	3756	0.04085363
255289	5214	0.04085363
255489	6198	0.1362791
255489	719	0.13627908
255489	1349	0.13627908
255489	2552	0.13627908
255489	2787	0.13627908
255489	4342	0.13627908
255489	581	0.13627906
255489	875	0.13627906
255489	3556	0.13627906
255489	3605	0.13627906
255493	6198	0.0544385
255493	581	0.054438498
255493	2552	0.054438498
255493	4342	0.054438498
255493	719	0.054438494
255493	1349	0.054438494
255493	3556	0.05443849
255493	875	0.054438487
255493	2787	0.054438487
255493	3605	0.054438487
255544	581	0.04872684
255544	6198	0.048726838
255544	1349	0.048726834
255544	2552	0.048726834
255544	4342	0.048726834
255544	719	0.04872683
255544	3556	0.04872683
255544	875	0.048726827
255544	2787	0.048726827
255544	3605	0.048726827
255546	581	0.0760253
255546	1349	0.07602529
255546	2552	0.07602529
255546	4342	0.07602529
255546	6198	0.07602529
255546	719	0.076025285
255546	875	0.076025285
255546	2787	0.07602528
255546	3422	0.07602528
255546	3556	0.07602528
255618	581	0.04836485
255618	4342	0.048364848
255618	2552	0.048364844
255618	6198	0.048364844
255618	719	0.04836484
255618	1349	0.04836484
255618	3556	0.04836484
255618	3605	0.048364837
255618	365	0.048364833
255618	875	0.048364833
255648	581	0.07032782
255648	6198	0.07032782
255648	2552	0.07032781
255648	4342	0.07032781
255648	719	0.0703278
255648	1349	0.0703278
255648	3556	0.0703278
255648	3605	0.0703278
255648	2787	0.070327796
255648	365	0.07032779
255661	581	0.059333332
255661	4342	0.059333332
255661	6198	0.059333332
255661	2552	0.05933333
255661	719	0.059333324
255661	1349	0.059333324
255661	3556	0.059333324
255661	3605	0.059333324
255661	875	0.05933332
255661	880	0.059333317
255786	581	0.04521303
255786	2552	0.04521302
255786	6198	0.04521302
255786	1349	0.045213018
255786	4342	0.045213018
255786	719	0.045213014
255786	875	0.045213014
255786	2787	0.045213014
255786	3556	0.045213014
255786	3605	0.045213014
255814	581	0.070470355
255814	6198	0.070470355
255814	719	0.07047035
255814	1349	0.07047035
255814	2552	0.07047035
255814	3556	0.07047035
255814	4342	0.07047035
255814	2787	0.07047034
255814	3756	0.07047034
255814	4218	0.07047034
255858	581	0.050179914
255858	4342	0.05017991
255858	6198	0.05017991
255858	719	0.050179906
255858	2552	0.050179906
255858	3556	0.050179906
255858	1349	0.050179902
255858	875	0.0501799
255858	880	0.0501799
255858	2651	0.0501799
256023	581	0.060403563
256023	2552	0.060403563
256023	4342	0.060403563
256023	6198	0.060403563
256023	719	0.060403556
256023	1349	0.060403556
256023	3556	0.060403556
256023	875	0.060403552
256023	365	0.06040355
256023	2787	0.06040355
256133	581	0.06568334
256133	2552	0.065683335
256133	4342	0.065683335
256133	6198	0.065683335
256133	719	0.06568333
256133	3556	0.06568333
256133	365	0.06568332
256133	875	0.06568332
256133	880	0.06568332
256133	1349	0.06568332
256167	6198	0.054721225
256167	581	0.05472122
256167	2552	0.05472122
256167	4342	0.05472122
256167	719	0.054721218
256167	1349	0.054721218
256167	875	0.054721214
256167	3556	0.054721214
256167	3605	0.054721214
256167	2651	0.05472121
256247	581	0.051712394
256247	2552	0.051712386
256247	4342	0.051712386
256247	6198	0.051712386
256247	1349	0.051712383
256247	719	0.05171238
256247	3556	0.05171238
256247	3605	0.05171238
256247	3756	0.05171238
256247	875	0.051712375
256270	581	0.053486504
256270	6198	0.053486504
256270	2552	0.0534865
256270	4342	0.0534865
256270	3605	0.053486496
256270	719	0.053486492
256270	1349	0.053486492
256270	3556	0.053486492
256270	875	0.05348649
256270	880	0.05348649
256298	581	0.05670268
256298	6198	0.05670268
256298	4342	0.056702677
256298	1349	0.056702673
256298	2552	0.056702673
256298	3556	0.056702673
256298	719	0.05670267
256298	875	0.05670267
256298	3605	0.05670267
256298	365	0.056702666
256402	581	0.06115245
256402	2552	0.061152443
256402	4342	0.061152443
256402	6198	0.061152443
256402	719	0.061152436
256402	1349	0.061152436
256402	3556	0.061152436
256402	3605	0.061152436
256402	2787	0.061152432
256402	875	0.06115243
256407	6198	0.06853564
256407	581	0.06853563
256407	2552	0.06853563
256407	4342	0.06853563
256407	719	0.068535626
256407	1349	0.068535626
256407	3556	0.068535626
256407	3605	0.068535626
256407	880	0.06853562
256407	2787	0.06853562
256507	581	0.04757424
256507	6198	0.04757424
256507	2552	0.047574237
256507	4342	0.047574237
256507	719	0.047574233
256507	1349	0.047574233
256507	3556	0.047574233
256507	875	0.04757423
256507	2787	0.04757423
256507	3605	0.04757423
256603	581	0.060291603
256603	2552	0.060291603
256603	4342	0.060291603
256603	6198	0.060291603
256603	719	0.060291596
256603	875	0.060291596
256603	1349	0.060291596
256603	3556	0.060291592
256603	880	0.06029159
256603	2651	0.06029159
256843	581	0.049893815
256843	2552	0.04989381
256843	4342	0.04989381
256843	6198	0.04989381
256843	719	0.049893804
256843	1349	0.049893804
256843	3556	0.049893804
256843	3605	0.049893804
256843	875	0.0498938
256843	2787	0.0498938
256844	581	0.047451206
256844	6198	0.0474512
256844	2552	0.047451198
256844	3556	0.047451198
256844	4342	0.047451198
256844	719	0.047451194
256844	1349	0.047451194
256844	875	0.04745119
256844	2787	0.04745119
256844	3605	0.04745119
256874	581	0.06647803
256874	2552	0.06647803
256874	4342	0.06647803
256874	6198	0.06647803
256874	1349	0.06647802
256874	719	0.066478014
256874	875	0.066478014
256874	2651	0.066478014
256874	2787	0.066478014
256874	3556	0.066478014
256889	581	0.06188674
256889	6198	0.06188674
256889	2552	0.061886735
256889	4342	0.061886735
256889	719	0.061886728
256889	1349	0.061886728
256889	3556	0.061886728
256889	3605	0.061886724
256889	875	0.06188672
256889	880	0.06188672
256925	581	0.048891164
256925	4342	0.048891164
256925	6198	0.048891164
256925	2552	0.04889116
256925	719	0.048891157
256925	3556	0.048891157
256925	875	0.048891153
256925	1349	0.048891153
256925	3605	0.048891153
256925	3756	0.048891153
257024	581	0.07272342
257024	2552	0.07272342
257024	6198	0.07272342
257024	4342	0.07272341
257024	719	0.0727234
257024	875	0.0727234
257024	1349	0.0727234
257024	2787	0.0727234
257024	3556	0.0727234
257024	3605	0.0727234
257028	581	0.07136583
257028	6198	0.07136583
257028	719	0.07136582
257028	1349	0.07136582
257028	2552	0.07136582
257028	2787	0.07136582
257028	3556	0.07136582
257028	4342	0.07136582
257028	3605	0.07136581
257028	3663	0.07136581
257145	581	0.05306933
257145	2552	0.05306933
257145	4342	0.05306933
257145	6198	0.05306933
257145	719	0.053069323
257145	875	0.053069323
257145	1349	0.053069323
257145	3556	0.053069323
257145	3756	0.053069323
257145	3605	0.05306932
257198	581	0.09590354
257198	4342	0.09590353
257198	6198	0.09590353
257198	2552	0.09590352
257198	719	0.095903516
257198	1349	0.095903516
257198	3556	0.095903516
257198	3605	0.095903516
257198	4218	0.09590351
257198	5147	0.09590351
257212	581	0.054790843
257212	6198	0.05479084
257212	2552	0.054790836
257212	4342	0.054790836
257212	719	0.054790832
257212	1349	0.05479083
257212	3556	0.05479083
257212	875	0.054790825
257212	880	0.054790825
257212	2787	0.054790825
257362	581	0.0468336
257362	6198	0.0468336
257362	719	0.046833597
257362	2552	0.046833597
257362	4342	0.046833597
257362	1349	0.046833593
257362	365	0.04683359
257362	875	0.04683359
257362	880	0.04683359
257362	2787	0.04683359
257454	6198	0.06021711
257454	581	0.060217105
257454	4342	0.060217105
257454	2552	0.0602171
257454	719	0.060217097
257454	1349	0.060217097
257454	3556	0.060217097
257454	875	0.060217094
257454	2787	0.060217094
257454	3605	0.060217094
257492	581	0.06591381
257492	4342	0.06591381
257492	6198	0.06591381
257492	2552	0.065913804
257492	719	0.0659138
257492	875	0.0659138
257492	1349	0.0659138
257492	3556	0.0659138
257492	3605	0.0659138
257492	4218	0.0659138
257534	581	0.047911316
257534	6198	0.047911312
257534	1349	0.04791131
257534	2552	0.04791131
257534	4342	0.04791131
257534	719	0.047911305
257534	875	0.0479113
257534	2787	0.0479113
257534	3556	0.0479113
257534	3605	0.0479113
257548	581	0.07234724
257548	2552	0.07234723
257548	6198	0.07234723
257548	719	0.072347224
257548	1349	0.072347224
257548	3556	0.072347224
257548	3605	0.072347224
257548	4342	0.072347224
257548	875	0.07234722
257548	2787	0.07234722
257625	581	0.06019663
257625	2552	0.060196627
257625	4342	0.060196623
257625	6198	0.060196623
257625	719	0.06019662
257625	1349	0.06019662
257625	3556	0.06019662
257625	875	0.060196616
257625	3605	0.060196616
257625	3756	0.060196616
257699	581	0.06204845
257699	6198	0.062048446
257699	2552	0.062048443
257699	4342	0.062048443
257699	719	0.06204844
257699	1349	0.06204844
257699	3556	0.06204844
257699	875	0.062048435
257699	3605	0.062048435
257699	3756	0.062048435
257700	581	0.06938324
257700	1349	0.069383234
257700	2552	0.069383234
257700	3605	0.069383234
257700	4342	0.069383234
257700	6198	0.069383234
257700	719	0.06938323
257700	3556	0.06938323
257700	365	0.06938322
257700	875	0.06938322
257703	581	0.05190069
257703	4342	0.051900685
257703	6198	0.051900685
257703	2552	0.05190068
257703	719	0.051900677
257703	1349	0.051900677
257703	3556	0.051900677
257703	3605	0.051900677
257703	3756	0.051900677
257703	875	0.051900674
257777	2552	0.0504187
257777	581	0.050418697
257777	4342	0.050418697
257777	6198	0.050418697
257777	875	0.050418694
257777	719	0.05041869
257777	880	0.05041869
257777	1349	0.05041869
257777	3556	0.05041869
257777	3756	0.05041869
258011	581	0.050496742
258011	719	0.050496735
258011	2552	0.050496735
258011	3556	0.050496735
258011	4342	0.050496735
258011	6198	0.050496735
258011	1349	0.050496727
258011	3605	0.050496727
258011	3756	0.050496727
258011	875	0.050496724
258084	581	0.057998337
258084	2552	0.05799833
258084	4342	0.05799833
258084	6198	0.05799833
258084	719	0.057998322
258084	1349	0.057998322
258084	3556	0.057998322
258084	3605	0.057998322
258084	875	0.05799832
258084	880	0.057998314
258107	6198	0.046651337
258107	581	0.046651334
258107	2552	0.046651334
258107	4342	0.046651334
258107	719	0.04665133
258107	875	0.046651326
258107	1349	0.046651326
258107	2787	0.046651326
258107	3556	0.046651326
258107	3605	0.046651326
258109	2552	0.055819657
258109	4342	0.055819653
258109	6198	0.055819653
258109	719	0.055819646
258109	1349	0.055819646
258109	3556	0.055819646
258109	3605	0.055819646
258109	2787	0.05581964
258109	3756	0.05581964
258109	4218	0.05581964
258151	6198	0.060789287
258151	581	0.06078928
258151	2552	0.06078928
258151	4342	0.060789276
258151	719	0.060789272
258151	1349	0.060789272
258151	3556	0.060789272
258151	3605	0.060789272
258151	875	0.060789265
258151	1958	0.060789265
258152	581	0.08032791
258152	6198	0.08032791
258152	2552	0.080327906
258152	4342	0.080327906
258152	719	0.0803279
258152	1349	0.0803279
258152	3556	0.0803279
258152	3605	0.08032789
258152	3756	0.08032789
258152	4218	0.08032789
258160	581	0.045956958
258160	2552	0.045956954
258160	4342	0.045956954
258160	6198	0.045956954
258160	3556	0.04595695
258160	719	0.045956947
258160	875	0.045956947
258160	1349	0.045956947
258160	2787	0.045956947
258160	3605	0.045956947
258240	581	0.0695514
258240	2552	0.0695514
258240	6198	0.0695514
258240	719	0.06955139
258240	1349	0.06955139
258240	4342	0.06955139
258240	875	0.069551386
258240	2787	0.069551386
258240	3556	0.069551386
258240	3605	0.069551386
258270	581	0.05326157
258270	6198	0.05326157
258270	2552	0.053261563
258270	4342	0.053261563
258270	719	0.05326156
258270	1349	0.05326156
258270	875	0.053261556
258270	3556	0.053261556
258270	3605	0.053261556
258270	3756	0.053261556
258275	2552	0.056222275
258275	4342	0.056222275
258275	6198	0.056222275
258275	581	0.05622227
258275	719	0.056222267
258275	1349	0.056222267
258275	3556	0.056222267
258275	875	0.056222264
258275	3605	0.056222264
258275	3756	0.056222264
258329	581	0.057614475
258329	6198	0.057614475
258329	2552	0.05761447
258329	4342	0.05761447
258329	719	0.057614468
258329	1349	0.057614468
258329	875	0.05761446
258329	880	0.05761446
258329	2651	0.05761446
258329	2787	0.05761446
258460	581	0.050815906
258460	2552	0.050815903
258460	4342	0.050815903
258460	6198	0.050815903
258460	719	0.050815895
258460	875	0.050815895
258460	1349	0.050815895
258460	3556	0.050815895
258460	2787	0.05081589
258460	3605	0.05081589
258482	581	0.058630295
258482	2552	0.058630295
258482	6198	0.058630295
258482	4342	0.05863029
258482	719	0.058630288
258482	1349	0.058630288
258482	3556	0.058630288
258482	875	0.05863028
258482	880	0.05863028
258482	2651	0.05863028
258520	581	0.06031478
258520	6198	0.06031478
258520	2552	0.060314775
258520	4342	0.060314775
258520	719	0.06031477
258520	1349	0.06031477
258520	3556	0.060314767
258520	875	0.060314763
258520	3605	0.060314763
258520	3756	0.060314763
258534	6198	0.05724881
258534	2552	0.057248805
258534	581	0.0572488
258534	719	0.0572488
258534	1349	0.0572488
258534	4342	0.0572488
258534	3605	0.057248797
258534	875	0.057248794
258534	2651	0.057248794
258534	3556	0.057248794
258550	581	0.07285383
258550	2552	0.072853826
258550	4342	0.072853826
258550	6198	0.072853826
258550	719	0.07285382
258550	1349	0.07285382
258550	3556	0.07285382
258550	3605	0.07285382
258550	875	0.07285381
258550	2787	0.07285381
258690	6198	0.059372224
258690	581	0.05937222
258690	2552	0.059372216
258690	4342	0.059372216
258690	719	0.059372213
258690	1349	0.059372213
258690	3556	0.05937221
258690	3605	0.05937221
258690	875	0.059372205
258690	2787	0.059372205
258777	6198	0.0437123
258777	581	0.043712296
258777	2552	0.043712296
258777	4342	0.043712296
258777	3556	0.043712292
258777	719	0.04371229
258777	875	0.04371229
258777	1349	0.04371229
258777	2787	0.04371229
258777	3605	0.04371229
258884	581	0.08183637
258884	6198	0.08183637
258884	2552	0.081836365
258884	719	0.08183636
258884	1349	0.08183636
258884	3556	0.08183636
258884	3605	0.08183636
258884	4342	0.08183636
258884	2787	0.08183635
258884	3756	0.08183635
258938	581	0.07291465
258938	4342	0.07291465
258938	719	0.072914645
258938	2552	0.072914645
258938	3556	0.072914645
258938	6198	0.072914645
258938	1349	0.07291464
258938	3605	0.07291464
258938	365	0.07291463
258938	875	0.07291463
259004	581	0.075303495
259004	6198	0.07530349
259004	719	0.07530348
259004	1349	0.07530348
259004	2552	0.07530348
259004	3556	0.07530348
259004	4342	0.07530348
259004	875	0.07530347
259004	2787	0.07530347
259004	365	0.075303465
259006	581	0.08393751
259006	719	0.08393751
259006	2552	0.08393751
259006	4342	0.08393751
259006	6198	0.08393751
259006	875	0.0839375
259006	1349	0.083937496
259006	2651	0.083937496
259006	2787	0.083937496
259006	3556	0.083937496
259035	581	0.09074905
259035	2552	0.09074904
259035	4342	0.09074904
259035	6198	0.09074904
259035	1349	0.09074903
259035	3605	0.09074903
259035	719	0.090749025
259035	875	0.090749025
259035	2787	0.090749025
259035	3556	0.090749025
259057	581	0.060533624
259057	2552	0.06053362
259057	6198	0.06053362
259057	4342	0.060533617
259057	719	0.060533613
259057	3556	0.060533613
259057	1349	0.06053361
259057	3605	0.06053361
259057	875	0.060533606
259057	880	0.060533606
259066	581	0.044793
259066	4342	0.044793
259066	6198	0.044793
259066	719	0.044792995
259066	1349	0.044792995
259066	2552	0.044792995
259066	3556	0.044792995
259066	875	0.044792987
259066	880	0.044792987
259066	2651	0.044792987
259078	581	0.056263678
259078	6198	0.056263678
259078	2552	0.056263674
259078	4342	0.056263674
259078	1349	0.056263667
259078	3556	0.056263667
259078	719	0.056263663
259078	875	0.056263663
259078	2787	0.056263663
259078	3605	0.056263663
259118	581	0.06591919
259118	2552	0.06591919
259118	4342	0.06591919
259118	719	0.06591918
259118	1349	0.06591918
259118	6198	0.06591918
259118	875	0.065919176
259118	1958	0.065919176
259118	2787	0.065919176
259118	3556	0.065919176
259223	581	0.053049743
259223	6198	0.053049743
259223	2552	0.05304974
259223	719	0.053049736
259223	1349	0.053049736
259223	3556	0.053049736
259223	4342	0.053049736
259223	875	0.053049732
259223	3756	0.053049732
259223	365	0.05304973
259259	581	0.08022299
259259	1349	0.08022298
259259	2552	0.08022298
259259	4342	0.08022298
259259	6198	0.08022298
259259	719	0.08022297
259259	3605	0.08022297
259259	365	0.080222964
259259	875	0.080222964
259259	1958	0.080222964
259260	581	0.08333963
259260	2552	0.08333963
259260	4342	0.08333963
259260	6198	0.08333963
259260	1349	0.083339624
259260	719	0.08333962
259260	875	0.08333962
259260	3556	0.08333962
259260	3605	0.08333962
259260	365	0.08333961
259264	581	0.067613594
259264	6198	0.067613594
259264	1349	0.06761359
259264	2552	0.06761359
259264	4342	0.06761359
259264	719	0.06761358
259264	3556	0.06761358
259264	3605	0.06761358
259264	4218	0.06761358
259264	365	0.06761357
259320	581	0.0796375
259320	2552	0.0796375
259320	3556	0.0796375
259320	3605	0.0796375
259320	4342	0.0796375
259320	6198	0.0796375
259320	719	0.07963749
259320	1349	0.07963749
259320	875	0.07963748
259320	880	0.07963748
259378	581	0.049271103
259378	6198	0.049271103
259378	2552	0.0492711
259378	4342	0.0492711
259378	719	0.049271096
259378	875	0.04927109
259378	1349	0.04927109
259378	2787	0.04927109
259378	3556	0.04927109
259378	3605	0.04927109
259380	581	0.05407515
259380	6198	0.05407515
259380	2552	0.054075148
259380	719	0.054075144
259380	1349	0.054075144
259380	3556	0.054075144
259380	4342	0.054075144
259380	875	0.05407514
259380	880	0.054075137
259380	2787	0.054075137
259388	4342	0.066565
259388	581	0.06656499
259388	2552	0.06656499
259388	3556	0.06656499
259388	6198	0.06656499
259388	719	0.066564985
259388	875	0.066564985
259388	1349	0.066564985
259388	2651	0.066564985
259388	3605	0.066564985
259430	581	0.06302783
259430	6198	0.06302783
259430	4342	0.06302782
259430	719	0.063027814
259430	875	0.063027814
259430	1349	0.063027814
259430	2552	0.063027814
259430	3556	0.063027814
259430	3605	0.063027814
259430	3663	0.063027814
259542	6198	0.0620756
259542	581	0.062075596
259542	4342	0.062075596
259542	719	0.062075593
259542	2552	0.062075593
259542	3556	0.06207559
259542	875	0.062075585
259542	1349	0.062075585
259542	3605	0.062075585
259542	3756	0.062075585
259626	581	0.074181795
259626	4342	0.07418179
259626	6198	0.07418179
259626	719	0.07418178
259626	2552	0.07418178
259626	1349	0.07418177
259626	3556	0.07418177
259626	3605	0.07418177
259626	875	0.074181765
259626	880	0.074181765
259629	581	0.08948985
259629	6198	0.08948985
259629	2552	0.08948984
259629	4342	0.08948984
259629	1349	0.08948983
259629	3556	0.08948983
259629	719	0.089489825
259629	2787	0.089489825
259629	3605	0.089489825
259629	365	0.08948982
259660	581	0.05618792
259660	4342	0.05618792
259660	6198	0.05618792
259660	719	0.056187913
259660	2552	0.056187913
259660	1349	0.05618791
259660	875	0.056187905
259660	2787	0.056187905
259660	3556	0.056187905
259660	3605	0.056187905
259734	581	0.054580502
259734	6198	0.0545805
259734	2552	0.054580495
259734	4342	0.054580495
259734	1349	0.05458049
259734	3556	0.05458049
259734	719	0.054580487
259734	875	0.054580487
259734	2651	0.054580487
259734	3605	0.054580487
259829	581	0.060892716
259829	6198	0.060892712
259829	2552	0.06089271
259829	4342	0.06089271
259829	719	0.060892705
259829	1349	0.0608927
259829	2787	0.0608927
259829	3556	0.0608927
259829	3605	0.0608927
259829	875	0.060892697
259901	6198	0.0860628
259901	581	0.08606279
259901	719	0.08606279
259901	2552	0.08606279
259901	4342	0.08606279
259901	1349	0.08606278
259901	875	0.086062774
259901	3422	0.086062774
259901	3556	0.086062774
259901	3605	0.086062774
259930	581	0.07694241
259930	6198	0.07694241
259930	1349	0.0769424
259930	2552	0.0769424
259930	3605	0.0769424
259930	4342	0.0769424
259930	719	0.07694239
259930	875	0.07694239
259930	3556	0.07694239
259930	4218	0.07694239
260067	581	0.057374246
260067	2552	0.057374243
260067	6198	0.057374243
260067	719	0.05737424
260067	3556	0.05737424
260067	4342	0.05737424
260067	1349	0.057374235
260067	875	0.05737423
260067	2787	0.05737423
260067	3605	0.05737423
260108	581	0.0450795
260108	6198	0.045079496
260108	2552	0.045079492
260108	4342	0.045079492
260108	719	0.04507949
260108	3556	0.04507949
260108	365	0.045079485
260108	875	0.045079485
260108	880	0.045079485
260108	1349	0.045079485
260183	581	0.07019601
260183	2552	0.070196
260183	4342	0.070196
260183	6198	0.070196
260183	719	0.070195995
260183	1349	0.070195995
260183	3556	0.070195995
260183	3605	0.070195995
260183	2787	0.07019599
260183	3663	0.07019599
260316	581	0.05357439
260316	6198	0.05357439
260316	2552	0.053574383
260316	4342	0.053574383
260316	719	0.05357438
260316	1349	0.05357438
260316	3556	0.05357438
260316	875	0.053574376
260316	2787	0.053574376
260316	3605	0.053574376
260363	6198	0.054777566
260363	581	0.054777563
260363	2552	0.054777563
260363	4342	0.05477756
260363	719	0.054777555
260363	1349	0.054777555
260363	3556	0.054777555
260363	3605	0.054777555
260363	2651	0.05477755
260363	2787	0.05477755
260388	581	0.055944763
260388	6198	0.055944763
260388	2552	0.05594476
260388	4342	0.05594476
260388	1349	0.055944756
260388	719	0.055944752
260388	3556	0.055944752
260388	3605	0.055944752
260388	2651	0.05594475
260388	3756	0.05594475
260419	581	0.06340079
260419	2552	0.06340079
260419	4342	0.06340079
260419	6198	0.06340079
260419	719	0.06340078
260419	1349	0.06340078
260419	3556	0.06340078
260419	3605	0.06340078
260419	875	0.063400775
260419	880	0.063400775
260473	581	0.055893872
260473	2552	0.05589387
260473	4342	0.05589387
260473	6198	0.05589387
260473	719	0.05589386
260473	1349	0.05589386
260473	3556	0.055893857
260473	3605	0.055893857
260473	875	0.055893853
260473	880	0.055893853
260520	581	0.052700594
260520	2552	0.052700594
260520	4342	0.052700594
260520	6198	0.052700594
260520	1349	0.05270059
260520	3556	0.05270059
260520	3605	0.05270059
260520	719	0.052700587
260520	875	0.052700587
260520	3756	0.052700587
260655	581	0.05015075
260655	2552	0.050150745
260655	4342	0.050150745
260655	6198	0.050150745
260655	719	0.05015074
260655	3556	0.05015074
260655	365	0.050150737
260655	875	0.050150737
260655	880	0.050150737
260655	1349	0.050150737
260678	581	0.055341855
260678	2552	0.055341855
260678	4342	0.055341855
260678	6198	0.055341855
260678	719	0.055341847
260678	1349	0.055341847
260678	3556	0.055341847
260678	875	0.055341844
260678	3605	0.055341844
260678	365	0.05534184
260699	581	0.062508725
260699	2552	0.06250872
260699	4342	0.06250872
260699	6198	0.06250872
260699	719	0.06250871
260699	875	0.06250871
260699	3556	0.06250871
260699	365	0.0625087
260699	880	0.0625087
260699	1958	0.0625087
260897	1349	0.07266258
260897	2552	0.07266258
260897	4342	0.07266258
260897	6198	0.07266258
260897	719	0.07266257
260897	3556	0.07266257
260897	875	0.07266256
260897	2651	0.07266256
260897	2787	0.07266256
260897	3605	0.07266256
260944	581	0.07041165
260944	2552	0.07041165
260944	6198	0.07041165
260944	1349	0.070411645
260944	4342	0.070411645
260944	719	0.07041164
260944	2787	0.07041164
260944	3556	0.07041164
260944	3605	0.07041164
260944	875	0.07041163
260967	6198	0.05795835
260967	581	0.057958346
260967	4342	0.057958346
260967	2552	0.057958342
260967	3556	0.05795834
260967	719	0.057958335
260967	1349	0.057958335
260967	3605	0.057958335
260967	875	0.05795833
260967	2651	0.05795833
261037	581	0.052241404
261037	2552	0.0522414
261037	6198	0.0522414
261037	4342	0.052241396
261037	719	0.052241392
261037	875	0.052241392
261037	1349	0.052241392
261037	3556	0.052241392
261037	3605	0.052241392
261037	2787	0.05224139
261105	581	0.04438343
261105	2552	0.04438342
261105	4342	0.04438342
261105	6198	0.04438342
261105	3556	0.044383418
261105	719	0.044383414
261105	875	0.044383414
261105	1349	0.044383414
261105	3605	0.044383414
261105	2787	0.04438341
261185	581	0.05710236
261185	6198	0.05710236
261185	2552	0.057102356
261185	4342	0.057102356
261185	1349	0.057102352
261185	3556	0.057102352
261185	719	0.05710235
261185	3605	0.05710235
261185	875	0.057102345
261185	2787	0.057102345
261314	581	0.057954006
261314	2552	0.057954006
261314	6198	0.057954006
261314	4342	0.057954002
261314	719	0.057954
261314	1349	0.057954
261314	3556	0.057954
261314	2787	0.057953995
261314	3605	0.057953995
261314	875	0.05795399
261327	581	0.06672555
261327	6198	0.066725545
261327	719	0.06672554
261327	1349	0.06672554
261327	2552	0.06672554
261327	3556	0.06672554
261327	3605	0.06672554
261327	4342	0.06672554
261327	875	0.06672553
261327	880	0.06672553
261567	581	0.060103223
261567	2552	0.060103215
261567	4342	0.060103215
261567	6198	0.060103215
261567	719	0.06010321
261567	875	0.060103208
261567	1349	0.060103208
261567	3556	0.060103208
261567	3605	0.060103204
261567	3756	0.060103204
261578	581	0.062445328
261578	2552	0.062445328
261578	6198	0.062445328
261578	719	0.06244532
261578	3556	0.06244532
261578	3605	0.06244532
261578	4342	0.06244532
261578	875	0.062445316
261578	1349	0.062445316
261578	3756	0.062445316
261590	581	0.05946073
261590	4342	0.059460726
261590	6198	0.059460726
261590	2552	0.059460722
261590	1349	0.05946072
261590	3556	0.05946072
261590	719	0.059460714
261590	875	0.059460714
261590	2787	0.059460714
261590	3605	0.059460714
261603	581	0.07614701
261603	2552	0.07614701
261603	3605	0.076147005
261603	4342	0.076147005
261603	6198	0.076147005
261603	719	0.076147
261603	1349	0.076147
261603	3556	0.076147
261603	365	0.07614699
261603	875	0.07614699
261611	4342	0.065169826
261611	581	0.06516982
261611	6198	0.06516982
261611	719	0.06516981
261611	875	0.06516981
261611	1349	0.06516981
261611	2552	0.06516981
261611	3556	0.06516981
261611	3605	0.06516981
261611	3756	0.06516981
261998	6198	0.06909566
261998	581	0.06909565
261998	2552	0.06909565
261998	719	0.06909564
261998	1349	0.06909564
261998	2787	0.06909564
261998	4342	0.06909564
261998	875	0.069095634
261998	2651	0.069095634
261998	3556	0.069095634
262040	581	0.051771127
262040	2552	0.051771127
262040	6198	0.051771127
262040	719	0.05177112
262040	3556	0.05177112
262040	4342	0.05177112
262040	1349	0.051771116
262040	2787	0.05177111
262040	3605	0.05177111
262040	3756	0.05177111
262118	581	0.06555313
262118	2552	0.06555313
262118	4342	0.06555313
262118	6198	0.06555313
262118	1349	0.06555312
262118	3605	0.06555312
262118	719	0.065553114
262118	875	0.065553114
262118	880	0.065553114
262118	1211	0.065553114
262151	581	0.058401257
262151	6198	0.058401257
262151	2552	0.05840125
262151	4342	0.05840125
262151	1349	0.058401246
262151	3556	0.058401246
262151	719	0.058401242
262151	875	0.058401242
262151	2787	0.058401242
262151	3605	0.058401242
262169	581	0.06603547
262169	2552	0.066035464
262169	3556	0.066035464
262169	4342	0.066035464
262169	6198	0.066035464
262169	719	0.06603546
262169	1349	0.06603546
262169	365	0.06603545
262169	875	0.06603545
262169	1958	0.06603545
262186	581	0.045613922
262186	4342	0.045613922
262186	2552	0.04561392
262186	6198	0.04561392
262186	719	0.045613915
262186	1349	0.045613915
262186	3556	0.045613915
262186	2787	0.04561391
262186	3605	0.04561391
262186	365	0.045613907
262271	581	0.03945802
262271	4342	0.03945802
262271	6198	0.03945802
262271	1349	0.039458018
262271	2552	0.039458018
262271	719	0.039458014
262271	2787	0.039458014
262271	3556	0.039458014
262271	3605	0.039458014
262271	4218	0.039458014
262311	6198	0.050617367
262311	581	0.05061736
262311	2552	0.05061736
262311	1349	0.050617356
262311	4342	0.050617356
262311	719	0.050617352
262311	2787	0.050617352
262311	3556	0.050617352
262311	3605	0.050617352
262311	875	0.05061735
262317	581	0.041554835
262317	2552	0.041554835
262317	6198	0.041554835
262317	719	0.04155483
262317	1349	0.04155483
262317	4342	0.04155483
262317	3756	0.041554827
262317	365	0.041554824
262317	875	0.041554824
262317	1211	0.041554824
262391	581	0.07251699
262391	2552	0.07251699
262391	6198	0.07251699
262391	4342	0.072516985
262391	719	0.07251698
262391	880	0.07251698
262391	1349	0.07251698
262391	2787	0.07251698
262391	3556	0.07251698
262391	3605	0.07251698
262399	581	0.039831936
262399	2552	0.039831936
262399	4342	0.039831936
262399	6198	0.039831936
262399	1349	0.039831933
262399	719	0.03983193
262399	880	0.03983193
262399	2787	0.03983193
262399	3422	0.03983193
262399	3556	0.03983193
262407	581	0.053301543
262407	6198	0.053301543
262407	1349	0.053301536
262407	2552	0.053301536
262407	4342	0.053301536
262407	719	0.053301528
262407	3556	0.053301528
262407	3605	0.053301528
262407	4218	0.053301528
262407	2787	0.053301524
262459	581	0.054397132
262459	2552	0.05439713
262459	4342	0.05439713
262459	6198	0.05439713
262459	719	0.05439712
262459	1349	0.05439712
262459	3556	0.05439712
262459	3605	0.05439712
262459	875	0.054397117
262459	365	0.054397114
262469	581	0.052869085
262469	2552	0.052869085
262469	6198	0.052869085
262469	4342	0.05286908
262469	719	0.052869078
262469	875	0.052869074
262469	1349	0.052869074
262469	3556	0.052869074
262469	3756	0.052869074
262469	2651	0.05286907
262525	581	0.07289328
262525	4342	0.07289328
262525	6198	0.07289328
262525	719	0.07289327
262525	2552	0.07289327
262525	875	0.07289326
262525	880	0.07289326
262525	1349	0.07289326
262525	2651	0.07289326
262525	2787	0.07289326
262541	581	0.051892046
262541	6198	0.051892046
262541	1349	0.051892042
262541	2552	0.051892042
262541	4342	0.051892042
262541	719	0.051892035
262541	3556	0.051892035
262541	3605	0.051892035
262541	2787	0.05189203
262541	3663	0.05189203
262634	581	0.052647628
262634	6198	0.052647624
262634	1349	0.05264762
262634	2552	0.05264762
262634	4342	0.05264762
262634	3605	0.052647617
262634	719	0.052647613
262634	875	0.052647613
262634	2787	0.052647613
262634	3556	0.052647613
262666	581	0.045522705
262666	2552	0.045522705
262666	4342	0.045522705
262666	6198	0.045522705
262666	3556	0.0455227
262666	719	0.045522697
262666	1349	0.045522697
262666	3756	0.045522697
262666	875	0.045522694
262666	3605	0.045522694
262902	581	0.081269935
262902	2552	0.08126993
262902	6198	0.08126993
262902	719	0.08126992
262902	1349	0.08126992
262902	4342	0.08126992
262902	3556	0.08126991
262902	3605	0.08126991
262902	4218	0.08126991
262902	365	0.081269905
262940	581	0.049091592
262940	6198	0.049091592
262940	2552	0.04909159
262940	4342	0.04909159
262940	719	0.049091585
262940	1349	0.049091585
262940	3556	0.049091585
262940	875	0.04909158
262940	3756	0.04909158
262940	880	0.049091578
262974	581	0.0671601
262974	6198	0.0671601
262974	2552	0.06716009
262974	719	0.067160085
262974	1349	0.067160085
262974	3556	0.067160085
262974	4342	0.067160085
262974	875	0.06716008
262974	3605	0.06716008
262974	5214	0.06716008
263078	581	0.047914203
263078	2552	0.0479142
263078	4342	0.0479142
263078	6198	0.0479142
263078	719	0.047914196
263078	1349	0.047914192
263078	3556	0.047914192
263078	3756	0.047914192
263078	875	0.04791419
263078	3605	0.04791419
263107	581	0.05141584
263107	6198	0.051415835
263107	2552	0.05141583
263107	4342	0.05141583
263107	3556	0.051415827
263107	719	0.051415823
263107	1349	0.051415823
263107	3605	0.051415823
263107	4218	0.05141582
263107	5214	0.05141582
263163	581	0.07554481
263163	2552	0.075544804
263163	4342	0.075544804
263163	6198	0.075544804
263163	719	0.0755448
263163	1349	0.07554479
263163	2787	0.07554479
263163	3556	0.07554479
263163	3605	0.07554479
263163	3756	0.07554479
263219	581	0.0592077
263219	6198	0.059207696
263219	2552	0.059207693
263219	4342	0.059207693
263219	719	0.059207685
263219	1349	0.059207685
263219	3556	0.059207685
263219	3605	0.059207685
263219	875	0.05920768
263219	2787	0.05920768
263321	581	0.05102939
263321	2552	0.05102939
263321	4342	0.05102939
263321	6198	0.05102939
263321	719	0.051029384
263321	1349	0.051029384
263321	3556	0.051029384
263321	875	0.05102938
263321	365	0.051029377
263321	880	0.051029377
263325	581	0.0608104
263325	2552	0.060810395
263325	4342	0.060810395
263325	6198	0.060810395
263325	1349	0.060810387
263325	3556	0.060810387
263325	3605	0.060810387
263325	719	0.060810383
263325	3756	0.060810383
263325	365	0.06081038
263326	6198	0.05904497
263326	2552	0.059044965
263326	4342	0.059044965
263326	719	0.059044957
263326	875	0.059044957
263326	1349	0.059044957
263326	3556	0.059044957
263326	3605	0.059044953
263326	3756	0.059044953
263326	880	0.05904495
263344	581	0.05063332
263344	6198	0.05063332
263344	2552	0.050633315
263344	4342	0.050633315
263344	1349	0.05063331
263344	719	0.050633308
263344	3556	0.050633308
263344	3605	0.050633308
263344	875	0.050633304
263344	2651	0.050633304
263383	581	0.053736657
263383	6198	0.053736653
263383	2552	0.05373665
263383	3556	0.05373665
263383	4342	0.05373665
263383	719	0.053736646
263383	3605	0.053736646
263383	875	0.053736642
263383	1349	0.053736642
263383	2787	0.053736642
263413	581	0.05966525
263413	2552	0.059665248
263413	4342	0.059665248
263413	6198	0.059665248
263413	719	0.05966524
263413	875	0.05966524
263413	1349	0.05966524
263413	3556	0.05966524
263413	3605	0.05966524
263413	365	0.059665233
263460	581	0.08419084
263460	6198	0.08419084
263460	719	0.08419083
263460	1349	0.08419083
263460	2552	0.08419083
263460	4342	0.08419083
263460	3556	0.08419082
263460	365	0.084190816
263460	875	0.084190816
263460	2651	0.084190816
263560	581	0.06976069
263560	719	0.06976068
263560	1349	0.06976068
263560	2552	0.06976068
263560	3556	0.06976068
263560	4342	0.06976068
263560	6198	0.06976068
263560	875	0.06976067
263560	2787	0.06976067
263560	3605	0.06976067
263645	581	0.062777326
263645	719	0.062777326
263645	1349	0.062777326
263645	2552	0.062777326
263645	4342	0.062777326
263645	6198	0.062777326
263645	875	0.06277732
263645	3556	0.06277732
263645	365	0.06277731
263645	880	0.06277731
263663	581	0.0707918
263663	6198	0.0707918
263663	719	0.070791796
263663	2552	0.070791796
263663	4342	0.070791796
263663	1349	0.07079179
263663	3556	0.07079179
263663	3605	0.07079179
263663	365	0.07079178
263663	875	0.07079178
263842	581	0.06139029
263842	2552	0.06139029
263842	4342	0.06139029
263842	6198	0.06139029
263842	719	0.06139028
263842	875	0.061390277
263842	3556	0.061390277
263842	1349	0.061390273
263842	2651	0.061390273
263842	3578	0.061390273
263877	581	0.060999334
263877	6198	0.060999334
263877	4342	0.06099933
263877	719	0.060999326
263877	2552	0.060999326
263877	1349	0.060999323
263877	3556	0.060999323
263877	875	0.06099932
263877	3605	0.06099932
263877	3756	0.06099932
264031	581	0.08847617
264031	6198	0.088476166
264031	2552	0.08847616
264031	4342	0.08847616
264031	719	0.08847615
264031	1349	0.08847615
264031	3556	0.08847615
264031	3605	0.08847615
264031	3756	0.088476144
264031	365	0.08847614
264082	581	0.061408516
264082	6198	0.061408512
264082	2552	0.06140851
264082	4342	0.06140851
264082	1349	0.061408505
264082	719	0.0614085
264082	3556	0.0614085
264082	3605	0.0614085
264082	2787	0.061408497
264082	4218	0.061408497
264085	581	0.04907967
264085	2552	0.04907967
264085	4342	0.04907967
264085	6198	0.04907967
264085	719	0.049079664
264085	1349	0.049079664
264085	3556	0.049079664
264085	3605	0.049079664
264085	875	0.04907966
264085	2787	0.04907966
264152	581	0.07235082
264152	1349	0.072350815
264152	2552	0.072350815
264152	3556	0.072350815
264152	4342	0.072350815
264152	6198	0.072350815
264152	719	0.07235081
264152	365	0.0723508
264152	875	0.0723508
264152	880	0.0723508
264204	581	0.06437479
264204	4342	0.06437479
264204	6198	0.06437479
264204	2552	0.06437478
264204	719	0.064374775
264204	875	0.064374775
264204	1349	0.064374775
264204	2651	0.064374775
264204	2787	0.064374775
264204	3556	0.064374775
264284	581	0.06540398
264284	2552	0.065403976
264284	4342	0.065403976
264284	6198	0.065403976
264284	719	0.06540397
264284	875	0.06540397
264284	880	0.06540397
264284	1349	0.06540397
264284	2651	0.06540397
264284	2787	0.06540397
264300	581	0.06315321
264300	2552	0.06315321
264300	6198	0.06315321
264300	1349	0.0631532
264300	4342	0.0631532
264300	719	0.06315319
264300	880	0.06315319
264300	2651	0.06315319
264300	3556	0.06315319
264300	3605	0.06315319
264311	581	0.067727014
264311	2552	0.067727014
264311	4342	0.067727014
264311	6198	0.067727014
264311	719	0.067727
264311	875	0.067727
264311	880	0.067727
264311	1349	0.067727
264311	3556	0.067727
264311	3605	0.067727
264317	581	0.065152496
264317	6198	0.065152496
264317	2552	0.06515249
264317	4342	0.06515249
264317	719	0.06515248
264317	1349	0.06515248
264317	3556	0.06515248
264317	3605	0.06515248
264317	875	0.065152474
264317	880	0.065152474
264349	581	0.05594411
264349	4342	0.05594411
264349	1349	0.055944107
264349	2552	0.055944107
264349	6198	0.055944107
264349	719	0.055944104
264349	2787	0.0559441
264349	3556	0.0559441
264349	3605	0.0559441
264349	875	0.055944096
264355	581	0.073826775
264355	2552	0.073826775
264355	4342	0.073826775
264355	6198	0.073826775
264355	719	0.07382677
264355	1349	0.07382677
264355	875	0.07382676
264355	880	0.07382676
264355	1958	0.07382676
264355	2787	0.07382676
264464	581	0.080986045
264464	6198	0.080986045
264464	719	0.08098604
264464	1349	0.08098604
264464	2552	0.08098604
264464	3556	0.08098604
264464	4342	0.08098604
264464	875	0.08098603
264464	2787	0.08098603
264464	3605	0.08098603
264525	2552	0.060208153
264525	581	0.06020815
264525	4342	0.06020815
264525	6198	0.06020815
264525	719	0.06020814
264525	1349	0.06020814
264525	3556	0.06020814
264525	3605	0.06020814
264525	875	0.060208138
264525	365	0.060208134
264543	581	0.06849784
264543	2552	0.06849784
264543	4342	0.06849784
264543	6198	0.06849784
264543	719	0.06849782
264543	875	0.06849782
264543	1349	0.06849782
264543	2787	0.06849782
264543	3556	0.06849782
264543	3605	0.06849782
264600	581	0.060992673
264600	2552	0.060992673
264600	4342	0.060992673
264600	6198	0.060992673
264600	719	0.060992666
264600	1349	0.060992666
264600	3556	0.060992666
264600	3605	0.060992666
264600	875	0.060992662
264600	2787	0.060992662
264627	6198	0.054883707
264627	581	0.054883704
264627	4342	0.054883704
264627	2552	0.0548837
264627	719	0.054883696
264627	1349	0.054883696
264627	3556	0.054883696
264627	875	0.054883692
264627	3605	0.054883692
264627	3756	0.054883692
264628	581	0.04519651
264628	6198	0.045196507
264628	1349	0.045196503
264628	2552	0.045196503
264628	3556	0.045196503
264628	4342	0.045196503
264628	719	0.0451965
264628	3605	0.0451965
264628	365	0.045196496
264628	875	0.045196496
264634	581	0.044543136
264634	6198	0.044543136
264634	2552	0.044543132
264634	4342	0.044543132
264634	719	0.04454313
264634	1349	0.04454313
264634	3556	0.04454313
264634	875	0.044543125
264634	2787	0.044543125
264634	3422	0.044543125
264637	581	0.07787561
264637	2552	0.0778756
264637	3556	0.0778756
264637	4342	0.0778756
264637	6198	0.0778756
264637	719	0.07787559
264637	1349	0.07787559
264637	3605	0.07787559
264637	875	0.077875584
264637	880	0.077875584
264655	581	0.05996252
264655	2552	0.05996252
264655	4342	0.05996252
264655	6198	0.05996252
264655	719	0.05996251
264655	3556	0.05996251
264655	1349	0.059962507
264655	875	0.059962504
264655	2651	0.059962504
264655	2787	0.059962504
264657	581	0.06497517
264657	2552	0.06497517
264657	4342	0.06497517
264657	6198	0.06497517
264657	1349	0.064975165
264657	365	0.06497516
264657	719	0.06497516
264657	875	0.06497516
264657	880	0.06497516
264657	2787	0.06497516
264862	581	0.05230831
264862	2552	0.052308306
264862	4342	0.052308306
264862	6198	0.052308306
264862	1349	0.052308302
264862	719	0.0523083
264862	3556	0.0523083
264862	3605	0.0523083
264862	5147	0.0523083
264862	875	0.052308295
264947	581	0.071162134
264947	6198	0.071162134
264947	2552	0.07116213
264947	4342	0.07116213
264947	719	0.07116212
264947	1349	0.07116212
264947	3556	0.07116212
264947	3605	0.07116212
264947	875	0.07116211
264947	1958	0.07116211
264985	581	0.05583118
264985	2552	0.05583117
264985	4342	0.05583117
264985	6198	0.05583117
264985	719	0.055831164
264985	1349	0.055831164
264985	3556	0.055831164
264985	3605	0.055831164
264985	3756	0.05583116
264985	365	0.055831157
264996	581	0.057436623
264996	2552	0.057436623
264996	4342	0.057436623
264996	6198	0.057436623
264996	719	0.057436615
264996	1349	0.057436615
264996	3556	0.057436615
264996	875	0.05743661
264996	880	0.057436608
264996	2651	0.057436608
265083	581	0.082378685
265083	2552	0.082378685
265083	6198	0.082378685
265083	4342	0.08237868
265083	719	0.08237867
265083	1349	0.08237867
265083	3556	0.08237867
265083	3605	0.08237867
265083	875	0.08237866
265083	880	0.08237866
265194	581	0.052017882
265194	6198	0.052017882
265194	2552	0.05201788
265194	4342	0.05201788
265194	3556	0.052017875
265194	3605	0.052017875
265194	719	0.05201787
265194	1349	0.05201787
265194	875	0.052017868
265194	880	0.052017868
265205	581	0.05822121
265205	2552	0.058221206
265205	4342	0.058221206
265205	6198	0.058221206
265205	719	0.0582212
265205	1349	0.0582212
265205	3556	0.0582212
265205	3605	0.0582212
265205	875	0.05822119
265205	880	0.05822119
265276	581	0.053823147
265276	4342	0.053823143
265276	6198	0.053823143
265276	2552	0.05382314
265276	719	0.053823136
265276	1349	0.053823136
265276	3556	0.053823136
265276	3605	0.053823132
265276	3756	0.053823132
265276	365	0.05382313
265313	581	0.08598925
265313	6198	0.08598925
265313	2552	0.085989244
265313	4342	0.085989244
265313	719	0.08598924
265313	875	0.08598924
265313	1349	0.08598924
265313	3556	0.08598924
265313	3605	0.08598924
265313	2787	0.08598923
265383	581	0.052439857
265383	2552	0.052439854
265383	4342	0.052439854
265383	6198	0.052439854
265383	719	0.05243985
265383	875	0.052439846
265383	880	0.052439846
265383	1349	0.052439846
265383	3556	0.052439846
265383	3605	0.052439846
265487	6198	0.09777106
265487	581	0.097771056
265487	2552	0.09777105
265487	4342	0.09777105
265487	1349	0.09777104
265487	3556	0.09777104
265487	3605	0.09777104
265487	719	0.09777103
265487	875	0.09777103
265487	2787	0.09777103
265504	6198	0.049953062
265504	581	0.04995306
265504	2552	0.04995306
265504	4342	0.04995306
265504	719	0.04995305
265504	1349	0.04995305
265504	3556	0.04995305
265504	3756	0.049953047
265504	365	0.049953043
265504	875	0.049953043
265546	581	0.050845273
265546	6198	0.050845273
265546	2552	0.05084527
265546	4342	0.05084527
265546	719	0.050845265
265546	1349	0.050845265
265546	3556	0.050845265
265546	3756	0.05084526
265546	875	0.050845258
265546	880	0.050845258
265553	581	0.053671647
265553	6198	0.053671647
265553	2552	0.053671643
265553	4342	0.053671643
265553	719	0.05367164
265553	875	0.053671636
265553	1349	0.053671636
265553	3556	0.053671636
265553	3605	0.053671636
265553	3756	0.053671636
265591	581	0.06309344
265591	2552	0.06309344
265591	4342	0.06309344
265591	6198	0.06309344
265591	719	0.06309343
265591	1349	0.06309343
265591	3556	0.06309343
265591	365	0.063093424
265591	875	0.063093424
265591	880	0.063093424
265607	581	0.054982223
265607	2552	0.054982223
265607	4342	0.054982223
265607	6198	0.05498222
265607	719	0.054982215
265607	3556	0.054982215
265607	1349	0.05498221
265607	875	0.054982208
265607	2787	0.054982208
265607	3605	0.054982208
265620	581	0.04739777
265620	2552	0.047397763
265620	4342	0.047397763
265620	6198	0.047397763
265620	719	0.04739776
265620	1349	0.047397755
265620	2787	0.047397755
265620	3556	0.047397755
265620	3605	0.047397755
265620	3756	0.047397755
265656	581	0.068698265
265656	2552	0.068698265
265656	4342	0.068698265
265656	6198	0.068698265
265656	719	0.06869826
265656	1349	0.06869826
265656	3556	0.06869826
265656	3605	0.06869826
265656	875	0.06869825
265656	2787	0.06869825
265751	581	0.0654169
265751	2552	0.0654169
265751	4342	0.0654169
265751	6198	0.0654169
265751	719	0.065416895
265751	1349	0.065416895
265751	3556	0.065416895
265751	875	0.06541689
265751	880	0.06541689
265751	1958	0.06541689
265784	581	0.053550266
265784	6198	0.053550266
265784	2552	0.05355026
265784	3556	0.05355026
265784	4342	0.05355026
265784	719	0.053550255
265784	1349	0.053550255
265784	875	0.05355025
265784	2787	0.05355025
265784	3422	0.05355025
265827	581	0.071390525
265827	2552	0.071390525
265827	6198	0.071390525
265827	719	0.07139051
265827	1349	0.07139051
265827	3556	0.07139051
265827	4342	0.07139051
265827	3605	0.0713905
265827	4218	0.0713905
265827	365	0.071390495
265918	581	0.050501913
265918	4342	0.050501913
265918	6198	0.05050191
265918	1349	0.050501905
265918	2552	0.050501905
265918	3556	0.050501905
265918	719	0.0505019
265918	875	0.050501898
265918	2787	0.050501898
265918	3605	0.050501898
265932	581	0.06417038
265932	4342	0.06417038
265932	6198	0.06417038
265932	719	0.064170375
265932	875	0.064170375
265932	1349	0.064170375
265932	2552	0.064170375
265932	2787	0.064170375
265932	3556	0.064170375
265932	3605	0.064170375
265972	581	0.052770585
265972	2552	0.05277058
265972	4342	0.05277058
265972	6198	0.05277058
265972	1349	0.052770577
265972	3556	0.052770577
265972	719	0.052770574
265972	875	0.05277057
265972	880	0.05277057
265972	2651	0.05277057
266054	581	0.055211846
266054	6198	0.055211846
266054	2552	0.055211842
266054	4342	0.055211842
266054	1349	0.05521184
266054	719	0.055211835
266054	3556	0.055211835
266054	3605	0.055211835
266054	3756	0.055211835
266054	875	0.05521183
266056	581	0.081581235
266056	2552	0.081581235
266056	4342	0.081581235
266056	6198	0.081581235
266056	1349	0.08158123
266056	3556	0.08158123
266056	719	0.08158122
266056	875	0.08158122
266056	3605	0.08158122
266056	1211	0.08158121
266109	581	0.046197165
266109	2552	0.04619716
266109	4342	0.04619716
266109	6198	0.04619716
266109	719	0.046197154
266109	1349	0.046197154
266109	3556	0.046197154
266109	3605	0.046197154
266109	875	0.04619715
266109	3756	0.04619715
266164	581	0.05276568
266164	2552	0.052765675
266164	4342	0.052765675
266164	6198	0.052765675
266164	1349	0.05276567
266164	719	0.052765667
266164	875	0.052765667
266164	2787	0.052765667
266164	3556	0.052765667
266164	3605	0.052765667
266226	581	0.07624443
266226	4342	0.07624443
266226	6198	0.07624443
266226	2552	0.07624442
266226	719	0.076244414
266226	875	0.076244414
266226	1349	0.076244414
266226	2787	0.076244414
266226	3556	0.076244414
266226	3605	0.076244414
266229	581	0.06756491
266229	6198	0.06756491
266229	875	0.067564905
266229	2552	0.067564905
266229	3556	0.067564905
266229	4342	0.067564905
266229	719	0.0675649
266229	1349	0.0675649
266229	3605	0.0675649
266229	3663	0.0675649
266268	581	0.060212433
266268	2552	0.060212433
266268	6198	0.060212433
266268	4342	0.06021243
266268	719	0.060212426
266268	1349	0.060212426
266268	3556	0.060212426
266268	3605	0.060212422
266268	875	0.06021242
266268	1958	0.06021242
266283	581	0.07994343
266283	2552	0.07994343
266283	4342	0.07994343
266283	6198	0.07994343
266283	719	0.07994342
266283	875	0.07994342
266283	1349	0.07994342
266283	2787	0.07994342
266283	3556	0.07994342
266283	3605	0.07994342
266299	6198	0.045006543
266299	581	0.04500654
266299	4342	0.04500654
266299	1349	0.045006536
266299	2552	0.045006536
266299	719	0.045006532
266299	3556	0.045006532
266299	875	0.04500653
266299	1958	0.04500653
266299	2787	0.04500653
266331	581	0.05451957
266331	4342	0.05451957
266331	6198	0.05451957
266331	2552	0.054519568
266331	1349	0.054519564
266331	3556	0.054519564
266331	3605	0.054519564
266331	719	0.05451956
266331	875	0.054519556
266331	2651	0.054519556
266355	581	0.052265875
266355	2552	0.05226587
266355	6198	0.05226587
266355	719	0.052265868
266355	4342	0.052265868
266355	1349	0.052265864
266355	3556	0.052265864
266355	875	0.05226586
266355	2651	0.05226586
266355	2787	0.05226586
266419	581	0.047524914
266419	6198	0.047524914
266419	4342	0.04752491
266419	719	0.047524907
266419	1349	0.047524907
266419	2552	0.047524907
266419	3556	0.047524907
266419	3605	0.047524903
266419	365	0.0475249
266419	875	0.0475249
266457	581	0.053269017
266457	2552	0.053269014
266457	4342	0.053269014
266457	6198	0.053269014
266457	3556	0.05326901
266457	719	0.053269006
266457	1349	0.053269006
266457	3605	0.053269006
266457	875	0.053269003
266457	880	0.053269003
266466	581	0.049013883
266466	2552	0.049013883
266466	4342	0.049013883
266466	6198	0.049013883
266466	719	0.049013875
266466	1349	0.049013875
266466	3556	0.049013875
266466	3605	0.04901387
266466	365	0.049013868
266466	875	0.049013868
266478	581	0.055725142
266478	2552	0.055725135
266478	4342	0.055725135
266478	6198	0.055725135
266478	719	0.055725127
266478	1349	0.055725127
266478	3556	0.055725127
266478	3605	0.055725127
266478	365	0.05572512
266478	875	0.05572512
266522	581	0.06233482
266522	6198	0.06233482
266522	2552	0.062334813
266522	4342	0.062334813
266522	719	0.06233481
266522	1349	0.062334806
266522	3556	0.062334806
266522	875	0.062334802
266522	3605	0.062334802
266522	3756	0.062334802
266650	6198	0.07037365
266650	581	0.07037364
266650	2552	0.07037364
266650	4342	0.07037364
266650	719	0.07037363
266650	3556	0.07037363
266650	875	0.070373625
266650	1349	0.070373625
266650	2651	0.070373625
266650	2787	0.070373625
266678	581	0.07213715
266678	2552	0.07213715
266678	4342	0.07213715
266678	6198	0.07213715
266678	719	0.07213713
266678	875	0.07213713
266678	1349	0.07213713
266678	1958	0.07213713
266678	2787	0.07213713
266678	3556	0.07213713
266697	581	0.053294864
266697	6198	0.053294864
266697	2552	0.05329486
266697	4342	0.05329486
266697	719	0.053294852
266697	1349	0.053294852
266697	2787	0.053294852
266697	3556	0.053294852
266697	3605	0.053294852
266697	3756	0.053294852
266753	581	0.058836423
266753	6198	0.058836423
266753	2552	0.05883642
266753	4342	0.058836415
266753	719	0.05883641
266753	875	0.058836408
266753	1349	0.058836408
266753	2787	0.058836408
266753	3556	0.058836408
266753	3605	0.058836408
266807	581	0.05469278
266807	2552	0.05469278
266807	4342	0.05469278
266807	6198	0.05469278
266807	719	0.054692775
266807	1349	0.05469277
266807	3556	0.05469277
266807	3605	0.05469277
266807	875	0.054692768
266807	4366	0.054692768
266840	581	0.09712482
266840	2552	0.097124815
266840	4342	0.097124815
266840	6198	0.097124815
266840	719	0.09712481
266840	875	0.0971248
266840	1349	0.0971248
266840	2787	0.0971248
266840	3556	0.0971248
266840	3605	0.0971248
266842	581	0.061306395
266842	6198	0.061306395
266842	2552	0.06130639
266842	4342	0.06130639
266842	1349	0.061306387
266842	3556	0.061306383
266842	719	0.06130638
266842	3605	0.06130638
266842	3756	0.06130638
266842	365	0.061306372
266865	2552	0.065436766
266865	4342	0.065436766
266865	6198	0.065436766
266865	581	0.06543676
266865	719	0.06543676
266865	875	0.06543676
266865	2651	0.06543676
266865	880	0.06543675
266865	2787	0.06543675
266865	3422	0.06543675
266866	581	0.08951533
266866	6198	0.08951532
266866	2552	0.08951531
266866	3556	0.08951531
266866	4342	0.08951531
266866	719	0.089515306
266866	1349	0.089515306
266866	3605	0.089515306
266866	365	0.0895153
266866	875	0.0895153
266872	581	0.061447665
266872	2552	0.061447658
266872	4342	0.061447658
266872	6198	0.061447658
266872	719	0.06144765
266872	875	0.06144765
266872	1349	0.06144765
266872	3556	0.06144765
266872	3605	0.06144765
266872	2787	0.061447646
266940	581	0.06160997
266940	6198	0.061609965
266940	4342	0.06160996
266940	1349	0.061609957
266940	2552	0.061609957
266940	719	0.061609954
266940	3556	0.061609954
266940	3605	0.06160995
266940	875	0.061609946
266940	2787	0.061609946
267033	581	0.078949004
267033	2552	0.078949004
267033	4342	0.078949004
267033	6198	0.078949004
267033	719	0.078949
267033	880	0.07894899
267033	1349	0.07894899
267033	2651	0.07894899
267033	3556	0.07894899
267033	3605	0.07894899
267061	581	0.06412612
267061	4342	0.06412612
267061	6198	0.06412612
267061	2552	0.06412611
267061	3556	0.06412611
267061	719	0.064126104
267061	875	0.064126104
267061	1349	0.064126104
267061	2787	0.064126104
267061	3605	0.064126104
267180	581	0.05703242
267180	6198	0.05703242
267180	2552	0.057032418
267180	1349	0.057032414
267180	4342	0.057032414
267180	719	0.05703241
267180	3556	0.05703241
267180	3605	0.05703241
267180	875	0.057032403
267180	2787	0.057032403
267184	581	0.05415278
267184	6198	0.05415278
267184	2552	0.054152776
267184	719	0.05415277
267184	1349	0.05415277
267184	3556	0.05415277
267184	4342	0.05415277
267184	875	0.054152764
267184	2787	0.054152764
267184	3578	0.054152764
267249	581	0.069309406
267249	6198	0.069309406
267249	719	0.0693094
267249	2552	0.0693094
267249	4342	0.0693094
267249	1349	0.06930939
267249	3556	0.06930939
267249	3605	0.06930939
267249	365	0.06930938
267249	875	0.06930938
267256	581	0.052240767
267256	6198	0.052240767
267256	1349	0.05224076
267256	2552	0.05224076
267256	3556	0.05224076
267256	4342	0.05224076
267256	719	0.052240755
267256	3605	0.052240755
267256	1958	0.05224075
267256	2787	0.05224075
267282	581	0.0448336
267282	2552	0.0448336
267282	4342	0.0448336
267282	6198	0.0448336
267282	1349	0.044833593
267282	3556	0.044833593
267282	3605	0.044833593
267282	719	0.04483359
267282	3756	0.04483359
267282	365	0.044833586
267326	581	0.054327898
267326	2552	0.054327894
267326	6198	0.054327894
267326	4342	0.05432789
267326	719	0.054327883
267326	875	0.054327883
267326	1349	0.054327883
267326	3556	0.054327883
267326	3605	0.054327883
267326	2787	0.05432788
267334	581	0.05657333
267334	2552	0.056573324
267334	4342	0.056573324
267334	6198	0.056573324
267334	3556	0.05657332
267334	719	0.056573316
267334	875	0.056573316
267334	1349	0.056573316
267334	2787	0.056573316
267334	3605	0.056573316
267354	1281	0.17087957
267354	714	0.17087954
267354	974	0.17087954
267354	1234	0.17087954
267354	1259	0.17087954
267354	1334	0.17087954
267354	1447	0.17087954
267354	1571	0.17087954
267354	1812	0.17087954
267354	1906	0.17087954
267356	1281	0.30678362
267356	974	0.3067836
267356	1571	0.3067836
267356	2734	0.3067836
267356	4877	0.3067836
267356	4895	0.3067836
267356	5234	0.3067836
267356	3	0.30678356
267356	22	0.30678356
267356	26	0.30678356
267442	1281	0.33022726
267442	1447	0.33022723
267442	111	0.3302272
267442	252	0.3302272
267442	510	0.3302272
267442	714	0.3302272
267442	820	0.3302272
267442	917	0.3302272
267442	974	0.3302272
267442	980	0.3302272
267444	1281	0.27928644
267444	974	0.2792864
267444	2734	0.2792864
267444	3	0.27928638
267444	22	0.27928638
267444	85	0.27928638
267444	111	0.27928638
267444	208	0.27928638
267444	231	0.27928638
267444	245	0.27928638
267453	1281	0.29022285
267453	111	0.29022282
267453	510	0.29022282
267453	974	0.29022282
267453	1445	0.29022282
267453	1447	0.29022282
267453	1571	0.29022282
267453	1812	0.29022282
267453	1906	0.29022282
267453	2137	0.29022282
267510	1281	0.30350065
267510	368	0.3035006
267510	974	0.3035006
267510	1024	0.3035006
267510	1101	0.3035006
267510	1334	0.3035006
267510	1445	0.3035006
267510	1447	0.3035006
267510	1571	0.3035006
267510	1812	0.3035006
267529	974	0.26082647
267529	1234	0.26082647
267529	1281	0.26082647
267529	1571	0.26082647
267529	2322	0.26082647
267529	2708	0.26082647
267529	2734	0.26082647
267529	3557	0.26082647
267529	4895	0.26082647
267529	5234	0.26082647
267538	974	0.34459555
267538	1281	0.34459555
267538	5913	0.34459555
267538	1447	0.34459552
267538	1571	0.34459552
267538	2541	0.34459552
267538	2734	0.34459552
267538	3557	0.34459552
267538	4877	0.34459552
267538	4895	0.34459552
267596	1281	0.26035324
267596	111	0.2603532
267596	443	0.2603532
267596	737	0.2603532
267596	836	0.2603532
267596	974	0.2603532
267596	992	0.2603532
267596	1024	0.2603532
267596	1101	0.2603532
267596	1234	0.2603532
267621	1281	0.32679448
267621	111	0.32679445
267621	368	0.32679445
267621	974	0.32679445
267621	1234	0.32679445
267621	1447	0.32679445
267621	1567	0.32679445
267621	1571	0.32679445
267621	1812	0.32679445
267621	2541	0.32679445
267635	974	0.34529823
267635	1281	0.34529823
267635	3146	0.34529823
267635	1447	0.3452982
267635	1571	0.3452982
267635	1906	0.3452982
267635	2734	0.3452982
267635	3863	0.3452982
267635	4391	0.3452982
267635	4644	0.3452982
267642	1281	0.26525927
267642	974	0.26525924
267642	3	0.2652592
267642	18	0.2652592
267642	68	0.2652592
267642	85	0.2652592
267642	90	0.2652592
267642	111	0.2652592
267642	112	0.2652592
267642	208	0.2652592
267644	974	0.3006879
267644	1281	0.3006879
267644	1571	0.30068788
267644	1906	0.30068788
267644	2734	0.30068788
267644	4895	0.30068788
267644	3	0.30068785
267644	68	0.30068785
267644	85	0.30068785
267644	111	0.30068785
267648	1281	0.25747147
267648	252	0.25747144
267648	368	0.25747144
267648	820	0.25747144
267648	898	0.25747144
267648	974	0.25747144
267648	992	0.25747144
267648	1024	0.25747144
267648	1332	0.25747144
267648	1334	0.25747144
267680	1281	0.27202505
267680	974	0.27202502
267680	3	0.272025
267680	68	0.272025
267680	78	0.272025
267680	111	0.272025
267680	130	0.272025
267680	208	0.272025
267680	210	0.272025
267680	252	0.272025
267802	1281	0.25403076
267802	1571	0.25403073
267802	3	0.2540307
267802	22	0.2540307
267802	85	0.2540307
267802	208	0.2540307
267802	245	0.2540307
267802	252	0.2540307
267802	294	0.2540307
267802	350	0.2540307
267830	974	0.27980006
267830	1281	0.27980006
267830	1571	0.27980006
267830	2541	0.27980006
267830	2734	0.27980006
267830	992	0.27980003
267830	1812	0.27980003
267830	1906	0.27980003
267830	2137	0.27980003
267830	2708	0.27980003
267895	1281	0.18575887
267895	974	0.18575886
267895	2734	0.18575886
267895	3146	0.18575886
267895	4502	0.18575886
267895	4644	0.18575886
267895	4895	0.18575886
267895	5913	0.18575886
267895	714	0.18575884
267895	1447	0.18575884
268025	1281	0.37618583
268025	714	0.37618577
268025	974	0.37618577
268025	992	0.37618577
268025	1024	0.37618577
268025	1234	0.37618577
268025	1447	0.37618577
268025	1571	0.37618577
268025	1906	0.37618577
268025	2615	0.37618577
268030	1281	0.4242044
268030	974	0.42420438
268030	1571	0.42420438
268030	111	0.42420435
268030	1024	0.42420435
268030	1234	0.42420435
268030	1259	0.42420435
268030	1447	0.42420435
268030	1906	0.42420435
268030	2137	0.42420435
268032	1281	0.38557228
268032	974	0.38557225
268032	1571	0.38557225
268032	2734	0.38557225
268032	3557	0.38557225
268032	5234	0.38557225
268032	1447	0.38557222
268032	1906	0.38557222
268032	2541	0.38557222
268032	2708	0.38557222
268110	1281	0.30314505
268110	974	0.30314502
268110	85	0.303145
268110	111	0.303145
268110	412	0.303145
268110	699	0.303145
268110	714	0.303145
268110	820	0.303145
268110	1259	0.303145
268110	1439	0.303145
268156	1281	0.25319254
268156	368	0.25319248
268156	974	0.25319248
268156	1101	0.25319248
268156	1334	0.25319248
268156	1447	0.25319248
268156	1571	0.25319248
268156	1812	0.25319248
268156	2137	0.25319248
268156	2541	0.25319248
268239	1281	0.32858416
268239	974	0.32858413
268239	1571	0.32858413
268239	2734	0.32858413
268239	3557	0.32858413
268239	4895	0.32858413
268239	5234	0.32858413
268239	111	0.3285841
268239	1334	0.3285841
268239	1447	0.3285841
268262	974	0.2748593
268262	1281	0.2748593
268262	1447	0.2748593
268262	1571	0.2748593
268262	1812	0.2748593
268262	2708	0.2748593
268262	2734	0.2748593
268262	3378	0.2748593
268262	3863	0.2748593
268262	4895	0.2748593
268282	1281	0.2245566
268282	974	0.22455657
268282	1447	0.22455657
268282	1571	0.22455655
268282	1906	0.22455655
268282	2734	0.22455655
268282	4895	0.22455655
268282	5234	0.22455655
268282	6369	0.22455655
268282	3	0.22455654
268300	1281	0.2955802
268300	2734	0.29558018
268300	5913	0.29558018
268300	3	0.29558015
268300	22	0.29558015
268300	68	0.29558015
268300	294	0.29558015
268300	367	0.29558015
268300	368	0.29558015
268300	408	0.29558015
268540	1281	0.2700855
268540	4895	0.2700855
268540	5913	0.2700855
268540	6577	0.2700855
268540	210	0.27008548
268540	974	0.27008548
268540	1447	0.27008548
268540	1571	0.27008548
268540	1637	0.27008548
268540	1906	0.27008548
268544	1281	0.27330667
268544	2734	0.27330667
268544	3557	0.27330667
268544	714	0.27330664
268544	974	0.27330664
268544	1447	0.27330664
268544	1571	0.27330664
268544	2137	0.27330664
268544	2354	0.27330664
268544	2676	0.27330664
268618	1281	0.3758998
268618	974	0.37589976
268618	1447	0.37589973
268618	1571	0.37589973
268618	2734	0.37589973
268618	3557	0.37589973
268618	4877	0.37589973
268618	5234	0.37589973
268618	5913	0.37589973
268618	6369	0.37589973
268622	1281	0.27701724
268622	6369	0.2770172
268622	3	0.27701718
268622	18	0.27701718
268622	68	0.27701718
268622	85	0.27701718
268622	111	0.27701718
268622	130	0.27701718
268622	231	0.27701718
268622	350	0.27701718
268639	1281	0.3542065
268639	974	0.35420644
268639	1024	0.35420644
268639	1234	0.35420644
268639	1334	0.35420644
268639	1347	0.35420644
268639	1447	0.35420644
268639	1571	0.35420644
268639	1812	0.35420644
268639	1906	0.35420644
268657	1281	0.31239104
268657	974	0.312391
268657	2734	0.312391
268657	3	0.31239098
268657	68	0.31239098
268657	85	0.31239098
268657	111	0.31239098
268657	368	0.31239098
268657	559	0.31239098
268657	699	0.31239098
268691	974	0.29123908
268691	1281	0.29123908
268691	2734	0.29123908
268691	3863	0.29123908
268691	4895	0.29123908
268691	5234	0.29123908
268691	6369	0.29123908
268691	510	0.29123905
268691	992	0.29123905
268691	1024	0.29123905
268704	974	0.33856267
268704	1281	0.33856267
268704	1571	0.33856267
268704	2734	0.33856267
268704	3557	0.33856267
268704	4531	0.33856267
268704	4877	0.33856267
268704	4895	0.33856267
268704	5234	0.33856267
268704	5913	0.33856267
268751	1281	0.3963058
268751	974	0.39630577
268751	820	0.39630574
268751	1447	0.39630574
268751	1571	0.39630574
268751	1812	0.39630574
268751	1906	0.39630574
268751	2137	0.39630574
268751	2311	0.39630574
268751	2322	0.39630574
268761	974	0.34490347
268761	1281	0.34490347
268761	2734	0.34490347
268761	4895	0.34490347
268761	1447	0.34490344
268761	1571	0.34490344
268761	3557	0.34490344
268761	4225	0.34490344
268761	4502	0.34490344
268761	4531	0.34490344
268786	1281	0.25152186
268786	22	0.25152183
268786	111	0.25152183
268786	210	0.25152183
268786	252	0.25152183
268786	368	0.25152183
268786	443	0.25152183
268786	820	0.25152183
268786	836	0.25152183
268786	974	0.25152183
268833	1281	0.36064252
268833	974	0.3606425
268833	1571	0.3606425
268833	3146	0.3606425
268833	4895	0.3606425
268833	5913	0.3606425
268833	6577	0.3606425
268833	992	0.36064246
268833	1101	0.36064246
268833	1447	0.36064246
268932	1281	0.31653616
268932	974	0.31653613
268932	1447	0.31653613
268932	1571	0.31653613
268932	2708	0.31653613
268932	2734	0.31653613
268932	3863	0.31653613
268932	4174	0.31653613
268932	4502	0.31653613
268932	4531	0.31653613
269011	1281	0.29372153
269011	3	0.2937215
269011	22	0.2937215
269011	85	0.2937215
269011	111	0.2937215
269011	210	0.2937215
269011	510	0.2937215
269011	714	0.2937215
269011	765	0.2937215
269011	820	0.2937215
269114	1281	0.2551188
269114	1571	0.25511876
269114	2734	0.25511876
269114	3	0.25511873
269114	68	0.25511873
269114	85	0.25511873
269114	111	0.25511873
269114	208	0.25511873
269114	252	0.25511873
269114	294	0.25511873
269140	1281	0.4058676
269140	974	0.40586758
269140	1571	0.40586758
269140	2734	0.40586758
269140	3557	0.40586758
269140	1447	0.40586755
269140	3146	0.40586755
269140	3378	0.40586755
269140	3653	0.40586755
269140	4225	0.40586755
269157	1281	0.2917381
269157	2734	0.29173806
269157	5234	0.29173806
269157	3	0.29173803
269157	111	0.29173803
269157	245	0.29173803
269157	368	0.29173803
269157	410	0.29173803
269157	480	0.29173803
269157	559	0.29173803
269244	974	0.22692925
269244	1281	0.22692925
269244	1571	0.22692923
269244	2734	0.22692923
269244	3557	0.22692923
269244	4895	0.22692923
269244	5913	0.22692923
269244	3	0.22692922
269244	85	0.22692922
269244	111	0.22692922
269273	1281	0.28719658
269273	3	0.28719652
269273	26	0.28719652
269273	68	0.28719652
269273	85	0.28719652
269273	111	0.28719652
269273	368	0.28719652
269273	443	0.28719652
269273	714	0.28719652
269273	836	0.28719652
269308	1281	0.21086822
269308	974	0.2108682
269308	1447	0.2108682
269308	2734	0.2108682
269308	3146	0.2108682
269308	3378	0.2108682
269308	4531	0.2108682
269308	4895	0.2108682
269308	3	0.21086818
269308	111	0.21086818
269313	1281	0.22484693
269313	974	0.2248469
269313	2734	0.2248469
269313	4877	0.2248469
269313	4895	0.2248469
269313	1447	0.22484688
269313	3146	0.22484688
269313	3557	0.22484688
269313	4502	0.22484688
269313	5234	0.22484688
269321	1281	0.38766038
269321	974	0.38766032
269321	1024	0.38766032
269321	1234	0.38766032
269321	1447	0.38766032
269321	1571	0.38766032
269321	1906	0.38766032
269321	2311	0.38766032
269321	2322	0.38766032
269321	2615	0.38766032
269344	1281	0.17976716
269344	974	0.17976715
269344	1447	0.17976715
269344	68	0.17976713
269344	85	0.17976713
269344	111	0.17976713
269344	510	0.17976713
269344	714	0.17976713
269344	820	0.17976713
269344	836	0.17976713
269353	974	0.27024412
269353	1281	0.27024412
269353	1571	0.27024412
269353	2734	0.27024412
269353	5234	0.27024412
269353	368	0.2702441
269353	714	0.2702441
269353	1259	0.2702441
269353	1334	0.2702441
269353	1447	0.2702441
269378	1281	0.31057727
269378	974	0.31057724
269378	4895	0.31057724
269378	3	0.3105772
269378	22	0.3105772
269378	68	0.3105772
269378	85	0.3105772
269378	111	0.3105772
269378	294	0.3105772
269378	367	0.3105772
269386	1281	0.29236788
269386	3	0.29236782
269386	18	0.29236782
269386	90	0.29236782
269386	111	0.29236782
269386	210	0.29236782
269386	245	0.29236782
269386	368	0.29236782
269386	510	0.29236782
269386	559	0.29236782
269439	1281	0.26502335
269439	4877	0.26502332
269439	4895	0.26502332
269439	5234	0.26502332
269439	5913	0.26502332
269439	3	0.2650233
269439	18	0.2650233
269439	22	0.2650233
269439	25	0.2650233
269439	26	0.2650233
269557	1281	0.26450223
269557	3	0.26450217
269557	25	0.26450217
269557	68	0.26450217
269557	85	0.26450217
269557	111	0.26450217
269557	210	0.26450217
269557	231	0.26450217
269557	368	0.26450217
269557	510	0.26450217
269702	1281	0.29059294
269702	974	0.2905929
269702	1571	0.2905929
269702	2734	0.2905929
269702	5234	0.2905929
269702	111	0.29059288
269702	368	0.29059288
269702	480	0.29059288
269702	714	0.29059288
269702	820	0.29059288
269719	974	0.21020183
269719	1281	0.21020183
269719	1447	0.21020181
269719	1571	0.21020181
269719	2734	0.21020181
269719	4877	0.21020181
269719	4895	0.21020181
269719	5234	0.21020181
269719	22	0.2102018
269719	111	0.2102018
269728	1281	0.38993943
269728	974	0.38993937
269728	1447	0.38993937
269728	1571	0.38993937
269728	1906	0.38993937
269728	2541	0.38993937
269728	2615	0.38993937
269728	2734	0.38993937
269728	3146	0.38993937
269728	3378	0.38993937
269738	974	0.2658543
269738	1281	0.26585427
269738	68	0.26585424
269738	111	0.26585424
269738	210	0.26585424
269738	245	0.26585424
269738	252	0.26585424
269738	368	0.26585424
269738	410	0.26585424
269738	412	0.26585424
269759	1281	0.22432162
269759	974	0.2243216
269759	2734	0.2243216
269759	1234	0.22432159
269759	1447	0.22432159
269759	1571	0.22432159
269759	5234	0.22432159
269759	5913	0.22432159
269759	3	0.22432157
269759	68	0.22432157
269799	1281	0.2358733
269799	974	0.23587328
269799	1447	0.23587328
269799	1571	0.23587328
269799	4895	0.23587328
269799	1906	0.23587327
269799	2734	0.23587327
269799	4644	0.23587327
269799	4877	0.23587327
269799	5234	0.23587327
269808	974	0.19473049
269808	1281	0.19473049
269808	4877	0.19473048
269808	5913	0.19473048
269808	85	0.19473046
269808	111	0.19473046
269808	252	0.19473046
269808	510	0.19473046
269808	714	0.19473046
269808	738	0.19473046
269835	1281	0.39076945
269835	974	0.39076942
269835	2734	0.39076942
269835	1447	0.3907694
269835	1571	0.3907694
269835	3146	0.3907694
269835	3378	0.3907694
269835	3557	0.3907694
269835	4895	0.3907694
269835	5234	0.3907694
269890	1281	0.40819213
269890	974	0.4081921
269890	1571	0.4081921
269890	3557	0.4081921
269890	4895	0.4081921
269890	2615	0.40819207
269890	2734	0.40819207
269890	4531	0.40819207
269890	4877	0.40819207
269890	5913	0.40819207
270069	1281	0.26257765
270069	4895	0.26257765
270069	5913	0.26257765
270069	3	0.26257762
270069	974	0.26257762
270069	1101	0.26257762
270069	1447	0.26257762
270069	1571	0.26257762
270069	1812	0.26257762
270069	2223	0.26257762
270121	1281	0.28469577
270121	974	0.28469574
270121	1234	0.28469574
270121	1447	0.28469574
270121	1571	0.28469574
270121	1637	0.28469574
270121	1906	0.28469574
270121	2708	0.28469574
270121	2734	0.28469574
270121	3146	0.28469574
270156	974	0.2921582
270156	1281	0.2921582
270156	1571	0.2921582
270156	2734	0.2921582
270156	3557	0.2921582
270156	5234	0.2921582
270156	2541	0.29215816
270156	2708	0.29215816
270156	3365	0.29215816
270156	3378	0.29215816
270211	1281	0.22104213
270211	2734	0.22104213
270211	974	0.22104211
270211	1571	0.22104211
270211	3146	0.22104211
270211	3378	0.22104211
270211	4895	0.22104211
270211	5234	0.22104211
270211	5913	0.22104211
270211	6369	0.22104211
270226	1281	0.24312633
270226	974	0.2431263
270226	1334	0.24312629
270226	1447	0.24312629
270226	1571	0.24312629
270226	2137	0.24312629
270226	2354	0.24312629
270226	2734	0.24312629
270226	3146	0.24312629
270226	3557	0.24312629
270326	1281	0.21915981
270326	974	0.21915978
270326	2734	0.21915978
270326	4877	0.21915978
270326	5234	0.21915978
270326	5913	0.21915978
270326	368	0.21915977
270326	1447	0.21915977
270326	1571	0.21915977
270326	2311	0.21915977
270339	974	0.35918593
270339	1281	0.35918593
270339	1571	0.35918593
270339	3146	0.3591859
270339	4877	0.3591859
270339	4895	0.3591859
270339	5234	0.3591859
270339	5913	0.3591859
270339	6369	0.3591859
270339	3	0.35918587
270352	1281	0.37692535
270352	974	0.3769253
270352	1334	0.3769253
270352	1447	0.3769253
270352	1571	0.3769253
270352	2734	0.3769253
270352	3146	0.3769253
270352	3557	0.3769253
270352	4531	0.3769253
270352	4644	0.3769253
270401	1281	0.2124731
270401	974	0.21247308
270401	85	0.21247306
270401	443	0.21247306
270401	714	0.21247306
270401	1234	0.21247306
270401	1447	0.21247306
270401	1571	0.21247306
270401	1906	0.21247306
270401	2541	0.21247306
270554	1281	0.3772982
270554	974	0.37729818
270554	2734	0.37729818
270554	4895	0.37729818
270554	443	0.37729815
270554	1234	0.37729815
270554	1447	0.37729815
270554	1571	0.37729815
270554	1906	0.37729815
270554	2541	0.37729815
270605	974	0.33326697
270605	1281	0.33326697
270605	1571	0.33326694
270605	2734	0.33326694
270605	5913	0.33326694
270605	3	0.3332669
270605	22	0.3332669
270605	68	0.3332669
270605	85	0.3332669
270605	102	0.3332669
270629	974	0.28984725
270629	1281	0.28984725
270629	2734	0.28984722
270629	4895	0.28984722
270629	5913	0.28984722
270629	3	0.2898472
270629	68	0.2898472
270629	85	0.2898472
270629	102	0.2898472
270629	111	0.2898472
270666	1281	0.2688173
270666	4877	0.26881728
270666	4895	0.26881728
270666	5913	0.26881728
270666	3	0.26881725
270666	18	0.26881725
270666	22	0.26881725
270666	68	0.26881725
270666	85	0.26881725
270666	90	0.26881725
270715	1281	0.24448583
270715	974	0.2444858
270715	1447	0.2444858
270715	1571	0.2444858
270715	2708	0.2444858
270715	2734	0.2444858
270715	3557	0.2444858
270715	4502	0.2444858
270715	4877	0.2444858
270715	5234	0.2444858
270723	1281	0.30808076
270723	974	0.30808073
270723	1447	0.30808073
270723	1571	0.30808073
270723	2734	0.30808073
270723	3146	0.30808073
270723	4895	0.30808073
270723	5913	0.30808073
270723	6369	0.30808073
270723	917	0.3080807
270737	1281	0.24925373
270737	3	0.24925369
270737	974	0.24925369
270737	1571	0.24925369
270737	2708	0.24925369
270737	3146	0.24925369
270737	3557	0.24925369
270737	4877	0.24925369
270737	4895	0.24925369
270737	5234	0.24925369
270754	1281	0.33834228
270754	974	0.33834225
270754	1447	0.33834225
270754	2734	0.33834225
270754	4877	0.33834225
270754	4895	0.33834225
270754	5913	0.33834225
270754	368	0.33834222
270754	1259	0.33834222
270754	1571	0.33834222
270801	1281	0.33956265
270801	974	0.33956262
270801	2734	0.33956262
270801	111	0.3395626
270801	368	0.3395626
270801	1234	0.3395626
270801	1259	0.3395626
270801	1334	0.3395626
270801	1447	0.3395626
270801	1906	0.3395626
270820	1281	0.39657038
270820	974	0.39657035
270820	5234	0.39657035
270820	111	0.39657032
270820	510	0.39657032
270820	1447	0.39657032
270820	1571	0.39657032
270820	1906	0.39657032
270820	2322	0.39657032
270820	2734	0.39657032
270828	1281	0.28112853
270828	1571	0.28112853
270828	5913	0.28112853
270828	974	0.2811285
270828	1024	0.2811285
270828	1234	0.2811285
270828	1447	0.2811285
270828	2734	0.2811285
270828	2858	0.2811285
270828	3050	0.2811285
270829	1281	0.37082222
270829	974	0.3708222
270829	1447	0.3708222
270829	1571	0.3708222
270829	2734	0.3708222
270829	4877	0.3708222
270829	5234	0.3708222
270829	5913	0.3708222
270829	111	0.37082216
270829	1812	0.37082216
270838	1281	0.35781237
270838	974	0.35781235
270838	1447	0.35781235
270838	1571	0.35781235
270838	2541	0.35781235
270838	2734	0.35781235
270838	3557	0.35781235
270838	4502	0.35781235
270838	4644	0.35781235
270838	5234	0.35781235
270863	1281	0.25246614
270863	1571	0.2524661
270863	4895	0.2524661
270863	3	0.25246608
270863	22	0.25246608
270863	25	0.25246608
270863	68	0.25246608
270863	85	0.25246608
270863	111	0.25246608
270863	210	0.25246608
270897	974	0.24066108
270897	1281	0.24066108
270897	1447	0.24066107
270897	2734	0.24066107
270897	3146	0.24066107
270897	3557	0.24066107
270897	85	0.24066105
270897	111	0.24066105
270897	714	0.24066105
270897	917	0.24066105
270906	974	0.32484102
270906	1281	0.32484102
270906	1447	0.32484102
270906	2541	0.32484102
270906	3146	0.32484102
270906	3378	0.32484102
270906	3557	0.32484102
270906	4531	0.32484102
270906	4877	0.32484102
270906	4895	0.32484102
271000	1281	0.24555162
271000	974	0.2455516
271000	820	0.24555159
271000	1447	0.24555159
271000	1571	0.24555159
271000	1812	0.24555159
271000	1906	0.24555159
271000	2708	0.24555159
271000	2734	0.24555159
271000	3378	0.24555159
271144	974	0.27856827
271144	1281	0.27856827
271144	2734	0.27856827
271144	1447	0.27856824
271144	1571	0.27856824
271144	2708	0.27856824
271144	3557	0.27856824
271144	3728	0.27856824
271144	4531	0.27856824
271144	4877	0.27856824
271156	1281	0.33322507
271156	974	0.33322504
271156	1334	0.333225
271156	1447	0.333225
271156	1506	0.333225
271156	1571	0.333225
271156	1906	0.333225
271156	2708	0.333225
271156	3146	0.333225
271156	3590	0.333225
271176	1281	0.4044731
271176	974	0.40447307
271176	1571	0.40447304
271176	2734	0.40447304
271176	3557	0.40447304
271176	3	0.404473
271176	85	0.404473
271176	111	0.404473
271176	208	0.404473
271176	210	0.404473
271195	1281	0.28179055
271195	974	0.28179052
271195	1571	0.28179052
271195	2734	0.28179052
271195	3146	0.28179052
271195	3557	0.28179052
271195	3863	0.28179052
271195	4895	0.28179052
271195	5234	0.28179052
271195	5304	0.28179052
271284	1281	0.27160043
271284	4895	0.2716004
271284	3	0.27160037
271284	68	0.27160037
271284	85	0.27160037
271284	111	0.27160037
271284	208	0.27160037
271284	210	0.27160037
271284	410	0.27160037
271284	443	0.27160037
271306	1281	0.29309767
271306	974	0.29309765
271306	1447	0.29309765
271306	1571	0.29309765
271306	1812	0.29309765
271306	2708	0.29309765
271306	2734	0.29309765
271306	3146	0.29309765
271306	3557	0.29309765
271306	4895	0.29309765
271375	1281	0.23997092
271375	974	0.2399709
271375	1447	0.2399709
271375	1571	0.2399709
271375	2708	0.2399709
271375	2734	0.2399709
271375	3146	0.2399709
271375	3557	0.2399709
271375	4877	0.2399709
271375	4895	0.2399709
271448	1281	0.4182471
271448	974	0.41824704
271448	1447	0.41824704
271448	1571	0.41824704
271448	1906	0.41824704
271448	2708	0.41824704
271448	2734	0.41824704
271448	3146	0.41824704
271448	3378	0.41824704
271448	3557	0.41824704
271460	1281	0.3831495
271460	974	0.38314945
271460	1334	0.38314945
271460	1447	0.38314945
271460	1571	0.38314945
271460	1906	0.38314945
271460	2535	0.38314945
271460	2541	0.38314945
271460	2708	0.38314945
271460	2734	0.38314945
271503	974	0.37393433
271503	1281	0.37393433
271503	2734	0.3739343
271503	3557	0.3739343
271503	3	0.37393427
271503	111	0.37393427
271503	231	0.37393427
271503	245	0.37393427
271503	252	0.37393427
271503	294	0.37393427
271531	1281	0.2867759
271531	1447	0.28677586
271531	5234	0.28677586
271531	5913	0.28677586
271531	6369	0.28677586
271531	3	0.28677583
271531	18	0.28677583
271531	22	0.28677583
271531	25	0.28677583
271531	26	0.28677583
271538	1281	0.25006995
271538	974	0.25006992
271538	1447	0.25006992
271538	1571	0.25006992
271538	2535	0.25006992
271538	2615	0.25006992
271538	2734	0.25006992
271538	5234	0.25006992
271538	6577	0.25006992
271538	3	0.2500699
271557	1281	0.2257008
271557	2734	0.22570077
271557	974	0.22570075
271557	1447	0.22570075
271557	1571	0.22570075
271557	3146	0.22570075
271557	3557	0.22570075
271557	4877	0.22570075
271557	5234	0.22570075
271557	3	0.22570074
271558	1281	0.3146016
271558	974	0.31460157
271558	1447	0.31460157
271558	3557	0.31460157
271558	4502	0.31460157
271558	5234	0.31460157
271558	5913	0.31460157
271558	6369	0.31460157
271558	3	0.31460154
271558	18	0.31460154
271587	1281	0.20642656
271587	974	0.20642655
271587	5234	0.20642655
271587	3	0.20642653
271587	85	0.20642653
271587	111	0.20642653
271587	368	0.20642653
271587	443	0.20642653
271587	714	0.20642653
271587	992	0.20642653
271588	974	0.27389723
271588	1281	0.27389723
271588	992	0.2738972
271588	1024	0.2738972
271588	1234	0.2738972
271588	1447	0.2738972
271588	1571	0.2738972
271588	1812	0.2738972
271588	1906	0.2738972
271588	2322	0.2738972
271622	1281	0.27392393
271622	1447	0.27392393
271622	4895	0.27392393
271622	5913	0.27392393
271622	6369	0.27392393
271622	22	0.2739239
271622	368	0.2739239
271622	410	0.2739239
271622	974	0.2739239
271622	1024	0.2739239
271659	1281	0.28127098
271659	974	0.28127095
271659	3	0.28127092
271659	68	0.28127092
271659	85	0.28127092
271659	210	0.28127092
271659	245	0.28127092
271659	294	0.28127092
271659	316	0.28127092
271659	367	0.28127092
271705	1281	0.3111601
271705	974	0.31116006
271705	2734	0.31116006
271705	3	0.31116003
271705	111	0.31116003
271705	231	0.31116003
271705	245	0.31116003
271705	367	0.31116003
271705	368	0.31116003
271705	559	0.31116003
271833	1281	0.24779004
271833	974	0.24779002
271833	1571	0.24779002
271833	5913	0.24779002
271833	85	0.24779001
271833	111	0.24779001
271833	443	0.24779001
271833	714	0.24779001
271833	1234	0.24779001
271833	1334	0.24779001
272120	1281	0.31844947
272120	974	0.31844944
272120	1447	0.31844944
272120	2708	0.31844944
272120	4895	0.31844944
272120	5234	0.31844944
272120	5913	0.31844944
272120	6369	0.31844944
272120	3	0.3184494
272120	410	0.3184494
272202	1281	0.2790011
272202	714	0.27900106
272202	974	0.27900106
272202	1447	0.27900106
272202	1571	0.27900106
272202	1812	0.27900106
272202	2285	0.27900106
272202	2322	0.27900106
272202	2541	0.27900106
272202	2615	0.27900106
272225	1281	0.41197705
272225	974	0.411977
272225	1447	0.411977
272225	1571	0.411977
272225	1812	0.411977
272225	1906	0.411977
272225	2541	0.411977
272225	2615	0.411977
272225	2708	0.411977
272225	2734	0.411977
272233	1281	0.22166333
272233	974	0.22166331
272233	1447	0.2216633
272233	1571	0.2216633
272233	1812	0.2216633
272233	2734	0.2216633
272233	3146	0.2216633
272233	3557	0.2216633
272233	4644	0.2216633
272233	4877	0.2216633
272385	1281	0.2662181
272385	3	0.26621807
272385	102	0.26621807
272385	111	0.26621807
272385	210	0.26621807
272385	368	0.26621807
272385	480	0.26621807
272385	510	0.26621807
272385	714	0.26621807
272385	917	0.26621807
272395	1281	0.31374162
272395	974	0.3137416
272395	3	0.31374156
272395	443	0.31374156
272395	559	0.31374156
272395	714	0.31374156
272395	917	0.31374156
272395	992	0.31374156
272395	1101	0.31374156
272395	1259	0.31374156
272407	1281	0.3574887
272407	974	0.35748863
272407	1447	0.35748863
272407	1571	0.35748863
272407	1906	0.35748863
272407	2322	0.35748863
272407	2734	0.35748863
272407	3146	0.35748863
272407	3378	0.35748863
272407	4225	0.35748863
272423	1281	0.28454
272423	111	0.28453994
272423	974	0.28453994
272423	1445	0.28453994
272423	1447	0.28453994
272423	1571	0.28453994
272423	1906	0.28453994
272423	2615	0.28453994
272423	3146	0.28453994
272423	3557	0.28453994
272573	1281	0.35837865
272573	974	0.35837862
272573	1571	0.35837862
272573	2734	0.35837862
272573	4895	0.35837862
272573	3	0.3583786
272573	18	0.3583786
272573	22	0.3583786
272573	85	0.3583786
272573	111	0.3583786
272671	1281	0.24932052
272671	974	0.24932048
272671	1101	0.24932048
272671	1259	0.24932048
272671	1447	0.24932048
272671	1571	0.24932048
272671	2541	0.24932048
272671	2734	0.24932048
272671	4877	0.24932048
272671	6577	0.24932048
272705	1281	0.25633276
272705	974	0.25633273
272705	1447	0.25633273
272705	1571	0.25633273
272705	1906	0.25633273
272705	2734	0.25633273
272705	4644	0.25633273
272705	4877	0.25633273
272705	4895	0.25633273
272705	3	0.2563327
272715	1281	0.3520844
272715	974	0.35208437
272715	22	0.35208434
272715	85	0.35208434
272715	111	0.35208434
272715	210	0.35208434
272715	245	0.35208434
272715	252	0.35208434
272715	368	0.35208434
272715	443	0.35208434
272786	1281	0.3132063
272786	974	0.31320626
272786	1447	0.31320626
272786	3378	0.31320626
272786	4895	0.31320626
272786	5234	0.31320626
272786	5913	0.31320626
272786	510	0.31320623
272786	820	0.31320623
272786	1234	0.31320623
272810	1281	0.3500167
272810	5234	0.3500167
272810	974	0.35001668
272810	1447	0.35001668
272810	1571	0.35001668
272810	1906	0.35001668
272810	2734	0.35001668
272810	3146	0.35001668
272810	4225	0.35001668
272810	4895	0.35001668
272890	1281	0.23045775
272890	714	0.23045772
272890	974	0.23045772
272890	1334	0.23045772
272890	1447	0.23045772
272890	1571	0.23045772
272890	1906	0.23045772
272890	2708	0.23045772
272890	2734	0.23045772
272890	3146	0.23045772
272961	1281	0.22769463
272961	974	0.22769462
272961	1447	0.2276946
272961	1571	0.2276946
272961	2708	0.2276946
272961	2734	0.2276946
272961	3146	0.2276946
272961	3557	0.2276946
272961	4225	0.2276946
272961	4502	0.2276946
273063	974	0.30705896
273063	1281	0.30705896
273063	111	0.30705893
273063	245	0.30705893
273063	252	0.30705893
273063	294	0.30705893
273063	367	0.30705893
273063	368	0.30705893
273063	410	0.30705893
273063	443	0.30705893
273071	1281	0.2973428
273071	974	0.29734278
273071	1571	0.29734278
273071	1906	0.29734278
273071	2734	0.29734278
273071	3146	0.29734278
273071	3557	0.29734278
273071	4391	0.29734278
273071	5234	0.29734278
273071	714	0.29734275
273086	974	0.33627158
273086	1281	0.33627158
273086	2708	0.33627158
273086	2734	0.33627158
273086	3557	0.33627158
273086	4502	0.33627158
273086	5234	0.33627158
273086	5913	0.33627158
273086	6577	0.33627158
273086	252	0.33627155
273089	1281	0.31566492
273089	111	0.3156649
273089	443	0.3156649
273089	510	0.3156649
273089	714	0.3156649
273089	820	0.3156649
273089	836	0.3156649
273089	974	0.3156649
273089	1097	0.3156649
273089	1101	0.3156649
273110	974	0.32314932
273110	1281	0.32314932
273110	1447	0.3231493
273110	1571	0.3231493
273110	2734	0.3231493
273110	3146	0.3231493
273110	3557	0.3231493
273110	4895	0.3231493
273110	5913	0.3231493
273110	3	0.32314926
273113	1281	0.34780675
273113	68	0.3478067
273113	510	0.3478067
273113	714	0.3478067
273113	974	0.3478067
273113	1024	0.3478067
273113	1334	0.3478067
273113	1347	0.3478067
273113	1447	0.3478067
273113	1567	0.3478067
273167	1281	0.23789692
273167	974	0.23789689
273167	1571	0.23789689
273167	2734	0.23789689
273167	4644	0.23789689
273167	4877	0.23789689
273167	4895	0.23789689
273167	5234	0.23789689
273167	6577	0.23789689
273167	1234	0.23789687
273190	1281	0.3398554
273190	3	0.33985537
273190	410	0.33985537
273190	443	0.33985537
273190	510	0.33985537
273190	714	0.33985537
273190	737	0.33985537
273190	917	0.33985537
273190	974	0.33985537
273190	1101	0.33985537
273197	1281	0.35985655
273197	974	0.35985652
273197	368	0.3598565
273197	714	0.3598565
273197	917	0.3598565
273197	1334	0.3598565
273197	1447	0.3598565
273197	1571	0.3598565
273197	1906	0.3598565
273197	2137	0.3598565
273307	1281	0.2836094
273307	2734	0.28360936
273307	5913	0.28360936
273307	3	0.28360933
273307	22	0.28360933
273307	85	0.28360933
273307	111	0.28360933
273307	208	0.28360933
273307	294	0.28360933
273307	350	0.28360933
273318	974	0.30480224
273318	1281	0.30480224
273318	3	0.3048022
273318	1447	0.3048022
273318	1571	0.3048022
273318	1906	0.3048022
273318	2615	0.3048022
273318	2734	0.3048022
273318	3146	0.3048022
273318	3557	0.3048022
273336	1281	0.26776993
273336	2734	0.2677699
273336	85	0.26776987
273336	111	0.26776987
273336	130	0.26776987
273336	208	0.26776987
273336	245	0.26776987
273336	252	0.26776987
273336	294	0.26776987
273336	367	0.26776987
273344	1281	0.21258307
273344	974	0.21258305
273344	992	0.21258304
273344	1234	0.21258304
273344	1334	0.21258304
273344	1447	0.21258304
273344	1571	0.21258304
273344	1906	0.21258304
273344	2137	0.21258304
273344	2354	0.21258304
273440	1281	0.24002767
273440	974	0.24002765
273440	1445	0.24002764
273440	1447	0.24002764
273440	1571	0.24002764
273440	2708	0.24002764
273440	2734	0.24002764
273440	3146	0.24002764
273440	3557	0.24002764
273440	3567	0.24002764
273465	1281	0.25359225
273465	1447	0.25359222
273465	3	0.2535922
273465	18	0.2535922
273465	85	0.2535922
273465	111	0.2535922
273465	130	0.2535922
273465	210	0.2535922
273465	231	0.2535922
273465	294	0.2535922
273507	1281	0.26173443
273507	1447	0.2617344
273507	5913	0.2617344
273507	3	0.26173437
273507	22	0.26173437
273507	26	0.26173437
273507	68	0.26173437
273507	85	0.26173437
273507	102	0.26173437
273507	111	0.26173437
273535	1281	0.29518998
273535	3	0.29518992
273535	368	0.29518992
273535	407	0.29518992
273535	714	0.29518992
273535	917	0.29518992
273535	974	0.29518992
273535	992	0.29518992
273535	1447	0.29518992
273535	1567	0.29518992
273635	1281	0.23283844
273635	974	0.23283842
273635	1447	0.23283842
273635	1571	0.23283842
273635	4895	0.23283842
273635	5234	0.23283842
273635	1906	0.2328384
273635	2615	0.2328384
273635	2708	0.2328384
273635	2734	0.2328384
273718	974	0.21474227
273718	1281	0.21474227
273718	2734	0.21474227
273718	5234	0.21474227
273718	5913	0.21474227
273718	1447	0.21474226
273718	4895	0.21474226
273718	3	0.21474224
273718	68	0.21474224
273718	85	0.21474224
273805	1281	0.24071416
273805	974	0.24071413
273805	1571	0.24071413
273805	2734	0.24071413
273805	4895	0.24071413
273805	5913	0.24071413
273805	714	0.24071412
273805	1447	0.24071412
273805	1906	0.24071412
273805	2708	0.24071412
273813	1281	0.27507934
273813	974	0.2750793
273813	1571	0.2750793
273813	2734	0.2750793
273813	3557	0.2750793
273813	3590	0.2750793
273813	3863	0.2750793
273813	4502	0.2750793
273813	5234	0.2750793
273813	5913	0.2750793
273869	1281	0.25570112
273869	974	0.2557011
273869	1906	0.2557011
273869	2734	0.2557011
273869	3557	0.2557011
273869	3590	0.2557011
273869	5913	0.2557011
273869	3	0.25570107
273869	18	0.25570107
273869	22	0.25570107
273906	974	0.20612675
273906	1281	0.20612675
273906	5913	0.20612675
273906	1447	0.20612673
273906	1571	0.20612673
273906	1906	0.20612673
273906	2734	0.20612673
273906	3557	0.20612673
273906	4391	0.20612673
273906	4502	0.20612673
273976	1281	0.2882623
273976	1571	0.2882623
273976	974	0.28826228
273976	1447	0.28826228
273976	2734	0.28826228
273976	3146	0.28826228
273976	3557	0.28826228
273976	4391	0.28826228
273976	4531	0.28826228
273976	5234	0.28826228
273979	974	0.34228194
273979	1281	0.34228194
273979	1571	0.3422819
273979	1812	0.3422819
273979	2734	0.3422819
273979	3146	0.3422819
273979	4895	0.3422819
273979	5234	0.3422819
273979	5913	0.3422819
273979	3	0.34228188
274004	1281	0.38052332
274004	974	0.38052326
274004	1234	0.38052326
274004	1334	0.38052326
274004	1447	0.38052326
274004	1571	0.38052326
274004	1812	0.38052326
274004	1906	0.38052326
274004	2708	0.38052326
274004	2734	0.38052326
274056	1281	0.2522114
274056	974	0.25221136
274056	1906	0.25221136
274056	2734	0.25221136
274056	3146	0.25221136
274056	4644	0.25221136
274056	3	0.25221133
274056	22	0.25221133
274056	25	0.25221133
274056	68	0.25221133
274111	1281	0.3128907
274111	974	0.31289068
274111	1447	0.31289068
274111	2708	0.31289068
274111	4877	0.31289068
274111	5234	0.31289068
274111	5913	0.31289068
274111	6369	0.31289068
274111	3	0.31289065
274111	18	0.31289065
274199	1281	0.3373378
274199	974	0.33733773
274199	1234	0.33733773
274199	1447	0.33733773
274199	1571	0.33733773
274199	3557	0.33733773
274199	4644	0.33733773
274199	4877	0.33733773
274199	5234	0.33733773
274199	5913	0.33733773
274301	1281	0.39857358
274301	974	0.39857355
274301	1571	0.39857355
274301	2734	0.39857355
274301	85	0.39857352
274301	111	0.39857352
274301	252	0.39857352
274301	559	0.39857352
274301	636	0.39857352
274301	714	0.39857352
274308	974	0.3540169
274308	1281	0.3540169
274308	2734	0.3540169
274308	1447	0.35401687
274308	1571	0.35401687
274308	3557	0.35401687
274308	4531	0.35401687
274308	4764	0.35401687
274308	4877	0.35401687
274308	4895	0.35401687
274325	1281	0.3157225
274325	974	0.31572247
274325	1571	0.31572247
274325	480	0.31572244
274325	1334	0.31572244
274325	1447	0.31572244
274325	2077	0.31572244
274325	2541	0.31572244
274325	2615	0.31572244
274325	2708	0.31572244
274380	1281	0.21411711
274380	714	0.21411708
274380	974	0.21411708
274380	1571	0.21411708
274380	2708	0.21411708
274380	2734	0.21411708
274380	3146	0.21411708
274380	3557	0.21411708
274380	3728	0.21411708
274380	4225	0.21411708
274393	1281	0.22693552
274393	974	0.2269355
274393	1447	0.2269355
274393	1571	0.2269355
274393	1906	0.22693549
274393	2734	0.22693549
274393	4644	0.22693549
274393	4877	0.22693549
274393	5234	0.22693549
274393	3	0.22693548
274423	1281	0.31764263
274423	974	0.3176426
274423	111	0.31764257
274423	443	0.31764257
274423	714	0.31764257
274423	836	0.31764257
274423	992	0.31764257
274423	1097	0.31764257
274423	1101	0.31764257
274423	1334	0.31764257
274466	1281	0.21910569
274466	974	0.21910566
274466	1571	0.21910566
274466	2708	0.21910566
274466	2734	0.21910566
274466	3146	0.21910566
274466	4895	0.21910566
274466	5234	0.21910566
274466	6734	0.21910566
274466	992	0.21910565
274549	1281	0.25648543
274549	111	0.2564854
274549	974	0.2564854
274549	992	0.2564854
274549	1447	0.2564854
274549	1798	0.2564854
274549	1906	0.2564854
274549	2541	0.2564854
274549	2615	0.2564854
274549	3378	0.2564854
274618	1281	0.3380419
274618	3	0.33804184
274618	111	0.33804184
274618	210	0.33804184
274618	429	0.33804184
274618	668	0.33804184
274618	737	0.33804184
274618	974	0.33804184
274618	992	0.33804184
274618	1024	0.33804184
274634	1281	0.32426584
274634	974	0.32426578
274634	1234	0.32426578
274634	1447	0.32426578
274634	1571	0.32426578
274634	1906	0.32426578
274634	2734	0.32426578
274634	3146	0.32426578
274634	3557	0.32426578
274634	4502	0.32426578
274656	1281	0.3271108
274656	1571	0.3271108
274656	111	0.32711077
274656	252	0.32711077
274656	974	0.32711077
274656	1024	0.32711077
274656	1445	0.32711077
274656	1447	0.32711077
274656	1812	0.32711077
274656	1906	0.32711077
274808	1281	0.37041545
274808	974	0.3704154
274808	1447	0.3704154
274808	1571	0.3704154
274808	2541	0.3704154
274808	2734	0.3704154
274808	5234	0.3704154
274808	111	0.37041536
274808	1234	0.37041536
274808	1812	0.37041536
274881	1281	0.32747853
274881	974	0.3274785
274881	1447	0.3274785
274881	1571	0.3274785
274881	2734	0.3274785
274881	4877	0.3274785
274881	18	0.32747847
274881	25	0.32747847
274881	26	0.32747847
274881	68	0.32747847
274925	1281	0.28350553
274925	111	0.2835055
274925	368	0.2835055
274925	917	0.2835055
274925	974	0.2835055
274925	1101	0.2835055
274925	1334	0.2835055
274925	1447	0.2835055
274925	1571	0.2835055
274925	1906	0.2835055
274979	1281	0.21445073
274979	974	0.21445072
274979	2734	0.21445072
274979	1447	0.2144507
274979	1571	0.2144507
274979	2137	0.2144507
274979	4225	0.2144507
274979	4502	0.2144507
274979	4877	0.2144507
274979	4895	0.2144507
275020	1281	0.25739804
275020	714	0.257398
275020	1347	0.257398
275020	1447	0.257398
275020	1571	0.257398
275020	2541	0.257398
275020	2615	0.257398
275020	2734	0.257398
275020	3146	0.257398
275020	3557	0.257398
275075	1281	0.33923298
275075	111	0.33923292
275075	714	0.33923292
275075	974	0.33923292
275075	1234	0.33923292
275075	1334	0.33923292
275075	1447	0.33923292
275075	1571	0.33923292
275075	1812	0.33923292
275075	1906	0.33923292
275111	974	0.3022822
275111	1281	0.3022822
275111	1447	0.30228218
275111	1571	0.30228218
275111	2541	0.30228218
275111	6369	0.30228218
275111	6577	0.30228218
275111	22	0.30228215
275111	25	0.30228215
275111	68	0.30228215
275154	1281	0.2671249
275154	1571	0.26712486
275154	2734	0.26712486
275154	68	0.26712483
275154	111	0.26712483
275154	208	0.26712483
275154	231	0.26712483
275154	245	0.26712483
275154	252	0.26712483
275154	294	0.26712483
275210	974	0.36669964
275210	1281	0.36669964
275210	1571	0.3666996
275210	4895	0.3666996
275210	5913	0.3666996
275210	22	0.36669958
275210	85	0.36669958
275210	111	0.36669958
275210	210	0.36669958
275210	252	0.36669958
275220	1281	0.2014871
275220	974	0.20148708
275220	3	0.20148706
275220	368	0.20148706
275220	510	0.20148706
275220	992	0.20148706
275220	1347	0.20148706
275220	1447	0.20148706
275220	1571	0.20148706
275220	1611	0.20148706
275228	1281	0.2129035
275228	974	0.21290348
275228	1234	0.21290347
275228	1334	0.21290347
275228	1447	0.21290347
275228	1571	0.21290347
275228	1812	0.21290347
275228	2137	0.21290347
275228	2615	0.21290347
275228	2734	0.21290347
275264	974	0.4137392
275264	1281	0.4137392
275264	3	0.41373914
275264	368	0.41373914
275264	510	0.41373914
275264	1024	0.41373914
275264	1101	0.41373914
275264	1332	0.41373914
275264	1334	0.41373914
275264	1447	0.41373914
275306	1281	0.22982028
275306	974	0.22982025
275306	2734	0.22982025
275306	4895	0.22982025
275306	5234	0.22982025
275306	1447	0.22982024
275306	1571	0.22982024
275306	1906	0.22982024
275306	3146	0.22982024
275306	3557	0.22982024
275318	1281	0.28984642
275318	974	0.2898464
275318	2734	0.2898464
275318	3	0.28984636
275318	22	0.28984636
275318	68	0.28984636
275318	111	0.28984636
275318	210	0.28984636
275318	245	0.28984636
275318	252	0.28984636
275383	1281	0.30919516
275383	111	0.3091951
275383	974	0.3091951
275383	1447	0.3091951
275383	1571	0.3091951
275383	1906	0.3091951
275383	2708	0.3091951
275383	2734	0.3091951
275383	3146	0.3091951
275383	3557	0.3091951
275401	1281	0.2568612
275401	974	0.25686118
275401	22	0.25686115
275401	68	0.25686115
275401	85	0.25686115
275401	90	0.25686115
275401	111	0.25686115
275401	208	0.25686115
275401	210	0.25686115
275401	245	0.25686115
275439	1281	0.24269623
275439	974	0.2426962
275439	1571	0.2426962
275439	5234	0.2426962
275439	2734	0.24269618
275439	3146	0.24269618
275439	3557	0.24269618
275439	3	0.24269617
275439	68	0.24269617
275439	85	0.24269617
275476	1281	0.24869974
275476	974	0.24869971
275476	1571	0.24869971
275476	2734	0.24869971
275476	4225	0.24869971
275476	4502	0.24869971
275476	4877	0.24869971
275476	4895	0.24869971
275476	5234	0.24869971
275476	111	0.2486997
275481	1281	0.24162123
275481	974	0.2416212
275481	3146	0.2416212
275481	5234	0.2416212
275481	5913	0.2416212
275481	1447	0.24162118
275481	1571	0.24162118
275481	2734	0.24162118
275481	3557	0.24162118
275481	4644	0.24162118
275520	1281	0.26600882
275520	3	0.2660088
275520	210	0.2660088
275520	252	0.2660088
275520	510	0.2660088
275520	714	0.2660088
275520	974	0.2660088
275520	992	0.2660088
275520	1234	0.2660088
275520	1241	0.2660088
275611	1281	0.22192101
275611	2734	0.221921
275611	4895	0.221921
275611	974	0.22192098
275611	1447	0.22192098
275611	1571	0.22192098
275611	3146	0.22192098
275611	3557	0.22192098
275611	4225	0.22192098
275611	4502	0.22192098
275638	1281	0.2940719
275638	974	0.29407188
275638	1447	0.29407188
275638	1571	0.29407188
275638	4877	0.29407188
275638	5234	0.29407188
275638	3	0.29407185
275638	18	0.29407185
275638	68	0.29407185
275638	85	0.29407185
275673	974	0.2689132
275673	1281	0.2689132
275673	4895	0.2689132
275673	3	0.26891318
275673	1571	0.26891318
275673	1906	0.26891318
275673	2734	0.26891318
275673	3146	0.26891318
275673	3557	0.26891318
275673	3863	0.26891318
275732	1281	0.2255622
275732	974	0.22556219
275732	1571	0.22556217
275732	2708	0.22556217
275732	4877	0.22556217
275732	4895	0.22556217
275732	5234	0.22556217
275732	5913	0.22556217
275732	111	0.22556216
275732	210	0.22556216
275758	1281	0.19793981
275758	111	0.19793978
275758	974	0.19793978
275758	1334	0.19793978
275758	1447	0.19793978
275758	1571	0.19793978
275758	1812	0.19793978
275758	2077	0.19793978
275758	2137	0.19793978
275758	2354	0.19793978
275761	1281	0.25678167
275761	974	0.25678164
275761	2734	0.25678164
275761	5234	0.25678164
275761	714	0.2567816
275761	992	0.2567816
275761	1334	0.2567816
275761	1447	0.2567816
275761	1571	0.2567816
275761	1812	0.2567816
275922	1281	0.23664346
275922	974	0.23664343
275922	2734	0.23664343
275922	1447	0.23664342
275922	1571	0.23664342
275922	3146	0.23664342
275922	3557	0.23664342
275922	4225	0.23664342
275922	4502	0.23664342
275922	4877	0.23664342
275970	1281	0.3383574
275970	974	0.33835736
275970	1571	0.33835736
275970	2734	0.33835736
275970	3557	0.33835736
275970	5913	0.33835736
275970	3	0.33835733
275970	85	0.33835733
275970	90	0.33835733
275970	111	0.33835733
275994	1281	0.26567203
275994	2734	0.265672
275994	3	0.26567197
275994	68	0.26567197
275994	85	0.26567197
275994	102	0.26567197
275994	252	0.26567197
275994	368	0.26567197
275994	443	0.26567197
275994	559	0.26567197
276017	1281	0.30951446
276017	974	0.30951443
276017	1571	0.30951443
276017	2734	0.30951443
276017	3378	0.30951443
276017	4877	0.30951443
276017	4895	0.30951443
276017	5234	0.30951443
276017	5913	0.30951443
276017	3	0.3095144
276038	1281	0.26867956
276038	974	0.26867953
276038	1447	0.26867953
276038	1571	0.26867953
276038	2615	0.26867953
276038	2708	0.26867953
276038	2734	0.26867953
276038	3557	0.26867953
276038	4502	0.26867953
276038	4531	0.26867953
276050	1281	0.38845745
276050	974	0.38845742
276050	1447	0.38845742
276050	1571	0.38845742
276050	1906	0.38845742
276050	2541	0.38845742
276050	2734	0.38845742
276050	3146	0.38845742
276050	3365	0.38845742
276050	3557	0.38845742
276071	974	0.31948143
276071	1281	0.31948143
276071	1571	0.31948143
276071	1447	0.3194814
276071	2734	0.3194814
276071	4859	0.3194814
276071	4877	0.3194814
276071	4895	0.3194814
276071	5913	0.3194814
276071	6369	0.3194814
276165	1281	0.32053363
276165	974	0.3205336
276165	714	0.32053357
276165	1024	0.32053357
276165	1447	0.32053357
276165	1571	0.32053357
276165	1812	0.32053357
276165	1906	0.32053357
276165	2615	0.32053357
276165	2734	0.32053357
276167	1281	0.24981919
276167	3146	0.24981917
276167	974	0.24981916
276167	1447	0.24981916
276167	1571	0.24981916
276167	1906	0.24981916
276167	3378	0.24981916
276167	5234	0.24981916
276167	245	0.24981914
276167	368	0.24981914
276231	1281	0.34525198
276231	974	0.34525195
276231	3	0.34525192
276231	111	0.34525192
276231	245	0.34525192
276231	294	0.34525192
276231	368	0.34525192
276231	412	0.34525192
276231	443	0.34525192
276231	480	0.34525192
276291	974	0.27516365
276291	1281	0.27516365
276291	1906	0.27516362
276291	4391	0.27516362
276291	4895	0.27516362
276291	3	0.2751636
276291	22	0.2751636
276291	25	0.2751636
276291	68	0.2751636
276291	85	0.2751636
276307	1281	0.35522866
276307	974	0.35522863
276307	1571	0.35522863
276307	2734	0.35522863
276307	3557	0.35522863
276307	5234	0.35522863
276307	5913	0.35522863
276307	3	0.3552286
276307	68	0.3552286
276307	85	0.3552286
276313	1281	0.23061225
276313	974	0.23061222
276313	1447	0.23061222
276313	1571	0.23061222
276313	1906	0.23061222
276313	2541	0.23061222
276313	2734	0.23061222
276313	3146	0.23061222
276313	3557	0.23061222
276313	3863	0.23061222
276328	1281	0.26357138
276328	974	0.26357135
276328	2734	0.26357135
276328	3557	0.26357135
276328	3863	0.26357135
276328	5234	0.26357135
276328	3	0.26357132
276328	22	0.26357132
276328	68	0.26357132
276328	78	0.26357132
276463	1281	0.39133152
276463	974	0.3913315
276463	2734	0.3913315
276463	1447	0.39133146
276463	1571	0.39133146
276463	1812	0.39133146
276463	2541	0.39133146
276463	2708	0.39133146
276463	3146	0.39133146
276463	3378	0.39133146
276521	1281	0.29431745
276521	974	0.29431742
276521	1571	0.29431742
276521	2734	0.29431742
276521	3146	0.29431742
276521	3557	0.29431742
276521	4895	0.29431742
276521	1334	0.2943174
276521	1447	0.2943174
276521	2615	0.2943174
276563	1281	0.2134704
276563	974	0.21347037
276563	1447	0.21347037
276563	1571	0.21347037
276563	5234	0.21347037
276563	1906	0.21347035
276563	2734	0.21347035
276563	3557	0.21347035
276563	3567	0.21347035
276563	4391	0.21347035
276641	1281	0.34185964
276641	974	0.3418596
276641	3557	0.3418596
276641	4225	0.3418596
276641	5913	0.3418596
276641	3	0.34185958
276641	22	0.34185958
276641	68	0.34185958
276641	85	0.34185958
276641	111	0.34185958
276670	1281	0.30306923
276670	974	0.3030692
276670	1447	0.3030692
276670	4877	0.3030692
276670	4895	0.3030692
276670	5234	0.3030692
276670	3	0.30306917
276670	22	0.30306917
276670	68	0.30306917
276670	85	0.30306917
276680	1281	0.42069095
276680	974	0.4206909
276680	1447	0.4206909
276680	1571	0.4206909
276680	2615	0.4206909
276680	2708	0.4206909
276680	2734	0.4206909
276680	3146	0.4206909
276680	3557	0.4206909
276680	4225	0.4206909
276681	974	0.34682405
276681	1281	0.34682405
276681	1571	0.34682405
276681	2734	0.34682405
276681	4877	0.34682405
276681	4895	0.34682405
276681	5234	0.34682405
276681	368	0.34682402
276681	714	0.34682402
276681	1234	0.34682402
276688	1281	0.31097612
276688	974	0.3109761
276688	1571	0.3109761
276688	2734	0.3109761
276688	3557	0.3109761
276688	5234	0.3109761
276688	1447	0.31097606
276688	1812	0.31097606
276688	1906	0.31097606
276688	2137	0.31097606
