276847	6374	0.11142059
276847	6375	0.1084872
276847	4097	0.10718497
276847	369	0.107184954
276847	868	0.10690517
276847	3270	0.106214315
276847	998	0.104273655
276847	2264	0.10294936
276847	919	0.102822654
276847	5861	0.10282258
276964	6434	0.09737845
276964	852	0.09737843
276964	6635	0.09737842
276964	5123	0.0973784
276964	5977	0.0973784
276964	4280	0.09737839
276964	480	0.09729107
276964	3403	0.09729107
276964	6192	0.09729107
276964	4909	0.09729106
277042	2121	0.10411522
277042	4163	0.10411522
277042	4304	0.10411521
277042	2732	0.1041152
277042	3712	0.104115196
277042	1447	0.10411519
277042	1690	0.10411519
277042	2279	0.10411519
277042	4152	0.10411519
277042	5381	0.10411519
277157	4228	0.12694223
277157	2034	0.12694222
277157	3353	0.12694222
277157	4012	0.12694222
277157	4685	0.12694222
277157	311	0.1269422
277157	770	0.1269422
277157	1840	0.1269422
277157	3063	0.1269422
277157	3552	0.1269422
277195	110	0.1179436
277195	6043	0.1179436
277195	6765	0.1179436
277195	1752	0.11794359
277195	700	0.117943585
277195	2569	0.117943585
277195	2640	0.117943585
277195	3469	0.117943585
277195	5034	0.117943585
277195	6326	0.117943585
277203	2956	0.1270284
277203	749	0.12702839
277203	2268	0.12702839
277203	655	0.12702838
277203	2957	0.12702838
277203	3575	0.12702838
277203	4779	0.12702838
277203	6244	0.12702838
277203	2611	0.12702836
277203	2815	0.12702836
277378	2030	0.105048314
277378	1111	0.1050483
277378	6727	0.105048284
277378	5085	0.10504828
277378	2421	0.1035011
277378	2911	0.1035011
277378	4627	0.10350109
277378	1844	0.10350108
277378	2384	0.10350106
277378	6167	0.10350105
277427	1957	0.099023804
277427	701	0.0990238
277427	6652	0.0990238
277427	1513	0.09902379
277427	5954	0.09890284
277427	3094	0.09890282
277427	3943	0.098902814
277427	4548	0.09890281
277427	4994	0.09890279
277427	5461	0.09884119
277439	4228	0.10635331
277439	770	0.1063533
277439	1840	0.1063533
277439	2034	0.1063533
277439	3353	0.1063533
277439	3552	0.1063533
277439	4012	0.1063533
277439	4685	0.1063533
277439	311	0.10635329
277439	2726	0.10635329
277478	1034	0.10003805
277478	463	0.100038044
277478	1031	0.100038044
277478	6346	0.100038044
277478	2307	0.10003804
277478	2923	0.10003804
277478	4896	0.10003804
277478	5036	0.10003804
277478	5154	0.10003804
277478	5694	0.10003804
277523	4884	0.1322585
277523	1531	0.13225849
277523	5648	0.13225849
277523	4799	0.13225847
277523	5146	0.13225847
277523	2551	0.13225846
277523	4329	0.13225846
277523	4650	0.13225846
277523	4979	0.13225846
277523	3741	0.13225845
277623	1731	0.12526807
277623	744	0.12526806
277623	1709	0.12526806
277623	2983	0.12526806
277623	3366	0.12526806
277623	4197	0.12526806
277623	100	0.12526804
277623	193	0.12526804
277623	313	0.12526804
277623	567	0.12526804
277629	3327	0.12827542
277629	4835	0.12827541
277629	253	0.1282754
277629	294	0.1282754
277629	2278	0.1282754
277629	4133	0.1282754
277629	4154	0.1282754
277629	4239	0.1282754
277629	4920	0.1282754
277629	5046	0.1282754
277639	3184	0.123719856
277639	1589	0.12371984
277639	4538	0.12371984
277639	4114	0.123719834
277639	380	0.12371983
277639	4812	0.12371983
277639	6151	0.12371983
277639	1063	0.12371982
277639	5064	0.12371982
277639	5361	0.12371982
277710	4228	0.113529146
277710	1840	0.11352912
277710	3353	0.11352912
277710	4012	0.11352912
277710	770	0.113529116
277710	2034	0.113529116
277710	3552	0.113529116
277710	4225	0.113529116
277710	4685	0.113529116
277710	24	0.11352911
277744	3780	0.103456736
277744	1908	0.10345673
277744	800	0.10345672
277744	2216	0.10345672
277744	3942	0.10345672
277744	2210	0.10345671
277744	6559	0.10345671
277744	2217	0.103456706
277744	4569	0.103456706
277744	5111	0.103456706
277873	2782	0.10688785
277873	1398	0.10688782
277873	1541	0.10688782
277873	1616	0.10688782
277873	2176	0.10688782
277873	3559	0.10688782
277873	5372	0.10688782
277873	5688	0.10688782
277873	672	0.10688781
277873	1095	0.10688781
277922	3327	0.10936137
277922	4154	0.10936135
277922	4835	0.10936135
277922	83	0.109361336
277922	253	0.109361336
277922	294	0.109361336
277922	1852	0.109361336
277922	2278	0.109361336
277922	4133	0.109361336
277922	4239	0.109361336
277928	721	0.13826725
277928	1830	0.13826725
277928	1943	0.13826725
277928	5052	0.13826725
277928	6540	0.13826725
277928	6708	0.13826725
277928	3439	0.13826722
277928	3533	0.13826722
277928	4746	0.13826722
277928	5995	0.13826722
277937	6716	0.10346897
277937	157	0.103468955
277937	1259	0.103468955
277937	1533	0.103468955
277937	6550	0.103468955
277937	182	0.10346895
277937	879	0.10346895
277937	1249	0.10346895
277937	2742	0.10346895
277937	1393	0.10346894
277945	3222	0.11779341
277945	367	0.117793374
277945	5006	0.117793374
277945	544	0.11779335
277945	764	0.117793344
277945	1877	0.11779333
277945	829	0.11734661
277945	2241	0.11734661
277945	1888	0.1173466
277945	4115	0.1173466
277959	118	0.10286912
277959	184	0.10286912
277959	1667	0.10286911
277959	4704	0.10286911
277959	5817	0.10286911
277959	6684	0.10286911
277959	6814	0.10286911
277959	1506	0.1028691
277959	5992	0.1028691
277959	540	0.10286909
277965	1440	0.092612416
277965	4202	0.092612416
277965	2090	0.0926124
277965	3697	0.0926124
277965	1087	0.09261239
277965	4468	0.092612386
277965	4757	0.092612386
277965	5220	0.092612386
277965	5613	0.092612386
277965	5675	0.092612386
278007	211	0.097990416
278007	4385	0.0979904
278007	2522	0.097990364
278007	3474	0.09795278
278007	4659	0.09795278
278007	2434	0.09795277
278007	4402	0.09795277
278007	6073	0.09795277
278007	5148	0.09795271
278007	2378	0.09747907
278026	2134	0.110694245
278026	531	0.11069423
278026	1307	0.11069422
278026	3303	0.110694215
278026	5887	0.110694215
278026	545	0.11069421
278026	1720	0.11069421
278026	3051	0.11069421
278026	4214	0.11069421
278026	5422	0.11069421
278137	133	0.11838405
278137	2014	0.11838405
278137	622	0.118384026
278137	473	0.11838402
278137	3048	0.11838401
278137	660	0.118384
278137	3064	0.118384
278137	6383	0.118384
278137	668	0.118383996
278137	1044	0.118383996
278188	3710	0.11498801
278188	326	0.114988
278188	546	0.114988
278188	648	0.114988
278188	733	0.114988
278188	4907	0.114988
278188	5150	0.114988
278188	5315	0.114988
278188	5333	0.114988
278188	6763	0.114988
278194	696	0.096032724
278194	2504	0.096032724
278194	61	0.09603271
278194	410	0.09603271
278194	635	0.09603271
278194	1550	0.09603271
278194	1578	0.09603271
278194	4791	0.09603271
278194	5227	0.09603271
278194	964	0.0960327
278202	2134	0.116027154
278202	531	0.11602713
278202	1307	0.11602713
278202	3051	0.11602713
278202	3303	0.11602713
278202	5422	0.11602713
278202	4276	0.116027124
278202	5887	0.116027124
278202	545	0.11602712
278202	1720	0.11602712
278221	2134	0.12308895
278221	531	0.12308894
278221	1307	0.12308894
278221	5422	0.12308893
278221	545	0.123088926
278221	3303	0.123088926
278221	4214	0.123088926
278221	5887	0.123088926
278221	3051	0.12308892
278221	1720	0.12308891
278356	696	0.09791128
278356	61	0.09791127
278356	410	0.09791127
278356	1550	0.09791127
278356	1578	0.09791127
278356	2504	0.09791127
278356	4187	0.09791127
278356	964	0.09791126
278356	5227	0.09791126
278356	5250	0.09791126
278390	1303	0.11979072
278390	2357	0.11979072
278390	4703	0.11979072
278390	5792	0.11979071
278390	1873	0.1197907
278390	2549	0.1197907
278390	1763	0.11979069
278390	3534	0.11979069
278390	3724	0.11979069
278390	4431	0.11979069
278418	871	0.11609788
278418	2508	0.116097875
278418	3662	0.11609787
278418	6515	0.11609787
278418	2675	0.11609786
278418	1797	0.116097845
278418	2107	0.11579971
278418	1602	0.115799695
278418	3564	0.115799695
278418	3198	0.115799665
278535	733	0.10084893
278535	1618	0.10084892
278535	3647	0.10084892
278535	4968	0.10084892
278535	5150	0.10084892
278535	5333	0.10084892
278535	259	0.10084891
278535	546	0.10084891
278535	648	0.10084891
278535	944	0.10084891
278554	748	0.10664703
278554	3765	0.10664703
278554	4950	0.10664703
278554	6331	0.10664703
278554	6440	0.10664703
278554	788	0.10664702
278554	2796	0.10664702
278554	4558	0.10664702
278554	5390	0.10664702
278554	1425	0.106647015
278582	4695	0.1110292
278582	6763	0.1110292
278582	326	0.11102919
278582	546	0.11102919
278582	648	0.11102919
278582	733	0.11102919
278582	944	0.11102919
278582	1618	0.11102919
278582	1823	0.11102919
278582	1833	0.11102919
278633	2782	0.11849911
278633	1541	0.118499085
278633	3559	0.118499085
278633	1398	0.11849908
278633	1616	0.11849908
278633	5469	0.11849908
278633	672	0.11849907
278633	2176	0.11849907
278633	5372	0.11849907
278633	6490	0.11849907
278843	6671	0.111803405
278843	2649	0.11180335
278843	2655	0.11180335
278843	716	0.11180334
278843	99	0.11180333
278843	5178	0.11180331
278843	1910	0.111691155
278843	1819	0.11169115
278843	1999	0.11169115
278843	2976	0.11169115
99	169	0.097660854
99	170	0.097660854
99	611	0.09766085
99	1707	0.09766084
99	6759	0.09766084
99	1446	0.09766083
99	7	0.097660825
99	884	0.097660825
99	1612	0.097660825
99	2398	0.097660825
114	346	0.1287727
114	4014	0.1287727
114	320	0.12877269
114	3350	0.12877269
114	3743	0.12877269
114	159	0.12877268
114	177	0.12877268
114	179	0.12877268
114	180	0.12877268
114	236	0.12877268
243	2934	0.09029497
243	896	0.090294965
243	976	0.090294965
243	3740	0.09029495
243	3783	0.09029495
243	1660	0.09029494
243	5557	0.09029494
243	5594	0.09029494
243	1653	0.090294935
243	2989	0.09029493
244	3396	0.10593174
244	5371	0.10593172
244	2951	0.105931714
244	6605	0.105931714
244	2004	0.10593171
244	6825	0.10593171
244	4259	0.1059317
244	1301	0.10593169
244	1247	0.105931684
244	3243	0.105931684
254	3225	0.117869064
254	2810	0.11786905
254	117	0.117869034
254	3403	0.117788576
254	4909	0.11778857
254	6192	0.11778856
254	382	0.117788546
254	1037	0.11778854
254	6263	0.11778854
254	6910	0.11778854
388	696	0.108447134
388	2504	0.10844713
388	61	0.10844712
388	410	0.10844712
388	1550	0.10844712
388	1578	0.10844712
388	4188	0.10844711
388	240	0.108447105
388	446	0.108447105
388	635	0.108447105
446	3503	0.112280354
446	6215	0.11228035
446	3297	0.11228034
446	3636	0.112280324
446	5293	0.112280324
446	4118	0.11228031
446	4632	0.11228031
446	6345	0.11228031
446	248	0.1122803
446	549	0.1122803
503	3402	0.11936402
503	1857	0.11936401
503	718	0.119364
503	3223	0.11936399
503	3985	0.11936399
503	5486	0.119363986
503	5406	0.11936398
503	5926	0.11936398
503	6508	0.11936398
503	2192	0.11936396
505	2782	0.10087398
505	3559	0.10087396
505	1398	0.10087395
505	1541	0.10087395
505	1616	0.10087395
505	2356	0.10087395
505	5469	0.10087395
505	672	0.10087394
505	1816	0.10087394
505	2176	0.10087394
507	1089	0.10606046
507	1812	0.10606046
507	5043	0.10606046
507	690	0.106060445
507	1781	0.106060445
507	1872	0.106060445
507	5448	0.106060445
507	5485	0.106060445
507	560	0.10606044
507	2374	0.10606044
638	1892	0.09236249
638	1856	0.09236248
638	206	0.09236246
638	1261	0.092362456
638	794	0.09236245
638	1376	0.09236245
638	1714	0.09236245
638	3775	0.09236245
638	4905	0.09236245
638	5080	0.09236245
643	1287	0.11777801
643	726	0.117778
643	4814	0.117777996
643	1676	0.11777799
643	1704	0.11777799
643	5087	0.11777799
643	5565	0.11777799
643	5617	0.11777798
643	842	0.11777797
643	1157	0.11777797
651	1356	0.11201073
651	6111	0.112010725
651	6443	0.112010725
651	4707	0.11201071
651	5674	0.1120107
651	2152	0.11201069
651	4281	0.112010665
651	4668	0.111015216
651	5099	0.111015216
651	6735	0.111015216
709	5969	0.09704038
709	374	0.09704037
709	1931	0.09704037
709	2437	0.09704037
709	6288	0.09704037
709	6350	0.09704037
709	116	0.097040355
709	4764	0.097040355
709	6539	0.097040355
709	2312	0.09704035
735	3882	0.11326617
735	381	0.113266155
735	444	0.113266155
735	6335	0.11326614
735	6590	0.11326614
735	2788	0.11326613
735	165	0.113266125
735	1182	0.113266125
735	2235	0.113266125
735	3015	0.113266125
805	110	0.09845088
805	6326	0.09845087
805	6676	0.09845087
805	6765	0.09845087
805	1752	0.09845086
805	2569	0.09845086
805	2640	0.09845086
805	6043	0.09845086
805	700	0.098450854
805	1144	0.098450854
834	5984	0.10869272
834	5482	0.10869269
834	3426	0.10869268
834	6287	0.10869268
834	5200	0.10869267
834	1108	0.10869266
834	3886	0.10869266
834	3915	0.10869266
834	4085	0.10869266
834	4439	0.10869266
882	2207	0.101331145
882	188	0.10133113
882	1639	0.10133113
882	3394	0.10133113
882	5975	0.10133112
882	801	0.101331115
882	913	0.101331115
882	1062	0.101331115
882	2143	0.101331115
882	2654	0.101331115
929	714	0.11130789
929	3946	0.11130789
929	2322	0.111307874
929	4189	0.111307874
929	6012	0.111307874
929	2821	0.11130787
929	4665	0.11130787
929	5025	0.11130787
929	5662	0.11130787
929	1903	0.11130786
1025	858	0.12595688
1025	2463	0.12595688
1025	6057	0.12595688
1025	1641	0.12595686
1025	1643	0.12595686
1025	3657	0.12595686
1025	3856	0.12595686
1025	4493	0.12595686
1025	4524	0.12595686
1025	6055	0.12595686
1075	696	0.094932176
1075	2504	0.09493217
1075	61	0.09493216
1075	410	0.09493216
1075	1550	0.09493216
1075	1578	0.09493216
1075	448	0.094932154
1075	964	0.094932154
1075	1774	0.094932154
1075	3329	0.094932154
1116	5924	0.11803476
1116	166	0.118013084
1116	2276	0.11801308
1116	5302	0.11780352
1116	3571	0.117535084
1116	2098	0.11730385
1116	6151	0.11691363
1116	3184	0.116913624
1116	4538	0.11691362
1116	1589	0.11691361
1129	5121	0.103311494
1129	815	0.10331145
1129	1951	0.10331144
1129	1444	0.10319172
1129	6316	0.10319172
1129	4874	0.1031917
1129	5505	0.1031917
1129	5916	0.1031917
1129	6785	0.1031917
1129	2579	0.103191696
1131	2782	0.10520704
1131	3559	0.105207026
1131	1398	0.10520702
1131	1541	0.10520702
1131	1616	0.10520702
1131	5372	0.10520702
1131	672	0.10520701
1131	2176	0.10520701
1131	2356	0.10520701
1131	2907	0.10520701
1155	6779	0.101394825
1155	1926	0.1013948
1155	6784	0.1013948
1155	727	0.10139479
1155	1028	0.10139479
1155	4350	0.10139478
1155	4269	0.10139477
1155	3477	0.10139476
1155	5526	0.10139476
1155	5778	0.10139476
1167	6034	0.091726795
1167	6148	0.09172679
1167	6860	0.0914657
1167	2064	0.09126541
1167	3336	0.09126541
1167	5793	0.09126541
1167	1782	0.091265395
1167	4305	0.091265395
1167	258	0.09126538
1167	317	0.09126538
1211	1034	0.12502493
1211	6346	0.12502493
1211	463	0.12502491
1211	1031	0.12502491
1211	2008	0.12502491
1211	2307	0.12502491
1211	2923	0.12502491
1211	3796	0.12502491
1211	3997	0.12502491
1211	5126	0.12502491
1261	2782	0.09092654
1261	1398	0.09092653
1261	1541	0.09092653
1261	3559	0.09092653
1261	4610	0.09092653
1261	672	0.09092652
1261	993	0.09092652
1261	1816	0.09092652
1261	2889	0.09092652
1261	234	0.09092651
1409	3253	0.11174892
1409	4204	0.11174892
1409	3853	0.11174891
1409	579	0.111748904
1409	2305	0.111748904
1409	2483	0.111748904
1409	3294	0.111748904
1409	6751	0.111748904
1409	757	0.1117489
1409	3938	0.1117489
1412	1812	0.09991199
1412	5043	0.09991199
1412	5448	0.09991198
1412	988	0.09991197
1412	1089	0.09991197
1412	1596	0.09991197
1412	1781	0.09991197
1412	4737	0.09991197
1412	5485	0.09991197
1412	5537	0.09991197
1424	1892	0.09864348
1424	206	0.09864347
1424	1856	0.09864347
1424	794	0.09864346
1424	1261	0.09864346
1424	1714	0.09864346
1424	1376	0.09864345
1424	3775	0.09864345
1424	5080	0.09864345
1424	4905	0.098643444
1435	2249	0.088830605
1435	5455	0.088830605
1435	5660	0.088830605
1435	5668	0.08883059
1435	360	0.088830575
1435	5952	0.088830575
1435	4844	0.088683896
1435	4452	0.08868389
1435	4547	0.08868389
1435	1950	0.08868388
1548	2752	0.11243659
1548	3018	0.112436585
1548	2803	0.11243658
1548	3916	0.11243658
1548	4293	0.11243658
1548	5558	0.11243658
1548	6341	0.11243658
1548	628	0.11243657
1548	3978	0.11243657
1548	4403	0.11243657
1585	1855	0.12977302
1585	346	0.129773
1585	177	0.12977299
1585	320	0.12977299
1585	755	0.12977299
1585	1090	0.12977299
1585	1629	0.12977299
1585	1874	0.12977299
1585	2339	0.12977299
1585	2575	0.12977299
1660	3327	0.10709573
1660	294	0.10709572
1660	2278	0.10709572
1660	4835	0.10709572
1660	83	0.10709571
1660	4154	0.10709571
1660	5219	0.10709571
1660	174	0.1070957
1660	1852	0.1070957
1660	2035	0.1070957
1674	574	0.10071221
1674	6783	0.10071221
1674	5327	0.100712195
1674	4629	0.10071219
1674	816	0.10071218
1674	1723	0.10071218
1674	1944	0.10071218
1674	4044	0.10071218
1674	1495	0.10071217
1674	2409	0.10071217
1733	4969	0.12471959
1733	5896	0.124719575
1733	4323	0.12471956
1733	290	0.12461145
1733	4204	0.12388082
1733	3253	0.12388081
1733	579	0.1238808
1733	3853	0.1238808
1733	5766	0.123880796
1733	2305	0.12388079
1848	6430	0.109593004
1848	3271	0.109592974
1848	5020	0.109592944
1848	5716	0.109592944
1848	6731	0.10959293
1848	3039	0.108643934
1848	485	0.10864393
1848	2214	0.10864393
1848	2292	0.10864393
1848	5163	0.10864393
1903	110	0.11049719
1903	1752	0.11049719
1903	2640	0.11049719
1903	6043	0.11049719
1903	6765	0.11049719
1903	700	0.110497184
1903	2569	0.11049718
1903	3469	0.11049718
1903	5034	0.11049718
1903	5572	0.11049718
2010	1743	0.11011978
2010	705	0.110119775
2010	3624	0.110119775
2010	5632	0.110119775
2010	298	0.11011977
2010	2696	0.11011977
2010	3745	0.11011977
2010	4334	0.11011977
2010	422	0.11011976
2010	504	0.11011976
2012	1269	0.09257047
2012	3877	0.09257046
2012	5294	0.09257046
2012	2511	0.092570454
2012	4882	0.09257045
2012	31	0.092570424
2012	2047	0.092570424
2012	3052	0.092570424
2012	5783	0.09210482
2012	3220	0.09210479
2030	110	0.11208143
2030	6043	0.11208143
2030	2640	0.11208142
2030	6676	0.11208142
2030	6765	0.11208142
2030	1144	0.112081416
2030	1752	0.112081416
2030	4720	0.112081416
2030	5572	0.112081416
2030	6326	0.112081416
2033	1963	0.14834887
2033	5499	0.14834887
2033	6920	0.14834887
2033	551	0.14834885
2033	1547	0.14834885
2033	8	0.14834884
2033	580	0.14834884
2033	625	0.14834884
2033	1128	0.14834884
2033	2155	0.14834884
2041	2045	0.11312893
2041	3922	0.11312893
2041	2377	0.11312892
2041	3555	0.11312892
2041	3611	0.11312892
2041	4716	0.113128915
2041	5743	0.113128915
2041	3374	0.11312891
2041	3441	0.11312891
2041	535	0.1131289
2110	3608	0.16485682
2110	4043	0.16485679
2110	5928	0.16485679
2110	6159	0.16485679
2110	2566	0.16485676
2110	3379	0.16485676
2110	3990	0.16485676
2110	5274	0.16485676
2110	5496	0.16485676
2110	2076	0.16485675
2139	326	0.11858031
2139	546	0.11858031
2139	648	0.11858031
2139	733	0.11858031
2139	1668	0.11858031
2139	3647	0.11858031
2139	5150	0.11858031
2139	5333	0.11858031
2139	6763	0.11858031
2139	259	0.118580304
2179	72	0.106280416
2179	523	0.106280416
2179	5856	0.10628041
2179	812	0.1062804
2179	2509	0.1062804
2179	3727	0.1062804
2179	4620	0.1062804
2179	6237	0.1062804
2179	6756	0.1062804
2179	2882	0.106280394
2287	170	0.08751493
2287	7	0.08751491
2287	169	0.08751491
2287	611	0.08751491
2287	1707	0.0875149
2287	3221	0.0875149
2287	5362	0.0875149
2287	6759	0.0875149
2287	884	0.08751489
2287	1446	0.08751489
2288	3327	0.103655614
2288	4154	0.10365559
2288	4835	0.10365559
2288	83	0.103655584
2288	2278	0.103655584
2288	4920	0.103655584
2288	5046	0.103655584
2288	5219	0.103655584
2288	6502	0.103655584
2288	163	0.10365558
2313	1812	0.10817966
2313	5043	0.10817966
2313	5448	0.10817966
2313	690	0.108179644
2313	1089	0.108179644
2313	1596	0.108179644
2313	5485	0.108179644
2313	5537	0.108179644
2313	1872	0.10817964
2313	988	0.10817963
2337	2867	0.10202429
2337	4501	0.102024265
2337	2513	0.10202426
2337	5254	0.10202426
2337	274	0.10088121
2337	434	0.10088121
2337	3318	0.10088119
2337	4840	0.10051967
2337	338	0.100519665
2337	5517	0.10051966
2358	1034	0.11028895
2358	463	0.11028893
2358	1031	0.11028893
2358	2307	0.11028893
2358	6346	0.11028893
2358	4498	0.110288925
2358	6061	0.110288925
2358	6099	0.110288925
2358	6452	0.110288925
2358	354	0.11028892
2399	6346	0.1123102
2399	463	0.112310186
2399	1031	0.112310186
2399	1034	0.112310186
2399	3997	0.112310186
2399	4687	0.112310186
2399	2008	0.11231018
2399	1787	0.11231017
2399	1869	0.11231017
2399	2286	0.11231017
2766	1817	0.08941343
2766	4731	0.08941341
2766	2883	0.089413404
2766	1259	0.08904632
2766	6716	0.089046314
2766	50	0.0890463
2766	182	0.0890463
2766	2742	0.0890463
2766	2919	0.0890463
2766	4248	0.0890463
2891	3402	0.11218324
2891	718	0.11218323
2891	1857	0.11218323
2891	496	0.11218322
2891	3223	0.11218321
2891	3985	0.11218321
2891	5406	0.11218321
2891	5486	0.11218321
2891	5926	0.112183206
2891	2192	0.1121832
2977	696	0.104623504
2977	2504	0.1046235
2977	61	0.10462349
2977	410	0.10462348
2977	1550	0.10462348
2977	1578	0.10462348
2977	5227	0.10462348
2977	635	0.104623474
2977	240	0.10462347
2977	446	0.10462347
3145	177	0.1295577
3145	320	0.1295577
3145	346	0.1295577
3145	1090	0.1295577
3145	1629	0.1295577
3145	1855	0.1295577
3145	2339	0.1295577
3145	2575	0.1295577
3145	3743	0.1295577
3145	4014	0.1295577
3167	5499	0.1159576
3167	6920	0.115957595
3167	551	0.11595759
3167	1547	0.11595759
3167	4473	0.11595759
3167	4507	0.11595759
3167	1963	0.11595758
3167	5109	0.11595758
3167	6828	0.11595758
3167	580	0.11595757
3282	2230	0.09996154
3282	2224	0.099961534
3282	2407	0.099961534
3282	3313	0.099961534
3282	3892	0.099961534
3282	4183	0.099961534
3282	4790	0.09996153
3282	1176	0.09996152
3282	1576	0.09996152
3282	2234	0.09996152
3329	5090	0.12380502
3329	4729	0.12380499
3329	5400	0.12342765
3329	1350	0.123427644
3329	2703	0.12295671
3329	5940	0.12295671
3329	2211	0.12295669
3329	5272	0.12295669
3329	6499	0.12295669
3329	45	0.122956686
3331	4228	0.1292805
3331	2034	0.12928048
3331	3353	0.12928048
3331	3552	0.12928048
3331	770	0.12928046
3331	1840	0.12928046
3331	3063	0.12928046
3331	3335	0.12928046
3331	4012	0.12928046
3331	4045	0.12928046
3346	5499	0.13308422
3346	6920	0.13308422
3346	8	0.13308421
3346	551	0.13308421
3346	1547	0.13308421
3346	1963	0.13308421
3346	4473	0.13308421
3346	5109	0.13308421
3346	6362	0.13308421
3346	6682	0.13308421
3363	2230	0.12883183
3363	2407	0.12883182
3363	4183	0.12883182
3363	1576	0.1288318
3363	2224	0.1288318
3363	2234	0.1288318
3363	3313	0.1288318
3363	3505	0.1288318
3363	3582	0.1288318
3363	3709	0.1288318
3371	688	0.1219995
3371	3217	0.12199949
3371	6488	0.12199949
3371	1739	0.12199948
3371	2164	0.12199948
3371	1233	0.12199947
3371	1620	0.12199947
3371	1924	0.12199947
3371	2340	0.12199947
3371	2423	0.12199947
3373	320	0.1248156
3373	1855	0.1248156
3373	3743	0.1248156
3373	346	0.12481559
3373	2339	0.12481559
3373	177	0.12481558
3373	755	0.12481558
3373	759	0.12481558
3373	1090	0.12481558
3373	1106	0.12481558
3556	2645	0.10546759
3556	6747	0.10546759
3556	4604	0.10546757
3556	5213	0.10546757
3556	1652	0.105467565
3556	2104	0.10546756
3556	6000	0.10546756
3556	2925	0.104514286
3556	5931	0.10451428
3556	6137	0.10451427
3578	714	0.122812
3578	3946	0.122812
3578	2322	0.12281199
3578	4189	0.12281199
3578	6012	0.12281198
3578	2518	0.12281197
3578	2821	0.12281197
3578	4444	0.12281197
3578	4665	0.12281197
3578	5025	0.12281197
3640	5973	0.09440255
3640	5669	0.09419823
3640	3042	0.0941982
3640	124	0.093605846
3640	6878	0.09351926
3640	996	0.093519256
3640	1617	0.093519256
3640	585	0.0933426
3640	1892	0.093314946
3640	206	0.09331493
3719	3672	0.09408122
3719	3047	0.094081216
3719	3639	0.094081216
3719	1269	0.09372792
3719	2511	0.09372791
3719	3877	0.09372791
3719	4882	0.0937279
3719	5294	0.0937279
3719	3052	0.09372789
3719	31	0.09372787
3817	5130	0.10060233
3817	115	0.100602284
3817	3586	0.10060228
3817	230	0.10060227
3817	286	0.10060227
3817	356	0.100602254
3817	1117	0.100602254
3817	1333	0.10060224
3817	2890	0.10060224
3817	479	0.099277824
3827	2437	0.10416932
3827	1931	0.10416931
3827	6288	0.10416931
3827	6350	0.10416931
3827	374	0.1041693
3827	5969	0.104169294
3827	6539	0.104169294
3827	4764	0.10416929
3827	116	0.10416928
3827	2312	0.10416928
3840	5369	0.10685629
3840	2043	0.10685627
3840	6236	0.10685627
3840	2083	0.106856264
3840	2621	0.10685626
3840	6049	0.10685626
3840	1845	0.10685625
3840	3323	0.10685625
3840	4144	0.10685625
3840	4368	0.10685625
3917	110	0.115657814
3917	6765	0.115657814
3917	700	0.11565781
3917	2640	0.11565781
3917	6043	0.11565781
3917	1752	0.1156578
3917	6676	0.1156578
3917	2569	0.11565779
3917	3469	0.11565779
3917	3793	0.11565779
3923	72	0.11018216
3923	523	0.110182144
3923	812	0.11018214
3923	2509	0.11018214
3923	5856	0.11018214
3923	6237	0.11018214
3923	1282	0.11018213
3923	6756	0.11018213
3923	385	0.11018212
3923	1426	0.11018212
4017	635	0.13168317
4017	696	0.13168317
4017	2504	0.13168317
4017	61	0.13168316
4017	240	0.13168314
4017	448	0.13168314
4017	552	0.13168314
4017	610	0.13168314
4017	1550	0.13168314
4017	1578	0.13168314
4098	523	0.09604713
4098	72	0.096047126
4098	3727	0.096047126
4098	5856	0.096047126
4098	2509	0.09604712
4098	4620	0.09604712
4098	6237	0.09604712
4098	6756	0.09604712
4098	812	0.09604711
4098	1282	0.09604711
4157	5105	0.10665779
4157	3506	0.10665778
4157	4087	0.10665778
4157	282	0.10665777
4157	337	0.10665777
4157	5053	0.10665777
4157	6216	0.10665777
4157	457	0.106657766
4157	3718	0.106657766
4157	5196	0.106657766
4197	5453	0.10539751
4197	3287	0.10539749
4197	3247	0.105397485
4197	250	0.10539748
4197	3251	0.10539748
4197	6609	0.10539748
4197	6701	0.10539748
4197	399	0.10539747
4197	3214	0.10539747
4197	3861	0.10539747
4221	1024	0.1265922
4221	351	0.12659219
4221	1880	0.12659219
4221	2479	0.12659219
4221	2830	0.12659219
4221	3626	0.12659219
4221	5691	0.12659219
4221	204	0.12659217
4221	697	0.12659217
4221	3676	0.12659217
4334	1759	0.10802821
4334	1357	0.1080282
4334	707	0.108028196
4334	5271	0.108028196
4334	3752	0.10802818
4334	1101	0.10802817
4334	4560	0.1074961
4334	3780	0.107182294
4334	800	0.10718229
4334	2216	0.10718228
4483	631	0.11373857
4483	2860	0.11373857
4483	3161	0.11373856
4483	2018	0.11373855
4483	3317	0.11373855
4483	4291	0.11373855
4483	4466	0.11373855
4483	4669	0.11373855
4483	5871	0.11373855
4483	6282	0.11373855
4622	3039	0.11078385
4622	5163	0.110783845
4622	6680	0.110783845
4622	485	0.11078384
4622	75	0.11078383
4622	1400	0.11078383
4622	2214	0.11078383
4622	2215	0.11078383
4622	2292	0.11078383
4622	5147	0.11078383
4785	6122	0.09781707
4785	3917	0.09781706
4785	3580	0.097817056
4785	2016	0.09781705
4785	2169	0.09781705
4785	2494	0.09781705
4785	5258	0.09781705
4785	6051	0.09781705
4785	6382	0.09781705
4785	6808	0.09781705
4795	1731	0.11888176
4795	193	0.118881755
4795	3234	0.118881755
4795	744	0.11888175
4795	1207	0.11888175
4795	1709	0.11888175
4795	2983	0.11888175
4795	2997	0.11888175
4795	3366	0.11888175
4795	3613	0.11888175
4809	6434	0.1102989
4809	852	0.11029889
4809	6635	0.11029887
4809	5123	0.110298865
4809	5977	0.11029885
4809	4280	0.11029884
4809	4787	0.11022623
4809	2502	0.11022621
4809	4129	0.1102262
4809	3511	0.110226184
4938	3273	0.10854255
4938	3766	0.10854255
4938	4567	0.10854251
4938	5352	0.10837947
4938	2376	0.10837945
4938	3536	0.10837945
4938	4112	0.10837945
4938	2040	0.10837944
4938	3133	0.10837944
4938	5786	0.10837941
5037	611	0.108662665
5037	7	0.10866265
5037	1446	0.10866265
5037	1707	0.10866265
5037	6759	0.10866264
5037	884	0.108662635
5037	1612	0.108662635
5037	2398	0.108662635
5037	3221	0.108662635
5037	3280	0.108662635
5209	6245	0.102942646
5209	4263	0.10294263
5209	3994	0.102942616
5209	6308	0.102942616
5209	6792	0.102942616
5209	888	0.101588726
5209	5007	0.10158872
5209	4915	0.10158871
5209	4500	0.1015887
5209	129	0.101588696
5385	714	0.13196853
5385	3946	0.13196853
5385	6012	0.13196851
5385	1903	0.1319685
5385	2322	0.1319685
5385	2518	0.1319685
5385	2821	0.1319685
5385	4189	0.1319685
5385	4444	0.1319685
5385	4665	0.1319685
5439	2463	0.10660745
5439	3657	0.10660745
5439	6057	0.10660745
5439	4493	0.106607445
5439	858	0.10660744
5439	1641	0.10660744
5439	1643	0.10660744
5439	3856	0.10660744
5439	4524	0.10660744
5439	5097	0.10660744
5476	2269	0.116181836
5476	1579	0.11618183
5476	539	0.11618182
5476	2354	0.11618182
5476	3286	0.11618182
5476	5242	0.11618181
5476	425	0.116181806
5476	2465	0.116181806
5476	2880	0.116181806
5476	2920	0.116181806
5499	3327	0.13965791
5499	4154	0.13965791
5499	4835	0.13965791
5499	294	0.1396579
5499	5046	0.1396579
5499	83	0.13965788
5499	174	0.13965788
5499	454	0.13965788
5499	639	0.13965788
5499	936	0.13965788
5539	2214	0.097146556
5539	2292	0.097146556
5539	3039	0.097146556
5539	6680	0.097146556
5539	485	0.09714655
5539	2215	0.09714655
5539	6786	0.09714655
5539	75	0.09714654
5539	1081	0.09714654
5539	1263	0.09714654
5582	3917	0.12845585
5582	6122	0.12845585
5582	2016	0.12845582
5582	2169	0.12845582
5582	2494	0.12845582
5582	3256	0.12845582
5582	3580	0.12845582
5582	4777	0.12845582
5582	5258	0.12845582
5582	6051	0.12845582
5665	5453	0.112065226
5665	3287	0.11206521
5665	6609	0.1120652
5665	250	0.11206519
5665	3247	0.11206519
5665	1842	0.11206518
5665	3214	0.11206518
5665	6701	0.11206518
5665	399	0.11206517
5665	2303	0.11206517
5728	2755	0.08298142
5728	1236	0.08298141
5728	3229	0.08298141
5728	4919	0.08298141
5728	5702	0.08298141
5728	6306	0.08298141
5728	715	0.0829814
5728	1927	0.0829814
5728	4332	0.0829814
5728	1268	0.08298139
5741	3184	0.11585708
5741	1589	0.115857065
5741	4114	0.11585706
5741	4538	0.11585706
5741	380	0.11585705
5741	1063	0.11585705
5741	3431	0.11585705
5741	4574	0.11585705
5741	4812	0.11585705
5741	4946	0.11585705
5746	6342	0.102292925
5746	6037	0.10186894
5746	1928	0.10186891
5746	2281	0.10186891
5746	2205	0.10186888
5746	568	0.10134637
5746	6182	0.10132592
5746	5611	0.101325914
5746	2510	0.10122897
5746	5401	0.101228945
5815	2269	0.09260784
5815	539	0.092607826
5815	1579	0.09260782
5815	3286	0.09260782
5815	2465	0.09260781
5815	2880	0.09260781
5815	2920	0.09260781
5815	4433	0.09260781
5815	5242	0.09260781
5815	5696	0.09260781
5903	696	0.09309878
5903	2504	0.093098775
5903	410	0.09309877
5903	1550	0.09309877
5903	61	0.09309876
5903	635	0.09309876
5903	1578	0.09309876
5903	3329	0.09309876
5903	4187	0.09309876
5903	4188	0.09309876
5963	3896	0.10967684
5963	1279	0.10967682
5963	2967	0.10967681
5963	3494	0.10967681
5963	5638	0.10967681
5963	6851	0.10967681
5963	3596	0.1096768
5963	5751	0.10967679
5963	6347	0.10967679
5963	1409	0.109676786
6073	110	0.1343324
6073	6765	0.1343324
6073	700	0.13433239
6073	1144	0.13433239
6073	1330	0.13433239
6073	1752	0.13433239
6073	2569	0.13433239
6073	2640	0.13433239
6073	4720	0.13433239
6073	6043	0.13433239
6115	444	0.106824905
6115	3882	0.106824905
6115	381	0.1068249
6115	6335	0.1068249
6115	3072	0.10682489
6115	5438	0.10682489
6115	1182	0.10682488
6115	2788	0.10682488
6115	6590	0.10682488
6115	165	0.106824875
6238	3506	0.10960996
6238	5105	0.10960996
6238	4087	0.109609954
6238	282	0.10960994
6238	5053	0.10960994
6238	6216	0.10960994
6238	52	0.10960993
6238	337	0.10960993
6238	457	0.10960993
6238	883	0.10960993
6323	1743	0.10358301
6323	2696	0.10358301
6323	4334	0.10358301
6323	5015	0.10358301
6323	422	0.103583
6323	504	0.103583
6323	1051	0.103583
6323	2084	0.103583
6323	3023	0.103583
6323	3600	0.103583
6333	4748	0.111967675
6333	6774	0.11192112
6333	4247	0.11078341
6333	1234	0.11078338
6333	2625	0.11078337
6333	4231	0.11078337
6333	5810	0.11078335
6333	1569	0.10953009
6333	5875	0.10953008
6333	1556	0.10953006
6345	2703	0.1121113
6345	5940	0.1121113
6345	45	0.112111285
6345	2245	0.112111285
6345	2400	0.112111285
6345	3465	0.112111285
6345	4472	0.112111285
6345	4561	0.112111285
6345	4562	0.112111285
6345	4940	0.112111285
6431	6430	0.098597184
6431	3271	0.09859714
6431	6731	0.09859712
6431	5020	0.09859711
6431	5716	0.09859711
6431	780	0.0985971
6431	2541	0.098279566
6431	5261	0.098279536
6431	353	0.09792651
6431	6569	0.0979265
6532	1124	0.0986195
6532	2740	0.09861949
6532	3605	0.09861949
6532	3869	0.09861949
6532	4422	0.09861949
6532	6414	0.09861949
6532	6336	0.09861948
6532	743	0.098619476
6532	3026	0.098619476
6532	5310	0.098619476
6537	2782	0.09185158
6537	1095	0.09185156
6537	1398	0.09185156
6537	1541	0.09185156
6537	1616	0.09185156
6537	1816	0.09185156
6537	2356	0.09185156
6537	3559	0.09185156
6537	5469	0.09185156
6537	6806	0.09185156
6543	696	0.11497705
6543	410	0.11497704
6543	61	0.114977024
6543	1578	0.114977024
6543	2504	0.114977024
6543	448	0.11497702
6543	530	0.11497702
6543	635	0.11497702
6543	964	0.11497702
6543	2175	0.11497702
6563	1616	0.12634495
6563	2782	0.12634495
6563	1541	0.12634493
6563	672	0.12634492
6563	993	0.12634492
6563	1095	0.12634492
6563	1398	0.12634492
6563	1816	0.12634492
6563	1820	0.12634492
6563	2176	0.12634492
6564	5090	0.12139861
6564	4729	0.12139858
6564	6036	0.12122213
6564	3608	0.12115679
6564	6159	0.12115677
6564	5928	0.12115676
6564	5273	0.12115675
6564	4043	0.121156745
6564	5274	0.121156745
6564	2075	0.12115674
6566	346	0.104485884
6566	2339	0.104485884
6566	320	0.10448588
6566	4014	0.10448588
6566	4512	0.10448588
6566	177	0.10448587
6566	180	0.10448587
6566	236	0.10448587
6566	402	0.10448587
6566	494	0.10448587
6577	3635	0.088060215
6577	1551	0.08806021
6577	995	0.0880602
6577	3312	0.0880602
6577	5603	0.0880602
6577	5686	0.0880602
6577	6823	0.0880602
6577	5840	0.08806019
6577	507	0.088060185
6577	5023	0.08806018
6611	1089	0.116101295
6611	1812	0.116101295
6611	5043	0.116101295
6611	5448	0.116101295
6611	5537	0.11610129
6611	1872	0.11610128
6611	4737	0.11610128
6611	5485	0.11610128
6611	690	0.11610127
6611	2374	0.11610127
6662	1517	0.11865321
6662	6644	0.1186532
6662	2106	0.11865319
6662	2589	0.11865319
6662	4653	0.11865319
6662	4863	0.11865314
6662	5707	0.11865314
6662	3823	0.11865313
6662	2623	0.118016094
6662	4804	0.11801608
6671	4368	0.109857894
6671	5369	0.109857894
6671	2043	0.10985789
6671	2083	0.10985789
6671	4144	0.10985788
6671	4513	0.10985787
6671	6049	0.10985787
6671	6236	0.10985787
6671	1845	0.109857865
6671	5188	0.109857865
6679	61	0.096530855
6679	410	0.096530855
6679	696	0.096530855
6679	2504	0.096530855
6679	240	0.09653084
6679	635	0.09653084
6679	1578	0.09653084
6679	5227	0.09653084
6679	448	0.09653083
6679	1550	0.09653083
6769	2207	0.1032474
6769	6685	0.10324738
6769	188	0.103247374
6769	607	0.103247374
6769	801	0.103247374
6769	1639	0.103247374
6769	3193	0.103247374
6769	3394	0.103247374
6769	3673	0.103247374
6769	5975	0.103247374
6772	1855	0.09962836
6772	2575	0.09962836
6772	4014	0.09962836
6772	320	0.09962835
6772	346	0.09962835
6772	3743	0.09962835
6772	4217	0.09962835
6772	159	0.099628344
6772	755	0.099628344
6772	1090	0.099628344
6789	4659	0.10835854
6789	3474	0.10835852
6789	4402	0.10835852
6789	6073	0.10835852
6789	2434	0.1083585
6789	5148	0.10835846
6789	1237	0.108254746
6789	2981	0.10825473
6789	6612	0.10825473
6789	211	0.10820475
7082	4508	0.10716556
7082	819	0.107165545
7082	2092	0.107165545
7082	5185	0.107165545
7082	4949	0.10716554
7082	3309	0.10716553
7082	3699	0.10716553
7082	3038	0.10716552
7082	1700	0.107165515
7082	2961	0.107165515
7105	2860	0.109721206
7105	5871	0.109721206
7105	1703	0.1097212
7105	2018	0.1097212
7105	3161	0.1097212
7105	4291	0.1097212
7105	4669	0.1097212
7105	6282	0.1097212
7105	6339	0.1097212
7105	6453	0.1097212
7125	648	0.11287257
7125	733	0.11287257
7125	4695	0.11287257
7125	5150	0.11287257
7125	546	0.11287256
7125	2687	0.11287256
7125	3647	0.11287256
7125	3710	0.11287256
7125	4907	0.11287256
7125	259	0.112872556
7134	2842	0.12827522
7134	3765	0.12827522
7134	6331	0.12827522
7134	6723	0.12827522
7134	748	0.1282752
7134	788	0.1282752
7134	1552	0.1282752
7134	2481	0.1282752
7134	2796	0.1282752
7134	4950	0.1282752
7158	6763	0.10289037
7158	5150	0.102890365
7158	259	0.10289036
7158	648	0.10289036
7158	733	0.10289036
7158	944	0.10289036
7158	1387	0.10289036
7158	1618	0.10289036
7158	1668	0.10289036
7158	1823	0.10289036
7210	558	0.102923445
7210	726	0.102923445
7210	561	0.10292344
7210	1287	0.10292344
7210	4814	0.10292344
7210	1676	0.10292343
7210	5565	0.10292343
7210	842	0.10292342
7210	1622	0.10292342
7210	5087	0.10292342
7283	3856	0.13997878
7283	4493	0.13997878
7283	6057	0.13997878
7283	858	0.13997877
7283	1641	0.13997877
7283	2463	0.13997877
7283	2668	0.13997877
7283	2767	0.13997877
7283	3542	0.13997877
7283	3657	0.13997877
7286	6920	0.14035717
7286	551	0.14035715
7286	1547	0.14035715
7286	1963	0.14035715
7286	6682	0.14035715
7286	8	0.14035714
7286	625	0.14035714
7286	2097	0.14035714
7286	2155	0.14035714
7286	4473	0.14035714
7312	79	0.11556698
7312	4175	0.11556698
7312	4273	0.11556698
7312	1624	0.11556697
7312	3059	0.11556697
7312	5122	0.11556697
7312	6532	0.11556697
7312	4342	0.11556696
7312	168	0.115566954
7312	251	0.115566954
7352	3327	0.12196473
7352	4154	0.121964715
7352	294	0.12196471
7352	4133	0.12196471
7352	4835	0.12196471
7352	4239	0.1219647
7352	5046	0.1219647
7352	5965	0.1219647
7352	83	0.12196469
7352	253	0.12196469
7371	1844	0.11079101
7371	2384	0.11079101
7371	2421	0.11079101
7371	2911	0.11079101
7371	4627	0.110791005
7371	6737	0.110790975
7371	5634	0.11079097
7371	6167	0.11079097
7371	76	0.1105153
7371	6787	0.11051529
7569	2207	0.10510345
7569	607	0.10510343
7569	1062	0.10510343
7569	1639	0.10510343
7569	6685	0.10510343
7569	188	0.105103426
7569	801	0.105103426
7569	913	0.105103426
7569	3193	0.105103426
7569	5692	0.105103426
7620	733	0.1052891
7620	1618	0.1052891
7620	2687	0.1052891
7620	3647	0.1052891
7620	4695	0.1052891
7620	4968	0.1052891
7620	5150	0.1052891
7620	6763	0.1052891
7620	944	0.105289094
7620	1387	0.105289094
7809	4768	0.107568726
7809	1815	0.10756871
7809	4770	0.10756871
7809	4845	0.10756871
7809	1332	0.1075687
7809	478	0.107568696
7809	1122	0.107568696
7809	2849	0.107568696
7809	3679	0.107568696
7809	3782	0.107568696
7841	2752	0.111991264
7841	4293	0.111991264
7841	6341	0.111991264
7841	2803	0.11199126
7841	3018	0.11199126
7841	3916	0.11199126
7841	4403	0.11199126
7841	5558	0.11199126
7841	628	0.11199125
7841	3978	0.11199125
7860	2782	0.10457113
7860	1095	0.104571104
7860	1398	0.104571104
7860	1541	0.104571104
7860	1616	0.104571104
7860	1816	0.104571104
7860	2356	0.104571104
7860	2889	0.104571104
7860	3559	0.104571104
7860	6806	0.104571104
7864	120	0.108275935
7864	2826	0.10827592
7864	3136	0.10827592
7864	4230	0.10827592
7864	4864	0.10827592
7864	5760	0.10827592
7864	6804	0.10827592
7864	6868	0.10827592
7864	2548	0.10827591
7864	2527	0.108275905
7887	4840	0.09694435
7887	338	0.09694433
7887	5517	0.09694433
7887	5867	0.09694433
7887	334	0.09694432
7887	1286	0.09694432
7887	2493	0.09694432
7887	3445	0.09694432
7887	6385	0.09694432
7887	6402	0.09694432
7890	6150	0.113431275
7890	4690	0.11343126
7890	1020	0.11343125
7890	550	0.11343124
7890	3201	0.11343124
7890	6283	0.11343124
7890	201	0.11343123
7890	2391	0.11343123
7890	6871	0.11343123
7890	2784	0.11343122
7913	4340	0.1305883
7913	400	0.13058823
7913	3812	0.13058823
7913	4899	0.13058823
7913	5358	0.13058823
7913	6025	0.13058823
7913	6026	0.13058823
7913	6643	0.13058823
7913	559	0.1305882
7913	2970	0.1305882
7915	6716	0.10120824
7915	1259	0.10120823
7915	2742	0.10120822
7915	157	0.10120821
7915	182	0.10120821
7915	879	0.10120821
7915	1393	0.10120821
7915	1533	0.10120821
7915	2302	0.10120821
7915	2919	0.10120821
7958	110	0.111254275
7958	1752	0.111254275
7958	6043	0.111254275
7958	6676	0.111254275
7958	6765	0.111254275
7958	2569	0.11125427
7958	700	0.11125426
7958	1144	0.11125426
7958	1330	0.11125426
7958	2179	0.11125426
8019	358	0.12825623
8019	871	0.1282562
8019	2508	0.1282562
8019	2675	0.1282562
8019	6515	0.1282562
8019	3662	0.12825619
8019	3500	0.12813276
8019	1487	0.12813275
8019	5297	0.12813275
8019	4061	0.1281327
8066	5121	0.112450965
8066	815	0.11245093
8066	1951	0.112450905
8066	3458	0.11198279
8066	5392	0.11198278
8066	952	0.11198276
8066	3182	0.11198276
8066	3732	0.11198276
8066	6703	0.11198276
8066	314	0.111982755
8067	733	0.0979792
8067	944	0.0979792
8067	3647	0.0979792
8067	4695	0.0979792
8067	5150	0.0979792
8067	6763	0.0979792
8067	259	0.097979195
8067	546	0.097979195
8067	648	0.097979195
8067	1618	0.097979195
8089	1855	0.10625443
8089	346	0.10625442
8089	3743	0.10625442
8089	320	0.10625441
8089	1567	0.10625441
8089	2339	0.10625441
8089	4014	0.10625441
8089	4464	0.10625441
8089	4512	0.10625441
8089	5198	0.10625441
8187	444	0.10654418
8187	3882	0.10654418
8187	381	0.10654417
8187	2788	0.10654415
8187	3072	0.10654415
8187	6335	0.10654415
8187	6590	0.10654415
8187	2235	0.106544144
8187	4346	0.106544144
8187	659	0.10654414
8188	2951	0.098336935
8188	3396	0.098336935
8188	5371	0.098336935
8188	2004	0.09833692
8188	6605	0.09833692
8188	6825	0.09833692
8188	459	0.09833691
8188	1247	0.098336905
8188	1301	0.098336905
8188	4259	0.098336905
8234	3743	0.12183851
8234	4014	0.12183851
8234	320	0.1218385
8234	346	0.1218385
8234	1855	0.1218385
8234	2339	0.1218385
8234	4512	0.1218385
8234	759	0.121838495
8234	1106	0.121838495
8234	1567	0.121838495
8245	2782	0.12985595
8245	672	0.12985593
8245	1398	0.12985593
8245	1541	0.12985593
8245	1616	0.12985592
8245	2176	0.12985592
8245	3559	0.12985592
8245	5372	0.12985592
8245	5469	0.12985592
8245	234	0.1298559
8253	6057	0.12485431
8253	3856	0.1248543
8253	4493	0.1248543
8253	4524	0.1248543
8253	1641	0.12485429
8253	2463	0.12485429
8253	3657	0.12485429
8253	858	0.12485428
8253	1643	0.12485428
8253	2668	0.12485428
8255	5105	0.10406523
8255	3506	0.104065225
8255	883	0.10406522
8255	4087	0.10406522
8255	282	0.10406521
8255	5053	0.10406521
8255	6216	0.10406521
8255	457	0.1040652
8255	1066	0.1040652
8255	5016	0.1040652
8284	3502	0.115951136
8284	4224	0.115951136
8284	3874	0.11595112
8284	5262	0.11595112
8284	1340	0.11595111
8284	2336	0.11595111
8284	2632	0.11595111
8284	5964	0.11595111
8284	270	0.115951106
8284	514	0.115951106
8314	4054	0.088760614
8314	4142	0.0887606
8314	4852	0.0887606
8314	3906	0.088760585
8314	4301	0.088760585
8314	5799	0.088760585
8314	667	0.088760555
8314	4760	0.08852257
8314	3879	0.08852255
8314	6222	0.08852255
8323	3253	0.12874815
8323	579	0.12874813
8323	2305	0.12874813
8323	3853	0.12874813
8323	5766	0.12874813
8323	757	0.12874812
8323	758	0.12874812
8323	1613	0.12874812
8323	3294	0.12874812
8323	3938	0.12874812
8362	6303	0.0923754
8362	3646	0.09237538
8362	4288	0.092256375
8362	2224	0.092091106
8362	2230	0.0920911
8362	3582	0.0920911
8362	3892	0.0920911
8362	3956	0.0920911
8362	1176	0.09209108
8362	1576	0.09209108
8454	959	0.116573825
8454	646	0.1165738
8454	4180	0.1165738
8454	4870	0.11657379
8454	6463	0.11657379
8454	2951	0.116277605
8454	3396	0.116277605
8454	5371	0.116277605
8454	6605	0.1162776
8454	2004	0.11627758
8487	6482	0.0970666
8487	2064	0.0965704
8487	3336	0.09657039
8487	5793	0.09657039
8487	1782	0.09657037
8487	1821	0.096570365
8487	2710	0.096570365
8487	4305	0.096570365
8487	258	0.09657036
8487	1854	0.09657035
8529	574	0.11406664
8529	6783	0.11406664
8529	5327	0.11406663
8529	4629	0.114066616
8529	816	0.1140666
8529	1723	0.1140666
8529	1944	0.1140666
8529	2409	0.1140666
8529	2743	0.1140666
8529	4044	0.1140666
8570	4617	0.10833335
8570	3955	0.108333334
8570	5106	0.108333334
8570	3427	0.10833333
8570	3803	0.10833332
8570	5601	0.10833332
8570	6395	0.10833332
8570	3342	0.10833331
8570	5705	0.10833331
8570	2236	0.108333305
8680	4751	0.10545104
8680	1174	0.10545102
8680	1302	0.10545102
8680	1835	0.10545102
8680	3525	0.10545102
8680	5140	0.10545102
8680	5629	0.10545102
8680	789	0.10545101
8680	2326	0.10545101
8680	2888	0.10545101
8681	110	0.12216184
8681	6043	0.12216184
8681	1752	0.122161835
8681	6676	0.122161835
8681	6765	0.122161835
8681	700	0.12216183
8681	2569	0.12216183
8681	3469	0.12216183
8681	1330	0.12216182
8681	2005	0.12216182
8695	6030	0.112637945
8695	6029	0.11210127
8695	5253	0.10947073
8695	3324	0.108439565
8695	3571	0.10773562
8695	5924	0.10712391
8695	2168	0.10675374
8695	2676	0.10675374
8695	2098	0.10627155
8695	3088	0.106142074
8734	788	0.11744529
8734	2842	0.11744529
8734	3765	0.11744529
8734	4558	0.11744528
8734	6331	0.11744528
8734	748	0.117445275
8734	1552	0.117445275
8734	2796	0.117445275
8734	2949	0.117445275
8734	4950	0.117445275
8782	410	0.10536187
8782	696	0.10536187
8782	61	0.105361864
8782	1578	0.105361864
8782	2504	0.105361864
8782	240	0.10536185
8782	446	0.10536185
8782	610	0.10536185
8782	635	0.10536185
8782	964	0.10536185
8801	5105	0.111803
8801	3506	0.111802995
8801	4087	0.111802995
8801	5053	0.111802995
8801	282	0.11180299
8801	337	0.11180298
8801	883	0.11180298
8801	1066	0.11180298
8801	4545	0.11180298
8801	5196	0.11180298
8864	2794	0.10211026
8864	2926	0.10211025
8864	4910	0.10180763
8864	2207	0.0999967
8864	607	0.099996686
8864	6549	0.099996686
8864	6685	0.099996686
8864	188	0.09999668
8864	1639	0.09999668
8864	801	0.09999667
8870	384	0.099384554
8870	581	0.099384554
8870	732	0.09938455
8870	3480	0.09938455
8870	3581	0.09938455
8870	1680	0.09938454
8870	5156	0.09938454
8870	6388	0.09938454
8870	232	0.09938453
8870	411	0.09938453
8872	688	0.10969446
8872	1739	0.10969445
8872	3217	0.10969445
8872	6488	0.10969445
8872	2173	0.10969444
8872	134	0.109694436
8872	1620	0.109694436
8872	2164	0.109694436
8872	2340	0.109694436
8872	2423	0.109694436
8930	2207	0.109603435
8930	1639	0.10960342
8930	1062	0.10960341
8930	3851	0.10960341
8930	188	0.109603405
8930	607	0.109603405
8930	801	0.109603405
8930	913	0.109603405
8930	2143	0.109603405
8930	3193	0.109603405
8935	3326	0.10222484
8935	3405	0.10222484
8935	6079	0.10222483
8935	1088	0.10222482
8935	6104	0.10222481
8935	607	0.10221663
8935	2207	0.10221663
8935	6685	0.10221663
8935	1639	0.10221662
8935	801	0.102216616
8936	1915	0.13047637
8936	3502	0.13047636
8936	4224	0.13047636
8936	5262	0.13047636
8936	1340	0.13047634
8936	1344	0.13047634
8936	5964	0.13047634
8936	514	0.13047633
8936	2336	0.13047633
8936	2603	0.13047633
8937	1626	0.106379636
8937	3468	0.10637963
8937	127	0.10637961
8937	3738	0.10637961
8937	6611	0.10637961
8937	243	0.1063796
8937	3544	0.1063796
8937	4743	0.1063796
8937	5525	0.1063796
8937	6678	0.1063796
8971	561	0.10840769
8971	558	0.10840768
8971	1287	0.10840768
8971	726	0.108407676
8971	1676	0.108407676
8971	1704	0.108407676
8971	4814	0.108407676
8971	5617	0.108407676
8971	5087	0.10840767
8971	5565	0.10840767
9094	5499	0.112466425
9094	6920	0.112466425
9094	1963	0.11246642
9094	551	0.11246641
9094	625	0.11246641
9094	1547	0.11246641
9094	5109	0.11246641
9094	6362	0.11246641
9094	1128	0.1124664
9094	2524	0.1124664
9177	2703	0.10486349
9177	45	0.10486348
9177	5940	0.10486348
9177	6309	0.10486348
9177	1767	0.10486347
9177	1962	0.10486347
9177	2211	0.10486347
9177	2400	0.10486347
9177	4472	0.10486347
9177	5272	0.10486347
9226	1288	0.10003494
9226	5546	0.10003494
9226	466	0.10003493
9226	1967	0.10003493
9226	5519	0.10003493
9226	1633	0.10003492
9226	3207	0.10003492
9226	4971	0.10003492
9226	5514	0.10003492
9226	5937	0.10003492
9227	6430	0.094104014
9227	3271	0.09410398
9227	780	0.09410395
9227	5020	0.09410395
9227	5716	0.09410395
9227	6731	0.09410394
9227	3982	0.09327282
9227	5481	0.093272805
9227	6027	0.093272805
9227	6896	0.0932728
9343	733	0.10840699
9343	3647	0.10840699
9343	5150	0.10840699
9343	6763	0.10840699
9343	546	0.10840698
9343	4695	0.10840698
9343	259	0.108406976
9343	326	0.108406976
9343	648	0.108406976
9343	944	0.108406976
9354	320	0.104881614
9354	346	0.104881614
9354	1567	0.10488161
9354	2573	0.10488161
9354	3259	0.10488161
9354	3743	0.10488161
9354	402	0.1048816
9354	755	0.1048816
9354	759	0.1048816
9354	1629	0.1048816
9381	1266	0.09388534
9381	3110	0.09388533
9381	3578	0.09388533
9381	650	0.09388532
9381	903	0.09388532
9381	2371	0.09388532
9381	2554	0.09388532
9381	3009	0.09388532
9381	6650	0.09388532
9381	1503	0.09388531
9417	6340	0.09710276
9417	2122	0.09681149
9417	6639	0.09681149
9417	5806	0.09681147
9417	4041	0.09681145
9417	5215	0.09681145
9417	6582	0.09681145
9417	5931	0.09655538
9417	2925	0.096555375
9417	2488	0.09655537
9454	346	0.1067068
9454	1855	0.1067068
9454	2339	0.1067068
9454	3743	0.1067068
9454	4512	0.1067068
9454	6863	0.1067068
9454	320	0.10670679
9454	1567	0.10670679
9454	1629	0.10670679
9454	4014	0.10670679
9568	3882	0.10462341
9568	444	0.10462339
9568	381	0.104623385
9568	2788	0.10462338
9568	6590	0.10462338
9568	165	0.10462336
9568	1182	0.10462336
9568	2235	0.10462336
9568	2944	0.10462336
9568	3015	0.10462336
9574	6708	0.12146706
9574	1943	0.121467054
9574	6540	0.121467054
9574	1830	0.12146705
9574	5052	0.12146705
9574	721	0.12146704
9574	4746	0.121467024
9574	3439	0.12146702
9574	669	0.12146701
9574	2935	0.12146701
9613	3982	0.11612571
9613	5481	0.1161257
9613	6027	0.11612569
9613	6896	0.11612569
9613	1010	0.11612568
9613	3392	0.11612568
9613	80	0.11612567
9613	2263	0.11612567
9613	2300	0.11612567
9613	2642	0.11612567
9747	3222	0.10675497
9747	5006	0.10675494
9747	764	0.106754914
9747	544	0.10675491
9747	1877	0.1067549
9747	688	0.10663504
9747	1233	0.106635034
9747	3217	0.106635034
9747	6488	0.106635034
9747	134	0.10663503
9856	456	0.1035811
9856	1401	0.10358107
9856	4573	0.10358107
9856	1102	0.103581056
9856	3456	0.10358104
9856	3644	0.103581026
9856	4017	0.103581026
9856	4739	0.103581026
9856	2955	0.10333674
9856	503	0.10333672
9908	4653	0.10461384
9908	6644	0.10461384
9908	1517	0.10461383
9908	2106	0.10461383
9908	2589	0.104613826
9908	4863	0.104613796
9908	3823	0.10461378
9908	5707	0.10461378
9908	2623	0.10437891
9908	4804	0.10437891
10030	2207	0.12066726
10030	1639	0.12066724
10030	607	0.120667234
10030	1062	0.120667234
10030	5975	0.120667234
10030	6685	0.120667234
10030	188	0.12066723
10030	801	0.12066723
10030	913	0.12066723
10030	2143	0.12066723
10118	5105	0.08664894
10118	4087	0.086648926
10118	5053	0.086648926
10118	52	0.08664892
10118	282	0.08664891
10118	337	0.08664891
10118	457	0.08664891
10118	883	0.08664891
10118	1066	0.08664891
10118	1663	0.08664891
10199	4293	0.11059078
10199	3018	0.11059077
10199	5558	0.11059077
10199	6341	0.11059077
10199	2752	0.11059076
10199	628	0.110590756
10199	1745	0.110590756
10199	1989	0.110590756
10199	2669	0.110590756
10199	2803	0.110590756
10241	1898	0.12553304
10241	1390	0.12553301
10241	6673	0.125533
10241	5568	0.12553298
10241	5857	0.12553298
10241	3018	0.12491171
10241	4293	0.12491171
10241	5558	0.12491171
10241	6341	0.12491171
10241	2752	0.124911696
10314	1731	0.14937463
10314	193	0.1493746
10314	744	0.1493746
10314	1207	0.1493746
10314	1709	0.1493746
10314	1918	0.1493746
10314	2983	0.1493746
10314	2997	0.1493746
10314	4197	0.1493746
10314	6887	0.1493746
10315	6536	0.10627719
10315	4321	0.10627718
10315	1879	0.106277175
10315	4579	0.106277175
10315	5574	0.106277175
10315	6687	0.106277175
10315	1009	0.10627717
10315	1125	0.10627717
10315	3044	0.10627717
10315	4434	0.10627717
10354	3039	0.11979249
10354	6680	0.11979249
10354	2292	0.119792484
10354	5163	0.119792484
10354	75	0.11979248
10354	485	0.11979248
10354	1496	0.11979248
10354	3125	0.11979248
10354	6014	0.11979248
10354	6786	0.11979248
10447	2504	0.116763644
10447	696	0.11676364
10447	410	0.11676363
10447	61	0.11676362
10447	635	0.11676362
10447	1550	0.11676362
10447	1578	0.11676362
10447	3791	0.11676362
10447	4791	0.11676362
10447	5227	0.11676362
10532	226	0.11776978
10532	829	0.117651775
10532	4115	0.11765177
10532	1888	0.11765176
10532	3325	0.11765173
10532	4330	0.11765173
10532	5681	0.11765172
10532	4631	0.11765171
10532	3858	0.117651686
10532	1849	0.117462076
10560	6535	0.124823615
10560	4898	0.12482361
10560	785	0.1248236
10560	1486	0.1248236
10560	4480	0.1248236
10560	4557	0.1248236
10560	5464	0.1248236
10560	96	0.12482359
10560	572	0.12482359
10560	855	0.12482359
10607	1626	0.100594744
10607	3468	0.10059474
10607	3738	0.10059473
10607	6611	0.10059473
10607	6678	0.10059473
10607	127	0.100594714
10607	243	0.100594714
10607	416	0.100594714
10607	2736	0.100594714
10607	3544	0.100594714
10668	5302	0.11411907
10668	797	0.113799065
10668	6356	0.113799065
10668	6698	0.113799065
10668	6903	0.113799065
10668	6039	0.11379906
10668	6636	0.11379906
10668	269	0.11379905
10668	1250	0.11379905
10668	1311	0.11379905
10699	3184	0.096802205
10699	1063	0.0968022
10699	4114	0.0968022
10699	380	0.09680219
10699	3910	0.09680219
10699	4812	0.09680219
10699	5556	0.09680219
10699	1589	0.09680218
10699	3150	0.09680218
10699	4538	0.09680218
10819	4898	0.12561586
10819	6535	0.12561585
10819	96	0.12561584
10819	570	0.12561584
10819	572	0.12561584
10819	785	0.12561584
10819	866	0.12561584
10819	990	0.12561584
10819	1105	0.12561584
10819	1119	0.12561584
10946	1609	0.10883569
10946	4264	0.10883567
10946	2112	0.10883565
10946	4926	0.10883565
10946	5035	0.10883565
10946	795	0.108835645
10946	3935	0.108835645
10946	6705	0.10883564
10946	2111	0.10883562
10946	6479	0.10883561
10949	3326	0.104160644
10949	6079	0.10416064
10949	1088	0.10416063
10949	3405	0.10416063
10949	6104	0.10416061
10949	2207	0.104051754
10949	188	0.10405174
10949	1639	0.10405174
10949	3394	0.10405174
10949	3851	0.10405174
11070	4247	0.11028448
11070	1234	0.11028444
11070	2625	0.110284425
11070	4231	0.11028441
11070	1462	0.1102844
11070	5810	0.1102844
11070	4751	0.11018274
11070	2326	0.110182725
11070	5140	0.110182725
11070	1302	0.11018272
11120	3004	0.124288894
11120	3510	0.12428889
11120	5529	0.12428888
11120	5993	0.12428887
11120	4104	0.12428885
11120	5470	0.12379405
11120	212	0.12379403
11120	307	0.12379402
11120	5831	0.123794
11120	4780	0.123747304
11224	6779	0.0888865
11224	1926	0.08888647
11224	6784	0.08888647
11224	727	0.088886455
11224	1028	0.088886455
11224	4350	0.088886455
11224	4269	0.08888644
11224	5526	0.08888644
11224	5778	0.08888644
11224	3477	0.088886425
11245	3327	0.11913542
11245	4154	0.1191354
11245	4835	0.1191354
11245	83	0.119135395
11245	294	0.119135395
11245	4133	0.11913539
11245	4920	0.11913539
11245	5046	0.11913539
11245	174	0.11913538
11245	253	0.11913538
11362	2794	0.088539466
11362	2926	0.088539466
11362	1973	0.08842145
11362	4050	0.08842145
11362	5252	0.08842139
11362	1050	0.08840595
11362	3883	0.08840594
11362	4295	0.08840593
11362	3249	0.08840592
11362	3818	0.08840592
11400	2269	0.11387422
11400	539	0.113874204
11400	1579	0.113874204
11400	4433	0.113874204
11400	2465	0.1138742
11400	3286	0.1138742
11400	5696	0.1138742
11400	5915	0.1138742
11400	5242	0.11387419
11400	1540	0.11387418
11529	1772	0.14860237
11529	3114	0.14860237
11529	2701	0.1486023
11529	2218	0.14857756
11529	1501	0.14835897
11529	1937	0.14835897
11529	538	0.14835894
11529	1545	0.14835894
11529	1659	0.14835894
11529	1916	0.14835894
11601	6765	0.124378555
11601	110	0.12437855
11601	700	0.12437855
11601	2569	0.12437855
11601	6043	0.12437855
11601	2640	0.12437854
11601	4989	0.12437854
11601	1154	0.12437853
11601	1360	0.12437853
11601	1752	0.12437853
11621	3458	0.1081889
11621	5392	0.10818888
11621	6703	0.10818887
11621	3732	0.10818886
11621	314	0.10818885
11621	952	0.10818885
11621	2973	0.10818885
11621	3182	0.10818885
11621	4796	0.10818885
11621	228	0.10818884
11629	2154	0.1342672
11629	4914	0.13426718
11629	6656	0.13426718
11629	1638	0.13426712
11629	2429	0.13285707
11629	2029	0.13285705
11629	55	0.13285702
11629	2448	0.13285702
11629	56	0.132857
11629	2900	0.132857
11638	1731	0.09472662
11638	2983	0.09472662
11638	1805	0.09472661
11638	193	0.0947266
11638	1570	0.0947266
11638	1709	0.0947266
11638	3234	0.0947266
11638	4197	0.0947266
11638	6887	0.0947266
11638	100	0.09472659
11657	858	0.15160298
11657	6057	0.15160298
11657	2463	0.15160297
11657	3657	0.15160297
11657	3856	0.15160297
11657	4524	0.15160297
11657	430	0.15160295
11657	1643	0.15160295
11657	2156	0.15160295
11657	2767	0.15160295
11687	2463	0.11258371
11687	6057	0.11258371
11687	858	0.112583704
11687	4493	0.112583704
11687	1643	0.1125837
11687	2767	0.1125837
11687	3657	0.1125837
11687	3856	0.1125837
11687	4524	0.1125837
11687	6055	0.1125837
11708	2782	0.11475658
11708	1616	0.114756554
11708	1398	0.11475655
11708	1541	0.11475655
11708	672	0.11475654
11708	3559	0.11475654
11708	5372	0.11475654
11708	5469	0.11475654
11708	1095	0.11475653
11708	1816	0.11475653
11718	2094	0.10999893
11718	3410	0.10909172
11718	1266	0.108938724
11718	3578	0.108938724
11718	3110	0.10893872
11718	903	0.10893871
11718	2428	0.108938694
11718	3556	0.108938694
11718	6650	0.108938694
11718	489	0.10893869
11724	5083	0.10620524
11724	824	0.105434135
11724	3835	0.105434105
11724	4654	0.105434105
11724	6086	0.105434105
11724	1335	0.105434075
11724	5430	0.105434075
11724	681	0.10529741
11724	5647	0.10529739
11724	778	0.10484761
11788	551	0.1156787
11788	5499	0.1156787
11788	6920	0.1156787
11788	625	0.11567869
11788	6828	0.11567869
11788	1547	0.11567868
11788	1963	0.11567868
11788	4473	0.11567868
11788	4507	0.11567868
11788	5109	0.11567868
11832	6912	0.09414153
11832	2287	0.09344868
11832	4446	0.09344866
11832	5804	0.09344866
11832	2420	0.093448654
11832	6895	0.09344863
11832	211	0.09332434
11832	4385	0.09332432
11832	2522	0.093324296
11832	2639	0.09268628
11916	6536	0.13643971
11916	1009	0.1364397
11916	1879	0.13643968
11916	3044	0.13643968
11916	4321	0.13643968
11916	4434	0.13643968
11916	4579	0.13643968
11916	5574	0.13643968
11916	6060	0.13643968
11916	6534	0.13643968
11944	45	0.12606332
11944	782	0.12606332
11944	1962	0.12606332
11944	2703	0.12606332
11944	5940	0.12606332
11944	2807	0.1260633
11944	3465	0.1260633
11944	4561	0.1260633
11944	5272	0.1260633
11944	6189	0.1260633
11993	11	0.117172375
11993	6692	0.11717235
11993	1133	0.117172346
11993	888	0.11629316
11993	5007	0.11629316
11993	4915	0.11629315
11993	6665	0.11629313
11993	129	0.11629312
11993	1112	0.11629312
11993	6803	0.11629312
12100	2752	0.12504983
12100	2803	0.12504983
12100	4293	0.12504983
12100	5558	0.12504983
12100	6341	0.12504983
12100	628	0.12504981
12100	3018	0.12504981
12100	3916	0.12504981
12100	3978	0.12504981
12100	4403	0.12504981
12123	1579	0.110976145
12123	2269	0.110976145
12123	4433	0.110976145
12123	539	0.11097614
12123	3286	0.11097614
12123	2354	0.11097613
12123	2880	0.11097613
12123	2920	0.11097612
12123	5242	0.11097612
12123	5696	0.11097612
12154	118	0.11176559
12154	184	0.111765586
12154	4704	0.11176558
12154	5992	0.11176558
12154	6814	0.11176558
12154	540	0.11176557
12154	1506	0.11176557
12154	1667	0.11176557
12154	5817	0.11176557
12154	6684	0.11176557
12194	1606	0.10049441
12194	280	0.10049437
12194	2003	0.10034233
12194	3602	0.09981539
12194	133	0.09842397
12194	622	0.098423965
12194	473	0.09842396
12194	2014	0.09842396
12194	1359	0.09842394
12194	3048	0.09842394
12272	389	0.11122887
12272	633	0.11122887
12272	2054	0.11122887
12272	2843	0.11122887
12272	2998	0.11122887
12272	3089	0.11122887
12272	4121	0.11122887
12272	4847	0.11122887
12272	6495	0.11122887
12272	6725	0.11122887
12316	3113	0.12317745
12316	1235	0.12317744
12316	1420	0.123177424
12316	205	0.123177394
12316	1100	0.12207332
12316	6015	0.1220733
12316	1024	0.12027585
12316	1880	0.12027583
12316	351	0.120275825
12316	697	0.120275825
12348	3765	0.119694844
12348	6331	0.119694844
12348	2796	0.11969484
12348	748	0.11969483
12348	788	0.11969483
12348	1425	0.11969483
12348	1552	0.11969483
12348	2842	0.11969483
12348	4950	0.11969483
12348	5390	0.11969483
12515	3253	0.13376717
12515	3853	0.13376717
12515	4204	0.13376717
12515	2305	0.13376716
12515	3294	0.13376716
12515	3938	0.13376716
12515	5766	0.13376716
12515	6460	0.13376716
12515	758	0.13376714
12515	3153	0.13376714
12538	990	0.13920507
12538	4557	0.13920507
12538	4898	0.13920507
12538	6212	0.13920507
12538	6535	0.13920505
12538	96	0.13920504
12538	572	0.13920504
12538	839	0.13920504
12538	866	0.13920504
12538	1486	0.13920504
12569	1851	0.09119655
12569	3176	0.09119655
12569	279	0.091196544
12569	4666	0.09119653
12569	1769	0.09119652
12569	2362	0.09119652
12569	5879	0.09119652
12569	432	0.091196515
12569	2948	0.091196515
12569	3420	0.091196515
12619	3327	0.12266451
12619	4154	0.1226645
12619	4835	0.12266449
12619	4920	0.12266449
12619	83	0.12266448
12619	253	0.12266448
12619	454	0.12266448
12619	1002	0.12266448
12619	1379	0.12266448
12619	1728	0.12266448
12698	2755	0.08874098
12698	4919	0.08874098
12698	5702	0.088740975
12698	1236	0.08874097
12698	1927	0.08874097
12698	2725	0.08874097
12698	6306	0.08874097
12698	715	0.08874096
12698	1268	0.08874096
12698	1394	0.08874096
12702	1368	0.109732985
12702	2979	0.109732985
12702	3328	0.109732985
12702	3365	0.109732985
12702	5067	0.109732985
12702	6730	0.10973296
12702	4840	0.10968131
12702	338	0.10968129
12702	6385	0.10968129
12702	3445	0.109681286
12707	581	0.10007155
12707	384	0.10007154
12707	732	0.100071535
12707	1436	0.100071535
12707	3480	0.100071535
12707	3581	0.100071535
12707	5156	0.100071535
12707	6388	0.100071535
12707	411	0.10007153
12707	1512	0.10007153
12784	1293	0.11873303
12784	1666	0.11873303
12784	2664	0.11873303
12784	2702	0.11873302
12784	3455	0.11873302
12784	2203	0.11873301
12784	4772	0.11873301
12784	2325	0.118733004
12784	5032	0.118733004
12784	6354	0.118733004
12811	4751	0.12342096
12811	2326	0.123420954
12811	1302	0.12342095
12811	3525	0.12342094
12811	5140	0.12342094
12811	5629	0.12342094
12811	1174	0.123420924
12811	2888	0.123420924
12811	4181	0.123420924
12811	1185	0.12342092
12824	120	0.10530165
12824	4864	0.10530164
12824	6804	0.10530164
12824	2527	0.10530163
12824	3136	0.10530163
12824	6868	0.10530163
12824	5760	0.105301626
12824	2548	0.10530162
12824	2826	0.10530162
12824	4230	0.10530162
12863	1701	0.103689335
12863	5311	0.103689335
12863	904	0.10368933
12863	5298	0.10368933
12863	5649	0.10368933
12863	1127	0.10368932
12863	2052	0.10368932
12863	841	0.10368931
12863	4380	0.10368931
12863	4484	0.10368931
12917	905	0.108554006
12917	1708	0.108554006
12917	5489	0.108554006
12917	5900	0.108554006
12917	6059	0.108554006
12917	731	0.108554
12917	649	0.10855399
12917	739	0.10855399
12917	213	0.10855398
12917	1251	0.10855398
12982	824	0.08378261
12982	4654	0.083782606
12982	3835	0.0837826
12982	5430	0.08378258
12982	6086	0.08378258
12982	2030	0.082456544
12982	1111	0.08245653
12982	5085	0.082456514
12982	6727	0.0824565
12982	2038	0.08197928
12990	3184	0.10845798
12990	380	0.10845795
12990	1063	0.10845795
12990	4114	0.10845795
12990	4538	0.10845795
12990	4812	0.10845795
12990	4946	0.10845795
12990	1589	0.108457945
12990	2063	0.108457945
12990	3910	0.108457945
13080	3197	0.10986373
13080	3285	0.10986373
13080	3550	0.10986373
13080	3913	0.10986373
13080	6446	0.10986373
13080	388	0.10986371
13080	4062	0.10986371
13080	4438	0.10986371
13080	5923	0.10986371
13080	6715	0.10986371
13082	3039	0.10520412
13082	75	0.105204105
13082	485	0.105204105
13082	2214	0.105204105
13082	2292	0.105204105
13082	5163	0.105204105
13082	6680	0.105204105
13082	6786	0.105204105
13082	1264	0.1052041
13082	5147	0.1052041
13093	2185	0.10697223
13093	2421	0.10676057
13093	2911	0.106760554
13093	1844	0.10676055
13093	2384	0.10676055
13093	4627	0.10676054
13093	6737	0.10676053
13093	6167	0.106760524
13093	5634	0.1067605
13093	76	0.10599989
13094	5349	0.12532614
13094	2262	0.12532613
13094	3267	0.12532613
13094	4481	0.12532613
13094	5350	0.12532613
13094	6728	0.1253261
13094	3982	0.12513404
13094	5481	0.12513404
13094	6027	0.12513404
13094	1010	0.12513402
13126	1034	0.106031775
13126	6346	0.106031775
13126	1031	0.10603177
13126	463	0.10603176
13126	2150	0.10603176
13126	2307	0.10603176
13126	2923	0.10603176
13126	3796	0.10603176
13126	3997	0.10603176
13126	5694	0.10603176
13221	2230	0.12479375
13221	4183	0.124793746
13221	1176	0.12479374
13221	2407	0.12479374
13221	3892	0.12479374
13221	4246	0.12479374
13221	3313	0.12479373
13221	4790	0.12479373
13221	1576	0.12479372
13221	2224	0.12479372
13273	4026	0.11868806
13273	67	0.11868804
13273	93	0.11868804
13273	971	0.11868803
13273	2545	0.11868803
13273	3361	0.11868803
13273	4029	0.11868803
13273	1068	0.118688025
13273	1505	0.11868802
13273	1688	0.11868802
13279	410	0.11562731
13279	2504	0.11562731
13279	61	0.1156273
13279	1578	0.1156273
13279	240	0.11562729
13279	446	0.11562729
13279	635	0.11562729
13279	1550	0.11562729
13279	2175	0.11562729
13279	4878	0.11562729
13331	778	0.10550368
13331	1288	0.10550365
13331	5519	0.10550365
13331	5546	0.10550365
13331	6802	0.10550365
13331	466	0.10550364
13331	1633	0.10550364
13331	1967	0.10550364
13331	3721	0.10550364
13331	5937	0.10550364
13518	1470	0.10296959
13518	3228	0.10296958
13518	4397	0.10296958
13518	422	0.102852896
13518	504	0.102852896
13518	798	0.102852896
13518	1743	0.102852896
13518	2972	0.102852896
13518	3624	0.102852896
13518	4334	0.102852896
13551	2782	0.110185094
13551	1398	0.11018508
13551	1541	0.11018508
13551	672	0.11018507
13551	1616	0.11018507
13551	1816	0.11018507
13551	2356	0.11018507
13551	3559	0.11018507
13551	5372	0.11018507
13551	5469	0.11018507
13582	274	0.1035364
13582	434	0.1035364
13582	3318	0.10353638
13582	5457	0.10341692
13582	1377	0.10301755
13582	2790	0.10271188
13582	4684	0.10259242
13582	2422	0.10259241
13582	3108	0.10259239
13582	730	0.102521434
13600	4175	0.109699875
13600	5122	0.10969987
13600	79	0.10969986
13600	2728	0.10969986
13600	3059	0.10969986
13600	4273	0.10969986
13600	4342	0.10969986
13600	4525	0.10969986
13600	6532	0.10969986
13600	1624	0.10969985
13604	4884	0.12023368
13604	1531	0.12023367
13604	5146	0.120233655
13604	5648	0.120233655
13604	4799	0.12023365
13604	4329	0.12023364
13604	4650	0.12023364
13604	4979	0.12023363
13604	2551	0.120233625
13604	5968	0.120233625
13664	4175	0.1304258
13664	4273	0.1304258
13664	5122	0.1304258
13664	79	0.13042578
13664	168	0.13042578
13664	450	0.13042578
13664	1624	0.13042578
13664	2550	0.13042578
13664	3059	0.13042578
13664	3952	0.13042578
13666	4273	0.120376915
13666	79	0.12037691
13666	3059	0.12037691
13666	4175	0.12037691
13666	1624	0.1203769
13666	4342	0.1203769
13666	4177	0.12037689
13666	4525	0.12037689
13666	5122	0.12037689
13666	6532	0.12037689
13733	1960	0.0964587
13733	5008	0.0964587
13733	3627	0.096458696
13733	4417	0.096458696
13733	5205	0.09645868
13733	6228	0.096458666
13733	3047	0.096171156
13733	3672	0.096171156
13733	3639	0.09617115
13733	2207	0.09580843
13850	6652	0.11536153
13850	701	0.11536152
13850	1957	0.11536152
13850	68	0.11536151
13850	1513	0.1153615
13850	5461	0.11518494
13850	97	0.11518491
13850	3895	0.1151849
13850	6766	0.115184896
13850	6892	0.11518489
13973	1812	0.095165126
13973	1089	0.09516512
13973	5043	0.09516512
13973	5448	0.09516512
13973	690	0.09516511
13973	1872	0.09516511
13973	5485	0.09516511
13973	71	0.0951651
13973	560	0.0951651
13973	1596	0.0951651
13995	110	0.11721552
13995	1752	0.11721552
13995	6043	0.11721552
13995	6765	0.11721552
13995	700	0.117215514
13995	2640	0.117215514
13995	6676	0.117215514
13995	1144	0.1172155
13995	1330	0.1172155
13995	2179	0.1172155
14049	3628	0.118261814
14049	4412	0.118049674
14049	596	0.11804963
14049	3630	0.11783217
14049	6618	0.11783214
14049	3703	0.11783213
14049	4586	0.11783212
14049	5174	0.11783212
14049	3017	0.11783211
14049	4102	0.11783211
14180	4147	0.1374654
14180	6001	0.1374654
14180	5047	0.13746539
14180	6498	0.13746539
14180	1241	0.13746537
14180	3257	0.13746537
14180	3801	0.13746537
14180	6138	0.13746537
14180	1591	0.13746536
14180	1861	0.13746536
14271	5426	0.10274234
14271	4962	0.102742314
14271	5187	0.10274229
14271	4211	0.10248527
14271	3274	0.102485254
14271	5841	0.102485254
14271	3061	0.10248525
14271	5179	0.10248525
14271	5925	0.10248525
14271	1057	0.10248524
14374	2782	0.10686678
14374	3559	0.106866755
14374	1095	0.10686675
14374	1398	0.10686675
14374	1541	0.10686675
14374	1616	0.10686675
14374	2356	0.10686675
14374	5469	0.10686675
14374	1816	0.10686674
14374	2176	0.10686674
14387	1731	0.119414315
14387	2997	0.119414315
14387	4197	0.11941431
14387	193	0.1194143
14387	744	0.1194143
14387	1207	0.1194143
14387	1805	0.1194143
14387	2983	0.1194143
14387	3234	0.1194143
14387	3366	0.1194143
14393	4256	0.1256251
14393	6485	0.12562509
14393	4249	0.12562506
14393	1997	0.12562504
14393	3327	0.12554978
14393	1852	0.12554976
14393	4154	0.12554976
14393	4239	0.12554976
14393	4835	0.12554976
14393	294	0.12554975
14422	3148	0.09596095
14422	1817	0.09566876
14422	4731	0.09566875
14422	2883	0.09566874
14422	384	0.09555677
14422	1436	0.09555675
14422	3581	0.09555675
14422	3625	0.09555675
14422	232	0.09555674
14422	4413	0.09555674
14456	1031	0.12573516
14456	1034	0.12573516
14456	6099	0.12573516
14456	6346	0.12573516
14456	463	0.12573515
14456	2307	0.12573515
14456	2964	0.12573515
14456	3796	0.12573515
14456	4392	0.12573515
14456	5132	0.12573515
14461	824	0.101114176
14461	4654	0.101114154
14461	3835	0.10111415
14461	5430	0.10111413
14461	6086	0.10111413
14461	1335	0.101114124
14461	1075	0.10073902
14461	2645	0.100739
14461	5213	0.100739
14461	1652	0.10073899
14521	170	0.10427851
14521	169	0.10427849
14521	611	0.10427849
14521	1446	0.10427849
14521	1707	0.10427849
14521	7	0.10427848
14521	1612	0.10427848
14521	3221	0.10427848
14521	884	0.104278475
14521	2398	0.104278475
14638	3457	0.11860486
14638	5618	0.11860485
14638	5918	0.11860485
14638	2776	0.11860484
14638	341	0.11860483
14638	831	0.118604824
14638	6184	0.118604824
14638	3897	0.118604794
14638	3376	0.11860478
14638	133	0.11831148
14667	2134	0.10887704
14667	531	0.10887703
14667	545	0.108877026
14667	1307	0.108877026
14667	3303	0.10887702
14667	5422	0.10887702
14667	5887	0.10887701
14667	1720	0.108877
14667	3051	0.108877
14667	3156	0.108877
14698	1471	0.12217246
14698	2158	0.122172445
14698	4381	0.122172445
14698	2856	0.12217244
14698	908	0.12217243
14698	3215	0.12217243
14698	4483	0.12217243
14698	4865	0.12217243
14698	838	0.12217242
14698	186	0.122172415
14744	4349	0.11231013
14744	4455	0.112310074
14744	5706	0.11231007
14744	4046	0.11231004
14744	4365	0.11204024
14744	4229	0.11204022
14744	688	0.11158217
14744	1739	0.11158216
14744	3217	0.11158216
14744	6488	0.11158216
14768	4617	0.099668026
14768	3427	0.09966801
14768	3955	0.09966801
14768	5106	0.099668
14768	6395	0.099668
14768	3803	0.099667996
14768	5601	0.09966799
14768	5705	0.09966799
14768	2236	0.09966798
14768	3342	0.09966798
14897	3231	0.104205996
14897	681	0.10217658
14897	5647	0.10217655
14897	2867	0.10161525
14897	5254	0.101615235
14897	2513	0.10161522
14897	4501	0.10161522
14897	53	0.10147644
14897	1475	0.101339236
14897	6719	0.10091511
15021	6001	0.10649289
15021	2756	0.10649286
15021	3257	0.10649286
15021	4147	0.10649286
15021	6498	0.10649286
15021	5047	0.106492855
15021	1241	0.10649285
15021	1861	0.10649285
15021	2758	0.10649285
15021	3801	0.10649285
15046	5940	0.12457779
15046	45	0.12457778
15046	2703	0.12457778
15046	782	0.124577776
15046	2211	0.124577776
15046	3465	0.124577776
15046	6309	0.124577776
15046	6499	0.124577776
15046	113	0.12457777
15046	1962	0.12457777
15049	358	0.09831403
15049	871	0.098314025
15049	3662	0.09831402
15049	2508	0.09831401
15049	6515	0.098314
15049	1797	0.098313995
15049	2675	0.098313995
15049	2107	0.097822815
15049	3564	0.097822815
15049	5441	0.097822785
15144	2134	0.11578193
15144	3303	0.115781926
15144	531	0.11578192
15144	1307	0.11578192
15144	2553	0.11578192
15144	3051	0.11578192
15144	5887	0.11578192
15144	545	0.1157819
15144	1720	0.1157819
15144	4149	0.1157819
15408	1812	0.12502708
15408	1089	0.12502706
15408	4737	0.12502706
15408	5043	0.12502706
15408	5448	0.12502706
15408	5485	0.12502706
15408	5537	0.12502706
15408	690	0.12502705
15408	1596	0.12502705
15408	1781	0.12502705
15418	120	0.09032462
15418	6804	0.09032461
15418	5760	0.0903246
15418	2548	0.090324596
15418	3136	0.090324596
15418	4722	0.090324596
15418	4864	0.090324596
15418	6868	0.090324596
15418	2527	0.09032459
15418	2826	0.09032459
15497	3841	0.11528211
15497	6899	0.1152821
15497	5722	0.11528207
15497	2092	0.11467837
15497	4508	0.11467836
15497	4949	0.11467835
15497	5185	0.11467835
15497	819	0.114678346
15497	3699	0.114678346
15497	1700	0.11467833
15602	4100	0.12030618
15602	2684	0.12030617
15602	3619	0.12030617
15602	4036	0.12030617
15602	719	0.120306164
15602	4025	0.120306164
15602	4745	0.120306164
15602	436	0.12030616
15602	6187	0.12030616
15602	6252	0.12030616
15651	2107	0.110895574
15651	3564	0.11089556
15651	3198	0.11089552
15651	5044	0.11089552
15651	5441	0.11089552
15651	3333	0.110895514
15651	4193	0.110895514
15651	5048	0.110895514
15651	6154	0.110895514
15651	6908	0.110895514
15654	110	0.12587216
15654	6043	0.12587215
15654	6765	0.12587215
15654	1144	0.12587214
15654	1752	0.12587214
15654	2569	0.12587214
15654	2640	0.12587214
15654	5572	0.12587214
15654	6117	0.12587214
15654	6676	0.12587214
15670	3396	0.112971514
15670	2951	0.11297151
15670	5371	0.1129715
15670	6605	0.11297149
15670	6825	0.11297149
15670	459	0.112971485
15670	2004	0.112971485
15670	1301	0.11297148
15670	1247	0.11297147
15670	4259	0.11297147
15819	2287	0.1070257
15819	5804	0.107025675
15819	4446	0.10702567
15819	6895	0.10702565
15819	6912	0.10655966
15819	1844	0.10532114
15819	2911	0.10532113
15819	4627	0.105321124
15819	2384	0.10532111
15819	6737	0.10532111
15845	1626	0.09658208
15845	3468	0.09658207
15845	3738	0.09658206
15845	6611	0.09658206
15845	127	0.096582055
15845	243	0.096582055
15845	4743	0.096582055
15845	5525	0.096582055
15845	6678	0.096582055
15845	5459	0.09658205
15945	3913	0.116107695
15945	3197	0.11610769
15945	3285	0.11610769
15945	3550	0.11610769
15945	6446	0.11610769
15945	388	0.11610767
15945	2800	0.11610767
15945	4438	0.11610767
15945	4869	0.11610767
15945	5923	0.11610767
15957	3197	0.093385026
15957	3285	0.093385026
15957	3550	0.093385026
15957	3913	0.093385026
15957	6446	0.093385026
15957	5923	0.09338502
15957	388	0.09338501
15957	2800	0.09338501
15957	4062	0.09338501
15957	4169	0.09338501
16009	2782	0.103702605
16009	1541	0.10370259
16009	1616	0.10370259
16009	1816	0.10370259
16009	3559	0.10370259
16009	5469	0.10370259
16009	1095	0.10370258
16009	1398	0.10370258
16009	2356	0.10370258
16009	2889	0.10370258
16010	320	0.11425512
16010	3743	0.11425512
16010	4014	0.11425512
16010	346	0.114255115
16010	1855	0.114255115
16010	4464	0.114255115
16010	6863	0.114255115
16010	2339	0.11425511
16010	3350	0.11425511
16010	3501	0.11425511
16036	3686	0.11520275
16036	2555	0.115202725
16036	5815	0.115202725
16036	1569	0.1143918
16036	1716	0.114391774
16036	5875	0.114391774
16036	6657	0.114391774
16036	1556	0.11439177
16036	1460	0.11439176
16036	3128	0.11439176
16046	3895	0.10604973
16046	5461	0.10604973
16046	97	0.1060497
16046	6766	0.1060497
16046	6892	0.1060497
16046	702	0.10604969
16046	6619	0.10604969
16046	6096	0.10604968
16046	1104	0.10604967
16046	6053	0.10604967
16106	1023	0.1319843
16106	4221	0.13198426
16106	994	0.13198423
16106	1501	0.13183084
16106	1937	0.13183081
16106	538	0.1318308
16106	1545	0.1318308
16106	1659	0.1318308
16106	302	0.13183078
16106	1916	0.13183078
16121	6779	0.092037216
16121	1926	0.0920372
16121	6784	0.0920372
16121	727	0.092037186
16121	1028	0.092037186
16121	4350	0.09203718
16121	4269	0.09203717
16121	5526	0.09203717
16121	5778	0.09203717
16121	3477	0.092037156
16155	2018	0.10544191
16155	2860	0.10544191
16155	3161	0.10544191
16155	631	0.105441906
16155	2939	0.1054419
16155	4669	0.1054419
16155	5920	0.1054419
16155	6339	0.1054419
16155	6403	0.1054419
16155	6842	0.1054419
16161	5177	0.10886805
16161	2766	0.10886803
16161	5055	0.10886803
16161	6259	0.10886803
16161	5939	0.108868025
16161	3658	0.10886802
16161	6826	0.10886802
16161	1151	0.10886801
16161	6578	0.10858518
16161	109	0.10824337
16231	2030	0.0890329
16231	1111	0.089032896
16231	5085	0.08903287
16231	6727	0.08903287
16231	824	0.08871704
16231	4654	0.08871703
16231	3835	0.08871701
16231	6086	0.08871701
16231	1335	0.088717
16231	5430	0.088717
16246	976	0.10476381
16246	2934	0.10476381
16246	896	0.104763806
16246	3783	0.104763806
16246	1653	0.10476378
16246	5557	0.10476378
16246	5594	0.10476378
16246	3740	0.104763776
16246	1660	0.10476377
16246	2989	0.10476376
16263	3327	0.12339079
16263	4154	0.12339076
16263	83	0.12339075
16263	4133	0.12339075
16263	4835	0.12339075
16263	253	0.12339074
16263	1002	0.12339074
16263	1728	0.12339074
16263	4920	0.12339074
16263	5046	0.12339074
16383	110	0.115466
16383	6765	0.11546599
16383	1752	0.115465984
16383	2640	0.115465984
16383	6043	0.115465984
16383	700	0.11546598
16383	1144	0.11546598
16383	4720	0.11546598
16383	1159	0.11546597
16383	1408	0.11546597
16488	3917	0.09894019
16488	6122	0.098940186
16488	3256	0.09894018
16488	6382	0.09894018
16488	6808	0.09894018
16488	2169	0.09894017
16488	2494	0.09894017
16488	3580	0.09894017
16488	3919	0.09894017
16488	4649	0.09894017
16504	110	0.12726139
16504	2569	0.12726137
16504	6043	0.12726137
16504	700	0.12726136
16504	2005	0.12726136
16504	2640	0.12726136
16504	4989	0.12726136
16504	5034	0.12726136
16504	6117	0.12726136
16504	6676	0.12726136
16510	6141	0.107537255
16510	3099	0.106739774
16510	3279	0.106739774
16510	5113	0.106739774
16510	5189	0.106739774
16510	6914	0.106739774
16510	1829	0.10673976
16510	4018	0.10673975
16510	6584	0.106739745
16510	2839	0.106739715
16545	631	0.13846439
16545	2860	0.13846439
16545	3161	0.13846439
16545	4291	0.13846439
16545	5871	0.13846439
16545	6339	0.13846439
16545	2018	0.13846438
16545	5920	0.13846438
16545	132	0.13846436
16545	598	0.13846436
16551	1471	0.102244675
16551	4381	0.102244675
16551	908	0.10224466
16551	2158	0.10224466
16551	4865	0.10224466
16551	2856	0.10224465
16551	4483	0.10224465
16551	838	0.102244645
16551	3215	0.102244645
16551	3790	0.102244645
16599	2050	0.1001475
16599	3177	0.10014749
16599	2233	0.100147486
16599	1875	0.10014748
16599	2755	0.09999956
16599	4919	0.09999956
16599	5702	0.09999956
16599	6306	0.09999956
16599	1236	0.099999554
16599	1927	0.099999554
16601	3225	0.10979454
16601	2810	0.10979452
16601	117	0.109794505
16601	471	0.10979449
16601	6192	0.109562695
16601	4909	0.10956269
16601	480	0.10956268
16601	3403	0.10956268
16601	382	0.109562665
16601	1037	0.109562665
16666	982	0.099359915
16666	4370	0.0993599
16666	6250	0.0993599
16666	260	0.099359885
16666	1045	0.099359885
16666	1853	0.099359885
16666	2301	0.099359885
16666	5191	0.09935988
16666	319	0.09935987
16666	2950	0.09935987
16718	512	0.100412175
16718	3116	0.100412145
16718	6878	0.10012282
16718	996	0.100122795
16718	1617	0.100122795
16718	5195	0.09985031
16718	3479	0.09985029
16718	6114	0.09985028
16718	1399	0.099850275
16718	5913	0.09985027
16721	5711	0.13512555
16721	5907	0.13512555
16721	3292	0.13512553
16721	4928	0.13512552
16721	6317	0.13512552
16721	767	0.1351255
16721	2424	0.1351255
16721	6707	0.1351255
16721	2644	0.13512549
16721	4923	0.13512549
16755	1231	0.12117653
16755	4526	0.121176526
16755	3951	0.12117651
16755	1725	0.1211765
16755	4816	0.1211765
16755	2771	0.121176496
16755	3566	0.121176496
16755	4311	0.121176496
16755	4934	0.121176496
16755	5551	0.121176496
16777	110	0.12946057
16777	1752	0.12946056
16777	6765	0.12946056
16777	700	0.12946054
16777	2640	0.12946054
16777	3469	0.12946054
16777	4720	0.12946054
16777	5034	0.12946054
16777	5572	0.12946054
16777	6043	0.12946054
16781	6564	0.12837325
16781	1955	0.12837324
16781	2746	0.12837324
16781	2963	0.12837322
16781	5255	0.12837322
16781	3583	0.1283732
16781	3659	0.1283732
16781	3921	0.1283732
16781	4458	0.12837319
16781	3884	0.12837318
16798	444	0.12487419
16798	3882	0.12487419
16798	381	0.12487418
16798	6335	0.124874175
16798	4234	0.12487417
16798	6590	0.12487417
16798	165	0.12487416
16798	2235	0.12487416
16798	2788	0.12487416
16798	4346	0.12487416
16818	87	0.09696634
16818	2652	0.09696634
16818	4258	0.09696634
16818	5620	0.09696633
16818	310	0.096966326
16818	1200	0.09696631
16818	2231	0.09696631
16818	1438	0.096966304
16818	6264	0.096966304
16818	4294	0.0969663
16877	3681	0.11511386
16877	6315	0.115113854
16877	6074	0.11511383
16877	6300	0.11511383
16877	3238	0.11511382
16877	2544	0.11511381
16877	5	0.115113795
16877	2148	0.115113795
16877	4051	0.115113795
16877	1692	0.11511379
16908	5826	0.12390055
16908	4660	0.123900495
16908	3297	0.12389468
16908	3503	0.12389468
16908	3636	0.12389466
16908	6215	0.12389466
16908	4118	0.12389465
16908	5293	0.12389464
16908	549	0.12389463
16908	4632	0.12389463
16916	269	0.11673996
16916	1311	0.11673996
16916	6356	0.11673996
16916	6636	0.11673996
16916	6698	0.11673996
16916	6903	0.11673996
16916	797	0.11673995
16916	4109	0.11673995
16916	6472	0.11673995
16916	1250	0.11673994
16943	6043	0.10240358
16943	110	0.10240357
16943	6765	0.10240357
16943	1752	0.102403566
16943	2640	0.102403566
16943	6676	0.102403566
16943	700	0.10240356
16943	2569	0.10240356
16943	3469	0.10240356
16943	1159	0.10240355
16949	456	0.09197812
16949	4573	0.0919781
16949	1102	0.09197809
16949	1401	0.09197809
16949	3456	0.09197807
16949	3644	0.09197806
16949	4739	0.09197806
16949	4017	0.09197805
16949	2856	0.09194945
16949	4865	0.09194945
16966	4557	0.15716533
16966	6212	0.15716533
16966	990	0.15716532
16966	1486	0.15716532
16966	4898	0.15716532
16966	5101	0.15716532
16966	5874	0.15716532
16966	6535	0.15716532
16966	6875	0.15716532
16966	1105	0.1571653
16996	4751	0.106402904
16996	5629	0.10640288
16996	1302	0.106402874
16996	2326	0.106402874
16996	2888	0.106402874
16996	789	0.10640287
16996	1174	0.10640287
16996	3525	0.10640287
16996	5140	0.10640287
16996	1185	0.10640286
16999	2782	0.12175727
16999	1541	0.12175725
16999	1398	0.12175724
16999	3559	0.12175724
16999	1816	0.12175723
16999	2356	0.12175723
16999	672	0.121757224
16999	1616	0.121757224
16999	1820	0.121757224
16999	2176	0.121757224
17003	6341	0.119070664
17003	2752	0.11907066
17003	3018	0.11907066
17003	4293	0.11907066
17003	5558	0.11907066
17003	2669	0.11907065
17003	2803	0.11907065
17003	3916	0.11907065
17003	4403	0.11907065
17003	628	0.11907064
17046	2214	0.09826363
17046	2215	0.09826362
17046	2292	0.09826362
17046	3039	0.09826362
17046	3597	0.09826362
17046	6014	0.09826362
17046	6680	0.09826362
17046	75	0.098263614
17046	485	0.098263614
17046	975	0.098263614
17159	504	0.09483402
17159	2696	0.09483402
17159	3624	0.09483402
17159	4334	0.09483402
17159	5015	0.09483402
17159	298	0.094834015
17159	422	0.094834015
17159	798	0.094834015
17159	802	0.094834015
17159	892	0.094834015
17177	1440	0.10495508
17177	4202	0.10495508
17177	3697	0.10495506
17177	5613	0.104955055
17177	6221	0.104955055
17177	6886	0.104955055
17177	1087	0.10495505
17177	1439	0.10495505
17177	2090	0.10495505
17177	4757	0.10495505
17183	4235	0.10190107
17183	5834	0.10190106
17183	3300	0.101901054
17183	3407	0.101901054
17183	462	0.10190104
17183	2316	0.10190104
17183	2905	0.10190104
17183	2349	0.10190103
17183	3428	0.101901025
17183	696	0.1014889
17190	5265	0.104831606
17190	5172	0.10483159
17190	5679	0.10483159
17190	519	0.10483156
17190	970	0.10483156
17190	2418	0.104831554
17190	4633	0.104831554
17190	6651	0.104831554
17190	3016	0.10483155
17190	6698	0.10447173
17233	320	0.105511
17233	3743	0.105511
17233	236	0.105510995
17233	346	0.105510995
17233	1567	0.105510995
17233	1629	0.105510995
17233	1855	0.105510995
17233	2339	0.105510995
17233	4014	0.105510995
17233	4854	0.105510995
17282	5761	0.11600067
17282	5268	0.11600063
17282	1780	0.11600062
17282	6468	0.11600062
17282	4124	0.11600059
17282	322	0.11600058
17282	3687	0.115950845
17282	2025	0.11595084
17282	3848	0.115950815
17282	290	0.11556023
17402	394	0.09501384
17402	6321	0.09501383
17402	5911	0.09501382
17402	414	0.09501381
17402	2102	0.09501381
17402	3199	0.095013805
17402	6462	0.0950138
17402	78	0.09501378
17402	1035	0.09493353
17402	4057	0.094933525
17507	679	0.13801755
17507	4960	0.13801755
17507	6323	0.13801754
17507	6771	0.13801754
17507	3019	0.1380175
17507	4648	0.1380175
17507	4961	0.1380175
17507	5853	0.1380175
17507	562	0.1377101
17507	1678	0.1377101
17596	631	0.11260657
17596	2018	0.112606555
17596	4291	0.112606555
17596	2860	0.11260655
17596	3161	0.11260655
17596	598	0.11260654
17596	1703	0.11260654
17596	4669	0.11260654
17596	5871	0.11260654
17596	6282	0.11260654
17667	4141	0.1121802
17667	5996	0.11218016
17667	2496	0.11218014
17667	6037	0.11193012
17667	2281	0.11193011
17667	1928	0.1119301
17667	2205	0.11193007
17667	3726	0.111800246
17667	3939	0.11180024
17667	2808	0.11180023
17761	259	0.11547191
17761	3647	0.11547191
17761	4968	0.11547191
17761	733	0.1154719
17761	1823	0.1154719
17761	2001	0.1154719
17761	2687	0.1154719
17761	4695	0.1154719
17761	5150	0.1154719
17761	6763	0.1154719
17859	444	0.13244441
17859	3882	0.13244441
17859	381	0.13244438
17859	2788	0.13244438
17859	4346	0.13244438
17859	6335	0.13244438
17859	6590	0.13244438
17859	2235	0.13244437
17859	2944	0.13244437
17859	3015	0.13244437
17894	3327	0.1032172
17894	4154	0.103217185
17894	4835	0.10321718
17894	253	0.10321717
17894	294	0.10321717
17894	2278	0.10321717
17894	4133	0.10321717
17894	4239	0.10321717
17894	4920	0.10321717
17894	5046	0.10321717
17906	5792	0.11459719
17906	1303	0.11459718
17906	2357	0.11459718
17906	4703	0.11459718
17906	1873	0.11459717
17906	2549	0.11459717
17906	3534	0.11459717
17906	4936	0.11459717
17906	4431	0.114597164
17906	3724	0.11459716
17950	170	0.10210031
17950	1446	0.1021003
17950	611	0.10210029
17950	3221	0.10210029
17950	884	0.10210028
17950	1612	0.10210028
17950	1707	0.10210028
17950	2398	0.10210028
17950	6759	0.10210028
17950	2662	0.102100275
17970	733	0.09855558
17970	1618	0.09855558
17970	1823	0.09855558
17970	2001	0.09855558
17970	2687	0.09855558
17970	3647	0.09855558
17970	4695	0.09855558
17970	4968	0.09855558
17970	6763	0.09855558
17970	259	0.09855557
18067	384	0.090571314
18067	3480	0.090571314
18067	3581	0.090571314
18067	581	0.09057131
18067	732	0.09057131
18067	1512	0.09057131
18067	3625	0.09057131
18067	5156	0.09057131
18067	6388	0.09057131
18067	232	0.0905713
18082	170	0.11422761
18082	611	0.11422759
18082	169	0.11422758
18082	1707	0.11422758
18082	5362	0.11422758
18082	7	0.11422757
18082	1446	0.11422757
18082	6759	0.11422757
18082	884	0.11422756
18082	1612	0.11422756
18095	133	0.11577988
18095	2014	0.11577988
18095	473	0.11577986
18095	622	0.11577986
18095	660	0.11577985
18095	3048	0.11577985
18095	3064	0.11577985
18095	6383	0.11577985
18095	1359	0.11577984
18095	6277	0.11577984
18096	1743	0.10223437
18096	4334	0.10223437
18096	422	0.10223436
18096	504	0.10223436
18096	798	0.10223436
18096	2084	0.10223436
18096	2696	0.10223436
18096	2972	0.10223436
18096	3600	0.10223436
18096	3624	0.10223436
18155	959	0.09043104
18155	646	0.090431035
18155	4180	0.090431035
18155	6463	0.090431035
18155	4870	0.09043102
18155	3396	0.09030977
18155	2951	0.09030976
18155	2004	0.090309754
18155	5371	0.090309754
18155	6605	0.090309754
18172	3327	0.1065214
18172	4154	0.10652138
18172	4835	0.10652138
18172	83	0.106521375
18172	5046	0.106521375
18172	253	0.10652137
18172	294	0.10652137
18172	1852	0.10652137
18172	2278	0.10652137
18172	4133	0.10652137
18176	3402	0.11327495
18176	1857	0.11327493
18176	718	0.113274924
18176	496	0.11327492
18176	3223	0.11327492
18176	3985	0.11327492
18176	5406	0.11327491
18176	5486	0.11327491
18176	5926	0.1132749
18176	6508	0.113274895
18203	1743	0.10214917
18203	5015	0.10214917
18203	2696	0.102149166
18203	4334	0.102149166
18203	298	0.10214916
18203	422	0.10214916
18203	504	0.10214916
18203	798	0.10214916
18203	802	0.10214916
18203	892	0.10214916
18311	3053	0.1136566
18311	4236	0.11365658
18311	4623	0.113656566
18311	5800	0.1135678
18311	5682	0.11356779
18311	1766	0.113567784
18311	172	0.11356777
18311	4844	0.1116288
18311	4452	0.11162879
18311	4547	0.111628786
18384	1879	0.11271898
18384	1009	0.11271897
18384	4321	0.11271897
18384	4579	0.11271897
18384	6536	0.11271897
18384	5574	0.11271896
18384	6060	0.11271896
18384	924	0.112718955
18384	2473	0.112718955
18384	2525	0.112718955
18401	1922	0.11260571
18401	5012	0.112605706
18401	6048	0.112605706
18401	3264	0.1126057
18401	4083	0.1126057
18401	219	0.11260569
18401	221	0.11260568
18401	5944	0.11260568
18401	1834	0.112605676
18401	1923	0.112605676
18439	1812	0.10188572
18439	5043	0.10188572
18439	5448	0.10188572
18439	1089	0.10188571
18439	5537	0.10188571
18439	690	0.101885706
18439	1781	0.101885706
18439	4737	0.101885706
18439	5485	0.101885706
18439	71	0.1018857
18689	6001	0.12756169
18689	2756	0.12756166
18689	6498	0.12756166
18689	4147	0.12756164
18689	5047	0.12756164
18689	1241	0.12756163
18689	2758	0.12756163
18689	3801	0.12756163
18689	6045	0.12756163
18689	6138	0.12756163
18979	5324	0.13949391
18979	2618	0.13949388
18979	5767	0.13949388
18979	5229	0.13949387
18979	5512	0.13949381
18979	1922	0.13941461
18979	3248	0.13941461
18979	4083	0.13941461
18979	5012	0.13941461
18979	6048	0.13941461
19085	4007	0.13106276
19085	92	0.13106275
19085	2334	0.13106275
19085	3770	0.13106275
19085	5072	0.13106275
19085	3836	0.13106273
19085	6579	0.13106273
19085	349	0.13106272
19085	1306	0.13106272
19085	2081	0.13106272
19107	2782	0.10285784
19107	1398	0.10285782
19107	1541	0.10285782
19107	3559	0.10285782
19107	672	0.10285781
19107	5372	0.10285781
19107	5469	0.10285781
19107	1616	0.102857806
19107	1738	0.102857806
19107	2176	0.102857806
19145	5043	0.10947413
19145	1089	0.10947412
19145	1812	0.10947412
19145	5448	0.10947412
19145	5537	0.109474115
19145	690	0.10947411
19145	1596	0.10947411
19145	4737	0.10947411
19145	5485	0.10947411
19145	71	0.1094741
19233	1430	0.10271835
19233	6663	0.10271835
19233	1248	0.10271833
19233	2403	0.10271833
19233	114	0.10271832
19233	1188	0.102718316
19233	2738	0.102718316
19233	3701	0.102718316
19233	5559	0.102718316
19233	171	0.10271831
19336	730	0.09329667
19336	2372	0.09329665
19336	4284	0.09329665
19336	2050	0.093043014
19336	1875	0.093043
19336	3177	0.093043
19336	2233	0.093042985
19336	742	0.09232652
19336	2852	0.0923265
19336	1891	0.09227135
19362	6698	0.11762118
19362	269	0.11762117
19362	797	0.11762117
19362	1311	0.11762117
19362	2709	0.11762117
19362	3965	0.11762117
19362	6356	0.11762117
19362	6903	0.11762117
19362	249	0.11762116
19362	1794	0.11762116
19429	4273	0.11930181
19429	79	0.119301796
19429	251	0.119301796
19429	1624	0.119301796
19429	2728	0.119301796
19429	3059	0.119301796
19429	4175	0.119301796
19429	4342	0.119301796
19429	5122	0.119301796
19429	5316	0.119301796
19493	688	0.10244633
19493	6488	0.10244633
19493	1233	0.10244632
19493	1739	0.10244632
19493	2164	0.10244632
19493	2173	0.10244632
19493	2423	0.10244632
19493	3217	0.10244632
19493	5416	0.10244632
19493	134	0.10244631
19503	4751	0.12627487
19503	2326	0.12627485
19503	5629	0.12627485
19503	1302	0.12627484
19503	5140	0.12627484
19503	789	0.12627482
19503	1174	0.12627482
19503	1185	0.12627482
19503	2252	0.12627482
19503	2888	0.12627482
19570	4228	0.1070852
19570	311	0.10708518
19570	770	0.10708518
19570	1840	0.10708518
19570	2034	0.10708518
19570	2726	0.10708518
19570	3353	0.10708518
19570	4012	0.10708518
19570	4045	0.10708518
19570	4225	0.10708518
19571	2357	0.098270684
19571	4703	0.098270684
19571	5792	0.098270684
19571	6428	0.09827068
19571	513	0.09827067
19571	1303	0.09827067
19571	1873	0.09827067
19571	3724	0.09827067
19571	4936	0.09827067
19571	2467	0.09827066
19573	2357	0.11372744
19573	1303	0.113727435
19573	4703	0.113727435
19573	5792	0.113727435
19573	1873	0.11372743
19573	4936	0.11372743
19573	6428	0.11372743
19573	513	0.11372742
19573	2549	0.11372742
19573	3534	0.11372742
19659	118	0.09934025
19659	5817	0.099340245
19659	184	0.09934024
19659	540	0.09934024
19659	5992	0.09934024
19659	1506	0.09934023
19659	4704	0.09934023
19659	5079	0.09934023
19659	6684	0.09934023
19659	6814	0.09934023
19664	5043	0.10203506
19664	1089	0.10203505
19664	1781	0.102035046
19664	1812	0.102035046
19664	4737	0.102035046
19664	5448	0.102035046
19664	5485	0.102035046
19664	5537	0.102035046
19664	690	0.10203504
19664	2374	0.10203504
19681	6215	0.10248872
19681	3503	0.10248871
19681	3636	0.10248871
19681	3297	0.102488704
19681	549	0.1024887
19681	248	0.10248868
19681	612	0.10248868
19681	4118	0.10248868
19681	4632	0.10248868
19681	5293	0.10248868
19711	2207	0.111515015
19711	1062	0.11151501
19711	188	0.111515
19711	1639	0.111515
19711	3394	0.111515
19711	3851	0.111515
19711	607	0.11151499
19711	6549	0.11151499
19711	6685	0.11151499
19711	801	0.111514986
19760	990	0.119005434
19760	4898	0.11900543
19760	96	0.11900542
19760	1486	0.11900542
19760	5464	0.11900542
19760	6212	0.11900542
19760	6535	0.11900542
19760	6875	0.11900542
19760	785	0.11900541
19760	854	0.11900541
19842	320	0.11576749
19842	346	0.11576749
19842	1855	0.11576749
19842	3743	0.11576749
19842	4014	0.11576749
19842	4464	0.11576749
19842	6863	0.11576749
19842	159	0.11576748
19842	177	0.11576748
19842	1090	0.11576748
19972	982	0.10307743
19972	1045	0.1030774
19972	6250	0.1030774
19972	260	0.10307739
19972	1853	0.10307739
19972	4370	0.10307739
19972	2301	0.10307738
19972	4673	0.103077374
19972	5191	0.103077374
19972	5836	0.103077374
20005	6307	0.11402327
20005	5636	0.114023246
20005	3310	0.11402324
20005	3810	0.11402324
20005	5162	0.11402324
20005	62	0.11402323
20005	1902	0.11402323
20005	2492	0.11402323
20005	5216	0.11402323
20005	6790	0.11402323
20032	3089	0.121424116
20032	633	0.12142411
20032	6725	0.12142411
20032	2843	0.1214241
20032	4847	0.1214241
20032	6495	0.1214241
20032	389	0.121424094
20032	508	0.121424094
20032	2054	0.121424094
20032	3020	0.121424094
20034	5043	0.10237626
20034	1089	0.10237625
20034	1812	0.10237625
20034	5448	0.10237625
20034	5485	0.102376245
20034	5537	0.102376245
20034	690	0.10237624
20034	1781	0.10237624
20034	1872	0.10237624
20034	2739	0.10237624
20060	3327	0.11841427
20060	4154	0.11841425
20060	294	0.11841424
20060	4835	0.11841424
20060	4920	0.11841424
20060	5046	0.11841424
20060	83	0.11841423
20060	174	0.11841423
20060	2278	0.11841423
20060	4133	0.11841423
20106	444	0.10047428
20106	3882	0.100474276
20106	3072	0.10047427
20106	6335	0.10047427
20106	381	0.10047426
20106	165	0.10047425
20106	2788	0.10047425
20106	4346	0.10047425
20106	5438	0.10047425
20106	6590	0.10047425
20115	1035	0.09751525
20115	4057	0.09751524
20115	6888	0.097515225
20115	1801	0.09751522
20115	910	0.09751521
20115	1499	0.09751521
20115	3411	0.09751521
20115	3720	0.09751521
20115	2188	0.0975152
20115	4520	0.0975152
20119	1855	0.10714749
20119	320	0.107147485
20119	346	0.107147485
20119	1726	0.107147485
20119	2339	0.107147485
20119	3743	0.107147485
20119	4014	0.107147485
20119	1567	0.10714748
20119	3350	0.10714748
20119	4217	0.10714748
20147	61	0.124959305
20147	410	0.124959305
20147	696	0.124959305
20147	2504	0.124959305
20147	240	0.12495929
20147	635	0.12495929
20147	1578	0.12495929
20147	1550	0.12495928
20147	5250	0.12495928
20147	446	0.124959275
20149	259	0.12862666
20149	546	0.12862666
20149	1668	0.12862666
20149	1833	0.12862666
20149	2687	0.12862666
20149	5150	0.12862666
20149	5333	0.12862666
20149	6763	0.12862666
20149	326	0.12862664
20149	443	0.12862664
20150	3609	0.09830448
20150	2981	0.09672198
20150	6612	0.09672198
20150	1237	0.09672196
20150	1050	0.096411645
20150	3818	0.09641163
20150	3883	0.09641163
20150	4295	0.09641163
20150	3249	0.09641162
20150	5404	0.0964116
20172	1931	0.11202733
20172	2437	0.11202732
20172	5969	0.11202732
20172	6288	0.11202732
20172	6350	0.11202732
20172	374	0.11202731
20172	4764	0.1120273
20172	6539	0.1120273
20172	2312	0.112027295
20172	116	0.11202729
20180	350	0.11138336
20180	1502	0.111383356
20180	5193	0.111383356
20180	5279	0.111383356
20180	1946	0.11138335
20180	1212	0.11138334
20180	5985	0.11138334
20180	1514	0.111383334
20180	3043	0.11138332
20180	696	0.11108534
20201	4787	0.112891674
20201	2502	0.11289166
20201	4129	0.112891644
20201	6232	0.11289164
20201	4138	0.11289163
20201	3097	0.11289162
20201	3511	0.112891614
20201	3246	0.11289161
20201	5700	0.11289161
20201	6634	0.11289161
20245	2531	0.10882138
20245	3244	0.10882136
20245	2898	0.10882134
20245	4580	0.10882133
20245	2030	0.107887976
20245	1111	0.10788795
20245	5085	0.10788794
20245	6727	0.10788794
20245	1072	0.106634244
20245	5370	0.106634215
20250	110	0.1001084
20250	6043	0.10010839
20250	6765	0.10010839
20250	1144	0.100108385
20250	1752	0.100108385
20250	2569	0.100108385
20250	3469	0.100108385
20250	5034	0.100108385
20250	6676	0.100108385
20250	700	0.10010838
20265	6057	0.12091963
20265	4524	0.12091962
20265	1643	0.120919615
20265	2463	0.120919615
20265	3657	0.120919615
20265	3856	0.120919615
20265	4493	0.120919615
20265	6055	0.120919615
20265	858	0.12091961
20265	1641	0.12091961
20336	384	0.114824414
20336	3480	0.114824414
20336	581	0.11482441
20336	3581	0.11482441
20336	5156	0.11482441
20336	411	0.1148244
20336	732	0.1148244
20336	1436	0.1148244
20336	6388	0.1148244
20336	1554	0.11482439
20347	5762	0.09284885
20347	2330	0.092848845
20347	244	0.09284884
20347	5570	0.09284884
20347	2785	0.09284882
20347	293	0.09284881
20347	1740	0.09284881
20347	1876	0.09284881
20347	4867	0.0928488
20347	5057	0.0928488
20388	1731	0.10650398
20388	193	0.10650396
20388	744	0.10650396
20388	1207	0.10650396
20388	1709	0.10650396
20388	2983	0.10650396
20388	2997	0.10650396
20388	3234	0.10650396
20388	4197	0.10650396
20388	1918	0.106503956
20462	2504	0.09689034
20462	61	0.09689033
20462	410	0.09689033
20462	1550	0.09689033
20462	1578	0.09689032
20462	610	0.096890315
20462	635	0.096890315
20462	964	0.096890315
20462	1595	0.096890315
20462	1774	0.096890315
20484	3882	0.10417789
20484	444	0.104177885
20484	6335	0.10417787
20484	381	0.10417786
20484	2235	0.10417786
20484	2788	0.10417786
20484	3072	0.10417786
20484	6590	0.104177855
20484	165	0.10417785
20484	659	0.10417785
20561	294	0.10046604
20561	3327	0.10046604
20561	4835	0.10046604
20561	2278	0.100466035
20561	4154	0.100466035
20561	174	0.10046603
20561	936	0.10046603
20561	1852	0.10046603
20561	5046	0.10046603
20561	5219	0.10046603
20627	696	0.11216994
20627	2504	0.11216993
20627	61	0.11216992
20627	1550	0.112169914
20627	410	0.11216991
20627	1578	0.11216991
20627	3329	0.11216991
20627	4188	0.11216991
20627	4793	0.11216991
20627	5227	0.11216991
20629	87	0.086700045
20629	4258	0.08670004
20629	2652	0.08670003
20629	5620	0.08670003
20629	310	0.08670002
20629	1200	0.086700015
20629	2231	0.086700015
20629	6264	0.08670001
20629	1438	0.0867
20629	5144	0.0867
20680	1440	0.091425456
20680	4202	0.091425456
20680	2090	0.09142545
20680	3697	0.09142544
20680	6886	0.09142544
20680	1087	0.091425434
20680	4468	0.091425434
20680	5220	0.091425434
20680	5613	0.091425434
20680	5675	0.091425434
20703	6331	0.1258508
20703	788	0.12585078
20703	3765	0.12585078
20703	5390	0.12585078
20703	748	0.12585077
20703	1275	0.12585077
20703	1425	0.12585077
20703	1552	0.12585077
20703	2481	0.12585077
20703	2796	0.12585077
20794	1815	0.10528445
20794	4768	0.10528445
20794	1332	0.105284445
20794	3782	0.10528444
20794	4770	0.10528444
20794	4845	0.10528444
20794	6281	0.10528444
20794	478	0.10528443
20794	2244	0.10528443
20794	4053	0.10528443
20961	5311	0.12446526
20961	1701	0.12446524
20961	5649	0.12446524
20961	904	0.124465235
20961	4380	0.12446523
20961	5298	0.12446523
20961	1127	0.12446522
20961	6028	0.12446522
20961	2052	0.12446521
20961	4484	0.12446521
20971	3327	0.11112556
20971	294	0.11112554
20971	4154	0.11112554
20971	2278	0.111125536
20971	4835	0.111125536
20971	83	0.11112553
20971	174	0.11112553
20971	936	0.11112553
20971	1852	0.11112553
20971	2035	0.11112553
21011	1502	0.09290902
21011	350	0.09290901
21011	1946	0.09290901
21011	5279	0.09290901
21011	5985	0.09290901
21011	1212	0.09290899
21011	1630	0.09290899
21011	3043	0.09290899
21011	5193	0.09290899
21011	6716	0.09280136
21014	696	0.10292649
21014	2504	0.102926485
21014	61	0.10292648
21014	410	0.10292648
21014	964	0.10292648
21014	1550	0.10292648
21014	1578	0.10292648
21014	4791	0.10292648
21014	5227	0.10292648
21014	635	0.10292647
21031	79	0.12759113
21031	4273	0.12759113
21031	3059	0.12759112
21031	4175	0.12759112
21031	4342	0.12759112
21031	5122	0.12759112
21031	168	0.1275911
21031	251	0.1275911
21031	450	0.1275911
21031	1624	0.1275911
21049	2357	0.11783406
21049	4703	0.11783406
21049	5792	0.11783406
21049	1303	0.11783405
21049	1873	0.11783405
21049	4936	0.11783404
21049	6428	0.11783404
21049	513	0.11783403
21049	938	0.11783403
21049	2834	0.11783403
21202	120	0.12914476
21202	4864	0.12914476
21202	5760	0.12914474
21202	6804	0.12914474
21202	2527	0.12914473
21202	2548	0.12914473
21202	2826	0.12914473
21202	3136	0.12914473
21202	3640	0.12914473
21202	4230	0.12914473
21207	688	0.110507704
21207	3217	0.1105077
21207	6488	0.1105077
21207	2423	0.11050769
21207	134	0.11050768
21207	1233	0.11050768
21207	1620	0.11050768
21207	1739	0.11050768
21207	2164	0.11050768
21207	2173	0.11050768
21229	2808	0.11508708
21229	3726	0.11508708
21229	5382	0.11508708
21229	914	0.11508706
21229	1756	0.11508706
21229	2410	0.11508706
21229	3939	0.11508706
21229	676	0.11508705
21229	3717	0.11508705
21229	3993	0.11508705
21252	410	0.11567798
21252	696	0.11567798
21252	2504	0.11567798
21252	61	0.115677975
21252	240	0.11567797
21252	1578	0.11567797
21252	635	0.11567796
21252	446	0.11567795
21252	610	0.11567795
21252	964	0.11567795
21356	2755	0.09965756
21356	5702	0.09965755
21356	4919	0.09965754
21356	1927	0.099657536
21356	3229	0.099657536
21356	4332	0.099657536
21356	6306	0.099657536
21356	1236	0.09965753
21356	2725	0.09965753
21356	6333	0.09965753
21364	5461	0.108169764
21364	3895	0.10816975
21364	97	0.108169734
21364	6766	0.10816973
21364	6619	0.10816972
21364	6892	0.10816972
21364	702	0.10816971
21364	1104	0.108169705
21364	6053	0.108169705
21364	6096	0.1081697
21404	110	0.1336419
21404	700	0.1336419
21404	1752	0.1336419
21404	6043	0.1336419
21404	6765	0.1336419
21404	1144	0.13364188
21404	2005	0.13364188
21404	2569	0.13364188
21404	2640	0.13364188
21404	3469	0.13364188
21462	2782	0.12009818
21462	1398	0.12009816
21462	1541	0.12009816
21462	3559	0.12009816
21462	5469	0.12009815
21462	234	0.120098144
21462	672	0.120098144
21462	1616	0.120098144
21462	1738	0.120098144
21462	1816	0.120098144
21484	6783	0.10762137
21484	4629	0.10762134
21484	5327	0.10762134
21484	1723	0.107621334
21484	2409	0.107621334
21484	4044	0.107621334
21484	816	0.10762133
21484	1944	0.10762133
21484	2743	0.10762133
21484	1495	0.10762132
21540	3341	0.08660367
21540	6307	0.086603664
21540	1902	0.08660366
21540	5636	0.08660366
21540	6486	0.08660365
21540	6790	0.08660365
21540	950	0.08660364
21540	1355	0.08660364
21540	1786	0.08660364
21540	1990	0.08660364
21576	1259	0.099672034
21576	6716	0.099672034
21576	182	0.09967202
21576	879	0.09967202
21576	1533	0.09967202
21576	2742	0.09967202
21576	5755	0.09967202
21576	6550	0.09967202
21576	50	0.09967201
21576	2302	0.09967201
21618	696	0.10504098
21618	2504	0.105040975
21618	410	0.10504097
21618	1550	0.10504097
21618	1578	0.10504097
21618	635	0.10504096
21618	240	0.10504095
21618	964	0.10504095
21618	1774	0.10504095
21618	1901	0.10504095
21659	1626	0.098822325
21659	3468	0.09882231
21659	127	0.0988223
21659	243	0.098822296
21659	416	0.098822296
21659	3738	0.098822296
21659	5525	0.098822296
21659	6611	0.098822296
21659	6678	0.098822296
21659	1814	0.09882229
21660	444	0.097954735
21660	3882	0.097954735
21660	381	0.09795472
21660	6335	0.09795472
21660	2788	0.09795471
21660	3072	0.09795471
21660	165	0.097954705
21660	1182	0.097954705
21660	2235	0.097954705
21660	3015	0.097954705
21708	3922	0.115841165
21708	2045	0.11584116
21708	1522	0.11584115
21708	2377	0.11584115
21708	3374	0.11584115
21708	3611	0.11584115
21708	4716	0.11584115
21708	5743	0.11584115
21708	1358	0.11584114
21708	6146	0.11584114
21875	959	0.10190565
21875	646	0.10190563
21875	4180	0.10190563
21875	6463	0.10190563
21875	4870	0.101905614
21875	1191	0.10159573
21875	1971	0.10159571
21875	6530	0.101595685
21875	5366	0.10096139
21875	69	0.10096137
21903	2782	0.106199756
21903	1541	0.10619974
21903	1616	0.106199734
21903	672	0.10619973
21903	1095	0.10619973
21903	1398	0.10619973
21903	1816	0.10619973
21903	2356	0.10619973
21903	4610	0.10619973
21903	5469	0.10619973
21912	3765	0.11415391
21912	788	0.11415389
21912	2842	0.11415389
21912	6331	0.11415389
21912	748	0.114153884
21912	1425	0.114153884
21912	1552	0.114153884
21912	2949	0.114153884
21912	811	0.11415388
21912	2481	0.11415388
21930	3039	0.11950543
21930	75	0.11950542
21930	2214	0.11950542
21930	5160	0.11950542
21930	5163	0.11950542
21930	6014	0.11950542
21930	6587	0.11950542
21930	6680	0.11950542
21930	485	0.11950541
21930	975	0.11950541
22045	3327	0.13195786
22045	4154	0.13195786
22045	4835	0.13195784
22045	174	0.13195783
22045	294	0.13195783
22045	1524	0.13195783
22045	1728	0.13195783
22045	1852	0.13195783
22045	2278	0.13195783
22045	3132	0.13195783
22062	2782	0.11902653
22062	1541	0.11902651
22062	1398	0.119026504
22062	3559	0.119026504
22062	1616	0.1190265
22062	2356	0.1190265
22062	5372	0.1190265
22062	672	0.11902649
22062	1816	0.11902649
22062	2176	0.11902649
22074	118	0.10351898
22074	184	0.10351898
22074	1506	0.10351898
22074	4704	0.10351897
22074	5817	0.10351897
22074	6814	0.10351897
22074	540	0.10351896
22074	1667	0.10351896
22074	2978	0.10351896
22074	5079	0.10351896
22089	5311	0.10456462
22089	904	0.10456461
22089	1701	0.10456461
22089	5649	0.1045646
22089	1127	0.10456459
22089	2052	0.10456459
22089	3464	0.10456459
22089	4380	0.10456459
22089	4484	0.10456459
22089	6028	0.10456459
22107	2230	0.10570972
22107	1176	0.1057097
22107	2224	0.1057097
22107	2407	0.1057097
22107	3313	0.1057097
22107	3892	0.1057097
22107	4183	0.1057097
22107	3505	0.105709694
22107	4348	0.105709694
22107	695	0.10570969
22167	1666	0.106090784
22167	1293	0.10609078
22167	2325	0.10609077
22167	2664	0.10609077
22167	2702	0.10609077
22167	3455	0.10609076
22167	2203	0.106090754
22167	4772	0.106090754
22167	6354	0.106090754
22167	6829	0.10609075
22252	3913	0.115457445
22252	3285	0.11545744
22252	6446	0.11545744
22252	3197	0.11545743
22252	3550	0.11545743
22252	4062	0.11545743
22252	5923	0.11545743
22252	2800	0.11545742
22252	4169	0.11545742
22252	6715	0.11545742
22338	1823	0.11384182
22338	3710	0.11384182
22338	5150	0.11384182
22338	6763	0.11384182
22338	1668	0.11384181
22338	1670	0.11384181
22338	1833	0.11384181
22338	5315	0.11384181
22338	259	0.1138418
22338	326	0.1138418
22365	1023	0.111810744
22365	4221	0.111810714
22365	994	0.11181069
22365	193	0.11114702
22365	1207	0.11114702
22365	1731	0.11114702
22365	2983	0.11114702
22365	2997	0.11114702
22365	3234	0.11114702
22365	1709	0.11114701
22464	5382	0.10316928
22464	914	0.10316926
22464	2410	0.10316926
22464	2808	0.10316926
22464	3726	0.10316926
22464	676	0.103169255
22464	1756	0.103169255
22464	3717	0.103169255
22464	3939	0.103169255
22464	4589	0.103169255
22495	320	0.10420363
22495	3743	0.10420363
22495	4014	0.10420363
22495	346	0.10420362
22495	2339	0.10420362
22495	180	0.10420361
22495	755	0.10420361
22495	1315	0.10420361
22495	1567	0.10420361
22495	1629	0.10420361
22503	4478	0.11055778
22503	4897	0.11055773
22503	1258	0.11055769
22503	6212	0.11025988
22503	4898	0.110259876
22503	990	0.11025987
22503	96	0.11025986
22503	839	0.11025986
22503	1486	0.11025986
22503	2641	0.11025986
22521	4321	0.1186091
22521	4579	0.1186091
22521	6536	0.1186091
22521	1879	0.11860909
22521	6687	0.11860909
22521	3044	0.118609086
22521	5574	0.118609086
22521	6060	0.118609086
22521	6534	0.118609086
22521	1009	0.11860908
22625	410	0.114619285
22625	1550	0.114619285
22625	1578	0.114619285
22625	2504	0.114619285
22625	61	0.11461928
22625	964	0.11461928
22625	4791	0.11461928
22625	448	0.11461927
22625	530	0.11461927
22625	1774	0.11461927
22695	384	0.0978432
22695	581	0.0978432
22695	732	0.097843185
22695	3480	0.097843185
22695	3581	0.097843185
22695	3625	0.097843185
22695	6388	0.097843185
22695	232	0.09784318
22695	1436	0.09784318
22695	1680	0.09784318
22773	3197	0.11088121
22773	3285	0.11088121
22773	3913	0.11088121
22773	6446	0.11088121
22773	2800	0.1108812
22773	4062	0.1108812
22773	5923	0.1108812
22773	388	0.110881194
22773	3550	0.110881194
22773	4169	0.110881194
22813	346	0.118646786
22813	3743	0.118646786
22813	1629	0.11864678
22813	4014	0.11864678
22813	177	0.11864677
22813	236	0.11864677
22813	1090	0.11864677
22813	1106	0.11864677
22813	1567	0.11864677
22813	1658	0.11864677
22818	6912	0.119082496
22818	1050	0.11888991
22818	4295	0.1188899
22818	3249	0.11888988
22818	3818	0.11888988
22818	3883	0.11888988
22818	5404	0.11888985
22818	3609	0.118712045
22818	3774	0.11710925
22818	6809	0.11632377
22912	5783	0.104206845
22912	5266	0.10420684
22912	3220	0.104206815
22912	6019	0.104206815
22912	803	0.10420681
22912	4111	0.1042068
22912	3876	0.104206786
22912	751	0.10420678
22912	4334	0.10373071
22912	504	0.1037307
22936	5783	0.09332793
22936	5266	0.09332792
22936	3220	0.0933279
22936	6019	0.0933279
22936	803	0.093327895
22936	4111	0.093327895
22936	3876	0.09332788
22936	751	0.093327865
22936	422	0.09331463
22936	504	0.09331463
22975	3141	0.1138822
22975	2315	0.113843724
22975	6251	0.11378015
22975	6320	0.11378011
22975	943	0.1134913
22975	2404	0.111565664
22975	6449	0.11154054
22975	3407	0.11150207
22975	4235	0.11150207
22975	5834	0.111502066
23020	714	0.13378072
23020	2322	0.1337807
23020	3946	0.1337807
23020	4189	0.1337807
23020	4665	0.13378069
23020	5025	0.13378069
23020	1903	0.13378067
23020	2518	0.13378067
23020	2521	0.13378067
23020	2821	0.13378067
23128	546	0.1121438
23128	6763	0.1121438
23128	3710	0.11214379
23128	259	0.112143785
23128	648	0.112143785
23128	733	0.112143785
23128	944	0.112143785
23128	1387	0.112143785
23128	1668	0.112143785
23128	1670	0.112143785
23288	1072	0.1181557
23288	5370	0.11815569
23288	4020	0.11815567
23288	2597	0.11815566
23288	4654	0.11811919
23288	824	0.11811918
23288	3835	0.118119165
23288	1335	0.11811915
23288	5430	0.11811915
23288	6086	0.11811914
23459	175	0.09909267
23459	6589	0.09909266
23459	2587	0.09909265
23459	359	0.09909262
23459	833	0.09909262
23459	2927	0.09909262
23459	3041	0.09909262
23459	4238	0.09909262
23459	5533	0.0990926
23459	5955	0.0990926
23511	1855	0.113664255
23511	159	0.11366424
23511	320	0.11366424
23511	346	0.11366424
23511	2339	0.11366424
23511	3743	0.11366424
23511	6863	0.11366424
23511	1567	0.11366423
23511	1726	0.11366423
23511	2575	0.11366423
23547	437	0.10215901
23547	1030	0.10215901
23547	4344	0.10215901
23547	1648	0.10215899
23547	4977	0.10215899
23547	5066	0.10215899
23547	6454	0.10215899
23547	34	0.102158986
23547	651	0.102158986
23547	4101	0.102158986
23571	3765	0.112828605
23571	788	0.1128286
23571	2842	0.1128286
23571	6331	0.1128286
23571	2949	0.11282859
23571	748	0.11282858
23571	811	0.11282858
23571	1552	0.11282858
23571	2796	0.11282858
23571	4558	0.11282858
23582	444	0.124730095
23582	3882	0.124730095
23582	6335	0.12473008
23582	381	0.12473007
23582	2788	0.124730065
23582	3072	0.124730065
23582	6590	0.12473006
23582	165	0.12473005
23582	659	0.12473005
23582	1182	0.12473005
23619	444	0.11341702
23619	3882	0.11341702
23619	381	0.113417014
23619	6335	0.113417014
23619	165	0.113417
23619	2788	0.113417
23619	3072	0.113417
23619	4234	0.113417
23619	5438	0.113417
23619	6590	0.113417
23624	2925	0.12090612
23624	5931	0.120906115
23624	2488	0.12090609
23624	6115	0.120906085
23624	6451	0.120906085
23624	4615	0.12090608
23624	6137	0.12090607
23624	3974	0.12090606
23624	3936	0.120906055
23624	3645	0.120574236
23652	1440	0.103237666
23652	4202	0.10323765
23652	1087	0.103237644
23652	2090	0.103237644
23652	3697	0.103237644
23652	5613	0.103237644
23652	6221	0.103237644
23652	6886	0.103237644
23652	4468	0.10323764
23652	5675	0.10323764
23659	384	0.10992573
23659	1436	0.10992573
23659	232	0.10992572
23659	581	0.10992572
23659	3625	0.10992572
23659	529	0.10992571
23659	732	0.10992571
23659	1512	0.10992571
23659	1680	0.10992571
23659	3480	0.10992571
23680	6778	0.11585158
23680	2947	0.11585156
23680	4904	0.11585156
23680	3404	0.11585155
23680	4088	0.11585155
23680	6337	0.11585155
23680	1826	0.11585154
23680	1827	0.11585154
23680	2020	0.11585154
23680	5508	0.11585154
23699	5105	0.099830985
23699	3506	0.09983097
23699	4087	0.09983097
23699	337	0.09983096
23699	457	0.09983096
23699	52	0.099830955
23699	282	0.099830955
23699	883	0.099830955
23699	1663	0.099830955
23699	2397	0.099830955
23771	3789	0.1258743
23771	9	0.12587422
23771	4355	0.1258742
23771	84	0.12587419
23771	3076	0.122974426
23771	3452	0.122974426
23771	3787	0.122974426
23771	2832	0.12297441
23771	4240	0.12297441
23771	1441	0.122974396
23847	1637	0.12107917
23847	2683	0.12039174
23847	4748	0.12015083
23847	1463	0.12015082
23847	4247	0.11946345
23847	1234	0.11946341
23847	4231	0.1194634
23847	2625	0.11946339
23847	5810	0.119463384
23847	1462	0.11946337
23871	6778	0.111294135
23871	3404	0.11129412
23871	4904	0.11129412
23871	4088	0.11129411
23871	6337	0.11129411
23871	1621	0.111294106
23871	2947	0.111294106
23871	6278	0.111294106
23871	2020	0.1112941
23871	5508	0.1112941
23933	444	0.110656895
23933	3882	0.110656895
23933	6335	0.11065689
23933	381	0.11065687
23933	2788	0.11065687
23933	4346	0.11065687
23933	3072	0.110656865
23933	6590	0.110656865
23933	165	0.11065686
23933	1140	0.11065686
24052	3882	0.10338196
24052	444	0.103381954
24052	381	0.10338195
24052	6335	0.10338194
24052	2235	0.10338193
24052	2788	0.10338193
24052	2944	0.10338193
24052	3015	0.10338193
24052	3072	0.10338193
24052	4234	0.10338193
24090	2230	0.10910231
24090	2407	0.10910231
24090	2224	0.1091023
24090	3313	0.1091023
24090	4183	0.1091023
24090	1176	0.109102294
24090	2234	0.109102294
24090	2936	0.109102294
24090	3582	0.109102294
24090	3892	0.109102294
24186	6783	0.115275934
24186	574	0.11527593
24186	5327	0.11527592
24186	816	0.115275905
24186	1723	0.115275905
24186	2743	0.115275905
24186	4044	0.115275905
24186	4629	0.115275905
24186	1078	0.11527589
24186	1495	0.11527589
24194	2860	0.11948114
24194	631	0.11948113
24194	598	0.119481124
24194	2018	0.119481124
24194	3161	0.119481124
24194	4291	0.11948112
24194	4669	0.11948112
24194	5871	0.11948112
24194	6339	0.11948112
24194	6403	0.11948112
24379	6540	0.10722426
24379	6708	0.10722426
24379	1830	0.107224256
24379	1943	0.107224256
24379	721	0.10722425
24379	5052	0.10722425
24379	3439	0.10722423
24379	3533	0.10722423
24379	5995	0.10722423
24379	417	0.107224226
24391	320	0.097628005
24391	159	0.097628
24391	346	0.097628
24391	755	0.097628
24391	1567	0.097628
24391	1629	0.097628
24391	1855	0.097628
24391	2339	0.097628
24391	2573	0.097628
24391	3501	0.097628
24427	2696	0.09976775
24427	4334	0.09976775
24427	298	0.099767745
24427	504	0.099767745
24427	5015	0.099767745
24427	798	0.09976774
24427	1051	0.09976774
24427	3624	0.09976774
24427	5632	0.09976774
24427	5781	0.09976774
24433	193	0.11086574
24433	2997	0.11086574
24433	3115	0.11086574
24433	4197	0.11086574
24433	744	0.110865735
24433	100	0.11086573
24433	658	0.11086573
24433	926	0.11086573
24433	947	0.11086573
24433	1709	0.11086573
24525	4876	0.114607796
24525	2000	0.11460779
24525	3698	0.11460778
24525	3237	0.11460777
24525	3402	0.1142931
24525	718	0.114293076
24525	496	0.11429307
24525	1857	0.11429307
24525	3223	0.11429307
24525	3985	0.11429307
24627	1626	0.11948658
24627	3468	0.11948656
24627	5525	0.119486555
24627	6611	0.119486555
24627	243	0.11948655
24627	416	0.11948655
24627	6678	0.11948655
24627	127	0.11948654
24627	3544	0.11948654
24627	3738	0.11948654
24641	110	0.13066384
24641	1752	0.13066384
24641	6043	0.13066384
24641	6676	0.13066384
24641	6765	0.13066384
24641	700	0.13066383
24641	2640	0.13066383
24641	4720	0.13066383
24641	1144	0.13066381
24641	1159	0.13066381
24733	2819	0.11105542
24733	3547	0.1100526
24733	1915	0.1098934
24733	3874	0.10989338
24733	2603	0.10989335
24733	2632	0.10989335
24733	3011	0.10989335
24733	3432	0.10989335
24733	3502	0.10989335
24733	3565	0.10989335
24846	4725	0.1038644
24846	3459	0.10386434
24846	575	0.103708446
24846	3768	0.103708446
24846	4158	0.10370844
24846	1454	0.10370843
24846	4208	0.10370843
24846	3958	0.103708416
24846	498	0.103708394
24846	6150	0.10253997
24878	2782	0.09715775
24878	1398	0.09715773
24878	1541	0.09715773
24878	1616	0.09715773
24878	3559	0.09715773
24878	1095	0.097157724
24878	2356	0.097157724
24878	5372	0.097157724
24878	5469	0.097157724
24878	6806	0.097157724
24921	688	0.13052991
24921	1739	0.1305299
24921	2340	0.1305299
24921	3217	0.1305299
24921	6488	0.1305299
24921	1233	0.13052988
24921	1620	0.13052988
24921	1920	0.13052988
24921	1924	0.13052988
24921	2164	0.13052988
24933	4228	0.098011166
24933	4685	0.09801116
24933	1840	0.09801115
24933	2034	0.09801115
24933	2726	0.09801115
24933	3353	0.09801115
24933	3552	0.09801115
24933	4012	0.09801115
24933	4544	0.09801115
24933	24	0.09801114
24934	688	0.09717619
24934	1739	0.09717618
24934	6488	0.09717618
24934	2164	0.09717617
24934	2340	0.09717617
24934	3217	0.09717617
24934	134	0.097176164
24934	1233	0.097176164
24934	1620	0.097176164
24934	1920	0.097176164
24960	5461	0.095307425
24960	3895	0.09530742
24960	6766	0.09530741
24960	97	0.095307395
24960	6619	0.095307395
24960	6892	0.095307395
24960	6053	0.09530739
24960	702	0.09530738
24960	1104	0.09530738
24960	6096	0.09530738
24995	4526	0.12217953
24995	1231	0.12217952
24995	1725	0.12217952
24995	4934	0.122179516
24995	5551	0.122179516
24995	6760	0.122179516
24995	3566	0.12217951
24995	3951	0.12217951
24995	4311	0.12217951
24995	4816	0.12217951
25009	6783	0.105489396
25009	574	0.10548939
25009	4629	0.10548939
25009	816	0.10548937
25009	2743	0.10548937
25009	5327	0.10548937
25009	1723	0.10548936
25009	1944	0.10548936
25009	2409	0.10548936
25009	4044	0.10548936
25103	696	0.09003773
25103	61	0.09003772
25103	635	0.09003772
25103	964	0.09003772
25103	1550	0.09003772
25103	2504	0.09003772
25103	410	0.09003771
25103	1578	0.09003771
25103	4188	0.09003771
25103	5227	0.09003771
25109	5440	0.10669173
25109	209	0.10669172
25109	3423	0.106691666
25109	575	0.105554745
25109	3768	0.105554745
25109	1454	0.10555474
25109	4158	0.10555474
25109	4208	0.105554715
25109	498	0.1055547
25109	3958	0.1055547
25131	1731	0.110443346
25131	2983	0.110443346
25131	2997	0.110443346
25131	193	0.11044334
25131	744	0.11044334
25131	1207	0.11044334
25131	1627	0.11044334
25131	1805	0.11044334
25131	3234	0.11044334
25131	3613	0.11044334
25216	1731	0.114966296
25216	193	0.11496629
25216	744	0.11496629
25216	1207	0.11496629
25216	1709	0.11496629
25216	2983	0.11496629
25216	2997	0.11496629
25216	3115	0.11496629
25216	3234	0.11496629
25216	3613	0.11496629
25225	2121	0.111279815
25225	4304	0.111279815
25225	2732	0.1112798
25225	4163	0.1112798
25225	1447	0.111279786
25225	1690	0.111279786
25225	2279	0.111279786
25225	3712	0.111279786
25225	4152	0.111279786
25225	5381	0.111279786
25253	4751	0.10381502
25253	2326	0.10381501
25253	5629	0.10381501
25253	1302	0.103815004
25253	2888	0.10381499
25253	3525	0.10381499
25253	5140	0.10381499
25253	789	0.10381498
25253	1174	0.10381498
25253	1185	0.10381498
25395	2687	0.11491223
25395	6763	0.11491223
25395	259	0.11491222
25395	733	0.11491222
25395	1668	0.11491222
25395	3647	0.11491222
25395	4968	0.11491222
25395	5150	0.11491222
25395	546	0.11491221
25395	648	0.11491221
25410	5792	0.116050094
25410	1303	0.11605008
25410	2357	0.11605008
25410	4703	0.11605008
25410	1873	0.11605007
25410	2549	0.116050065
25410	3534	0.116050065
25410	6428	0.116050065
25410	4936	0.11605006
25410	1763	0.11605005
25533	631	0.13028798
25533	2860	0.13028798
25533	3161	0.13028798
25533	5871	0.13028798
25533	1703	0.13028796
25533	2018	0.13028796
25533	4291	0.13028796
25533	4669	0.13028796
25533	132	0.13028795
25533	598	0.13028795
25545	184	0.130266
25545	118	0.13026598
25545	540	0.13026598
25545	1506	0.13026598
25545	1667	0.13026598
25545	4704	0.13026598
25545	5079	0.13026598
25545	5817	0.13026598
25545	5992	0.13026598
25545	6814	0.13026598
25583	3681	0.105108455
25583	6315	0.105108455
25583	6074	0.10510845
25583	6300	0.10510844
25583	3238	0.105108425
25583	1692	0.10510841
25583	2544	0.10510841
25583	4051	0.10510841
25583	2148	0.1051084
25583	2965	0.105108395
25601	996	0.10496085
25601	1617	0.104960844
25601	6878	0.104960844
25601	1892	0.10496043
25601	206	0.10496041
25601	1856	0.10496041
25601	1376	0.1049604
25601	1714	0.1049604
25601	5080	0.10496039
25601	794	0.10496038
25711	6878	0.09437887
25711	996	0.094378866
25711	1617	0.09437886
25711	5461	0.09365493
25711	3895	0.093654916
25711	6766	0.093654916
25711	97	0.0936549
25711	6619	0.0936549
25711	6892	0.0936549
25711	702	0.093654886
25804	72	0.10621735
25804	523	0.10621734
25804	2509	0.10621734
25804	5856	0.10621734
25804	385	0.10621733
25804	1282	0.10621733
25804	3727	0.10621733
25804	4620	0.10621733
25804	812	0.106217325
25804	2882	0.106217325
25827	5561	0.12149068
25827	109	0.12149067
25827	6064	0.12149067
25827	1167	0.12149066
25827	1197	0.12149066
25827	6100	0.12149066
25827	4581	0.121490635
25827	6562	0.121490635
25827	2996	0.12149063
25827	3680	0.12149063
25850	6341	0.11872545
25850	2752	0.118725434
25850	628	0.11872543
25850	2803	0.11872543
25850	4293	0.11872543
25850	1143	0.11872542
25850	2220	0.11872542
25850	3018	0.11872542
25850	4403	0.11872542
25850	5558	0.11872542
25890	1855	0.100682765
25890	2339	0.100682765
25890	320	0.10068276
25890	346	0.10068276
25890	4512	0.10068276
25890	159	0.10068275
25890	179	0.10068275
25890	755	0.10068275
25890	759	0.10068275
25890	1090	0.10068275
25919	1759	0.116451785
25919	1357	0.11645178
25919	707	0.116451755
25919	3752	0.11645175
25919	1101	0.11645174
25919	5271	0.11645174
25919	4381	0.11594319
25919	1471	0.115943186
25919	2158	0.115943186
25919	2856	0.11594317
25930	4026	0.11313811
25930	4029	0.11313811
25930	67	0.113138095
25930	2545	0.113138095
25930	93	0.11313809
25930	1505	0.11313809
25930	3361	0.11313809
25930	6900	0.11313809
25930	971	0.11313808
25930	1068	0.11313808
25966	3402	0.123982966
25966	1857	0.12398295
25966	496	0.12398294
25966	718	0.123982936
25966	5406	0.123982936
25966	2192	0.12398293
25966	3223	0.12398293
25966	3985	0.12398293
25966	5486	0.12398293
25966	5926	0.12398292
25996	3765	0.11559962
25996	6331	0.11559962
25996	748	0.1155996
25996	788	0.1155996
25996	1425	0.1155996
25996	4950	0.1155996
25996	5390	0.1155996
25996	2481	0.115599595
25996	2796	0.115599595
25996	1275	0.11559959
26057	3256	0.10429942
26057	3917	0.10429942
26057	2169	0.10429941
26057	6122	0.10429941
26057	6808	0.10429941
26057	5018	0.104299404
26057	6382	0.104299404
26057	2016	0.1042994
26057	2208	0.1042994
26057	2494	0.1042994
26084	2050	0.08873515
26084	3177	0.08873513
26084	1875	0.088735126
26084	2233	0.08873512
26084	5702	0.088285886
26084	2755	0.08828588
26084	4919	0.08828588
26084	1236	0.08828587
26084	1927	0.08828587
26084	4332	0.08828587
26134	531	0.1309303
26134	2134	0.1309303
26134	545	0.13093029
26134	1307	0.13093029
26134	2877	0.13093027
26134	3051	0.13093027
26134	3303	0.13093027
26134	3859	0.13093027
26134	4214	0.13093027
26134	5367	0.13093027
26145	2069	0.12379979
26145	1508	0.12186636
26145	65	0.12186634
26145	3607	0.12186633
26145	1120	0.121866316
26145	3100	0.121866316
26145	3492	0.121866316
26145	3661	0.121866316
26145	1073	0.1218663
26145	6621	0.1218663
26240	699	0.096784666
26240	5731	0.09678466
26240	3231	0.09629074
26240	5418	0.096230865
26240	6405	0.09623086
26240	2017	0.09623081
26240	2453	0.09507933
26240	2814	0.09507933
26240	2454	0.09507932
26240	2153	0.0950793
26371	1743	0.102807336
26371	422	0.10280733
26371	504	0.10280733
26371	798	0.10280733
26371	2696	0.10280733
26371	3624	0.10280733
26371	4334	0.10280733
26371	5015	0.10280733
26371	5632	0.10280733
26371	5781	0.10280733
26374	4751	0.10162986
26374	1302	0.10162984
26374	2326	0.10162984
26374	5629	0.10162984
26374	1174	0.10162982
26374	1835	0.10162982
26374	2888	0.10162982
26374	3525	0.10162982
26374	5140	0.10162982
26374	789	0.10162981
26487	732	0.1246918
26487	232	0.124691784
26487	384	0.124691784
26487	665	0.124691784
26487	1436	0.124691784
26487	1773	0.124691784
26487	3625	0.124691784
26487	581	0.12469178
26487	1512	0.12469178
26487	1680	0.12469178
26516	4083	0.11681202
26516	3248	0.11681201
26516	6048	0.11681201
26516	1922	0.116812006
26516	5012	0.116812
26516	3264	0.11681199
26516	219	0.11681198
26516	5944	0.11681198
26516	221	0.116811976
26516	1834	0.116811976
26517	2207	0.10265527
26517	188	0.10265525
26517	607	0.10265525
26517	1062	0.10265525
26517	1639	0.10265525
26517	3394	0.10265525
26517	5975	0.10265525
26517	6549	0.10265525
26517	6685	0.10265525
26517	801	0.10265524
26521	648	0.10958751
26521	259	0.109587505
26521	326	0.109587505
26521	546	0.109587505
26521	733	0.109587505
26521	944	0.109587505
26521	1668	0.109587505
26521	1823	0.109587505
26521	1833	0.109587505
26521	2001	0.109587505
26535	2207	0.10139363
26535	1639	0.10139362
26535	3394	0.10139362
26535	6685	0.10139362
26535	188	0.10139361
26535	607	0.10139361
26535	801	0.10139361
26535	1062	0.10139361
26535	2654	0.10139361
26535	3193	0.10139361
26538	213	0.09244701
26538	731	0.09244701
26538	905	0.09244701
26538	6059	0.09244701
26538	1708	0.092447005
26538	5489	0.092447005
26538	649	0.092447
26538	1251	0.092447
26538	5900	0.092447
26538	739	0.09244699
26544	1293	0.11869712
26544	1666	0.118697114
26544	2702	0.11869711
26544	2325	0.1186971
26544	2664	0.1186971
26544	2203	0.11869709
26544	3455	0.11869709
26544	4772	0.11869709
26544	6829	0.11869709
26544	145	0.11869708
26553	551	0.14439303
26553	5499	0.14439303
26553	6920	0.14439303
26553	580	0.144393
26553	1547	0.144393
26553	1963	0.144393
26553	4072	0.144393
26553	4473	0.144393
26553	5109	0.144393
26553	5419	0.144393
26583	3341	0.14142194
26583	6307	0.14142194
26583	1902	0.14142193
26583	3810	0.14142193
26583	5636	0.14142193
26583	6790	0.14142193
26583	62	0.14142191
26583	950	0.14142191
26583	1355	0.14142191
26583	1990	0.14142191
26593	688	0.12915689
26593	6488	0.12915689
26593	3217	0.12915687
26593	134	0.12915686
26593	1233	0.12915686
26593	1620	0.12915686
26593	1739	0.12915686
26593	1924	0.12915686
26593	2032	0.12915686
26593	2164	0.12915686
26598	492	0.08880396
26598	4457	0.08880396
26598	5093	0.08880395
26598	491	0.08880394
26598	4218	0.08880394
26598	6211	0.08880394
26598	741	0.08880393
26598	211	0.08861777
26598	4385	0.088617764
26598	2522	0.08861774
26611	87	0.09810892
26611	2652	0.09810891
26611	4258	0.09810891
26611	310	0.09810889
26611	1200	0.09810889
26611	2231	0.09810889
26611	5620	0.09810889
26611	6264	0.09810888
26611	1438	0.09810887
26611	4294	0.09810887
26615	2381	0.12190635
26615	6177	0.12190631
26615	1809	0.121906295
26615	1884	0.121906295
26615	4023	0.12169264
26615	961	0.121692635
26615	2323	0.121692635
26615	2390	0.121692635
26615	2328	0.12169262
26615	2987	0.12169262
26620	6488	0.12059302
26620	134	0.12059301
26620	1233	0.12059301
26620	2340	0.12059301
26620	2423	0.12059301
26620	1739	0.120593004
26620	3217	0.120593004
26620	1620	0.120593
26620	2164	0.120593
26620	2173	0.120593
26621	4026	0.106988
26621	4029	0.10698798
26621	67	0.106987976
26621	971	0.106987976
26621	2545	0.106987976
26621	1068	0.10698797
26621	1505	0.10698797
26621	1688	0.10698797
26621	3074	0.10698797
26621	3361	0.10698797
26624	72	0.1069601
26624	523	0.106960095
26624	6237	0.106960095
26624	2509	0.10696009
26624	6756	0.10696009
26624	1282	0.10696008
26624	3727	0.10696008
26624	385	0.10696007
26624	812	0.10696007
26624	1426	0.10696007
26628	3686	0.10836002
26628	5815	0.10836001
26628	2555	0.10835999
26628	1637	0.108130075
26628	2092	0.10784231
26628	4508	0.10784231
26628	5185	0.107842304
26628	3699	0.1078423
26628	4949	0.1078423
26628	819	0.10784229
26664	5870	0.114525005
26664	5704	0.114525
26664	5803	0.11452492
26664	631	0.11363819
26664	1703	0.11363817
26664	4669	0.11363817
26664	598	0.11363816
26664	2018	0.11363816
26664	2860	0.11363816
26664	3066	0.11363816
26713	696	0.107954875
26713	61	0.10795486
26713	2504	0.10795486
26713	410	0.10795485
26713	1550	0.10795485
26713	635	0.107954845
26713	964	0.107954845
26713	1578	0.107954845
26713	2175	0.107954845
26713	3329	0.107954845
26756	6849	0.11139938
26756	1687	0.111399375
26756	6194	0.11139935
26756	3507	0.11121775
26756	5651	0.11121773
26756	437	0.1106381
26756	1030	0.11063809
26756	6454	0.11063809
26756	1648	0.11063808
26756	4977	0.11063808
26782	3327	0.11742483
26782	4154	0.11742482
26782	4835	0.11742482
26782	294	0.117424816
26782	5046	0.117424816
26782	2278	0.11742481
26782	4239	0.11742481
26782	4920	0.11742481
26782	83	0.1174248
26782	174	0.1174248
26813	72	0.123934984
26813	523	0.123934984
26813	2509	0.12393498
26813	5856	0.12393498
26813	385	0.12393497
26813	812	0.12393497
26813	1282	0.12393497
26813	3727	0.12393497
26813	4620	0.12393497
26813	6237	0.12393497
26883	2092	0.10772178
26883	5185	0.107721776
26883	819	0.10772176
26883	3699	0.10772176
26883	4508	0.10772176
26883	4949	0.10772176
26883	3309	0.107721746
26883	2961	0.10772174
26883	1700	0.10772173
26883	3038	0.10772173
27091	463	0.12786701
27091	1031	0.12786701
27091	1034	0.12786701
27091	6346	0.12786701
27091	354	0.12786698
27091	483	0.12786698
27091	484	0.12786698
27091	1148	0.12786698
27091	1787	0.12786698
27091	2008	0.12786698
27140	4026	0.10779348
27140	4029	0.107793465
27140	971	0.10779346
27140	2545	0.10779346
27140	67	0.10779345
27140	93	0.10779345
27140	3361	0.10779345
27140	6900	0.10779345
27140	1068	0.10779344
27140	1505	0.10779344
27169	5417	0.11076997
27169	6371	0.110769965
27169	4213	0.11076994
27169	4709	0.11076994
27169	5388	0.11076994
27169	371	0.10969798
27169	5377	0.1092735
27169	3503	0.1092099
27169	3297	0.109209895
27169	3636	0.109209895
27193	696	0.10561974
27193	410	0.105619736
27193	2504	0.105619736
27193	61	0.10561973
27193	635	0.10561973
27193	1578	0.10561973
27193	1550	0.10561972
27193	5250	0.10561972
27193	240	0.10561971
27193	446	0.10561971
27204	4834	0.13011447
27204	164	0.13011444
27204	6046	0.13011444
27204	710	0.1301144
27204	2674	0.1301144
27204	3320	0.1301144
27204	4467	0.1301144
27204	5159	0.1301144
27204	2299	0.13011439
27204	2627	0.13011439
27265	351	0.10581452
27265	2479	0.10581452
27265	3846	0.10581452
27265	697	0.10581451
27265	1024	0.10581451
27265	1880	0.1058145
27265	2413	0.1058145
27265	2830	0.1058145
27265	3626	0.1058145
27265	3676	0.1058145
27313	4579	0.11330701
27313	6536	0.11330701
27313	1879	0.113307
27313	6060	0.113307
27313	1009	0.11330699
27313	4321	0.11330699
27313	4434	0.11330699
27313	5574	0.11330699
27313	845	0.113306984
27313	924	0.113306984
27317	4026	0.093771264
27317	971	0.09377126
27317	4029	0.09377126
27317	67	0.09377125
27317	2545	0.09377125
27317	93	0.09377124
27317	3361	0.09377124
27317	1068	0.093771234
27317	1505	0.093771234
27317	1688	0.093771234
27352	2463	0.108841725
27352	858	0.10884172
27352	4493	0.10884172
27352	4524	0.10884172
27352	6057	0.10884172
27352	3657	0.10884171
27352	3856	0.10884171
27352	6055	0.10884171
27352	430	0.1088417
27352	1643	0.1088417
27383	79	0.13407017
27383	168	0.13407016
27383	1624	0.13407016
27383	3059	0.13407016
27383	4175	0.13407016
27383	5122	0.13407016
27383	6532	0.13407016
27383	6620	0.13407016
27383	4177	0.13407014
27383	4273	0.13407014
27462	3184	0.09940283
27462	4114	0.099402815
27462	4812	0.099402815
27462	3431	0.09940281
27462	5556	0.09940281
27462	380	0.0994028
27462	1063	0.0994028
27462	1589	0.0994028
27462	2063	0.0994028
27462	3150	0.0994028
27472	701	0.116063416
27472	1957	0.116063416
27472	6652	0.116063416
27472	68	0.1160634
27472	1513	0.1160634
27472	730	0.11604321
27472	2372	0.11604319
27472	4284	0.11604319
27472	996	0.11552421
27472	1617	0.1155242
27573	631	0.11485277
27573	2860	0.114852756
27573	4669	0.11485275
27573	6339	0.11485275
27573	598	0.11485274
27573	1703	0.11485274
27573	2018	0.11485274
27573	3066	0.11485274
27573	3161	0.11485274
27573	4291	0.11485274
27617	194	0.109980986
27617	1096	0.10998097
27617	1807	0.10998096
27617	3957	0.10998096
27617	5334	0.10998096
27617	1483	0.109980956
27617	2887	0.109980956
27617	3014	0.109980956
27617	6080	0.109980956
27617	728	0.10998094
27647	1931	0.12953706
27647	374	0.12953705
27647	2437	0.12953705
27647	5969	0.12953705
27647	6288	0.12953705
27647	6350	0.12953705
27647	116	0.12953702
27647	2312	0.12953702
27647	2564	0.12953702
27647	3873	0.12953702
27684	384	0.0968079
27684	581	0.0968079
27684	3480	0.0968079
27684	732	0.09680789
27684	3581	0.09680789
27684	6388	0.09680789
27684	232	0.09680788
27684	411	0.09680788
27684	665	0.09680788
27684	1436	0.09680788
27740	3327	0.12225626
27740	4154	0.12225625
27740	4835	0.12225625
27740	294	0.12225624
27740	4239	0.12225624
27740	83	0.122256234
27740	1852	0.122256234
27740	2278	0.122256234
27740	4133	0.122256234
27740	4920	0.122256234
27812	1191	0.1072764
27812	1971	0.10727639
27812	6530	0.107276365
27812	1892	0.1071777
27812	206	0.107177675
27812	1856	0.107177675
27812	794	0.10717766
27812	1714	0.10717766
27812	1261	0.10717765
27812	1376	0.10717765
27813	2083	0.12608287
27813	5369	0.12608287
27813	1845	0.12608285
27813	2043	0.12608285
27813	2621	0.12608285
27813	4144	0.12608285
27813	4368	0.12608285
27813	6049	0.12608285
27813	772	0.12608284
27813	773	0.12608284
27821	512	0.104530334
27821	3116	0.1045303
27821	5195	0.10408662
27821	1399	0.10408659
27821	3479	0.10408659
27821	6114	0.10408659
27821	5913	0.10408658
27821	2000	0.103294075
27821	4876	0.103294075
27821	3237	0.10329406
27875	1259	0.112111256
27875	6716	0.112111256
27875	50	0.11211124
27875	182	0.11211124
27875	879	0.11211124
27875	2919	0.11211124
27875	5755	0.11211124
27875	6550	0.11211124
27875	157	0.11211123
27875	3330	0.11211123
27888	6227	0.1030205
27888	827	0.10106854
27888	5595	0.100366734
27888	4536	0.09860649
27888	1793	0.09860648
27888	4415	0.098606475
27888	1080	0.09860647
27888	1319	0.09860647
27888	2132	0.09860647
27888	2498	0.09860647
27891	1626	0.0874763
27891	3468	0.08747628
27891	3738	0.087476276
27891	6611	0.087476276
27891	127	0.08747627
27891	243	0.08747627
27891	416	0.08747627
27891	5525	0.08747627
27891	6678	0.08747627
27891	3544	0.08747626
27947	5120	0.10394959
27947	2223	0.10394956
27947	1892	0.10369344
27947	206	0.103693426
27947	1856	0.10369342
27947	1714	0.10369341
27947	5080	0.10369341
27947	1376	0.1036934
27947	794	0.103693396
27947	4905	0.103693396
27956	1303	0.10596198
27956	2357	0.10596198
27956	4703	0.10596198
27956	5792	0.10596198
27956	1873	0.10596196
27956	2549	0.10596196
27956	4936	0.10596196
27956	513	0.105961956
27956	3724	0.105961956
27956	6428	0.105961956
28016	696	0.095371
28016	2504	0.09537099
28016	61	0.095370986
28016	410	0.095370986
28016	635	0.095370986
28016	1578	0.095370986
28016	448	0.09537098
28016	1550	0.09537098
28016	5250	0.09537098
28016	240	0.09537097
28076	3965	0.084567636
28076	4595	0.084567636
28076	6356	0.084567636
28076	6472	0.084567636
28076	269	0.08456763
28076	797	0.08456763
28076	3908	0.08456763
28076	6636	0.08456763
28076	6698	0.08456763
28076	249	0.08456762
28091	456	0.09809622
28091	1401	0.09809619
28091	4573	0.09809619
28091	1102	0.098096184
28091	3456	0.098096155
28091	3644	0.09809615
28091	4739	0.09809615
28091	4017	0.09809614
28091	5461	0.09776221
28091	3895	0.0977622
28096	87	0.10572462
28096	2652	0.10572462
28096	4258	0.10572461
28096	5620	0.1057246
28096	310	0.10572459
28096	1200	0.10572458
28096	2231	0.10572458
28096	4294	0.10572457
28096	5144	0.10572457
28096	6264	0.10572457
28139	4522	0.08886719
28139	187	0.08886717
28139	1892	0.08825624
28139	206	0.088256225
28139	1856	0.088256225
28139	1376	0.08825621
28139	1714	0.08825621
28139	4905	0.08825621
28139	5080	0.08825621
28139	794	0.0882562
28144	3184	0.11186716
28144	1063	0.11186713
28144	1589	0.11186713
28144	4114	0.11186713
28144	4538	0.11186713
28144	4812	0.11186713
28144	4946	0.11186713
28144	380	0.11186712
28144	2079	0.111867115
28144	3431	0.111867115
28150	6307	0.116135806
28150	5636	0.1161358
28150	3341	0.11613579
28150	62	0.11613578
28150	950	0.11613578
28150	1902	0.11613578
28150	3810	0.11613578
28150	5162	0.11613578
28150	5216	0.11613578
28150	6790	0.11613578
28177	696	0.10047028
28177	61	0.100470275
28177	410	0.100470275
28177	1550	0.100470275
28177	1578	0.100470275
28177	2504	0.100470275
28177	635	0.10047027
28177	964	0.10047027
28177	448	0.10047026
28177	1774	0.10047026
28204	394	0.09852519
28204	2102	0.09852517
28204	6321	0.09852517
28204	5911	0.09852516
28204	414	0.09852515
28204	3199	0.09852515
28204	6462	0.09852514
28204	78	0.09852513
28204	731	0.09846388
28204	905	0.09846388
28222	4560	0.10219402
28222	6859	0.10168023
28222	4372	0.10168022
28222	1357	0.10139894
28222	1759	0.10139894
28222	707	0.101398915
28222	3752	0.101398915
28222	5271	0.101398915
28222	1101	0.1013989
28222	4528	0.10109971
28255	2860	0.12527904
28255	3161	0.12527904
28255	2018	0.12527902
28255	132	0.12527901
28255	631	0.12527901
28255	3317	0.12527901
28255	4463	0.12527901
28255	5871	0.12527901
28255	5920	0.12527901
28255	6339	0.12527901
28257	2207	0.10446479
28257	6685	0.104464784
28257	607	0.10446477
28257	801	0.10446477
28257	1062	0.10446477
28257	1639	0.10446477
28257	3394	0.10446477
28257	4533	0.10446477
28257	5975	0.10446477
28257	3193	0.10446476
28289	259	0.09275207
28289	648	0.09275207
28289	733	0.09275207
28289	944	0.09275207
28289	1618	0.09275207
28289	1823	0.09275207
28289	1833	0.09275207
28289	2687	0.09275207
28289	3710	0.09275207
28289	5150	0.09275207
28360	110	0.096647285
28360	6043	0.09664728
28360	6765	0.09664728
28360	1752	0.09664727
28360	2569	0.09664727
28360	6676	0.09664727
28360	700	0.09664726
28360	1144	0.09664726
28360	1159	0.09664726
28360	1330	0.09664726
28448	2580	0.10037345
28448	5563	0.10037345
28448	2520	0.10037343
28448	482	0.10037342
28448	3595	0.10037342
28448	3726	0.10028393
28448	3939	0.10028393
28448	914	0.10028392
28448	2808	0.10028392
28448	5382	0.10028392
28451	3253	0.11492481
28451	3853	0.11492481
28451	3294	0.1149248
28451	4204	0.1149248
28451	757	0.114924796
28451	2305	0.114924796
28451	579	0.11492479
28451	758	0.11492479
28451	2483	0.11492479
28451	3153	0.11492479
28454	1915	0.13284701
28454	4224	0.13284701
28454	3502	0.132847
28454	1344	0.13284698
28454	2336	0.13284698
28454	2632	0.13284698
28454	3011	0.13284698
28454	3819	0.13284698
28454	3874	0.13284698
28454	5262	0.13284698
28492	4412	0.13124827
28492	596	0.1312482
28492	3141	0.1301641
28492	2182	0.12995324
28492	4341	0.12995324
28492	468	0.1299532
28492	3208	0.1299532
28492	775	0.12995319
28492	2630	0.12995319
28492	2750	0.12995319
28523	3457	0.10595101
28523	341	0.105951
28523	2776	0.105951
28523	5618	0.105951
28523	5918	0.105951
28523	6184	0.105951
28523	831	0.10595098
28523	3897	0.10595097
28523	3376	0.10595095
28523	1917	0.10583921
28543	72	0.11112752
28543	523	0.11112751
28543	2509	0.111127496
28543	3727	0.111127496
28543	4620	0.111127496
28543	5856	0.111127496
28543	6237	0.111127496
28543	6756	0.111127496
28543	2882	0.11112749
28543	368	0.11112748
28591	688	0.107907265
28591	3217	0.10790725
28591	134	0.107907236
28591	1233	0.107907236
28591	1341	0.107907236
28591	1620	0.107907236
28591	1739	0.107907236
28591	2164	0.107907236
28591	2173	0.107907236
28591	2340	0.107907236
28592	2782	0.10269587
28592	1541	0.10269585
28592	3559	0.10269585
28592	1398	0.102695845
28592	672	0.10269584
28592	1616	0.10269584
28592	1816	0.10269584
28592	2176	0.10269584
28592	2356	0.10269584
28592	4610	0.10269584
28594	5619	0.1467486
28594	6610	0.14633244
28594	5979	0.14633237
28594	5980	0.14633235
28594	3608	0.14630258
28594	6159	0.14630257
28594	4043	0.14630255
28594	5274	0.14630254
28594	5928	0.14630254
28594	2075	0.14630252
28619	3004	0.11157917
28619	3510	0.11157915
28619	5529	0.11157915
28619	5993	0.11157915
28619	2318	0.11157912
28619	4104	0.11157912
28619	1026	0.11157112
28619	595	0.111571096
28619	5470	0.11124456
28619	212	0.11124454
28634	1743	0.12415177
28634	5015	0.12415177
28634	2696	0.12415176
28634	4334	0.12415176
28634	298	0.12415175
28634	504	0.12415175
28634	3624	0.12415175
28634	5632	0.12415175
28634	5781	0.12415175
28634	264	0.124151744
28647	259	0.10847676
28647	326	0.10847676
28647	546	0.10847676
28647	648	0.10847676
28647	733	0.10847676
28647	1388	0.10847676
28647	1618	0.10847676
28647	2687	0.10847676
28647	4695	0.10847676
28647	4907	0.10847676
28667	4475	0.12074323
28667	1476	0.12074317
28667	5248	0.120743155
28667	5855	0.12074315
28667	1478	0.120743126
28667	3040	0.120357245
28667	992	0.12035724
28667	4872	0.12035723
28667	6570	0.12035722
28667	1645	0.120357215
28700	829	0.111302294
28700	4115	0.111302294
28700	1888	0.11130229
28700	2241	0.11130227
28700	3325	0.11130226
28700	4330	0.11130226
28700	4631	0.11130224
28700	5681	0.11130224
28700	3858	0.11130222
28700	5761	0.11048251
28709	6779	0.087750316
28709	1926	0.0877503
28709	6784	0.08775029
28709	727	0.087750286
28709	1028	0.087750286
28709	4269	0.08775027
28709	4350	0.08775027
28709	5778	0.08775027
28709	3477	0.087750256
28709	5526	0.087750256
28731	6876	0.11172054
28731	2118	0.11172047
28731	999	0.11152149
28731	2197	0.11152143
28731	5099	0.11076173
28731	6852	0.11076173
28731	4668	0.110761724
28731	6917	0.110761724
28731	6332	0.11076172
28731	6735	0.11076172
28735	4524	0.11749165
28735	2463	0.11749163
28735	3657	0.11749163
28735	6057	0.11749163
28735	858	0.117491625
28735	4493	0.117491625
28735	6055	0.117491625
28735	430	0.11749162
28735	2668	0.11749162
28735	2767	0.11749162
28820	6161	0.11895713
28820	872	0.1189571
28820	1580	0.1189571
28820	3096	0.1189571
28820	5212	0.118957095
28820	2501	0.11895708
28820	4502	0.11895708
28820	6270	0.11895708
28820	2065	0.11895707
28820	6020	0.11895707
28865	149	0.08879782
28865	893	0.08879782
28865	5768	0.08879782
28865	761	0.088797815
28865	3545	0.088797815
28865	26	0.08879781
28865	441	0.08879781
28865	4314	0.08879779
28865	3634	0.088797785
28865	6877	0.088797785
28938	4787	0.11365463
28938	2502	0.11365461
28938	4129	0.11365461
28938	6232	0.1136546
28938	3511	0.11365459
28938	5700	0.11365459
28938	3097	0.11365458
28938	3246	0.113654576
28938	6604	0.113654576
28938	284	0.11365457
28945	1731	0.10831683
28945	1207	0.108316824
28945	2983	0.108316824
28945	2997	0.108316824
28945	3234	0.108316824
28945	193	0.10831682
28945	1805	0.10831682
28945	4197	0.10831682
28945	658	0.10831681
28945	744	0.10831681
29028	1656	0.100180626
29028	4010	0.100180626
29028	4932	0.100180626
29028	6520	0.100180626
29028	5822	0.10018062
29028	2426	0.100180596
29028	3279	0.09968093
29028	1829	0.09968092
29028	4018	0.09968092
29028	5113	0.09968092
29056	3743	0.11937882
29056	4014	0.11937882
29056	320	0.11937881
29056	346	0.11937881
29056	6863	0.11937881
29056	180	0.119378805
29056	236	0.119378805
29056	755	0.119378805
29056	1090	0.119378805
29056	1315	0.119378805
29094	4228	0.11104328
29094	3353	0.11104327
29094	4012	0.11104327
29094	770	0.11104326
29094	1840	0.11104326
29094	3552	0.11104326
29094	4685	0.11104326
29094	2726	0.11104325
29094	4225	0.11104325
29094	4544	0.11104325
29101	3327	0.12881531
29101	4154	0.12881531
29101	294	0.1288153
29101	1852	0.1288153
29101	2278	0.1288153
29101	4239	0.1288153
29101	4835	0.1288153
29101	4920	0.1288153
29101	5965	0.1288153
29101	6502	0.1288153
29204	6698	0.11057752
29204	6903	0.11057752
29204	797	0.110577516
29204	2605	0.110577516
29204	3965	0.110577516
29204	6356	0.110577516
29204	6636	0.110577516
29204	249	0.11057751
29204	269	0.11057751
29204	1311	0.11057751
29209	3458	0.13098398
29209	5392	0.13098396
29209	4796	0.13098395
29209	6703	0.13098395
29209	952	0.13098393
29209	2973	0.13098393
29209	3182	0.13098393
29209	3732	0.13098393
29209	228	0.1309839
29209	184	0.13014354
29259	170	0.102177076
29259	611	0.10217705
29259	1446	0.10217705
29259	7	0.102177046
29259	169	0.102177046
29259	884	0.102177046
29259	1612	0.10217704
29259	1707	0.10217704
29259	2398	0.10217704
29259	3221	0.10217704
29306	5150	0.10405623
29306	6763	0.10405623
29306	259	0.104056224
29306	546	0.104056224
29306	648	0.104056224
29306	733	0.104056224
29306	944	0.104056224
29306	1387	0.104056224
29306	1618	0.104056224
29306	1670	0.104056224
29419	1855	0.103990704
29419	346	0.10399069
29419	2339	0.10399069
29419	3743	0.10399069
29419	4217	0.10399069
29419	159	0.10399068
29419	1836	0.10399068
29419	2575	0.10399068
29419	4014	0.10399068
29419	4464	0.10399068
29424	184	0.098476164
29424	118	0.09847616
29424	1506	0.09847616
29424	5817	0.09847616
29424	5992	0.09847616
29424	4605	0.09847615
29424	4704	0.09847615
29424	5079	0.09847615
29424	540	0.09847614
29424	1667	0.09847614
29497	3327	0.11695777
29497	4154	0.116957754
29497	4835	0.11695775
29497	294	0.11695774
29497	5046	0.11695774
29497	1852	0.11695773
29497	4133	0.11695773
29497	4239	0.11695773
29497	4920	0.11695773
29497	5965	0.11695773
29526	4026	0.10681842
29526	971	0.10681839
29526	4029	0.10681839
29526	2545	0.106818385
29526	67	0.10681838
29526	93	0.10681838
29526	3074	0.10681838
29526	3361	0.10681838
29526	6900	0.10681838
29526	1688	0.10681837
29539	485	0.109054655
29539	2292	0.109054655
29539	3039	0.109054655
29539	5163	0.109054655
29539	6680	0.109054655
29539	2214	0.10905465
29539	75	0.10905464
29539	1496	0.10905464
29539	2215	0.10905464
29539	3597	0.10905464
29570	714	0.10099698
29570	2322	0.10099697
29570	3946	0.10099697
29570	4189	0.10099697
29570	6012	0.10099697
29570	2518	0.100996956
29570	2521	0.100996956
29570	2821	0.100996956
29570	4444	0.100996956
29570	4665	0.100996956
29789	6716	0.10791094
29789	1259	0.10791092
29789	157	0.107910916
29789	6550	0.107910916
29789	182	0.10791091
29789	1533	0.10791091
29789	2919	0.10791091
29789	50	0.1079109
29789	879	0.1079109
29789	1249	0.1079109
29855	6779	0.09719445
29855	1926	0.097194426
29855	6784	0.097194426
29855	727	0.09719442
29855	1028	0.0971944
29855	4350	0.0971944
29855	4269	0.09719439
29855	5526	0.09719439
29855	5778	0.09719439
29855	3477	0.09719438
29867	5012	0.101969145
29867	1922	0.10196914
29867	3248	0.10196914
29867	4083	0.10196914
29867	6048	0.10196914
29867	3264	0.10196913
29867	219	0.10196912
29867	5944	0.10196912
29867	221	0.10196911
29867	1834	0.10196911
29915	4175	0.11871167
29915	79	0.118711665
29915	1624	0.118711665
29915	3059	0.118711665
29915	4273	0.118711665
29915	5122	0.118711665
29915	6532	0.118711665
29915	4342	0.11871166
29915	168	0.11871165
29915	251	0.11871165
30022	1641	0.10698387
30022	2463	0.10698387
30022	3856	0.10698387
30022	4493	0.10698387
30022	6057	0.10698387
30022	858	0.106983855
30022	1643	0.106983855
30022	2156	0.106983855
30022	3657	0.106983855
30022	4524	0.106983855
30029	346	0.1370203
30029	4014	0.1370203
30029	159	0.13702029
30029	177	0.13702029
30029	180	0.13702029
30029	236	0.13702029
30029	320	0.13702029
30029	755	0.13702029
30029	1090	0.13702029
30029	1629	0.13702029
30035	320	0.09465748
30035	3259	0.09465748
30035	3743	0.09465748
30035	4014	0.09465748
30035	159	0.09465747
30035	1567	0.09465747
30035	1855	0.09465747
30035	2339	0.09465747
30035	4217	0.09465747
30035	4464	0.09465747
30052	4751	0.11649388
30052	5629	0.116493866
30052	2326	0.11649386
30052	1302	0.11649385
30052	2888	0.11649385
30052	3525	0.11649385
30052	1174	0.116493836
30052	1185	0.116493836
30052	4181	0.116493836
30052	5140	0.116493836
30081	3407	0.111947194
30081	4235	0.111947194
30081	5834	0.111947194
30081	3300	0.11194718
30081	2316	0.11194717
30081	2905	0.11194717
30081	462	0.111947164
30081	3428	0.111947164
30081	2349	0.11194715
30081	2504	0.11161504
30120	320	0.11278242
30120	4014	0.11278242
30120	755	0.11278241
30120	6863	0.11278241
30120	346	0.112782404
30120	1567	0.112782404
30120	2573	0.112782404
30120	3501	0.112782404
30120	3743	0.112782404
30120	4464	0.112782404
30210	2886	0.10832188
30210	619	0.108321875
30210	2317	0.108321875
30210	3306	0.10832186
30210	959	0.10742148
30210	646	0.10742146
30210	4180	0.10742146
30210	4870	0.10742144
30210	6463	0.10742144
30210	5641	0.1070472
30245	2722	0.13045603
30245	5837	0.12945127
30245	143	0.1294406
30245	3204	0.1293419
30245	5319	0.12844345
30245	6497	0.12842351
30245	3265	0.12842348
30245	1590	0.12754454
30245	1065	0.12754452
30245	4832	0.1275445
30261	133	0.10112609
30261	622	0.10112609
30261	2014	0.10112608
30261	473	0.101126075
30261	3048	0.101126075
30261	660	0.10112607
30261	1751	0.10112606
30261	2633	0.10112606
30261	3064	0.10112606
30261	6383	0.10112606
30273	6763	0.10778452
30273	259	0.10778451
30273	733	0.10778451
30273	944	0.10778451
30273	1618	0.10778451
30273	1823	0.10778451
30273	2687	0.10778451
30273	3647	0.10778451
30273	4695	0.10778451
30273	4968	0.10778451
30290	351	0.12543914
30290	697	0.12543914
30290	1024	0.12543914
30290	3846	0.12543914
30290	2479	0.12543912
30290	2830	0.12543912
30290	3107	0.12543912
30290	3626	0.12543912
30290	3676	0.12543912
30290	4157	0.12543912
30319	701	0.0962452
30319	1957	0.0962452
30319	6652	0.0962452
30319	1513	0.09624519
30319	68	0.096245185
30319	3396	0.09516122
30319	5371	0.095161214
30319	6605	0.095161214
30319	2004	0.0951612
30319	4259	0.09516119
30333	184	0.119893484
30333	118	0.11989348
30333	5817	0.11989348
30333	5992	0.11989348
30333	6814	0.11989348
30333	4704	0.11989347
30333	540	0.11989346
30333	1506	0.11989346
30333	1667	0.11989346
30333	2978	0.11989346
30385	4877	0.13076112
30385	4769	0.1307611
30385	2411	0.13076109
30385	3540	0.13076109
30385	5773	0.13076109
30385	109	0.13052076
30385	5561	0.13052076
30385	6064	0.13052076
30385	1197	0.13052075
30385	6100	0.13052075
30445	631	0.11468514
30445	2018	0.11468512
30445	2860	0.11468512
30445	6339	0.11468512
30445	4291	0.11468511
30445	4669	0.11468511
30445	5871	0.11468511
30445	598	0.1146851
30445	1703	0.1146851
30445	2011	0.1146851
30461	3053	0.1151732
30461	4236	0.11517318
30461	4623	0.11517316
30461	5657	0.11497785
30461	272	0.11497784
30461	4895	0.11497783
30461	1919	0.114078164
30461	5074	0.114078134
30461	3682	0.11356616
30461	3789	0.11325376
30487	5470	0.15617296
30487	212	0.15617293
30487	307	0.15617293
30487	5831	0.15617293
30487	3615	0.15546426
30487	2360	0.15546423
30487	6097	0.15546423
30487	5027	0.1554642
30487	3004	0.15483779
30487	3510	0.15483779
30495	3285	0.116152115
30495	6446	0.116152115
30495	2800	0.11615211
30495	3197	0.11615211
30495	3913	0.1161521
30495	3550	0.11615209
30495	5923	0.11615209
30495	4169	0.116152085
30495	388	0.11615208
30495	1539	0.11615208
30531	1471	0.08918156
30531	4381	0.08918156
30531	4865	0.08918155
30531	908	0.08918154
30531	2158	0.08918154
30531	2856	0.08918154
30531	3790	0.08918154
30531	3215	0.089181535
30531	4483	0.089181535
30531	838	0.08918153
30533	384	0.11162874
30533	581	0.111628726
30533	3581	0.11162872
30533	232	0.11162871
30533	3480	0.11162871
30533	3625	0.11162871
30533	4250	0.11162871
30533	5156	0.11162871
30533	6388	0.11162871
30533	732	0.111628704
30555	87	0.111867376
30555	2652	0.111867376
30555	4258	0.11186737
30555	5620	0.11186737
30555	310	0.11186734
30555	1200	0.11186734
30555	6264	0.11186734
30555	2231	0.11186733
30555	1438	0.11186732
30555	4294	0.11186732
30594	3039	0.10145781
30594	5163	0.10145781
30594	6680	0.10145781
30594	75	0.101457804
30594	485	0.101457804
30594	1496	0.101457804
30594	2214	0.101457804
30594	2215	0.101457804
30594	2292	0.101457804
30594	6786	0.101457804
30607	3327	0.11545581
30607	4154	0.11545579
30607	4239	0.11545579
30607	4835	0.11545579
30607	4133	0.115455784
30607	253	0.11545578
30607	294	0.11545578
30607	1379	0.11545578
30607	1852	0.11545578
30607	4920	0.11545578
30645	79	0.111684024
30645	1624	0.111684024
30645	4175	0.111684024
30645	4273	0.111684024
30645	4342	0.111684024
30645	2728	0.11168402
30645	3059	0.11168402
30645	168	0.11168401
30645	251	0.11168401
30645	1775	0.11168401
30657	2134	0.11513038
30657	531	0.115130365
30657	545	0.115130365
30657	3303	0.115130365
30657	1307	0.11513036
30657	3051	0.11513035
30657	5422	0.11513035
30657	5887	0.11513035
30657	1720	0.11513034
30657	2553	0.11513034
30711	1812	0.09647517
30711	5043	0.09647517
30711	5448	0.09647517
30711	1089	0.09647516
30711	690	0.096475154
30711	1781	0.096475154
30711	1872	0.096475154
30711	5485	0.096475154
30711	71	0.09647515
30711	560	0.09647515
30712	696	0.11083655
30712	2504	0.11083655
30712	410	0.11083654
30712	61	0.110836536
30712	635	0.110836536
30712	1578	0.110836536
30712	240	0.11083653
30712	3791	0.11083653
30712	446	0.11083652
30712	610	0.11083652
30716	1626	0.10646934
30716	3468	0.106469326
30716	6611	0.10646931
30716	243	0.1064693
30716	416	0.1064693
30716	3544	0.1064693
30716	3738	0.1064693
30716	6678	0.1064693
30716	1814	0.106469296
30716	5525	0.106469296
30735	1377	0.1152104
30735	2050	0.115191996
30735	1875	0.11519197
30735	2233	0.11519196
30735	274	0.11447382
30735	3318	0.114473805
30735	730	0.11445539
30735	2372	0.114455365
30735	4284	0.11445536
30735	6548	0.11441531
30749	798	0.09838238
30749	1743	0.09838238
30749	5632	0.09838238
30749	504	0.098382376
30749	4334	0.098382376
30749	298	0.09838237
30749	422	0.09838237
30749	705	0.09838237
30749	792	0.09838237
30749	1051	0.09838237
30770	110	0.10255213
30770	1752	0.10255213
30770	3469	0.10255213
30770	6765	0.10255213
30770	6043	0.10255212
30770	6676	0.10255212
30770	700	0.102552116
30770	1159	0.102552116
30770	2569	0.102552116
30770	2640	0.102552116
30806	731	0.099131376
30806	905	0.099131376
30806	5489	0.099131376
30806	6059	0.099131376
30806	649	0.09913137
30806	213	0.09913136
30806	1708	0.09913136
30806	5900	0.09913135
30806	6631	0.09913135
30806	739	0.099131346
30810	4228	0.11711788
30810	3353	0.11711787
30810	5758	0.11711786
30810	770	0.11711785
30810	3552	0.11711785
30810	4012	0.11711785
30810	4045	0.11711785
30810	4685	0.11711785
30810	4945	0.11711785
30810	24	0.117117845
30824	133	0.09504481
30824	473	0.09504479
30824	622	0.09504479
30824	2014	0.09504479
30824	660	0.09504478
30824	3048	0.09504478
30824	3064	0.09504478
30824	1359	0.09504477
30824	2633	0.09504477
30824	668	0.09504476
30838	3694	0.10080488
30838	5645	0.100448005
30838	609	0.09980221
30838	6113	0.09958415
30838	2636	0.098003775
30838	584	0.09784931
30838	5277	0.09756878
30838	3328	0.09735803
30838	3365	0.09735803
30838	5067	0.09735803
30854	546	0.095958784
30854	648	0.095958784
30854	3710	0.095958784
30854	733	0.09595878
30854	4695	0.09595878
30854	5150	0.09595878
30854	6763	0.09595878
30854	259	0.09595877
30854	326	0.09595877
30854	944	0.09595877
30887	2207	0.099213906
30887	1639	0.09921389
30887	188	0.09921388
30887	607	0.09921388
30887	1062	0.09921388
30887	2143	0.09921388
30887	3394	0.09921388
30887	3851	0.09921388
30887	5744	0.09921388
30887	5975	0.09921388
30898	696	0.10835205
30898	2504	0.10835204
30898	61	0.108352035
30898	410	0.108352035
30898	635	0.108352035
30898	240	0.10835203
30898	1550	0.10835203
30898	1578	0.10835203
30898	446	0.10835202
30898	448	0.10835202
30906	5969	0.10065348
30906	6288	0.10065348
30906	1931	0.10065347
30906	2437	0.10065347
30906	374	0.100653455
30906	2312	0.100653455
30906	4764	0.100653455
30906	6350	0.100653455
30906	6539	0.100653455
30906	2564	0.10065345
30939	1231	0.1069413
30939	1725	0.10694128
30939	4311	0.10694128
30939	4526	0.10694128
30939	4816	0.10694128
30939	5551	0.10694128
30939	6760	0.10694128
30939	3566	0.106941275
30939	6155	0.106941275
30939	1693	0.10694127
30968	1626	0.08955808
30968	3468	0.08955806
30968	127	0.08955805
30968	416	0.08955805
30968	3738	0.08955805
30968	5525	0.08955805
30968	6611	0.08955805
30968	6678	0.08955805
30968	1568	0.08955804
30968	215	0.089558035
30972	320	0.12730032
30972	346	0.12730032
30972	1855	0.12730032
30972	2339	0.12730032
30972	4217	0.12730032
30972	159	0.1273003
30972	755	0.1273003
30972	1090	0.1273003
30972	1567	0.1273003
30972	1629	0.1273003
30985	7	0.090612695
30985	169	0.090612695
30985	611	0.090612695
30985	1446	0.090612695
30985	884	0.09061269
30985	1612	0.09061269
30985	1707	0.09061269
30985	6759	0.09061269
30985	2662	0.09061268
30985	3221	0.09061268
30989	4175	0.1079144
30989	1624	0.107914396
30989	79	0.10791439
30989	3059	0.10791439
30989	4273	0.10791439
30989	5122	0.10791438
30989	6532	0.10791438
30989	168	0.10791437
30989	2550	0.10791437
30989	2659	0.10791437
30994	6779	0.09593746
30994	1926	0.095937446
30994	6784	0.09593744
30994	727	0.09593742
30994	1028	0.09593742
30994	4269	0.095937416
30994	4350	0.095937416
30994	5526	0.0959374
30994	5778	0.0959374
30994	3477	0.095937386
31006	5015	0.10378401
31006	2696	0.103784
31006	3624	0.103784
31006	4334	0.103784
31006	298	0.103783995
31006	422	0.103783995
31006	504	0.103783995
31006	892	0.103783995
31006	1051	0.103783995
31006	1743	0.103783995
31008	72	0.116757005
31008	523	0.116757005
31008	3727	0.11675699
31008	5856	0.11675699
31008	6237	0.11675699
31008	6756	0.11675699
31008	812	0.11675698
31008	1945	0.11675698
31008	385	0.116756976
31008	1282	0.116756976
31040	5121	0.10018611
31040	815	0.10018608
31040	1951	0.100186065
31040	4702	0.099619195
31040	5641	0.099322475
31040	4951	0.09932246
31040	6091	0.09932246
31040	4245	0.09932245
31040	1040	0.09932244
31040	3209	0.09932244
31050	4203	0.1329098
31050	4080	0.13290976
31050	1604	0.13290974
31050	3772	0.13290972
31050	6494	0.13243581
31050	2793	0.1324358
31050	6711	0.1324358
31050	2818	0.13243578
31050	4081	0.13243578
31050	6712	0.13243578
31094	1812	0.104621604
31094	1089	0.1046216
31094	5043	0.1046216
31094	5448	0.10462159
31094	4737	0.10462158
31094	5485	0.10462158
31094	5537	0.10462158
31094	560	0.104621574
31094	690	0.104621574
31094	1781	0.104621574
31144	5417	0.10392727
31144	6371	0.10392726
31144	4213	0.10392725
31144	4709	0.10392725
31144	5388	0.10392725
31144	3503	0.10323072
31144	6215	0.10323072
31144	3297	0.103230715
31144	3636	0.103230715
31144	549	0.10323071
31158	1910	0.101681575
31158	4843	0.101681575
31158	2976	0.10168157
31158	1484	0.10168156
31158	1819	0.10168156
31158	1999	0.10168156
31158	4313	0.10168156
31158	1867	0.10168155
31158	4440	0.10168155
31158	813	0.101681545
31226	700	0.12221286
31226	110	0.12221285
31226	6765	0.12221285
31226	1752	0.12221284
31226	2640	0.12221284
31226	6043	0.12221284
31226	2569	0.122212835
31226	4720	0.122212835
31226	5034	0.122212835
31226	6676	0.122212835
31229	2803	0.118311025
31229	4293	0.118311025
31229	628	0.11831102
31229	3018	0.11831102
31229	5558	0.11831102
31229	6341	0.11831102
31229	3916	0.11831101
31229	4403	0.11831101
31229	1745	0.118311
31229	1989	0.118311
31250	3396	0.0981383
31250	2951	0.098138295
31250	5371	0.098138295
31250	6605	0.09813829
31250	459	0.09813827
31250	1247	0.09813827
31250	4259	0.09813827
31250	6825	0.09813827
31250	2004	0.098138265
31250	1301	0.09813826
31256	782	0.11949605
31256	2703	0.11949605
31256	5940	0.11949605
31256	45	0.11949604
31256	1962	0.11949604
31256	2807	0.11949604
31256	5272	0.11949604
31256	5678	0.11949604
31256	1079	0.11949603
31256	2211	0.11949603
31343	346	0.13421814
31343	159	0.13421813
31343	177	0.13421813
31343	236	0.13421813
31343	320	0.13421813
31343	1090	0.13421813
31343	1106	0.13421813
31343	1629	0.13421813
31343	1658	0.13421813
31343	1855	0.13421813
31391	5418	0.09815328
31391	6405	0.09815326
31391	2017	0.098153226
31391	3602	0.098104656
31391	2030	0.09764399
31391	1111	0.09764397
31391	5085	0.09764396
31391	6727	0.09764396
31391	2421	0.09759541
31391	1844	0.09759539
31393	373	0.10171511
31393	4590	0.10171508
31393	90	0.10171507
31393	2416	0.10171507
31393	3326	0.101407066
31393	3405	0.101407066
31393	6079	0.10140706
31393	1088	0.10140705
31393	6104	0.10140704
31393	439	0.10114585
31412	384	0.110482685
31412	581	0.110482685
31412	3480	0.110482685
31412	3581	0.110482685
31412	411	0.11048268
31412	732	0.11048268
31412	5156	0.11048268
31412	6388	0.11048268
31412	1436	0.11048267
31412	1680	0.11048267
31431	6716	0.10735131
31431	1259	0.107351296
31431	50	0.10735129
31431	157	0.10735129
31431	879	0.10735128
31431	1533	0.10735128
31431	2742	0.10735128
31431	2919	0.10735128
31431	3330	0.10735128
31431	4248	0.10735128
31446	79	0.0990987
31446	1624	0.0990987
31446	3059	0.0990987
31446	4175	0.0990987
31446	4273	0.0990987
31446	4342	0.0990987
31446	5122	0.0990987
31446	6532	0.0990987
31446	251	0.09909869
31446	2728	0.09909869
31468	5413	0.106573865
31468	5445	0.10642121
31468	3845	0.10642119
31468	2614	0.10642117
31468	4396	0.106421165
31468	2159	0.10642116
31468	3852	0.10642116
31468	5889	0.10642116
31468	5999	0.10642116
31468	6168	0.10642116
31471	3327	0.107308015
31471	4154	0.10730801
31471	4835	0.107308
31471	1524	0.10730799
31471	4239	0.10730799
31471	5046	0.10730799
31471	83	0.107307985
31471	174	0.107307985
31471	257	0.107307985
31471	294	0.107307985
31609	2683	0.12875205
31609	2798	0.12875204
31609	4222	0.12846197
31609	3170	0.12846196
31609	3409	0.12846194
31609	1895	0.12846193
31609	3769	0.12846193
31609	1771	0.1284619
31609	1779	0.1284619
31609	3798	0.12846188
31652	4918	0.1066634
31652	6666	0.10666336
31652	2110	0.106663354
31652	2113	0.10666334
31652	985	0.10633759
31652	3393	0.106266424
31652	222	0.10626639
31652	1334	0.106184855
31652	3930	0.106184855
31652	528	0.10618485
31681	679	0.124138325
31681	4960	0.124138325
31681	4648	0.1241383
31681	4961	0.124138296
31681	6323	0.124138296
31681	6771	0.124138296
31681	3019	0.12413828
31681	5853	0.12413828
31681	631	0.12390256
31681	1703	0.123902544
31688	959	0.10188608
31688	646	0.101886064
31688	4180	0.101886064
31688	4870	0.10188605
31688	6463	0.10188605
31688	2951	0.10151492
31688	3396	0.10151492
31688	5371	0.10151492
31688	2004	0.101514906
31688	6605	0.101514906
31714	259	0.12598081
31714	1387	0.12598081
31714	1668	0.12598081
31714	1823	0.12598081
31714	1833	0.12598081
31714	4695	0.12598081
31714	4968	0.12598081
31714	5333	0.12598081
31714	6763	0.12598081
31714	326	0.1259808
31740	87	0.106188685
31740	2652	0.10618868
31740	4258	0.10618868
31740	5620	0.10618867
31740	310	0.106188655
31740	1200	0.106188655
31740	1438	0.10618864
31740	2231	0.10618864
31740	4294	0.10618864
31740	5144	0.10618864
31846	2357	0.11762278
31846	4703	0.11762278
31846	5792	0.11762278
31846	1873	0.11762277
31846	1303	0.11762276
31846	6428	0.11762276
31846	513	0.117622755
31846	2549	0.117622755
31846	3534	0.117622755
31846	4936	0.117622755
31860	2224	0.105839826
31860	2230	0.105839826
31860	1176	0.10583982
31860	2407	0.10583982
31860	3892	0.10583982
31860	4183	0.10583982
31860	3313	0.10583981
31860	3956	0.10583981
31860	695	0.105839804
31860	2234	0.105839804
31900	4787	0.1421545
31900	4129	0.14215448
31900	2502	0.14215447
31900	3511	0.14215446
31900	6232	0.14215446
31900	3097	0.14215444
31900	4138	0.14215444
31900	5700	0.14215443
31900	6604	0.14215443
31900	284	0.14215441
31919	696	0.09668428
31919	2504	0.09668428
31919	410	0.09668427
31919	61	0.09668426
31919	635	0.09668426
31919	1578	0.096684255
31919	240	0.09668425
31919	448	0.09668425
31919	530	0.09668425
31919	610	0.09668425
31948	2134	0.09877688
31948	3303	0.09877687
31948	531	0.09877686
31948	545	0.09877686
31948	1307	0.09877686
31948	5422	0.09877686
31948	5887	0.09877686
31948	1720	0.09877685
31948	2553	0.09877685
31948	3051	0.09877685
32034	2269	0.103313036
32034	3286	0.10331303
32034	5696	0.10331303
32034	539	0.10331302
32034	1579	0.10331302
32034	2880	0.10331302
32034	4433	0.10331302
32034	2354	0.103313014
32034	2465	0.103313014
32034	2920	0.103313014
32087	4703	0.106199436
32087	1303	0.10619943
32087	2357	0.10619943
32087	5792	0.10619943
32087	1873	0.10619942
32087	2549	0.10619941
32087	3534	0.10619941
32087	3724	0.10619941
32087	4431	0.10619941
32087	4936	0.10619941
32122	528	0.1206283
32122	1334	0.12062828
32122	3930	0.12062828
32122	2417	0.12062827
32122	4918	0.12014758
32122	2110	0.120147556
32122	6666	0.12014754
32122	5265	0.1189366
32122	5679	0.11893658
32122	5172	0.11893656
32148	444	0.114981964
32148	3882	0.114981964
32148	381	0.11498195
32148	3072	0.11498195
32148	6335	0.11498195
32148	2788	0.11498194
32148	4346	0.11498194
32148	6590	0.11498194
32148	165	0.114981934
32148	2235	0.114981934
32188	118	0.118084356
32188	184	0.118084356
32188	5817	0.118084356
32188	5992	0.118084356
32188	540	0.11808434
32188	1506	0.11808434
32188	4704	0.11808434
32188	5079	0.11808434
32188	5182	0.11808434
32188	6814	0.11808434
32195	298	0.11053091
32195	422	0.11053091
32195	504	0.11053091
32195	705	0.11053091
32195	798	0.11053091
32195	1051	0.11053091
32195	1743	0.11053091
32195	2696	0.11053091
32195	2972	0.11053091
32195	3600	0.11053091
32244	4845	0.105608605
32244	4768	0.1056086
32244	4770	0.1056086
32244	478	0.10560859
32244	1332	0.10560859
32244	1815	0.10560859
32244	3782	0.10560859
32244	4053	0.10560859
32244	1122	0.10560858
32244	1976	0.10560858
32250	1743	0.09158304
32250	2696	0.09158304
32250	422	0.091583036
32250	504	0.091583036
32250	4334	0.091583036
32250	5632	0.091583036
32250	5899	0.091583036
32250	6	0.09158303
32250	298	0.09158303
32250	798	0.09158303
32275	2224	0.12874427
32275	2230	0.12874427
32275	2407	0.12874427
32275	3313	0.12874427
32275	3892	0.12874427
32275	4183	0.12874427
32275	4348	0.12874427
32275	5814	0.12874427
32275	1176	0.12874426
32275	1576	0.12874426
32329	5453	0.10425435
32329	3287	0.10425433
32329	250	0.10425432
32329	3247	0.10425432
32329	6609	0.10425432
32329	3861	0.10425431
32329	6701	0.10425431
32329	6726	0.10425431
32329	399	0.104254305
32329	1842	0.104254305
32440	4087	0.10456974
32440	5105	0.10456974
32440	3506	0.10456973
32440	282	0.104569726
32440	52	0.10456972
32440	337	0.10456972
32440	457	0.10456972
32440	883	0.10456972
32440	3718	0.10456972
32440	5016	0.10456972
32516	1810	0.12511034
32516	2331	0.12511034
32516	4993	0.12511034
32516	5504	0.12511034
32516	1665	0.12511033
32516	2679	0.12511033
32516	3055	0.12511033
32516	3476	0.12511033
32516	6348	0.12511033
32516	656	0.12511031
32569	5360	0.11939469
32569	5698	0.11939469
32569	2296	0.119394675
32569	6102	0.119394675
32569	6145	0.119394675
32569	2297	0.11939467
32569	3870	0.11939467
32569	3802	0.11939466
32569	4290	0.11939465
32569	591	0.119394645
32599	574	0.12246984
32599	6783	0.122469835
32599	5327	0.12246983
32599	816	0.12246981
32599	2743	0.12246981
32599	4044	0.12246981
32599	4629	0.12246981
32599	1495	0.1224698
32599	1723	0.1224698
32599	1944	0.1224698
32627	2498	0.10979037
32627	1793	0.10979036
32627	4415	0.109790355
32627	1080	0.10979035
32627	4536	0.10979035
32627	6022	0.10979035
32627	1319	0.10979034
32627	2896	0.10979034
32627	6083	0.10979034
32627	6298	0.10979034
32641	3598	0.09165203
32641	87	0.091465294
32641	4258	0.091465294
32641	2652	0.09146529
32641	5620	0.09146528
32641	310	0.09146527
32641	1200	0.091465265
32641	6264	0.091465265
32641	2231	0.09146526
32641	4294	0.09146526
32721	6714	0.11761134
32721	1396	0.11761129
32721	4585	0.11761128
32721	72	0.11747046
32721	523	0.11747046
32721	5856	0.11747046
32721	2509	0.11747044
32721	6756	0.11747044
32721	385	0.117470436
32721	812	0.117470436
32773	4579	0.15140736
32773	1879	0.15140735
32773	6536	0.15140735
32773	916	0.15140733
32773	1009	0.15140733
32773	1017	0.15140733
32773	2648	0.15140733
32773	3044	0.15140733
32773	4434	0.15140733
32773	5002	0.15140733
32802	4228	0.123232454
32802	4012	0.12323243
32802	770	0.123232424
32802	2034	0.123232424
32802	3353	0.123232424
32802	3552	0.123232424
32802	4226	0.123232424
32802	4685	0.123232424
32802	24	0.12323242
32802	311	0.12323242
32991	1626	0.10598059
32991	3468	0.10598059
32991	6611	0.105980575
32991	6678	0.105980575
32991	243	0.10598057
32991	3544	0.10598057
32991	3738	0.10598057
32991	127	0.10598056
32991	416	0.10598056
32991	1568	0.10598056
33004	6524	0.11733793
33004	2383	0.11733791
33004	1890	0.1173379
33004	4161	0.11718046
33004	4688	0.11718043
33004	1273	0.11718041
33004	2237	0.1171804
33004	303	0.11679934
33004	740	0.11662073
33004	460	0.11662072
33036	4834	0.088372536
33036	164	0.08837251
33036	710	0.08837251
33036	2674	0.08837251
33036	3320	0.08837251
33036	4467	0.08837251
33036	6046	0.08837251
33036	2627	0.088372506
33036	5159	0.088372506
33036	2299	0.0883725
33124	3184	0.118665904
33124	4114	0.118665904
33124	4812	0.118665904
33124	1589	0.1186659
33124	3431	0.1186659
33124	380	0.11866589
33124	1063	0.11866589
33124	4538	0.11866589
33124	4946	0.11866589
33124	5556	0.11866589
33179	2107	0.12109512
33179	3564	0.12109512
33179	1602	0.12109508
33179	5441	0.12109508
33179	5044	0.121095076
33179	5048	0.121095076
33179	3198	0.12109506
33179	3333	0.12109506
33179	4193	0.12109506
33179	6154	0.12109506
33200	320	0.10295454
33200	346	0.10295454
33200	1855	0.10295454
33200	3743	0.10295454
33200	4014	0.10295454
33200	2339	0.10295453
33200	3350	0.10295453
33200	6863	0.10295453
33200	159	0.10295452
33200	177	0.10295452
33264	2134	0.105204955
33264	531	0.10520494
33264	1307	0.10520494
33264	3303	0.10520493
33264	5422	0.10520493
33264	5887	0.10520493
33264	545	0.105204925
33264	1720	0.105204925
33264	2553	0.105204925
33264	3051	0.105204925
33270	6315	0.12408858
33270	3681	0.12408857
33270	6074	0.124088556
33270	6300	0.12408854
33270	3238	0.12408853
33270	2148	0.124088526
33270	1692	0.12408852
33270	4051	0.12408851
33270	5	0.1240885
33270	2965	0.124088496
33283	3184	0.10909197
33283	380	0.10909195
33283	4114	0.10909195
33283	4538	0.10909195
33283	4812	0.10909195
33283	1589	0.109091945
33283	1063	0.10909194
33283	2079	0.10909194
33283	4946	0.10909194
33283	5064	0.10909194
33319	193	0.115396634
33319	2997	0.115396634
33319	3613	0.115396634
33319	4197	0.115396634
33319	567	0.11539663
33319	744	0.11539663
33319	1207	0.11539663
33319	1731	0.11539663
33319	3115	0.11539663
33319	6675	0.11539663
33461	990	0.14145885
33461	1486	0.14145885
33461	4898	0.14145885
33461	96	0.14145884
33461	572	0.14145884
33461	1105	0.14145884
33461	4480	0.14145884
33461	5101	0.14145884
33461	5314	0.14145884
33461	5829	0.14145884
33491	992	0.11382918
33491	3098	0.11382918
33491	3040	0.11382917
33491	4073	0.113829166
33491	4872	0.113829166
33491	1130	0.11382915
33491	1645	0.11382915
33491	6570	0.11382915
33491	6195	0.11382913
33491	131	0.11382912
33580	2790	0.1064572
33580	2541	0.10598953
33580	5261	0.1059895
33580	1529	0.10573371
33580	3039	0.10566495
33580	2214	0.105664946
33580	5163	0.105664946
33580	2292	0.10566494
33580	6680	0.10566494
33580	6786	0.10566494
33614	5206	0.12582675
33614	4296	0.12557632
33614	4091	0.1255763
33614	2786	0.12557627
33614	3551	0.12557626
33614	4621	0.12557626
33614	5103	0.12557626
33614	5289	0.12557626
33614	6304	0.12557626
33614	3734	0.12557624
33656	5084	0.10931128
33656	5100	0.10931127
33656	2639	0.10931126
33656	3331	0.10931125
33656	2185	0.1086085
33656	6136	0.10793354
33656	6595	0.107933536
33656	1969	0.10626586
33656	5539	0.10626585
33656	2287	0.106140375
33681	696	0.0984033
33681	2504	0.09840329
33681	1550	0.09840328
33681	61	0.098403275
33681	410	0.098403275
33681	635	0.098403275
33681	1578	0.098403275
33681	4791	0.09840327
33681	240	0.09840326
33681	448	0.09840326
33816	1891	0.10200001
33816	996	0.10196909
33816	6878	0.10196909
33816	1617	0.101969086
33816	1804	0.10121227
33816	5973	0.101181366
33816	6719	0.10103973
33816	4560	0.10086888
33816	2755	0.10084867
33816	4919	0.10084865
33818	1892	0.11375386
33818	206	0.11375384
33818	1856	0.11375384
33818	1376	0.11375382
33818	5080	0.11375382
33818	794	0.11375381
33818	1261	0.11375381
33818	4905	0.11375381
33818	3775	0.113753796
33818	2755	0.113254145
33832	3184	0.12249179
33832	1063	0.12249178
33832	1589	0.12249178
33832	4538	0.12249178
33832	4946	0.12249178
33832	6151	0.12249178
33832	380	0.12249177
33832	2795	0.12249177
33832	3910	0.12249177
33832	4114	0.12249177
33862	3882	0.11949536
33862	444	0.119495355
33862	381	0.11949535
33862	2788	0.11949533
33862	6335	0.11949533
33862	6590	0.11949533
33862	165	0.119495325
33862	2235	0.119495325
33862	659	0.11949532
33862	1182	0.11949532
33933	4684	0.10467902
33933	2422	0.104679
33933	3108	0.10467899
33933	3393	0.10431486
33933	222	0.10431484
33933	2790	0.102866195
33933	2541	0.10250209
33933	5261	0.10250205
33933	3046	0.102473736
33933	6474	0.102473736
33958	858	0.11367632
33958	1643	0.11367632
33958	2463	0.11367632
33958	6057	0.11367632
33958	1641	0.11367631
33958	3856	0.11367631
33958	4493	0.11367631
33958	4524	0.11367631
33958	6055	0.11367631
33958	2767	0.1136763
33974	2143	0.10003407
33974	2207	0.10003407
33974	3875	0.100034066
33974	188	0.10003406
33974	607	0.10003406
33974	913	0.10003406
33974	1062	0.10003406
33974	1639	0.10003406
33974	3394	0.10003406
33974	3851	0.10003406
33980	1034	0.10843118
33980	6346	0.108431175
33980	3796	0.10843117
33980	463	0.10843116
33980	484	0.10843116
33980	1031	0.10843116
33980	2307	0.10843116
33980	5790	0.10843116
33980	5898	0.10843116
33980	6450	0.10843116
33999	444	0.10941466
33999	3882	0.10941465
33999	6335	0.109414645
33999	381	0.10941464
33999	2788	0.10941463
33999	3072	0.10941463
33999	6590	0.10941463
33999	165	0.10941462
33999	1182	0.10941462
33999	2235	0.10941462
34075	6430	0.10961641
34075	3271	0.10961638
34075	5020	0.109616354
34075	5716	0.10961634
34075	6731	0.10961634
34075	780	0.10961632
34075	5090	0.10812843
34075	4729	0.1081284
34075	877	0.10791585
34075	1168	0.10791584
34087	3184	0.11159069
34087	4114	0.11159067
34087	4946	0.11159066
34087	5556	0.11159066
34087	380	0.11159065
34087	1063	0.11159065
34087	1589	0.11159065
34087	3150	0.11159065
34087	3431	0.11159065
34087	4538	0.11159065
34115	3327	0.12903209
34115	4133	0.12903208
34115	4154	0.12903208
34115	4835	0.12903208
34115	83	0.12903206
34115	294	0.12903206
34115	1524	0.12903206
34115	1728	0.12903206
34115	1852	0.12903206
34115	2278	0.12903206
34215	1701	0.11210928
34215	5311	0.11210927
34215	904	0.11210926
34215	1127	0.11210926
34215	5649	0.11210926
34215	5298	0.11210925
34215	2052	0.112109244
34215	4380	0.112109244
34215	4484	0.112109244
34215	6028	0.112109244
34300	6645	0.12004579
34300	5991	0.120045766
34300	4026	0.1195525
34300	4029	0.11955249
34300	67	0.119552486
34300	93	0.119552486
34300	2545	0.119552486
34300	3361	0.119552486
34300	971	0.11955248
34300	1505	0.11955248
34377	361	0.093592435
34377	2021	0.09359242
34377	5208	0.09359242
34377	3261	0.09359241
34377	6797	0.093592405
34377	4174	0.0935924
34377	5909	0.0935924
34377	3842	0.09359239
34377	5933	0.093592376
34377	4803	0.09359237
34501	5684	0.13262329
34501	6247	0.13262323
34501	4741	0.13262321
34501	226	0.1325064
34501	4349	0.13193503
34501	5706	0.131935
34501	4455	0.13193497
34501	4046	0.13193493
34501	5206	0.13181816
34501	3222	0.13131477
34526	3765	0.10256392
34526	788	0.1025639
34526	2796	0.1025639
34526	2842	0.1025639
34526	2949	0.1025639
34526	4558	0.1025639
34526	6331	0.1025639
34526	6440	0.1025639
34526	6723	0.1025639
34526	748	0.102563895
34588	5762	0.09983126
34588	5570	0.099831246
34588	244	0.09983124
34588	2330	0.09983124
34588	2785	0.09983124
34588	293	0.09983121
34588	1740	0.09983121
34588	1876	0.09983121
34588	4867	0.0998312
34588	5057	0.09983119
34600	3353	0.13190216
34600	4228	0.13190216
34600	2034	0.13190214
34600	3552	0.13190214
34600	4012	0.13190214
34600	4045	0.13190214
34600	4226	0.13190214
34600	4685	0.13190214
34600	311	0.13190213
34600	532	0.13190213
34636	2064	0.11069431
34636	3336	0.110694304
34636	5793	0.1106943
34636	1821	0.11069429
34636	1782	0.11069428
34636	4305	0.11069428
34636	258	0.110694274
34636	1854	0.11069427
34636	2710	0.11069427
34636	317	0.11069426
34752	6779	0.11418457
34752	1926	0.11418454
34752	6784	0.11418454
34752	727	0.114184536
34752	1028	0.11418453
34752	4350	0.11418453
34752	4269	0.11418451
34752	5778	0.114184506
34752	3477	0.1141845
34752	5526	0.1141845
34801	2911	0.13963318
34801	2421	0.13963316
34801	1844	0.13963315
34801	2384	0.13963315
34801	6167	0.13963312
34801	6737	0.13963312
34801	5634	0.13963309
34801	1606	0.13832527
34801	280	0.13832521
34801	5007	0.13697001
34840	79	0.10130848
34840	2728	0.10130848
34840	4175	0.10130848
34840	4342	0.10130848
34840	4525	0.10130848
34840	5122	0.10130848
34840	6532	0.10130848
34840	251	0.10130847
34840	3059	0.10130847
34840	4273	0.10130847
34932	3184	0.13200931
34932	4114	0.13200928
34932	4812	0.13200928
34932	380	0.13200927
34932	1063	0.13200927
34932	1589	0.13200927
34932	3431	0.13200927
34932	4538	0.13200927
34932	4574	0.13200927
34932	4946	0.13200927
34987	5102	0.10218678
34987	139	0.10218676
34987	3649	0.10218676
34987	4296	0.10187178
34987	2786	0.10187176
34987	4091	0.10187176
34987	5103	0.10187176
34987	6304	0.10187176
34987	3551	0.10187173
34987	4621	0.10187173
34988	2134	0.10919669
34988	531	0.10919668
34988	545	0.10919668
34988	1307	0.10919668
34988	3303	0.10919668
34988	5887	0.10919667
34988	3051	0.10919666
34988	3156	0.10919666
34988	4214	0.10919666
34988	5422	0.10919666
35030	3896	0.09899615
35030	3494	0.098996125
35030	1279	0.09899612
35030	5751	0.09899612
35030	6347	0.09899612
35030	3596	0.09899611
35030	6851	0.09899611
35030	1409	0.0989961
35030	2967	0.0989961
35030	5638	0.098996095
35050	4898	0.11792326
35050	4557	0.117923245
35050	6212	0.117923245
35050	1486	0.11792324
35050	6084	0.11792324
35050	6311	0.11792324
35050	6535	0.11792324
35050	6907	0.11792324
35050	96	0.11792323
35050	839	0.11792323
35081	110	0.115763485
35081	6765	0.115763485
35081	1752	0.11576347
35081	2640	0.11576347
35081	6043	0.11576347
35081	6676	0.11576347
35081	700	0.11576346
35081	1144	0.11576346
35081	1159	0.115763456
35081	1330	0.115763456
35148	6860	0.090687044
35148	3530	0.09058128
35148	1961	0.09058127
35148	5457	0.090549946
35148	158	0.09044418
35148	439	0.09044417
35148	832	0.09044417
35148	1695	0.09044417
35148	20	0.09044416
35148	5797	0.09044416
35179	1678	0.14809804
35179	562	0.14809802
35179	2768	0.148098
35179	5741	0.148098
35179	6071	0.148098
35179	682	0.14809799
35179	1644	0.14809799
35179	4312	0.14809799
35179	5850	0.14809799
35179	6916	0.14809798
35188	118	0.10279452
35188	184	0.10279452
35188	5817	0.10279451
35188	6814	0.10279451
35188	5992	0.102794506
35188	540	0.1027945
35188	929	0.1027945
35188	1506	0.1027945
35188	1667	0.1027945
35188	2978	0.1027945
35233	6215	0.12101427
35233	3503	0.12101426
35233	3297	0.12101425
35233	3636	0.12101425
35233	4632	0.12101423
35233	5293	0.12101423
35233	4118	0.12101422
35233	6345	0.12101422
35233	248	0.12101421
35233	612	0.1210142
35270	905	0.090785086
35270	731	0.09078508
35270	6059	0.09078508
35270	213	0.09078507
35270	649	0.09078507
35270	1708	0.09078507
35270	5489	0.09078507
35270	5900	0.09078507
35270	739	0.090785064
35270	1251	0.090785064
35320	2434	0.101996705
35320	3474	0.101996705
35320	6073	0.101996705
35320	4402	0.1019967
35320	5148	0.10199664
35320	2092	0.10162544
35320	4949	0.10162543
35320	5185	0.10162543
35320	819	0.10162542
35320	3699	0.10162542
35424	3578	0.08966466
35424	1266	0.08966465
35424	2371	0.08966465
35424	3110	0.08966465
35424	903	0.089664645
35424	3009	0.089664645
35424	309	0.08966464
35424	1503	0.08966464
35424	2428	0.08966464
35424	2554	0.08966464
35445	3480	0.09299146
35445	384	0.09299145
35445	411	0.09299144
35445	732	0.09299144
35445	1436	0.09299144
35445	1680	0.09299144
35445	3581	0.09299144
35445	3625	0.09299144
35445	4250	0.09299144
35445	5156	0.09299144
35532	1915	0.10784154
35532	4224	0.10784154
35532	3502	0.10784152
35532	3874	0.10784152
35532	2336	0.107841514
35532	5262	0.107841514
35532	270	0.10784151
35532	1340	0.10784151
35532	1344	0.10784151
35532	2603	0.10784151
35631	2755	0.09485799
35631	4919	0.09485799
35631	715	0.094857976
35631	1236	0.094857976
35631	1927	0.094857976
35631	3229	0.094857976
35631	5702	0.094857976
35631	6306	0.094857976
35631	4332	0.09485797
35631	6333	0.09485797
35704	2366	0.13607907
35704	2899	0.13607907
35704	4618	0.13607907
35704	4879	0.13607907
35704	5306	0.13607907
35704	5858	0.13607907
35704	3954	0.13607906
35704	3653	0.13607904
35704	4223	0.13607904
35704	4576	0.13607904
35707	3943	0.082660094
35707	5954	0.082660094
35707	3094	0.08266008
35707	4548	0.08266008
35707	4994	0.08266007
35707	6714	0.08166303
35707	1396	0.08166298
35707	4585	0.08166298
35707	2955	0.08108196
35707	4300	0.08108196
35793	1398	0.10143632
35793	2782	0.10143632
35793	3559	0.10143631
35793	1541	0.1014363
35793	2356	0.1014363
35793	5372	0.1014363
35793	5469	0.1014363
35793	672	0.101436295
35793	1816	0.101436295
35793	2176	0.101436295
35836	1269	0.10763349
35836	5294	0.10763348
35836	2511	0.10763347
35836	3877	0.10763347
35836	4882	0.10763346
35836	3052	0.10763345
35836	2047	0.10763344
35836	2038	0.10734358
35836	1353	0.10699552
35836	515	0.10699549
35841	2867	0.08490476
35841	2513	0.084904745
35841	4501	0.084904745
35841	5254	0.084904745
35841	3457	0.08469021
35841	5918	0.084690206
35841	5618	0.0846902
35841	6184	0.0846902
35841	341	0.08469019
35841	2776	0.08469019
35845	2357	0.11841398
35845	1303	0.11841397
35845	1873	0.11841397
35845	4703	0.11841397
35845	5792	0.11841397
35845	2549	0.118413955
35845	3534	0.118413955
35845	3724	0.118413955
35845	4431	0.118413955
35845	4936	0.118413955
35857	6779	0.097205535
35857	6784	0.097205505
35857	727	0.09720549
35857	1028	0.09720549
35857	4269	0.097205475
35857	4350	0.097205475
35857	5778	0.097205475
35857	3477	0.09720546
35857	5526	0.09720546
35857	2269	0.09668328
35865	320	0.11539393
35865	3743	0.11539393
35865	346	0.11539392
35865	1567	0.11539392
35865	1855	0.11539392
35865	2339	0.11539392
35865	2573	0.11539392
35865	4014	0.11539392
35865	6863	0.11539392
35865	177	0.115393914
35909	118	0.11781742
35909	184	0.11781742
35909	5817	0.11781742
35909	6814	0.11781742
35909	1667	0.11781741
35909	5992	0.11781741
35909	540	0.1178174
35909	4704	0.1178174
35909	5661	0.1178174
35909	6684	0.1178174
35918	744	0.12281215
35918	1731	0.12281215
35918	2983	0.12281215
35918	2997	0.122812144
35918	3613	0.122812144
35918	100	0.12281214
35918	567	0.12281214
35918	658	0.12281214
35918	1207	0.12281214
35918	1709	0.12281214
35922	320	0.12623015
35922	346	0.12623014
35922	1855	0.12623014
35922	3743	0.12623014
35922	4014	0.12623014
35922	6863	0.12623014
35922	159	0.12623012
35922	177	0.12623012
35922	180	0.12623012
35922	236	0.12623012
35925	4703	0.09560333
35925	2357	0.095603324
35925	1303	0.09560332
35925	1873	0.09560332
35925	3534	0.09560332
35925	4936	0.09560332
35925	5792	0.09560332
35925	6428	0.09560332
35925	513	0.09560331
35925	2549	0.0956033
35998	6716	0.09581282
35998	1259	0.09581281
35998	157	0.0958128
35998	182	0.0958128
35998	879	0.0958128
35998	1533	0.0958128
35998	2742	0.0958128
35998	2919	0.0958128
35998	4248	0.0958128
35998	5755	0.0958128
36003	110	0.12173362
36003	6043	0.12173361
36003	700	0.121733606
36003	1752	0.121733606
36003	6765	0.121733606
36003	1144	0.1217336
36003	1360	0.1217336
36003	2640	0.1217336
36003	3469	0.1217336
36003	5034	0.1217336
36043	6001	0.09998184
36043	4147	0.09998183
36043	5047	0.09998182
36043	6498	0.09998182
36043	1241	0.099981815
36043	2756	0.099981815
36043	6138	0.099981815
36043	1861	0.09998181
36043	2758	0.09998181
36043	6758	0.09998181
36103	61	0.117030695
36103	410	0.117030695
36103	696	0.117030695
36103	2504	0.117030695
36103	240	0.11703068
36103	635	0.11703068
36103	1578	0.11703067
36103	1550	0.117030665
36103	1595	0.117030665
36103	1901	0.117030665
36135	2782	0.117650144
36135	1541	0.11765013
36135	1816	0.11765013
36135	1095	0.11765012
36135	1398	0.11765012
36135	1616	0.11765012
36135	2356	0.11765012
36135	3559	0.11765012
36135	4610	0.11765012
36135	5372	0.11765012
36141	410	0.09888929
36141	696	0.09888929
36141	1578	0.098889284
36141	2504	0.098889284
36141	240	0.09888928
36141	635	0.09888928
36141	4791	0.09888928
36141	1550	0.09888927
36141	5227	0.09888927
36141	446	0.09888926
36157	2463	0.12523372
36157	4524	0.12523372
36157	6055	0.12523372
36157	430	0.12523371
36157	632	0.12523371
36157	858	0.12523371
36157	1643	0.12523371
36157	2668	0.12523371
36157	3655	0.12523371
36157	3657	0.12523371
36256	5090	0.11709641
36256	4729	0.11709638
36256	3608	0.116372935
36256	6159	0.11637293
36256	4043	0.11637292
36256	5928	0.11637291
36256	5496	0.116372906
36256	5273	0.1163729
36256	5274	0.1163729
36256	2076	0.11637289
36299	2214	0.098776296
36299	3039	0.098776296
36299	2292	0.09877629
36299	485	0.09877628
36299	2215	0.09877628
36299	5163	0.09877628
36299	6680	0.09877628
36299	6786	0.09877628
36299	5147	0.09877627
36299	5160	0.09877627
36307	3635	0.1038084
36307	995	0.103808396
36307	1551	0.103808396
36307	3312	0.10380839
36307	5686	0.10380839
36307	5840	0.10380839
36307	6823	0.10380839
36307	5603	0.10380838
36307	5023	0.103808366
36307	6798	0.103808366
36326	2230	0.103605434
36326	2224	0.10360542
36326	2407	0.10360542
36326	3892	0.10360542
36326	4183	0.10360542
36326	1176	0.10360541
36326	3313	0.10360541
36326	4790	0.10360541
36326	1576	0.103605404
36326	2234	0.103605404
36327	6122	0.09122155
36327	3580	0.09122154
36327	3917	0.09122154
36327	6382	0.09122154
36327	2016	0.09122153
36327	2169	0.09122153
36327	3919	0.09122153
36327	6051	0.09122153
36327	2494	0.091221526
36327	3256	0.091221526
36357	2782	0.094642065
36357	1541	0.09464206
36357	1398	0.09464205
36357	3559	0.09464205
36357	672	0.09464204
36357	993	0.09464204
36357	1616	0.09464204
36357	1738	0.09464204
36357	1816	0.09464204
36357	2176	0.09464204
36554	4087	0.103940755
36554	5105	0.103940755
36554	282	0.10394075
36554	3506	0.10394075
36554	337	0.10394074
36554	457	0.10394074
36554	5016	0.10394074
36554	5053	0.10394074
36554	52	0.10394073
36554	3718	0.10394073
36562	6548	0.09125829
36562	1377	0.091237426
36562	274	0.0905628
36562	434	0.0905628
36562	3318	0.09056279
36562	103	0.09012673
36562	3766	0.08994524
36562	3273	0.08994523
36562	4567	0.089945205
36562	973	0.08991065
36568	1915	0.11513005
36568	3874	0.11513004
36568	4224	0.11513004
36568	5262	0.11513003
36568	2632	0.11513002
36568	3011	0.11513002
36568	3565	0.11513002
36568	3819	0.11513002
36568	5303	0.11513002
36568	5964	0.11513002
36609	3615	0.15563753
36609	6097	0.15563753
36609	2360	0.1556375
36609	5027	0.1556375
36609	1559	0.15563749
36609	6708	0.15373625
36609	1943	0.15373623
36609	6540	0.15373623
36609	5052	0.15373622
36609	721	0.1537362
36638	6716	0.10911872
36638	50	0.1091187
36638	157	0.1091187
36638	1259	0.1091187
36638	1533	0.1091187
36638	6550	0.1091187
36638	182	0.10911869
36638	879	0.10911869
36638	1975	0.10911869
36638	2225	0.109118685
36673	3184	0.11011469
36673	380	0.11011468
36673	4114	0.11011468
36673	4538	0.11011468
36673	4812	0.11011468
36673	1589	0.11011467
36673	1063	0.110114664
36673	3910	0.110114664
36673	4574	0.110114664
36673	4946	0.110114664
36693	3458	0.09623292
36693	5392	0.09623292
36693	314	0.096232906
36693	952	0.096232906
36693	3732	0.096232906
36693	6703	0.096232906
36693	3182	0.0962329
36693	4796	0.09623289
36693	2973	0.09623288
36693	228	0.09623286
36715	4768	0.11687598
36715	4845	0.11687598
36715	4770	0.11687597
36715	1122	0.11687596
36715	1815	0.11687596
36715	3782	0.11687596
36715	4053	0.11687596
36715	478	0.116875954
36715	1976	0.11687595
36715	2244	0.11687595
36741	72	0.11552274
36741	523	0.11552274
36741	812	0.11552273
36741	2509	0.11552273
36741	5856	0.11552273
36741	6237	0.11552273
36741	6756	0.11552273
36741	1282	0.11552272
36741	2882	0.11552272
36741	3727	0.11552272
36749	4703	0.11713046
36749	5792	0.11713046
36749	2357	0.11713045
36749	1303	0.11713044
36749	1873	0.11713044
36749	4936	0.11713044
36749	6428	0.11713044
36749	3724	0.117130436
36749	4431	0.117130436
36749	513	0.11713043
36801	4898	0.113198064
36801	572	0.11319806
36801	6535	0.11319806
36801	990	0.11319805
36801	96	0.11319804
36801	785	0.11319804
36801	839	0.11319804
36801	866	0.11319804
36801	1486	0.11319804
36801	3103	0.11319804
36807	350	0.10313749
36807	1502	0.10313749
36807	1514	0.10313748
36807	1946	0.10313748
36807	5193	0.10313748
36807	5279	0.10313748
36807	1212	0.10313746
36807	1630	0.10313746
36807	5985	0.10313746
36807	3043	0.10313745
36811	437	0.10041274
36811	1648	0.10041274
36811	4977	0.100412734
36811	1030	0.10041273
36811	4344	0.10041273
36811	6454	0.10041273
36811	5066	0.10041272
36811	6455	0.10041271
36811	651	0.100412704
36811	34	0.1004127
36817	2050	0.10306683
36817	3177	0.10306682
36817	1875	0.1030668
36817	2233	0.1030668
36817	730	0.10287762
36817	2372	0.102877595
36817	4284	0.10287759
36817	2755	0.102749035
36817	4919	0.102749035
36817	5702	0.10274903
36836	4293	0.10626261
36836	5558	0.10626261
36836	2752	0.1062626
36836	2803	0.1062626
36836	3018	0.1062626
36836	3978	0.1062626
36836	6341	0.1062626
36836	628	0.106262594
36836	2669	0.106262594
36836	3916	0.106262594
36839	1075	0.12333587
36839	5213	0.12333584
36839	2645	0.12333582
36839	6747	0.12333582
36839	1652	0.123335816
36839	2104	0.12333581
36839	4604	0.12333581
36839	6000	0.1233358
36839	1609	0.1230037
36839	4264	0.12300368
36907	788	0.13040087
36907	3765	0.13040087
36907	6331	0.13040087
36907	2842	0.13040085
36907	748	0.13040084
36907	1425	0.13040084
36907	1552	0.13040084
36907	2796	0.13040084
36907	2949	0.13040084
36907	2974	0.13040084
36938	2917	0.10684553
36938	1352	0.10684551
36938	2799	0.10684551
36938	192	0.106845506
36938	285	0.1068455
36938	614	0.1068455
36938	1930	0.10684548
36938	6473	0.10684548
36938	1770	0.106845476
36938	384	0.10643028
36978	2214	0.12678745
36978	2292	0.12678745
36978	3039	0.12678745
36978	6014	0.12678745
36978	6680	0.12678745
36978	75	0.12678744
36978	485	0.12678744
36978	1081	0.12678744
36978	2215	0.12678744
36978	5160	0.12678744
37147	2357	0.097746916
37147	1303	0.09774691
37147	4703	0.09774691
37147	5792	0.09774691
37147	2549	0.0977469
37147	3534	0.0977469
37147	4936	0.0977469
37147	513	0.097746894
37147	1873	0.097746894
37147	3724	0.097746894
37168	1124	0.12142232
37168	3605	0.12142232
37168	4422	0.12142231
37168	3869	0.121422306
37168	6414	0.121422306
37168	2740	0.1214223
37168	5310	0.1214223
37168	3026	0.12142229
37168	3508	0.12142229
37168	6336	0.12142229
37208	3222	0.11423569
37208	367	0.114235654
37208	5006	0.114235654
37208	544	0.11423563
37208	764	0.11423563
37208	1877	0.11423561
37208	288	0.11403696
37208	1888	0.11330666
37208	4115	0.11330666
37208	829	0.11330665
37227	5762	0.103776634
37227	2330	0.10377663
37227	244	0.10377662
37227	5570	0.10377662
37227	2785	0.10377661
37227	1740	0.1037766
37227	293	0.10377659
37227	1876	0.10377659
37227	4867	0.103776574
37227	5057	0.103776574
37235	2463	0.13379729
37235	4524	0.13379729
37235	6057	0.13379729
37235	858	0.13379727
37235	1643	0.13379727
37235	3856	0.13379727
37235	6055	0.13379727
37235	121	0.13379726
37235	430	0.13379726
37235	1641	0.13379726
37239	4296	0.1173377
37239	6304	0.11733769
37239	4091	0.11733768
37239	2786	0.117337674
37239	5103	0.11733766
37239	3551	0.117337644
37239	3734	0.117337644
37239	4621	0.117337644
37239	5289	0.117337644
37239	5426	0.11673924
37244	595	0.11624399
37244	1026	0.11624399
37244	6716	0.116208255
37244	157	0.11620824
37244	1259	0.11620824
37244	50	0.11620823
37244	1533	0.11620823
37244	182	0.116208225
37244	1975	0.116208225
37244	2742	0.116208225
37293	3039	0.11651631
37293	5163	0.1165163
37293	6680	0.1165163
37293	75	0.11651629
37293	485	0.11651629
37293	2214	0.11651629
37293	2292	0.11651629
37293	6014	0.116516285
37293	1496	0.11651628
37293	2215	0.11651628
37310	1772	0.118723504
37310	3114	0.1187235
37310	2701	0.11872347
37310	1501	0.11866957
37310	1937	0.11866954
37310	1659	0.11866953
37310	1545	0.118669525
37310	1916	0.118669525
37310	538	0.11866952
37310	302	0.1186695
37311	2269	0.10242137
37311	539	0.10242136
37311	1579	0.10242136
37311	3286	0.10242136
37311	4433	0.10242136
37311	2465	0.10242135
37311	2354	0.10242134
37311	2880	0.10242134
37311	2920	0.10242134
37311	5242	0.10242134
37400	1815	0.11072987
37400	3782	0.11072987
37400	4768	0.11072987
37400	4770	0.11072987
37400	1122	0.110729866
37400	1332	0.11072986
37400	2849	0.11072986
37400	3679	0.11072986
37400	4053	0.11072986
37400	4845	0.11072986
37426	5934	0.11402109
37426	3415	0.11402108
37426	1093	0.11402107
37426	252	0.11402106
37426	5029	0.11402106
37426	1828	0.11402105
37426	2835	0.11402105
37426	4275	0.11402105
37426	4957	0.11402105
37426	5878	0.11402105
37447	2760	0.11498912
37447	4211	0.11498912
37447	5179	0.11498912
37447	5925	0.11498912
37447	3274	0.1149891
37447	3061	0.114989094
37447	5841	0.114989094
37447	1057	0.11498909
37447	3436	0.11498908
37447	4011	0.11498906
37493	6136	0.11529458
37493	6595	0.115294576
37493	2639	0.114806
37493	3331	0.114806
37493	5100	0.11480599
37493	5084	0.11480598
37493	2688	0.114805974
37493	2314	0.11349591
37493	2185	0.11346014
37493	556	0.11336459
37512	1009	0.16086191
37512	1879	0.16086191
37512	4579	0.16086191
37512	6536	0.16086191
37512	5483	0.1608619
37512	6060	0.1608619
37512	10	0.16086188
37512	845	0.16086188
37512	916	0.16086188
37512	924	0.16086188
37538	4493	0.12167659
37538	6057	0.12167659
37538	2463	0.12167658
37538	3657	0.12167658
37538	3856	0.12167658
37538	4524	0.12167658
37538	858	0.12167657
37538	1641	0.12167657
37538	1643	0.121676564
37538	2668	0.121676564
37556	4235	0.1191752
37556	5834	0.119175196
37556	3407	0.11917519
37556	2316	0.11917518
37556	3300	0.11917518
37556	462	0.119175166
37556	2349	0.119175166
37556	2905	0.119175166
37556	3428	0.11917516
37556	410	0.11866078
37567	5984	0.12143845
37567	5482	0.121438414
37567	6287	0.121438414
37567	6436	0.121438414
37567	3426	0.12143841
37567	5200	0.12143841
37567	1108	0.1214384
37567	3886	0.1214384
37567	4439	0.1214384
37567	2089	0.12143839
37571	1034	0.113701336
37571	1031	0.11370133
37571	463	0.11370132
37571	2307	0.11370132
37571	6346	0.11370132
37571	2008	0.113701314
37571	2964	0.113701314
37571	3796	0.113701314
37571	3997	0.113701314
37571	4687	0.113701314
37573	990	0.106647655
37573	4898	0.106647655
37573	6535	0.106647655
37573	96	0.10664765
37573	5313	0.10664765
37573	5874	0.10664765
37573	6212	0.10664765
37573	570	0.10664764
37573	572	0.10664764
37573	785	0.10664764
37584	2378	0.08488278
37584	1098	0.084882766
37584	1575	0.084882766
37584	1640	0.084882766
37584	2993	0.08488275
37584	43	0.08488274
37584	2783	0.08488274
37584	5787	0.08488274
37584	3453	0.084882736
37584	51	0.08488273
37605	1440	0.09583712
37605	4202	0.09583711
37605	2090	0.0958371
37605	3697	0.0958371
37605	4468	0.0958371
37605	5220	0.0958371
37605	6221	0.0958371
37605	6886	0.0958371
37605	1087	0.095837094
37605	1439	0.095837094
37623	2755	0.10233862
37623	4919	0.10233861
37623	715	0.1023386
37623	1236	0.1023386
37623	1927	0.1023386
37623	3229	0.1023386
37623	5702	0.1023386
37623	6306	0.1023386
37623	1394	0.10233859
37623	2725	0.10233859
37644	6430	0.13858733
37644	3271	0.13858728
37644	5020	0.13858724
37644	5716	0.13858722
37644	6731	0.13858722
37644	780	0.1385872
37644	358	0.1361374
37644	871	0.13613737
37644	3662	0.13613737
37644	6515	0.13613737
37691	1034	0.10980557
37691	6346	0.10980556
37691	2150	0.109805554
37691	2307	0.109805554
37691	484	0.10980555
37691	2964	0.10980555
37691	3796	0.10980555
37691	4784	0.10980555
37691	4785	0.10980555
37691	5694	0.10980555
37712	61	0.13617098
37712	410	0.13617098
37712	696	0.13617098
37712	1578	0.13617097
37712	925	0.13617095
37712	964	0.13617095
37712	1550	0.13617095
37712	1774	0.13617095
37712	2175	0.13617095
37712	2504	0.13617095
37790	350	0.0967866
37790	1502	0.09678659
37790	5279	0.09678659
37790	1514	0.09678657
37790	1946	0.09678657
37790	5193	0.09678657
37790	1212	0.096786566
37790	5985	0.096786566
37790	3043	0.09678656
37790	696	0.096786276
37817	5453	0.11459109
37817	3287	0.114591084
37817	6609	0.11459106
37817	250	0.114591055
37817	399	0.114591055
37817	3214	0.114591055
37817	1842	0.11459105
37817	2303	0.11459105
37817	3247	0.11459105
37817	3861	0.11459105
37822	1035	0.10345337
37822	4057	0.10345335
37822	910	0.10345334
37822	1499	0.10345334
37822	3411	0.10345333
37822	3720	0.10345333
37822	6888	0.10345333
37822	554	0.10345332
37822	1801	0.10345332
37822	2311	0.10345332
37874	3681	0.09306955
37874	6074	0.09306955
37874	6300	0.09306955
37874	6315	0.09306955
37874	3238	0.093069546
37874	2544	0.09306952
37874	4051	0.09306952
37874	5	0.093069516
37874	1692	0.093069516
37874	2148	0.09306951
37968	5817	0.11458509
37968	118	0.11458507
37968	5992	0.11458507
37968	540	0.114585064
37968	5079	0.114585064
37968	6814	0.114585064
37968	644	0.11458506
37968	1506	0.11458506
37968	2978	0.11458506
37968	4605	0.11458506
37974	6679	0.09414301
37974	6524	0.094069146
37974	2383	0.09406914
37974	1890	0.09406912
37974	959	0.093858644
37974	4180	0.09385863
37974	646	0.093858615
37974	4870	0.09385861
37974	6463	0.09385861
37974	4617	0.0938313
37989	410	0.1010841
37989	696	0.1010841
37989	2504	0.1010841
37989	61	0.10108409
37989	635	0.10108409
37989	1578	0.10108409
37989	1550	0.10108408
37989	4791	0.10108408
37989	5227	0.10108408
37989	5250	0.10108408
38034	3503	0.11888792
38034	6215	0.11888791
38034	3297	0.1188879
38034	3636	0.1188879
38034	4632	0.11888789
38034	5293	0.11888789
38034	6345	0.11888788
38034	248	0.11888787
38034	549	0.11888787
38034	4118	0.11888787
38081	982	0.10473935
38081	260	0.10473932
38081	6250	0.10473932
38081	1045	0.104739316
38081	4370	0.104739316
38081	5191	0.104739316
38081	1853	0.10473931
38081	2301	0.10473931
38081	4673	0.10473931
38081	5836	0.10473931
38091	4031	0.11404981
38091	324	0.11387726
38091	5288	0.11387726
38091	6720	0.11387725
38091	5432	0.11387724
38091	6081	0.11387721
38091	77	0.11387688
38091	1422	0.11387687
38091	3729	0.113876864
38091	4338	0.113876864
38176	4780	0.12492031
38176	683	0.124920286
38176	2432	0.124920286
38176	6163	0.124920286
38176	1189	0.12492028
38176	6438	0.12492028
38176	1180	0.12492027
38176	4058	0.12492027
38176	3425	0.124920264
38176	2187	0.124920234
38250	1524	0.13142988
38250	3327	0.13142988
38250	4154	0.13142988
38250	4835	0.13142988
38250	83	0.13142987
38250	257	0.13142987
38250	1002	0.13142987
38250	1728	0.13142987
38250	4133	0.13142987
38250	5046	0.13142987
38281	551	0.11817519
38281	5499	0.11817519
38281	6920	0.11817519
38281	5109	0.118175186
38281	1547	0.11817518
38281	1963	0.11817518
38281	6828	0.11817518
38281	4072	0.11817517
38281	6024	0.11817517
38281	6362	0.11817517
38457	3743	0.11241885
38457	320	0.112418845
38457	346	0.112418845
38457	4014	0.112418845
38457	6863	0.112418845
38457	1567	0.11241884
38457	1629	0.11241884
38457	1855	0.11241884
38457	4464	0.11241884
38457	6824	0.11241884
38464	4751	0.107636295
38464	1174	0.10763627
38464	1302	0.10763627
38464	1835	0.10763627
38464	2326	0.10763627
38464	3525	0.10763627
38464	5140	0.10763627
38464	789	0.10763626
38464	2888	0.10763626
38464	3442	0.10763626
38482	118	0.10379763
38482	184	0.10379763
38482	4704	0.10379763
38482	5817	0.10379763
38482	5992	0.10379763
38482	6814	0.10379763
38482	540	0.10379762
38482	1506	0.10379762
38482	1667	0.10379762
38482	5079	0.10379762
38544	320	0.12076521
38544	346	0.12076521
38544	1855	0.12076521
38544	4014	0.12076521
38544	177	0.1207652
38544	1567	0.1207652
38544	1629	0.1207652
38544	2575	0.1207652
38544	3350	0.1207652
38544	3743	0.1207652
38556	4443	0.12407251
38556	2001	0.12365148
38556	4968	0.12365148
38556	259	0.123651475
38556	733	0.123651475
38556	944	0.123651475
38556	1387	0.123651475
38556	2687	0.123651475
38556	4695	0.123651475
38556	6763	0.123651475
38590	3297	0.12237722
38590	3503	0.12237722
38590	3636	0.12237721
38590	6215	0.12237721
38590	5293	0.122377194
38590	549	0.12237718
38590	4118	0.12237718
38590	4632	0.12237718
38590	6345	0.12237718
38590	248	0.12237717
38654	1009	0.113511324
38654	1879	0.113511324
38654	4579	0.113511324
38654	5574	0.113511324
38654	6060	0.11351132
38654	6536	0.11351132
38654	822	0.11351131
38654	916	0.11351131
38654	2525	0.11351131
38654	3044	0.11351131
38660	5384	0.0980065
38660	5690	0.097780794
38660	4007	0.0974852
38660	5072	0.0974852
38660	92	0.097485185
38660	2334	0.097485185
38660	3836	0.09748518
38660	1306	0.09748517
38660	2081	0.09748517
38660	3770	0.09748517
38661	1034	0.12217872
38661	6346	0.12217872
38661	1031	0.12217871
38661	463	0.1221787
38661	2307	0.1221787
38661	3796	0.1221787
38661	354	0.122178696
38661	2008	0.122178696
38661	2964	0.122178696
38661	3997	0.122178696
38679	2782	0.1016231
38679	1398	0.10162307
38679	1541	0.10162307
38679	1616	0.10162307
38679	2356	0.10162307
38679	3559	0.10162307
38679	1816	0.101623066
38679	2176	0.101623066
38679	5469	0.101623066
38679	234	0.10162306
38703	696	0.10651217
38703	410	0.10651216
38703	2504	0.10651216
38703	61	0.106512144
38703	635	0.106512144
38703	1550	0.106512144
38703	1578	0.106512144
38703	4791	0.106512144
38703	5227	0.106512144
38703	5250	0.106512144
38718	346	0.10256438
38718	1855	0.10256438
38718	159	0.102564365
38718	516	0.102564365
38718	1658	0.102564365
38718	2338	0.102564365
38718	2339	0.102564365
38718	2575	0.102564365
38718	3743	0.102564365
38718	4217	0.102564365
38781	3254	0.094240755
38781	4042	0.09424074
38781	5838	0.094240725
38781	6791	0.094240725
38781	4399	0.09424072
38781	547	0.094240695
38781	5713	0.09387276
38781	1609	0.093287185
38781	4264	0.09328717
38781	5035	0.09328717
38802	2860	0.11082279
38802	2018	0.11082278
38802	3161	0.11082278
38802	6842	0.11082278
38802	4669	0.110822774
38802	6339	0.110822774
38802	571	0.11082277
38802	631	0.11082277
38802	2939	0.11082277
38802	3317	0.11082277
38818	110	0.11861348
38818	6765	0.11861348
38818	700	0.118613474
38818	1752	0.118613474
38818	2640	0.11861347
38818	3469	0.11861347
38818	6043	0.11861347
38818	4068	0.11861346
38818	5034	0.11861346
38818	6676	0.11861346
38887	1025	0.103893414
38887	5173	0.1038934
38887	2224	0.10372026
38887	2230	0.10372026
38887	1576	0.10372025
38887	2407	0.10372025
38887	3582	0.10372025
38887	3892	0.10372025
38887	4246	0.10372025
38887	4348	0.10372025
38899	959	0.09338872
38899	4180	0.0933887
38899	646	0.09338869
38899	6463	0.09338869
38899	4870	0.093388684
38899	5532	0.09327516
38899	350	0.093189284
38899	1502	0.093189284
38899	5279	0.09318928
38899	1514	0.09318927
38933	193	0.12056887
38933	1731	0.12056887
38933	3234	0.12056887
38933	4197	0.12056887
38933	2997	0.120568864
38933	1207	0.12056886
38933	1805	0.12056886
38933	2983	0.12056886
38933	3613	0.12056886
38933	6887	0.12056886
38950	5120	0.10530222
38950	2223	0.105302185
38950	1892	0.105277374
38950	206	0.105277345
38950	1856	0.10527734
38950	1376	0.10527733
38950	1714	0.10527733
38950	4905	0.10527733
38950	5080	0.10527733
38950	794	0.105277315
38991	6763	0.10922821
38991	259	0.109228194
38991	546	0.109228194
38991	733	0.109228194
38991	944	0.109228194
38991	1668	0.109228194
38991	1823	0.109228194
38991	1833	0.109228194
38991	2001	0.109228194
38991	2687	0.109228194
38995	350	0.097315386
38995	1502	0.097315386
38995	5279	0.097315386
38995	1514	0.09731537
38995	1946	0.09731537
38995	5193	0.09731537
38995	1630	0.09731536
38995	5985	0.09731536
38995	1212	0.097315356
38995	3043	0.09731535
39087	733	0.10988179
39087	1823	0.10988179
39087	2687	0.10988179
39087	4695	0.10988179
39087	4968	0.10988179
39087	5150	0.10988179
39087	5333	0.10988179
39087	6763	0.10988179
39087	259	0.10988178
39087	944	0.10988178
39159	1075	0.10057238
39159	2645	0.10057235
39159	4604	0.10057235
39159	5213	0.10057235
39159	6747	0.10057235
39159	1652	0.10057233
39159	2104	0.10057233
39159	6000	0.10057232
39159	1609	0.10015328
39159	4264	0.10015327
39219	4756	0.13174376
39219	3572	0.13174373
39219	5530	0.13174371
39219	1722	0.1317437
39219	2304	0.1317437
39219	6140	0.1317437
39219	6544	0.1317437
39219	4384	0.13174368
39219	3349	0.13174367
39219	4175	0.13137215
39227	4147	0.11011802
39227	6001	0.11011802
39227	2756	0.110118
39227	5047	0.110118
39227	6498	0.110118
39227	3257	0.110117994
39227	1241	0.11011799
39227	2604	0.11011799
39227	3801	0.11011799
39227	6138	0.11011799
39281	666	0.13699126
39281	1664	0.13699126
39281	4689	0.13699126
39281	2971	0.13699123
39281	4215	0.13699123
39281	1871	0.13699122
39281	4760	0.13513145
39281	3879	0.13513142
39281	4105	0.13513142
39281	4726	0.13513142
39284	6001	0.11353263
39284	2756	0.11353262
39284	4147	0.11353262
39284	5047	0.11353262
39284	6498	0.11353262
39284	1241	0.1135326
39284	1861	0.1135326
39284	2758	0.1135326
39284	3801	0.1135326
39284	6138	0.1135326
39345	320	0.111484155
39345	1855	0.111484155
39345	3743	0.111484155
39345	4014	0.111484155
39345	346	0.11148415
39345	2339	0.11148415
39345	6863	0.11148415
39345	159	0.11148414
39345	177	0.11148414
39345	755	0.11148414
39353	785	0.13702846
39353	990	0.13702846
39353	1486	0.13702846
39353	4557	0.13702846
39353	4898	0.13702846
39353	5464	0.13702846
39353	6535	0.13702846
39353	96	0.13702844
39353	839	0.13702844
39353	2641	0.13702844
39372	4228	0.102703854
39372	24	0.10270384
39372	770	0.10270384
39372	1840	0.10270384
39372	2034	0.10270384
39372	3552	0.10270384
39372	2726	0.10270383
39372	3353	0.10270383
39372	4685	0.10270383
39372	311	0.102703825
39374	3458	0.10463615
39374	5392	0.10463613
39374	314	0.10463612
39374	952	0.10463612
39374	3732	0.10463612
39374	6703	0.10463612
39374	3182	0.10463611
39374	2973	0.1046361
39374	4796	0.1046361
39374	228	0.10463607
39396	1678	0.13043347
39396	562	0.13043344
39396	2768	0.13043344
39396	6071	0.13043344
39396	682	0.13043343
39396	1644	0.13043343
39396	4312	0.13043343
39396	563	0.13043341
39396	2477	0.13043341
39396	5741	0.13043341
39441	688	0.10160026
39441	1739	0.10160026
39441	3217	0.10160026
39441	6488	0.10160026
39441	2164	0.10160025
39441	2173	0.10160025
39441	1233	0.101600245
39441	1924	0.101600245
39441	2032	0.101600245
39441	3674	0.101600245
39502	290	0.12866816
39502	5761	0.12858629
39502	1780	0.12858626
39502	5268	0.12858626
39502	6468	0.12858623
39502	4124	0.12858622
39502	322	0.1285862
39502	5513	0.12825352
39502	4657	0.12825349
39502	4409	0.12817164
39513	346	0.13099603
39513	159	0.13099602
39513	179	0.13099602
39513	320	0.13099602
39513	755	0.13099602
39513	1090	0.13099602
39513	1106	0.13099602
39513	1442	0.13099602
39513	1629	0.13099602
39513	1658	0.13099602
39616	2030	0.107263
39616	1111	0.107262984
39616	6727	0.10726298
39616	5085	0.10726297
39616	2290	0.10712875
39616	5418	0.106144205
39616	6405	0.10614419
39616	2017	0.106144145
39616	699	0.106009975
39616	5731	0.10600995
39646	1626	0.11141783
39646	3468	0.11141782
39646	127	0.111417815
39646	3738	0.11141781
39646	6611	0.11141781
39646	416	0.1114178
39646	2736	0.1114178
39646	3544	0.1114178
39646	4743	0.1114178
39646	5459	0.1114178
39662	320	0.1105618
39662	346	0.1105618
39662	1855	0.1105618
39662	3743	0.1105618
39662	4014	0.1105618
39662	159	0.11056179
39662	180	0.11056179
39662	755	0.11056179
39662	1567	0.11056179
39662	1629	0.11056179
39705	5453	0.10738313
39705	3287	0.107383125
39705	6609	0.10738312
39705	3214	0.1073831
39705	3247	0.1073831
39705	3861	0.1073831
39705	6701	0.1073831
39705	250	0.107383095
39705	1842	0.107383095
39705	2303	0.107383095
39773	434	0.11475623
39773	274	0.11475621
39773	3318	0.11475621
39773	1891	0.11445787
39773	6548	0.114104405
39773	730	0.11407823
39773	2372	0.11407822
39773	4284	0.1140782
39773	1377	0.11372475
39773	2955	0.11361056
39928	6048	0.12547433
39928	1922	0.12547432
39928	5012	0.12547432
39928	3248	0.1254743
39928	3264	0.1254743
39928	4083	0.1254743
39928	219	0.12547429
39928	221	0.12547429
39928	1834	0.12547429
39928	5944	0.12547429
40052	2782	0.12172053
40052	1398	0.12172051
40052	1541	0.12172051
40052	1616	0.12172051
40052	3559	0.12172051
40052	672	0.1217205
40052	1095	0.1217205
40052	1816	0.1217205
40052	5372	0.1217205
40052	5469	0.1217205
40110	2269	0.119267166
40110	539	0.11926716
40110	4433	0.11926716
40110	1579	0.11926715
40110	2880	0.11926715
40110	2920	0.11926715
40110	3286	0.11926715
40110	5242	0.11926715
40110	5696	0.11926715
40110	2354	0.11926714
40222	176	0.1002558
40222	5795	0.1002558
40222	5864	0.1002558
40222	440	0.10025579
40222	675	0.10025579
40222	3399	0.10025579
40222	6740	0.10025579
40222	2335	0.10025578
40222	2692	0.10025578
40222	1380	0.10025577
40299	1026	0.1011527
40299	595	0.10115269
40299	3410	0.10034865
40299	3004	0.1002724
40299	3510	0.10027238
40299	5529	0.10027238
40299	5993	0.10027237
40299	4104	0.10027236
40299	2318	0.10027235
40299	6716	0.1000288
40330	523	0.109280765
40330	6237	0.109280765
40330	6756	0.10928076
40330	812	0.10928075
40330	1282	0.10928075
40330	2509	0.10928075
40330	2882	0.10928075
40330	3727	0.10928075
40330	5856	0.10928075
40330	385	0.10928074
40415	1892	0.11678919
40415	206	0.11678918
40415	1856	0.11678917
40415	5080	0.11678916
40415	1376	0.116789155
40415	1714	0.116789155
40415	4905	0.116789155
40415	794	0.11678915
40415	1261	0.11678915
40415	3775	0.11678913
40466	696	0.09846447
40466	1578	0.09846446
40466	2504	0.09846446
40466	61	0.09846445
40466	410	0.09846445
40466	1550	0.09846445
40466	635	0.098464444
40466	4187	0.098464444
40466	4188	0.098464444
40466	5227	0.098464444
40505	696	0.10925598
40505	1578	0.10925597
40505	2504	0.10925597
40505	410	0.10925596
40505	4187	0.10925596
40505	635	0.109255955
40505	964	0.109255955
40505	1550	0.109255955
40505	1774	0.109255955
40505	4188	0.109255955
40511	1955	0.08209466
40511	2746	0.082094654
40511	2963	0.082094654
40511	5255	0.082094654
40511	6564	0.082094654
40511	3659	0.08209464
40511	3921	0.08209464
40511	3583	0.082094625
40511	3884	0.082094625
40511	4458	0.08209462
40553	3089	0.11306633
40553	6725	0.11306633
40553	633	0.11306632
40553	6495	0.11306632
40553	389	0.113066316
40553	2843	0.113066316
40553	3560	0.113066316
40553	4121	0.113066316
40553	4847	0.113066316
40553	1546	0.11306631
40612	87	0.093117036
40612	2652	0.093117036
40612	4258	0.09311703
40612	5620	0.09311703
40612	310	0.09311701
40612	1200	0.09311701
40612	2231	0.09311701
40612	6264	0.093117006
40612	1438	0.093117
40612	4294	0.093117
40640	5499	0.10227157
40640	6920	0.10227157
40640	551	0.102271564
40640	1547	0.10227156
40640	1963	0.10227156
40640	4473	0.10227156
40640	5109	0.10227156
40640	6682	0.10227156
40640	6729	0.10227155
40640	6828	0.10227155
40772	6564	0.109087855
40772	2963	0.10908785
40772	1955	0.10908784
40772	2746	0.10908784
40772	5255	0.10908784
40772	3921	0.109087825
40772	3659	0.10908782
40772	3583	0.10908781
40772	3884	0.1090878
40772	5951	0.1090878
40795	120	0.10315175
40795	5760	0.10315174
40795	6804	0.10315174
40795	3136	0.10315173
40795	6868	0.10315173
40795	2548	0.103151724
40795	2826	0.103151724
40795	4230	0.103151724
40795	4722	0.103151724
40795	4864	0.103151724
40796	3327	0.1124152
40796	4154	0.112415195
40796	4835	0.11241518
40796	294	0.11241517
40796	1852	0.11241517
40796	2278	0.11241517
40796	4920	0.11241517
40796	5046	0.11241517
40796	1728	0.112415165
40796	3132	0.112415165
40798	4393	0.09348281
40798	2694	0.09348277
40798	3503	0.09205939
40798	3636	0.09205938
40798	6215	0.09205938
40798	3297	0.092059374
40798	6345	0.092059374
40798	248	0.09205937
40798	4118	0.09205937
40798	549	0.09205936
40838	3402	0.11491727
40838	1857	0.114917256
40838	496	0.11491725
40838	718	0.11491725
40838	3223	0.11491725
40838	5406	0.11491725
40838	5486	0.11491724
40838	3985	0.11491723
40838	5926	0.11491723
40838	6508	0.114917226
40888	5453	0.108356595
40888	3287	0.10835658
40888	6609	0.10835657
40888	3214	0.10835656
40888	3247	0.10835656
40888	6726	0.10835656
40888	250	0.10835655
40888	399	0.10835655
40888	1842	0.10835655
40888	2303	0.10835655
40889	1035	0.089985356
40889	4057	0.08998534
40889	910	0.089985326
40889	1499	0.089985326
40889	1801	0.089985326
40889	3411	0.089985326
40889	3720	0.089985326
40889	4520	0.089985326
40889	6888	0.089985326
40889	554	0.08998531
40914	4748	0.11550069
40914	1463	0.11550068
40914	1569	0.11543311
40914	5875	0.115433104
40914	1460	0.1154331
40914	1556	0.1154331
40914	1716	0.1154331
40914	3142	0.1154331
40914	6657	0.1154331
40914	3128	0.115433075
40922	5934	0.10399397
40922	252	0.10399394
40922	3415	0.10399394
40922	1093	0.10399393
40922	1828	0.10399392
40922	2835	0.10399392
40922	4831	0.10399392
40922	4957	0.10399392
40922	5878	0.10399392
40922	1885	0.103993915
40943	4141	0.122062266
40943	5996	0.122062236
40943	2496	0.122062206
40943	3457	0.12162955
40943	5618	0.12162955
40943	5918	0.12162955
40943	2776	0.121629536
40943	6184	0.121629536
40943	341	0.12162953
40943	831	0.12162952
41058	5189	0.111215405
41058	1829	0.1112154
41058	5113	0.1112154
41058	6914	0.1112154
41058	4018	0.11121539
41058	3099	0.11121538
41058	6584	0.11121536
41058	2839	0.11121535
41058	3312	0.11034353
41058	1551	0.11034352
41080	4161	0.11718848
41080	4688	0.11718845
41080	1273	0.11718844
41080	2237	0.11718844
41080	1910	0.11667416
41080	1819	0.116674155
41080	1999	0.116674155
41080	2976	0.116674155
41080	4843	0.116674155
41080	4313	0.11667415
41084	3780	0.104119815
41084	2216	0.10411979
41084	3942	0.10411979
41084	1908	0.104119785
41084	2210	0.104119785
41084	5111	0.10411978
41084	6559	0.10411978
41084	5340	0.10411977
41084	1800	0.10411976
41084	2217	0.10411976
41086	5096	0.09162268
41086	6719	0.09149945
41086	2867	0.09102853
41086	2513	0.09102851
41086	5254	0.09102851
41086	4501	0.091028504
41086	53	0.09083682
41086	681	0.09036592
41086	5647	0.0903659
41086	3231	0.09024267
41088	290	0.13031507
41088	5761	0.13029936
41088	1780	0.13029933
41088	5268	0.13029933
41088	6468	0.1302993
41088	322	0.13029927
41088	4124	0.13029927
41088	2647	0.13015914
41088	5343	0.13015911
41088	4407	0.1301591
41111	3184	0.10334272
41111	4114	0.10334271
41111	1063	0.103342704
41111	4538	0.103342704
41111	5556	0.103342704
41111	380	0.1033427
41111	1589	0.1033427
41111	4812	0.1033427
41111	4946	0.1033427
41111	3150	0.10334269
41123	4542	0.10753895
41123	2468	0.10753894
41123	976	0.10639243
41123	2934	0.10639243
41123	896	0.10639241
41123	3783	0.10639241
41123	3740	0.1063924
41123	5557	0.1063924
41123	5594	0.1063924
41123	1653	0.10639238
41177	2860	0.10618533
41177	631	0.10618532
41177	2018	0.10618532
41177	3161	0.10618532
41177	132	0.1061853
41177	571	0.1061853
41177	598	0.1061853
41177	2643	0.1061853
41177	2939	0.1061853
41177	3317	0.1061853
41245	384	0.10568865
41245	581	0.10568865
41245	3480	0.10568865
41245	732	0.10568864
41245	3625	0.10568864
41245	232	0.10568863
41245	411	0.10568863
41245	665	0.10568863
41245	1436	0.10568863
41245	1512	0.10568863
41364	696	0.10037667
41364	61	0.100376666
41364	410	0.100376666
41364	2504	0.10037666
41364	964	0.10037665
41364	1550	0.10037665
41364	1578	0.10037665
41364	5250	0.10037665
41364	240	0.10037664
41364	925	0.10037664
41395	1023	0.11273123
41395	4221	0.1127312
41395	994	0.11273119
41395	1501	0.11246002
41395	1937	0.112459995
41395	1545	0.11245998
41395	538	0.11245997
41395	1659	0.11245997
41395	1916	0.11245997
41395	302	0.112459965
41403	2504	0.106963895
41403	61	0.10696389
41403	410	0.10696389
41403	635	0.10696389
41403	696	0.10696389
41403	610	0.10696387
41403	1578	0.10696387
41403	1901	0.10696387
41403	2175	0.10696387
41403	3791	0.10696387
41425	2045	0.10406576
41425	3374	0.10406576
41425	3555	0.10406576
41425	3611	0.10406576
41425	3922	0.10406576
41425	4716	0.10406576
41425	5743	0.10406576
41425	1522	0.10406575
41425	2377	0.104065746
41425	3441	0.104065746
41449	2841	0.116131395
41449	4452	0.116131395
41449	4547	0.116131395
41449	4844	0.116131395
41449	1950	0.11613137
41449	2941	0.11613137
41449	4942	0.116131365
41449	2051	0.116131335
41449	1810	0.11476234
41449	2331	0.11476234
41450	184	0.11561995
41450	5992	0.11561994
41450	118	0.11561993
41450	5817	0.11561993
41450	6814	0.11561993
41450	1667	0.11561992
41450	4704	0.11561992
41450	6684	0.11561992
41450	540	0.11561991
41450	929	0.11561991
41455	5015	0.1148861
41455	298	0.11488609
41455	422	0.11488609
41455	504	0.11488609
41455	798	0.11488609
41455	1743	0.11488609
41455	2696	0.11488609
41455	3624	0.11488609
41455	3745	0.11488609
41455	4334	0.11488609
41589	3327	0.11639637
41589	4154	0.11639635
41589	83	0.11639634
41589	294	0.11639634
41589	2278	0.11639634
41589	4920	0.11639634
41589	5046	0.11639634
41589	5219	0.11639634
41589	6502	0.11639634
41589	1452	0.11639633
41596	5090	0.10324754
41596	4729	0.10324751
41596	5400	0.10294317
41596	1350	0.10294316
41596	6430	0.102633074
41596	3271	0.10263306
41596	5020	0.10263303
41596	5716	0.10263302
41596	6731	0.102633014
41596	780	0.10263299
41634	320	0.10962285
41634	346	0.10962285
41634	3743	0.10962285
41634	159	0.109622836
41634	177	0.109622836
41634	1090	0.109622836
41634	1629	0.109622836
41634	1855	0.109622836
41634	2339	0.109622836
41634	2575	0.109622836
41667	4007	0.09409698
41667	2334	0.094096966
41667	5072	0.094096966
41667	92	0.09409696
41667	6579	0.09409696
41667	1306	0.09409695
41667	2081	0.09409695
41667	349	0.094096944
41667	3770	0.094096944
41667	3836	0.094096944
41676	437	0.10592627
41676	1030	0.10592627
41676	4344	0.10592626
41676	6454	0.10592626
41676	4977	0.10592625
41676	34	0.105926245
41676	3073	0.105926245
41676	5066	0.105926245
41676	1648	0.10592624
41676	651	0.10592623
41757	170	0.08882492
41757	7	0.0888249
41757	169	0.0888249
41757	611	0.0888249
41757	884	0.08882488
41757	1446	0.08882488
41757	1612	0.08882488
41757	1707	0.08882488
41757	2398	0.08882488
41757	3221	0.08882488
41760	1444	0.117423646
41760	5505	0.11742364
41760	6316	0.11742364
41760	6785	0.11742364
41760	2579	0.117423624
41760	5916	0.117423624
41760	4874	0.11742362
41760	1338	0.11742361
41760	5387	0.11742361
41760	118	0.11687492
41781	79	0.118679285
41781	1624	0.118679285
41781	4273	0.118679285
41781	3059	0.11867928
41781	4175	0.11867928
41781	4342	0.11867927
41781	168	0.11867926
41781	251	0.11867926
41781	2728	0.11867926
41781	4525	0.11867926
41841	456	0.10538862
41841	4573	0.1053886
41841	1401	0.10538858
41841	1102	0.105388574
41841	3456	0.10538856
41841	4739	0.105388544
41841	3644	0.10538854
41841	4017	0.10538854
41841	730	0.10515725
41841	2372	0.10515723
41911	75	0.13214934
41911	485	0.13214934
41911	1264	0.13214934
41911	1496	0.13214934
41911	2214	0.13214934
41911	2292	0.13214934
41911	3039	0.13214934
41911	6680	0.13214934
41911	6786	0.13214934
41911	981	0.13214932
41985	6212	0.10161099
41985	990	0.10161098
41985	4898	0.10161098
41985	6535	0.10161098
41985	96	0.10161097
41985	572	0.10161097
41985	785	0.10161097
41985	3103	0.10161097
41985	4477	0.10161097
41985	4554	0.10161097
42093	1812	0.11319474
42093	5448	0.11319474
42093	1089	0.113194734
42093	5043	0.113194734
42093	690	0.11319472
42093	4737	0.11319472
42093	1781	0.11319471
42093	5485	0.11319471
42093	5537	0.11319471
42093	71	0.113194704
42099	714	0.121275805
42099	3946	0.121275805
42099	4189	0.1212758
42099	2322	0.12127579
42099	6012	0.12127579
42099	2821	0.12127578
42099	4444	0.12127578
42099	4665	0.12127578
42099	5662	0.12127578
42099	2518	0.121275775
42323	320	0.11275081
42323	2339	0.112750806
42323	236	0.1127508
42323	402	0.1127508
42323	1567	0.1127508
42323	1629	0.1127508
42323	1855	0.1127508
42323	2573	0.1127508
42323	2578	0.1127508
42323	2992	0.1127508
42372	3402	0.11075532
42372	1857	0.1107553
42372	718	0.110755295
42372	3223	0.110755295
42372	5406	0.11075529
42372	496	0.11075528
42372	3985	0.11075528
42372	5486	0.11075528
42372	2192	0.110755265
42372	5926	0.110755265
42408	2782	0.113617375
42408	1616	0.11361737
42408	1398	0.11361736
42408	1541	0.11361736
42408	1816	0.11361736
42408	6806	0.11361736
42408	672	0.11361735
42408	1095	0.11361735
42408	2176	0.11361735
42408	3559	0.11361735
42410	2269	0.10356452
42410	3286	0.10356452
42410	539	0.103564516
42410	1579	0.103564516
42410	2354	0.103564516
42410	2465	0.103564516
42410	2880	0.103564516
42410	4433	0.103564516
42410	5242	0.10356451
42410	5915	0.10356451
42419	696	0.11216603
42419	2504	0.11216603
42419	1550	0.11216602
42419	61	0.11216601
42419	1578	0.11216601
42419	410	0.112166
42419	635	0.112166
42419	4187	0.112166
42419	4791	0.112166
42419	5227	0.112166
42450	2251	0.10544048
42450	4939	0.10544044
42450	4862	0.10544041
42450	5306	0.10527332
42450	2366	0.105273314
42450	2899	0.10527331
42450	4618	0.10527331
42450	3653	0.10527329
42450	3954	0.10527329
42450	4879	0.10527329
42458	226	0.097384796
42458	5684	0.09681123
42458	6247	0.09681119
42458	4741	0.096811175
42458	4721	0.096204005
42458	6885	0.096132725
42458	6710	0.09563035
42458	3784	0.09555913
42458	3932	0.09555912
42458	3045	0.09555911
42466	351	0.12556887
42466	1880	0.12556887
42466	3846	0.12556887
42466	697	0.12556885
42466	1024	0.12556885
42466	2479	0.12556885
42466	2830	0.12556885
42466	3107	0.12556885
42466	3626	0.12556885
42466	3676	0.12556885
42573	4365	0.119480714
42573	4229	0.11948071
42573	2007	0.11941259
42573	3618	0.119412586
42573	5650	0.119412586
42573	5433	0.119412564
42573	2844	0.11941256
42573	269	0.11929405
42573	797	0.11929405
42573	6698	0.11929405
42597	381	0.11073304
42597	444	0.11073303
42597	3882	0.11073303
42597	6335	0.110733025
42597	2788	0.11073302
42597	3072	0.11073302
42597	5438	0.11073302
42597	4234	0.11073301
42597	6856	0.11073301
42597	165	0.110733
42611	320	0.10758388
42611	2339	0.10758387
42611	346	0.107583866
42611	1567	0.107583866
42611	2573	0.107583866
42611	3501	0.107583866
42611	3743	0.107583866
42611	4014	0.107583866
42611	4512	0.107583866
42611	6863	0.107583866
42651	2269	0.09718295
42651	3286	0.097182944
42651	539	0.09718293
42651	1579	0.09718293
42651	2354	0.09718293
42651	2465	0.09718293
42651	2880	0.09718293
42651	4433	0.09718293
42651	5242	0.09718293
42651	5696	0.09718293
42730	631	0.12032372
42730	2860	0.12032372
42730	3161	0.1203237
42730	4291	0.1203237
42730	5871	0.1203237
42730	6339	0.1203237
42730	2018	0.120323695
42730	4669	0.120323695
42730	5920	0.120323695
42730	6312	0.120323695
42780	3602	0.10389716
42780	2979	0.10346878
42780	3328	0.10346878
42780	3365	0.10346878
42780	5067	0.10346878
42780	1368	0.103468776
42780	6730	0.10346876
42780	1606	0.103408046
42780	280	0.103407994
42780	120	0.10297966
42798	1034	0.10312132
42798	463	0.10312131
42798	1031	0.10312131
42798	6346	0.10312131
42798	6099	0.1031213
42798	354	0.103121296
42798	484	0.103121296
42798	2307	0.103121296
42798	2923	0.103121296
42798	2964	0.103121296
42847	531	0.11171794
42847	2134	0.11171794
42847	3303	0.11171793
42847	545	0.111717924
42847	1307	0.111717924
42847	3051	0.111717924
42847	5422	0.111717924
42847	5887	0.111717924
42847	331	0.11171791
42847	1720	0.11171791
42883	4702	0.11199107
42883	619	0.11122578
42883	2886	0.11122578
42883	2317	0.11122577
42883	3306	0.11122577
42883	815	0.11102296
42883	1951	0.11102296
42883	5366	0.11083448
42883	69	0.110834464
42883	4161	0.110604644
42914	3766	0.12140241
42914	3273	0.1214024
42914	4567	0.12140237
42914	5352	0.12108363
42914	2376	0.1210836
42914	3536	0.1210836
42914	4112	0.1210836
42914	2040	0.121083595
42914	3133	0.12108359
42914	5786	0.12108356
42948	995	0.10313776
42948	3312	0.10313776
42948	3635	0.10313776
42948	1551	0.103137754
42948	5840	0.103137754
42948	5603	0.10313775
42948	5686	0.10313775
42948	6823	0.10313775
42948	5023	0.10313773
42948	6798	0.103137724
43004	3789	0.10767345
43004	9	0.1076734
43004	84	0.10767338
43004	3137	0.10767338
43004	4355	0.10767338
43004	4519	0.10670386
43004	5021	0.106703855
43004	5659	0.106703855
43004	4935	0.10670385
43004	2727	0.10670383
43006	2860	0.12930039
43006	2018	0.12930037
43006	3161	0.12930037
43006	132	0.12930036
43006	571	0.12930036
43006	631	0.12930036
43006	2011	0.12930036
43006	2643	0.12930036
43006	2939	0.12930036
43006	3317	0.12930036
43021	3184	0.11579831
43021	380	0.11579829
43021	1589	0.11579829
43021	4114	0.11579829
43021	4812	0.11579829
43021	1063	0.11579828
43021	3910	0.11579828
43021	4538	0.11579828
43021	4574	0.11579828
43021	4946	0.11579828
43093	133	0.10865587
43093	2014	0.10865587
43093	622	0.108655855
43093	660	0.10865584
43093	3048	0.10865584
43093	473	0.10865583
43093	6383	0.10865583
43093	668	0.108655825
43093	1044	0.108655825
43093	2633	0.108655825
43157	960	0.12853386
43157	3255	0.12853381
43157	6419	0.12853381
43157	6367	0.12853378
43157	6418	0.12853378
43157	6408	0.12853377
43157	5575	0.12853375
43157	6307	0.12700036
43157	62	0.12700033
43157	1355	0.12700033
43163	4751	0.09788723
43163	1302	0.09788721
43163	5629	0.09788721
43163	2326	0.0978872
43163	5140	0.0978872
43163	1174	0.097887196
43163	1835	0.097887196
43163	2888	0.097887196
43163	3525	0.097887196
43163	789	0.09788719
43282	905	0.0933215
43282	6059	0.0933215
43282	731	0.093321495
43282	1708	0.093321495
43282	5489	0.093321495
43282	213	0.09332149
43282	649	0.09332149
43282	5900	0.09332149
43282	739	0.09332148
43282	1251	0.09332148
43359	1471	0.11080911
43359	4381	0.11080911
43359	4865	0.1108091
43359	908	0.110809095
43359	838	0.11080909
43359	2856	0.11080909
43359	3215	0.11080909
43359	3790	0.11080909
43359	4483	0.11080909
43359	3762	0.11080908
43436	4340	0.10243845
43436	3812	0.10243843
43436	4899	0.10243842
43436	5358	0.10243842
43436	6025	0.10243842
43436	400	0.102438405
43436	6026	0.102438405
43436	6643	0.102438405
43436	6757	0.1024384
43436	559	0.10243839
43481	1303	0.11268103
43481	4703	0.11268103
43481	5792	0.11268103
43481	6428	0.11268103
43481	1873	0.112681024
43481	2549	0.112681024
43481	4431	0.112681024
43481	513	0.11268102
43481	2834	0.11268102
43481	3534	0.11268102
43595	2224	0.10534406
43595	2230	0.10534406
43595	3892	0.10534406
43595	2407	0.10534405
43595	3313	0.10534405
43595	4183	0.10534405
43595	1176	0.10534404
43595	1576	0.10534404
43595	3505	0.10534404
43595	3582	0.10534404
43619	2269	0.13549939
43619	4433	0.13549937
43619	539	0.13549936
43619	1579	0.13549936
43619	2465	0.13549936
43619	2880	0.13549936
43619	2920	0.13549936
43619	3286	0.13549936
43619	5696	0.13549936
43619	5915	0.13549936
43626	3327	0.13760743
43626	4154	0.13760743
43626	4835	0.13760741
43626	83	0.1376074
43626	294	0.1376074
43626	1002	0.1376074
43626	1524	0.1376074
43626	1728	0.1376074
43626	1852	0.1376074
43626	2278	0.1376074
43639	6488	0.12423816
43639	688	0.124238156
43639	134	0.12423815
43639	2173	0.12423815
43639	2423	0.12423815
43639	3217	0.12423815
43639	1233	0.12423814
43639	2164	0.12423814
43639	1341	0.12423813
43639	1620	0.12423813
43687	959	0.09871821
43687	4180	0.09871818
43687	646	0.09871817
43687	6463	0.09871817
43687	4870	0.09871816
43687	3396	0.09870511
43687	2951	0.098705105
43687	5371	0.098705105
43687	6605	0.0987051
43687	459	0.09870509
43698	3402	0.10277565
43698	1857	0.10277564
43698	718	0.10277563
43698	5486	0.102775626
43698	3223	0.10277562
43698	3985	0.10277562
43698	5406	0.10277562
43698	5926	0.10277562
43698	6508	0.10277562
43698	2192	0.10277561
43806	2121	0.11542061
43806	4304	0.11542061
43806	4163	0.1154206
43806	3712	0.11542059
43806	1447	0.11542058
43806	1690	0.11542058
43806	2732	0.11542058
43806	5381	0.11542058
43806	2279	0.11542057
43806	2348	0.11542057
43807	45	0.1041717
43807	2703	0.1041717
43807	5940	0.1041717
43807	6189	0.1041717
43807	782	0.10417169
43807	1767	0.10417169
43807	1962	0.10417169
43807	2136	0.10417169
43807	2211	0.10417169
43807	2400	0.10417169
43842	1626	0.10599162
43842	3468	0.1059916
43842	3738	0.10599159
43842	5525	0.10599159
43842	6611	0.10599159
43842	127	0.10599158
43842	243	0.10599158
43842	6678	0.10599158
43842	416	0.10599157
43842	1568	0.10599157
43852	908	0.09315468
43852	1471	0.09315468
43852	2158	0.09315468
43852	2856	0.09315468
43852	4381	0.09315468
43852	4865	0.09315468
43852	838	0.09315467
43852	3762	0.09315467
43852	3790	0.09315467
43852	4483	0.09315467
43901	4304	0.10930042
43901	2121	0.10930041
43901	4163	0.109300405
43901	1447	0.10930039
43901	2732	0.10930039
43901	3712	0.10930039
43901	5381	0.10930039
43901	4152	0.10930038
43901	1690	0.109300375
43901	2279	0.109300375
43910	4703	0.12851344
43910	5792	0.12851344
43910	513	0.12851343
43910	1303	0.12851343
43910	1873	0.12851343
43910	3724	0.12851343
43910	4936	0.12851343
43910	6428	0.12851343
43910	1763	0.12851341
43910	2834	0.12851341
44089	5947	0.11655362
44089	6822	0.11655361
44089	1331	0.11655357
44089	1981	0.11655356
44089	5290	0.11655356
44089	2556	0.11553712
44089	4514	0.11553711
44089	898	0.1155371
44089	1271	0.11553709
44089	1795	0.11553709
44252	6714	0.08927898
44252	1396	0.08927894
44252	4585	0.08927892
44252	72	0.08877836
44252	523	0.08877836
44252	2509	0.08877836
44252	3727	0.08877836
44252	5856	0.08877836
44252	6237	0.088778354
44252	6756	0.088778354
44295	3184	0.10337621
44295	4114	0.103376195
44295	380	0.10337618
44295	3431	0.10337618
44295	3910	0.10337618
44295	4812	0.10337618
44295	5556	0.10337618
44295	4538	0.10337617
44295	4946	0.10337617
44295	1063	0.103376165
44296	6313	0.13192885
44296	4813	0.13192883
44296	1677	0.13091299
44296	1204	0.13091294
44296	748	0.130851
44296	1552	0.130851
44296	2842	0.130851
44296	3765	0.130851
44296	4950	0.130851
44296	6331	0.130851
44297	631	0.10528742
44297	2860	0.10528742
44297	2018	0.10528741
44297	598	0.1052874
44297	3161	0.1052874
44297	4479	0.1052874
44297	4669	0.1052874
44297	6339	0.1052874
44297	6453	0.1052874
44297	2939	0.105287395
44389	4175	0.11767794
44389	6532	0.117677934
44389	79	0.11767793
44389	1624	0.11767793
44389	3059	0.11767793
44389	4273	0.11767793
44389	4342	0.11767793
44389	5122	0.11767793
44389	450	0.11767792
44389	2728	0.11767792
44467	4274	0.13723905
44467	961	0.13667971
44467	2323	0.13667971
44467	2390	0.13667971
44467	2328	0.1366797
44467	3087	0.1366797
44467	2987	0.13667968
44467	4261	0.13667968
44467	155	0.13667965
44467	1696	0.13667963
44472	6346	0.10510324
44472	1034	0.10510323
44472	463	0.10510322
44472	1031	0.10510322
44472	2923	0.10510322
44472	3796	0.10510322
44472	2008	0.10510321
44472	2150	0.10510321
44472	2286	0.10510321
44472	2307	0.10510321
44535	1075	0.10150872
44535	2645	0.1015087
44535	5213	0.1015087
44535	4604	0.10150869
44535	6747	0.10150869
44535	2104	0.101508684
44535	1652	0.10150868
44535	6000	0.10150866
44535	824	0.101282805
44535	3835	0.101282775
44595	3702	0.12004522
44595	4063	0.12004519
44595	6861	0.12004519
44595	3683	0.12004518
44595	6346	0.11859565
44595	1034	0.11859564
44595	2307	0.11859564
44595	3997	0.11859564
44595	463	0.11859563
44595	2008	0.11859563
44611	3467	0.14554146
44611	1153	0.1455414
44611	109	0.14504287
44611	5561	0.14504287
44611	6064	0.14504285
44611	6100	0.14504285
44611	1167	0.14504284
44611	1197	0.14504284
44611	2996	0.14504282
44611	1427	0.1450428
44663	1668	0.11637665
44663	6763	0.11637665
44663	1388	0.116376646
44663	1823	0.116376646
44663	3647	0.116376646
44663	4695	0.116376646
44663	5150	0.116376646
44663	259	0.11637664
44663	536	0.11637664
44663	546	0.11637664
44727	3047	0.094404474
44727	3672	0.094404474
44727	3639	0.09440447
44727	1269	0.0940845
44727	3877	0.094084494
44727	5294	0.094084494
44727	2511	0.09408449
44727	4882	0.09408449
44727	2047	0.09408447
44727	3052	0.09408447
44728	1626	0.11085294
44728	3468	0.11085293
44728	3738	0.11085291
44728	5525	0.11085291
44728	6611	0.11085291
44728	6678	0.11085291
44728	4743	0.110852905
44728	243	0.1108529
44728	416	0.1108529
44728	1568	0.1108529
44743	701	0.09650287
44743	1957	0.09650287
44743	6652	0.09650287
44743	1513	0.09650286
44743	68	0.09650285
44743	1191	0.09601885
44743	1971	0.096018836
44743	6530	0.09601882
44743	2951	0.09520508
44743	3396	0.09520508
44756	763	0.11555348
44756	4846	0.11555348
44756	2838	0.11555347
44756	5011	0.11555347
44756	6683	0.11555347
44756	4811	0.11555346
44756	3489	0.11555345
44756	3667	0.11555345
44756	6628	0.11555345
44756	4059	0.11555344
44837	5470	0.11623481
44837	212	0.116234794
44837	307	0.11623479
44837	5831	0.116234764
44837	3004	0.11568172
44837	5529	0.11568171
44837	5993	0.1156817
44837	3510	0.11568169
44837	2318	0.11568168
44837	4104	0.11568167
44842	444	0.09831305
44842	3882	0.09831303
44842	6335	0.09831303
44842	381	0.098313026
44842	165	0.09831302
44842	2788	0.09831302
44842	3015	0.09831302
44842	3072	0.09831302
44842	6590	0.09831302
44842	1140	0.09831301
44845	688	0.103993386
44845	1739	0.103993386
44845	6488	0.103993386
44845	2164	0.10399338
44845	2340	0.10399338
44845	2423	0.10399338
44845	3217	0.10399338
44845	134	0.10399337
44845	1233	0.10399337
44845	1924	0.10399337
44852	384	0.1134022
44852	581	0.1134022
44852	3480	0.1134022
44852	3581	0.1134022
44852	732	0.113402195
44852	1436	0.113402195
44852	6388	0.113402195
44852	232	0.11340219
44852	411	0.11340219
44852	1512	0.11340219
44893	1626	0.13330653
44893	3468	0.1333065
44893	127	0.13330649
44893	3738	0.13330649
44893	5525	0.13330649
44893	6611	0.13330649
44893	6678	0.13330649
44893	243	0.13330647
44893	416	0.13330647
44893	2736	0.13330647
44925	110	0.13231185
44925	700	0.13231185
44925	1752	0.13231185
44925	2640	0.13231185
44925	6765	0.13231185
44925	4068	0.13231184
44925	6043	0.13231184
44925	1159	0.13231182
44925	1360	0.13231182
44925	1408	0.13231182
44932	2224	0.1313501
44932	2230	0.1313501
44932	2407	0.1313501
44932	3892	0.1313501
44932	4183	0.1313501
44932	1176	0.13135009
44932	1576	0.13135009
44932	3313	0.13135009
44932	3505	0.13135009
44932	3582	0.13135009
44985	858	0.113057196
44985	1643	0.113057196
44985	2463	0.113057196
44985	3856	0.113057196
44985	4493	0.113057196
44985	4524	0.113057196
44985	6055	0.113057196
44985	6057	0.113057196
44985	1641	0.11305719
44985	3657	0.11305719
45064	2925	0.120417245
45064	5931	0.12041723
45064	6137	0.12041722
45064	6451	0.12041722
45064	2488	0.12041721
45064	3974	0.12041721
45064	4615	0.12041721
45064	3936	0.1204172
45064	6115	0.12041719
45064	2122	0.11915365
45068	4026	0.104824044
45068	4029	0.10482404
45068	2545	0.10482403
45068	67	0.10482402
45068	93	0.10482402
45068	971	0.10482402
45068	3361	0.10482402
45068	1505	0.104824014
45068	1688	0.104824014
45068	1068	0.10482401
45078	3327	0.1000199
45078	4154	0.10001989
45078	4835	0.10001988
45078	174	0.10001987
45078	257	0.10001987
45078	294	0.10001987
45078	1728	0.10001987
45078	2278	0.10001987
45078	4920	0.10001987
45078	5046	0.10001987
45107	5453	0.10908957
45107	3287	0.109089546
45107	250	0.10908954
45107	3247	0.10908954
45107	3861	0.10908953
45107	6609	0.10908953
45107	6701	0.10908953
45107	6726	0.10908953
45107	1842	0.10908952
45107	3251	0.10908952
45113	3287	0.09097451
45113	5453	0.09097451
45113	3214	0.090974495
45113	6609	0.090974495
45113	250	0.09097449
45113	3247	0.09097449
45113	399	0.09097448
45113	1342	0.09097448
45113	1842	0.09097448
45113	2872	0.09097448
45119	6161	0.1146775
45119	872	0.11467749
45119	3096	0.11467749
45119	1580	0.11467748
45119	3102	0.114677474
45119	4502	0.114677474
45119	6020	0.114677474
45119	6270	0.114677474
45119	2501	0.11467746
45119	4641	0.11467746
45184	1072	0.11623284
45184	4020	0.116232835
45184	5370	0.11623283
45184	2597	0.11623282
45184	2531	0.11583269
45184	2898	0.11583266
45184	4580	0.11583263
45184	5931	0.11422983
45184	2925	0.11422982
45184	2488	0.11422981
45255	1731	0.1126277
45255	2997	0.1126277
45255	4197	0.1126277
45255	1207	0.11262769
45255	2983	0.11262769
45255	193	0.112627685
45255	567	0.112627685
45255	744	0.112627685
45255	1709	0.112627685
45255	1805	0.112627685
45305	6780	0.118360266
45305	2956	0.11717698
45305	47	0.11717696
45305	749	0.11717696
45305	2268	0.11717696
45305	655	0.117176935
45305	6244	0.117176935
45305	6800	0.117176935
45305	2815	0.11717693
45305	2611	0.11717692
45315	2269	0.10995914
45315	539	0.109959126
45315	1579	0.109959126
45315	4433	0.109959126
45315	2880	0.10995912
45315	3286	0.10995912
45315	5696	0.10995912
45315	2354	0.10995911
45315	2465	0.10995911
45315	2920	0.10995911
45340	1034	0.10708907
45340	6346	0.107089065
45340	463	0.10708906
45340	1031	0.10708906
45340	2307	0.10708906
45340	2964	0.10708906
45340	3796	0.10708906
45340	5132	0.10708906
45340	6099	0.10708906
45340	2923	0.10708905
45383	546	0.1040813
45383	733	0.1040813
45383	1823	0.1040813
45383	3647	0.1040813
45383	5150	0.1040813
45383	6763	0.1040813
45383	259	0.104081295
45383	944	0.104081295
45383	1668	0.104081295
45383	3710	0.104081295
45391	2684	0.11585229
45391	3619	0.11585228
45391	4036	0.11585228
45391	4100	0.11585228
45391	4745	0.11585228
45391	6444	0.11585228
45391	436	0.115852274
45391	719	0.115852274
45391	4025	0.115852274
45391	1948	0.11585227
45416	2224	0.10363966
45416	2230	0.10363966
45416	2407	0.10363966
45416	4183	0.10363966
45416	1176	0.103639655
45416	3313	0.103639655
45416	3892	0.103639655
45416	3569	0.10363965
45416	3582	0.10363965
45416	4246	0.10363965
45418	5453	0.11165622
45418	3287	0.111656204
45418	250	0.11165619
45418	3214	0.11165619
45418	3247	0.11165619
45418	6609	0.11165619
45418	2303	0.11165618
45418	6726	0.11165618
45418	399	0.111656174
45418	1842	0.111656174
45444	574	0.10323328
45444	6783	0.10323328
45444	4629	0.103233255
45444	5327	0.103233255
45444	816	0.10323325
45444	1495	0.10323325
45444	1723	0.10323325
45444	1944	0.10323325
45444	2409	0.10323325
45444	2743	0.10323325
45471	1501	0.106395826
45471	1937	0.10639581
45471	1545	0.106395796
45471	1659	0.106395796
45471	1916	0.106395796
45471	538	0.10639579
45471	302	0.10639578
45471	3440	0.106395766
45471	3949	0.106395766
45471	1027	0.10639575
45557	5762	0.09750742
45557	2330	0.09750741
45557	244	0.0975074
45557	5570	0.0975074
45557	2785	0.097507395
45557	1876	0.09750738
45557	293	0.09750737
45557	1740	0.09750737
45557	4867	0.097507365
45557	5057	0.09750735
45564	2359	0.12813604
45564	3725	0.12813604
45564	4207	0.12813604
45564	1210	0.12813602
45564	2186	0.12813601
45564	6690	0.12813601
45564	5226	0.128136
45564	5622	0.12813598
45564	6044	0.12813598
45564	6130	0.12813598
45641	2746	0.09785377
45641	5255	0.097853765
45641	6564	0.097853765
45641	2963	0.09785376
45641	1955	0.09785375
45641	3921	0.09785375
45641	3659	0.09785374
45641	3583	0.097853735
45641	3884	0.09785372
45641	4458	0.09785372
45911	688	0.10502548
45911	6488	0.10502547
45911	3217	0.10502546
45911	1233	0.105025455
45911	1739	0.105025455
45911	1924	0.105025455
45911	2032	0.105025455
45911	2340	0.105025455
45911	2423	0.105025455
45911	2871	0.105025455
45987	1266	0.09584893
45987	3110	0.09584893
45987	3578	0.09584893
45987	903	0.09584892
45987	2371	0.09584892
45987	3009	0.09584892
45987	5001	0.09584892
45987	5811	0.09584892
45987	309	0.09584891
45987	650	0.09584891
46099	4026	0.111171
46099	4029	0.111170985
46099	67	0.11117098
46099	93	0.11117098
46099	2545	0.11117098
46099	3361	0.11117098
46099	971	0.11117097
46099	1068	0.11117096
46099	1505	0.11117096
46099	1537	0.11117096
46145	3913	0.096216954
46145	3197	0.09621695
46145	3285	0.09621695
46145	5923	0.09621695
46145	6446	0.09621695
46145	3550	0.09621694
46145	4062	0.09621694
46145	388	0.09621693
46145	1539	0.09621693
46145	2800	0.09621693
46154	4696	0.11255943
46154	963	0.11255942
46154	1900	0.111990586
46154	1991	0.111990586
46154	1320	0.11199056
46154	4699	0.111990556
46154	308	0.1119905
46154	3114	0.11174296
46154	1772	0.11174294
46154	2701	0.11174291
46197	6920	0.090574384
46197	551	0.09057438
46197	5109	0.09057438
46197	5499	0.09057438
46197	1547	0.09057437
46197	4473	0.09057437
46197	4507	0.09057437
46197	5419	0.09057437
46197	6729	0.09057437
46197	6828	0.09057437
46258	6695	0.10861842
46258	5796	0.10861841
46258	6693	0.10861839
46258	4099	0.10861836
46258	6070	0.10861836
46258	6696	0.10861835
46258	5168	0.107406184
46258	6697	0.10740616
46258	6082	0.107406154
46258	1034	0.10683679
46269	960	0.13870801
46269	3255	0.13870795
46269	6367	0.13870794
46269	6419	0.13870794
46269	510	0.13870792
46269	6408	0.1387079
46269	6418	0.1387079
46269	5575	0.13870788
46269	4340	0.13812098
46269	3812	0.13812093
46293	6494	0.11509459
46293	6711	0.11509458
46293	2793	0.115094565
46293	4076	0.11509456
46293	4081	0.11509456
46293	6712	0.11509456
46293	2818	0.11509455
46293	2389	0.11509454
46293	5374	0.11509454
46293	6738	0.11509454
46295	4175	0.11534404
46295	4342	0.11534403
46295	4525	0.11534403
46295	5122	0.11534403
46295	1624	0.115344025
46295	79	0.11534402
46295	168	0.11534402
46295	2728	0.11534402
46295	3059	0.11534402
46295	4273	0.11534402
46350	2453	0.102504
46350	2814	0.10250399
46350	2454	0.10250398
46350	2153	0.10250397
46350	888	0.10245725
46350	4915	0.10245725
46350	5007	0.10245725
46350	129	0.102457225
46350	4500	0.102457225
46350	1112	0.10245722
46389	2212	0.09853774
46389	6898	0.098486304
46389	3239	0.098486274
46389	1746	0.098170385
46389	2906	0.09797783
46389	5366	0.09699559
46389	69	0.096995585
46389	654	0.09689991
46389	4550	0.096848816
46389	5754	0.09679881
46417	3743	0.117901966
46417	4014	0.11790196
46417	177	0.11790195
46417	180	0.11790195
46417	236	0.11790195
46417	320	0.11790195
46417	346	0.11790195
46417	755	0.11790195
46417	1315	0.11790195
46417	1567	0.11790195
46443	110	0.113361835
46443	1752	0.11336182
46443	6043	0.11336182
46443	6676	0.11336182
46443	6765	0.11336182
46443	2640	0.11336181
46443	3469	0.11336181
46443	6326	0.11336181
46443	700	0.113361806
46443	1154	0.113361806
46461	5940	0.097789094
46461	45	0.09778908
46461	782	0.09778908
46461	1000	0.09778908
46461	1962	0.09778908
46461	2136	0.09778908
46461	2703	0.09778908
46461	2807	0.09778908
46461	4472	0.09778908
46461	4561	0.09778908
46541	79	0.11677547
46541	1624	0.11677547
46541	3059	0.11677547
46541	4175	0.11677547
46541	168	0.11677545
46541	2728	0.11677545
46541	4273	0.11677545
46541	4342	0.11677545
46541	5122	0.11677545
46541	5605	0.11677545
46671	2121	0.10872629
46671	4163	0.10872629
46671	4304	0.10872629
46671	2732	0.108726285
46671	1447	0.10872628
46671	3712	0.10872628
46671	5381	0.10872628
46671	1690	0.10872627
46671	2279	0.10872627
46671	4152	0.10872627
46690	5382	0.11645068
46690	2410	0.11645067
46690	2808	0.11645067
46690	3726	0.11645067
46690	3939	0.11645067
46690	1756	0.11645066
46690	300	0.11645065
46690	676	0.11645065
46690	914	0.11645065
46690	3717	0.11645065
46892	45	0.13933697
46892	2211	0.13933697
46892	2703	0.13933697
46892	5272	0.13933697
46892	5940	0.13933697
46892	113	0.13933696
46892	782	0.13933696
46892	1962	0.13933696
46892	3465	0.13933696
46892	6309	0.13933696
46907	2782	0.12060207
46907	1541	0.12060206
46907	672	0.12060205
46907	1398	0.12060205
46907	1616	0.12060205
46907	1816	0.12060205
46907	1820	0.12060205
46907	2356	0.12060205
46907	4610	0.12060205
46907	5469	0.12060205
46909	1551	0.07897131
46909	3635	0.07897131
46909	3312	0.078971304
46909	995	0.0789713
46909	5603	0.0789713
46909	5686	0.0789713
46909	5840	0.0789713
46909	6823	0.0789713
46909	507	0.07897128
46909	5023	0.07897128
47117	169	0.08895655
47117	611	0.08895655
47117	7	0.08895654
47117	1446	0.08895654
47117	3221	0.08895654
47117	884	0.088956535
47117	1612	0.088956535
47117	1707	0.088956535
47117	6759	0.088956535
47117	2398	0.08895653
47118	6346	0.10719208
47118	1034	0.10719207
47118	463	0.10719206
47118	1031	0.10719206
47118	2307	0.10719206
47118	484	0.107192054
47118	2150	0.107192054
47118	2286	0.107192054
47118	2923	0.107192054
47118	3796	0.107192054
47127	1743	0.11190675
47127	4334	0.111906745
47127	504	0.11190674
47127	798	0.11190674
47127	2696	0.11190674
47127	5632	0.11190674
47127	5781	0.11190674
47127	264	0.11190673
47127	298	0.11190673
47127	422	0.11190673
47128	2121	0.10274634
47128	4163	0.10274634
47128	4304	0.10274634
47128	1447	0.10274632
47128	2732	0.10274632
47128	3712	0.10274632
47128	5381	0.10274632
47128	1690	0.102746315
47128	2279	0.102746315
47128	4152	0.102746315
47152	2357	0.10279382
47152	513	0.10279381
47152	1303	0.10279381
47152	1873	0.10279381
47152	2549	0.10279381
47152	3534	0.10279381
47152	4703	0.10279381
47152	4936	0.10279381
47152	5792	0.10279381
47152	3724	0.102793805
47279	3327	0.12334117
47279	294	0.12334116
47279	83	0.12334115
47279	4154	0.12334115
47279	4835	0.12334115
47279	253	0.12334114
47279	1002	0.12334114
47279	1524	0.12334114
47279	1728	0.12334114
47279	2278	0.12334114
47316	1269	0.11025216
47316	5294	0.11025215
47316	2511	0.11025214
47316	3877	0.11025214
47316	4882	0.110252135
47316	3052	0.11025211
47316	2047	0.110252105
47316	31	0.1102521
47316	3672	0.11000367
47316	3047	0.110003665
47458	733	0.094898395
47458	648	0.09489839
47458	944	0.09489839
47458	1618	0.09489839
47458	1813	0.09489839
47458	1823	0.09489839
47458	2001	0.09489839
47458	3647	0.09489839
47458	3710	0.09489839
47458	4695	0.09489839
47512	3039	0.11265591
47512	5163	0.11265591
47512	6680	0.11265591
47512	6786	0.11265591
47512	485	0.1126559
47512	2214	0.1126559
47512	2292	0.1126559
47512	75	0.11265589
47512	1264	0.11265589
47512	1400	0.11265589
47594	4273	0.10561374
47594	4175	0.10561373
47594	5122	0.10561373
47594	79	0.10561372
47594	251	0.10561372
47594	1624	0.10561372
47594	2728	0.10561372
47594	3059	0.10561372
47594	3952	0.10561372
47594	4177	0.10561372
47609	3608	0.093112394
47609	6159	0.093112394
47609	4043	0.09311239
47609	5928	0.09311239
47609	2566	0.09311238
47609	3990	0.09311237
47609	5496	0.09311237
47609	2075	0.093112364
47609	2076	0.093112364
47609	3332	0.093112364
47779	3946	0.1208461
47779	714	0.12084609
47779	6012	0.12084609
47779	2322	0.12084608
47779	4189	0.12084608
47779	4665	0.12084608
47779	5025	0.12084608
47779	2821	0.12084607
47779	2518	0.12084606
47779	1903	0.12084605
47793	5120	0.10889964
47793	2223	0.1088996
47793	1766	0.10822923
47793	5800	0.10822923
47793	5682	0.10822922
47793	172	0.1082292
47793	915	0.10814668
47793	5325	0.10786563
47793	4372	0.107840426
47793	6859	0.107840426
47807	733	0.09273
47807	5150	0.09273
47807	648	0.09272999
47807	944	0.09272999
47807	1618	0.09272999
47807	3647	0.09272999
47807	4968	0.09272999
47807	259	0.092729986
47807	326	0.092729986
47807	546	0.092729986
47856	439	0.09327276
47856	832	0.09327276
47856	158	0.093272746
47856	5797	0.093272746
47856	20	0.09327274
47856	1695	0.09327274
47856	5380	0.093272716
47856	5083	0.09317544
47856	5457	0.09285443
47856	2038	0.092757136
47925	3225	0.11526658
47925	2810	0.11526655
47925	117	0.11526654
47925	471	0.11526654
47925	2502	0.113676846
47925	4787	0.11367684
47925	4129	0.11367682
47925	4138	0.11367682
47925	3097	0.113676816
47925	3511	0.113676816
47971	995	0.11148986
47971	1551	0.11148986
47971	3312	0.11148986
47971	3635	0.11148986
47971	5686	0.11148986
47971	5603	0.111489855
47971	5840	0.11148985
47971	6823	0.11148985
47971	6201	0.11148983
47971	6798	0.11148983
47975	3076	0.118155494
47975	3452	0.118155494
47975	3787	0.118155494
47975	2832	0.11815548
47975	4240	0.11815548
47975	1441	0.118155465
47975	3242	0.11815546
47975	3789	0.1180563
47975	9	0.11805623
47975	3137	0.11805622
48025	320	0.094828635
48025	1567	0.094828635
48025	2339	0.094828635
48025	6334	0.094828635
48025	6863	0.094828635
48025	159	0.09482863
48025	177	0.09482863
48025	346	0.09482863
48025	1453	0.09482863
48025	1836	0.09482863
48037	1793	0.113182396
48037	2498	0.113182396
48037	1080	0.11318239
48037	1319	0.11318238
48037	4415	0.11318238
48037	6083	0.11318238
48037	6022	0.11318237
48037	89	0.113182366
48037	2896	0.113182366
48037	3147	0.113182366
48046	696	0.11749838
48046	61	0.11749837
48046	410	0.11749836
48046	2504	0.11749836
48046	240	0.11749835
48046	1550	0.11749835
48046	1578	0.11749835
48046	635	0.117498346
48046	3329	0.117498346
48046	5250	0.117498346
48213	4222	0.105286136
48213	3170	0.105286114
48213	3409	0.10528611
48213	1895	0.1052861
48213	1771	0.10528609
48213	3769	0.10528609
48213	1779	0.10528608
48213	3798	0.10528607
48213	6749	0.10528607
48213	1528	0.10528605
48217	1915	0.09910928
48217	3502	0.09910926
48217	3874	0.09910926
48217	4224	0.09910926
48217	5964	0.09910926
48217	3819	0.099109255
48217	5262	0.099109255
48217	270	0.09910925
48217	514	0.09910925
48217	2603	0.09910925
48268	2752	0.106133565
48268	2803	0.106133565
48268	3018	0.106133565
48268	4293	0.106133565
48268	5558	0.106133565
48268	6341	0.106133565
48268	628	0.10613356
48268	3978	0.10613356
48268	1143	0.10613355
48268	2669	0.10613355
48355	551	0.12918347
48355	6920	0.12918347
48355	5499	0.12918346
48355	1547	0.12918344
48355	1963	0.12918344
48355	4473	0.12918344
48355	5109	0.12918344
48355	6157	0.12918344
48355	6362	0.12918344
48355	6682	0.12918344
48382	118	0.09858319
48382	184	0.09858319
48382	5817	0.09858319
48382	5992	0.098583184
48382	540	0.09858318
48382	1506	0.09858318
48382	1667	0.09858318
48382	4704	0.09858318
48382	5079	0.09858318
48382	6684	0.09858318
48494	1915	0.10941105
48494	4224	0.10941105
48494	3502	0.109411046
48494	5262	0.109411046
48494	5964	0.10941104
48494	1340	0.10941103
48494	3011	0.10941103
48494	3874	0.10941103
48494	3881	0.10941103
48494	3565	0.10941102
48579	5130	0.10494059
48579	115	0.10494055
48579	230	0.10494053
48579	286	0.104940526
48579	356	0.10494052
48579	1117	0.10494052
48579	1333	0.104940504
48579	2890	0.104940504
48579	479	0.10391374
48579	1118	0.10391371
48630	87	0.11505472
48630	2652	0.11505472
48630	4258	0.115054704
48630	5620	0.115054704
48630	310	0.11505468
48630	1200	0.11505468
48630	1438	0.11505468
48630	6264	0.11505468
48630	2231	0.115054674
48630	5144	0.115054674
48743	2134	0.10657637
48743	531	0.10657636
48743	545	0.10657635
48743	1307	0.10657635
48743	3303	0.10657635
48743	5422	0.10657635
48743	5887	0.10657635
48743	1720	0.10657634
48743	3051	0.10657634
48743	3156	0.10657634
48911	4751	0.096370965
48911	5629	0.09637096
48911	1302	0.09637095
48911	2326	0.09637094
48911	789	0.096370935
48911	1174	0.096370935
48911	2888	0.096370935
48911	3525	0.096370935
48911	4181	0.096370935
48911	5140	0.096370935
48929	2760	0.11183992
48929	4211	0.11183992
48929	3061	0.11183989
48929	3274	0.11183989
48929	5179	0.11183989
48929	5841	0.11183989
48929	5925	0.11183989
48929	1057	0.111839876
48929	3436	0.111839876
48929	5967	0.111839876
48975	2134	0.10561238
48975	531	0.105612375
48975	545	0.10561237
48975	5422	0.10561237
48975	5887	0.10561237
48975	3303	0.10561236
48975	1307	0.10561235
48975	1720	0.10561235
48975	3051	0.10561235
48975	5583	0.10561235
48995	79	0.10326539
48995	4175	0.10326539
48995	4342	0.10326539
48995	5122	0.10326539
48995	6532	0.10326539
48995	251	0.10326538
48995	1624	0.10326538
48995	2728	0.10326538
48995	3059	0.10326538
48995	3952	0.10326538
49061	1501	0.12514387
49061	1937	0.12514386
49061	1659	0.12514384
49061	538	0.12514383
49061	1545	0.12514383
49061	1916	0.12514383
49061	302	0.12514381
49061	3440	0.12514381
49061	3949	0.1251438
49061	1027	0.12514377
49109	4224	0.124348
49109	5964	0.124348
49109	3502	0.12434799
49109	3874	0.12434799
49109	3819	0.124347985
49109	5262	0.124347985
49109	5303	0.124347985
49109	6862	0.124347985
49109	270	0.12434798
49109	2632	0.12434798
49154	829	0.13988596
49154	1888	0.13988596
49154	2241	0.13988596
49154	4115	0.13988595
49154	3325	0.13988593
49154	4330	0.13988593
49154	5681	0.13988593
49154	4631	0.13988592
49154	3858	0.13988587
49154	3222	0.13970776
49155	1812	0.09702206
49155	5043	0.09702206
49155	5485	0.09702205
49155	1089	0.09702204
49155	5448	0.09702204
49155	1596	0.097022034
49155	2739	0.097022034
49155	4737	0.097022034
49155	71	0.09702203
49155	306	0.09702203
49212	6303	0.123406634
49212	3646	0.12340662
49212	4288	0.123258345
49212	6645	0.123215236
49212	5991	0.12321522
49212	3479	0.123066954
49212	6114	0.12306695
49212	1399	0.12306694
49212	5913	0.12306693
49212	3468	0.12257056
49225	2214	0.13179228
49225	3039	0.13179228
49225	2292	0.13179226
49225	5163	0.13179226
49225	6014	0.13179226
49225	6680	0.13179226
49225	75	0.13179225
49225	474	0.13179225
49225	485	0.13179225
49225	720	0.13179225
49262	1471	0.09544181
49262	4865	0.09544181
49262	908	0.0954418
49262	2158	0.0954418
49262	2856	0.0954418
49262	4381	0.0954418
49262	4483	0.0954418
49262	838	0.09544179
49262	3215	0.09544179
49262	3762	0.09544179
49289	3458	0.1257443
49289	5392	0.12574427
49289	6703	0.12574427
49289	314	0.12574425
49289	3182	0.12574425
49289	3732	0.12574425
49289	4796	0.12574425
49289	952	0.12574424
49289	2973	0.12574424
49289	228	0.12574422
49300	79	0.11286819
49300	4273	0.11286819
49300	3059	0.11286818
49300	4175	0.11286818
49300	4177	0.11286818
49300	251	0.112868175
49300	450	0.112868175
49300	1624	0.112868175
49300	2728	0.112868175
49300	4342	0.112868175
49313	4443	0.09756532
49313	2469	0.09744428
49313	3176	0.09743266
49313	1851	0.09743265
49313	279	0.09743264
49313	432	0.09743263
49313	2948	0.09743263
49313	4666	0.09743263
49313	1769	0.09743262
49313	2362	0.09743262
49314	733	0.10516411
49314	259	0.1051641
49314	944	0.1051641
49314	2001	0.1051641
49314	2687	0.1051641
49314	3647	0.1051641
49314	4695	0.1051641
49314	4907	0.1051641
49314	648	0.105164096
49314	1618	0.105164096
49324	829	0.12301586
49324	1888	0.12301585
49324	4115	0.12301585
49324	2241	0.12301584
49324	3325	0.12301582
49324	4330	0.12301581
49324	5681	0.12301581
49324	4631	0.123015806
49324	3858	0.123015784
49324	4969	0.122730106
49392	960	0.11219273
49392	3255	0.112192675
49392	6419	0.112192675
49392	6367	0.11219265
49392	6408	0.112192646
49392	6418	0.112192646
49392	510	0.11219264
49392	5575	0.11219262
49392	3341	0.111850165
49392	6307	0.111850165
49422	6307	0.12002369
49422	3341	0.12002368
49422	3810	0.12002367
49422	5162	0.12002367
49422	5636	0.12002367
49422	62	0.12002366
49422	1990	0.12002366
49422	5748	0.12002366
49422	5936	0.12002366
49422	6486	0.12002366
49423	6648	0.11099815
49423	2532	0.110998146
49423	3088	0.11069961
49423	5729	0.1106996
49423	2533	0.110699594
49423	2563	0.110699594
49423	5823	0.110699594
49423	2863	0.110699564
49423	2864	0.110699564
49423	638	0.110699534
49460	485	0.10798466
49460	3039	0.10798466
49460	6680	0.10798466
49460	2214	0.107984655
49460	2292	0.107984655
49460	5163	0.107984655
49460	6786	0.107984655
49460	75	0.10798465
49460	1400	0.10798465
49460	1496	0.10798465
49526	1444	0.10486069
49526	5505	0.10486068
49526	6316	0.10486068
49526	6785	0.10486068
49526	5916	0.10486067
49526	2579	0.10486066
49526	4874	0.10486066
49526	1338	0.104860656
49526	5387	0.104860656
49526	4026	0.10434399
49683	6307	0.11050398
49683	3341	0.11050397
49683	5162	0.11050397
49683	5748	0.11050397
49683	5936	0.11050397
49683	1355	0.110503964
49683	2415	0.110503964
49683	5636	0.110503964
49683	6790	0.110503964
49683	950	0.11050396
49771	3327	0.11460598
49771	4154	0.11460597
49771	4835	0.11460596
49771	294	0.114605956
49771	4920	0.114605956
49771	5046	0.114605956
49771	174	0.11460595
49771	639	0.11460595
49771	936	0.11460595
49771	1524	0.11460595
49842	5453	0.112284474
49842	3287	0.11228447
49842	250	0.11228445
49842	3247	0.112284444
49842	6701	0.112284444
49842	3260	0.11228444
49842	3861	0.11228444
49842	6609	0.11228444
49842	6726	0.11228444
49842	399	0.11228443
49889	1626	0.1003883
49889	127	0.10038829
49889	3468	0.10038828
49889	3544	0.10038827
49889	3738	0.10038827
49889	6678	0.10038827
49889	1568	0.100388266
49889	1814	0.100388266
49889	5459	0.100388266
49889	5525	0.100388266
49900	2647	0.12963928
49900	5343	0.12963928
49900	2638	0.12963927
49900	4407	0.12963927
49900	771	0.12963924
49900	2486	0.12963924
49900	4367	0.12963924
49900	6625	0.12963924
49900	297	0.12963922
49900	687	0.12963922
49980	4235	0.110868484
49980	5834	0.110868484
49980	3407	0.11086848
49980	2905	0.11086847
49980	3300	0.11086847
49980	462	0.11086846
49980	2316	0.110868454
49980	2349	0.110868454
49980	3428	0.11086845
49980	696	0.110193245
50073	259	0.11298501
50073	3647	0.11298501
50073	6763	0.11298501
50073	546	0.112985
50073	733	0.112985
50073	1668	0.112985
50073	1670	0.112985
50073	1823	0.112985
50073	2687	0.112985
50073	4695	0.112985
50098	4522	0.093105555
50098	187	0.09310554
50098	6878	0.09245747
50098	996	0.09245746
50098	1617	0.09245746
50098	1892	0.09233345
50098	206	0.09233344
50098	1714	0.09233343
50098	1856	0.09233343
50098	5080	0.09233342
50129	2107	0.11430043
50129	3564	0.114300415
50129	1602	0.11430041
50129	5048	0.114300385
50129	5044	0.11430037
50129	6154	0.11430037
50129	4193	0.11430036
50129	3333	0.114300355
50129	5441	0.114300355
50129	6908	0.114300355
50130	320	0.11005597
50130	4014	0.11005597
50130	3743	0.11005596
50130	180	0.11005595
50130	236	0.11005595
50130	346	0.11005595
50130	402	0.11005595
50130	755	0.11005595
50130	1567	0.11005595
50130	1629	0.11005595
50141	6637	0.10752085
50141	4108	0.10752082
50141	6586	0.10752081
50141	5431	0.10696259
50141	1094	0.10696257
50141	4165	0.106962554
50141	5864	0.106319346
50141	176	0.10631934
50141	5795	0.10631934
50141	6740	0.10631933
50193	4751	0.09499958
50193	5629	0.094999574
50193	1302	0.09499957
50193	2326	0.09499957
50193	3525	0.09499956
50193	789	0.09499955
50193	1185	0.09499955
50193	1835	0.09499955
50193	2888	0.09499955
50193	4181	0.09499955
50204	3285	0.108042546
50204	3913	0.108042546
50204	6446	0.108042546
50204	2800	0.10804254
50204	3197	0.10804254
50204	3550	0.10804254
50204	4062	0.10804253
50204	388	0.10804252
50204	4169	0.10804252
50204	4438	0.10804252
50205	6110	0.12064487
50205	4060	0.120367154
50205	2091	0.120367125
50205	6843	0.12036711
50205	4175	0.120085485
50205	4273	0.12008548
50205	79	0.12008547
50205	5122	0.12008547
50205	450	0.12008546
50205	1624	0.12008546
50225	4026	0.100274414
50225	971	0.10027441
50225	67	0.1002744
50225	93	0.1002744
50225	2545	0.1002744
50225	4029	0.1002744
50225	1068	0.10027439
50225	3361	0.10027439
50225	1505	0.100274384
50225	1688	0.100274384
50504	1024	0.12111739
50504	3676	0.12111737
50504	3846	0.12111737
50504	5691	0.12111737
50504	697	0.12111736
50504	2413	0.12111736
50504	2479	0.12111736
50504	2830	0.12111736
50504	351	0.12111735
50504	1880	0.12111735
50539	320	0.10670027
50539	4014	0.10670027
50539	1567	0.106700264
50539	1855	0.106700264
50539	2339	0.106700264
50539	4464	0.106700264
50539	4854	0.106700264
50539	6334	0.106700264
50539	6863	0.106700264
50539	159	0.10670026
50612	3225	0.09799491
50612	2810	0.097994894
50612	471	0.09799488
50612	117	0.09799487
50612	6182	0.09756177
50612	5611	0.09756176
50612	480	0.096723676
50612	3403	0.096723676
50612	4909	0.096723676
50612	6192	0.096723676
50615	2214	0.100608654
50615	6680	0.100608654
50615	2215	0.10060865
50615	3039	0.10060865
50615	5163	0.10060865
50615	6786	0.10060865
50615	75	0.10060864
50615	485	0.10060864
50615	1496	0.10060864
50615	2292	0.10060864
50650	2378	0.09058813
50650	1098	0.09058811
50650	1575	0.09058811
50650	2993	0.09058811
50650	1640	0.0905881
50650	2783	0.09058809
50650	5787	0.09058809
50650	43	0.090588085
50650	51	0.09058808
50650	3453	0.09058808
50681	1766	0.097255245
50681	5682	0.097255245
50681	5800	0.097255245
50681	172	0.09725522
50681	3053	0.09689535
50681	4236	0.09689533
50681	4623	0.09689531
50681	5325	0.096386634
50681	670	0.09627265
50681	3139	0.09627263
50730	320	0.13616611
50730	346	0.13616611
50730	3743	0.13616611
50730	4014	0.13616611
50730	180	0.1361661
50730	236	0.1361661
50730	755	0.1361661
50730	1090	0.1361661
50730	1106	0.1361661
50730	1315	0.1361661
50749	384	0.095862314
50749	1436	0.095862314
50749	3581	0.095862314
50749	232	0.0958623
50749	581	0.0958623
50749	732	0.0958623
50749	1512	0.0958623
50749	1564	0.0958623
50749	4413	0.0958623
50749	5125	0.0958623
50823	1734	0.1464105
50823	2616	0.14405134
50823	3637	0.14345556
50823	3845	0.14280188
50823	5445	0.14280188
50823	2614	0.14280185
50823	5999	0.14280184
50823	3852	0.14280182
50823	5889	0.14280182
50823	6168	0.14280182
50849	4050	0.102884166
50849	1973	0.102884136
50849	5252	0.1028841
50849	211	0.102719516
50849	4385	0.1027195
50849	2522	0.10271948
50849	1532	0.10180524
50849	5405	0.10180524
50849	3159	0.101805225
50849	3909	0.101805225
50859	6346	0.1067785
50859	1031	0.106778495
50859	1034	0.106778495
50859	463	0.10677849
50859	2307	0.10677849
50859	2923	0.10677849
50859	3997	0.10677849
50859	3796	0.10677848
50859	4687	0.10677848
50859	5694	0.10677848
50895	2134	0.12275094
50895	1307	0.12275092
50895	3303	0.12275092
50895	5887	0.122750916
50895	1720	0.12275091
50895	2553	0.12275091
50895	2877	0.12275091
50895	4276	0.12275091
50895	3051	0.1227509
50895	3156	0.12275089
50972	4617	0.11078556
50972	3955	0.11078553
50972	3427	0.110785514
50972	3803	0.110785514
50972	5106	0.110785514
50972	6395	0.110785514
50972	5601	0.11078551
50972	3342	0.1107855
50972	5705	0.1107855
50972	2236	0.11078549
51071	149	0.11233592
51071	3545	0.11233591
51071	5768	0.112335905
51071	761	0.1123359
51071	441	0.11233589
51071	26	0.11233588
51071	893	0.11233588
51071	3634	0.11233586
51071	4314	0.11233586
51071	6877	0.11233586
51082	5754	0.09983954
51082	1318	0.0997943
51082	4191	0.09979427
51082	3766	0.09943197
51082	3273	0.09943196
51082	4567	0.09943193
51082	1097	0.0992119
51082	3547	0.09889763
51082	2556	0.098894835
51082	898	0.09889483
51100	383	0.10825866
51100	5456	0.10825866
51100	2016	0.10802375
51100	3580	0.10802375
51100	3917	0.10802375
51100	6122	0.10802375
51100	5258	0.10802374
51100	6382	0.10802374
51100	2169	0.10802373
51100	2494	0.10802373
51207	3327	0.11662474
51207	294	0.116624705
51207	4154	0.116624705
51207	4835	0.116624705
51207	6502	0.116624705
51207	1852	0.1166247
51207	2035	0.1166247
51207	2278	0.1166247
51207	3132	0.1166247
51207	4133	0.1166247
51252	3273	0.11975686
51252	3766	0.11975686
51252	4567	0.119756825
51252	5352	0.11933846
51252	4112	0.119338445
51252	2376	0.11933844
51252	3536	0.11933844
51252	2040	0.11933842
51252	3133	0.119338416
51252	5786	0.11933839
51350	778	0.09791622
51350	1288	0.09791621
51350	466	0.0979162
51350	1967	0.0979162
51350	5519	0.0979162
51350	4971	0.09791619
51350	5514	0.09791619
51350	5546	0.09791619
51350	1633	0.097916186
51350	1662	0.097916186
51359	696	0.11155002
51359	410	0.11155
51359	635	0.11155
51359	2504	0.11155
51359	61	0.111549996
51359	1550	0.11154999
51359	1578	0.11154999
51359	4793	0.11154999
51359	5227	0.11154999
51359	5250	0.11154999
51364	4036	0.12600617
51364	4100	0.12600617
51364	436	0.12600616
51364	719	0.12600616
51364	1601	0.12600616
51364	2684	0.12600616
51364	3619	0.12600616
51364	4025	0.12600616
51364	4745	0.12600616
51364	6187	0.12600616
51365	320	0.11661461
51365	346	0.11661461
51365	3743	0.11661461
51365	4014	0.11661461
51365	1629	0.1166146
51365	1855	0.1166146
51365	4854	0.1166146
51365	6334	0.1166146
51365	159	0.116614595
51365	177	0.116614595
51386	982	0.08584092
51386	1045	0.085840896
51386	4370	0.085840896
51386	6250	0.085840896
51386	260	0.08584089
51386	1853	0.08584089
51386	2301	0.08584089
51386	4673	0.08584089
51386	5191	0.08584088
51386	5836	0.08584088
51403	2249	0.090137035
51403	5455	0.090137035
51403	5660	0.09013703
51403	5668	0.09013703
51403	706	0.09013702
51403	360	0.09013701
51403	5952	0.090137005
51403	1766	0.08999561
51403	5800	0.08999561
51403	5682	0.0899956
51450	688	0.120416686
51450	1739	0.12041667
51450	6488	0.12041667
51450	3217	0.12041666
51450	1233	0.120416656
51450	2164	0.120416656
51450	2173	0.120416656
51450	2340	0.120416656
51450	2423	0.120416656
51450	5416	0.120416656
51511	4023	0.11448824
51511	961	0.11448823
51511	2323	0.11448822
51511	2390	0.11448822
51511	3087	0.11448822
51511	2328	0.114488214
51511	2987	0.114488214
51511	4261	0.1144882
51511	1696	0.11448818
51511	1665	0.11420578
51526	2752	0.126759
51526	2803	0.12675898
51526	3018	0.12675898
51526	4293	0.12675898
51526	5558	0.12675898
51526	6341	0.12675898
51526	628	0.12675896
51526	1745	0.12675896
51526	2220	0.12675896
51526	2406	0.12675896
51559	2407	0.12109902
51559	2230	0.121099
51559	4183	0.121098995
51559	1176	0.12109899
51559	4348	0.12109899
51559	2234	0.12109898
51559	2936	0.12109898
51559	3313	0.12109898
51559	3505	0.12109898
51559	3892	0.12109898
51589	1812	0.104433484
51589	5043	0.104433484
51589	5448	0.10443348
51589	5485	0.10443347
51589	1089	0.10443346
51589	1596	0.10443346
51589	4737	0.10443346
51589	5537	0.10443346
51589	306	0.104433455
51589	690	0.104433455
51627	1034	0.11374558
51627	463	0.11374557
51627	1031	0.11374557
51627	6346	0.11374557
51627	2307	0.113745555
51627	2923	0.113745555
51627	3796	0.113745555
51627	4498	0.113745555
51627	5154	0.113745555
51627	5790	0.113745555
51663	1969	0.10622525
51663	5539	0.10622525
51663	3331	0.104502626
51663	5100	0.104502626
51663	2639	0.10450262
51663	2688	0.10450262
51663	6136	0.10409207
51663	6595	0.10409206
51663	2572	0.10228613
51663	5277	0.10217866
51665	3082	0.122563586
51665	5421	0.122563556
51665	6739	0.12256355
51665	5286	0.12256354
51665	1683	0.12235607
51665	3192	0.12235596
51665	3287	0.12225451
51665	6609	0.1222545
51665	250	0.12225449
51665	3247	0.12225448
51742	696	0.09876455
51742	2504	0.098764546
51742	61	0.09876454
51742	410	0.09876454
51742	635	0.09876454
51742	1578	0.09876454
51742	5227	0.09876454
51742	1550	0.09876453
51742	1774	0.09876453
51742	240	0.098764524
51803	551	0.14428474
51803	5499	0.14428474
51803	6920	0.14428474
51803	625	0.14428473
51803	1547	0.14428473
51803	1963	0.14428473
51803	5109	0.14428473
51803	6362	0.14428473
51803	6682	0.14428473
51803	6828	0.14428473
51805	1629	0.122752406
51805	4854	0.122752406
51805	320	0.1227524
51805	346	0.1227524
51805	3743	0.1227524
51805	4014	0.1227524
51805	236	0.12275239
51805	5989	0.12275239
51805	159	0.12275238
51805	177	0.12275238
51826	3089	0.12784581
51826	6725	0.12784581
51826	633	0.1278458
51826	2054	0.1278458
51826	2843	0.1278458
51826	2998	0.1278458
51826	3560	0.1278458
51826	4121	0.1278458
51826	6495	0.1278458
51826	389	0.12784578
51992	4751	0.1164539
51992	5629	0.116453886
51992	1302	0.11645387
51992	2326	0.11645387
51992	1174	0.116453856
51992	1835	0.116453856
51992	2888	0.116453856
51992	3525	0.116453856
51992	1185	0.11645385
51992	4181	0.11645385
52002	1440	0.10645239
52002	3697	0.106452376
52002	4202	0.106452376
52002	5613	0.106452376
52002	2090	0.10645237
52002	1087	0.10645236
52002	1439	0.10645236
52002	4468	0.10645236
52002	4757	0.10645236
52002	4982	0.10645236
52011	5796	0.09427801
52011	6695	0.09427799
52011	6693	0.09427797
52011	4099	0.09427794
52011	6070	0.09427793
52011	6696	0.094277926
52011	6346	0.09400506
52011	1031	0.09400505
52011	1034	0.09400505
52011	2008	0.09400505
52044	2224	0.09369478
52044	2230	0.09369478
52044	3582	0.09369478
52044	1576	0.09369477
52044	3892	0.09369477
52044	4246	0.09369477
52044	4790	0.09369477
52044	1176	0.09369476
52044	2407	0.09369476
52044	3313	0.09369476
52141	3327	0.102535024
52141	4154	0.10253501
52141	294	0.102534994
52141	1852	0.102534994
52141	2278	0.102534994
52141	4835	0.102534994
52141	4920	0.102534994
52141	83	0.10253499
52141	4239	0.10253499
52141	6502	0.10253499
52159	3327	0.10929941
52159	4154	0.1092994
52159	294	0.10929939
52159	4835	0.10929939
52159	1852	0.109299384
52159	2278	0.109299384
52159	4920	0.109299384
52159	5046	0.109299384
52159	83	0.10929938
52159	174	0.10929938
52175	1089	0.101637885
52175	1812	0.101637885
52175	4737	0.10163788
52175	5043	0.10163787
52175	5448	0.10163787
52175	560	0.101637855
52175	690	0.101637855
52175	2374	0.101637855
52175	5537	0.101637855
52175	1361	0.10163785
52199	120	0.13173866
52199	4864	0.13173866
52199	5760	0.13173866
52199	6868	0.13173865
52199	2527	0.13173863
52199	2548	0.13173863
52199	2826	0.13173863
52199	3136	0.13173863
52199	4185	0.13173863
52199	4230	0.13173863
52293	6150	0.11360366
52293	4690	0.11360363
52293	201	0.11360362
52293	550	0.11360362
52293	1020	0.11360362
52293	6283	0.11360362
52293	3201	0.113603614
52293	2391	0.11360361
52293	6871	0.11360361
52293	2784	0.11360359
52350	6099	0.10896688
52350	6346	0.10896688
52350	463	0.10896687
52350	1031	0.10896687
52350	1034	0.10896687
52350	2307	0.10896687
52350	2923	0.10896687
52350	6061	0.10896687
52350	2964	0.108966865
52350	4392	0.108966865
52425	5105	0.09838854
52425	3506	0.09838853
52425	4087	0.09838853
52425	282	0.09838852
52425	337	0.09838852
52425	883	0.09838852
52425	5053	0.09838852
52425	6216	0.098388515
52425	6427	0.098388515
52425	52	0.09838851
52472	4884	0.11322397
52472	1531	0.113223955
52472	5146	0.11322394
52472	5648	0.11322393
52472	6464	0.11322393
52472	2551	0.113223925
52472	4650	0.113223925
52472	4799	0.113223925
52472	4979	0.113223925
52472	4329	0.11322392
52521	688	0.110811986
52521	6488	0.110811986
52521	134	0.11081198
52521	1739	0.11081198
52521	1233	0.11081197
52521	2340	0.11081197
52521	3217	0.11081197
52521	1341	0.11081196
52521	2164	0.11081196
52521	2173	0.11081196
52532	6878	0.08922039
52532	996	0.08922038
52532	1617	0.089220375
52532	5973	0.08878769
52532	206	0.088780515
52532	1856	0.088780515
52532	1892	0.088780515
52532	1714	0.08878051
52532	5080	0.0887805
52532	794	0.08878049
52584	4026	0.09691696
52584	971	0.096916944
52584	4029	0.096916944
52584	67	0.09691693
52584	93	0.09691693
52584	1505	0.09691693
52584	1688	0.09691693
52584	2545	0.09691693
52584	3361	0.09691693
52584	6900	0.09691693
52614	5614	0.11660509
52614	1614	0.116605036
52614	3254	0.116398096
52614	4042	0.116398074
52614	5838	0.11639806
52614	4399	0.11639805
52614	6791	0.11639805
52614	547	0.116398014
52614	6095	0.1161543
52614	318	0.11615427
52670	733	0.114138275
52670	2687	0.114138275
52670	3647	0.114138275
52670	4695	0.114138275
52670	4968	0.114138275
52670	5019	0.114138275
52670	6763	0.114138275
52670	944	0.11413827
52670	1618	0.11413827
52670	1668	0.11413827
52853	1844	0.12858197
52853	2421	0.12858197
52853	2911	0.12858197
52853	4627	0.12858196
52853	6167	0.12858194
52853	6737	0.12858194
52853	5634	0.12858191
52853	2287	0.12576443
52853	4446	0.12576441
52853	5804	0.1257644
52887	5992	0.12106615
52887	184	0.121066146
52887	118	0.12106614
52887	540	0.12106614
52887	1506	0.12106614
52887	4605	0.12106614
52887	5079	0.12106614
52887	5817	0.12106614
52887	6814	0.12106613
52887	644	0.12106612
52917	4268	0.11059116
52917	4190	0.11059113
52917	4676	0.11059111
52917	6416	0.1105911
52917	1259	0.10966501
52917	6716	0.10966499
52917	879	0.109664984
52917	4248	0.109664984
52917	5755	0.109664984
52917	6550	0.109664984
52994	1236	0.08963321
52994	2755	0.08963321
52994	4919	0.08963321
52994	6306	0.08963321
52994	1927	0.089633204
52994	5702	0.089633204
52994	715	0.0896332
52994	1394	0.0896332
52994	2725	0.0896332
52994	3229	0.0896332
53042	384	0.09372941
53042	3480	0.09372941
53042	3581	0.09372941
53042	581	0.0937294
53042	732	0.0937294
53042	1436	0.0937294
53042	5156	0.0937294
53042	6388	0.0937294
53042	232	0.09372939
53042	411	0.09372939
53069	3917	0.11145833
53069	2494	0.111458324
53069	3256	0.111458324
53069	3580	0.111458324
53069	6122	0.111458324
53069	2016	0.11145832
53069	2169	0.11145832
53069	2577	0.11145832
53069	3919	0.11145832
53069	4649	0.11145832
53140	1461	0.10084935
53140	3481	0.100849345
53140	6748	0.10084934
53140	4752	0.10084933
53140	6152	0.100849316
53140	6788	0.10084931
53140	200	0.100383565
53140	4194	0.10038355
53140	6475	0.100383535
53140	2782	0.10009916
53174	730	0.11385883
53174	2372	0.113858804
53174	4284	0.1138588
53174	274	0.11377132
53174	434	0.11377132
53174	3318	0.1137713
53174	2050	0.113753006
53174	3177	0.113753
53174	2233	0.11375299
53174	1875	0.11375298
53220	4512	0.09740064
53220	320	0.097400635
53220	346	0.097400635
53220	759	0.097400635
53220	1726	0.097400635
53220	2339	0.097400635
53220	3259	0.097400635
53220	3501	0.097400635
53220	4217	0.097400635
53220	4464	0.097400635
53241	1416	0.114278235
53241	107	0.11427822
53241	1227	0.11416514
53241	1762	0.11416513
53241	1949	0.11416513
53241	4890	0.11416511
53241	5107	0.114165105
53241	502	0.11416508
53241	199	0.11416507
53241	4924	0.11416507
53256	1034	0.13331246
53256	1031	0.13331245
53256	2307	0.13331245
53256	6346	0.13331245
53256	112	0.13331243
53256	354	0.13331243
53256	463	0.13331243
53256	484	0.13331243
53256	1327	0.13331243
53256	1516	0.13331243
53265	824	0.1249094
53265	6086	0.12490937
53265	3835	0.124909356
53265	4654	0.124909356
53265	5430	0.12490935
53265	1335	0.12490933
53265	2287	0.12457399
53265	4446	0.12457395
53265	5804	0.12457395
53265	6895	0.12457393
53278	3765	0.11916338
53278	6331	0.11916337
53278	748	0.119163364
53278	788	0.119163364
53278	2796	0.119163364
53278	2842	0.119163364
53278	2949	0.119163364
53278	4558	0.119163364
53278	4950	0.119163364
53278	1552	0.11916336
53304	79	0.11856974
53304	1624	0.11856973
53304	3059	0.11856973
53304	4175	0.11856973
53304	4273	0.11856973
53304	4342	0.11856973
53304	2728	0.118569724
53304	168	0.11856972
53304	251	0.11856972
53304	450	0.11856972
53365	259	0.10431731
53365	733	0.10431731
53365	1823	0.10431731
53365	3647	0.10431731
53365	6763	0.10431731
53365	1618	0.1043173
53365	2001	0.1043173
53365	4968	0.1043173
53365	5019	0.1043173
53365	5150	0.1043173
53392	1089	0.10102582
53392	1812	0.10102582
53392	5043	0.101025805
53392	5448	0.101025805
53392	4737	0.1010258
53392	5537	0.1010258
53392	71	0.10102579
53392	560	0.10102579
53392	690	0.10102579
53392	988	0.10102579
53408	631	0.10997379
53408	2018	0.10997378
53408	2860	0.10997378
53408	5871	0.10997378
53408	3161	0.10997377
53408	4669	0.10997377
53408	5920	0.10997377
53408	6339	0.10997377
53408	4291	0.109973766
53408	6453	0.109973766
53414	1830	0.11904004
53414	5052	0.11904004
53414	6540	0.11904004
53414	6708	0.11904004
53414	1943	0.11904003
53414	721	0.11904002
53414	3439	0.11904001
53414	4746	0.11904001
53414	669	0.11904
53414	2935	0.11904
53418	1532	0.10271971
53418	5405	0.10271971
53418	3159	0.1027197
53418	6217	0.102719694
53418	6782	0.102719694
53418	3909	0.10271969
53418	1162	0.10271968
53418	4978	0.10271968
53418	5733	0.10271968
53418	439	0.101701476
53456	4617	0.103484325
53456	3955	0.1034843
53456	3427	0.10348429
53456	3803	0.10348429
53456	5106	0.10348429
53456	5601	0.10348428
53456	3342	0.10348427
53456	5705	0.10348427
53456	6395	0.10348427
53456	2236	0.10348426
53520	3327	0.11263877
53520	294	0.112638764
53520	4154	0.11263876
53520	4835	0.11263876
53520	2278	0.11263875
53520	4920	0.11263875
53520	5046	0.11263875
53520	5219	0.11263875
53520	83	0.11263874
53520	174	0.11263874
53575	5461	0.09564983
53575	3895	0.09564981
53575	97	0.0956498
53575	6766	0.0956498
53575	6619	0.095649794
53575	6892	0.095649794
53575	702	0.09564979
53575	1104	0.09564978
53575	6053	0.09564978
53575	6096	0.09564978
53590	3018	0.11901263
53590	4293	0.11901263
53590	5558	0.11901263
53590	2752	0.119012624
53590	6341	0.119012624
53590	2803	0.11901262
53590	628	0.11901261
53590	2669	0.11901261
53590	3916	0.11901261
53590	3978	0.11901261
53605	118	0.10304755
53605	184	0.10304755
53605	5817	0.10304755
53605	4704	0.10304754
53605	6814	0.10304754
53605	540	0.103047535
53605	1506	0.103047535
53605	1667	0.103047535
53605	2978	0.103047535
53605	5079	0.103047535
53614	4026	0.11566211
53614	67	0.1156621
53614	2545	0.1156621
53614	4029	0.1156621
53614	3361	0.11566209
53614	6900	0.11566209
53614	93	0.11566208
53614	1505	0.11566208
53614	1688	0.11566208
53614	1068	0.11566207
53628	3040	0.12209416
53628	992	0.122094154
53628	3098	0.122094154
53628	6570	0.12209415
53628	1130	0.12209414
53628	4073	0.12209414
53628	4872	0.12209414
53628	1645	0.12209413
53628	6195	0.12209411
53628	2061	0.1220941
53663	4228	0.10574769
53663	3353	0.105747685
53663	311	0.10574767
53663	770	0.10574767
53663	1840	0.10574767
53663	2034	0.10574767
53663	2726	0.10574767
53663	3063	0.10574767
53663	3552	0.10574767
53663	4012	0.10574767
53664	5012	0.121551186
53664	6048	0.121551186
53664	3248	0.12155118
53664	1922	0.12155117
53664	4083	0.12155117
53664	3264	0.121551156
53664	1834	0.12155115
53664	5680	0.12155115
53664	5944	0.12155115
53664	3650	0.12155113
53729	2463	0.11408861
53729	6057	0.11408861
53729	1643	0.1140886
53729	4493	0.1140886
53729	430	0.114088595
53729	858	0.114088595
53729	2668	0.114088595
53729	2767	0.114088595
53729	3657	0.114088595
53729	3856	0.114088595
53846	5371	0.10161353
53846	2951	0.10161352
53846	3396	0.10161352
53846	2004	0.10161351
53846	6605	0.10161351
53846	6825	0.10161351
53846	1247	0.1016135
53846	4259	0.1016135
53846	6031	0.1016135
53846	459	0.10161349
54072	3327	0.12372075
54072	4154	0.12372073
54072	4239	0.12372072
54072	4835	0.12372072
54072	4133	0.12372071
54072	5965	0.12372071
54072	83	0.123720706
54072	253	0.123720706
54072	294	0.123720706
54072	1002	0.123720706
54193	6716	0.108039394
54193	1259	0.10803938
54193	157	0.10803937
54193	50	0.108039364
54193	879	0.108039364
54193	1533	0.108039364
54193	2742	0.108039364
54193	4248	0.108039364
54193	6550	0.108039364
54193	182	0.10803936
54206	700	0.12449898
54206	6765	0.12449898
54206	110	0.12449897
54206	2640	0.12449896
54206	6043	0.12449896
54206	1752	0.124498956
54206	5034	0.124498956
54206	1736	0.12449895
54206	2569	0.12449895
54206	3469	0.12449895
54222	3327	0.11689299
54222	294	0.11689298
54222	4154	0.11689298
54222	4835	0.11689298
54222	4920	0.11689298
54222	4239	0.11689297
54222	5046	0.11689297
54222	83	0.11689296
54222	174	0.11689296
54222	1379	0.11689296
54283	696	0.103132814
54283	2504	0.10313281
54283	61	0.1031328
54283	410	0.1031328
54283	1550	0.1031328
54283	1578	0.1031328
54283	635	0.10313279
54283	5250	0.10313279
54283	240	0.103132784
54283	448	0.103132784
54290	3946	0.124247536
54290	714	0.12424753
54290	6012	0.12424752
54290	2322	0.124247506
54290	4189	0.124247506
54290	2821	0.1242475
54290	4665	0.1242475
54290	5025	0.1242475
54290	1903	0.12424749
54290	2518	0.12424749
54335	320	0.1085079
54335	2339	0.1085079
54335	3743	0.1085079
54335	1567	0.108507894
54335	1855	0.108507894
54335	4014	0.108507894
54335	4512	0.108507894
54335	6863	0.108507894
54335	177	0.10850789
54335	180	0.10850789
54374	2911	0.09957193
54374	2421	0.09957192
54374	4627	0.09957191
54374	2384	0.09957188
54374	6167	0.09957188
54374	6737	0.099571876
54374	5634	0.09957187
54374	76	0.099432416
54374	5671	0.099432416
54374	2433	0.09943241
54453	5783	0.0957054
54453	5266	0.09570537
54453	3220	0.09570536
54453	4111	0.09570536
54453	803	0.095705345
54453	3876	0.095705345
54453	6019	0.095705345
54453	751	0.095705315
54453	2254	0.095075384
54453	170	0.09504965
54492	2168	0.10736664
54492	5073	0.10703145
54492	5729	0.10652007
54492	5823	0.106520064
54492	2533	0.10652006
54492	2563	0.10652006
54492	2864	0.106520034
54492	638	0.106520005
54492	2848	0.1061849
54492	5747	0.1061849
54512	4228	0.1194075
54512	2034	0.11940749
54512	3353	0.11940748
54512	4012	0.11940748
54512	4045	0.11940748
54512	4685	0.11940748
54512	24	0.119407475
54512	770	0.119407475
54512	2726	0.119407475
54512	3063	0.119407475
54547	2134	0.10828396
54547	531	0.108283944
54547	545	0.10828394
54547	1307	0.10828394
54547	5422	0.10828394
54547	5887	0.10828394
54547	3303	0.10828393
54547	1720	0.10828392
54547	2877	0.10828392
54547	3051	0.10828392
54578	778	0.10485626
54578	5519	0.10485624
54578	1288	0.10485623
54578	1967	0.10485623
54578	105	0.10485622
54578	466	0.10485622
54578	1633	0.10485622
54578	4971	0.10485622
54578	5546	0.10485622
54578	6802	0.10485622
54605	3300	0.11108565
54605	4235	0.11108565
54605	3407	0.111085646
54605	2905	0.11108564
54605	5834	0.11108563
54605	462	0.11108562
54605	2316	0.11108562
54605	3428	0.11108562
54605	2349	0.11108561
54605	696	0.11105275
54622	778	0.12331294
54622	466	0.12331291
54622	5519	0.12331291
54622	1288	0.123312905
54622	1633	0.123312905
54622	1967	0.123312905
54622	4971	0.123312905
54622	5546	0.123312905
54622	6802	0.123312905
54622	1662	0.1233129
54624	6297	0.09269522
54624	6397	0.09269521
54624	2754	0.092695184
54624	372	0.09190705
54624	4171	0.09157078
54624	4834	0.091128245
54624	164	0.09112823
54624	4467	0.09112823
54624	6046	0.09112823
54624	710	0.091128215
54652	4844	0.117081255
54652	4547	0.11708125
54652	4452	0.11708124
54652	1950	0.117081225
54652	2841	0.117081225
54652	2941	0.117081225
54652	4942	0.117081225
54652	2051	0.11708119
54652	1810	0.116983026
54652	4993	0.116983026
54817	1678	0.13223733
54817	562	0.13223732
54817	2768	0.13223732
54817	682	0.1322373
54817	5741	0.1322373
54817	4312	0.13223729
54817	5850	0.13223729
54817	6071	0.13223729
54817	1644	0.13223727
54817	2477	0.13223727
54884	1444	0.11321246
54884	5505	0.11321244
54884	6316	0.11321244
54884	5916	0.11321243
54884	6785	0.11321243
54884	1338	0.113212414
54884	4874	0.11321241
54884	5387	0.11321241
54884	4026	0.1125637
54884	67	0.112563685
54898	4840	0.10568316
54898	338	0.10568315
54898	5517	0.10568315
54898	5867	0.10568315
54898	6385	0.10568314
54898	334	0.10568313
54898	1286	0.10568313
54898	3445	0.10568313
54898	6402	0.10568313
54898	2493	0.105683126
54911	1701	0.10052935
54911	5311	0.10052935
54911	904	0.100529335
54911	4380	0.100529335
54911	5649	0.100529335
54911	6028	0.10052933
54911	1127	0.10052931
54911	1364	0.10052931
54911	2052	0.10052931
54911	3464	0.10052931
54968	6540	0.112959996
54968	1830	0.11295998
54968	5052	0.11295998
54968	6708	0.11295998
54968	721	0.112959966
54968	1943	0.11295996
54968	2935	0.11295995
54968	5995	0.11295995
54968	3439	0.112959936
54968	3533	0.11295993
55006	4026	0.096655615
55006	971	0.0966556
55006	2545	0.0966556
55006	4029	0.0966556
55006	67	0.09665559
55006	93	0.09665559
55006	1068	0.09665559
55006	1505	0.09665559
55006	1688	0.09665559
55006	3361	0.09665559
55027	1829	0.09656635
55027	3099	0.09656635
55027	3279	0.09656635
55027	5113	0.09656635
55027	5189	0.09656635
55027	6914	0.09656634
55027	4018	0.096566334
55027	2839	0.096566305
55027	6584	0.096566305
55027	688	0.0959055
55065	320	0.10578271
55065	1855	0.10578271
55065	159	0.1057827
55065	346	0.1057827
55065	1090	0.1057827
55065	1567	0.1057827
55065	2339	0.1057827
55065	3501	0.1057827
55065	3743	0.1057827
55065	4014	0.1057827
55075	2651	0.14733592
55075	4267	0.14733592
55075	6858	0.14733592
55075	3424	0.14733587
55075	4999	0.14733587
55075	6839	0.14733587
55075	4106	0.14733584
55075	5398	0.14733584
55075	920	0.14626813
55075	2901	0.14626811
55097	1960	0.11086691
55097	3627	0.110866904
55097	4417	0.110866904
55097	5008	0.110866904
55097	5205	0.11086688
55097	6228	0.110866874
55097	982	0.10904595
55097	6250	0.10904594
55097	1045	0.10904593
55097	260	0.10904592
55142	2092	0.11170496
55142	4508	0.11170496
55142	4949	0.11170495
55142	5185	0.11170495
55142	819	0.111704946
55142	3699	0.111704946
55142	3038	0.11170493
55142	3309	0.11170493
55142	6318	0.11170493
55142	2961	0.11170492
55178	110	0.12959474
55178	6043	0.12959473
55178	6765	0.12959473
55178	700	0.12959471
55178	1330	0.12959471
55178	1752	0.12959471
55178	2179	0.12959471
55178	2569	0.12959471
55178	2640	0.12959471
55178	3793	0.12959471
55187	1812	0.124806024
55187	5043	0.12480602
55187	5448	0.12480602
55187	1089	0.124806
55187	4737	0.124806
55187	5485	0.124806
55187	5537	0.124806
55187	1596	0.124805994
55187	306	0.12480599
55187	690	0.12480599
55270	346	0.10933649
55270	1629	0.10933649
55270	2339	0.10933649
55270	320	0.10933648
55270	1315	0.10933648
55270	1658	0.10933648
55270	2338	0.10933648
55270	3743	0.10933648
55270	4014	0.10933648
55270	4854	0.10933648
55272	631	0.11080561
55272	2860	0.1108056
55272	2018	0.11080559
55272	6339	0.11080559
55272	3161	0.110805586
55272	4291	0.110805586
55272	4669	0.110805586
55272	5871	0.110805586
55272	5920	0.110805586
55272	6282	0.110805586
55398	2214	0.105012804
55398	3039	0.105012804
55398	5163	0.105012804
55398	6680	0.105012804
55398	485	0.1050128
55398	2292	0.1050128
55398	6786	0.1050128
55398	75	0.10501279
55398	474	0.10501279
55398	1400	0.10501279
55438	2214	0.10302013
55438	2292	0.10302013
55438	3039	0.10302013
55438	6680	0.103020124
55438	485	0.10302012
55438	2215	0.10302012
55438	5163	0.10302012
55438	5882	0.10302012
55438	6786	0.10302012
55438	474	0.10302011
55441	184	0.11113379
55441	1506	0.111133784
55441	5817	0.111133784
55441	5992	0.111133784
55441	118	0.11113378
55441	1667	0.11113378
55441	4704	0.11113378
55441	6814	0.11113378
55441	540	0.11113377
55441	2978	0.11113377
55487	3327	0.115887046
55487	4154	0.11588704
55487	2278	0.11588702
55487	4835	0.11588702
55487	257	0.115887016
55487	294	0.115887016
55487	1852	0.115887016
55487	4239	0.115887016
55487	4920	0.115887016
55487	5046	0.115887016
55492	959	0.12141949
55492	4180	0.12141946
55492	6463	0.12141946
55492	646	0.12141945
55492	4870	0.121419445
55492	3396	0.12104919
55492	2951	0.12104917
55492	5371	0.121049166
55492	6605	0.121049166
55492	459	0.12104916
55493	778	0.10855965
55493	4971	0.10855964
55493	6802	0.10855964
55493	1288	0.10855963
55493	5519	0.10855963
55493	105	0.10855962
55493	466	0.10855962
55493	1633	0.10855962
55493	1662	0.10855962
55493	1967	0.10855962
55548	463	0.13641164
55548	1031	0.13641164
55548	1034	0.13641164
55548	6346	0.13641164
55548	2008	0.13641162
55548	2307	0.13641162
55548	6061	0.13641162
55548	483	0.1364116
55548	484	0.1364116
55548	1787	0.1364116
55559	2249	0.10921505
55559	5660	0.109215036
55559	5668	0.109215036
55559	360	0.10921503
55559	706	0.10921503
55559	5952	0.10921503
55559	5455	0.109215006
55559	2934	0.109168544
55559	976	0.10916854
55559	896	0.10916853
55562	4331	0.11918293
55562	4274	0.11834649
55562	1810	0.117703475
55562	1665	0.11770347
55562	3055	0.11770347
55562	5504	0.11770347
55562	6348	0.11770347
55562	2331	0.11770346
55562	4993	0.11770346
55562	2679	0.11770345
55607	6488	0.11698913
55607	688	0.11698912
55607	2423	0.11698911
55607	134	0.116989106
55607	1233	0.116989106
55607	1341	0.116989106
55607	1739	0.116989106
55607	2173	0.116989106
55607	2340	0.116989106
55607	3217	0.116989106
55631	6307	0.13255993
55631	3341	0.13255991
55631	62	0.1325599
55631	950	0.1325599
55631	1355	0.1325599
55631	1902	0.1325599
55631	2238	0.1325599
55631	2415	0.1325599
55631	2492	0.1325599
55631	3310	0.1325599
55655	184	0.09489086
55655	118	0.09489085
55655	5817	0.09489085
55655	5992	0.09489085
55655	1506	0.09489084
55655	540	0.09489083
55655	1667	0.09489083
55655	2978	0.09489083
55655	4605	0.09489083
55655	4704	0.09489083
55734	3184	0.108222105
55734	4114	0.1082221
55734	380	0.10822209
55734	1063	0.10822208
55734	1589	0.10822208
55734	4812	0.10822208
55734	4946	0.10822208
55734	5556	0.10822208
55734	1469	0.10822207
55734	1883	0.10822207
55751	4175	0.12982844
55751	4273	0.12982844
55751	5122	0.12982844
55751	79	0.12982842
55751	251	0.12982842
55751	1624	0.12982842
55751	3059	0.12982842
55751	4525	0.12982842
55751	6532	0.12982842
55751	6608	0.12982842
55779	688	0.099638656
55779	3217	0.09963865
55779	1739	0.09963864
55779	1924	0.09963864
55779	6488	0.09963864
55779	134	0.099638626
55779	1233	0.099638626
55779	1341	0.099638626
55779	1620	0.099638626
55779	2032	0.099638626
55787	2652	0.117418036
55787	87	0.11741803
55787	4258	0.11741801
55787	5620	0.11741801
55787	310	0.117418
55787	1200	0.11741799
55787	5144	0.11741799
55787	1438	0.11741798
55787	6264	0.11741798
55787	4294	0.117417976
55789	4840	0.09917724
55789	338	0.099177234
55789	5517	0.09917723
55789	5867	0.09917723
55789	334	0.09917721
55789	2493	0.09917721
55789	3445	0.09917721
55789	6385	0.09917721
55789	6402	0.09917721
55789	3175	0.099177204
55799	2064	0.10440557
55799	3336	0.10440557
55799	5793	0.10440557
55799	4305	0.104405545
55799	258	0.10440554
55799	1782	0.10440554
55799	1821	0.10440554
55799	1854	0.10440554
55799	317	0.10440553
55799	2710	0.10440552
55826	696	0.10326075
55826	410	0.10326074
55826	2504	0.10326074
55826	61	0.10326073
55826	635	0.103260726
55826	1550	0.103260726
55826	1578	0.103260726
55826	240	0.10326072
55826	448	0.10326072
55826	964	0.10326072
55858	1743	0.12351982
55858	2696	0.12351982
55858	298	0.123519816
55858	4334	0.123519816
55858	264	0.12351981
55858	422	0.12351981
55858	504	0.12351981
55858	798	0.12351981
55858	892	0.12351981
55858	2084	0.12351981
55892	4023	0.15414657
55892	961	0.15414655
55892	2323	0.15414655
55892	2328	0.15414654
55892	2390	0.15414654
55892	3087	0.15414654
55892	2987	0.15414652
55892	4261	0.15414652
55892	1696	0.15414649
55892	3055	0.15391508
55927	110	0.13766217
55927	6043	0.13766217
55927	6765	0.13766217
55927	700	0.13766216
55927	2640	0.13766216
55927	1144	0.13766214
55927	1330	0.13766214
55927	1360	0.13766214
55927	1736	0.13766214
55927	1752	0.13766214
55961	2249	0.09598931
55961	5455	0.09598931
55961	5660	0.09598931
55961	706	0.0959893
55961	5668	0.0959893
55961	360	0.09598929
55961	5952	0.09598929
55961	2934	0.09573604
55961	896	0.095736034
55961	976	0.095736034
56157	95	0.089349926
56157	5695	0.08934991
56157	5133	0.089221306
56157	5326	0.08872044
56157	456	0.08859187
56157	1401	0.088591844
56157	4573	0.088591844
56157	1102	0.08859183
56157	3456	0.08859183
56157	4739	0.088591814
56246	3018	0.113667764
56246	6341	0.113667764
56246	2752	0.11366776
56246	2803	0.11366776
56246	3916	0.11366776
56246	4293	0.11366776
56246	4403	0.11366776
56246	5558	0.11366776
56246	628	0.11366775
56246	3978	0.11366775
56272	456	0.096409455
56272	1401	0.09640944
56272	4573	0.09640944
56272	1102	0.096409425
56272	3456	0.09640941
56272	3644	0.096409395
56272	4017	0.096409395
56272	4739	0.096409395
56272	503	0.096094534
56272	1346	0.096094534
56307	320	0.11560358
56307	4014	0.11560358
56307	3743	0.11560357
56307	6863	0.11560357
56307	236	0.115603566
56307	346	0.115603566
56307	755	0.115603566
56307	1315	0.115603566
56307	1567	0.115603566
56307	1629	0.115603566
56315	3743	0.11343445
56315	4014	0.11343445
56315	320	0.113434434
56315	346	0.113434434
56315	1629	0.113434434
56315	1855	0.113434434
56315	3350	0.113434434
56315	3501	0.113434434
56315	4217	0.113434434
56315	6863	0.113434434
56369	3743	0.10281984
56369	4014	0.10281984
56369	320	0.10281983
56369	346	0.10281983
56369	1567	0.10281983
56369	2339	0.10281983
56369	755	0.10281982
56369	1629	0.10281982
56369	1726	0.10281982
56369	1855	0.10281982
56391	2886	0.1137251
56391	2317	0.113725096
56391	619	0.11372509
56391	3306	0.11372508
56391	2917	0.11362338
56391	614	0.113623366
56391	1352	0.113623366
56391	192	0.11362335
56391	2799	0.11362335
56391	285	0.11362334
56554	1616	0.122502655
56554	1541	0.12250265
56554	672	0.12250264
56554	1398	0.12250264
56554	1816	0.12250264
56554	2356	0.12250264
56554	3559	0.12250264
56554	4610	0.12250264
56554	5469	0.12250264
56554	1738	0.12250263
56623	3457	0.10948759
56623	5918	0.109487586
56623	341	0.10948758
56623	2776	0.10948758
56623	5618	0.10948758
56623	6184	0.10948758
56623	831	0.10948756
56623	3897	0.10948753
56623	3376	0.109487526
56623	133	0.10922882
56625	3743	0.108552136
56625	346	0.10855213
56625	1855	0.10855213
56625	3501	0.10855213
56625	4014	0.10855213
56625	6863	0.10855213
56625	177	0.10855212
56625	320	0.10855212
56625	755	0.10855212
56625	1567	0.10855212
56654	2207	0.09462422
56654	607	0.094624214
56654	6685	0.094624214
56654	801	0.09462421
56654	2143	0.09462421
56654	188	0.0946242
56654	1639	0.0946242
56654	2653	0.0946242
56654	3394	0.0946242
56654	913	0.09462419
56661	3336	0.08396122
56661	5793	0.08396121
56661	2064	0.0839612
56661	4305	0.083961196
56661	1782	0.08396119
56661	1821	0.08396119
56661	258	0.08396118
56661	317	0.083961174
56661	1854	0.083961174
56661	2710	0.083961174
56663	546	0.11936645
56663	648	0.11936645
56663	733	0.11936645
56663	1388	0.11936645
56663	1668	0.11936645
56663	2687	0.11936645
56663	3647	0.11936645
56663	4695	0.11936645
56663	4907	0.11936645
56663	5150	0.11936645
56804	696	0.12164135
56804	2504	0.12164135
56804	61	0.12164134
56804	410	0.12164134
56804	1578	0.12164133
56804	240	0.12164132
56804	635	0.12164132
56804	1550	0.12164132
56804	4791	0.12164132
56804	5227	0.12164132
56856	503	0.104552805
56856	1346	0.104552805
56856	2955	0.104552805
56856	4300	0.104552805
56856	5434	0.1045528
56856	339	0.10455278
56856	991	0.10455277
56856	703	0.10455276
56856	5618	0.10306728
56856	6184	0.10306728
56905	3982	0.12320973
56905	5481	0.12320973
56905	1010	0.1232097
56905	3392	0.1232097
56905	6027	0.1232097
56905	6896	0.1232097
56905	2109	0.12320969
56905	2263	0.12320969
56905	2300	0.123209685
56905	2642	0.123209685
56917	4898	0.10848473
56917	6212	0.10848472
56917	6535	0.10848472
56917	990	0.108484715
56917	1802	0.108484715
56917	4557	0.108484715
56917	96	0.10848471
56917	572	0.10848471
56917	785	0.10848471
56917	839	0.10848471
56985	1477	0.101379424
56985	2476	0.10137941
56985	6588	0.10137941
56985	4074	0.101379395
56985	5959	0.101379395
56985	6377	0.101379395
56985	1480	0.10137939
56985	3040	0.10134005
56985	992	0.10134004
56985	3098	0.10134004
57095	5795	0.12938915
57095	5864	0.12938915
57095	176	0.12938914
57095	675	0.12938912
57095	6740	0.12938912
57095	440	0.1293891
57095	1380	0.1293891
57095	2335	0.1293891
57095	2516	0.1293891
57095	2692	0.1293891
57105	6716	0.10380464
57105	1259	0.10380463
57105	157	0.10380462
57105	182	0.10380462
57105	879	0.10380462
57105	1533	0.10380462
57105	2919	0.10380462
57105	4248	0.10380462
57105	5755	0.10380462
57105	6550	0.10380462
57108	1731	0.11946672
57108	2983	0.11946671
57108	744	0.1194667
57108	2997	0.1194667
57108	3234	0.1194667
57108	193	0.11946669
57108	1207	0.11946669
57108	1627	0.11946669
57108	1709	0.11946669
57108	1805	0.11946669
57124	778	0.08796196
57124	1288	0.08796194
57124	5519	0.08796194
57124	1633	0.087961935
57124	466	0.08796193
57124	1662	0.08796193
57124	1967	0.08796193
57124	3669	0.08796193
57124	4819	0.08796193
57124	4971	0.08796193
57200	1075	0.10795684
57200	2645	0.10795681
57200	5213	0.10795681
57200	6747	0.10795681
57200	4604	0.107956804
57200	1652	0.1079568
57200	2104	0.10795678
57200	6000	0.10795678
57200	778	0.107592285
57200	1288	0.10759225
57234	696	0.11774801
57234	2504	0.11774801
57234	410	0.117748
57234	61	0.11774799
57234	635	0.11774799
57234	1550	0.11774799
57234	1578	0.11774799
57234	5227	0.11774799
57234	240	0.11774798
57234	448	0.11774798
57255	4904	0.12668107
57255	6778	0.12668107
57255	3404	0.12668106
57255	6337	0.12668106
57255	4088	0.12668104
57255	1621	0.12668103
57255	1826	0.12668103
57255	1827	0.12668103
57255	2020	0.12668103
57255	3081	0.12668103
57267	4751	0.122609906
57267	2326	0.1226099
57267	1302	0.12260988
57267	5140	0.12260988
57267	3525	0.122609876
57267	789	0.12260987
57267	1835	0.12260987
57267	2888	0.12260987
57267	1174	0.12260986
57267	2252	0.122609854
57269	2230	0.12206429
57269	2224	0.122064285
57269	2407	0.12206428
57269	3892	0.12206428
57269	4183	0.12206428
57269	3313	0.12206427
57269	1176	0.12206426
57269	1576	0.12206426
57269	3505	0.12206426
57269	3582	0.12206426
57302	133	0.09645043
57302	2014	0.096450426
57302	622	0.09645041
57302	473	0.0964504
57302	660	0.0964504
57302	668	0.0964504
57302	3048	0.0964504
57302	6383	0.0964504
57302	1044	0.096450396
57302	1751	0.096450396
57369	3681	0.09746593
57369	6315	0.097465925
57369	6074	0.09746592
57369	6300	0.09746592
57369	3238	0.0974659
57369	5	0.09746589
57369	1692	0.09746589
57369	2148	0.09746589
57369	2544	0.09746589
57369	4051	0.09746589
57398	982	0.12387058
57398	6250	0.123870544
57398	4370	0.12387054
57398	4673	0.12387054
57398	5191	0.12387054
57398	1853	0.12387053
57398	260	0.12387052
57398	2301	0.12387052
57398	5836	0.12387052
57398	608	0.123870514
57449	631	0.12350394
57449	2860	0.12350394
57449	3161	0.12350394
57449	5871	0.12350394
57449	4291	0.12350393
57449	6339	0.12350393
57449	598	0.12350392
57449	1703	0.12350392
57449	4669	0.12350392
57449	5920	0.12350392
57599	696	0.1079145
57599	61	0.10791449
57599	1550	0.10791449
57599	2504	0.10791449
57599	410	0.107914485
57599	1578	0.107914485
57599	635	0.10791448
57599	4187	0.10791448
57599	4188	0.10791448
57599	5227	0.10791448
57620	2926	0.104792014
57620	2794	0.10479201
57620	4910	0.104036964
57620	3670	0.10209373
57620	2207	0.10136141
57620	6685	0.10136141
57620	607	0.1013614
57620	801	0.101361394
57620	1062	0.101361394
57620	1639	0.101361394
57632	6698	0.11679283
57632	269	0.11679282
57632	249	0.11679281
57632	797	0.11679281
57632	1794	0.11679281
57632	2709	0.11679281
57632	3965	0.11679281
57632	6356	0.11679281
57632	3589	0.116792805
57632	4172	0.116792805
57713	6648	0.106918365
57713	2532	0.10691835
57713	2533	0.10680274
57713	3088	0.10680273
57713	5823	0.106802724
57713	2563	0.10680272
57713	5729	0.10680271
57713	2863	0.1068027
57713	2864	0.1068027
57713	638	0.10680266
57725	6716	0.1096707
57725	157	0.10967068
57725	1259	0.10967068
57725	50	0.10967067
57725	182	0.10967067
57725	879	0.10967067
57725	1533	0.10967067
57725	5755	0.10967067
57725	6550	0.10967067
57725	1249	0.10967066
57833	3743	0.10805335
57833	6863	0.10805335
57833	320	0.10805334
57833	346	0.10805334
57833	402	0.10805334
57833	755	0.10805334
57833	1106	0.10805334
57833	1567	0.10805334
57833	1629	0.10805334
57833	1726	0.10805334
57920	1812	0.098534375
57920	5448	0.09853437
57920	1089	0.09853436
57920	5043	0.09853436
57920	4737	0.09853435
57920	5485	0.09853435
57920	5537	0.09853435
57920	71	0.098534346
57920	560	0.098534346
57920	690	0.098534346
57935	5947	0.09670279
57935	6822	0.09670277
57935	1331	0.09670274
57935	5290	0.09670274
57935	1981	0.09670272
57935	2556	0.09601319
57935	898	0.09601317
57935	4514	0.09601317
57935	5721	0.09601317
57935	1271	0.096013166
57959	45	0.114192545
57959	782	0.114192545
57959	1962	0.114192545
57959	2703	0.114192545
57959	2807	0.114192545
57959	4561	0.114192545
57959	5272	0.114192545
57959	5940	0.114192545
57959	4471	0.11419254
57959	6189	0.11419254
57960	479	0.10406305
57960	1118	0.10406304
57960	5130	0.103899784
57960	115	0.10389974
57960	230	0.10389973
57960	286	0.10389973
57960	3586	0.10389973
57960	1117	0.103899725
57960	356	0.10389972
57960	1333	0.10389971
57976	1551	0.11009401
57976	3635	0.11009401
57976	5686	0.11009401
57976	995	0.110094
57976	3312	0.110093996
57976	5603	0.110093996
57976	5840	0.110093996
57976	6823	0.110093996
57976	507	0.110093966
57976	5023	0.110093966
58062	1357	0.09050068
58062	1759	0.09050068
58062	707	0.09050067
58062	5271	0.09050067
58062	1101	0.09050065
58062	3752	0.09050065
58062	3780	0.0899035
58062	800	0.08990349
58062	3942	0.08990348
58062	1908	0.089903474
58142	358	0.11004664
58142	871	0.110046625
58142	3662	0.11004662
58142	2508	0.11004661
58142	2675	0.1100466
58142	6515	0.1100466
58142	1797	0.11004659
58142	2107	0.10939276
58142	3564	0.10939275
58142	1602	0.10939272
58151	1823	0.113094896
58151	6763	0.113094896
58151	3647	0.11309489
58151	259	0.11309488
58151	733	0.11309488
58151	1387	0.11309488
58151	1618	0.11309488
58151	1668	0.11309488
58151	1833	0.11309488
58151	2001	0.11309488
58224	3327	0.11544965
58224	4154	0.11544964
58224	2278	0.11544962
58224	4835	0.11544962
58224	5046	0.11544962
58224	83	0.115449615
58224	294	0.115449615
58224	1728	0.115449615
58224	4133	0.115449615
58224	4920	0.115449615
58255	3292	0.11883854
58255	5711	0.11883854
58255	5907	0.118838534
58255	4928	0.11883853
58255	767	0.11883852
58255	2424	0.11883852
58255	5017	0.11883852
58255	6317	0.11883852
58255	4923	0.118838504
58255	3850	0.1188385
58342	3882	0.11270778
58342	381	0.11270777
58342	444	0.11270777
58342	6335	0.112707764
58342	2788	0.11270775
58342	4346	0.11270775
58342	6590	0.11270775
58342	6856	0.11270775
58342	1182	0.11270774
58342	3015	0.11270774
58351	3326	0.10152814
58351	3405	0.10152812
58351	6079	0.10152812
58351	1088	0.10152811
58351	6104	0.1015281
58351	3176	0.10137842
58351	279	0.10137841
58351	1851	0.10137841
58351	432	0.101378396
58351	1769	0.101378396
58389	434	0.08482422
58389	274	0.084824204
58389	3318	0.084824204
58389	1377	0.0847632
58389	6548	0.08436705
58389	2867	0.08379693
58389	2513	0.0837969
58389	4501	0.0837969
58389	5254	0.083796896
58389	1597	0.083787024
58458	5360	0.115077525
58458	5698	0.115077525
58458	3870	0.1150775
58458	2296	0.115077496
58458	3802	0.115077496
58458	6102	0.115077496
58458	6145	0.115077496
58458	591	0.11507748
58458	2297	0.11507748
58458	6310	0.11507748
58497	1823	0.10340856
58497	6763	0.10340856
58497	3647	0.10340855
58497	4968	0.10340855
58497	259	0.103408545
58497	733	0.103408545
58497	944	0.103408545
58497	1618	0.103408545
58497	1668	0.103408545
58497	1670	0.103408545
58529	1606	0.101328656
58529	280	0.10132863
58529	4915	0.10074659
58529	5007	0.10074659
58529	888	0.10074658
58529	4500	0.100746565
58529	129	0.10074656
58529	1021	0.10074656
58529	1112	0.10074656
58529	6665	0.10074656
58594	2755	0.08864942
58594	4919	0.088649414
58594	6306	0.088649414
58594	715	0.08864941
58594	1268	0.08864941
58594	2725	0.08864941
58594	5702	0.08864941
58594	6447	0.08864941
58594	1236	0.0886494
58594	1927	0.0886494
58612	2687	0.13088281
58612	4907	0.13088281
58612	259	0.1308828
58612	326	0.1308828
58612	546	0.1308828
58612	648	0.1308828
58612	733	0.1308828
58612	944	0.1308828
58612	1387	0.1308828
58612	1388	0.1308828
58708	5172	0.1197837
58708	5265	0.1197837
58708	5679	0.1197837
58708	519	0.11978368
58708	2418	0.119783655
58708	4633	0.119783655
58708	970	0.11978364
58708	3016	0.11978364
58708	6651	0.11978364
58708	528	0.11960255
58768	5256	0.1118605
58768	4583	0.11110234
58768	4918	0.10869025
58768	2110	0.10869022
58768	6666	0.1086902
58768	4320	0.108679414
58768	4393	0.10836935
58768	2694	0.108369336
58768	1072	0.10793207
58768	4020	0.10793206
58792	1892	0.10804991
58792	206	0.10804989
58792	1856	0.108049884
58792	794	0.10804987
58792	1714	0.10804987
58792	5080	0.10804987
58792	1261	0.10804986
58792	1376	0.10804986
58792	4905	0.108049855
58792	3775	0.10804985
58877	3184	0.10817238
58877	1589	0.10817236
58877	4114	0.10817236
58877	4538	0.10817236
58877	4812	0.10817235
58877	6151	0.10817235
58877	380	0.10817234
58877	1063	0.10817234
58877	1493	0.10817234
58877	1882	0.10817234
58911	3768	0.095037885
58911	4158	0.095037885
58911	575	0.09503788
58911	1454	0.09503787
58911	4208	0.09503786
58911	498	0.09503785
58911	3958	0.09503785
58911	4161	0.094501205
58911	4688	0.09450118
58911	2237	0.094501175
58961	1485	0.12954743
58961	850	0.12954742
58961	878	0.1295474
58961	355	0.12954739
58961	817	0.12954739
58961	2059	0.12954739
58961	3989	0.12954739
58961	4386	0.12954739
58961	5873	0.12954739
58961	6224	0.12954737
58964	1626	0.105041295
58964	243	0.105041265
58964	3468	0.105041265
58964	3738	0.105041265
58964	6611	0.105041265
58964	6678	0.105041265
58964	127	0.10504126
58964	416	0.10504126
58964	5525	0.10504126
58964	1568	0.10504125
59038	2214	0.09775674
59038	2292	0.09775674
59038	3039	0.09775674
59038	5163	0.09775674
59038	6680	0.09775674
59038	6786	0.09775674
59038	485	0.097756736
59038	75	0.09775673
59038	474	0.09775673
59038	1264	0.09775673
59059	1034	0.08827712
59059	6346	0.08827712
59059	463	0.08827711
59059	273	0.0882771
59059	484	0.0882771
59059	1031	0.0882771
59059	2008	0.0882771
59059	2150	0.0882771
59059	2307	0.0882771
59059	2923	0.0882771
59150	930	0.09078568
59150	1392	0.09078568
59150	3530	0.09055095
59150	1961	0.09055093
59150	213	0.09043545
59150	905	0.09043545
59150	649	0.090435445
59150	731	0.090435445
59150	1251	0.090435445
59150	5489	0.090435445
59172	3327	0.14151905
59172	4154	0.14151905
59172	174	0.14151904
59172	294	0.14151904
59172	1524	0.14151904
59172	1852	0.14151904
59172	2278	0.14151904
59172	4239	0.14151904
59172	4835	0.14151904
59172	4920	0.14151904
59180	5881	0.10285562
59180	2860	0.10254664
59180	3161	0.102546625
59180	598	0.10254662
59180	631	0.10254662
59180	2018	0.10254662
59180	2643	0.10254662
59180	4669	0.10254662
59180	5871	0.10254662
59180	5920	0.10254662
59189	6488	0.11955988
59189	688	0.11955987
59189	134	0.119559854
59189	1233	0.119559854
59189	1739	0.119559854
59189	2340	0.119559854
59189	2423	0.119559854
59189	2164	0.11955985
59189	3217	0.11955985
59189	1620	0.11955984
59206	920	0.1224484
59206	4711	0.1224484
59206	2901	0.122448385
59206	4705	0.12244837
59206	6457	0.12244837
59206	6526	0.12244837
59206	3373	0.122448355
59206	4327	0.122448355
59206	5024	0.122448355
59206	643	0.12244834
59209	6716	0.11223339
59209	1259	0.11223338
59209	157	0.11223337
59209	182	0.11223337
59209	6550	0.11223337
59209	50	0.11223336
59209	879	0.11223336
59209	1533	0.11223336
59209	4248	0.11223336
59209	5755	0.11223336
59267	2269	0.10646827
59267	539	0.10646826
59267	1579	0.10646826
59267	3286	0.10646826
59267	2354	0.106468245
59267	2465	0.106468245
59267	2880	0.106468245
59267	2920	0.106468245
59267	4433	0.106468245
59267	5242	0.106468245
59269	6430	0.104601845
59269	3271	0.1046018
59269	780	0.10460177
59269	5020	0.10460177
59269	6731	0.10460177
59269	5716	0.10460176
59269	2214	0.10405052
59269	2292	0.1040505
59269	3039	0.1040505
59269	6680	0.1040505
59305	1023	0.11213672
59305	4221	0.11213669
59305	994	0.11213666
59305	3234	0.11150576
59305	1731	0.111505754
59305	193	0.11150575
59305	658	0.11150575
59305	1207	0.11150575
59305	1709	0.11150575
59305	1805	0.11150575
59390	320	0.111235395
59390	346	0.111235395
59390	3743	0.111235395
59390	4014	0.111235395
59390	1567	0.11123539
59390	1629	0.11123539
59390	1855	0.11123539
59390	2339	0.11123539
59390	4217	0.11123539
59390	4512	0.11123539
59499	1731	0.12071028
59499	3234	0.12071028
59499	193	0.12071027
59499	658	0.12071027
59499	1709	0.12071027
59499	2983	0.12071027
59499	2997	0.12071027
59499	3613	0.12071027
59499	4197	0.12071027
59499	744	0.12071026
59504	3040	0.124273844
59504	3098	0.12427384
59504	992	0.12427383
59504	1130	0.12427382
59504	1645	0.12427382
59504	6570	0.12427382
59504	4073	0.124273814
59504	4872	0.124273814
59504	131	0.124273784
59504	2061	0.12427378
59554	2007	0.0996936
59554	5650	0.0996936
59554	2844	0.09969358
59554	5433	0.09969358
59554	3618	0.099693574
59554	4319	0.099693574
59554	778	0.099444255
59554	1633	0.099444225
59554	1967	0.099444225
59554	5519	0.099444225
59612	696	0.10468681
59612	2504	0.104686804
59612	1550	0.1046868
59612	1578	0.1046868
59612	61	0.10468679
59612	410	0.10468678
59612	448	0.10468678
59612	635	0.10468678
59612	964	0.10468678
59612	2175	0.10468678
59656	1405	0.12360338
59656	3385	0.12360335
59656	974	0.12360334
59656	5864	0.122335464
59656	5795	0.12233546
59656	176	0.12233545
59656	6740	0.12233544
59656	440	0.122335434
59656	675	0.122335434
59656	2516	0.122335434
59727	2857	0.10596575
59727	955	0.10596573
59727	2576	0.10596573
59727	3196	0.10596573
59727	305	0.10596572
59727	4608	0.10596572
59727	6755	0.10596572
59727	6811	0.10596572
59727	2364	0.105965704
59727	5108	0.105965704
59770	346	0.11564906
59770	4854	0.11564906
59770	1629	0.11564905
59770	2339	0.11564905
59770	177	0.115649045
59770	236	0.115649045
59770	320	0.115649045
59770	516	0.115649045
59770	1090	0.115649045
59770	1442	0.115649045
59820	5130	0.11435765
59820	115	0.1143576
59820	230	0.11435759
59820	286	0.11435759
59820	3586	0.11435758
59820	356	0.11435757
59820	1333	0.11435757
59820	2890	0.11435755
59820	479	0.11433439
59820	574	0.11410016
59895	2782	0.11179178
59895	1541	0.111791775
59895	3559	0.11179177
59895	1398	0.11179176
59895	1616	0.11179176
59895	2176	0.11179176
59895	2356	0.11179176
59895	5469	0.11179176
59895	1816	0.11179175
59895	2889	0.11179175
59912	2437	0.109612234
59912	6288	0.109612234
59912	1931	0.10961223
59912	5969	0.10961223
59912	6350	0.10961223
59912	374	0.10961222
59912	2564	0.10961221
59912	4764	0.10961221
59912	6539	0.10961221
59912	116	0.109612204
59933	3039	0.10040839
59933	6680	0.10040839
59933	2214	0.10040838
59933	5163	0.10040838
59933	6786	0.10040838
59933	75	0.100408375
59933	485	0.100408375
59933	1400	0.100408375
59933	2215	0.100408375
59933	2292	0.100408375
59971	72	0.10671397
59971	523	0.10671397
59971	6237	0.10671396
59971	812	0.10671395
59971	1282	0.10671395
59971	1426	0.10671395
59971	2509	0.10671395
59971	3727	0.10671395
59971	4620	0.10671395
59971	5856	0.10671395
60029	2207	0.10632854
60029	188	0.10632852
60029	913	0.10632852
60029	1062	0.10632852
60029	1639	0.10632852
60029	3193	0.10632852
60029	5692	0.10632852
60029	5975	0.10632852
60029	6549	0.10632852
60029	6685	0.10632852
60040	3327	0.115504056
60040	294	0.115504034
60040	3132	0.11550403
60040	4154	0.11550403
60040	4835	0.11550403
60040	4920	0.11550403
60040	83	0.11550402
60040	5046	0.11550402
60040	5219	0.11550402
60040	174	0.11550401
60050	730	0.08762957
60050	2372	0.08762956
60050	4284	0.08762956
60050	2050	0.087497175
60050	3177	0.087497175
60050	1875	0.08749716
60050	2233	0.08749715
60050	4857	0.087126374
60050	5136	0.087126374
60050	408	0.08712636
60079	4228	0.12061707
60079	3353	0.120617054
60079	1840	0.12061705
60079	3063	0.12061705
60079	3552	0.12061705
60079	4012	0.12061705
60079	4685	0.12061705
60079	2034	0.12061704
60079	2726	0.12061704
60079	4226	0.12061704
60130	170	0.09526615
60130	7	0.09526613
60130	169	0.09526613
60130	611	0.09526613
60130	1446	0.09526613
60130	884	0.09526612
60130	1612	0.09526612
60130	1707	0.09526612
60130	3221	0.09526612
60130	5362	0.09526612
60140	2134	0.12867115
60140	545	0.12867114
60140	1307	0.12867114
60140	3303	0.12867114
60140	3051	0.12867112
60140	5422	0.12867112
60140	5887	0.12867112
60140	138	0.12867111
60140	331	0.12867111
60140	1720	0.12867111
60157	384	0.09884134
60157	581	0.09884134
60157	3625	0.09884133
60157	232	0.098841324
60157	732	0.098841324
60157	1436	0.098841324
60157	1680	0.098841324
60157	1681	0.098841324
60157	3480	0.098841324
60157	5503	0.098841324
60168	320	0.109923825
60168	3743	0.109923825
60168	4014	0.10992382
60168	6863	0.10992382
60168	177	0.10992381
60168	346	0.10992381
60168	402	0.10992381
60168	755	0.10992381
60168	1567	0.10992381
60168	1629	0.10992381
60211	1818	0.09850226
60211	5223	0.09850226
60211	3117	0.09850225
60211	3614	0.09850225
60211	581	0.09800728
60211	384	0.09800726
60211	3480	0.09800726
60211	3625	0.09800726
60211	411	0.098007254
60211	732	0.098007254
60253	2134	0.12311904
60253	531	0.12311901
60253	545	0.12311901
60253	1307	0.12311901
60253	5422	0.12311901
60253	3051	0.123119004
60253	5887	0.123119004
60253	3303	0.123119
60253	3859	0.123119
60253	4214	0.123119
60263	551	0.1163311
60263	1547	0.1163311
60263	5499	0.1163311
60263	6920	0.1163311
60263	4507	0.11633109
60263	5109	0.11633109
60263	625	0.116331086
60263	1963	0.116331086
60263	4473	0.116331086
60263	5419	0.116331086
60278	2107	0.118605115
60278	3564	0.11860511
60278	5048	0.118605085
60278	1602	0.11860508
60278	5044	0.11860508
60278	4193	0.11860506
60278	5441	0.11860506
60278	6154	0.11860506
60278	6908	0.11860506
60278	3333	0.118605055
60307	2207	0.11562962
60307	1639	0.1156296
60307	6685	0.1156296
60307	3394	0.11562959
60307	188	0.11562958
60307	607	0.11562958
60307	913	0.11562958
60307	1062	0.11562958
60307	2654	0.11562958
60307	3193	0.11562958
60319	3946	0.13156852
60319	714	0.1315685
60319	4189	0.1315685
60319	2322	0.13156849
60319	4665	0.13156849
60319	6012	0.13156849
60319	2518	0.13156848
60319	2821	0.13156848
60319	3448	0.13156848
60319	5025	0.13156848
60336	4703	0.11781973
60336	5792	0.11781973
60336	1303	0.11781972
60336	2357	0.11781972
60336	6428	0.11781971
60336	1873	0.117819704
60336	3534	0.117819704
60336	4936	0.117819704
60336	513	0.1178197
60336	2549	0.1178197
60337	4087	0.12063514
60337	5105	0.12063514
60337	282	0.12063512
60337	337	0.12063512
60337	457	0.12063512
60337	3506	0.12063512
60337	5053	0.12063512
60337	52	0.120635115
60337	3718	0.120635115
60337	4545	0.120635115
60392	5366	0.10046456
60392	69	0.10046455
60392	1746	0.10026615
60392	4702	0.10010219
60392	959	0.09946885
60392	4180	0.09946883
60392	646	0.09946882
60392	4870	0.09946881
60392	6463	0.09946881
60392	2951	0.09927042
60412	2886	0.10853398
60412	2317	0.10853397
60412	619	0.10853396
60412	3306	0.10853395
60412	5641	0.1083497
60412	4951	0.108349696
60412	6091	0.108349696
60412	4245	0.10834968
60412	427	0.108349666
60412	1040	0.108349666
60427	1266	0.0948209
60427	3110	0.0948209
60427	3578	0.0948209
60427	903	0.09482089
60427	3009	0.09482089
60427	3556	0.09482088
60427	5001	0.09482088
60427	287	0.09482087
60427	309	0.09482087
60427	650	0.09482087
60445	996	0.09164609
60445	6878	0.09164609
60445	1617	0.091646075
60445	1957	0.091179155
60445	6652	0.091179155
60445	68	0.09117915
60445	701	0.09117915
60445	1513	0.09117915
60445	5461	0.09093221
60445	97	0.09093219
60475	2134	0.099332735
60475	531	0.099332705
60475	545	0.099332705
60475	1307	0.099332705
60475	3303	0.099332705
60475	5422	0.099332705
60475	5887	0.099332705
60475	1720	0.0993327
60475	3051	0.0993327
60475	2553	0.09933269
60546	3327	0.13243146
60546	4835	0.13243145
60546	253	0.13243142
60546	1002	0.13243142
60546	4133	0.13243142
60546	4154	0.13243142
60546	4239	0.13243142
60546	4920	0.13243142
60546	5046	0.13243142
60546	5571	0.13243142
60569	3789	0.12324342
60569	9	0.12324336
60569	84	0.12324333
60569	3137	0.12324333
60569	4355	0.123243324
60569	3076	0.122782
60569	3452	0.122782
60569	3787	0.122782
60569	4240	0.12278199
60569	2832	0.12278198
60583	619	0.10562104
60583	2317	0.10562104
60583	2886	0.10562103
60583	3306	0.10562103
60583	959	0.10423201
60583	646	0.104232
60583	4180	0.104232
60583	4870	0.104232
60583	6463	0.104232
60583	4702	0.10411409
60621	3882	0.12353293
60621	381	0.12353292
60621	444	0.12353292
60621	6590	0.123532906
60621	2788	0.1235329
60621	6335	0.1235329
60621	3072	0.12353289
60621	165	0.123532884
60621	4234	0.123532884
60621	4346	0.123532884
60703	1642	0.10775891
60703	3964	0.10775891
60703	5881	0.107615605
60703	2092	0.10724898
60703	819	0.10724896
60703	5185	0.10724896
60703	3699	0.107248954
60703	4949	0.107248954
60703	4508	0.10724895
60703	2961	0.10724893
60797	631	0.12334833
60797	2860	0.12334833
60797	598	0.123348325
60797	2018	0.123348325
60797	3161	0.123348325
60797	3317	0.123348325
60797	4669	0.123348325
60797	5871	0.123348325
60797	6339	0.123348325
60797	3654	0.12334832
60858	2541	0.11349963
60858	5261	0.11349958
60858	6430	0.11340256
60858	3271	0.11340253
60858	5716	0.1134025
60858	5020	0.113402486
60858	780	0.11340247
60858	6731	0.11340247
60858	6569	0.11336565
60858	353	0.113365635
60905	1731	0.12618884
60905	3366	0.12618883
60905	4197	0.12618883
60905	193	0.12618881
60905	658	0.12618881
60905	744	0.12618881
60905	1207	0.12618881
60905	1627	0.12618881
60905	1805	0.12618881
60905	1918	0.12618881
60977	871	0.11264792
60977	2508	0.11264792
60977	3662	0.11264792
60977	358	0.11264791
60977	6515	0.11264791
60977	1797	0.11264789
60977	2675	0.11264789
60977	4681	0.11228254
60977	6430	0.11196223
60977	3271	0.1119622
61028	3184	0.120758936
61028	4114	0.12075892
61028	4812	0.12075891
61028	4946	0.12075891
61028	5556	0.12075891
61028	380	0.120758906
61028	1063	0.120758906
61028	1589	0.120758906
61028	3431	0.120758906
61028	3910	0.120758906
61038	778	0.12833594
61038	5519	0.12833591
61038	466	0.1283359
61038	1288	0.1283359
61038	1633	0.1283359
61038	1662	0.1283359
61038	1967	0.1283359
61038	3721	0.1283359
61038	4819	0.1283359
61038	4971	0.1283359
61042	5940	0.096031845
61042	782	0.09603184
61042	2703	0.09603184
61042	45	0.09603183
61042	1767	0.09603183
61042	1962	0.09603183
61042	2136	0.09603183
61042	2211	0.09603183
61042	2400	0.09603183
61042	2807	0.09603183
61146	2421	0.104019485
61146	2911	0.10401948
61146	4627	0.10401948
61146	1844	0.10401947
61146	2384	0.10401945
61146	6167	0.10401944
61146	6737	0.10401944
61146	5634	0.104019426
61146	4914	0.10367048
61146	2154	0.10367046
61147	3039	0.123620994
61147	5163	0.123620994
61147	6680	0.123620994
61147	75	0.12362099
61147	485	0.12362099
61147	2214	0.12362099
61147	2215	0.12362099
61147	2292	0.12362099
61147	1496	0.12362098
61147	975	0.12362097
61211	381	0.09930776
61211	444	0.09930776
61211	6335	0.09930775
61211	2788	0.099307746
61211	3072	0.099307746
61211	4346	0.09930774
61211	5438	0.09930774
61211	28	0.09930773
61211	1182	0.09930773
61211	2235	0.09930773
61257	523	0.11585766
61257	2509	0.115857646
61257	6237	0.115857646
61257	812	0.11585764
61257	3727	0.11585764
61257	5856	0.11585764
61257	1282	0.11585763
61257	2882	0.11585763
61257	4620	0.11585763
61257	6435	0.11585763
61283	982	0.09331363
61283	6250	0.0933136
61283	260	0.09331359
61283	1045	0.09331359
61283	1853	0.09331359
61283	2301	0.09331359
61283	4370	0.09331359
61283	5191	0.09331359
61283	4673	0.09331358
61283	4130	0.093313575
61348	1701	0.11996974
61348	904	0.119969726
61348	5311	0.119969726
61348	5649	0.11996972
61348	5298	0.11996971
61348	1127	0.1199697
61348	2052	0.1199697
61348	4380	0.1199697
61348	4484	0.119969696
61348	6028	0.119969696
61354	5352	0.09769013
61354	2376	0.097690105
61354	3536	0.097690105
61354	4112	0.097690105
61354	2040	0.0976901
61354	5786	0.09769006
61354	2107	0.09758108
61354	3564	0.09758107
61354	5044	0.09758106
61354	5441	0.09758105
61427	3619	0.11693005
61427	4100	0.11693005
61427	2684	0.116930045
61427	4745	0.116930045
61427	719	0.11693004
61427	1169	0.11693004
61427	4036	0.11693004
61427	436	0.11693003
61427	6187	0.11693003
61427	6252	0.11693003
61619	184	0.11692119
61619	5992	0.11692119
61619	118	0.11692118
61619	5817	0.11692118
61619	540	0.11692117
61619	1506	0.11692117
61619	1667	0.11692117
61619	4704	0.11692117
61619	5079	0.11692117
61619	6814	0.11692117
61668	1892	0.10297983
61668	1856	0.10297982
61668	206	0.10297981
61668	5080	0.1029798
61668	1714	0.102979794
61668	1261	0.10297979
61668	794	0.10297978
61668	1376	0.10297978
61668	4905	0.10297978
61668	3775	0.102979764
61704	3615	0.14655493
61704	2360	0.1465549
61704	1559	0.14655489
61704	6097	0.14655489
61704	5027	0.14655487
61704	5470	0.14641362
61704	307	0.1464136
61704	212	0.14641358
61704	5831	0.14641356
61704	1830	0.14470316
61759	3197	0.10141538
61759	3285	0.10141538
61759	3913	0.10141538
61759	6446	0.10141538
61759	5923	0.10141537
61759	2800	0.101415366
61759	3550	0.101415366
61759	4062	0.101415366
61759	4169	0.101415366
61759	4438	0.101415366
61798	3327	0.12746494
61798	253	0.12746492
61798	4133	0.12746492
61798	4154	0.12746492
61798	4835	0.12746492
61798	294	0.1274649
61798	4239	0.1274649
61798	4920	0.1274649
61798	5046	0.1274649
61798	5965	0.1274649
61835	1873	0.124030635
61835	2357	0.124030635
61835	4703	0.124030635
61835	5792	0.124030635
61835	1303	0.12403062
61835	4936	0.12403062
61835	6428	0.12403062
61835	513	0.124030605
61835	2549	0.124030605
61835	3534	0.124030605
61845	4653	0.11217815
61845	1517	0.11217814
61845	2589	0.11217814
61845	2106	0.11217813
61845	6644	0.11217813
61845	3823	0.11217809
61845	4863	0.11217809
61845	5707	0.11217809
61845	1609	0.111861385
61845	4264	0.11186137
61854	3279	0.100517645
61854	6914	0.100517645
61854	3099	0.10051764
61854	5113	0.10051763
61854	5189	0.10051763
61854	1829	0.10051762
61854	4018	0.100517616
61854	2839	0.1005176
61854	6584	0.10051759
61854	688	0.0997219
61888	1943	0.12858468
61888	5052	0.12858468
61888	6540	0.12858468
61888	6708	0.12858468
61888	721	0.12858467
61888	1830	0.12858467
61888	4746	0.12858465
61888	5149	0.12858465
61888	5995	0.12858465
61888	669	0.12858464
61901	1440	0.10251965
61901	2090	0.10251963
61901	4202	0.10251963
61901	3697	0.102519624
61901	6886	0.102519624
61901	1087	0.10251962
61901	4468	0.10251962
61901	5220	0.10251962
61901	5613	0.10251962
61901	5675	0.10251962
61910	3184	0.10788457
61910	380	0.107884556
61910	4114	0.107884556
61910	4812	0.107884556
61910	3910	0.10788455
61910	4538	0.10788455
61910	5556	0.10788455
61910	1063	0.10788454
61910	1589	0.10788454
61910	5064	0.10788454
62150	1274	0.11078028
62150	1477	0.11050415
62150	2476	0.11050415
62150	6588	0.11050415
62150	6377	0.11050413
62150	1480	0.11050412
62150	5959	0.11050412
62150	1278	0.108814135
62150	1481	0.10879366
62150	3970	0.108793624
62172	6307	0.11395629
62172	3341	0.11395627
62172	5162	0.11395627
62172	950	0.113956265
62172	2415	0.113956265
62172	62	0.11395626
62172	1355	0.11395626
62172	1902	0.11395626
62172	1990	0.11395626
62172	3310	0.11395626
62239	4898	0.12679675
62239	5464	0.12679674
62239	6535	0.12679674
62239	96	0.12679672
62239	785	0.12679672
62239	839	0.12679672
62239	990	0.12679672
62239	1486	0.12679672
62239	2506	0.12679672
62239	2641	0.12679672
62272	5206	0.12253325
62272	2831	0.12140903
62272	4296	0.12100555
62272	2786	0.12100553
62272	4091	0.12100552
62272	6304	0.12100552
62272	5103	0.12100551
62272	3551	0.1210055
62272	4621	0.12100549
62272	5289	0.12100549
62303	631	0.10861566
62303	2860	0.10861565
62303	3161	0.10861565
62303	5871	0.10861565
62303	6339	0.10861565
62303	1703	0.108615644
62303	4669	0.108615644
62303	598	0.10861564
62303	1635	0.10861564
62303	2018	0.10861564
62316	5003	0.10931203
62316	1244	0.10931202
62316	6411	0.10931201
62316	6547	0.109312
62316	558	0.10858618
62316	1287	0.10858616
62316	561	0.10858615
62316	726	0.10858615
62316	4814	0.10858615
62316	5087	0.10858615
62464	5105	0.10671524
62464	282	0.10671523
62464	4087	0.10671523
62464	457	0.106715225
62464	52	0.10671522
62464	337	0.10671522
62464	883	0.10671522
62464	3506	0.10671522
62464	3718	0.10671522
62464	4474	0.10671522
62471	3608	0.09598372
62471	4043	0.095983714
62471	6159	0.095983714
62471	5928	0.09598371
62471	5274	0.0959837
62471	2076	0.09598369
62471	2566	0.09598369
62471	3990	0.09598369
62471	5496	0.09598369
62471	2075	0.095983684
62542	444	0.1109581
62542	3882	0.1109581
62542	381	0.110958084
62542	6335	0.110958084
62542	2235	0.11095807
62542	2788	0.11095807
62542	2944	0.11095807
62542	3072	0.11095807
62542	4234	0.11095807
62542	6590	0.11095807
62558	2856	0.10216964
62558	1471	0.10216963
62558	4381	0.102169625
62558	4483	0.102169625
62558	4865	0.102169625
62558	908	0.10216962
62558	2128	0.10216962
62558	2158	0.10216962
62558	3762	0.10216962
62558	3790	0.10216962
62582	4368	0.10497892
62582	5369	0.10497892
62582	6049	0.10497892
62582	2043	0.10497891
62582	1845	0.104978904
62582	2083	0.104978904
62582	2621	0.104978904
62582	4144	0.104978904
62582	4513	0.104978904
62582	6236	0.104978904
62688	6920	0.10808644
62688	551	0.10808643
62688	1547	0.10808642
62688	1963	0.108086415
62688	4072	0.108086415
62688	5109	0.108086415
62688	625	0.10808641
62688	840	0.10808641
62688	4473	0.10808641
62688	4507	0.10808641
62716	6783	0.10228116
62716	574	0.10228115
62716	5327	0.10228115
62716	4629	0.10228114
62716	816	0.10228113
62716	4044	0.10228113
62716	1495	0.10228112
62716	1723	0.10228112
62716	1944	0.10228112
62716	2743	0.10228112
62755	194	0.111795545
62755	3957	0.111795545
62755	5334	0.11179554
62755	1096	0.11179553
62755	1483	0.111795515
62755	1807	0.111795515
62755	2887	0.111795515
62755	3014	0.111795515
62755	728	0.1117955
62755	6080	0.1117955
62862	6540	0.1443659
62862	1830	0.14436589
62862	5052	0.14436589
62862	6708	0.14436589
62862	721	0.14436588
62862	1943	0.14436588
62862	2935	0.14436585
62862	3439	0.14436585
62862	4746	0.14436585
62862	5995	0.14436585
62881	4163	0.11094132
62881	4304	0.11094131
62881	2121	0.110941306
62881	2732	0.1109413
62881	3712	0.1109413
62881	1447	0.11094129
62881	2279	0.11094129
62881	2348	0.11094129
62881	5381	0.11094129
62881	1690	0.11094128
62891	5954	0.11102188
62891	3094	0.11102186
62891	3943	0.11102186
62891	4548	0.11102185
62891	4994	0.11102184
62891	5461	0.11021109
62891	3895	0.110211074
62891	97	0.11021106
62891	6766	0.11021106
62891	6619	0.110211045
62895	6346	0.09683876
62895	1034	0.09683875
62895	463	0.09683874
62895	1031	0.09683874
62895	2150	0.09683874
62895	2307	0.09683874
62895	2923	0.09683874
62895	2964	0.09683874
62895	5132	0.09683874
62895	5790	0.09683874
62958	785	0.10328081
62958	990	0.10328081
62958	4898	0.10328081
62958	6535	0.10328081
62958	96	0.103280805
62958	5313	0.103280805
62958	5464	0.103280805
62958	6907	0.103280805
62958	572	0.1032808
62958	839	0.1032808
62966	1461	0.11970307
62966	3481	0.119703054
62966	6748	0.11970304
62966	1141	0.119703025
62966	4752	0.119703025
62966	6788	0.119703025
62966	6152	0.11970302
62966	200	0.11838056
62966	6475	0.11838054
62966	4194	0.11838053
62968	3327	0.118119806
62968	4835	0.11811978
62968	4920	0.11811978
62968	83	0.118119776
62968	294	0.118119776
62968	1852	0.118119776
62968	2035	0.118119776
62968	2278	0.118119776
62968	4133	0.118119776
62968	4154	0.118119776
63004	410	0.106485635
63004	696	0.106485635
63004	61	0.10648563
63004	2504	0.10648563
63004	240	0.10648562
63004	1578	0.10648562
63004	925	0.10648561
63004	964	0.10648561
63004	1550	0.10648561
63004	1774	0.10648561
63360	6783	0.11659209
63360	574	0.11659208
63360	5327	0.116592064
63360	4629	0.11659206
63360	816	0.11659205
63360	1723	0.11659205
63360	2409	0.11659205
63360	4044	0.11659205
63360	1944	0.11659204
63360	2743	0.11659204
63389	3506	0.11063258
63389	4087	0.11063258
63389	5105	0.11063258
63389	883	0.110632576
63389	52	0.11063257
63389	282	0.11063257
63389	337	0.11063257
63389	457	0.11063257
63389	4545	0.11063257
63389	5016	0.11063257
63394	2014	0.115501456
63394	133	0.11550145
63394	622	0.11550144
63394	473	0.11550142
63394	660	0.11550142
63394	3048	0.11550142
63394	6383	0.11550142
63394	668	0.11550141
63394	2633	0.11550141
63394	3064	0.11550141
63452	133	0.111145236
63452	2014	0.11114523
63452	622	0.11114522
63452	473	0.111145206
63452	3048	0.111145206
63452	660	0.11114519
63452	1044	0.11114519
63452	2633	0.11114519
63452	3064	0.11114519
63452	6383	0.11114519
63506	346	0.105598465
63506	1629	0.105598465
63506	1855	0.105598465
63506	3743	0.105598465
63506	4217	0.105598465
63506	159	0.10559846
63506	320	0.10559846
63506	177	0.10559845
63506	179	0.10559845
63506	180	0.10559845
63507	3473	0.0954833
63507	6426	0.095483296
63507	2717	0.09548327
63507	3219	0.09548327
63507	4303	0.09548326
63507	1892	0.09534905
63507	206	0.09534903
63507	1856	0.09534903
63507	794	0.095349014
63507	1261	0.095349014
63595	3253	0.11656156
63595	4204	0.11656156
63595	3294	0.116561554
63595	3853	0.116561554
63595	579	0.11656155
63595	2305	0.11656155
63595	5766	0.11656155
63595	6751	0.11656155
63595	2483	0.11656154
63595	3938	0.11656154
63625	133	0.12577325
63625	622	0.12577325
63625	2014	0.12577325
63625	473	0.12577324
63625	660	0.12577322
63625	1044	0.12577322
63625	1751	0.12577322
63625	2633	0.12577322
63625	3048	0.12577322
63625	3064	0.12577322
63854	1035	0.10364461
63854	4057	0.1036446
63854	1499	0.10364458
63854	1801	0.10364458
63854	3411	0.10364458
63854	3720	0.10364458
63854	6888	0.10364458
63854	4520	0.10364457
63854	554	0.103644565
63854	2311	0.103644565
63865	320	0.1115575
63865	1855	0.1115575
63865	3743	0.1115575
63865	4014	0.1115575
63865	4464	0.1115575
63865	6863	0.1115575
63865	346	0.11155749
63865	755	0.11155749
63865	1567	0.11155749
63865	1726	0.11155749
63923	6723	0.10567157
63923	748	0.105671555
63923	788	0.105671555
63923	1552	0.105671555
63923	2842	0.105671555
63923	3765	0.105671555
63923	4558	0.105671555
63923	4950	0.105671555
63923	6331	0.105671555
63923	6440	0.105671555
63938	2917	0.10531592
63938	614	0.10531591
63938	1352	0.10531591
63938	2799	0.10531591
63938	192	0.105315894
63938	285	0.105315894
63938	1930	0.10531588
63938	6473	0.10531588
63938	1770	0.10531587
63938	2317	0.105036974
63956	6057	0.11166952
63956	2463	0.1116695
63956	3657	0.1116695
63956	4493	0.1116695
63956	858	0.111669496
63956	1641	0.111669496
63956	3856	0.111669496
63956	6055	0.111669496
63956	1643	0.11166949
63956	4524	0.11166949
64075	1440	0.103741795
64075	3697	0.10374178
64075	4202	0.10374178
64075	6221	0.10374178
64075	2090	0.10374177
64075	1087	0.103741765
64075	1439	0.103741765
64075	4468	0.103741765
64075	4757	0.103741765
64075	4982	0.103741765
64220	3731	0.09317666
64220	4925	0.09317662
64220	5801	0.09317662
64220	1296	0.09308294
64220	3327	0.09293151
64220	4835	0.092931494
64220	4133	0.09293149
64220	4920	0.09293149
64220	83	0.09293148
64220	294	0.09293148
64241	914	0.09865083
64241	2808	0.09865083
64241	3726	0.09865083
64241	3939	0.09865083
64241	5382	0.09865083
64241	2410	0.09865082
64241	1756	0.09865081
64241	3717	0.09865081
64241	3993	0.09865081
64241	4589	0.09865081
64270	1023	0.107295826
64270	4221	0.10729581
64270	994	0.107295774
64270	1731	0.10711768
64270	2983	0.107117675
64270	1207	0.10711767
64270	1709	0.10711767
64270	2997	0.10711767
64270	193	0.10711766
64270	744	0.10711766
64271	6648	0.10755116
64271	6698	0.107414
64271	269	0.10741399
64271	797	0.10741399
64271	6472	0.107413985
64271	6636	0.107413985
64271	249	0.10741398
64271	1311	0.10741398
64271	1794	0.10741398
64271	2709	0.10741398
64310	1915	0.11011394
64310	3502	0.11011394
64310	4224	0.11011394
64310	5262	0.11011393
64310	1340	0.110113926
64310	3011	0.110113926
64310	3565	0.11011392
64310	3881	0.11011392
64310	5964	0.11011392
64310	2336	0.11011391
64316	2182	0.11884659
64316	468	0.118846565
64316	2750	0.11884656
64316	4341	0.11884656
64316	3208	0.11884654
64316	3395	0.11884654
64316	2630	0.118846536
64316	5056	0.11884652
64316	6572	0.11884652
64316	775	0.11884651
64396	2755	0.09184632
64396	4919	0.09184632
64396	6306	0.09184631
64396	715	0.0918463
64396	1236	0.0918463
64396	1927	0.0918463
64396	2725	0.0918463
64396	3229	0.0918463
64396	5702	0.0918463
64396	4332	0.091846295
64435	1746	0.12759888
64435	69	0.12681445
64435	5366	0.12681444
64435	2951	0.12658
64435	3396	0.12658
64435	5371	0.12658
64435	459	0.12657997
64435	1301	0.12657997
64435	2004	0.12657997
64435	6605	0.12657997
64436	1259	0.101159796
64436	6716	0.101159796
64436	182	0.10115978
64436	1533	0.10115978
64436	2742	0.10115978
64436	6550	0.10115978
64436	50	0.101159774
64436	1249	0.101159774
64436	2225	0.101159774
64436	3811	0.101159774
64449	4695	0.09551383
64449	546	0.09551382
64449	733	0.09551382
64449	944	0.09551382
64449	1618	0.09551382
64449	1823	0.09551382
64449	2310	0.09551382
64449	2687	0.09551382
64449	3647	0.09551382
64449	4968	0.09551382
64535	4007	0.115404814
64535	5072	0.115404814
64535	2334	0.11540481
64535	3836	0.1154048
64535	6579	0.1154048
64535	92	0.11540479
64535	1306	0.11540479
64535	2081	0.11540479
64535	3770	0.115404785
64535	349	0.11540477
64679	1259	0.10000718
64679	6716	0.10000718
64679	50	0.10000716
64679	157	0.10000716
64679	182	0.10000716
64679	4248	0.10000716
64679	5755	0.10000716
64679	6550	0.10000716
64679	1393	0.100007154
64679	1533	0.100007154
64846	1266	0.101257645
64846	3578	0.101257645
64846	3110	0.10125764
64846	903	0.10125763
64846	650	0.10125762
64846	2371	0.10125762
64846	3009	0.10125762
64846	3556	0.10125762
64846	5811	0.10125762
64846	6650	0.10125762
64946	2845	0.10147607
64946	3795	0.101476036
64946	1384	0.10147603
64946	3341	0.101266116
64946	6307	0.10126611
64946	3810	0.1012661
64946	5162	0.1012661
64946	5636	0.1012661
64946	5748	0.1012661
64946	1902	0.10126609
65032	110	0.10219235
65032	2569	0.10219234
65032	6043	0.10219234
65032	6765	0.10219234
65032	1752	0.102192335
65032	6676	0.102192335
65032	700	0.10219233
65032	1154	0.10219233
65032	1159	0.10219233
65032	1330	0.10219233
65068	5453	0.11565377
65068	3287	0.11565375
65068	250	0.115653746
65068	3247	0.115653746
65068	3861	0.11565374
65068	6609	0.11565374
65068	6701	0.11565374
65068	3251	0.11565373
65068	6726	0.11565373
65068	399	0.11565372
65145	3088	0.10317378
65145	2563	0.10317377
65145	2533	0.10317376
65145	5729	0.10317376
65145	5823	0.10317376
65145	2863	0.10317373
65145	2864	0.10317373
65145	638	0.10317371
65145	2107	0.10259529
65145	3564	0.10259527
65183	4340	0.11784049
65183	3812	0.117840454
65183	6643	0.117840454
65183	4899	0.11784045
65183	6025	0.11784045
65183	6026	0.11784044
65183	400	0.11784043
65183	6689	0.11784042
65183	6757	0.11784042
65183	559	0.11784041
65208	193	0.112105474
65208	1731	0.112105474
65208	2983	0.112105474
65208	2997	0.112105474
65208	744	0.11210547
65208	1207	0.11210547
65208	3234	0.11210547
65208	4197	0.11210547
65208	100	0.11210546
65208	567	0.11210546
65228	3327	0.11746161
65228	4154	0.1174616
65228	4835	0.11746159
65228	294	0.117461585
65228	1852	0.117461585
65228	4920	0.117461585
65228	2035	0.11746158
65228	4133	0.11746158
65228	4239	0.11746158
65228	5046	0.11746158
65238	2955	0.097343475
65238	4300	0.097343475
65238	1346	0.09734347
65238	5434	0.09734347
65238	503	0.09734346
65238	339	0.097343445
65238	991	0.09734344
65238	703	0.09734343
65238	2214	0.09635568
65238	2292	0.09635568
65258	2790	0.10567635
65258	434	0.10551512
65258	274	0.10551511
65258	3318	0.10551511
65258	485	0.105357155
65258	2214	0.105357155
65258	2292	0.105357155
65258	3039	0.105357155
65258	5163	0.105357155
65258	6680	0.105357155
65370	3452	0.102129295
65370	3787	0.102129295
65370	3076	0.10212929
65370	2832	0.10212928
65370	4240	0.10212927
65370	1441	0.102129266
65370	3242	0.102129266
65370	3184	0.102013305
65370	1589	0.10201329
65370	4114	0.10201329
65484	6124	0.105752856
65484	32	0.10575285
65484	3216	0.10575284
65484	1863	0.105752826
65484	196	0.10575281
65484	1308	0.10575281
65484	6359	0.105752796
65484	4228	0.10574583
65484	2034	0.105745815
65484	24	0.10574581
65487	4087	0.10285572
65487	3506	0.10285571
65487	5105	0.10285571
65487	282	0.102855705
65487	6216	0.102855705
65487	52	0.1028557
65487	337	0.1028557
65487	457	0.1028557
65487	883	0.1028557
65487	1066	0.1028557
65497	3184	0.12610151
65497	4114	0.1261015
65497	4538	0.1261015
65497	380	0.12610148
65497	1589	0.12610148
65497	4812	0.12610148
65497	5556	0.12610148
65497	6151	0.12610148
65497	1063	0.12610146
65497	1469	0.12610146
65584	688	0.13777325
65584	1739	0.13777323
65584	1233	0.13777322
65584	1620	0.13777322
65584	2340	0.13777322
65584	2423	0.13777322
65584	3217	0.13777322
65584	6488	0.13777322
65584	134	0.1377732
65584	1924	0.1377732
65663	6482	0.10534226
65663	1960	0.10530825
65663	3627	0.10530825
65663	4417	0.10530825
65663	5008	0.10530824
65663	5205	0.105308235
65663	6228	0.105308205
65663	5288	0.10479738
65663	6720	0.10479737
65663	324	0.10479736
65665	631	0.11195883
65665	598	0.11195882
65665	1703	0.11195882
65665	2018	0.11195882
65665	2860	0.11195882
65665	3161	0.11195882
65665	4291	0.11195882
65665	5871	0.11195882
65665	6339	0.11195882
65665	4669	0.11195881
65769	45	0.11744438
65769	2703	0.11744438
65769	782	0.11744437
65769	1962	0.11744437
65769	2807	0.11744437
65769	6309	0.11744437
65769	1000	0.117444366
65769	1079	0.117444366
65769	2136	0.117444366
65769	2211	0.117444366
65791	79	0.121647134
65791	251	0.12164712
65791	1624	0.12164712
65791	3059	0.12164712
65791	4175	0.12164712
65791	4177	0.12164712
65791	4273	0.12164712
65791	4342	0.12164712
65791	5122	0.12164712
65791	6532	0.12164712
65817	1931	0.09956194
65817	6288	0.09956194
65817	2437	0.09956193
65817	5969	0.09956193
65817	374	0.09956192
65817	2312	0.099561915
65817	6350	0.099561915
65817	6539	0.099561915
65817	116	0.09956191
65817	4764	0.09956191
65837	320	0.105210505
65837	346	0.105210505
65837	1855	0.105210505
65837	159	0.1052105
65837	755	0.1052105
65837	1090	0.1052105
65837	1567	0.1052105
65837	1629	0.1052105
65837	1658	0.1052105
65837	2339	0.1052105
65877	3353	0.13372582
65877	4228	0.13372582
65877	4012	0.1337258
65877	4685	0.1337258
65877	532	0.13372579
65877	770	0.13372579
65877	1724	0.13372579
65877	2034	0.13372579
65877	3063	0.13372579
65877	3335	0.13372579
65913	259	0.11090939
65913	1668	0.11090939
65913	1823	0.11090939
65913	1833	0.11090939
65913	3710	0.11090939
65913	5150	0.11090939
65913	5333	0.11090939
65913	6763	0.11090939
65913	944	0.11090938
65913	326	0.11090937
65946	6001	0.101418726
65946	1241	0.10141872
65946	2756	0.10141872
65946	4147	0.10141872
65946	5047	0.10141872
65946	6498	0.10141872
65946	2758	0.10141871
65946	1591	0.101418704
65946	2604	0.101418704
65946	3257	0.101418704
66055	4695	0.1016981
66055	6763	0.1016981
66055	1823	0.10169809
66055	4968	0.10169809
66055	259	0.101698086
66055	648	0.101698086
66055	733	0.101698086
66055	944	0.101698086
66055	1387	0.101698086
66055	1618	0.101698086
66073	558	0.112267524
66073	1287	0.112267524
66073	1704	0.112267524
66073	4814	0.112267524
66073	726	0.11226752
66073	561	0.11226751
66073	5565	0.11226751
66073	1157	0.1122675
66073	1676	0.1122675
66073	5087	0.1122675
66100	2782	0.117656745
66100	1541	0.11765673
66100	672	0.11765672
66100	1616	0.11765672
66100	1816	0.11765672
66100	1820	0.11765672
66100	2356	0.11765672
66100	3559	0.11765672
66100	5372	0.11765672
66100	5469	0.11765672
66323	4161	0.11126165
66323	4688	0.111261636
66323	1273	0.11126161
66323	2237	0.11126159
66323	2000	0.111189045
66323	4876	0.11118904
66323	3698	0.11118903
66323	3237	0.11118902
66323	5195	0.111114085
66323	3479	0.111114055
66387	2339	0.11941057
66387	3743	0.11941057
66387	320	0.11941056
66387	346	0.11941056
66387	1567	0.11941056
66387	1629	0.11941056
66387	1855	0.11941056
66387	2338	0.11941056
66387	3350	0.11941056
66387	4014	0.11941056
66443	5558	0.117480226
66443	4293	0.11748022
66443	628	0.11748021
66443	2803	0.11748021
66443	6341	0.11748021
66443	1143	0.1174802
66443	2669	0.1174802
66443	2752	0.1174802
66443	3018	0.1174802
66443	1745	0.117480196
66473	1444	0.09431571
66473	6316	0.094315685
66473	2579	0.09431568
66473	4874	0.09431568
66473	5505	0.09431568
66473	5916	0.09431568
66473	6785	0.09431568
66473	1338	0.09431566
66473	5387	0.09431566
66473	3473	0.093825
66483	6375	0.12759078
66483	369	0.12620264
66483	4097	0.12620264
66483	0	0.12539889
66483	6374	0.12539887
66483	868	0.12448308
66483	998	0.12297959
66483	2264	0.12135942
66483	919	0.12131238
66483	5861	0.121312305
66485	6517	0.104772165
66485	370	0.10477214
66485	5753	0.104772136
66485	5782	0.1038324
66485	3898	0.10326556
66485	6376	0.10326555
66485	4478	0.10326484
66485	4897	0.10326479
66485	1258	0.10326476
66485	992	0.1023258
66487	1034	0.10331485
66487	6346	0.10331485
66487	463	0.10331483
66487	484	0.10331483
66487	1031	0.10331483
66487	2307	0.10331483
66487	2923	0.10331483
66487	2964	0.10331483
66487	3796	0.10331483
66487	3997	0.10331483
66518	3184	0.11236656
66518	380	0.11236654
66518	4114	0.112366535
66518	1063	0.11236653
66518	1589	0.11236653
66518	4538	0.11236653
66518	4812	0.11236653
66518	4946	0.11236653
66518	3910	0.11236652
66518	5556	0.11236652
66533	2782	0.10803338
66533	672	0.10803336
66533	1398	0.10803336
66533	1541	0.10803336
66533	1616	0.10803336
66533	1816	0.10803336
66533	3559	0.10803336
66533	4610	0.10803336
66533	5469	0.10803336
66533	2176	0.10803335
66556	45	0.11996882
66556	5940	0.11996881
66556	1962	0.1199688
66556	2703	0.1199688
66556	2807	0.1199688
66556	6189	0.119968794
66556	113	0.11996879
66556	782	0.11996879
66556	2211	0.11996879
66556	2400	0.11996879
66574	5954	0.10777075
66574	3943	0.10777074
66574	3094	0.107770726
66574	4548	0.10777072
66574	4994	0.1077707
66574	6714	0.10737981
66574	1396	0.10737976
66574	4585	0.10737974
66574	2146	0.106921196
66574	5155	0.10679528
66591	4228	0.12009244
66591	3353	0.12009243
66591	4012	0.12009242
66591	3552	0.120092414
66591	4685	0.120092414
66591	24	0.12009241
66591	532	0.12009241
66591	770	0.12009241
66591	1840	0.12009241
66591	2034	0.12009241
66640	444	0.11503813
66640	3882	0.11503813
66640	381	0.11503811
66640	6335	0.11503811
66640	2788	0.1150381
66640	6590	0.1150381
66640	3015	0.11503809
66640	3072	0.11503809
66640	4346	0.11503809
66640	6856	0.11503809
66680	3327	0.1252447
66680	4835	0.12524469
66680	83	0.12524468
66680	294	0.12524468
66680	1852	0.12524468
66680	2278	0.12524468
66680	4133	0.12524468
66680	4154	0.12524468
66680	4333	0.12524468
66680	4920	0.12524468
66789	2134	0.1132868
66789	531	0.11328679
66789	1307	0.11328679
66789	5422	0.11328679
66789	545	0.113286786
66789	3051	0.11328678
66789	3303	0.11328678
66789	3859	0.11328678
66789	4214	0.11328678
66789	5887	0.11328678
66797	714	0.14630434
66797	3946	0.14630434
66797	4189	0.14630432
66797	2322	0.14630431
66797	2821	0.14630431
66797	3448	0.14630431
66797	4444	0.14630431
66797	4665	0.14630431
66797	5025	0.14630431
66797	6012	0.14630431
66853	3327	0.10777922
66853	4154	0.10777921
66853	4835	0.10777921
66853	2278	0.107779205
66853	4920	0.1077792
66853	5046	0.1077792
66853	83	0.10777919
66853	174	0.10777919
66853	294	0.10777919
66853	1379	0.10777919
66878	905	0.10183704
66878	6059	0.10183704
66878	731	0.10183703
66878	213	0.101837024
66878	649	0.101837024
66878	1708	0.101837024
66878	5489	0.101837024
66878	5900	0.10183701
66878	6631	0.10183701
66878	739	0.101837
66942	1812	0.10855934
66942	5448	0.10855933
66942	1089	0.108559325
66942	5043	0.108559325
66942	5485	0.108559325
66942	71	0.10855931
66942	690	0.10855931
66942	1596	0.10855931
66942	1781	0.10855931
66942	1872	0.10855931
66953	320	0.09914482
66953	3743	0.09914482
66953	1567	0.09914481
66953	2339	0.09914481
66953	3501	0.09914481
66953	4014	0.09914481
66953	5553	0.09914481
66953	6863	0.09914481
66953	159	0.0991448
66953	180	0.0991448
66960	2207	0.10510109
66960	188	0.10510108
66960	1639	0.10510108
66960	2143	0.10510108
66960	3851	0.10510108
66960	913	0.10510107
66960	1062	0.10510107
66960	2654	0.10510107
66960	3394	0.10510107
66960	3875	0.10510107
67079	1124	0.111350045
67079	3869	0.111350045
67079	4422	0.111350045
67079	6414	0.111350045
67079	3605	0.11135004
67079	2740	0.11135003
67079	6336	0.11135003
67079	743	0.11135002
67079	3026	0.111350015
67079	3508	0.111350015
67085	681	0.08922328
67085	5647	0.089223266
67085	5083	0.089168936
67085	3231	0.08887645
67085	53	0.088600636
67085	778	0.08854633
67085	5519	0.08854631
67085	5546	0.08854631
67085	6802	0.08854631
67085	105	0.088546306
67174	1034	0.10089895
67174	6346	0.10089895
67174	463	0.100898944
67174	1031	0.100898944
67174	2307	0.10089894
67174	2923	0.10089894
67174	3796	0.10089894
67174	5154	0.10089894
67174	5790	0.10089894
67174	6099	0.10089894
67176	444	0.1155743
67176	381	0.115574285
67176	6335	0.11557428
67176	2235	0.11557427
67176	2788	0.11557427
67176	3072	0.11557427
67176	6590	0.11557427
67176	4346	0.11557426
67176	28	0.115574256
67176	165	0.115574256
67178	2583	0.11209873
67178	2848	0.11209872
67178	5747	0.11209872
67178	5607	0.11209871
67178	6047	0.112098664
67178	6001	0.11206442
67178	4147	0.112064414
67178	2756	0.11206441
67178	6498	0.11206441
67178	5047	0.1120644
67198	1009	0.122704856
67198	4579	0.122704856
67198	1879	0.12270485
67198	3044	0.12270485
67198	3166	0.12270484
67198	4434	0.12270484
67198	5574	0.12270484
67198	6060	0.12270484
67198	6536	0.12270484
67198	924	0.122704834
67270	696	0.10507936
67270	2504	0.10507935
67270	61	0.10507934
67270	410	0.10507934
67270	1550	0.10507934
67270	1578	0.10507934
67270	4156	0.10507934
67270	635	0.10507933
67270	2175	0.10507933
67270	4187	0.10507933
67288	688	0.10253818
67288	1739	0.10253817
67288	2340	0.10253817
67288	3217	0.10253817
67288	6488	0.10253817
67288	134	0.10253816
67288	1233	0.10253816
67288	2164	0.10253816
67288	2173	0.10253816
67288	2423	0.10253816
67296	6001	0.10529846
67296	2756	0.105298445
67296	3257	0.105298445
67296	4147	0.105298445
67296	6498	0.105298445
67296	5047	0.10529844
67296	1241	0.10529843
67296	1861	0.10529843
67296	2758	0.10529843
67296	3801	0.10529843
67354	6182	0.09885918
67354	5611	0.09885916
67354	3457	0.09826034
67354	5618	0.09826034
67354	5918	0.09826034
67354	2776	0.098260336
67354	341	0.09826033
67354	6184	0.09826033
67354	831	0.09826032
67354	3897	0.098260306
67402	2357	0.09713217
67402	4703	0.09713217
67402	5792	0.09713217
67402	1303	0.09713216
67402	1873	0.097132154
67402	4936	0.097132154
67402	513	0.09713215
67402	2549	0.09713215
67402	3534	0.09713215
67402	3998	0.09713215
67403	4478	0.117900066
67403	4897	0.11790001
67403	1258	0.117899984
67403	6517	0.11687208
67403	370	0.11687206
67403	5753	0.11687203
67403	990	0.116784774
67403	6212	0.116784774
67403	4898	0.11678477
67403	5101	0.11678476
67415	320	0.10810097
67415	3743	0.10810097
67415	346	0.108100966
67415	1855	0.108100966
67415	2339	0.108100966
67415	4464	0.108100966
67415	6334	0.108100966
67415	6863	0.108100966
67415	159	0.10810096
67415	1090	0.10810096
67487	3780	0.09418988
67487	800	0.094189875
67487	1908	0.09418987
67487	2216	0.09418987
67487	2210	0.09418986
67487	3942	0.09418986
67487	5111	0.09418985
67487	6559	0.09418985
67487	1800	0.094189845
67487	5340	0.094189845
67515	3500	0.11755103
67515	1487	0.117551014
67515	5297	0.117551
67515	4061	0.11755097
67515	2037	0.117550954
67515	3039	0.11684517
67515	5163	0.11684517
67515	6680	0.11684516
67515	485	0.11684515
67515	2292	0.11684515
67544	184	0.11390755
67544	118	0.113907546
67544	5817	0.113907546
67544	540	0.11390753
67544	1506	0.11390753
67544	4605	0.11390753
67544	4704	0.11390753
67544	5079	0.11390753
67544	6814	0.11390753
67544	929	0.11390752
67547	1501	0.12270941
67547	1937	0.12270939
67547	1659	0.12270938
67547	1916	0.12270937
67547	538	0.12270936
67547	302	0.12270935
67547	3440	0.12270935
67547	3949	0.12270935
67547	1027	0.12270931
67547	1023	0.122379266
67591	4087	0.10946679
67591	5105	0.10946679
67591	3506	0.10946678
67591	337	0.109466776
67591	883	0.109466776
67591	5053	0.109466776
67591	52	0.10946677
67591	457	0.10946677
67591	6216	0.10946677
67591	282	0.10946676
67627	269	0.1263817
67627	797	0.12638168
67627	1311	0.12638168
67627	2709	0.12638168
67627	6472	0.12638168
67627	6698	0.12638168
67627	249	0.12638167
67627	1250	0.12638167
67627	1794	0.12638167
67627	2605	0.12638167
67663	696	0.08093648
67663	2504	0.08093647
67663	61	0.08093646
67663	410	0.08093646
67663	635	0.08093646
67663	1550	0.08093646
67663	1774	0.08093646
67663	5227	0.08093646
67663	964	0.080936454
67663	1578	0.080936454
67677	3503	0.10905784
67677	3297	0.109057836
67677	3636	0.10905783
67677	6215	0.10905783
67677	5293	0.109057814
67677	4632	0.10905781
67677	248	0.1090578
67677	549	0.1090578
67677	4118	0.1090578
67677	6345	0.1090578
67693	1609	0.10883795
67693	4264	0.10883793
67693	5035	0.108837925
67693	4926	0.10883791
67693	795	0.1088379
67693	3935	0.108837895
67693	6705	0.108837895
67693	6479	0.10883787
67693	1075	0.1079126
67693	6747	0.107912585
67840	3327	0.13886568
67840	2278	0.13886565
67840	4154	0.13886565
67840	4239	0.13886565
67840	4835	0.13886565
67840	4920	0.13886565
67840	5046	0.13886565
67840	5965	0.13886565
67840	83	0.13886563
67840	253	0.13886563
67910	2533	0.12087218
67910	3088	0.12087218
67910	5729	0.12087217
67910	5823	0.12087217
67910	2563	0.120872155
67910	2863	0.12087214
67910	2864	0.12087214
67910	638	0.12087211
67910	6648	0.1207725
67910	2532	0.120772496
67930	2207	0.102558285
67930	188	0.102558255
67930	1639	0.102558255
67930	3394	0.102558255
67930	5692	0.102558255
67930	5975	0.102558255
67930	6685	0.102558255
67930	2654	0.10255825
67930	3193	0.10255825
67930	5744	0.10255825
68000	6346	0.119867414
68000	463	0.1198674
68000	1031	0.1198674
68000	1034	0.1198674
68000	2923	0.1198674
68000	3796	0.11986739
68000	2286	0.119867384
68000	2307	0.119867384
68000	2964	0.119867384
68000	3487	0.119867384
68081	3647	0.10272282
68081	5150	0.10272282
68081	733	0.102722816
68081	1618	0.102722816
68081	1813	0.102722816
68081	4907	0.102722816
68081	259	0.10272281
68081	326	0.10272281
68081	546	0.10272281
68081	648	0.10272281
68128	5940	0.13612403
68128	45	0.13612401
68128	782	0.13612401
68128	2703	0.13612401
68128	2807	0.13612401
68128	1962	0.136124
68128	2211	0.136124
68128	3465	0.136124
68128	3975	0.136124
68128	4472	0.136124
68156	4331	0.1175684
68156	997	0.117503986
68156	4692	0.117503986
68156	1964	0.11750397
68156	2816	0.11750397
68156	6092	0.11750397
68156	5586	0.117503956
68156	2672	0.11750394
68156	2678	0.11750394
68156	5784	0.11750394
68185	3341	0.10740599
68185	6307	0.107405975
68185	5636	0.10740596
68185	950	0.107405946
68185	1355	0.107405946
68185	1786	0.107405946
68185	1902	0.107405946
68185	1990	0.107405946
68185	2370	0.107405946
68185	2492	0.107405946
68249	4844	0.1108877
68249	4452	0.11088769
68249	4547	0.11088769
68249	2841	0.11088768
68249	2941	0.11088768
68249	4942	0.11088768
68249	1950	0.11088767
68249	2051	0.11088765
68249	5195	0.109955534
68249	3479	0.109955505
68256	282	0.09685667
68256	3506	0.09685667
68256	4087	0.09685667
68256	5105	0.09685667
68256	883	0.09685666
68256	337	0.09685665
68256	457	0.09685665
68256	1066	0.09685665
68256	3718	0.09685665
68256	4545	0.09685665
68309	1034	0.12714593
68309	6346	0.12714593
68309	463	0.12714592
68309	484	0.12714592
68309	1031	0.12714592
68309	2307	0.12714592
68309	2923	0.12714592
68309	2964	0.12714592
68309	3997	0.12714592
68309	4392	0.12714592
68344	6161	0.11352361
68344	872	0.113523595
68344	1580	0.11352359
68344	5212	0.11352358
68344	3096	0.11352357
68344	4502	0.11352357
68344	5495	0.11352357
68344	6270	0.11352357
68344	3102	0.113523565
68344	5348	0.113523565
68383	4898	0.12229648
68383	6535	0.12229647
68383	96	0.12229646
68383	785	0.12229646
68383	839	0.12229646
68383	990	0.12229646
68383	4557	0.12229646
68383	5464	0.12229646
68383	6084	0.12229646
68383	6212	0.12229646
68436	6920	0.14196253
68436	551	0.14196251
68436	1547	0.14196251
68436	5499	0.14196251
68436	625	0.1419625
68436	1963	0.1419625
68436	4473	0.1419625
68436	4507	0.1419625
68436	5109	0.1419625
68436	5419	0.1419625
68447	2703	0.10856648
68447	5940	0.10856648
68447	45	0.10856647
68447	5272	0.10856646
68447	782	0.108566456
68447	1962	0.108566456
68447	2211	0.108566456
68447	2400	0.108566456
68447	2855	0.108566456
68447	4562	0.108566456
68465	2134	0.107904375
68465	531	0.10790437
68465	1307	0.10790436
68465	3303	0.10790436
68465	5422	0.10790435
68465	5887	0.10790435
68465	545	0.107904345
68465	2553	0.107904345
68465	2877	0.107904345
68465	3051	0.107904345
68537	1998	0.110314846
68537	4834	0.108039275
68537	164	0.10803927
68537	4467	0.10803926
68537	2674	0.108039245
68537	6046	0.108039245
68537	710	0.10803923
68537	3320	0.10803923
68537	5159	0.10803923
68537	2299	0.108039215
68568	6763	0.11709781
68568	546	0.1170978
68568	259	0.117097795
68568	733	0.117097795
68568	1668	0.117097795
68568	1833	0.117097795
68568	2687	0.117097795
68568	3647	0.117097795
68568	4695	0.117097795
68568	5150	0.117097795
68581	688	0.111086726
68581	3217	0.111086726
68581	6488	0.111086726
68581	1739	0.11108672
68581	2164	0.11108672
68581	134	0.11108671
68581	1233	0.11108671
68581	2173	0.11108671
68581	2340	0.11108671
68581	2423	0.11108671
68615	5453	0.11049117
68615	3287	0.11049115
68615	250	0.11049114
68615	3247	0.11049114
68615	6609	0.11049114
68615	3861	0.110491134
68615	6701	0.110491134
68615	399	0.11049113
68615	3251	0.11049113
68615	6008	0.11049113
68700	898	0.09187953
68700	2556	0.09187953
68700	4514	0.09187953
68700	5721	0.091879524
68700	363	0.09187952
68700	1795	0.09187952
68700	2129	0.09187952
68700	1271	0.0918795
68700	2806	0.0918795
68700	5180	0.0918795
68729	2038	0.08214568
68729	5457	0.08213593
68729	5083	0.081817105
68729	832	0.08180736
68729	158	0.081807345
68729	439	0.081807345
68729	5797	0.081807345
68729	20	0.08180734
68729	1695	0.08180734
68729	5380	0.08180732
68760	6136	0.09302564
68760	6595	0.09302564
68760	4929	0.092893414
68760	76	0.09289341
68760	5671	0.09289341
68760	6169	0.0928934
68760	2433	0.09289339
68760	6787	0.09289339
68760	1562	0.09289338
68760	556	0.0924848
68767	3184	0.11558077
68767	1589	0.11558075
68767	4114	0.11558075
68767	4812	0.11558075
68767	6151	0.11558075
68767	4538	0.115580745
68767	5556	0.115580745
68767	380	0.11558074
68767	1063	0.11558074
68767	3431	0.11558074
68768	6497	0.1091403
68768	143	0.108621225
68768	1312	0.10821991
68768	4192	0.10780552
68768	6885	0.10742283
68768	1912	0.106916584
68768	5452	0.10691656
68768	6721	0.10637879
68768	2722	0.106112
68768	3784	0.10599615
68846	1023	0.10226008
68846	4221	0.10226007
68846	994	0.102260046
68846	1501	0.101727314
68846	1937	0.10172731
68846	1659	0.101727284
68846	1916	0.101727284
68846	538	0.10172728
68846	1545	0.10172728
68846	302	0.10172727
68886	358	0.09728186
68886	2508	0.09728186
68886	871	0.09728185
68886	3662	0.09728185
68886	6515	0.097281836
68886	1797	0.09728183
68886	2675	0.09728183
68886	1487	0.09566319
68886	3500	0.09566319
68886	5297	0.095663175
68943	982	0.08859945
68943	6250	0.08859944
68943	1045	0.088599436
68943	1853	0.08859943
68943	2301	0.08859943
68943	4370	0.08859943
68943	4673	0.08859943
68943	260	0.08859942
68943	5191	0.08859942
68943	319	0.08859941
68984	982	0.12299782
68984	6250	0.1229978
68984	260	0.12299779
68984	1045	0.12299779
68984	1853	0.12299779
68984	4370	0.12299779
68984	2301	0.12299778
68984	5191	0.12299778
68984	2950	0.122997776
68984	4673	0.122997776
69012	2357	0.11803843
69012	4703	0.11803843
69012	1303	0.11803842
69012	1873	0.11803842
69012	5792	0.11803842
69012	2549	0.118038416
69012	4936	0.118038416
69012	6428	0.118038416
69012	513	0.11803841
69012	3724	0.11803841
69023	4898	0.11473155
69023	6535	0.11473154
69023	96	0.114731535
69023	990	0.114731535
69023	4557	0.114731535
69023	5464	0.114731535
69023	6212	0.114731535
69023	572	0.11473153
69023	785	0.11473153
69023	839	0.11473152
69042	3780	0.11369581
69042	2216	0.11369578
69042	1908	0.11369577
69042	2210	0.11369577
69042	3942	0.11369577
69042	5111	0.11369577
69042	5340	0.113695756
69042	6559	0.113695756
69042	1800	0.11369575
69042	3078	0.11369574
69089	797	0.12227576
69089	6698	0.12227576
69089	269	0.122275755
69089	3965	0.122275755
69089	249	0.12227575
69089	2709	0.12227575
69089	6356	0.12227575
69089	1311	0.12227574
69089	1794	0.12227574
69089	3589	0.12227574
69156	995	0.10830091
69156	1551	0.10830091
69156	3312	0.10830091
69156	3635	0.10830091
69156	5686	0.10830091
69156	5603	0.1083009
69156	5840	0.108300894
69156	6823	0.108300894
69156	507	0.10830087
69156	5023	0.10830087
69188	110	0.10712342
69188	700	0.10712341
69188	6765	0.10712341
69188	1752	0.107123405
69188	2569	0.107123405
69188	2640	0.107123405
69188	6326	0.107123405
69188	6676	0.107123405
69188	1144	0.1071234
69188	1330	0.1071234
69211	504	0.10121927
69211	2696	0.10121927
69211	5632	0.10121926
69211	5781	0.10121926
69211	5899	0.10121926
69211	298	0.10121925
69211	422	0.10121925
69211	798	0.10121925
69211	802	0.10121925
69211	892	0.10121925
69232	1922	0.10664897
69232	3248	0.10664897
69232	4083	0.10664897
69232	3264	0.10664895
69232	5012	0.10664895
69232	219	0.106648944
69232	1834	0.106648944
69232	5944	0.106648944
69232	221	0.10664894
69232	1923	0.10664894
69252	6430	0.10266255
69252	3271	0.1026625
69252	5020	0.102662474
69252	5716	0.102662474
69252	780	0.10266246
69252	6731	0.10266246
69252	2214	0.102175176
69252	3039	0.102175176
69252	2292	0.10217517
69252	75	0.10217516
69355	170	0.108793125
69355	611	0.10879312
69355	169	0.1087931
69355	1446	0.1087931
69355	7	0.108793095
69355	884	0.108793095
69355	1612	0.108793095
69355	1707	0.108793095
69355	3221	0.108793095
69355	5362	0.108793095
69378	2917	0.09943135
69378	614	0.099431336
69378	1352	0.099431336
69378	2799	0.099431336
69378	192	0.09943133
69378	285	0.09943132
69378	1930	0.09943131
69378	1770	0.099431306
69378	6473	0.099431306
69378	619	0.09872234
69389	5083	0.11585204
69389	824	0.115455836
69389	4654	0.11545581
69389	3835	0.115455806
69389	6086	0.115455806
69389	5430	0.115455784
69389	1335	0.11545578
69389	832	0.11522308
69389	439	0.11522307
69389	158	0.115223065
69405	2134	0.11612255
69405	531	0.11612253
69405	1307	0.11612253
69405	3051	0.11612252
69405	5422	0.11612252
69405	3303	0.116122514
69405	3859	0.116122514
69405	4543	0.116122514
69405	5887	0.116122514
69405	545	0.11612251
69410	1599	0.09471945
69410	2253	0.094282836
69410	2249	0.09424976
69410	5660	0.094249755
69410	5668	0.094249755
69410	706	0.09424974
69410	5455	0.09424974
69410	5952	0.09424974
69410	360	0.09424973
69410	976	0.09381314
69460	2463	0.11985879
69460	4524	0.11985879
69460	6055	0.11985879
69460	6057	0.11985878
69460	858	0.11985877
69460	1643	0.11985877
69460	3657	0.11985877
69460	3856	0.119858764
69460	430	0.11985876
69460	632	0.11985876
69512	320	0.11571027
69512	346	0.11571027
69512	1567	0.11571027
69512	1629	0.11571027
69512	3743	0.11571027
69512	4014	0.11571027
69512	4854	0.115710266
69512	159	0.11571026
69512	236	0.11571026
69512	1315	0.11571026
69684	110	0.11397694
69684	700	0.11397694
69684	6043	0.11397694
69684	6765	0.11397694
69684	1752	0.11397693
69684	1144	0.113976926
69684	1330	0.113976926
69684	2179	0.113976926
69684	2569	0.113976926
69684	2640	0.113976926
69709	2846	0.12487883
69709	3322	0.12487883
69709	5172	0.123857304
69709	5265	0.12385729
69709	5679	0.12385729
69709	970	0.12385728
69709	519	0.123857275
69709	6651	0.12385725
69709	2418	0.123857245
69709	3016	0.123857245
69721	4340	0.117298245
69721	400	0.1172982
69721	3812	0.1172982
69721	4899	0.1172982
69721	5358	0.1172982
69721	6025	0.1172982
69721	6026	0.1172982
69721	6643	0.1172982
69721	2970	0.117298186
69721	6689	0.117298186
69749	726	0.11628183
69749	1287	0.11628182
69749	558	0.116281815
69749	4814	0.116281815
69749	5565	0.116281815
69749	561	0.11628181
69749	1676	0.11628181
69749	1704	0.11628181
69749	5087	0.11628181
69749	1622	0.1162818
69775	5113	0.10085363
69775	5189	0.10085363
69775	3099	0.10085362
69775	3279	0.10085362
69775	6914	0.10085362
69775	1829	0.100853615
69775	4018	0.10085361
69775	2839	0.10085359
69775	6584	0.100853585
69775	778	0.09896083
69790	110	0.100627966
69790	1752	0.10062796
69790	6043	0.10062796
69790	6676	0.10062796
69790	6765	0.10062796
69790	700	0.10062795
69790	2640	0.10062795
69790	4989	0.10062795
69790	1154	0.100627944
69790	1159	0.100627944
69808	3765	0.114203475
69808	6331	0.11420347
69808	748	0.11420346
69808	788	0.11420346
69808	2842	0.11420346
69808	1425	0.11420345
69808	1552	0.11420345
69808	2481	0.11420345
69808	2796	0.11420345
69808	2949	0.11420345
69929	3088	0.12410872
69929	5823	0.12410871
69929	2533	0.1241087
69929	5729	0.1241087
69929	2563	0.124108694
69929	2863	0.12410866
69929	2864	0.12410866
69929	638	0.12410863
69929	2168	0.12407304
69929	2676	0.12407304
69933	3327	0.121003665
69933	4154	0.121003665
69933	4239	0.12100365
69933	4835	0.12100365
69933	294	0.12100364
69933	2278	0.12100364
69933	5046	0.12100364
69933	83	0.121003635
69933	174	0.121003635
69933	1002	0.121003635
69971	110	0.15213394
69971	700	0.15213394
69971	6043	0.15213394
69971	2005	0.15213393
69971	6765	0.15213393
69971	1144	0.15213391
69971	1154	0.15213391
69971	1330	0.15213391
69971	1360	0.15213391
69971	1736	0.15213391
70014	6763	0.1180076
70014	259	0.11800759
70014	1823	0.11800759
70014	3647	0.11800759
70014	5150	0.11800759
70014	733	0.118007585
70014	1670	0.118007585
70014	1813	0.118007585
70014	1833	0.118007585
70014	2001	0.118007585
70052	731	0.091032505
70052	905	0.091032505
70052	6059	0.091032505
70052	649	0.0910325
70052	1708	0.0910325
70052	5489	0.0910325
70052	213	0.09103249
70052	1251	0.09103249
70052	5900	0.09103249
70052	739	0.09103248
70065	6430	0.0992202
70065	3271	0.09922017
70065	5020	0.09922014
70065	5716	0.09922014
70065	6731	0.099220134
70065	780	0.09922012
70065	358	0.09918553
70065	871	0.09918551
70065	2508	0.09918551
70065	3662	0.09918551
70183	3946	0.12394692
70183	714	0.12394691
70183	2322	0.123946905
70183	4189	0.123946905
70183	6012	0.123946905
70183	2821	0.1239469
70183	4444	0.1239469
70183	5025	0.1239469
70183	1903	0.12394689
70183	2518	0.12394689
70189	2249	0.10739609
70189	5455	0.10739608
70189	5660	0.10739608
70189	5668	0.10739607
70189	706	0.107396066
70189	5952	0.107396066
70189	360	0.10739606
70189	896	0.10732728
70189	2934	0.10732728
70189	976	0.107327275
70192	3917	0.098028526
70192	2016	0.09802851
70192	3580	0.09802851
70192	5258	0.09802851
70192	6122	0.09802851
70192	3256	0.0980285
70192	6382	0.0980285
70192	2169	0.098028496
70192	2494	0.098028496
70192	3919	0.098028496
70222	100	0.10985683
70222	567	0.10985683
70222	744	0.10985683
70222	1731	0.10985683
70222	2983	0.10985683
70222	2997	0.10985683
70222	3613	0.10985683
70222	193	0.10985682
70222	1207	0.10985682
70222	1918	0.10985682
70302	110	0.12367596
70302	6765	0.12367596
70302	700	0.12367595
70302	6043	0.12367595
70302	5034	0.12367594
70302	6326	0.12367594
70302	1752	0.123675935
70302	2569	0.123675935
70302	2640	0.123675935
70302	6404	0.123675935
70379	5007	0.13030946
70379	888	0.13030945
70379	4915	0.13030945
70379	1112	0.13030942
70379	4500	0.13030942
70379	6665	0.13030942
70379	2177	0.1303094
70379	2861	0.1303094
70379	6803	0.1303094
70379	129	0.13030939
70401	2134	0.09642088
70401	531	0.09642087
70401	3303	0.09642086
70401	545	0.096420854
70401	1307	0.096420854
70401	3051	0.096420854
70401	5422	0.096420854
70401	5887	0.096420854
70401	4214	0.09642085
70401	1720	0.09642084
70402	696	0.10006603
70402	61	0.10006602
70402	410	0.10006602
70402	2504	0.10006602
70402	1550	0.10006601
70402	240	0.100066006
70402	635	0.100066006
70402	964	0.100066006
70402	1578	0.100066006
70402	4188	0.100066006
70415	2269	0.09909976
70415	1579	0.099099755
70415	3286	0.099099755
70415	2354	0.09909975
70415	539	0.09909974
70415	2465	0.09909974
70415	4433	0.09909974
70415	5242	0.09909974
70415	5696	0.09909974
70415	2880	0.09909973
70435	1293	0.13361284
70435	1666	0.13361284
70435	2664	0.13361284
70435	3455	0.13361283
70435	2203	0.13361281
70435	2325	0.13361281
70435	2702	0.13361281
70435	4772	0.13361281
70435	5032	0.13361281
70435	6354	0.13361281
70448	1508	0.11994076
70448	3492	0.119940735
70448	3100	0.11994073
70448	65	0.11994071
70448	1073	0.11994071
70448	1120	0.11994071
70448	5735	0.119940706
70448	6621	0.119940706
70448	3661	0.1199407
70448	3387	0.11994068
70541	110	0.113095924
70541	6765	0.113095924
70541	6043	0.11309591
70541	700	0.1130959
70541	1144	0.1130959
70541	1752	0.1130959
70541	2569	0.1130959
70541	2640	0.1130959
70541	3469	0.1130959
70541	6326	0.1130959
70594	6548	0.10826755
70594	2755	0.10806164
70594	4919	0.108061634
70594	5702	0.108061634
70594	715	0.10806163
70594	1927	0.10806163
70594	3229	0.10806163
70594	1236	0.10806162
70594	4332	0.10806162
70594	6306	0.10806162
70628	3004	0.13169445
70628	3510	0.13169445
70628	5529	0.13169444
70628	5993	0.13169442
70628	2318	0.1316944
70628	4104	0.1316944
70628	1172	0.13108411
70628	2202	0.13108407
70628	2802	0.13108405
70628	3668	0.13108405
70649	1501	0.13347268
70649	1937	0.13347267
70649	302	0.13347265
70649	1545	0.13347265
70649	1659	0.13347265
70649	538	0.13347264
70649	1916	0.13347264
70649	3440	0.13347262
70649	3949	0.13347262
70649	1027	0.13347259
70666	1471	0.11899164
70666	4381	0.11899164
70666	2158	0.118991636
70666	4865	0.118991636
70666	908	0.11899163
70666	4483	0.11899162
70666	838	0.11899161
70666	2856	0.11899161
70666	3215	0.11899161
70666	3790	0.11899161
70703	631	0.11360889
70703	2860	0.113608874
70703	4669	0.113608874
70703	5871	0.113608874
70703	598	0.11360887
70703	1703	0.11360887
70703	2018	0.11360887
70703	3161	0.11360887
70703	4291	0.11360887
70703	4466	0.11360887
70772	4898	0.1142952
70772	6212	0.1142952
70772	1486	0.114295185
70772	96	0.11429518
70772	990	0.11429518
70772	4557	0.11429518
70772	6076	0.11429518
70772	6311	0.11429518
70772	570	0.11429517
70772	572	0.11429517
70864	2249	0.09194429
70864	5660	0.09194428
70864	706	0.09194427
70864	5455	0.09194427
70864	5668	0.09194426
70864	5952	0.09194425
70864	896	0.09164032
70864	2934	0.09164032
70864	976	0.091640316
70864	5594	0.0916403
70878	2230	0.118559
70878	2407	0.118558995
70878	3892	0.118558995
70878	1576	0.11855899
70878	2224	0.11855899
70878	3313	0.11855899
70878	4183	0.11855899
70878	4348	0.11855899
70878	1176	0.11855898
70878	4790	0.11855898
70918	5130	0.09808557
70918	115	0.09808554
70918	230	0.09808552
70918	286	0.09808552
70918	1117	0.09808552
70918	3586	0.09808552
70918	356	0.09808551
70918	1333	0.09808551
70918	2890	0.09808549
70918	479	0.09760648
70931	778	0.11202037
70931	1967	0.11202034
70931	5514	0.11202034
70931	5519	0.11202034
70931	6802	0.11202034
70931	1288	0.112020336
70931	1633	0.112020336
70931	4971	0.112020336
70931	5546	0.112020336
70931	105	0.11202033
71102	72	0.11281107
71102	523	0.11281107
71102	5856	0.11281106
71102	6237	0.11281106
71102	6756	0.11281106
71102	812	0.11281105
71102	1282	0.11281105
71102	2509	0.11281105
71102	385	0.112811044
71102	2882	0.112811044
71162	6346	0.116683066
71162	1034	0.11668306
71162	463	0.11668305
71162	1031	0.11668305
71162	2008	0.11668305
71162	2307	0.11668305
71162	6061	0.11668305
71162	3997	0.11668304
71162	6452	0.11668304
71162	2150	0.116683036
71181	5817	0.109119475
71181	5992	0.10911947
71181	118	0.10911946
71181	184	0.10911946
71181	1506	0.10911946
71181	4704	0.10911946
71181	6684	0.10911946
71181	6814	0.10911946
71181	540	0.10911945
71181	1667	0.10911945
71183	2782	0.10510672
71183	1398	0.1051067
71183	1541	0.1051067
71183	3559	0.1051067
71183	5372	0.1051067
71183	672	0.10510669
71183	1616	0.10510669
71183	2176	0.10510669
71183	2907	0.10510669
71183	5469	0.10510669
71193	4690	0.12924753
71193	6150	0.12924753
71193	1020	0.12924752
71193	201	0.12924749
71193	550	0.12924749
71193	2784	0.12924749
71193	2960	0.12924749
71193	3201	0.12924749
71193	5114	0.12924749
71193	5833	0.12924749
71207	2330	0.10756932
71207	5570	0.10756932
71207	5762	0.10756932
71207	244	0.107569315
71207	2785	0.1075693
71207	293	0.10756928
71207	1740	0.10756928
71207	1876	0.10756928
71207	4867	0.10756927
71207	5057	0.10756926
71223	5931	0.09918295
71223	2925	0.09918294
71223	2488	0.09918292
71223	6115	0.09918292
71223	6451	0.09918292
71223	4615	0.09918291
71223	6137	0.09918291
71223	3936	0.099182904
71223	3974	0.09918289
71223	6248	0.09902389
71234	3184	0.117739305
71234	380	0.11773928
71234	1063	0.117739275
71234	3910	0.117739275
71234	4538	0.117739275
71234	4812	0.117739275
71234	5556	0.117739275
71234	1589	0.11773927
71234	2079	0.11773927
71234	3150	0.11773927
71490	3039	0.107773826
71490	5163	0.107773826
71490	2214	0.10777382
71490	485	0.10777381
71490	2292	0.10777381
71490	6680	0.10777381
71490	474	0.1077738
71490	6786	0.1077738
71490	75	0.107773796
71490	1400	0.107773796
71522	3677	0.11028924
71522	1009	0.10845259
71522	1879	0.10845259
71522	3044	0.10845258
71522	4434	0.10845258
71522	4579	0.10845257
71522	5574	0.10845257
71522	6229	0.10845257
71522	6536	0.10845257
71522	6855	0.10845257
71587	1626	0.108175494
71587	3468	0.108175494
71587	127	0.10817548
71587	3544	0.10817547
71587	3738	0.10817547
71587	5525	0.10817547
71587	6611	0.10817547
71587	243	0.108175464
71587	416	0.108175464
71587	4743	0.108175464
71628	3327	0.12465561
71628	4154	0.124655604
71628	294	0.12465559
71628	4835	0.12465559
71628	5046	0.12465559
71628	1852	0.12465558
71628	2278	0.12465558
71628	4239	0.12465558
71628	4920	0.12465558
71628	5965	0.12465558
71662	2846	0.10622157
71662	3322	0.10622157
71662	5265	0.10498425
71662	5679	0.10498423
71662	519	0.10498421
71662	970	0.1049842
71662	4633	0.1049842
71662	3016	0.104984194
71662	6651	0.104984194
71662	2418	0.10498419
71712	730	0.12028885
71712	2372	0.12028883
71712	4284	0.12028881
71712	274	0.12007267
71712	434	0.12007267
71712	3318	0.12007266
71712	2050	0.119816534
71712	3177	0.11981651
71712	1875	0.119816504
71712	2233	0.119816504
71752	2868	0.122532666
71752	1471	0.12249147
71752	2856	0.12249147
71752	4381	0.12249147
71752	908	0.122491464
71752	2158	0.122491464
71752	4865	0.122491464
71752	3790	0.12249146
71752	4483	0.12249146
71752	3215	0.12249145
71786	1502	0.11045856
71786	350	0.11045855
71786	1514	0.11045855
71786	5279	0.11045855
71786	1946	0.110458545
71786	5193	0.110458545
71786	1212	0.11045854
71786	5985	0.11045854
71786	1630	0.11045853
71786	3043	0.110458516
71800	72	0.11284229
71800	523	0.11284229
71800	812	0.11284228
71800	6237	0.11284228
71800	1282	0.11284227
71800	2509	0.11284227
71800	3727	0.11284227
71800	5856	0.11284227
71800	385	0.11284226
71800	1426	0.11284226
71831	1034	0.11578403
71831	1031	0.11578402
71831	463	0.11578401
71831	6346	0.11578401
71831	2286	0.115784004
71831	2307	0.115784004
71831	3796	0.115784004
71831	3997	0.115784004
71831	5036	0.115784004
71831	5694	0.115784004
71853	1122	0.12154766
71853	1332	0.12154766
71853	1815	0.12154766
71853	4768	0.12154766
71853	4770	0.12154766
71853	4845	0.12154766
71853	3782	0.121547654
71853	4053	0.121547654
71853	5562	0.12154765
71853	6067	0.12154765
71900	475	0.116871506
71900	3637	0.11530462
71900	4565	0.11505991
71900	6254	0.1146511
71900	3844	0.11465104
71900	371	0.1146365
71900	4614	0.11425692
71900	4203	0.11422771
71900	4080	0.1142277
71900	1604	0.11422767
71902	1023	0.12452874
71902	4221	0.124528706
71902	994	0.124528676
71902	2432	0.12451391
71902	4780	0.12451391
71902	1189	0.1245139
71902	6163	0.1245139
71902	1180	0.124513894
71902	4058	0.124513894
71902	6438	0.124513894
72099	444	0.11109562
72099	3882	0.11109562
72099	381	0.11109561
72099	6335	0.11109561
72099	2788	0.1110956
72099	3072	0.11109559
72099	4346	0.11109559
72099	6590	0.11109559
72099	165	0.111095585
72099	2235	0.111095585
72100	976	0.09856463
72100	2934	0.09856463
72100	896	0.098564625
72100	3783	0.09856462
72100	5557	0.09856461
72100	1653	0.0985646
72100	5594	0.0985646
72100	1660	0.098564595
72100	2989	0.098564595
72100	3740	0.098564595
72183	259	0.10955686
72183	2001	0.10955686
72183	6763	0.10955686
72183	733	0.109556854
72183	944	0.109556854
72183	1618	0.109556854
72183	1823	0.109556854
72183	1833	0.109556854
72183	2687	0.109556854
72183	3647	0.109556854
72190	149	0.09416525
72190	893	0.094165236
72190	3545	0.094165236
72190	5768	0.094165236
72190	441	0.09416523
72190	761	0.09416522
72190	26	0.09416521
72190	3634	0.094165206
72190	4314	0.09416519
72190	4453	0.09416519
72214	1259	0.09874348
72214	6716	0.09874347
72214	879	0.09874346
72214	2742	0.09874346
72214	4248	0.09874346
72214	50	0.09874345
72214	157	0.09874345
72214	182	0.09874345
72214	1533	0.09874345
72214	2302	0.09874345
72238	531	0.110133015
72238	1307	0.11013301
72238	2134	0.11013301
72238	3303	0.11013301
72238	545	0.110133
72238	2877	0.11013299
72238	5422	0.11013299
72238	5887	0.11013299
72238	1720	0.110132985
72238	2553	0.110132985
72287	3353	0.10248506
72287	4228	0.10248506
72287	3552	0.10248505
72287	770	0.102485046
72287	1840	0.102485046
72287	4012	0.102485046
72287	4226	0.102485046
72287	4685	0.102485046
72287	311	0.10248504
72287	2034	0.10248504
72296	6161	0.11558776
72296	1580	0.11558774
72296	872	0.115587726
72296	3096	0.115587726
72296	5212	0.115587726
72296	5348	0.11558772
72296	2501	0.11558771
72296	3102	0.11558771
72296	4502	0.11558771
72296	5495	0.11558771
72352	6698	0.09672314
72352	6903	0.09672314
72352	269	0.096723124
72352	797	0.096723124
72352	2605	0.096723124
72352	6472	0.096723124
72352	249	0.09672312
72352	1250	0.09672312
72352	1311	0.09672312
72352	2709	0.09672312
72368	110	0.09298076
72368	6043	0.09298074
72368	6676	0.09298074
72368	6765	0.09298074
72368	1330	0.092980735
72368	1752	0.092980735
72368	2179	0.092980735
72368	2569	0.092980735
72368	2741	0.092980735
72368	700	0.09298073
72418	734	0.116737366
72418	4299	0.116737366
72418	3337	0.11673734
72418	2791	0.116737336
72418	3327	0.11646472
72418	4154	0.11646471
72418	4835	0.116464704
72418	294	0.1164647
72418	1852	0.11646469
72418	2278	0.11646469
72451	463	0.09945817
72451	1031	0.09945817
72451	1034	0.09945817
72451	6346	0.099458165
72451	5154	0.09945816
72451	2307	0.09945815
72451	2923	0.09945815
72451	3997	0.09945815
72451	4498	0.09945815
72451	5694	0.09945815
72470	982	0.09683202
72470	4370	0.096832
72470	6250	0.096832
72470	1045	0.09683199
72470	1853	0.09683199
72470	5191	0.09683199
72470	260	0.096831985
72470	4673	0.096831985
72470	2301	0.09683198
72470	2950	0.09683198
72523	2696	0.099715225
72523	422	0.09971522
72523	504	0.09971522
72523	4334	0.09971522
72523	5015	0.09971522
72523	5632	0.09971522
72523	298	0.09971521
72523	798	0.09971521
72523	802	0.09971521
72523	1743	0.09971521
72530	6765	0.106469415
72530	110	0.10646941
72530	6043	0.10646941
72530	700	0.1064694
72530	1752	0.1064694
72530	2569	0.1064694
72530	6326	0.1064694
72530	1144	0.10646939
72530	1330	0.10646939
72530	1360	0.10646939
72575	1624	0.1296705
72575	4175	0.1296705
72575	4273	0.1296705
72575	79	0.12967049
72575	3059	0.12967049
72575	144	0.12967047
72575	168	0.12967047
72575	251	0.12967047
72575	450	0.12967047
72575	1775	0.12967047
72601	72	0.10030187
72601	523	0.10030186
72601	812	0.10030186
72601	2509	0.10030186
72601	6237	0.10030186
72601	6756	0.100301854
72601	385	0.10030185
72601	1282	0.10030185
72601	1426	0.10030185
72601	1945	0.10030185
72636	681	0.10246837
72636	5647	0.10246834
72636	2030	0.101794966
72636	1111	0.10179495
72636	6727	0.101794936
72636	5085	0.10179491
72636	5083	0.101432845
72636	53	0.10113455
72636	824	0.10075946
72636	3835	0.10075945
72707	110	0.12534782
72707	6765	0.12534782
72707	2640	0.12534781
72707	6043	0.12534781
72707	700	0.1253478
72707	1144	0.1253478
72707	1330	0.1253478
72707	1408	0.1253478
72707	1736	0.1253478
72707	1752	0.1253478
72742	4286	0.101112574
72742	14	0.10111254
72742	4253	0.10111252
72742	2651	0.1010221
72742	4267	0.1010221
72742	6858	0.1010221
72742	3424	0.10102208
72742	4999	0.10102207
72742	6839	0.101022065
72742	5398	0.10102206
72785	2956	0.12631115
72785	2268	0.12631114
72785	47	0.12631112
72785	749	0.12631111
72785	6800	0.12631111
72785	2611	0.1263111
72785	2815	0.1263111
72785	3575	0.1263111
72785	4779	0.1263111
72785	6244	0.1263111
72990	456	0.09320992
72990	4573	0.0932099
72990	1401	0.09320989
72990	1102	0.093209885
72990	3456	0.09320988
72990	4739	0.09320986
72990	4017	0.093209855
72990	3644	0.09320985
72990	5326	0.09268092
72990	730	0.09261954
73003	733	0.10084252
73003	944	0.10084252
73003	5150	0.10084252
73003	1823	0.10084251
73003	3710	0.10084251
73003	6763	0.10084251
73003	259	0.100842506
73003	546	0.100842506
73003	648	0.100842506
73003	1387	0.100842506
73022	2339	0.107701525
73022	320	0.10770152
73022	346	0.10770152
73022	3743	0.10770152
73022	4014	0.10770152
73022	1442	0.10770151
73022	1567	0.10770151
73022	1658	0.10770151
73022	1726	0.10770151
73022	1855	0.10770151
73044	384	0.10176353
73044	581	0.10176353
73044	232	0.10176352
73044	732	0.10176352
73044	1436	0.10176352
73044	3480	0.10176352
73044	3625	0.10176352
73044	6388	0.10176352
73044	1512	0.10176351
73044	1680	0.10176351
73056	4175	0.09903821
73056	4342	0.09903821
73056	79	0.099038206
73056	251	0.0990382
73056	1624	0.0990382
73056	2728	0.0990382
73056	3059	0.0990382
73056	4177	0.0990382
73056	4273	0.0990382
73056	4525	0.0990382
73330	2752	0.13504979
73330	2803	0.13504979
73330	3018	0.13504979
73330	3916	0.13504979
73330	4293	0.13504979
73330	5558	0.13504979
73330	6341	0.13504979
73330	628	0.13504978
73330	3978	0.13504978
73330	119	0.13504976
73363	5792	0.106058285
73363	1303	0.10605828
73363	2357	0.10605828
73363	4703	0.10605828
73363	1873	0.10605827
73363	2549	0.10605827
73363	3534	0.10605827
73363	3724	0.10605827
73363	6428	0.10605827
73363	4936	0.10605826
73394	394	0.117701724
73394	414	0.11770171
73394	5911	0.11770171
73394	6321	0.11770171
73394	3199	0.117701694
73394	2102	0.11770167
73394	6462	0.11770167
73394	78	0.117701665
73394	778	0.1175364
73394	1967	0.11753638
73398	4158	0.09493132
73398	575	0.09493131
73398	3768	0.09493131
73398	1454	0.094931304
73398	4208	0.09493129
73398	498	0.094931275
73398	3958	0.094931275
73398	4452	0.094874814
73398	4844	0.094874814
73398	2841	0.09487481
73548	118	0.11119237
73548	184	0.11119236
73548	1506	0.11119236
73548	1667	0.11119236
73548	5817	0.11119236
73548	5992	0.11119236
73548	6814	0.11119236
73548	540	0.11119235
73548	4704	0.11119235
73548	5079	0.11119235
73588	4147	0.12622674
73588	6001	0.12622674
73588	2756	0.12622671
73588	5047	0.12622671
73588	6498	0.12622671
73588	1241	0.1262267
73588	1861	0.1262267
73588	2758	0.1262267
73588	3257	0.1262267
73588	3801	0.1262267
73622	3327	0.11308372
73622	4154	0.113083705
73622	4835	0.113083705
73622	83	0.11308369
73622	294	0.11308369
73622	2278	0.11308369
73622	4133	0.11308369
73622	4239	0.11308369
73622	4920	0.11308369
73622	5046	0.11308369
73651	2164	0.07886087
73651	688	0.078860864
73651	1233	0.078860864
73651	4656	0.078860864
73651	6488	0.078860864
73651	134	0.07886086
73651	1739	0.07886086
73651	2173	0.07886086
73651	3217	0.07886086
73651	393	0.07886085
73681	696	0.08548939
73681	2504	0.08548939
73681	5227	0.08548939
73681	61	0.085489385
73681	410	0.085489385
73681	964	0.085489385
73681	1550	0.085489385
73681	1774	0.085489385
73681	448	0.08548938
73681	635	0.08548938
73741	3946	0.103306755
73741	4189	0.103306755
73741	714	0.10330675
73741	2322	0.10330675
73741	1903	0.10330674
73741	2821	0.10330674
73741	4444	0.10330674
73741	4665	0.10330674
73741	5025	0.10330674
73741	5662	0.10330674
73795	6192	0.09552195
73795	3403	0.09552194
73795	4909	0.09552194
73795	382	0.09552193
73795	480	0.09552193
73795	6263	0.09552193
73795	6910	0.09552193
73795	1037	0.09552192
73795	5974	0.09552191
73795	396	0.09552187
73837	733	0.107657425
73837	1813	0.107657425
73837	3647	0.107657425
73837	4695	0.107657425
73837	259	0.10765742
73837	648	0.10765742
73837	1618	0.10765742
73837	1823	0.10765742
73837	2001	0.10765742
73837	2687	0.10765742
73923	4100	0.12430992
73923	436	0.12430991
73923	2684	0.12430991
73923	3619	0.12430991
73923	4036	0.12430991
73923	4025	0.124309905
73923	719	0.1243099
73923	4745	0.1243099
73923	6187	0.1243099
73923	6252	0.1243099
74026	4898	0.14588368
74026	6212	0.14588368
74026	6535	0.14588368
74026	990	0.14588366
74026	4557	0.14588366
74026	5829	0.14588366
74026	6084	0.14588366
74026	96	0.14588365
74026	572	0.14588365
74026	839	0.14588365
74056	2287	0.12568538
74056	5804	0.12568536
74056	4446	0.12568535
74056	2420	0.12568533
74056	6895	0.12568533
74056	6912	0.12562123
74056	2421	0.124439135
74056	2911	0.12443911
74056	1844	0.124439105
74056	4627	0.1244391
74093	714	0.09878847
74093	2322	0.09878847
74093	3946	0.09878847
74093	4189	0.09878847
74093	6012	0.09878847
74093	1903	0.098788455
74093	2518	0.098788455
74093	2821	0.098788455
74093	4444	0.098788455
74093	4665	0.098788455
74106	5761	0.10854776
74106	1780	0.10854773
74106	5268	0.10854773
74106	6468	0.108547725
74106	4124	0.1085477
74106	322	0.10854769
74106	290	0.108264446
74106	763	0.10782405
74106	3489	0.10782403
74106	4846	0.10782403
74175	1910	0.101746336
74175	2976	0.101746336
74175	4843	0.101746336
74175	1819	0.10174633
74175	1999	0.10174633
74175	1484	0.10174632
74175	4313	0.10174632
74175	1867	0.10174631
74175	4440	0.10174631
74175	813	0.101746306
74185	503	0.08617216
74185	1346	0.08617216
74185	2955	0.08617216
74185	4300	0.08617216
74185	5434	0.08617216
74185	339	0.08617215
74185	991	0.08617213
74185	703	0.086172126
74185	456	0.08560698
74185	4573	0.08560696
74274	444	0.09928898
74274	3882	0.09928898
74274	6335	0.09928896
74274	381	0.099288955
74274	2788	0.099288955
74274	3072	0.099288955
74274	4346	0.09928895
74274	6590	0.09928895
74274	165	0.09928894
74274	1140	0.09928894
74286	1626	0.096684024
74286	3468	0.09668401
74286	243	0.096683994
74286	3738	0.096683994
74286	5525	0.096683994
74286	6611	0.096683994
74286	4743	0.09668399
74286	6678	0.09668399
74286	127	0.09668398
74286	416	0.09668398
74328	3402	0.08734143
74328	1857	0.08734142
74328	718	0.087341405
74328	5406	0.087341405
74328	496	0.0873414
74328	2192	0.0873414
74328	3223	0.0873414
74328	3985	0.0873414
74328	5486	0.0873414
74328	5926	0.0873414
74356	5189	0.09719412
74356	6914	0.09719412
74356	3279	0.09719411
74356	5113	0.097194105
74356	1829	0.09719409
74356	3099	0.09719409
74356	4018	0.09719409
74356	6584	0.097194076
74356	2839	0.09719406
74356	688	0.09695422
74453	431	0.09668368
74453	1440	0.09659961
74453	4202	0.0965996
74453	2090	0.096599594
74453	3697	0.096599594
74453	6886	0.096599594
74453	1087	0.09659958
74453	4757	0.09659958
74453	5220	0.09659958
74453	5613	0.09659958
74487	5161	0.106213294
74487	5217	0.106213264
74487	1240	0.10379043
74487	6144	0.10376325
74487	4171	0.10353316
74487	2956	0.10339278
74487	749	0.10339276
74487	2268	0.10339276
74487	2815	0.10339275
74487	47	0.10339274
74493	4203	0.12425813
74493	4080	0.124258116
74493	1604	0.124258086
74493	3772	0.124258086
74493	5711	0.12424967
74493	3292	0.12424966
74493	5907	0.12424965
74493	767	0.124249645
74493	4928	0.124249645
74493	2424	0.12424964
74571	6765	0.11691454
74571	110	0.11691453
74571	700	0.116914526
74571	1752	0.116914526
74571	6043	0.116914526
74571	2640	0.11691452
74571	1144	0.11691451
74571	2569	0.11691451
74571	5034	0.11691451
74571	5572	0.11691451
74630	4617	0.10670057
74630	3955	0.10670054
74630	3427	0.10670053
74630	3803	0.106700525
74630	5106	0.106700525
74630	5601	0.106700525
74630	6395	0.106700525
74630	3342	0.10670051
74630	5705	0.10670051
74630	2236	0.106700495
74665	6057	0.10681243
74665	4493	0.106812425
74665	2463	0.10681242
74665	3657	0.10681242
74665	3856	0.10681242
74665	4524	0.10681242
74665	858	0.10681241
74665	1641	0.10681241
74665	860	0.1068124
74665	1643	0.1068124
74687	3287	0.11870667
74687	5453	0.11870667
74687	250	0.11870666
74687	3247	0.11870666
74687	3861	0.11870665
74687	6609	0.11870665
74687	3251	0.11870664
74687	6701	0.11870664
74687	6726	0.11870664
74687	1842	0.118706636
74689	2951	0.10468133
74689	3396	0.10468133
74689	5371	0.10468133
74689	6605	0.104681306
74689	6825	0.104681306
74689	459	0.1046813
74689	1301	0.1046813
74689	2004	0.1046813
74689	6031	0.10468129
74689	1247	0.10468128
74691	4617	0.123719685
74691	3955	0.123719655
74691	3427	0.12371965
74691	5106	0.12371965
74691	6395	0.12371965
74691	3803	0.12371963
74691	5601	0.12371963
74691	5705	0.12371963
74691	3342	0.123719625
74691	2236	0.12371962
74743	4519	0.11750147
74743	5021	0.11750146
74743	5659	0.11750146
74743	4935	0.117501445
74743	3554	0.11750144
74743	4449	0.11750144
74743	266	0.11750142
74743	2727	0.11750142
74743	4155	0.11750142
74743	1665	0.11690789
74758	1609	0.10712315
74758	4264	0.107123144
74758	795	0.10712314
74758	2112	0.10712313
74758	5035	0.10712312
74758	4926	0.107123114
74758	2111	0.10712311
74758	6705	0.10712311
74758	3935	0.1071231
74758	6479	0.10712308
74833	5195	0.11396916
74833	3479	0.11396913
74833	1399	0.11396912
74833	6114	0.11396912
74833	5913	0.1139691
74833	4844	0.11387122
74833	4452	0.1138712
74833	4547	0.1138712
74833	4942	0.113871194
74833	1950	0.11387119
74849	6711	0.104374394
74849	6494	0.10437439
74849	2793	0.10437438
74849	4076	0.104374364
74849	4081	0.104374364
74849	6712	0.104374364
74849	2818	0.10437436
74849	2389	0.10437435
74849	3857	0.10437435
74849	5374	0.10437435
74911	384	0.09566671
74911	3480	0.09566671
74911	3581	0.09566671
74911	732	0.0956667
74911	5156	0.0956667
74911	232	0.09566669
74911	411	0.09566669
74911	581	0.09566669
74911	1436	0.09566669
74911	1512	0.09566669
75013	75	0.10230926
75013	3039	0.10230926
75013	6680	0.10230926
75013	485	0.10230925
75013	2214	0.10230925
75013	2292	0.10230925
75013	5163	0.10230925
75013	975	0.10230924
75013	1496	0.10230924
75013	2215	0.10230924
75028	696	0.11377977
75028	2504	0.11377977
75028	410	0.11377975
75028	1550	0.11377975
75028	1578	0.11377975
75028	61	0.113779746
75028	635	0.113779746
75028	4793	0.113779746
75028	5227	0.113779746
75028	448	0.11377974
75081	2951	0.099146515
75081	3396	0.099146515
75081	5371	0.099146515
75081	6605	0.0991465
75081	2004	0.09914649
75081	459	0.099146485
75081	4259	0.099146485
75081	6825	0.099146485
75081	1247	0.09914648
75081	1301	0.09914648
75089	118	0.11648291
75089	184	0.11648291
75089	5817	0.11648291
75089	5992	0.116482906
75089	540	0.1164829
75089	5079	0.1164829
75089	6814	0.1164829
75089	1506	0.11648289
75089	1667	0.11648289
75089	4605	0.11648289
75115	5984	0.124714516
75115	5482	0.12471449
75115	3426	0.12471448
75115	5200	0.12471448
75115	6287	0.12471448
75115	3886	0.124714464
75115	4085	0.124714464
75115	4439	0.12471446
75115	6436	0.12471446
75115	1108	0.12471445
75119	189	0.10987158
75119	1227	0.109204486
75119	1762	0.10920447
75119	1949	0.10920447
75119	5107	0.109204456
75119	4890	0.10920445
75119	199	0.109204434
75119	502	0.10920443
75119	4924	0.10920443
75119	37	0.1087325
75149	1731	0.13434361
75149	193	0.13434358
75149	744	0.13434358
75149	1709	0.13434358
75149	2983	0.13434358
75149	2997	0.13434358
75149	3234	0.13434358
75149	4197	0.13434358
75149	100	0.13434356
75149	313	0.13434356
75330	110	0.103959516
75330	700	0.103959516
75330	6043	0.103959516
75330	6765	0.103959516
75330	886	0.1039595
75330	1144	0.1039595
75330	1330	0.1039595
75330	1360	0.1039595
75330	1752	0.1039595
75330	2005	0.1039595
75429	72	0.11090125
75429	523	0.110901244
75429	812	0.11090124
75429	2509	0.11090124
75429	2882	0.11090124
75429	5856	0.11090124
75429	6237	0.11090124
75429	1282	0.11090123
75429	385	0.11090122
75429	1426	0.11090122
75485	5130	0.10911587
75485	115	0.109115824
75485	3586	0.109115824
75485	230	0.10911582
75485	286	0.10911581
75485	356	0.109115794
75485	1117	0.109115794
75485	1333	0.10911578
75485	2890	0.10911578
75485	2955	0.10906461
75491	384	0.09716949
75491	581	0.09716949
75491	732	0.09716949
75491	3480	0.09716949
75491	3581	0.09716949
75491	232	0.09716948
75491	5156	0.09716948
75491	6388	0.09716948
75491	411	0.097169474
75491	665	0.097169474
75551	4898	0.11604944
75551	4557	0.11604943
75551	6212	0.11604943
75551	990	0.116049424
75551	1486	0.116049424
75551	6084	0.116049424
75551	6311	0.116049424
75551	6535	0.116049424
75551	96	0.11604942
75551	572	0.11604942
75701	6520	0.11744447
75701	1656	0.11744445
75701	4010	0.11744445
75701	4932	0.11744445
75701	5822	0.11744444
75701	2426	0.11744443
75701	5322	0.11688639
75701	5506	0.11688631
75701	3279	0.11609833
75701	5189	0.11609833
75762	3341	0.114154555
75762	5636	0.11415455
75762	6307	0.11415455
75762	1355	0.11415453
75762	1902	0.11415453
75762	3310	0.11415453
75762	3810	0.11415453
75762	5162	0.11415453
75762	6486	0.11415453
75762	5216	0.114154525
75777	193	0.11299448
75777	1207	0.11299448
75777	1731	0.11299448
75777	2997	0.11299448
75777	3234	0.11299448
75777	3613	0.11299448
75777	4197	0.11299448
75777	744	0.11299447
75777	1709	0.11299447
75777	100	0.11299446
75787	1743	0.11802435
75787	2696	0.11802435
75787	4334	0.11802435
75787	5015	0.11802434
75787	298	0.118024334
75787	422	0.118024334
75787	504	0.118024334
75787	705	0.118024334
75787	798	0.118024334
75787	1051	0.118024334
75809	3500	0.10827214
75809	1487	0.108272135
75809	5297	0.10827212
75809	2037	0.10827208
75809	4061	0.10827208
75809	5352	0.10697058
75809	2040	0.10697056
75809	2376	0.10697056
75809	3536	0.10697055
75809	5786	0.10697053
75819	2050	0.1052782
75819	3177	0.10527819
75819	1875	0.10527818
75819	2755	0.10522792
75819	5702	0.1052279
75819	715	0.105227895
75819	1236	0.105227895
75819	1927	0.105227895
75819	3229	0.105227895
75819	6306	0.105227895
75860	6860	0.08759275
75860	5457	0.087525815
75860	2050	0.08717484
75860	3177	0.08717483
75860	1875	0.08717482
75860	2233	0.08717482
75860	1377	0.08710785
75860	103	0.0863837
75860	730	0.08625212
75860	2372	0.08625211
76001	4898	0.09159972
76001	6212	0.09159971
76001	96	0.0915997
76001	572	0.0915997
76001	990	0.0915997
76001	1486	0.0915997
76001	3103	0.0915997
76001	4480	0.0915997
76001	5101	0.0915997
76001	5313	0.0915997
76019	631	0.11152925
76019	2860	0.111529246
76019	5871	0.111529246
76019	2018	0.11152924
76019	3161	0.11152924
76019	598	0.11152923
76019	1703	0.11152923
76019	2939	0.11152923
76019	4291	0.11152923
76019	4466	0.11152923
76102	1855	0.10507904
76102	3743	0.10507904
76102	320	0.10507903
76102	346	0.10507903
76102	2339	0.10507903
76102	4014	0.10507903
76102	6863	0.10507903
76102	755	0.105079025
76102	1106	0.105079025
76102	1442	0.105079025
76105	5163	0.11190346
76105	3039	0.11190345
76105	2214	0.111903444
76105	2292	0.111903444
76105	6680	0.111903444
76105	75	0.11190344
76105	485	0.11190344
76105	1496	0.11190343
76105	2215	0.11190343
76105	4135	0.11190343
76151	3645	0.10873017
76151	6248	0.10736358
76151	2695	0.10736357
76151	2105	0.10736355
76151	2419	0.10736355
76151	5385	0.10736355
76151	4990	0.107363544
76151	5806	0.107354425
76151	2122	0.10735442
76151	6639	0.10735442
76168	1031	0.11596294
76168	1034	0.11596294
76168	2964	0.11596294
76168	6346	0.11596294
76168	463	0.11596293
76168	2307	0.11596293
76168	2923	0.11596293
76168	484	0.11596292
76168	1327	0.11596292
76168	1787	0.11596292
76173	4228	0.110185504
76173	3552	0.11018548
76173	1840	0.110185474
76173	3353	0.110185474
76173	4012	0.110185474
76173	4225	0.110185474
76173	4685	0.110185474
76173	24	0.11018547
76173	770	0.11018547
76173	1001	0.11018547
76218	5431	0.10530598
76218	1094	0.105305955
76218	4165	0.10530594
76218	982	0.10514176
76218	1045	0.10514172
76218	1853	0.10514172
76218	6250	0.10514172
76218	2301	0.105141714
76218	4370	0.105141714
76218	5191	0.105141714
76223	551	0.11541562
76223	1547	0.11541562
76223	5109	0.11541562
76223	5499	0.11541562
76223	6920	0.11541562
76223	1963	0.1154156
76223	4473	0.1154156
76223	4507	0.1154156
76223	625	0.115415595
76223	6322	0.115415595
76351	3184	0.11399336
76351	380	0.11399335
76351	4114	0.11399335
76351	1589	0.11399334
76351	4812	0.11399334
76351	4946	0.11399334
76351	5556	0.11399334
76351	1063	0.11399333
76351	3910	0.11399333
76351	4538	0.11399333
76352	6023	0.08753514
76352	1377	0.08748645
76352	434	0.087427944
76352	274	0.08742794
76352	3318	0.08742793
76352	3231	0.08701891
76352	2867	0.08697025
76352	2513	0.086970225
76352	4501	0.086970225
76352	5254	0.086970225
76482	2951	0.115726605
76482	5371	0.115726605
76482	3396	0.1157266
76482	6605	0.11572659
76482	2004	0.11572658
76482	4259	0.115726575
76482	6825	0.115726575
76482	459	0.11572657
76482	1247	0.11572656
76482	1301	0.11572656
76483	4840	0.09375627
76483	5517	0.09375625
76483	334	0.09375624
76483	5867	0.09375624
76483	6385	0.09375624
76483	2493	0.093756236
76483	3445	0.093756236
76483	6402	0.093756236
76483	1286	0.09375623
76483	3175	0.09375623
76530	696	0.12989643
76530	2504	0.12989643
76530	1550	0.12989642
76530	1578	0.12989642
76530	61	0.1298964
76530	240	0.1298964
76530	410	0.1298964
76530	530	0.1298964
76530	635	0.1298964
76530	964	0.1298964
76532	5223	0.1121082
76532	3117	0.112108186
76532	3614	0.11210817
76532	581	0.112107076
76532	384	0.11210707
76532	3480	0.11210707
76532	6388	0.11210707
76532	411	0.11210706
76532	732	0.11210706
76532	3581	0.11210706
76576	5563	0.110336535
76576	2580	0.11033653
76576	2520	0.11033651
76576	482	0.11033649
76576	3595	0.11033648
76576	714	0.1102158
76576	3946	0.11021579
76576	2322	0.11021578
76576	4189	0.11021578
76576	5025	0.110215776
76710	4756	0.1256073
76710	3572	0.12560728
76710	2304	0.12560727
76710	5530	0.12560727
76710	1722	0.12560725
76710	3349	0.12560725
76710	6140	0.12560725
76710	6544	0.12560725
76710	4384	0.12560724
76710	3353	0.12539223
76741	4286	0.11221537
76741	14	0.11221531
76741	4253	0.1122153
76741	1988	0.112047434
76741	5621	0.11204742
76741	5987	0.11204742
76741	2013	0.1120474
76741	2997	0.111805774
76741	744	0.11180577
76741	1731	0.11180577
76803	2951	0.09896891
76803	3396	0.09896891
76803	5371	0.09896891
76803	6825	0.0989689
76803	459	0.09896889
76803	2004	0.09896889
76803	6605	0.09896889
76803	1247	0.098968886
76803	1301	0.09896888
76803	3243	0.09896888
76812	193	0.11157352
76812	2983	0.11157352
76812	2997	0.11157352
76812	3613	0.11157352
76812	4197	0.11157352
76812	744	0.11157351
76812	1207	0.11157351
76812	1709	0.11157351
76812	6887	0.11157351
76812	100	0.1115735
76815	110	0.12678915
76815	700	0.12678915
76815	6043	0.12678915
76815	6765	0.12678915
76815	1752	0.12678914
76815	3469	0.12678914
76815	5034	0.12678914
76815	886	0.12678912
76815	1144	0.12678912
76815	1154	0.12678912
76818	696	0.12013415
76818	2504	0.12013414
76818	61	0.12013412
76818	410	0.12013412
76818	635	0.12013412
76818	1550	0.12013412
76818	3329	0.120134115
76818	4156	0.120134115
76818	4187	0.120134115
76818	4188	0.120134115
76873	4898	0.1292757
76873	572	0.12927568
76873	1486	0.12927568
76873	4557	0.12927568
76873	5464	0.12927568
76873	6212	0.12927568
76873	6535	0.12927568
76873	96	0.12927566
76873	839	0.12927566
76873	990	0.12927566
76888	714	0.12326984
76888	3946	0.12326983
76888	2322	0.123269826
76888	4189	0.123269826
76888	4665	0.12326982
76888	6012	0.12326982
76888	481	0.12326981
76888	2821	0.12326981
76888	4444	0.12326981
76888	5025	0.12326981
76942	434	0.09636892
76942	3318	0.09636891
76942	274	0.0963689
76942	5954	0.09591382
76942	3943	0.09591381
76942	3094	0.0959138
76942	4548	0.0959138
76942	4994	0.09591377
76942	1957	0.095821075
76942	701	0.09582107
76976	3784	0.10966008
76976	3045	0.109660074
76976	3932	0.109660074
76976	3288	0.109660044
76976	5410	0.109660044
76976	6885	0.10960394
76976	5172	0.10891238
76976	5265	0.10891237
76976	5679	0.10891236
76976	519	0.10891235
77039	109	0.11456113
77039	5561	0.11456113
77039	6100	0.11456112
77039	1167	0.11456111
77039	1197	0.11456111
77039	2363	0.114561096
77039	4581	0.114561096
77039	3680	0.11456109
77039	1427	0.11456108
77039	2242	0.11456108
77052	1915	0.0995321
77052	4224	0.09953209
77052	3502	0.09953208
77052	3874	0.09953208
77052	5262	0.09953208
77052	5964	0.099532075
77052	1340	0.09953207
77052	2336	0.09953207
77052	2603	0.09953207
77052	2632	0.09953207
77181	3018	0.10158945
77181	5558	0.10158945
77181	2752	0.10158944
77181	4293	0.10158944
77181	4403	0.10158944
77181	6341	0.10158944
77181	2669	0.101589434
77181	3916	0.101589434
77181	628	0.10158943
77181	1745	0.10158943
77261	2951	0.091811925
77261	5371	0.091811925
77261	3396	0.09181192
77261	2004	0.09181191
77261	6605	0.09181191
77261	459	0.0918119
77261	4259	0.0918119
77261	6825	0.0918119
77261	1247	0.091811895
77261	1301	0.091811895
77273	1293	0.111071125
77273	1666	0.111071125
77273	2664	0.11107111
77273	2702	0.11107111
77273	2203	0.111071095
77273	2325	0.111071095
77273	3455	0.111071095
77273	4772	0.111071095
77273	6354	0.11107109
77273	6829	0.11107109
77307	110	0.101751864
77307	6043	0.10175186
77307	700	0.10175185
77307	1752	0.10175185
77307	2569	0.10175185
77307	4989	0.10175185
77307	6326	0.10175185
77307	6676	0.10175185
77307	6765	0.10175185
77307	1154	0.10175184
77359	384	0.10927737
77359	581	0.10927737
77359	732	0.10927737
77359	3581	0.10927737
77359	6388	0.10927737
77359	1436	0.10927736
77359	232	0.10927735
77359	665	0.10927735
77359	1512	0.10927735
77359	1680	0.10927735
77383	2283	0.12559661
77383	5756	0.1253534
77383	2213	0.124281436
77383	5943	0.12428136
77383	1963	0.124038205
77383	5499	0.124038205
77383	2524	0.1240382
77383	6920	0.1240382
77383	8	0.12403819
77383	625	0.12403819
77480	3076	0.13778314
77480	4240	0.13778314
77480	3452	0.13778313
77480	3787	0.13778313
77480	1441	0.13778311
77480	2832	0.13778311
77480	3242	0.13778311
77480	3184	0.13746478
77480	1589	0.13746476
77480	4114	0.13746476
77491	1931	0.10350044
77491	2437	0.10350044
77491	5969	0.10350044
77491	6288	0.10350044
77491	6350	0.103500426
77491	374	0.10350042
77491	4764	0.10350042
77491	6539	0.10350042
77491	116	0.10350041
77491	2312	0.10350041
77499	2947	0.09857279
77499	6778	0.09857279
77499	3404	0.098572776
77499	4904	0.098572776
77499	6337	0.098572776
77499	1827	0.09857276
77499	2020	0.09857276
77499	4088	0.09857276
77499	5508	0.09857276
77499	6278	0.09857276
77517	6166	0.12632114
77517	2262	0.12533179
77517	3267	0.12533179
77517	4481	0.12533177
77517	6728	0.12533176
77517	5481	0.124942094
77517	6896	0.124942094
77517	3982	0.12494209
77517	6027	0.12494208
77517	2263	0.12494207
77585	2690	0.0878149
77585	3986	0.0878149
77585	1817	0.08769772
77585	4731	0.0876977
77585	2883	0.087697685
77585	350	0.08755706
77585	1502	0.08755706
77585	1514	0.08755705
77585	1946	0.08755705
77585	5193	0.08755705
77724	1812	0.1081485
77724	5043	0.1081485
77724	5448	0.10814849
77724	1089	0.108148485
77724	5485	0.108148485
77724	5537	0.108148485
77724	1596	0.10814848
77724	2739	0.10814848
77724	71	0.10814847
77724	306	0.10814847
77772	1701	0.11139721
77772	904	0.11139719
77772	5298	0.11139719
77772	5311	0.11139719
77772	2052	0.111397184
77772	1127	0.11139718
77772	4380	0.11139718
77772	5649	0.11139718
77772	6028	0.11139718
77772	841	0.11139716
77809	4087	0.12142278
77809	5105	0.12142278
77809	282	0.12142277
77809	3506	0.12142277
77809	5053	0.12142277
77809	52	0.12142275
77809	337	0.12142275
77809	1066	0.12142275
77809	3718	0.12142275
77809	4474	0.12142275
77816	320	0.10279748
77816	346	0.10279748
77816	1567	0.10279748
77816	1855	0.10279748
77816	2339	0.10279748
77816	3743	0.10279748
77816	4014	0.10279748
77816	6863	0.10279748
77816	1629	0.10279747
77816	2573	0.10279747
77860	2934	0.10052067
77860	976	0.10052066
77860	896	0.10052065
77860	3783	0.10052064
77860	5557	0.10052063
77860	5594	0.10052063
77860	1653	0.100520626
77860	3740	0.100520626
77860	1660	0.10052062
77860	2989	0.10052062
77868	110	0.11063745
77868	700	0.11063745
77868	6765	0.11063745
77868	6043	0.11063744
77868	2640	0.110637434
77868	5034	0.110637434
77868	6326	0.110637434
77868	1144	0.11063743
77868	1330	0.11063743
77868	1736	0.11063743
77940	3031	0.1212073
77940	4010	0.12047923
77940	1656	0.120479226
77940	6520	0.12047922
77940	5822	0.12047921
77940	4932	0.120479204
77940	2426	0.1204792
77940	6141	0.120234385
77940	4365	0.119804785
77940	4229	0.119804755
77960	1034	0.13273957
77960	6346	0.13273957
77960	3997	0.13273956
77960	112	0.13273954
77960	463	0.13273954
77960	484	0.13273954
77960	1031	0.13273954
77960	2008	0.13273954
77960	2150	0.13273954
77960	2923	0.13273954
78007	1471	0.093319
78007	2158	0.093319
78007	4381	0.093319
78007	4865	0.093319
78007	3790	0.09331899
78007	908	0.093318984
78007	2856	0.093318984
78007	3215	0.093318984
78007	4483	0.093318984
78007	2805	0.09331898
78015	6716	0.11355017
78015	1259	0.11355016
78015	157	0.11355014
78015	182	0.11355014
78015	879	0.11355014
78015	1533	0.11355014
78015	5755	0.11355014
78015	6550	0.11355014
78015	50	0.113550134
78015	3811	0.113550134
78229	1502	0.113957174
78229	350	0.11395717
78229	1514	0.11395717
78229	1946	0.11395717
78229	5193	0.11395717
78229	5279	0.11395717
78229	1212	0.11395715
78229	5985	0.11395715
78229	1630	0.11395714
78229	3043	0.11395712
78328	3388	0.08675775
78328	828	0.08647993
78328	2283	0.08616503
78328	3383	0.08600917
78328	2213	0.08525297
78328	5943	0.085252926
78328	3382	0.0851898
78328	4642	0.08508921
78328	3827	0.085089155
78328	827	0.085062176
78440	3292	0.11427814
78440	5711	0.11427814
78440	5907	0.11427814
78440	767	0.11427813
78440	4928	0.11427813
78440	2424	0.11427812
78440	6317	0.11427812
78440	4923	0.11427811
78440	5017	0.11427811
78440	6707	0.11427811
78448	170	0.11743331
78448	611	0.117433295
78448	1446	0.117433295
78448	1707	0.117433295
78448	7	0.11743329
78448	169	0.11743329
78448	884	0.11743328
78448	3221	0.11743328
78448	5362	0.11743328
78448	6759	0.11743328
78471	4224	0.11100527
78471	1915	0.11100526
78471	3502	0.11100526
78471	5964	0.11100526
78471	2336	0.11100525
78471	2632	0.11100525
78471	3819	0.11100525
78471	3874	0.11100525
78471	5262	0.11100525
78471	5303	0.11100525
78496	3184	0.10415505
78496	4114	0.10415503
78496	1063	0.10415502
78496	1589	0.10415502
78496	4812	0.10415502
78496	4946	0.10415502
78496	380	0.10415501
78496	3431	0.10415501
78496	4538	0.10415501
78496	2063	0.104155004
78545	2134	0.12750256
78545	3303	0.12750255
78545	531	0.12750253
78545	545	0.12750253
78545	1307	0.12750253
78545	3051	0.12750253
78545	5422	0.12750253
78545	5887	0.12750253
78545	1720	0.12750252
78545	2553	0.12750252
78564	5163	0.11240187
78564	3039	0.112401865
78564	75	0.11240186
78564	485	0.11240186
78564	2292	0.11240186
78564	6680	0.11240186
78564	2214	0.11240185
78564	2215	0.11240185
78564	5147	0.11240185
78564	6786	0.11240185
78573	1377	0.09239055
78573	2790	0.09211965
78573	1795	0.092086315
78573	898	0.09208631
78573	2129	0.0920863
78573	2556	0.0920863
78573	4514	0.0920863
78573	5721	0.0920863
78573	1271	0.09208629
78573	2806	0.09208629
78589	2782	0.10939553
78589	1616	0.10939552
78589	1816	0.10939551
78589	672	0.109395504
78589	1095	0.109395504
78589	1398	0.109395504
78589	1541	0.109395504
78589	1820	0.109395504
78589	2356	0.109395504
78589	3559	0.109395504
78719	631	0.11563187
78719	2860	0.11563186
78719	3161	0.11563186
78719	4291	0.115631856
78719	4669	0.115631856
78719	598	0.11563185
78719	1703	0.11563185
78719	2018	0.11563185
78719	2939	0.11563185
78719	4466	0.11563185
78778	666	0.118418455
78778	4689	0.11841845
78778	1664	0.11841844
78778	2971	0.118418425
78778	1871	0.11841841
78778	4215	0.11841841
78778	1024	0.11831769
78778	1880	0.118317686
78778	351	0.11831768
78778	697	0.11831768
78783	5783	0.11424461
78783	5266	0.114244595
78783	6019	0.11424458
78783	3220	0.11424457
78783	803	0.114244565
78783	4111	0.114244565
78783	3876	0.11424455
78783	751	0.114244536
78783	1743	0.11390925
78783	298	0.113909245
78834	110	0.1333484
78834	1752	0.1333484
78834	3469	0.1333484
78834	6043	0.1333484
78834	6676	0.1333484
78834	6765	0.1333484
78834	2179	0.13334839
78834	5034	0.13334839
78834	700	0.13334838
78834	1144	0.13334838
78841	1501	0.10962255
78841	1937	0.10962253
78841	1659	0.109622516
78841	1916	0.109622516
78841	538	0.10962251
78841	1545	0.1096225
78841	302	0.10962249
78841	3440	0.10962249
78841	3949	0.109622486
78841	1027	0.10962246
78846	320	0.098312765
78846	3743	0.098312765
78846	4014	0.098312765
78846	159	0.09831275
78846	346	0.09831275
78846	755	0.09831275
78846	1567	0.09831275
78846	1629	0.09831275
78846	1726	0.09831275
78846	1730	0.09831275
78901	3089	0.121822715
78901	6725	0.121822715
78901	633	0.1218227
78901	2843	0.1218227
78901	6495	0.1218227
78901	6672	0.12182269
78901	389	0.121822685
78901	1489	0.121822685
78901	1548	0.121822685
78901	2054	0.121822685
79009	1080	0.101628184
79009	1319	0.101628184
79009	1793	0.101628184
79009	4415	0.101628184
79009	4536	0.101628184
79009	6298	0.101628184
79009	6022	0.10162818
79009	89	0.10162817
79009	2498	0.10162817
79009	2567	0.10162817
79055	444	0.10878032
79055	3882	0.10878032
79055	6335	0.10878031
79055	381	0.1087803
79055	2788	0.1087803
79055	3072	0.108780295
79055	2235	0.10878029
79055	3015	0.10878029
79055	4234	0.10878029
79055	6590	0.10878029
79089	2385	0.12286311
79089	551	0.12275663
79089	1547	0.122756615
79089	5109	0.122756615
79089	5419	0.122756615
79089	6024	0.122756615
79089	6682	0.122756615
79089	6920	0.122756615
79089	1963	0.12275661
79089	4473	0.12275661
79172	6307	0.10830791
79172	3341	0.1083079
79172	5636	0.1083079
79172	1902	0.10830789
79172	2492	0.10830789
79172	950	0.10830788
79172	2415	0.10830788
79172	3810	0.10830788
79172	5162	0.10830788
79172	5216	0.10830788
79182	1743	0.10563317
79182	2696	0.10563317
79182	298	0.105633155
79182	422	0.105633155
79182	504	0.105633155
79182	705	0.105633155
79182	1051	0.105633155
79182	2972	0.105633155
79182	3624	0.105633155
79182	4334	0.105633155
79186	3946	0.11436805
79186	714	0.114368044
79186	4189	0.11436803
79186	5025	0.11436803
79186	6012	0.11436803
79186	2322	0.11436802
79186	2518	0.11436802
79186	2821	0.11436802
79186	4444	0.11436802
79186	4665	0.11436802
79215	2696	0.09993848
79215	4334	0.09993848
79215	504	0.099938475
79215	298	0.09993847
79215	422	0.09993847
79215	798	0.09993847
79215	1051	0.09993847
79215	1743	0.09993847
79215	2972	0.09993847
79215	5632	0.09993847
79266	3253	0.14793688
79266	4204	0.14793688
79266	3853	0.14793687
79266	5766	0.14793687
79266	579	0.14793685
79266	758	0.14793685
79266	1613	0.14793685
79266	3153	0.14793685
79266	3294	0.14793685
79266	3938	0.14793685
79285	436	0.14558667
79285	719	0.14558667
79285	2684	0.14558667
79285	3619	0.14558667
79285	4036	0.14558667
79285	4100	0.14558667
79285	4745	0.14558667
79285	6187	0.14558667
79285	1169	0.14558665
79285	4025	0.14558665
79366	320	0.10667831
79366	346	0.10667829
79366	1567	0.10667829
79366	3259	0.10667829
79366	3743	0.10667829
79366	4014	0.10667829
79366	4464	0.10667829
79366	6863	0.10667829
79366	236	0.106678285
79366	402	0.106678285
79556	3913	0.09984377
79556	4062	0.09984377
79556	4169	0.09984377
79556	5923	0.09984377
79556	6446	0.09984377
79556	2800	0.09984376
79556	3197	0.09984376
79556	3285	0.09984376
79556	4438	0.09984376
79556	388	0.099843755
79724	5453	0.12926973
79724	250	0.12926972
79724	3247	0.12926972
79724	3287	0.12926972
79724	6701	0.1292697
79724	265	0.12926969
79724	345	0.12926969
79724	1842	0.12926969
79724	3060	0.12926969
79724	3251	0.12926969
79736	6714	0.10299964
79736	1396	0.1029996
79736	4585	0.10299958
79736	1812	0.10245897
79736	5043	0.10245896
79736	5448	0.102458954
79736	1089	0.10245895
79736	5485	0.10245895
79736	71	0.10245894
79736	690	0.10245894
79740	320	0.1066383
79740	6863	0.1066383
79740	3743	0.10663829
79740	4512	0.10663829
79740	177	0.10663828
79740	236	0.10663828
79740	346	0.10663828
79740	402	0.10663828
79740	578	0.10663828
79740	1106	0.10663828
79747	6488	0.10543992
79747	688	0.105439916
79747	2164	0.105439916
79747	2423	0.105439916
79747	1739	0.10543991
79747	2340	0.10543991
79747	134	0.1054399
79747	1233	0.1054399
79747	2173	0.1054399
79747	3068	0.1054399
79754	5366	0.0933
79754	69	0.093299985
79754	4702	0.09170197
79754	1746	0.09166096
79754	959	0.09116253
79754	4180	0.09116251
79754	646	0.0911625
79754	4870	0.0911625
79754	6463	0.0911625
79754	5121	0.09111285
79923	1701	0.103291355
79923	2052	0.10329135
79923	904	0.10329134
79923	1127	0.10329133
79923	4484	0.10329133
79923	5298	0.10329133
79923	5649	0.10329133
79923	841	0.103291325
79923	4380	0.103291325
79923	2634	0.10329132
79942	6765	0.11848801
79942	110	0.118488
79942	700	0.118488
79942	6043	0.118488
79942	1752	0.11848799
79942	2640	0.11848799
79942	4068	0.118487984
79942	5034	0.118487984
79942	6404	0.118487984
79942	1144	0.11848798
79958	1910	0.09241173
79958	1819	0.09241171
79958	2976	0.09241171
79958	4843	0.09241171
79958	1484	0.092411704
79958	1867	0.092411704
79958	4313	0.092411704
79958	4440	0.092411704
79958	813	0.0924117
79958	1672	0.0924117
79961	383	0.08815323
79961	5456	0.08815323
79961	5429	0.08815322
79961	3917	0.08767817
79961	6122	0.08767817
79961	2169	0.087678164
79961	3580	0.087678164
79961	2016	0.08767816
79961	3256	0.08767816
79961	3919	0.08767816
79977	3327	0.11516023
79977	4154	0.11516021
79977	4835	0.11516021
79977	83	0.1151602
79977	294	0.1151602
79977	2278	0.1151602
79977	4920	0.1151602
79977	5046	0.1151602
79977	1728	0.11516019
79977	1852	0.11516019
80036	1626	0.093888626
80036	3468	0.09388861
80036	3738	0.093888596
80036	6611	0.093888596
80036	6678	0.093888596
80036	3544	0.09388859
80036	4743	0.09388859
80036	5525	0.09388859
80036	243	0.09388858
80036	416	0.09388858
80071	72	0.1079928
80071	523	0.1079928
80071	2509	0.10799279
80071	5856	0.10799279
80071	812	0.10799278
80071	1282	0.10799278
80071	3727	0.10799278
80071	4620	0.10799278
80071	6237	0.10799278
80071	385	0.107992776
80075	3474	0.092896104
80075	4659	0.092896104
80075	2434	0.0928961
80075	4402	0.09289609
80075	6073	0.09289609
80075	5148	0.09289604
80075	6912	0.09252684
80075	2287	0.09247887
80075	4446	0.09247885
80075	2420	0.09247884
80105	1259	0.10326454
80105	6716	0.10326454
80105	50	0.103264526
80105	157	0.10326452
80105	182	0.10326452
80105	2742	0.10326452
80105	4248	0.10326452
80105	879	0.10326451
80105	1533	0.10326451
80105	2302	0.10326451
80203	1812	0.11834788
80203	5043	0.11834788
80203	1089	0.118347876
80203	5448	0.118347876
80203	988	0.11834787
80203	4737	0.11834787
80203	5537	0.11834787
80203	690	0.11834786
80203	1596	0.11834786
80203	1781	0.11834786
80234	4898	0.118780985
80234	5313	0.118780985
80234	5464	0.11878098
80234	6535	0.11878098
80234	96	0.11878097
80234	572	0.11878097
80234	785	0.11878097
80234	839	0.11878097
80234	990	0.11878097
80234	1486	0.11878097
80266	444	0.097430855
80266	3882	0.097430855
80266	381	0.09743084
80266	6335	0.09743084
80266	3072	0.09743083
80266	6590	0.09743083
80266	165	0.097430825
80266	2235	0.097430825
80266	2788	0.097430825
80266	2944	0.097430825
80323	4751	0.1149177
80323	1302	0.11491768
80323	2326	0.11491768
80323	5629	0.11491768
80323	5140	0.11491767
80323	1174	0.114917666
80323	1835	0.114917666
80323	3525	0.114917666
80323	789	0.11491766
80323	2888	0.11491766
80453	714	0.11990562
80453	3946	0.11990561
80453	2322	0.119905606
80453	4189	0.119905606
80453	6012	0.119905606
80453	2518	0.11990559
80453	4665	0.11990559
80453	5025	0.11990559
80453	2521	0.11990558
80453	2821	0.11990558
80516	87	0.09798597
80516	2652	0.09798597
80516	4258	0.09798597
80516	5620	0.09798595
80516	310	0.097985946
80516	1200	0.09798594
80516	1438	0.09798594
80516	2231	0.09798594
80516	5144	0.09798594
80516	6264	0.09798593
80538	110	0.099294156
80538	1752	0.099294156
80538	6765	0.099294156
80538	6043	0.09929415
80538	2640	0.09929414
80538	3469	0.09929414
80538	6326	0.09929414
80538	6676	0.09929414
80538	700	0.09929413
80538	1360	0.09929413
80555	4898	0.10513624
80555	6535	0.10513623
80555	6907	0.10513623
80555	785	0.10513622
80555	839	0.10513622
80555	96	0.105136216
80555	572	0.105136216
80555	866	0.105136216
80555	990	0.105136216
80555	1486	0.105136216
80642	1810	0.11312946
80642	5504	0.11312946
80642	1665	0.11312945
80642	2331	0.11312945
80642	3055	0.11312945
80642	4993	0.11312945
80642	6348	0.11312945
80642	2679	0.11312944
80642	3476	0.11312944
80642	656	0.11312942
80661	5545	0.11056887
80661	460	0.110568866
80661	740	0.110568866
80661	636	0.11056886
80661	1651	0.11056885
80661	1389	0.11056884
80661	1731	0.11048663
80661	2983	0.11048662
80661	1207	0.11048661
80661	1709	0.11048661
80683	110	0.104488805
80683	6043	0.1044888
80683	6765	0.1044888
80683	1752	0.10448879
80683	2569	0.10448879
80683	6676	0.10448879
80683	700	0.10448878
80683	2640	0.10448878
80683	3469	0.10448878
80683	5034	0.10448878
80684	1892	0.10563153
80684	206	0.105631515
80684	1856	0.10563151
80684	794	0.10563149
80684	1376	0.10563149
80684	1714	0.10563149
80684	5080	0.10563149
80684	1261	0.105631486
80684	4905	0.105631486
80684	3775	0.10563147
80690	523	0.1164336
80690	72	0.11643359
80690	5856	0.11643359
80690	812	0.116433576
80690	2509	0.116433576
80690	6756	0.116433576
80690	4620	0.11643357
80690	6237	0.11643357
80690	385	0.11643356
80690	1282	0.11643356
80810	3184	0.11110434
80810	1589	0.11110431
80810	5556	0.11110431
80810	380	0.1111043
80810	1063	0.1111043
80810	3910	0.1111043
80810	4538	0.1111043
80810	4812	0.1111043
80810	3183	0.111104295
80810	3431	0.111104295
80820	1501	0.14025751
80820	1937	0.1402575
80820	1545	0.14025746
80820	302	0.14025745
80820	538	0.14025745
80820	1916	0.14025745
80820	3440	0.14025745
80820	3949	0.14025742
80820	1027	0.14025739
80820	1023	0.13969287
80826	676	0.106273204
80826	2808	0.106273204
80826	3726	0.106273204
80826	3939	0.106273204
80826	5382	0.106273204
80826	914	0.1062732
80826	1756	0.10627319
80826	2410	0.10627319
80826	3717	0.10627319
80826	4589	0.10627319
80837	1731	0.10944079
80837	193	0.109440774
80837	1207	0.109440774
80837	1709	0.109440774
80837	2997	0.109440774
80837	4197	0.109440774
80837	6887	0.109440774
80837	744	0.10944077
80837	1918	0.10944077
80837	2983	0.10944077
80929	3396	0.103504434
80929	5371	0.103504434
80929	2951	0.10350442
80929	6605	0.10350441
80929	459	0.103504404
80929	2004	0.103504404
80929	6825	0.103504404
80929	4259	0.1035044
80929	1247	0.10350439
80929	1301	0.10350439
80945	5266	0.11602247
80945	3220	0.11602246
80945	803	0.11602245
80945	6019	0.11602245
80945	4111	0.11602244
80945	3876	0.11602242
80945	751	0.11602241
80945	1743	0.11581938
80945	4334	0.11581938
80945	504	0.11581937
80954	353	0.103478745
80954	6569	0.103478745
80954	642	0.10347873
80954	3837	0.103478715
80954	898	0.10339087
80954	1795	0.10339087
80954	2556	0.10339087
80954	4514	0.10339087
80954	2129	0.10339086
80954	5721	0.10339086
80996	1919	0.12208759
80996	5074	0.122087546
80996	3053	0.12204379
80996	4236	0.12204375
80996	4623	0.12204375
80996	5657	0.1217416
80996	4895	0.121741585
80996	272	0.12174158
80996	3682	0.12131849
80996	6681	0.12067494
81015	6346	0.11826332
81015	1034	0.11826331
81015	463	0.118263304
81015	2307	0.1182633
81015	2923	0.1182633
81015	3997	0.1182633
81015	4687	0.1182633
81015	484	0.11826329
81015	1031	0.11826329
81015	1869	0.11826329
81045	5431	0.10099435
81045	1094	0.10099432
81045	4165	0.10099431
81045	3184	0.10078475
81045	380	0.100784734
81045	4114	0.100784734
81045	4812	0.10078473
81045	5556	0.10078473
81045	1063	0.10078472
81045	1589	0.10078472
81064	3327	0.1042199
81064	4154	0.1042199
81064	294	0.10421988
81064	2278	0.10421988
81064	4835	0.10421988
81064	5046	0.10421988
81064	83	0.104219876
81064	4920	0.104219876
81064	5219	0.104219876
81064	6502	0.104219876
81088	1089	0.104736485
81088	5043	0.104736485
81088	1812	0.10473648
81088	4737	0.10473648
81088	5448	0.10473648
81088	5485	0.10473647
81088	690	0.10473646
81088	988	0.10473646
81088	1596	0.10473646
81088	1781	0.10473646
81121	5698	0.09887873
81121	5360	0.09887872
81121	6102	0.09887871
81121	6145	0.09887871
81121	2296	0.098878704
81121	2297	0.098878704
81121	3870	0.098878704
81121	3802	0.0988787
81121	4290	0.0988787
81121	4425	0.0988787
81136	5864	0.11945684
81136	176	0.11945683
81136	5795	0.11945683
81136	6740	0.11945683
81136	440	0.11945681
81136	675	0.11945681
81136	3399	0.119456805
81136	2692	0.1194568
81136	2924	0.1194568
81136	1380	0.11945679
81207	3765	0.10961068
81207	6331	0.10961068
81207	788	0.10961067
81207	748	0.10961066
81207	1425	0.10961066
81207	2481	0.10961066
81207	2842	0.10961066
81207	2949	0.10961066
81207	5390	0.10961066
81207	2796	0.109610654
81216	384	0.10592477
81216	232	0.105924755
81216	581	0.105924755
81216	732	0.105924755
81216	1436	0.105924755
81216	3480	0.105924755
81216	3581	0.105924755
81216	5156	0.105924755
81216	6388	0.105924755
81216	1512	0.10592475
81249	2504	0.12034917
81249	410	0.12034916
81249	696	0.12034916
81249	61	0.120349154
81249	635	0.120349154
81249	1578	0.120349154
81249	610	0.12034915
81249	4793	0.12034915
81249	240	0.12034914
81249	1901	0.12034914
81263	1034	0.1023508
81263	6346	0.1023508
81263	463	0.10235079
81263	1031	0.10235079
81263	2307	0.10235079
81263	2923	0.10235079
81263	3796	0.10235079
81263	3997	0.10235079
81263	6099	0.10235079
81263	484	0.10235078
81274	6307	0.110915095
81274	3341	0.11091508
81274	950	0.110915065
81274	3310	0.110915065
81274	3810	0.110915065
81274	5636	0.110915065
81274	1355	0.11091506
81274	1786	0.11091506
81274	1902	0.11091506
81274	5162	0.11091506
81298	1759	0.1071112
81298	707	0.10711118
81298	1357	0.10711118
81298	3752	0.10711117
81298	5271	0.10711117
81298	1101	0.107111156
81298	3780	0.106407985
81298	3942	0.10640797
81298	800	0.106407955
81298	1908	0.106407955
81303	223	0.12162703
81303	5511	0.12162703
81303	5938	0.121627
81303	6296	0.121626996
81303	5209	0.12162698
81303	2607	0.12162697
81303	4721	0.12092347
81303	769	0.120683536
81303	6713	0.12057361
81303	601	0.120573595
81318	1461	0.10403791
81318	3481	0.1040379
81318	1141	0.10403788
81318	4752	0.10403788
81318	6748	0.10403788
81318	6152	0.10403787
81318	6788	0.10403786
81318	2782	0.103630684
81318	1541	0.10363068
81318	1616	0.10363067
81324	346	0.12366769
81324	2339	0.12366769
81324	3743	0.12366769
81324	4014	0.12366769
81324	320	0.12366768
81324	1629	0.12366768
81324	159	0.12366767
81324	177	0.12366767
81324	236	0.12366767
81324	1090	0.12366767
81333	320	0.1064532
81333	4014	0.1064532
81333	1567	0.106453195
81333	1629	0.106453195
81333	2339	0.106453195
81333	3350	0.106453195
81333	3743	0.106453195
81333	6863	0.106453195
81333	236	0.10645319
81333	346	0.10645319
81368	701	0.110573374
81368	1957	0.110573374
81368	1513	0.11057337
81368	6652	0.11057337
81368	68	0.11057335
81368	996	0.109867245
81368	1617	0.109867245
81368	6878	0.109867245
81368	5461	0.10953245
81368	3895	0.10953242
81434	959	0.09820091
81434	646	0.09820089
81434	4180	0.09820089
81434	6463	0.09820088
81434	4870	0.09820087
81434	2317	0.09780264
81434	2886	0.09780264
81434	619	0.09780263
81434	3306	0.097802624
81434	69	0.0977231
81459	5684	0.11832703
81459	6247	0.11832698
81459	4741	0.118326955
81459	3222	0.118168905
81459	367	0.118168876
81459	5006	0.11816886
81459	764	0.11816884
81459	544	0.11816883
81459	1877	0.11816883
81459	226	0.117763594
81484	87	0.09894742
81484	4258	0.09894741
81484	2652	0.098947406
81484	5620	0.0989474
81484	310	0.09894739
81484	1200	0.09894738
81484	1438	0.098947376
81484	2231	0.098947376
81484	5144	0.098947376
81484	6264	0.098947376
81492	778	0.11510931
81492	1288	0.11510928
81492	1967	0.11510928
81492	5519	0.11510928
81492	6802	0.11510928
81492	1633	0.11510927
81492	5514	0.11510927
81492	5546	0.11510927
81492	466	0.115109265
81492	4819	0.115109265
81578	159	0.100605756
81578	320	0.100605756
81578	346	0.100605756
81578	1855	0.100605756
81578	2339	0.100605756
81578	2575	0.100605756
81578	3743	0.100605756
81578	4014	0.100605756
81578	4217	0.100605756
81578	177	0.10060575
81597	2134	0.12819023
81597	531	0.12819022
81597	1307	0.12819022
81597	3303	0.12819022
81597	5887	0.12819022
81597	545	0.1281902
81597	3051	0.1281902
81597	331	0.12819019
81597	1230	0.12819019
81597	1720	0.12819019
81609	4040	0.114502795
81609	1710	0.11450279
81609	3789	0.11361236
81609	9	0.11361231
81609	3137	0.113612294
81609	4355	0.113612294
81609	84	0.11361228
81609	3184	0.113055244
81609	1589	0.113055214
81609	6591	0.11305521
81672	763	0.11725384
81672	4846	0.11725383
81672	2838	0.117253825
81672	3489	0.11725381
81672	6628	0.11725381
81672	6683	0.11725381
81672	4811	0.1172538
81672	5011	0.1172538
81672	3667	0.117253795
81672	4817	0.117253795
81682	2782	0.122410774
81682	1616	0.12241076
81682	1541	0.12241075
81682	672	0.122410744
81682	1398	0.122410744
81682	1816	0.122410744
81682	2356	0.122410744
81682	3559	0.122410744
81682	5372	0.122410744
81682	5469	0.122410744
81771	1259	0.101639755
81771	6716	0.10163975
81771	2742	0.10163973
81771	2919	0.10163973
81771	5755	0.10163973
81771	157	0.101639725
81771	879	0.101639725
81771	3330	0.101639725
81771	4248	0.101639725
81771	6550	0.101639725
81848	2468	0.08718212
81848	4542	0.08718212
81848	170	0.0869953
81848	169	0.08699528
81848	7	0.086995274
81848	611	0.086995274
81848	884	0.086995274
81848	1446	0.086995274
81848	2398	0.086995274
81848	3221	0.086995274
81855	1124	0.12622663
81855	4422	0.12622663
81855	6414	0.12622663
81855	2740	0.12622662
81855	3605	0.12622662
81855	3869	0.12622662
81855	743	0.1262266
81855	3026	0.1262266
81855	3508	0.1262266
81855	4424	0.1262266
81865	3197	0.084879786
81865	3550	0.084879786
81865	3913	0.084879786
81865	4062	0.084879786
81865	6446	0.084879786
81865	3285	0.08487978
81865	4169	0.08487978
81865	5923	0.08487978
81865	2800	0.08487977
81865	4438	0.08487977
81927	1357	0.10858963
81927	1759	0.10858963
81927	707	0.10858962
81927	5271	0.108589604
81927	3752	0.10858959
81927	1101	0.10858958
81927	999	0.10837872
81927	2708	0.10837866
81927	2197	0.10837865
81927	2857	0.10816206
81950	110	0.11522929
81950	6765	0.11522929
81950	6043	0.115229286
81950	700	0.11522928
81950	1752	0.11522928
81950	2640	0.11522928
81950	5034	0.11522927
81950	6676	0.11522927
81950	886	0.115229264
81950	1144	0.115229264
81977	788	0.13960662
81977	2842	0.13960662
81977	3765	0.13960662
81977	4558	0.13960662
81977	4950	0.13960662
81977	6331	0.13960662
81977	6440	0.13960662
81977	6723	0.13960662
81977	748	0.13960661
81977	1552	0.13960661
82164	6540	0.11939866
82164	5052	0.11939865
82164	6708	0.11939865
82164	1830	0.119398646
82164	1943	0.119398646
82164	721	0.11939863
82164	2935	0.119398616
82164	5995	0.119398616
82164	3439	0.11939861
82164	4746	0.11939861
82391	688	0.104083255
82391	1739	0.104083255
82391	6488	0.104083255
82391	1233	0.10408325
82391	2164	0.10408325
82391	3217	0.10408325
82391	134	0.10408324
82391	1620	0.10408324
82391	1924	0.10408324
82391	2173	0.10408324
82407	2463	0.108339034
82407	6057	0.108339034
82407	1643	0.10833903
82407	4493	0.10833903
82407	4524	0.10833903
82407	858	0.10833902
82407	1641	0.10833901
82407	2767	0.10833901
82407	3542	0.10833901
82407	3657	0.10833901
82497	3327	0.13292156
82497	294	0.13292155
82497	2278	0.13292155
82497	4154	0.13292155
82497	4835	0.13292155
82497	5046	0.13292155
82497	83	0.13292153
82497	174	0.13292153
82497	936	0.13292153
82497	1524	0.13292153
82511	696	0.101061895
82511	2504	0.101061895
82511	61	0.10106188
82511	410	0.10106188
82511	1550	0.10106188
82511	1578	0.10106188
82511	635	0.10106187
82511	964	0.10106187
82511	3329	0.10106187
82511	240	0.101061866
82608	4372	0.111245885
82608	6859	0.11124588
82608	2857	0.11079843
82608	3196	0.11079841
82608	955	0.1107984
82608	2576	0.1107984
82608	4608	0.110798396
82608	6755	0.110798396
82608	305	0.11079839
82608	2364	0.11079839
82628	4703	0.11772612
82628	5792	0.11772611
82628	1873	0.1177261
82628	2357	0.1177261
82628	2549	0.1177261
82628	6428	0.1177261
82628	4936	0.117726095
82628	513	0.11772609
82628	3534	0.11772609
82628	4431	0.11772609
82673	75	0.12387863
82673	485	0.12387863
82673	3039	0.12387863
82673	6014	0.12387863
82673	6680	0.12387863
82673	5163	0.12387862
82673	975	0.12387861
82673	1496	0.12387861
82673	1521	0.12387861
82673	2214	0.12387861
82699	6778	0.10559078
82699	4904	0.105590776
82699	2947	0.10559076
82699	3404	0.10559076
82699	4088	0.10559076
82699	1826	0.10559075
82699	2020	0.10559075
82699	6278	0.10559075
82699	1621	0.105590746
82699	1827	0.105590746
82720	3743	0.10607801
82720	320	0.106078
82720	346	0.106078
82720	1567	0.106078
82720	1629	0.106078
82720	3350	0.106078
82720	4014	0.106078
82720	4854	0.106078
82720	6863	0.106078
82720	1658	0.10607799
82751	463	0.10104562
82751	1031	0.10104562
82751	1034	0.10104562
82751	2964	0.10104562
82751	6099	0.10104562
82751	6346	0.10104562
82751	2923	0.101045616
82751	3796	0.101045616
82751	5694	0.101045616
82751	354	0.10104561
82808	4340	0.12963375
82808	3812	0.12963372
82808	4899	0.12963372
82808	6643	0.12963372
82808	6025	0.12963371
82808	400	0.1296337
82808	5358	0.1296337
82808	6026	0.1296337
82808	6689	0.12963368
82808	6757	0.12963368
82825	3039	0.09534618
82825	485	0.095346175
82825	2214	0.095346175
82825	2292	0.095346175
82825	6680	0.095346175
82825	6786	0.095346175
82825	75	0.09534617
82825	1496	0.09534617
82825	2215	0.09534617
82825	3125	0.09534617
82831	3765	0.11150474
82831	788	0.11150473
82831	6331	0.11150473
82831	748	0.111504726
82831	4950	0.111504726
82831	1425	0.11150472
82831	1552	0.11150472
82831	2481	0.11150472
82831	2796	0.11150472
82831	2842	0.11150472
82841	3637	0.1278941
82841	5445	0.12747534
82841	3845	0.12747532
82841	2159	0.12747529
82841	2614	0.12747529
82841	4396	0.12747529
82841	5999	0.12747529
82841	6168	0.12747529
82841	2591	0.12747528
82841	3695	0.12747528
82893	4898	0.109574765
82893	839	0.10957475
82893	4557	0.10957475
82893	5464	0.10957475
82893	6535	0.10957475
82893	6907	0.10957475
82893	96	0.10957474
82893	1486	0.10957474
82893	5081	0.10957474
82893	5313	0.10957474
82901	3039	0.08927495
82901	6786	0.08927495
82901	75	0.08927494
82901	485	0.08927494
82901	2214	0.08927494
82901	2215	0.08927494
82901	2292	0.08927494
82901	5147	0.08927494
82901	5163	0.08927494
82901	6680	0.08927494
82942	4617	0.10295425
82942	6395	0.102954224
82942	3803	0.10295422
82942	5106	0.10295422
82942	3342	0.10295421
82942	3427	0.10295421
82942	3955	0.10295421
82942	5601	0.10295421
82942	5705	0.10295421
82942	2236	0.102954194
82955	3326	0.100157455
82955	3405	0.10015744
82955	6079	0.10015744
82955	1088	0.10015743
82955	6104	0.100157425
82955	2207	0.09894464
82955	1639	0.098944634
82955	188	0.09894463
82955	3394	0.09894463
82955	3851	0.09894463
83069	5382	0.109158486
83069	914	0.10915847
83069	2410	0.10915847
83069	1756	0.109158464
83069	2808	0.109158464
83069	676	0.10915846
83069	3717	0.10915846
83069	3726	0.10915846
83069	3939	0.10915846
83069	3993	0.10915845
83109	444	0.10083466
83109	3882	0.10083466
83109	381	0.10083464
83109	4346	0.10083464
83109	6335	0.10083464
83109	6590	0.10083464
83109	2788	0.10083463
83109	3072	0.10083463
83109	6856	0.10083463
83109	165	0.10083462
83110	3535	0.0797639
83110	4853	0.07976388
83110	4001	0.079346925
83110	3804	0.079120055
83110	6004	0.07883135
83110	4682	0.078716055
83110	242	0.07865453
83110	272	0.07748099
83110	5657	0.07748099
83110	4895	0.07748096
83135	2317	0.10293884
83135	2886	0.10293884
83135	619	0.10293883
83135	3306	0.10293883
83135	959	0.102721736
83135	4180	0.10272171
83135	646	0.102721706
83135	4870	0.102721706
83135	6463	0.102721706
83135	5641	0.10252492
83166	1440	0.09401344
83166	4202	0.09401344
83166	1087	0.09401342
83166	2090	0.09401342
83166	3697	0.09401342
83166	6886	0.09401342
83166	4468	0.094013415
83166	5613	0.094013415
83166	5675	0.094013415
83166	6221	0.094013415
83235	118	0.11812556
83235	5817	0.11812556
83235	184	0.11812555
83235	5992	0.11812555
83235	540	0.11812554
83235	1506	0.11812554
83235	5079	0.11812554
83235	6684	0.11812554
83235	4605	0.118125536
83235	6814	0.118125536
83239	3882	0.11304652
83239	444	0.11304651
83239	381	0.1130465
83239	6590	0.1130465
83239	2788	0.11304649
83239	4346	0.11304649
83239	165	0.11304648
83239	2235	0.11304648
83239	3015	0.11304648
83239	3072	0.11304648
83252	384	0.08106505
83252	581	0.08106505
83252	732	0.08106505
83252	3581	0.08106505
83252	232	0.081065044
83252	411	0.081065044
83252	1436	0.081065044
83252	1512	0.081065044
83252	1680	0.081065044
83252	1681	0.081065044
83287	5825	0.10370568
83287	1269	0.103575066
83287	3877	0.103575066
83287	5294	0.103575066
83287	2511	0.10357506
83287	4882	0.10357506
83287	3052	0.10357504
83287	31	0.103575036
83287	2047	0.103575036
83287	5383	0.102092825
83306	2134	0.09603432
83306	531	0.0960343
83306	5422	0.0960343
83306	3303	0.096034296
83306	5887	0.096034296
83306	545	0.09603429
83306	1307	0.09603429
83306	3051	0.09603429
83306	3859	0.09603428
83306	1230	0.09603427
83383	259	0.09637968
83383	944	0.09637968
83383	2001	0.09637968
83383	2687	0.09637968
83383	4695	0.09637968
83383	4968	0.09637968
83383	6763	0.09637968
83383	546	0.096379675
83383	733	0.096379675
83383	1387	0.096379675
83390	6349	0.103246436
83390	5671	0.10255569
83390	76	0.102555685
83390	2433	0.10255568
83390	4929	0.10255568
83390	6169	0.10255568
83390	6787	0.10255566
83390	1562	0.102555655
83390	120	0.102316685
83390	4864	0.10231668
83431	574	0.12033062
83431	6783	0.12033062
83431	5327	0.12033061
83431	816	0.12033059
83431	1495	0.12033059
83431	2743	0.12033059
83431	4044	0.12033059
83431	4629	0.12033059
83431	814	0.12033057
83431	1078	0.12033057
83443	3413	0.17250171
83443	3414	0.1725017
83443	2295	0.17250165
83443	2721	0.17250162
83443	1590	0.17216668
83443	1065	0.17216665
83443	4832	0.17216662
83443	1585	0.17097205
83443	3151	0.17097205
83443	4518	0.17097202
83496	2214	0.1032396
83496	3039	0.1032396
83496	485	0.103239596
83496	2215	0.103239596
83496	2292	0.103239596
83496	5163	0.103239596
83496	6680	0.103239596
83496	75	0.10323958
83496	474	0.10323958
83496	1400	0.10323958
83561	6920	0.10303073
83561	1547	0.10303072
83561	551	0.10303071
83561	5499	0.10303071
83561	6362	0.10303071
83561	1963	0.103030704
83561	4072	0.103030704
83561	4507	0.103030704
83561	625	0.1030307
83561	840	0.1030307
83637	303	0.12626457
83637	3730	0.1256965
83637	4725	0.12569645
83637	499	0.12569642
83637	3459	0.12569639
83637	4161	0.12520236
83637	4688	0.12520233
83637	1273	0.12520231
83637	2237	0.1252023
83637	2224	0.12471925
83646	384	0.1108837
83646	3480	0.11088369
83646	3581	0.11088369
83646	232	0.11088368
83646	411	0.11088368
83646	732	0.11088368
83646	1436	0.11088368
83646	1512	0.11088368
83646	1680	0.11088368
83646	3625	0.11088368
83671	72	0.119626716
83671	523	0.1196267
83671	812	0.119626686
83671	2509	0.119626686
83671	2882	0.119626686
83671	3727	0.119626686
83671	4620	0.119626686
83671	5856	0.119626686
83671	6237	0.119626686
83671	6756	0.119626686
83754	5426	0.13892788
83754	4962	0.13892785
83754	5187	0.13892782
83754	4296	0.1383568
83754	4091	0.13835679
83754	6304	0.13835679
83754	2786	0.13835678
83754	5103	0.13835678
83754	3551	0.13835676
83754	3734	0.13835675
83775	2230	0.11283857
83775	4183	0.11283856
83775	1176	0.11283855
83775	2224	0.11283855
83775	2407	0.11283855
83775	3892	0.11283855
83775	1576	0.112838544
83775	3313	0.112838544
83775	3582	0.112838544
83775	2234	0.11283854
83842	1879	0.13075465
83842	1009	0.13075463
83842	4579	0.13075463
83842	10	0.13075462
83842	822	0.13075462
83842	916	0.13075462
83842	3377	0.13075462
83842	5002	0.13075462
83842	5483	0.13075462
83842	5574	0.13075462
83971	696	0.09306045
83971	2504	0.09306045
83971	61	0.09306044
83971	410	0.093060434
83971	1550	0.093060434
83971	1578	0.093060434
83971	635	0.09306043
83971	4188	0.09306043
83971	4791	0.09306043
83971	5227	0.09306043
84024	6647	0.10947951
84024	1864	0.10947948
84024	3546	0.10947947
84024	1626	0.10918599
84024	127	0.10918598
84024	3468	0.10918598
84024	3738	0.10918597
84024	1814	0.109185964
84024	3544	0.109185964
84024	6611	0.109185964
84126	3608	0.10535495
84126	6159	0.105354935
84126	4043	0.10535493
84126	3990	0.10535492
84126	5928	0.10535492
84126	5274	0.10535491
84126	2075	0.105354905
84126	2076	0.105354905
84126	2566	0.105354905
84126	5273	0.105354905
84146	633	0.115278706
84146	2054	0.1152787
84146	389	0.11527869
84146	2843	0.11527869
84146	2998	0.11527869
84146	3089	0.11527869
84146	4121	0.11527869
84146	6725	0.11527869
84146	3020	0.11527868
84146	3560	0.11527868
84178	1709	0.12121494
84178	2983	0.12121494
84178	2997	0.12121494
84178	3234	0.12121494
84178	6887	0.12121494
84178	744	0.12121493
84178	1627	0.12121493
84178	100	0.121214926
84178	193	0.121214926
84178	313	0.121214926
84201	1580	0.12834284
84201	6161	0.12834284
84201	872	0.1283428
84201	3096	0.1283428
84201	4502	0.1283428
84201	5212	0.1283428
84201	6020	0.1283428
84201	6270	0.1283428
84201	2501	0.12834279
84201	5348	0.12834279
84427	976	0.10071544
84427	2934	0.10071544
84427	896	0.100715436
84427	3783	0.10071543
84427	1653	0.10071541
84427	3740	0.10071541
84427	5557	0.10071541
84427	5594	0.10071541
84427	1660	0.1007154
84427	2989	0.1007154
84479	551	0.11200072
84479	5499	0.11200072
84479	6920	0.11200072
84479	1547	0.11200071
84479	5109	0.11200071
84479	1963	0.112000704
84479	4072	0.112000704
84479	4473	0.112000704
84479	6024	0.112000704
84479	6322	0.112000704
84523	170	0.10465382
84523	611	0.10465381
84523	169	0.104653805
84523	1446	0.104653805
84523	7	0.1046538
84523	1612	0.1046538
84523	884	0.10465379
84523	2398	0.10465379
84523	3221	0.10465379
84523	6759	0.10465379
84729	4756	0.12569875
84729	3572	0.12569872
84729	2304	0.1256987
84729	5530	0.1256987
84729	6140	0.1256987
84729	6544	0.1256987
84729	1722	0.12569869
84729	3349	0.12569869
84729	4384	0.12569867
84729	79	0.12563731
84795	1231	0.13709603
84795	4526	0.13709603
84795	4816	0.13709602
84795	1693	0.137096
84795	1725	0.137096
84795	3566	0.137096
84795	3951	0.137096
84795	4311	0.137096
84795	5551	0.137096
84795	2543	0.13709599
84820	2107	0.11201836
84820	3564	0.112018324
84820	1602	0.11201832
84820	3198	0.11201831
84820	5044	0.11201831
84820	5048	0.11201831
84820	3333	0.1120183
84820	4193	0.1120183
84820	5441	0.1120183
84820	6154	0.1120183
84866	5007	0.09895438
84866	888	0.098954365
84866	4915	0.098954365
84866	4500	0.09895435
84866	6665	0.09895435
84866	1021	0.09895434
84866	1112	0.09895434
84866	129	0.098954335
84866	6803	0.098954335
84866	2177	0.09895433
84882	6663	0.10873586
84882	2403	0.10873585
84882	1248	0.108735844
84882	114	0.10873583
84882	1188	0.10873583
84882	3701	0.10873583
84882	5559	0.10873583
84882	171	0.108735815
84882	2738	0.108735815
84882	241	0.1087358
84897	696	0.102456614
84897	2504	0.102456614
84897	410	0.10245661
84897	61	0.1024566
84897	635	0.1024566
84897	1578	0.1024566
84897	4791	0.1024566
84897	240	0.10245659
84897	1550	0.10245659
84897	3791	0.10245659
84900	3184	0.1191342
84900	4114	0.11913419
84900	4812	0.11913418
84900	380	0.11913417
84900	1063	0.11913417
84900	1589	0.11913417
84900	3431	0.11913417
84900	4538	0.11913417
84900	4574	0.11913417
84900	4946	0.11913417
84910	2500	0.121663876
84910	6161	0.12125272
84910	1580	0.1212527
84910	5212	0.1212527
84910	872	0.12125269
84910	3096	0.12125269
84910	4502	0.121252686
84910	6270	0.121252686
84910	6020	0.12125268
84910	2065	0.12125267
85033	2857	0.08579162
85033	3196	0.08579162
85033	305	0.0857916
85033	955	0.0857916
85033	2576	0.0857916
85033	2364	0.085791595
85033	4608	0.085791595
85033	5300	0.085791595
85033	6755	0.085791595
85033	6010	0.08579159
85043	384	0.09090342
85043	3581	0.09090341
85043	232	0.0909034
85043	581	0.0909034
85043	732	0.0909034
85043	1436	0.0909034
85043	1512	0.0909034
85043	1773	0.0909034
85043	3480	0.0909034
85043	3625	0.0909034
85256	2782	0.10889881
85256	1616	0.108898796
85256	1398	0.10889879
85256	1541	0.10889879
85256	1816	0.10889879
85256	2176	0.10889879
85256	2356	0.10889879
85256	3559	0.10889879
85256	5372	0.10889879
85256	672	0.10889878
85367	631	0.12621006
85367	2860	0.12621005
85367	598	0.12621003
85367	1703	0.12621003
85367	2018	0.12621003
85367	2939	0.12621003
85367	3161	0.12621003
85367	4291	0.12621003
85367	4669	0.12621003
85367	5871	0.12621003
85426	3917	0.10928695
85426	3256	0.109286934
85426	3580	0.109286934
85426	6122	0.109286934
85426	6808	0.109286934
85426	6382	0.10928693
85426	2016	0.10928692
85426	2169	0.10928692
85426	2208	0.10928692
85426	2577	0.10928692
85433	3608	0.14045599
85433	4043	0.14045596
85433	5273	0.14045596
85433	5274	0.14045596
85433	6159	0.14045596
85433	4136	0.14045595
85433	5928	0.14045595
85433	6338	0.14045595
85433	2075	0.14045593
85433	2076	0.14045593
85455	5453	0.120489955
85455	3247	0.12048994
85455	3287	0.12048994
85455	250	0.12048993
85455	3251	0.120489925
85455	6609	0.120489925
85455	6701	0.120489925
85455	6726	0.120489925
85455	1842	0.12048992
85455	3861	0.12048992
85502	2782	0.11249004
85502	1541	0.11249003
85502	672	0.11249001
85502	1398	0.11249001
85502	2176	0.11249001
85502	2356	0.11249001
85502	2907	0.11249001
85502	3559	0.11249001
85502	4610	0.11249001
85502	5372	0.11249001
85526	1812	0.11452
85526	5043	0.11452
85526	5448	0.11451999
85526	1089	0.11451998
85526	5485	0.11451998
85526	1596	0.114519976
85526	4737	0.114519976
85526	5537	0.114519976
85526	71	0.11451997
85526	690	0.11451997
85554	1731	0.11268936
85554	1207	0.112689346
85554	2983	0.11268934
85554	100	0.11268933
85554	193	0.11268933
85554	1709	0.11268933
85554	1918	0.11268933
85554	2997	0.11268933
85554	3119	0.11268933
85554	3234	0.11268933
85587	3681	0.10426508
85587	6315	0.10426508
85587	6300	0.104265064
85587	3238	0.10426506
85587	6074	0.10426506
85587	2544	0.104265034
85587	4051	0.104265034
85587	5	0.10426503
85587	1692	0.10426503
85587	2148	0.10426503
85656	6023	0.09428965
85656	1377	0.09410441
85656	2038	0.0938945
85656	5457	0.09370929
85656	3393	0.09296895
85656	222	0.09296891
85656	434	0.09292089
85656	274	0.092920884
85656	3318	0.092920884
85656	4684	0.09278373
85701	3327	0.124489956
85701	294	0.12448993
85701	4133	0.12448993
85701	4154	0.12448993
85701	4239	0.12448993
85701	5046	0.12448993
85701	4835	0.124489926
85701	83	0.12448992
85701	253	0.12448992
85701	1379	0.12448992
85757	696	0.10541724
85757	2504	0.10541724
85757	61	0.105417214
85757	1550	0.105417214
85757	410	0.10541721
85757	635	0.10541721
85757	1578	0.10541721
85757	4791	0.10541721
85757	5227	0.10541721
85757	448	0.1054172
85833	1231	0.11540006
85833	3566	0.115400046
85833	4526	0.115400046
85833	4816	0.115400046
85833	1725	0.11540004
85833	4311	0.11540004
85833	6760	0.11540004
85833	1693	0.11540003
85833	2543	0.11540003
85833	5551	0.11540003
85851	3176	0.12257923
85851	279	0.12257922
85851	432	0.12257921
85851	1851	0.12257921
85851	2362	0.1225792
85851	1769	0.122579195
85851	4666	0.122579195
85851	3420	0.12257917
85851	4450	0.12257917
85851	4820	0.12257917
85872	6765	0.1231126
85872	110	0.12311259
85872	700	0.12311259
85872	1752	0.12311259
85872	6043	0.12311259
85872	1360	0.123112574
85872	2640	0.123112574
85872	3469	0.123112574
85872	5034	0.123112574
85872	6676	0.123112574
85962	631	0.11859211
85962	2860	0.11859211
85962	3161	0.118592106
85962	2018	0.1185921
85962	4291	0.1185921
85962	4669	0.1185921
85962	5871	0.1185921
85962	6339	0.1185921
85962	6453	0.1185921
85962	598	0.11859209
85992	4898	0.10529152
85992	6535	0.10529152
85992	96	0.105291516
85992	570	0.105291516
85992	785	0.105291516
85992	990	0.105291516
85992	1486	0.105291516
85992	4554	0.105291516
85992	4557	0.105291516
85992	4941	0.105291516
85993	3222	0.1266404
85993	367	0.12664038
85993	5006	0.12664035
85993	544	0.12664032
85993	764	0.12664032
85993	1877	0.12664029
85993	688	0.12632675
85993	3217	0.12632675
85993	1739	0.12632674
85993	2173	0.12632674
86033	6245	0.10352008
86033	3994	0.10352006
86033	4263	0.10352006
86033	6308	0.103520036
86033	6792	0.103520036
86033	1274	0.10334581
86033	1508	0.10148248
86033	1120	0.101482466
86033	1073	0.10148246
86033	3100	0.10148246
86051	1303	0.10332698
86051	2357	0.10332698
86051	4703	0.10332698
86051	5792	0.10332698
86051	513	0.10332696
86051	1873	0.10332696
86051	2549	0.10332696
86051	3724	0.10332696
86051	4936	0.10332696
86051	3534	0.103326954
86093	995	0.10891755
86093	1551	0.10891755
86093	3635	0.10891755
86093	3312	0.108917534
86093	5686	0.108917534
86093	5840	0.108917534
86093	6823	0.108917534
86093	5603	0.10891753
86093	5023	0.10891752
86093	6798	0.10891751
86123	110	0.10031736
86123	6765	0.10031735
86123	1752	0.100317344
86123	6043	0.100317344
86123	6676	0.100317344
86123	2569	0.10031734
86123	4989	0.10031734
86123	700	0.10031733
86123	1154	0.10031733
86123	1159	0.10031733
86145	6859	0.1101061
86145	4372	0.110106096
86145	1957	0.10995016
86145	6652	0.10995016
86145	701	0.109950155
86145	68	0.10995014
86145	1513	0.10995014
86145	6878	0.10972114
86145	1617	0.10972113
86145	1191	0.10907049
86170	3327	0.12364244
86170	4154	0.12364243
86170	4835	0.12364243
86170	294	0.123642415
86170	5046	0.123642415
86170	4920	0.12364241
86170	83	0.1236424
86170	174	0.1236424
86170	253	0.1236424
86170	1852	0.1236424
86189	2504	0.13150449
86189	61	0.13150448
86189	410	0.13150448
86189	635	0.13150448
86189	696	0.13150448
86189	1550	0.13150446
86189	1578	0.13150446
86189	4793	0.13150446
86189	5227	0.13150446
86189	240	0.13150445
86202	523	0.08572689
86202	72	0.08572688
86202	5856	0.08572688
86202	2509	0.08572687
86202	3576	0.08572687
86202	3727	0.08572687
86202	4620	0.08572687
86202	6237	0.08572687
86202	6756	0.08572687
86202	812	0.085726865
86242	4372	0.10589642
86242	6859	0.10589642
86242	1957	0.10537022
86242	6652	0.105370216
86242	701	0.10537021
86242	1513	0.1053702
86242	68	0.10537019
86242	730	0.105266295
86242	2372	0.105266266
86242	4284	0.10526626
86243	631	0.15195528
86243	2860	0.15195528
86243	6339	0.15195528
86243	3161	0.15195526
86243	4669	0.15195526
86243	5871	0.15195526
86243	598	0.15195525
86243	1635	0.15195525
86243	1703	0.15195525
86243	2011	0.15195525
86368	3327	0.12058611
86368	294	0.1205861
86368	1852	0.1205861
86368	4239	0.12058609
86368	4920	0.12058609
86368	3132	0.12058608
86368	4133	0.12058608
86368	4835	0.12058608
86368	5965	0.12058608
86368	6502	0.12058608
86392	6443	0.112153135
86392	1356	0.11215313
86392	4707	0.11215313
86392	6111	0.11215313
86392	5674	0.11215311
86392	2152	0.1121531
86392	4281	0.11215308
86392	5099	0.11125613
86392	4668	0.11125612
86392	6852	0.11125612
86408	3255	0.1232768
86408	6367	0.12327679
86408	6408	0.12327678
86408	510	0.12327677
86408	5575	0.12327675
86408	4340	0.11960011
86408	400	0.11960007
86408	3812	0.11960007
86408	4899	0.11960007
86408	5358	0.119600065
86419	4154	0.111364305
86419	3327	0.11136429
86419	4835	0.11136429
86419	2278	0.11136428
86419	294	0.111364275
86419	1852	0.111364275
86419	4133	0.111364275
86419	4239	0.111364275
86419	5046	0.111364275
86419	6502	0.111364275
86489	2064	0.10827722
86489	3336	0.1082772
86489	5793	0.1082772
86489	1782	0.10827719
86489	4305	0.10827719
86489	258	0.10827717
86489	1821	0.10827717
86489	2710	0.108277164
86489	317	0.10827716
86489	5288	0.10666339
86548	2014	0.10106627
86548	133	0.10106626
86548	622	0.10106626
86548	473	0.10106625
86548	6383	0.10106625
86548	3048	0.10106624
86548	660	0.10106623
86548	668	0.10106623
86548	1044	0.10106623
86548	2361	0.10106623
86555	6564	0.11614168
86555	2746	0.11614166
86555	1955	0.116141655
86555	2963	0.116141655
86555	5255	0.11614165
86555	3583	0.11614164
86555	3921	0.11614164
86555	3659	0.11614163
86555	5951	0.11614162
86555	3884	0.1161416
86641	3608	0.1142353
86641	6159	0.11423528
86641	4043	0.114235274
86641	5928	0.114235274
86641	5274	0.11423526
86641	2076	0.11423525
86641	3990	0.11423525
86641	5496	0.11423525
86641	2075	0.114235245
86641	2566	0.114235245
86720	5060	0.08849922
86720	5440	0.08836415
86720	209	0.08836414
86720	3423	0.088364094
86720	4844	0.08794194
86720	4452	0.08794193
86720	1950	0.08794192
86720	2841	0.08794192
86720	4547	0.08794192
86720	2941	0.087941915
86819	2684	0.11751868
86819	3619	0.11751868
86819	719	0.11751866
86819	4100	0.11751866
86819	436	0.117518656
86819	1948	0.117518656
86819	4036	0.117518656
86819	1169	0.11751865
86819	1925	0.11751865
86819	4025	0.11751865
86835	2951	0.10111754
86835	3396	0.10111754
86835	5371	0.10111754
86835	6825	0.10111752
86835	2004	0.101117514
86835	6605	0.101117514
86835	459	0.10111751
86835	1247	0.10111751
86835	1301	0.10111751
86835	4259	0.10111751
86906	2917	0.09803842
86906	1352	0.09803841
86906	192	0.098038405
86906	614	0.098038405
86906	2799	0.098038405
86906	285	0.09803839
86906	1930	0.09803839
86906	1770	0.09803838
86906	6473	0.09803838
86906	384	0.097965285
86932	5352	0.10036613
86932	2376	0.10036611
86932	3536	0.10036611
86932	4112	0.10036611
86932	2040	0.10036609
86932	3133	0.100366086
86932	5786	0.10036606
86932	3766	0.09938802
86932	3273	0.099388
86932	4567	0.09938797
86959	110	0.11876409
86959	6043	0.11876408
86959	6765	0.11876408
86959	5034	0.11876407
86959	1144	0.118764065
86959	1330	0.118764065
86959	1752	0.118764065
86959	2005	0.118764065
86959	2569	0.118764065
86959	2640	0.118764065
86969	422	0.0949751
86969	798	0.0949751
86969	2696	0.0949751
86969	504	0.09497509
86969	1743	0.09497509
86969	4334	0.09497509
86969	5015	0.09497509
86969	5632	0.09497509
86969	298	0.094975084
86969	802	0.094975084
87051	118	0.10214813
87051	184	0.10214812
87051	540	0.102148116
87051	1506	0.102148116
87051	1667	0.102148116
87051	4704	0.102148116
87051	6814	0.102148116
87051	2978	0.10214811
87051	5079	0.10214811
87051	5992	0.10214811
87108	1830	0.12326096
87108	1943	0.12326096
87108	6540	0.12326096
87108	6708	0.12326095
87108	5052	0.123260945
87108	721	0.12326094
87108	669	0.12326092
87108	3533	0.12326092
87108	4746	0.12326092
87108	417	0.123260915
87155	158	0.10042809
87155	439	0.10042809
87155	832	0.10042809
87155	1695	0.10042808
87155	5797	0.10042808
87155	20	0.100428075
87155	5380	0.10042806
87155	5405	0.09974727
87155	1532	0.099747255
87155	3159	0.099747255
87302	4876	0.096737474
87302	2000	0.09673747
87302	3237	0.09673746
87302	3698	0.09673746
87302	512	0.09603624
87302	3116	0.09603621
87302	4161	0.09579862
87302	4688	0.0957986
87302	1273	0.09579858
87302	2237	0.095798574
87351	1731	0.12679644
87351	1709	0.12679641
87351	2983	0.12679641
87351	2997	0.12679641
87351	3234	0.12679641
87351	3366	0.12679641
87351	100	0.1267964
87351	193	0.1267964
87351	313	0.1267964
87351	567	0.1267964
87401	2014	0.11790272
87401	133	0.11790271
87401	622	0.11790271
87401	473	0.11790268
87401	660	0.11790268
87401	3048	0.11790268
87401	3064	0.11790268
87401	668	0.117902674
87401	2633	0.117902674
87401	1044	0.11790267
87540	5428	0.10772361
87540	3089	0.10645965
87540	6495	0.10645965
87540	6725	0.10645964
87540	633	0.10645963
87540	2843	0.10645963
87540	3020	0.10645963
87540	3343	0.10645963
87540	4847	0.10645963
87540	6672	0.10645963
87555	110	0.105327666
87555	6043	0.10532766
87555	6765	0.10532766
87555	1752	0.10532765
87555	700	0.10532764
87555	1144	0.10532764
87555	2640	0.10532764
87555	6676	0.10532764
87555	1154	0.105327636
87555	1159	0.105327636
87579	696	0.092930384
87579	61	0.09293038
87579	410	0.09293038
87579	2504	0.09293038
87579	240	0.09293036
87579	964	0.09293036
87579	1550	0.09293036
87579	1578	0.09293036
87579	1774	0.09293036
87579	2175	0.09293036
87688	3327	0.10712354
87688	294	0.107123524
87688	4154	0.107123524
87688	4835	0.107123524
87688	2278	0.10712352
87688	4239	0.10712352
87688	83	0.10712351
87688	253	0.10712351
87688	1002	0.10712351
87688	1379	0.10712351
87712	1711	0.10555112
87712	3960	0.10540619
87712	4268	0.104978904
87712	4190	0.104978874
87712	4676	0.10497886
87712	6416	0.10497886
87712	4659	0.10479841
87712	6073	0.1047984
87712	3474	0.104798384
87712	4402	0.104798384
87820	4031	0.10887758
87820	3327	0.108639315
87820	4154	0.1086393
87820	4835	0.1086393
87820	1452	0.108639285
87820	2278	0.108639285
87820	5219	0.108639285
87820	6502	0.108639285
87820	83	0.10863928
87820	4333	0.10863928
87911	2860	0.12259585
87911	3161	0.12259585
87911	6339	0.12259585
87911	631	0.12259583
87911	2018	0.12259583
87911	4669	0.12259583
87911	598	0.122595824
87911	3317	0.122595824
87911	4291	0.122595824
87911	5871	0.122595824
87929	6716	0.096342
87929	1259	0.09634199
87929	157	0.096341975
87929	182	0.096341975
87929	2742	0.096341975
87929	50	0.09634197
87929	879	0.09634197
87929	1249	0.09634197
87929	1533	0.09634197
87929	1975	0.09634197
87938	3457	0.09772358
87938	5618	0.09772358
87938	5918	0.09772357
87938	6184	0.097723566
87938	2776	0.09772356
87938	831	0.09772355
87938	3897	0.09772354
87938	3376	0.09772352
87938	4141	0.09698202
87938	5996	0.096981995
87948	681	0.10027685
87948	5647	0.10027682
87948	3231	0.10024783
87948	1111	0.09995383
87948	2030	0.09995383
87948	6727	0.0999538
87948	5085	0.099953786
87948	5418	0.09992486
87948	6405	0.09992483
87948	2017	0.099924795
87949	3327	0.11560771
87949	4154	0.11560771
87949	294	0.115607694
87949	4835	0.115607694
87949	83	0.11560769
87949	2278	0.11560769
87949	4239	0.11560769
87949	5046	0.11560769
87949	5965	0.11560769
87949	174	0.11560768
87964	3917	0.11966221
87964	6122	0.11966221
87964	6808	0.1196622
87964	2016	0.119662195
87964	2169	0.119662195
87964	2494	0.119662195
87964	3256	0.119662195
87964	3580	0.119662195
87964	5258	0.119662195
87964	6382	0.119662195
87974	109	0.11831972
87974	5561	0.11831972
87974	1167	0.118319705
87974	1197	0.118319705
87974	6064	0.118319705
87974	6100	0.118319705
87974	1427	0.1183197
87974	2363	0.1183197
87974	6562	0.1183197
87974	3680	0.11831969
88029	4834	0.10088907
88029	164	0.10088904
88029	2674	0.100889035
88029	3320	0.100889035
88029	710	0.10088903
88029	2627	0.10088903
88029	4467	0.10088903
88029	5159	0.10088903
88029	6046	0.10088903
88029	2299	0.10088902
88122	4300	0.10010477
88122	503	0.100104764
88122	2955	0.100104764
88122	5434	0.100104764
88122	339	0.10010475
88122	1346	0.10010475
88122	991	0.100104734
88122	703	0.10010472
88122	485	0.099942595
88122	2214	0.099942595
88170	1023	0.0971335
88170	4221	0.09713348
88170	994	0.09713346
88170	1501	0.09683825
88170	1937	0.096838236
88170	1659	0.09683823
88170	302	0.09683821
88170	538	0.09683821
88170	1916	0.09683821
88170	1545	0.096838206
88187	2269	0.11074361
88187	539	0.1107436
88187	1579	0.1107436
88187	2880	0.1107436
88187	3286	0.1107436
88187	4433	0.1107436
88187	5696	0.1107436
88187	2465	0.11074359
88187	2354	0.11074358
88187	5242	0.11074358
88229	696	0.114946194
88229	2504	0.11494619
88229	61	0.11494617
88229	1550	0.11494617
88229	1578	0.114946164
88229	240	0.11494616
88229	635	0.11494616
88229	964	0.11494616
88229	1595	0.11494616
88229	1901	0.11494616
88248	87	0.12806469
88248	2652	0.12806468
88248	5620	0.12806468
88248	4258	0.12806466
88248	310	0.12806463
88248	1200	0.12806463
88248	1438	0.12806463
88248	2231	0.12806463
88248	4294	0.12806463
88248	5144	0.12806463
88283	3407	0.117010206
88283	5834	0.117010206
88283	4235	0.11701019
88283	462	0.117010176
88283	2316	0.117010176
88283	3300	0.117010176
88283	2349	0.11701016
88283	2905	0.11701016
88283	3428	0.11701015
88283	2404	0.116806924
88288	118	0.108576566
88288	184	0.108576566
88288	5817	0.10857656
88288	6814	0.10857656
88288	540	0.10857655
88288	4704	0.10857655
88288	5992	0.10857655
88288	6684	0.10857655
88288	1506	0.10857654
88288	1667	0.10857654
88299	2214	0.099146664
88299	2292	0.099146664
88299	3039	0.099146664
88299	6680	0.099146664
88299	485	0.09914666
88299	5163	0.09914666
88299	6786	0.09914666
88299	75	0.09914665
88299	1496	0.09914665
88299	2215	0.09914665
88330	2092	0.12403992
88330	4508	0.12403991
88330	819	0.1240399
88330	4949	0.1240399
88330	5185	0.1240399
88330	3699	0.124039896
88330	3309	0.12403989
88330	2961	0.12403988
88330	1700	0.12403987
88330	3038	0.12403987
88389	2357	0.10239977
88389	4703	0.10239977
88389	5792	0.10239977
88389	1303	0.10239976
88389	513	0.10239975
88389	1873	0.10239975
88389	2549	0.10239975
88389	4936	0.10239975
88389	6428	0.10239975
88389	3534	0.102399744
88412	4340	0.12673317
88412	6643	0.12673314
88412	400	0.12673312
88412	3812	0.12673312
88412	4899	0.12673312
88412	5358	0.12673312
88412	6025	0.12673312
88412	6026	0.12673312
88412	6757	0.12673312
88412	6689	0.12673311
88416	2214	0.10837585
88416	6786	0.10837585
88416	2292	0.10837584
88416	3039	0.10837584
88416	981	0.10837583
88416	1263	0.10837583
88416	1496	0.10837583
88416	6680	0.10837583
88416	2215	0.108375825
88416	2859	0.108375825
88435	5418	0.0989374
88435	6405	0.09893739
88435	2017	0.09893734
88435	2030	0.09871031
88435	1111	0.0987103
88435	6727	0.09871028
88435	5085	0.098710276
88435	2531	0.098484784
88435	3244	0.09848477
88435	2898	0.09848475
88574	2269	0.10580869
88574	539	0.105808675
88574	1579	0.10580867
88574	3286	0.10580867
88574	2354	0.10580866
88574	2465	0.10580866
88574	2880	0.10580866
88574	4433	0.10580866
88574	5242	0.10580866
88574	5915	0.10580866
88605	3231	0.107422985
88605	681	0.10632573
88605	5647	0.106325716
88605	3224	0.106254354
88605	2867	0.106245756
88605	5254	0.106245734
88605	2513	0.10624573
88605	4501	0.10624571
88605	3457	0.106174424
88605	5618	0.10617442
88620	5558	0.10937083
88620	2752	0.10937082
88620	3018	0.10937082
88620	628	0.10937081
88620	2803	0.10937081
88620	3916	0.10937081
88620	3978	0.10937081
88620	4293	0.10937081
88620	4403	0.10937081
88620	6341	0.10937081
88652	437	0.112980366
88652	1030	0.112980366
88652	4977	0.11298035
88652	1648	0.11298034
88652	4344	0.11298034
88652	5066	0.11298034
88652	34	0.112980336
88652	651	0.112980336
88652	4101	0.112980336
88652	3073	0.11298032
88693	3530	0.090703666
88693	1961	0.09070365
88693	6860	0.090329185
88693	4268	0.0902946
88693	4190	0.09029458
88693	4676	0.090294555
88693	6416	0.09029454
88693	731	0.09010097
88693	213	0.09010096
88693	649	0.09010096
88738	259	0.12148387
88738	944	0.12148386
88738	1668	0.12148386
88738	1823	0.12148386
88738	2687	0.12148386
88738	3647	0.12148386
88738	4695	0.12148386
88738	5150	0.12148386
88738	6763	0.12148386
88738	546	0.121483855
88793	6716	0.11554074
88793	1259	0.115540735
88793	50	0.11554071
88793	182	0.11554071
88793	879	0.11554071
88793	1533	0.11554071
88793	2919	0.11554071
88793	5755	0.11554071
88793	6550	0.11554071
88793	1249	0.115540706
88937	110	0.10835714
88937	6043	0.10835713
88937	6676	0.10835713
88937	6765	0.10835713
88937	700	0.108357124
88937	6117	0.108357124
88937	1144	0.10835712
88937	1330	0.10835712
88937	1360	0.10835712
88937	1752	0.10835712
88976	1089	0.10628815
88976	4737	0.10628815
88976	1812	0.10628814
88976	5043	0.10628814
88976	5448	0.106288135
88976	690	0.10628813
88976	1872	0.10628813
88976	5537	0.10628813
88976	1596	0.10628812
88976	1781	0.10628812
88993	3184	0.1260103
88993	380	0.12601027
88993	1063	0.12601027
88993	1589	0.12601027
88993	4114	0.12601027
88993	4812	0.12601027
88993	4946	0.12601027
88993	5556	0.12601027
88993	1883	0.12601025
88993	3150	0.12601025
89014	4161	0.124596365
89014	1273	0.12459633
89014	4688	0.12459633
89014	2237	0.12459631
89014	3768	0.124279834
89014	575	0.12427983
89014	4158	0.12427983
89014	1454	0.12427981
89014	4208	0.12427981
89014	3958	0.12427979
89057	2269	0.09502821
89057	3286	0.0950282
89057	539	0.09502819
89057	1579	0.09502819
89057	425	0.09502818
89057	1540	0.09502818
89057	2354	0.09502818
89057	2465	0.09502818
89057	2880	0.09502818
89057	2920	0.09502818
89192	3089	0.13276753
89192	6725	0.13276753
89192	633	0.13276751
89192	2054	0.13276751
89192	2843	0.13276751
89192	2998	0.13276751
89192	3560	0.13276751
89192	4121	0.13276751
89192	6495	0.13276751
89192	389	0.1327675
89207	5499	0.10414364
89207	6920	0.10414364
89207	551	0.104143634
89207	1963	0.104143634
89207	8	0.10414363
89207	1547	0.10414363
89207	1128	0.10414362
89207	4473	0.10414362
89207	5109	0.10414362
89207	5419	0.10414362
89307	2134	0.117937006
89307	531	0.117937
89307	1307	0.117937
89307	3303	0.11793699
89307	3051	0.11793698
89307	2553	0.117936976
89307	2877	0.117936976
89307	5887	0.117936976
89307	545	0.11793697
89307	1720	0.11793697
89391	259	0.12622577
89391	326	0.12622577
89391	546	0.12622577
89391	648	0.12622577
89391	733	0.12622577
89391	1387	0.12622577
89391	1668	0.12622577
89391	1823	0.12622577
89391	1833	0.12622577
89391	3647	0.12622577
89507	4026	0.10257156
89507	67	0.102571554
89507	4029	0.102571554
89507	93	0.10257155
89507	971	0.10257155
89507	2545	0.10257155
89507	1068	0.10257154
89507	1688	0.10257154
89507	3074	0.10257154
89507	3361	0.10257154
89551	6671	0.12973815
89551	99	0.12973806
89551	716	0.12973806
89551	2649	0.12973806
89551	2655	0.12973806
89551	5178	0.12973803
89551	1025	0.12883922
89551	5173	0.12883921
89551	2000	0.12856087
89551	4876	0.12856087
89851	1731	0.11826642
89851	3234	0.11826641
89851	1207	0.1182664
89851	1709	0.1182664
89851	2983	0.1182664
89851	2997	0.1182664
89851	3613	0.1182664
89851	4197	0.1182664
89851	193	0.118266396
89851	658	0.118266396
89852	5120	0.10712879
89852	2223	0.107128754
89852	1892	0.10678661
89852	206	0.10678658
89852	1856	0.10678657
89852	1376	0.106786564
89852	1261	0.10678656
89852	1714	0.10678656
89852	4905	0.10678656
89852	5080	0.10678656
89867	5311	0.09825438
89867	1701	0.098254375
89867	5649	0.09825437
89867	904	0.09825435
89867	1127	0.09825435
89867	2052	0.09825435
89867	4484	0.09825435
89867	5298	0.09825435
89867	6028	0.09825435
89867	1364	0.098254345
89874	696	0.08299172
89874	2504	0.08299172
89874	635	0.08299171
89874	4791	0.08299171
89874	61	0.082991704
89874	410	0.082991704
89874	448	0.082991704
89874	964	0.082991704
89874	1550	0.082991704
89874	1578	0.082991704
89913	1830	0.1271485
89913	721	0.12714848
89913	1943	0.12714848
89913	6540	0.12714848
89913	6708	0.12714848
89913	3439	0.12714845
89913	3533	0.12714845
89913	5995	0.12714845
89913	669	0.12714843
89913	2935	0.12714843
89945	320	0.1093671
89945	3743	0.1093671
89945	159	0.109367095
89945	1567	0.109367095
89945	1629	0.109367095
89945	1855	0.109367095
89945	4014	0.109367095
89945	177	0.10936709
89945	180	0.10936709
89945	346	0.10936709
90049	4617	0.11401308
90049	3955	0.11401306
90049	3427	0.114013046
90049	3803	0.114013046
90049	5106	0.114013046
90049	6395	0.114013046
90049	3342	0.11401303
90049	5705	0.11401303
90049	2236	0.114013016
90049	5010	0.114013016
90075	3743	0.1215849
90075	236	0.12158489
90075	320	0.12158489
90075	346	0.12158489
90075	1629	0.12158489
90075	2339	0.12158489
90075	3350	0.12158489
90075	4014	0.12158489
90075	4217	0.12158489
90075	4854	0.12158489
90137	3765	0.124442846
90137	6331	0.12444284
90137	6723	0.12444284
90137	788	0.12444283
90137	2842	0.12444283
90137	4558	0.12444283
90137	4950	0.12444283
90137	748	0.12444282
90137	1275	0.12444282
90137	2481	0.12444282
90174	110	0.098946914
90174	6043	0.0989469
90174	6765	0.0989469
90174	700	0.098946884
90174	1144	0.098946884
90174	1330	0.098946884
90174	1736	0.098946884
90174	1752	0.098946884
90174	2569	0.098946884
90174	2640	0.098946884
90198	1405	0.105703786
90198	3385	0.105703756
90198	974	0.105703734
90198	5431	0.10558262
90198	1094	0.105582595
90198	4165	0.10558258
90198	4692	0.10554536
90198	997	0.10554534
90198	6092	0.10554534
90198	1964	0.105545335
90232	2856	0.09288622
90232	908	0.09288621
90232	1471	0.09288621
90232	4483	0.09288621
90232	4865	0.09288621
90232	2158	0.0928862
90232	2128	0.092886195
90232	2805	0.092886195
90232	3762	0.092886195
90232	3790	0.092886195
90322	1035	0.11284737
90322	4057	0.11284737
90322	910	0.11284735
90322	1499	0.11284734
90322	3720	0.11284734
90322	6888	0.11284734
90322	1801	0.112847336
90322	2311	0.112847336
90322	554	0.11284733
90322	2188	0.11284733
90391	4751	0.113736615
90391	1302	0.11373659
90391	2326	0.11373659
90391	789	0.113736585
90391	1174	0.113736585
90391	1835	0.113736585
90391	2888	0.113736585
90391	3525	0.113736585
90391	5140	0.113736585
90391	5629	0.113736585
90417	87	0.108681485
90417	2652	0.108681485
90417	4258	0.108681485
90417	5620	0.10868147
90417	310	0.10868146
90417	1200	0.108681455
90417	2231	0.10868145
90417	5144	0.10868145
90417	1438	0.10868144
90417	4294	0.10868144
90467	6001	0.11301264
90467	2756	0.11301263
90467	4147	0.11301263
90467	3257	0.11301262
90467	5047	0.11301262
90467	6498	0.11301262
90467	1241	0.11301261
90467	6758	0.11301261
90467	3801	0.113012604
90467	6138	0.113012604
90517	976	0.10108404
90517	2934	0.10108404
90517	896	0.10108403
90517	3783	0.10108402
90517	5557	0.101084016
90517	1653	0.10108401
90517	5594	0.10108401
90517	3740	0.101084
90517	1660	0.101083994
90517	2989	0.101083994
90614	4014	0.11858097
90614	346	0.11858096
90614	3743	0.11858096
90614	180	0.11858095
90614	320	0.11858095
90614	1567	0.11858095
90614	1629	0.11858095
90614	2339	0.11858095
90614	4217	0.11858095
90614	6863	0.11858095
90616	118	0.097237974
90616	184	0.097237974
90616	4704	0.097237974
90616	5817	0.097237974
90616	540	0.09723797
90616	1506	0.09723797
90616	929	0.09723796
90616	1667	0.09723796
90616	2270	0.09723796
90616	2978	0.09723796
90653	633	0.12906948
90653	2054	0.12906948
90653	6725	0.12906948
90653	389	0.12906946
90653	2998	0.12906946
90653	3089	0.12906946
90653	4121	0.12906946
90653	4847	0.12906946
90653	6495	0.12906946
90653	508	0.12906945
90657	4834	0.106267154
90657	164	0.10626713
90657	710	0.106267124
90657	2674	0.106267124
90657	3320	0.106267124
90657	4467	0.106267124
90657	5159	0.10626712
90657	6046	0.10626712
90657	2299	0.10626711
90657	2627	0.10626711
90766	631	0.10892482
90766	2860	0.10892482
90766	5871	0.10892482
90766	3161	0.10892481
90766	598	0.108924806
90766	1635	0.108924806
90766	4291	0.108924806
90766	4669	0.108924806
90766	5920	0.108924806
90766	6339	0.108924806
90776	3917	0.11042228
90776	3256	0.11042227
90776	6122	0.11042227
90776	5258	0.11042226
90776	6382	0.11042226
90776	2016	0.11042225
90776	2169	0.11042225
90776	2494	0.11042225
90776	2577	0.11042225
90776	3580	0.11042225
90793	2752	0.12521736
90793	4293	0.12521736
90793	5558	0.12521736
90793	6341	0.12521736
90793	628	0.12521735
90793	2406	0.12521735
90793	2803	0.12521735
90793	3018	0.12521735
90793	3916	0.12521735
90793	1143	0.12521733
90915	4751	0.10314761
90915	5629	0.103147596
90915	1174	0.10314758
90915	1302	0.10314758
90915	2326	0.10314758
90915	3525	0.10314758
90915	4181	0.103147574
90915	789	0.10314757
90915	1185	0.10314757
90915	1835	0.10314757
91002	269	0.10976961
91002	6698	0.10976961
91002	797	0.109769605
91002	2709	0.1097696
91002	6903	0.1097696
91002	1311	0.10976959
91002	1794	0.10976959
91002	6472	0.10976959
91002	249	0.10976958
91002	1250	0.10976958
91017	180	0.12575477
91017	320	0.12575477
91017	346	0.12575477
91017	1629	0.12575477
91017	1855	0.12575477
91017	3350	0.12575477
91017	3743	0.12575477
91017	4014	0.12575477
91017	4217	0.12575477
91017	6863	0.12575477
91058	2269	0.107859775
91058	1579	0.10785976
91058	5696	0.10785976
91058	539	0.10785975
91058	2354	0.107859746
91058	2880	0.107859746
91058	3286	0.107859746
91058	4433	0.107859746
91058	5242	0.107859746
91058	2465	0.10785974
91103	118	0.12787557
91103	184	0.12787557
91103	4704	0.12787557
91103	6814	0.12787557
91103	1506	0.12787555
91103	1667	0.12787555
91103	2978	0.12787555
91103	5079	0.12787555
91103	5817	0.12787555
91103	5992	0.12787555
91113	4028	0.09776486
91113	2427	0.097764835
91113	6647	0.097470656
91113	3546	0.09747063
91113	1864	0.097470626
91113	384	0.097409576
91113	581	0.09740957
91113	1436	0.09740957
91113	232	0.09740956
91113	732	0.09740956
91119	175	0.1282636
91119	6589	0.1282636
91119	2587	0.12826353
91119	2927	0.12826353
91119	3041	0.12826353
91119	359	0.12826352
91119	833	0.12826352
91119	4238	0.12826352
91119	5533	0.12826352
91119	5955	0.1282635
91130	444	0.11760278
91130	3882	0.11760278
91130	381	0.11760276
91130	6335	0.11760276
91130	2788	0.11760275
91130	3072	0.11760275
91130	6590	0.11760275
91130	165	0.11760274
91130	3015	0.11760274
91130	659	0.117602736
91165	2860	0.11949756
91165	3161	0.11949755
91165	5871	0.119497545
91165	598	0.11949754
91165	631	0.11949754
91165	2018	0.11949754
91165	4291	0.11949754
91165	4669	0.11949754
91165	6403	0.11949754
91165	1635	0.11949753
91184	120	0.10486483
91184	5760	0.10486482
91184	2527	0.10486481
91184	3136	0.10486481
91184	6804	0.10486481
91184	6868	0.10486481
91184	4230	0.104864806
91184	4722	0.104864806
91184	4864	0.104864806
91184	2548	0.1048648
91203	3657	0.10159938
91203	4493	0.10159938
91203	6057	0.10159938
91203	1641	0.10159937
91203	2463	0.10159937
91203	3856	0.10159937
91203	858	0.101599365
91203	1643	0.101599365
91203	2668	0.101599365
91203	2767	0.101599365
91263	5558	0.10432912
91263	2752	0.10432911
91263	3018	0.10432911
91263	4293	0.10432911
91263	6341	0.10432911
91263	628	0.104329094
91263	1745	0.104329094
91263	2669	0.104329094
91263	2803	0.104329094
91263	3916	0.104329094
91342	361	0.104519874
91342	2021	0.10451986
91342	3261	0.10451986
91342	5208	0.10451986
91342	6797	0.10451986
91342	1566	0.104519844
91342	5909	0.104519844
91342	2350	0.10451984
91342	3842	0.10451984
91342	4174	0.10451983
91425	4293	0.09527567
91425	5558	0.09527567
91425	628	0.095275655
91425	2752	0.095275655
91425	2803	0.095275655
91425	3018	0.095275655
91425	3916	0.095275655
91425	4403	0.095275655
91425	6341	0.095275655
91425	1745	0.09527565
91428	858	0.13019235
91428	2463	0.13019235
91428	3856	0.13019235
91428	4524	0.13019235
91428	6055	0.13019235
91428	6057	0.13019235
91428	430	0.13019234
91428	632	0.13019234
91428	1643	0.13019234
91428	2156	0.13019234
91449	1731	0.11222379
91449	2983	0.11222379
91449	193	0.112223774
91449	1709	0.112223774
91449	3234	0.112223774
91449	4197	0.112223774
91449	658	0.11222377
91449	1207	0.11222377
91449	2997	0.11222377
91449	4747	0.11222377
91491	3053	0.100656025
91491	4236	0.100656
91491	4623	0.10065598
91491	5120	0.10060032
91491	2223	0.10060027
91491	5657	0.10055135
91491	272	0.10055134
91491	4895	0.100551315
91491	915	0.10049562
91491	1766	0.100476444
91576	3702	0.10275631
91576	4063	0.10275629
91576	6861	0.10275629
91576	3683	0.10275627
91576	5176	0.10275627
91576	6346	0.10250296
91576	463	0.10250294
91576	1034	0.10250294
91576	2008	0.10250294
91576	2307	0.10250294
91631	631	0.120535955
91631	2860	0.120535955
91631	3161	0.120535955
91631	2018	0.12053595
91631	2643	0.12053594
91631	5920	0.12053594
91631	6339	0.12053594
91631	6403	0.12053594
91631	6842	0.12053594
91631	132	0.12053593
91634	1731	0.11779095
91634	1918	0.11779094
91634	2983	0.11779094
91634	2997	0.11779094
91634	4197	0.11779094
91634	1207	0.11779093
91634	1709	0.11779093
91634	6887	0.11779093
91634	100	0.11779092
91634	193	0.11779092
91647	2134	0.104551814
91647	531	0.10455181
91647	545	0.10455181
91647	3303	0.1045518
91647	5422	0.1045518
91647	1307	0.10455179
91647	3051	0.10455179
91647	5887	0.10455179
91647	1720	0.104551785
91647	2553	0.104551785
91685	2064	0.08728256
91685	3336	0.08728255
91685	5793	0.08728255
91685	1821	0.08728253
91685	4305	0.08728253
91685	258	0.08728252
91685	1782	0.08728252
91685	317	0.087282516
91685	1854	0.087282516
91685	2710	0.087282516
91761	6671	0.10063113
91761	2649	0.10063109
91761	2655	0.10063109
91761	99	0.10063107
91761	716	0.10063107
91761	5178	0.10063104
91761	2983	0.10043037
91761	3234	0.10043037
91761	1207	0.10043036
91761	1709	0.10043036
91832	696	0.119689606
91832	410	0.1196896
91832	61	0.119689584
91832	1550	0.119689584
91832	1578	0.119689584
91832	2504	0.119689584
91832	5250	0.119689584
91832	964	0.11968958
91832	4187	0.11968958
91832	4188	0.11968958
91875	79	0.112404905
91875	4175	0.112404905
91875	4273	0.112404905
91875	1624	0.1124049
91875	2728	0.1124049
91875	3059	0.1124049
91875	4177	0.1124049
91875	4342	0.1124049
91875	5122	0.1124049
91875	6532	0.1124049
91931	6057	0.1154883
91931	858	0.11548829
91931	2463	0.11548829
91931	3657	0.11548829
91931	3856	0.11548829
91931	4493	0.11548829
91931	4524	0.11548829
91931	6055	0.11548829
91931	1643	0.11548828
91931	5097	0.11548828
92132	3503	0.10780275
92132	3297	0.107802734
92132	3636	0.107802734
92132	6215	0.107802734
92132	4632	0.10780272
92132	5293	0.10780272
92132	6345	0.10780272
92132	4118	0.10780271
92132	248	0.107802704
92132	549	0.107802704
92152	193	0.10116748
92152	1731	0.10116748
92152	2997	0.10116748
92152	4197	0.10116748
92152	1207	0.10116747
92152	1709	0.10116747
92152	1805	0.10116747
92152	2983	0.10116747
92152	3234	0.10116747
92152	658	0.10116746
92156	696	0.103649125
92156	2504	0.103649125
92156	1578	0.10364912
92156	61	0.10364911
92156	410	0.10364911
92156	635	0.10364911
92156	1550	0.10364911
92156	964	0.1036491
92156	4188	0.1036491
92156	5250	0.1036491
92184	6763	0.11023895
92184	259	0.11023894
92184	1668	0.11023894
92184	1833	0.11023894
92184	5333	0.11023894
92184	546	0.11023893
92184	733	0.11023893
92184	1823	0.11023893
92184	5150	0.11023893
92184	5315	0.11023893
92215	5360	0.109681755
92215	5698	0.109681755
92215	3870	0.10968174
92215	6145	0.10968174
92215	2296	0.109681726
92215	2297	0.109681726
92215	3802	0.109681726
92215	6102	0.109681726
92215	591	0.10968171
92215	4290	0.10968171
92278	2934	0.09679987
92278	976	0.096799865
92278	896	0.09679986
92278	3783	0.09679985
92278	5594	0.09679985
92278	1653	0.096799836
92278	5557	0.096799836
92278	3740	0.09679983
92278	1660	0.09679982
92278	5049	0.09679982
92316	5270	0.10874763
92316	6836	0.10874763
92316	5869	0.10874762
92316	358	0.10839289
92316	2508	0.10839287
92316	871	0.108392864
92316	3662	0.108392864
92316	6515	0.108392864
92316	2675	0.10839285
92316	1797	0.108392835
92398	194	0.12213555
92398	3957	0.12213555
92398	5334	0.12213554
92398	1096	0.122135535
92398	1483	0.12213553
92398	2887	0.12213553
92398	3014	0.12213553
92398	1807	0.12213552
92398	6080	0.12213552
92398	728	0.122135505
92405	688	0.111111894
92405	2173	0.111111894
92405	3217	0.111111894
92405	6488	0.111111894
92405	1739	0.11111189
92405	2164	0.11111189
92405	134	0.11111188
92405	1233	0.11111188
92405	1620	0.11111188
92405	2340	0.11111188
92498	1731	0.13328178
92498	193	0.13328177
92498	1207	0.13328177
92498	1918	0.13328177
92498	2983	0.13328177
92498	2997	0.13328177
92498	3366	0.13328177
92498	4197	0.13328177
92498	6887	0.13328177
92498	658	0.13328175
92524	996	0.10293722
92524	6878	0.10293722
92524	1617	0.10293721
92524	701	0.10252729
92524	1957	0.10252729
92524	6652	0.10252729
92524	68	0.102527276
92524	1513	0.102527276
92524	5461	0.102414116
92524	97	0.102414094
92547	3500	0.114036225
92547	1487	0.11403622
92547	5297	0.1140362
92547	4061	0.11403617
92547	2037	0.11403614
92547	358	0.11385873
92547	871	0.11385871
92547	3662	0.11385871
92547	6515	0.11385869
92547	1797	0.113858685
92648	3372	0.10915415
92648	2255	0.10868647
92648	242	0.1043074
92648	1598	0.10394688
92648	2256	0.10185715
92648	3535	0.10130591
92648	4853	0.10130589
92648	5099	0.10078156
92648	4668	0.10078154
92648	6735	0.10078153
92652	434	0.10601722
92652	274	0.1060172
92652	3318	0.1060172
92652	1346	0.104833305
92652	2955	0.104833305
92652	503	0.10483329
92652	4300	0.10483329
92652	5434	0.10483329
92652	339	0.104833275
92652	991	0.10483326
92658	320	0.11337226
92658	346	0.11337225
92658	1567	0.11337225
92658	1855	0.11337225
92658	2339	0.11337225
92658	3743	0.11337225
92658	4014	0.11337225
92658	4217	0.11337225
92658	4512	0.11337225
92658	6863	0.11337225
92693	4189	0.102731764
92693	3946	0.10273176
92693	714	0.10273175
92693	2322	0.10273175
92693	2518	0.10273175
92693	2821	0.10273175
92693	4665	0.10273175
92693	5025	0.10273175
92693	5662	0.10273175
92693	6012	0.10273175
92696	2330	0.11228803
92696	5762	0.11228803
92696	244	0.11228802
92696	5570	0.11228802
92696	2785	0.112288
92696	1876	0.11228799
92696	1740	0.11228798
92696	293	0.11228797
92696	4867	0.11228797
92696	5057	0.11228797
92804	5288	0.108952135
92804	6720	0.10895213
92804	324	0.10895212
92804	5432	0.1089521
92804	6081	0.10895208
92804	4031	0.108512744
92804	194	0.10844704
92804	1096	0.10844703
92804	3957	0.10844702
92804	1807	0.108447015
92810	2696	0.09300197
92810	422	0.09300196
92810	504	0.09300196
92810	1743	0.09300196
92810	4334	0.09300196
92810	5632	0.09300196
92810	5781	0.09300196
92810	5899	0.09300196
92810	798	0.093001954
92810	802	0.093001954
92853	786	0.13350008
92853	6655	0.13350005
92853	6745	0.13350002
92853	3563	0.1335
92853	6185	0.1335
92853	4418	0.13349998
92853	562	0.13280198
92853	1678	0.13280198
92853	2768	0.13280196
92853	682	0.13280195
92861	6057	0.14375614
92861	858	0.14375612
92861	1641	0.14375612
92861	1643	0.14375612
92861	2463	0.14375612
92861	2767	0.14375612
92861	3657	0.14375612
92861	3856	0.14375612
92861	4493	0.14375612
92861	4524	0.14375612
92979	696	0.10477303
92979	2504	0.10477303
92979	61	0.10477302
92979	410	0.10477302
92979	635	0.104773015
92979	1550	0.104773015
92979	1578	0.104773015
92979	1901	0.10477301
92979	3791	0.10477301
92979	448	0.104773
93018	823	0.09798683
93018	3389	0.0979868
93018	6245	0.09790242
93018	4263	0.0979024
93018	3994	0.09790239
93018	6308	0.09790239
93018	6792	0.09790239
93018	3825	0.0976407
93018	2069	0.09764068
93018	1879	0.09748397
93034	3896	0.10991399
93034	1279	0.10991396
93034	3494	0.10991396
93034	6851	0.10991396
93034	6347	0.10991395
93034	2967	0.109913945
93034	3596	0.109913945
93034	5638	0.109913945
93034	5751	0.109913945
93034	4563	0.10991392
93046	2230	0.120063886
93046	2407	0.120063886
93046	3892	0.120063886
93046	4183	0.120063886
93046	1176	0.12006387
93046	1576	0.12006387
93046	2224	0.12006387
93046	3313	0.12006387
93046	3582	0.12006387
93046	4348	0.12006387
93085	175	0.11494425
93085	6589	0.11494424
93085	2587	0.11494422
93085	2927	0.1149442
93085	359	0.11494419
93085	833	0.11494419
93085	3041	0.11494419
93085	4238	0.11494419
93085	5533	0.114944175
93085	5955	0.114944175
93092	2014	0.12742934
93092	133	0.12742932
93092	473	0.1274293
93092	622	0.1274293
93092	3048	0.12742929
93092	660	0.12742928
93092	668	0.12742928
93092	1359	0.12742928
93092	1751	0.12742928
93092	2633	0.12742928
93105	3327	0.11551434
93105	4835	0.11551432
93105	83	0.11551431
93105	294	0.11551431
93105	2278	0.11551431
93105	4239	0.11551431
93105	5046	0.11551431
93105	4133	0.1155143
93105	4920	0.1155143
93105	5965	0.1155143
93130	4787	0.11895677
93130	2502	0.11895675
93130	4129	0.11895675
93130	6232	0.118956745
93130	4138	0.11895673
93130	3097	0.118956715
93130	3511	0.118956715
93130	5700	0.118956715
93130	1410	0.1189567
93130	3246	0.1189567
93141	714	0.10629921
93141	2322	0.10629921
93141	3946	0.10629921
93141	4189	0.10629921
93141	6012	0.10629921
93141	4665	0.10629919
93141	1903	0.106299184
93141	2518	0.106299184
93141	2521	0.106299184
93141	2821	0.106299184
93147	562	0.12840313
93147	1678	0.12840313
93147	682	0.1284031
93147	1644	0.1284031
93147	2768	0.1284031
93147	5741	0.1284031
93147	6071	0.1284031
93147	2477	0.12840308
93147	4312	0.12840308
93147	563	0.12840307
93179	3780	0.122205585
93179	800	0.12220557
93179	2216	0.12220557
93179	3942	0.12220556
93179	1908	0.122205555
93179	5111	0.12220555
93179	6559	0.12220555
93179	5340	0.12220554
93179	1800	0.122205526
93179	3078	0.122205526
93241	6716	0.0921708
93241	1259	0.09217079
93241	50	0.092170775
93241	157	0.092170775
93241	182	0.092170775
93241	879	0.092170775
93241	1533	0.092170775
93241	2302	0.092170775
93241	2742	0.092170775
93241	4248	0.092170775
93308	1922	0.119016156
93308	4083	0.119016156
93308	6048	0.119016156
93308	5012	0.11901615
93308	3248	0.11901614
93308	3264	0.11901614
93308	219	0.11901613
93308	221	0.11901612
93308	1834	0.11901612
93308	3650	0.11901612
93355	5317	0.14451884
93355	1373	0.1445188
93355	2594	0.1445188
93355	4360	0.14369625
93355	5515	0.14346734
93355	2595	0.14251977
93355	6271	0.14251977
93355	6821	0.14251976
93355	5338	0.14251974
93355	4411	0.14251971
93358	1259	0.09463874
93358	6716	0.094638735
93358	50	0.09463873
93358	182	0.09463872
93358	879	0.09463872
93358	1533	0.09463872
93358	2302	0.09463872
93358	2742	0.09463872
93358	2919	0.09463872
93358	4248	0.09463872
93363	3855	0.09648147
93363	3347	0.09648144
93363	4537	0.096481435
93363	6702	0.09648143
93363	358	0.09528778
93363	871	0.09528777
93363	2508	0.095287755
93363	3662	0.095287755
93363	6515	0.095287755
93363	1797	0.09528774
93364	574	0.11750215
93364	6783	0.11750215
93364	4629	0.11750214
93364	5327	0.11750214
93364	816	0.11750213
93364	1495	0.11750212
93364	1723	0.11750212
93364	2743	0.11750212
93364	4044	0.11750212
93364	1944	0.117502116
93421	320	0.11714187
93421	346	0.11714187
93421	3743	0.11714187
93421	4014	0.11714187
93421	236	0.117141865
93421	1629	0.117141865
93421	4854	0.117141865
93421	6863	0.117141865
93421	159	0.11714186
93421	177	0.11714186
93426	492	0.11292565
93426	4457	0.11292565
93426	5093	0.112925634
93426	491	0.11292563
93426	4218	0.11292562
93426	6211	0.11292562
93426	741	0.112925604
93426	3326	0.112270355
93426	3405	0.112270355
93426	6079	0.11227034
93453	2134	0.11029692
93453	531	0.11029691
93453	1307	0.11029691
93453	545	0.110296905
93453	3051	0.110296905
93453	3303	0.110296905
93453	5422	0.110296905
93453	5887	0.110296905
93453	1720	0.1102969
93453	4276	0.1102969
93513	3253	0.12247288
93513	3853	0.12247288
93513	4204	0.12247288
93513	579	0.12247287
93513	2305	0.12247287
93513	3294	0.12247287
93513	6460	0.12247287
93513	757	0.12247286
93513	758	0.12247286
93513	2624	0.12247286
93518	3270	0.10811194
93518	868	0.106536955
93518	1349	0.10570432
93518	3804	0.10548085
93518	6340	0.10511713
93518	2497	0.103885934
93518	1475	0.103773795
93518	81	0.10355964
93518	6036	0.1034328
93518	5740	0.1031055
93562	4334	0.104808874
93562	298	0.10480887
93562	504	0.10480887
93562	1051	0.10480887
93562	1743	0.10480887
93562	2696	0.10480887
93562	5015	0.10480886
93562	5632	0.10480886
93562	422	0.10480885
93562	705	0.10480885
93565	3580	0.113477424
93565	3917	0.113477424
93565	6122	0.113477424
93565	6808	0.113477424
93565	2169	0.11347742
93565	2494	0.11347742
93565	3197	0.11347742
93565	3256	0.11347742
93565	3913	0.11347742
93565	6382	0.11347742
93615	6721	0.09214246
93615	3784	0.09187123
93615	3045	0.09187122
93615	3932	0.09187122
93615	3288	0.09187119
93615	5410	0.09187119
93615	149	0.09140714
93615	3545	0.091407135
93615	441	0.09140713
93615	5768	0.09140713
93629	2955	0.118218124
93629	1346	0.11821811
93629	5434	0.1182181
93629	503	0.118218094
93629	4300	0.118218094
93629	339	0.11821809
93629	703	0.118218064
93629	991	0.11821806
93629	456	0.11777282
93629	4573	0.11777278
93630	4228	0.11902118
93630	1840	0.11902116
93630	3353	0.11902116
93630	3552	0.11902116
93630	4012	0.11902116
93630	4685	0.11902116
93630	311	0.119021155
93630	770	0.119021155
93630	2034	0.119021155
93630	24	0.11902115
93631	696	0.08620714
93631	2504	0.08620714
93631	410	0.08620713
93631	61	0.08620712
93631	448	0.08620712
93631	635	0.08620712
93631	964	0.08620712
93631	1550	0.08620712
93631	1578	0.08620712
93631	1774	0.08620712
93636	3039	0.11193614
93636	2214	0.11193613
93636	2292	0.11193613
93636	6680	0.11193613
93636	75	0.11193612
93636	485	0.11193612
93636	1496	0.11193612
93636	2215	0.11193612
93636	5160	0.11193612
93636	5163	0.11193612
93698	2951	0.11468761
93698	3396	0.11468761
93698	5371	0.1146876
93698	6605	0.11468759
93698	459	0.11468758
93698	2004	0.11468758
93698	4259	0.11468758
93698	6825	0.11468757
93698	1247	0.11468756
93698	1301	0.11468756
93732	87	0.10270913
93732	2652	0.10270913
93732	4258	0.10270913
93732	5620	0.10270913
93732	310	0.10270911
93732	2231	0.10270911
93732	1200	0.1027091
93732	6264	0.1027091
93732	4294	0.10270909
93732	1438	0.102709085
93770	5105	0.10386589
93770	52	0.10386588
93770	282	0.10386588
93770	337	0.10386588
93770	883	0.10386588
93770	3506	0.10386588
93770	4087	0.10386588
93770	5053	0.10386588
93770	6216	0.10386588
93770	457	0.10386587
93800	346	0.10821157
93800	1855	0.10821157
93800	3743	0.10821157
93800	159	0.10821156
93800	320	0.10821156
93800	1567	0.10821156
93800	1629	0.10821156
93800	2339	0.10821156
93800	4014	0.10821156
93800	4217	0.10821156
93871	4519	0.099316254
93871	5659	0.099316254
93871	4449	0.09931624
93871	5021	0.09931624
93871	266	0.099316224
93871	2727	0.099316224
93871	3554	0.099316224
93871	4935	0.099316224
93871	4155	0.09931622
93871	1440	0.098842934
93985	546	0.10617544
93985	5150	0.10617544
93985	5333	0.10617544
93985	6763	0.10617544
93985	259	0.10617543
93985	648	0.10617543
93985	1668	0.10617543
93985	1823	0.10617543
93985	1833	0.10617543
93985	3647	0.10617543
94023	5870	0.11437799
94023	5704	0.11437798
94023	2903	0.11437794
94023	5803	0.1143779
94023	1477	0.11437669
94023	6588	0.11437667
94023	1480	0.114376664
94023	2476	0.114376664
94023	4074	0.11437665
94023	5959	0.11437665
94094	1830	0.10023996
94094	6540	0.10023996
94094	6708	0.10023996
94094	721	0.10023995
94094	1943	0.10023995
94094	5052	0.10023995
94094	2935	0.10023993
94094	5995	0.10023993
94094	3439	0.100239925
94094	4746	0.100239925
94213	184	0.10910423
94213	118	0.10910422
94213	4704	0.10910422
94213	5992	0.10910422
94213	1506	0.109104216
94213	1667	0.109104216
94213	5079	0.109104216
94213	5817	0.109104216
94213	6684	0.109104216
94213	6814	0.109104216
94242	1815	0.10357888
94242	4845	0.10357888
94242	1122	0.10357887
94242	4768	0.10357887
94242	4770	0.10357887
94242	478	0.103578866
94242	1332	0.103578866
94242	2849	0.103578866
94242	3679	0.103578866
94242	3782	0.103578866
94263	778	0.08882192
94263	466	0.0888219
94263	1288	0.0888219
94263	5519	0.0888219
94263	5546	0.0888219
94263	6802	0.0888219
94263	4971	0.088821895
94263	102	0.08882189
94263	1633	0.08882189
94263	1662	0.08882189
94334	4040	0.10671769
94334	1710	0.106717676
94334	3184	0.10664812
94334	4538	0.106648095
94334	4812	0.106648095
94334	380	0.10664809
94334	1063	0.10664809
94334	1589	0.10664809
94334	4114	0.10664809
94334	4574	0.10664808
94362	384	0.106665
94362	3581	0.106665
94362	581	0.10666499
94362	732	0.10666499
94362	1436	0.106664985
94362	1512	0.106664985
94362	1680	0.106664985
94362	1773	0.106664985
94362	3480	0.106664985
94362	3625	0.106664985
94366	3731	0.087107554
94366	4925	0.08710752
94366	5801	0.08710751
94366	3327	0.08705869
94366	4835	0.08705867
94366	2035	0.08705866
94366	2278	0.08705866
94366	4154	0.08705866
94366	4920	0.08705866
94366	5219	0.08705866
94376	1357	0.10709572
94376	1759	0.10709572
94376	707	0.1070957
94376	3752	0.10709569
94376	5271	0.10709569
94376	1101	0.10709567
94376	1471	0.1060494
94376	2158	0.10604939
94376	4381	0.10604939
94376	4865	0.10604938
94385	3176	0.10939323
94385	279	0.10939322
94385	1851	0.10939322
94385	4666	0.10939322
94385	1769	0.10939321
94385	2362	0.10939321
94385	4820	0.109393194
94385	3420	0.10939319
94385	4450	0.10939319
94385	2948	0.10939318
94396	3780	0.12050217
94396	800	0.12050216
94396	2216	0.120502144
94396	1908	0.12050213
94396	2210	0.12050213
94396	3942	0.12050213
94396	5111	0.120502114
94396	5340	0.120502114
94396	6559	0.120502114
94396	3078	0.1205021
94494	410	0.11639072
94494	696	0.11639072
94494	2504	0.11639072
94494	61	0.116390705
94494	635	0.116390705
94494	1578	0.116390705
94494	5250	0.116390705
94494	964	0.1163907
94494	1550	0.1163907
94494	5227	0.1163907
94495	1293	0.11300658
94495	1666	0.11300658
94495	2664	0.11300658
94495	2203	0.11300656
94495	2702	0.11300656
94495	3455	0.11300656
94495	6354	0.113006555
94495	2191	0.11300655
94495	2325	0.11300655
94495	4772	0.11300655
94519	5800	0.10435856
94519	1766	0.104358554
94519	5682	0.104358554
94519	172	0.10435854
94519	4331	0.10298575
94519	3053	0.10279755
94519	4236	0.10279752
94519	4623	0.10279751
94519	2249	0.10260322
94519	5660	0.10260322
94529	1892	0.11617294
94529	206	0.11617293
94529	1856	0.116172925
94529	794	0.11617291
94529	1714	0.11617291
94529	5080	0.11617291
94529	1261	0.1161729
94529	1376	0.116172895
94529	4905	0.11617289
94529	3775	0.11617288
94630	5940	0.13051839
94630	45	0.13051838
94630	2211	0.13051838
94630	2703	0.13051838
94630	3465	0.13051838
94630	782	0.13051836
94630	1962	0.13051836
94630	2807	0.13051836
94630	2855	0.13051836
94630	4471	0.13051836
94730	110	0.123708405
94730	6765	0.123708405
94730	700	0.1237084
94730	1752	0.1237084
94730	2640	0.1237084
94730	6043	0.1237084
94730	5034	0.12370838
94730	6676	0.12370838
94730	1159	0.123708375
94730	1736	0.123708375
94787	2755	0.109434396
94787	4919	0.10943438
94787	5702	0.10943438
94787	1236	0.10943437
94787	1927	0.10943437
94787	3229	0.10943437
94787	6306	0.10943437
94787	715	0.109434366
94787	2725	0.109434366
94787	4332	0.109434366
94818	110	0.12048242
94818	700	0.120482415
94818	6043	0.120482415
94818	6765	0.120482415
94818	1752	0.12048241
94818	6676	0.12048241
94818	1360	0.1204824
94818	2569	0.1204824
94818	2640	0.1204824
94818	5034	0.1204824
94843	2287	0.09308814
94843	4446	0.09308813
94843	5804	0.09308813
94843	2420	0.09308811
94843	6895	0.09308809
94843	556	0.09302017
94843	2639	0.09274143
94843	3331	0.09274143
94843	5100	0.09274143
94843	2688	0.09274142
94923	1793	0.11889206
94923	2498	0.11889206
94923	4415	0.11889206
94923	1319	0.11889205
94923	1080	0.118892044
94923	4536	0.118892044
94923	6022	0.118892044
94923	6298	0.118892044
94923	2896	0.11889204
94923	89	0.11889203
94951	6920	0.12028207
94951	5499	0.12028206
94951	551	0.120282054
94951	1547	0.120282054
94951	1963	0.120282054
94951	6362	0.120282054
94951	4072	0.12028205
94951	5109	0.12028205
94951	6682	0.12028205
94951	6729	0.12028205
94952	2867	0.09190212
94952	4501	0.0919021
94952	2513	0.09190209
94952	5254	0.09190209
94952	3179	0.09124674
94952	3256	0.09046298
94952	3917	0.09046298
94952	6808	0.09046298
94952	4777	0.090462975
94952	6122	0.090462975
94965	1743	0.11183348
94965	504	0.111833476
94965	798	0.111833476
94965	2696	0.111833476
94965	2972	0.111833476
94965	264	0.11183347
94965	298	0.11183347
94965	422	0.11183347
94965	705	0.11183347
94965	2084	0.11183347
94985	4321	0.113379106
94985	4579	0.1133791
94985	1009	0.11337909
94985	1879	0.11337909
94985	3044	0.11337909
94985	5002	0.11337909
94985	6060	0.11337909
94985	924	0.11337908
94985	2473	0.11337908
94985	2648	0.11337908
94997	6375	0.10143007
94997	1	0.10078874
94997	4	0.10078874
94997	3	0.10078871
94997	2	0.10078868
94997	0	0.099671066
94997	6374	0.09967106
94997	5740	0.09949207
94997	868	0.09878263
94997	2256	0.09830089
95010	72	0.11287696
95010	523	0.11287695
95010	5856	0.11287695
95010	2509	0.11287694
95010	3727	0.11287694
95010	4620	0.11287694
95010	6756	0.11287694
95010	812	0.11287693
95010	6237	0.11287693
95010	385	0.11287692
95025	5360	0.109035216
95025	5698	0.10903521
95025	3870	0.1090352
95025	2296	0.109035194
95025	2297	0.109035194
95025	3802	0.109035194
95025	6102	0.109035194
95025	6145	0.109035194
95025	591	0.10903518
95025	4290	0.10903518
95043	75	0.09808319
95043	6680	0.09808319
95043	485	0.09808318
95043	975	0.09808318
95043	2214	0.09808318
95043	2215	0.09808318
95043	2292	0.09808318
95043	3039	0.09808318
95043	5163	0.09808318
95043	6786	0.09808318
95173	696	0.0973825
95173	2504	0.0973825
95173	410	0.09738249
95173	635	0.097382486
95173	964	0.097382486
95173	1550	0.097382486
95173	1578	0.097382486
95173	2175	0.097382486
95173	3329	0.097382486
95173	3791	0.097382486
95226	2292	0.11968939
95226	3039	0.11968939
95226	6786	0.11968939
95226	1496	0.11968938
95226	2214	0.11968938
95226	5147	0.11968938
95226	6014	0.11968938
95226	6680	0.11968938
95226	75	0.119689375
95226	485	0.119689375
95250	1731	0.12478513
95250	2983	0.12478513
95250	1709	0.12478511
95250	1805	0.12478511
95250	2997	0.12478511
95250	3234	0.12478511
95250	6887	0.12478511
95250	193	0.1247851
95250	744	0.1247851
95250	1207	0.1247851
95261	5940	0.10805292
95261	2703	0.10805291
95261	45	0.1080529
95261	2211	0.1080529
95261	6309	0.1080529
95261	782	0.108052894
95261	1767	0.108052894
95261	1962	0.108052894
95261	2245	0.108052894
95261	2400	0.108052894
95301	3939	0.110466816
95301	2808	0.11046681
95301	5382	0.11046681
95301	914	0.1104668
95301	1756	0.1104668
95301	2410	0.1104668
95301	3726	0.1104668
95301	676	0.11046679
95301	3717	0.11046679
95301	3993	0.11046679
95316	6009	0.13578705
95316	3362	0.13578698
95316	4527	0.13578698
95316	79	0.13577291
95316	1624	0.13577291
95316	4175	0.13577291
95316	4273	0.13577291
95316	5122	0.13577291
95316	3059	0.1357729
95316	4342	0.1357729
95353	4579	0.12034683
95353	6536	0.12034683
95353	924	0.120346814
95353	1009	0.120346814
95353	1879	0.120346814
95353	2648	0.120346814
95353	3044	0.120346814
95353	3594	0.120346814
95353	4321	0.120346814
95353	5574	0.120346814
95360	2951	0.110070735
95360	3396	0.110070735
95360	5371	0.110070735
95360	6605	0.11007072
95360	459	0.11007071
95360	2004	0.11007071
95360	6825	0.11007071
95360	1301	0.110070705
95360	4259	0.110070705
95360	1247	0.1100707
95393	6779	0.10154881
95393	1926	0.10154879
95393	6784	0.10154878
95393	727	0.101548776
95393	1028	0.10154877
95393	4350	0.10154877
95393	4269	0.101548746
95393	5778	0.101548746
95393	3477	0.10154874
95393	5526	0.10154874
95452	1812	0.100550726
95452	5043	0.100550726
95452	1089	0.10055072
95452	5448	0.10055072
95452	690	0.10055071
95452	1872	0.10055071
95452	1596	0.1005507
95452	1781	0.1005507
95452	2374	0.1005507
95452	5485	0.1005507
95506	3765	0.12701869
95506	6331	0.12701869
95506	788	0.12701868
95506	4950	0.12701868
95506	748	0.12701866
95506	1275	0.12701866
95506	1425	0.12701866
95506	1552	0.12701866
95506	2481	0.12701866
95506	2796	0.12701866
95509	6898	0.088345416
95509	3239	0.08834539
95509	2212	0.08827379
95509	2868	0.08679634
95509	5754	0.0864481
95509	2906	0.08610136
95509	4210	0.08546463
95509	2856	0.08523366
95509	908	0.08523364
95509	2158	0.08523364
95525	558	0.09466124
95525	726	0.094661236
95525	1287	0.094661236
95525	561	0.09466122
95525	842	0.09466122
95525	1676	0.09466122
95525	1704	0.09466122
95525	4814	0.09466122
95525	5087	0.09466122
95525	5565	0.09466122
95574	3327	0.10921325
95574	4154	0.109213226
95574	83	0.10921322
95574	1852	0.10921322
95574	2278	0.10921322
95574	4239	0.10921322
95574	4835	0.10921322
95574	4920	0.10921322
95574	253	0.10921321
95574	294	0.10921321
95781	3089	0.13009411
95781	6725	0.13009411
95781	2843	0.1300941
95781	389	0.13009408
95781	508	0.13009408
95781	633	0.13009408
95781	1546	0.13009408
95781	2054	0.13009408
95781	3020	0.13009408
95781	4121	0.13009408
95903	320	0.10165832
95903	1855	0.10165832
95903	2339	0.10165832
95903	346	0.101658314
95903	1567	0.101658314
95903	1726	0.101658314
95903	2573	0.101658314
95903	3259	0.101658314
95903	3501	0.101658314
95903	3743	0.101658314
95907	3765	0.11196864
95907	6331	0.11196864
95907	788	0.11196863
95907	748	0.11196862
95907	1552	0.11196862
95907	2796	0.11196862
95907	2842	0.11196862
95907	2949	0.11196862
95907	4558	0.11196862
95907	4950	0.11196862
95921	696	0.11262059
95921	2504	0.11262059
95921	61	0.11262058
95921	410	0.11262058
95921	635	0.11262058
95921	1550	0.11262058
95921	1578	0.11262058
95921	4188	0.11262057
95921	240	0.11262056
95921	1595	0.11262056
95923	2378	0.1148777
95923	1575	0.114877686
95923	1640	0.114877686
95923	1098	0.11487768
95923	2993	0.11487767
95923	43	0.114877656
95923	2783	0.114877656
95923	3453	0.114877656
95923	5787	0.114877656
95923	51	0.11487765
95932	1957	0.091437876
95932	6652	0.091437876
95932	701	0.09143787
95932	68	0.09143786
95932	1513	0.09143786
95932	2372	0.09118844
95932	4284	0.09118844
95932	124	0.09109491
95932	5973	0.090929896
95932	1191	0.09092587
95991	269	0.13958773
95991	1311	0.13958773
95991	1794	0.13958773
95991	2709	0.13958773
95991	6356	0.13958773
95991	6698	0.13958773
95991	249	0.13958772
95991	3965	0.13958772
95991	4172	0.13958772
95991	6472	0.13958772
96019	562	0.15021339
96019	1678	0.15021339
96019	2768	0.15021338
96019	682	0.15021336
96019	1644	0.15021336
96019	5741	0.15021336
96019	6071	0.15021336
96019	4312	0.15021335
96019	5850	0.15021335
96019	2477	0.15021333
96053	3046	0.09529406
96053	6474	0.09529405
96053	3273	0.09520687
96053	3766	0.09520687
96053	4567	0.09520684
96053	5352	0.09462327
96053	4112	0.09462325
96053	2040	0.09462324
96053	2376	0.09462324
96053	3536	0.09462324
96054	1812	0.10815124
96054	5043	0.10815124
96054	5448	0.10815124
96054	1089	0.10815123
96054	1596	0.10815123
96054	4737	0.10815123
96054	5485	0.10815123
96054	71	0.10815121
96054	306	0.10815121
96054	690	0.10815121
96055	79	0.10633515
96055	3059	0.10633515
96055	4175	0.10633515
96055	4273	0.10633515
96055	4342	0.10633515
96055	1624	0.10633514
96055	4177	0.10633514
96055	6532	0.10633514
96055	168	0.10633513
96055	251	0.10633513
96194	320	0.11580649
96194	346	0.11580649
96194	1855	0.11580649
96194	2339	0.11580649
96194	3743	0.11580649
96194	4014	0.11580649
96194	1629	0.11580648
96194	6863	0.11580648
96194	159	0.115806475
96194	177	0.115806475
96320	320	0.1038198
96320	346	0.1038198
96320	1855	0.1038198
96320	159	0.103819795
96320	2339	0.103819795
96320	2575	0.103819795
96320	4014	0.103819795
96320	4217	0.103819795
96320	6334	0.103819795
96320	177	0.10381979
96335	5499	0.123107776
96335	551	0.12310776
96335	1963	0.12310776
96335	6920	0.12310776
96335	4473	0.12310775
96335	625	0.123107746
96335	1547	0.123107746
96335	2524	0.123107746
96335	5109	0.123107746
96335	6362	0.123107746
96357	1430	0.10215172
96357	6663	0.10215172
96357	114	0.10215171
96357	1248	0.10215171
96357	2403	0.10215171
96357	5559	0.10215171
96357	171	0.10215169
96357	1188	0.10215169
96357	2738	0.10215169
96357	3701	0.10215169
96440	631	0.10750039
96440	2860	0.10750039
96440	4669	0.10750038
96440	598	0.107500374
96440	1635	0.107500374
96440	2018	0.107500374
96440	3161	0.107500374
96440	4291	0.107500374
96440	4466	0.107500374
96440	5871	0.107500374
96444	444	0.11486366
96444	3882	0.11486365
96444	381	0.11486364
96444	2788	0.114863634
96444	6335	0.114863634
96444	165	0.11486363
96444	6590	0.11486363
96444	4346	0.11486362
96444	6566	0.11486362
96444	6856	0.11486362
96448	110	0.10906967
96448	6043	0.10906967
96448	6676	0.10906966
96448	6765	0.10906966
96448	1752	0.10906965
96448	700	0.109069645
96448	1144	0.109069645
96448	1330	0.109069645
96448	1360	0.109069645
96448	1894	0.109069645
96474	688	0.10544378
96474	2164	0.105443776
96474	2871	0.105443776
96474	3217	0.105443776
96474	6488	0.105443776
96474	1739	0.10544377
96474	2173	0.10544377
96474	3674	0.10544377
96474	134	0.10544376
96474	1233	0.10544376
96493	4898	0.13978168
96493	5464	0.13978168
96493	6212	0.13978168
96493	6535	0.13978168
96493	96	0.13978167
96493	572	0.13978167
96493	990	0.13978167
96493	1486	0.13978167
96493	4557	0.13978167
96493	5829	0.13978167
96521	1124	0.10865292
96521	4422	0.10865291
96521	2740	0.108652905
96521	3605	0.108652905
96521	3869	0.108652905
96521	6414	0.108652905
96521	6336	0.1086529
96521	743	0.10865289
96521	3026	0.10865289
96521	5310	0.10865289
96554	696	0.10928327
96554	410	0.10928325
96554	1578	0.10928325
96554	2504	0.10928325
96554	61	0.10928324
96554	446	0.10928324
96554	635	0.10928324
96554	1550	0.10928324
96554	1774	0.10928324
96554	4187	0.10928324
96679	1259	0.10481335
96679	6716	0.10481335
96679	2742	0.10481333
96679	50	0.10481332
96679	157	0.10481332
96679	879	0.10481332
96679	1533	0.10481332
96679	2919	0.10481332
96679	4248	0.10481332
96679	6550	0.10481332
96744	2107	0.12486423
96744	1602	0.12486419
96744	3564	0.12486419
96744	5044	0.12486417
96744	3198	0.12486416
96744	5048	0.12486416
96744	6154	0.12486416
96744	6908	0.12486416
96744	3333	0.12486415
96744	4193	0.124864146
96771	3039	0.11648122
96771	2214	0.116481215
96771	2292	0.116481215
96771	5163	0.116481215
96771	6014	0.116481215
96771	75	0.11648121
96771	485	0.11648121
96771	6680	0.11648121
96771	1264	0.1164812
96771	2215	0.1164812
96869	6169	0.094709784
96869	76	0.09470977
96869	4929	0.09470977
96869	5671	0.09470977
96869	6787	0.09470977
96869	2433	0.094709754
96869	1562	0.09470974
96869	6361	0.09462764
96869	1632	0.09462763
96869	6349	0.09462763
96880	3766	0.10618944
96880	3273	0.10618943
96880	4567	0.1061894
96880	5795	0.10571854
96880	5864	0.10571854
96880	176	0.10571853
96880	675	0.10571852
96880	6740	0.10571852
96880	440	0.105718516
96880	2335	0.10571851
96900	3765	0.11963934
96900	4558	0.11963934
96900	6331	0.11963934
96900	788	0.11963933
96900	2842	0.11963933
96900	6723	0.11963933
96900	748	0.11963932
96900	1552	0.11963932
96900	2481	0.11963932
96900	2796	0.11963932
96936	2664	0.12644143
96936	1293	0.12644142
96936	1666	0.12644142
96936	3455	0.12644142
96936	6354	0.1264414
96936	145	0.12644139
96936	2191	0.12644139
96936	2203	0.12644139
96936	2325	0.12644139
96936	2702	0.12644139
96954	2556	0.1137697
96954	4514	0.11376969
96954	898	0.11376968
96954	1795	0.11376968
96954	2129	0.11376968
96954	5721	0.11376967
96954	1271	0.113769665
96954	2806	0.11376966
96954	3976	0.11376966
96954	6058	0.11376966
96970	189	0.11158942
96970	1164	0.11158942
96970	1227	0.11152215
96970	1949	0.11152214
96970	1762	0.11152213
96970	5107	0.11152212
96970	4890	0.111522116
96970	199	0.11152209
96970	502	0.11152209
96970	4924	0.11152209
96989	2045	0.112395495
96989	3555	0.112395495
96989	3611	0.112395495
96989	3922	0.112395495
96989	1522	0.11239548
96989	2377	0.11239548
96989	3374	0.11239548
96989	5743	0.11239548
96989	535	0.11239547
96989	1358	0.11239547
97160	5934	0.119781576
97160	1093	0.11978154
97160	3415	0.11978154
97160	5029	0.11978154
97160	252	0.11978153
97160	2835	0.119781524
97160	5878	0.11978152
97160	1828	0.11978151
97160	1885	0.11978151
97160	4275	0.11978151
97179	1075	0.096805334
97179	5213	0.096805304
97179	6747	0.096805304
97179	1652	0.09680529
97179	2104	0.09680529
97179	4604	0.09680529
97179	6000	0.096805274
97179	3503	0.09644636
97179	3297	0.09644635
97179	3636	0.09644635
97208	5121	0.11812059
97208	815	0.11812055
97208	1951	0.118120536
97208	3458	0.11777921
97208	5392	0.117779195
97208	6703	0.117779195
97208	314	0.11777918
97208	952	0.11777918
97208	3182	0.11777918
97208	3732	0.11777918
97290	95	0.08687922
97290	5695	0.08687921
97290	5326	0.086650684
97290	2755	0.08657256
97290	4919	0.08657256
97290	5702	0.08657256
97290	1236	0.08657255
97290	1927	0.08657255
97290	715	0.08657254
97290	2725	0.08657254
97324	110	0.10501913
97324	6765	0.10501913
97324	700	0.10501912
97324	1752	0.10501912
97324	6043	0.10501912
97324	6676	0.10501912
97324	1144	0.105019115
97324	2569	0.105019115
97324	2640	0.105019115
97324	1154	0.10501911
97423	184	0.10894035
97423	5817	0.10894035
97423	118	0.10894034
97423	1667	0.10894034
97423	4704	0.10894034
97423	6814	0.10894034
97423	540	0.10894033
97423	1506	0.10894033
97423	2978	0.10894033
97423	5079	0.10894033
97515	4222	0.1179312
97515	3170	0.11793117
97515	3409	0.11793117
97515	1895	0.11793116
97515	3769	0.11793116
97515	1771	0.11793114
97515	1779	0.11793113
97515	3798	0.11793113
97515	6749	0.11793113
97515	1528	0.1179311
97587	2134	0.11847472
97587	1307	0.1184747
97587	531	0.11847469
97587	3051	0.11847469
97587	3303	0.11847469
97587	5887	0.11847469
97587	545	0.118474685
97587	5422	0.118474685
97587	5602	0.118474685
97587	1720	0.11847468
97694	87	0.110609785
97694	2652	0.110609785
97694	4258	0.11060977
97694	5620	0.11060977
97694	310	0.11060976
97694	1200	0.11060975
97694	1438	0.11060974
97694	2231	0.11060974
97694	4294	0.11060974
97694	5144	0.11060974
97721	976	0.11318573
97721	2934	0.11318573
97721	3783	0.113185704
97721	1653	0.11318569
97721	1660	0.11318569
97721	3740	0.11318569
97721	5557	0.11318569
97721	5594	0.11318569
97721	2989	0.11318567
97721	5049	0.11318567
97754	87	0.10655299
97754	2652	0.10655299
97754	4258	0.10655299
97754	5620	0.106552966
97754	310	0.10655296
97754	1200	0.10655296
97754	2231	0.10655295
97754	5144	0.10655294
97754	6264	0.10655294
97754	1438	0.106552936
97848	2207	0.087754086
97848	1639	0.08775407
97848	2654	0.08775407
97848	3394	0.08775407
97848	5744	0.08775407
97848	188	0.08775406
97848	913	0.08775406
97848	3875	0.08775406
97848	607	0.087754056
97848	801	0.087754056
97972	5360	0.10130721
97972	5698	0.10130721
97972	3802	0.10130719
97972	3870	0.10130719
97972	6145	0.10130719
97972	2296	0.10130718
97972	2297	0.10130718
97972	6102	0.10130718
97972	6310	0.101307176
97972	591	0.10130717
98026	6315	0.10596855
98026	3681	0.10596854
98026	6074	0.10596853
98026	6300	0.10596852
98026	2148	0.105968505
98026	2544	0.105968505
98026	3238	0.105968505
98026	5	0.1059685
98026	1692	0.1059685
98026	2965	0.10596849
98159	1731	0.12244852
98159	2983	0.122448504
98159	1207	0.1224485
98159	1918	0.1224485
98159	193	0.12244849
98159	658	0.12244849
98159	744	0.12244849
98159	1709	0.12244849
98159	2222	0.12244849
98159	2997	0.12244849
98263	2782	0.12687361
98263	672	0.12687358
98263	1398	0.12687358
98263	1541	0.12687358
98263	1616	0.12687358
98263	2176	0.12687358
98263	2356	0.12687358
98263	3559	0.12687358
98263	5372	0.12687358
98263	5469	0.12687358
98297	6725	0.13238826
98297	633	0.13238825
98297	3089	0.13238825
98297	389	0.13238823
98297	508	0.13238823
98297	2054	0.13238823
98297	2843	0.13238823
98297	2998	0.13238823
98297	3560	0.13238823
98297	4121	0.13238823
98320	3327	0.11229991
98320	4835	0.1122999
98320	4154	0.11229989
98320	4920	0.11229989
98320	83	0.11229988
98320	2278	0.11229988
98320	5046	0.11229988
98320	253	0.112299874
98320	294	0.112299874
98320	1002	0.112299874
98322	3039	0.10693096
98322	6680	0.10693096
98322	75	0.106930956
98322	485	0.106930956
98322	2214	0.106930956
98322	2292	0.106930956
98322	5163	0.106930956
98322	6014	0.10693095
98322	975	0.10693094
98322	1264	0.10693094
98344	4898	0.11384669
98344	96	0.113846675
98344	785	0.113846675
98344	839	0.113846675
98344	990	0.113846675
98344	1486	0.113846675
98344	4557	0.113846675
98344	5313	0.113846675
98344	5464	0.113846675
98344	5829	0.113846675
98356	2808	0.12784415
98356	3939	0.12784415
98356	914	0.12784414
98356	2410	0.12784414
98356	3726	0.12784414
98356	5382	0.12784414
98356	397	0.12784413
98356	537	0.12784413
98356	676	0.12784413
98356	1756	0.12784413
98422	133	0.09882346
98422	2014	0.09882346
98422	622	0.09882344
98422	473	0.09882343
98422	660	0.09882343
98422	668	0.09882343
98422	3048	0.09882343
98422	6383	0.09882343
98422	1751	0.09882342
98422	1044	0.09882341
98440	1031	0.111791655
98440	6346	0.111791655
98440	1034	0.11179165
98440	463	0.11179164
98440	2307	0.11179164
98440	2923	0.11179164
98440	5694	0.11179163
98440	5790	0.11179163
98440	6061	0.11179163
98440	6099	0.11179163
98484	5155	0.089336105
98484	2396	0.0893361
98484	3943	0.08915882
98484	5954	0.08915882
98484	3094	0.08915881
98484	4994	0.0891588
98484	4548	0.089158796
98484	72	0.08887034
98484	523	0.08887034
98484	1426	0.08887033
98525	6331	0.10288591
98525	788	0.1028859
98525	3765	0.1028859
98525	1425	0.102885894
98525	2796	0.102885894
98525	2842	0.102885894
98525	2949	0.102885894
98525	4950	0.102885894
98525	5390	0.102885894
98525	748	0.10288589
98547	4010	0.13415067
98547	5822	0.13415065
98547	6520	0.13415065
98547	2426	0.13415062
98547	4932	0.13415062
98547	6241	0.13306905
98547	3031	0.13303728
98547	3254	0.13297583
98547	4042	0.1329758
98547	4399	0.13297579
98574	2207	0.121286884
98574	1062	0.12128688
98574	6685	0.12128688
98574	607	0.12128687
98574	3851	0.12128687
98574	6549	0.12128687
98574	801	0.12128686
98574	1639	0.12128686
98574	2653	0.12128686
98574	3193	0.12128686
98575	1855	0.09163932
98575	2339	0.09163932
98575	6863	0.09163932
98575	159	0.09163931
98575	320	0.09163931
98575	346	0.09163931
98575	1090	0.09163931
98575	1453	0.09163931
98575	1629	0.09163931
98575	1726	0.09163931
98628	5825	0.10297801
98628	5783	0.10202579
98628	5266	0.10202578
98628	3220	0.10202577
98628	803	0.10202576
98628	6019	0.10202576
98628	4111	0.102025755
98628	3876	0.10202574
98628	751	0.10202572
98628	1269	0.10181778
98647	5614	0.11673768
98647	1614	0.11673765
98647	3254	0.116719574
98647	4042	0.116719544
98647	4399	0.11671954
98647	5838	0.11671953
98647	6791	0.11671953
98647	547	0.1167195
98647	1611	0.11553274
98647	1649	0.11551461
98686	456	0.11438789
98686	1401	0.114387855
98686	4573	0.114387855
98686	3456	0.114387825
98686	4739	0.11438781
98686	4017	0.1143878
98686	3644	0.114387795
98686	1346	0.11411649
98686	2955	0.11411649
98686	503	0.11411648
98722	2468	0.090412185
98722	4542	0.090412185
98722	170	0.08977918
98722	611	0.08977916
98722	1446	0.08977915
98722	3221	0.08977915
98722	7	0.089779146
98722	169	0.089779146
98722	1612	0.089779146
98722	1707	0.089779146
98723	733	0.10347826
98723	259	0.10347825
98723	944	0.10347825
98723	1618	0.10347825
98723	1823	0.10347825
98723	2001	0.10347825
98723	2687	0.10347825
98723	3647	0.10347825
98723	3710	0.10347825
98723	4695	0.10347825
98741	3285	0.10687794
98741	3913	0.10687793
98741	2800	0.10687792
98741	3197	0.10687792
98741	3550	0.10687792
98741	5923	0.10687792
98741	6446	0.10687792
98741	388	0.106877916
98741	4169	0.106877916
98741	4438	0.106877916
98758	175	0.12172829
98758	359	0.12172824
98758	833	0.12172824
98758	2927	0.12172824
98758	4238	0.121728234
98758	5955	0.121728234
98758	3041	0.12172823
98758	5533	0.12172823
98758	4834	0.12143819
98758	6046	0.12143816
98783	982	0.12613116
98783	260	0.12613115
98783	1045	0.12613113
98783	1853	0.12613112
98783	2301	0.12613112
98783	4370	0.12613112
98783	4673	0.12613112
98783	5191	0.12613112
98783	5836	0.12613112
98783	6250	0.12613112
98787	696	0.11391234
98787	2504	0.11391233
98787	1550	0.113912314
98787	1578	0.113912314
98787	4156	0.11391231
98787	5250	0.11391231
98787	240	0.1139123
98787	446	0.1139123
98787	448	0.1139123
98787	530	0.1139123
98861	3184	0.110591866
98861	4114	0.11059186
98861	6151	0.11059186
98861	4538	0.11059185
98861	1589	0.11059184
98861	4812	0.11059184
98861	5556	0.11059184
98861	3150	0.110591836
98861	5064	0.110591836
98861	380	0.11059183
98887	1031	0.121157356
98887	6346	0.121157356
98887	463	0.12115735
98887	1034	0.12115735
98887	2008	0.12115734
98887	2307	0.12115734
98887	4392	0.12115734
98887	6061	0.12115734
98887	6099	0.12115734
98887	273	0.12115733
98904	1743	0.10579438
98904	504	0.10579437
98904	2696	0.10579437
98904	3624	0.10579437
98904	5015	0.10579437
98904	5632	0.10579437
98904	5781	0.10579437
98904	422	0.10579436
98904	2972	0.10579436
98904	3745	0.10579436
98923	915	0.10483687
98923	4522	0.10474756
98923	187	0.104747556
98923	800	0.10443714
98923	3780	0.10443714
98923	1908	0.10443712
98923	2210	0.10443712
98923	2216	0.10443712
98923	3942	0.10443711
98923	1800	0.104437105
98930	1812	0.1051441
98930	5043	0.1051441
98930	5448	0.10514408
98930	5485	0.10514408
98930	5537	0.10514408
98930	1596	0.105144076
98930	2713	0.105144076
98930	4737	0.105144076
98930	71	0.10514407
98930	560	0.10514407
98943	4642	0.121316776
98943	3827	0.12131673
98943	1485	0.121017195
98943	850	0.12101717
98943	878	0.12101717
98943	5750	0.121017165
98943	817	0.12101716
98943	2059	0.12101716
98943	5873	0.12101716
98943	4386	0.12101715
98958	1626	0.1050366
98958	3468	0.10503659
98958	3738	0.10503657
98958	127	0.105036564
98958	416	0.10503656
98958	3544	0.10503656
98958	4743	0.10503656
98958	5525	0.10503656
98958	6611	0.10503656
98958	6678	0.10503656
98988	1024	0.11750986
98988	351	0.11750984
98988	697	0.11750984
98988	2830	0.11750984
98988	1880	0.117509834
98988	3676	0.117509834
98988	3846	0.117509834
98988	2413	0.11750983
98988	2479	0.11750983
98988	3107	0.11750983
99026	1471	0.098168895
99026	2158	0.09816888
99026	4381	0.09816888
99026	908	0.098168865
99026	3215	0.098168865
99026	4865	0.098168865
99026	838	0.09816886
99026	4483	0.09816886
99026	186	0.09816885
99026	2856	0.09816885
99032	61	0.115216784
99032	410	0.115216784
99032	696	0.115216784
99032	1578	0.11521678
99032	2504	0.11521678
99032	4878	0.11521677
99032	240	0.11521676
99032	635	0.11521676
99032	964	0.11521676
99032	1550	0.11521676
99068	4222	0.11281845
99068	3170	0.112818435
99068	3409	0.11281842
99068	1895	0.11281841
99068	3769	0.11281841
99068	1771	0.1128184
99068	1779	0.1128184
99068	3798	0.11281839
99068	6749	0.11281839
99068	1528	0.11281836
99102	320	0.10893045
99102	346	0.10893045
99102	1855	0.10893045
99102	2339	0.10893045
99102	1090	0.108930446
99102	3743	0.108930446
99102	159	0.10893044
99102	177	0.10893044
99102	516	0.10893044
99102	1106	0.10893044
99146	110	0.102191225
99146	6765	0.102191225
99146	700	0.10219121
99146	1752	0.10219121
99146	2569	0.10219121
99146	5034	0.10219121
99146	6043	0.10219121
99146	6676	0.10219121
99146	1330	0.1021912
99146	2640	0.1021912
99193	546	0.11066201
99193	733	0.11066201
99193	1668	0.11066201
99193	1833	0.11066201
99193	6763	0.11066201
99193	2687	0.110662006
99193	3710	0.110662006
99193	5150	0.110662006
99193	259	0.110662
99193	326	0.110662
99204	733	0.10655222
99204	2687	0.10655222
99204	3647	0.10655222
99204	259	0.10655221
99204	944	0.10655221
99204	1618	0.10655221
99204	1823	0.10655221
99204	2001	0.10655221
99204	4695	0.10655221
99204	4968	0.10655221
99222	4054	0.09366606
99222	4142	0.09366606
99222	4852	0.09366606
99222	3906	0.09366604
99222	5799	0.09366603
99222	667	0.09366601
99222	437	0.09328206
99222	1030	0.09328206
99222	4344	0.09328206
99222	6454	0.09328206
99252	320	0.11041427
99252	346	0.11041427
99252	1855	0.11041427
99252	3743	0.11041427
99252	4014	0.11041427
99252	6863	0.11041427
99252	1567	0.11041426
99252	1629	0.11041426
99252	2339	0.11041426
99252	3350	0.11041426
99312	5270	0.11899282
99312	5869	0.118992805
99312	6836	0.1189928
99312	4681	0.116749786
99312	358	0.116479196
99312	6515	0.11647919
99312	871	0.11647917
99312	3662	0.11647917
99312	2675	0.11647916
99312	1797	0.11647914
99313	6708	0.12770712
99313	1830	0.12770711
99313	1943	0.12770711
99313	5052	0.12770711
99313	6540	0.12770711
99313	721	0.1277071
99313	3439	0.12770708
99313	3533	0.12770708
99313	4746	0.12770708
99313	417	0.12770706
99314	2752	0.11602991
99314	4293	0.11602991
99314	6341	0.11602991
99314	2803	0.1160299
99314	3018	0.1160299
99314	5558	0.1160299
99314	628	0.116029896
99314	2669	0.116029896
99314	3916	0.116029896
99314	1143	0.11602989
99322	769	0.12952313
99322	4888	0.1286256
99322	2163	0.12862559
99322	475	0.12829064
99322	3157	0.12819351
99322	3845	0.12812653
99322	5445	0.12812653
99322	2614	0.1281265
99322	6168	0.1281265
99322	2159	0.12812649
99347	778	0.1135972
99347	5546	0.11359718
99347	6802	0.11359718
99347	105	0.11359717
99347	466	0.11359717
99347	1288	0.11359717
99347	1967	0.11359717
99347	2036	0.11359717
99347	3207	0.11359717
99347	4971	0.11359717
99441	6765	0.10505084
99441	110	0.10505083
99441	1752	0.105050825
99441	2640	0.105050825
99441	6043	0.105050825
99441	700	0.10505082
99441	2569	0.10505082
99441	5572	0.10505082
99441	6326	0.10505082
99441	6676	0.10505082
99523	2782	0.12158233
99523	672	0.121582314
99523	1398	0.121582314
99523	3559	0.121582314
99523	1541	0.12158231
99523	993	0.1215823
99523	1616	0.1215823
99523	2176	0.1215823
99523	2356	0.1215823
99523	2889	0.1215823
99616	1009	0.12364945
99616	1879	0.12364945
99616	3044	0.12364945
99616	6536	0.12364945
99616	3166	0.12364943
99616	4579	0.12364943
99616	5574	0.12364943
99616	6060	0.12364943
99616	4321	0.123649426
99616	4434	0.123649426
99630	1943	0.10650726
99630	6708	0.10650726
99630	1830	0.10650725
99630	6540	0.10650725
99630	5052	0.10650724
99630	721	0.106507234
99630	3439	0.10650723
99630	4746	0.10650723
99630	5995	0.10650723
99630	3533	0.10650722
99720	2696	0.10941959
99720	4334	0.10941959
99720	298	0.109419584
99720	422	0.109419584
99720	504	0.109419584
99720	798	0.109419584
99720	1743	0.109419584
99720	2084	0.109419584
99720	3600	0.109419584
99720	5015	0.109419584
99955	4840	0.10080665
99955	338	0.100806646
99955	5517	0.10080663
99955	5867	0.10080663
99955	2493	0.10080662
99955	3445	0.10080662
99955	6385	0.10080662
99955	6402	0.100806616
99955	334	0.10080661
99955	1257	0.10080661
99996	6150	0.13052496
99996	1020	0.13052493
99996	4690	0.13052493
99996	201	0.1305249
99996	550	0.1305249
99996	6283	0.1305249
99996	2784	0.13052489
99996	3201	0.13052489
99996	5114	0.13052489
99996	5833	0.13052489
99997	6716	0.09787002
99997	1259	0.097870015
99997	157	0.09787
99997	1533	0.09787
99997	50	0.09786999
99997	182	0.09786999
99997	879	0.09786999
99997	1393	0.09786999
99997	1975	0.09786999
99997	2302	0.09786999
100004	6430	0.10065232
100004	3271	0.10065227
100004	780	0.10065224
100004	5020	0.10065223
100004	5716	0.10065223
100004	6731	0.10065223
100004	2292	0.10052242
100004	2214	0.100522414
100004	3039	0.100522414
100004	6786	0.100522414
100009	485	0.10684821
100009	2214	0.10684821
100009	2292	0.10684821
100009	3039	0.10684821
100009	5163	0.10684821
100009	6680	0.10684821
100009	6786	0.1068482
100009	75	0.106848195
100009	1400	0.106848195
100009	1496	0.106848195
100053	5105	0.10910642
100053	4087	0.109106414
100053	282	0.10910641
100053	3506	0.10910641
100053	5053	0.10910641
100053	337	0.1091064
100053	5016	0.1091064
100053	52	0.10910639
100053	457	0.10910639
100053	883	0.10910639
100066	4768	0.11484514
100066	4845	0.11484514
100066	1332	0.114845134
100066	4770	0.114845134
100066	478	0.11484513
100066	1122	0.11484513
100066	1815	0.11484513
100066	3782	0.11484513
100066	4053	0.11484513
100066	1976	0.11484512
100088	1170	0.11329548
100088	5269	0.113295466
100088	1038	0.11329546
100088	873	0.11329544
100088	1262	0.11329544
100088	2988	0.11329544
100088	5264	0.11329544
100088	874	0.113295436
100088	3272	0.11244304
100088	3492	0.11204012
100115	1035	0.10620979
100115	4057	0.10620979
100115	910	0.10620977
100115	3411	0.10620977
100115	6888	0.10620977
100115	1499	0.10620976
100115	1801	0.10620976
100115	3720	0.10620976
100115	3056	0.106209755
100115	4520	0.106209755
100223	79	0.107673556
100223	1624	0.107673556
100223	3059	0.107673556
100223	4175	0.107673556
100223	4273	0.107673556
100223	251	0.10767355
100223	2728	0.10767355
100223	4177	0.10767355
100223	4342	0.10767355
100223	5122	0.10767355
100227	2421	0.11666007
100227	2911	0.11666007
100227	4627	0.11666007
100227	2384	0.116660066
100227	1844	0.11666006
100227	6167	0.11666004
100227	6737	0.11666004
100227	5634	0.11666002
100227	76	0.11571875
100227	4929	0.115718745
100264	1915	0.10934964
100264	3502	0.10934964
100264	5262	0.10934964
100264	4224	0.10934963
100264	1340	0.10934962
100264	2336	0.10934962
100264	3881	0.10934962
100264	3565	0.109349616
100264	3874	0.109349616
100264	5964	0.109349616
100361	1701	0.10053474
100361	5311	0.10053474
100361	904	0.10053472
100361	5649	0.10053472
100361	2052	0.100534715
100361	5298	0.100534715
100361	1127	0.10053471
100361	4380	0.10053471
100361	4484	0.10053471
100361	6028	0.10053471
100393	320	0.10274692
100393	4014	0.10274692
100393	159	0.102746904
100393	346	0.102746904
100393	1726	0.102746904
100393	1855	0.102746904
100393	2575	0.102746904
100393	3259	0.102746904
100393	3350	0.102746904
100393	3501	0.102746904
100454	6920	0.12668979
100454	551	0.12668978
100454	1963	0.12668978
100454	5499	0.12668978
100454	8	0.12668976
100454	1547	0.12668976
100454	2155	0.12668976
100454	2779	0.12668976
100454	3902	0.12668976
100454	4719	0.12668976
100459	1626	0.11870703
100459	3468	0.118707
100459	127	0.11870699
100459	243	0.11870699
100459	416	0.11870699
100459	3544	0.11870699
100459	3738	0.11870699
100459	5525	0.11870699
100459	6678	0.11870699
100459	1568	0.11870698
100460	1915	0.103861436
100460	4224	0.103861436
100460	3874	0.10386143
100460	2632	0.10386142
100460	3502	0.10386142
100460	3819	0.10386142
100460	5262	0.10386142
100460	5964	0.10386142
100460	6862	0.10386142
100460	2336	0.103861414
100471	384	0.09380363
100471	581	0.09380363
100471	232	0.093803614
100471	732	0.093803614
100471	1436	0.093803614
100471	1680	0.093803614
100471	3480	0.093803614
100471	3581	0.093803614
100471	3625	0.093803614
100471	5156	0.093803614
100578	631	0.10485743
100578	2018	0.10485742
100578	2860	0.104857415
100578	3161	0.104857415
100578	4669	0.104857415
100578	2939	0.10485741
100578	4291	0.10485741
100578	5920	0.10485741
100578	6339	0.10485741
100578	598	0.1048574
100594	3300	0.11370074
100594	3407	0.11370074
100594	4235	0.11370074
100594	5834	0.11370073
100594	2905	0.113700725
100594	462	0.11370072
100594	2316	0.11370072
100594	3428	0.11370072
100594	2349	0.11370069
100594	2737	0.11343281
100610	6647	0.105732515
100610	1864	0.105732486
100610	3546	0.105732486
100610	437	0.105706304
100610	1030	0.105706304
100610	4977	0.105706304
100610	6454	0.1057063
100610	34	0.10570629
100610	1648	0.10570629
100610	4101	0.10570629
100644	701	0.10738633
100644	6652	0.10738633
100644	1957	0.10738632
100644	1513	0.107386306
100644	5461	0.10655368
100644	97	0.10655366
100644	3895	0.10655366
100644	6766	0.10655366
100644	6892	0.10655365
100644	702	0.106553644
100648	6540	0.11616862
100648	6708	0.11616862
100648	1830	0.1161686
100648	1943	0.1161686
100648	5052	0.1161686
100648	5995	0.11616858
100648	669	0.11616857
100648	2935	0.11616857
100648	3439	0.11616857
100648	3527	0.11616857
100694	885	0.103992656
100694	2062	0.103992656
100694	4823	0.10399265
100694	1932	0.103992626
100694	2857	0.103347525
100694	3196	0.103347525
100694	955	0.10334752
100694	305	0.10334751
100694	2576	0.10334751
100694	5300	0.10334751
100782	463	0.12706745
100782	1031	0.12706745
100782	1034	0.12706745
100782	2307	0.12706745
100782	3796	0.12706745
100782	6061	0.12706745
100782	6099	0.12706745
100782	6346	0.12706745
100782	484	0.12706743
100782	2008	0.12706743
100815	2782	0.111058906
100815	1398	0.11105889
100815	1541	0.11105889
100815	3559	0.11105889
100815	672	0.111058876
100815	1616	0.111058876
100815	2176	0.111058876
100815	2356	0.111058876
100815	2907	0.111058876
100815	5372	0.111058876
100846	688	0.12340599
100846	3217	0.12340598
100846	6488	0.12340598
100846	1233	0.12340597
100846	1739	0.12340597
100846	2164	0.12340597
100846	2173	0.12340597
100846	2340	0.12340597
100846	2423	0.12340597
100846	3674	0.12340597
100903	3882	0.1160142
100903	444	0.11601419
100903	381	0.11601418
100903	6335	0.116014175
100903	3072	0.11601417
100903	6590	0.11601417
100903	2788	0.11601416
100903	2944	0.11601416
100903	4346	0.11601416
100903	1182	0.11601415
100984	3184	0.104889765
100984	3431	0.104889736
100984	3910	0.104889736
100984	4114	0.104889736
100984	4538	0.104889736
100984	4812	0.104889736
100984	4946	0.104889736
100984	5556	0.104889736
100984	6591	0.104889736
100984	1063	0.10488973
101035	444	0.11141756
101035	3882	0.11141755
101035	6335	0.11141755
101035	381	0.11141753
101035	6590	0.111417525
101035	165	0.11141752
101035	659	0.11141752
101035	2235	0.11141752
101035	2788	0.11141752
101035	2944	0.11141752
101041	3327	0.11276084
101041	294	0.11276083
101041	4835	0.11276083
101041	4920	0.11276083
101041	1852	0.11276082
101041	2278	0.11276082
101041	3132	0.11276082
101041	4154	0.11276082
101041	2035	0.11276081
101041	4133	0.11276081
101081	193	0.107307434
101081	1207	0.107307434
101081	1731	0.107307434
101081	4197	0.107307434
101081	2983	0.10730743
101081	2997	0.10730743
101081	1709	0.10730742
101081	1805	0.10730742
101081	1918	0.10730742
101081	2222	0.10730742
101091	5371	0.11302437
101091	2951	0.11302436
101091	3396	0.11302436
101091	2004	0.11302434
101091	6605	0.11302434
101091	6825	0.11302434
101091	459	0.11302433
101091	1301	0.11302433
101091	1247	0.113024324
101091	4259	0.113024324
101141	3151	0.14627525
101141	1585	0.14627524
101141	4518	0.14627522
101141	1065	0.14611349
101141	1590	0.14611349
101141	4832	0.14611346
101141	1231	0.14531997
101141	4526	0.14531997
101141	1725	0.14531994
101141	4816	0.14531994
101196	1023	0.11388889
101196	4221	0.11388886
101196	994	0.11388883
101196	3578	0.1136745
101196	1266	0.11367449
101196	3110	0.11367449
101196	903	0.11367448
101196	2371	0.11367448
101196	5811	0.11367447
101196	650	0.11367446
101214	353	0.116465494
101214	642	0.11646547
101214	3837	0.11646545
101214	2107	0.11580689
101214	3564	0.11580688
101214	1602	0.11580686
101214	5044	0.11580685
101214	3333	0.11580684
101214	6154	0.11580684
101214	3198	0.11580683
101304	3353	0.10898225
101304	4228	0.10898225
101304	4012	0.10898224
101304	770	0.108982235
101304	1840	0.108982235
101304	2034	0.108982235
101304	3063	0.108982235
101304	3552	0.108982235
101304	4225	0.108982235
101304	4226	0.108982235
101305	2983	0.12440549
101305	1731	0.12440548
101305	193	0.12440547
101305	1709	0.12440547
101305	3234	0.12440547
101305	4197	0.12440547
101305	744	0.124405466
101305	2997	0.124405466
101305	3613	0.124405466
101305	6887	0.124405466
101336	3170	0.12149009
101336	4222	0.12149009
101336	3409	0.12149007
101336	1895	0.121490054
101336	1771	0.12149004
101336	3769	0.12149004
101336	1779	0.12149002
101336	3798	0.12149002
101336	6749	0.12149002
101336	1528	0.12148999
101422	1303	0.116276175
101422	2357	0.116276175
101422	4703	0.116276175
101422	5792	0.116276175
101422	1873	0.11627616
101422	4936	0.11627616
101422	6428	0.11627616
101422	2549	0.11627615
101422	513	0.116276145
101422	2834	0.116276145
101513	1888	0.10323143
101513	829	0.103231415
101513	4115	0.103231415
101513	2241	0.10323141
101513	3325	0.10323139
101513	5681	0.10323139
101513	4330	0.103231385
101513	4631	0.10323138
101513	3858	0.10323136
101513	3248	0.10288192
101517	4681	0.09609179
101517	358	0.095464274
101517	871	0.095464274
101517	3662	0.095464274
101517	6515	0.095464274
101517	2508	0.09546426
101517	1797	0.09546425
101517	2675	0.095464244
101517	6430	0.09528561
101517	3271	0.09528557
101550	1034	0.0978574
101550	1031	0.09785739
101550	6346	0.09785739
101550	463	0.097857386
101550	2307	0.097857386
101550	2923	0.097857386
101550	3997	0.097857386
101550	5154	0.097857386
101550	6099	0.097857386
101550	354	0.09785738
101606	2690	0.10015437
101606	3986	0.10015437
101606	350	0.09987785
101606	1502	0.09987785
101606	1514	0.09987785
101606	1946	0.09987785
101606	5279	0.09987785
101606	1630	0.099877834
101606	5193	0.099877834
101606	5985	0.099877834
101620	1035	0.099810824
101620	4057	0.099810824
101620	910	0.09981081
101620	1499	0.099810794
101620	1801	0.099810794
101620	3411	0.099810794
101620	3720	0.099810794
101620	6888	0.099810794
101620	2311	0.09981079
101620	6850	0.09981079
101696	6113	0.10791479
101696	3677	0.10709395
101696	111	0.105572745
101696	5476	0.10531066
101696	6346	0.105142005
101696	1031	0.105142
101696	1034	0.10514199
101696	3997	0.10514199
101696	4687	0.10514199
101696	463	0.10514198
101731	72	0.10502553
101731	523	0.10502553
101731	5856	0.10502553
101731	6756	0.10502553
101731	6237	0.10502552
101731	385	0.105025515
101731	812	0.105025515
101731	1282	0.105025515
101731	2509	0.105025515
101731	3727	0.105025515
101874	5761	0.104050405
101874	5268	0.104050376
101874	1780	0.10405037
101874	6468	0.10405037
101874	322	0.10405034
101874	763	0.10370304
101874	3489	0.103703015
101874	4846	0.103703015
101874	5011	0.103703015
101874	2838	0.10370301
101876	905	0.120024696
101876	1708	0.120024696
101876	5489	0.120024696
101876	6059	0.120024696
101876	731	0.12002469
101876	649	0.12002468
101876	739	0.12002468
101876	5900	0.12002468
101876	213	0.12002467
101876	1251	0.12002467
101887	688	0.10988341
101887	1739	0.1098834
101887	3217	0.1098834
101887	6488	0.1098834
101887	2173	0.10988339
101887	1341	0.10988338
101887	1620	0.10988338
101887	1924	0.10988338
101887	2032	0.10988338
101887	2340	0.10988338
102019	3184	0.107287675
102019	380	0.10728765
102019	1063	0.10728765
102019	1589	0.10728765
102019	4114	0.10728765
102019	4538	0.10728765
102019	4812	0.10728765
102019	4946	0.107287645
102019	5064	0.107287645
102019	1469	0.10728764
102032	2860	0.12963253
102032	3161	0.12963253
102032	598	0.12963252
102032	631	0.12963252
102032	2018	0.12963252
102032	5920	0.12963252
102032	6339	0.12963252
102032	6403	0.12963252
102032	38	0.1296325
102032	132	0.1296325
102117	1957	0.09327032
102117	6652	0.09327031
102117	701	0.0932703
102117	1513	0.0932703
102117	68	0.09327029
102117	1191	0.092965595
102117	1971	0.09296558
102117	6530	0.09296557
102117	996	0.09219345
102117	6878	0.09219345
102129	3059	0.11512814
102129	79	0.11512813
102129	1624	0.11512813
102129	4175	0.11512813
102129	5122	0.11512813
102129	5605	0.11512813
102129	168	0.11512812
102129	4273	0.11512812
102129	4342	0.11512812
102129	251	0.115128115
102130	1743	0.08980111
102130	298	0.0898011
102130	504	0.0898011
102130	2696	0.0898011
102130	3023	0.0898011
102130	3624	0.0898011
102130	4334	0.0898011
102130	5015	0.0898011
102130	5632	0.0898011
102130	798	0.089801095
102154	6765	0.11900728
102154	110	0.119007275
102154	700	0.119007275
102154	6043	0.119007275
102154	1752	0.11900727
102154	2640	0.11900727
102154	6676	0.11900726
102154	1159	0.11900725
102154	3469	0.11900725
102154	4068	0.11900725
102189	2107	0.11340329
102189	3564	0.11340328
102189	5044	0.11340325
102189	1602	0.113403246
102189	5048	0.113403246
102189	6154	0.113403246
102189	5441	0.11340324
102189	6908	0.11340324
102189	3198	0.11340323
102189	3333	0.11340323
102220	3327	0.11482185
102220	4154	0.11482183
102220	83	0.11482182
102220	4133	0.11482182
102220	4835	0.11482182
102220	294	0.114821814
102220	1852	0.114821814
102220	4920	0.114821814
102220	5046	0.114821814
102220	253	0.11482181
102275	2134	0.10776386
102275	531	0.10776384
102275	1307	0.107763834
102275	3051	0.107763834
102275	3303	0.107763834
102275	5422	0.107763834
102275	1720	0.10776383
102275	4276	0.10776383
102275	5887	0.10776383
102275	545	0.10776382
102284	3327	0.10203321
102284	4154	0.1020332
102284	4835	0.1020332
102284	83	0.10203318
102284	294	0.10203318
102284	1002	0.10203318
102284	1524	0.10203318
102284	1728	0.10203318
102284	1852	0.10203318
102284	2278	0.10203318
102359	6569	0.115297996
102359	353	0.11529799
102359	642	0.115297966
102359	3837	0.11529796
102359	3271	0.114468694
102359	5716	0.114468664
102359	780	0.11446866
102359	5020	0.11446866
102359	6731	0.11446865
102359	2556	0.11423506
102375	2463	0.13346939
102375	858	0.13346937
102375	1643	0.13346937
102375	3856	0.13346937
102375	4524	0.13346937
102375	6055	0.13346937
102375	6057	0.13346937
102375	4493	0.13346936
102375	121	0.13346934
102375	420	0.13346934
102430	1369	0.08416917
102430	341	0.08398357
102430	5618	0.08398357
102430	5918	0.08398357
102430	6184	0.08398357
102430	831	0.083983555
102430	2776	0.083983555
102430	3897	0.08398354
102430	3376	0.083983526
102430	2867	0.08384628
102564	2134	0.13128248
102564	1307	0.13128246
102564	545	0.13128245
102564	3051	0.13128245
102564	3859	0.13128245
102564	5422	0.13128245
102564	5715	0.13128245
102564	5887	0.13128245
102564	1720	0.13128243
102564	2877	0.13128243
102571	3402	0.11687415
102571	1857	0.11687413
102571	496	0.11687412
102571	718	0.11687412
102571	3223	0.11687411
102571	3985	0.11687411
102571	5486	0.11687411
102571	5406	0.116874106
102571	5926	0.1168741
102571	6508	0.1168741
102581	3184	0.11424524
102581	4538	0.11424523
102581	4812	0.11424521
102581	6151	0.11424521
102581	1063	0.114245206
102581	3431	0.114245206
102581	4114	0.114245206
102581	380	0.1142452
102581	1469	0.1142452
102581	1882	0.1142452
102642	679	0.13774443
102642	4960	0.13774443
102642	6323	0.13774443
102642	4648	0.13774441
102642	5853	0.13774441
102642	6771	0.13774441
102642	3019	0.1377444
102642	4961	0.1377444
102642	1678	0.13734913
102642	2768	0.13734911
102647	982	0.10605031
102647	6250	0.10605029
102647	260	0.10605028
102647	1045	0.10605028
102647	1853	0.10605028
102647	2301	0.10605028
102647	4370	0.10605028
102647	4673	0.10605027
102647	5191	0.10605027
102647	5836	0.10605027
102668	2357	0.10901812
102668	5792	0.10901812
102668	1303	0.10901811
102668	4703	0.10901811
102668	1873	0.1090181
102668	3534	0.1090181
102668	4936	0.1090181
102668	513	0.109018095
102668	2549	0.109018095
102668	3724	0.109018095
102676	4617	0.110543884
102676	3955	0.110543855
102676	3427	0.11054385
102676	5106	0.11054385
102676	6395	0.11054385
102676	5601	0.11054384
102676	3342	0.11054383
102676	3803	0.11054383
102676	5705	0.11054383
102676	2236	0.110543825
102702	3272	0.09791084
102702	1038	0.097796194
102702	1170	0.09779619
102702	5269	0.09779619
102702	874	0.09779618
102702	1262	0.09779618
102702	873	0.09779617
102702	2988	0.09779616
102702	5264	0.09779616
102702	5270	0.09752305
102705	1502	0.103745244
102705	350	0.10374524
102705	1514	0.10374524
102705	5279	0.10374524
102705	5193	0.10374523
102705	5985	0.10374523
102705	1212	0.10374522
102705	1630	0.10374522
102705	1946	0.10374522
102705	3043	0.103745215
102719	960	0.11912131
102719	3255	0.11912125
102719	6419	0.119121246
102719	6367	0.11912124
102719	6418	0.11912123
102719	510	0.11912122
102719	6408	0.11912122
102719	5575	0.11912121
102719	6307	0.117348
102719	3341	0.117347986
102772	829	0.11090268
102772	1888	0.110902674
102772	4115	0.110902674
102772	2241	0.11090267
102772	3325	0.11090265
102772	4330	0.11090265
102772	5681	0.11090265
102772	4631	0.11090264
102772	3858	0.11090262
102772	3248	0.110774904
102945	997	0.11203592
102945	4692	0.112035915
102945	2816	0.11203591
102945	6092	0.11203591
102945	1964	0.1120359
102945	5586	0.112035885
102945	2672	0.11203588
102945	2678	0.11203587
102945	3767	0.11203587
102945	5784	0.11203587
102967	1892	0.118398935
102967	1856	0.11839891
102967	206	0.118398905
102967	5080	0.118398905
102967	1714	0.1183989
102967	794	0.11839889
102967	1261	0.11839889
102967	1376	0.11839888
102967	3775	0.118398875
102967	4905	0.118398875
103251	1231	0.11343844
103251	4526	0.11343843
103251	3566	0.11343842
103251	4311	0.11343842
103251	4816	0.11343842
103251	1693	0.11343841
103251	1725	0.11343841
103251	5551	0.11343841
103251	6299	0.11343841
103251	6760	0.11343841
103277	6774	0.121433616
103277	4247	0.12088751
103277	1234	0.12088747
103277	2625	0.12088746
103277	4231	0.12088746
103277	1462	0.12088743
103277	2782	0.118197225
103277	962	0.11819722
103277	1541	0.11819722
103277	1816	0.11819722
103304	6150	0.12467711
103304	1020	0.12467706
103304	4690	0.12467706
103304	6283	0.124677055
103304	201	0.12467705
103304	550	0.12467705
103304	3201	0.12467705
103304	2391	0.12467704
103304	2784	0.12467704
103304	5114	0.12467704
103315	269	0.11678255
103315	2709	0.116782546
103315	6698	0.11678254
103315	249	0.11678253
103315	797	0.11678253
103315	1311	0.11678253
103315	1794	0.11678253
103315	3965	0.11678253
103315	4172	0.11678253
103315	4308	0.11678253
103336	1089	0.09505131
103336	1812	0.09505131
103336	4737	0.0950513
103336	5043	0.0950513
103336	5448	0.0950513
103336	5485	0.095051296
103336	560	0.09505129
103336	690	0.09505129
103336	988	0.09505129
103336	1596	0.09505129
103445	3184	0.109427705
103445	1589	0.10942769
103445	4114	0.10942769
103445	4538	0.10942769
103445	4812	0.10942768
103445	6151	0.10942768
103445	380	0.109427676
103445	3431	0.109427676
103445	5556	0.109427676
103445	1063	0.10942767
103467	1293	0.1191297
103467	1666	0.11912969
103467	2664	0.11912969
103467	2203	0.11912967
103467	2702	0.11912967
103467	3455	0.11912967
103467	4772	0.11912967
103467	5032	0.119129665
103467	6354	0.119129665
103467	145	0.11912966
103496	3327	0.117045954
103496	4154	0.11704594
103496	294	0.117045924
103496	1852	0.117045924
103496	2278	0.117045924
103496	4133	0.117045924
103496	4835	0.117045924
103496	4920	0.117045924
103496	5046	0.117045924
103496	5965	0.117045924
103541	6161	0.11648004
103541	1580	0.11648002
103541	872	0.116480015
103541	5212	0.11648001
103541	3096	0.11647999
103541	4502	0.11647999
103541	5348	0.11647999
103541	6293	0.116479985
103541	2501	0.11647998
103541	5495	0.11647998
103577	714	0.11842336
103577	2322	0.11842336
103577	3946	0.11842336
103577	4189	0.11842335
103577	2821	0.11842334
103577	4444	0.11842334
103577	4665	0.11842334
103577	5025	0.11842334
103577	5662	0.11842334
103577	2518	0.118423335
103656	5854	0.13698542
103656	1287	0.13684681
103656	558	0.1368468
103656	726	0.13684678
103656	561	0.13684677
103656	842	0.13684677
103656	4814	0.13684677
103656	1157	0.13684675
103656	1676	0.13684675
103656	4489	0.13684675
103811	6878	0.081450805
103811	996	0.08145079
103811	1617	0.08145079
103811	1892	0.081446156
103811	206	0.08144614
103811	1856	0.08144614
103811	1714	0.08144613
103811	794	0.081446126
103811	1261	0.081446126
103811	1376	0.081446126
103935	175	0.11606011
103935	6589	0.1160601
103935	2587	0.11606008
103935	3041	0.116060056
103935	359	0.11606005
103935	833	0.11606005
103935	2927	0.11606005
103935	4238	0.11606005
103935	5533	0.11606004
103935	5955	0.116060026
104051	5783	0.08345178
104051	5266	0.08345176
104051	803	0.08345175
104051	3220	0.08345175
104051	4111	0.08345173
104051	6019	0.08345173
104051	3876	0.083451726
104051	751	0.08345171
104051	422	0.08324623
104051	504	0.08324623
104058	1471	0.10715974
104058	2158	0.10715974
104058	4381	0.107159734
104058	908	0.10715972
104058	2856	0.10715972
104058	3215	0.10715972
104058	4483	0.10715972
104058	4865	0.10715972
104058	186	0.10715971
104058	3762	0.10715971
104098	3630	0.11246163
104098	6618	0.112461604
104098	5174	0.1124616
104098	1134	0.11246158
104098	4102	0.11246158
104098	5593	0.11246158
104098	1958	0.112461574
104098	4586	0.112461574
104098	6042	0.112461574
104098	582	0.11246157
104113	110	0.1271462
104113	700	0.12714618
104113	1752	0.12714618
104113	2640	0.12714618
104113	3469	0.12714618
104113	4720	0.12714618
104113	5034	0.12714618
104113	6043	0.12714618
104113	6676	0.12714618
104113	6765	0.12714618
104123	491	0.0872913
104123	492	0.0872913
104123	4457	0.0872913
104123	5093	0.08729129
104123	741	0.087291285
104123	4218	0.08729127
104123	6211	0.08729127
104123	211	0.087265655
104123	4385	0.08726564
104123	2522	0.08726561
104144	3059	0.13009165
104144	4273	0.13009165
104144	79	0.13009164
104144	168	0.13009164
104144	251	0.13009164
104144	450	0.13009164
104144	2659	0.13009164
104144	2728	0.13009164
104144	3952	0.13009164
104144	4175	0.13009164
104211	320	0.121905625
104211	3743	0.121905625
104211	346	0.12190562
104211	2339	0.12190562
104211	3501	0.12190562
104211	4014	0.12190562
104211	4464	0.12190562
104211	180	0.12190561
104211	755	0.12190561
104211	1106	0.12190561
104243	3327	0.12030557
104243	294	0.12030555
104243	4154	0.12030555
104243	4835	0.12030555
104243	2278	0.120305546
104243	5046	0.120305546
104243	83	0.12030554
104243	1524	0.12030554
104243	4133	0.12030554
104243	4239	0.12030554
104268	2531	0.10413919
104268	3244	0.10413918
104268	2898	0.10413916
104268	4580	0.10413915
104268	1072	0.10326324
104268	4020	0.103263214
104268	2597	0.10326321
104268	5370	0.10326321
104268	6496	0.10322133
104268	2562	0.103221305
104278	5375	0.12983263
104278	3324	0.12914309
104278	768	0.12853482
104278	3275	0.12830767
104278	5890	0.12767678
104278	6592	0.12757115
104278	2615	0.12702015
104278	4150	0.12700026
104278	2846	0.12687092
104278	3322	0.12687092
104311	575	0.12128319
104311	3768	0.12128319
104311	4158	0.12128319
104311	1454	0.12128318
104311	4208	0.121283166
104311	3958	0.12128315
104311	498	0.121283144
104311	4452	0.12111084
104311	4844	0.12111084
104311	4547	0.12111083
104334	2134	0.11041432
104334	531	0.11041431
104334	1307	0.110414304
104334	545	0.1104143
104334	1720	0.1104143
104334	3051	0.1104143
104334	3303	0.1104143
104334	3859	0.1104143
104334	5422	0.1104143
104334	4214	0.11041429
104362	5795	0.10902103
104362	5864	0.10902103
104362	176	0.10902102
104362	440	0.109021015
104362	675	0.10902101
104362	2516	0.10902101
104362	3399	0.10902101
104362	6740	0.10902101
104362	3144	0.109021
104362	1380	0.10902099
104399	3039	0.109225065
104399	2292	0.10922506
104399	6680	0.10922506
104399	6786	0.10922506
104399	485	0.10922505
104399	5163	0.10922505
104399	1496	0.10922504
104399	5147	0.10922504
104399	75	0.109225035
104399	474	0.109225035
104413	990	0.12060413
104413	4898	0.12060413
104413	6212	0.12060413
104413	96	0.12060411
104413	572	0.12060411
104413	785	0.12060411
104413	839	0.12060411
104413	2641	0.12060411
104413	4557	0.12060411
104413	5313	0.12060411
104429	2867	0.093458675
104429	5254	0.09345866
104429	2513	0.093458645
104429	4501	0.09345864
104429	6255	0.09289183
104429	1735	0.09289178
104429	2809	0.09289178
104429	4160	0.092891775
104429	832	0.09249924
104429	158	0.09249923
104437	2925	0.10797404
104437	5931	0.10797403
104437	6451	0.10797402
104437	2488	0.10797401
104437	6115	0.10797401
104437	6137	0.10797401
104437	4615	0.107974
104437	3936	0.10797399
104437	3974	0.10797399
104437	1075	0.107584044
104447	361	0.12191646
104447	3261	0.12191644
104447	5208	0.12191644
104447	6797	0.121916436
104447	1566	0.12191643
104447	2021	0.12191643
104447	2350	0.12191643
104447	5909	0.12191643
104447	4174	0.12191642
104447	3842	0.12191641
104505	45	0.117871895
104505	1962	0.117871895
104505	2703	0.117871895
104505	5940	0.117871895
104505	6309	0.11787189
104505	113	0.11787188
104505	782	0.11787188
104505	2136	0.11787188
104505	2807	0.11787188
104505	3465	0.11787188
104550	4898	0.110613935
104550	990	0.11061393
104550	6212	0.11061393
104550	6535	0.11061393
104550	785	0.11061392
104550	96	0.11061391
104550	572	0.11061391
104550	866	0.11061391
104550	1486	0.11061391
104550	1802	0.11061391
104569	4884	0.11736877
104569	1531	0.117368765
104569	5648	0.11736876
104569	4799	0.11736874
104569	5146	0.11736874
104569	2551	0.11736873
104569	3741	0.11736873
104569	4329	0.11736873
104569	4650	0.11736873
104569	4979	0.11736873
104604	631	0.1177862
104604	2860	0.1177862
104604	3161	0.1177862
104604	5871	0.11778619
104604	598	0.117786184
104604	1703	0.117786184
104604	2018	0.117786184
104604	4291	0.117786184
104604	4669	0.117786184
104604	5920	0.117786184
104657	1089	0.10859254
104657	5043	0.10859254
104657	5448	0.10859254
104657	5485	0.10859253
104657	1596	0.108592525
104657	4737	0.108592525
104657	5537	0.108592525
104657	71	0.10859252
104657	306	0.10859252
104657	690	0.10859252
104665	2755	0.10493694
104665	4919	0.10493693
104665	6306	0.10493693
104665	715	0.10493692
104665	1236	0.10493692
104665	2725	0.10493692
104665	3229	0.10493692
104665	1927	0.10493691
104665	4332	0.10493691
104665	5702	0.10493691
104705	5453	0.12867281
104705	3247	0.1286728
104705	3287	0.1286728
104705	250	0.12867278
104705	399	0.12867278
104705	1842	0.12867278
104705	3060	0.12867278
104705	3251	0.12867278
104705	3861	0.12867278
104705	6609	0.12867278
104759	110	0.09132503
104759	6043	0.09132503
104759	1752	0.09132502
104759	2569	0.09132502
104759	4989	0.09132502
104759	6117	0.09132502
104759	6676	0.09132502
104759	6765	0.09132502
104759	1330	0.091325015
104759	1360	0.091325015
104796	4026	0.094333574
104796	67	0.09433356
104796	971	0.09433356
104796	2545	0.09433356
104796	4029	0.09433356
104796	3361	0.09433355
104796	93	0.094333544
104796	1505	0.094333544
104796	1688	0.094333544
104796	3074	0.094333544
104812	1031	0.12880698
104812	1034	0.12880698
104812	6346	0.12880698
104812	463	0.12880696
104812	2286	0.12880696
104812	2923	0.12880696
104812	2964	0.12880696
104812	3796	0.12880696
104812	3997	0.12880696
104812	6099	0.12880696
104880	523	0.10061358
104880	72	0.10061357
104880	812	0.100613564
104880	2509	0.100613564
104880	3727	0.100613564
104880	5856	0.100613564
104880	6756	0.100613564
104880	1282	0.10061356
104880	2882	0.10061356
104880	4620	0.10061356
104883	575	0.11531738
104883	3768	0.115317374
104883	4158	0.115317374
104883	1454	0.11531736
104883	4208	0.11531735
104883	3958	0.115317345
104883	498	0.115317315
104883	3730	0.11347315
104883	4725	0.11347312
104883	499	0.113473095
104925	1231	0.115782976
104925	4526	0.115782976
104925	4816	0.11578296
104925	5551	0.115782954
104925	6760	0.115782954
104925	256	0.11578295
104925	1693	0.11578295
104925	1725	0.11578295
104925	3951	0.11578295
104925	4311	0.11578295
105028	5461	0.109783046
105028	3895	0.109783016
105028	97	0.10978301
105028	6766	0.10978301
105028	6892	0.109783
105028	6619	0.109782994
105028	702	0.10978299
105028	1104	0.10978298
105028	6053	0.10978298
105028	6096	0.10978298
105054	4787	0.1366893
105054	2502	0.13668928
105054	3511	0.13668928
105054	4129	0.13668928
105054	4138	0.13668928
105054	6232	0.13668928
105054	5700	0.13668926
105054	284	0.13668925
105054	1750	0.13668925
105054	3097	0.13668925
105058	3039	0.108232364
105058	6786	0.10823236
105058	1496	0.10823235
105058	2214	0.10823235
105058	2292	0.10823235
105058	5163	0.10823235
105058	6680	0.10823235
105058	485	0.10823234
105058	1400	0.10823234
105058	5147	0.10823234
105101	2269	0.100773856
105101	3286	0.10077385
105101	539	0.10077384
105101	1579	0.10077384
105101	2354	0.10077383
105101	4433	0.10077383
105101	425	0.100773826
105101	2465	0.100773826
105101	2880	0.100773826
105101	2920	0.100773826
105108	6057	0.12645559
105108	858	0.12645558
105108	1643	0.12645558
105108	2463	0.12645558
105108	3657	0.12645558
105108	3856	0.12645558
105108	4493	0.12645558
105108	4524	0.12645558
105108	1641	0.12645556
105108	2668	0.12645556
105115	1855	0.107560486
105115	3743	0.10756048
105115	159	0.10756047
105115	177	0.10756047
105115	236	0.10756047
105115	320	0.10756047
105115	1090	0.10756047
105115	1106	0.10756047
105115	1629	0.10756047
105115	1658	0.10756047
105214	1812	0.110930756
105214	5043	0.110930756
105214	5448	0.11093074
105214	5485	0.11093074
105214	690	0.11093073
105214	1596	0.11093073
105214	4737	0.11093073
105214	5537	0.11093073
105214	71	0.110930726
105214	560	0.110930726
105221	1034	0.11324856
105221	6346	0.11324856
105221	463	0.11324855
105221	1031	0.11324854
105221	2307	0.11324854
105221	2923	0.11324854
105221	2964	0.11324854
105221	3796	0.11324854
105221	5036	0.113248535
105221	6099	0.113248535
105317	696	0.086117536
105317	2504	0.086117536
105317	1550	0.08611753
105317	61	0.08611752
105317	410	0.08611752
105317	448	0.08611752
105317	635	0.08611752
105317	964	0.08611752
105317	1578	0.08611752
105317	1774	0.08611752
105335	184	0.12343319
105335	5992	0.12343317
105335	6814	0.12343317
105335	118	0.123433165
105335	4704	0.123433165
105335	5817	0.123433165
105335	540	0.12343316
105335	1506	0.12343316
105335	1667	0.12343316
105335	2978	0.12343316
105374	6057	0.12641507
105374	2463	0.12641506
105374	4524	0.12641506
105374	430	0.12641504
105374	858	0.12641504
105374	860	0.12641504
105374	1641	0.12641504
105374	1643	0.12641504
105374	2668	0.12641504
105374	3655	0.12641504
105476	133	0.091615625
105476	622	0.09161562
105476	2014	0.09161561
105476	473	0.0916156
105476	660	0.0916156
105476	668	0.091615595
105476	2633	0.091615595
105476	3048	0.091615595
105476	3903	0.091615595
105476	1044	0.09161559
105536	110	0.110190764
105536	6765	0.110190764
105536	6043	0.11019076
105536	700	0.11019075
105536	2640	0.11019075
105536	6676	0.11019075
105536	3469	0.11019074
105536	5034	0.11019074
105536	5572	0.11019074
105536	6326	0.11019074
105572	6057	0.12786095
105572	2463	0.12786093
105572	3657	0.12786093
105572	858	0.12786092
105572	4524	0.12786092
105572	5772	0.12786092
105572	121	0.1278609
105572	430	0.1278609
105572	860	0.1278609
105572	1424	0.1278609
105576	2997	0.11161624
105576	193	0.11161623
105576	1207	0.11161623
105576	1731	0.11161623
105576	3613	0.11161623
105576	4197	0.11161623
105576	567	0.111616224
105576	658	0.111616224
105576	744	0.111616224
105576	926	0.111616224
105627	3402	0.10796183
105627	1857	0.10796182
105627	5406	0.10796182
105627	718	0.10796181
105627	496	0.1079618
105627	3223	0.1079618
105627	5486	0.1079618
105627	3985	0.107961796
105627	5926	0.10796179
105627	6508	0.10796179
105874	384	0.11715154
105874	581	0.11715154
105874	732	0.11715154
105874	3480	0.11715154
105874	232	0.117151536
105874	1680	0.117151536
105874	3581	0.117151536
105874	6388	0.117151536
105874	411	0.11715153
105874	665	0.11715153
105937	696	0.10412819
105937	2504	0.10412818
105937	61	0.104128174
105937	410	0.104128174
105937	240	0.10412817
105937	635	0.10412817
105937	1550	0.10412817
105937	1578	0.10412817
105937	964	0.10412816
105937	1774	0.10412816
105968	5446	0.110477194
105968	6240	0.11047717
105968	6764	0.11047717
105968	4888	0.109712
105968	2163	0.10971199
105968	769	0.109688945
105968	5377	0.109677725
105968	4636	0.1094904
105968	4613	0.10949038
105968	5435	0.10949038
105979	6716	0.115241066
105979	1259	0.11524106
105979	5755	0.11524105
105979	50	0.115241036
105979	157	0.115241036
105979	182	0.115241036
105979	879	0.115241036
105979	1393	0.115241036
105979	1533	0.115241036
105979	2302	0.115241036
106007	3039	0.13813892
106007	5163	0.13813892
106007	6680	0.13813892
106007	485	0.1381389
106007	2214	0.1381389
106007	75	0.13813889
106007	474	0.13813889
106007	1264	0.13813889
106007	1400	0.13813889
106007	1496	0.13813889
106059	1231	0.12606186
106059	4526	0.12606186
106059	1693	0.12606183
106059	1725	0.12606183
106059	2771	0.12606183
106059	3566	0.12606183
106059	3759	0.12606183
106059	3951	0.12606183
106059	4311	0.12606183
106059	4816	0.12606183
106078	696	0.10179951
106078	61	0.1017995
106078	2504	0.1017995
106078	410	0.10179949
106078	1550	0.10179949
106078	1578	0.10179949
106078	5227	0.10179949
106078	240	0.10179948
106078	635	0.10179948
106078	448	0.10179947
106114	4235	0.10653676
106114	3300	0.106536746
106114	3407	0.106536746
106114	5834	0.106536746
106114	462	0.10653673
106114	2316	0.10653673
106114	2905	0.10653673
106114	3428	0.106536716
106114	2349	0.10653671
106114	696	0.10549036
106131	3458	0.112369604
106131	5392	0.112369604
106131	314	0.11236958
106131	3182	0.11236958
106131	3732	0.11236958
106131	6703	0.11236958
106131	952	0.112369575
106131	4796	0.112369575
106131	2973	0.11236956
106131	228	0.11236954
106208	2926	0.11206876
106208	2794	0.11206874
106208	3405	0.111772075
106208	3326	0.11177207
106208	6079	0.11177206
106208	1088	0.11177205
106208	6104	0.111772045
106208	492	0.11131807
106208	491	0.11131805
106208	4457	0.11131805
106225	2330	0.10496317
106225	5762	0.10496317
106225	5570	0.10496316
106225	244	0.10496315
106225	2785	0.10496314
106225	293	0.104963124
106225	1740	0.104963124
106225	1876	0.104963124
106225	5057	0.10496311
106225	4867	0.1049631
106280	3765	0.12716612
106280	2842	0.1271661
106280	748	0.12716609
106280	788	0.12716609
106280	811	0.12716609
106280	1425	0.12716609
106280	1552	0.12716609
106280	2481	0.12716609
106280	2796	0.12716609
106280	2949	0.12716609
106282	2137	0.09450982
106282	2913	0.09450981
106282	778	0.093761645
106282	5514	0.093761615
106282	466	0.09376161
106282	1288	0.09376161
106282	1633	0.09376161
106282	1761	0.09376161
106282	1967	0.09376161
106282	4819	0.09376161
106294	118	0.1013208
106294	184	0.1013208
106294	5817	0.1013208
106294	540	0.10132079
106294	1506	0.10132079
106294	2978	0.10132079
106294	4704	0.10132079
106294	5079	0.10132079
106294	5992	0.10132079
106294	6814	0.10132079
106302	6567	0.112830624
106302	5630	0.112830594
106302	4069	0.11283058
106302	6778	0.11245614
106302	3404	0.11245613
106302	4904	0.11245613
106302	6337	0.11245613
106302	1621	0.11245611
106302	2020	0.11245611
106302	4088	0.11245611
106331	778	0.114485376
106331	466	0.11448535
106331	1288	0.11448535
106331	5519	0.11448535
106331	1967	0.114485346
106331	5546	0.114485346
106331	5937	0.114485346
106331	1633	0.11448534
106331	1662	0.11448534
106331	3207	0.11448534
106369	2207	0.10936969
106369	188	0.10936967
106369	1062	0.10936967
106369	3394	0.10936967
106369	3851	0.10936967
106369	607	0.109369665
106369	913	0.109369665
106369	1639	0.109369665
106369	2143	0.109369665
106369	3193	0.109369665
106388	6878	0.08567491
106388	996	0.0856749
106388	1617	0.0856749
106388	1892	0.085357994
106388	206	0.08535798
106388	1856	0.08535798
106388	794	0.085357964
106388	1261	0.085357964
106388	1376	0.085357964
106388	1714	0.085357964
106406	4050	0.09421845
106406	1973	0.09421844
106406	5252	0.0942184
106406	211	0.09392016
106406	4385	0.093920134
106406	2522	0.09392011
106406	1050	0.093625486
106406	4295	0.09362546
106406	3818	0.093625456
106406	3883	0.093625456
106553	6656	0.116753116
106553	4914	0.1167531
106553	2154	0.116753094
106553	1638	0.11675307
106553	2421	0.11542745
106553	1844	0.11542743
106553	2911	0.11542742
106553	4627	0.11542741
106553	6167	0.1154274
106553	2384	0.11542739
106768	6786	0.13432743
106768	75	0.13432741
106768	485	0.13432741
106768	975	0.13432741
106768	981	0.13432741
106768	1081	0.13432741
106768	1263	0.13432741
106768	1496	0.13432741
106768	2214	0.13432741
106768	2215	0.13432741
106816	1731	0.10816017
106816	193	0.10816016
106816	1207	0.10816016
106816	3613	0.10816016
106816	567	0.10816015
106816	658	0.10816015
106816	744	0.10816015
106816	1627	0.10816015
106816	2885	0.10816015
106816	2983	0.10816015
106845	6009	0.098110005
106845	3362	0.09810995
106845	4527	0.09810994
106845	5122	0.098081626
106845	79	0.09808162
106845	2659	0.09808162
106845	4175	0.09808162
106845	4342	0.09808162
106845	4525	0.09808162
106845	6471	0.09808162
106846	2269	0.10356565
106846	3286	0.10356565
106846	1579	0.10356564
106846	539	0.10356563
106846	2354	0.10356563
106846	2465	0.10356563
106846	2880	0.10356563
106846	4433	0.10356563
106846	5242	0.103565626
106846	5915	0.103565626
106849	3184	0.10445709
106849	4114	0.104457065
106849	4812	0.104457065
106849	5556	0.104457065
106849	380	0.10445706
106849	1063	0.10445706
106849	3910	0.10445706
106849	4946	0.10445706
106849	3150	0.10445705
106849	3431	0.10445705
106862	87	0.095579244
106862	4258	0.095579244
106862	2652	0.09557924
106862	5620	0.09557923
106862	310	0.09557922
106862	1200	0.09557922
106862	2231	0.095579214
106862	6264	0.095579214
106862	4294	0.09557921
106862	5144	0.09557921
106893	72	0.11818263
106893	523	0.118182614
106893	6237	0.118182614
106893	1282	0.11818261
106893	2509	0.11818261
106893	385	0.1181826
106893	812	0.1181826
106893	2882	0.1181826
106893	3727	0.1181826
106893	5856	0.1181826
106946	6307	0.1322253
106946	1902	0.13222529
106946	3341	0.13222529
106946	5216	0.13222529
106946	5636	0.13222529
106946	62	0.13222528
106946	85	0.13222528
106946	713	0.13222528
106946	950	0.13222528
106946	1355	0.13222528
106950	4536	0.09087184
106950	6298	0.09087184
106950	1080	0.090871826
106950	2498	0.090871826
106950	3147	0.090871826
106950	4415	0.090871826
106950	6022	0.090871826
106950	4956	0.09087182
106950	89	0.09087181
106950	1319	0.09087181
107021	3710	0.11856906
107021	5150	0.11856906
107021	6763	0.11856906
107021	259	0.11856905
107021	546	0.11856905
107021	733	0.11856905
107021	326	0.118569046
107021	648	0.118569046
107021	944	0.118569046
107021	1387	0.118569046
107044	1879	0.105878145
107044	4321	0.105878145
107044	4579	0.105878145
107044	6687	0.10587814
107044	822	0.10587813
107044	1009	0.10587813
107044	2473	0.10587813
107044	3377	0.10587813
107044	3928	0.10587813
107044	5574	0.10587813
107099	4222	0.10277592
107099	3170	0.102775894
107099	3409	0.102775894
107099	1895	0.10277589
107099	3769	0.10277588
107099	1771	0.10277587
107099	1779	0.102775864
107099	3798	0.10277586
107099	6749	0.10277586
107099	1528	0.102775835
107109	5669	0.10209304
107109	3042	0.10209301
107109	2917	0.10193654
107109	1352	0.10193653
107109	2799	0.10193653
107109	192	0.10193652
107109	614	0.10193652
107109	285	0.10193651
107109	1930	0.101936504
107109	1770	0.1019365
107244	3184	0.1180201
107244	380	0.11802009
107244	4114	0.11802009
107244	4812	0.11802009
107244	5556	0.11802008
107244	1063	0.11802007
107244	1589	0.11802007
107244	3910	0.11802007
107244	4538	0.11802007
107244	4946	0.11802007
107258	410	0.10259716
107258	696	0.10259716
107258	2504	0.10259716
107258	61	0.102597155
107258	1578	0.102597155
107258	240	0.10259715
107258	1550	0.10259715
107258	446	0.10259714
107258	635	0.10259714
107258	1901	0.10259714
107288	2857	0.09640989
107288	3196	0.09640989
107288	955	0.09640987
107288	2576	0.09640987
107288	305	0.09640986
107288	2364	0.09640986
107288	4608	0.09640986
107288	5300	0.09640986
107288	6811	0.09640986
107288	6755	0.09640985
107301	696	0.11283852
107301	410	0.112838514
107301	2504	0.112838514
107301	61	0.11283851
107301	635	0.11283851
107301	1578	0.11283851
107301	240	0.11283849
107301	446	0.11283849
107301	964	0.11283849
107301	1550	0.11283849
107324	1541	0.12078239
107324	2782	0.12078239
107324	672	0.120782375
107324	1398	0.120782375
107324	1616	0.120782375
107324	2356	0.120782375
107324	3559	0.120782375
107324	5469	0.120782375
107324	2176	0.12078237
107324	962	0.12078236
107326	631	0.12685506
107326	1703	0.12685503
107326	2860	0.12685503
107326	3161	0.12685503
107326	5871	0.12685503
107326	598	0.12685502
107326	2018	0.12685502
107326	2939	0.12685502
107326	3654	0.12685502
107326	4291	0.12685502
107453	4918	0.09073058
107453	6666	0.090730526
107453	4448	0.08919215
107453	528	0.08919214
107453	2417	0.08919213
107453	3930	0.08919212
107453	1334	0.089192115
107453	5214	0.08821093
107453	4635	0.08821092
107453	5386	0.08821092
107510	2107	0.11199449
107510	3564	0.11199448
107510	5044	0.11199446
107510	5048	0.11199445
107510	1602	0.111994445
107510	3198	0.111994445
107510	5441	0.111994445
107510	6154	0.111994445
107510	6908	0.111994445
107510	3333	0.11199444
107523	1471	0.10727352
107523	4381	0.10727351
107523	908	0.107273504
107523	2856	0.107273504
107523	4865	0.107273504
107523	2158	0.1072735
107523	4483	0.1072735
107523	838	0.10727349
107523	3215	0.10727349
107523	3790	0.10727349
107865	3849	0.113646045
107865	4410	0.113646045
107865	5181	0.113646045
107865	5609	0.113646045
107865	6366	0.113646045
107865	1139	0.11364604
107865	6867	0.11364602
107865	4406	0.113646016
107865	4578	0.11364601
107865	5490	0.11364601
107889	4560	0.12513822
107889	1357	0.12504657
107889	1759	0.12504657
107889	707	0.12504655
107889	5271	0.12504655
107889	3752	0.12504654
107889	1101	0.12504652
107889	5795	0.12398106
107889	5864	0.12398105
107889	176	0.12398104
107921	1855	0.10682632
107921	320	0.10682631
107921	346	0.106826305
107921	1567	0.106826305
107921	1726	0.106826305
107921	2573	0.106826305
107921	2873	0.106826305
107921	3350	0.106826305
107921	3501	0.106826305
107921	3743	0.106826305
108005	444	0.115771085
108005	381	0.11577107
108005	3882	0.11577107
108005	6335	0.11577106
108005	3072	0.115771055
108005	6590	0.115771055
108005	2788	0.11577105
108005	4346	0.11577105
108005	5438	0.11577105
108005	165	0.11577104
108104	79	0.11219315
108104	251	0.11219315
108104	1624	0.11219315
108104	3059	0.11219315
108104	4175	0.11219315
108104	4177	0.11219315
108104	4273	0.11219315
108104	4342	0.11219315
108104	2728	0.112193145
108104	5122	0.112193145
108143	2583	0.10883413
108143	2848	0.10883413
108143	5747	0.108834125
108143	5607	0.10883411
108143	6047	0.10883407
108143	269	0.107820466
108143	2709	0.107820466
108143	6472	0.107820466
108143	6698	0.107820466
108143	797	0.10782046
108155	636	0.119241506
108155	740	0.119241506
108155	5545	0.119241506
108155	460	0.1192415
108155	1389	0.11924148
108155	1651	0.11924148
108155	1501	0.119025216
108155	1937	0.119025186
108155	1659	0.11902518
108155	1545	0.11902517
108158	5737	0.119962834
108158	5062	0.11996283
108158	343	0.11996281
108158	2781	0.119962804
108158	4034	0.11996277
108158	3113	0.11941098
108158	1235	0.11941097
108158	1420	0.11941096
108158	548	0.119410954
108158	205	0.11941092
108197	1034	0.10477419
108197	463	0.10477418
108197	1031	0.10477418
108197	6099	0.10477418
108197	6346	0.10477418
108197	2964	0.10477417
108197	3796	0.10477417
108197	3997	0.10477417
108197	5036	0.10477417
108197	5790	0.10477417
108213	696	0.107576355
108213	2504	0.10757635
108213	61	0.10757634
108213	240	0.10757634
108213	410	0.10757634
108213	1550	0.10757634
108213	1578	0.10757634
108213	635	0.107576326
108213	3329	0.107576326
108213	4187	0.107576326
108243	5619	0.106155604
108243	6610	0.1060072
108243	4382	0.10576528
108243	6893	0.105510354
108243	2260	0.105510324
108243	6230	0.10551032
108243	2261	0.10551031
108243	4730	0.10551031
108243	1013	0.1055103
108243	5175	0.105510294
108261	4228	0.10647495
108261	3552	0.10647494
108261	311	0.106474936
108261	770	0.106474936
108261	1840	0.106474936
108261	2034	0.106474936
108261	2726	0.106474936
108261	3063	0.106474936
108261	3353	0.106474936
108261	4012	0.106474936
108267	1579	0.11032145
108267	2269	0.11032145
108267	4433	0.11032145
108267	5696	0.11032145
108267	539	0.11032144
108267	2880	0.11032144
108267	3286	0.11032144
108267	2354	0.11032143
108267	2465	0.11032143
108267	5915	0.11032143
108285	798	0.102595635
108285	4334	0.102595635
108285	422	0.10259563
108285	504	0.10259563
108285	2696	0.10259563
108285	2972	0.10259563
108285	3600	0.10259563
108285	3745	0.10259563
108285	5015	0.10259563
108285	5632	0.10259563
108336	6920	0.10477222
108336	551	0.10477221
108336	1547	0.10477221
108336	4473	0.10477221
108336	5109	0.10477221
108336	5499	0.10477221
108336	1963	0.1047722
108336	6362	0.1047722
108336	580	0.104772195
108336	2524	0.104772195
108352	696	0.097201556
108352	2504	0.097201556
108352	410	0.09720155
108352	61	0.09720154
108352	448	0.09720154
108352	635	0.09720154
108352	1578	0.09720154
108352	1774	0.09720154
108352	3791	0.09720154
108352	5227	0.09720154
108392	2782	0.10362383
108392	1398	0.10362381
108392	1541	0.10362381
108392	1616	0.10362381
108392	1816	0.10362381
108392	3559	0.10362381
108392	672	0.1036238
108392	1095	0.1036238
108392	2356	0.1036238
108392	5372	0.1036238
108405	4204	0.11933695
108405	3253	0.11933694
108405	579	0.11933693
108405	3853	0.11933693
108405	3938	0.11933693
108405	5766	0.11933693
108405	6751	0.11933693
108405	3294	0.119336925
108405	758	0.11933692
108405	2305	0.11933692
108480	1922	0.09183416
108480	3248	0.09183416
108480	5012	0.09183416
108480	6048	0.09183416
108480	3264	0.09183415
108480	4083	0.09183415
108480	219	0.09183414
108480	5944	0.09183414
108480	221	0.091834135
108480	1923	0.09183413
108481	688	0.11204797
108481	6488	0.11204797
108481	134	0.11204796
108481	1739	0.11204796
108481	3217	0.11204796
108481	1233	0.112047955
108481	1620	0.112047955
108481	2164	0.112047955
108481	2173	0.112047955
108481	2340	0.112047955
108485	6716	0.115250066
108485	50	0.115250036
108485	157	0.115250036
108485	1259	0.115250036
108485	879	0.11525003
108485	1533	0.11525003
108485	182	0.11525002
108485	1393	0.11525002
108485	1909	0.11525002
108485	1975	0.11525002
108535	2504	0.10082616
108535	696	0.10082615
108535	635	0.100826144
108535	1550	0.100826144
108535	61	0.10082614
108535	410	0.10082614
108535	1578	0.10082614
108535	4791	0.10082614
108535	5227	0.10082614
108535	448	0.10082613
108563	4834	0.1040909
108563	164	0.10409087
108563	710	0.10409087
108563	4467	0.10409086
108563	6046	0.10409086
108563	2674	0.104090855
108563	3320	0.104090855
108563	2299	0.10409085
108563	2627	0.10409085
108563	5159	0.10409085
108622	1599	0.10227971
108622	619	0.101981044
108622	2886	0.10198104
108622	2317	0.10198103
108622	3306	0.10198103
108622	2249	0.10185543
108622	5660	0.10185543
108622	5455	0.10185542
108622	5668	0.10185541
108622	360	0.101855405
108700	1624	0.10019599
108700	4175	0.10019599
108700	79	0.10019598
108700	4342	0.10019598
108700	5122	0.10019598
108700	168	0.100195974
108700	2659	0.100195974
108700	2728	0.100195974
108700	3059	0.100195974
108700	4177	0.100195974
108752	1743	0.10916181
108752	2696	0.10916181
108752	4334	0.1091618
108752	422	0.109161794
108752	504	0.109161794
108752	1051	0.109161794
108752	3624	0.109161794
108752	3745	0.109161794
108752	5015	0.109161794
108752	5632	0.109161794
108753	3184	0.11476112
108753	4538	0.11476111
108753	380	0.1147611
108753	1589	0.1147611
108753	4114	0.1147611
108753	4812	0.1147611
108753	1063	0.11476109
108753	5556	0.11476109
108753	1469	0.114761084
108753	3910	0.114761084
108763	2185	0.096775696
108763	609	0.09642516
108763	5171	0.09631644
108763	3179	0.096145675
108763	4393	0.09565717
108763	2694	0.09565713
108763	6595	0.09560571
108763	6136	0.0956057
108763	373	0.09532627
108763	4590	0.09532624
108773	110	0.1406536
108773	700	0.1406536
108773	6765	0.1406536
108773	1144	0.14065358
108773	1330	0.14065358
108773	1752	0.14065358
108773	2569	0.14065358
108773	2640	0.14065358
108773	3793	0.14065358
108773	4068	0.14065358
108799	3396	0.110336065
108799	5371	0.11033606
108799	2951	0.11033605
108799	6605	0.11033605
108799	459	0.110336035
108799	1247	0.110336035
108799	2004	0.110336035
108799	4259	0.110336035
108799	4724	0.110336035
108799	6031	0.110336035
108827	1731	0.10361422
108827	2983	0.10361421
108827	193	0.1036142
108827	744	0.1036142
108827	1207	0.1036142
108827	2997	0.1036142
108827	4197	0.1036142
108827	6887	0.1036142
108827	658	0.103614196
108827	1709	0.103614196
108950	444	0.11151315
108950	3882	0.11151315
108950	381	0.11151314
108950	6335	0.11151314
108950	2788	0.11151312
108950	3015	0.11151312
108950	3072	0.11151312
108950	4234	0.11151312
108950	6590	0.11151312
108950	165	0.111513115
109013	2207	0.11722386
109013	1639	0.11722384
109013	188	0.11722383
109013	1062	0.11722383
109013	3193	0.11722383
109013	5692	0.11722383
109013	5975	0.11722383
109013	6685	0.11722383
109013	2143	0.11722382
109013	2352	0.11722382
109014	1440	0.10650979
109014	2090	0.10650977
109014	4202	0.10650977
109014	6886	0.10650977
109014	1439	0.10650976
109014	3697	0.10650976
109014	5220	0.10650976
109014	5613	0.10650976
109014	5675	0.10650976
109014	6221	0.10650976
109084	118	0.10292581
109084	184	0.10292581
109084	1506	0.10292579
109084	4704	0.10292579
109084	5817	0.10292579
109084	6684	0.10292579
109084	6814	0.10292579
109084	540	0.102925785
109084	1667	0.102925785
109084	2978	0.102925785
109107	410	0.10495192
109107	696	0.10495192
109107	2504	0.10495192
109107	61	0.10495191
109107	635	0.1049519
109107	1578	0.1049519
109107	240	0.104951896
109107	610	0.104951896
109107	1550	0.104951896
109107	1901	0.104951896
109122	6540	0.09646421
109122	1830	0.0964642
109122	1943	0.0964642
109122	5052	0.0964642
109122	721	0.09646419
109122	4746	0.09646419
109122	3439	0.09646418
109122	669	0.09646417
109122	2935	0.09646417
109122	3527	0.09646417
109135	730	0.085382015
109135	2372	0.085381985
109135	4284	0.085381985
109135	742	0.08528206
109135	2852	0.08528204
109135	701	0.08527093
109135	1957	0.08527093
109135	6652	0.08527093
109135	68	0.08527092
109135	1513	0.08527091
109276	2357	0.10884839
109276	4703	0.10884839
109276	5792	0.10884839
109276	1303	0.108848386
109276	1873	0.10884838
109276	2549	0.10884838
109276	3534	0.10884838
109276	4936	0.10884838
109276	6428	0.10884838
109276	513	0.10884837
109287	3396	0.11575368
109287	5371	0.11575368
109287	2951	0.115753666
109287	6605	0.11575365
109287	6825	0.11575365
109287	459	0.11575364
109287	2004	0.11575364
109287	1247	0.115753636
109287	1301	0.115753636
109287	4259	0.115753636
109349	2134	0.10767262
109349	531	0.10767261
109349	545	0.1076726
109349	1307	0.1076726
109349	5422	0.1076726
109349	1720	0.10767259
109349	3051	0.10767259
109349	3303	0.10767259
109349	3859	0.10767259
109349	4214	0.10767259
109357	1910	0.11792501
109357	1819	0.117925
109357	1999	0.117925
109357	2976	0.117925
109357	4843	0.117925
109357	1484	0.11792499
109357	1867	0.11792499
109357	4313	0.11792499
109357	4440	0.11792499
109357	1672	0.11792498
109388	5947	0.0937089
109388	5290	0.09370887
109388	6822	0.09370887
109388	1331	0.09370885
109388	1981	0.09370883
109388	3780	0.09349919
109388	1908	0.093499176
109388	2210	0.093499176
109388	2216	0.09349917
109388	3942	0.09349917
109403	631	0.1138399
109403	2860	0.113839895
109403	2018	0.11383989
109403	3161	0.11383989
109403	5871	0.11383989
109403	598	0.11383988
109403	1703	0.11383988
109403	4291	0.11383988
109403	4669	0.11383988
109403	5920	0.11383988
109427	1609	0.11829176
109427	4264	0.118291736
109427	5035	0.118291736
109427	2112	0.118291706
109427	3935	0.118291706
109427	795	0.1182917
109427	6705	0.11829169
109427	2111	0.118291676
109427	6479	0.11829166
109427	3833	0.11712046
109461	3917	0.12302448
109461	6122	0.12302448
109461	6382	0.12302447
109461	2016	0.12302446
109461	2169	0.12302446
109461	2494	0.12302446
109461	3256	0.12302446
109461	5018	0.12302446
109461	5258	0.12302446
109461	6051	0.12302446
109491	4204	0.12621766
109491	579	0.12621765
109491	3253	0.12621765
109491	3853	0.12621765
109491	5766	0.12621765
109491	758	0.12621763
109491	1613	0.12621763
109491	2305	0.12621763
109491	3294	0.12621763
109491	3938	0.12621763
109502	2782	0.09672578
109502	1095	0.09672576
109502	1398	0.09672576
109502	1541	0.09672576
109502	1616	0.09672576
109502	1816	0.09672576
109502	2176	0.09672576
109502	2356	0.09672576
109502	3559	0.09672576
109502	5469	0.09672576
109516	1237	0.097219504
109516	2981	0.097219504
109516	6612	0.0972195
109516	4659	0.09674735
109516	3474	0.096747346
109516	6073	0.096747346
109516	2434	0.09674734
109516	4402	0.09674734
109516	5148	0.09674729
109516	384	0.096619345
109519	1922	0.11360687
109519	3248	0.11360687
109519	4083	0.11360687
109519	5012	0.11360687
109519	6048	0.11360687
109519	219	0.113606855
109519	3264	0.113606855
109519	221	0.11360684
109519	1834	0.11360684
109519	5680	0.11360684
109562	6001	0.108659185
109562	2756	0.10865917
109562	3257	0.10865917
109562	4147	0.10865916
109562	5047	0.10865916
109562	6498	0.10865916
109562	3801	0.108659156
109562	1241	0.10865915
109562	1861	0.10865915
109562	2758	0.10865915
109574	5105	0.12007676
109574	282	0.12007675
109574	4087	0.120076746
109574	5053	0.120076746
109574	52	0.12007674
109574	3506	0.12007674
109574	4474	0.12007674
109574	5016	0.12007674
109574	337	0.12007673
109574	457	0.12007673
109605	1034	0.10796891
109605	1031	0.107968904
109605	6346	0.107968904
109605	463	0.1079689
109605	2307	0.1079689
109605	3997	0.1079689
109605	484	0.10796889
109605	2923	0.10796889
109605	6452	0.10796889
109605	2008	0.10796888
109741	551	0.10073151
109741	5499	0.10073151
109741	6920	0.10073151
109741	1547	0.10073149
109741	1963	0.10073149
109741	4072	0.10073149
109741	4473	0.10073149
109741	5109	0.10073149
109741	927	0.100731485
109741	5419	0.100731485
109779	714	0.12523296
109779	3946	0.12523296
109779	4189	0.12523296
109779	2322	0.12523295
109779	4444	0.12523295
109779	5025	0.12523295
109779	5662	0.12523295
109779	6012	0.12523295
109779	481	0.12523293
109779	1903	0.12523293
109783	4267	0.11607222
109783	6858	0.11607222
109783	2651	0.11607221
109783	4999	0.11607219
109783	6839	0.116072185
109783	3424	0.11607218
109783	4106	0.11607218
109783	5398	0.11607216
109783	3765	0.11592308
109783	6331	0.11592308
109864	581	0.111293204
109864	384	0.1112932
109864	732	0.1112932
109864	3581	0.1112932
109864	6388	0.1112932
109864	232	0.11129319
109864	1680	0.11129319
109864	3480	0.11129319
109864	3625	0.11129319
109864	5156	0.11129319
109899	778	0.0910124
109899	5514	0.09101237
109899	5519	0.09101237
109899	6802	0.09101237
109899	1288	0.091012366
109899	1633	0.091012366
109899	1967	0.091012366
109899	4971	0.091012366
109899	102	0.09101236
109899	105	0.09101236
109901	5163	0.112735435
109901	6680	0.112735435
109901	2214	0.11273543
109901	485	0.11273542
109901	2292	0.11273542
109901	5147	0.11273542
109901	6786	0.11273542
109901	75	0.11273541
109901	1400	0.11273541
109901	1496	0.112735406
109955	982	0.10920666
109955	1045	0.10920664
109955	6250	0.10920664
109955	260	0.10920663
109955	1853	0.109206624
109955	2301	0.109206624
109955	4370	0.109206624
109955	4673	0.109206624
109955	5191	0.10920662
109955	5836	0.10920661
110029	4087	0.08977932
110029	5105	0.08977932
110029	3506	0.08977931
110029	52	0.0897793
110029	282	0.0897793
110029	337	0.0897793
110029	457	0.0897793
110029	3718	0.0897793
110029	4545	0.0897793
110029	5053	0.0897793
110040	3327	0.11917081
110040	4154	0.1191708
110040	4835	0.1191708
110040	4920	0.119170785
110040	5219	0.119170785
110040	1002	0.11917078
110040	2278	0.11917078
110040	4133	0.11917078
110040	4239	0.11917078
110040	5046	0.11917078
110076	6878	0.10460216
110076	996	0.10460215
110076	1617	0.10460214
110076	4372	0.104414575
110076	6859	0.104414575
110076	1957	0.10384934
110076	6652	0.10384934
110076	701	0.10384933
110076	1513	0.10384932
110076	68	0.10384931
110110	633	0.11288683
110110	2054	0.11288682
110110	3089	0.11288682
110110	4121	0.11288682
110110	2843	0.112886816
110110	2998	0.112886816
110110	3020	0.112886816
110110	3560	0.112886816
110110	4847	0.112886816
110110	6495	0.112886816
110112	485	0.13135818
110112	2214	0.13135818
110112	3039	0.13135818
110112	6014	0.13135818
110112	1081	0.13135816
110112	1496	0.13135816
110112	2292	0.13135816
110112	4792	0.13135816
110112	5163	0.13135816
110112	6680	0.13135816
110160	3822	0.13171512
110160	5966	0.13171512
110160	3756	0.13171509
110160	1848	0.13171506
110160	2134	0.13154782
110160	531	0.13154781
110160	1307	0.1315478
110160	2877	0.1315478
110160	3051	0.1315478
110160	3303	0.1315478
110165	5105	0.08934804
110165	282	0.08934803
110165	4087	0.08934803
110165	883	0.089348026
110165	3506	0.089348026
110165	52	0.08934802
110165	337	0.08934802
110165	457	0.08934802
110165	1066	0.08934802
110165	2397	0.08934802
110208	75	0.103599176
110208	485	0.103599176
110208	2214	0.103599176
110208	2215	0.103599176
110208	2292	0.103599176
110208	3039	0.103599176
110208	5163	0.103599176
110208	6680	0.103599176
110208	6786	0.10359917
110208	975	0.10359916
110214	2214	0.10819623
110214	2292	0.10819623
110214	3039	0.10819623
110214	6680	0.10819622
110214	6786	0.10819622
110214	485	0.108196214
110214	2215	0.108196214
110214	75	0.10819621
110214	1496	0.10819621
110214	3125	0.10819621
110308	4930	0.08359606
110308	4591	0.08322333
110308	1076	0.08322331
110308	1654	0.08322331
110308	1718	0.0832233
110308	6142	0.0832233
110308	6889	0.082989834
110308	4143	0.08229356
110308	6647	0.08191199
110308	1864	0.081911966
110317	2421	0.11321395
110317	2911	0.11321394
110317	1844	0.11321393
110317	4627	0.11321393
110317	2384	0.11321392
110317	6737	0.11321391
110317	6167	0.113213904
110317	5634	0.113213874
110317	76	0.112417325
110317	4929	0.11241732
110361	1089	0.10625644
110361	1812	0.10625644
110361	5448	0.10625643
110361	4737	0.106256425
110361	5043	0.106256425
110361	5485	0.106256425
110361	690	0.10625642
110361	5537	0.10625642
110361	71	0.10625641
110361	560	0.10625641
110373	3184	0.102774754
110373	4114	0.10277474
110373	4812	0.10277473
110373	6151	0.10277473
110373	380	0.102774724
110373	1063	0.102774724
110373	1589	0.102774724
110373	3150	0.102774724
110373	3431	0.102774724
110373	4538	0.102774724
110382	184	0.11966588
110382	118	0.119665876
110382	5817	0.119665876
110382	5992	0.119665876
110382	6814	0.11966587
110382	1506	0.11966586
110382	1667	0.11966586
110382	4704	0.11966586
110382	5079	0.11966586
110382	5661	0.11966586
110440	6652	0.09126152
110440	701	0.09126151
110440	1513	0.091261506
110440	68	0.0912615
110440	1191	0.09096117
110440	1971	0.09096117
110440	6530	0.09096116
110440	996	0.09087695
110440	6878	0.09087695
110440	1617	0.090876944
110483	4415	0.12471778
110483	1080	0.12471776
110483	6022	0.12471776
110483	6298	0.12471776
110483	1319	0.12471775
110483	2498	0.12471775
110483	1793	0.12471774
110483	3147	0.12471774
110483	2567	0.124717735
110483	2896	0.124717735
110493	4154	0.12197311
110493	3327	0.121973105
110493	1524	0.1219731
110493	4835	0.1219731
110493	174	0.12197308
110493	257	0.12197308
110493	294	0.12197308
110493	1728	0.12197308
110493	4239	0.12197308
110493	4920	0.12197308
110558	320	0.10223857
110558	180	0.102238566
110558	346	0.102238566
110558	1855	0.102238566
110558	2339	0.102238566
110558	2575	0.102238566
110558	3350	0.102238566
110558	3743	0.102238566
110558	4014	0.102238566
110558	4217	0.102238566
110609	1892	0.08863221
110609	206	0.088632196
110609	1856	0.088632196
110609	1714	0.08863219
110609	794	0.08863218
110609	1376	0.08863218
110609	1261	0.088632174
110609	3775	0.088632174
110609	4905	0.088632174
110609	5080	0.088632174
110700	75	0.12509447
110700	6014	0.12509447
110700	6680	0.12509447
110700	485	0.12509446
110700	2214	0.12509446
110700	2292	0.12509446
110700	3039	0.12509446
110700	5160	0.12509446
110700	5163	0.12509446
110700	183	0.12509444
110746	4659	0.10558562
110746	6073	0.105585605
110746	3474	0.10558559
110746	4402	0.10558559
110746	2434	0.10558558
110746	5148	0.10558553
110746	1237	0.10515827
110746	6612	0.10515826
110746	2981	0.105158255
110746	211	0.10454826
110887	444	0.11810249
110887	3882	0.11810249
110887	6335	0.11810248
110887	381	0.118102476
110887	2788	0.118102476
110887	3072	0.11810247
110887	2235	0.11810246
110887	2944	0.11810246
110887	3015	0.11810246
110887	4234	0.11810246
110912	5489	0.119828835
110912	731	0.11982883
110912	905	0.11982883
110912	6059	0.11982883
110912	213	0.11982882
110912	649	0.11982881
110912	1708	0.11982881
110912	5900	0.11982881
110912	739	0.1198288
110912	1251	0.1198288
111133	1626	0.111139625
111133	3468	0.111139625
111133	127	0.11113961
111133	3738	0.11113961
111133	6611	0.11113961
111133	6678	0.11113961
111133	243	0.1111396
111133	5525	0.1111396
111133	416	0.111139596
111133	1814	0.111139596
111166	4142	0.10484305
111166	4852	0.10484305
111166	3906	0.10484302
111166	4301	0.10484302
111166	5799	0.104843006
111166	667	0.10484299
111166	437	0.104328215
111166	1030	0.104328215
111166	4977	0.104328215
111166	6454	0.10432821
111174	6716	0.113224596
111174	1259	0.11322458
111174	157	0.11322457
111174	50	0.113224566
111174	182	0.113224566
111174	879	0.113224566
111174	1533	0.113224566
111174	2742	0.113224566
111174	4248	0.113224566
111174	5755	0.113224566
111190	6763	0.12022058
111190	546	0.12022057
111190	733	0.12022057
111190	1813	0.12022057
111190	2687	0.12022057
111190	3647	0.12022057
111190	4968	0.12022057
111190	5019	0.12022057
111190	5150	0.12022057
111190	259	0.120220564
111241	4560	0.09138935
111241	1891	0.091186844
111241	1759	0.090699725
111241	1357	0.09069972
111241	5271	0.09069972
111241	707	0.09069971
111241	3752	0.0906997
111241	1101	0.09069969
111241	6752	0.090534836
111241	1240	0.090525284
111261	5931	0.106664374
111261	2925	0.10666436
111261	6115	0.10666436
111261	6137	0.10666436
111261	6451	0.10666436
111261	2488	0.106664345
111261	4615	0.106664345
111261	3936	0.10666433
111261	3974	0.10666433
111261	1072	0.105788164
111286	1982	0.15418628
111286	1416	0.15405956
111286	107	0.15405954
111286	1900	0.15239778
111286	1991	0.15239778
111286	1320	0.15239777
111286	4699	0.15239774
111286	308	0.15239766
111286	2228	0.15136327
111286	1432	0.1512366
111390	2045	0.11383502
111390	3555	0.11383502
111390	3922	0.11383502
111390	4716	0.11383502
111390	1522	0.113835014
111390	3611	0.113835014
111390	2377	0.11383501
111390	3374	0.11383501
111390	3441	0.11383501
111390	5743	0.11383501
111438	733	0.12729304
111438	3647	0.12729304
111438	5150	0.12729304
111438	259	0.12729302
111438	326	0.12729302
111438	536	0.12729302
111438	546	0.12729302
111438	648	0.12729302
111438	944	0.12729302
111438	1387	0.12729302
111536	4202	0.096470244
111536	1440	0.09647024
111536	2090	0.09647024
111536	3697	0.09647022
111536	6221	0.09647022
111536	6886	0.09647022
111536	1087	0.096470214
111536	5220	0.096470214
111536	5675	0.096470214
111536	1439	0.09647021
111578	730	0.10047361
111578	2372	0.1004736
111578	4284	0.10047359
111578	274	0.100202754
111578	434	0.100202754
111578	3318	0.10020274
111578	742	0.10002825
111578	2852	0.10002823
111578	1597	0.09975742
111578	5727	0.09975742
111634	1034	0.097073376
111634	6346	0.097073376
111634	1031	0.09707337
111634	2923	0.09707337
111634	463	0.09707336
111634	1787	0.09707336
111634	2150	0.09707336
111634	2286	0.09707336
111634	2307	0.09707336
111634	2964	0.09707336
111637	6716	0.11143064
111637	1259	0.11143063
111637	157	0.11143062
111637	50	0.111430615
111637	182	0.111430615
111637	1533	0.111430615
111637	2742	0.111430615
111637	4248	0.111430615
111637	5755	0.111430615
111637	6550	0.111430615
111733	4224	0.12160878
111733	1915	0.12160877
111733	3502	0.12160877
111733	5262	0.121608764
111733	1340	0.12160875
111733	1344	0.12160875
111733	2336	0.12160875
111733	3011	0.12160875
111733	3874	0.12160875
111733	3881	0.12160875
111816	1053	0.10965148
111816	1657	0.109651476
111816	3364	0.109651476
111816	5211	0.109651476
111816	4771	0.10965146
111816	6567	0.10952946
111816	5630	0.109529436
111816	4069	0.10952942
111816	5322	0.10932
111816	5506	0.10931994
111847	294	0.13324633
111847	3327	0.13324633
111847	4154	0.13324633
111847	4835	0.13324633
111847	4920	0.13324633
111847	83	0.13324632
111847	4239	0.13324632
111847	5046	0.13324632
111847	163	0.1332463
111847	174	0.1332463
111888	133	0.0953704
111888	622	0.09537039
111888	2014	0.09537039
111888	473	0.09537037
111888	668	0.09537037
111888	1751	0.09537037
111888	3048	0.09537037
111888	3064	0.09537037
111888	660	0.09537036
111888	2633	0.09537036
111924	4228	0.13591409
111924	770	0.13591406
111924	1840	0.13591406
111924	2034	0.13591406
111924	3353	0.13591406
111924	3552	0.13591406
111924	4012	0.13591406
111924	4226	0.13591406
111924	4685	0.13591406
111924	4945	0.13591406
111938	2860	0.14023353
111938	598	0.14023352
111938	631	0.14023352
111938	2018	0.14023352
111938	3161	0.14023352
111938	4291	0.14023352
111938	4669	0.14023352
111938	5871	0.14023352
111938	6324	0.14023352
111938	6339	0.14023352
111944	6920	0.13377085
111944	5499	0.13377084
111944	8	0.13377082
111944	551	0.13377082
111944	625	0.13377082
111944	1547	0.13377082
111944	1963	0.13377082
111944	6362	0.13377082
111944	6682	0.13377082
111944	1128	0.13377081
111947	2955	0.10357439
111947	503	0.10357438
111947	1346	0.10357438
111947	4300	0.10357438
111947	5434	0.10357437
111947	339	0.103574365
111947	991	0.10357434
111947	703	0.103574336
111947	2214	0.10227013
111947	2292	0.10227013
112026	384	0.11111021
112026	581	0.11111021
112026	732	0.11111021
112026	3581	0.11111021
112026	6388	0.11111021
112026	1436	0.1111102
112026	1512	0.1111102
112026	3480	0.1111102
112026	3625	0.1111102
112026	232	0.111110196
112083	110	0.11989015
112083	6765	0.119890146
112083	700	0.11989014
112083	6043	0.11989014
112083	1752	0.11989013
112083	2640	0.11989013
112083	5572	0.11989013
112083	1736	0.11989012
112083	2569	0.11989012
112083	4720	0.11989012
112088	2782	0.11061965
112088	1616	0.110619634
112088	1398	0.11061963
112088	672	0.11061962
112088	1095	0.11061962
112088	1541	0.11061962
112088	1816	0.11061962
112088	2356	0.11061962
112088	4610	0.11061962
112088	5372	0.11061962
112093	5083	0.09792968
112093	778	0.09783676
112093	466	0.097836755
112093	6802	0.097836755
112093	1288	0.09783675
112093	1967	0.09783675
112093	5442	0.09783675
112093	5514	0.09783675
112093	5519	0.09783675
112093	5546	0.09783675
112109	3327	0.11788544
112109	4154	0.11788543
112109	4239	0.117885426
112109	294	0.11788542
112109	1852	0.11788542
112109	2278	0.11788542
112109	4835	0.11788542
112109	83	0.11788541
112109	253	0.11788541
112109	454	0.11788541
112148	3765	0.122619465
112148	788	0.12261946
112148	748	0.12261945
112148	2842	0.12261945
112148	2949	0.12261945
112148	6331	0.12261945
112148	1425	0.12261944
112148	1552	0.12261944
112148	2796	0.12261944
112148	5390	0.12261944
112173	2107	0.10587083
112173	3564	0.10587081
112173	1602	0.1058708
112173	5044	0.1058708
112173	3198	0.10587078
112173	3333	0.10587078
112173	5048	0.10587078
112173	5441	0.10587078
112173	6154	0.10587078
112173	6908	0.10587078
112199	381	0.13304764
112199	444	0.13304764
112199	3882	0.13304764
112199	165	0.13304761
112199	2788	0.13304761
112199	3072	0.13304761
112199	4346	0.13304761
112199	5438	0.13304761
112199	6335	0.13304761
112199	6590	0.13304761
112240	6898	0.09663619
112240	3239	0.096636176
112240	2212	0.09589781
112240	712	0.095813274
112240	3200	0.09581323
112240	1296	0.09567098
112240	1318	0.095091216
112240	4191	0.095091164
112240	2344	0.095077075
112240	1097	0.09435502
112298	2045	0.10340018
112298	3611	0.10340018
112298	2377	0.10340017
112298	3555	0.10340017
112298	3922	0.10340017
112298	4716	0.10340017
112298	1522	0.10340016
112298	246	0.103400156
112298	1358	0.103400156
112298	3232	0.103400156
112401	485	0.09855606
112401	3039	0.09855606
112401	5163	0.09855606
112401	2214	0.09855605
112401	2292	0.09855605
112401	6680	0.09855605
112401	75	0.09855604
112401	2215	0.09855604
112401	5147	0.09855604
112401	6786	0.09855604
112402	6057	0.13159552
112402	2463	0.1315955
112402	3657	0.1315955
112402	858	0.13159549
112402	1641	0.13159549
112402	1643	0.13159549
112402	2668	0.13159549
112402	2767	0.13159549
112402	3856	0.13159549
112402	4493	0.13159549
112408	4296	0.10763659
112408	4091	0.10763657
112408	6304	0.10763657
112408	2786	0.10763656
112408	5103	0.107636556
112408	3551	0.10763654
112408	4621	0.10763654
112408	5289	0.10763654
112408	3734	0.107636526
112408	5426	0.1072904
112507	5461	0.11269826
112507	3895	0.11269823
112507	97	0.11269821
112507	6766	0.11269821
112507	6892	0.112698205
112507	702	0.1126982
112507	6619	0.1126982
112507	1104	0.11269818
112507	6053	0.11269818
112507	6096	0.112698175
112512	1701	0.104751274
112512	5311	0.10475127
112512	904	0.104751244
112512	2052	0.104751244
112512	4380	0.104751244
112512	5298	0.104751244
112512	6028	0.104751244
112512	1127	0.10475124
112512	1364	0.10475124
112512	4484	0.10475124
112541	1915	0.11785394
112541	4224	0.11785393
112541	3502	0.117853925
112541	5262	0.117853925
112541	5964	0.117853925
112541	3874	0.11785392
112541	2632	0.11785391
112541	3565	0.11785391
112541	5303	0.11785391
112541	270	0.1178539
112559	688	0.123578414
112559	6488	0.12357841
112559	134	0.1235784
112559	1739	0.1235784
112559	2164	0.1235784
112559	3217	0.1235784
112559	2340	0.12357839
112559	2423	0.12357839
112559	1233	0.123578385
112559	1620	0.123578385
112590	320	0.113942936
112590	346	0.113942936
112590	1629	0.11394293
112590	4014	0.11394293
112590	4854	0.11394293
112590	159	0.11394292
112590	177	0.11394292
112590	236	0.11394292
112590	516	0.11394292
112590	1090	0.11394292
112598	384	0.09480102
112598	3581	0.094801016
112598	6388	0.094801016
112598	232	0.09480101
112598	732	0.09480101
112598	1436	0.09480101
112598	1512	0.09480101
112598	1680	0.09480101
112598	3480	0.09480101
112598	3625	0.09480101
112672	6540	0.11089951
112672	6708	0.11089951
112672	1830	0.11089949
112672	1943	0.11089949
112672	5052	0.11089949
112672	721	0.110899486
112672	2935	0.11089947
112672	5995	0.11089947
112672	3439	0.11089946
112672	3527	0.110899456
112761	2598	0.10624392
112761	6494	0.10618315
112761	6711	0.10618315
112761	2793	0.106183134
112761	2389	0.10618313
112761	2818	0.10618313
112761	4076	0.10618313
112761	4081	0.10618313
112761	6712	0.10618312
112761	2588	0.106183104
112765	6716	0.11848053
112765	1259	0.118480526
112765	50	0.11848052
112765	5755	0.11848051
112765	6550	0.11848051
112765	157	0.1184805
112765	182	0.1184805
112765	1533	0.1184805
112765	2742	0.1184805
112765	2919	0.1184805
112818	5489	0.09097466
112818	6059	0.09097466
112818	731	0.09097465
112818	905	0.09097465
112818	213	0.090974644
112818	1708	0.090974644
112818	649	0.09097464
112818	1251	0.09097464
112818	5900	0.09097464
112818	739	0.09097463
112845	3327	0.121475235
112845	4154	0.12147521
112845	4133	0.121475205
112845	4239	0.121475205
112845	4835	0.121475205
112845	294	0.1214752
112845	4920	0.1214752
112845	5046	0.1214752
112845	5965	0.1214752
112845	83	0.12147519
112881	193	0.09653578
112881	1207	0.09653577
112881	1731	0.09653577
112881	1805	0.09653577
112881	2997	0.09653577
112881	3234	0.09653577
112881	3613	0.09653577
112881	4197	0.09653577
112881	567	0.096535765
112881	1570	0.096535765
112914	175	0.13112392
112914	6589	0.13112392
112914	2587	0.13112389
112914	2927	0.13112387
112914	833	0.13112386
112914	3041	0.13112386
112914	4238	0.13112386
112914	359	0.13112384
112914	5533	0.13112384
112914	5955	0.13112384
112953	4877	0.09438489
112953	4769	0.09438488
112953	5773	0.09438487
112953	3540	0.094384864
112953	2411	0.09438486
112953	3630	0.09426029
112953	3703	0.09426026
112953	4586	0.09426025
112953	4822	0.09426025
112953	5174	0.09426025
112979	4393	0.1113369
112979	2694	0.11133687
112979	3503	0.10943416
112979	6215	0.10943414
112979	3636	0.109434135
112979	3297	0.10943413
112979	549	0.10943411
112979	4118	0.10943411
112979	4632	0.10943411
112979	5293	0.10943411
113030	110	0.10828652
113030	6765	0.10828652
113030	700	0.108286515
113030	2569	0.108286515
113030	6043	0.108286515
113030	1752	0.10828651
113030	1154	0.1082865
113030	1159	0.1082865
113030	1408	0.1082865
113030	2179	0.1082865
113259	1855	0.10677174
113259	320	0.10677173
113259	346	0.10677173
113259	4014	0.10677173
113259	1106	0.10677172
113259	1442	0.10677172
113259	1567	0.10677172
113259	1629	0.10677172
113259	2338	0.10677172
113259	2339	0.10677172
113270	1626	0.10260789
113270	3468	0.102607876
113270	127	0.10260786
113270	3738	0.10260786
113270	5525	0.10260786
113270	6611	0.10260786
113270	416	0.10260785
113270	6678	0.10260785
113270	243	0.102607846
113270	1055	0.102607846
113279	2317	0.110558
113279	2886	0.110558
113279	619	0.11055799
113279	3306	0.11055798
113279	4161	0.110255644
113279	4688	0.110255614
113279	1273	0.1102556
113279	2237	0.110255584
113279	4702	0.11007194
113279	5641	0.1092996
113292	3939	0.10578243
113292	914	0.10578242
113292	2808	0.10578242
113292	3726	0.10578242
113292	5382	0.10578242
113292	1756	0.10578241
113292	2410	0.10578241
113292	397	0.105782405
113292	676	0.105782405
113292	3717	0.105782405
113334	5083	0.11501609
113334	3231	0.115008555
113334	681	0.11499674
113334	5647	0.11499672
113334	4778	0.11474499
113334	3398	0.114744976
113334	778	0.1147332
113334	6802	0.114733174
113334	5519	0.11473317
113334	5546	0.11473317
113364	1626	0.1073471
113364	3468	0.1073471
113364	6611	0.107347086
113364	3738	0.10734708
113364	127	0.10734707
113364	243	0.10734707
113364	3544	0.10734707
113364	4743	0.10734707
113364	5459	0.10734707
113364	6678	0.10734707
113435	4751	0.10341265
113435	5629	0.103412636
113435	2326	0.10341263
113435	1302	0.10341262
113435	5140	0.10341262
113435	2888	0.10341261
113435	3525	0.10341261
113435	1174	0.103412606
113435	1835	0.103412606
113435	4181	0.103412606
113475	6307	0.102271244
113475	3341	0.10227124
113475	5636	0.10227124
113475	3810	0.10227123
113475	5162	0.10227123
113475	5936	0.10227123
113475	62	0.10227122
113475	950	0.10227122
113475	1355	0.10227122
113475	1990	0.10227122
113519	384	0.09780049
113519	581	0.097800486
113519	232	0.09780048
113519	1680	0.09780048
113519	3581	0.09780048
113519	732	0.09780047
113519	1436	0.09780047
113519	3480	0.09780047
113519	3625	0.09780047
113519	6388	0.09780047
113531	531	0.1334799
113531	2134	0.1334799
113531	3303	0.1334799
113531	1307	0.13347988
113531	5422	0.13347988
113531	545	0.13347986
113531	2877	0.13347986
113531	3051	0.13347986
113531	3156	0.13347986
113531	3859	0.13347986
113602	311	0.10587372
113602	770	0.10587372
113602	1840	0.10587372
113602	2726	0.10587372
113602	3353	0.10587372
113602	3552	0.10587372
113602	4012	0.10587372
113602	4685	0.10587372
113602	24	0.10587371
113602	2034	0.10587371
113624	1075	0.09911331
113624	6747	0.099113286
113624	2645	0.09911327
113624	4604	0.09911327
113624	5213	0.09911327
113624	2104	0.099113256
113624	1652	0.09911325
113624	6000	0.09911325
113624	1649	0.0985156
113624	3736	0.0985156
113657	3396	0.101302095
113657	2951	0.10130209
113657	5371	0.10130209
113657	6605	0.10130207
113657	6825	0.10130207
113657	459	0.101302065
113657	1247	0.101302065
113657	2004	0.101302065
113657	1301	0.10130206
113657	4259	0.10130206
113661	6540	0.1371859
113661	1830	0.13718589
113661	5052	0.13718589
113661	6708	0.13718589
113661	721	0.13718587
113661	1943	0.13718587
113661	3439	0.13718586
113661	5995	0.13718586
113661	669	0.13718584
113661	2935	0.13718584
113663	2925	0.11431429
113663	5931	0.11431429
113663	6451	0.114314266
113663	2488	0.11431426
113663	4615	0.11431426
113663	6115	0.11431424
113663	3936	0.11431423
113663	3974	0.11431423
113663	4371	0.11328206
113663	1075	0.11288065
113752	696	0.10033184
113752	2504	0.100331835
113752	61	0.10033183
113752	410	0.10033183
113752	635	0.10033182
113752	1550	0.10033182
113752	1578	0.10033182
113752	4188	0.10033182
113752	5227	0.10033182
113752	240	0.10033181
113804	2134	0.12235209
113804	531	0.12235208
113804	1307	0.12235208
113804	3303	0.12235206
113804	5422	0.12235206
113804	545	0.122352056
113804	3051	0.122352056
113804	4214	0.122352056
113804	4543	0.122352056
113804	5887	0.122352056
113817	1815	0.09259239
113817	1332	0.09259238
113817	4770	0.09259238
113817	4845	0.09259238
113817	1122	0.09259237
113817	2849	0.09259237
113817	3679	0.09259237
113817	3782	0.09259237
113817	4053	0.09259237
113817	4768	0.09259237
113904	1892	0.1016718
113904	206	0.101671785
113904	1856	0.101671785
113904	1714	0.10167178
113904	794	0.10167177
113904	1376	0.10167177
113904	4905	0.10167177
113904	5080	0.10167177
113904	1261	0.10167176
113904	3775	0.101671755
113944	2121	0.11635201
113944	4163	0.11635201
113944	4304	0.11635201
113944	2732	0.11635199
113944	3712	0.116351984
113944	1447	0.11635198
113944	2279	0.11635198
113944	2348	0.11635198
113944	4152	0.11635198
113944	5381	0.11635198
113955	6920	0.10606068
113955	551	0.10606067
113955	1547	0.10606067
113955	1963	0.10606067
113955	5109	0.10606067
113955	5499	0.10606067
113955	4507	0.10606066
113955	580	0.106060654
113955	625	0.106060654
113955	1128	0.106060654
113966	5090	0.113392316
113966	4729	0.113392286
113966	3608	0.112403184
113966	4043	0.11240317
113966	5928	0.11240317
113966	6159	0.11240317
113966	5274	0.11240316
113966	3990	0.11240315
113966	5273	0.11240315
113966	5496	0.11240315
113983	2583	0.11031516
113983	5747	0.11031516
113983	2848	0.11031515
113983	5607	0.110315144
113983	6047	0.1103151
113983	2334	0.10908735
113983	3770	0.10908735
113983	3836	0.10908735
113983	4007	0.10908735
113983	5072	0.10908735
114007	2857	0.09280573
114007	3196	0.09280573
114007	305	0.09280571
114007	955	0.09280571
114007	2576	0.09280571
114007	2364	0.092805706
114007	6811	0.092805706
114007	4608	0.0928057
114007	5300	0.0928057
114007	6755	0.0928057
114075	4247	0.10964502
114075	1234	0.109644964
114075	2625	0.10964496
114075	5810	0.10964494
114075	1462	0.109644935
114075	4231	0.109644935
114075	4751	0.10938796
114075	1302	0.10938794
114075	2326	0.10938794
114075	5140	0.109387934
114085	358	0.13717599
114085	3662	0.13717599
114085	6515	0.13717599
114085	871	0.13717598
114085	2508	0.13717598
114085	2675	0.13717596
114085	1797	0.13717595
114085	2107	0.13660046
114085	3564	0.13660046
114085	5048	0.13660042
114089	1759	0.105281346
114089	707	0.10528134
114089	1357	0.10528134
114089	5271	0.10528133
114089	3752	0.105281316
114089	1101	0.10528131
114089	3500	0.10503165
114089	1487	0.10503164
114089	5297	0.105031624
114089	4061	0.105031595
114178	5405	0.0993751
114178	3159	0.09937509
114178	1532	0.099375084
114178	3909	0.099375084
114178	6217	0.099375084
114178	6782	0.099375084
114178	1162	0.09937507
114178	5733	0.09937507
114178	4978	0.09937506
114178	5096	0.09910697
114200	4228	0.1096309
114200	3353	0.10963088
114200	24	0.10963087
114200	311	0.10963087
114200	770	0.10963087
114200	1840	0.10963087
114200	2034	0.10963087
114200	2726	0.10963087
114200	3063	0.10963087
114200	3552	0.10963087
114216	3327	0.11847902
114216	4154	0.118479
114216	4835	0.118479
114216	83	0.11847898
114216	294	0.11847898
114216	2278	0.11847898
114216	4133	0.11847898
114216	4920	0.11847898
114216	5046	0.11847898
114216	5965	0.11847898
114217	434	0.08428188
114217	274	0.08428187
114217	3318	0.08428186
114217	1711	0.08361455
114217	6652	0.08361424
114217	1957	0.08361423
114217	701	0.08361422
114217	68	0.083614215
114217	1513	0.083614215
114217	1377	0.08360266
114258	3555	0.10580617
114258	2045	0.105806164
114258	1522	0.10580616
114258	2377	0.10580616
114258	3611	0.10580616
114258	3922	0.10580616
114258	4716	0.10580616
114258	5743	0.10580616
114258	1358	0.10580614
114258	3090	0.10580614
114265	4834	0.10018483
114265	164	0.1001848
114265	710	0.1001848
114265	3320	0.1001848
114265	4467	0.10018479
114265	6046	0.10018479
114265	2299	0.10018478
114265	2627	0.10018478
114265	2674	0.10018478
114265	4833	0.10018478
114279	788	0.14345393
114279	3765	0.14345393
114279	5390	0.14345393
114279	6331	0.14345393
114279	748	0.14345391
114279	1425	0.14345391
114279	1552	0.14345391
114279	2481	0.14345391
114279	2842	0.14345391
114279	101	0.1434539
114306	110	0.12101236
114306	700	0.121012345
114306	6043	0.121012345
114306	6765	0.121012345
114306	1752	0.12101234
114306	2640	0.12101234
114306	1144	0.12101233
114306	1330	0.12101233
114306	1736	0.12101233
114306	2569	0.12101233
114378	1624	0.11625999
114378	4175	0.11625999
114378	4342	0.11625999
114378	79	0.116259985
114378	4273	0.116259985
114378	5122	0.116259985
114378	168	0.11625998
114378	251	0.11625998
114378	2550	0.11625998
114378	2659	0.11625998
114414	1626	0.10758467
114414	3468	0.107584655
114414	127	0.10758465
114414	416	0.10758464
114414	3544	0.10758464
114414	3738	0.10758464
114414	5525	0.10758464
114414	6678	0.10758464
114414	6611	0.10758463
114414	243	0.107584625
114444	456	0.103322595
114444	1401	0.103322566
114444	4573	0.103322566
114444	1102	0.10332255
114444	3456	0.10332255
114444	4739	0.10332253
114444	4017	0.10332252
114444	3644	0.103322506
114444	1346	0.102581814
114444	2955	0.102581814
114446	389	0.10098417
114446	508	0.10098417
114446	2054	0.10098417
114446	2843	0.10098417
114446	3089	0.10098417
114446	4121	0.10098417
114446	4847	0.10098417
114446	6495	0.10098417
114446	6725	0.10098417
114446	3020	0.10098416
114452	1122	0.1104448
114452	1332	0.1104448
114452	1815	0.1104448
114452	3782	0.1104448
114452	4768	0.1104448
114452	4770	0.1104448
114452	4845	0.1104448
114452	2849	0.11044479
114452	4053	0.11044479
114452	5562	0.11044479
114483	5453	0.116130635
114483	250	0.116130605
114483	3287	0.116130605
114483	3247	0.1161306
114483	1842	0.11613059
114483	3251	0.11613059
114483	3861	0.11613059
114483	6609	0.11613059
114483	6701	0.11613059
114483	6726	0.11613059
114498	341	0.08905432
114498	3457	0.08905432
114498	5618	0.08905432
114498	5918	0.08905432
114498	6184	0.08905432
114498	2776	0.08905431
114498	831	0.0890543
114498	3897	0.08905429
114498	3376	0.08905427
114498	503	0.08882773
114544	2782	0.13645835
114544	1398	0.13645834
114544	1541	0.13645834
114544	5469	0.13645834
114544	672	0.13645832
114544	1095	0.13645832
114544	1816	0.13645832
114544	3559	0.13645832
114544	6806	0.13645832
114544	234	0.13645831
114581	384	0.10940954
114581	232	0.109409526
114581	581	0.109409526
114581	732	0.109409526
114581	1436	0.109409526
114581	1512	0.109409526
114581	1680	0.109409526
114581	1773	0.109409526
114581	3480	0.109409526
114581	3581	0.109409526
114634	110	0.10609333
114634	6765	0.106093325
114634	700	0.10609332
114634	6043	0.10609332
114634	6676	0.10609332
114634	1144	0.10609331
114634	1752	0.10609331
114634	5034	0.10609331
114634	6326	0.10609331
114634	1154	0.1060933
114643	79	0.11148091
114643	1624	0.11148091
114643	3059	0.11148091
114643	4175	0.11148091
114643	4273	0.11148091
114643	4342	0.11148091
114643	2728	0.1114809
114643	6532	0.1114809
114643	251	0.11148089
114643	450	0.11148089
114662	3184	0.11823543
114662	4538	0.118235424
114662	380	0.11823541
114662	1589	0.11823541
114662	4114	0.11823541
114662	4812	0.11823541
114662	1063	0.118235394
114662	3889	0.118235394
114662	3910	0.118235394
114662	4946	0.118235394
114742	5461	0.09967354
114742	3895	0.099673524
114742	97	0.09967351
114742	6766	0.09967351
114742	6892	0.0996735
114742	6619	0.099673495
114742	702	0.09967349
114742	1104	0.09967348
114742	6053	0.09967348
114742	2023	0.09967347
114813	3922	0.118389174
114813	2045	0.11838916
114813	3555	0.11838916
114813	3611	0.11838916
114813	4716	0.11838916
114813	5743	0.11838916
114813	2377	0.11838915
114813	1522	0.118389145
114813	3374	0.118389145
114813	6146	0.118389145
114868	3917	0.10857681
114868	6122	0.108576804
114868	6382	0.108576804
114868	6808	0.108576804
114868	3580	0.1085768
114868	2016	0.10857679
114868	2169	0.10857679
114868	2494	0.10857679
114868	2577	0.10857679
114868	3256	0.10857679
114893	4823	0.08957809
114893	2062	0.089578085
114893	885	0.08957808
114893	1932	0.089578055
114893	5306	0.08845241
114893	2366	0.088452406
114893	3954	0.0884524
114893	4618	0.08845239
114893	5858	0.08845239
114893	2899	0.088452384
115002	3253	0.13079801
115002	3853	0.13079801
115002	4204	0.130798
115002	579	0.13079798
115002	758	0.13079798
115002	1613	0.13079798
115002	2305	0.13079798
115002	2483	0.13079798
115002	3294	0.13079798
115002	3938	0.13079798
115003	1023	0.12651277
115003	4221	0.12651275
115003	994	0.1265127
115003	2218	0.12627757
115003	1731	0.12625036
115003	1709	0.12625034
115003	2983	0.12625034
115003	3234	0.12625034
115003	193	0.12625033
115003	658	0.12625033
115097	45	0.13507354
115097	2703	0.13507354
115097	5940	0.13507354
115097	113	0.13507351
115097	782	0.13507351
115097	1000	0.13507351
115097	1079	0.13507351
115097	1962	0.13507351
115097	2136	0.13507351
115097	2211	0.13507351
115120	1461	0.112890296
115120	3481	0.11289028
115120	4752	0.11289027
115120	6748	0.11289027
115120	1141	0.11289026
115120	6152	0.11289026
115120	6788	0.11289025
115120	2782	0.1126972
115120	1541	0.112697184
115120	1616	0.112697184
115150	6774	0.12683561
115150	1541	0.12656447
115150	2782	0.12656447
115150	672	0.12656446
115150	1398	0.12656446
115150	1616	0.12656446
115150	1820	0.12656446
115150	4610	0.12656446
115150	5372	0.12656446
115150	234	0.12656444
115180	4147	0.09490805
115180	6001	0.09490805
115180	2756	0.094908044
115180	3257	0.094908044
115180	6498	0.094908044
115180	1241	0.09490804
115180	5047	0.09490804
115180	6138	0.09490804
115180	1468	0.09490803
115180	2604	0.09490803
115224	5060	0.09975034
115224	512	0.099227816
115224	3116	0.09922777
115224	6781	0.098664746
115224	5538	0.0986647
115224	3010	0.09852698
115224	4844	0.09830034
115224	4547	0.09830032
115224	4942	0.09830032
115224	4452	0.098300315
115435	2373	0.089342855
115435	3847	0.08934285
115435	1369	0.08906993
115435	1430	0.089053854
115435	6663	0.089053854
115435	1188	0.08905384
115435	2403	0.08905384
115435	3701	0.08905384
115435	114	0.08905383
115435	1248	0.08905383
115490	4617	0.10509602
115490	3955	0.10509601
115490	3427	0.10509598
115490	3803	0.10509598
115490	5106	0.10509598
115490	5601	0.10509598
115490	6395	0.10509598
115490	3342	0.105095975
115490	5705	0.105095975
115490	5010	0.10509596
115503	3327	0.11678021
115503	4154	0.11678019
115503	4835	0.116780184
115503	1524	0.11678018
115503	4133	0.11678018
115503	4239	0.11678018
115503	4920	0.11678018
115503	5046	0.11678018
115503	454	0.11678017
115503	1728	0.11678017
115537	4751	0.11897288
115537	1302	0.11897287
115537	2326	0.11897287
115537	5629	0.11897287
115537	2888	0.11897285
115537	3525	0.11897285
115537	5140	0.11897285
115537	1185	0.118972845
115537	1835	0.118972845
115537	4181	0.118972845
115552	3184	0.112191215
115552	380	0.1121912
115552	4114	0.11219119
115552	1063	0.112191185
115552	1589	0.112191185
115552	4538	0.112191185
115552	4812	0.112191185
115552	4946	0.112191185
115552	5556	0.112191185
115552	3910	0.11219118
115572	1034	0.088724524
115572	6099	0.088724524
115572	6346	0.088724524
115572	1031	0.08872452
115572	2923	0.08872452
115572	354	0.08872451
115572	463	0.08872451
115572	484	0.08872451
115572	1869	0.08872451
115572	2286	0.08872451
115679	1855	0.10512738
115679	320	0.10512737
115679	3743	0.10512737
115679	159	0.105127364
115679	346	0.105127364
115679	755	0.105127364
115679	1567	0.105127364
115679	1629	0.105127364
115679	1730	0.105127364
115679	2339	0.105127364
115692	4228	0.11950062
115692	3353	0.11950061
115692	4685	0.11950061
115692	770	0.1195006
115692	1840	0.1195006
115692	3552	0.1195006
115692	4225	0.1195006
115692	24	0.11950059
115692	311	0.11950059
115692	2034	0.11950059
115700	1089	0.113026224
115700	1812	0.11302622
115700	5043	0.11302622
115700	5448	0.11302621
115700	1872	0.1130262
115700	4737	0.1130262
115700	5537	0.1130262
115700	71	0.11302619
115700	560	0.11302619
115700	690	0.11302619
115759	5817	0.105674826
115759	118	0.10567482
115759	184	0.10567482
115759	4704	0.10567481
115759	5079	0.10567481
115759	5992	0.10567481
115759	6684	0.10567481
115759	6814	0.10567481
115759	540	0.1056748
115759	644	0.1056748
115833	2463	0.11167055
115833	6057	0.11167055
115833	4493	0.111670546
115833	858	0.11167054
115833	1643	0.11167054
115833	3657	0.11167054
115833	3856	0.11167054
115833	4524	0.11167054
115833	6055	0.11167054
115833	430	0.11167053
115874	631	0.11538182
115874	2860	0.11538181
115874	4291	0.11538181
115874	4669	0.11538181
115874	5871	0.11538181
115874	6339	0.11538181
115874	598	0.1153818
115874	1703	0.1153818
115874	2018	0.1153818
115874	4466	0.1153818
115907	2045	0.10000874
115907	3611	0.100008726
115907	3922	0.100008726
115907	4716	0.100008726
115907	3555	0.10000872
115907	2377	0.10000871
115907	3374	0.10000871
115907	5743	0.10000871
115907	1522	0.100008704
115907	3090	0.100008704
115929	143	0.12945524
115929	6497	0.12924838
115929	1312	0.12831944
115929	6885	0.12681895
115929	4192	0.1262066
115929	2722	0.12607907
115929	3204	0.12573346
115929	1912	0.12566084
115929	5452	0.12566079
115929	5837	0.12512109
115953	485	0.10369167
115953	2214	0.10369167
115953	2292	0.10369167
115953	3039	0.10369167
115953	6680	0.10369167
115953	75	0.10369166
115953	1496	0.10369166
115953	2215	0.10369166
115953	5163	0.10369166
115953	6014	0.10369166
115956	4228	0.11601927
115956	3353	0.116019264
115956	4685	0.11601926
115956	3552	0.11601925
115956	4012	0.11601925
115956	4226	0.11601925
115956	24	0.11601924
115956	1840	0.11601924
115956	2034	0.11601924
115956	4544	0.11601924
115963	3327	0.10661877
115963	294	0.10661876
115963	4154	0.106618755
115963	4920	0.106618755
115963	83	0.10661875
115963	1852	0.10661875
115963	2035	0.10661875
115963	2278	0.10661875
115963	3132	0.10661875
115963	4133	0.10661875
115971	1471	0.10141949
115971	2856	0.10141949
115971	4483	0.101419486
115971	4865	0.101419486
115971	908	0.10141948
115971	2158	0.10141948
115971	4381	0.10141948
115971	3215	0.10141947
115971	3790	0.10141947
115971	186	0.101419464
115997	5090	0.10660506
115997	4729	0.10660504
115997	6036	0.10574494
115997	6430	0.105330795
115997	3271	0.10533078
115997	5020	0.10533074
115997	5716	0.105330735
115997	6731	0.105330735
115997	780	0.10533072
115997	5400	0.10504694
115998	3327	0.12224503
115998	294	0.12224501
115998	4154	0.12224501
115998	4835	0.122245006
115998	83	0.122245
115998	1852	0.122245
115998	2278	0.122245
115998	3132	0.122245
115998	4133	0.122245
115998	4920	0.122245
116005	110	0.13379997
116005	700	0.13379997
116005	6765	0.13379997
116005	6043	0.13379996
116005	1144	0.13379994
116005	1154	0.13379994
116005	1330	0.13379994
116005	1360	0.13379994
116005	1736	0.13379994
116005	1752	0.13379994
116090	184	0.11410662
116090	5992	0.11410662
116090	5817	0.11410661
116090	118	0.1141066
116090	6814	0.1141066
116090	540	0.114106596
116090	1506	0.114106596
116090	4704	0.114106596
116090	5079	0.114106596
116090	5182	0.114106596
116122	6517	0.143751
116122	370	0.14375098
116122	5753	0.14375094
116122	868	0.14323828
116122	4478	0.14221215
116122	4897	0.1422121
116122	1258	0.14221205
116122	3608	0.14130963
116122	6159	0.14130962
116122	4043	0.1413096
116123	696	0.103733495
116123	2504	0.10373349
116123	61	0.10373348
116123	410	0.10373348
116123	1550	0.10373348
116123	1578	0.10373348
116123	4187	0.10373347
116123	240	0.103733465
116123	530	0.103733465
116123	635	0.103733465
116183	1898	0.12714963
116183	1390	0.12714961
116183	6673	0.12714958
116183	5568	0.12714957
116183	5857	0.12714955
116183	3018	0.12705682
116183	4293	0.12705682
116183	5558	0.12705682
116183	6341	0.12705682
116183	628	0.1270568
116249	5130	0.09447761
116249	115	0.094477564
116249	230	0.094477564
116249	3586	0.094477564
116249	286	0.09447756
116249	1117	0.09447755
116249	356	0.09447754
116249	1333	0.094477534
116249	2890	0.09447752
116249	133	0.09367663
116301	1031	0.10989313
116301	1034	0.10989313
116301	2964	0.10989313
116301	6346	0.10989313
116301	463	0.10989312
116301	2923	0.10989312
116301	484	0.10989311
116301	1787	0.10989311
116301	2286	0.10989311
116301	2307	0.10989311
116313	3635	0.09896819
116313	995	0.098968185
116313	1551	0.098968185
116313	5686	0.098968185
116313	6823	0.098968185
116313	3312	0.09896818
116313	5840	0.09896818
116313	5603	0.09896817
116313	6798	0.09896816
116313	5023	0.098968156
116395	2045	0.13126367
116395	3555	0.13126367
116395	3611	0.13126367
116395	3922	0.13126367
116395	535	0.13126364
116395	1358	0.13126364
116395	1522	0.13126364
116395	2377	0.13126364
116395	3374	0.13126364
116395	4716	0.13126364
116428	2230	0.098332986
116428	1176	0.09833297
116428	2224	0.09833297
116428	2407	0.09833297
116428	3313	0.09833297
116428	3582	0.09833297
116428	3892	0.09833297
116428	4183	0.09833297
116428	1576	0.098332964
116428	3505	0.098332964
116433	1031	0.12963778
116433	1034	0.12963778
116433	463	0.12963776
116433	2307	0.12963776
116433	6346	0.12963776
116433	1787	0.12963775
116433	2008	0.12963775
116433	2923	0.12963775
116433	2964	0.12963775
116433	3796	0.12963775
116521	2955	0.092937715
116521	5434	0.09293771
116521	503	0.0929377
116521	1346	0.0929377
116521	4300	0.0929377
116521	339	0.092937686
116521	991	0.09293767
116521	703	0.09293766
116521	2214	0.09249437
116521	2292	0.09249437
116537	6001	0.09673871
116537	2756	0.096738696
116537	4147	0.096738696
116537	6498	0.096738696
116537	1241	0.09673869
116537	5047	0.09673869
116537	1468	0.09673868
116537	1591	0.09673868
116537	3257	0.09673868
116537	6138	0.09673868
116549	1023	0.106813096
116549	4221	0.10681307
116549	994	0.10681304
116549	1731	0.10654295
116549	193	0.106542945
116549	2983	0.106542945
116549	3234	0.106542945
116549	4197	0.106542945
116549	1207	0.10654294
116549	1709	0.10654294
116582	2504	0.10582297
116582	410	0.105822966
116582	696	0.105822966
116582	1578	0.10582296
116582	61	0.10582295
116582	610	0.10582295
116582	635	0.10582295
116582	1550	0.10582295
116582	3329	0.10582295
116582	3791	0.10582295
116599	3202	0.08908774
116599	6062	0.08908771
116599	4296	0.08740631
116599	6304	0.08740628
116599	2786	0.08740627
116599	4091	0.08740627
116599	5103	0.08740626
116599	3551	0.08740624
116599	3734	0.08740624
116599	4621	0.08740624
116758	6716	0.112872675
116758	157	0.11287266
116758	1259	0.11287266
116758	6550	0.11287266
116758	1249	0.11287265
116758	1533	0.11287265
116758	182	0.112872645
116758	1393	0.112872645
116758	1975	0.112872645
116758	2225	0.112872645
116816	2269	0.105957285
116816	4433	0.105957285
116816	5696	0.10595728
116816	539	0.10595727
116816	1579	0.10595727
116816	2354	0.10595727
116816	2465	0.10595727
116816	2880	0.10595727
116816	3286	0.10595727
116816	5242	0.10595726
116866	6043	0.09807033
116866	110	0.09807032
116866	700	0.09807032
116866	1360	0.09807032
116866	1752	0.09807032
116866	2569	0.09807032
116866	3469	0.09807032
116866	6676	0.09807032
116866	6765	0.09807032
116866	1894	0.098070316
116897	2224	0.11824809
116897	1576	0.118248075
116897	2230	0.118248075
116897	3892	0.118248075
116897	4183	0.118248075
116897	2407	0.11824807
116897	3313	0.11824807
116897	3582	0.11824807
116897	1176	0.11824806
116897	3505	0.11824806
116904	4840	0.10648382
116904	338	0.1064838
116904	5517	0.106483795
116904	5867	0.106483795
116904	6385	0.106483795
116904	334	0.10648379
116904	3175	0.10648379
116904	3445	0.10648379
116904	6402	0.10648379
116904	1257	0.10648377
116931	551	0.10169579
116931	1547	0.10169579
116931	5499	0.10169579
116931	6920	0.10169579
116931	625	0.10169578
116931	4507	0.10169578
116931	5109	0.10169578
116931	580	0.101695776
116931	927	0.101695776
116931	1963	0.101695776
117092	3053	0.12908018
117092	4236	0.12908016
117092	4623	0.12908015
117092	5657	0.12662092
117092	4895	0.12662089
117092	1766	0.12579668
117092	5682	0.12579668
117092	5800	0.12579668
117092	172	0.12579665
117092	4452	0.1253325
117111	4057	0.12369157
117111	1035	0.12369156
117111	6888	0.12369155
117111	3720	0.123691544
117111	1801	0.12369154
117111	910	0.12369153
117111	1499	0.12369153
117111	3411	0.12369153
117111	4520	0.12369152
117111	554	0.123691514
117115	3946	0.11204051
117115	714	0.112040505
117115	6012	0.112040505
117115	2322	0.11204049
117115	2518	0.11204049
117115	2821	0.11204049
117115	4189	0.11204049
117115	5025	0.11204049
117115	5662	0.11204049
117115	1903	0.11204048
117132	4410	0.12054861
117132	5181	0.12054861
117132	3849	0.120548606
117132	1139	0.1205486
117132	6366	0.1205486
117132	6867	0.12054859
117132	4406	0.120548576
117132	4578	0.120548576
117132	5490	0.120548576
117132	1137	0.12054857
117251	2504	0.10295311
117251	410	0.102953106
117251	635	0.102953106
117251	696	0.102953106
117251	1578	0.1029531
117251	61	0.10295309
117251	448	0.10295309
117251	1550	0.10295309
117251	1774	0.10295309
117251	1901	0.10295309
117255	5105	0.11003429
117255	282	0.11003428
117255	4087	0.11003428
117255	5053	0.11003428
117255	457	0.11003427
117255	3506	0.11003427
117255	5016	0.11003427
117255	337	0.110034265
117255	883	0.110034265
117255	1066	0.110034265
117256	2134	0.10852732
117256	531	0.10852731
117256	1307	0.1085273
117256	3303	0.1085273
117256	5422	0.1085273
117256	5887	0.1085273
117256	545	0.108527295
117256	2553	0.10852729
117256	2877	0.10852729
117256	3051	0.10852729
117318	2269	0.11522955
117318	539	0.11522953
117318	1579	0.11522953
117318	2354	0.11522953
117318	4433	0.11522953
117318	5696	0.115229525
117318	2465	0.11522952
117318	2880	0.11522952
117318	3286	0.11522952
117318	5915	0.11522952
117384	2214	0.12278487
117384	3039	0.12278487
117384	6680	0.12278487
117384	75	0.12278486
117384	485	0.12278486
117384	975	0.12278486
117384	2292	0.12278486
117384	4792	0.12278486
117384	720	0.12278485
117384	1496	0.12278485
117396	800	0.1053634
117396	3780	0.1053634
117396	2216	0.105363384
117396	3942	0.105363384
117396	1908	0.10536338
117396	2210	0.10536337
117396	5340	0.10536337
117396	6559	0.10536337
117396	5111	0.10536336
117396	1800	0.105363354
117489	320	0.11842382
117489	346	0.11842382
117489	1567	0.11842382
117489	1629	0.11842382
117489	1855	0.11842382
117489	2339	0.11842382
117489	3743	0.11842382
117489	4014	0.11842382
117489	4854	0.11842382
117489	6863	0.11842382
117539	4617	0.11313875
117539	5106	0.11313872
117539	3427	0.11313871
117539	3803	0.113138705
117539	3955	0.113138705
117539	5601	0.113138705
117539	6395	0.113138705
117539	3342	0.11313869
117539	5705	0.11313869
117539	2236	0.11313868
117553	733	0.110120416
117553	1618	0.110120416
117553	2687	0.110120416
117553	3647	0.110120416
117553	4907	0.110120416
117553	5150	0.110120416
117553	6763	0.110120416
117553	259	0.11012041
117553	546	0.11012041
117553	648	0.11012041
117557	2107	0.105195716
117557	3564	0.10519571
117557	5044	0.105195686
117557	5048	0.10519568
117557	1602	0.10519567
117557	3333	0.10519567
117557	5441	0.10519567
117557	6908	0.10519567
117557	4193	0.105195664
117557	3198	0.10519566
117577	2782	0.10434127
117577	672	0.10434125
117577	1398	0.10434125
117577	1541	0.10434125
117577	2176	0.10434125
117577	3559	0.10434125
117577	962	0.104341246
117577	1616	0.104341246
117577	2356	0.104341246
117577	5469	0.104341246
117594	1917	0.09251304
117594	3913	0.091874376
117594	2800	0.09187436
117594	3197	0.09187436
117594	3285	0.09187436
117594	3550	0.09187436
117594	4062	0.09187436
117594	5923	0.09187436
117594	6446	0.09187436
117594	4169	0.09187435
117683	2952	0.12587842
117683	6629	0.12587842
117683	2953	0.12587836
117683	3000	0.12587836
117683	2958	0.12587833
117683	786	0.124229126
117683	6655	0.12422912
117683	6745	0.124229096
117683	5813	0.12422907
117683	3563	0.12422906
117700	5461	0.10663735
117700	3895	0.10663733
117700	97	0.106637314
117700	6766	0.106637314
117700	6892	0.10663731
117700	6619	0.1066373
117700	702	0.10663729
117700	6053	0.10663729
117700	1104	0.106637284
117700	6096	0.106637284
117738	320	0.109438494
117738	1855	0.10943849
117738	346	0.10943848
117738	755	0.10943848
117738	1090	0.10943848
117738	1567	0.10943848
117738	1629	0.10943848
117738	2339	0.10943848
117738	2573	0.10943848
117738	3501	0.10943848
117873	1949	0.11204154
117873	1762	0.11204153
117873	4890	0.112041526
117873	5107	0.11204152
117873	199	0.11204149
117873	502	0.11204149
117873	4924	0.11204148
117873	3725	0.11114976
117873	2359	0.11114974
117873	4207	0.111149736
117925	118	0.10489925
117925	184	0.10489925
117925	540	0.10489924
117925	1506	0.10489924
117925	1667	0.10489924
117925	2978	0.10489924
117925	4704	0.10489924
117925	5817	0.10489924
117925	6814	0.10489924
117925	5079	0.104899235
117963	4296	0.11077355
117963	2786	0.11077352
117963	4091	0.11077352
117963	6304	0.11077352
117963	5103	0.11077351
117963	3551	0.110773504
117963	3734	0.110773504
117963	5289	0.110773504
117963	4621	0.1107735
117963	1231	0.11003807
118101	4228	0.11616781
118101	3353	0.116167806
118101	4012	0.1161678
118101	4226	0.1161678
118101	4685	0.1161678
118101	1840	0.11616779
118101	2034	0.11616779
118101	3063	0.11616779
118101	3552	0.11616779
118101	24	0.116167784
118135	6725	0.12938164
118135	633	0.12938163
118135	2054	0.12938163
118135	2843	0.12938163
118135	2998	0.12938163
118135	3089	0.12938163
118135	3560	0.12938163
118135	4121	0.12938163
118135	4847	0.12938163
118135	6495	0.12938163
118228	696	0.10118033
118228	2504	0.10118032
118228	61	0.101180315
118228	410	0.101180315
118228	1578	0.101180315
118228	5227	0.101180315
118228	635	0.10118031
118228	1550	0.10118031
118228	4187	0.10118031
118228	240	0.1011803
118275	6711	0.12676302
118275	2793	0.126763
118275	4081	0.126763
118275	6712	0.126763
118275	2389	0.12676299
118275	2818	0.12676299
118275	4076	0.12676299
118275	2588	0.12676297
118275	3857	0.12676297
118275	5374	0.12676297
118320	551	0.13473284
118320	625	0.13473284
118320	1547	0.13473284
118320	1963	0.13473284
118320	2524	0.13473284
118320	4473	0.13473284
118320	5109	0.13473284
118320	5499	0.13473284
118320	6322	0.13473284
118320	6362	0.13473284
118344	1231	0.11635718
118344	4526	0.11635718
118344	1725	0.11635716
118344	4816	0.11635716
118344	1693	0.11635715
118344	3566	0.11635715
118344	5551	0.11635715
118344	6299	0.11635715
118344	6760	0.11635715
118344	3759	0.11635714
118414	320	0.10903903
118414	6863	0.10903903
118414	236	0.10903902
118414	346	0.10903902
118414	1567	0.10903902
118414	1629	0.10903902
118414	2339	0.10903902
118414	2573	0.10903902
118414	3501	0.10903902
118414	3743	0.10903902
118422	5984	0.11331874
118422	5482	0.11331872
118422	3426	0.11331871
118422	6287	0.11331871
118422	5200	0.113318704
118422	1108	0.1133187
118422	3886	0.1133187
118422	4085	0.1133187
118422	4439	0.1133187
118422	6436	0.1133187
118434	1023	0.13623795
118434	4221	0.1362379
118434	994	0.13623786
118434	1731	0.13579749
118434	3366	0.13579749
118434	4197	0.13579749
118434	193	0.13579747
118434	658	0.13579747
118434	744	0.13579747
118434	1207	0.13579747
118484	320	0.12907961
118484	1855	0.12907961
118484	346	0.1290796
118484	159	0.12907958
118484	177	0.12907958
118484	179	0.12907958
118484	180	0.12907958
118484	236	0.12907958
118484	376	0.12907958
118484	516	0.12907958
118489	2121	0.11361607
118489	4163	0.113616064
118489	4304	0.113616064
118489	2732	0.11361606
118489	3712	0.11361605
118489	5381	0.11361605
118489	1447	0.11361604
118489	645	0.113616034
118489	1690	0.113616034
118489	2279	0.113616034
118528	2230	0.11916222
118528	2407	0.11916221
118528	2224	0.1191622
118528	3892	0.1191622
118528	4183	0.1191622
118528	3313	0.119162194
118528	4348	0.119162194
118528	1176	0.11916219
118528	1576	0.11916219
118528	2234	0.11916219
118533	2867	0.08034778
118533	2513	0.080347754
118533	4501	0.080347754
118533	5254	0.080347754
118533	4840	0.079814
118533	338	0.079813994
118533	5517	0.07981398
118533	5867	0.07981398
118533	6385	0.07981397
118533	6402	0.07981397
118628	714	0.095687926
118628	2322	0.095687926
118628	3946	0.095687926
118628	4189	0.095687926
118628	6012	0.095687926
118628	5025	0.09568792
118628	2518	0.09568791
118628	2821	0.09568791
118628	4665	0.09568791
118628	5662	0.09568791
118654	6446	0.093690984
118654	3197	0.09369098
118654	3285	0.09369098
118654	3913	0.09369098
118654	3550	0.09369097
118654	2800	0.09369096
118654	4062	0.09369096
118654	5923	0.09369096
118654	388	0.093690954
118654	4169	0.093690954
118659	5121	0.10695295
118659	815	0.10695291
118659	1951	0.1069529
118659	2782	0.10589394
118659	1398	0.105893925
118659	3559	0.105893925
118659	1541	0.10589391
118659	1616	0.10589391
118659	2356	0.10589391
118659	2907	0.10589391
118677	2269	0.11937971
118677	1579	0.1193797
118677	4433	0.1193797
118677	539	0.119379684
118677	2354	0.119379684
118677	2465	0.119379684
118677	3286	0.119379684
118677	5696	0.119379684
118677	2880	0.11937968
118677	2920	0.11937968
118881	960	0.1095008
118881	3255	0.10950076
118881	6419	0.10950075
118881	6367	0.10950074
118881	6408	0.109500736
118881	6418	0.109500736
118881	510	0.10950072
118881	5575	0.109500706
118881	5306	0.10864938
118881	2366	0.10864937
118955	5352	0.10578853
118955	4112	0.10578851
118955	2040	0.1057885
118955	2376	0.1057885
118955	3536	0.1057885
118955	5786	0.10578847
118955	1487	0.10533583
118955	5297	0.10533583
118955	4061	0.105335794
118955	2037	0.10533579
119027	4519	0.111994125
119027	5021	0.11199412
119027	5659	0.11199412
119027	4449	0.1119941
119027	3554	0.111994095
119027	4935	0.111994095
119027	266	0.11199409
119027	2727	0.11199409
119027	4155	0.11199408
119027	5504	0.11125025
119248	6245	0.11852318
119248	4263	0.11852314
119248	3994	0.118523136
119248	6308	0.118523136
119248	6792	0.118523136
119248	888	0.11817271
119248	4915	0.11817271
119248	6665	0.1181727
119248	1112	0.11817269
119248	6803	0.11817268
119326	118	0.10823572
119326	184	0.10823572
119326	4704	0.10823571
119326	5817	0.10823571
119326	5992	0.10823571
119326	6814	0.10823571
119326	540	0.1082357
119326	1506	0.1082357
119326	2978	0.1082357
119326	5079	0.1082357
119418	1405	0.10179117
119418	3385	0.10179116
119418	974	0.10179114
119418	5288	0.10176492
119418	6720	0.10176491
119418	324	0.1017649
119418	5432	0.101764895
119418	6081	0.101764865
119418	176	0.10130388
119418	5795	0.101303875
119446	5453	0.11302756
119446	3287	0.11302754
119446	3247	0.11302753
119446	250	0.11302752
119446	399	0.11302752
119446	6609	0.11302752
119446	1842	0.11302751
119446	2303	0.11302751
119446	3060	0.11302751
119446	3214	0.11302751
119505	3765	0.118027374
119505	788	0.11802737
119505	2842	0.11802737
119505	4950	0.11802737
119505	6331	0.11802737
119505	748	0.11802736
119505	1552	0.11802736
119505	2481	0.11802736
119505	2796	0.11802736
119505	2949	0.11802736
119517	2134	0.11933033
119517	531	0.11933031
119517	1307	0.11933031
119517	3303	0.11933031
119517	5887	0.11933031
119517	545	0.1193303
119517	5422	0.1193303
119517	4214	0.119330294
119517	1720	0.11933029
119517	2553	0.11933029
119575	778	0.108608924
119575	1967	0.10860889
119575	4971	0.10860889
119575	5514	0.10860889
119575	5519	0.10860889
119575	6802	0.10860889
119575	1288	0.10860888
119575	1633	0.10860888
119575	5546	0.10860888
119575	102	0.10860887
119590	5545	0.1094333
119590	460	0.10943329
119590	636	0.10943329
119590	740	0.10943329
119590	1651	0.10943328
119590	1389	0.10943327
119590	1731	0.10941578
119590	1207	0.10941577
119590	1709	0.10941577
119590	2983	0.10941577
119594	4087	0.08655323
119594	5105	0.08655323
119594	3506	0.08655322
119594	52	0.086553216
119594	282	0.086553216
119594	337	0.086553216
119594	457	0.086553216
119594	883	0.086553216
119594	1066	0.086553216
119594	3718	0.086553216
119631	3184	0.11364046
119631	1063	0.11364043
119631	1589	0.11364043
119631	3431	0.11364043
119631	4114	0.11364043
119631	4538	0.11364043
119631	4812	0.11364043
119631	4946	0.11364043
119631	380	0.11364042
119631	1469	0.11364041
119654	1133	0.10440514
119654	2443	0.10360776
119654	888	0.10274437
119654	4915	0.102744356
119654	5007	0.102744356
119654	6665	0.10274433
119654	129	0.102744326
119654	1112	0.102744326
119654	6803	0.102744326
119654	2444	0.10274432
119671	4617	0.09584834
119671	3427	0.09584831
119671	3955	0.09584831
119671	5106	0.09584831
119671	6395	0.0958483
119671	3803	0.09584829
119671	5601	0.09584829
119671	5705	0.095848285
119671	2236	0.09584828
119671	3342	0.09584828
119725	1879	0.12627475
119725	4579	0.12627475
119725	10	0.12627473
119725	822	0.12627473
119725	916	0.12627473
119725	924	0.12627473
119725	1009	0.12627473
119725	2473	0.12627473
119725	3044	0.12627473
119725	3166	0.12627473
119749	827	0.117220454
119749	828	0.11620027
119749	5595	0.11515787
119749	1263	0.11458786
119749	6014	0.11458784
119749	975	0.114587836
119749	75	0.11458783
119749	981	0.11458783
119749	1081	0.11458783
119749	1496	0.11458783
119806	259	0.10444157
119806	546	0.10444157
119806	733	0.10444157
119806	1823	0.10444157
119806	1833	0.10444157
119806	2687	0.10444157
119806	3710	0.10444157
119806	4695	0.10444157
119806	4968	0.10444157
119806	5333	0.10444157
119858	110	0.10640254
119858	6765	0.10640254
119858	700	0.10640253
119858	6043	0.10640253
119858	1752	0.106402524
119858	2569	0.106402524
119858	5034	0.106402524
119858	1144	0.10640252
119858	1330	0.10640252
119858	2640	0.10640252
119963	1035	0.0974154
119963	4057	0.0974154
119963	6888	0.09741539
119963	910	0.09741537
119963	1801	0.09741537
119963	1499	0.097415365
119963	2311	0.097415365
119963	3720	0.097415365
119963	3411	0.09741536
119963	4520	0.09741536
120030	829	0.120096445
120030	1888	0.120096445
120030	4115	0.120096445
120030	2241	0.12009644
120030	4330	0.120096415
120030	5681	0.120096415
120030	4631	0.1200964
120030	1922	0.11993868
120030	3248	0.11993868
120030	5012	0.11993868
120080	1678	0.13247083
120080	562	0.13247082
120080	2768	0.13247082
120080	682	0.1324708
120080	5741	0.1324708
120080	6071	0.1324708
120080	1644	0.13247079
120080	4312	0.13247079
120080	5850	0.13247079
120080	2477	0.13247077
120082	2934	0.096202776
120082	976	0.09620277
120082	896	0.09620276
120082	3783	0.09620275
120082	3740	0.096202746
120082	5557	0.096202746
120082	5594	0.096202746
120082	1653	0.09620273
120082	1660	0.09620273
120082	2989	0.09620273
120093	5650	0.11405482
120093	2007	0.114054814
120093	2844	0.1140548
120093	5433	0.1140548
120093	3618	0.11405478
120093	4319	0.11405478
120093	778	0.113981426
120093	1967	0.113981396
120093	105	0.11398139
120093	4971	0.11398139
120137	523	0.111983754
120137	72	0.11198375
120137	5856	0.11198374
120137	385	0.11198373
120137	812	0.11198373
120137	1282	0.11198373
120137	2509	0.11198373
120137	2882	0.11198373
120137	4620	0.11198373
120137	6756	0.11198373
120155	45	0.11549863
120155	782	0.11549863
120155	1962	0.11549863
120155	2703	0.11549863
120155	2807	0.11549863
120155	5940	0.11549863
120155	3465	0.115498625
120155	4561	0.115498625
120155	6189	0.115498625
120155	6309	0.115498625
120178	193	0.10841298
120178	1207	0.10841298
120178	1731	0.10841298
120178	2983	0.10841298
120178	2997	0.10841298
120178	3234	0.10841298
120178	3613	0.10841298
120178	744	0.10841297
120178	1709	0.10841297
120178	4197	0.10841297
120181	1898	0.10270238
120181	1390	0.10270235
120181	6673	0.102702335
120181	5568	0.10270233
120181	5857	0.10270232
120181	696	0.10258978
120181	61	0.10258977
120181	410	0.10258977
120181	2504	0.10258977
120181	240	0.102589756
120332	79	0.10218647
120332	1624	0.10218647
120332	4175	0.10218647
120332	4273	0.10218647
120332	4342	0.10218647
120332	2728	0.102186464
120332	4525	0.102186464
120332	5122	0.102186464
120332	6532	0.102186464
120332	168	0.10218646
120333	149	0.10517736
120333	3545	0.10517734
120333	761	0.105177335
120333	893	0.105177335
120333	5768	0.105177335
120333	441	0.10517733
120333	26	0.10517731
120333	3634	0.105177306
120333	4314	0.1051773
120333	4453	0.1051773
120345	1422	0.10345318
120345	77	0.103453174
120345	4338	0.10345317
120345	3729	0.10345316
120345	4677	0.10345315
120345	2870	0.103453144
120345	4339	0.1034531
120345	320	0.10317918
120345	6863	0.10317918
120345	346	0.10317917
120396	733	0.09927525
120396	944	0.09927525
120396	4695	0.09927525
120396	4968	0.09927525
120396	259	0.099275246
120396	1387	0.099275246
120396	1823	0.099275246
120396	2001	0.099275246
120396	2687	0.099275246
120396	3647	0.099275246
120548	5940	0.11367442
120548	2703	0.11367441
120548	45	0.1136744
120548	782	0.1136744
120548	1962	0.1136744
120548	6309	0.1136744
120548	4472	0.113674395
120548	4561	0.113674395
120548	6189	0.113674395
120548	6499	0.113674395
120565	6765	0.12636937
120565	700	0.12636936
120565	1752	0.12636936
120565	3469	0.12636936
120565	6043	0.12636936
120565	2640	0.12636934
120565	5034	0.12636934
120565	5572	0.12636934
120565	6326	0.12636934
120565	6676	0.12636934
120598	3327	0.12129052
120598	4835	0.121290505
120598	4154	0.1212905
120598	294	0.12129049
120598	5046	0.12129049
120598	83	0.12129048
120598	174	0.12129048
120598	1524	0.12129048
120598	2278	0.12129048
120598	4133	0.12129048
120610	2860	0.13506317
120610	3161	0.13506317
120610	1703	0.13506316
120610	4291	0.13506316
120610	5871	0.13506316
120610	6453	0.13506316
120610	598	0.13506314
120610	677	0.13506314
120610	1635	0.13506314
120610	2018	0.13506314
120696	3413	0.12457379
120696	3414	0.124573775
120696	2295	0.12457376
120696	2721	0.12457373
120696	3086	0.12418076
120696	2760	0.12380371
120696	4211	0.12380371
120696	5925	0.1238037
120696	3274	0.12380369
120696	3061	0.12380368
120735	87	0.10646682
120735	2652	0.106466815
120735	4258	0.106466815
120735	310	0.1064668
120735	5620	0.1064668
120735	1200	0.10646679
120735	5144	0.106466785
120735	6264	0.106466785
120735	2231	0.10646678
120735	1438	0.10646677
120807	1075	0.10322574
120807	5213	0.10322571
120807	2645	0.1032257
120807	6747	0.1032257
120807	2104	0.10322569
120807	4604	0.10322569
120807	1652	0.10322567
120807	6000	0.10322566
120807	3503	0.10313006
120807	6215	0.10313006
120828	4100	0.12868947
120828	719	0.12868945
120828	3619	0.12868945
120828	4036	0.12868945
120828	4745	0.12868945
120828	436	0.12868944
120828	1383	0.12868944
120828	1948	0.12868944
120828	4025	0.12868944
120828	6187	0.12868944
120829	6852	0.122501336
120829	4668	0.12250133
120829	6917	0.12250133
120829	6735	0.12250132
120829	6332	0.12250131
120829	1538	0.122501306
120829	6069	0.1225013
120829	2062	0.1214676
120829	885	0.12146759
120829	4823	0.12146759
120860	1501	0.09494874
120860	1937	0.09494873
120860	538	0.09494872
120860	1545	0.09494871
120860	1659	0.09494871
120860	3440	0.09494871
120860	1916	0.0949487
120860	302	0.094948694
120860	3949	0.09494868
120860	1027	0.09494867
120873	1626	0.0840224
120873	127	0.08402239
120873	3468	0.08402239
120873	416	0.08402238
120873	3738	0.08402238
120873	5525	0.08402238
120873	6611	0.08402238
120873	6678	0.08402238
120873	243	0.08402237
120873	3544	0.08402237
120908	778	0.10428056
120908	1288	0.10428055
120908	5519	0.10428055
120908	466	0.10428054
120908	1633	0.10428053
120908	1662	0.10428053
120908	1967	0.10428053
120908	3207	0.10428053
120908	3669	0.10428053
120908	4819	0.10428053
120985	982	0.10705578
120985	1853	0.10705575
120985	2301	0.10705575
120985	4370	0.10705575
120985	6250	0.10705575
120985	5191	0.107055746
120985	260	0.10705574
120985	1045	0.10705574
120985	4130	0.10705574
120985	4673	0.10705574
121065	4787	0.08836626
121065	2502	0.088366255
121065	3511	0.08836624
121065	4129	0.08836624
121065	4138	0.08836623
121065	1549	0.088366225
121065	1750	0.088366225
121065	3097	0.088366225
121065	3246	0.088366225
121065	5700	0.088366225
121083	4019	0.11157861
121083	4776	0.111578606
121083	33	0.1115786
121083	4400	0.1115786
121083	5207	0.1115786
121083	5344	0.1115786
121083	398	0.11157858
121083	1138	0.11157858
121083	5420	0.11157858
121083	2082	0.111578576
121093	2383	0.09812311
121093	6524	0.09812311
121093	1890	0.098123096
121093	4161	0.09794884
121093	4688	0.09794883
121093	1273	0.097948804
121093	2237	0.0979488
121093	3402	0.09781987
121093	718	0.09781985
121093	1857	0.09781985
121135	444	0.1223263
121135	6335	0.12232629
121135	381	0.122326285
121135	3882	0.122326285
121135	2788	0.12232627
121135	6590	0.12232627
121135	165	0.12232626
121135	2235	0.12232626
121135	3015	0.12232626
121135	4234	0.12232626
121166	444	0.11287138
121166	3882	0.11287138
121166	381	0.112871364
121166	3072	0.112871364
121166	6335	0.112871364
121166	2788	0.11287136
121166	4346	0.11287136
121166	5438	0.11287136
121166	6590	0.11287136
121166	2235	0.11287135
121167	45	0.12112084
121167	2703	0.12112084
121167	5272	0.12112084
121167	5940	0.12112084
121167	4940	0.12112083
121167	5678	0.12112083
121167	113	0.121120825
121167	782	0.121120825
121167	1079	0.121120825
121167	1962	0.121120825
121170	696	0.10009833
121170	410	0.10009831
121170	1550	0.10009831
121170	2504	0.10009831
121170	448	0.1000983
121170	635	0.1000983
121170	964	0.1000983
121170	1578	0.1000983
121170	1774	0.1000983
121170	1901	0.1000983
121251	2703	0.11981976
121251	5940	0.11981975
121251	45	0.119819745
121251	782	0.119819745
121251	1962	0.119819745
121251	2807	0.119819745
121251	3465	0.119819745
121251	4561	0.119819745
121251	6189	0.119819745
121251	6309	0.119819745
121264	3341	0.12557758
121264	6307	0.12557758
121264	1902	0.12557757
121264	3810	0.12557757
121264	5636	0.12557757
121264	62	0.12557755
121264	950	0.12557755
121264	1990	0.12557755
121264	2415	0.12557755
121264	3310	0.12557755
121405	829	0.11488046
121405	1888	0.11488046
121405	4115	0.11488046
121405	2241	0.11488045
121405	3325	0.11488043
121405	4330	0.11488043
121405	5681	0.11488042
121405	4631	0.11488041
121405	3858	0.1148804
121405	4969	0.11445774
121547	384	0.09965379
121547	581	0.09965378
121547	732	0.09965378
121547	1680	0.09965378
121547	3581	0.09965378
121547	6388	0.09965378
121547	232	0.09965377
121547	1436	0.09965377
121547	1512	0.09965377
121547	3480	0.09965377
121592	2985	0.1085282
121592	3788	0.108528174
121592	3283	0.10852813
121592	3402	0.10850777
121592	718	0.108507745
121592	1857	0.108507745
121592	496	0.10850774
121592	3223	0.10850774
121592	5406	0.10850774
121592	5486	0.10850773
121594	4760	0.13763179
121594	3879	0.13763177
121594	4105	0.13763177
121594	6222	0.13763177
121594	5502	0.13763176
121594	4726	0.13763174
121594	4988	0.13763174
121594	6456	0.13763174
121594	3008	0.13763173
121594	5353	0.13763171
121606	2421	0.12822022
121606	1844	0.1282202
121606	2384	0.1282202
121606	2911	0.1282202
121606	4627	0.1282202
121606	6167	0.12822017
121606	6737	0.12822017
121606	5634	0.12822014
121606	2287	0.12704967
121606	4446	0.12704965
121620	1579	0.10733841
121620	2269	0.10733841
121620	539	0.107338406
121620	2354	0.1073384
121620	3286	0.1073384
121620	4433	0.1073384
121620	5242	0.1073384
121620	2465	0.10733839
121620	2880	0.10733839
121620	2920	0.10733839
121817	1303	0.12777553
121817	2357	0.12777553
121817	4703	0.12777553
121817	5792	0.12777553
121817	1873	0.12777552
121817	4936	0.12777552
121817	6428	0.12777552
121817	2549	0.1277755
121817	2834	0.1277755
121817	3534	0.1277755
121986	3598	0.101558685
121986	444	0.1012769
121986	3882	0.10127689
121986	6335	0.10127689
121986	381	0.101276875
121986	2788	0.101276875
121986	3072	0.101276875
121986	4346	0.101276875
121986	4234	0.10127687
121986	6590	0.10127687
122045	1678	0.11362752
122045	2768	0.11362752
122045	562	0.11362751
122045	5741	0.11362751
122045	682	0.1136275
122045	5850	0.11362749
122045	4312	0.11362748
122045	6071	0.11362748
122045	6916	0.11362748
122045	1644	0.11362747
122096	4147	0.115304515
122096	6001	0.115304515
122096	1241	0.1153045
122096	2756	0.1153045
122096	5047	0.1153045
122096	6498	0.1153045
122096	1591	0.115304485
122096	1861	0.115304485
122096	2604	0.115304485
122096	2758	0.115304485
122321	523	0.10568373
122321	72	0.10568372
122321	5856	0.10568372
122321	812	0.105683714
122321	2509	0.105683714
122321	3727	0.105683714
122321	6237	0.105683714
122321	6756	0.105683714
122321	4620	0.10568371
122321	368	0.1056837
122386	194	0.09825274
122386	1096	0.09825273
122386	3957	0.09825273
122386	5334	0.09825272
122386	1483	0.09825271
122386	2887	0.09825271
122386	1807	0.098252706
122386	3014	0.0982527
122386	6080	0.0982527
122386	728	0.09825269
122418	320	0.10360144
122418	346	0.10360144
122418	1855	0.10360144
122418	2339	0.10360144
122418	3743	0.10360144
122418	4014	0.10360144
122418	1629	0.10360143
122418	2575	0.10360143
122418	4217	0.10360143
122418	4854	0.10360143
122429	124	0.10499062
122429	4268	0.10493986
122429	4190	0.10493983
122429	4676	0.10493981
122429	6416	0.1049398
122429	350	0.10482638
122429	1502	0.104826376
122429	1514	0.10482637
122429	5279	0.10482637
122429	1946	0.10482636
122440	4692	0.115123406
122440	1964	0.11512339
122440	6092	0.11512339
122440	2816	0.115123376
122440	5586	0.11512337
122440	2672	0.11512336
122440	2678	0.11512336
122440	3767	0.11512335
122440	5784	0.11512335
122440	194	0.11467427
122506	714	0.13077047
122506	2322	0.13077047
122506	3946	0.13077047
122506	4189	0.13077047
122506	6012	0.13077046
122506	481	0.13077044
122506	1903	0.13077044
122506	2518	0.13077044
122506	2521	0.13077044
122506	2821	0.13077044
122542	6858	0.09731926
122542	4267	0.09731925
122542	2651	0.097319245
122542	4999	0.09731924
122542	3424	0.09731923
122542	4106	0.09731922
122542	6839	0.09731922
122542	5398	0.097319216
122542	4286	0.097208135
122542	14	0.0972081
122643	87	0.10486503
122643	2652	0.10486502
122643	4258	0.104865015
122643	5620	0.104865015
122643	310	0.10486501
122643	1200	0.104865
122643	1438	0.104864985
122643	2231	0.104864985
122643	4294	0.104864985
122643	5144	0.104864985
122671	5100	0.09612657
122671	2639	0.096126564
122671	2688	0.09612656
122671	3331	0.09612656
122671	5084	0.09612656
122671	6136	0.095846176
122671	6595	0.09584617
122671	2306	0.0949994
122671	3900	0.09499939
122671	2314	0.09471895
122716	2867	0.08605498
122716	2513	0.08605496
122716	4501	0.08605496
122716	5254	0.08605496
122716	3457	0.08495143
122716	5618	0.08495143
122716	5918	0.08495143
122716	6184	0.08495142
122716	341	0.084951416
122716	831	0.08495141
122782	133	0.11789975
122782	622	0.117899746
122782	2014	0.117899746
122782	3048	0.11789973
122782	473	0.117899716
122782	668	0.117899716
122782	2633	0.117899716
122782	660	0.11789971
122782	3064	0.11789971
122782	1044	0.1178997
122784	3202	0.11049516
122784	6062	0.11049511
122784	4296	0.1103733
122784	2786	0.11037327
122784	4091	0.11037327
122784	6304	0.11037327
122784	5103	0.110373266
122784	3551	0.11037324
122784	3734	0.11037324
122784	4621	0.11037324
122793	531	0.10495822
122793	2134	0.10495822
122793	1307	0.104958214
122793	545	0.10495821
122793	5422	0.10495821
122793	5887	0.10495821
122793	1720	0.10495819
122793	2553	0.10495819
122793	3051	0.10495819
122793	3859	0.10495819
122801	3234	0.12256695
122801	2983	0.122566946
122801	2997	0.122566946
122801	1709	0.12256694
122801	3613	0.12256694
122801	100	0.12256693
122801	193	0.12256693
122801	744	0.12256693
122801	1207	0.12256693
122801	1627	0.12256693
122802	1579	0.11384745
122802	2269	0.11384745
122802	4433	0.11384744
122802	539	0.113847435
122802	2354	0.113847435
122802	2465	0.113847435
122802	2880	0.113847435
122802	3286	0.113847435
122802	5696	0.113847435
122802	5915	0.113847435
122867	4690	0.10806316
122867	6150	0.10806316
122867	201	0.10806313
122867	1020	0.10806313
122867	6283	0.10806313
122867	2391	0.10806312
122867	3201	0.10806312
122867	5833	0.10806312
122867	6871	0.10806312
122867	2784	0.10806311
122883	6517	0.10249512
122883	370	0.10249509
122883	5753	0.10249508
122883	4475	0.10002503
122883	1476	0.10002498
122883	5855	0.100024976
122883	1478	0.10002497
122883	5248	0.10002497
122883	6415	0.09991856
122883	3171	0.09991848
122901	5864	0.10456987
122901	5795	0.10456986
122901	176	0.10456985
122901	6740	0.10456985
122901	440	0.10456984
122901	675	0.10456984
122901	2516	0.10456984
122901	3399	0.10456984
122901	1380	0.10456983
122901	5276	0.10456983
122958	110	0.10573892
122958	6043	0.10573892
122958	6765	0.10573892
122958	700	0.10573891
122958	1752	0.10573891
122958	2569	0.10573891
122958	6676	0.10573891
122958	1144	0.1057389
122958	1330	0.1057389
122958	2179	0.1057389
123056	6307	0.14262792
123056	3341	0.14262791
123056	950	0.1426279
123056	1990	0.1426279
123056	2415	0.1426279
123056	3810	0.1426279
123056	5636	0.1426279
123056	62	0.14262788
123056	1355	0.14262788
123056	1902	0.14262788
123066	6494	0.1267691
123066	6711	0.1267691
123066	2793	0.12676907
123066	2818	0.12676907
123066	4081	0.12676907
123066	2389	0.12676905
123066	4076	0.12676905
123066	6712	0.12676905
123066	2588	0.12676904
123066	3857	0.12676904
123094	3946	0.1377435
123094	714	0.13774349
123094	4189	0.13774349
123094	2322	0.13774347
123094	4444	0.13774347
123094	4665	0.13774347
123094	5025	0.13774347
123094	5662	0.13774347
123094	6012	0.13774347
123094	481	0.13774346
123095	3635	0.12679896
123095	5686	0.12679896
123095	995	0.12679894
123095	1551	0.12679894
123095	3312	0.12679894
123095	5840	0.12679894
123095	5603	0.12679893
123095	6823	0.12679893
123095	6798	0.12679891
123095	507	0.1267989
123115	320	0.10830775
123115	346	0.10830775
123115	1567	0.10830775
123115	3743	0.10830775
123115	4014	0.10830775
123115	6863	0.10830775
123115	1726	0.10830774
123115	2339	0.10830774
123115	2573	0.10830774
123115	3259	0.10830774
123143	110	0.103755295
123143	1752	0.103755295
123143	6765	0.103755295
123143	6043	0.10375529
123143	700	0.10375528
123143	2640	0.10375528
123143	3469	0.10375528
123143	6676	0.10375528
123143	1159	0.10375527
123143	1144	0.103755265
123154	920	0.11501295
123154	2901	0.11501294
123154	4711	0.11501293
123154	6526	0.1150129
123154	4705	0.11501289
123154	6457	0.11501289
123154	1337	0.115012884
123154	3373	0.115012884
123154	4327	0.115012884
123154	5024	0.115012884
123160	170	0.09694995
123160	611	0.09694993
123160	1446	0.09694992
123160	1707	0.09694992
123160	7	0.09694991
123160	169	0.09694991
123160	884	0.09694991
123160	5362	0.09694991
123160	6759	0.09694991
123160	1612	0.096949905
123203	688	0.115110524
123203	3217	0.11511051
123203	134	0.1151105
123203	1620	0.1151105
123203	2173	0.1151105
123203	2340	0.1151105
123203	2423	0.1151105
123203	6488	0.1151105
123203	1739	0.115110494
123203	2032	0.115110494
123215	633	0.14046371
123215	3089	0.14046371
123215	6725	0.14046371
123215	2843	0.1404637
123215	4121	0.1404637
123215	389	0.14046368
123215	508	0.14046368
123215	1546	0.14046368
123215	2054	0.14046368
123215	2568	0.14046368
123228	3184	0.12420927
123228	1589	0.124209255
123228	4538	0.124209255
123228	1063	0.12420924
123228	4114	0.12420924
123228	4812	0.12420924
123228	4946	0.12420924
123228	5361	0.12420924
123228	380	0.12420923
123228	1882	0.12420923
123257	133	0.09240158
123257	622	0.09240158
123257	2014	0.09240158
123257	2633	0.092401564
123257	660	0.09240156
123257	3048	0.09240156
123257	3064	0.09240156
123257	668	0.09240155
123257	1044	0.09240155
123257	1751	0.09240155
123298	110	0.10675338
123298	6043	0.10675337
123298	700	0.106753364
123298	1752	0.106753364
123298	2569	0.106753364
123298	4989	0.106753364
123298	6326	0.106753364
123298	6676	0.106753364
123298	6765	0.106753364
123298	1330	0.10675336
123430	1231	0.09309836
123430	4526	0.09309834
123430	4816	0.093098335
123430	1693	0.09309833
123430	1725	0.09309833
123430	3566	0.09309833
123430	3759	0.09309833
123430	4311	0.09309833
123430	5552	0.09309833
123430	6155	0.09309833
123433	6517	0.10416642
123433	370	0.10416639
123433	5753	0.10416636
123433	3608	0.10324346
123433	6159	0.103243455
123433	4043	0.10324344
123433	5928	0.10324344
123433	2566	0.10324343
123433	5496	0.10324343
123433	2075	0.103243425
123460	574	0.09484415
123460	6783	0.09484415
123460	5327	0.09484413
123460	4629	0.094844125
123460	814	0.09484412
123460	816	0.09484412
123460	1723	0.09484412
123460	1944	0.09484412
123460	2743	0.09484412
123460	4044	0.09484412
123468	384	0.0918509
123468	6388	0.0918509
123468	232	0.09185089
123468	732	0.09185089
123468	1680	0.09185089
123468	3480	0.09185089
123468	3581	0.09185089
123468	3625	0.09185089
123468	5156	0.09185089
123468	5503	0.09185089
123510	2050	0.08968727
123510	3177	0.08968727
123510	1875	0.08968725
123510	2233	0.08968723
123510	1377	0.089672536
123510	5702	0.08966863
123510	2755	0.08966862
123510	1927	0.08966861
123510	4919	0.08966861
123510	715	0.0896686
123515	2782	0.11852057
123515	1616	0.11852056
123515	1541	0.11852055
123515	1398	0.11852054
123515	2356	0.11852054
123515	3559	0.11852054
123515	5469	0.11852054
123515	672	0.118520536
123515	1816	0.118520536
123515	2889	0.118520536
123543	3327	0.114427
123543	4154	0.114426985
123543	83	0.11442697
123543	294	0.11442697
123543	1002	0.11442697
123543	2278	0.11442697
123543	4133	0.11442697
123543	4239	0.11442697
123543	4835	0.11442697
123543	4920	0.11442697
123544	5940	0.14504841
123544	45	0.14504838
123544	782	0.14504838
123544	2211	0.14504838
123544	2703	0.14504838
123544	2807	0.14504838
123544	3465	0.14504838
123544	4940	0.14504838
123544	5678	0.14504838
123544	6189	0.14504838
123597	3532	0.11797934
123597	6561	0.11797932
123597	1390	0.117956966
123597	1898	0.117956966
123597	6673	0.11795695
123597	5568	0.11795694
123597	5857	0.11795691
123597	5371	0.117841706
123597	3396	0.1178417
123597	2951	0.11784169
123608	2403	0.10176714
123608	1248	0.10176713
123608	1430	0.10176713
123608	114	0.10176712
123608	5559	0.10176712
123608	171	0.10176711
123608	1188	0.10176711
123608	2738	0.10176711
123608	3701	0.10176711
123608	241	0.10176709
123625	2857	0.09127739
123625	3196	0.09127738
123625	955	0.09127737
123625	305	0.09127736
123625	2576	0.09127736
123625	6755	0.09127736
123625	6811	0.09127736
123625	2364	0.09127735
123625	4608	0.09127735
123625	5300	0.09127735
123649	4026	0.094096795
123649	971	0.09409679
123649	93	0.09409678
123649	4029	0.09409678
123649	67	0.09409677
123649	1505	0.09409677
123649	2545	0.09409677
123649	1068	0.094096765
123649	1688	0.094096765
123649	3361	0.094096765
123676	5043	0.10336578
123676	1089	0.103365764
123676	5448	0.103365764
123676	5485	0.103365764
123676	5537	0.103365764
123676	1596	0.10336576
123676	4737	0.10336576
123676	71	0.10336575
123676	306	0.10336575
123676	560	0.10336575
123724	2790	0.104341716
123724	2146	0.10424046
123724	3896	0.104051724
123724	1279	0.10405171
123724	3494	0.10405171
123724	3596	0.10405171
123724	5638	0.10405171
123724	6347	0.10405171
123724	6851	0.10405171
123724	1409	0.104051694
123732	4028	0.10550119
123732	2427	0.10550116
123732	1461	0.10542217
123732	3481	0.10542216
123732	6748	0.105422154
123732	1141	0.10542215
123732	4752	0.10542214
123732	6788	0.10542213
123732	6152	0.105422124
123732	3609	0.10522972
123744	1191	0.09467003
123744	1971	0.09467
123744	6530	0.09467
123744	959	0.09451707
123744	4180	0.09451705
123744	646	0.09451704
123744	6463	0.09451703
123744	4870	0.09451702
123744	2383	0.09425889
123744	1890	0.09425888
123790	2955	0.08632088
123790	503	0.08632087
123790	339	0.08632086
123790	1346	0.08632086
123790	4300	0.08632086
123790	5434	0.08632086
123790	991	0.08632085
123790	703	0.08632083
123790	5954	0.08609079
123790	3094	0.08609078
123801	2230	0.10709559
123801	2407	0.10709559
123801	3313	0.107095584
123801	4183	0.107095584
123801	1176	0.10709558
123801	2234	0.10709557
123801	2936	0.10709557
123801	3892	0.10709557
123801	4246	0.10709557
123801	4348	0.10709557
123825	1626	0.1228565
123825	3468	0.12285649
123825	3544	0.122856475
123825	3738	0.122856475
123825	6611	0.122856475
123825	127	0.12285647
123825	243	0.12285647
123825	1814	0.12285647
123825	4743	0.12285647
123825	6678	0.12285647
123867	1269	0.094794676
123867	2511	0.09479466
123867	3877	0.09479466
123867	4882	0.09479466
123867	5294	0.09479466
123867	3052	0.094794646
123867	2047	0.09479464
123867	31	0.09479463
123867	982	0.09470756
123867	1045	0.09470755
123981	269	0.11368856
123981	1311	0.11368854
123981	1794	0.11368854
123981	2709	0.11368854
123981	4172	0.11368854
123981	6356	0.11368854
123981	6472	0.11368854
123981	6698	0.11368854
123981	797	0.113688536
123981	3965	0.113688536
123988	558	0.11385612
123988	726	0.11385612
123988	1287	0.11385612
123988	4814	0.113856114
123988	561	0.11385611
123988	1676	0.11385611
123988	1704	0.11385611
123988	5617	0.11385611
123988	5565	0.1138561
123988	842	0.11385609
124048	4147	0.0926615
124048	6001	0.0926615
124048	2756	0.092661485
124048	3257	0.092661485
124048	5047	0.092661485
124048	6138	0.092661485
124048	6498	0.092661485
124048	1241	0.09266148
124048	6045	0.09266148
124048	6758	0.09266148
124066	546	0.11764318
124066	733	0.11764318
124066	1833	0.11764318
124066	2687	0.11764318
124066	3710	0.11764318
124066	5150	0.11764318
124066	6763	0.11764318
124066	259	0.11764317
124066	1668	0.11764317
124066	1823	0.11764317
124078	1034	0.11705507
124078	463	0.117055066
124078	1031	0.117055066
124078	6346	0.117055066
124078	2923	0.11705506
124078	6099	0.11705506
124078	2964	0.11705505
124078	3796	0.11705505
124078	4687	0.11705505
124078	483	0.11705504
124079	6714	0.09387398
124079	1396	0.093873926
124079	4585	0.09387392
124079	1812	0.09338641
124079	5043	0.09338641
124079	5448	0.09338641
124079	5485	0.09338641
124079	1089	0.093386404
124079	71	0.0933864
124079	306	0.0933864
124175	4876	0.10137935
124175	2000	0.10137934
124175	3237	0.101379335
124175	3698	0.101379335
124175	209	0.10108389
124175	3423	0.101083845
124175	4161	0.100884266
124175	4688	0.100884244
124175	1273	0.10088423
124175	2237	0.10088423
124207	422	0.10070984
124207	504	0.10070984
124207	1743	0.10070984
124207	2696	0.10070984
124207	3600	0.10070984
124207	3624	0.10070984
124207	5015	0.10070984
124207	5632	0.10070984
124207	298	0.10070983
124207	798	0.10070983
124259	3046	0.10874133
124259	6474	0.10874131
124259	1960	0.10795551
124259	3627	0.10795551
124259	4417	0.10795551
124259	5008	0.107955486
124259	5205	0.10795547
124259	6228	0.107955456
124259	982	0.10787073
124259	1045	0.1078707
124298	3176	0.11941285
124298	1851	0.11941284
124298	279	0.11941283
124298	4666	0.11941282
124298	432	0.11941281
124298	2362	0.11941281
124298	1769	0.1194128
124298	2948	0.119412795
124298	3420	0.119412795
124298	4450	0.119412795
124310	4202	0.098249316
124310	1440	0.09824931
124310	2090	0.0982493
124310	1087	0.09824929
124310	3697	0.09824929
124310	5613	0.09824929
124310	6221	0.09824929
124310	6886	0.09824929
124310	4468	0.09824928
124310	5675	0.09824928
124322	2860	0.1194735
124322	631	0.11947349
124322	3161	0.11947349
124322	2018	0.11947348
124322	3317	0.11947347
124322	4291	0.11947347
124322	4669	0.11947347
124322	4824	0.11947347
124322	5871	0.11947347
124322	5920	0.11947347
124363	170	0.10133203
124363	611	0.101332024
124363	1446	0.10133202
124363	169	0.10133201
124363	1612	0.10133201
124363	1707	0.10133201
124363	884	0.101332
124363	2398	0.101332
124363	7	0.101331994
124363	3221	0.101331994
124474	3184	0.13465561
124474	1589	0.1346556
124474	3150	0.1346556
124474	4114	0.1346556
124474	4538	0.1346556
124474	4946	0.1346556
124474	5556	0.1346556
124474	6151	0.1346556
124474	1063	0.13465558
124474	1469	0.13465558
124487	3327	0.13726318
124487	294	0.13726315
124487	1852	0.13726315
124487	4154	0.13726315
124487	4239	0.13726315
124487	5965	0.13726315
124487	6502	0.13726315
124487	2278	0.13726313
124487	4835	0.13726313
124487	4920	0.13726313
124488	3327	0.12730823
124488	4154	0.12730822
124488	4239	0.12730822
124488	4835	0.12730822
124488	1852	0.1273082
124488	83	0.12730819
124488	174	0.12730819
124488	253	0.12730819
124488	1379	0.12730819
124488	1524	0.12730819
124597	2867	0.11550583
124597	5254	0.1155058
124597	2513	0.11550579
124597	4501	0.11550579
124597	4840	0.11503084
124597	338	0.115030825
124597	5517	0.11503081
124597	5867	0.1150308
124597	6385	0.1150308
124597	334	0.115030795
124688	631	0.121052995
124688	3161	0.121052995
124688	2860	0.12105299
124688	6339	0.12105299
124688	2018	0.12105298
124688	4291	0.12105298
124688	5871	0.12105298
124688	5920	0.12105298
124688	132	0.12105297
124688	598	0.12105297
124720	3059	0.10882771
124720	4342	0.10882771
124720	79	0.1088277
124720	1624	0.108827695
124720	2728	0.108827695
124720	4175	0.108827695
124720	4177	0.108827695
124720	4273	0.108827695
124720	5122	0.108827695
124720	6532	0.108827695
124732	1266	0.10689698
124732	3578	0.106896974
124732	903	0.10689697
124732	3110	0.10689697
124732	489	0.10689695
124732	650	0.10689695
124732	1503	0.10689695
124732	2371	0.10689695
124732	2428	0.10689695
124732	2554	0.10689695
124747	3506	0.11355376
124747	4087	0.11355375
124747	5105	0.11355375
124747	6216	0.11355375
124747	282	0.11355374
124747	337	0.11355373
124747	457	0.11355373
124747	883	0.11355373
124747	1066	0.11355373
124747	4071	0.11355373
124769	2064	0.087540455
124769	3336	0.08754045
124769	4305	0.08754045
124769	5793	0.08754045
124769	1782	0.08754043
124769	1821	0.08754043
124769	258	0.08754042
124769	317	0.08754042
124769	1854	0.08754042
124769	2710	0.08754042
124852	3506	0.09999594
124852	5105	0.09999594
124852	282	0.099995926
124852	883	0.099995926
124852	4087	0.099995926
124852	337	0.09999592
124852	5053	0.09999592
124852	6216	0.09999592
124852	52	0.09999591
124852	457	0.09999591
124874	460	0.13018966
124874	636	0.13018966
124874	740	0.13018966
124874	5545	0.13018966
124874	1389	0.13018964
124874	1651	0.13018964
124874	1731	0.13004932
124874	193	0.1300493
124874	1207	0.1300493
124874	1709	0.1300493
124876	5499	0.11767493
124876	551	0.11767492
124876	5109	0.11767492
124876	6920	0.11767492
124876	1547	0.11767491
124876	1963	0.11767491
124876	580	0.1176749
124876	625	0.1176749
124876	2524	0.1176749
124876	2779	0.1176749
124888	45	0.11353609
124888	782	0.11353609
124888	5940	0.11353609
124888	1962	0.11353608
124888	2703	0.11353608
124888	2136	0.113536075
124888	2211	0.113536075
124888	2400	0.113536075
124888	2807	0.113536075
124888	3465	0.113536075
124915	2504	0.11203259
124915	696	0.112032585
124915	61	0.11203258
124915	410	0.11203258
124915	1578	0.11203258
124915	635	0.11203257
124915	5227	0.11203257
124915	240	0.11203256
124915	610	0.11203256
124915	964	0.11203256
124942	1231	0.12132183
124942	4526	0.12132181
124942	4816	0.12132181
124942	1725	0.121321805
124942	1693	0.1213218
124942	3566	0.1213218
124942	4311	0.1213218
124942	5551	0.1213218
124942	6760	0.1213218
124942	6918	0.1213218
124983	444	0.10775739
124983	3882	0.10775739
124983	381	0.107757375
124983	3072	0.10775736
124983	6335	0.10775736
124983	6590	0.10775736
124983	2788	0.10775735
124983	2944	0.10775735
124983	4346	0.10775735
124983	165	0.107757345
124989	5324	0.11845796
124989	5229	0.118457936
124989	3263	0.11845793
124989	5767	0.11845793
124989	2618	0.11845792
124989	5512	0.118457876
124989	3253	0.11795872
124989	3853	0.11795872
124989	4204	0.11795872
124989	5766	0.11795871
124993	3222	0.116652265
124993	367	0.116652235
124993	5006	0.11665221
124993	544	0.11665219
124993	764	0.11665219
124993	1877	0.11665218
124993	4115	0.11633144
124993	1888	0.116331436
124993	829	0.11633143
124993	2241	0.11633143
125031	320	0.10729396
125031	3743	0.107293956
125031	4014	0.107293956
125031	346	0.10729395
125031	1855	0.10729395
125031	3350	0.10729395
125031	6863	0.10729395
125031	1629	0.10729394
125031	1730	0.10729394
125031	2339	0.10729394
125039	990	0.11020452
125039	4898	0.11020452
125039	6212	0.11020452
125039	6535	0.11020452
125039	4557	0.11020451
125039	96	0.1102045
125039	785	0.1102045
125039	839	0.1102045
125039	866	0.1102045
125039	1486	0.1102045
125060	444	0.1028975
125060	3882	0.1028975
125060	6335	0.102897495
125060	381	0.10289749
125060	3072	0.10289749
125060	165	0.10289748
125060	2235	0.10289748
125060	2788	0.10289748
125060	3015	0.10289748
125060	4234	0.10289748
125063	3176	0.12547354
125063	279	0.12547353
125063	432	0.12547353
125063	1851	0.12547353
125063	2362	0.12547353
125063	1769	0.12547351
125063	4666	0.12547351
125063	2948	0.1254735
125063	3420	0.1254735
125063	4450	0.1254735
125133	3882	0.10464239
125133	444	0.104642384
125133	3072	0.10464238
125133	5438	0.10464238
125133	6335	0.10464238
125133	1182	0.10464236
125133	2235	0.10464236
125133	2788	0.10464236
125133	4234	0.10464236
125133	4346	0.10464236
125171	3681	0.09996554
125171	6315	0.09996553
125171	6074	0.09996552
125171	6300	0.09996552
125171	3238	0.099965505
125171	1692	0.0999655
125171	2544	0.0999655
125171	5	0.09996548
125171	2148	0.09996548
125171	2965	0.099965475
125203	110	0.1067802
125203	6043	0.1067802
125203	6765	0.1067802
125203	1752	0.106780194
125203	700	0.10678019
125203	2640	0.10678019
125203	6676	0.10678019
125203	2569	0.10678018
125203	2940	0.10678018
125203	3469	0.10678018
125216	1237	0.1063937
125216	2981	0.106393695
125216	6612	0.106393695
125216	3960	0.10578328
125216	4659	0.10561701
125216	3474	0.105616994
125216	6073	0.105616994
125216	4402	0.10561699
125216	2434	0.10561698
125216	5148	0.10561693
125217	2421	0.09730014
125217	2911	0.097300135
125217	1844	0.09730013
125217	4627	0.09730013
125217	6167	0.097300105
125217	2384	0.0973001
125217	6737	0.0973001
125217	5634	0.097300075
125217	1239	0.09604657
125217	3602	0.095869526
125287	2207	0.09996864
125287	1062	0.09996863
125287	1639	0.09996863
125287	188	0.09996862
125287	3394	0.09996862
125287	3851	0.09996862
125287	607	0.09996861
125287	801	0.09996861
125287	913	0.09996861
125287	2654	0.09996861
125396	4189	0.11973359
125396	714	0.11973357
125396	2322	0.11973357
125396	3946	0.11973357
125396	1903	0.11973356
125396	2518	0.11973356
125396	2821	0.11973356
125396	4444	0.11973356
125396	4665	0.11973356
125396	5662	0.11973356
125411	696	0.09827387
125411	2504	0.09827387
125411	61	0.098273866
125411	410	0.098273866
125411	635	0.09827386
125411	1550	0.09827386
125411	1578	0.09827386
125411	5250	0.09827386
125411	240	0.09827385
125411	610	0.09827385
125514	696	0.09779527
125514	2504	0.09779527
125514	410	0.097795255
125514	635	0.097795255
125514	1550	0.097795255
125514	61	0.09779525
125514	1578	0.09779525
125514	3329	0.09779525
125514	4791	0.09779525
125514	5227	0.09779525
125519	4026	0.10789527
125519	4029	0.107895255
125519	67	0.10789524
125519	93	0.10789524
125519	2545	0.10789524
125519	1068	0.10789523
125519	1688	0.10789523
125519	3361	0.10789523
125519	1505	0.107895225
125519	6900	0.107895225
125538	2794	0.10905132
125538	2093	0.108653754
125538	5337	0.108653724
125538	607	0.10788235
125538	2207	0.10788235
125538	6685	0.10788235
125538	1062	0.10788234
125538	801	0.107882336
125538	2143	0.107882336
125538	2653	0.107882336
125692	4026	0.109769344
125692	971	0.10976933
125692	2545	0.10976932
125692	4029	0.10976932
125692	67	0.109769315
125692	93	0.109769315
125692	1068	0.109769315
125692	3361	0.109769315
125692	1688	0.10976931
125692	3074	0.10976931
125701	3327	0.11530709
125701	4154	0.11530707
125701	4835	0.11530707
125701	294	0.11530706
125701	1852	0.11530706
125701	2278	0.11530706
125701	4920	0.11530706
125701	5046	0.11530706
125701	4133	0.115307055
125701	4239	0.115307055
125736	3630	0.093840584
125736	3703	0.09384057
125736	5174	0.09384056
125736	6618	0.09384056
125736	1134	0.093840554
125736	4102	0.093840554
125736	4586	0.093840554
125736	5593	0.093840554
125736	1958	0.09384055
125736	6042	0.09384055
125779	5895	0.14549023
125779	5376	0.14549018
125779	3316	0.14549015
125779	4911	0.14549014
125779	5251	0.14549014
125779	2033	0.14519602
125779	2594	0.14519599
125779	3747	0.14478943
125779	5893	0.14478943
125779	6344	0.14478943
125808	3882	0.10612829
125808	444	0.10612828
125808	381	0.106128275
125808	6335	0.106128275
125808	2788	0.10612826
125808	3015	0.10612826
125808	3072	0.10612826
125808	4234	0.10612826
125808	6590	0.10612826
125808	2235	0.10612825
125878	6307	0.110728666
125878	3341	0.11072865
125878	3810	0.110728644
125878	5636	0.110728644
125878	62	0.11072864
125878	2492	0.11072864
125878	3310	0.11072864
125878	5162	0.11072864
125878	5216	0.11072864
125878	6790	0.11072864
125892	110	0.124584705
125892	6765	0.124584705
125892	700	0.1245847
125892	6043	0.1245847
125892	2640	0.12458469
125892	1752	0.12458468
125892	6676	0.12458468
125892	1159	0.124584675
125892	2179	0.124584675
125892	2569	0.124584675
125928	303	0.11228323
125928	6645	0.11200671
125928	5991	0.11200669
125928	2224	0.111643575
125928	2230	0.11164357
125928	3892	0.11164356
125928	4183	0.11164356
125928	1576	0.11164355
125928	3505	0.11164355
125928	3582	0.11164355
126053	110	0.11927563
126053	1752	0.11927563
126053	6043	0.11927563
126053	6765	0.11927563
126053	700	0.119275615
126053	2640	0.119275615
126053	6676	0.119275615
126053	2569	0.11927561
126053	5572	0.11927561
126053	1159	0.1192756
126072	444	0.117547974
126072	3882	0.117547974
126072	381	0.11754796
126072	6335	0.11754795
126072	2788	0.117547944
126072	3072	0.117547944
126072	4346	0.117547944
126072	6590	0.117547944
126072	2944	0.11754794
126072	4234	0.11754794
126149	3039	0.11761332
126149	5163	0.11761332
126149	485	0.117613316
126149	2214	0.117613316
126149	2292	0.117613316
126149	6680	0.117613316
126149	75	0.11761331
126149	1264	0.1176133
126149	2215	0.1176133
126149	3597	0.1176133
126196	444	0.126272
126196	3882	0.126272
126196	381	0.12627198
126196	2235	0.12627196
126196	2788	0.12627196
126196	2944	0.12627196
126196	3015	0.12627196
126196	3072	0.12627196
126196	4346	0.12627196
126196	5438	0.12627196
126232	3564	0.11592632
126232	2107	0.115926296
126232	1602	0.11592628
126232	5048	0.11592628
126232	4193	0.115926266
126232	5441	0.115926266
126232	6154	0.115926266
126232	5044	0.11592626
126232	6908	0.11592626
126232	3333	0.11592625
126240	5121	0.11637838
126240	815	0.11637835
126240	1951	0.11637834
126240	2782	0.11613877
126240	1398	0.11613876
126240	3559	0.11613876
126240	1541	0.11613875
126240	1095	0.11613874
126240	1616	0.11613874
126240	2356	0.11613874
126296	110	0.12418511
126296	700	0.1241851
126296	6043	0.1241851
126296	6765	0.1241851
126296	2569	0.12418509
126296	2640	0.12418509
126296	6676	0.12418509
126296	1752	0.124185085
126296	3469	0.124185085
126296	4989	0.124185085
126298	4175	0.115008265
126298	5122	0.115008265
126298	1624	0.11500826
126298	79	0.11500825
126298	168	0.11500825
126298	2659	0.11500825
126298	3059	0.11500825
126298	4273	0.11500825
126298	4342	0.11500825
126298	4525	0.11500825
126388	2214	0.1322245
126388	75	0.13222449
126388	3039	0.13222449
126388	5163	0.13222449
126388	6680	0.13222449
126388	485	0.13222447
126388	975	0.13222447
126388	1081	0.13222447
126388	1496	0.13222447
126388	1521	0.13222447
126395	5453	0.11333418
126395	3247	0.113334164
126395	250	0.11333415
126395	3251	0.11333415
126395	3861	0.11333415
126395	6701	0.11333415
126395	6726	0.11333415
126395	6609	0.11333414
126395	399	0.113334134
126395	1842	0.113334134
126487	4840	0.117988445
126487	5867	0.11798844
126487	5517	0.11798843
126487	338	0.11798842
126487	6385	0.11798842
126487	334	0.11798841
126487	1286	0.11798841
126487	3175	0.11798841
126487	3445	0.11798841
126487	6402	0.11798841
126492	5795	0.1471331
126492	3399	0.14713308
126492	5864	0.14713308
126492	6740	0.14713308
126492	176	0.14713307
126492	440	0.14713307
126492	1380	0.14713305
126492	2335	0.14713305
126492	5276	0.14713305
126492	777	0.14713304
126585	3184	0.10699329
126585	4114	0.10699327
126585	4812	0.106993265
126585	380	0.10699326
126585	1063	0.10699326
126585	1589	0.10699326
126585	3910	0.10699326
126585	4538	0.10699326
126585	4946	0.10699326
126585	5556	0.10699326
126604	2752	0.110595606
126604	3018	0.1105956
126604	4293	0.1105956
126604	5558	0.1105956
126604	6341	0.1105956
126604	628	0.11059559
126604	2669	0.11059559
126604	2803	0.11059559
126604	3978	0.11059559
126604	1143	0.110595584
126693	3222	0.10658201
126693	367	0.10658199
126693	5006	0.10658198
126693	544	0.10658197
126693	764	0.10658197
126693	1877	0.10658195
126693	829	0.10623519
126693	1888	0.10623519
126693	4115	0.10623519
126693	2241	0.10623518
126697	3982	0.098403096
126697	5481	0.09840309
126697	6027	0.09840308
126697	6896	0.09840308
126697	2263	0.098403074
126697	1010	0.09840307
126697	2109	0.09840307
126697	2300	0.09840307
126697	2642	0.09840307
126697	3392	0.09840307
126726	110	0.10111693
126726	6765	0.10111693
126726	6043	0.101116925
126726	6676	0.10111692
126726	1144	0.10111691
126726	1752	0.10111691
126726	2569	0.10111691
126726	2640	0.10111691
126726	2940	0.10111691
126726	4720	0.10111691
126736	4224	0.12423326
126736	3502	0.12423325
126736	3874	0.12423325
126736	5262	0.12423325
126736	1915	0.124233246
126736	5964	0.12423324
126736	1340	0.12423323
126736	1344	0.12423323
126736	2336	0.12423323
126736	2632	0.12423323
126803	4873	0.10466078
126803	4140	0.103608295
126803	3474	0.10327719
126803	4659	0.10327718
126803	6073	0.10327718
126803	2434	0.10327717
126803	4402	0.103277154
126803	5148	0.10327709
126803	3609	0.10315123
126803	2092	0.10300316
126810	259	0.12661418
126810	733	0.12661417
126810	944	0.12661417
126810	1387	0.12661417
126810	1618	0.12661417
126810	2687	0.12661417
126810	3710	0.12661417
126810	4695	0.12661417
126810	4907	0.12661417
126810	5150	0.12661417
126812	1444	0.1026299
126812	5505	0.1026299
126812	6316	0.10262989
126812	5916	0.102629885
126812	6785	0.102629885
126812	1338	0.10262987
126812	2579	0.10262987
126812	5387	0.10262986
126812	87	0.10173616
126812	2652	0.10173616
126814	2531	0.1292322
126814	3244	0.12923218
126814	2898	0.12923215
126814	4580	0.12923215
126814	3272	0.1283972
126814	1170	0.12765414
126814	1038	0.12765412
126814	5269	0.12765412
126814	873	0.1276541
126814	874	0.1276541
126824	3500	0.09755927
126824	5297	0.09755925
126824	1487	0.09755924
126824	4061	0.09755923
126824	2037	0.09755921
126824	2214	0.09755244
126824	2292	0.09755243
126824	3039	0.09755243
126824	5163	0.09755243
126824	6680	0.09755243
126827	1030	0.095692135
126827	437	0.09569213
126827	4344	0.09569213
126827	5066	0.09569213
126827	6454	0.09569213
126827	4977	0.09569212
126827	651	0.09569211
126827	1648	0.09569211
126827	3073	0.09569211
126827	4101	0.09569211
126860	72	0.11102989
126860	2509	0.111029886
126860	6237	0.111029886
126860	523	0.11102988
126860	812	0.11102988
126860	3727	0.11102988
126860	5856	0.11102987
126860	1282	0.11102986
126860	1426	0.11102986
126860	2882	0.11102986
126903	444	0.10552102
126903	3882	0.10552102
126903	6335	0.10552101
126903	381	0.105521
126903	2788	0.10552099
126903	2944	0.10552099
126903	3072	0.10552099
126903	4346	0.10552099
126903	6590	0.10552099
126903	165	0.105520986
126907	6001	0.13269356
126907	4147	0.13269354
126907	1241	0.13269353
126907	2756	0.13269353
126907	3257	0.13269353
126907	3801	0.13269353
126907	5047	0.13269353
126907	6498	0.13269353
126907	2758	0.13269351
126907	6045	0.13269351
126985	3018	0.106038876
126985	2752	0.10603887
126985	3916	0.10603887
126985	4293	0.10603887
126985	5558	0.10603887
126985	6341	0.10603887
126985	628	0.10603886
126985	2803	0.10603886
126985	3978	0.10603886
126985	4403	0.10603886
127024	3327	0.11511974
127024	4154	0.11511972
127024	1852	0.11511971
127024	4133	0.11511971
127024	4835	0.11511971
127024	4920	0.11511971
127024	5965	0.11511971
127024	294	0.1151197
127024	4239	0.1151197
127024	83	0.115119696
127036	3053	0.118560076
127036	4236	0.118560046
127036	4623	0.11856003
127036	4844	0.1179531
127036	4452	0.11795309
127036	4547	0.11795309
127036	2941	0.11795308
127036	2841	0.11795307
127036	4942	0.11795307
127036	1950	0.11795306
127049	1023	0.13371447
127049	4221	0.13371444
127049	994	0.13371441
127049	1731	0.13364516
127049	1207	0.13364515
127049	1709	0.13364515
127049	2983	0.13364515
127049	3234	0.13364515
127049	4197	0.13364515
127049	6887	0.13364515
127113	4780	0.11794909
127113	683	0.11794908
127113	1180	0.11794907
127113	1189	0.11794907
127113	2432	0.11794907
127113	6438	0.11794907
127113	6163	0.11794906
127113	4058	0.11794905
127113	3425	0.117949046
127113	2187	0.117949024
127122	688	0.10717579
127122	6488	0.10717579
127122	134	0.10717578
127122	2164	0.10717578
127122	2173	0.10717578
127122	3217	0.10717578
127122	1233	0.107175775
127122	1739	0.107175775
127122	5416	0.107175775
127122	1341	0.10717577
127129	1422	0.0902126
127129	77	0.09021259
127129	2870	0.09021258
127129	3729	0.090212576
127129	4338	0.090212576
127129	4677	0.09021257
127129	4339	0.090212524
127129	2064	0.08982058
127129	3336	0.08982058
127129	5793	0.08982058
127131	1009	0.12826547
127131	1879	0.12826547
127131	6536	0.12826547
127131	4434	0.12826546
127131	4579	0.12826546
127131	5574	0.12826546
127131	6060	0.12826546
127131	10	0.12826544
127131	822	0.12826544
127131	845	0.12826544
127168	4751	0.09742789
127168	5629	0.09742788
127168	1302	0.09742787
127168	1174	0.09742786
127168	1185	0.09742786
127168	2326	0.09742786
127168	2888	0.09742786
127168	3525	0.09742786
127168	5140	0.09742786
127168	789	0.09742785
127171	1034	0.11540358
127171	1031	0.11540356
127171	6346	0.11540356
127171	463	0.11540355
127171	2307	0.11540355
127171	3796	0.11540355
127171	5036	0.11540355
127171	5790	0.11540355
127171	2008	0.11540354
127171	2923	0.11540354
127190	1531	0.10673073
127190	4884	0.10673073
127190	5146	0.10673071
127190	5648	0.10673071
127190	2551	0.1067307
127190	4799	0.1067307
127190	4979	0.1067307
127190	6464	0.1067307
127190	3741	0.10673069
127190	4329	0.10673069
127200	730	0.08419068
127200	2372	0.08419066
127200	4284	0.08419065
127200	456	0.08340995
127200	1401	0.083409935
127200	4573	0.083409935
127200	1102	0.08340992
127200	3456	0.083409905
127200	4017	0.08340989
127200	4739	0.08340989
127203	2154	0.13565251
127203	4914	0.13565251
127203	6656	0.13565248
127203	1638	0.13565244
127203	2446	0.13350925
127203	2421	0.1318461
127203	2911	0.1318461
127203	1844	0.13184607
127203	4627	0.13184607
127203	2384	0.13184604
127233	5405	0.09487719
127233	1532	0.09487718
127233	3909	0.09487718
127233	6217	0.09487718
127233	6782	0.094877176
127233	3159	0.09487717
127233	5733	0.09487717
127233	1162	0.09487716
127233	4978	0.09487715
127233	778	0.09398241
127359	170	0.10846625
127359	169	0.108466245
127359	1446	0.108466245
127359	611	0.10846624
127359	1612	0.10846624
127359	1707	0.10846624
127359	7	0.10846623
127359	884	0.10846623
127359	6759	0.10846623
127359	2398	0.10846622
127384	982	0.09708125
127384	4370	0.09708124
127384	6250	0.09708124
127384	260	0.09708123
127384	1045	0.09708123
127384	1853	0.09708122
127384	2301	0.09708122
127384	4673	0.097081214
127384	5191	0.097081214
127384	5836	0.097081214
127389	5288	0.094636425
127389	6720	0.094636425
127389	324	0.09463641
127389	5432	0.0946364
127389	194	0.09394623
127389	1096	0.09394622
127389	5334	0.09394622
127389	1807	0.09394621
127389	3957	0.09394621
127389	1483	0.0939462
127404	3184	0.10741186
127404	4114	0.10741185
127404	4538	0.10741185
127404	4812	0.10741185
127404	4946	0.10741185
127404	380	0.10741184
127404	3910	0.10741184
127404	1063	0.10741183
127404	1589	0.10741183
127404	1882	0.10741183
127417	6126	0.09977141
127417	5461	0.09906714
127417	3895	0.0990671
127417	6766	0.0990671
127417	97	0.09906709
127417	6892	0.09906709
127417	6619	0.099067084
127417	702	0.09906708
127417	1104	0.09906708
127417	6053	0.09906708
127432	444	0.10597267
127432	3882	0.10597267
127432	6335	0.10597266
127432	381	0.10597265
127432	2788	0.10597265
127432	3072	0.10597265
127432	4346	0.10597265
127432	5438	0.10597265
127432	6590	0.10597265
127432	2235	0.10597264
127438	769	0.11914012
127438	6494	0.1191349
127438	6711	0.1191349
127438	4081	0.11913489
127438	2793	0.11913488
127438	2389	0.119134866
127438	4076	0.119134866
127438	2588	0.11913486
127438	2818	0.11913486
127438	3857	0.11913485
127481	539	0.13023049
127481	1579	0.13023049
127481	2269	0.13023049
127481	2880	0.13023049
127481	3286	0.13023049
127481	4433	0.13023049
127481	2354	0.13023047
127481	2465	0.13023047
127481	5696	0.13023047
127481	1504	0.13023046
127564	1030	0.10613765
127564	437	0.10613764
127564	4344	0.10613763
127564	4977	0.10613763
127564	6454	0.10613763
127564	5066	0.106137626
127564	34	0.10613762
127564	651	0.10613762
127564	1648	0.10613762
127564	3073	0.10613762
127621	259	0.09504495
127621	733	0.09504495
127621	2001	0.09504495
127621	4695	0.09504495
127621	4907	0.09504495
127621	4968	0.09504495
127621	546	0.09504494
127621	648	0.09504494
127621	944	0.09504494
127621	1387	0.09504494
127648	770	0.11613947
127648	1840	0.11613947
127648	3353	0.11613947
127648	3552	0.11613947
127648	4685	0.11613947
127648	24	0.116139464
127648	311	0.116139464
127648	2726	0.116139464
127648	3063	0.116139464
127648	4544	0.116139464
127782	2357	0.11354467
127782	4703	0.11354467
127782	5792	0.11354467
127782	1303	0.11354466
127782	1873	0.11354466
127782	4936	0.11354466
127782	6428	0.11354465
127782	513	0.11354464
127782	2549	0.11354464
127782	2834	0.11354464
127826	1626	0.10963191
127826	3468	0.10963189
127826	416	0.10963188
127826	6611	0.10963188
127826	127	0.10963187
127826	243	0.10963187
127826	3738	0.10963187
127826	5525	0.10963187
127826	1814	0.109631866
127826	4743	0.109631866
127893	2782	0.11629331
127893	1398	0.116293296
127893	1541	0.116293296
127893	672	0.11629329
127893	1616	0.11629329
127893	3559	0.11629329
127893	1816	0.11629328
127893	1820	0.11629328
127893	2176	0.11629328
127893	2356	0.11629328
127914	3114	0.11587362
127914	1772	0.11587361
127914	2701	0.11587356
127914	1501	0.115760475
127914	1937	0.11576046
127914	538	0.115760446
127914	1545	0.115760446
127914	1659	0.11576044
127914	1916	0.11576043
127914	302	0.11576042
127970	4228	0.10951073
127970	2034	0.10951071
127970	4685	0.10951071
127970	5758	0.10951071
127970	311	0.109510705
127970	770	0.109510705
127970	1840	0.109510705
127970	2726	0.109510705
127970	3063	0.109510705
127970	3552	0.109510705
128014	6698	0.107917696
128014	269	0.10791769
128014	797	0.10791768
128014	2709	0.10791768
128014	3965	0.10791768
128014	6356	0.10791768
128014	6472	0.10791768
128014	6903	0.10791768
128014	249	0.107917674
128014	1311	0.107917674
128033	5795	0.10349779
128033	176	0.10349778
128033	5864	0.10349778
128033	6740	0.10349777
128033	440	0.103497766
128033	675	0.10349776
128033	2335	0.10349776
128033	2516	0.10349776
128033	2692	0.10349776
128033	3399	0.10349776
128040	4659	0.100943945
128040	4402	0.10094393
128040	2434	0.10094392
128040	3474	0.10094392
128040	6073	0.10094392
128040	5148	0.10094386
128040	1259	0.10074088
128040	6716	0.10074088
128040	50	0.100740865
128040	879	0.100740865
128045	2269	0.10597786
128045	3286	0.10597786
128045	539	0.10597785
128045	1579	0.10597785
128045	2465	0.10597785
128045	2880	0.10597785
128045	4433	0.10597785
128045	5242	0.10597785
128045	5696	0.10597785
128045	2354	0.10597784
128060	3457	0.09698333
128060	5918	0.09698333
128060	2776	0.09698331
128060	5618	0.09698331
128060	6184	0.09698331
128060	341	0.096983306
128060	831	0.0969833
128060	3897	0.096983284
128060	3376	0.09698327
128060	3403	0.09571144
128085	3327	0.10208379
128085	294	0.10208377
128085	2278	0.102083765
128085	4154	0.102083765
128085	4835	0.102083765
128085	83	0.10208376
128085	1852	0.10208376
128085	2035	0.10208376
128085	3132	0.10208376
128085	4133	0.10208376
128119	696	0.11896599
128119	61	0.11896598
128119	410	0.11896598
128119	2504	0.11896598
128119	635	0.11896597
128119	1550	0.11896597
128119	1901	0.11896597
128119	3329	0.11896597
128119	4187	0.11896597
128119	5227	0.11896597
128122	5453	0.12655863
128122	3247	0.12655862
128122	250	0.1265586
128122	3861	0.1265586
128122	6609	0.1265586
128122	6701	0.1265586
128122	6726	0.1265586
128122	345	0.12655859
128122	399	0.12655859
128122	1842	0.12655859
128208	2755	0.10324097
128208	4919	0.10324097
128208	1236	0.10324095
128208	1927	0.10324095
128208	6306	0.10324095
128208	715	0.10324094
128208	1394	0.10324094
128208	2725	0.10324094
128208	3229	0.10324094
128208	4332	0.10324094
128214	696	0.10446014
128214	2504	0.104460135
128214	5227	0.10446013
128214	61	0.10446012
128214	410	0.10446012
128214	635	0.10446012
128214	964	0.10446012
128214	1550	0.10446012
128214	1578	0.10446012
128214	4156	0.10446012
128257	444	0.10379811
128257	3882	0.10379811
128257	381	0.10379809
128257	2788	0.10379809
128257	6335	0.10379809
128257	6590	0.10379809
128257	2235	0.103798084
128257	3072	0.103798084
128257	165	0.10379808
128257	3015	0.10379808
128276	3615	0.124443665
128276	6097	0.12444365
128276	1559	0.124443635
128276	2360	0.124443635
128276	5027	0.12444362
128276	6540	0.12444071
128276	1830	0.1244407
128276	6708	0.1244407
128276	1943	0.124440685
128276	5052	0.124440685
128325	2782	0.12949193
128325	1541	0.12949191
128325	1616	0.12949191
128325	378	0.1294919
128325	672	0.1294919
128325	962	0.1294919
128325	993	0.1294919
128325	1095	0.1294919
128325	1398	0.1294919
128325	1816	0.1294919
128331	3913	0.11164578
128331	2800	0.11164577
128331	3197	0.11164577
128331	3285	0.11164577
128331	5923	0.11164577
128331	388	0.111645766
128331	1539	0.111645766
128331	3550	0.111645766
128331	4438	0.111645766
128331	6446	0.111645766
128332	4026	0.099393144
128332	67	0.099393114
128332	971	0.099393114
128332	2545	0.099393114
128332	4029	0.099393114
128332	93	0.0993931
128332	1505	0.0993931
128332	1688	0.0993931
128332	3074	0.0993931
128332	3361	0.0993931
128406	3581	0.10632473
128406	3480	0.106324725
128406	6388	0.106324725
128406	232	0.10632472
128406	384	0.10632472
128406	411	0.10632472
128406	581	0.10632472
128406	732	0.10632472
128406	1436	0.10632472
128406	1512	0.10632472
128434	2808	0.120350465
128434	3939	0.12035046
128434	5382	0.12035046
128434	914	0.12035045
128434	1756	0.12035045
128434	3726	0.12035045
128434	2410	0.12035044
128434	300	0.120350435
128434	676	0.120350435
128434	2528	0.120350435
128622	1259	0.088286296
128622	6716	0.088286296
128622	50	0.08828628
128622	182	0.08828628
128622	1533	0.08828628
128622	2302	0.08828628
128622	4248	0.08828628
128622	5755	0.08828628
128622	6550	0.08828628
128622	157	0.08828627
128693	748	0.13011944
128693	788	0.13011944
128693	1425	0.13011944
128693	1552	0.13011944
128693	2481	0.13011944
128693	2842	0.13011944
128693	2949	0.13011944
128693	3765	0.13011944
128693	6331	0.13011944
128693	101	0.13011943
128696	3917	0.118870854
128696	6122	0.11887085
128696	2494	0.11887084
128696	6382	0.11887084
128696	6808	0.11887084
128696	3919	0.11887083
128696	5258	0.11887083
128696	340	0.118870825
128696	2016	0.118870825
128696	2169	0.118870825
128732	269	0.13357988
128732	1311	0.13357988
128732	2709	0.13357988
128732	6356	0.13357988
128732	249	0.13357987
128732	1794	0.13357987
128732	3965	0.13357987
128732	4172	0.13357987
128732	4308	0.13357987
128732	6472	0.13357987
128790	5870	0.1119114
128790	5704	0.11191139
128790	2903	0.11191135
128790	5803	0.11191131
128790	1124	0.1116226
128790	3605	0.1116226
128790	3869	0.1116226
128790	4422	0.1116226
128790	6414	0.1116226
128790	2740	0.111622594
128915	3327	0.11730364
128915	4154	0.11730362
128915	4835	0.11730361
128915	6502	0.11730361
128915	294	0.1173036
128915	2278	0.1173036
128915	4920	0.1173036
128915	5046	0.1173036
128915	83	0.117303595
128915	1852	0.117303595
128962	2214	0.10890521
128962	2292	0.10890521
128962	3039	0.10890521
128962	5163	0.10890521
128962	6680	0.10890521
128962	75	0.1089052
128962	485	0.1089052
128962	2215	0.1089052
128962	5147	0.1089052
128962	6786	0.1089052
129008	194	0.12829712
129008	3957	0.1282971
129008	5334	0.1282971
129008	1096	0.12829709
129008	1483	0.12829709
129008	2887	0.12829709
129008	1807	0.12829708
129008	3014	0.12829708
129008	6080	0.12829708
129008	728	0.12829706
129084	1270	0.09093316
129084	4448	0.090579085
129084	528	0.09057908
129084	3930	0.09057908
129084	2417	0.09057907
129084	1334	0.09057906
129084	5265	0.089787066
129084	5679	0.089787066
129084	5172	0.08978706
129084	519	0.08978705
129338	6430	0.11227731
129338	3271	0.11227727
129338	5020	0.11227725
129338	5716	0.112277225
129338	6731	0.11227722
129338	780	0.11227721
129338	485	0.11212874
129338	2214	0.11212874
129338	3039	0.11212874
129338	5163	0.11212874
129358	4997	0.13007727
129358	3386	0.12942992
129358	4996	0.12942983
129358	2455	0.12869667
129358	4435	0.12869665
129358	5932	0.12869662
129358	5446	0.12834279
129358	1605	0.12834276
129358	6240	0.12834276
129358	6764	0.12834276
129368	2684	0.09830174
129368	4100	0.09830174
129368	3619	0.09830173
129368	4036	0.09830173
129368	436	0.09830172
129368	719	0.09830172
129368	1169	0.09830172
129368	1383	0.09830172
129368	4025	0.09830172
129368	4745	0.09830172
129373	79	0.10886116
129373	1624	0.10886116
129373	4273	0.108861156
129373	251	0.10886115
129373	3059	0.10886115
129373	4175	0.10886115
129373	168	0.10886114
129373	2728	0.10886114
129373	4342	0.10886114
129373	5122	0.10886114
129389	87	0.09880914
129389	2652	0.09880914
129389	4258	0.09880912
129389	5620	0.09880912
129389	310	0.098809116
129389	1200	0.09880911
129389	1438	0.09880909
129389	2231	0.09880909
129389	4294	0.09880909
129389	5144	0.09880909
129393	110	0.13160962
129393	700	0.13160962
129393	6043	0.13160962
129393	6765	0.13160962
129393	1752	0.1316096
129393	2640	0.1316096
129393	1144	0.13160959
129393	1154	0.13160959
129393	1159	0.13160959
129393	1330	0.13160959
129399	730	0.08740425
129399	4284	0.08740423
129399	2372	0.08740422
129399	434	0.08713028
129399	274	0.08713027
129399	3318	0.08713026
129399	2790	0.08635554
129399	456	0.085866556
129399	4573	0.08586653
129399	1102	0.085866526
129465	3784	0.12766603
129465	3045	0.12766601
129465	3932	0.12766601
129465	3288	0.12766598
129465	5410	0.12766598
129465	6885	0.1268248
129465	528	0.12621099
129465	3930	0.12621097
129465	4448	0.12621097
129465	1334	0.12621096
129474	2886	0.09958482
129474	619	0.09958481
129474	2317	0.09958481
129474	3306	0.0995848
129474	2917	0.099307515
129474	614	0.09930751
129474	1352	0.09930751
129474	2799	0.0993075
129474	192	0.09930749
129474	1930	0.09930748
129489	3327	0.14310578
129489	294	0.14310575
129489	4154	0.14310575
129489	253	0.14310573
129489	4133	0.14310573
129489	4239	0.14310573
129489	4835	0.14310573
129489	4920	0.14310573
129489	83	0.14310572
129489	174	0.14310572
129494	1089	0.10083185
129494	1812	0.10083185
129494	5043	0.10083185
129494	5448	0.10083185
129494	690	0.10083184
129494	1872	0.10083184
129494	5485	0.10083184
129494	5537	0.10083184
129494	560	0.10083183
129494	2374	0.10083183
129503	3396	0.10711098
129503	2951	0.10711096
129503	5371	0.10711096
129503	459	0.107110955
129503	6605	0.107110955
129503	6825	0.107110955
129503	1301	0.10711095
129503	2004	0.10711095
129503	4259	0.10711095
129503	1247	0.10711094
129505	1461	0.10727899
129505	3481	0.10727899
129505	6748	0.10727897
129505	4752	0.107278965
129505	6152	0.107278965
129505	1141	0.10727896
129505	6788	0.10727895
129505	2746	0.10685868
129505	6564	0.10685867
129505	2963	0.106858656
129690	778	0.0977021
129690	4971	0.097702086
129690	1288	0.09770208
129690	1967	0.09770208
129690	5514	0.09770208
129690	5519	0.09770208
129690	466	0.09770207
129690	1633	0.09770207
129690	5442	0.09770207
129690	5546	0.09770207
129725	1569	0.10169743
129725	1716	0.101697415
129725	5875	0.101697415
129725	1460	0.1016974
129725	3142	0.1016974
129725	6657	0.1016974
129725	1556	0.10169739
129725	1492	0.101697385
129725	3128	0.101697385
129725	4751	0.10073604
129851	5105	0.09700701
129851	282	0.09700699
129851	3506	0.09700699
129851	337	0.097006984
129851	883	0.097006984
129851	4087	0.097006984
129851	4545	0.097006984
129851	5053	0.097006984
129851	52	0.09700698
129851	1066	0.09700698
129883	1731	0.11858584
129883	193	0.118585825
129883	744	0.118585825
129883	1207	0.118585825
129883	1709	0.118585825
129883	2983	0.118585825
129883	2997	0.118585825
129883	1918	0.11858582
129883	3366	0.11858582
129883	3714	0.11858582
130166	6716	0.11172232
130166	50	0.111722305
130166	182	0.111722305
130166	5755	0.111722305
130166	157	0.1117223
130166	879	0.11172229
130166	1533	0.11172229
130166	1909	0.11172229
130166	2430	0.11172229
130166	2742	0.11172229
130168	3327	0.10267657
130168	4154	0.10267657
130168	83	0.102676556
130168	294	0.102676556
130168	2278	0.102676556
130168	4239	0.102676556
130168	4835	0.102676556
130168	5046	0.102676556
130168	1524	0.10267655
130168	4133	0.10267655
130258	607	0.10473641
130258	6685	0.10473641
130258	188	0.1047364
130258	801	0.1047364
130258	913	0.1047364
130258	1062	0.1047364
130258	1639	0.1047364
130258	2653	0.1047364
130258	2654	0.1047364
130258	3193	0.1047364
130438	170	0.09078822
130438	169	0.090788215
130438	7	0.0907882
130438	611	0.0907882
130438	884	0.0907882
130438	1446	0.0907882
130438	1707	0.0907882
130438	3221	0.0907882
130438	6759	0.0907882
130438	1612	0.09078819
130474	2134	0.097947165
130474	545	0.09794714
130474	3303	0.09794714
130474	5887	0.09794714
130474	1307	0.097947136
130474	1720	0.097947136
130474	2553	0.097947136
130474	3051	0.097947136
130474	3859	0.097947136
130474	5422	0.097947136
130482	5461	0.10120517
130482	3895	0.101205155
130482	6766	0.10120514
130482	97	0.10120513
130482	6619	0.10120513
130482	702	0.101205125
130482	6892	0.101205125
130482	6053	0.10120512
130482	6096	0.10120512
130482	1104	0.10120511
130502	546	0.11820701
130502	648	0.11820701
130502	733	0.11820701
130502	1833	0.11820701
130502	2687	0.11820701
130502	3710	0.11820701
130502	4206	0.11820701
130502	4695	0.11820701
130502	5150	0.11820701
130502	5802	0.11820701
130543	6663	0.100695536
130543	1430	0.10069553
130543	1248	0.10069552
130543	2403	0.10069552
130543	5559	0.100695506
130543	114	0.1006955
130543	1188	0.1006955
130543	2738	0.1006955
130543	171	0.10069549
130543	3701	0.10069549
130570	688	0.12375938
130570	3217	0.12375937
130570	1739	0.12375936
130570	2173	0.12375936
130570	2340	0.12375936
130570	2423	0.12375936
130570	6488	0.12375936
130570	1233	0.12375935
130570	1341	0.12375935
130570	1620	0.12375935
130571	320	0.10595068
130571	1855	0.10595068
130571	346	0.105950676
130571	1567	0.105950676
130571	2339	0.105950676
130571	3743	0.105950676
130571	4014	0.105950676
130571	6334	0.105950676
130571	6863	0.105950676
130571	159	0.10595067
130581	3743	0.11577823
130581	4014	0.11577823
130581	6863	0.11577823
130581	320	0.11577822
130581	346	0.11577822
130581	1855	0.11577822
130581	2573	0.11577822
130581	3350	0.11577822
130581	3501	0.11577822
130581	755	0.115778215
130636	75	0.0896156
130636	485	0.0896156
130636	3039	0.0896156
130636	6680	0.0896156
130636	2214	0.08961559
130636	2215	0.08961559
130636	2292	0.08961559
130636	6786	0.08961559
130636	975	0.08961558
130636	1264	0.08961558
130658	320	0.112537675
130658	346	0.112537675
130658	4014	0.112537675
130658	2077	0.11253767
130658	3259	0.11253767
130658	3501	0.11253767
130658	3743	0.11253767
130658	4512	0.11253767
130658	6863	0.11253767
130658	236	0.11253766
130705	1731	0.12242744
130705	4197	0.12242744
130705	193	0.122427434
130705	1207	0.122427434
130705	1709	0.122427434
130705	1918	0.122427434
130705	2983	0.122427434
130705	3115	0.122427434
130705	3366	0.122427434
130705	3613	0.122427434
130784	4296	0.11664443
130784	2786	0.1166444
130784	4091	0.11664439
130784	6304	0.11664438
130784	5103	0.116644375
130784	3551	0.11664437
130784	4621	0.11664437
130784	5289	0.11664436
130784	3734	0.11664435
130784	6124	0.11599533
130792	4228	0.105255246
130792	770	0.10525523
130792	1840	0.10525523
130792	2034	0.10525523
130792	3353	0.10525523
130792	4225	0.10525523
130792	311	0.105255224
130792	2726	0.105255224
130792	3063	0.105255224
130792	3552	0.105255224
130837	6716	0.12049486
130837	1259	0.12049484
130837	5755	0.12049484
130837	50	0.120494835
130837	157	0.120494835
130837	6550	0.120494835
130837	182	0.12049483
130837	879	0.12049483
130837	1533	0.12049483
130837	2919	0.12049483
130847	3328	0.10959752
130847	3365	0.10959752
130847	2979	0.10959751
130847	1368	0.109597504
130847	5067	0.109597504
130847	6730	0.10959749
130847	2636	0.10942294
130847	5429	0.10898166
130847	5456	0.10898166
130847	383	0.108981654
130866	2782	0.106904104
130866	1541	0.10690409
130866	1616	0.10690409
130866	3559	0.10690409
130866	672	0.10690408
130866	5469	0.10690408
130866	1398	0.106904075
130866	1816	0.106904075
130866	2176	0.106904075
130866	2356	0.106904075
130950	3039	0.1115752
130950	5163	0.1115752
130950	6680	0.1115752
130950	2292	0.11157519
130950	75	0.111575186
130950	485	0.111575186
130950	1496	0.111575186
130950	2214	0.111575186
130950	2215	0.111575186
130950	5147	0.111575186
130961	1665	0.1166791
130961	1810	0.11667909
130961	2331	0.11667909
130961	2679	0.11667909
130961	3055	0.11667909
130961	4993	0.11667909
130961	5504	0.11667909
130961	6348	0.11667908
130961	656	0.11667907
130961	3476	0.11667906
130978	696	0.10164772
130978	2504	0.10164772
130978	61	0.101647705
130978	410	0.101647705
130978	635	0.101647705
130978	1550	0.101647705
130978	1578	0.101647705
130978	964	0.1016477
130978	4187	0.1016477
130978	5250	0.1016477
131027	1701	0.12932311
131027	5311	0.12932311
131027	904	0.1293231
131027	2052	0.1293231
131027	5298	0.1293231
131027	5649	0.1293231
131027	1127	0.12932308
131027	3464	0.12932308
131027	4380	0.12932308
131027	6028	0.12932308
131032	1844	0.10977434
131032	2911	0.10977434
131032	4627	0.10977433
131032	2384	0.109774314
131032	6167	0.10977431
131032	6737	0.10977431
131032	5634	0.10977428
131032	76	0.10886834
131032	4929	0.10886833
131032	5671	0.10886833
131046	2207	0.100828476
131046	607	0.10082846
131046	1639	0.10082846
131046	188	0.100828454
131046	801	0.100828454
131046	913	0.100828454
131046	1062	0.100828454
131046	2143	0.100828454
131046	3394	0.100828454
131046	3875	0.100828454
131099	3040	0.1246772
131099	992	0.124677196
131099	3098	0.124677196
131099	4872	0.124677196
131099	6570	0.12467719
131099	1130	0.12467718
131099	1645	0.12467718
131099	4073	0.12467718
131099	2061	0.12467715
131099	6195	0.12467715
131126	5940	0.13616283
131126	45	0.13616282
131126	782	0.13616282
131126	1962	0.13616282
131126	2136	0.13616282
131126	2703	0.13616282
131126	2807	0.13616282
131126	3465	0.13616282
131126	6309	0.13616282
131126	2400	0.1361628
131154	5940	0.10434295
131154	45	0.10434294
131154	782	0.10434294
131154	2211	0.10434294
131154	2400	0.10434294
131154	2703	0.10434294
131154	6499	0.10434294
131154	2807	0.10434293
131154	4460	0.10434293
131154	4562	0.10434293
131182	384	0.09713701
131182	581	0.09713701
131182	732	0.09713701
131182	232	0.097137004
131182	1512	0.097137004
131182	1680	0.097137004
131182	3480	0.097137004
131182	3553	0.097137004
131182	3581	0.097137004
131182	6388	0.097137004
131202	3327	0.12409338
131202	4154	0.12409338
131202	4835	0.12409337
131202	83	0.124093354
131202	1852	0.124093354
131202	2278	0.124093354
131202	4133	0.124093354
131202	4239	0.124093354
131202	4920	0.124093354
131202	5046	0.124093354
131238	4787	0.11247094
131238	2502	0.11247093
131238	3511	0.11247092
131238	4129	0.11247092
131238	4138	0.11247091
131238	6232	0.11247091
131238	5700	0.1124709
131238	3097	0.112470895
131238	3246	0.112470895
131238	6604	0.112470895
131317	3782	0.11685115
131317	4845	0.11685115
131317	1332	0.11685114
131317	1815	0.11685114
131317	4768	0.11685114
131317	6281	0.11685114
131317	478	0.116851136
131317	1122	0.116851136
131317	2244	0.116851136
131317	4053	0.116851136
131363	5870	0.11177568
131363	5704	0.11177567
131363	2903	0.11177562
131363	5803	0.11177559
131363	631	0.11125996
131363	1703	0.11125994
131363	4291	0.11125994
131363	2860	0.11125993
131363	4669	0.11125993
131363	5871	0.11125993
131402	109	0.12714416
131402	5561	0.12714416
131402	1167	0.12714414
131402	1197	0.12714414
131402	6064	0.12714414
131402	6100	0.12714414
131402	2996	0.12714413
131402	3680	0.12714413
131402	2363	0.12714411
131402	4581	0.12714411
131437	5792	0.108147144
131437	1303	0.10814714
131437	2357	0.10814714
131437	4703	0.10814714
131437	1873	0.10814713
131437	2549	0.10814713
131437	3534	0.10814712
131437	3724	0.10814712
131437	4431	0.10814712
131437	513	0.108147115
131510	4293	0.11513123
131510	5558	0.11513123
131510	6341	0.11513122
131510	2752	0.115131214
131510	3018	0.115131214
131510	3916	0.115131214
131510	2669	0.11513121
131510	628	0.1151312
131510	1143	0.1151312
131510	1745	0.1151312
131594	492	0.119704165
131594	4457	0.11970416
131594	4218	0.11970413
131594	5093	0.11970413
131594	6211	0.11970413
131594	491	0.11970412
131594	741	0.11970412
131594	5415	0.119653
131594	6595	0.11749768
131594	6136	0.117497675
131597	2134	0.110984474
131597	531	0.11098447
131597	545	0.11098446
131597	1307	0.11098446
131597	3303	0.11098446
131597	5422	0.11098446
131597	5887	0.11098445
131597	3051	0.110984445
131597	3859	0.110984445
131597	4214	0.110984445
131617	4147	0.11878517
131617	6001	0.11878517
131617	6498	0.118785165
131617	5047	0.11878516
131617	1241	0.11878514
131617	1591	0.11878514
131617	2758	0.11878514
131617	3801	0.11878514
131617	6758	0.11878514
131617	1861	0.118785135
131622	2214	0.09571883
131622	3039	0.09571883
131622	6680	0.09571882
131622	6786	0.09571882
131622	75	0.095718816
131622	474	0.095718816
131622	485	0.095718816
131622	1496	0.095718816
131622	2215	0.095718816
131622	2292	0.095718816
131655	4768	0.09964645
131655	1815	0.09964644
131655	4845	0.09964644
131655	478	0.099646434
131655	1332	0.099646434
131655	3782	0.099646434
131655	4053	0.099646434
131655	4770	0.099646434
131655	6281	0.099646434
131655	1122	0.09964643
131657	320	0.10546428
131657	346	0.10546428
131657	1629	0.10546428
131657	1855	0.10546428
131657	3743	0.10546428
131657	4162	0.10546428
131657	6863	0.10546428
131657	177	0.10546427
131657	236	0.10546427
131657	1453	0.10546427
131686	6346	0.12259592
131686	463	0.122595906
131686	1031	0.122595906
131686	1034	0.122595906
131686	2307	0.122595906
131686	2964	0.122595906
131686	3796	0.122595906
131686	3997	0.122595906
131686	4392	0.122595906
131686	4687	0.122595906
131837	5481	0.12200774
131837	3982	0.122007735
131837	6027	0.12200771
131837	6896	0.12200771
131837	1010	0.122007705
131837	2263	0.1220077
131837	6358	0.1220077
131837	2109	0.12200769
131837	2300	0.12200769
131837	2642	0.12200769
131855	786	0.15417343
131855	6655	0.15417339
131855	6745	0.15417337
131855	3165	0.15417331
131855	3563	0.15417331
131855	4418	0.15417331
131855	6185	0.15417331
131855	3162	0.15415224
131855	4421	0.15415224
131855	6268	0.15415223
131974	4884	0.1194711
131974	1531	0.11947109
131974	2551	0.11947108
131974	4650	0.11947107
131974	4799	0.11947107
131974	4979	0.11947107
131974	5146	0.11947107
131974	5648	0.11947107
131974	6464	0.11947107
131974	3741	0.11947106
132007	4203	0.121032365
132007	4080	0.121032335
132007	1604	0.1210323
132007	3772	0.1210323
132007	6494	0.12095961
132007	6711	0.1209596
132007	2793	0.12095959
132007	4081	0.12095958
132007	2818	0.120959565
132007	6712	0.120959565
132083	2230	0.10729796
132083	3892	0.10729796
132083	2224	0.10729795
132083	2407	0.10729795
132083	3313	0.10729795
132083	4183	0.10729795
132083	1176	0.10729794
132083	4348	0.10729794
132083	5814	0.10729794
132083	1576	0.107297935
132171	670	0.09645966
132171	3139	0.09645963
132171	175	0.096274376
132171	6589	0.09627436
132171	2587	0.096274346
132171	833	0.09627433
132171	2927	0.09627433
132171	3041	0.09627433
132171	359	0.096274324
132171	4238	0.09627432
132173	1609	0.12582912
132173	2112	0.1258291
132173	4264	0.1258291
132173	5035	0.1258291
132173	4926	0.12582907
132173	795	0.12582904
132173	3935	0.12582904
132173	6705	0.12582904
132173	2111	0.12582903
132173	6479	0.12582901
132188	3327	0.098126836
132188	4154	0.09812682
132188	83	0.098126814
132188	294	0.098126814
132188	1852	0.098126814
132188	2278	0.098126814
132188	4835	0.098126814
132188	4920	0.098126814
132188	5046	0.098126814
132188	2035	0.09812681
132199	1626	0.093190774
132199	3468	0.093190774
132199	127	0.09319076
132199	243	0.09319076
132199	3738	0.09319076
132199	5525	0.09319076
132199	6611	0.09319076
132199	3544	0.09319075
132199	6678	0.09319075
132199	416	0.093190745
132203	110	0.12759969
132203	700	0.12759969
132203	6043	0.12759969
132203	6765	0.12759969
132203	1752	0.12759967
132203	2640	0.12759967
132203	6676	0.12759967
132203	886	0.12759966
132203	1144	0.12759966
132203	1159	0.12759966
132282	176	0.1215576
132282	5795	0.1215576
132282	5864	0.1215576
132282	6740	0.1215576
132282	675	0.12155759
132282	3399	0.12155759
132282	440	0.12155758
132282	2335	0.12155758
132282	2516	0.12155758
132282	2692	0.12155757
132290	2782	0.10742967
132290	1398	0.10742966
132290	1616	0.10742965
132290	2176	0.10742965
132290	2356	0.10742965
132290	3559	0.10742965
132290	5469	0.10742965
132290	672	0.107429646
132290	5372	0.107429646
132290	234	0.10742964
132375	5792	0.119440205
132375	4703	0.1194402
132375	1303	0.11944019
132375	2357	0.11944019
132375	1873	0.11944018
132375	4936	0.119440176
132375	6428	0.119440176
132375	513	0.11944017
132375	2549	0.11944017
132375	2834	0.11944017
132382	2224	0.113338605
132382	2230	0.113338605
132382	2407	0.11333859
132382	3582	0.11333859
132382	3892	0.11333859
132382	4790	0.11333859
132382	1576	0.11333858
132382	3313	0.11333858
132382	4183	0.11333858
132382	1176	0.113338575
132392	2983	0.09918182
132392	193	0.099181816
132392	567	0.099181816
132392	1207	0.099181816
132392	1709	0.099181816
132392	1805	0.099181816
132392	2997	0.099181816
132392	3234	0.099181816
132392	3613	0.099181816
132392	4197	0.099181816
132572	6023	0.08357003
132572	2038	0.08323877
132572	5083	0.0831323
132572	3393	0.08293055
132572	222	0.082930535
132572	3231	0.0828321
132572	2541	0.08263035
132572	5261	0.08263034
132572	681	0.082500845
132572	5647	0.08250082
132616	2134	0.11576865
132616	531	0.11576863
132616	545	0.11576863
132616	1307	0.11576863
132616	3303	0.11576863
132616	5422	0.11576863
132616	5887	0.11576863
132616	3051	0.11576862
132616	1720	0.115768604
132616	2553	0.115768604
132624	2064	0.10411838
132624	3336	0.10411836
132624	5793	0.104118355
132624	4305	0.10411835
132624	258	0.10411833
132624	1782	0.10411833
132624	1821	0.10411833
132624	2710	0.104118325
132624	317	0.10411832
132624	1854	0.10411832
132663	95	0.084065795
132663	5695	0.08406578
132663	5133	0.08367234
132663	5326	0.083069354
132663	4522	0.082977876
132663	187	0.08297787
132663	3780	0.082958534
132663	800	0.08295853
132663	1908	0.08295852
132663	2210	0.08295852
132684	551	0.14727813
132684	5499	0.14727813
132684	6920	0.14727813
132684	1963	0.14727812
132684	5109	0.14727812
132684	8	0.1472781
132684	580	0.1472781
132684	625	0.1472781
132684	1128	0.1472781
132684	1547	0.1472781
132716	5448	0.11647695
132716	1812	0.116476946
132716	690	0.11647694
132716	1089	0.11647694
132716	5043	0.11647694
132716	5537	0.11647694
132716	4737	0.11647693
132716	5485	0.11647693
132716	1596	0.11647692
132716	1872	0.11647692
132786	4235	0.11849
132786	5834	0.118489996
132786	3407	0.11848999
132786	2905	0.11848998
132786	2316	0.118489966
132786	3428	0.118489966
132786	2349	0.11848996
132786	599	0.11747839
132786	1746	0.117147356
132786	2404	0.11690898
132836	176	0.10241179
132836	5795	0.10241179
132836	5864	0.10241179
132836	440	0.10241178
132836	6740	0.10241178
132836	675	0.10241177
132836	2516	0.10241177
132836	2692	0.10241177
132836	3399	0.10241177
132836	1380	0.10241176
132851	4898	0.11047344
132851	6212	0.11047343
132851	96	0.110473424
132851	839	0.110473424
132851	1486	0.110473424
132851	4477	0.110473424
132851	4557	0.110473424
132851	5313	0.110473424
132851	5464	0.110473424
132851	6311	0.110473424
132901	827	0.09115307
132901	4536	0.08879574
132901	6298	0.08879574
132901	4415	0.08879573
132901	1319	0.08879572
132901	6022	0.08879572
132901	89	0.088795714
132901	2498	0.088795714
132901	2567	0.088795714
132901	3147	0.088795714
132909	2214	0.112047516
132909	2292	0.112047516
132909	3039	0.112047516
132909	5163	0.112047516
132909	485	0.11204751
132909	1496	0.11204751
132909	2215	0.11204751
132909	6680	0.11204751
132909	6786	0.11204751
132909	75	0.1120475
132930	1900	0.114674255
132930	1991	0.114674255
132930	1320	0.11467424
132930	4699	0.114674225
132930	308	0.11467419
132930	1207	0.11456731
132930	1709	0.11456731
132930	2983	0.11456731
132930	2997	0.11456731
132930	193	0.1145673
132981	6779	0.10110919
132981	1926	0.10110918
132981	6784	0.10110917
132981	727	0.101109155
132981	1028	0.101109155
132981	4350	0.10110915
132981	5526	0.10110915
132981	4269	0.10110914
132981	5778	0.10110913
132981	3477	0.101109125
133041	6716	0.10094513
133041	1259	0.100945115
133041	50	0.1009451
133041	157	0.1009451
133041	182	0.1009451
133041	879	0.1009451
133041	1393	0.1009451
133041	1533	0.1009451
133041	2742	0.1009451
133041	2919	0.1009451
133166	5886	0.12033231
133166	4435	0.12001876
133166	2455	0.120018736
133166	5932	0.120018706
133166	6476	0.12001565
133166	4723	0.1197513
133166	3278	0.118502
133166	4020	0.11793143
133166	1072	0.117931426
133166	2597	0.117931426
133192	1274	0.110074595
133192	1276	0.10995938
133192	5782	0.10968076
133192	4475	0.10956562
133192	1476	0.109565556
133192	5248	0.10956554
133192	5855	0.10956554
133192	4991	0.10927825
133192	6245	0.10883594
133192	4263	0.108835936
133225	3018	0.10134297
133225	6341	0.10134297
133225	628	0.10134296
133225	2752	0.10134296
133225	3916	0.10134296
133225	3978	0.10134296
133225	4293	0.10134296
133225	4403	0.10134296
133225	5558	0.10134296
133225	2669	0.101342954
133258	1830	0.1124744
133258	6540	0.1124744
133258	6708	0.1124744
133258	721	0.11247438
133258	1943	0.11247438
133258	5052	0.11247438
133258	3527	0.11247437
133258	5995	0.11247437
133258	3439	0.11247436
133258	669	0.11247435
133284	194	0.119928636
133284	1096	0.11992862
133284	3957	0.11992861
133284	1483	0.119928606
133284	6080	0.119928606
133284	728	0.1199286
133284	1807	0.1199286
133284	5334	0.1199286
133284	2887	0.11992858
133284	3014	0.11992858
133296	2846	0.1416494
133296	3322	0.14164937
133296	3324	0.14073357
133296	5265	0.13907531
133296	5172	0.13907528
133296	5679	0.13907528
133296	519	0.13907525
133296	970	0.13907525
133296	4633	0.13907525
133296	2418	0.13907523
133416	5768	0.11656859
133416	149	0.11656858
133416	893	0.11656858
133416	3545	0.11656858
133416	26	0.11656856
133416	441	0.11656855
133416	761	0.11656855
133416	3634	0.11656855
133416	4314	0.116568536
133416	6877	0.11656853
133418	3500	0.11154297
133418	5297	0.111542955
133418	1487	0.11154295
133418	4061	0.11154292
133418	2037	0.111542895
133418	3039	0.1109973
133418	2214	0.11099729
133418	2292	0.11099729
133418	5163	0.11099729
133418	6680	0.11099729
133557	320	0.10792349
133557	1855	0.10792349
133557	3743	0.10792349
133557	346	0.107923485
133557	1567	0.107923485
133557	2339	0.107923485
133557	4014	0.107923485
133557	6863	0.107923485
133557	159	0.10792348
133557	180	0.10792348
133571	1353	0.08350777
133571	515	0.08350775
133571	6548	0.083376795
133571	5457	0.08296273
133571	1377	0.08283173
133571	170	0.08270139
133571	7	0.082701385
133571	169	0.082701385
133571	611	0.082701385
133571	1446	0.082701385
133682	1766	0.10614747
133682	5682	0.10614747
133682	5800	0.10614747
133682	172	0.106147446
133682	3681	0.10610861
133682	6315	0.106108606
133682	6074	0.10610859
133682	6300	0.10610858
133682	3238	0.10610857
133682	2544	0.10610856
133689	778	0.10803606
133689	4971	0.10803604
133689	5519	0.10803604
133689	6802	0.10803604
133689	1633	0.108036034
133689	5514	0.108036034
133689	5546	0.108036034
133689	466	0.10803603
133689	1288	0.10803603
133689	1662	0.10803603
133706	184	0.11682534
133706	5817	0.11682534
133706	118	0.116825335
133706	540	0.11682533
133706	1506	0.11682533
133706	5992	0.11682533
133706	6814	0.11682533
133706	4605	0.11682532
133706	4704	0.11682532
133706	929	0.11682531
133738	133	0.1029844
133738	2014	0.1029844
133738	473	0.10298438
133738	622	0.10298438
133738	660	0.10298437
133738	668	0.10298437
133738	1751	0.10298437
133738	2633	0.10298437
133738	3064	0.10298437
133738	6383	0.10298437
133747	1123	0.10457385
133747	4268	0.10448698
133747	4190	0.10448696
133747	4676	0.10448693
133747	6416	0.10448691
133747	1191	0.10442514
133747	1971	0.10442513
133747	6530	0.1044251
133747	5532	0.10437943
133747	124	0.104338266
133846	701	0.08737044
133846	1957	0.08737044
133846	6652	0.08737044
133846	1513	0.08737043
133846	68	0.087370425
133846	5461	0.08663474
133846	3895	0.086634725
133846	97	0.08663472
133846	6766	0.08663472
133846	6619	0.08663471
133905	4288	0.093331434
133905	5195	0.09327696
133905	3479	0.09327694
133905	5913	0.09327693
133905	6114	0.09327693
133905	1399	0.09327692
133905	1910	0.09292602
133905	2976	0.09292602
133905	4843	0.09292602
133905	1819	0.09292601
133935	5940	0.1281297
133935	45	0.12812969
133935	2703	0.12812969
133935	782	0.12812968
133935	1000	0.12812968
133935	1962	0.12812968
133935	2211	0.12812968
133935	2807	0.12812968
133935	3465	0.12812968
133935	6309	0.12812968
133957	3285	0.11406262
133957	3913	0.11406262
133957	3197	0.114062615
133957	3550	0.11406261
133957	4438	0.11406261
133957	6446	0.11406261
133957	4062	0.1140626
133957	4169	0.1140626
133957	5923	0.1140626
133957	6715	0.1140626
134005	5461	0.092326194
134005	3895	0.092326164
134005	6766	0.092326164
134005	97	0.09232615
134005	702	0.09232615
134005	6619	0.09232615
134005	6892	0.09232615
134005	6053	0.09232614
134005	1104	0.092326134
134005	6096	0.092326134
134029	829	0.117222324
134029	1888	0.117222324
134029	2241	0.117222324
134029	4115	0.11722232
134029	3325	0.117222294
134029	5681	0.117222294
134029	4330	0.11722228
134029	4631	0.11722228
134029	3858	0.117222264
134029	5453	0.11713001
134118	574	0.1174652
134118	6783	0.1174652
134118	5327	0.11746518
134118	816	0.117465176
134118	4629	0.117465176
134118	2743	0.11746517
134118	4044	0.11746517
134118	1078	0.11746516
134118	1495	0.11746516
134118	1723	0.11746516
134120	4228	0.10976356
134120	1840	0.10976355
134120	770	0.10976354
134120	4685	0.10976354
134120	24	0.10976353
134120	311	0.10976353
134120	2034	0.10976353
134120	2726	0.10976353
134120	3353	0.10976353
134120	3552	0.10976353
134225	3240	0.08982202
134225	1731	0.08975597
134225	2983	0.08975597
134225	100	0.08975595
134225	193	0.08975595
134225	1207	0.08975595
134225	1570	0.08975595
134225	1709	0.08975595
134225	1805	0.08975595
134225	3119	0.08975595
134247	1440	0.0998988
134247	4202	0.09989878
134247	6221	0.09989878
134247	1087	0.09989877
134247	1439	0.09989877
134247	2090	0.09989877
134247	3697	0.09989877
134247	4468	0.09989877
134247	4757	0.09989877
134247	5613	0.09989877
134264	3039	0.098699465
134264	485	0.09869945
134264	2214	0.09869945
134264	2292	0.09869945
134264	5163	0.09869945
134264	6680	0.09869945
134264	75	0.098699436
134264	474	0.098699436
134264	1496	0.098699436
134264	2215	0.098699436
134311	2755	0.08939387
134311	715	0.089393854
134311	1236	0.089393854
134311	1927	0.089393854
134311	3229	0.089393854
134311	4919	0.089393854
134311	5702	0.089393854
134311	6306	0.089393854
134311	2725	0.08939385
134311	4332	0.08939385
134347	2824	0.11599904
134347	2246	0.114891775
134347	6072	0.114891775
134347	6398	0.114891775
134347	6724	0.11489177
134347	3656	0.11489176
134347	5844	0.11489175
134347	3429	0.11489171
134347	714	0.11482395
134347	3946	0.11482395
134403	714	0.11476265
134403	3946	0.11476265
134403	4189	0.11476264
134403	2322	0.114762634
134403	5025	0.114762634
134403	6012	0.114762634
134403	2821	0.11476263
134403	4665	0.11476263
134403	1903	0.11476262
134403	2518	0.11476262
134434	110	0.12666637
134434	6765	0.12666637
134434	2640	0.12666635
134434	6043	0.12666635
134434	700	0.12666634
134434	1144	0.12666634
134434	1330	0.12666634
134434	1736	0.12666634
134434	1752	0.12666634
134434	2365	0.12666634
134483	4087	0.10049356
134483	5105	0.10049356
134483	3506	0.10049355
134483	282	0.10049354
134483	337	0.10049354
134483	5053	0.10049354
134483	52	0.100493535
134483	457	0.100493535
134483	3718	0.100493535
134483	4071	0.100493535
134508	5792	0.11292259
134508	2357	0.11292258
134508	1303	0.11292257
134508	1873	0.112922564
134508	3534	0.112922564
134508	4431	0.112922564
134508	4936	0.112922564
134508	6428	0.112922564
134508	2549	0.11292256
134508	3724	0.11292256
134556	1485	0.14037812
134556	878	0.1403781
134556	850	0.14037807
134556	5750	0.14037807
134556	355	0.14037806
134556	2059	0.14037806
134556	3989	0.14037806
134556	4386	0.14037806
134556	5873	0.14037806
134556	817	0.14037804
134630	4256	0.13280082
134630	6485	0.13280082
134630	4249	0.1328008
134630	1997	0.13280079
134630	6001	0.13256603
134630	2756	0.132566
134630	3257	0.132566
134630	4147	0.132566
134630	5047	0.132566
134630	6498	0.132566
134684	444	0.10788609
134684	3882	0.10788609
134684	381	0.107886076
134684	6335	0.10788607
134684	2788	0.10788606
134684	3072	0.10788606
134684	4346	0.10788606
134684	6590	0.10788606
134684	3015	0.10788605
134684	4234	0.10788605
134694	2211	0.12346311
134694	2703	0.12346311
134694	4562	0.12346311
134694	5272	0.12346311
134694	5940	0.12346311
134694	45	0.1234631
134694	6499	0.1234631
134694	2400	0.123463094
134694	2855	0.123463094
134694	5143	0.123463094
134761	3780	0.0784806
134761	3942	0.07848059
134761	800	0.07848058
134761	1908	0.07848058
134761	2210	0.07848058
134761	6559	0.07848058
134761	2216	0.07848057
134761	5111	0.07848057
134761	4569	0.078480564
134761	5340	0.078480564
134784	2867	0.09253871
134784	5254	0.09253869
134784	2513	0.09253868
134784	4501	0.09253868
134784	338	0.09250201
134784	4840	0.09250201
134784	5517	0.092502
134784	5867	0.092502
134784	6385	0.092502
134784	3445	0.09250199
134797	2134	0.12259418
134797	3303	0.12259416
134797	1307	0.122594155
134797	545	0.12259415
134797	2877	0.12259415
134797	3051	0.12259415
134797	5422	0.12259415
134797	3859	0.12259414
134797	5602	0.12259414
134797	5887	0.12259414
134837	2463	0.13096637
134837	6057	0.13096637
134837	858	0.13096635
134837	3657	0.13096635
134837	4524	0.13096635
134837	6055	0.13096635
134837	121	0.13096634
134837	1424	0.13096634
134837	1519	0.13096634
134837	1641	0.13096634
134863	259	0.107970804
134863	733	0.107970804
134863	2001	0.107970804
134863	2687	0.107970804
134863	3647	0.107970804
134863	4695	0.107970804
134863	4968	0.107970804
134863	6763	0.107970804
134863	944	0.1079708
134863	1387	0.1079708
134900	79	0.096687526
134900	251	0.096687526
134900	4175	0.096687526
134900	4273	0.096687526
134900	4342	0.096687526
134900	5122	0.096687526
134900	2728	0.09668752
134900	3059	0.09668752
134900	3952	0.09668752
134900	4177	0.09668752
135043	4228	0.091420375
135043	1840	0.09142037
135043	3353	0.09142036
135043	4685	0.09142036
135043	24	0.09142035
135043	770	0.09142035
135043	2034	0.09142035
135043	2726	0.09142035
135043	3552	0.09142035
135043	4012	0.09142035
135045	4026	0.11476685
135045	2545	0.114766836
135045	4029	0.114766836
135045	67	0.11476683
135045	93	0.11476682
135045	3074	0.11476682
135045	3361	0.11476682
135045	6900	0.11476682
135045	1068	0.114766814
135045	1505	0.114766814
135141	4228	0.11782628
135141	3353	0.11782627
135141	311	0.11782626
135141	770	0.11782626
135141	4685	0.11782626
135141	24	0.11782625
135141	1840	0.11782625
135141	2034	0.11782625
135141	2726	0.11782625
135141	3063	0.11782625
135329	109	0.124165505
135329	5561	0.12416549
135329	1197	0.124165475
135329	1167	0.12416547
135329	6100	0.12416547
135329	2996	0.12416546
135329	3680	0.12416546
135329	6064	0.12416546
135329	6562	0.12416546
135329	1427	0.124165446
135351	3402	0.11676356
135351	1857	0.116763555
135351	5406	0.11676355
135351	718	0.11676354
135351	496	0.11676353
135351	3223	0.11676353
135351	5486	0.11676353
135351	2192	0.11676352
135351	3985	0.11676352
135351	5926	0.11676352
135360	4087	0.11255517
135360	5105	0.11255517
135360	3506	0.11255516
135360	5053	0.11255516
135360	282	0.11255515
135360	337	0.112555146
135360	457	0.112555146
135360	3718	0.112555146
135360	5016	0.112555146
135360	5196	0.112555146
135367	4681	0.09464124
135367	1581	0.09377324
135367	1349	0.093479976
135367	6523	0.092576444
135367	5270	0.091592394
135367	6836	0.09159238
135367	5869	0.091592364
135367	2676	0.09052549
135367	2168	0.09052548
135367	6515	0.09050966
135376	6255	0.09762837
135376	4160	0.097628325
135376	1735	0.09762831
135376	2809	0.09762831
135376	5458	0.097472005
135376	5759	0.09747198
135376	609	0.0971023
135376	6595	0.09651916
135376	6136	0.09651915
135376	4393	0.09645316
135398	6307	0.12372168
135398	3341	0.123721674
135398	950	0.12372166
135398	3810	0.12372166
135398	5162	0.12372166
135398	5636	0.12372166
135398	1902	0.12372165
135398	5748	0.12372165
135398	62	0.123721644
135398	713	0.123721644
135411	6716	0.1010814
135411	1259	0.101081386
135411	157	0.10108138
135411	182	0.10108137
135411	1533	0.10108137
135411	2742	0.10108137
135411	4248	0.10108137
135411	6550	0.10108137
135411	879	0.101081364
135411	1249	0.101081364
135458	133	0.11232076
135458	622	0.11232075
135458	2014	0.11232075
135458	473	0.112320736
135458	668	0.112320736
135458	3048	0.112320736
135458	2633	0.11232073
135458	3064	0.11232073
135458	660	0.11232072
135458	1751	0.11232072
135460	6540	0.107707635
135460	6708	0.107707635
135460	1943	0.10770763
135460	1830	0.10770762
135460	5052	0.10770762
135460	721	0.107707605
135460	4746	0.107707605
135460	2935	0.1077076
135460	5149	0.1077076
135460	239	0.10770759
135609	346	0.11111465
135609	2339	0.11111465
135609	1855	0.11111464
135609	3743	0.11111464
135609	159	0.111114636
135609	177	0.111114636
135609	1090	0.111114636
135609	1442	0.111114636
135609	1629	0.111114636
135609	2338	0.111114636
135653	6346	0.10354449
135653	1034	0.10354448
135653	1031	0.10354447
135653	2307	0.10354447
135653	2923	0.10354447
135653	2964	0.10354447
135653	3796	0.10354447
135653	463	0.103544466
135653	484	0.103544466
135653	4687	0.103544466
135665	5619	0.11693999
135665	2135	0.11679413
135665	3608	0.116725
135665	4043	0.11672499
135665	5928	0.11672498
135665	6159	0.11672498
135665	5274	0.116724975
135665	3990	0.11672497
135665	5496	0.11672497
135665	2076	0.11672496
135673	1124	0.12270321
135673	4422	0.12270321
135673	3869	0.1227032
135673	6414	0.1227032
135673	2740	0.122703195
135673	3605	0.122703195
135673	6336	0.12270319
135673	743	0.12270318
135673	3026	0.12270318
135673	5310	0.12270318
135681	3089	0.111882895
135681	6725	0.11188289
135681	2843	0.11188288
135681	508	0.111882865
135681	633	0.111882865
135681	3020	0.111882865
135681	3560	0.111882865
135681	6495	0.111882865
135681	1489	0.11188286
135681	2054	0.11188286
135703	3726	0.10102938
135703	5382	0.10102938
135703	2808	0.10102937
135703	3939	0.10102937
135703	914	0.101029366
135703	1756	0.101029366
135703	2410	0.101029366
135703	3993	0.101029366
135703	4589	0.101029366
135703	3717	0.10102936
135736	2064	0.095084615
135736	3336	0.09508461
135736	5793	0.09508461
135736	258	0.09508458
135736	317	0.09508458
135736	1782	0.09508458
135736	1821	0.09508458
135736	1854	0.09508458
135736	2710	0.09508458
135736	4305	0.09508458
135753	688	0.10792248
135753	134	0.107922465
135753	1233	0.107922465
135753	1739	0.107922465
135753	2423	0.107922465
135753	3217	0.107922465
135753	6488	0.107922465
135753	2164	0.10792246
135753	2340	0.10792246
135753	5416	0.10792246
135768	1823	0.11219534
135768	6763	0.11219534
135768	733	0.112195335
135768	2687	0.112195335
135768	3647	0.112195335
135768	4695	0.112195335
135768	5150	0.112195335
135768	259	0.11219533
135768	443	0.11219533
135768	546	0.11219533
135776	6307	0.13164465
135776	3341	0.13164464
135776	3810	0.13164462
135776	5636	0.13164462
135776	62	0.1316446
135776	950	0.1316446
135776	1355	0.1316446
135776	1902	0.1316446
135776	1990	0.1316446
135776	2370	0.1316446
135799	6001	0.11768764
135799	2756	0.11768763
135799	3257	0.11768763
135799	4147	0.11768763
135799	6498	0.11768762
135799	3801	0.11768761
135799	5047	0.11768761
135799	1861	0.117687605
135799	2758	0.117687605
135799	6138	0.117687605
135831	2983	0.10367804
135831	3234	0.10367804
135831	193	0.10367803
135831	1207	0.10367803
135831	1709	0.10367803
135831	1805	0.10367803
135831	2997	0.10367803
135831	3119	0.10367803
135831	4197	0.10367803
135831	6887	0.10367803
135869	733	0.10453925
135869	3647	0.10453925
135869	5150	0.10453925
135869	5315	0.10453925
135869	5802	0.10453925
135869	259	0.104539245
135869	546	0.104539245
135869	944	0.104539245
135869	1387	0.104539245
135869	1813	0.104539245
135873	688	0.12485559
135873	3217	0.12485558
135873	6488	0.12485558
135873	2164	0.12485557
135873	1233	0.12485556
135873	1620	0.12485556
135873	1739	0.12485556
135873	2173	0.12485556
135873	2340	0.12485556
135873	2423	0.12485556
135895	6439	0.1028594
135895	973	0.10285939
135895	6719	0.10280036
135895	1532	0.102715194
135895	3159	0.102715194
135895	5405	0.102715194
135895	6782	0.10271518
135895	6217	0.10271517
135895	1162	0.102715164
135895	3909	0.102715164
135965	1398	0.10628404
135965	2782	0.10628404
135965	3559	0.10628404
135965	1541	0.10628403
135965	1816	0.10628402
135965	1095	0.106284015
135965	2356	0.106284015
135965	2907	0.106284015
135965	6574	0.106284015
135965	234	0.10628401
135996	3327	0.12306625
135996	4154	0.12306623
135996	294	0.12306622
135996	4835	0.12306622
135996	4920	0.12306622
135996	83	0.12306621
135996	174	0.12306621
135996	1852	0.12306621
135996	2278	0.12306621
135996	4239	0.12306621
136010	1804	0.1029837
136010	4857	0.101770505
136010	5136	0.101770505
136010	408	0.10177049
136010	2229	0.10177048
136010	5467	0.10177045
136010	2737	0.10071926
136010	6719	0.100535594
136010	5096	0.10025209
136010	1891	0.09996855
136011	3686	0.10748909
136011	5815	0.10748909
136011	2555	0.10748908
136011	1637	0.10695884
136011	4222	0.106569424
136011	3170	0.106569394
136011	3409	0.106569394
136011	3769	0.106569394
136011	1895	0.10656939
136011	1779	0.10656938
136014	696	0.1032878
136014	61	0.103287786
136014	410	0.103287786
136014	964	0.103287786
136014	1550	0.103287786
136014	4187	0.103287786
136014	5250	0.103287786
136014	635	0.10328778
136014	925	0.10328778
136014	1578	0.10328778
136071	3047	0.114434905
136071	3639	0.1144349
136071	3672	0.1144349
136071	1960	0.11418374
136071	3627	0.11418373
136071	5008	0.114183724
136071	4417	0.11418372
136071	5205	0.11418372
136071	6228	0.11418369
136071	149	0.11359179
136104	1461	0.10501684
136104	3481	0.10501683
136104	1141	0.10501681
136104	4752	0.10501681
136104	6152	0.10501681
136104	6748	0.10501681
136104	6788	0.1050168
136104	2746	0.10464399
136104	2963	0.10464398
136104	6564	0.10464398
136136	320	0.10745072
136136	346	0.10745072
136136	1629	0.10745072
136136	3743	0.10745072
136136	1567	0.107450716
136136	1855	0.107450716
136136	2339	0.107450716
136136	4854	0.107450716
136136	6863	0.107450716
136136	159	0.10745071
136139	1892	0.09060193
136139	206	0.09060192
136139	1856	0.09060192
136139	794	0.090601906
136139	1376	0.090601906
136139	1714	0.090601906
136139	1261	0.0906019
136139	3775	0.0906019
136139	4905	0.09060189
136139	5080	0.09060189
136193	2782	0.12851936
136193	1541	0.12851934
136193	672	0.12851933
136193	685	0.12851933
136193	1398	0.12851933
136193	1616	0.12851933
136193	1738	0.12851933
136193	1820	0.12851933
136193	2176	0.12851933
136193	2356	0.12851933
136205	5669	0.09253401
136205	3042	0.092533976
136205	1626	0.09207517
136205	3468	0.092075154
136205	127	0.09207514
136205	416	0.09207514
136205	2736	0.09207514
136205	3544	0.09207514
136205	3738	0.09207514
136205	4743	0.09207514
136237	1743	0.10539845
136237	264	0.10539843
136237	298	0.10539843
136237	504	0.10539843
136237	2084	0.10539843
136237	2696	0.10539843
136237	4334	0.10539843
136237	5015	0.10539843
136237	5632	0.10539843
136237	5781	0.10539843
136240	2214	0.10647872
136240	3039	0.10647872
136240	5163	0.10647872
136240	6680	0.10647872
136240	2292	0.10647871
136240	474	0.106478706
136240	485	0.106478706
136240	1496	0.1064787
136240	2215	0.1064787
136240	5160	0.1064787
136252	4007	0.09273742
136252	2334	0.09273741
136252	6579	0.09273741
136252	5072	0.0927374
136252	92	0.09273739
136252	2081	0.09273739
136252	3770	0.092737384
136252	1306	0.09273738
136252	3836	0.09273738
136252	74	0.092737354
136255	4681	0.11717559
136255	5729	0.116729185
136255	5823	0.11672917
136255	2563	0.11672916
136255	2864	0.116729155
136255	2863	0.11672914
136255	638	0.11672912
136255	358	0.1164594
136255	871	0.1164594
136255	3662	0.11645939
136291	96	0.13604534
136291	785	0.13604534
136291	990	0.13604534
136291	4898	0.13604534
136291	5313	0.13604534
136291	5464	0.13604534
136291	6535	0.13604534
136291	570	0.13604532
136291	1119	0.13604532
136291	5874	0.13604532
136313	2867	0.107498586
136313	4501	0.10749856
136313	2513	0.10749855
136313	5254	0.10749855
136313	3457	0.10744876
136313	5918	0.10744876
136313	341	0.10744875
136313	2776	0.10744874
136313	5618	0.10744874
136313	831	0.107448734
136326	79	0.10551776
136326	4342	0.10551776
136326	3059	0.10551775
136326	4175	0.10551775
136326	251	0.105517745
136326	1624	0.105517745
136326	2728	0.105517745
136326	3952	0.105517745
136326	4273	0.105517745
136326	4525	0.105517745
136348	2357	0.114826135
136348	4703	0.114826135
136348	1303	0.11482613
136348	1873	0.11482613
136348	4936	0.11482613
136348	5792	0.11482613
136348	6428	0.11482612
136348	513	0.11482611
136348	1763	0.11482611
136348	2549	0.11482611
136382	170	0.10326612
136382	169	0.103266105
136382	1446	0.103266105
136382	611	0.1032661
136382	7	0.10326609
136382	884	0.10326609
136382	1612	0.10326609
136382	1707	0.10326609
136382	3221	0.10326609
136382	5362	0.10326609
136396	358	0.11023458
136396	871	0.11023457
136396	2508	0.11023455
136396	3662	0.11023455
136396	2675	0.11023454
136396	6515	0.11023454
136396	1797	0.110234536
136396	3500	0.109301195
136396	1487	0.10930118
136396	5297	0.10930118
136465	45	0.096877515
136465	782	0.096877515
136465	5940	0.096877515
136465	6189	0.096877515
136465	1962	0.09687751
136465	2400	0.09687751
136465	2703	0.09687751
136465	2807	0.09687751
136465	3465	0.09687751
136465	4472	0.09687751
136491	3913	0.10843897
136491	4062	0.10843897
136491	5923	0.10843897
136491	6446	0.10843896
136491	2800	0.108438954
136491	3197	0.108438954
136491	3285	0.108438954
136491	4169	0.10843895
136491	6715	0.10843895
136491	388	0.10843894
136561	6150	0.121789925
136561	1020	0.1217899
136561	4690	0.1217899
136561	201	0.12178989
136561	3201	0.12178988
136561	2391	0.12178987
136561	6283	0.12178987
136561	6871	0.121789865
136561	1523	0.12178986
136561	2784	0.12178986
136735	4228	0.10577711
136735	3353	0.1057771
136735	1840	0.10577709
136735	4012	0.10577709
136735	24	0.105777085
136735	311	0.105777085
136735	770	0.105777085
136735	2034	0.105777085
136735	2726	0.105777085
136735	3063	0.105777085
136747	2214	0.11591698
136747	3039	0.11591698
136747	6680	0.11591698
136747	6786	0.115916975
136747	75	0.11591697
136747	485	0.11591697
136747	1496	0.11591697
136747	2215	0.11591697
136747	2292	0.11591697
136747	3125	0.11591697
136829	3780	0.10688094
136829	800	0.10688092
136829	1908	0.10688092
136829	2216	0.10688092
136829	3942	0.10688091
136829	2210	0.1068809
136829	5111	0.1068809
136829	6559	0.106880896
136829	5340	0.10688089
136829	1800	0.10688088
136916	5453	0.113975435
136916	3287	0.11397542
136916	6609	0.11397541
136916	250	0.113975406
136916	3247	0.113975406
136916	3251	0.113975406
136916	3861	0.113975406
136916	6701	0.113975406
136916	6726	0.1139754
136916	399	0.11397539
136943	2782	0.114492886
136943	672	0.11449286
136943	1398	0.11449286
136943	1541	0.11449286
136943	1616	0.11449286
136943	1816	0.11449286
136943	4610	0.11449286
136943	2356	0.114492856
136943	3559	0.114492856
136943	5372	0.114492856
137118	346	0.12086968
137118	2339	0.12086968
137118	1855	0.120869674
137118	3743	0.120869674
137118	159	0.12086967
137118	1090	0.12086967
137118	1567	0.12086967
137118	1629	0.12086967
137118	4014	0.12086967
137118	4854	0.12086967
137134	9	0.12643541
137134	3137	0.1264354
137134	84	0.12643538
137134	4355	0.12643538
137134	4519	0.12489145
137134	5021	0.12489143
137134	5659	0.12489143
137134	3554	0.1248914
137134	4449	0.1248914
137134	266	0.124891385
137137	3039	0.11470619
137137	75	0.11470618
137137	5163	0.11470618
137137	6014	0.11470618
137137	485	0.11470617
137137	975	0.11470617
137137	2214	0.11470617
137137	2292	0.11470617
137137	5160	0.11470617
137137	6680	0.11470617
137143	3327	0.1113452
137143	4154	0.11134518
137143	83	0.11134517
137143	294	0.11134517
137143	2278	0.11134517
137143	4133	0.11134517
137143	4835	0.11134517
137143	4920	0.11134517
137143	5046	0.11134517
137143	253	0.111345164
137190	2843	0.13649839
137190	3089	0.13649839
137190	6725	0.13649839
137190	633	0.13649838
137190	2998	0.13649838
137190	4121	0.13649838
137190	6495	0.13649838
137190	389	0.13649836
137190	508	0.13649836
137190	2054	0.13649836
137211	3176	0.08978107
137211	1851	0.08978106
137211	279	0.089781046
137211	2362	0.089781046
137211	4666	0.089781046
137211	432	0.08978104
137211	1769	0.08978104
137211	2948	0.08978103
137211	3420	0.08978103
137211	4450	0.08978103
137222	3608	0.13328831
137222	6159	0.1332883
137222	5928	0.13328828
137222	2566	0.13328826
137222	3379	0.13328826
137222	3990	0.13328826
137222	4043	0.13328826
137222	5274	0.13328826
137222	2075	0.13328825
137222	2076	0.13328825
137336	1879	0.13457267
137336	1009	0.13457265
137336	3044	0.13457265
137336	4321	0.13457265
137336	4434	0.13457265
137336	4579	0.13457265
137336	5483	0.13457265
137336	5574	0.13457265
137336	6536	0.13457265
137336	6687	0.13457265
137397	1356	0.12820294
137397	4707	0.12820294
137397	6111	0.12820294
137397	6443	0.12820294
137397	2152	0.12820292
137397	4281	0.12820289
137397	3898	0.12686649
137397	6376	0.12686649
137397	4340	0.12684678
137397	400	0.12684675
137434	485	0.11196904
137434	2214	0.11196904
137434	2292	0.11196904
137434	3039	0.11196904
137434	5163	0.11196904
137434	6680	0.11196904
137434	75	0.11196903
137434	5160	0.11196903
137434	5882	0.11196903
137434	6014	0.11196903
137437	2016	0.095709175
137437	3256	0.095709175
137437	3917	0.095709175
137437	6122	0.095709175
137437	2494	0.09570917
137437	6808	0.09570917
137437	2169	0.09570916
137437	2208	0.09570916
137437	3580	0.09570916
137437	3919	0.09570916
137524	683	0.12098267
137524	4780	0.12098267
137524	1180	0.120982654
137524	2432	0.120982654
137524	1189	0.12098265
137524	6163	0.12098264
137524	6438	0.12098264
137524	3425	0.12098263
137524	2187	0.1209826
137524	5529	0.118728094
137587	3922	0.11357405
137587	2045	0.11357404
137587	3555	0.11357404
137587	3611	0.11357404
137587	1522	0.11357403
137587	2377	0.11357403
137587	3374	0.11357403
137587	4716	0.11357403
137587	5743	0.11357403
137587	6146	0.11357402
137588	4014	0.11201915
137588	1855	0.112019144
137588	3743	0.112019144
137588	320	0.11201914
137588	346	0.11201914
137588	755	0.11201914
137588	1567	0.11201914
137588	1726	0.11201914
137588	2339	0.11201914
137588	3501	0.11201914
137589	696	0.10601202
137589	2504	0.10601202
137589	410	0.10601201
137589	1578	0.10601201
137589	61	0.106012
137589	635	0.106012
137589	1550	0.106012
137589	530	0.106011994
137589	964	0.106011994
137589	1774	0.106011994
137620	3402	0.1044014
137620	718	0.10440139
137620	496	0.10440138
137620	1857	0.10440138
137620	5406	0.10440138
137620	5486	0.10440138
137620	3223	0.10440137
137620	3985	0.104401365
137620	6508	0.104401365
137620	2192	0.10440136
137627	6680	0.109581485
137627	75	0.10958148
137627	3039	0.10958148
137627	485	0.10958147
137627	1496	0.10958147
137627	2214	0.10958147
137627	2215	0.10958147
137627	2292	0.10958147
137627	5163	0.10958147
137627	6786	0.10958147
137684	5763	0.11239028
137684	325	0.112390235
137684	6132	0.11239023
137684	58	0.112390205
137684	1915	0.112144694
137684	4224	0.11214469
137684	3502	0.11214467
137684	3565	0.112144664
137684	3874	0.112144664
137684	3881	0.112144664
137688	1259	0.103529125
137688	6716	0.103529125
137688	182	0.10352911
137688	5755	0.10352911
137688	50	0.1035291
137688	879	0.1035291
137688	6550	0.1035291
137688	157	0.103529096
137688	1533	0.103529096
137688	2302	0.103529096
137742	5931	0.118469894
137742	2925	0.11846989
137742	6137	0.11846988
137742	6451	0.11846988
137742	2488	0.118469864
137742	4615	0.118469864
137742	6115	0.11846986
137742	3974	0.11846985
137742	3936	0.118469834
137742	5806	0.11812772
137803	2054	0.11598058
137803	389	0.115980566
137803	633	0.115980566
137803	2843	0.115980566
137803	2998	0.115980566
137803	3089	0.115980566
137803	4121	0.115980566
137803	4847	0.115980566
137803	6495	0.115980566
137803	6725	0.115980566
137816	2842	0.11003837
137816	3765	0.11003837
137816	6331	0.11003837
137816	788	0.11003836
137816	748	0.110038355
137816	1425	0.110038355
137816	1552	0.110038355
137816	2481	0.110038355
137816	2796	0.110038355
137816	2949	0.110038355
137968	3326	0.09545176
137968	1088	0.09545175
137968	6079	0.09545175
137968	3405	0.09545174
137968	6104	0.09545173
137968	2207	0.09434581
137968	1639	0.0943458
137968	188	0.09434579
137968	3394	0.09434579
137968	1062	0.094345786
137986	1731	0.12070938
137986	193	0.120709375
137986	744	0.120709375
137986	1709	0.120709375
137986	2983	0.120709375
137986	2997	0.120709375
137986	4197	0.120709375
137986	1207	0.12070937
137986	1805	0.12070937
137986	658	0.12070936
138010	2269	0.124464646
138010	539	0.12446463
138010	1579	0.12446463
138010	2354	0.12446463
138010	4433	0.12446463
138010	5696	0.12446463
138010	3286	0.12446462
138010	5915	0.12446462
138010	2880	0.124464616
138010	2920	0.12446461
138018	1830	0.12520608
138018	1943	0.12520608
138018	5052	0.12520608
138018	6540	0.12520608
138018	6708	0.12520608
138018	721	0.12520605
138018	2935	0.12520605
138018	3439	0.12520605
138018	3533	0.12520605
138018	4746	0.12520605
138045	2934	0.11416687
138045	976	0.11416686
138045	896	0.11416684
138045	3783	0.11416684
138045	5557	0.11416684
138045	5594	0.11416683
138045	1653	0.114166826
138045	3740	0.114166826
138045	1660	0.11416682
138045	2989	0.11416682
138073	1034	0.095289536
138073	463	0.09528953
138073	6346	0.09528953
138073	1031	0.09528952
138073	2307	0.09528952
138073	484	0.09528951
138073	2008	0.09528951
138073	2150	0.09528951
138073	2923	0.09528951
138073	3997	0.09528951
138097	5940	0.14651808
138097	782	0.14651805
138097	1962	0.14651805
138097	2703	0.14651805
138097	2807	0.14651805
138097	3465	0.14651805
138097	5678	0.14651805
138097	45	0.14651804
138097	2136	0.14651804
138097	2211	0.14651804
138100	2636	0.10716255
138100	6346	0.107151896
138100	1034	0.10715188
138100	1031	0.10715187
138100	3997	0.10715187
138100	6452	0.10715187
138100	463	0.107151866
138100	2307	0.107151866
138100	2923	0.107151866
138100	3796	0.107151866
138124	6920	0.122439064
138124	551	0.12243904
138124	1547	0.12243904
138124	5499	0.12243904
138124	4072	0.122439034
138124	6362	0.122439034
138124	1963	0.12243903
138124	3173	0.12243903
138124	4473	0.12243903
138124	5109	0.12243903
138138	2014	0.08960116
138138	133	0.089601144
138138	622	0.089601144
138138	3048	0.08960114
138138	473	0.08960113
138138	660	0.08960113
138138	668	0.08960113
138138	2633	0.08960113
138138	3064	0.08960112
138138	6277	0.08960112
138176	6110	0.12161361
138176	3730	0.12134576
138176	4725	0.121345714
138176	499	0.12134568
138176	3459	0.121345654
138176	2381	0.121165596
138176	6177	0.12116559
138176	1809	0.12116557
138176	1884	0.121165566
138176	2480	0.120911285
138189	2269	0.10808846
138189	539	0.10808845
138189	3286	0.10808845
138189	1579	0.10808844
138189	4433	0.10808844
138189	2465	0.108088434
138189	2880	0.108088434
138189	2920	0.108088434
138189	5242	0.108088434
138189	5696	0.108088434
138193	3882	0.110301256
138193	444	0.11030125
138193	381	0.11030124
138193	6335	0.110301234
138193	2788	0.11030123
138193	6590	0.11030123
138193	165	0.11030122
138193	3072	0.11030122
138193	1182	0.11030121
138193	2235	0.11030121
138198	2867	0.09794462
138198	4501	0.097944595
138198	2513	0.09794459
138198	5254	0.09794459
138198	434	0.09725015
138198	274	0.097250134
138198	3318	0.09725013
138198	4840	0.097188324
138198	338	0.09718831
138198	5517	0.0971883
138202	320	0.103076905
138202	3743	0.103076905
138202	4014	0.103076905
138202	6863	0.103076905
138202	177	0.10307689
138202	236	0.10307689
138202	346	0.10307689
138202	402	0.10307689
138202	755	0.10307689
138202	1372	0.10307689
138239	479	0.114874646
138239	1118	0.114874616
138239	5130	0.11424713
138239	115	0.114247076
138239	230	0.114247076
138239	3586	0.114247076
138239	286	0.11424707
138239	356	0.114247054
138239	1117	0.114247054
138239	1333	0.11424704
138307	631	0.10013746
138307	2018	0.10013746
138307	2860	0.10013746
138307	2939	0.10013745
138307	6339	0.10013745
138307	598	0.10013744
138307	3161	0.10013744
138307	4291	0.10013744
138307	4479	0.10013744
138307	4669	0.10013744
138330	193	0.10951649
138330	1731	0.10951649
138330	4197	0.10951649
138330	2983	0.10951648
138330	2997	0.10951648
138330	567	0.10951647
138330	658	0.10951647
138330	744	0.10951647
138330	1207	0.10951647
138330	1709	0.10951647
138379	6057	0.11702463
138379	858	0.117024615
138379	2463	0.117024615
138379	3856	0.117024615
138379	4493	0.117024615
138379	4524	0.117024615
138379	3657	0.11702461
138379	430	0.1170246
138379	1641	0.1170246
138379	1643	0.1170246
138382	6085	0.10674982
138382	699	0.106650904
138382	5731	0.10665089
138382	4976	0.10630328
138382	2290	0.10630326
138382	824	0.10615769
138382	4654	0.10615769
138382	3835	0.10615767
138382	1335	0.106157646
138382	5430	0.106157646
138425	3039	0.09894521
138425	6680	0.09894521
138425	75	0.0989452
138425	485	0.0989452
138425	2214	0.0989452
138425	2292	0.0989452
138425	5163	0.0989452
138425	2215	0.09894519
138425	5147	0.09894519
138425	5160	0.09894519
138441	1075	0.117167115
138441	2645	0.117167085
138441	4604	0.11716708
138441	5213	0.11716708
138441	6747	0.11716708
138441	1652	0.11716706
138441	2104	0.117167056
138441	6000	0.117167056
138441	1609	0.1170357
138441	4264	0.11703569
138515	1743	0.104674876
138515	2696	0.10467487
138515	5015	0.10467487
138515	298	0.10467486
138515	504	0.10467486
138515	3624	0.10467486
138515	4334	0.10467486
138515	5632	0.10467486
138515	5781	0.10467486
138515	264	0.10467485
138529	193	0.12632614
138529	744	0.12632614
138529	1731	0.12632614
138529	2983	0.12632614
138529	2997	0.12632614
138529	100	0.12632613
138529	1207	0.12632613
138529	1709	0.12632613
138529	1918	0.12632613
138529	3234	0.12632613
138543	3197	0.1214385
138543	3285	0.1214385
138543	3913	0.1214385
138543	6446	0.1214385
138543	2800	0.12143849
138543	3550	0.12143849
138543	4062	0.12143849
138543	5923	0.12143849
138543	388	0.12143848
138543	4169	0.12143848
138578	696	0.094907634
138578	2504	0.09490763
138578	61	0.09490762
138578	410	0.09490762
138578	635	0.09490762
138578	1774	0.09490762
138578	448	0.09490761
138578	530	0.09490761
138578	964	0.09490761
138578	1550	0.09490761
138602	4557	0.1552476
138602	4898	0.1552476
138602	6212	0.15524758
138602	572	0.15524757
138602	839	0.15524757
138602	1486	0.15524757
138602	5464	0.15524757
138602	6084	0.15524757
138602	6311	0.15524757
138602	6535	0.15524757
138647	648	0.111359395
138647	733	0.111359395
138647	5150	0.111359395
138647	326	0.11135939
138647	546	0.11135939
138647	944	0.11135939
138647	1387	0.11135939
138647	1388	0.11135939
138647	1618	0.11135939
138647	1813	0.11135939
138674	5660	0.102756545
138674	2249	0.10275653
138674	5455	0.10275653
138674	5668	0.10275653
138674	360	0.102756515
138674	706	0.102756515
138674	5952	0.102756515
138674	1892	0.102239065
138674	206	0.10223904
138674	1261	0.10223903
138777	920	0.115035936
138777	4711	0.11503593
138777	2901	0.115035914
138777	6457	0.1150359
138777	6526	0.1150359
138777	3373	0.11503589
138777	4705	0.11503589
138777	5024	0.11503589
138777	4327	0.115035884
138777	1337	0.11503587
138813	6920	0.1275323
138813	551	0.12753229
138813	625	0.12753229
138813	1963	0.12753229
138813	5499	0.12753229
138813	6362	0.12753229
138813	580	0.12753227
138813	875	0.12753227
138813	1128	0.12753227
138813	1547	0.12753227
138826	1024	0.10882847
138826	351	0.108828455
138826	1880	0.108828455
138826	3846	0.108828455
138826	5691	0.108828455
138826	697	0.10882845
138826	2479	0.10882845
138826	3676	0.10882845
138826	4157	0.10882845
138826	2413	0.10882844
138844	696	0.10487685
138844	410	0.104876846
138844	2504	0.104876846
138844	1578	0.10487684
138844	61	0.10487683
138844	635	0.10487683
138844	964	0.10487683
138844	1550	0.10487683
138844	5227	0.10487683
138844	448	0.10487682
138849	3184	0.10333577
138849	1589	0.103335746
138849	4114	0.103335746
138849	4812	0.103335746
138849	380	0.10333574
138849	1063	0.10333574
138849	3183	0.10333574
138849	3431	0.10333574
138849	3910	0.10333574
138849	4538	0.10333574
138867	5099	0.08659949
138867	6735	0.086599484
138867	4668	0.08659948
138867	6917	0.08659948
138867	6852	0.08659947
138867	1538	0.086599454
138867	6069	0.086599454
138867	6332	0.086599454
138867	3372	0.08620818
138867	1598	0.08616598
138906	6765	0.10713006
138906	110	0.10713005
138906	6043	0.10713005
138906	700	0.10713004
138906	1752	0.10713004
138906	2569	0.107130036
138906	2640	0.107130036
138906	3469	0.107130036
138906	6676	0.107130036
138906	1154	0.10713003
138954	6150	0.11318995
138954	4690	0.113189936
138954	1020	0.11318992
138954	201	0.113189906
138954	550	0.113189906
138954	6283	0.113189906
138954	1523	0.11318989
138954	2391	0.11318989
138954	2960	0.11318989
138954	3201	0.11318989
138955	259	0.10658933
138955	546	0.10658933
138955	733	0.10658933
138955	2687	0.10658933
138955	5150	0.10658933
138955	6763	0.10658933
138955	944	0.106589325
138955	1668	0.106589325
138955	1823	0.106589325
138955	3647	0.106589325
138995	1346	0.115121365
138995	2955	0.115121365
138995	503	0.11512136
138995	4300	0.11512136
138995	5434	0.11512136
138995	991	0.11512132
138995	703	0.115121305
138995	2214	0.11438145
138995	2292	0.11438145
138995	5163	0.11438145
139070	2752	0.107787475
139070	3018	0.107787475
139070	3916	0.107787475
139070	4293	0.107787475
139070	5558	0.107787475
139070	6341	0.107787475
139070	628	0.10778747
139070	4403	0.10778747
139070	1745	0.10778746
139070	2220	0.10778746
139126	823	0.104069375
139126	1009	0.10359153
139126	1879	0.10359153
139126	4434	0.10359153
139126	5574	0.10359153
139126	6536	0.10359153
139126	2525	0.103591524
139126	4579	0.103591524
139126	3044	0.10359152
139126	3166	0.10359152
139141	3253	0.12958331
139141	3853	0.12958331
139141	4204	0.1295833
139141	579	0.12958328
139141	758	0.12958328
139141	2305	0.12958328
139141	3294	0.12958328
139141	5766	0.12958328
139141	6460	0.12958328
139141	757	0.12958327
139206	2207	0.12601654
139206	607	0.12601653
139206	6685	0.12601653
139206	913	0.12601651
139206	1062	0.12601651
139206	2653	0.12601651
139206	3193	0.12601651
139206	3673	0.12601651
139206	4533	0.12601651
139206	5692	0.12601651
139243	1830	0.108248815
139243	5052	0.108248815
139243	6540	0.108248815
139243	6708	0.108248815
139243	721	0.1082488
139243	1943	0.1082488
139243	2935	0.108248785
139243	3439	0.108248785
139243	5995	0.108248785
139243	4746	0.10824878
139287	3197	0.08489845
139287	3913	0.08489845
139287	2800	0.08489844
139287	3285	0.08489844
139287	4062	0.08489844
139287	5923	0.08489844
139287	6446	0.08489844
139287	6715	0.08489844
139287	3550	0.084898435
139287	4169	0.084898435
139359	1023	0.12643233
139359	4221	0.1264323
139359	994	0.12643227
139359	193	0.1261279
139359	1207	0.1261279
139359	1709	0.1261279
139359	1731	0.1261279
139359	1805	0.1261279
139359	2983	0.1261279
139359	2997	0.1261279
139376	72	0.10238108
139376	523	0.10238108
139376	2509	0.10238107
139376	3727	0.102381065
139376	5856	0.102381065
139376	6237	0.102381065
139376	6435	0.102381065
139376	6756	0.102381065
139376	385	0.10238106
139376	812	0.10238106
139387	2045	0.11396068
139387	3555	0.11396068
139387	3611	0.11396068
139387	3922	0.11396068
139387	1522	0.113960676
139387	4716	0.113960676
139387	5743	0.113960676
139387	2377	0.11396067
139387	3374	0.11396067
139387	1358	0.11396066
139421	1471	0.10977639
139421	2158	0.10977638
139421	2856	0.10977638
139421	4381	0.10977638
139421	4865	0.10977638
139421	908	0.10977637
139421	838	0.10977636
139421	3215	0.10977636
139421	3790	0.10977636
139421	4483	0.10977636
139462	6725	0.12564395
139462	2998	0.12564394
139462	3089	0.12564394
139462	508	0.12564392
139462	633	0.12564392
139462	2054	0.12564392
139462	2843	0.12564392
139462	4121	0.12564392
139462	6050	0.12564392
139462	6495	0.12564392
139467	3506	0.119682044
139467	4087	0.119682044
139467	5105	0.119682044
139467	6216	0.11968204
139467	282	0.11968203
139467	337	0.11968203
139467	457	0.11968203
139467	883	0.11968203
139467	1066	0.11968203
139467	3367	0.11968203
139548	2357	0.10790824
139548	1303	0.107908234
139548	4703	0.107908234
139548	5792	0.107908234
139548	2549	0.10790823
139548	1873	0.10790822
139548	3534	0.10790822
139548	3724	0.10790822
139548	4936	0.10790822
139548	6428	0.10790822
139575	6765	0.11850889
139575	110	0.118508875
139575	700	0.118508875
139575	6326	0.118508875
139575	1752	0.11850887
139575	2640	0.11850887
139575	3469	0.11850887
139575	6043	0.11850887
139575	1360	0.11850886
139575	2569	0.11850886
139586	6307	0.1255692
139586	1902	0.12556916
139586	2415	0.12556916
139586	3341	0.12556916
139586	3810	0.12556916
139586	5216	0.12556916
139586	5636	0.12556916
139586	6790	0.12556916
139586	62	0.12556915
139586	950	0.12556915
139607	1440	0.10272008
139607	4202	0.10272008
139607	3697	0.10272007
139607	6221	0.10272007
139607	6886	0.10272007
139607	2090	0.10272006
139607	5613	0.10272006
139607	1087	0.10272005
139607	1439	0.10272005
139607	4468	0.10272005
139706	5405	0.09494386
139706	1532	0.09494385
139706	3159	0.094943844
139706	3909	0.09494384
139706	5733	0.09494384
139706	6217	0.09494384
139706	6782	0.09494384
139706	1162	0.09494382
139706	4978	0.09494382
139706	973	0.09408404
139742	976	0.13338736
139742	2934	0.13338736
139742	896	0.13338733
139742	3783	0.13338733
139742	3740	0.13338731
139742	1653	0.1333873
139742	1660	0.1333873
139742	5557	0.1333873
139742	5594	0.1333873
139742	2989	0.13338728
139827	5431	0.11695841
139827	1094	0.11695839
139827	4165	0.116958365
139827	3184	0.11666077
139827	380	0.11666076
139827	4114	0.11666076
139827	4812	0.11666076
139827	1589	0.116660744
139827	3910	0.116660744
139827	4538	0.116660744
139828	118	0.09969959
139828	184	0.09969959
139828	5817	0.09969957
139828	5992	0.09969957
139828	540	0.099699564
139828	929	0.099699564
139828	1506	0.099699564
139828	2978	0.099699564
139828	4704	0.099699564
139828	6814	0.099699564
139913	2687	0.13452336
139913	3647	0.13452336
139913	5150	0.13452336
139913	5333	0.13452336
139913	6763	0.13452336
139913	259	0.13452335
139913	733	0.13452335
139913	944	0.13452335
139913	1668	0.13452335
139913	1813	0.13452335
139934	2580	0.107472956
139934	5563	0.107472934
139934	2520	0.10747293
139934	482	0.1074729
139934	3595	0.10747289
139934	2706	0.10690682
139934	3946	0.10654865
139934	714	0.106548645
139934	2322	0.106548645
139934	2821	0.10654864
140000	384	0.10352298
140000	581	0.10352298
140000	3480	0.10352297
140000	3581	0.10352297
140000	5156	0.10352297
140000	232	0.103522964
140000	732	0.103522964
140000	3625	0.103522964
140000	6388	0.103522964
140000	411	0.10352296
140005	6765	0.11269203
140005	110	0.11269202
140005	700	0.11269202
140005	1752	0.11269201
140005	2569	0.11269201
140005	2640	0.11269201
140005	3793	0.11269201
140005	5034	0.11269201
140005	6043	0.11269201
140005	4720	0.112692006
140036	3855	0.14799652
140036	3347	0.14799646
140036	4537	0.14799646
140036	6702	0.14799644
140036	982	0.14649352
140036	260	0.14649348
140036	1045	0.14649346
140036	1853	0.14649346
140036	2301	0.14649346
140036	4370	0.14649346
140069	4991	0.08619687
140069	5699	0.08594743
140069	6517	0.085058644
140069	370	0.085058615
140069	5782	0.0849971
140069	6376	0.0847477
140069	3898	0.084747694
140069	3040	0.084686145
140069	4872	0.084686145
140069	992	0.08468613
140080	3608	0.10801924
140080	4043	0.108019225
140080	5928	0.10801922
140080	6159	0.10801922
140080	5273	0.1080192
140080	5274	0.1080192
140080	6338	0.108019195
140080	2075	0.10801919
140080	2076	0.10801919
140080	2566	0.10801919
140087	788	0.11706732
140087	2842	0.11706732
140087	3765	0.11706732
140087	6331	0.11706732
140087	1552	0.117067315
140087	748	0.11706731
140087	2481	0.11706731
140087	2796	0.11706731
140087	2949	0.11706731
140087	4950	0.11706731
140167	6346	0.122484036
140167	1034	0.12248403
140167	3997	0.12248403
140167	1031	0.12248402
140167	2923	0.12248402
140167	463	0.12248401
140167	1869	0.12248401
140167	2286	0.12248401
140167	3796	0.12248401
140167	4687	0.12248401
140196	2860	0.10475551
140196	3161	0.104755506
140196	2018	0.1047555
140196	6339	0.1047555
140196	631	0.10475549
140196	2643	0.10475549
140196	2939	0.10475549
140196	4669	0.10475549
140196	4824	0.10475549
140196	6842	0.10475549
140223	5130	0.122686565
140223	115	0.122686505
140223	230	0.122686505
140223	286	0.122686505
140223	3586	0.122686505
140223	1117	0.12268648
140223	356	0.122686476
140223	1333	0.12268646
140223	2890	0.12268645
140223	133	0.122672886
140255	384	0.107820384
140255	3581	0.107820384
140255	232	0.10782038
140255	581	0.10782038
140255	732	0.10782038
140255	1436	0.10782038
140255	1512	0.10782038
140255	3625	0.10782038
140255	5125	0.10782038
140255	6388	0.10782038
140294	2323	0.12299623
140294	961	0.122996226
140294	4023	0.122996226
140294	2328	0.12299621
140294	2390	0.12299621
140294	2987	0.12299621
140294	3087	0.12299621
140294	4261	0.122996196
140294	1696	0.122996174
140294	155	0.12299617
140340	350	0.101405434
140340	1502	0.10140543
140340	5193	0.10140543
140340	5279	0.10140543
140340	1946	0.10140542
140340	1514	0.10140541
140340	1630	0.10140541
140340	5985	0.10140541
140340	1212	0.101405405
140340	3043	0.1014054
140410	1743	0.0973464
140410	2696	0.0973464
140410	4334	0.0973464
140410	5015	0.0973464
140410	5632	0.0973464
140410	298	0.097346395
140410	422	0.097346395
140410	504	0.097346395
140410	798	0.097346395
140410	892	0.097346395
140451	4026	0.09102225
140451	67	0.09102224
140451	971	0.09102224
140451	2545	0.09102224
140451	4029	0.09102224
140451	93	0.09102222
140451	1505	0.09102222
140451	3361	0.09102222
140451	6900	0.09102222
140451	1068	0.091022216
140555	72	0.10094933
140555	523	0.100949325
140555	2509	0.10094932
140555	5856	0.10094932
140555	6237	0.10094932
140555	385	0.10094931
140555	6435	0.10094931
140555	6756	0.10094931
140555	812	0.1009493
140555	1282	0.1009493
140662	6763	0.116476566
140662	944	0.11647656
140662	4695	0.11647656
140662	5333	0.11647656
140662	259	0.11647655
140662	546	0.11647655
140662	733	0.11647655
140662	1387	0.11647655
140662	1618	0.11647655
140662	1823	0.11647655
140763	193	0.10951546
140763	1207	0.10951546
140763	1731	0.10951546
140763	2997	0.10951546
140763	3234	0.10951546
140763	4197	0.10951546
140763	658	0.10951545
140763	1709	0.10951545
140763	1805	0.10951545
140763	2983	0.10951545
140863	5499	0.104364134
140863	6920	0.104364134
140863	551	0.10436413
140863	1547	0.10436413
140863	1963	0.10436411
140863	4473	0.10436411
140863	5109	0.10436411
140863	6362	0.10436411
140863	6828	0.10436411
140863	3173	0.104364105
140879	915	0.09441662
140879	4416	0.09439324
140879	6830	0.09439323
140879	5120	0.094327
140879	2223	0.09432698
140879	2857	0.093877345
140879	3196	0.093877345
140879	955	0.09387733
140879	4608	0.09387733
140879	2576	0.09387732
141010	79	0.10520872
141010	4342	0.10520872
141010	251	0.10520871
141010	1624	0.10520871
141010	2728	0.10520871
141010	3059	0.10520871
141010	4175	0.10520871
141010	4177	0.10520871
141010	4273	0.10520871
141010	4525	0.10520871
141047	1405	0.09912792
141047	3385	0.09912789
141047	974	0.09912788
141047	5431	0.09911658
141047	1094	0.099116564
141047	4165	0.09911655
141047	5864	0.099033296
141047	176	0.09903328
141047	5795	0.09903328
141047	675	0.099033274
141065	5369	0.11537796
141065	2083	0.115377955
141065	4368	0.115377955
141065	2043	0.11537795
141065	6236	0.11537795
141065	4144	0.11537794
141065	6049	0.11537794
141065	1845	0.11537793
141065	2621	0.11537793
141065	3821	0.11537793
141070	1034	0.116750374
141070	6346	0.116750374
141070	463	0.11675036
141070	1031	0.11675036
141070	2307	0.11675036
141070	2923	0.11675036
141070	4687	0.11675036
141070	6099	0.11675036
141070	2286	0.11675035
141070	2964	0.11675035
141089	6714	0.10596499
141089	1396	0.10596493
141089	4585	0.10596491
141089	5130	0.105673224
141089	230	0.10567319
141089	115	0.10567318
141089	3586	0.10567318
141089	286	0.105673164
141089	1117	0.105673164
141089	356	0.10567316
141109	631	0.11982901
141109	2860	0.119829
141109	3161	0.11982899
141109	598	0.119828984
141109	2018	0.119828984
141109	4291	0.119828984
141109	4669	0.119828984
141109	5871	0.119828984
141109	6339	0.119828984
141109	3654	0.11982898
141127	5453	0.11163876
141127	3287	0.111638755
141127	6609	0.11163874
141127	250	0.111638725
141127	3214	0.111638725
141127	3247	0.111638725
141127	3251	0.111638725
141127	6701	0.111638725
141127	3060	0.11163872
141127	3861	0.11163872
141201	95	0.09233424
141201	5695	0.092334226
141201	5326	0.091527075
141201	3931	0.09138725
141201	6190	0.09138724
141201	5133	0.09132751
141201	3780	0.09123307
141201	1908	0.09123305
141201	2210	0.09123305
141201	800	0.091233045
141210	4768	0.110742494
141210	4770	0.110742494
141210	1815	0.11074249
141210	1122	0.11074248
141210	1332	0.11074248
141210	2244	0.11074248
141210	3679	0.11074248
141210	3782	0.11074248
141210	4053	0.11074248
141210	4845	0.11074248
141309	6671	0.114206545
141309	2649	0.11420649
141309	2655	0.11420648
141309	99	0.11420647
141309	716	0.11420647
141309	5178	0.11420645
141309	1910	0.11371803
141309	1819	0.11371802
141309	1999	0.11371802
141309	2976	0.11371802
141310	3608	0.098921165
141310	4043	0.09892115
141310	6159	0.09892114
141310	5928	0.098921135
141310	3990	0.09892113
141310	5274	0.09892113
141310	5496	0.09892113
141310	2075	0.09892112
141310	2076	0.09892112
141310	2566	0.09892112
141444	170	0.123893484
141444	611	0.12389348
141444	1446	0.12389347
141444	1707	0.12389347
141444	7	0.123893455
141444	884	0.123893455
141444	1612	0.123893455
141444	6759	0.123893455
141444	2398	0.12389345
141444	3221	0.12389345
141491	976	0.11183748
141491	2934	0.11183747
141491	896	0.111837454
141491	3783	0.11183745
141491	3740	0.11183744
141491	5557	0.11183744
141491	1653	0.11183743
141491	1660	0.11183743
141491	5594	0.11183743
141491	2989	0.111837424
141493	607	0.15183106
141493	2143	0.15183106
141493	1639	0.15183105
141493	2207	0.15183105
141493	6685	0.15183105
141493	188	0.15183103
141493	801	0.15183103
141493	1062	0.15183103
141493	2653	0.15183103
141493	2787	0.15183103
141511	3917	0.121617615
141511	6122	0.12161761
141511	2016	0.12161759
141511	3256	0.12161759
141511	2169	0.121617585
141511	2494	0.121617585
141511	2577	0.121617585
141511	3580	0.121617585
141511	5258	0.121617585
141511	6051	0.121617585
141600	558	0.11351768
141600	1287	0.11351768
141600	726	0.11351767
141600	561	0.113517664
141600	1704	0.113517664
141600	4814	0.113517664
141600	1676	0.11351766
141600	5565	0.11351766
141600	5617	0.11351766
141600	5087	0.11351765
141704	1892	0.103882775
141704	1856	0.10388275
141704	206	0.10388274
141704	794	0.10388273
141704	1261	0.10388273
141704	1714	0.10388273
141704	5080	0.10388273
141704	1376	0.10388272
141704	4905	0.10388272
141704	3775	0.103882715
141710	5121	0.11336771
141710	815	0.11336768
141710	1951	0.11336766
141710	5641	0.11260214
141710	4951	0.11260213
141710	6091	0.11260212
141710	4245	0.112602115
141710	1040	0.1126021
141710	3209	0.1126021
141710	427	0.112602085
141719	5461	0.10436021
141719	3895	0.104360186
141719	97	0.10436018
141719	6766	0.10436017
141719	6619	0.10436016
141719	6892	0.10436016
141719	702	0.10436015
141719	1104	0.10436015
141719	6053	0.10436015
141719	2023	0.10436013
141805	320	0.120084435
141805	4014	0.120084435
141805	346	0.12008443
141805	3743	0.12008443
141805	1090	0.12008442
141805	1629	0.12008442
141805	1855	0.12008442
141805	2338	0.12008442
141805	4217	0.12008442
141805	4464	0.12008442
141819	726	0.093204685
141819	1287	0.09320468
141819	4814	0.09320468
141819	558	0.09320467
141819	561	0.09320467
141819	842	0.09320466
141819	956	0.09320466
141819	1622	0.09320466
141819	1676	0.09320466
141819	1704	0.09320466
141871	6564	0.11622237
141871	2746	0.11622236
141871	1955	0.11622235
141871	2963	0.11622235
141871	5255	0.11622235
141871	3659	0.11622234
141871	3921	0.11622234
141871	3583	0.11622233
141871	5951	0.11622232
141871	3884	0.11622231
141888	3285	0.09676811
141888	3913	0.09676811
141888	3197	0.0967681
141888	4062	0.0967681
141888	5923	0.0967681
141888	6446	0.0967681
141888	388	0.096768096
141888	2800	0.096768096
141888	3550	0.096768096
141888	4169	0.096768096
141901	3458	0.13720031
141901	5392	0.13720031
141901	314	0.1372003
141901	3182	0.1372003
141901	3732	0.1372003
141901	6703	0.1372003
141901	4796	0.13720028
141901	952	0.13720027
141901	2973	0.13720027
141901	228	0.13720025
141902	2696	0.09811013
141902	422	0.098110124
141902	504	0.098110124
141902	3624	0.098110124
141902	4334	0.098110124
141902	5632	0.098110124
141902	5781	0.098110124
141902	5899	0.098110124
141902	798	0.09811012
141902	892	0.09811012
141958	4844	0.115567416
141958	4452	0.1155674
141958	4547	0.1155674
141958	2941	0.11556739
141958	1950	0.115567386
141958	2841	0.115567386
141958	4942	0.115567386
141958	2051	0.11556735
141958	575	0.11547534
141958	3768	0.11547534
142005	456	0.10625652
142005	4573	0.1062565
142005	1401	0.10625649
142005	1102	0.106256485
142005	3456	0.10625647
142005	3644	0.106256455
142005	4739	0.10625645
142005	4017	0.10625644
142005	1430	0.105948016
142005	2403	0.105948016
142017	5823	0.1103416
142017	2533	0.11034159
142017	2563	0.11034159
142017	3088	0.11034159
142017	5729	0.110341586
142017	2864	0.110341564
142017	2863	0.11034156
142017	638	0.110341534
142017	6648	0.11018055
142017	2532	0.110180534
142062	6122	0.10046068
142062	3256	0.10046067
142062	3917	0.10046067
142062	2169	0.10046066
142062	2208	0.10046066
142062	3580	0.10046066
142062	6382	0.10046066
142062	6808	0.10046066
142062	2016	0.100460656
142062	2494	0.100460656
142121	5130	0.12594569
142121	115	0.12594563
142121	3586	0.12594563
142121	230	0.12594561
142121	286	0.12594561
142121	356	0.1259456
142121	1117	0.1259456
142121	1333	0.12594557
142121	2890	0.12594557
142121	1430	0.12563689
142134	5043	0.10556425
142134	1812	0.105564244
142134	5448	0.105564244
142134	1089	0.10556424
142134	4737	0.10556424
142134	5485	0.10556423
142134	690	0.10556422
142134	988	0.10556422
142134	1596	0.10556422
142134	1781	0.10556422
142143	5105	0.104977414
142143	4087	0.1049774
142143	282	0.10497739
142143	337	0.10497739
142143	52	0.104977384
142143	457	0.104977384
142143	3506	0.104977384
142143	4315	0.104977384
142143	4545	0.104977384
142143	5016	0.104977384
142212	1440	0.10098097
142212	2090	0.10098095
142212	4202	0.10098095
142212	3697	0.100980945
142212	6886	0.100980945
142212	1087	0.10098094
142212	4468	0.10098094
142212	4757	0.10098094
142212	5613	0.10098094
142212	5675	0.10098094
142253	1430	0.08605844
142253	6663	0.08605844
142253	1188	0.08605842
142253	1248	0.08605842
142253	171	0.086058415
142253	2403	0.086058415
142253	3701	0.086058415
142253	114	0.08605841
142253	2738	0.08605841
142253	5559	0.08605841
142256	1626	0.109876424
142256	3468	0.10987641
142256	416	0.109876394
142256	3738	0.109876394
142256	5525	0.109876394
142256	6611	0.109876394
142256	6678	0.109876394
142256	127	0.10987639
142256	243	0.10987638
142256	1568	0.10987638
142398	733	0.10087247
142398	944	0.10087247
142398	1618	0.10087247
142398	2687	0.10087247
142398	5150	0.10087247
142398	546	0.100872464
142398	648	0.100872464
142398	1813	0.100872464
142398	3647	0.100872464
142398	4695	0.100872464
142442	5539	0.09183356
142442	1969	0.09183354
142442	2572	0.09128371
142442	6595	0.089546055
142442	6136	0.08954605
142442	5277	0.08846189
142442	4457	0.08737081
142442	492	0.0873708
142442	5093	0.08737078
142442	6211	0.087370776
142479	1731	0.11299284
142479	2983	0.11299284
142479	3234	0.11299284
142479	1709	0.11299283
142479	2997	0.11299283
142479	100	0.11299282
142479	193	0.11299282
142479	1207	0.11299282
142479	1627	0.11299282
142479	1805	0.11299282
142565	976	0.0997901
142565	2934	0.0997901
142565	896	0.09979009
142565	3783	0.099790074
142565	1653	0.09979007
142565	3740	0.09979007
142565	5557	0.09979007
142565	5594	0.09979007
142565	1660	0.09979005
142565	2989	0.09979005
142579	320	0.10207103
142579	3743	0.10207103
142579	4014	0.102071024
142579	236	0.10207102
142579	346	0.10207102
142579	1442	0.10207102
142579	1567	0.10207102
142579	1629	0.10207102
142579	1730	0.10207102
142579	1855	0.10207102
142584	908	0.09127456
142584	1471	0.09127456
142584	2158	0.09127456
142584	2856	0.09127456
142584	4381	0.09127456
142584	4865	0.09127456
142584	4483	0.09127455
142584	2128	0.091274545
142584	2805	0.091274545
142584	3215	0.091274545
142600	2480	0.09697588
142600	1100	0.09697586
142600	6015	0.09697585
142600	4142	0.09592107
142600	4054	0.09592106
142600	4852	0.09592106
142600	3906	0.09592105
142600	4301	0.09592104
142600	5799	0.09592103
142600	667	0.09592101
142623	110	0.107022405
142623	6765	0.1070224
142623	1752	0.10702239
142623	6043	0.10702239
142623	6676	0.10702239
142623	700	0.10702238
142623	2640	0.10702238
142623	4720	0.10702238
142623	1154	0.107022375
142623	1159	0.107022375
142661	4617	0.091863066
142661	3955	0.09186305
142661	3803	0.09186304
142661	3342	0.091863036
142661	3427	0.091863036
142661	5106	0.091863036
142661	5601	0.091863036
142661	5705	0.091863036
142661	6395	0.091863036
142661	2236	0.09186302
142671	269	0.09842712
142671	797	0.09842712
142671	1311	0.09842712
142671	2605	0.09842712
142671	4308	0.09842712
142671	4595	0.09842712
142671	6356	0.09842712
142671	6472	0.09842712
142671	6636	0.09842712
142671	2271	0.09842711
142672	3765	0.11693596
142672	788	0.11693595
142672	2842	0.11693595
142672	6331	0.11693595
142672	6440	0.11693595
142672	4558	0.116935946
142672	748	0.11693594
142672	811	0.11693594
142672	1425	0.11693594
142672	1552	0.11693594
142680	696	0.10859048
142680	2504	0.10859048
142680	1550	0.10859047
142680	61	0.108590454
142680	410	0.108590454
142680	530	0.108590454
142680	635	0.108590454
142680	4187	0.108590454
142680	4188	0.108590454
142680	4791	0.108590454
142715	3598	0.099178895
142715	1461	0.09902541
142715	3481	0.0990254
142715	6748	0.09902539
142715	1141	0.09902538
142715	4752	0.09902538
142715	6152	0.09902537
142715	6788	0.09902537
142715	87	0.09858324
142715	4258	0.09858324
142745	696	0.12179682
142745	2504	0.12179682
142745	410	0.12179681
142745	61	0.1217968
142745	1578	0.1217968
142745	240	0.121796794
142745	635	0.12179679
142745	1550	0.12179679
142745	2175	0.12179679
142745	3329	0.12179679
142801	1508	0.111907184
142801	3492	0.11190716
142801	65	0.111907154
142801	3100	0.111907154
142801	1120	0.11190715
142801	3607	0.11190715
142801	6621	0.11190715
142801	3661	0.11190714
142801	5735	0.11190714
142801	3387	0.11190712
142817	4176	0.106903896
142817	3184	0.10656932
142817	1589	0.1065693
142817	3431	0.1065693
142817	4812	0.1065693
142817	4946	0.1065693
142817	6591	0.1065693
142817	380	0.10656929
142817	3183	0.10656929
142817	4114	0.10656929
142823	110	0.1086027
142823	700	0.1086027
142823	6765	0.1086027
142823	1752	0.10860269
142823	2569	0.10860269
142823	2640	0.10860269
142823	6043	0.10860269
142823	6326	0.10860269
142823	6676	0.10860269
142823	1144	0.10860268
142861	2269	0.098968215
142861	539	0.09896821
142861	1579	0.09896821
142861	2880	0.09896821
142861	2465	0.0989682
142861	3286	0.0989682
142861	5696	0.0989682
142861	2354	0.09896819
142861	2920	0.09896819
142861	4433	0.09896819
143009	2134	0.124634854
143009	531	0.12463483
143009	545	0.12463483
143009	1307	0.12463483
143009	5422	0.12463483
143009	3303	0.124634825
143009	5887	0.124634825
143009	3051	0.12463482
143009	3859	0.12463482
143009	4214	0.12463482
143011	384	0.11743323
143011	232	0.11743322
143011	581	0.11743322
143011	732	0.11743322
143011	3581	0.11743322
143011	3625	0.11743322
143011	6388	0.11743322
143011	1680	0.11743321
143011	3480	0.11743321
143011	411	0.117433205
143103	0	0.11735229
143103	6374	0.11735229
143103	4097	0.11424476
143103	369	0.11424475
143103	868	0.113469325
143103	3270	0.11207089
143103	998	0.11082073
143103	919	0.10941915
143103	5861	0.10941906
143103	6653	0.10941906
143134	1430	0.10172738
143134	6663	0.10172738
143134	1248	0.10172737
143134	2403	0.10172737
143134	3701	0.10172736
143134	5559	0.10172736
143134	114	0.10172735
143134	1188	0.10172735
143134	2738	0.10172735
143134	171	0.101727344
143163	5461	0.11004604
143163	3895	0.110046014
143163	97	0.110046
143163	6766	0.110046
143163	6892	0.110046
143163	702	0.110045984
143163	6619	0.110045984
143163	6053	0.11004598
143163	1104	0.11004597
143163	6096	0.11004597
143211	2934	0.12869829
143211	976	0.12869827
143211	896	0.12869826
143211	3783	0.12869826
143211	1653	0.12869823
143211	1660	0.12869823
143211	3740	0.12869823
143211	5557	0.12869823
143211	5594	0.12869823
143211	2989	0.12869821
143253	5931	0.11298227
143253	2925	0.11298226
143253	2488	0.11298224
143253	6451	0.11298224
143253	4615	0.11298223
143253	6115	0.11298222
143253	3936	0.11298221
143253	3974	0.11298221
143253	5806	0.11174983
143253	6639	0.11174983
143294	2874	0.10382016
143294	5835	0.10363351
143294	4810	0.10315532
143294	5319	0.10311046
143294	2722	0.10310395
143294	29	0.10292582
143294	6124	0.102880895
143294	32	0.10288088
143294	1863	0.10288088
143294	3216	0.10288088
143302	2752	0.10334088
143302	5558	0.10334088
143302	6341	0.10334088
143302	628	0.10334087
143302	4293	0.10334087
143302	2220	0.103340864
143302	2669	0.103340864
143302	2803	0.103340864
143302	3018	0.103340864
143302	3916	0.103340864
143388	79	0.11062507
143388	4175	0.11062507
143388	4273	0.11062507
143388	4342	0.11062507
143388	5122	0.11062507
143388	1624	0.110625066
143388	3059	0.110625066
143388	4177	0.110625066
143388	168	0.11062506
143388	251	0.11062506
143400	6708	0.12096803
143400	1943	0.120968014
143400	5052	0.120968014
143400	6540	0.120968014
143400	1830	0.120968
143400	721	0.12096799
143400	4746	0.12096799
143400	2935	0.120967984
143400	3527	0.120967984
143400	5149	0.120967984
143415	384	0.11834207
143415	581	0.118342064
143415	732	0.11834206
143415	3480	0.11834206
143415	3581	0.11834206
143415	5156	0.11834206
143415	6388	0.11834206
143415	1680	0.11834205
143415	3625	0.11834205
143415	232	0.11834204
143427	1922	0.113345005
143427	5012	0.113345005
143427	6048	0.113345005
143427	3248	0.113345
143427	3264	0.113345
143427	4083	0.113345
143427	219	0.11334498
143427	5944	0.113344975
143427	221	0.11334497
143427	1834	0.11334497
143497	193	0.13057095
143497	658	0.13057095
143497	744	0.13057095
143497	1709	0.13057095
143497	1731	0.13057095
143497	2983	0.13057095
143497	2997	0.13057095
143497	3234	0.13057095
143497	6887	0.13057095
143497	1207	0.13057093
143715	110	0.13281569
143715	1752	0.13281569
143715	6765	0.13281569
143715	700	0.13281567
143715	2640	0.13281567
143715	6043	0.13281567
143715	6676	0.13281567
143715	1144	0.13281566
143715	1159	0.13281566
143715	1360	0.13281566
143743	701	0.10883534
143743	1957	0.10883534
143743	6652	0.10883534
143743	1513	0.108835325
143743	68	0.10883532
143743	5461	0.108003326
143743	3895	0.1080033
143743	97	0.10800329
143743	6766	0.10800329
143743	6892	0.10800328
143792	110	0.111233965
143792	1752	0.111233965
143792	6043	0.111233965
143792	6676	0.11123396
143792	6765	0.11123396
143792	2179	0.11123395
143792	2569	0.11123395
143792	2640	0.11123395
143792	3469	0.11123395
143792	6326	0.11123395
143809	1731	0.12186044
143809	193	0.121860415
143809	658	0.121860415
143809	744	0.121860415
143809	1709	0.121860415
143809	2983	0.121860415
143809	2997	0.121860415
143809	3234	0.121860415
143809	4197	0.121860415
143809	6887	0.121860415
143837	6488	0.11005774
143837	688	0.110057734
143837	134	0.11005773
143837	2164	0.11005773
143837	2340	0.11005773
143837	3217	0.11005773
143837	1739	0.11005772
143837	2173	0.11005772
143837	2423	0.11005772
143837	1233	0.11005771
143909	523	0.110659085
143909	72	0.11065908
143909	5856	0.11065907
143909	2509	0.11065906
143909	2882	0.11065906
143909	3727	0.11065906
143909	6237	0.11065906
143909	812	0.110659055
143909	1282	0.110659055
143909	4620	0.110659055
143939	4702	0.10190347
143939	3473	0.101854086
143939	6426	0.101854086
143939	3219	0.10185405
143939	2717	0.10185404
143939	4303	0.10185404
143939	5366	0.101364985
143939	69	0.10136498
143939	5121	0.100844294
143939	815	0.10084426
143964	6430	0.108085506
143964	3271	0.10808546
143964	5020	0.10808544
143964	780	0.10808542
143964	5716	0.10808542
143964	6731	0.108085416
143964	358	0.107953966
143964	3662	0.10795396
143964	871	0.10795395
143964	2508	0.10795394
143965	1231	0.12940021
143965	1693	0.1294002
143965	1725	0.1294002
143965	3566	0.1294002
143965	4311	0.1294002
143965	4526	0.1294002
143965	4816	0.1294002
143965	5551	0.1294002
143965	6155	0.1294002
143965	6299	0.1294002
143968	4222	0.09939091
143968	3170	0.09939089
143968	3409	0.09939089
143968	1895	0.09939088
143968	1771	0.099390864
143968	3769	0.099390864
143968	1779	0.09939086
143968	6749	0.09939086
143968	3798	0.09939085
143968	1528	0.099390835
144017	3946	0.11506727
144017	4189	0.115067266
144017	714	0.11506726
144017	2322	0.11506726
144017	4665	0.11506725
144017	5025	0.11506725
144017	6012	0.11506725
144017	481	0.11506724
144017	1903	0.11506724
144017	2518	0.11506724
144038	5105	0.08835813
144038	3506	0.08835812
144038	4087	0.08835812
144038	5053	0.08835812
144038	52	0.08835811
144038	282	0.08835811
144038	4545	0.08835811
144038	337	0.088358104
144038	457	0.088358104
144038	883	0.088358104
144062	118	0.11716001
144062	184	0.11716001
144062	5817	0.11716
144062	540	0.11715999
144062	1667	0.11715999
144062	4704	0.11715999
144062	5992	0.11715999
144062	6814	0.11715999
144062	1506	0.117159985
144062	2978	0.117159985
144151	631	0.10544099
144151	598	0.105440974
144151	2018	0.105440974
144151	2860	0.105440974
144151	3161	0.105440974
144151	4291	0.105440974
144151	4669	0.105440974
144151	5871	0.105440974
144151	6324	0.105440974
144151	6339	0.105440974
144194	1023	0.110793434
144194	4221	0.1107934
144194	994	0.110793374
144194	1501	0.11022413
144194	1937	0.11022411
144194	538	0.11022409
144194	1659	0.11022409
144194	302	0.11022408
144194	1545	0.11022408
144194	1916	0.11022408
144223	1917	0.09698086
144223	2510	0.09678109
144223	3457	0.096760236
144223	5618	0.09676023
144223	5918	0.09676022
144223	341	0.09676021
144223	831	0.09676021
144223	2776	0.09676021
144223	6184	0.09676021
144223	3376	0.09676018
144229	1879	0.11050257
144229	4321	0.11050257
144229	4579	0.11050257
144229	6060	0.11050256
144229	6536	0.11050256
144229	6687	0.11050256
144229	10	0.110502556
144229	1009	0.110502556
144229	3928	0.110502556
144229	6534	0.110502556
144241	1349	0.12065012
144241	2168	0.118767306
144241	2676	0.118767306
144241	3088	0.11540063
144241	5729	0.11540063
144241	5823	0.11540061
144241	2563	0.11540059
144241	2533	0.11540058
144241	2863	0.11540058
144241	2864	0.11540058
144255	5195	0.11718838
144255	3479	0.11718835
144255	1399	0.117188334
144255	6114	0.117188334
144255	5913	0.11718832
144255	512	0.117124066
144255	3116	0.117124036
144255	206	0.116824254
144255	1892	0.116824254
144255	1856	0.11682425
144315	2269	0.10747409
144315	539	0.107474074
144315	1579	0.107474074
144315	3286	0.107474074
144315	2880	0.10747407
144315	2354	0.10747406
144315	2465	0.10747406
144315	2920	0.10747406
144315	4433	0.10747406
144315	5242	0.10747406
144318	3743	0.1110419
144318	320	0.11104189
144318	346	0.11104189
144318	1629	0.11104189
144318	1855	0.11104189
144318	4014	0.11104189
144318	4217	0.11104189
144318	180	0.11104188
144318	755	0.11104188
144318	2575	0.11104188
144455	3780	0.10177233
144455	1908	0.101772316
144455	800	0.10177231
144455	2210	0.10177231
144455	2216	0.10177231
144455	3942	0.1017723
144455	5111	0.1017723
144455	6559	0.1017723
144455	1800	0.101772286
144455	2217	0.10177228
144478	3327	0.13088456
144478	4835	0.13088456
144478	83	0.13088453
144478	1002	0.13088453
144478	1524	0.13088453
144478	2278	0.13088453
144478	4133	0.13088453
144478	4154	0.13088453
144478	4239	0.13088453
144478	4920	0.13088453
144516	6708	0.12850724
144516	1830	0.12850723
144516	5052	0.12850723
144516	6540	0.12850723
144516	1943	0.12850721
144516	721	0.1285072
144516	2935	0.1285072
144516	3439	0.1285072
144516	4746	0.12850718
144516	5995	0.12850718
144531	5911	0.09561093
144531	6321	0.09561093
144531	414	0.095610924
144531	3199	0.095610924
144531	2102	0.09561092
144531	6462	0.09561091
144531	78	0.095610894
144531	905	0.09530454
144531	1708	0.09530454
144531	6059	0.09530454
144555	4175	0.10970314
144555	79	0.10970312
144555	1624	0.10970312
144555	3059	0.10970312
144555	4177	0.10970312
144555	4273	0.10970312
144555	4342	0.10970312
144555	4525	0.10970312
144555	5122	0.10970312
144555	6532	0.10970312
144619	320	0.10298842
144619	346	0.102988414
144619	4217	0.102988414
144619	177	0.10298841
144619	180	0.10298841
144619	755	0.10298841
144619	1453	0.10298841
144619	1567	0.10298841
144619	1629	0.10298841
144619	1658	0.10298841
144632	2134	0.115415744
144632	531	0.11541574
144632	3303	0.11541573
144632	545	0.11541572
144632	1307	0.11541572
144632	3051	0.11541572
144632	5887	0.11541572
144632	5422	0.115415715
144632	1720	0.11541571
144632	2553	0.11541571
144667	3184	0.12045315
144667	4114	0.12045315
144667	380	0.120453134
144667	4812	0.120453134
144667	4946	0.120453134
144667	5556	0.120453134
144667	1063	0.12045313
144667	1589	0.12045313
144667	3910	0.12045313
144667	2079	0.12045312
144707	3297	0.114927754
144707	3503	0.114927754
144707	6215	0.114927754
144707	3636	0.11492774
144707	5293	0.11492774
144707	549	0.114927724
144707	4118	0.114927724
144707	6345	0.114927724
144707	248	0.11492772
144707	4632	0.11492772
144727	6698	0.109112695
144727	269	0.10911268
144727	797	0.10911268
144727	6356	0.10911268
144727	6472	0.10911268
144727	6903	0.10911268
144727	6039	0.10911267
144727	249	0.109112665
144727	1311	0.109112665
144727	1794	0.109112665
144828	4857	0.10242136
144828	5136	0.10242134
144828	408	0.10242131
144828	2229	0.10242131
144828	5467	0.1024213
144828	742	0.102191016
144828	2852	0.102190994
144828	4840	0.1021104
144828	338	0.102110386
144828	5517	0.10211038
144899	2230	0.12821639
144899	2407	0.12821639
144899	3313	0.12821639
144899	4183	0.12821639
144899	1176	0.12821637
144899	2224	0.12821637
144899	3892	0.12821637
144899	695	0.12821636
144899	1576	0.12821636
144899	2234	0.12821636
144910	6346	0.11107011
144910	1034	0.1110701
144910	2307	0.1110701
144910	6061	0.1110701
144910	6099	0.1110701
144910	463	0.11107009
144910	1031	0.11107009
144910	2008	0.11107009
144910	2964	0.11107009
144910	3796	0.11107009
144925	3619	0.121482655
144925	4100	0.121482655
144925	436	0.12148264
144925	719	0.12148264
144925	2684	0.12148264
144925	4036	0.12148264
144925	4745	0.12148264
144925	1169	0.12148263
144925	4025	0.12148263
144925	6187	0.12148263
144953	320	0.09963584
144953	346	0.09963584
144953	1567	0.09963584
144953	1726	0.09963584
144953	1855	0.09963584
144953	2339	0.09963584
144953	3259	0.09963584
144953	3501	0.09963584
144953	3743	0.09963584
144953	4014	0.09963584
144997	1626	0.08800039
144997	3468	0.08800037
144997	5525	0.08800037
144997	6611	0.088000365
144997	127	0.08800036
144997	243	0.08800036
144997	416	0.08800036
144997	3544	0.08800036
144997	3738	0.08800036
144997	4743	0.08800036
145003	5311	0.10830664
145003	2052	0.10830663
145003	904	0.108306624
145003	5298	0.108306624
145003	1127	0.10830662
145003	4380	0.10830662
145003	4484	0.10830662
145003	5649	0.10830662
145003	6028	0.10830662
145003	4639	0.10830661
145109	2385	0.08880778
145109	5116	0.08804907
145109	3987	0.08804904
145109	826	0.088049024
145109	5782	0.088000104
145109	3608	0.087603495
145109	4043	0.08760348
145109	6159	0.08760348
145109	2075	0.087603465
145109	2076	0.087603465
145165	2752	0.10245605
145165	2803	0.10245605
145165	3018	0.10245605
145165	4293	0.10245605
145165	5558	0.10245605
145165	6341	0.10245605
145165	628	0.10245604
145165	3916	0.10245604
145165	3978	0.10245604
145165	4403	0.10245604
145218	4175	0.10688972
145218	79	0.10688971
145218	1624	0.10688971
145218	3059	0.10688971
145218	4177	0.10688971
145218	4273	0.10688971
145218	4342	0.10688971
145218	4525	0.10688971
145218	5122	0.10688971
145218	6532	0.10688971
145369	3327	0.11769297
145369	4835	0.117692955
145369	4154	0.11769295
145369	5046	0.11769295
145369	294	0.11769294
145369	174	0.11769293
145369	1002	0.11769293
145369	1379	0.11769293
145369	1524	0.11769293
145369	1728	0.11769293
145449	6346	0.12778851
145449	1034	0.1277885
145449	2307	0.1277885
145449	112	0.12778848
145449	463	0.12778848
145449	484	0.12778848
145449	1031	0.12778848
145449	1869	0.12778848
145449	2008	0.12778848
145449	2150	0.12778848
145543	5792	0.11008457
145543	1303	0.11008456
145543	2357	0.11008456
145543	4703	0.11008456
145543	1873	0.11008455
145543	2549	0.11008455
145543	3534	0.11008455
145543	4936	0.11008455
145543	6428	0.11008455
145543	513	0.11008454
145619	688	0.14114669
145619	6488	0.14114669
145619	1739	0.14114667
145619	2340	0.14114667
145619	2423	0.14114667
145619	3217	0.14114667
145619	134	0.14114666
145619	1229	0.14114666
145619	1233	0.14114666
145619	1341	0.14114666
145641	350	0.0941008
145641	1502	0.094100796
145641	1514	0.09410079
145641	1946	0.09410079
145641	5279	0.09410079
145641	1212	0.09410078
145641	5193	0.09410078
145641	1630	0.09410077
145641	5985	0.09410077
145641	3043	0.094100766
145644	5984	0.12331997
145644	5482	0.123319946
145644	6287	0.12331994
145644	3426	0.12331993
145644	5200	0.12331993
145644	4085	0.123319924
145644	4439	0.123319924
145644	6436	0.123319924
145644	2089	0.12331992
145644	3886	0.12331992
145737	3615	0.12518394
145737	6097	0.12518393
145737	1559	0.12518391
145737	2360	0.12518391
145737	5027	0.1251839
145737	1830	0.12515603
145737	6540	0.12515603
145737	1943	0.12515602
145737	5052	0.12515602
145737	6708	0.12515602
145861	4293	0.111355335
145861	5558	0.111355335
145861	6341	0.111355335
145861	2752	0.11135533
145861	2803	0.11135533
145861	628	0.11135532
145861	3018	0.11135532
145861	4403	0.11135532
145861	2669	0.11135531
145861	3978	0.11135531
145887	2782	0.109536424
145887	1398	0.10953641
145887	1541	0.10953641
145887	1616	0.1095364
145887	3559	0.1095364
145887	5469	0.1095364
145887	672	0.109536394
145887	1095	0.109536394
145887	2176	0.109536394
145887	2356	0.109536394
145959	1024	0.10744394
145959	2830	0.10744394
145959	351	0.10744393
145959	697	0.10744393
145959	1880	0.10744393
145959	2479	0.10744393
145959	3626	0.10744393
145959	3676	0.10744393
145959	3846	0.10744393
145959	4157	0.10744393
146057	79	0.10974963
146057	3059	0.10974963
146057	4175	0.10974962
146057	4273	0.10974962
146057	168	0.109749615
146057	251	0.109749615
146057	1624	0.109749615
146057	3671	0.109749615
146057	4177	0.109749615
146057	4342	0.109749615
146078	4756	0.13088617
146078	3572	0.13088612
146078	2304	0.13088611
146078	5530	0.13088611
146078	6544	0.13088611
146078	1722	0.1308861
146078	6140	0.1308861
146078	3349	0.13088608
146078	4384	0.13088608
146078	4175	0.13019352
146083	2107	0.11764684
146083	3564	0.11764684
146083	1602	0.11764681
146083	5044	0.11764681
146083	5048	0.11764681
146083	5441	0.11764681
146083	3333	0.1176468
146083	6908	0.1176468
146083	3198	0.11764679
146083	6154	0.11764679
146113	778	0.091246724
146113	1288	0.0912467
146113	1967	0.0912467
146113	466	0.091246694
146113	1633	0.091246694
146113	3207	0.091246694
146113	3669	0.091246694
146113	4971	0.091246694
146113	5514	0.091246694
146113	5519	0.091246694
146175	3326	0.096377
146175	3405	0.096376985
146175	6079	0.096376985
146175	1088	0.09637698
146175	6104	0.09637697
146175	1851	0.09632112
146175	3176	0.09632112
146175	279	0.09632111
146175	2362	0.0963211
146175	432	0.09632109
146207	763	0.11674228
146207	5011	0.116742276
146207	4846	0.11674227
146207	6683	0.11674226
146207	2838	0.11674225
146207	3489	0.11674225
146207	3667	0.11674225
146207	4811	0.11674225
146207	4059	0.11674224
146207	6628	0.11674224
146230	176	0.13025716
146230	5795	0.13025716
146230	5864	0.13025716
146230	6740	0.13025716
146230	440	0.13025714
146230	675	0.13025714
146230	3399	0.13025714
146230	1380	0.13025713
146230	2335	0.13025713
146230	2516	0.13025713
146266	79	0.11784409
146266	4175	0.11784409
146266	1624	0.11784408
146266	4273	0.11784408
146266	3059	0.117844075
146266	4342	0.117844075
146266	6532	0.117844075
146266	251	0.11784407
146266	2728	0.11784407
146266	4177	0.11784407
146298	5479	0.11828043
146298	2797	0.11767924
146298	3267	0.117417574
146298	5349	0.117417574
146298	5350	0.11741757
146298	2262	0.11741755
146298	4481	0.11741754
146298	6728	0.11741754
146298	2264	0.117324464
146298	2135	0.116734646
146345	149	0.09858472
146345	3545	0.09858471
146345	893	0.098584704
146345	5768	0.098584704
146345	26	0.0985847
146345	441	0.0985847
146345	761	0.0985847
146345	3634	0.09858468
146345	4314	0.09858467
146345	4453	0.09858467
146348	1812	0.104104504
146348	5043	0.104104504
146348	5448	0.104104504
146348	1089	0.10410449
146348	5485	0.10410449
146348	690	0.10410448
146348	1781	0.10410448
146348	4737	0.10410448
146348	71	0.104104474
146348	560	0.104104474
146386	829	0.12043558
146386	1888	0.12043558
146386	4115	0.12043558
146386	2241	0.120435566
146386	3325	0.12043555
146386	4330	0.12043555
146386	5681	0.12043555
146386	4631	0.12043553
146386	3858	0.120435506
146386	6048	0.12006074
146421	2752	0.11348778
146421	3018	0.11348778
146421	4293	0.11348777
146421	5558	0.11348777
146421	6341	0.11348777
146421	2669	0.113487765
146421	2803	0.113487765
146421	3916	0.113487765
146421	4403	0.113487765
146421	628	0.11348776
146530	437	0.087124884
146530	1030	0.087124884
146530	1648	0.08712487
146530	3073	0.08712487
146530	4344	0.08712487
146530	4977	0.08712487
146530	5066	0.08712487
146530	6454	0.08712487
146530	34	0.08712486
146530	651	0.087124854
146564	384	0.090955004
146564	581	0.090955004
146564	732	0.090955
146564	3480	0.090955
146564	1436	0.09095499
146564	3581	0.09095499
146564	3625	0.09095499
146564	4250	0.09095499
146564	5156	0.09095499
146564	6388	0.09095499
146573	259	0.09704171
146573	326	0.097041704
146573	733	0.097041704
146573	3647	0.097041704
146573	5150	0.097041704
146573	6763	0.097041704
146573	546	0.0970417
146573	648	0.0970417
146573	944	0.0970417
146573	1387	0.0970417
146641	2531	0.11912041
146641	3244	0.11912039
146641	2898	0.11912037
146641	4580	0.119120345
146641	5418	0.117428616
146641	6405	0.117428586
146641	2017	0.11742853
146641	5171	0.11728901
146641	1170	0.11713839
146641	1038	0.11713836
146699	346	0.1083826
146699	1855	0.1083826
146699	2339	0.1083826
146699	159	0.10838259
146699	2575	0.10838259
146699	4217	0.10838259
146699	320	0.10838258
146699	755	0.10838258
146699	1090	0.10838258
146699	1453	0.10838258
146778	2045	0.10070431
146778	3555	0.100704305
146778	3611	0.100704305
146778	3922	0.100704305
146778	4716	0.100704305
146778	1522	0.1007043
146778	2377	0.1007043
146778	3374	0.1007043
146778	5743	0.1007043
146778	246	0.10070428
146803	3710	0.10872342
146803	733	0.10872341
146803	546	0.1087234
146803	648	0.1087234
146803	944	0.1087234
146803	1387	0.1087234
146803	1823	0.1087234
146803	2687	0.1087234
146803	4695	0.1087234
146803	5150	0.1087234
146855	3917	0.08987194
146855	3256	0.08987193
146855	6808	0.08987193
146855	3580	0.08987192
146855	6122	0.08987192
146855	2016	0.08987191
146855	2494	0.08987191
146855	2577	0.08987191
146855	3919	0.08987191
146855	5018	0.08987191
146874	1444	0.09208916
146874	6316	0.092089154
146874	1338	0.09208915
146874	2579	0.09208915
146874	5505	0.09208915
146874	5916	0.09208915
146874	6785	0.09208915
146874	4874	0.09208913
146874	5387	0.09208913
146874	2064	0.09186063
146932	110	0.104565434
146932	700	0.10456543
146932	2569	0.10456543
146932	6043	0.10456543
146932	6676	0.10456543
146932	6765	0.10456543
146932	1752	0.10456542
146932	2640	0.10456542
146932	1144	0.10456541
146932	1154	0.10456541
147045	4235	0.10324818
147045	5834	0.10324818
147045	3300	0.10324817
147045	3407	0.103248164
147045	462	0.10324816
147045	2316	0.10324815
147045	2905	0.10324815
147045	2349	0.103248134
147045	3428	0.103248134
147045	526	0.10299887
147141	2808	0.12184338
147141	3939	0.12184338
147141	5382	0.121843375
147141	676	0.12184337
147141	914	0.12184337
147141	2410	0.12184337
147141	3726	0.12184337
147141	4589	0.12184337
147141	1756	0.12184336
147141	3717	0.12184336
147224	696	0.12462674
147224	2504	0.12462674
147224	61	0.124626726
147224	410	0.124626726
147224	1550	0.12462671
147224	1578	0.12462671
147224	240	0.1246267
147224	635	0.1246267
147224	5227	0.1246267
147224	446	0.124626696
147307	1888	0.12035681
147307	4115	0.12035681
147307	829	0.120356806
147307	2241	0.1203568
147307	3325	0.12035678
147307	4330	0.120356776
147307	5681	0.12035677
147307	4631	0.12035676
147307	3858	0.120356746
147307	4969	0.12011568
147385	778	0.10553011
147385	1288	0.10553009
147385	5519	0.10553009
147385	466	0.10553008
147385	1633	0.10553008
147385	1967	0.10553008
147385	5514	0.10553008
147385	5546	0.10553008
147385	6802	0.10553008
147385	1662	0.105530076
147420	6671	0.09775649
147420	2649	0.09775646
147420	2655	0.097756445
147420	99	0.09775644
147420	716	0.09775642
147420	5178	0.09775641
147420	1207	0.09720833
147420	2997	0.09720832
147420	3613	0.09720832
147420	744	0.09720831
147451	5105	0.112321
147451	4087	0.11232098
147451	282	0.112320974
147451	457	0.112320974
147451	3506	0.112320974
147451	5053	0.112320974
147451	6216	0.112320974
147451	883	0.11232097
147451	5016	0.11232097
147451	52	0.11232096
147528	733	0.09889375
147528	1618	0.09889375
147528	2687	0.09889375
147528	3647	0.09889375
147528	4695	0.09889375
147528	4968	0.09889375
147528	5150	0.09889375
147528	1823	0.09889374
147528	2001	0.09889374
147528	5019	0.09889374
147678	4235	0.10882444
147678	5834	0.10882444
147678	3300	0.10882443
147678	3407	0.10882443
147678	462	0.10882442
147678	2316	0.10882442
147678	2905	0.10882442
147678	3428	0.10882441
147678	2349	0.108824395
147678	4222	0.10846778
147686	6671	0.107773736
147686	2649	0.10777369
147686	2655	0.107773684
147686	99	0.10777368
147686	716	0.10777366
147686	5178	0.10777365
147686	1025	0.1066668
147686	5173	0.1066668
147686	1207	0.10663303
147686	1731	0.10663303
147752	133	0.095373444
147752	622	0.09537344
147752	2014	0.09537344
147752	473	0.09537342
147752	3064	0.09537342
147752	660	0.09537341
147752	1044	0.09537341
147752	1359	0.09537341
147752	1751	0.09537341
147752	2471	0.09537341
147803	2842	0.10493691
147803	3765	0.10493691
147803	748	0.104936905
147803	788	0.104936905
147803	1552	0.104936905
147803	4558	0.104936905
147803	6440	0.104936905
147803	101	0.1049369
147803	2481	0.1049369
147803	2796	0.1049369
147839	2134	0.113421634
147839	545	0.11342162
147839	1307	0.11342161
147839	5422	0.11342161
147839	3051	0.113421604
147839	3303	0.113421604
147839	5887	0.113421604
147839	1720	0.1134216
147839	4214	0.1134216
147839	5685	0.1134216
147851	1296	0.1107583
147851	175	0.11053403
147851	6589	0.11053401
147851	2587	0.11053398
147851	3041	0.11053398
147851	2927	0.110533975
147851	4238	0.11053397
147851	359	0.11053396
147851	833	0.11053395
147851	5955	0.11053395
147900	3887	0.1116344
147900	5658	0.11163439
147900	1296	0.1114521
147900	5682	0.1112721
147900	5800	0.1112721
147900	1766	0.11127209
147900	172	0.111272074
147900	3681	0.11108981
147900	6315	0.111089796
147900	6074	0.11108979
147947	79	0.100435615
147947	4175	0.100435615
147947	4177	0.100435615
147947	4342	0.100435615
147947	251	0.10043561
147947	3059	0.10043561
147947	4273	0.10043561
147947	144	0.1004356
147947	1624	0.1004356
147947	2728	0.1004356
147965	2934	0.11315661
147965	976	0.1131566
147965	896	0.113156594
147965	3783	0.11315659
147965	5594	0.11315658
147965	3740	0.11315657
147965	5557	0.11315657
147965	1653	0.113156565
147965	1660	0.11315656
147965	2989	0.11315656
148028	6663	0.107550666
148028	1430	0.10755066
148028	2403	0.10755064
148028	114	0.107550636
148028	1248	0.107550636
148028	2738	0.107550636
148028	5559	0.107550636
148028	1188	0.10755063
148028	3701	0.10755063
148028	171	0.10755062
148030	6779	0.09396894
148030	6784	0.09396892
148030	1926	0.09396891
148030	727	0.093968906
148030	1028	0.093968906
148030	4269	0.0939689
148030	4350	0.0939689
148030	5778	0.09396889
148030	5526	0.09396888
148030	3477	0.09396887
148121	6564	0.11378038
148121	2746	0.11378037
148121	2963	0.113780364
148121	1955	0.11378036
148121	5255	0.11378036
148121	3921	0.11378035
148121	3583	0.113780335
148121	3659	0.113780335
148121	3884	0.11378032
148121	4458	0.11378032
148124	5105	0.10474027
148124	3506	0.10474026
148124	4087	0.10474026
148124	5053	0.10474026
148124	282	0.104740255
148124	52	0.10474025
148124	337	0.10474025
148124	883	0.10474025
148124	1066	0.10474025
148124	3367	0.10474025
148142	4780	0.118773945
148142	683	0.11877392
148142	1189	0.11877392
148142	6163	0.11877392
148142	6438	0.11877392
148142	1180	0.118773915
148142	2432	0.118773915
148142	3425	0.11877391
148142	4058	0.11877391
148142	2187	0.11877388
148157	2803	0.12497892
148157	4293	0.12497892
148157	5558	0.12497892
148157	6341	0.12497892
148157	2752	0.124978915
148157	3018	0.124978915
148157	628	0.1249789
148157	1745	0.1249789
148157	1989	0.1249789
148157	2669	0.1249789
148191	87	0.09571649
148191	2652	0.09571649
148191	4258	0.095716484
148191	5620	0.09571648
148191	310	0.09571646
148191	1200	0.09571646
148191	6264	0.09571646
148191	2231	0.095716454
148191	1438	0.09571645
148191	4294	0.09571645
148199	2955	0.10301771
148199	503	0.1030177
148199	5434	0.1030177
148199	1346	0.103017695
148199	4300	0.103017695
148199	703	0.10301766
148199	991	0.10301766
148199	2214	0.10261802
148199	3039	0.10261802
148199	485	0.10261801
148239	4274	0.11305819
148239	194	0.11236195
148239	3957	0.11236194
148239	5334	0.11236194
148239	1096	0.11236193
148239	1483	0.11236193
148239	2887	0.11236192
148239	1807	0.11236191
148239	3014	0.11236191
148239	6080	0.11236191
148258	4087	0.10750571
148258	5105	0.10750571
148258	3506	0.1075057
148258	282	0.107505694
148258	5053	0.107505694
148258	6216	0.10750569
148258	52	0.10750568
148258	57	0.10750568
148258	337	0.10750568
148258	457	0.10750568
148263	696	0.10232912
148263	2504	0.10232912
148263	61	0.102329105
148263	410	0.102329105
148263	635	0.102329105
148263	1550	0.1023291
148263	240	0.10232909
148263	448	0.10232909
148263	610	0.10232909
148263	964	0.10232909
148314	581	0.09905245
148314	3581	0.09905245
148314	232	0.099052444
148314	384	0.099052444
148314	732	0.099052444
148314	1436	0.099052444
148314	3480	0.099052444
148314	5156	0.09905244
148314	6388	0.09905244
148314	411	0.09905243
148344	5817	0.09926739
148344	118	0.09926738
148344	184	0.09926738
148344	540	0.09926738
148344	1506	0.09926738
148344	5079	0.09926738
148344	5992	0.09926738
148344	6684	0.09926737
148344	6814	0.09926737
148344	929	0.09926736
148586	4228	0.10983344
148586	24	0.10983342
148586	311	0.10983342
148586	770	0.10983342
148586	1840	0.10983342
148586	2034	0.10983342
148586	2726	0.10983342
148586	3353	0.10983342
148586	3552	0.10983342
148586	4012	0.10983342
148590	444	0.10228051
148590	3882	0.1022805
148590	381	0.10228048
148590	3072	0.10228048
148590	4346	0.10228048
148590	6335	0.10228048
148590	6590	0.10228048
148590	2788	0.102280475
148590	165	0.10228047
148590	1182	0.10228047
148632	110	0.11376187
148632	700	0.11376187
148632	1752	0.11376187
148632	2640	0.11376187
148632	3469	0.11376187
148632	6043	0.11376187
148632	6676	0.11376187
148632	6765	0.11376187
148632	2179	0.113761865
148632	886	0.11376186
148662	2287	0.11108495
148662	5804	0.11108494
148662	4446	0.11108493
148662	2420	0.11108491
148662	6895	0.1110849
148662	556	0.1110714
148662	5100	0.11091288
148662	2639	0.110912874
148662	3331	0.110912874
148662	5084	0.110912874
148712	4342	0.10996902
148712	5122	0.10996902
148712	79	0.109969005
148712	1624	0.109969005
148712	2659	0.109969005
148712	3059	0.109969005
148712	3952	0.109969005
148712	4175	0.109969005
148712	4177	0.109969005
148712	4273	0.109969005
148744	1191	0.11447976
148744	1971	0.11447975
148744	6530	0.11447972
148744	1123	0.11441279
148744	1892	0.1143983
148744	1856	0.114398286
148744	206	0.11439828
148744	1714	0.11439827
148744	5080	0.11439827
148744	794	0.11439826
148798	898	0.10255675
148798	2556	0.10255675
148798	4514	0.10255674
148798	1795	0.102556735
148798	2129	0.102556735
148798	5721	0.102556735
148798	363	0.10255673
148798	1271	0.10255672
148798	2806	0.10255672
148798	5180	0.10255672
148804	2207	0.10997559
148804	607	0.10997558
148804	801	0.10997558
148804	6685	0.10997558
148804	913	0.10997557
148804	1639	0.10997557
148804	2143	0.10997557
148804	3394	0.10997557
148804	3851	0.10997557
148804	6549	0.10997557
148863	1024	0.11489725
148863	351	0.114897236
148863	1880	0.114897236
148863	2830	0.114897236
148863	3846	0.114897236
148863	4157	0.114897236
148863	5691	0.114897236
148863	697	0.11489723
148863	2413	0.11489723
148863	2479	0.11489723
148898	6914	0.093002744
148898	1829	0.09300274
148898	3099	0.09300274
148898	3279	0.09300274
148898	5189	0.09300274
148898	5113	0.09300273
148898	4018	0.09300272
148898	6584	0.09300271
148898	2839	0.0930027
148898	6141	0.09208873
148929	6150	0.12304938
148929	4690	0.12304936
148929	5833	0.12304934
148929	201	0.12304933
148929	1020	0.12304933
148929	2960	0.12304933
148929	5114	0.12304933
148929	6283	0.12304933
148929	2784	0.123049326
148929	550	0.12304932
148934	2690	0.09575303
148934	3986	0.09575302
148934	1817	0.09509499
148934	4731	0.09509498
148934	2883	0.095094964
148934	6351	0.09497922
148934	2050	0.09492099
148934	3177	0.09492098
148934	1875	0.09492096
148934	2233	0.09492096
148962	3202	0.10811004
148962	6062	0.10811001
148962	2761	0.10777448
148962	6903	0.107616514
148962	269	0.10761651
148962	797	0.10761651
148962	6698	0.10761651
148962	1250	0.1076165
148962	1311	0.1076165
148962	2605	0.1076165
148966	1609	0.108324386
148966	4264	0.108324364
148966	5035	0.108324364
148966	795	0.10832435
148966	2112	0.10832435
148966	3935	0.10832435
148966	6705	0.10832434
148966	2111	0.108324334
148966	2122	0.107085705
148966	5806	0.10708569
149069	3326	0.11630049
149069	3405	0.11630049
149069	6079	0.11630049
149069	1088	0.11630048
149069	6104	0.11630046
149069	2207	0.116157085
149069	1639	0.11615707
149069	6685	0.11615707
149069	801	0.11615706
149069	3394	0.11615706
149071	6778	0.11581365
149071	4904	0.115813635
149071	3404	0.11581363
149071	6337	0.11581363
149071	2947	0.11581362
149071	4088	0.11581362
149071	2020	0.11581361
149071	6278	0.11581361
149071	1826	0.115813605
149071	1621	0.1158136
149084	2951	0.085587464
149084	5371	0.085587464
149084	3396	0.08558746
149084	6605	0.08558746
149084	459	0.08558744
149084	1247	0.08558744
149084	2004	0.08558744
149084	4259	0.08558744
149084	1301	0.085587434
149084	6825	0.085587434
149120	688	0.11180273
149120	6488	0.11180272
149120	1233	0.11180271
149120	1739	0.11180271
149120	2164	0.11180271
149120	2340	0.11180271
149120	2423	0.11180271
149120	3217	0.11180271
149120	134	0.111802705
149120	2173	0.111802705
149140	688	0.11103591
149140	2173	0.111035906
149140	3217	0.111035906
149140	6488	0.111035906
149140	134	0.1110359
149140	1233	0.1110359
149140	2164	0.1110359
149140	2340	0.1110359
149140	1620	0.11103589
149140	1739	0.11103589
149204	87	0.10822873
149204	2652	0.10822871
149204	4258	0.10822871
149204	5620	0.10822871
149204	310	0.1082287
149204	1200	0.10822868
149204	2231	0.10822868
149204	6264	0.10822868
149204	5144	0.108228676
149204	1438	0.10822867
149231	350	0.09624356
149231	1502	0.09624356
149231	1514	0.09624356
149231	1946	0.09624356
149231	5279	0.09624356
149231	5193	0.09624355
149231	1212	0.096243545
149231	5985	0.096243545
149231	3043	0.09624354
149231	1630	0.09624353
149259	1471	0.108296886
149259	2856	0.108296886
149259	4381	0.10829688
149259	2158	0.10829687
149259	4483	0.10829687
149259	4865	0.10829687
149259	186	0.108296864
149259	3215	0.108296864
149259	838	0.10829686
149259	908	0.10829686
149483	5940	0.12761976
149483	45	0.12761974
149483	782	0.12761974
149483	1962	0.12761974
149483	2400	0.12761974
149483	2703	0.12761974
149483	2807	0.12761974
149483	3465	0.12761974
149483	6189	0.12761974
149483	6309	0.12761974
149661	2230	0.119230315
149661	2407	0.119230315
149661	2224	0.1192303
149661	3313	0.1192303
149661	3892	0.1192303
149661	4183	0.1192303
149661	4348	0.1192303
149661	5814	0.1192303
149661	1176	0.11923029
149661	695	0.119230285
149690	4617	0.11208154
149690	3955	0.11208151
149690	3427	0.1120815
149690	3803	0.1120815
149690	5106	0.1120815
149690	6395	0.1120815
149690	3342	0.11208149
149690	5601	0.11208149
149690	5705	0.11208149
149690	2236	0.11208147
149843	2107	0.12017031
149843	3564	0.12017029
149843	1602	0.12017027
149843	5044	0.12017027
149843	5048	0.12017027
149843	4193	0.120170265
149843	6154	0.120170265
149843	5441	0.12017026
149843	6908	0.12017026
149843	6846	0.120170236
149907	1643	0.13689141
149907	6057	0.13689141
149907	430	0.1368914
149907	858	0.1368914
149907	1641	0.1368914
149907	2463	0.1368914
149907	2767	0.1368914
149907	3657	0.1368914
149907	3856	0.1368914
149907	4493	0.1368914
149934	437	0.09535299
149934	1030	0.095352985
149934	4977	0.09535298
149934	1648	0.09535297
149934	4344	0.09535297
149934	6454	0.09535297
149934	5066	0.09535296
149934	34	0.095352955
149934	3073	0.095352955
149934	4101	0.095352955
150000	1743	0.10089505
150000	504	0.10089504
150000	2696	0.10089504
150000	5632	0.10089504
150000	264	0.10089503
150000	422	0.10089503
150000	798	0.10089503
150000	892	0.10089503
150000	2084	0.10089503
150000	2972	0.10089503
150124	2107	0.11392225
150124	3564	0.11392225
150124	5048	0.11392222
150124	5441	0.11392221
150124	6154	0.1139222
150124	3198	0.11392219
150124	4193	0.11392219
150124	5044	0.11392219
150124	6908	0.11392219
150124	3333	0.11392218
150327	3882	0.123337135
150327	444	0.12333713
150327	381	0.12333712
150327	6335	0.12333712
150327	2788	0.12333711
150327	3072	0.12333711
150327	4346	0.123337105
150327	5438	0.123337105
150327	6590	0.123337105
150327	165	0.1233371
150498	3327	0.124204695
150498	4154	0.124204665
150498	4835	0.124204665
150498	83	0.12420466
150498	4133	0.12420466
150498	4920	0.12420466
150498	5046	0.12420466
150498	253	0.12420465
150498	294	0.12420465
150498	1002	0.12420465
150554	1009	0.13743725
150554	1879	0.13743725
150554	4579	0.13743725
150554	4321	0.13743724
150554	5574	0.13743724
150554	6060	0.13743724
150554	6534	0.13743724
150554	6536	0.13743724
150554	822	0.13743722
150554	916	0.13743722
150561	1075	0.09753347
150561	2645	0.097533435
150561	5213	0.097533435
150561	6747	0.097533435
150561	1652	0.09753343
150561	4604	0.09753342
150561	2104	0.09753341
150561	6000	0.09753341
150561	824	0.09747824
150561	4654	0.09747824
150587	2207	0.11306102
150587	6685	0.11306101
150587	607	0.113061
150587	801	0.113060996
150587	1639	0.113060996
150587	3193	0.113060996
150587	5975	0.113060996
150587	6549	0.113060996
150587	188	0.11306099
150587	913	0.11306099
150657	1855	0.10590054
150657	346	0.10590053
150657	2339	0.10590053
150657	4512	0.10590053
150657	159	0.105900526
150657	177	0.105900526
150657	320	0.105900526
150657	755	0.105900526
150657	759	0.105900526
150657	1567	0.105900526
150661	3396	0.093168914
150661	2951	0.0931689
150661	5371	0.0931689
150661	6605	0.0931689
150661	459	0.093168885
150661	1247	0.093168885
150661	2004	0.093168885
150661	4259	0.093168885
150661	6825	0.093168885
150661	1301	0.09316888
150663	631	0.12662505
150663	2860	0.12662505
150663	2018	0.12662503
150663	3161	0.12662503
150663	4669	0.12662503
150663	5871	0.12662503
150663	5920	0.12662503
150663	6282	0.12662503
150663	6324	0.12662503
150663	6339	0.12662503
150762	714	0.106791764
150762	3946	0.106791764
150762	6012	0.106791764
150762	4189	0.10679176
150762	4665	0.10679174
150762	2518	0.106791735
150762	2521	0.106791735
150762	2821	0.106791735
150762	3448	0.106791735
150762	4444	0.106791735
150767	2092	0.09673318
150767	4508	0.096733175
150767	4949	0.096733175
150767	819	0.09673317
150767	3699	0.09673317
150767	5185	0.09673317
150767	3309	0.09673316
150767	2961	0.09673315
150767	3038	0.09673315
150767	4404	0.09673315
150890	3341	0.10804719
150890	6307	0.10804719
150890	5636	0.10804717
150890	1902	0.108047165
150890	3810	0.108047165
150890	62	0.10804716
150890	950	0.10804716
150890	2238	0.10804716
150890	2370	0.10804716
150890	2492	0.10804716
150894	905	0.1050752
150894	213	0.105075195
150894	731	0.105075195
150894	5489	0.105075195
150894	6059	0.105075195
150894	1708	0.10507519
150894	5900	0.10507519
150894	649	0.10507518
150894	6631	0.10507518
150894	1251	0.10507517
150896	5043	0.086635396
150896	1812	0.08663539
150896	5448	0.08663539
150896	1089	0.08663538
150896	1596	0.08663538
150896	5485	0.08663538
150896	306	0.08663537
150896	71	0.086635366
150896	560	0.086635366
150896	690	0.086635366
150932	2043	0.10994853
150932	2083	0.10994853
150932	4144	0.10994853
150932	4368	0.10994853
150932	5369	0.10994853
150932	6049	0.10994853
150932	4513	0.10994852
150932	2041	0.109948516
150932	2140	0.109948516
150932	3323	0.109948516
150966	3882	0.12419008
150966	444	0.12419007
150966	381	0.12419006
150966	2788	0.12419005
150966	6335	0.12419005
150966	6590	0.12419005
150966	2235	0.12419003
150966	3072	0.12419003
150966	4234	0.12419003
150966	4346	0.12419003
150968	5783	0.08554617
150968	5266	0.08554615
150968	3220	0.085546136
150968	4111	0.085546136
150968	6019	0.085546136
150968	803	0.08554612
150968	3876	0.08554612
150968	751	0.085546106
150968	2696	0.08469971
150968	422	0.084699705
150979	110	0.11899182
150979	6765	0.11899182
150979	6043	0.118991815
150979	6676	0.11899181
150979	1752	0.1189918
150979	2569	0.1189918
150979	3469	0.1189918
150979	5034	0.1189918
150979	700	0.11899179
150979	1330	0.11899179
151002	688	0.10687998
151002	6488	0.10687997
151002	134	0.106879964
151002	1233	0.106879964
151002	2164	0.106879964
151002	2423	0.106879964
151002	1739	0.10687996
151002	2340	0.10687996
151002	5416	0.10687996
151002	1620	0.10687995
151043	1023	0.119111285
151043	4221	0.11911126
151043	994	0.119111225
151043	4780	0.119084604
151043	683	0.1190846
151043	6163	0.1190846
151043	1180	0.11908459
151043	6438	0.11908459
151043	1189	0.11908458
151043	2432	0.11908458
151098	6708	0.12564388
151098	1830	0.12564386
151098	5052	0.12564386
151098	6540	0.12564386
151098	721	0.12564385
151098	1943	0.12564385
151098	5995	0.12564383
151098	669	0.12564382
151098	2935	0.12564382
151098	3439	0.12564382
151101	3598	0.10734856
151101	4057	0.10701357
151101	1035	0.10701356
151101	910	0.10701354
151101	1499	0.10701354
151101	1801	0.10701354
151101	3411	0.10701354
151101	3720	0.10701354
151101	6888	0.10701354
151101	554	0.10701352
151104	444	0.12696476
151104	381	0.12696475
151104	3882	0.12696475
151104	6335	0.12696475
151104	4234	0.12696473
151104	659	0.12696472
151104	1182	0.12696472
151104	2235	0.12696472
151104	2944	0.12696472
151104	3015	0.12696472
151107	2782	0.114177674
151107	1541	0.11417766
151107	1616	0.11417766
151107	1398	0.11417765
151107	672	0.114177644
151107	1816	0.114177644
151107	2356	0.114177644
151107	3559	0.114177644
151107	4610	0.114177644
151107	5372	0.114177644
151122	666	0.11286819
151122	1664	0.11286819
151122	4689	0.11286818
151122	2971	0.112868175
151122	1871	0.11286816
151122	4215	0.11286815
151122	351	0.112512186
151122	1024	0.112512186
151122	1880	0.11251218
151122	2830	0.11251218
151139	158	0.09066392
151139	439	0.09066391
151139	832	0.09066391
151139	1695	0.09066391
151139	5797	0.09066391
151139	20	0.090663895
151139	5380	0.09066388
151139	4268	0.09051825
151139	4190	0.09051823
151139	4676	0.09051822
151143	1461	0.100529104
151143	3481	0.10052909
151143	1141	0.100529075
151143	4752	0.100529075
151143	6748	0.100529075
151143	6152	0.10052907
151143	6788	0.10052906
151143	200	0.100444034
151143	4194	0.100444004
151143	6475	0.100444004
151262	110	0.12544568
151262	700	0.12544568
151262	1752	0.12544568
151262	6043	0.12544568
151262	6765	0.12544568
151262	1159	0.12544566
151262	1360	0.12544566
151262	2569	0.12544566
151262	2640	0.12544566
151262	3469	0.12544566
151263	5121	0.10111347
151263	815	0.10111344
151263	1951	0.10111342
151263	1444	0.0995473
151263	5505	0.09954729
151263	6316	0.09954728
151263	6785	0.09954728
151263	5916	0.099547274
151263	1338	0.09954727
151263	2579	0.09954727
151370	2182	0.109885685
151370	468	0.109885655
151370	2750	0.10988565
151370	3395	0.10988565
151370	2630	0.10988563
151370	6572	0.10988563
151370	775	0.109885626
151370	5056	0.109885626
151370	2897	0.10988562
151370	5626	0.10988562
151479	546	0.10599624
151479	733	0.105996236
151479	1668	0.105996236
151479	1823	0.105996236
151479	3710	0.105996236
151479	3953	0.105996236
151479	4695	0.105996236
151479	5150	0.105996236
151479	5315	0.105996236
151479	5333	0.105996236
151483	4228	0.12761004
151483	770	0.12761003
151483	2034	0.12761003
151483	3063	0.12761003
151483	3353	0.12761003
151483	3552	0.12761003
151483	4012	0.12761003
151483	4045	0.12761003
151483	4685	0.12761003
151483	4945	0.12761003
151503	1508	0.10709483
151503	1120	0.10709482
151503	1073	0.10709481
151503	3661	0.10709481
151503	3492	0.1070948
151503	3100	0.107094795
151503	3607	0.107094795
151503	5735	0.107094795
151503	6621	0.107094795
151503	65	0.10709479
151537	259	0.108599514
151537	733	0.108599514
151537	944	0.108599514
151537	1618	0.108599514
151537	2687	0.108599514
151537	3647	0.108599514
151537	3710	0.108599514
151537	4695	0.108599514
151537	6763	0.108599514
151537	546	0.10859951
151589	5060	0.11641884
151589	3240	0.11580895
151589	5440	0.11560172
151589	209	0.11560169
151589	3423	0.11560165
151589	5538	0.11528863
151589	512	0.115243845
151589	3116	0.115243785
151589	3402	0.11463394
151589	1857	0.11463392
151608	6637	0.08696947
151608	4108	0.086969435
151608	6586	0.086969435
151608	6752	0.08688629
151608	176	0.08630068
151608	5864	0.08630068
151608	6740	0.08630068
151608	440	0.08630067
151608	675	0.08630067
151608	5795	0.08630067
151643	4542	0.10224315
151643	2468	0.10224313
151643	2934	0.10120408
151643	976	0.101204075
151643	896	0.10120407
151643	3783	0.10120405
151643	5594	0.10120405
151643	3740	0.101204045
151643	1653	0.10120404
151643	1660	0.10120404
151653	829	0.12154578
151653	4115	0.12154578
151653	1888	0.12154577
151653	2241	0.12154576
151653	3325	0.12154574
151653	4330	0.12154573
151653	4631	0.12154573
151653	5681	0.12154573
151653	3858	0.1215457
151653	3287	0.12056615
151738	2755	0.08218106
151738	4919	0.08218106
151738	715	0.08218105
151738	1236	0.08218105
151738	1927	0.08218105
151738	2725	0.08218105
151738	5702	0.08218105
151738	6306	0.08218105
151738	3229	0.082181044
151738	4332	0.082181044
151780	2381	0.12351145
151780	6177	0.12351144
151780	1809	0.123511426
151780	1884	0.123511426
151780	1024	0.12277231
151780	351	0.122772306
151780	1880	0.122772306
151780	2479	0.122772306
151780	697	0.1227723
151780	2830	0.1227723
151790	45	0.106147036
151790	1962	0.10614703
151790	113	0.10614702
151790	782	0.10614702
151790	2136	0.10614702
151790	2703	0.10614702
151790	2807	0.10614702
151790	3465	0.10614702
151790	4472	0.10614702
151790	4561	0.10614702
151800	269	0.09526262
151800	6356	0.09526262
151800	6472	0.09526262
151800	6698	0.09526262
151800	1311	0.09526261
151800	1794	0.09526261
151800	2709	0.09526261
151800	249	0.0952626
151800	797	0.0952626
151800	1796	0.0952626
151824	2934	0.091682956
151824	896	0.09168294
151824	976	0.09168294
151824	3783	0.09168293
151824	5594	0.091682926
151824	3740	0.09168292
151824	1653	0.09168291
151824	1660	0.09168291
151824	5557	0.09168291
151824	2989	0.0916829
151846	6307	0.10781641
151846	3341	0.1078164
151846	1355	0.10781638
151846	3810	0.10781638
151846	5216	0.10781638
151846	5636	0.10781638
151846	62	0.107816376
151846	1902	0.107816376
151846	1990	0.107816376
151846	3310	0.107816376
151991	6765	0.113173485
151991	110	0.11317347
151991	700	0.11317347
151991	1752	0.11317346
151991	2640	0.11317346
151991	6043	0.11317346
151991	1144	0.113173455
151991	1736	0.113173455
151991	3469	0.113173455
151991	4068	0.113173455
152016	1701	0.11923939
152016	5311	0.11923938
152016	904	0.119239375
152016	2052	0.119239375
152016	5298	0.119239375
152016	5649	0.119239375
152016	4380	0.11923937
152016	4639	0.11923936
152016	1127	0.11923935
152016	3464	0.11923935
152036	2687	0.11010281
152036	259	0.1101028
152036	733	0.1101028
152036	944	0.1101028
152036	1618	0.1101028
152036	3647	0.1101028
152036	4695	0.1101028
152036	4907	0.1101028
152036	4968	0.1101028
152036	6763	0.1101028
152082	87	0.10373931
152082	2652	0.10373931
152082	4258	0.1037393
152082	310	0.10373929
152082	1200	0.10373929
152082	5620	0.103739284
152082	1438	0.10373928
152082	2231	0.10373928
152082	5144	0.10373928
152082	4294	0.10373927
152099	990	0.1737546
152099	4898	0.1737546
152099	6212	0.1737546
152099	1486	0.17375459
152099	4557	0.17375459
152099	6535	0.17375459
152099	96	0.17375457
152099	572	0.17375457
152099	839	0.17375457
152099	866	0.17375457
152136	383	0.10850197
152136	5429	0.10850197
152136	5456	0.10850197
152136	1642	0.108457774
152136	3964	0.108457774
152136	2182	0.10751067
152136	2750	0.107510656
152136	4341	0.107510656
152136	468	0.10751064
152136	3208	0.107510634
152186	2050	0.11831753
152186	3177	0.118317515
152186	1875	0.11831751
152186	2233	0.11831751
152186	2755	0.1171971
152186	5702	0.11719709
152186	1236	0.11719708
152186	1927	0.11719708
152186	4919	0.11719708
152186	3229	0.117197074
152309	6716	0.10152283
152309	157	0.10152282
152309	1259	0.10152282
152309	1533	0.10152282
152309	6550	0.10152281
152309	50	0.1015228
152309	182	0.1015228
152309	879	0.1015228
152309	1249	0.1015228
152309	2302	0.1015228
152345	5461	0.105441004
152345	3895	0.10544099
152345	6766	0.10544097
152345	6892	0.10544097
152345	97	0.10544096
152345	6619	0.10544096
152345	702	0.105440944
152345	6053	0.105440944
152345	1104	0.10544094
152345	6096	0.10544094
152354	5453	0.11785608
152354	3287	0.11785606
152354	250	0.117856055
152354	3247	0.117856055
152354	6701	0.11785605
152354	3260	0.11785604
152354	3861	0.11785604
152354	6609	0.11785604
152354	6726	0.11785604
152354	345	0.117856026
152409	5105	0.10245541
152409	4087	0.1024554
152409	3506	0.10245539
152409	282	0.10245538
152409	337	0.10245538
152409	457	0.10245538
152409	883	0.10245538
152409	3705	0.10245538
152409	4474	0.10245538
152409	4545	0.10245538
152428	1356	0.123944566
152428	4707	0.123944566
152428	6443	0.123944566
152428	6111	0.12394456
152428	5674	0.12394455
152428	2152	0.12394453
152428	4281	0.12394452
152428	3898	0.12308168
152428	6376	0.12308168
152428	4340	0.1227602
152435	1793	0.08215169
152435	1080	0.08215168
152435	2498	0.08215168
152435	4536	0.08215168
152435	4415	0.082151674
152435	89	0.08215167
152435	1319	0.08215167
152435	2896	0.08215167
152435	3147	0.08215167
152435	4956	0.08215167
152468	1111	0.10667374
152468	2030	0.10667374
152468	6727	0.10667373
152468	5085	0.10667372
152468	2429	0.106415145
152468	2029	0.10641514
152468	55	0.10641512
152468	2448	0.106415115
152468	1608	0.10641511
152468	2900	0.10641511
152483	558	0.103543594
152483	726	0.10354359
152483	1287	0.10354359
152483	561	0.10354358
152483	1704	0.10354357
152483	1676	0.103543565
152483	4814	0.103543565
152483	5087	0.103543565
152483	5565	0.103543565
152483	5617	0.103543565
152514	1915	0.111650646
152514	4224	0.111650646
152514	3874	0.11165064
152514	3502	0.11165063
152514	5262	0.11165063
152514	5964	0.11165063
152514	3011	0.11165062
152514	3565	0.11165062
152514	2336	0.111650616
152514	2603	0.111650616
152579	3765	0.11548981
152579	748	0.115489796
152579	788	0.115489796
152579	2481	0.115489796
152579	2796	0.115489796
152579	2842	0.115489796
152579	4950	0.115489796
152579	6331	0.115489796
152579	6440	0.115489796
152579	1552	0.11548979
152605	1855	0.101270884
152605	2339	0.101270884
152605	3743	0.101270884
152605	4014	0.101270884
152605	4217	0.101270884
152605	177	0.10127088
152605	320	0.10127088
152605	346	0.10127088
152605	1567	0.10127088
152605	2575	0.10127088
152617	3780	0.093214214
152617	800	0.0932142
152617	2216	0.09321419
152617	3942	0.09321419
152617	1908	0.093214184
152617	2210	0.09321418
152617	5111	0.09321418
152617	5340	0.09321418
152617	6559	0.09321418
152617	3078	0.09321417
152645	3765	0.14805055
152645	2842	0.14805053
152645	788	0.14805052
152645	1425	0.14805052
152645	2481	0.14805052
152645	2796	0.14805052
152645	2949	0.14805052
152645	3032	0.14805052
152645	6331	0.14805052
152645	6723	0.14805052
152651	2782	0.11796413
152651	1541	0.11796412
152651	1616	0.11796412
152651	672	0.11796411
152651	1816	0.11796411
152651	2356	0.11796411
152651	1398	0.117964104
152651	1820	0.117964104
152651	3559	0.117964104
152651	4610	0.117964104
152696	4228	0.117962524
152696	2034	0.11796251
152696	3353	0.11796251
152696	4012	0.11796251
152696	1840	0.1179625
152696	3063	0.1179625
152696	3552	0.1179625
152696	4685	0.1179625
152696	311	0.117962494
152696	770	0.117962494
152742	1501	0.12821208
152742	1937	0.12821208
152742	538	0.12821206
152742	1545	0.12821206
152742	1659	0.12821206
152742	302	0.12821205
152742	1916	0.12821203
152742	3440	0.12821203
152742	3949	0.12821203
152742	1027	0.128212
152770	763	0.11387285
152770	4846	0.11387284
152770	4811	0.113872826
152770	6683	0.113872826
152770	2838	0.11387282
152770	3489	0.11387282
152770	3667	0.11387282
152770	6628	0.11387282
152770	5011	0.11387281
152770	4817	0.113872804
152942	3765	0.10986352
152942	6331	0.10986352
152942	748	0.10986351
152942	788	0.10986351
152942	1425	0.109863505
152942	1552	0.109863505
152942	2481	0.109863505
152942	2796	0.109863505
152942	2842	0.109863505
152942	2949	0.109863505
152946	4524	0.13325393
152946	2463	0.13325392
152946	6057	0.13325392
152946	858	0.1332539
152946	2156	0.1332539
152946	3657	0.1332539
152946	3856	0.1332539
152946	4065	0.1332539
152946	4493	0.1332539
152946	5097	0.1332539
153042	3619	0.11801662
153042	4100	0.11801662
153042	2684	0.118016616
153042	719	0.11801661
153042	4025	0.11801661
153042	4036	0.11801661
153042	436	0.1180166
153042	1925	0.1180166
153042	1948	0.1180166
153042	6187	0.1180166
153054	72	0.10820511
153054	523	0.10820511
153054	812	0.108205095
153054	1282	0.108205095
153054	2509	0.108205095
153054	3727	0.108205095
153054	4620	0.108205095
153054	5856	0.108205095
153054	6237	0.108205095
153054	6756	0.108205095
153091	3765	0.11847085
153091	2842	0.11847084
153091	748	0.11847083
153091	788	0.11847083
153091	2481	0.11847083
153091	6331	0.11847083
153091	1552	0.118470825
153091	6723	0.118470825
153091	101	0.11847082
153091	386	0.11847082
153174	3082	0.13502298
153174	5286	0.13502297
153174	5421	0.13502294
153174	6739	0.13502294
153174	2831	0.13498911
153174	5453	0.13496774
153174	3247	0.13496771
153174	3287	0.13496771
153174	250	0.1349677
153174	6609	0.1349677
153211	5795	0.112771854
153211	5864	0.11277185
153211	176	0.11277184
153211	6740	0.11277184
153211	440	0.11277183
153211	675	0.11277183
153211	3399	0.11277183
153211	1380	0.112771824
153211	2516	0.112771824
153211	2335	0.11277182
153283	320	0.104525074
153283	1855	0.104525074
153283	6863	0.104525074
153283	346	0.10452507
153283	1567	0.10452507
153283	159	0.10452506
153283	755	0.10452506
153283	1629	0.10452506
153283	2339	0.10452506
153283	3501	0.10452506
153322	45	0.12732747
153322	2703	0.12732747
153322	5940	0.12732747
153322	782	0.12732746
153322	1962	0.12732746
153322	2400	0.12732746
153322	4562	0.12732746
153322	6309	0.12732746
153322	6499	0.12732746
153322	6528	0.12732746
153342	269	0.11011206
153342	1311	0.11011206
153342	797	0.110112056
153342	2709	0.110112056
153342	3965	0.110112056
153342	4308	0.110112056
153342	6356	0.110112056
153342	6472	0.110112056
153342	6636	0.110112056
153342	1794	0.11011205
153361	2490	0.11768366
153361	766	0.117683634
153361	6661	0.117526025
153361	4613	0.11752601
153361	5435	0.117525995
153361	4880	0.11752598
153361	5775	0.11748195
153361	5368	0.117481895
153361	2945	0.11748189
153361	6242	0.11748189
153513	1731	0.119074166
153513	3234	0.11907416
153513	193	0.11907415
153513	744	0.11907415
153513	1207	0.11907415
153513	1709	0.11907415
153513	2983	0.11907415
153513	2997	0.11907415
153513	3613	0.11907415
153513	4197	0.11907415
153653	898	0.10464065
153653	1795	0.10464065
153653	2556	0.10464065
153653	4514	0.10464064
153653	2129	0.10464063
153653	5721	0.10464063
153653	6769	0.104640625
153653	363	0.10464062
153653	1271	0.10464062
153653	2806	0.10464062
153718	528	0.11897889
153718	4448	0.11897889
153718	3930	0.11897887
153718	2417	0.11897886
153718	1334	0.11897885
153718	3322	0.1185603
153718	5265	0.11827068
153718	5679	0.11827068
153718	5172	0.118270665
153718	519	0.11827066
153719	3157	0.10702498
153719	475	0.107006595
153719	6710	0.10697441
153719	4614	0.10695606
153719	371	0.10690428
153719	5684	0.10685381
153719	6247	0.10685377
153719	4741	0.106853746
153719	6812	0.10677387
153719	223	0.106663436
153723	5614	0.11602197
153723	1614	0.11602192
153723	5775	0.11593166
153723	2945	0.115931615
153723	5368	0.115931615
153723	5774	0.1159316
153723	4802	0.11593159
153723	1922	0.115249835
153723	5012	0.11524983
153723	6048	0.11524983
153797	2269	0.119528085
153797	1579	0.11952808
153797	4433	0.11952808
153797	539	0.11952807
153797	2880	0.11952807
153797	3286	0.11952807
153797	5696	0.11952807
153797	2920	0.11952806
153797	5242	0.11952806
153797	2354	0.119528055
153865	1759	0.1053333
153865	5271	0.10533328
153865	1357	0.105333276
153865	707	0.10533327
153865	3752	0.10533327
153865	1101	0.105333254
153865	3780	0.10523111
153865	2216	0.10523109
153865	800	0.105231084
153865	3942	0.105231084
153950	2224	0.13484827
153950	2230	0.13484825
153950	2407	0.13484825
153950	4183	0.13484825
153950	4790	0.13484825
153950	1176	0.13484824
153950	1576	0.13484824
153950	3313	0.13484824
153950	3505	0.13484824
153950	3582	0.13484824
154021	193	0.114126086
154021	1731	0.114126086
154021	3234	0.114126086
154021	1207	0.11412608
154021	1709	0.11412608
154021	2983	0.11412608
154021	2997	0.11412608
154021	3613	0.11412608
154021	744	0.11412607
154021	1627	0.11412607
154070	4026	0.093056366
154070	67	0.09305635
154070	93	0.09305635
154070	971	0.09305635
154070	2545	0.09305635
154070	4029	0.09305635
154070	6900	0.09305634
154070	1068	0.093056336
154070	1505	0.093056336
154070	1688	0.093056336
154126	2782	0.10388087
154126	1398	0.103880845
154126	1541	0.103880845
154126	1616	0.10388084
154126	2356	0.10388084
154126	3559	0.10388084
154126	6806	0.10388084
154126	1816	0.10388083
154126	4610	0.10388083
154126	5469	0.10388083
154137	1034	0.154984
154137	6346	0.154984
154137	463	0.15498397
154137	484	0.15498397
154137	1031	0.15498397
154137	1516	0.15498397
154137	2008	0.15498397
154137	2150	0.15498397
154137	2307	0.15498397
154137	3796	0.15498397
154176	110	0.12725417
154176	6043	0.12725417
154176	6765	0.12725417
154176	700	0.12725416
154176	1144	0.12725416
154176	1159	0.12725416
154176	1736	0.12725416
154176	1752	0.12725416
154176	2569	0.12725416
154176	2640	0.12725416
154269	4202	0.092365064
154269	1440	0.09236506
154269	3697	0.09236504
154269	6221	0.09236504
154269	6886	0.09236504
154269	1087	0.092365034
154269	5220	0.092365034
154269	5613	0.092365034
154269	1439	0.09236503
154269	2090	0.09236503
154345	1812	0.10995479
154345	5043	0.10995479
154345	5448	0.10995478
154345	5485	0.10995478
154345	1089	0.109954774
154345	2739	0.109954774
154345	4737	0.109954774
154345	306	0.10995477
154345	1596	0.10995477
154345	5537	0.10995477
154346	4340	0.10343918
154346	4899	0.10343916
154346	3812	0.10343915
154346	5358	0.103439145
154346	6025	0.103439145
154346	6643	0.103439145
154346	6026	0.10343914
154346	2970	0.10343913
154346	6757	0.10343913
154346	559	0.10343912
154354	2703	0.11984249
154354	5940	0.11984249
154354	782	0.119842485
154354	2807	0.119842485
154354	45	0.11984248
154354	2400	0.11984248
154354	4472	0.11984248
154354	6499	0.11984248
154354	44	0.11984247
154354	1000	0.11984247
154469	4296	0.13263506
154469	2786	0.13263503
154469	4091	0.13263503
154469	6304	0.13263503
154469	3551	0.132635
154469	4621	0.132635
154469	5103	0.132635
154469	5289	0.132635
154469	3734	0.13263498
154469	1915	0.13244355
154487	1191	0.09305386
154487	1971	0.09305384
154487	6530	0.09305383
154487	206	0.092785135
154487	1892	0.092785135
154487	1856	0.09278513
154487	1714	0.09278511
154487	5080	0.09278511
154487	794	0.092785105
154487	1261	0.092785105
154529	4542	0.107088506
154529	2468	0.107088484
154529	2934	0.106662944
154529	976	0.10666294
154529	896	0.10666293
154529	3783	0.106662914
154529	5594	0.106662914
154529	3740	0.1066629
154529	5557	0.1066629
154529	1653	0.10666289
154543	744	0.11697145
154543	1731	0.11697145
154543	2997	0.11697144
154543	4197	0.11697144
154543	193	0.11697143
154543	1207	0.11697143
154543	1709	0.11697143
154543	2983	0.11697143
154543	3115	0.11697143
154543	3234	0.11697143
154553	551	0.12105288
154553	6920	0.121052876
154553	1547	0.12105287
154553	5499	0.12105287
154553	1963	0.12105286
154553	5109	0.12105286
154553	6828	0.12105286
154553	5419	0.121052854
154553	6024	0.121052854
154553	6682	0.121052854
154627	581	0.100719616
154627	384	0.10071961
154627	732	0.10071961
154627	3480	0.10071961
154627	3581	0.10071961
154627	6388	0.10071961
154627	232	0.1007196
154627	411	0.1007196
154627	1680	0.1007196
154627	5156	0.1007196
154675	1892	0.09908871
154675	206	0.0990887
154675	1856	0.09908869
154675	794	0.09908868
154675	1376	0.09908868
154675	1714	0.09908868
154675	4905	0.09908868
154675	1261	0.09908867
154675	5080	0.09908867
154675	3775	0.09908866
154730	2917	0.10803406
154730	614	0.10803405
154730	1352	0.108034045
154730	2799	0.108034045
154730	192	0.10803404
154730	285	0.10803403
154730	1930	0.10803402
154730	1770	0.108034015
154730	6473	0.108034015
154730	1502	0.10790205
154781	1855	0.10578547
154781	2339	0.10578547
154781	346	0.10578546
154781	177	0.10578545
154781	320	0.10578545
154781	1090	0.10578545
154781	3743	0.10578545
154781	6863	0.10578545
154781	159	0.105785444
154781	180	0.105785444
154791	2207	0.10551992
154791	607	0.105519906
154791	1639	0.105519906
154791	6685	0.105519906
154791	188	0.1055199
154791	801	0.1055199
154791	913	0.10551989
154791	1062	0.10551989
154791	2143	0.10551989
154791	2653	0.10551989
154844	75	0.11794841
154844	2214	0.11794841
154844	3039	0.11794841
154844	6014	0.11794841
154844	6680	0.11794841
154844	2292	0.117948405
154844	485	0.1179484
154844	720	0.1179484
154844	975	0.1179484
154844	1081	0.1179484
154944	528	0.11595763
154944	4448	0.11595763
154944	3930	0.11595762
154944	2417	0.11595761
154944	1334	0.1159576
154944	4918	0.114315845
154944	2110	0.11431584
154944	6666	0.11431581
154944	2113	0.11431579
154944	5265	0.11276832
154975	5461	0.08747511
154975	6766	0.0874751
154975	97	0.08747509
154975	3895	0.08747509
154975	6619	0.08747509
154975	702	0.08747508
154975	1104	0.08747508
154975	6053	0.08747508
154975	6892	0.08747508
154975	6096	0.08747507
154981	350	0.088356465
154981	5279	0.088356465
154981	1502	0.08835646
154981	1514	0.08835646
154981	1946	0.08835645
154981	5193	0.08835645
154981	5985	0.08835645
154981	1212	0.08835644
154981	1630	0.08835644
154981	3043	0.088356435
154992	211	0.10090387
154992	4385	0.10090386
154992	2522	0.10090383
154992	1817	0.100502364
154992	4731	0.10050235
154992	2883	0.10050234
154992	2690	0.10004094
154992	3986	0.10004094
154992	2378	0.09970305
154992	1098	0.099703036
155000	79	0.1134364
155000	4175	0.1134364
155000	5122	0.1134364
155000	6532	0.1134364
155000	3059	0.11343639
155000	4342	0.11343639
155000	1624	0.113436386
155000	2728	0.113436386
155000	4273	0.113436386
155000	4525	0.113436386
155014	4840	0.083581515
155014	338	0.08358149
155014	5517	0.08358149
155014	3445	0.083581485
155014	6385	0.083581485
155014	334	0.08358148
155014	1286	0.08358148
155014	3175	0.08358148
155014	5867	0.08358148
155014	6402	0.08358148
155141	6716	0.102917135
155141	1259	0.10291713
155141	157	0.10291712
155141	2742	0.10291711
155141	50	0.102917105
155141	182	0.102917105
155141	879	0.102917105
155141	2302	0.102917105
155141	2744	0.102917105
155141	2919	0.102917105
155147	110	0.11486788
155147	6043	0.11486788
155147	6765	0.11486788
155147	700	0.11486787
155147	6676	0.11486787
155147	1144	0.114867866
155147	1752	0.114867866
155147	2569	0.114867866
155147	2640	0.114867866
155147	4720	0.114867866
155219	4247	0.12306154
155219	1234	0.12306149
155219	2625	0.12306148
155219	4231	0.12306146
155219	5810	0.12306146
155219	1462	0.12306144
155219	1302	0.12216143
155219	2326	0.12216143
155219	1835	0.12216142
155219	3525	0.12216142
155306	1471	0.10344198
155306	4381	0.103441976
155306	2158	0.10344197
155306	838	0.10344195
155306	908	0.10344195
155306	2856	0.10344195
155306	3790	0.10344195
155306	4483	0.10344195
155306	4865	0.10344195
155306	186	0.103441946
155343	3039	0.11372629
155343	5163	0.11372628
155343	6680	0.11372628
155343	75	0.11372627
155343	485	0.11372627
155343	1264	0.11372627
155343	1496	0.11372627
155343	2214	0.11372627
155343	2215	0.11372627
155343	2292	0.11372627
155376	2782	0.10126217
155376	1541	0.101262145
155376	672	0.10126214
155376	1095	0.10126214
155376	1398	0.10126214
155376	1616	0.10126214
155376	1816	0.10126214
155376	2356	0.10126214
155376	3559	0.10126214
155376	4610	0.10126214
155444	5839	0.11252964
155444	5837	0.112225674
155444	2722	0.11214474
155444	765	0.111612424
155444	125	0.111098014
155444	5426	0.11107587
155444	4962	0.11107583
155444	5187	0.11107582
155444	5319	0.11099495
155444	5102	0.11086536
155495	110	0.12315615
155495	6043	0.12315615
155495	6765	0.12315615
155495	700	0.123156145
155495	1752	0.12315614
155495	2640	0.12315614
155495	1144	0.12315613
155495	2569	0.12315613
155495	4720	0.12315613
155495	5034	0.12315613
155580	184	0.11252375
155580	118	0.11252374
155580	540	0.112523735
155580	1506	0.112523735
155580	4704	0.112523735
155580	5079	0.112523735
155580	5817	0.112523735
155580	5992	0.112523735
155580	6684	0.112523735
155580	6814	0.112523735
155680	1031	0.12372831
155680	463	0.123728305
155680	1034	0.123728305
155680	6061	0.123728305
155680	6346	0.123728305
155680	2307	0.1237283
155680	354	0.12372829
155680	2008	0.12372829
155680	2964	0.12372829
155680	4392	0.12372829
155743	3184	0.108592674
155743	4114	0.10859266
155743	3431	0.10859265
155743	380	0.108592644
155743	1063	0.108592644
155743	1589	0.108592644
155743	4812	0.108592644
155743	4946	0.108592644
155743	5556	0.108592644
155743	6151	0.108592644
155771	920	0.11079814
155771	4711	0.11079811
155771	2901	0.110798106
155771	6457	0.110798106
155771	4705	0.11079809
155771	5024	0.11079809
155771	6526	0.11079809
155771	3373	0.11079808
155771	4327	0.110798076
155771	643	0.11079807
155778	4659	0.10870627
155778	3474	0.10870626
155778	2434	0.10870625
155778	4402	0.10870625
155778	6073	0.10870625
155778	5148	0.108706184
155778	1259	0.10834446
155778	6716	0.10834445
155778	157	0.10834443
155778	2742	0.10834443
155807	4519	0.09903143
155807	5659	0.09903143
155807	5021	0.099031426
155807	4449	0.09903142
155807	266	0.09903141
155807	2727	0.09903141
155807	3554	0.0990314
155807	4155	0.0990314
155807	4935	0.0990314
155807	1440	0.09684859
155810	4026	0.091545016
155810	67	0.09154501
155810	4029	0.09154501
155810	93	0.091545
155810	971	0.091545
155810	1688	0.091545
155810	2545	0.091545
155810	3361	0.091545
155810	1505	0.09154499
155810	6900	0.09154499
155913	6307	0.13617633
155913	5636	0.13617632
155913	1902	0.1361763
155913	3341	0.1361763
155913	3810	0.1361763
155913	62	0.13617629
155913	85	0.13617629
155913	950	0.13617629
155913	1355	0.13617629
155913	1933	0.13617629
155989	320	0.11359213
155989	6863	0.11359213
155989	346	0.113592125
155989	402	0.113592125
155989	1855	0.113592125
155989	2339	0.113592125
155989	2573	0.113592125
155989	3501	0.113592125
155989	3743	0.113592125
155989	4464	0.113592125
156163	189	0.11018397
156163	282	0.11016625
156163	3506	0.11016625
156163	4087	0.11016625
156163	5053	0.11016625
156163	5105	0.11016625
156163	5016	0.110166244
156163	6216	0.110166244
156163	337	0.11016624
156163	457	0.11016624
156214	1065	0.16679206
156214	1590	0.16679206
156214	4832	0.16679204
156214	3413	0.16670889
156214	3414	0.16670886
156214	2295	0.16670883
156214	2721	0.1667088
156214	3151	0.16529673
156214	1585	0.1652967
156214	4518	0.1652967
156300	3184	0.11262585
156300	4538	0.11262584
156300	4812	0.11262584
156300	4114	0.11262583
156300	380	0.11262582
156300	1063	0.11262582
156300	1589	0.11262582
156300	3910	0.11262582
156300	4946	0.11262582
156300	5064	0.11262582
156342	2782	0.08446818
156342	1541	0.08446816
156342	3559	0.08446816
156342	5469	0.08446816
156342	378	0.084468156
156342	672	0.084468156
156342	962	0.084468156
156342	1095	0.084468156
156342	1616	0.084468156
156342	1816	0.084468156
156432	2985	0.123233765
156432	3788	0.12323374
156432	3283	0.12323368
156432	6307	0.12298065
156432	3341	0.122980624
156432	2492	0.12298062
156432	5636	0.12298062
156432	1902	0.12298061
156432	3810	0.12298061
156432	5162	0.12298061
156483	4115	0.120128475
156483	829	0.12012847
156483	1888	0.12012847
156483	2241	0.12012845
156483	3325	0.12012843
156483	4330	0.12012843
156483	4631	0.12012842
156483	5681	0.12012842
156483	3858	0.12012839
156483	4969	0.11992535
156510	2934	0.10338668
156510	976	0.10338667
156510	896	0.10338666
156510	3783	0.103386655
156510	5594	0.10338665
156510	3740	0.10338664
156510	5557	0.10338664
156510	1653	0.10338663
156510	1660	0.10338663
156510	2989	0.103386626
156534	4340	0.11364713
156534	6643	0.1136471
156534	3812	0.113647096
156534	400	0.11364709
156534	4899	0.11364709
156534	6025	0.11364709
156534	6026	0.11364708
156534	5358	0.11364707
156534	6689	0.11364707
156534	6757	0.113647066
156584	1626	0.10100463
156584	3468	0.101004615
156584	127	0.1010046
156584	3738	0.1010046
156584	5525	0.1010046
156584	6678	0.1010046
156584	416	0.10100459
156584	3544	0.10100459
156584	4743	0.10100459
156584	6611	0.10100459
156706	1170	0.10259038
156706	5269	0.10259038
156706	1038	0.10259037
156706	873	0.10259036
156706	2988	0.10259036
156706	874	0.10259035
156706	1262	0.10259035
156706	5264	0.102590345
156706	1168	0.1010609
156706	1719	0.10106087
156837	2860	0.1132589
156837	2018	0.11325888
156837	3161	0.11325888
156837	6339	0.11325888
156837	631	0.113258876
156837	2643	0.113258876
156837	571	0.11325887
156837	791	0.11325887
156837	2011	0.11325887
156837	2939	0.11325887
157083	2782	0.108549096
157083	1541	0.10854909
157083	1398	0.10854908
157083	672	0.10854907
157083	1616	0.10854907
157083	1816	0.10854907
157083	2356	0.10854907
157083	3559	0.10854907
157083	4610	0.10854907
157083	5469	0.10854907
157127	4007	0.11963752
157127	6579	0.11963751
157127	92	0.119637504
157127	2334	0.119637504
157127	5072	0.119637504
157127	1306	0.11963749
157127	2081	0.11963749
157127	349	0.11963747
157127	3770	0.11963747
157127	3836	0.11963746
157163	4898	0.11400631
157163	990	0.1140063
157163	1486	0.1140063
157163	5874	0.1140063
157163	6212	0.1140063
157163	96	0.114006296
157163	572	0.114006296
157163	785	0.114006296
157163	3103	0.114006296
157163	5313	0.114006296
157252	688	0.11547831
157252	2423	0.11547831
157252	6488	0.11547831
157252	134	0.1154783
157252	1739	0.1154783
157252	2164	0.1154783
157252	1233	0.11547829
157252	1924	0.11547829
157252	2173	0.11547829
157252	2340	0.11547829
157273	6303	0.11789273
157273	3646	0.11789272
157273	4105	0.1173425
157273	6222	0.11734249
157273	3008	0.11734247
157273	3879	0.11734247
157273	4726	0.11734247
157273	5502	0.11734247
157273	4988	0.117342465
157273	6456	0.11734246
157281	4147	0.110339515
157281	6001	0.110339515
157281	2756	0.11033951
157281	5047	0.11033951
157281	6498	0.11033951
157281	1241	0.1103395
157281	1861	0.11033949
157281	2604	0.11033949
157281	2758	0.11033949
157281	3257	0.11033949
157380	714	0.12563565
157380	3946	0.12563565
157380	4189	0.12563565
157380	2322	0.12563564
157380	5025	0.12563564
157380	6012	0.12563564
157380	1903	0.12563562
157380	2518	0.12563562
157380	2705	0.12563562
157380	2821	0.12563562
157543	5130	0.103183895
157543	115	0.10318385
157543	3586	0.10318385
157543	230	0.103183836
157543	286	0.10318383
157543	356	0.10318383
157543	1117	0.10318382
157543	1333	0.103183806
157543	2890	0.103183806
157543	1430	0.10284162
157594	3396	0.09518031
157594	2951	0.0951803
157594	5371	0.0951803
157594	459	0.09518029
157594	2004	0.09518029
157594	4259	0.09518029
157594	6605	0.09518029
157594	6825	0.09518029
157594	1301	0.09518028
157594	1247	0.09518027
157625	2134	0.11694878
157625	531	0.11694877
157625	1307	0.11694876
157625	3051	0.11694876
157625	3303	0.11694876
157625	5887	0.11694876
157625	545	0.11694875
157625	2553	0.11694875
157625	5422	0.11694875
157625	4276	0.116948746
157655	1589	0.12660408
157655	3184	0.12660408
157655	4114	0.12660408
157655	1063	0.12660407
157655	4538	0.12660407
157655	6151	0.12660407
157655	380	0.12660405
157655	1493	0.12660405
157655	2795	0.12660405
157655	3150	0.12660405
157660	3427	0.10327628
157660	3803	0.10327628
157660	3955	0.10327628
157660	5106	0.103276275
157660	6395	0.103276275
157660	3342	0.10327627
157660	5601	0.10327627
157660	5705	0.10327627
157660	2236	0.10327625
157660	4693	0.10327624
157799	2556	0.09369327
157799	1795	0.093693264
157799	898	0.09369326
157799	4514	0.09369326
157799	5721	0.09369326
157799	1271	0.09369325
157799	2129	0.09369324
157799	2806	0.09369324
157799	5180	0.09369324
157799	6058	0.09369324
157811	5120	0.106596634
157811	2223	0.106596604
157811	5795	0.10606244
157811	5864	0.106062435
157811	176	0.10606243
157811	440	0.10606243
157811	675	0.10606243
157811	3399	0.10606243
157811	6740	0.10606243
157811	2516	0.10606242
158033	1444	0.09701825
158033	6316	0.09701824
158033	2579	0.09701823
158033	4874	0.09701823
158033	5505	0.09701823
158033	5916	0.09701823
158033	5387	0.09701822
158033	1338	0.09701821
158033	4026	0.09663166
158033	2545	0.096631646
158034	778	0.08896609
158034	1288	0.08896606
158034	1967	0.08896606
158034	4819	0.08896606
158034	4971	0.08896606
158034	5514	0.08896606
158034	5519	0.08896606
158034	6802	0.08896606
158034	1633	0.08896605
158034	3207	0.08896605
158043	3184	0.11332424
158043	4812	0.11332422
158043	380	0.11332421
158043	1063	0.11332421
158043	1589	0.11332421
158043	4538	0.11332421
158043	3910	0.1133242
158043	4114	0.1133242
158043	4574	0.1133242
158043	4946	0.1133242
158103	3743	0.11004362
158103	320	0.110043615
158103	1567	0.110043615
158103	4014	0.110043615
158103	6863	0.110043615
158103	346	0.11004361
158103	1855	0.11004361
158103	2339	0.11004361
158103	2573	0.11004361
158103	5553	0.11004361
158104	696	0.08530332
158104	2504	0.08530332
158104	4791	0.085303314
158104	61	0.08530331
158104	410	0.08530331
158104	635	0.08530331
158104	1550	0.08530331
158104	1578	0.08530331
158104	3329	0.08530331
158104	3791	0.08530331
158226	633	0.1183991
158226	2054	0.1183991
158226	4121	0.1183991
158226	389	0.11839909
158226	3089	0.11839909
158226	3560	0.11839909
158226	6495	0.11839909
158226	6725	0.11839909
158226	2843	0.11839908
158226	2998	0.11839908
158254	350	0.106885105
158254	1502	0.106885105
158254	5279	0.106885105
158254	1514	0.10688509
158254	1946	0.10688509
158254	5193	0.10688509
158254	5985	0.10688508
158254	1212	0.106885076
158254	1630	0.106885076
158254	3043	0.10688506
158361	700	0.117397934
158361	110	0.11739793
158361	6765	0.11739793
158361	1752	0.11739792
158361	2640	0.11739792
158361	3469	0.11739792
158361	5034	0.11739792
158361	6043	0.11739792
158361	6326	0.11739791
158361	6676	0.11739791
158385	1743	0.11731344
158385	504	0.11731343
158385	705	0.11731343
158385	2696	0.11731343
158385	4334	0.11731343
158385	5632	0.11731343
158385	5781	0.11731343
158385	298	0.11731342
158385	422	0.11731342
158385	892	0.11731342
158433	3855	0.08747198
158433	3347	0.08747195
158433	4537	0.087471925
158433	3338	0.087285064
158433	982	0.08688906
158433	2301	0.086889036
158433	6250	0.086889036
158433	1045	0.08688903
158433	1853	0.08688903
158433	4370	0.08688903
158506	1701	0.11377969
158506	5311	0.11377968
158506	904	0.11377967
158506	2052	0.113779664
158506	4380	0.113779664
158506	5298	0.113779664
158506	5649	0.113779664
158506	1127	0.11377966
158506	3464	0.11377966
158506	841	0.11377965
158606	1318	0.10446956
158606	4191	0.10446952
158606	3273	0.10367266
158606	3766	0.10367265
158606	4567	0.10367262
158606	3547	0.10349506
158606	712	0.10284829
158606	2334	0.10269822
158606	4007	0.10269822
158606	5072	0.10269822
158714	6430	0.11016865
158714	3271	0.110168606
158714	5716	0.110168576
158714	780	0.11016857
158714	5020	0.11016857
158714	6731	0.11016855
158714	6569	0.10928671
158714	353	0.1092867
158714	642	0.10928669
158714	3837	0.109286666
158774	523	0.094560616
158774	72	0.09456061
158774	6756	0.09456061
158774	2509	0.0945606
158774	5856	0.0945606
158774	6237	0.0945606
158774	812	0.09456059
158774	1282	0.09456059
158774	3727	0.09456059
158774	4620	0.09456059
158846	5737	0.13535613
158846	343	0.1353561
158846	5062	0.1353561
158846	2781	0.13535608
158846	4034	0.13535607
158846	666	0.13466448
158846	1664	0.13466446
158846	4689	0.13466446
158846	2971	0.13466445
158846	4215	0.13466445
158984	688	0.11724441
158984	3217	0.1172444
158984	2340	0.11724439
158984	2871	0.11724439
158984	6488	0.11724439
158984	1739	0.117244385
158984	1924	0.117244385
158984	2164	0.117244385
158984	2173	0.117244385
158984	134	0.11724438
159004	1089	0.095481634
159004	1812	0.095481634
159004	5043	0.095481634
159004	5448	0.095481634
159004	4737	0.09548163
159004	5485	0.09548163
159004	690	0.09548162
159004	988	0.09548162
159004	1596	0.09548162
159004	1781	0.09548162
159033	1892	0.08960363
159033	206	0.08960362
159033	1856	0.08960362
159033	794	0.08960361
159033	1714	0.08960361
159033	1261	0.0896036
159033	1376	0.0896036
159033	3775	0.0896036
159033	5080	0.0896036
159033	4905	0.08960359
159044	1231	0.11582281
159044	4526	0.1158228
159044	6760	0.11582279
159044	1725	0.11582278
159044	3566	0.11582278
159044	3951	0.11582278
159044	4311	0.11582278
159044	4816	0.11582278
159044	5551	0.11582278
159044	6155	0.11582278
159137	3765	0.14329422
159137	748	0.1432942
159137	788	0.1432942
159137	1425	0.1432942
159137	2481	0.1432942
159137	5390	0.1432942
159137	6331	0.1432942
159137	509	0.14329419
159137	1275	0.14329419
159137	1552	0.14329419
159283	3089	0.117217824
159283	6725	0.11721782
159283	633	0.11721781
159283	2843	0.11721781
159283	2054	0.1172178
159283	2998	0.1172178
159283	6672	0.1172178
159283	389	0.117217794
159283	508	0.117217794
159283	3020	0.117217794
159455	2782	0.10767964
159455	1616	0.107679635
159455	1398	0.10767963
159455	1095	0.10767962
159455	1541	0.10767962
159455	1816	0.10767962
159455	2176	0.10767962
159455	2356	0.10767962
159455	3559	0.10767962
159455	4316	0.10767962
159506	3039	0.11381257
159506	6680	0.11381257
159506	75	0.113812566
159506	485	0.113812566
159506	2214	0.113812566
159506	2215	0.113812566
159506	2292	0.113812566
159506	5163	0.113812566
159506	975	0.11381255
159506	1264	0.11381255
159647	2134	0.11059054
159647	531	0.11059052
159647	545	0.11059052
159647	1307	0.11059052
159647	3303	0.11059052
159647	5422	0.11059052
159647	5887	0.11059052
159647	3051	0.11059051
159647	3859	0.11059051
159647	1720	0.1105905
159720	920	0.118592314
159720	4711	0.11859231
159720	2901	0.11859229
159720	4705	0.11859228
159720	6457	0.11859228
159720	6526	0.11859228
159720	3373	0.11859226
159720	5024	0.11859226
159720	1337	0.118592255
159720	4327	0.118592255
159732	666	0.12338418
159732	4689	0.12338418
159732	1664	0.12338415
159732	2971	0.12338413
159732	4215	0.12338413
159732	1871	0.123384126
159732	6540	0.123241976
159732	5052	0.12324197
159732	6708	0.12324197
159732	1830	0.12324196
159754	2134	0.12134834
159754	531	0.12134832
159754	1307	0.12134832
159754	3303	0.12134832
159754	5887	0.121348314
159754	545	0.12134831
159754	2553	0.12134831
159754	3051	0.12134831
159754	5422	0.12134831
159754	1720	0.12134829
159817	3598	0.102054924
159817	1035	0.101995
159817	4057	0.10199499
159817	910	0.10199498
159817	6888	0.10199498
159817	1499	0.10199497
159817	1801	0.10199497
159817	3411	0.10199497
159817	3720	0.10199497
159817	2311	0.10199496
159822	5453	0.10815047
159822	250	0.10815044
159822	3247	0.10815044
159822	3287	0.10815044
159822	3861	0.10815044
159822	3251	0.10815043
159822	6609	0.10815043
159822	6726	0.10815043
159822	399	0.10815042
159822	6701	0.10815042
159834	551	0.14277825
159834	1547	0.14277825
159834	1963	0.14277825
159834	5109	0.14277825
159834	5499	0.14277825
159834	6920	0.14277825
159834	625	0.14277823
159834	4507	0.14277823
159834	6024	0.14277823
159834	6362	0.14277823
159854	3578	0.10899024
159854	1266	0.10899023
159854	3110	0.10899023
159854	2371	0.10899022
159854	903	0.108990215
159854	650	0.10899021
159854	1503	0.10899021
159854	2428	0.10899021
159854	3009	0.10899021
159854	3556	0.10899021
159858	2867	0.109371275
159858	4501	0.10937124
159858	2513	0.10937123
159858	5254	0.10937123
159858	4840	0.108969636
159858	338	0.10896963
159858	5517	0.10896963
159858	5867	0.108969614
159858	334	0.1089696
159858	2493	0.1089696
159860	1812	0.10997924
159860	5043	0.10997924
159860	5448	0.10997924
159860	1089	0.10997923
159860	1596	0.10997923
159860	5485	0.10997923
159860	988	0.10997922
159860	4737	0.10997922
159860	5537	0.10997922
159860	690	0.10997921
159863	2904	0.12843403
159863	3493	0.128434
159863	992	0.12838505
159863	3040	0.12838504
159863	3098	0.12838504
159863	4073	0.12838504
159863	6570	0.12838504
159863	1130	0.12838502
159863	4872	0.12838502
159863	1645	0.128385
159868	3647	0.12407535
159868	4695	0.12407535
159868	5150	0.12407535
159868	733	0.124075346
159868	2687	0.124075346
159868	259	0.12407534
159868	546	0.12407534
159868	1618	0.12407534
159868	1668	0.12407534
159868	1813	0.12407534
159946	4617	0.11258438
159946	3427	0.11258435
159946	3955	0.11258435
159946	5106	0.11258435
159946	6395	0.112584345
159946	3342	0.11258434
159946	3803	0.11258434
159946	5601	0.11258434
159946	5705	0.11258434
159946	2236	0.11258432
159977	2214	0.10433008
159977	3039	0.10433008
159977	6680	0.10433008
159977	5163	0.10433007
159977	75	0.10433006
159977	485	0.10433006
159977	2292	0.10433006
159977	5160	0.10433006
159977	6014	0.10433006
159977	4135	0.104330055
160154	4340	0.10636927
160154	3812	0.10636924
160154	4899	0.10636924
160154	400	0.106369235
160154	5358	0.10636923
160154	6025	0.10636923
160154	6026	0.10636923
160154	6643	0.10636923
160154	6689	0.10636922
160154	4505	0.10636921
160180	2121	0.10700436
160180	4304	0.10700436
160180	4163	0.107004344
160180	2732	0.10700434
160180	3712	0.10700434
160180	1447	0.10700433
160180	1690	0.10700433
160180	4152	0.10700433
160180	5381	0.10700433
160180	2348	0.10700432
160200	5855	0.12658966
160200	1478	0.12658964
160200	5248	0.12658964
160200	3040	0.12619618
160200	3098	0.12619618
160200	4872	0.12619618
160200	6570	0.12619618
160200	992	0.12619615
160200	1130	0.12619615
160200	1645	0.12619615
160231	714	0.12460558
160231	2322	0.12460558
160231	3946	0.12460558
160231	4189	0.12460558
160231	2518	0.124605566
160231	2821	0.124605566
160231	4444	0.124605566
160231	4665	0.124605566
160231	5025	0.124605566
160231	5662	0.124605566
160295	110	0.11531918
160295	700	0.11531918
160295	1752	0.11531918
160295	6043	0.11531918
160295	6765	0.11531918
160295	2640	0.11531917
160295	1144	0.11531916
160295	1159	0.11531916
160295	2569	0.11531916
160295	3793	0.11531916
160334	4780	0.10776857
160334	683	0.10776855
160334	1189	0.10776855
160334	2432	0.10776855
160334	6163	0.10776855
160334	6438	0.10776855
160334	1180	0.10776854
160334	4058	0.107768536
160334	2187	0.107768506
160334	1227	0.107310966
160344	2269	0.098947376
160344	539	0.09894736
160344	1579	0.09894736
160344	2880	0.09894736
160344	4433	0.09894736
160344	5696	0.09894736
160344	3286	0.09894735
160344	2354	0.098947346
160344	2465	0.098947346
160344	2920	0.098947346
160378	4659	0.10357845
160378	3474	0.10357843
160378	6073	0.10357843
160378	4402	0.103578426
160378	2434	0.10357842
160378	5148	0.10357837
160378	211	0.10317225
160378	4385	0.10317224
160378	2522	0.103172205
160378	1259	0.102795616
160381	6346	0.091463216
160381	1031	0.09146321
160381	1034	0.09146321
160381	1787	0.09146321
160381	2923	0.09146321
160381	2964	0.09146321
160381	3796	0.09146321
160381	5036	0.09146321
160381	5694	0.09146321
160381	463	0.0914632
160393	133	0.101545945
160393	2014	0.101545945
160393	622	0.10154594
160393	473	0.101545915
160393	660	0.101545915
160393	668	0.101545915
160393	2633	0.101545915
160393	3048	0.101545915
160393	3064	0.101545915
160393	1044	0.1015459
160401	778	0.11083932
160401	4971	0.11083931
160401	6802	0.11083931
160401	5519	0.1108393
160401	1288	0.11083929
160401	1633	0.11083929
160401	1967	0.11083929
160401	3669	0.11083929
160401	5514	0.11083929
160401	5546	0.11083929
160434	110	0.10886759
160434	6765	0.10886759
160434	700	0.108867586
160434	1752	0.108867586
160434	3469	0.108867586
160434	6043	0.108867586
160434	5034	0.10886758
160434	6676	0.10886758
160434	886	0.10886757
160434	1144	0.10886757
160548	5499	0.11199234
160548	551	0.11199233
160548	1547	0.11199233
160548	6920	0.11199233
160548	4473	0.11199232
160548	4507	0.11199232
160548	5109	0.11199232
160548	6828	0.11199232
160548	580	0.111992314
160548	617	0.111992314
160558	3039	0.13205428
160558	6680	0.13205428
160558	75	0.13205427
160558	485	0.13205427
160558	1496	0.13205427
160558	2214	0.13205427
160558	2292	0.13205427
160558	5163	0.13205427
160558	6786	0.13205427
160558	720	0.13205424
160571	1501	0.12644237
160571	1545	0.12644234
160571	1659	0.12644234
160571	1937	0.12644234
160571	538	0.12644233
160571	302	0.12644231
160571	1916	0.12644231
160571	3440	0.12644231
160571	3949	0.1264423
160571	1027	0.12644227
160574	688	0.11725232
160574	3217	0.11725232
160574	2340	0.11725231
160574	6488	0.11725231
160574	1739	0.117252305
160574	2032	0.117252305
160574	2164	0.117252305
160574	2173	0.117252305
160574	2423	0.117252305
160574	134	0.1172523
160681	133	0.119837105
160681	622	0.1198371
160681	2014	0.1198371
160681	473	0.11983709
160681	3048	0.119837075
160681	3064	0.119837075
160681	660	0.11983707
160681	668	0.11983707
160681	1751	0.11983707
160681	1044	0.11983706
160735	758	0.12547043
160735	3253	0.12547043
160735	3853	0.12547043
160735	4204	0.12547043
160735	6460	0.12547043
160735	579	0.12547041
160735	757	0.12547041
160735	1613	0.12547041
160735	2305	0.12547041
160735	3294	0.12547041
160746	753	0.10868629
160746	576	0.10868627
160746	5687	0.10868627
160746	4830	0.10868624
160746	1293	0.10857837
160746	1666	0.10857837
160746	2664	0.108578354
160746	4772	0.108578354
160746	2702	0.10857835
160746	2203	0.10857834
160803	2134	0.11012788
160803	531	0.11012787
160803	545	0.110127866
160803	1307	0.110127866
160803	3303	0.11012786
160803	1720	0.11012785
160803	4214	0.11012785
160803	5422	0.11012785
160803	5685	0.11012785
160803	3859	0.110127844
160819	4026	0.10071719
160819	971	0.10071717
160819	4029	0.10071717
160819	67	0.100717165
160819	2545	0.100717165
160819	3361	0.100717165
160819	93	0.10071716
160819	1505	0.10071716
160819	6900	0.10071716
160819	1068	0.10071715
160878	6494	0.10745104
160878	6711	0.10745104
160878	2389	0.10745101
160878	4076	0.10745101
160878	4081	0.10745101
160878	6712	0.10745101
160878	2588	0.107451
160878	5374	0.107451
160878	2818	0.10745099
160878	3857	0.10745099
160881	1122	0.11571005
160881	4768	0.11571005
160881	1332	0.11571004
160881	3782	0.11571004
160881	1815	0.115710035
160881	3679	0.115710035
160881	4053	0.115710035
160881	4770	0.115710035
160881	4845	0.115710035
160881	6281	0.11571003
160994	3458	0.10345353
160994	5392	0.103453524
160994	3182	0.10345351
160994	314	0.1034535
160994	952	0.1034535
160994	3732	0.1034535
160994	4796	0.1034535
160994	6703	0.1034535
160994	2973	0.10345349
160994	228	0.103453465
161037	1231	0.122704566
161037	1693	0.12270454
161037	4816	0.12270454
161037	1725	0.122704536
161037	3566	0.122704536
161037	4311	0.122704536
161037	4526	0.122704536
161037	5551	0.122704536
161037	5552	0.122704536
161037	6760	0.122704536
161039	2214	0.10246611
161039	2292	0.10246611
161039	3039	0.1024661
161039	5163	0.1024661
161039	6680	0.1024661
161039	6786	0.1024661
161039	75	0.10246609
161039	485	0.10246609
161039	1496	0.10246609
161039	2215	0.10246609
161041	6043	0.12591976
161041	6765	0.12591976
161041	110	0.12591974
161041	700	0.12591973
161041	1752	0.12591973
161041	2569	0.12591973
161041	2640	0.12591973
161041	3469	0.12591973
161041	3793	0.12591973
161041	4720	0.12591973
161200	4636	0.09792833
161200	6661	0.097928315
161200	4613	0.09792831
161200	5435	0.09792829
161200	4880	0.097928286
161200	5775	0.09791626
161200	2945	0.097916216
161200	5368	0.097916216
161200	5774	0.0979162
161200	6242	0.0979162
161234	2168	0.12651037
161234	2676	0.12651035
161234	5073	0.12478711
161234	3149	0.12466104
161234	2563	0.12404776
161234	3088	0.124047756
161234	5729	0.124047756
161234	5823	0.124047756
161234	2533	0.12404775
161234	638	0.12404768
161250	259	0.11153511
161250	733	0.11153511
161250	2687	0.11153511
161250	3647	0.11153511
161250	6763	0.11153511
161250	326	0.1115351
161250	546	0.1115351
161250	648	0.1115351
161250	944	0.1115351
161250	1618	0.1115351
161252	2224	0.10538672
161252	2230	0.10538672
161252	2407	0.10538672
161252	3313	0.10538672
161252	3892	0.10538672
161252	4183	0.10538672
161252	1176	0.105386704
161252	1576	0.105386704
161252	3569	0.105386704
161252	3582	0.105386704
161265	5306	0.1064174
161265	2366	0.10641739
161265	5858	0.10641739
161265	2899	0.10641738
161265	4618	0.10641738
161265	3954	0.10641737
161265	4223	0.10641737
161265	4879	0.10641737
161265	3653	0.106417365
161265	4576	0.10641736
161299	320	0.10594248
161299	3743	0.10594248
161299	6863	0.10594248
161299	346	0.10594247
161299	1567	0.10594247
161299	1730	0.10594247
161299	2339	0.10594247
161299	2573	0.10594247
161299	3259	0.10594247
161299	3501	0.10594247
161326	1731	0.10993482
161326	2983	0.10993482
161326	1709	0.109934814
161326	2997	0.109934814
161326	3234	0.109934814
161326	3613	0.109934814
161326	6887	0.109934814
161326	193	0.10993481
161326	658	0.10993481
161326	744	0.10993481
161348	4176	0.10952224
161348	3184	0.109021
161348	4114	0.10902098
161348	4812	0.10902097
161348	5556	0.10902097
161348	6151	0.10902097
161348	380	0.10902096
161348	1063	0.10902096
161348	1589	0.10902096
161348	3150	0.10902096
161373	2357	0.1043033
161373	4703	0.1043033
161373	5792	0.10430329
161373	1303	0.104303285
161373	1873	0.104303285
161373	2549	0.104303285
161373	3534	0.104303285
161373	4936	0.104303285
161373	6428	0.104303285
161373	513	0.10430328
161385	6698	0.112293765
161385	269	0.11229374
161385	797	0.11229374
161385	249	0.112293735
161385	1250	0.112293735
161385	1311	0.112293735
161385	1794	0.112293735
161385	2605	0.112293735
161385	2709	0.112293735
161385	6039	0.112293735
161391	5105	0.10526834
161391	282	0.10526833
161391	337	0.10526832
161391	4087	0.10526832
161391	5053	0.10526832
161391	457	0.105268314
161391	883	0.105268314
161391	1066	0.105268314
161391	3506	0.105268314
161391	4545	0.105268314
161467	5369	0.1253968
161467	2043	0.12539679
161467	2083	0.12539679
161467	4368	0.12539679
161467	6049	0.12539679
161467	6236	0.12539679
161467	1845	0.12539677
161467	2621	0.12539677
161467	4144	0.12539677
161467	772	0.12539676
161476	1759	0.0987461
161476	1357	0.09874609
161476	707	0.098746076
161476	5271	0.098746076
161476	3752	0.09874607
161476	1101	0.09874606
161476	3780	0.09792036
161476	800	0.09792034
161476	3942	0.09792034
161476	1908	0.097920336
161533	1444	0.10080906
161533	5505	0.10080905
161533	6785	0.100809045
161533	2579	0.10080904
161533	5916	0.10080904
161533	6316	0.10080904
161533	1338	0.10080902
161533	4874	0.10080902
161533	5387	0.10080902
161533	118	0.10022111
161662	2709	0.09898826
161662	269	0.09898825
161662	1311	0.09898825
161662	6356	0.09898825
161662	6698	0.09898825
161662	249	0.09898824
161662	797	0.09898824
161662	3965	0.09898824
161662	4109	0.09898824
161662	6472	0.09898824
161677	110	0.09961461
161677	6043	0.09961461
161677	700	0.099614605
161677	1330	0.099614605
161677	1752	0.099614605
161677	2569	0.099614605
161677	2640	0.099614605
161677	4989	0.099614605
161677	6117	0.099614605
161677	6326	0.099614605
161744	5817	0.10420167
161744	118	0.10420166
161744	184	0.10420166
161744	1506	0.10420166
161744	5992	0.10420165
161744	6814	0.10420165
161744	540	0.104201645
161744	1667	0.104201645
161744	2978	0.104201645
161744	4605	0.104201645
161750	6241	0.1021052
161750	6141	0.101450905
161750	1656	0.10063797
161750	4010	0.10063797
161750	6520	0.10063796
161750	2426	0.10063794
161750	4932	0.10063794
161750	5822	0.10063794
161750	3099	0.09998369
161750	5113	0.09998369
161752	4393	0.10755022
161752	2694	0.1075502
161752	3503	0.10728755
161752	6215	0.10728753
161752	3297	0.107287526
161752	3636	0.107287526
161752	5293	0.10728752
161752	4632	0.10728751
161752	6345	0.10728751
161752	248	0.1072875
161755	1357	0.10290091
161755	1759	0.10290091
161755	707	0.1029009
161755	5271	0.10290089
161755	3752	0.10290088
161755	908	0.10242051
161755	1471	0.10242051
161755	4381	0.10242051
161755	4865	0.1024205
161755	2158	0.102420494
161831	3327	0.12723003
161831	4154	0.12723003
161831	4239	0.12723002
161831	294	0.12723
161831	1852	0.12723
161831	4133	0.12723
161831	4835	0.12723
161831	4920	0.12723
161831	5965	0.12723
161831	83	0.12722999
161870	1471	0.117861226
161870	2158	0.117861226
161870	4381	0.11786122
161870	908	0.117861204
161870	2856	0.117861204
161870	4483	0.117861204
161870	4865	0.117861204
161870	186	0.1178612
161870	838	0.1178612
161870	3215	0.1178612
161880	6540	0.10835288
161880	1830	0.10835287
161880	6708	0.10835287
161880	5052	0.10835286
161880	721	0.10835285
161880	1943	0.10835285
161880	2935	0.10835284
161880	3439	0.10835283
161880	5995	0.10835283
161880	669	0.108352825
161882	170	0.108336896
161882	611	0.108336896
161882	1446	0.10833689
161882	1707	0.10833689
161882	169	0.10833688
161882	884	0.10833687
161882	5362	0.10833687
161882	7	0.108336866
161882	1612	0.108336866
161882	3221	0.108336866
161903	1035	0.09475751
161903	4057	0.094757505
161903	910	0.0947575
161903	1499	0.09475749
161903	1801	0.09475749
161903	3411	0.09475748
161903	3720	0.09475748
161903	4520	0.09475748
161903	6888	0.09475748
161903	6850	0.094757475
161936	6057	0.13469785
161936	858	0.13469784
161936	2463	0.13469784
161936	121	0.13469782
161936	430	0.13469782
161936	588	0.13469782
161936	1641	0.13469782
161936	1643	0.13469782
161936	2156	0.13469782
161936	2668	0.13469782
161974	539	0.10295026
161974	2269	0.10295026
161974	3286	0.10295025
161974	1579	0.102950245
161974	2354	0.102950245
161974	2880	0.102950245
161974	2920	0.102950245
161974	4433	0.102950245
161974	5242	0.102950245
161974	2465	0.10295024
162001	5969	0.10697553
162001	6288	0.10697553
162001	1931	0.106975526
162001	2437	0.106975526
162001	6350	0.106975526
162001	116	0.10697551
162001	374	0.10697551
162001	2312	0.1069755
162001	2564	0.1069755
162001	4764	0.1069755
162014	4340	0.119282976
162014	400	0.11928293
162014	3812	0.11928293
162014	4899	0.11928293
162014	6643	0.11928293
162014	5358	0.11928292
162014	6025	0.11928292
162014	6026	0.119282916
162014	6689	0.11928291
162014	6757	0.11928291
162019	1259	0.084480956
162019	6716	0.084480956
162019	50	0.08448094
162019	157	0.08448094
162019	182	0.08448094
162019	879	0.08448094
162019	1533	0.08448094
162019	2302	0.08448094
162019	2742	0.08448094
162019	4248	0.08448094
162030	2782	0.10754046
162030	1398	0.107540436
162030	1541	0.107540436
162030	1616	0.107540436
162030	3559	0.107540436
162030	672	0.10754043
162030	1738	0.10754043
162030	1816	0.10754043
162030	2356	0.10754043
162030	4610	0.10754043
162121	2782	0.09802929
162121	1541	0.098029286
162121	4610	0.098029286
162121	672	0.09802928
162121	1398	0.09802928
162121	1616	0.09802928
162121	2356	0.09802928
162121	3559	0.09802928
162121	5469	0.09802928
162121	962	0.09802927
162155	5461	0.10357586
162155	3895	0.10357584
162155	97	0.103575826
162155	6766	0.103575826
162155	6892	0.10357582
162155	702	0.10357581
162155	6053	0.10357581
162155	6619	0.10357581
162155	1104	0.103575796
162155	6096	0.10357579
162219	778	0.10503003
162219	1288	0.10503
162219	1633	0.10503
162219	1967	0.10503
162219	4971	0.10503
162219	5519	0.10503
162219	5546	0.10503
162219	466	0.10502999
162219	105	0.105029985
162219	1662	0.105029985
162264	6781	0.105166934
162264	5538	0.1051669
162264	2866	0.103520095
162264	5129	0.10352008
162264	6420	0.10352008
162264	5407	0.103520066
162264	5440	0.10256347
162264	209	0.102563426
162264	3423	0.102563396
162264	951	0.1024127
162311	1471	0.11219098
162311	2158	0.11219097
162311	4381	0.11219097
162311	908	0.11219096
162311	2856	0.11219096
162311	4483	0.11219096
162311	4865	0.11219096
162311	186	0.11219095
162311	838	0.11219095
162311	3215	0.11219095
162376	858	0.1257649
162376	1643	0.1257649
162376	2463	0.1257649
162376	4493	0.1257649
162376	4524	0.1257649
162376	6057	0.1257649
162376	430	0.12576489
162376	1641	0.12576489
162376	2668	0.12576489
162376	2767	0.12576489
162380	1569	0.10575875
162380	1716	0.10575874
162380	3142	0.105758734
162380	1556	0.10575873
162380	5875	0.10575873
162380	6657	0.10575873
162380	3128	0.10575872
162380	1460	0.10575871
162380	1492	0.10575871
162380	4751	0.104791105
162538	696	0.10388173
162538	61	0.10388172
162538	410	0.10388172
162538	2504	0.10388172
162538	635	0.10388171
162538	1550	0.10388171
162538	1578	0.10388171
162538	240	0.1038817
162538	964	0.1038817
162538	1774	0.1038817
162562	384	0.110968605
162562	581	0.110968605
162562	3480	0.1109686
162562	3581	0.1109686
162562	5156	0.1109686
162562	232	0.11096859
162562	411	0.11096859
162562	732	0.11096859
162562	1436	0.11096859
162562	1512	0.11096859
162590	3197	0.10795693
162590	3285	0.10795693
162590	3550	0.10795693
162590	3913	0.10795693
162590	6446	0.10795693
162590	388	0.107956916
162590	2800	0.107956916
162590	4062	0.107956916
162590	4169	0.107956916
162590	4438	0.107956916
162610	6001	0.084660865
162610	1241	0.08466084
162610	1468	0.08466084
162610	2756	0.08466084
162610	6498	0.08466084
162610	6138	0.084660836
162610	1591	0.08466083
162610	1861	0.08466083
162610	2604	0.08466083
162610	2758	0.08466083
162626	6346	0.10864012
162626	1034	0.108640105
162626	3997	0.108640105
162626	4687	0.108640105
162626	463	0.1086401
162626	2008	0.1086401
162626	2150	0.1086401
162626	2307	0.1086401
162626	2923	0.1086401
162626	4392	0.1086401
162662	118	0.105693035
162662	184	0.105693035
162662	540	0.10569303
162662	1506	0.10569303
162662	1667	0.10569303
162662	4704	0.10569303
162662	5817	0.10569303
162662	5992	0.10569303
162662	6814	0.10569303
162662	5079	0.10569302
162671	539	0.12522711
162671	1579	0.12522711
162671	2269	0.12522711
162671	2354	0.1252271
162671	2465	0.1252271
162671	2880	0.1252271
162671	2920	0.1252271
162671	3286	0.1252271
162671	4433	0.1252271
162671	5242	0.1252271
162738	2050	0.11771601
162738	2233	0.11771599
162738	1875	0.117715985
162738	3177	0.117715985
162738	2755	0.11762286
162738	4919	0.117622845
162738	3229	0.11762284
162738	6306	0.11762284
162738	715	0.11762283
162738	1236	0.11762283
162762	4768	0.10155756
162762	4845	0.10155756
162762	1815	0.10155755
162762	4770	0.10155755
162762	1122	0.101557545
162762	1332	0.101557545
162762	3782	0.101557545
162762	4053	0.101557545
162762	478	0.10155754
162762	1976	0.10155754
162780	2224	0.11592607
162780	2230	0.11592607
162780	2407	0.11592607
162780	3892	0.11592607
162780	4183	0.11592607
162780	3313	0.115926065
162780	1176	0.11592606
162780	1576	0.11592606
162780	3582	0.11592606
162780	4246	0.11592606
162827	3609	0.09479359
162827	1237	0.09462051
162827	2981	0.09462051
162827	4591	0.094617024
162827	1076	0.094616994
162827	1654	0.094616964
162827	1718	0.094616964
162827	6142	0.09461696
162827	4028	0.09445006
162827	2427	0.09445004
162840	320	0.11082171
162840	346	0.11082171
162840	1567	0.11082171
162840	1855	0.11082171
162840	2339	0.11082171
162840	3743	0.11082171
162840	6863	0.11082171
162840	159	0.1108217
162840	1629	0.1108217
162840	4217	0.1108217
162849	4154	0.11840547
162849	3327	0.118405454
162849	4835	0.118405454
162849	4239	0.11840545
162849	639	0.11840543
162849	1002	0.11840543
162849	1379	0.11840543
162849	1524	0.11840543
162849	1728	0.11840543
162849	1852	0.11840543
162886	3393	0.08857067
162886	222	0.088570654
162886	5261	0.08828046
162886	353	0.087571815
162886	6569	0.087571815
162886	3837	0.0875718
162886	642	0.08757179
162886	982	0.08756308
162886	1045	0.08756305
162886	1853	0.08756305
163169	4840	0.10777626
163169	5867	0.107776254
163169	338	0.10777625
163169	5517	0.10777625
163169	3445	0.10777623
163169	6385	0.10777623
163169	334	0.107776225
163169	1257	0.107776225
163169	1286	0.107776225
163169	2493	0.107776225
163194	961	0.115531996
163194	4023	0.11553199
163194	2323	0.11553198
163194	2987	0.11553198
163194	2390	0.11553197
163194	2328	0.115531966
163194	3087	0.115531966
163194	4261	0.11553194
163194	155	0.11553192
163194	1696	0.11553192
163202	551	0.12735507
163202	1547	0.12735507
163202	1963	0.12735507
163202	5109	0.12735507
163202	6362	0.12735507
163202	6920	0.12735507
163202	625	0.12735505
163202	4072	0.12735505
163202	4473	0.12735505
163202	4507	0.12735505
163302	87	0.10254043
163302	2652	0.102540426
163302	4258	0.10254042
163302	310	0.10254041
163302	5620	0.10254041
163302	1200	0.1025404
163302	1438	0.10254039
163302	2231	0.10254039
163302	5144	0.10254039
163302	6264	0.10254038
163307	778	0.09754022
163307	466	0.0975402
163307	1288	0.0975402
163307	5519	0.0975402
163307	5546	0.0975402
163307	1662	0.09754019
163307	5937	0.09754019
163307	1633	0.097540185
163307	1967	0.097540185
163307	3207	0.097540185
163319	6072	0.14417747
163319	6398	0.14417747
163319	2246	0.14417745
163319	6724	0.14417745
163319	3656	0.14417744
163319	5844	0.14417744
163319	3429	0.14417736
163319	4478	0.14356443
163319	4897	0.14356436
163319	1258	0.14356433
163326	1900	0.13013984
163326	1320	0.13013983
163326	1991	0.13013983
163326	4699	0.1301398
163326	2218	0.13009763
163326	1416	0.12911886
163326	107	0.12911884
163326	1432	0.1290767
163326	2412	0.1290767
163326	4696	0.12896058
163329	1830	0.12992124
163329	5052	0.12992123
163329	6540	0.12992123
163329	6708	0.12992123
163329	1943	0.12992121
163329	669	0.1299212
163329	721	0.1299212
163329	2935	0.1299212
163329	3439	0.1299212
163329	4746	0.12992118
163335	1227	0.10677552
163335	1949	0.10677551
163335	1762	0.106775485
163335	5107	0.106775485
163335	4890	0.10677548
163335	199	0.106775455
163335	502	0.10677545
163335	4924	0.10677545
163335	193	0.10677272
163335	1731	0.10677272
163358	1812	0.1055787
163358	1089	0.10557868
163358	5043	0.10557868
163358	5448	0.10557868
163358	5485	0.105578676
163358	690	0.10557867
163358	1872	0.10557867
163358	71	0.10557866
163358	560	0.10557866
163358	1361	0.10557866
163415	2463	0.10891248
163415	4524	0.10891248
163415	6057	0.10891248
163415	858	0.10891247
163415	1643	0.10891247
163415	2767	0.10891247
163415	3657	0.10891247
163415	3856	0.10891247
163415	4493	0.10891247
163415	6055	0.10891247
163419	960	0.10655775
163419	6367	0.10655771
163419	6419	0.10655771
163419	3255	0.106557705
163419	510	0.1065577
163419	6418	0.1065577
163419	6408	0.10655769
163419	5575	0.10655767
163419	5636	0.10505911
163419	6307	0.10505911
163430	5172	0.11312275
163430	5265	0.11312274
163430	5679	0.11312273
163430	519	0.11312271
163430	970	0.1131227
163430	2418	0.1131227
163430	3016	0.1131227
163430	4633	0.1131227
163430	6651	0.1131227
163430	6698	0.11247964
163433	2808	0.12853457
163433	5382	0.12853457
163433	914	0.12853456
163433	1756	0.12853456
163433	2410	0.12853456
163433	3726	0.12853456
163433	3939	0.12853456
163433	676	0.12853454
163433	300	0.12853453
163433	397	0.12853453
163443	2134	0.11282313
163443	531	0.112823114
163443	1307	0.112823114
163443	545	0.11282311
163443	3303	0.11282311
163443	5422	0.11282311
163443	5887	0.1128231
163443	1720	0.11282309
163443	3051	0.11282309
163443	3859	0.11282309
163467	259	0.10692166
163467	1823	0.10692166
163467	1833	0.10692166
163467	5333	0.10692166
163467	6763	0.10692166
163467	1387	0.10692165
163467	3710	0.10692165
163467	4695	0.10692165
163467	4968	0.10692165
163467	5150	0.10692165
163488	558	0.11934596
163488	1287	0.11934596
163488	4814	0.11934596
163488	726	0.11934595
163488	1676	0.11934595
163488	1704	0.11934595
163488	561	0.11934594
163488	842	0.11934593
163488	5087	0.11934593
163488	5165	0.11934593
163534	562	0.12834653
163534	1678	0.12834653
163534	2768	0.12834653
163534	682	0.12834652
163534	4312	0.1283465
163534	5741	0.1283465
163534	5850	0.1283465
163534	6071	0.1283465
163534	6916	0.1283465
163534	563	0.12834649
163570	2755	0.103137836
163570	3229	0.10313783
163570	4919	0.10313783
163570	5702	0.10313783
163570	1927	0.10313782
163570	6306	0.10313782
163570	1236	0.10313781
163570	715	0.103137806
163570	1394	0.103137806
163570	4332	0.103137806
163579	2531	0.11438164
163579	3244	0.114381626
163579	2898	0.114381604
163579	4580	0.1143816
163579	5171	0.11312289
163579	5418	0.11306037
163579	6405	0.11306034
163579	2017	0.113060296
163579	2030	0.11244542
163579	1111	0.11244541
163600	3637	0.108605
163600	5445	0.10849327
163600	3845	0.108493246
163600	2614	0.10849323
163600	5889	0.108493224
163600	4396	0.10849322
163600	2159	0.10849321
163600	2591	0.10849321
163600	3852	0.10849321
163600	5999	0.10849321
163612	5684	0.11755819
163612	6247	0.117558144
163612	4741	0.11755813
163612	3222	0.11726119
163612	367	0.117261164
163612	544	0.11726114
163612	5006	0.11726114
163612	764	0.117261134
163612	1877	0.11726111
163612	6710	0.11657742
163676	2207	0.107428566
163676	607	0.10742856
163676	2143	0.10742856
163676	6685	0.10742856
163676	188	0.10742855
163676	801	0.10742855
163676	913	0.10742855
163676	1062	0.10742855
163676	3394	0.10742855
163676	3851	0.10742855
163759	5931	0.106154636
163759	2925	0.10615463
163759	2488	0.10615461
163759	4615	0.106154606
163759	6451	0.106154606
163759	6115	0.1061546
163759	6137	0.1061546
163759	3936	0.10615458
163759	3974	0.10615458
163759	6639	0.105327755
163761	760	0.11382228
163761	5373	0.11368917
163761	6273	0.11340348
163761	5515	0.113294385
163761	4565	0.11283981
163761	4888	0.11263023
163761	2163	0.11263022
163761	6821	0.11246088
163761	2595	0.112460874
163761	6271	0.112460874
163796	4228	0.12401068
163796	3353	0.12401067
163796	4685	0.12401067
163796	770	0.12401066
163796	2034	0.12401066
163796	4012	0.12401066
163796	4045	0.12401066
163796	24	0.12401065
163796	1840	0.12401065
163796	2726	0.12401065
163804	3647	0.10741317
163804	4968	0.10741317
163804	733	0.107413165
163804	6763	0.107413165
163804	259	0.10741316
163804	944	0.10741316
163804	1618	0.10741316
163804	1823	0.10741316
163804	2001	0.10741316
163804	2687	0.10741316
163851	2064	0.1236343
163851	3336	0.12363429
163851	5793	0.123634286
163851	258	0.123634264
163851	1821	0.123634264
163851	4305	0.123634264
163851	317	0.12363426
163851	1782	0.12363426
163851	1854	0.12363426
163851	2710	0.12363426
163876	346	0.11453031
163876	1855	0.11453031
163876	3743	0.1145303
163876	320	0.114530295
163876	1090	0.114530295
163876	1567	0.114530295
163876	1629	0.114530295
163876	1658	0.114530295
163876	2339	0.114530295
163876	2575	0.114530295
163973	149	0.11227832
163973	3545	0.11227831
163973	5768	0.11227831
163973	441	0.1122783
163973	761	0.1122783
163973	893	0.1122783
163973	26	0.11227829
163973	3634	0.11227828
163973	4314	0.11227827
163973	4453	0.11227826
164027	350	0.11019164
164027	1502	0.11019164
164027	5193	0.11019164
164027	5279	0.11019164
164027	1514	0.11019163
164027	1946	0.11019163
164027	1212	0.11019162
164027	5985	0.11019162
164027	1630	0.11019161
164027	3043	0.110191606
164096	5360	0.11126436
164096	5698	0.11126436
164096	2296	0.11126435
164096	3870	0.11126435
164096	6145	0.11126434
164096	2297	0.11126433
164096	3802	0.11126433
164096	6102	0.11126433
164096	6310	0.111264326
164096	591	0.11126432
164105	1892	0.09408411
164105	206	0.094084084
164105	1856	0.094084084
164105	1714	0.09408408
164105	794	0.09408407
164105	1261	0.09408407
164105	1376	0.09408407
164105	5080	0.09408407
164105	4905	0.09408406
164105	3775	0.094084054
164301	4247	0.110565305
164301	1234	0.110565245
164301	2625	0.110565245
164301	4231	0.11056523
164301	5810	0.11056522
164301	1462	0.110565215
164301	4751	0.11003082
164301	1302	0.1100308
164301	2326	0.1100308
164301	5140	0.1100308
164323	350	0.11410457
164323	1502	0.11410457
164323	1514	0.114104554
164323	1946	0.114104554
164323	5193	0.114104554
164323	5279	0.114104554
164323	1212	0.11410454
164323	1630	0.11410454
164323	5985	0.11410454
164323	3043	0.11410452
164425	619	0.09017323
164425	2886	0.09017323
164425	2317	0.09017322
164425	3306	0.090173215
164425	5641	0.09002639
164425	6091	0.09002638
164425	4951	0.09002637
164425	3209	0.090026364
164425	4245	0.090026364
164425	427	0.09002635
164480	696	0.10545872
164480	2504	0.10545871
164480	61	0.10545869
164480	410	0.10545869
164480	635	0.10545869
164480	1550	0.10545869
164480	1578	0.10545869
164480	3329	0.10545869
164480	4791	0.10545869
164480	5227	0.10545869
164492	3353	0.100165576
164492	4228	0.100165576
164492	770	0.10016556
164492	1840	0.10016556
164492	3552	0.10016556
164492	4012	0.10016556
164492	4685	0.10016556
164492	2034	0.10016555
164492	2726	0.10016555
164492	4225	0.10016555
164518	2782	0.09590151
164518	1398	0.095901504
164518	1541	0.095901504
164518	3559	0.095901504
164518	1816	0.0959015
164518	234	0.09590149
164518	672	0.09590149
164518	993	0.09590149
164518	1738	0.09590149
164518	1820	0.09590149
164533	6043	0.11623127
164533	110	0.11623126
164533	1752	0.11623126
164533	6765	0.11623126
164533	700	0.11623125
164533	2640	0.11623125
164533	6676	0.11623125
164533	1144	0.11623124
164533	1159	0.11623124
164533	2179	0.11623124
164549	2696	0.10528555
164549	3624	0.10528555
164549	4334	0.10528555
164549	6	0.10528554
164549	298	0.10528554
164549	422	0.10528554
164549	504	0.10528554
164549	802	0.10528554
164549	1051	0.10528554
164549	1743	0.10528554
164581	6346	0.10609139
164581	1034	0.10609138
164581	463	0.10609137
164581	1031	0.10609137
164581	6099	0.10609137
164581	484	0.106091365
164581	2150	0.106091365
164581	2307	0.106091365
164581	2923	0.106091365
164581	2964	0.106091365
164584	351	0.10644131
164584	1024	0.10644131
164584	2479	0.10644131
164584	2830	0.10644131
164584	3846	0.10644131
164584	697	0.106441304
164584	1880	0.106441304
164584	3626	0.106441304
164584	3676	0.106441304
164584	4157	0.106441304
164675	999	0.106217176
164675	2708	0.10621712
164675	2197	0.10621711
164675	6876	0.1059664
164675	2118	0.10596633
164675	5129	0.10487606
164675	2866	0.10487604
164675	3968	0.10487604
164675	3959	0.10487603
164675	5407	0.10487603
164728	3766	0.096972555
164728	4567	0.09697251
164728	5864	0.0965623
164728	176	0.096562296
164728	5795	0.096562296
164728	6740	0.096562296
164728	440	0.09656229
164728	675	0.09656229
164728	2516	0.09656228
164728	3399	0.09656228
164775	184	0.10923408
164775	4704	0.109234065
164775	5817	0.109234065
164775	5992	0.109234065
164775	118	0.10923405
164775	540	0.10923405
164775	1506	0.10923405
164775	1667	0.10923405
164775	4605	0.10923405
164775	5079	0.10923405
164828	2647	0.14227962
164828	4407	0.14227962
164828	5343	0.14227962
164828	2638	0.14227961
164828	771	0.1422796
164828	289	0.14227957
164828	2486	0.14227957
164828	3155	0.14227957
164828	4367	0.14227957
164828	6625	0.14227957
164870	2782	0.117055364
164870	1398	0.11705534
164870	1541	0.11705534
164870	3559	0.11705534
164870	672	0.117055334
164870	2356	0.117055334
164870	5469	0.117055334
164870	685	0.11705533
164870	962	0.11705533
164870	993	0.11705533
164906	2207	0.096308365
164906	188	0.09630835
164906	6685	0.09630835
164906	607	0.09630834
164906	913	0.09630834
164906	1062	0.09630834
164906	1639	0.09630834
164906	2143	0.09630834
164906	2653	0.09630834
164906	2654	0.09630834
164926	1430	0.10789113
164926	2403	0.10789113
164926	6663	0.10789113
164926	114	0.10789111
164926	1188	0.10789111
164926	1248	0.10789111
164926	5559	0.10789111
164926	2738	0.107891105
164926	3701	0.107891105
164926	171	0.1078911
165073	1701	0.10619154
165073	5298	0.10619154
165073	2052	0.10619153
165073	5311	0.10619153
165073	1127	0.10619152
165073	904	0.106191516
165073	4484	0.106191516
165073	5649	0.106191516
165073	6028	0.10619151
165073	841	0.1061915
165183	6716	0.1264897
165183	50	0.12648967
165183	157	0.12648967
165183	879	0.12648967
165183	1259	0.12648967
165183	1533	0.12648967
165183	182	0.12648965
165183	2742	0.12648965
165183	2919	0.12648965
165183	5755	0.12648965
165232	5453	0.106713
165232	3287	0.10671299
165232	6609	0.10671298
165232	3247	0.106712975
165232	250	0.10671297
165232	1842	0.10671297
165232	3214	0.10671297
165232	6701	0.10671297
165232	6726	0.10671297
165232	3260	0.10671296
165267	6698	0.12867847
165267	269	0.12867846
165267	249	0.12867844
165267	797	0.12867844
165267	1311	0.12867844
165267	2709	0.12867844
165267	3589	0.12867844
165267	3965	0.12867844
165267	4172	0.12867844
165267	6039	0.12867844
165268	504	0.09431076
165268	2696	0.09431076
165268	4334	0.09431076
165268	5632	0.09431076
165268	298	0.09431075
165268	1743	0.09431075
165268	2972	0.09431075
165268	422	0.094310746
165268	705	0.094310746
165268	798	0.094310746
165308	4751	0.120478734
165308	1302	0.12047872
165308	1174	0.120478705
165308	1835	0.120478705
165308	2326	0.120478705
165308	3525	0.120478705
165308	5629	0.120478705
165308	2888	0.1204787
165308	789	0.12047869
165308	1185	0.12047869
165319	3039	0.103003494
165319	485	0.10300349
165319	2292	0.10300349
165319	5163	0.10300349
165319	6680	0.10300349
165319	2214	0.10300348
165319	2215	0.10300348
165319	6786	0.10300348
165319	75	0.10300347
165319	1400	0.10300347
165345	2230	0.107678376
165345	1576	0.10767837
165345	2224	0.10767837
165345	3313	0.10767837
165345	3892	0.10767837
165345	4183	0.10767837
165345	2407	0.10767836
165345	1176	0.107678354
165345	3582	0.107678354
165345	3956	0.107678354
165425	1231	0.12019124
165425	4526	0.12019124
165425	1725	0.12019123
165425	4816	0.120191224
165425	3566	0.12019122
165425	4311	0.12019122
165425	4934	0.12019122
165425	5551	0.12019122
165425	6155	0.12019122
165425	6299	0.12019122
165512	5306	0.12462085
165512	2366	0.12462084
165512	4618	0.12462083
165512	4879	0.12462083
165512	3954	0.124620825
165512	5858	0.124620825
165512	2899	0.12462082
165512	3653	0.12462082
165512	4223	0.12462081
165512	4576	0.12462081
165516	1276	0.12326103
165516	4475	0.122700766
165516	1476	0.122700706
165516	5248	0.122700706
165516	5855	0.122700684
165516	1478	0.12270066
165516	1879	0.12212019
165516	4321	0.12212018
165516	4579	0.12212018
165516	1009	0.12212017
165576	1701	0.11469269
165576	5311	0.11469269
165576	904	0.11469267
165576	5298	0.11469267
165576	5649	0.11469267
165576	2052	0.114692666
165576	6028	0.114692666
165576	1127	0.11469266
165576	4380	0.11469266
165576	4484	0.11469265
165582	614	0.10485351
165582	2917	0.10485351
165582	1352	0.104853496
165582	2799	0.10485349
165582	192	0.10485348
165582	285	0.10485347
165582	1770	0.104853466
165582	1930	0.104853466
165582	6473	0.10485346
165582	350	0.10454764
165669	3878	0.098148525
165669	1597	0.09800136
165669	5727	0.09800136
165669	6833	0.09800133
165669	6714	0.09792924
165669	1396	0.097929195
165669	4585	0.09792919
165669	5130	0.097782046
165669	115	0.09778201
165669	3586	0.09778201
165758	1962	0.1415365
165758	2703	0.1415365
165758	2807	0.1415365
165758	3465	0.1415365
165758	5940	0.1415365
165758	45	0.14153649
165758	782	0.14153649
165758	3975	0.14153649
165758	4561	0.14153649
165758	6189	0.14153649
165769	2782	0.1070838
165769	1616	0.10708378
165769	1398	0.107083775
165769	1541	0.107083775
165769	5469	0.107083775
165769	672	0.10708377
165769	993	0.10708377
165769	1095	0.10708377
165769	1816	0.10708377
165769	2356	0.10708377
165806	110	0.12724367
165806	1752	0.12724365
165806	2640	0.12724365
165806	6043	0.12724365
165806	6676	0.12724365
165806	700	0.12724364
165806	1144	0.12724364
165806	2569	0.12724364
165806	3469	0.12724364
165806	3793	0.12724364
165866	4834	0.12307468
165866	3320	0.12307464
165866	164	0.123074636
165866	2674	0.123074636
165866	6046	0.12307463
165866	710	0.12307462
165866	4467	0.12307462
165866	5159	0.12307462
165866	2627	0.12307461
165866	2299	0.123074606
165884	1855	0.11402283
165884	320	0.11402282
165884	346	0.11402282
165884	2339	0.11402282
165884	3350	0.11402282
165884	3743	0.11402282
165884	4014	0.11402282
165884	4512	0.11402282
165884	6863	0.11402282
165884	755	0.114022814
165914	3327	0.11857164
165914	253	0.11857161
165914	4133	0.11857161
165914	4154	0.11857161
165914	4835	0.11857161
165914	4920	0.11857161
165914	83	0.1185716
165914	1002	0.1185716
165914	2278	0.1185716
165914	4239	0.1185716
165987	512	0.104745105
165987	3116	0.10474505
165987	5060	0.10440807
165987	5195	0.10418667
165987	3479	0.10418664
165987	6114	0.10418663
165987	5913	0.104186624
165987	1399	0.10418661
165987	4876	0.10418563
165987	2000	0.104185626
166017	5043	0.09990442
166017	1812	0.09990441
166017	5448	0.09990441
166017	1089	0.0999044
166017	5485	0.0999044
166017	4737	0.099904396
166017	5537	0.099904396
166017	690	0.09990439
166017	988	0.09990439
166017	1596	0.09990439
166030	149	0.09749403
166030	3545	0.09749402
166030	5768	0.09749402
166030	441	0.097494006
166030	761	0.097494006
166030	893	0.097494006
166030	26	0.097494
166030	3634	0.097493984
166030	4314	0.09749398
166030	6877	0.09749398
166123	2498	0.10401819
166123	1080	0.10401818
166123	1793	0.10401818
166123	4536	0.104018174
166123	2896	0.10401817
166123	4415	0.10401817
166123	6022	0.10401817
166123	6083	0.10401817
166123	6298	0.10401817
166123	89	0.10401816
166141	631	0.11741857
166141	4669	0.11741855
166141	6339	0.11741855
166141	598	0.11741854
166141	1703	0.11741854
166141	2860	0.11741854
166141	3161	0.11741854
166141	4291	0.11741854
166141	4466	0.11741854
166141	4708	0.11741854
166291	1529	0.09311183
166291	3231	0.09296792
166291	2867	0.09294458
166291	2513	0.092944555
166291	5254	0.092944555
166291	4501	0.09294455
166291	1475	0.092082515
166291	6719	0.09189181
166291	5647	0.09189111
166291	877	0.091152675
166327	2269	0.110951915
166327	539	0.1109519
166327	1579	0.1109519
166327	2354	0.1109519
166327	2465	0.1109519
166327	3286	0.1109519
166327	4433	0.1109519
166327	5242	0.11095189
166327	5696	0.11095189
166327	5915	0.11095189
166391	320	0.119161226
166391	3743	0.119161226
166391	4014	0.119161226
166391	346	0.11916122
166391	1567	0.11916122
166391	1629	0.11916122
166391	1855	0.11916122
166391	3350	0.11916122
166391	4217	0.11916122
166391	4464	0.11916122
166409	2782	0.10986367
166409	1398	0.109863654
166409	1541	0.109863654
166409	1616	0.109863654
166409	2356	0.109863654
166409	3559	0.109863654
166409	5469	0.109863654
166409	1095	0.10986365
166409	5372	0.10986365
166409	6806	0.10986365
166492	1034	0.1159083
166492	463	0.115908295
166492	1031	0.115908295
166492	6346	0.115908295
166492	2923	0.11590829
166492	3796	0.11590829
166492	354	0.11590828
166492	2307	0.11590828
166492	2964	0.11590828
166492	3227	0.11590828
166596	6859	0.1247193
166596	4372	0.124719284
166596	2790	0.12378524
166596	2857	0.1230714
166596	3196	0.12307139
166596	955	0.12307138
166596	2576	0.12307137
166596	4608	0.12307137
166596	2364	0.123071365
166596	305	0.12307136
166639	2782	0.0980133
166639	1541	0.09801329
166639	672	0.09801328
166639	1398	0.09801328
166639	3559	0.09801328
166639	4610	0.09801328
166639	1616	0.098013274
166639	1816	0.098013274
166639	1820	0.098013274
166639	2356	0.098013274
166646	1731	0.11342113
166646	193	0.11342111
166646	744	0.11342111
166646	1709	0.11342111
166646	2983	0.11342111
166646	2997	0.11342111
166646	3234	0.11342111
166646	4197	0.11342111
166646	1207	0.113421105
166646	1805	0.113421105
166753	259	0.10888839
166753	6763	0.10888839
166753	5315	0.10888838
166753	546	0.10888837
166753	648	0.10888837
166753	733	0.10888837
166753	944	0.10888837
166753	1387	0.10888837
166753	1668	0.10888837
166753	1823	0.10888837
166758	4751	0.09848763
166758	5629	0.098487616
166758	1302	0.09848761
166758	2326	0.09848761
166758	1174	0.0984876
166758	2888	0.09848759
166758	3525	0.09848759
166758	4181	0.09848759
166758	5140	0.09848759
166758	789	0.098487586
166824	2030	0.10750324
166824	1111	0.107503235
166824	6727	0.10750322
166824	5085	0.107503206
166824	2421	0.10718939
166824	2911	0.10718937
166824	4627	0.10718937
166824	1844	0.107189365
166824	2384	0.107189365
166824	6167	0.10718934
166825	2357	0.10318583
166825	4703	0.10318583
166825	5792	0.10318583
166825	1303	0.10318582
166825	1873	0.10318582
166825	4936	0.10318582
166825	6428	0.10318582
166825	513	0.10318581
166825	3534	0.10318581
166825	3998	0.10318581
166828	4898	0.12764384
166828	4557	0.12764382
166828	6535	0.12764382
166828	96	0.12764381
166828	839	0.12764381
166828	990	0.12764381
166828	1486	0.12764381
166828	3146	0.12764381
166828	4941	0.12764381
166828	5081	0.12764381
166830	1075	0.08155306
166830	2645	0.081553034
166830	6747	0.081553034
166830	4604	0.08155303
166830	1652	0.08155302
166830	5213	0.08155302
166830	2104	0.081553005
166830	1649	0.08151753
166830	3736	0.08151753
166830	5145	0.08151752
166891	696	0.09451325
166891	1550	0.094513245
166891	2504	0.094513245
166891	61	0.09451324
166891	410	0.09451324
166891	1578	0.09451324
166891	5227	0.09451324
166891	964	0.09451323
166891	4791	0.09451323
166891	448	0.09451322
166922	72	0.10144223
166922	523	0.10144223
166922	2509	0.101442225
166922	3727	0.10144222
166922	5856	0.10144222
166922	6756	0.10144222
166922	1282	0.10144221
166922	4620	0.10144221
166922	6237	0.10144221
166922	6435	0.10144221
167038	3327	0.11186635
167038	4154	0.111866325
167038	4835	0.111866325
167038	1852	0.11186632
167038	4920	0.11186632
167038	294	0.11186631
167038	2035	0.11186631
167038	2278	0.11186631
167038	3132	0.11186631
167038	4133	0.11186631
167052	2463	0.116657935
167052	4524	0.11665793
167052	6057	0.11665793
167052	3657	0.11665792
167052	3856	0.11665792
167052	4493	0.11665792
167052	858	0.11665791
167052	1641	0.11665791
167052	1643	0.11665791
167052	5097	0.11665791
167176	914	0.11163377
167176	2808	0.11163377
167176	3939	0.11163377
167176	5382	0.11163377
167176	676	0.11163376
167176	2410	0.11163376
167176	3717	0.11163376
167176	3726	0.11163376
167176	4589	0.11163376
167176	537	0.111633755
167189	2857	0.10296194
167189	955	0.10296193
167189	3196	0.10296193
167189	2576	0.10296192
167189	305	0.10296191
167189	4608	0.10296191
167189	6755	0.10296191
167189	6811	0.10296191
167189	2364	0.1029619
167189	5108	0.1029619
167272	2134	0.12127617
167272	531	0.121276155
167272	1307	0.121276155
167272	3051	0.12127614
167272	3303	0.12127614
167272	5422	0.12127614
167272	545	0.12127613
167272	2877	0.12127613
167272	5602	0.12127613
167272	138	0.121276125
167327	444	0.09832045
167327	3882	0.09832043
167327	381	0.098320425
167327	6335	0.098320425
167327	165	0.09832042
167327	6590	0.09832042
167327	2235	0.09832041
167327	2788	0.09832041
167327	3015	0.09832041
167327	3072	0.09832041
167349	3327	0.10039012
167349	294	0.10039011
167349	2278	0.10039011
167349	3132	0.10039011
167349	4154	0.10039011
167349	4835	0.10039011
167349	4920	0.10039011
167349	5219	0.10039011
167349	6502	0.10039011
167349	83	0.1003901
167389	2808	0.103353634
167389	3726	0.103353634
167389	3939	0.103353634
167389	5382	0.103353634
167389	676	0.10335362
167389	914	0.10335362
167389	1756	0.10335362
167389	2410	0.10335362
167389	3717	0.10335362
167389	4589	0.10335362
167471	915	0.14082116
167471	1357	0.14049527
167471	1759	0.14049527
167471	707	0.14049526
167471	5271	0.14049524
167471	3752	0.14049521
167471	800	0.1398708
167471	3780	0.1398708
167471	1908	0.13987076
167471	2210	0.13987076
167478	6057	0.11676279
167478	4493	0.11676278
167478	3657	0.11676277
167478	1641	0.116762765
167478	2463	0.116762765
167478	6055	0.116762765
167478	858	0.11676276
167478	1643	0.11676276
167478	2668	0.11676276
167478	2767	0.11676276
167494	1430	0.1200601
167494	6663	0.12006009
167494	1248	0.120060086
167494	2403	0.12006008
167494	1188	0.12006007
167494	5559	0.120060064
167494	114	0.12006006
167494	171	0.12006006
167494	2738	0.12006006
167494	3701	0.12006006
167507	631	0.11034681
167507	3161	0.11034681
167507	5871	0.11034681
167507	2860	0.1103468
167507	4291	0.1103468
167507	598	0.110346794
167507	1703	0.110346794
167507	2018	0.110346794
167507	4669	0.110346794
167507	5920	0.110346794
167517	3856	0.10795277
167517	4493	0.10795277
167517	4524	0.10795277
167517	6057	0.10795277
167517	2463	0.107952766
167517	858	0.10795276
167517	1641	0.10795276
167517	2668	0.10795276
167517	3657	0.10795276
167517	6055	0.10795276
167521	2860	0.11388123
167521	598	0.113881215
167521	1703	0.113881215
167521	2018	0.113881215
167521	3161	0.113881215
167521	4466	0.113881215
167521	4669	0.113881215
167521	5871	0.113881215
167521	6324	0.113881215
167521	6339	0.113881215
167556	2207	0.10435592
167556	188	0.1043559
167556	1639	0.1043559
167556	1062	0.104355894
167556	3394	0.104355894
167556	607	0.10435589
167556	913	0.10435589
167556	2143	0.10435589
167556	3193	0.10435589
167556	3851	0.10435589
167562	6057	0.11508356
167562	2463	0.115083545
167562	3657	0.115083545
167562	3856	0.115083545
167562	4493	0.115083545
167562	1641	0.11508354
167562	6055	0.11508354
167562	858	0.11508353
167562	1643	0.11508353
167562	2767	0.11508353
167587	6763	0.104311995
167587	259	0.10431199
167587	648	0.10431199
167587	733	0.10431199
167587	1668	0.10431199
167587	1670	0.10431199
167587	1823	0.10431199
167587	1833	0.10431199
167587	2687	0.10431199
167587	3647	0.10431199
167611	2860	0.124742165
167611	631	0.12474216
167611	3161	0.12474216
167611	2018	0.12474215
167611	5871	0.12474215
167611	6339	0.12474215
167611	4291	0.12474214
167611	4669	0.12474214
167611	598	0.124742135
167611	1703	0.124742135
167614	2782	0.11772989
167614	1398	0.11772987
167614	1616	0.11772987
167614	3559	0.117729865
167614	234	0.11772986
167614	1541	0.11772986
167614	2356	0.11772986
167614	6806	0.11772986
167614	672	0.11772985
167614	993	0.11772985
167678	6779	0.11114636
167678	6784	0.111146346
167678	1926	0.11114634
167678	1028	0.11114633
167678	727	0.11114632
167678	4350	0.111146316
167678	4269	0.11114631
167678	5526	0.1111463
167678	5778	0.1111463
167678	3477	0.11114629
167722	5105	0.10438725
167722	282	0.104387246
167722	5053	0.104387246
167722	4087	0.10438724
167722	457	0.10438723
167722	4545	0.10438723
167722	52	0.10438722
167722	337	0.10438722
167722	883	0.10438722
167722	2397	0.10438722
167746	170	0.09454224
167746	169	0.09454222
167746	611	0.09454222
167746	1446	0.09454222
167746	1612	0.09454222
167746	1707	0.09454222
167746	7	0.09454221
167746	884	0.09454221
167746	6759	0.09454221
167746	2662	0.094542205
167761	5194	0.10016988
167761	2434	0.09993372
167761	3474	0.09993372
167761	6073	0.09993371
167761	4402	0.099933706
167761	5148	0.09993364
167761	2915	0.09953957
167761	3841	0.09953957
167761	2914	0.09953956
167761	6899	0.09953956
167782	3341	0.112298965
167782	6307	0.112298965
167782	3810	0.11229894
167782	5636	0.11229894
167782	62	0.112298936
167782	950	0.112298936
167782	1355	0.112298936
167782	1902	0.112298936
167782	5162	0.112298936
167782	5216	0.112298936
167800	4840	0.119377226
167800	3445	0.11937721
167800	5867	0.11937721
167800	6385	0.1193772
167800	5517	0.119377196
167800	334	0.11937719
167800	6402	0.11937719
167800	1257	0.11937718
167800	1286	0.11937718
167800	3175	0.11937718
167812	4876	0.09481353
167812	2000	0.094813526
167812	3698	0.094813526
167812	3237	0.09481352
167812	6671	0.09478838
167812	2649	0.09478835
167812	2655	0.09478834
167812	99	0.09478833
167812	716	0.09478833
167812	5178	0.0947883
167844	3148	0.09116705
167844	4050	0.091058075
167844	1973	0.09105806
167844	5252	0.091058016
167844	6809	0.090997815
167844	1050	0.09088878
167844	4295	0.090888776
167844	3818	0.09088876
167844	3883	0.09088876
167844	3249	0.09088875
168016	5206	0.12583463
168016	4349	0.1256387
168016	4455	0.12563863
168016	5706	0.12563863
168016	4046	0.12563857
168016	4296	0.125583
168016	2786	0.12558296
168016	4091	0.12558296
168016	5103	0.12558296
168016	6304	0.12558295
168029	5711	0.103385866
168029	5907	0.103385866
168029	3292	0.10338586
168029	6317	0.10338586
168029	767	0.10338585
168029	2424	0.10338585
168029	4923	0.10338584
168029	5017	0.10338584
168029	2644	0.10338582
168029	6704	0.103385806
168034	4175	0.119659156
168034	4273	0.11965915
168034	79	0.11965914
168034	1624	0.11965914
168034	2728	0.11965913
168034	4342	0.11965913
168034	6532	0.11965913
168034	251	0.119659126
168034	2659	0.119659126
168034	3059	0.119659126
168036	110	0.101555616
168036	6043	0.10155561
168036	6765	0.10155561
168036	700	0.1015556
168036	1144	0.1015556
168036	1360	0.1015556
168036	1752	0.1015556
168036	1894	0.1015556
168036	2569	0.1015556
168036	3469	0.1015556
168047	5327	0.12641844
168047	574	0.12641843
168047	6783	0.12641843
168047	816	0.12641841
168047	4044	0.12641841
168047	4629	0.12641841
168047	2743	0.1264184
168047	814	0.12641838
168047	1078	0.12641838
168047	1495	0.12641838
168064	5669	0.10592529
168064	3042	0.10592527
168064	2917	0.10536841
168064	1352	0.105368406
168064	614	0.1053684
168064	2799	0.10536839
168064	192	0.10536838
168064	285	0.105368376
168064	1930	0.105368376
168064	1770	0.10536836
168144	2782	0.10387808
168144	1541	0.103878066
168144	1616	0.103878066
168144	1816	0.103878066
168144	4610	0.103878066
168144	672	0.10387806
168144	1398	0.10387806
168144	2176	0.10387806
168144	2356	0.10387806
168144	6806	0.10387806
168216	4349	0.13337013
168216	5706	0.13337007
168216	4455	0.13337006
168216	4046	0.13337001
168216	4365	0.13319606
168216	4229	0.13319603
168216	5206	0.13231717
168216	3031	0.13183948
168216	3149	0.13057503
168216	762	0.13026759
168387	1259	0.09607886
168387	6716	0.09607886
168387	50	0.09607884
168387	1533	0.09607884
168387	4248	0.09607884
168387	157	0.096078835
168387	879	0.096078835
168387	2742	0.096078835
168387	3330	0.096078835
168387	182	0.09607883
168388	4519	0.100460604
168388	5659	0.1004606
168388	4935	0.10046059
168388	5021	0.10046059
168388	266	0.100460574
168388	2727	0.100460574
168388	4449	0.100460574
168388	3554	0.10046057
168388	4155	0.10046057
168388	1440	0.10041486
168464	5007	0.10768565
168464	888	0.10768564
168464	6665	0.10768563
168464	4915	0.107685626
168464	1112	0.10768562
168464	1021	0.10768561
168464	6803	0.10768561
168464	2861	0.1076856
168464	4500	0.1076856
168464	129	0.107685596
168500	6540	0.107420385
168500	6708	0.10742038
168500	1830	0.10742037
168500	1943	0.10742037
168500	5052	0.10742037
168500	721	0.10742036
168500	5995	0.10742035
168500	2935	0.10742034
168500	3439	0.10742034
168500	3533	0.10742034
168642	1191	0.107525915
168642	1971	0.1075259
168642	6530	0.10752588
168642	959	0.10724444
168642	4180	0.10724442
168642	4870	0.10724441
168642	6463	0.1072444
168642	6652	0.10697159
168642	1957	0.106971584
168642	701	0.10697158
168763	1731	0.12380156
168763	1709	0.12380155
168763	193	0.123801544
168763	567	0.123801544
168763	744	0.123801544
168763	1207	0.123801544
168763	2983	0.123801544
168763	2997	0.123801544
168763	3115	0.123801544
168763	3234	0.123801544
168805	320	0.11137846
168805	177	0.111378446
168805	180	0.111378446
168805	236	0.111378446
168805	346	0.111378446
168805	402	0.111378446
168805	755	0.111378446
168805	1090	0.111378446
168805	1106	0.111378446
168805	1629	0.111378446
168816	1957	0.074814335
168816	6652	0.074814335
168816	701	0.07481433
168816	68	0.07481432
168816	1513	0.07481432
168816	5461	0.07421734
168816	97	0.07421733
168816	6766	0.07421733
168816	3895	0.07421732
168816	6619	0.07421732
168954	3917	0.10458265
168954	6122	0.10458265
168954	3256	0.104582645
168954	2016	0.10458264
168954	2169	0.10458264
168954	2494	0.10458264
168954	3580	0.10458264
168954	5018	0.10458264
168954	5258	0.10458264
168954	6382	0.10458264
168971	320	0.12688465
168971	346	0.12688465
168971	1629	0.12688465
168971	3743	0.12688465
168971	4854	0.12688465
168971	177	0.12688464
168971	236	0.12688464
168971	755	0.12688464
168971	1090	0.12688464
168971	1106	0.12688464
168985	6307	0.1069005
168985	3341	0.10690049
168985	5636	0.10690048
168985	1902	0.106900476
168985	62	0.10690047
168985	950	0.10690047
168985	1355	0.10690047
168985	1786	0.10690047
168985	1990	0.10690047
168985	2184	0.10690047
168999	2782	0.11329138
168999	1541	0.11329137
168999	1616	0.11329137
168999	1816	0.11329137
168999	1398	0.11329136
168999	672	0.11329135
168999	962	0.11329135
168999	1095	0.11329135
168999	1820	0.11329135
168999	2176	0.11329135
169006	2121	0.10961552
169006	2732	0.109615505
169006	4163	0.109615505
169006	4304	0.109615505
169006	2348	0.1096155
169006	1447	0.10961549
169006	1690	0.10961549
169006	4152	0.10961549
169006	2279	0.10961548
169006	3712	0.10961548
169043	133	0.089506045
169043	622	0.089506045
169043	2014	0.089506045
169043	668	0.08950604
169043	473	0.08950603
169043	660	0.08950603
169043	2633	0.08950603
169043	3048	0.08950603
169043	1044	0.089506015
169043	1751	0.089506015
169057	320	0.10998213
169057	1629	0.10998213
169057	3743	0.10998213
169057	346	0.109982125
169057	1855	0.109982125
169057	159	0.10998212
169057	177	0.10998212
169057	180	0.10998212
169057	755	0.10998212
169057	1090	0.10998212
169192	699	0.09200111
169192	5731	0.0920011
169192	3403	0.09090079
169192	4909	0.090900786
169192	6192	0.09090078
169192	382	0.090900764
169192	6910	0.090900764
169192	1037	0.09090076
169192	6263	0.09090076
169192	5974	0.09090075
169223	2531	0.10784373
169223	3244	0.1078437
169223	2898	0.10784368
169223	4580	0.107843675
169223	1111	0.10771006
169223	5085	0.10771005
169223	6727	0.10771005
169223	3272	0.10749695
169223	4976	0.10736336
169223	2290	0.10736335
169233	1259	0.11280429
169233	6716	0.11280429
169233	50	0.11280428
169233	157	0.11280428
169233	182	0.11280428
169233	879	0.11280428
169233	2430	0.11280428
169233	2919	0.11280428
169233	3330	0.11280428
169233	5755	0.11280428
169249	2997	0.11298528
169249	3613	0.11298528
169249	1207	0.112985276
169249	4197	0.112985276
169249	193	0.11298527
169249	567	0.11298527
169249	744	0.11298527
169249	1627	0.11298527
169249	1709	0.11298527
169249	1731	0.11298527
169282	4087	0.11185967
169282	282	0.111859664
169282	3506	0.111859664
169282	5053	0.111859664
169282	5105	0.111859664
169282	457	0.11185966
169282	4545	0.11185966
169282	6216	0.11185966
169282	52	0.11185965
169282	337	0.11185965
169309	3743	0.12141555
169309	236	0.12141554
169309	320	0.12141554
169309	346	0.12141554
169309	1629	0.12141554
169309	1855	0.12141554
169309	2339	0.12141554
169309	4014	0.12141554
169309	4217	0.12141554
169309	4854	0.12141554
169310	1024	0.13056666
169310	351	0.13056663
169310	697	0.13056663
169310	1880	0.13056663
169310	2413	0.13056663
169310	2479	0.13056663
169310	2830	0.13056663
169310	3626	0.13056663
169310	3676	0.13056663
169310	3846	0.13056663
169400	4228	0.11843689
169400	3353	0.11843687
169400	4012	0.11843687
169400	770	0.118436866
169400	2034	0.118436866
169400	4685	0.118436866
169400	311	0.11843686
169400	1840	0.11843686
169400	3063	0.11843686
169400	3335	0.11843686
169403	4060	0.11480065
169403	2091	0.11480063
169403	6843	0.11480062
169403	4519	0.113970056
169403	5021	0.11397004
169403	5659	0.11397004
169403	4935	0.11397003
169403	4449	0.11397002
169403	266	0.11397001
169403	2727	0.11397001
169438	999	0.109190196
169438	2708	0.10919015
169438	2197	0.109190136
169438	5346	0.10836639
169438	2866	0.108090684
169438	3968	0.108090684
169438	5129	0.108090684
169438	5407	0.108090684
169438	6420	0.108090684
169438	3959	0.10809068
169450	3581	0.102552734
169450	232	0.10255273
169450	384	0.10255273
169450	732	0.10255273
169450	1436	0.10255273
169450	1512	0.10255273
169450	581	0.10255272
169450	1680	0.10255272
169450	1773	0.10255272
169450	6388	0.10255272
169465	1579	0.10789554
169465	2269	0.10789554
169465	5696	0.10789554
169465	539	0.10789553
169465	2880	0.10789553
169465	3286	0.10789553
169465	4433	0.10789553
169465	2354	0.10789552
169465	2465	0.10789552
169465	5242	0.10789552
169492	2951	0.09977538
169492	3396	0.09977538
169492	5371	0.099775374
169492	6605	0.09977537
169492	2004	0.09977535
169492	459	0.099775344
169492	1247	0.099775344
169492	1301	0.099775344
169492	4259	0.099775344
169492	6825	0.099775344
169600	1034	0.119115695
169600	6346	0.119115695
169600	463	0.11911569
169600	1031	0.11911569
169600	2307	0.11911568
169600	2923	0.11911568
169600	3997	0.11911568
169600	5694	0.11911568
169600	6061	0.11911568
169600	6099	0.11911568
169663	976	0.102571934
169663	2934	0.10257193
169663	896	0.10257191
169663	3783	0.10257191
169663	5557	0.102571905
169663	5594	0.1025719
169663	1653	0.10257189
169663	1660	0.10257189
169663	2989	0.10257189
169663	3740	0.10257189
169682	551	0.13232458
169682	5499	0.13232458
169682	6920	0.13232458
169682	5109	0.13232456
169682	580	0.13232455
169682	625	0.13232455
169682	1547	0.13232455
169682	1963	0.13232455
169682	4473	0.13232455
169682	4507	0.13232455
169692	3608	0.11508119
169692	6159	0.11508118
169692	4043	0.115081176
169692	5496	0.11508116
169692	5928	0.11508116
169692	2076	0.115081154
169692	2566	0.115081154
169692	3990	0.115081154
169692	6338	0.115081154
169692	2075	0.11508115
169699	394	0.100514926
169699	414	0.1005149
169699	5911	0.1005149
169699	6321	0.1005149
169699	2102	0.100514896
169699	3199	0.100514896
169699	6462	0.10051487
169699	78	0.10051486
169699	778	0.10001953
169699	5514	0.10001951
169727	1502	0.097495094
169727	350	0.09749509
169727	1514	0.09749509
169727	5279	0.09749509
169727	1946	0.09749508
169727	5193	0.09749508
169727	5985	0.09749508
169727	1212	0.097495064
169727	1630	0.097495064
169727	3043	0.097495064
169735	1626	0.117413685
169735	3468	0.11741367
169735	6611	0.11741366
169735	243	0.117413655
169735	3738	0.117413655
169735	6678	0.117413655
169735	3544	0.11741365
169735	5459	0.11741365
169735	127	0.11741364
169735	416	0.11741364
169779	5940	0.1312152
169779	2211	0.13121518
169779	2703	0.13121518
169779	6499	0.13121518
169779	45	0.13121517
169779	782	0.13121517
169779	5272	0.13121517
169779	5678	0.13121517
169779	1079	0.13121516
169779	1767	0.13121516
169781	1793	0.09564461
169781	2498	0.09564461
169781	4536	0.0956446
169781	1080	0.09564459
169781	1319	0.09564459
169781	2896	0.09564459
169781	4415	0.09564459
169781	4956	0.095644586
169781	6298	0.095644586
169781	89	0.09564458
169824	456	0.08362401
169824	4573	0.083624005
169824	1102	0.08362399
169824	1401	0.08362399
169824	3456	0.083623976
169824	4017	0.08362396
169824	4739	0.08362396
169824	3644	0.083623946
169824	1471	0.082693756
169824	4381	0.082693756
170012	1038	0.10899419
170012	1170	0.10899419
170012	5269	0.10899419
170012	1262	0.10899418
170012	873	0.10899417
170012	874	0.10899417
170012	2988	0.10899417
170012	5264	0.108994156
170012	1508	0.10828056
170012	3492	0.108280554
170054	6307	0.12804066
170054	1902	0.12804064
170054	3341	0.12804064
170054	5636	0.12804064
170054	1355	0.12804063
170054	2415	0.12804063
170054	3310	0.12804063
170054	5162	0.12804063
170054	5216	0.12804063
170054	6790	0.12804063
170073	996	0.10456388
170073	6878	0.10456388
170073	1617	0.10456386
170073	512	0.1041812
170073	3116	0.10418117
170073	1892	0.10417833
170073	206	0.10417832
170073	1856	0.10417831
170073	1714	0.1041783
170073	794	0.104178295
170077	444	0.11934849
170077	3882	0.11934849
170077	381	0.11934847
170077	6335	0.11934847
170077	6590	0.11934847
170077	2235	0.11934845
170077	2788	0.11934845
170077	3072	0.11934845
170077	4234	0.11934845
170077	6856	0.11934845
170154	558	0.123634726
170154	726	0.12363471
170154	1287	0.12363471
170154	1704	0.1236347
170154	5565	0.1236347
170154	561	0.123634696
170154	842	0.123634696
170154	4814	0.123634696
170154	5087	0.123634696
170154	5617	0.12363469
170155	1569	0.1097587
170155	5875	0.10975868
170155	1556	0.109758675
170155	1716	0.109758675
170155	6657	0.109758675
170155	1460	0.10975866
170155	3128	0.10975866
170155	3142	0.10975866
170155	1492	0.10975865
170155	1463	0.10938957
170184	389	0.13354445
170184	633	0.13354445
170184	2054	0.13354445
170184	2843	0.13354445
170184	4121	0.13354445
170184	6725	0.13354445
170184	2998	0.13354443
170184	3020	0.13354443
170184	3089	0.13354443
170184	3560	0.13354443
170227	72	0.10647275
170227	523	0.106472746
170227	2509	0.10647274
170227	812	0.10647273
170227	3727	0.10647273
170227	4620	0.10647273
170227	5856	0.10647273
170227	6237	0.10647273
170227	6435	0.10647273
170227	1282	0.10647272
170255	3114	0.120662525
170255	1772	0.12066251
170255	2701	0.12066247
170255	5470	0.12048403
170255	307	0.12048402
170255	212	0.12048401
170255	5831	0.12048398
170255	2218	0.12043808
170255	1432	0.12025961
170255	2412	0.120259605
170256	118	0.11857028
170256	184	0.11857027
170256	5817	0.11857027
170256	6814	0.11857027
170256	5992	0.11857026
170256	540	0.11857025
170256	929	0.11857025
170256	1506	0.11857025
170256	2978	0.11857025
170256	4704	0.11857025
170264	1892	0.09374947
170264	1856	0.093749456
170264	206	0.09374945
170264	1714	0.09374944
170264	794	0.093749434
170264	1261	0.093749434
170264	1376	0.093749434
170264	5080	0.093749434
170264	4905	0.09374943
170264	3775	0.09374942
170372	3285	0.10763067
170372	3913	0.10763067
170372	3197	0.10763066
170372	6446	0.10763066
170372	2800	0.107630655
170372	3550	0.107630655
170372	4062	0.107630655
170372	4438	0.107630655
170372	5923	0.107630655
170372	4169	0.10763065
170401	3780	0.09579767
170401	800	0.09579766
170401	2216	0.09579766
170401	3942	0.09579765
170401	1908	0.09579764
170401	2210	0.09579764
170401	5111	0.09579764
170401	6559	0.095797636
170401	1800	0.09579763
170401	2217	0.09579763
170415	1034	0.12714586
170415	6346	0.12714586
170415	463	0.12714584
170415	3796	0.12714584
170415	3997	0.12714584
170415	112	0.12714583
170415	484	0.12714583
170415	1031	0.12714583
170415	1787	0.12714583
170415	1869	0.12714583
170493	2983	0.109936714
170493	193	0.10993671
170493	1207	0.10993671
170493	1709	0.10993671
170493	3234	0.10993671
170493	4197	0.10993671
170493	100	0.1099367
170493	567	0.1099367
170493	744	0.1099367
170493	926	0.1099367
170499	701	0.096795246
170499	6652	0.096795246
170499	1957	0.09679524
170499	68	0.09679523
170499	1513	0.09679523
170499	2951	0.096284986
170499	3396	0.096284986
170499	5371	0.09628497
170499	6605	0.09628497
170499	2004	0.096284956
170509	361	0.13829854
170509	3261	0.13829854
170509	5208	0.13829854
170509	5909	0.13829853
170509	6797	0.13829853
170509	1566	0.13829851
170509	2350	0.13829851
170509	3842	0.13829851
170509	2021	0.1382985
170509	4174	0.1382985
170513	2214	0.13277248
170513	3039	0.13277248
170513	6680	0.13277248
170513	485	0.13277246
170513	2292	0.13277246
170513	5163	0.13277246
170513	75	0.13277245
170513	720	0.13277245
170513	975	0.13277245
170513	1081	0.13277245
170518	1855	0.11473942
170518	2339	0.11473941
170518	320	0.1147394
170518	346	0.1147394
170518	755	0.1147394
170518	1567	0.1147394
170518	1726	0.1147394
170518	2575	0.1147394
170518	3350	0.1147394
170518	3501	0.1147394
170522	4054	0.11607933
170522	4142	0.11607933
170522	4852	0.11607933
170522	4301	0.1160793
170522	3906	0.11607929
170522	5799	0.116079286
170522	667	0.11607928
170522	5737	0.11581218
170522	343	0.11581217
170522	5062	0.11581217
170527	4228	0.08826366
170527	1840	0.088263646
170527	770	0.08826364
170527	2034	0.08826364
170527	3353	0.08826364
170527	3552	0.08826364
170527	4685	0.08826364
170527	24	0.08826363
170527	311	0.08826363
170527	2726	0.08826363
170575	6488	0.11055342
170575	688	0.11055341
170575	1739	0.11055341
170575	2164	0.11055341
170575	2423	0.110553406
170575	134	0.1105534
170575	1233	0.1105534
170575	2173	0.1105534
170575	2340	0.1105534
170575	3217	0.1105534
170595	1231	0.12680712
170595	4526	0.12680712
170595	3951	0.12680711
170595	1725	0.1268071
170595	2771	0.1268071
170595	3566	0.1268071
170595	4311	0.1268071
170595	4816	0.1268071
170595	4934	0.1268071
170595	5551	0.1268071
170634	2498	0.13195333
170634	1080	0.13195331
170634	1793	0.13195331
170634	1319	0.1319533
170634	2896	0.1319533
170634	3147	0.1319533
170634	4415	0.1319533
170634	4536	0.1319533
170634	6022	0.1319533
170634	6083	0.1319533
170693	361	0.09911317
170693	2021	0.09911316
170693	3261	0.09911315
170693	5208	0.09911315
170693	1566	0.09911314
170693	6797	0.09911314
170693	4174	0.09911313
170693	2350	0.09911312
170693	3842	0.09911312
170693	4803	0.09911312
170724	4019	0.11404206
170724	4400	0.11404203
170724	5344	0.11404203
170724	5420	0.11404203
170724	33	0.114042014
170724	398	0.114042014
170724	1138	0.114042014
170724	2082	0.114042014
170724	1824	0.114042
170724	2042	0.114042
170742	5931	0.11790364
170742	2925	0.117903635
170742	2488	0.117903605
170742	4615	0.117903605
170742	6115	0.117903605
170742	6451	0.117903605
170742	6137	0.1179036
170742	3936	0.117903575
170742	3974	0.117903575
170742	2122	0.11770108
170762	3743	0.12344317
170762	320	0.123443164
170762	346	0.123443164
170762	1629	0.123443164
170762	4014	0.123443164
170762	177	0.12344316
170762	236	0.12344316
170762	755	0.12344316
170762	1090	0.12344316
170762	1106	0.12344316
170792	211	0.101513065
170792	4385	0.10151306
170792	2522	0.10151302
170792	2378	0.10099887
170792	1575	0.100998856
170792	1098	0.10099885
170792	1640	0.10099885
170792	2993	0.10099885
170792	43	0.100998834
170792	2783	0.100998834
170810	2249	0.10908142
170810	5455	0.10908142
170810	5660	0.10908142
170810	706	0.1090814
170810	5668	0.1090814
170810	360	0.10908139
170810	5952	0.10908139
170810	5800	0.108918115
170810	1766	0.1089181
170810	5682	0.1089181
170845	6494	0.10811451
170845	6711	0.1081145
170845	4081	0.10811448
170845	6712	0.10811448
170845	2389	0.10811447
170845	4076	0.10811447
170845	5374	0.10811447
170845	2588	0.108114466
170845	2818	0.108114466
170845	3857	0.108114466
170850	79	0.10247964
170850	3059	0.10247963
170850	168	0.10247962
170850	1624	0.10247962
170850	2728	0.10247962
170850	4175	0.10247962
170850	4177	0.10247962
170850	4273	0.10247962
170850	4342	0.10247962
170850	4525	0.10247962
170861	1665	0.10843723
170861	2331	0.10843723
170861	3055	0.108437225
170861	4993	0.108437225
170861	5504	0.108437225
170861	1810	0.10843722
170861	2679	0.10843722
170861	6348	0.10843722
170861	656	0.10843721
170861	3476	0.10843721
170866	4751	0.11069588
170866	2326	0.110695876
170866	1302	0.11069587
170866	5629	0.11069587
170866	1835	0.110695854
170866	2888	0.110695854
170866	3525	0.110695854
170866	5140	0.110695854
170866	1174	0.11069585
170866	1185	0.11069585
170869	184	0.11387019
170869	5992	0.11387019
170869	1506	0.11387018
170869	118	0.11387017
170869	540	0.11387017
170869	1667	0.11387017
170869	4605	0.11387017
170869	4704	0.11387017
170869	5079	0.11387017
170869	5817	0.11387017
170947	320	0.103524365
170947	4014	0.103524365
170947	346	0.10352436
170947	1629	0.10352436
170947	1855	0.10352436
170947	2339	0.10352436
170947	3743	0.10352436
170947	4217	0.10352436
170947	6863	0.10352436
170947	6883	0.10352436
170966	1231	0.120741405
170966	1725	0.12074138
170966	4526	0.12074138
170966	4816	0.12074138
170966	4311	0.120741375
170966	6760	0.120741375
170966	3566	0.12074137
170966	3759	0.12074137
170966	4934	0.12074137
170966	5551	0.12074137
171007	1440	0.10486606
171007	2090	0.10486604
171007	4202	0.10486604
171007	3697	0.104866035
171007	6221	0.104866035
171007	6886	0.104866035
171007	1087	0.10486603
171007	4468	0.10486603
171007	5220	0.10486603
171007	5613	0.10486603
171011	3457	0.09839368
171011	5618	0.09839368
171011	5918	0.09839368
171011	6184	0.098393664
171011	2776	0.09839366
171011	831	0.09839365
171011	3897	0.098393634
171011	3376	0.09839362
171011	133	0.097703755
171011	622	0.097703755
171045	2696	0.11241734
171045	5015	0.11241734
171045	802	0.11241733
171045	3624	0.11241733
171045	298	0.112417325
171045	422	0.112417325
171045	504	0.112417325
171045	792	0.112417325
171045	798	0.112417325
171045	892	0.112417325
171050	3327	0.12124032
171050	4154	0.1212403
171050	4835	0.121240295
171050	1524	0.12124029
171050	2278	0.12124029
171050	4239	0.12124029
171050	454	0.12124028
171050	1002	0.12124028
171050	4133	0.12124028
171050	4920	0.12124028
171055	4659	0.10284249
171055	3474	0.10284247
171055	4402	0.102842465
171055	6073	0.102842465
171055	2434	0.10284246
171055	5148	0.1028424
171055	1569	0.102234766
171055	1716	0.10223476
171055	3128	0.10223475
171055	5875	0.10223475
171078	346	0.11178746
171078	236	0.11178745
171078	1629	0.11178745
171078	3743	0.11178745
171078	4854	0.11178745
171078	6005	0.11178745
171078	320	0.111787446
171078	1658	0.111787446
171078	177	0.11178744
171078	179	0.11178744
171082	3253	0.10947505
171082	4204	0.10947505
171082	3853	0.10947504
171082	579	0.10947503
171082	3294	0.10947503
171082	3938	0.10947503
171082	5766	0.10947503
171082	2305	0.109475024
171082	757	0.10947502
171082	758	0.10947502
171096	1579	0.11069262
171096	2269	0.11069262
171096	539	0.11069261
171096	4433	0.11069261
171096	5696	0.11069261
171096	2880	0.110692605
171096	3286	0.110692605
171096	5242	0.110692605
171096	2354	0.1106926
171096	2465	0.1106926
171295	4293	0.12540095
171295	2752	0.12540093
171295	3018	0.12540093
171295	3916	0.12540093
171295	5558	0.12540093
171295	6341	0.12540093
171295	628	0.12540092
171295	1143	0.12540092
171295	1745	0.12540092
171295	2803	0.12540092
171359	5369	0.11737322
171359	2043	0.11737321
171359	2083	0.11737321
171359	4144	0.11737321
171359	4368	0.11737321
171359	4513	0.117373206
171359	6236	0.117373206
171359	1845	0.1173732
171359	2621	0.1173732
171359	5005	0.1173732
171389	1508	0.09331609
171389	1120	0.09331608
171389	65	0.09331606
171389	1073	0.09331606
171389	3100	0.09331606
171389	3492	0.09331606
171389	3661	0.09331606
171389	3607	0.093316056
171389	6621	0.09331605
171389	5735	0.09331604
171444	2782	0.11588471
171444	1398	0.11588469
171444	3559	0.11588469
171444	1816	0.115884684
171444	1541	0.11588468
171444	1616	0.11588468
171444	2356	0.11588468
171444	2907	0.11588468
171444	5372	0.11588468
171444	5469	0.11588468
171445	696	0.09658108
171445	2504	0.09658108
171445	410	0.096581064
171445	635	0.096581064
171445	448	0.09658106
171445	964	0.09658106
171445	1550	0.09658106
171445	1578	0.09658106
171445	1774	0.09658106
171445	1901	0.09658106
171475	619	0.092823684
171475	2317	0.092823684
171475	2886	0.092823684
171475	3306	0.09282368
171475	1892	0.09270588
171475	206	0.09270586
171475	1714	0.09270586
171475	1856	0.09270586
171475	794	0.092705846
171475	1261	0.092705846
171602	1471	0.11990384
171602	2856	0.11990384
171602	4381	0.11990383
171602	2128	0.119903825
171602	2158	0.119903825
171602	908	0.11990382
171602	3762	0.11990382
171602	3790	0.11990382
171602	4483	0.11990382
171602	4865	0.11990382
171638	2134	0.10652319
171638	531	0.106523186
171638	1307	0.106523186
171638	545	0.10652318
171638	3051	0.10652317
171638	3303	0.10652317
171638	4214	0.10652317
171638	5422	0.10652317
171638	5887	0.10652317
171638	1720	0.10652316
171818	6057	0.1447584
171818	3657	0.14475839
171818	4493	0.14475839
171818	858	0.14475837
171818	1641	0.14475837
171818	1643	0.14475837
171818	2463	0.14475837
171818	2668	0.14475837
171818	2767	0.14475837
171818	3542	0.14475837
171846	1701	0.12650317
171846	2052	0.12650317
171846	5298	0.12650317
171846	5311	0.12650317
171846	904	0.12650315
171846	1127	0.12650315
171846	841	0.12650314
171846	1364	0.12650314
171846	4380	0.12650314
171846	4484	0.12650314
171904	2857	0.0989456
171904	955	0.09894559
171904	3196	0.09894559
171904	305	0.09894558
171904	2576	0.09894558
171904	2364	0.09894557
171904	4608	0.09894557
171904	5300	0.09894557
171904	6755	0.09894557
171904	6811	0.09894557
171967	1377	0.085065395
171967	5457	0.08501893
171967	6548	0.08495366
171967	1353	0.084907174
171967	515	0.08490714
171967	2050	0.08485715
171967	3177	0.08485715
171967	1875	0.08485712
171967	2233	0.08485712
171967	6860	0.084810644
171968	5940	0.12897646
171968	45	0.12897645
171968	782	0.12897645
171968	2703	0.12897645
171968	2807	0.12897645
171968	6528	0.12897645
171968	44	0.12897643
171968	1000	0.12897643
171968	1962	0.12897643
171968	2136	0.12897643
171970	1709	0.11143386
171970	1731	0.11143386
171970	2983	0.11143386
171970	2997	0.11143386
171970	3234	0.11143386
171970	3613	0.11143386
171970	193	0.111433856
171970	567	0.111433856
171970	744	0.111433856
171970	1207	0.111433856
171986	384	0.09779202
171986	3581	0.09779202
171986	232	0.097792014
171986	581	0.097792014
171986	732	0.097792014
171986	1436	0.097792014
171986	1512	0.097792014
171986	1680	0.097792014
171986	3480	0.097792014
171986	3625	0.097792014
171999	1892	0.09603542
171999	206	0.09603541
171999	1856	0.096035406
171999	5080	0.0960354
171999	794	0.09603539
171999	1261	0.09603539
171999	1376	0.09603539
171999	1714	0.09603539
171999	4905	0.09603538
171999	3775	0.096035376
172010	2292	0.13243158
172010	3039	0.13243158
172010	6680	0.13243158
172010	6786	0.13243158
172010	75	0.13243157
172010	485	0.13243157
172010	981	0.13243157
172010	1081	0.13243157
172010	1263	0.13243157
172010	1496	0.13243157
172030	982	0.14128733
172030	4370	0.1412873
172030	6250	0.1412873
172030	1045	0.14128728
172030	1853	0.14128728
172030	5191	0.14128728
172030	260	0.14128727
172030	2301	0.14128727
172030	2950	0.14128727
172030	4673	0.14128727
172048	3402	0.11449146
172048	496	0.11449145
172048	3223	0.11449144
172048	718	0.11449143
172048	1857	0.11449143
172048	3985	0.11449143
172048	5406	0.11449143
172048	5926	0.11449143
172048	5486	0.114491425
172048	2192	0.11449142
172061	1075	0.11407535
172061	2645	0.11407531
172061	6747	0.11407531
172061	4604	0.1140753
172061	5213	0.1140753
172061	1652	0.114075296
172061	2104	0.11407528
172061	6000	0.11407527
172061	778	0.1130867
172061	1288	0.11308667
172091	2121	0.103180155
172091	4163	0.10318015
172091	4304	0.10318014
172091	1447	0.103180125
172091	1690	0.103180125
172091	2279	0.103180125
172091	2732	0.103180125
172091	3712	0.103180125
172091	4152	0.103180125
172091	2348	0.10318012
172119	2782	0.107205935
172119	672	0.10720591
172119	1398	0.10720591
172119	1541	0.10720591
172119	1816	0.10720591
172119	2356	0.10720591
172119	3559	0.10720591
172119	4610	0.10720591
172119	234	0.107205905
172119	1616	0.107205905
172180	2213	0.11767332
172180	5943	0.11767328
172180	4475	0.11758372
172180	5248	0.11758364
172180	5855	0.11758363
172180	1481	0.11692627
172180	6920	0.11688971
172180	551	0.11688969
172180	1963	0.11688969
172180	5499	0.11688969
172192	3458	0.119691044
172192	5392	0.11969101
172192	314	0.119691
172192	2973	0.119691
172192	3732	0.119691
172192	6703	0.119691
172192	3182	0.11969099
172192	952	0.119690984
172192	4796	0.119690984
172192	228	0.11969096
172203	997	0.13394311
172203	1964	0.13394308
172203	2816	0.13394308
172203	4692	0.13394308
172203	6092	0.13394308
172203	2672	0.13394305
172203	5586	0.13394305
172203	2678	0.13394302
172203	3767	0.13394302
172203	5784	0.13394302
172215	4751	0.11463581
172215	1302	0.11463578
172215	2326	0.11463578
172215	5629	0.11463578
172215	5140	0.11463577
172215	1174	0.114635766
172215	1835	0.114635766
172215	2888	0.114635766
172215	3525	0.114635766
172215	789	0.11463576
172216	631	0.11485214
172216	2018	0.11485213
172216	3161	0.11485213
172216	2860	0.11485212
172216	4291	0.114852116
172216	4669	0.114852116
172216	4824	0.114852116
172216	5871	0.114852116
172216	6339	0.114852116
172216	6453	0.114852116
172331	3608	0.12486366
172331	4043	0.12486363
172331	6159	0.124863625
172331	5274	0.12486362
172331	3990	0.12486361
172331	5496	0.12486361
172331	5928	0.12486361
172331	2566	0.1248636
172331	3379	0.1248636
172331	2076	0.124863595
172374	3326	0.0904959
172374	3405	0.0904959
172374	6079	0.0904959
172374	1088	0.090495884
172374	6104	0.090495884
172374	3176	0.09045629
172374	1851	0.090456285
172374	279	0.09045628
172374	432	0.09045626
172374	1769	0.09045626
172512	6716	0.09239465
172512	1259	0.09239464
172512	2742	0.092394635
172512	50	0.09239463
172512	157	0.09239463
172512	879	0.09239463
172512	2919	0.09239463
172512	4248	0.09239463
172512	5755	0.09239463
172512	6550	0.09239463
172539	1892	0.09395251
172539	206	0.093952484
172539	1856	0.093952484
172539	1714	0.09395248
172539	794	0.09395246
172539	1261	0.09395246
172539	1376	0.09395246
172539	4905	0.09395246
172539	5080	0.09395246
172539	3775	0.09395245
172613	4001	0.10306651
172613	372	0.101694524
172613	6297	0.10135319
172613	2754	0.10135317
172613	6397	0.10135317
172613	3241	0.10120417
172613	6681	0.10119058
172613	4681	0.10021311
172613	4682	0.10019955
172613	4834	0.09962632
172676	4975	0.111158386
172676	5038	0.111158386
172676	4804	0.11053815
172676	2623	0.110538125
172676	2160	0.11053811
172676	2166	0.1105381
172676	5378	0.110538095
172676	1734	0.10990924
172676	5240	0.10925885
172676	4653	0.10876095
172700	2857	0.11420129
172700	3196	0.11420128
172700	305	0.11420126
172700	955	0.11420126
172700	2576	0.11420126
172700	4608	0.11420126
172700	6755	0.11420126
172700	6811	0.11420126
172700	2364	0.114201255
172700	5108	0.11420123
172760	6783	0.12473639
172760	574	0.12473638
172760	5327	0.12473637
172760	4629	0.12473636
172760	816	0.124736354
172760	4044	0.124736354
172760	1723	0.12473635
172760	814	0.12473634
172760	1495	0.12473634
172760	1944	0.12473634
173111	696	0.07879986
173111	410	0.07879985
173111	2504	0.07879985
173111	61	0.078799844
173111	635	0.078799844
173111	964	0.078799844
173111	1578	0.078799844
173111	2175	0.078799844
173111	3791	0.078799844
173111	5227	0.078799844
173131	4087	0.11917549
173131	5105	0.119175486
173131	282	0.11917548
173131	5053	0.11917548
173131	3506	0.11917547
173131	52	0.119175464
173131	337	0.119175464
173131	883	0.119175464
173131	2397	0.119175464
173131	4474	0.119175464
173190	4293	0.11296279
173190	2752	0.11296278
173190	2803	0.11296278
173190	3018	0.11296278
173190	4403	0.11296278
173190	5558	0.11296278
173190	6341	0.11296278
173190	628	0.112962775
173190	3916	0.112962775
173190	1143	0.11296277
173225	3327	0.11606133
173225	4154	0.116061315
173225	294	0.1160613
173225	2278	0.1160613
173225	4133	0.1160613
173225	4239	0.1160613
173225	4835	0.1160613
173225	4920	0.1160613
173225	5046	0.1160613
173225	5965	0.1160613
173291	110	0.12072807
173291	6043	0.12072806
173291	6765	0.12072806
173291	6676	0.12072805
173291	700	0.120728046
173291	1752	0.120728046
173291	2569	0.120728046
173291	3469	0.120728046
173291	1144	0.12072804
173291	2940	0.12072804
173343	696	0.118903644
173343	410	0.11890364
173343	2504	0.11890364
173343	61	0.11890363
173343	240	0.11890362
173343	1578	0.11890362
173343	1550	0.118903615
173343	4187	0.118903615
173343	5227	0.118903615
173343	446	0.11890361
173415	170	0.099532336
173415	169	0.09953232
173415	1446	0.09953231
173415	7	0.099532306
173415	611	0.099532306
173415	884	0.099532306
173415	1612	0.099532306
173415	1707	0.099532306
173415	2398	0.099532306
173415	3221	0.099532306
173481	504	0.09846263
173481	2696	0.09846263
173481	4334	0.09846263
173481	5781	0.09846263
173481	5899	0.09846263
173481	1743	0.09846262
173481	5632	0.09846262
173481	94	0.09846261
173481	264	0.09846261
173481	298	0.09846261
173486	6430	0.09812349
173486	3271	0.098123446
173486	5020	0.09812342
173486	5716	0.09812342
173486	6731	0.09812341
173486	780	0.0981234
173486	2214	0.098080665
173486	3039	0.098080665
173486	6786	0.09808066
173486	75	0.09808065
173511	778	0.0940203
173511	1288	0.09402028
173511	1967	0.09402028
173511	4971	0.09402028
173511	5514	0.09402028
173511	5519	0.09402028
173511	6802	0.09402028
173511	466	0.09402027
173511	3207	0.09402027
173511	5546	0.09402027
173517	3402	0.114615105
173517	496	0.11461508
173517	718	0.11461508
173517	1857	0.11461508
173517	3223	0.114615075
173517	5406	0.114615075
173517	3985	0.11461507
173517	5486	0.11461507
173517	2192	0.11461505
173517	5926	0.11461505
173650	5499	0.1097943
173650	551	0.10979429
173650	1547	0.10979429
173650	1963	0.10979429
173650	6920	0.10979429
173650	4473	0.10979428
173650	5109	0.10979428
173650	6828	0.10979428
173650	580	0.109794274
173650	625	0.109794274
173679	3506	0.114400834
173679	4087	0.114400834
173679	5105	0.114400834
173679	282	0.11440082
173679	457	0.11440082
173679	3718	0.11440082
173679	5016	0.11440082
173679	5053	0.11440082
173679	5196	0.11440082
173679	6216	0.11440082
173684	1963	0.13597679
173684	5499	0.13597679
173684	6920	0.13597679
173684	551	0.13597678
173684	625	0.13597678
173684	2524	0.13597678
173684	5109	0.13597678
173684	580	0.13597676
173684	875	0.13597676
173684	1547	0.13597676
173728	1024	0.14290938
173728	697	0.14290936
173728	2830	0.14290936
173728	4157	0.14290936
173728	351	0.14290935
173728	1880	0.14290935
173728	2413	0.14290935
173728	2479	0.14290935
173728	3107	0.14290935
173728	3626	0.14290935
173773	714	0.10822834
173773	3946	0.10822834
173773	4189	0.10822833
173773	6012	0.10822833
173773	2322	0.108228326
173773	2518	0.108228326
173773	2821	0.108228326
173773	4665	0.108228326
173773	5025	0.108228326
173773	4444	0.10822832
173835	2134	0.11907704
173835	531	0.11907703
173835	5422	0.11907702
173835	545	0.11907701
173835	1307	0.11907701
173835	1720	0.11907701
173835	3051	0.11907701
173835	3303	0.11907701
173835	4214	0.11907701
173835	4543	0.11907701
173860	2782	0.12010717
173860	1541	0.12010715
173860	1398	0.120107144
173860	3559	0.120107144
173860	2356	0.12010714
173860	234	0.12010713
173860	672	0.12010713
173860	1616	0.12010713
173860	1738	0.12010713
173860	1816	0.12010713
173951	696	0.11051254
173951	2504	0.11051254
173951	410	0.11051253
173951	61	0.110512525
173951	1578	0.110512525
173951	1550	0.11051252
173951	5227	0.11051252
173951	240	0.11051251
173951	635	0.11051251
173951	3329	0.11051251
174034	6001	0.09839403
174034	2756	0.09839402
174034	6498	0.09839402
174034	1241	0.098394014
174034	4147	0.098394014
174034	1591	0.09839401
174034	2758	0.09839401
174034	5047	0.09839401
174034	6138	0.09839401
174034	1468	0.098394
174062	4228	0.11276779
174062	1840	0.112767786
174062	3353	0.112767786
174062	3552	0.112767786
174062	770	0.11276778
174062	24	0.11276777
174062	311	0.11276777
174062	2034	0.11276777
174062	2726	0.11276777
174062	3063	0.11276777
174072	976	0.10936913
174072	2934	0.10936913
174072	896	0.109369114
174072	3783	0.10936911
174072	3740	0.1093691
174072	5557	0.1093691
174072	1653	0.10936909
174072	5594	0.10936909
174072	1660	0.109369084
174072	2989	0.109369084
174092	2218	0.11483854
174092	4222	0.11482693
174092	3409	0.11482692
174092	3170	0.1148269
174092	1895	0.11482689
174092	3769	0.11482689
174092	1771	0.11482687
174092	1779	0.11482687
174092	3798	0.11482685
174092	6749	0.11482685
174151	2098	0.13246962
174151	2676	0.13223848
174151	5073	0.13148834
174151	6648	0.13145027
174151	797	0.13070017
174151	6698	0.13070017
174151	269	0.13070016
174151	2605	0.13070014
174151	3965	0.13070014
174151	6039	0.13070014
174179	5269	0.109285094
174179	1170	0.10928509
174179	1038	0.10928508
174179	873	0.10928507
174179	2988	0.10928507
174179	874	0.10928506
174179	1262	0.10928506
174179	5264	0.10928506
174179	3225	0.10816774
174179	2810	0.10816772
174195	5306	0.10080057
174195	2366	0.10080056
174195	4618	0.10080056
174195	4879	0.10080056
174195	3954	0.10080055
174195	2899	0.100800544
174195	5858	0.100800544
174195	3653	0.10080054
174195	4223	0.10080053
174195	4576	0.10080053
174216	184	0.114177465
174216	118	0.11417745
174216	5817	0.11417745
174216	540	0.11417744
174216	4704	0.11417744
174216	5992	0.11417744
174216	6814	0.11417744
174216	1667	0.114177436
174216	2978	0.114177436
174216	4605	0.114177436
174322	118	0.11192869
174322	184	0.11192869
174322	5817	0.11192869
174322	5992	0.11192868
174322	540	0.11192867
174322	1506	0.11192867
174322	4704	0.11192867
174322	5079	0.11192867
174322	6814	0.11192867
174322	1667	0.111928664
174326	5405	0.09608243
174326	3909	0.09608242
174326	6217	0.09608242
174326	1532	0.096082404
174326	6782	0.096082404
174326	5733	0.0960824
174326	1162	0.09608239
174326	3159	0.09608239
174326	4978	0.09608239
174326	731	0.09603855
174334	1024	0.11926327
174334	3846	0.11926327
174334	351	0.11926326
174334	697	0.11926326
174334	2479	0.11926326
174334	2830	0.11926326
174334	1880	0.119263254
174334	3626	0.119263254
174334	3676	0.119263254
174334	5691	0.119263254
174367	4228	0.10128784
174367	770	0.10128783
174367	1840	0.10128783
174367	2034	0.10128783
174367	3353	0.10128783
174367	4685	0.10128783
174367	311	0.10128782
174367	3552	0.10128782
174367	4225	0.10128782
174367	5758	0.10128782
174375	696	0.09983756
174375	1550	0.09983754
174375	2504	0.09983754
174375	61	0.099837534
174375	410	0.099837534
174375	1578	0.099837534
174375	635	0.09983753
174375	964	0.09983753
174375	3329	0.09983753
174375	4156	0.09983753
174428	581	0.10696689
174428	384	0.10696688
174428	732	0.10696688
174428	3480	0.10696688
174428	3581	0.10696688
174428	6388	0.10696688
174428	232	0.106966875
174428	1680	0.106966875
174428	411	0.10696687
174428	665	0.10696687
174501	4840	0.112636745
174501	338	0.11263672
174501	5517	0.112636715
174501	5867	0.112636715
174501	6385	0.112636715
174501	3445	0.11263671
174501	334	0.1126367
174501	1286	0.1126367
174501	2493	0.1126367
174501	3175	0.1126367
174503	4524	0.11314249
174503	2463	0.11314248
174503	3657	0.11314248
174503	3856	0.11314248
174503	4493	0.11314248
174503	430	0.113142475
174503	858	0.113142475
174503	1643	0.113142475
174503	2668	0.113142475
174503	5097	0.113142475
174534	6251	0.11130117
174534	3629	0.11130116
174534	6320	0.11130113
174534	2683	0.11127266
174534	2798	0.11127263
174534	4247	0.11064975
174534	1234	0.110649705
174534	2625	0.11064969
174534	4231	0.11064969
174534	5810	0.11064969
174590	1731	0.10402788
174590	2983	0.104027875
174590	193	0.10402787
174590	658	0.10402787
174590	744	0.10402787
174590	1207	0.10402787
174590	1709	0.10402787
174590	2997	0.10402787
174590	3234	0.10402787
174590	3613	0.10402787
174596	5973	0.097560026
174596	696	0.0975111
174596	2504	0.09751109
174596	61	0.09751108
174596	410	0.09751108
174596	530	0.09751108
174596	635	0.09751108
174596	964	0.09751108
174596	1550	0.09751108
174596	1578	0.09751108
174615	384	0.0993097
174615	232	0.09930968
174615	581	0.09930968
174615	732	0.09930968
174615	1436	0.09930968
174615	3480	0.09930968
174615	3581	0.09930968
174615	1512	0.099309675
174615	1680	0.099309675
174615	3625	0.099309675
174625	858	0.15437192
174625	4524	0.15437192
174625	430	0.1543719
174625	2463	0.1543719
174625	3856	0.1543719
174625	632	0.15437189
174625	948	0.15437189
174625	1643	0.15437189
174625	2668	0.15437189
174625	2767	0.15437189
174633	2868	0.10633682
174633	1430	0.10608737
174633	1248	0.10608736
174633	2403	0.10608736
174633	6663	0.10608736
174633	5559	0.10608735
174633	114	0.10608734
174633	3701	0.10608734
174633	1188	0.106087334
174633	2738	0.106087334
174692	531	0.11491953
174692	2134	0.11491953
174692	1307	0.11491952
174692	545	0.11491951
174692	3303	0.11491951
174692	5887	0.11491951
174692	2877	0.114919506
174692	3051	0.114919506
174692	5422	0.114919506
174692	1720	0.1149195
174700	1293	0.101962164
174700	1666	0.101962164
174700	3455	0.10196216
174700	2664	0.10196215
174700	2702	0.10196215
174700	2203	0.10196214
174700	6354	0.10196214
174700	2325	0.101962134
174700	4772	0.101962134
174700	5032	0.101962134
174726	79	0.11370498
174726	1624	0.11370498
174726	3059	0.11370498
174726	4175	0.11370498
174726	4342	0.11370498
174726	4273	0.11370497
174726	168	0.113704965
174726	251	0.113704965
174726	450	0.113704965
174726	2728	0.113704965
174738	6001	0.10178203
174738	2756	0.101782024
174738	4147	0.101782024
174738	6498	0.10178202
174738	1241	0.10178201
174738	3257	0.10178201
174738	5047	0.10178201
174738	1591	0.101782
174738	2758	0.101782
174738	6138	0.101782
174827	6494	0.1423068
174827	6711	0.1423068
174827	4081	0.14230679
174827	2389	0.14230677
174827	2793	0.14230677
174827	2818	0.14230677
174827	4076	0.14230676
174827	6712	0.14230676
174827	2588	0.14230675
174827	3857	0.14230675
174830	3327	0.11502433
174830	294	0.1150243
174830	2278	0.1150243
174830	4154	0.1150243
174830	4835	0.1150243
174830	4920	0.1150243
174830	5219	0.1150243
174830	83	0.11502429
174830	5046	0.11502429
174830	6502	0.11502429
174834	194	0.10867721
174834	1096	0.10867719
174834	3957	0.10867719
174834	5334	0.108677186
174834	1483	0.10867718
174834	2887	0.10867718
174834	3014	0.10867718
174834	6080	0.10867718
174834	728	0.10867716
174834	1807	0.10867716
174848	1266	0.098062
174848	3110	0.09806199
174848	3578	0.09806199
174848	650	0.09806198
174848	903	0.09806198
174848	2371	0.09806198
174848	3556	0.09806198
174848	5001	0.09806198
174848	6650	0.09806198
174848	489	0.09806197
174851	3031	0.101543665
174851	6248	0.10146172
174851	2695	0.10146171
174851	5385	0.10146171
174851	2105	0.1014617
174851	4990	0.1014617
174851	2419	0.10146168
174851	2122	0.10140081
174851	5806	0.10140081
174851	6639	0.10140081
174892	269	0.10561906
174892	6698	0.10561906
174892	6903	0.10561906
174892	1311	0.10561905
174892	2709	0.10561905
174892	6472	0.10561905
174892	249	0.10561904
174892	1794	0.10561904
174892	1796	0.10561904
174892	4172	0.10561904
174914	696	0.10864615
174914	2504	0.10864615
174914	61	0.10864614
174914	410	0.10864614
174914	240	0.108646125
174914	635	0.108646125
174914	1578	0.108646125
174914	5227	0.108646125
174914	610	0.10864612
174914	1550	0.10864612
174918	1743	0.09318706
174918	2696	0.09318705
174918	504	0.09318704
174918	2084	0.09318704
174918	4334	0.09318704
174918	298	0.093187034
174918	422	0.093187034
174918	798	0.093187034
174918	2972	0.093187034
174918	3600	0.093187034
175003	133	0.10413535
175003	622	0.10413534
175003	2014	0.104135334
175003	660	0.10413531
175003	1359	0.10413531
175003	2633	0.10413531
175003	3048	0.10413531
175003	3064	0.10413531
175003	668	0.104135305
175003	1044	0.104135305
175052	4026	0.11439714
175052	4029	0.11439712
175052	67	0.11439711
175052	93	0.11439711
175052	971	0.11439711
175052	2545	0.11439711
175052	3361	0.11439711
175052	6900	0.11439711
175052	1068	0.11439709
175052	1505	0.11439709
175070	6141	0.10223289
175070	5113	0.10218568
175070	5189	0.10218568
175070	3099	0.102185674
175070	3279	0.102185674
175070	1829	0.10218567
175070	6914	0.10218567
175070	4018	0.10218566
175070	6584	0.10218564
175070	2839	0.102185614
175100	5940	0.14363207
175100	2703	0.14363205
175100	6499	0.14363205
175100	45	0.14363204
175100	2211	0.14363204
175100	2855	0.14363204
175100	5272	0.14363204
175100	782	0.14363202
175100	1767	0.14363202
175100	1962	0.14363202
175101	320	0.1245664
175101	1629	0.1245664
175101	3743	0.1245664
175101	4014	0.1245664
175101	177	0.12456639
175101	236	0.12456639
175101	346	0.12456639
175101	1855	0.12456639
175101	3350	0.12456639
175101	4217	0.12456639
175117	2317	0.113450006
175117	2886	0.113450006
175117	619	0.11344999
175117	3306	0.113449976
175117	5641	0.11326967
175117	4245	0.11326966
175117	4951	0.11326966
175117	6091	0.11326966
175117	3209	0.113269635
175117	427	0.11326963
175205	6698	0.10975932
175205	6903	0.10975932
175205	269	0.109759316
175205	249	0.10975931
175205	2709	0.10975931
175205	3965	0.10975931
175205	6199	0.10975931
175205	6472	0.10975931
175205	797	0.1097593
175205	1311	0.1097593
175254	2696	0.11729966
175254	4334	0.11729966
175254	5015	0.11729966
175254	5632	0.11729966
175254	422	0.11729965
175254	504	0.11729965
175254	2084	0.11729965
175254	3624	0.11729965
175254	3745	0.11729965
175254	94	0.117299646
175271	701	0.10680342
175271	6652	0.10680341
175271	1957	0.1068034
175271	1513	0.106803395
175271	68	0.10680339
175271	5461	0.10670621
175271	3895	0.10670619
175271	97	0.10670617
175271	6766	0.10670617
175271	6892	0.10670617
175278	3396	0.10898834
175278	2951	0.10898833
175278	5371	0.10898833
175278	459	0.108988315
175278	6605	0.108988315
175278	6825	0.108988315
175278	1247	0.10898831
175278	2004	0.10898831
175278	1301	0.1089883
175278	4259	0.1089883
175287	3917	0.09772348
175287	6122	0.09772347
175287	2169	0.09772346
175287	3256	0.09772346
175287	3580	0.09772346
175287	2016	0.097723454
175287	2494	0.097723454
175287	3919	0.097723454
175287	4649	0.097723454
175287	5258	0.097723454
175463	2533	0.11470808
175463	3088	0.11470808
175463	5729	0.11470808
175463	5823	0.11470808
175463	2563	0.11470807
175463	638	0.114708014
175463	2168	0.11453079
175463	2676	0.11453078
175463	6648	0.11441207
175463	2848	0.11303343
175529	3292	0.14300251
175529	4928	0.14300251
175529	5711	0.14300251
175529	5907	0.14300251
175529	767	0.1430025
175529	6317	0.1430025
175529	5017	0.14300248
175529	6707	0.14300248
175529	4923	0.14300247
175529	3850	0.14300245
175536	1731	0.10110736
175536	2983	0.10110736
175536	193	0.10110735
175536	1207	0.10110735
175536	3234	0.10110735
175536	658	0.101107344
175536	1627	0.101107344
175536	1709	0.101107344
175536	1805	0.101107344
175536	1918	0.101107344
175636	2808	0.12053732
175636	3726	0.12053731
175636	3939	0.12053731
175636	676	0.1205373
175636	4589	0.1205373
175636	5382	0.1205373
175636	397	0.120537296
175636	914	0.120537296
175636	2410	0.120537296
175636	3717	0.120537296
175794	688	0.1171374
175794	6488	0.1171374
175794	1739	0.117137395
175794	2164	0.117137395
175794	2423	0.117137395
175794	134	0.11713739
175794	1233	0.11713739
175794	1620	0.11713739
175794	2173	0.11713739
175794	2340	0.11713739
175978	1034	0.107201025
175978	463	0.10720101
175978	1031	0.10720101
175978	1787	0.10720101
175978	2923	0.10720101
175978	2964	0.10720101
175978	3796	0.10720101
175978	5790	0.10720101
175978	6099	0.10720101
175978	6346	0.10720101
176094	45	0.11465856
176094	2703	0.11465856
176094	113	0.11465855
176094	1962	0.11465855
176094	5940	0.11465855
176094	6309	0.11465855
176094	2400	0.11465854
176094	5678	0.11465854
176094	6189	0.11465854
176094	6499	0.11465854
176102	4703	0.10688336
176102	2357	0.106883354
176102	5792	0.10688335
176102	1303	0.10688334
176102	1873	0.10688334
176102	513	0.10688333
176102	938	0.10688333
176102	2834	0.10688333
176102	3534	0.10688333
176102	3724	0.10688333
176214	422	0.09252684
176214	504	0.09252684
176214	798	0.09252684
176214	1743	0.09252684
176214	2696	0.09252684
176214	4334	0.09252684
176214	5632	0.09252684
176214	5899	0.09252684
176214	2084	0.09252683
176214	2972	0.09252683
176256	2134	0.10983755
176256	531	0.10983753
176256	1307	0.10983753
176256	3303	0.10983753
176256	5422	0.10983753
176256	5887	0.10983753
176256	3051	0.10983752
176256	3859	0.10983752
176256	4214	0.10983752
176256	2553	0.10983751
176348	3396	0.11467475
176348	2951	0.11467474
176348	5371	0.11467474
176348	6825	0.114674725
176348	459	0.11467472
176348	4259	0.11467472
176348	6605	0.11467472
176348	2004	0.11467471
176348	1247	0.1146747
176348	1301	0.1146747
176459	384	0.10881933
176459	581	0.10881933
176459	732	0.10881932
176459	3480	0.10881932
176459	3581	0.10881932
176459	5156	0.10881932
176459	3625	0.10881931
176459	6388	0.10881931
176459	232	0.108819306
176459	411	0.108819306
176481	960	0.126667
176481	3255	0.12666695
176481	6419	0.12666693
176481	6408	0.1266669
176481	6418	0.1266669
176481	510	0.12666689
176481	5575	0.12666689
176481	6307	0.12553705
176481	62	0.12553704
176481	3341	0.12553704
176526	2860	0.12906101
176526	3161	0.129061
176526	631	0.12906098
176526	2018	0.12906098
176526	3317	0.12906098
176526	4669	0.12906098
176526	5920	0.12906098
176526	6339	0.12906098
176526	6403	0.12906098
176526	6453	0.12906098
176576	2752	0.106677964
176576	4293	0.106677964
176576	5558	0.106677964
176576	6341	0.106677964
176576	3018	0.10667796
176576	3916	0.10667796
176576	628	0.10667795
176576	2669	0.10667795
176576	2803	0.10667795
176576	3978	0.10667795
176597	1471	0.111108094
176597	4381	0.111108094
176597	2158	0.11110809
176597	4865	0.11110809
176597	908	0.11110808
176597	2856	0.11110808
176597	4483	0.11110808
176597	3215	0.11110807
176597	3790	0.11110807
176597	186	0.111108065
176656	2782	0.1012283
176656	1398	0.10122828
176656	1541	0.10122828
176656	1616	0.10122828
176656	672	0.101228274
176656	1816	0.101228274
176656	2356	0.101228274
176656	4610	0.101228274
176656	5469	0.101228274
176656	962	0.10122827
176667	6494	0.13042718
176667	6711	0.13042718
176667	4081	0.13042717
176667	2389	0.13042715
176667	2793	0.13042715
176667	2818	0.13042715
176667	6712	0.13042715
176667	4076	0.13042714
176667	2588	0.13042712
176667	3857	0.13042712
176785	87	0.09407134
176785	2652	0.09407133
176785	4258	0.09407133
176785	5620	0.09407133
176785	1200	0.09407132
176785	310	0.094071314
176785	1438	0.09407131
176785	2231	0.09407131
176785	6264	0.09407131
176785	4294	0.0940713
176853	4087	0.11332829
176853	3506	0.113328286
176853	5105	0.113328286
176853	282	0.11332828
176853	883	0.11332828
176853	5053	0.11332828
176853	5196	0.11332827
176853	6216	0.11332827
176853	52	0.11332826
176853	337	0.11332826
176875	6043	0.10522966
176875	6765	0.10522966
176875	110	0.10522965
176875	1752	0.105229646
176875	2640	0.105229646
176875	6676	0.105229646
176875	700	0.10522964
176875	5034	0.10522964
176875	6326	0.10522964
176875	1144	0.10522963
176879	1075	0.09890677
176879	2645	0.09890674
176879	5213	0.09890674
176879	6747	0.09890674
176879	1652	0.09890673
176879	4604	0.09890673
176879	6000	0.098906726
176879	2104	0.09890672
176879	1609	0.098245636
176879	4264	0.09824563
176887	2997	0.11740442
176887	4197	0.11740442
176887	100	0.117404416
176887	193	0.117404416
176887	744	0.117404416
176887	1207	0.117404416
176887	1731	0.117404416
176887	1918	0.117404416
176887	2983	0.117404416
176887	3115	0.117404416
176902	485	0.099375665
176902	2214	0.099375665
176902	2292	0.099375665
176902	3039	0.099375665
176902	6680	0.099375665
176902	6786	0.099375665
176902	5163	0.09937566
176902	75	0.09937565
176902	1264	0.09937565
176902	1496	0.09937565
176903	4844	0.10243277
176903	4452	0.10243276
176903	4547	0.10243276
176903	1950	0.10243274
176903	2841	0.10243274
176903	2941	0.10243274
176903	4942	0.10243274
176903	2051	0.10243271
176903	5060	0.101352915
176903	5195	0.10122447
177040	3327	0.118356675
177040	4154	0.11835665
177040	4835	0.11835665
177040	294	0.118356645
177040	4920	0.118356645
177040	83	0.11835664
177040	4239	0.11835664
177040	5046	0.11835664
177040	5965	0.11835664
177040	253	0.11835663
177072	2469	0.08464567
177072	6779	0.08458607
177072	1926	0.08458605
177072	6784	0.08458604
177072	1028	0.08458603
177072	727	0.084586024
177072	4269	0.084586024
177072	4350	0.084586024
177072	5778	0.08458602
177072	5526	0.08458601
177073	6001	0.10384713
177073	1241	0.103847116
177073	2756	0.103847116
177073	3257	0.103847116
177073	4147	0.103847116
177073	6138	0.103847116
177073	6498	0.103847116
177073	2758	0.10384711
177073	5047	0.10384711
177073	1468	0.1038471
177090	2134	0.09891582
177090	531	0.098915815
177090	3303	0.098915815
177090	1307	0.09891581
177090	545	0.0989158
177090	3051	0.0989158
177090	5422	0.0989158
177090	5887	0.0989158
177090	5554	0.09891579
177090	229	0.098915786
177091	905	0.10216892
177091	5489	0.10216892
177091	6059	0.10216892
177091	1708	0.10216891
177091	649	0.1021689
177091	731	0.1021689
177091	5900	0.1021689
177091	1251	0.102168895
177091	739	0.10216889
177091	6631	0.10216888
177157	648	0.10311131
177157	733	0.10311131
177157	944	0.10311131
177157	2001	0.10311131
177157	4695	0.10311131
177157	5150	0.10311131
177157	5802	0.10311131
177157	6763	0.10311131
177157	259	0.103111304
177157	546	0.103111304
177186	5072	0.11135333
177186	2334	0.11135332
177186	4007	0.11135332
177186	6579	0.111353315
177186	92	0.11135331
177186	1306	0.11135331
177186	2081	0.11135329
177186	3770	0.11135329
177186	3836	0.11135329
177186	349	0.11135328
177195	2894	0.099614546
177195	2207	0.098667964
177195	188	0.09866795
177195	913	0.09866795
177195	1062	0.09866795
177195	1639	0.09866795
177195	3851	0.09866795
177195	3875	0.09866795
177195	6685	0.09866795
177195	607	0.09866794
177233	3474	0.108801834
177233	6073	0.10880183
177233	2434	0.10880182
177233	4402	0.10880182
177233	5148	0.10880174
177233	1642	0.10836691
177233	3964	0.1083669
177233	2092	0.1083193
177233	4508	0.1083193
177233	5185	0.10831929
177237	2134	0.10206826
177237	531	0.102068245
177237	1307	0.102068245
177237	5422	0.102068245
177237	5887	0.102068245
177237	545	0.10206824
177237	3051	0.10206824
177237	1720	0.10206823
177237	2553	0.10206823
177237	3859	0.10206823
177262	4768	0.10474773
177262	1815	0.10474772
177262	4845	0.10474772
177262	478	0.10474771
177262	1122	0.10474771
177262	1332	0.10474771
177262	3782	0.10474771
177262	4770	0.10474771
177262	6281	0.10474771
177262	2849	0.104747705
177277	631	0.10819788
177277	2860	0.108197875
177277	598	0.10819787
177277	1703	0.10819787
177277	2018	0.10819787
177277	3161	0.10819787
177277	4291	0.10819787
177277	4669	0.10819787
177277	5871	0.10819787
177277	6324	0.10819787
177284	1626	0.087844424
177284	3468	0.0878444
177284	416	0.087844394
177284	3738	0.087844394
177284	5525	0.087844394
177284	6678	0.087844394
177284	127	0.08784439
177284	243	0.08784439
177284	1055	0.08784439
177284	1814	0.08784439
177295	3407	0.10522051
177295	5834	0.10522051
177295	4235	0.105220504
177295	2316	0.1052205
177295	3300	0.1052205
177295	462	0.10522048
177295	2905	0.105220474
177295	3428	0.105220474
177295	2349	0.10522047
177295	696	0.10518949
177349	5324	0.13201103
177349	3263	0.132011
177349	2618	0.13201098
177349	5229	0.13201098
177349	5767	0.13201098
177349	5512	0.13201094
177349	3253	0.13166596
177349	3853	0.13166596
177349	4204	0.13166596
177349	579	0.13166595
177374	1922	0.10105352
177374	3248	0.10105352
177374	3264	0.10105352
177374	5012	0.10105352
177374	6048	0.10105352
177374	4083	0.10105351
177374	219	0.101053506
177374	5944	0.1010535
177374	221	0.10105349
177374	1923	0.10105349
177375	2782	0.08561137
177375	1541	0.08561136
177375	3559	0.08561136
177375	672	0.08561135
177375	1398	0.08561135
177375	1738	0.08561135
177375	4610	0.08561135
177375	234	0.08561134
177375	962	0.08561134
177375	1616	0.08561134
177451	3743	0.11346611
177451	320	0.1134661
177451	1855	0.1134661
177451	3501	0.1134661
177451	4014	0.1134661
177451	6863	0.1134661
177451	346	0.11346609
177451	755	0.11346609
177451	2573	0.11346609
177451	4464	0.11346609
177492	829	0.117029145
177492	1888	0.117029145
177492	4115	0.117029145
177492	2241	0.11702913
177492	4330	0.117029116
177492	3325	0.11702911
177492	4631	0.1170291
177492	5681	0.1170291
177492	3858	0.11702907
177492	3222	0.11680199
177569	324	0.109987035
177569	5288	0.109987035
177569	6720	0.109987035
177569	5432	0.109987006
177569	6081	0.10998699
177569	194	0.109751455
177569	1096	0.10975144
177569	3957	0.10975144
177569	1807	0.10975143
177569	5334	0.10975143
177590	269	0.1215274
177590	6472	0.12152739
177590	6698	0.12152739
177590	797	0.12152738
177590	4308	0.12152738
177590	6356	0.12152738
177590	6903	0.12152738
177590	249	0.121527374
177590	1311	0.121527374
177590	1794	0.121527374
177683	3743	0.10934957
177683	320	0.10934956
177683	346	0.10934956
177683	1315	0.10934956
177683	1567	0.10934956
177683	1629	0.10934956
177683	4014	0.10934956
177683	6005	0.10934956
177683	236	0.109349556
177683	1442	0.109349556
177690	1922	0.11625107
177690	3248	0.11625107
177690	4083	0.11625107
177690	5012	0.11625107
177690	6048	0.11625107
177690	3264	0.11625106
177690	219	0.11625105
177690	5944	0.11625105
177690	221	0.11625104
177690	1834	0.11625104
177862	6124	0.10856561
177862	32	0.108565584
177862	1863	0.108565584
177862	3216	0.108565584
177862	1308	0.10856558
177862	196	0.10856557
177862	6359	0.10856554
177862	149	0.10849707
177862	5768	0.10849707
177862	893	0.10849705
177876	1915	0.107712805
177876	4224	0.107712805
177876	3502	0.1077128
177876	5262	0.10771279
177876	270	0.107712775
177876	3011	0.107712775
177876	3565	0.107712775
177876	3881	0.107712775
177876	5303	0.107712775
177876	5964	0.107712775
178035	1470	0.09743772
178035	4397	0.09743772
178035	3228	0.097437695
178035	1269	0.097003825
178035	2511	0.09700382
178035	3877	0.09700382
178035	4882	0.09700382
178035	5294	0.09700382
178035	2047	0.097003795
178035	3052	0.09700379
178058	3743	0.123318925
178058	320	0.12331891
178058	346	0.12331891
178058	1567	0.12331891
178058	4014	0.12331891
178058	6863	0.12331891
178058	1629	0.1233189
178058	4854	0.1233189
178058	177	0.123318896
178058	236	0.123318896
178079	79	0.12554482
178079	1624	0.12554482
178079	4175	0.12554482
178079	4273	0.12554482
178079	5122	0.12554482
178079	6532	0.12554482
178079	168	0.1255448
178079	251	0.1255448
178079	2728	0.1255448
178079	3059	0.1255448
178093	320	0.10501236
178093	346	0.10501236
178093	1567	0.10501236
178093	2339	0.10501236
178093	6863	0.10501236
178093	402	0.10501235
178093	759	0.10501235
178093	1106	0.10501235
178093	1658	0.10501235
178093	2573	0.10501235
178130	3157	0.11111575
178130	2122	0.11083529
178130	5806	0.110835284
178130	6639	0.110835284
178130	6582	0.11083525
178130	4041	0.11083524
178130	5215	0.11083524
178130	4997	0.11080526
178130	3386	0.11076602
178130	4996	0.11076596
178151	1731	0.12101424
178151	2983	0.12101424
178151	193	0.12101422
178151	744	0.12101422
178151	1207	0.12101422
178151	1709	0.12101422
178151	2997	0.12101422
178151	3234	0.12101422
178151	4197	0.12101422
178151	6887	0.12101422
178199	1626	0.078787774
178199	3468	0.07878775
178199	5525	0.07878775
178199	6678	0.07878775
178199	243	0.078787744
178199	416	0.078787744
178199	3738	0.078787744
178199	3544	0.07878774
178199	4743	0.07878774
178199	5459	0.07878774
178201	2782	0.10487535
178201	672	0.104875326
178201	1398	0.104875326
178201	1541	0.104875326
178201	3559	0.104875326
178201	4610	0.104875326
178201	5469	0.104875326
178201	1616	0.10487532
178201	1816	0.10487532
178201	2176	0.10487532
178223	4296	0.13659735
178223	4091	0.13659734
178223	6304	0.13659734
178223	2786	0.1365973
178223	5103	0.1365973
178223	3551	0.13659729
178223	5289	0.13659729
178223	3734	0.13659728
178223	4621	0.13659728
178223	5426	0.1354242
178240	4542	0.10005799
178240	2468	0.100057974
178240	997	0.099729486
178240	4692	0.099729486
178240	6092	0.09972948
178240	1964	0.09972946
178240	2816	0.09972946
178240	5586	0.099729456
178240	2672	0.09972944
178240	2678	0.09972944
178322	976	0.11556256
178322	2934	0.11556256
178322	896	0.115562536
178322	3783	0.11556253
178322	1653	0.11556251
178322	3740	0.11556251
178322	5557	0.11556251
178322	5594	0.11556251
178322	2989	0.115562506
178322	1660	0.1155625
178458	5453	0.12287547
178458	250	0.122875445
178458	3247	0.122875445
178458	3287	0.122875445
178458	6701	0.12287544
178458	6726	0.12287544
178458	1842	0.12287543
178458	3861	0.12287543
178458	345	0.12287542
178458	399	0.12287542
178522	5453	0.1314229
178522	3287	0.13142289
178522	250	0.13142288
178522	1842	0.13142288
178522	3214	0.13142288
178522	3247	0.13142288
178522	3251	0.13142288
178522	6609	0.13142288
178522	6701	0.13142288
178522	399	0.13142286
178587	3039	0.09631709
178587	6680	0.09631709
178587	75	0.09631708
178587	485	0.09631708
178587	720	0.09631708
178587	975	0.09631708
178587	2214	0.09631708
178587	2215	0.09631708
178587	2292	0.09631708
178587	5160	0.09631708
178597	5461	0.09253656
178597	3895	0.09253653
178597	6766	0.09253653
178597	97	0.092536524
178597	6619	0.092536524
178597	702	0.09253651
178597	1104	0.09253651
178597	6053	0.09253651
178597	6892	0.09253651
178597	2023	0.092536494
178667	4026	0.11488133
178667	93	0.11488131
178667	971	0.11488131
178667	2545	0.11488131
178667	4029	0.11488131
178667	67	0.1148813
178667	3074	0.11488129
178667	3361	0.11488129
178667	6900	0.11488129
178667	1505	0.114881285
178733	3780	0.110846624
178733	800	0.11084661
178733	1908	0.11084661
178733	2216	0.11084661
178733	3942	0.11084661
178733	2210	0.110846594
178733	5111	0.110846594
178733	6559	0.110846594
178733	3078	0.11084658
178733	5340	0.11084658
178797	3765	0.10576972
178797	6331	0.10576972
178797	788	0.105769716
178797	748	0.10576971
178797	2842	0.10576971
178797	4950	0.10576971
178797	5390	0.10576971
178797	1552	0.1057697
178797	2481	0.1057697
178797	2796	0.1057697
178914	4007	0.105910964
178914	2334	0.10591096
178914	5072	0.10591096
178914	6579	0.10591096
178914	92	0.10591094
178914	2081	0.105910935
178914	3770	0.105910935
178914	3836	0.105910935
178914	1306	0.10591093
178914	349	0.10591092
178920	5053	0.122204706
178920	5105	0.122204706
178920	282	0.1222047
178920	883	0.1222047
178920	3506	0.1222047
178920	4087	0.1222047
178920	337	0.12220469
178920	457	0.12220469
178920	4474	0.12220469
178920	4545	0.12220469
178961	6876	0.09481045
178961	2118	0.0948104
178961	1471	0.09466045
178961	4381	0.09466045
178961	2158	0.094660446
178961	4865	0.09466044
178961	2856	0.09466043
178961	3215	0.09466043
178961	3790	0.09466043
178961	186	0.09466042
179019	2755	0.107945055
179019	4919	0.10794504
179019	5702	0.10794504
179019	715	0.10794503
179019	6306	0.10794503
179019	1236	0.107945025
179019	1268	0.107945025
179019	1394	0.107945025
179019	1927	0.107945025
179019	2725	0.107945025
179075	6898	0.10554175
179075	3239	0.10554172
179075	5795	0.10529558
179075	176	0.105295576
179075	5864	0.10529557
179075	6740	0.10529557
179075	440	0.10529556
179075	675	0.105295554
179075	1380	0.105295554
179075	2335	0.105295554
179118	3402	0.09511761
179118	1857	0.095117606
179118	496	0.0951176
179118	718	0.09511759
179118	3985	0.09511759
179118	5406	0.09511759
179118	5486	0.09511759
179118	3223	0.095117584
179118	5926	0.095117584
179118	2192	0.09511757
179147	4286	0.09519991
179147	14	0.09519987
179147	4253	0.09519985
179147	6122	0.09483299
179147	3917	0.09483298
179147	2016	0.09483297
179147	2169	0.09483297
179147	2494	0.09483297
179147	3256	0.09483297
179147	3580	0.09483297
179288	4026	0.090293676
179288	971	0.09029367
179288	2545	0.09029367
179288	4029	0.09029367
179288	67	0.09029366
179288	93	0.09029366
179288	1688	0.09029366
179288	3361	0.09029366
179288	1505	0.09029365
179288	1068	0.090293646
179321	1502	0.08300864
179321	350	0.08300863
179321	1514	0.08300863
179321	5279	0.08300863
179321	1946	0.083008625
179321	5193	0.083008625
179321	1212	0.08300862
179321	5985	0.08300862
179321	1630	0.0830086
179321	3043	0.0830086
179327	1812	0.09622766
179327	5043	0.09622766
179327	5448	0.09622766
179327	1089	0.09622765
179327	5485	0.09622765
179327	690	0.096227646
179327	1596	0.096227646
179327	5537	0.096227646
179327	71	0.09622764
179327	1781	0.09622764
179433	976	0.115103155
179433	2934	0.115103155
179433	896	0.11510314
179433	3783	0.11510314
179433	3740	0.115103126
179433	5557	0.115103126
179433	5594	0.115103126
179433	1653	0.11510311
179433	1660	0.11510311
179433	5049	0.11510311
179532	6307	0.11461029
179532	3341	0.114610285
179532	1902	0.11461027
179532	2415	0.11461027
179532	3810	0.11461027
179532	5162	0.11461027
179532	5636	0.11461027
179532	950	0.11461026
179532	1355	0.11461026
179532	1990	0.11461026
179534	3730	0.109675564
179534	4725	0.10967551
179534	499	0.10967548
179534	3459	0.10967547
179534	2253	0.109427124
179534	4993	0.10861889
179534	1665	0.108618885
179534	1810	0.108618885
179534	2331	0.108618885
179534	3055	0.108618885
179688	3327	0.11492762
179688	4154	0.114927605
179688	4835	0.1149276
179688	83	0.11492759
179688	253	0.11492759
179688	294	0.11492759
179688	2278	0.11492759
179688	4133	0.11492759
179688	4239	0.11492759
179688	4920	0.11492759
179718	1915	0.12932637
179718	3502	0.12932637
179718	4224	0.12932637
179718	5262	0.12932637
179718	5964	0.12932637
179718	3874	0.12932636
179718	270	0.12932634
179718	514	0.12932634
179718	1272	0.12932634
179718	1340	0.12932634
179730	96	0.1105219
179730	785	0.1105219
179730	990	0.1105219
179730	4477	0.1105219
179730	4557	0.1105219
179730	4898	0.1105219
179730	6212	0.1105219
179730	6535	0.1105219
179730	1802	0.11052189
179730	2506	0.11052189
179733	4840	0.10939143
179733	338	0.10939141
179733	5517	0.109391406
179733	5867	0.109391406
179733	6385	0.109391406
179733	6402	0.1093914
179733	334	0.10939139
179733	3445	0.10939139
179733	1286	0.109391384
179733	3175	0.109391384
179734	3328	0.11955643
179734	3365	0.11955643
179734	2979	0.11955641
179734	5067	0.11955641
179734	1368	0.119556405
179734	6730	0.11955639
179734	4840	0.11937712
179734	3445	0.11937709
179734	5517	0.11937709
179734	5867	0.11937709
179739	1508	0.121617936
179739	1073	0.1216179
179739	1120	0.1216179
179739	3100	0.1216179
179739	3492	0.1216179
179739	65	0.12161789
179739	6621	0.12161789
179739	3607	0.12161788
179739	3661	0.12161788
179739	5735	0.12161787
179741	2007	0.0936487
179741	4319	0.0936487
179741	5650	0.093648694
179741	2844	0.09364869
179741	3618	0.09364869
179741	5433	0.09364869
179741	982	0.092776805
179741	260	0.09277679
179741	1853	0.09277678
179741	4370	0.09277678
179744	1962	0.13290338
179744	2703	0.13290338
179744	5940	0.13290338
179744	45	0.13290337
179744	782	0.13290337
179744	1000	0.13290337
179744	2136	0.13290337
179744	2211	0.13290337
179744	2245	0.13290337
179744	2400	0.13290337
179772	384	0.10281222
179772	3480	0.10281222
179772	581	0.102812216
179772	732	0.102812216
179772	1436	0.102812216
179772	1680	0.102812216
179772	3625	0.102812216
179772	6388	0.102812216
179772	411	0.10281221
179772	1512	0.10281221
179791	1701	0.12831342
179791	5311	0.12831342
179791	5649	0.12831342
179791	904	0.1283134
179791	1127	0.1283134
179791	841	0.12831339
179791	2052	0.12831339
179791	4484	0.12831339
179791	6028	0.12831339
179791	1364	0.12831338
179826	110	0.1028934
179826	6043	0.1028934
179826	6765	0.1028934
179826	1144	0.10289338
179826	1752	0.10289338
179826	2569	0.10289338
179826	2640	0.10289338
179826	6117	0.10289338
179826	6676	0.10289338
179826	700	0.102893375
179843	3204	0.1197453
179843	5302	0.11959906
179843	1915	0.119563624
179843	4224	0.11956361
179843	3011	0.119563594
179843	3502	0.119563594
179843	3874	0.119563594
179843	5262	0.119563594
179843	5964	0.119563594
179843	1340	0.11956359
179857	6113	0.123456895
179857	6346	0.12335874
179857	484	0.12335873
179857	1034	0.12335873
179857	2307	0.12335873
179857	2923	0.12335873
179857	3796	0.12335873
179857	3997	0.12335873
179857	4784	0.12335873
179857	1869	0.12335872
179885	3396	0.09915072
179885	2951	0.0991507
179885	5371	0.0991507
179885	6605	0.099150695
179885	2004	0.09915069
179885	6825	0.09915069
179885	459	0.09915068
179885	1247	0.09915068
179885	4259	0.09915068
179885	1301	0.09915067
179906	410	0.10501147
179906	696	0.10501147
179906	2504	0.10501147
179906	61	0.10501146
179906	635	0.105011456
179906	240	0.10501145
179906	610	0.10501145
179906	1578	0.10501145
179906	1901	0.10501145
179906	3791	0.10501145
180032	1701	0.11629696
180032	904	0.11629695
180032	5298	0.11629695
180032	5311	0.11629695
180032	2052	0.11629694
180032	4380	0.11629693
180032	5649	0.11629693
180032	6028	0.11629693
180032	1127	0.116296925
180032	1364	0.11629692
180042	1892	0.10931646
180042	206	0.10931644
180042	1856	0.10931644
180042	794	0.10931642
180042	1261	0.10931642
180042	5080	0.10931642
180042	1376	0.109316416
180042	1714	0.109316416
180042	4905	0.10931641
180042	3775	0.109316394
180348	5012	0.12944993
180348	1922	0.12944992
180348	3248	0.12944992
180348	3264	0.12944992
180348	6048	0.12944992
180348	219	0.1294499
180348	4083	0.1294499
180348	5944	0.1294499
180348	221	0.12944987
180348	1834	0.12944987
180378	714	0.14971031
180378	2322	0.1497103
180378	3946	0.1497103
180378	4189	0.1497103
180378	2518	0.14971027
180378	4665	0.14971027
180378	5025	0.14971027
180378	6012	0.14971027
180378	2705	0.14971025
180378	2821	0.14971025
180495	829	0.10142481
180495	1888	0.10142481
180495	2241	0.101424806
180495	3325	0.1014248
180495	4115	0.1014248
180495	4330	0.10142478
180495	5681	0.10142478
180495	3858	0.10142477
180495	4631	0.10142477
180495	5453	0.10098724
180580	609	0.10634579
180580	5415	0.106269106
180580	2979	0.10598852
180580	3328	0.10598852
180580	3365	0.10598852
180580	1368	0.1059885
180580	5067	0.1059885
180580	6730	0.10598849
180580	4840	0.105911866
180580	338	0.10591185
180586	444	0.117956
180586	3882	0.117956
180586	381	0.11795598
180586	2788	0.11795598
180586	6335	0.11795598
180586	3072	0.11795597
180586	4234	0.11795597
180586	4346	0.11795597
180586	2944	0.11795596
180586	3015	0.11795596
180591	1793	0.11226483
180591	1080	0.11226482
180591	2498	0.11226482
180591	4415	0.11226481
180591	6022	0.11226481
180591	6083	0.11226481
180591	6298	0.112264805
180591	89	0.1122648
180591	1319	0.1122648
180591	2896	0.1122648
180651	2983	0.10786281
180651	193	0.1078628
180651	1207	0.1078628
180651	1731	0.1078628
180651	4197	0.1078628
180651	1805	0.10786279
180651	2997	0.10786279
180651	100	0.107862785
180651	658	0.107862785
180651	744	0.107862785
180801	444	0.118833184
180801	3882	0.118833184
180801	381	0.11883317
180801	2788	0.118833154
180801	4346	0.118833154
180801	6335	0.118833154
180801	6590	0.118833154
180801	3072	0.11883315
180801	5438	0.11883315
180801	165	0.11883314
180840	2366	0.108482525
180840	5306	0.108482525
180840	3653	0.108482495
180840	4618	0.108482495
180840	5858	0.108482495
180840	4576	0.10848249
180840	4879	0.10848249
180840	4223	0.10848248
180840	1132	0.10848247
180840	1815	0.10842908
180860	3149	0.11774548
180860	5073	0.11751096
180860	797	0.116866425
180860	6356	0.11686642
180860	6698	0.11686642
180860	269	0.11686641
180860	1794	0.11686641
180860	6039	0.11686641
180860	3589	0.1168664
180860	3965	0.1168664
180925	3765	0.11359424
180925	6331	0.113594234
180925	748	0.11359423
180925	788	0.11359423
180925	4950	0.11359423
180925	1425	0.11359422
180925	1552	0.11359422
180925	2481	0.11359422
180925	2796	0.11359422
180925	2842	0.11359422
180957	6876	0.11902606
180957	2118	0.11902598
180957	6852	0.11797137
180957	5099	0.11797136
180957	6735	0.11797136
180957	6917	0.11797136
180957	1538	0.11797135
180957	6332	0.117971346
180957	6069	0.11797133
180957	999	0.11781061
181076	384	0.1045388
181076	732	0.1045388
181076	1436	0.1045388
181076	3581	0.1045388
181076	232	0.10453879
181076	3625	0.10453879
181076	5125	0.10453879
181076	529	0.10453878
181076	581	0.10453878
181076	1512	0.10453878
181077	4898	0.11612679
181077	96	0.11612678
181077	990	0.11612678
181077	1486	0.11612678
181077	5313	0.11612678
181077	6535	0.11612678
181077	572	0.116126776
181077	709	0.116126776
181077	785	0.116126776
181077	3103	0.116126776
181103	1031	0.09649265
181103	1034	0.09649265
181103	6346	0.09649265
181103	463	0.09649263
181103	2923	0.09649263
181103	3486	0.09649263
181103	3997	0.09649263
181103	5036	0.09649263
181103	5154	0.09649263
181103	5694	0.09649263
181165	2092	0.10927774
181165	4508	0.109277725
181165	5185	0.109277725
181165	3699	0.10927772
181165	819	0.10927771
181165	4949	0.10927771
181165	3309	0.1092777
181165	2961	0.109277695
181165	3038	0.109277695
181165	4404	0.109277695
181176	696	0.10134576
181176	61	0.10134575
181176	410	0.10134575
181176	964	0.10134575
181176	1550	0.10134575
181176	1578	0.10134575
181176	2504	0.10134575
181176	5250	0.10134575
181176	635	0.10134574
181176	1774	0.10134574
181212	778	0.11948143
181212	1288	0.11948142
181212	4971	0.119481415
181212	1967	0.11948141
181212	466	0.1194814
181212	3207	0.1194814
181212	5514	0.1194814
181212	5519	0.1194814
181212	5546	0.1194814
181212	6802	0.1194814
181223	5288	0.099385954
181223	324	0.09938595
181223	6720	0.09938595
181223	5432	0.09938593
181223	6081	0.0993859
181223	1405	0.09931326
181223	3385	0.099313244
181223	974	0.09931323
181223	2064	0.09883316
181223	3336	0.09883316
181436	1240	0.109723926
181436	5161	0.10951277
181436	5217	0.10951274
181436	1759	0.108685695
181436	707	0.10868567
181436	1357	0.10868567
181436	1101	0.10868566
181436	3752	0.10868566
181436	5271	0.10868566
181436	1471	0.10847454
181452	6680	0.13271302
181452	75	0.132713
181452	3039	0.132713
181452	485	0.13271299
181452	975	0.13271299
181452	1081	0.13271299
181452	1496	0.13271299
181452	2214	0.13271299
181452	2215	0.13271299
181452	2292	0.13271299
181473	558	0.11351886
181473	726	0.11351885
181473	1287	0.11351885
181473	4814	0.11351885
181473	561	0.11351884
181473	1704	0.11351884
181473	842	0.113518834
181473	1676	0.113518834
181473	3587	0.113518834
181473	5087	0.113518834
181687	6303	0.11894972
181687	3646	0.1189497
181687	1626	0.1188621
181687	3468	0.11886209
181687	6611	0.118862085
181687	243	0.11886208
181687	3738	0.11886208
181687	5525	0.11886207
181687	127	0.11886206
181687	416	0.11886206
181691	1532	0.0942094
181691	3159	0.0942094
181691	5405	0.0942094
181691	6782	0.094209395
181691	1162	0.09420939
181691	3909	0.09420939
181691	6217	0.09420939
181691	4978	0.09420938
181691	5733	0.09420938
181691	973	0.093803614
181714	2214	0.10714195
181714	3039	0.10714195
181714	6786	0.10714195
181714	1496	0.10714194
181714	2215	0.10714194
181714	2292	0.10714194
181714	5163	0.10714194
181714	6680	0.10714194
181714	75	0.107141934
181714	485	0.107141934
181736	4780	0.11717765
181736	683	0.117177635
181736	1189	0.117177635
181736	2432	0.117177635
181736	6163	0.117177635
181736	6438	0.117177635
181736	1180	0.11717763
181736	4058	0.11717762
181736	3425	0.11717761
181736	2187	0.11717758
181796	3253	0.121964134
181796	4204	0.12196413
181796	3853	0.12196412
181796	579	0.12196411
181796	2305	0.12196411
181796	3294	0.12196411
181796	5766	0.12196411
181796	6460	0.12196411
181796	3938	0.121964104
181796	6751	0.121964104
181896	5453	0.114800155
181896	3247	0.11480014
181896	3287	0.11480014
181896	6609	0.11480013
181896	250	0.114800125
181896	3214	0.114800125
181896	6008	0.114800125
181896	6701	0.114800125
181896	6726	0.114800125
181896	399	0.11480012
181948	1892	0.087923214
181948	206	0.0879232
181948	1856	0.0879232
181948	1714	0.087923184
181948	5080	0.087923184
181948	794	0.08792318
181948	1261	0.08792318
181948	1376	0.08792318
181948	4905	0.08792318
181948	3775	0.08792317
181956	714	0.12565786
181956	2322	0.12565786
181956	3946	0.12565786
181956	4189	0.12565786
181956	2821	0.12565784
181956	5025	0.12565784
181956	6012	0.12565784
181956	1903	0.12565783
181956	2518	0.12565783
181956	2705	0.12565783
181995	1508	0.110174924
181995	3661	0.11017492
181995	1120	0.11017491
181995	3492	0.11017491
181995	1073	0.1101749
181995	3100	0.1101749
181995	3607	0.1101749
181995	65	0.110174894
181995	5735	0.110174894
181995	6621	0.110174894
182053	110	0.11732544
182053	6043	0.117325425
182053	6765	0.117325425
182053	6676	0.11732542
182053	700	0.11732541
182053	1144	0.11732541
182053	1752	0.11732541
182053	2179	0.11732541
182053	2569	0.11732541
182053	2640	0.11732541
182086	5614	0.11322003
182086	1614	0.113220006
182086	3254	0.11263472
182086	4042	0.1126347
182086	5838	0.11263469
182086	6791	0.11263469
182086	4399	0.11263468
182086	547	0.11263466
182086	6048	0.11234775
182086	1922	0.112347744
182088	5116	0.11786549
182088	3987	0.117865466
182088	826	0.11786545
182088	851	0.11779389
182088	1255	0.1175854
182088	6204	0.11758539
182088	853	0.1175458
182088	1479	0.1175458
182088	4839	0.11754577
182088	4917	0.11754576
182117	4415	0.10454464
182117	4536	0.10454464
182117	6298	0.10454464
182117	2498	0.10454463
182117	1080	0.104544625
182117	3147	0.104544625
182117	4956	0.104544625
182117	6022	0.104544625
182117	1319	0.10454462
182117	89	0.10454461
182180	2134	0.10511632
182180	531	0.105116315
182180	545	0.10511631
182180	3303	0.10511631
182180	5422	0.10511631
182180	5887	0.10511631
182180	1307	0.1051163
182180	3051	0.1051163
182180	1720	0.10511629
182180	3859	0.10511629
182202	6346	0.11437364
182202	1034	0.11437363
182202	463	0.114373624
182202	1031	0.114373624
182202	2923	0.114373624
182202	3997	0.114373624
182202	3796	0.11437362
182202	112	0.11437361
182202	484	0.11437361
182202	1869	0.11437361
182275	5947	0.09915657
182275	6822	0.09915656
182275	5290	0.09915653
182275	1331	0.09915652
182275	1981	0.0991565
182275	1471	0.09893738
182275	908	0.09893736
182275	2158	0.09893736
182275	2856	0.09893736
182275	4381	0.09893736
182334	110	0.13020667
182334	6043	0.13020667
182334	6765	0.13020667
182334	700	0.13020666
182334	2640	0.13020666
182334	1144	0.13020664
182334	1752	0.13020664
182334	2179	0.13020664
182334	2569	0.13020664
182334	3469	0.13020664
182393	572	0.13082182
182393	990	0.13082182
182393	4557	0.13082182
182393	4898	0.13082182
182393	5464	0.13082182
182393	96	0.13082181
182393	6212	0.13082181
182393	6535	0.13082181
182393	6875	0.13082181
182393	570	0.1308218
182403	4228	0.11398414
182403	770	0.11398412
182403	3353	0.11398412
182403	3552	0.11398412
182403	4685	0.11398412
182403	2034	0.113984115
182403	3063	0.113984115
182403	24	0.11398411
182403	1840	0.11398411
182403	2726	0.11398411
182414	456	0.082626075
182414	4573	0.08262606
182414	1102	0.08262605
182414	1401	0.08262605
182414	3456	0.08262602
182414	3644	0.082626015
182414	4017	0.082626015
182414	4739	0.08262601
182414	1471	0.08247319
182414	2856	0.08247319
182442	4087	0.107054666
182442	5105	0.10705466
182442	282	0.10705465
182442	883	0.10705465
182442	3506	0.10705465
182442	5053	0.10705465
182442	52	0.10705464
182442	4545	0.10705464
182442	337	0.107054636
182442	457	0.107054636
182459	5940	0.13239598
182459	45	0.13239597
182459	782	0.13239597
182459	1962	0.13239597
182459	2703	0.13239597
182459	2807	0.13239597
182459	3465	0.13239597
182459	6309	0.13239597
182459	1000	0.13239595
182459	1079	0.13239595
182506	3846	0.12204662
182506	351	0.12204661
182506	3676	0.12204661
182506	4237	0.12204661
182506	5691	0.12204661
182506	697	0.122046605
182506	1024	0.122046605
182506	1880	0.122046605
182506	2479	0.122046605
182506	2830	0.122046605
182527	4228	0.11693131
182527	3353	0.11693128
182527	311	0.116931275
182527	770	0.116931275
182527	1840	0.116931275
182527	2034	0.116931275
182527	3552	0.116931275
182527	4685	0.116931275
182527	5758	0.116931275
182527	2726	0.11693127
182599	170	0.09880977
182599	611	0.09880976
182599	169	0.09880975
182599	884	0.09880975
182599	1446	0.09880975
182599	1707	0.09880975
182599	6759	0.09880975
182599	7	0.09880974
182599	1612	0.09880974
182599	3221	0.09880974
182746	320	0.1025715
182746	346	0.1025715
182746	1855	0.1025715
182746	3743	0.1025715
182746	4014	0.1025715
182746	4464	0.1025715
182746	6863	0.1025715
182746	1567	0.102571495
182746	3501	0.102571495
182746	159	0.10257149
182838	5983	0.14238119
182838	5981	0.14238116
182838	6230	0.14238116
182838	2260	0.14238115
182838	1013	0.14238113
182838	2261	0.14238113
182838	2265	0.14238113
182838	4730	0.14238113
182838	5037	0.14238113
182838	6577	0.14238113
182847	4840	0.097745225
182847	338	0.09774521
182847	3445	0.09774521
182847	5517	0.09774521
182847	5867	0.09774521
182847	6385	0.09774521
182847	334	0.0977452
182847	1257	0.097745195
182847	3175	0.097745195
182847	6402	0.097745195
182931	1034	0.110619
182931	463	0.11061899
182931	1031	0.11061899
182931	3796	0.11061899
182931	6346	0.11061899
182931	2307	0.110618986
182931	2923	0.110618986
182931	6099	0.110618986
182931	484	0.11061898
182931	1787	0.11061898
182969	5105	0.106929876
182969	883	0.10692987
182969	3506	0.10692987
182969	4087	0.10692987
182969	282	0.10692986
182969	337	0.10692985
182969	1066	0.10692985
182969	2397	0.10692985
182969	4545	0.10692985
182969	5016	0.10692985
182993	87	0.12680945
182993	2652	0.12680945
182993	4258	0.12680945
182993	5620	0.12680943
182993	310	0.12680942
182993	2231	0.1268094
182993	6264	0.1268094
182993	1438	0.12680939
182993	4294	0.12680939
182993	5144	0.12680939
183046	696	0.113740094
183046	2504	0.11374009
183046	410	0.11374008
183046	61	0.11374007
183046	635	0.11374007
183046	1550	0.11374007
183046	5250	0.11374007
183046	4187	0.113740064
183046	4188	0.113740064
183046	4791	0.113740064
183061	1606	0.10242617
183061	280	0.10242614
183061	699	0.10240461
183061	5731	0.102404594
183061	120	0.10220857
183061	6804	0.10220856
183061	3136	0.102208555
183061	4722	0.102208555
183061	4864	0.102208555
183061	4230	0.10220855
183088	45	0.09951571
183088	2703	0.09951571
183088	2807	0.09951571
183088	782	0.0995157
183088	1962	0.0995157
183088	5940	0.0995157
183088	6189	0.0995157
183088	6309	0.0995157
183088	44	0.09951569
183088	1000	0.09951569
183101	5352	0.111027434
183101	2040	0.111027405
183101	2376	0.111027405
183101	3536	0.111027405
183101	4112	0.111027405
183101	3133	0.1110274
183101	5786	0.111027375
183101	3500	0.11057368
183101	1487	0.110573664
183101	5297	0.110573664
183134	3297	0.100936465
183134	3503	0.100936465
183134	3636	0.100936465
183134	6215	0.10093646
183134	549	0.10093644
183134	4118	0.100936435
183134	5293	0.100936435
183134	248	0.10093643
183134	612	0.10093643
183134	1099	0.10093643
183142	133	0.1191211
183142	2014	0.11912108
183142	473	0.119121075
183142	622	0.119121075
183142	3048	0.11912106
183142	660	0.11912105
183142	6383	0.11912105
183142	668	0.119121045
183142	1044	0.119121045
183142	2471	0.119121045
183178	1900	0.1345163
183178	1320	0.13451627
183178	4699	0.13451627
183178	308	0.13451622
183178	1731	0.13407041
183178	1709	0.1340704
183178	2983	0.1340704
183178	2997	0.1340704
183178	3234	0.1340704
183178	4197	0.1340704
183187	3681	0.10098484
183187	6074	0.10098483
183187	6315	0.10098483
183187	6300	0.10098482
183187	3238	0.10098481
183187	2148	0.1009848
183187	2544	0.1009848
183187	4051	0.10098479
183187	5	0.10098478
183187	1692	0.10098478
183196	4898	0.11615123
183196	6212	0.11615123
183196	4557	0.11615122
183196	5464	0.11615122
183196	6535	0.11615122
183196	96	0.11615121
183196	572	0.11615121
183196	785	0.11615121
183196	839	0.11615121
183196	866	0.11615121
183277	1830	0.12736851
183277	6540	0.12736851
183277	6708	0.12736851
183277	721	0.12736848
183277	1943	0.12736848
183277	5052	0.12736848
183277	2935	0.12736847
183277	3439	0.12736847
183277	5995	0.12736847
183277	239	0.12736845
183284	1988	0.10121374
183284	5987	0.10121374
183284	5621	0.10121372
183284	2013	0.10121371
183284	3765	0.1005048
183284	6331	0.1005048
183284	4950	0.10050479
183284	748	0.100504786
183284	788	0.100504786
183284	2796	0.100504786
183347	170	0.100362085
183347	611	0.10036207
183347	7	0.10036206
183347	169	0.10036206
183347	1446	0.10036206
183347	1707	0.10036206
183347	6759	0.10036206
183347	1612	0.100362055
183347	3221	0.100362055
183347	884	0.10036205
183436	2498	0.10066962
183436	1080	0.100669615
183436	1793	0.100669615
183436	4415	0.10066961
183436	6022	0.10066961
183436	6083	0.1006696
183436	89	0.10066959
183436	1319	0.10066959
183436	2896	0.10066959
183436	3147	0.10066959
183537	4918	0.10836294
183537	2110	0.108362935
183537	6666	0.10836292
183537	2113	0.1083629
183537	4020	0.1072724
183537	1072	0.10727239
183537	5370	0.10727237
183537	2597	0.10727236
183537	528	0.10583322
183537	3930	0.1058332
183540	531	0.108973265
183540	2134	0.108973265
183540	545	0.10897325
183540	1307	0.10897325
183540	3303	0.10897325
183540	5422	0.10897325
183540	5887	0.10897325
183540	3051	0.10897324
183540	1720	0.108973235
183540	2553	0.108973235
183572	5997	0.10464076
183572	6369	0.104640745
183572	4286	0.10427205
183572	14	0.10427201
183572	4253	0.104271986
183572	4267	0.10391918
183572	2651	0.10391917
183572	6858	0.10391917
183572	4999	0.10391915
183572	5398	0.10391913
183740	2857	0.097164676
183740	3196	0.09716467
183740	955	0.09716466
183740	305	0.09716465
183740	2364	0.097164646
183740	4608	0.097164646
183740	5300	0.097164646
183740	6755	0.097164646
183740	6811	0.097164646
183740	5108	0.09716463
183753	1731	0.11231355
183753	193	0.112313546
183753	1709	0.112313546
183753	2997	0.112313546
183753	4197	0.112313546
183753	658	0.11231354
183753	744	0.11231354
183753	1207	0.11231354
183753	1805	0.11231354
183753	2983	0.11231354
183832	320	0.10400332
183832	346	0.10400332
183832	1629	0.10400332
183832	3743	0.10400332
183832	4854	0.10400332
183832	159	0.10400331
183832	177	0.10400331
183832	1090	0.10400331
183832	1106	0.10400331
183832	1567	0.10400331
183883	6057	0.12466669
183883	2463	0.124666676
183883	3657	0.124666676
183883	4493	0.124666676
183883	858	0.12466667
183883	1643	0.12466667
183883	4524	0.12466667
183883	430	0.12466666
183883	1641	0.12466666
183883	2668	0.12466666
183931	1026	0.11095171
183931	595	0.1109517
183931	6716	0.110730916
183931	1259	0.1107309
183931	157	0.110730894
183931	50	0.11073089
183931	2742	0.11073088
183931	3330	0.11073088
183931	4248	0.11073088
183931	6550	0.11073088
183952	3286	0.10652565
183952	539	0.106525645
183952	2269	0.106525645
183952	1579	0.10652564
183952	2880	0.10652564
183952	425	0.10652563
183952	2354	0.10652563
183952	2465	0.10652563
183952	2920	0.10652563
183952	3893	0.10652563
183958	72	0.09463455
183958	523	0.09463455
183958	5856	0.09463454
183958	812	0.09463453
183958	1282	0.09463453
183958	2509	0.09463453
183958	3727	0.09463453
183958	6237	0.09463453
183958	6756	0.09463453
183958	385	0.094634525
183963	259	0.10852644
183963	733	0.10852644
183963	2687	0.10852644
183963	6763	0.10852644
183963	1823	0.10852643
183963	4695	0.10852643
183963	4968	0.10852643
183963	546	0.10852642
183963	944	0.10852642
183963	1618	0.10852642
184121	175	0.11705562
184121	6589	0.11705561
184121	2587	0.11705559
184121	2927	0.117055565
184121	359	0.11705556
184121	3041	0.11705556
184121	833	0.11705555
184121	4238	0.11705555
184121	5955	0.11705555
184121	5533	0.11705554
184196	320	0.109549195
184196	346	0.109549195
184196	2573	0.109549195
184196	3743	0.109549195
184196	4014	0.109549195
184196	6863	0.109549195
184196	2339	0.10954919
184196	3501	0.10954919
184196	4512	0.10954919
184196	177	0.10954918
184202	4010	0.12870574
184202	4932	0.12870574
184202	6520	0.12870574
184202	1656	0.12870573
184202	5822	0.12870573
184202	5322	0.12749471
184202	5506	0.12749463
184202	3031	0.12729335
184202	2947	0.12667826
184202	6337	0.12667826
184223	2121	0.09764416
184223	4163	0.09764415
184223	4304	0.09764415
184223	1447	0.097644135
184223	2279	0.097644135
184223	2732	0.097644135
184223	3712	0.097644135
184223	1690	0.09764413
184223	4152	0.09764413
184223	5381	0.09764413
184270	3331	0.11410643
184270	2688	0.11410642
184270	5084	0.11410642
184270	5100	0.11410642
184270	2185	0.11300553
184270	6136	0.11008485
184270	6595	0.110084824
184270	2287	0.108873144
184270	5804	0.10887313
184270	4446	0.108873114
184279	558	0.10070208
184279	726	0.10070208
184279	1287	0.10070208
184279	561	0.10070207
184279	4814	0.10070207
184279	1676	0.10070206
184279	5087	0.10070206
184279	5565	0.10070206
184279	842	0.100702055
184279	1704	0.100702055
184299	45	0.13292515
184299	1962	0.13292515
184299	2703	0.13292515
184299	5940	0.13292515
184299	2807	0.13292514
184299	5272	0.13292514
184299	113	0.13292512
184299	621	0.13292512
184299	782	0.13292512
184299	1000	0.13292512
184310	2134	0.11802966
184310	531	0.118029654
184310	3303	0.11802965
184310	5422	0.11802965
184310	5887	0.11802965
184310	545	0.11802964
184310	1307	0.11802964
184310	3051	0.11802964
184310	1720	0.118029624
184310	2553	0.118029624
184354	731	0.08632682
184354	213	0.08632681
184354	649	0.08632681
184354	905	0.08632681
184354	5489	0.08632681
184354	6059	0.08632681
184354	5900	0.0863268
184354	739	0.08632679
184354	1251	0.08632679
184354	1708	0.08632679
184365	110	0.112635866
184365	6765	0.112635866
184365	6043	0.11263586
184365	700	0.11263585
184365	1752	0.11263585
184365	2569	0.11263585
184365	6676	0.11263585
184365	1360	0.11263584
184365	2640	0.11263584
184365	3469	0.11263584
184401	5817	0.11535708
184401	118	0.11535707
184401	1506	0.11535707
184401	1667	0.11535707
184401	4704	0.11535707
184401	5079	0.11535707
184401	5992	0.11535707
184401	6684	0.11535707
184401	6814	0.11535707
184401	540	0.11535706
184424	384	0.09800261
184424	581	0.09800261
184424	3480	0.0980026
184424	3581	0.0980026
184424	732	0.09800259
184424	1436	0.09800259
184424	1681	0.09800259
184424	3625	0.09800259
184424	6388	0.09800259
184424	232	0.09800258
184465	6920	0.11129566
184465	551	0.111295655
184465	5499	0.111295655
184465	1547	0.11129565
184465	1963	0.11129564
184465	4473	0.11129564
184465	4507	0.11129564
184465	5109	0.11129564
184465	6362	0.11129564
184465	6828	0.11129564
184479	2782	0.1123105
184479	1095	0.11231047
184479	1398	0.11231047
184479	1541	0.11231047
184479	1616	0.11231047
184479	2356	0.11231047
184479	3559	0.11231047
184479	5372	0.11231047
184479	672	0.11231046
184479	1816	0.11231046
184513	1855	0.11107544
184513	320	0.11107543
184513	346	0.11107543
184513	4014	0.11107543
184513	1567	0.11107542
184513	1726	0.11107542
184513	2575	0.11107542
184513	2873	0.11107542
184513	3501	0.11107542
184513	3743	0.11107542
184532	2934	0.094109416
184532	976	0.09410941
184532	896	0.0941094
184532	3783	0.09410939
184532	3740	0.094109386
184532	5557	0.09410938
184532	5594	0.09410938
184532	1653	0.09410937
184532	1660	0.09410937
184532	2989	0.094109364
184562	4228	0.117754474
184562	770	0.117754444
184562	2034	0.117754444
184562	3353	0.117754444
184562	24	0.11775444
184562	2726	0.11775444
184562	4012	0.11775444
184562	4225	0.11775444
184562	4226	0.11775444
184562	311	0.11775443
184629	1035	0.10555789
184629	4057	0.10555789
184629	910	0.10555787
184629	1499	0.10555786
184629	1801	0.10555786
184629	3411	0.10555786
184629	3720	0.10555786
184629	6888	0.10555786
184629	3056	0.10555785
184629	4520	0.10555785
184684	133	0.10526255
184684	2014	0.10526255
184684	622	0.10526253
184684	473	0.105262525
184684	3048	0.105262525
184684	660	0.10526252
184684	668	0.10526252
184684	2633	0.10526252
184684	6383	0.10526252
184684	1751	0.10526251
184789	4087	0.12052907
184789	5105	0.12052907
184789	3506	0.12052906
184789	282	0.120529056
184789	5053	0.120529056
184789	6216	0.120529056
184789	337	0.12052905
184789	883	0.12052905
184789	4545	0.12052905
184789	5016	0.12052905
184890	444	0.112826765
184890	3882	0.112826765
184890	381	0.11282675
184890	6335	0.11282675
184890	3072	0.11282674
184890	6590	0.11282674
184890	2788	0.112826735
184890	3015	0.112826735
184890	4346	0.112826735
184890	5438	0.112826735
184904	5461	0.10103533
184904	97	0.1010353
184904	3895	0.1010353
184904	6766	0.1010353
184904	6892	0.10103528
184904	702	0.10103527
184904	6619	0.10103527
184904	1104	0.10103526
184904	6053	0.10103526
184904	6096	0.10103526
184918	3681	0.10659767
184918	6315	0.106597655
184918	6074	0.10659765
184918	6300	0.10659765
184918	3238	0.10659763
184918	1692	0.10659762
184918	2544	0.10659762
184918	4051	0.10659762
184918	5	0.10659761
184918	2148	0.1065976
184985	558	0.0986346
184985	1287	0.0986346
184985	726	0.09863459
184985	561	0.098634586
184985	1676	0.098634586
184985	4814	0.098634586
184985	5617	0.098634586
184985	5087	0.09863458
184985	842	0.09863457
184985	956	0.09863457
184990	4898	0.10084586
184990	6212	0.10084586
184990	6535	0.10084586
184990	96	0.10084584
184990	572	0.10084584
184990	839	0.10084584
184990	990	0.10084584
184990	1486	0.10084584
184990	2641	0.10084584
184990	4477	0.10084584
185011	6648	0.11805199
185011	2532	0.118051976
185011	2533	0.117514096
185011	5823	0.117514096
185011	3088	0.11751409
185011	5729	0.11751409
185011	2863	0.11751406
185011	2864	0.11751406
185011	638	0.11751403
185011	3855	0.11709047
185071	2134	0.10362972
185071	3303	0.103629716
185071	531	0.10362971
185071	545	0.10362971
185071	1307	0.10362971
185071	3051	0.10362971
185071	5422	0.10362971
185071	5887	0.10362971
185071	1720	0.10362969
185071	2553	0.10362969
185087	2782	0.1040858
185087	1398	0.10408579
185087	1541	0.10408579
185087	3559	0.10408579
185087	672	0.10408578
185087	1616	0.10408578
185087	2356	0.10408578
185087	5469	0.10408578
185087	234	0.10408577
185087	692	0.10408577
185140	5940	0.121641956
185140	1962	0.12164195
185140	45	0.12164194
185140	782	0.12164194
185140	2703	0.12164194
185140	6309	0.12164194
185140	2211	0.121641934
185140	2400	0.121641934
185140	2807	0.121641934
185140	3465	0.121641934
185147	4026	0.10815452
185147	67	0.108154505
185147	2545	0.108154505
185147	4029	0.108154505
185147	6900	0.1081545
185147	93	0.10815449
185147	971	0.10815449
185147	1505	0.10815449
185147	1688	0.10815449
185147	3074	0.10815449
185154	6681	0.11510329
185154	1919	0.11439969
185154	5074	0.11439964
185154	4001	0.1129122
185154	3535	0.11220858
185154	4853	0.112208545
185154	242	0.1120105
185154	6001	0.111430734
185154	1241	0.11143072
185154	3257	0.11143072
185176	701	0.089729115
185176	1957	0.089729115
185176	6652	0.089729115
185176	68	0.08972911
185176	1513	0.08972911
185176	5461	0.08877785
185176	97	0.088777825
185176	3895	0.088777825
185176	6766	0.088777825
185176	6619	0.08877781
185254	3253	0.14397815
185254	3853	0.14397815
185254	4204	0.14397815
185254	579	0.14397813
185254	3294	0.14397813
185254	757	0.14397812
185254	758	0.14397812
185254	1613	0.14397812
185254	2305	0.14397812
185254	3153	0.14397812
185275	170	0.101811334
185275	169	0.10181131
185275	611	0.10181131
185275	7	0.101811305
185275	884	0.101811305
185275	1446	0.101811305
185275	1612	0.101811305
185275	1707	0.101811305
185275	3221	0.101811305
185275	6759	0.101811305
185288	6307	0.1230873
185288	3341	0.12308729
185288	3810	0.12308729
185288	5636	0.12308729
185288	950	0.12308728
185288	62	0.12308727
185288	1355	0.12308727
185288	1902	0.12308727
185288	2415	0.12308727
185288	5104	0.12308727
185296	5504	0.122866325
185296	1665	0.12286632
185296	1810	0.12286632
185296	3055	0.12286632
185296	6348	0.12286632
185296	2331	0.12286631
185296	2679	0.12286631
185296	656	0.1228663
185296	4993	0.1228663
185296	3476	0.12286628
185308	193	0.12923114
185308	744	0.12923114
185308	1731	0.12923114
185308	658	0.12923113
185308	926	0.12923113
185308	1207	0.12923113
185308	1709	0.12923113
185308	1918	0.12923113
185308	2393	0.12923113
185308	2885	0.12923113
185384	3039	0.11434899
185384	5163	0.11434899
185384	6680	0.11434899
185384	6786	0.11434899
185384	75	0.114348985
185384	485	0.114348985
185384	1496	0.114348985
185384	2214	0.114348985
185384	2292	0.114348985
185384	5147	0.114348985
185450	2269	0.11162144
185450	1579	0.111621425
185450	3286	0.111621425
185450	5696	0.111621425
185450	539	0.11162142
185450	4433	0.11162142
185450	2354	0.11162141
185450	2465	0.11162141
185450	2880	0.11162141
185450	5915	0.11162141
185468	456	0.09046583
185468	4573	0.09046582
185468	1102	0.090465814
185468	1401	0.09046581
185468	3456	0.090465784
185468	3644	0.09046578
185468	4739	0.09046577
185468	4017	0.09046576
185468	1430	0.09021608
185468	6663	0.09021607
185497	6307	0.11365045
185497	3341	0.11365044
185497	3810	0.113650426
185497	5636	0.113650426
185497	1902	0.11365042
185497	3310	0.11365042
185497	5216	0.11365042
185497	950	0.11365041
185497	1355	0.11365041
185497	1990	0.11365041
185514	3256	0.09332998
185514	3917	0.09332998
185514	6808	0.09332998
185514	2169	0.09332997
185514	6122	0.09332997
185514	2016	0.093329966
185514	2494	0.093329966
185514	2577	0.093329966
185514	3580	0.093329966
185514	3919	0.093329966
185538	1124	0.11858074
185538	2740	0.118580736
185538	3869	0.118580736
185538	4422	0.118580736
185538	6414	0.118580736
185538	3605	0.11858073
185538	743	0.118580714
185538	3026	0.118580714
185538	3508	0.118580714
185538	5310	0.118580714
185634	546	0.101932675
185634	733	0.10193267
185634	4907	0.10193267
185634	5150	0.10193267
185634	5802	0.10193267
185634	259	0.10193266
185634	326	0.10193266
185634	648	0.10193266
185634	944	0.10193266
185634	1387	0.10193266
185671	3917	0.096167654
185671	6122	0.096167654
185671	3256	0.09616765
185671	3580	0.09616765
185671	6808	0.09616765
185671	2016	0.09616764
185671	2169	0.09616764
185671	2208	0.09616764
185671	2494	0.09616764
185671	3919	0.09616764
185677	1812	0.113405526
185677	1089	0.11340551
185677	5043	0.11340551
185677	5448	0.11340551
185677	5537	0.1134055
185677	1872	0.113405496
185677	4737	0.113405496
185677	5485	0.113405496
185677	71	0.11340549
185677	690	0.11340549
185722	4417	0.12167753
185722	1960	0.121677525
185722	3627	0.12167752
185722	5008	0.12167752
185722	5205	0.12167749
185722	6228	0.12167749
185722	2007	0.120393895
185722	5650	0.12039389
185722	3618	0.12039388
185722	2844	0.12039387
185771	6245	0.10857208
185771	3994	0.10857205
185771	4263	0.10857205
185771	6308	0.10857205
185771	6792	0.108572036
185771	4915	0.108058244
185771	5007	0.108058244
185771	888	0.10805823
185771	1112	0.10805822
185771	4500	0.108058214
186032	2224	0.119215146
186032	2230	0.119215146
186032	2407	0.11921513
186032	3892	0.11921513
186032	4183	0.11921513
186032	1576	0.11921512
186032	3313	0.11921512
186032	3505	0.11921512
186032	3582	0.11921512
186032	5814	0.11921512
186039	120	0.11466139
186039	4864	0.11466139
186039	2826	0.11466138
186039	5760	0.11466138
186039	6804	0.11466138
186039	6868	0.11466138
186039	2527	0.11466137
186039	3136	0.11466137
186039	4230	0.11466137
186039	4722	0.11466137
186312	5288	0.12954128
186312	324	0.12954125
186312	6720	0.12954125
186312	5432	0.12954123
186312	6081	0.1295412
186312	194	0.12885648
186312	1096	0.12885648
186312	3957	0.12885648
186312	5334	0.12885648
186312	1483	0.12885647
186527	997	0.105865456
186527	4692	0.105865456
186527	1964	0.10586545
186527	2816	0.10586545
186527	6092	0.10586545
186527	5586	0.105865434
186527	2672	0.10586542
186527	2678	0.10586542
186527	3767	0.10586542
186527	5784	0.10586542
186533	782	0.11717129
186533	2703	0.11717129
186533	2807	0.11717129
186533	5940	0.11717129
186533	1962	0.11717128
186533	45	0.11717127
186533	2136	0.11717127
186533	2211	0.11717127
186533	3465	0.11717127
186533	4471	0.11717127
186547	6430	0.112277776
186547	3271	0.11227773
186547	780	0.112277694
186547	5716	0.112277694
186547	5020	0.11227769
186547	6731	0.11227766
186547	6569	0.111947104
186547	353	0.11194709
186547	642	0.11194708
186547	3837	0.11194706
186570	1471	0.1092193
186570	2158	0.10921929
186570	4381	0.10921929
186570	908	0.109219275
186570	2856	0.109219275
186570	4865	0.109219275
186570	838	0.10921927
186570	3215	0.10921927
186570	3790	0.10921927
186570	4483	0.10921927
186762	110	0.11122945
186762	700	0.11122945
186762	6043	0.11122945
186762	6765	0.11122945
186762	1752	0.11122944
186762	2640	0.111229435
186762	3469	0.111229435
186762	5034	0.111229435
186762	6676	0.111229435
186762	1159	0.11122943
186784	2652	0.11004466
186784	87	0.11004465
186784	4258	0.11004465
186784	310	0.11004463
186784	1200	0.11004463
186784	5144	0.11004463
186784	5620	0.11004463
186784	2231	0.11004461
186784	4294	0.11004461
186784	6264	0.11004461
186807	1444	0.11128439
186807	5505	0.111284375
186807	6316	0.111284375
186807	5916	0.11128437
186807	6785	0.11128437
186807	2579	0.11128436
186807	4874	0.11128435
186807	5387	0.111284345
186807	1338	0.11128434
186807	118	0.11121109
186837	410	0.100932166
186837	696	0.100932166
186837	2504	0.100932166
186837	1578	0.10093216
186837	61	0.10093215
186837	635	0.10093215
186837	1550	0.10093215
186837	5227	0.10093215
186837	5250	0.10093215
186837	240	0.10093214
186848	1501	0.099714875
186848	1937	0.09971486
186848	1659	0.09971484
186848	1916	0.09971484
186848	538	0.09971483
186848	1545	0.09971483
186848	3440	0.09971482
186848	302	0.099714816
186848	3949	0.099714816
186848	1027	0.09971479
186899	4787	0.108595505
186899	2502	0.10859549
186899	4129	0.10859549
186899	3511	0.108595476
186899	4138	0.108595476
186899	6232	0.108595476
186899	3097	0.10859546
186899	3246	0.10859546
186899	5700	0.10859546
186899	6552	0.108595446
187029	3736	0.106483296
187029	1649	0.10648329
187029	5145	0.106483266
187029	5113	0.10632129
187029	3099	0.10632128
187029	3279	0.106321275
187029	5189	0.106321275
187029	6914	0.106321275
187029	1829	0.10632127
187029	4018	0.10632125
187065	1616	0.11508639
187065	2782	0.11508639
187065	1095	0.11508638
187065	1398	0.11508638
187065	1541	0.11508638
187065	2356	0.11508638
187065	3559	0.11508638
187065	5469	0.11508638
187065	5372	0.11508637
187065	6806	0.11508637
187145	696	0.102452666
187145	410	0.10245266
187145	1578	0.10245266
187145	61	0.10245265
187145	635	0.10245265
187145	1550	0.10245265
187145	1774	0.10245265
187145	4187	0.10245265
187145	964	0.10245264
187145	4791	0.10245264
187170	778	0.10349815
187170	1288	0.10349814
187170	1967	0.10349814
187170	6802	0.10349814
187170	466	0.10349813
187170	3207	0.10349813
187170	4971	0.10349813
187170	5514	0.10349813
187170	5546	0.10349813
187170	5937	0.10349813
187256	4026	0.124994636
187256	67	0.12499462
187256	2545	0.12499462
187256	4029	0.12499462
187256	93	0.12499461
187256	971	0.12499461
187256	1068	0.124994606
187256	3361	0.124994606
187256	6900	0.124994606
187256	1505	0.1249946
187410	2463	0.11644933
187410	6057	0.11644933
187410	858	0.11644931
187410	1641	0.11644931
187410	1643	0.11644931
187410	3856	0.11644931
187410	4493	0.11644931
187410	4524	0.11644931
187410	6055	0.11644931
187410	2767	0.116449304
187425	2860	0.14005665
187425	598	0.14005664
187425	631	0.14005664
187425	2011	0.14005664
187425	3161	0.14005664
187425	4291	0.14005664
187425	4669	0.14005664
187425	6339	0.14005664
187425	6403	0.14005664
187425	132	0.14005663
187463	209	0.12596464
187463	5440	0.12596464
187463	3423	0.12596458
187463	3240	0.12573427
187463	4876	0.12572858
187463	2000	0.12572856
187463	3237	0.12572855
187463	3698	0.12572853
187463	3402	0.12549825
187463	496	0.12549822
187517	1855	0.09927608
187517	4014	0.09927608
187517	320	0.09927607
187517	3743	0.09927607
187517	6863	0.09927607
187517	346	0.099276066
187517	755	0.099276066
187517	1567	0.099276066
187517	1726	0.099276066
187517	1730	0.099276066
187520	4707	0.118590415
187520	6111	0.118590415
187520	6443	0.118590415
187520	1356	0.11859041
187520	5674	0.1185904
187520	2152	0.11859037
187520	4281	0.11859036
187520	6072	0.116114415
187520	2246	0.11611441
187520	6398	0.11611441
187574	1440	0.09274979
187574	4202	0.09274979
187574	2090	0.092749774
187574	3697	0.092749774
187574	6221	0.092749774
187574	1087	0.09274977
187574	5613	0.09274977
187574	6886	0.09274977
187574	1439	0.09274976
187574	4468	0.09274976
187613	3917	0.110873446
187613	3256	0.11087343
187613	3580	0.11087343
187613	6122	0.11087343
187613	6808	0.11087343
187613	6382	0.11087342
187613	2016	0.110873416
187613	2169	0.110873416
187613	2494	0.110873416
187613	2577	0.110873416
187624	990	0.12896748
187624	96	0.12896746
187624	570	0.12896746
187624	785	0.12896746
187624	866	0.12896746
187624	3103	0.12896746
187624	4557	0.12896746
187624	4898	0.12896746
187624	5142	0.12896746
187624	5314	0.12896746
187747	3896	0.09363295
187747	3494	0.09363294
187747	3596	0.09363293
187747	6851	0.09363293
187747	1279	0.09363292
187747	5751	0.09363292
187747	6347	0.09363292
187747	2967	0.093632914
187747	1409	0.09363291
187747	5638	0.09363291
187761	5382	0.10965673
187761	2410	0.10965672
187761	2808	0.10965672
187761	3939	0.109656714
187761	676	0.10965671
187761	914	0.10965671
187761	1756	0.10965671
187761	3717	0.10965671
187761	3726	0.10965671
187761	4589	0.10965671
187762	2955	0.095305756
187762	4300	0.095305756
187762	503	0.09530575
187762	1346	0.09530575
187762	5434	0.09530575
187762	339	0.09530573
187762	991	0.095305726
187762	703	0.09530571
187762	2214	0.094925135
187762	3039	0.09492513
187763	2246	0.10681022
187763	6072	0.10681021
187763	6398	0.10681021
187763	5844	0.10681018
187763	3429	0.10681015
187763	5940	0.10576416
187763	45	0.10576415
187763	2703	0.10576415
187763	782	0.10576414
187763	6309	0.10576414
187801	6009	0.12435108
187801	3362	0.12435102
187801	4527	0.12435101
187801	4175	0.12398365
187801	5122	0.123983644
187801	79	0.12398364
187801	1624	0.12398364
187801	3059	0.12398364
187801	4273	0.12398364
187801	4342	0.12398364
187822	2842	0.11013141
187822	3765	0.11013141
187822	6331	0.110131405
187822	748	0.1101314
187822	788	0.1101314
187822	811	0.1101314
187822	1552	0.1101314
187822	2481	0.1101314
187822	2796	0.1101314
187822	2949	0.1101314
187835	79	0.10330756
187835	1624	0.10330756
187835	4175	0.10330756
187835	3059	0.10330755
187835	4177	0.10330755
187835	4273	0.10330755
187835	4342	0.10330755
187835	5122	0.10330755
187835	168	0.103307545
187835	251	0.103307545
187863	1892	0.110294715
187863	206	0.1102947
187863	1856	0.1102947
187863	1714	0.110294685
187863	794	0.11029468
187863	5080	0.11029468
187863	1261	0.11029467
187863	1376	0.11029467
187863	3775	0.11029467
187863	4905	0.11029467
187904	6307	0.11525802
187904	3341	0.11525801
187904	62	0.115258
187904	3810	0.11525799
187904	5162	0.11525799
187904	5216	0.11525799
187904	5636	0.11525799
187904	6790	0.11525799
187904	2238	0.115257986
187904	3310	0.115257986
187981	676	0.09556444
187981	2808	0.09556444
187981	3726	0.09556444
187981	3939	0.09556444
187981	5382	0.09556444
187981	914	0.09556443
187981	2410	0.09556443
187981	397	0.095564425
187981	1756	0.095564425
187981	4589	0.095564425
187990	444	0.105654016
187990	3882	0.10565401
187990	6335	0.105654
187990	381	0.10565399
187990	2788	0.10565399
187990	3072	0.10565399
187990	4346	0.10565399
187990	6590	0.10565399
187990	6856	0.10565399
187990	1182	0.10565398
188010	4087	0.10822974
188010	5105	0.10822974
188010	282	0.108229734
188010	3506	0.108229734
188010	52	0.10822973
188010	457	0.10822973
188010	883	0.10822973
188010	1066	0.10822973
188010	4545	0.10822973
188010	5053	0.10822973
188022	3327	0.10519798
188022	4835	0.105197966
188022	4154	0.10519796
188022	1852	0.10519795
188022	2278	0.10519795
188022	4920	0.10519795
188022	5046	0.10519795
188022	5219	0.10519795
188022	6502	0.10519795
188022	83	0.105197944
188027	2755	0.11037204
188027	4919	0.11037204
188027	1236	0.11037202
188027	1927	0.11037202
188027	6306	0.11037202
188027	3229	0.110372014
188027	5702	0.110372014
188027	715	0.11037201
188027	1394	0.11037201
188027	4332	0.11037201
188038	5453	0.10399039
188038	3287	0.103990376
188038	2303	0.10399036
188038	3214	0.10399036
188038	3247	0.10399036
188038	6609	0.10399036
188038	6726	0.10399036
188038	250	0.103990346
188038	399	0.103990346
188038	1842	0.103990346
188106	259	0.10549104
188106	733	0.10549104
188106	3647	0.10549104
188106	1618	0.105491035
188106	2687	0.105491035
188106	4695	0.105491035
188106	5150	0.105491035
188106	6763	0.105491035
188106	546	0.10549103
188106	648	0.10549103
188171	118	0.12368318
188171	184	0.12368318
188171	5817	0.12368318
188171	6814	0.12368318
188171	5992	0.12368317
188171	540	0.12368316
188171	1506	0.12368316
188171	1667	0.123683155
188171	2978	0.123683155
188171	4704	0.123683155
188273	444	0.10112226
188273	3882	0.10112226
188273	6335	0.101122245
188273	381	0.10112223
188273	2788	0.10112223
188273	2944	0.10112223
188273	3072	0.10112223
188273	6590	0.10112223
188273	2235	0.10112222
188273	4234	0.10112222
188280	320	0.09826474
188280	6863	0.09826473
188280	346	0.098264724
188280	1567	0.098264724
188280	2339	0.098264724
188280	2573	0.098264724
188280	3501	0.098264724
188280	3743	0.098264724
188280	4014	0.098264724
188280	4464	0.098264724
188369	2842	0.12728441
188369	3765	0.12728441
188369	6331	0.12728441
188369	6723	0.12728441
188369	748	0.1272844
188369	788	0.1272844
188369	2949	0.1272844
188369	4728	0.1272844
188369	101	0.12728438
188369	386	0.12728438
188379	2443	0.12387121
188379	1133	0.122163564
188379	888	0.12198143
188379	5007	0.12198143
188379	4915	0.12198141
188379	1112	0.1219814
188379	6665	0.1219814
188379	1021	0.12198138
188379	2444	0.12198138
188379	2861	0.12198138
188483	346	0.12577915
188483	4014	0.12577915
188483	320	0.12577914
188483	755	0.12577914
188483	1629	0.12577914
188483	3350	0.12577914
188483	3743	0.12577914
188483	6863	0.12577914
188483	159	0.12577912
188483	177	0.12577912
188484	6307	0.098045096
188484	3341	0.09804509
188484	5636	0.09804508
188484	62	0.098045066
188484	950	0.098045066
188484	1786	0.098045066
188484	1902	0.098045066
188484	1990	0.098045066
188484	2184	0.098045066
188484	2415	0.098045066
188490	6150	0.11011413
188490	4690	0.110114105
188490	1020	0.11011409
188490	201	0.11011408
188490	550	0.11011408
188490	6283	0.11011408
188490	5114	0.110114075
188490	2391	0.11011407
188490	2784	0.11011407
188490	2960	0.11011407
188513	539	0.13101554
188513	1579	0.13101554
188513	2269	0.13101554
188513	2354	0.13101554
188513	2880	0.13101554
188513	2920	0.13101554
188513	3286	0.13101554
188513	5242	0.13101554
188513	5696	0.13101554
188513	3920	0.13101552
188518	782	0.10212025
188518	2211	0.10212025
188518	2703	0.10212025
188518	5678	0.10212025
188518	5940	0.10212025
188518	6499	0.10212025
188518	4460	0.10212024
188518	4561	0.10212024
188518	45	0.102120236
188518	1000	0.102120236
188583	1356	0.11190562
188583	6111	0.11190562
188583	6443	0.11190561
188583	4707	0.111905605
188583	5674	0.1119056
188583	2152	0.111905575
188583	4281	0.111905575
188583	5099	0.11165549
188583	4668	0.11165547
188583	6735	0.11165547
188589	1034	0.1117295
188589	6346	0.1117295
188589	463	0.111729495
188589	1031	0.111729495
188589	3796	0.111729495
188589	484	0.11172949
188589	2307	0.11172949
188589	2923	0.11172949
188589	2964	0.11172949
188589	3997	0.11172949
188659	1023	0.12781623
188659	4221	0.1278162
188659	994	0.12781616
188659	1709	0.12679788
188659	2983	0.12679788
188659	2997	0.12679788
188659	3234	0.12679788
188659	3366	0.12679788
188659	4197	0.12679788
188659	193	0.12679787
188676	2249	0.09276688
188676	360	0.092766866
188676	706	0.092766866
188676	5455	0.092766866
188676	5660	0.092766866
188676	5668	0.092766866
188676	5952	0.092766866
188676	2934	0.09246546
188676	976	0.09246545
188676	896	0.092465445
188696	320	0.11914263
188696	346	0.11914263
188696	1629	0.11914263
188696	1855	0.11914263
188696	177	0.11914262
188696	1090	0.11914262
188696	2339	0.11914262
188696	3743	0.11914262
188696	4854	0.11914262
188696	6334	0.11914262
188796	858	0.13015096
188796	6055	0.13015096
188796	6057	0.13015096
188796	121	0.13015094
188796	1641	0.13015094
188796	1643	0.13015094
188796	2156	0.13015094
188796	2463	0.13015094
188796	2767	0.13015094
188796	3657	0.13015094
188799	4026	0.10340273
188799	67	0.103402704
188799	971	0.103402704
188799	2545	0.103402704
188799	3361	0.103402704
188799	4029	0.103402704
188799	6900	0.1034027
188799	93	0.10340269
188799	1068	0.10340269
188799	1299	0.10340269
188878	2134	0.108077385
188878	531	0.10807738
188878	545	0.10807736
188878	1307	0.10807736
188878	3303	0.10807736
188878	5887	0.10807736
188878	5422	0.108077355
188878	1720	0.10807735
188878	2553	0.10807735
188878	3051	0.10807735
188951	1928	0.11984847
188951	2281	0.11984847
188951	6037	0.11984847
188951	2205	0.119848445
188951	5563	0.11965841
188951	2580	0.1196584
188951	2520	0.11965839
188951	482	0.119658366
188951	3595	0.11965836
188951	2703	0.11936235
189005	1461	0.11272495
189005	6748	0.11272493
189005	1141	0.112724915
189005	4752	0.112724915
189005	6788	0.1127249
189005	2093	0.11202591
189005	5337	0.11202587
189005	2746	0.11113097
189005	2963	0.11113096
189005	1955	0.11113095
189080	701	0.105502054
189080	1957	0.105502054
189080	6652	0.105502054
189080	1513	0.10550204
189080	68	0.10550203
189080	996	0.10493688
189080	6878	0.10493688
189080	1617	0.10493687
189080	4372	0.10481851
189080	6859	0.10481851
189104	3287	0.115090854
189104	5453	0.115090854
189104	3247	0.11509083
189104	250	0.115090825
189104	6609	0.115090825
189104	6726	0.115090825
189104	399	0.11509082
189104	1842	0.11509082
189104	3060	0.11509082
189104	3214	0.11509082
189115	696	0.10002239
189115	61	0.100022376
189115	410	0.100022376
189115	1578	0.100022376
189115	2504	0.100022376
189115	635	0.10002237
189115	1550	0.10002237
189115	240	0.10002236
189115	446	0.10002236
189115	448	0.10002236
189139	2703	0.12052523
189139	45	0.120525226
189139	5940	0.120525226
189139	6499	0.12052522
189139	782	0.12052521
189139	1767	0.12052521
189139	1962	0.12052521
189139	2211	0.12052521
189139	2400	0.12052521
189139	3465	0.12052521
189151	1471	0.10333565
189151	2158	0.103335634
189151	3215	0.103335634
189151	4381	0.103335634
189151	908	0.10333562
189151	2856	0.10333562
189151	3790	0.10333562
189151	4483	0.10333562
189151	4865	0.10333562
189151	838	0.10333561
189235	3327	0.119714364
189235	4154	0.119714364
189235	4835	0.11971435
189235	294	0.119714335
189235	1728	0.119714335
189235	1852	0.119714335
189235	2278	0.119714335
189235	4133	0.119714335
189235	4239	0.119714335
189235	5046	0.119714335
189320	3039	0.099905886
189320	6680	0.099905886
189320	485	0.09990588
189320	2214	0.09990588
189320	2292	0.09990588
189320	5163	0.09990588
189320	6786	0.09990588
189320	75	0.09990587
189320	474	0.09990586
189320	981	0.09990586
189392	1643	0.13147986
189392	2463	0.13147986
189392	3657	0.13147986
189392	3856	0.13147986
189392	4493	0.13147986
189392	4524	0.13147986
189392	6057	0.13147986
189392	858	0.13147984
189392	6055	0.13147984
189392	430	0.13147983
189474	1855	0.10312787
189474	2339	0.10312787
189474	3743	0.10312787
189474	6863	0.10312787
189474	320	0.10312786
189474	346	0.10312786
189474	3501	0.10312786
189474	4014	0.10312786
189474	4512	0.10312786
189474	177	0.10312785
189516	4365	0.11021762
189516	4229	0.110217616
189516	3279	0.109692015
189516	5113	0.10969201
189516	5189	0.10969201
189516	1829	0.109692
189516	3099	0.109692
189516	4018	0.10969199
189516	6914	0.109691985
189516	2839	0.10969196
189541	3327	0.11858402
189541	4154	0.11858402
189541	4239	0.11858401
189541	4835	0.11858401
189541	4133	0.118584
189541	4920	0.118584
189541	83	0.11858399
189541	253	0.11858399
189541	294	0.11858399
189541	454	0.11858399
189558	3362	0.14286336
189558	4527	0.14286336
189558	1624	0.1418078
189558	3059	0.1418078
189558	4175	0.1418078
189558	5122	0.1418078
189558	79	0.14180778
189558	251	0.14180776
189558	2550	0.14180776
189558	2659	0.14180776
189655	3327	0.1038433
189655	4835	0.10384328
189655	294	0.10384327
189655	2035	0.10384327
189655	3132	0.10384327
189655	4133	0.10384327
189655	4154	0.10384327
189655	4920	0.10384327
189655	5219	0.10384327
189655	6502	0.10384327
189678	3176	0.10128532
189678	279	0.10128531
189678	1851	0.10128531
189678	432	0.10128529
189678	4666	0.10128529
189678	2362	0.101285286
189678	1769	0.10128528
189678	2948	0.10128528
189678	3420	0.10128528
189678	3591	0.10128527
189747	3184	0.11026106
189747	4114	0.11026105
189747	380	0.11026104
189747	1589	0.11026104
189747	4538	0.11026104
189747	4812	0.11026104
189747	1063	0.11026103
189747	5556	0.11026103
189747	6151	0.11026103
189747	2063	0.11026102
189789	120	0.0931364
189789	2548	0.09313639
189789	4864	0.09313639
189789	2527	0.093136385
189789	2826	0.093136385
189789	3136	0.093136385
189789	5760	0.093136385
189789	6804	0.093136385
189789	6868	0.093136385
189789	4230	0.09313638
189855	2463	0.11349493
189855	6057	0.11349493
189855	4493	0.113494925
189855	858	0.11349492
189855	1641	0.11349492
189855	2767	0.11349492
189855	3657	0.11349492
189855	3856	0.11349492
189855	4524	0.11349492
189855	6055	0.11349492
189891	3327	0.11818598
189891	4154	0.11818597
189891	4835	0.11818597
189891	294	0.11818595
189891	1728	0.11818595
189891	2278	0.11818595
189891	4920	0.11818595
189891	5046	0.11818595
189891	1524	0.118185945
189891	4133	0.118185945
189973	3176	0.10199818
189973	279	0.101998165
189973	1851	0.101998165
189973	432	0.10199815
189973	1769	0.10199815
189973	2362	0.10199815
189973	4666	0.10199815
189973	2948	0.101998135
189973	4820	0.101998135
189973	5879	0.101998135
190080	3184	0.10416892
190080	4114	0.10416891
190080	5556	0.10416891
190080	1589	0.1041689
190080	4812	0.1041689
190080	380	0.10416889
190080	1063	0.10416889
190080	3150	0.10416889
190080	3431	0.10416889
190080	3910	0.10416889
190185	3184	0.13667446
190185	380	0.13667443
190185	1063	0.13667443
190185	1589	0.13667443
190185	4114	0.13667443
190185	4538	0.13667443
190185	4812	0.13667443
190185	4946	0.13667443
190185	3910	0.13667442
190185	4574	0.13667442
190350	4898	0.09479338
190350	6212	0.09479337
190350	96	0.094793364
190350	572	0.094793364
190350	839	0.094793364
190350	866	0.094793364
190350	990	0.094793364
190350	1486	0.094793364
190350	4480	0.094793364
190350	5313	0.094793364
190374	3917	0.118890695
190374	3256	0.11889069
190374	6122	0.11889069
190374	2016	0.11889067
190374	2494	0.11889067
190374	3580	0.11889067
190374	3919	0.11889067
190374	5018	0.11889067
190374	5258	0.11889067
190374	6382	0.11889067
190409	763	0.12433922
190409	4846	0.12433921
190409	3489	0.12433919
190409	3667	0.12433919
190409	4811	0.12433919
190409	6628	0.12433919
190409	6683	0.12433919
190409	2838	0.12433918
190409	4817	0.12433918
190409	5011	0.12433918
190422	4235	0.11460273
190422	3300	0.11460272
190422	3407	0.11460272
190422	5834	0.11460272
190422	2316	0.114602715
190422	462	0.11460271
190422	2905	0.1146027
190422	2349	0.11460268
190422	3428	0.11460268
190422	1900	0.11440226
190448	6346	0.10220255
190448	463	0.102202535
190448	1031	0.102202535
190448	1034	0.102202535
190448	3997	0.102202535
190448	2150	0.10220253
190448	2307	0.10220253
190448	2923	0.10220253
190448	2964	0.10220253
190448	6061	0.10220253
190459	1626	0.109756984
190459	3468	0.10975696
190459	127	0.10975695
190459	243	0.10975695
190459	416	0.10975695
190459	3738	0.10975695
190459	4743	0.10975695
190459	5525	0.10975695
190459	6611	0.10975695
190459	6678	0.10975695
190479	3913	0.098731816
190479	3197	0.09873181
190479	6446	0.09873181
190479	3285	0.0987318
190479	3550	0.0987318
190479	4062	0.0987318
190479	5923	0.0987318
190479	2800	0.09873179
190479	4169	0.09873179
190479	4438	0.09873179
190480	1471	0.11990456
190480	4381	0.11990456
190480	2158	0.11990455
190480	4483	0.11990455
190480	4865	0.11990455
190480	2856	0.11990454
190480	908	0.11990453
190480	3215	0.11990453
190480	3762	0.11990453
190480	838	0.119904526
190533	6878	0.10406673
190533	1617	0.104066715
190533	2857	0.10376883
190533	3196	0.103768826
190533	955	0.10376881
190533	2576	0.10376881
190533	4608	0.10376881
190533	6755	0.1037688
190533	6811	0.1037688
190533	305	0.103768796
190708	1353	0.0972411
190708	515	0.097241074
190708	5405	0.09713447
190708	3159	0.09713445
190708	6217	0.09713445
190708	1162	0.09713444
190708	1532	0.09713444
190708	3909	0.09713444
190708	6782	0.09713444
190708	5733	0.09713443
190741	437	0.10909166
190741	1030	0.109091654
190741	4344	0.109091654
190741	6454	0.109091654
190741	651	0.10909164
190741	4977	0.10909164
190741	5066	0.10909164
190741	34	0.10909163
190741	3073	0.10909163
190741	4101	0.10909163
190789	1759	0.11361015
190789	707	0.11361013
190789	1357	0.11361013
190789	5271	0.11361013
190789	3752	0.11361012
190789	1101	0.113610104
190789	1240	0.11321861
190789	4560	0.112952255
190789	3780	0.11290376
190789	800	0.11290375
190831	2752	0.10413526
190831	2803	0.10413526
190831	3018	0.10413526
190831	4293	0.10413526
190831	5558	0.10413526
190831	6341	0.10413526
190831	628	0.10413525
190831	4403	0.10413525
190831	1745	0.104135245
190831	2220	0.104135245
190844	1855	0.099820375
190844	2339	0.099820375
190844	159	0.09982037
190844	3743	0.09982037
190844	320	0.09982036
190844	346	0.09982036
190844	1453	0.09982036
190844	1567	0.09982036
190844	1629	0.09982036
190844	1726	0.09982036
190885	2997	0.11877911
190885	3613	0.11877911
190885	193	0.1187791
190885	744	0.1187791
190885	1207	0.1187791
190885	3115	0.1187791
190885	100	0.11877909
190885	567	0.11877909
190885	1709	0.11877909
190885	1731	0.11877909
190923	915	0.112880565
190923	5120	0.112589434
190923	2223	0.112589404
190923	3780	0.11257586
190923	800	0.11257585
190923	2210	0.11257583
190923	2216	0.11257583
190923	3942	0.11257583
190923	1908	0.11257582
190923	4569	0.112575814
191014	110	0.11371568
191014	6765	0.11371567
191014	700	0.11371566
191014	1752	0.11371566
191014	2640	0.11371566
191014	6043	0.11371566
191014	6326	0.11371566
191014	6676	0.11371566
191014	5034	0.113715656
191014	1154	0.11371565
191093	829	0.11481661
191093	1888	0.114816606
191093	4115	0.114816606
191093	2241	0.11481659
191093	4330	0.11481657
191093	5681	0.11481657
191093	3325	0.11481656
191093	4631	0.11481656
191093	3858	0.11481655
191093	3222	0.114460796
191165	3176	0.09050379
191165	1851	0.09050378
191165	279	0.090503775
191165	432	0.09050377
191165	1769	0.09050377
191165	2362	0.09050377
191165	4666	0.09050377
191165	2948	0.09050376
191165	4820	0.09050376
191165	3420	0.09050375
191166	2857	0.12538667
191166	3196	0.12538667
191166	305	0.12538666
191166	955	0.12538666
191166	2576	0.12538666
191166	5300	0.12538664
191166	6755	0.12538664
191166	2364	0.12538663
191166	4608	0.12538663
191166	6010	0.12538663
191188	6852	0.117883444
191188	6735	0.11788344
191188	4668	0.11788343
191188	6332	0.11788342
191188	1538	0.117883414
191188	6069	0.11788341
191188	2062	0.11742571
191188	885	0.117425695
191188	4823	0.117425695
191188	1932	0.11742565
191523	2083	0.10871182
191523	5369	0.10871182
191523	4368	0.10871181
191523	4513	0.10871181
191523	6236	0.10871181
191523	3821	0.1087118
191523	4144	0.1087118
191523	6049	0.1087118
191523	2043	0.108711794
191523	2621	0.108711794
191560	6488	0.12279069
191560	688	0.12279068
191560	134	0.122790664
191560	1233	0.122790664
191560	2164	0.122790664
191560	2340	0.122790664
191560	2423	0.122790664
191560	5416	0.122790664
191560	1620	0.12279066
191560	1739	0.12279066
191575	3457	0.092260756
191575	2776	0.09226074
191575	5618	0.09226074
191575	5918	0.09226074
191575	6184	0.09226073
191575	831	0.092260726
191575	341	0.09226072
191575	3897	0.0922607
191575	3376	0.09226069
191575	2867	0.092025556
191638	2983	0.104491256
191638	3613	0.104491256
191638	193	0.10449125
191638	1207	0.10449125
191638	1731	0.10449125
191638	1805	0.10449125
191638	2997	0.10449125
191638	3234	0.10449125
191638	658	0.10449124
191638	744	0.10449124
191716	1035	0.121250704
191716	4057	0.121250704
191716	6888	0.12125068
191716	910	0.121250674
191716	1801	0.121250674
191716	3720	0.121250674
191716	1499	0.12125067
191716	554	0.12125066
191716	2311	0.12125066
191716	3056	0.12125066
191761	1024	0.14332354
191761	3846	0.14332354
191761	351	0.14332353
191761	697	0.14332353
191761	3676	0.14332353
191761	204	0.14332351
191761	1880	0.14332351
191761	2479	0.14332351
191761	2830	0.14332351
191761	3626	0.14332351
191775	6763	0.110588916
191775	546	0.11058891
191775	733	0.11058891
191775	1668	0.11058891
191775	1823	0.11058891
191775	2687	0.11058891
191775	3647	0.11058891
191775	4695	0.11058891
191775	4968	0.11058891
191775	5150	0.11058891
191803	5453	0.100357875
191803	3287	0.10035786
191803	3247	0.10035785
191803	3251	0.10035785
191803	3861	0.10035785
191803	250	0.100357845
191803	399	0.100357845
191803	6609	0.100357845
191803	6701	0.100357845
191803	6726	0.100357845
191841	2782	0.11764372
191841	1398	0.1176437
191841	1541	0.1176437
191841	1616	0.1176437
191841	1816	0.1176437
191841	3559	0.1176437
191841	1095	0.11764369
191841	2356	0.11764369
191841	5372	0.11764369
191841	5469	0.11764369
191875	3882	0.11358681
191875	444	0.1135868
191875	381	0.11358678
191875	6590	0.11358678
191875	2788	0.11358677
191875	4346	0.11358677
191875	6335	0.11358677
191875	1140	0.11358676
191875	2944	0.11358676
191875	3072	0.11358676
191883	3913	0.10232161
191883	3285	0.1023216
191883	6446	0.1023216
191883	2800	0.102321595
191883	3197	0.102321595
191883	4062	0.102321595
191883	5923	0.102321595
191883	1539	0.10232158
191883	4169	0.10232158
191883	4438	0.10232158
192093	1731	0.123330094
192093	193	0.12333009
192093	744	0.12333009
192093	2983	0.12333009
192093	2997	0.12333009
192093	3234	0.12333009
192093	3613	0.12333009
192093	6887	0.12333009
192093	1207	0.12333008
192093	1709	0.12333008
192119	996	0.1039475
192119	6878	0.1039475
192119	1617	0.10394748
192119	1891	0.103625245
192119	1957	0.10322946
192119	6652	0.10322946
192119	701	0.10322945
192119	1513	0.10322945
192119	68	0.10322943
192119	5133	0.10311629
192121	2283	0.11393705
192121	5499	0.113404185
192121	551	0.11340417
192121	1963	0.11340417
192121	2524	0.11340417
192121	4473	0.11340417
192121	6920	0.11340417
192121	580	0.113404155
192121	1547	0.113404155
192121	3173	0.113404155
192158	1461	0.10683121
192158	3481	0.1068312
192158	6748	0.106831186
192158	1141	0.10683118
192158	4752	0.10683118
192158	6152	0.10683118
192158	6788	0.10683116
192158	3598	0.10630326
192158	2782	0.10589007
192158	1541	0.10589006
192176	1471	0.10820246
192176	2158	0.10820244
192176	4381	0.10820244
192176	908	0.10820243
192176	3215	0.10820243
192176	4865	0.10820243
192176	2856	0.10820242
192176	4483	0.10820242
192176	186	0.10820241
192176	838	0.10820241
192185	3458	0.105193295
192185	5392	0.10519328
192185	3182	0.10519327
192185	6703	0.10519327
192185	314	0.105193265
192185	952	0.10519326
192185	3732	0.10519326
192185	4796	0.10519326
192185	2973	0.10519325
192185	228	0.10519323
192191	3327	0.1170607
192191	4154	0.11706069
192191	4835	0.11706069
192191	294	0.117060676
192191	1524	0.117060676
192191	2278	0.117060676
192191	4133	0.117060676
192191	4239	0.117060676
192191	4920	0.117060676
192191	5046	0.117060676
192211	394	0.094788656
192211	6321	0.09478863
192211	414	0.094788626
192211	5911	0.094788626
192211	2102	0.09478862
192211	3199	0.09478862
192211	6462	0.09478861
192211	78	0.094788596
192211	3635	0.09371002
192211	1551	0.09371001
192244	6652	0.105545595
192244	701	0.10554558
192244	1957	0.10554558
192244	68	0.10554557
192244	1513	0.105545565
192244	1191	0.105173215
192244	1971	0.1051732
192244	6530	0.105173185
192244	3396	0.10502542
192244	2951	0.10502541
192245	1231	0.13504061
192245	4311	0.1350406
192245	4526	0.1350406
192245	4816	0.1350406
192245	4934	0.1350406
192245	5551	0.1350406
192245	1693	0.13504058
192245	1725	0.13504058
192245	2543	0.13504058
192245	3566	0.13504058
192353	1332	0.108215936
192353	4768	0.108215936
192353	4845	0.108215936
192353	478	0.10821593
192353	1122	0.10821593
192353	3782	0.10821593
192353	4053	0.10821593
192353	4770	0.10821593
192353	6067	0.10821593
192353	1815	0.10821592
192428	3184	0.12346054
192428	1589	0.12346052
192428	4114	0.12346052
192428	380	0.12346051
192428	4812	0.12346051
192428	4946	0.12346051
192428	1063	0.1234605
192428	3910	0.1234605
192428	4538	0.1234605
192428	5556	0.1234605
192460	1609	0.111561835
192460	4264	0.11156182
192460	5035	0.11156181
192460	2112	0.111561805
192460	795	0.1115618
192460	4926	0.1115618
192460	3935	0.11156179
192460	6705	0.11156178
192460	2111	0.111561775
192460	6479	0.11156176
192462	3254	0.094068125
192462	4042	0.0940681
192462	5838	0.0940681
192462	6791	0.094068095
192462	4399	0.09406809
192462	547	0.094068065
192462	4264	0.0935999
192462	1609	0.09359989
192462	2112	0.09359989
192462	5035	0.09359988
192479	6763	0.11232475
192479	5333	0.112324744
192479	259	0.11232474
192479	546	0.11232474
192479	733	0.11232474
192479	1387	0.11232474
192479	1668	0.11232474
192479	3647	0.11232474
192479	3710	0.11232474
192479	4695	0.11232474
192492	1031	0.10350411
192492	1034	0.10350411
192492	6346	0.10350411
192492	463	0.1035041
192492	3796	0.1035041
192492	5790	0.1035041
192492	354	0.10350409
192492	484	0.10350409
192492	2286	0.10350409
192492	2307	0.10350409
192696	539	0.103848934
192696	2269	0.103848934
192696	1579	0.10384892
192696	2880	0.10384892
192696	3286	0.10384892
192696	4433	0.10384892
192696	5696	0.10384892
192696	2920	0.10384891
192696	5242	0.10384891
192696	2354	0.103848904
192710	2782	0.12845965
192710	672	0.12845963
192710	1398	0.12845963
192710	1541	0.12845963
192710	1616	0.12845963
192710	1816	0.12845963
192710	2356	0.12845963
192710	3559	0.12845963
192710	5372	0.12845962
192710	5469	0.12845962
192727	3110	0.097986944
192727	1266	0.09798694
192727	3578	0.09798694
192727	903	0.09798692
192727	1503	0.09798692
192727	2371	0.09798692
192727	2554	0.09798692
192727	3009	0.09798692
192727	5001	0.09798692
192727	5811	0.09798692
192733	351	0.13292465
192733	697	0.13292465
192733	1024	0.13292465
192733	1880	0.13292463
192733	2479	0.13292463
192733	2830	0.13292463
192733	3846	0.13292463
192733	5691	0.13292463
192733	204	0.13292462
192733	1135	0.13292462
192914	3327	0.116200626
192914	4154	0.11620061
192914	4835	0.11620061
192914	294	0.116200596
192914	1852	0.116200596
192914	2278	0.116200596
192914	4133	0.116200596
192914	4239	0.116200596
192914	4920	0.116200596
192914	5046	0.116200596
193106	1024	0.116143495
193106	351	0.11614348
193106	1880	0.11614348
193106	2830	0.11614348
193106	3846	0.11614348
193106	697	0.11614347
193106	2479	0.11614347
193106	1181	0.116143465
193106	2413	0.116143465
193106	3107	0.116143465
193131	1701	0.12297898
193131	5311	0.12297898
193131	5649	0.12297896
193131	904	0.122978956
193131	5298	0.122978956
193131	1127	0.12297895
193131	2052	0.12297895
193131	4380	0.12297895
193131	6028	0.12297895
193131	1364	0.12297894
193156	1998	0.102131695
193156	6029	0.101666786
193156	48	0.100503705
193156	1993	0.099977225
193156	5253	0.099573165
193156	3088	0.09897694
193156	2563	0.098976925
193156	5729	0.098976925
193156	5823	0.098976925
193156	2533	0.0989769
193350	688	0.11138911
193350	1739	0.1113891
193350	3217	0.1113891
193350	1233	0.11138909
193350	2164	0.11138909
193350	2340	0.11138909
193350	134	0.111389086
193350	1341	0.111389086
193350	1620	0.111389086
193350	1924	0.111389086
193412	1665	0.10729465
193412	1810	0.10729465
193412	2331	0.10729465
193412	3055	0.10729465
193412	5504	0.10729465
193412	6348	0.10729465
193412	4993	0.10729464
193412	3476	0.107294634
193412	656	0.10729462
193412	6179	0.10729461
193428	3327	0.11400974
193428	4154	0.11400974
193428	83	0.11400972
193428	294	0.11400972
193428	2278	0.11400972
193428	4133	0.11400972
193428	4835	0.11400972
193428	4920	0.11400972
193428	1852	0.114009716
193428	5046	0.114009716
193448	3458	0.11735752
193448	5392	0.11735751
193448	2973	0.1173575
193448	314	0.11735749
193448	6703	0.11735749
193448	952	0.11735748
193448	3182	0.11735748
193448	3732	0.11735748
193448	4796	0.11735748
193448	228	0.11735746
193458	6548	0.096554115
193458	2755	0.09548347
193458	5702	0.09548347
193458	715	0.09548345
193458	1236	0.09548345
193458	1927	0.09548345
193458	2725	0.09548345
193458	4332	0.09548345
193458	4919	0.09548345
193458	6306	0.09548345
193469	1928	0.12813535
193469	2281	0.12813534
193469	6037	0.12813534
193469	2205	0.12813532
193469	2807	0.12805356
193469	45	0.12805355
193469	782	0.12805355
193469	1962	0.12805355
193469	2211	0.12805355
193469	2703	0.12805355
193470	3882	0.10336204
193470	444	0.10336203
193470	381	0.103362024
193470	6335	0.103362024
193470	3072	0.10336202
193470	5438	0.10336201
193470	6590	0.10336201
193470	6856	0.10336201
193470	165	0.103362
193470	1182	0.103362
193482	551	0.099480286
193482	5499	0.099480286
193482	6920	0.099480286
193482	6682	0.09948028
193482	8	0.09948027
193482	1547	0.09948027
193482	1963	0.09948027
193482	4473	0.09948027
193482	5109	0.09948027
193482	5419	0.09948027
193499	259	0.106337056
193499	546	0.106337056
193499	733	0.106337056
193499	944	0.106337056
193499	1668	0.106337056
193499	3647	0.106337056
193499	4695	0.106337056
193499	4968	0.106337056
193499	5019	0.106337056
193499	5150	0.106337056
193529	3184	0.12467261
193529	4538	0.1246726
193529	380	0.12467259
193529	4114	0.12467259
193529	4812	0.12467259
193529	1589	0.124672584
193529	4946	0.124672584
193529	1063	0.12467258
193529	2079	0.12467258
193529	3889	0.12467258
193610	6488	0.10659422
193610	688	0.10659421
193610	2164	0.10659421
193610	134	0.106594205
193610	1233	0.106594205
193610	1739	0.106594205
193610	2340	0.106594205
193610	2423	0.106594205
193610	5416	0.106594205
193610	2173	0.1065942
193612	2504	0.11207417
193612	410	0.11207415
193612	635	0.11207415
193612	696	0.11207415
193612	4793	0.112074144
193612	240	0.11207414
193612	610	0.11207414
193612	1550	0.11207414
193612	1578	0.11207414
193612	4791	0.11207414
193676	1259	0.105543315
193676	6716	0.10554331
193676	50	0.1055433
193676	5755	0.1055433
193676	2919	0.10554329
193676	157	0.105543286
193676	182	0.105543286
193676	449	0.105543286
193676	879	0.105543286
193676	1533	0.105543286
193738	6778	0.101385355
193738	2947	0.10138534
193738	2020	0.101385325
193738	3404	0.101385325
193738	4088	0.101385325
193738	6337	0.101385325
193738	1621	0.10138532
193738	1826	0.10138532
193738	6278	0.10138532
193738	1827	0.10138531
193740	110	0.098186865
193740	1752	0.098186865
193740	6043	0.098186865
193740	6765	0.098186865
193740	700	0.09818686
193740	2640	0.09818686
193740	3469	0.09818686
193740	6676	0.09818686
193740	1154	0.09818685
193740	1330	0.09818685
193750	896	0.11441584
193750	976	0.11441584
193750	2934	0.11441584
193750	3783	0.11441582
193750	3740	0.11441581
193750	5594	0.11441581
193750	5557	0.1144158
193750	1660	0.114415795
193750	1653	0.11441579
193750	451	0.11441578
193769	3882	0.116487145
193769	381	0.11648714
193769	444	0.11648714
193769	6335	0.11648713
193769	6590	0.11648712
193769	165	0.116487116
193769	2788	0.116487116
193769	3072	0.116487116
193769	4234	0.116487116
193769	4346	0.116487116
193778	3279	0.104443565
193778	5113	0.10444356
193778	1829	0.10444355
193778	3099	0.10444355
193778	4018	0.10444355
193778	5189	0.10444355
193778	6914	0.10444355
193778	2839	0.10444352
193778	6584	0.10444351
193778	995	0.104222536
193798	1038	0.11628705
193798	1170	0.116287045
193798	5269	0.11628704
193798	873	0.11628702
193798	874	0.11628702
193798	1262	0.11628702
193798	2988	0.11628702
193798	5264	0.11628701
193798	1508	0.11494312
193798	3100	0.11494311
193819	3327	0.12156109
193819	4154	0.12156108
193819	4835	0.12156107
193819	5046	0.121561065
193819	294	0.12156106
193819	4920	0.12156106
193819	83	0.12156105
193819	174	0.12156105
193819	1524	0.12156105
193819	2278	0.12156105
193898	1524	0.13883442
193898	3327	0.13883442
193898	4154	0.13883442
193898	1728	0.1388344
193898	4835	0.1388344
193898	5046	0.1388344
193898	454	0.13883439
193898	1002	0.13883439
193898	4133	0.13883439
193898	4239	0.13883439
193966	346	0.11683362
193966	159	0.11683361
193966	320	0.11683361
193966	1658	0.11683361
193966	2339	0.11683361
193966	3350	0.11683361
193966	6863	0.11683361
193966	177	0.116833605
193966	1106	0.116833605
193966	1567	0.116833605
194027	2997	0.09259809
194027	3613	0.09259809
194027	744	0.09259808
194027	1207	0.09259808
194027	3115	0.09259808
194027	4197	0.09259808
194027	100	0.09259807
194027	193	0.09259807
194027	567	0.09259807
194027	1224	0.092598066
194172	2782	0.10716742
194172	1398	0.10716741
194172	1541	0.10716741
194172	3559	0.10716741
194172	1616	0.1071674
194172	2176	0.1071674
194172	2356	0.1071674
194172	5469	0.1071674
194172	234	0.10716739
194172	672	0.10716739
194205	4296	0.115449525
194205	4091	0.1154495
194205	2786	0.11544949
194205	6304	0.11544949
194205	5103	0.11544948
194205	3551	0.11544947
194205	5289	0.11544947
194205	4621	0.115449466
194205	3734	0.11544946
194205	4526	0.115026176
194273	320	0.104794964
194273	1726	0.104794964
194273	2339	0.104794964
194273	4014	0.104794964
194273	6863	0.104794964
194273	346	0.10479496
194273	1442	0.10479496
194273	1567	0.10479496
194273	1836	0.10479496
194273	1855	0.10479496
194287	3267	0.11439136
194287	5349	0.11439135
194287	5350	0.11439135
194287	4481	0.114391334
194287	6728	0.11439133
194287	872	0.11261608
194287	1580	0.11261608
194287	6161	0.11261608
194287	3096	0.11261606
194287	5212	0.11261606
194425	2504	0.11802555
194425	696	0.11802554
194425	61	0.118025534
194425	410	0.118025534
194425	610	0.11802553
194425	635	0.11802553
194425	1578	0.11802553
194425	1901	0.11802553
194425	5227	0.11802553
194425	240	0.11802552
194514	619	0.08819379
194514	2886	0.08819379
194514	3306	0.08819379
194514	3396	0.08808867
194514	2951	0.08808866
194514	5371	0.08808866
194514	6605	0.08808866
194514	459	0.08808865
194514	1247	0.08808865
194514	2004	0.08808865
194556	320	0.115361914
194556	346	0.115361914
194556	1855	0.115361914
194556	2339	0.115361914
194556	3743	0.115361914
194556	4512	0.115361914
194556	1629	0.11536191
194556	2338	0.11536191
194556	4014	0.11536191
194556	6824	0.11536191
194600	384	0.117812335
194600	581	0.11781233
194600	3480	0.11781233
194600	232	0.11781232
194600	732	0.11781232
194600	1680	0.11781232
194600	3581	0.11781232
194600	3625	0.11781232
194600	5156	0.11781232
194600	6388	0.11781232
194605	688	0.09835096
194605	2164	0.09835096
194605	6488	0.09835096
194605	2173	0.09835095
194605	3217	0.09835095
194605	134	0.09835094
194605	1233	0.09835094
194605	1739	0.09835094
194605	2340	0.09835094
194605	2871	0.09835094
194606	1303	0.107737534
194606	2357	0.107737534
194606	4703	0.107737534
194606	5792	0.107737534
194606	4936	0.10773753
194606	6428	0.10773753
194606	1873	0.10773752
194606	2549	0.10773752
194606	3534	0.10773752
194606	513	0.10773751
194614	5311	0.09831542
194614	904	0.0983154
194614	1701	0.0983154
194614	5649	0.0983154
194614	4380	0.098315395
194614	2052	0.09831539
194614	3464	0.09831539
194614	6028	0.09831539
194614	1127	0.09831537
194614	3121	0.09831537
194636	2651	0.12220192
194636	6858	0.12220192
194636	4267	0.122201905
194636	3424	0.12220189
194636	4999	0.12220188
194636	6839	0.122201875
194636	4106	0.12220185
194636	5398	0.122201845
194636	920	0.12169211
194636	4711	0.121692106
194639	1266	0.10898745
194639	3110	0.10898745
194639	3578	0.10898745
194639	903	0.108987436
194639	1503	0.108987436
194639	2371	0.108987436
194639	5811	0.108987436
194639	650	0.10898743
194639	3009	0.10898743
194639	6650	0.10898743
194646	110	0.10962255
194646	700	0.10962255
194646	1752	0.10962255
194646	2640	0.10962255
194646	6043	0.10962255
194646	6765	0.10962255
194646	1144	0.10962254
194646	1159	0.10962254
194646	1330	0.10962254
194646	2179	0.10962254
194669	696	0.10398003
194669	410	0.10398002
194669	2504	0.10398002
194669	61	0.10398001
194669	635	0.103980005
194669	1550	0.103980005
194669	1578	0.103980005
194669	240	0.10398
194669	448	0.10398
194669	964	0.10398
194676	6095	0.103382245
194676	318	0.10338223
194676	6248	0.103329524
194676	2695	0.103329495
194676	5385	0.103329495
194676	2105	0.10332948
194676	4990	0.10332947
194676	2419	0.103329465
194676	2122	0.1025983
194676	5806	0.102598295
194699	696	0.10225148
194699	2504	0.10225148
194699	410	0.10225147
194699	240	0.102251455
194699	610	0.102251455
194699	635	0.102251455
194699	1550	0.102251455
194699	1578	0.102251455
194699	5250	0.102251455
194699	1901	0.10225145
194877	2782	0.11779178
194877	1398	0.11779176
194877	1541	0.11779176
194877	1616	0.11779176
194877	1816	0.11779176
194877	2356	0.11779175
194877	3559	0.11779175
194877	378	0.11779174
194877	672	0.11779174
194877	1095	0.11779174
194974	4412	0.118103445
194974	596	0.11810339
194974	3628	0.11784194
194974	3141	0.11647159
194974	5028	0.115978874
194974	2915	0.11571735
194974	2914	0.11571734
194974	6899	0.11571734
194974	5722	0.11571731
194974	5984	0.115338236
195041	6245	0.10229857
195041	3994	0.102298535
195041	6308	0.102298535
195041	4263	0.10229853
195041	6792	0.10229853
195041	4382	0.101488136
195041	1508	0.10120657
195041	1120	0.101206556
195041	65	0.10120654
195041	3661	0.10120654
195049	320	0.13138501
195049	346	0.13138501
195049	1855	0.13138501
195049	2339	0.13138501
195049	3743	0.13138501
195049	159	0.131385
195049	177	0.131385
195049	179	0.131385
195049	180	0.131385
195049	236	0.131385
195079	3946	0.10594538
195079	714	0.10594537
195079	2322	0.10594536
195079	4189	0.10594536
195079	5025	0.10594536
195079	6012	0.10594536
195079	2821	0.105945356
195079	4665	0.105945356
195079	5662	0.105945356
195079	1903	0.10594535
195100	1024	0.14059068
195100	351	0.14059067
195100	697	0.14059067
195100	1880	0.14059067
195100	2479	0.14059067
195100	3676	0.14059067
195100	3846	0.14059067
195100	4157	0.14059067
195100	4237	0.14059067
195100	5184	0.14059067
195116	633	0.11987431
195116	2843	0.119874306
195116	3089	0.119874306
195116	6725	0.119874306
195116	2054	0.1198743
195116	2998	0.1198743
195116	3020	0.1198743
195116	3560	0.1198743
195116	4121	0.1198743
195116	4847	0.1198743
195182	444	0.11202838
195182	3882	0.11202838
195182	381	0.11202836
195182	6335	0.11202836
195182	2788	0.11202835
195182	3072	0.11202835
195182	4346	0.11202835
195182	6590	0.11202835
195182	165	0.112028345
195182	2235	0.112028345
195247	2054	0.116972655
195247	2998	0.116972655
195247	4121	0.116972655
195247	6725	0.116972655
195247	389	0.11697265
195247	633	0.11697265
195247	2843	0.11697265
195247	508	0.11697264
195247	3089	0.11697264
195247	3560	0.11697264
195374	4129	0.13066977
195374	4787	0.13066977
195374	2502	0.13066976
195374	3511	0.13066974
195374	3097	0.13066973
195374	3246	0.13066973
195374	4138	0.13066973
195374	6232	0.13066973
195374	1549	0.13066971
195374	1750	0.13066971
195386	3327	0.13857672
195386	294	0.13857669
195386	4154	0.13857669
195386	4239	0.13857669
195386	4835	0.13857669
195386	4920	0.13857669
195386	5046	0.13857669
195386	5965	0.13857669
195386	6502	0.13857669
195386	83	0.13857667
195469	523	0.11259833
195469	72	0.11259832
195469	2509	0.112598315
195469	5856	0.11259831
195469	6237	0.11259831
195469	6756	0.11259831
195469	385	0.1125983
195469	812	0.1125983
195469	1282	0.1125983
195469	2882	0.1125983
195694	1485	0.10716623
195694	850	0.1071662
195694	878	0.10716619
195694	3989	0.10716619
195694	2059	0.107166186
195694	5750	0.107166186
195694	5873	0.107166186
195694	4386	0.10716618
195694	4485	0.10716618
195694	6224	0.10716618
195770	3197	0.10429115
195770	3285	0.10429114
195770	3913	0.10429114
195770	6446	0.10429114
195770	2800	0.104291126
195770	3550	0.104291126
195770	4062	0.104291126
195770	5923	0.104291126
195770	388	0.10429112
195770	1539	0.10429112
195904	384	0.109607205
195904	581	0.109607205
195904	3480	0.1096072
195904	232	0.10960719
195904	732	0.10960719
195904	1436	0.10960719
195904	1680	0.10960719
195904	1681	0.10960719
195904	3581	0.10960719
195904	3625	0.10960719
195943	4898	0.13534026
195943	96	0.13534024
195943	572	0.13534024
195943	785	0.13534024
195943	990	0.13534024
195943	1486	0.13534024
195943	4557	0.13534024
195943	6084	0.13534024
195943	6212	0.13534024
195943	6535	0.13534024
195965	4228	0.11518202
195965	311	0.115182
195965	770	0.115182
195965	2034	0.115182
195965	3353	0.115182
195965	4012	0.115182
195965	4685	0.115182
195965	1840	0.11518199
195965	3063	0.11518199
195965	3552	0.11518199
196018	1759	0.10630542
196018	707	0.106305405
196018	1357	0.106305405
196018	1101	0.10630539
196018	3752	0.10630539
196018	5271	0.10630539
196018	1471	0.10617705
196018	2158	0.10617704
196018	4381	0.10617703
196018	3806	0.10617701
196031	110	0.110448115
196031	6043	0.11044811
196031	6765	0.11044811
196031	700	0.11044809
196031	1144	0.11044809
196031	1752	0.11044809
196031	2640	0.11044809
196031	5034	0.11044809
196031	5572	0.11044809
196031	6326	0.11044809
196047	118	0.12710467
196047	184	0.12710467
196047	5817	0.12710467
196047	5992	0.12710467
196047	6814	0.12710467
196047	540	0.12710465
196047	4704	0.12710465
196047	5079	0.12710465
196047	644	0.12710464
196047	929	0.12710464
196050	4617	0.104605824
196050	3955	0.104605794
196050	5106	0.10460579
196050	3427	0.10460578
196050	3803	0.10460578
196050	6395	0.10460578
196050	5601	0.10460577
196050	2236	0.104605764
196050	3342	0.104605764
196050	5705	0.104605764
196052	269	0.11116347
196052	1311	0.11116347
196052	6472	0.11116347
196052	6698	0.11116347
196052	2709	0.11116346
196052	6903	0.11116346
196052	249	0.11116345
196052	797	0.11116345
196052	4172	0.11116345
196052	4674	0.11116345
196053	72	0.100959376
196053	523	0.100959376
196053	5856	0.10095937
196053	6756	0.10095937
196053	1282	0.10095936
196053	2509	0.10095936
196053	6237	0.10095936
196053	385	0.10095935
196053	812	0.10095935
196053	4620	0.10095935
196077	696	0.117445655
196077	410	0.11744564
196077	2504	0.11744564
196077	964	0.11744563
196077	1550	0.11744563
196077	1578	0.11744563
196077	530	0.117445625
196077	635	0.117445625
196077	1774	0.117445625
196077	4187	0.117445625
196085	5453	0.1297245
196085	3287	0.12972449
196085	250	0.12972447
196085	3247	0.12972447
196085	3861	0.12972446
196085	6609	0.12972446
196085	6701	0.12972446
196085	6726	0.12972446
196085	345	0.12972444
196085	399	0.12972444
196099	3286	0.11090084
196099	539	0.110900834
196099	1579	0.110900834
196099	2269	0.110900834
196099	4433	0.110900834
196099	2354	0.11090082
196099	2465	0.11090082
196099	2880	0.11090082
196099	2920	0.11090082
196099	5242	0.11090082
196108	1879	0.1202345
196108	1009	0.12023449
196108	6536	0.12023449
196108	3044	0.12023448
196108	4579	0.12023448
196108	916	0.120234475
196108	4434	0.120234475
196108	5574	0.120234475
196108	6060	0.120234475
196108	6229	0.120234475
196113	2860	0.10566574
196113	631	0.10566573
196113	2018	0.10566573
196113	3161	0.10566573
196113	598	0.10566572
196113	4669	0.10566572
196113	6339	0.10566572
196113	132	0.10566571
196113	2643	0.10566571
196113	2939	0.10566571
196137	3287	0.103225514
196137	5453	0.10322551
196137	6609	0.10322549
196137	250	0.103225484
196137	3247	0.103225484
196137	6701	0.103225484
196137	6726	0.10322548
196137	399	0.10322547
196137	1842	0.10322547
196137	2303	0.10322547
196146	558	0.11836028
196146	1287	0.11836028
196146	726	0.118360266
196146	561	0.11836026
196146	1676	0.11836026
196146	4814	0.11836026
196146	1704	0.11836025
196146	5087	0.11836025
196146	5565	0.11836025
196146	842	0.118360244
196148	1034	0.14483324
196148	6346	0.14483324
196148	463	0.14483322
196148	1031	0.14483322
196148	2008	0.1448332
196148	2307	0.1448332
196148	3997	0.1448332
196148	4687	0.1448332
196148	5694	0.1448332
196148	6061	0.1448332
196149	3913	0.08982055
196149	388	0.08982054
196149	3197	0.08982054
196149	3285	0.08982054
196149	5923	0.08982054
196149	6446	0.08982054
196149	2800	0.089820534
196149	3550	0.089820534
196149	4169	0.089820534
196149	4438	0.089820534
196160	45	0.13731402
196160	782	0.13731402
196160	1962	0.13731402
196160	2703	0.13731402
196160	5940	0.13731402
196160	6189	0.13731402
196160	113	0.137314
196160	2807	0.137314
196160	2855	0.137314
196160	3465	0.137314
196187	184	0.10355931
196187	118	0.1035593
196187	5817	0.1035593
196187	5992	0.1035593
196187	540	0.10355929
196187	1506	0.10355929
196187	6814	0.10355929
196187	1667	0.103559285
196187	2978	0.103559285
196187	4605	0.103559285
196191	3608	0.11337843
196191	6159	0.11337841
196191	4043	0.113378406
196191	5928	0.113378406
196191	2566	0.1133784
196191	2075	0.11337839
196191	2076	0.11337839
196191	3379	0.11337839
196191	5273	0.11337839
196191	5274	0.11337839
196228	1207	0.10143423
196228	1731	0.10143423
196228	193	0.10143422
196228	2997	0.10143422
196228	4197	0.10143422
196228	658	0.101434216
196228	744	0.101434216
196228	926	0.101434216
196228	1709	0.101434216
196228	1805	0.101434216
196253	1731	0.1047014
196253	3234	0.1047014
196253	1709	0.10470139
196253	2983	0.10470139
196253	193	0.104701385
196253	658	0.104701385
196253	1207	0.104701385
196253	1627	0.104701385
196253	1805	0.104701385
196253	2997	0.104701385
196282	898	0.10366416
196282	1795	0.103664145
196282	2129	0.103664145
196282	4514	0.103664145
196282	363	0.10366413
196282	2556	0.10366413
196282	2806	0.10366413
196282	5721	0.10366413
196282	1271	0.103664115
196282	5180	0.103664115
196317	3458	0.114019856
196317	5392	0.11401984
196317	314	0.114019826
196317	3182	0.114019826
196317	3732	0.114019826
196317	6703	0.114019826
196317	2973	0.11401982
196317	952	0.11401981
196317	4796	0.11401981
196317	228	0.114019796
196457	6765	0.10531059
196457	110	0.105310574
196457	700	0.105310574
196457	5034	0.105310574
196457	6326	0.105310574
196457	1752	0.10531057
196457	6043	0.10531057
196457	1144	0.10531056
196457	1154	0.10531056
196457	1360	0.10531056
196466	1626	0.09797278
196466	127	0.09797275
196466	3738	0.09797275
196466	5525	0.09797274
196466	6611	0.09797274
196466	243	0.097972736
196466	416	0.097972736
196466	1814	0.097972736
196466	2736	0.097972736
196466	3544	0.097972736
196492	4175	0.11394854
196492	5122	0.11394854
196492	79	0.113948524
196492	168	0.113948524
196492	1624	0.113948524
196492	2728	0.113948524
196492	4525	0.113948524
196492	5316	0.113948524
196492	5605	0.113948524
196492	6532	0.113948524
196502	4087	0.11020542
196502	5105	0.11020542
196502	3506	0.11020541
196502	282	0.110205404
196502	52	0.1102054
196502	337	0.1102054
196502	457	0.1102054
196502	883	0.1102054
196502	3718	0.1102054
196502	4315	0.1102054
196621	3327	0.1311475
196621	4154	0.13114749
196621	294	0.13114747
196621	1852	0.13114747
196621	4133	0.13114747
196621	4239	0.13114747
196621	4835	0.13114747
196621	4920	0.13114747
196621	6502	0.13114747
196621	1295	0.13114746
196738	5783	0.108285435
196738	5266	0.10828542
196738	803	0.1082854
196738	3220	0.1082854
196738	4111	0.1082854
196738	6019	0.1082854
196738	3876	0.10828538
196738	751	0.10828536
196738	1743	0.10778755
196738	2696	0.10778755
196775	3598	0.10879964
196775	1461	0.108746916
196775	3481	0.10874691
196775	4752	0.108746886
196775	6748	0.108746886
196775	1141	0.10874688
196775	6152	0.10874687
196775	6788	0.10874687
196775	87	0.107946336
196775	2652	0.10794633
196886	4909	0.09717178
196886	6192	0.09717178
196886	3403	0.097171776
196886	480	0.09717177
196886	6263	0.09717176
196886	6910	0.09717176
196886	382	0.09717175
196886	1037	0.09717175
196886	5974	0.09717175
196886	396	0.09717168
196891	778	0.097243555
196891	1288	0.09724353
196891	5519	0.09724353
196891	466	0.097243525
196891	5514	0.097243525
196891	1633	0.09724352
196891	1967	0.09724352
196891	3207	0.09724352
196891	4971	0.09724352
196891	5442	0.09724352
197000	1812	0.09331439
197000	1089	0.09331438
197000	5043	0.09331438
197000	5448	0.09331438
197000	5485	0.09331438
197000	5537	0.09331438
197000	71	0.093314365
197000	560	0.093314365
197000	690	0.093314365
197000	1596	0.093314365
197206	2782	0.12493881
197206	1398	0.124938786
197206	672	0.12493878
197206	1541	0.12493878
197206	3559	0.12493878
197206	1616	0.12493877
197206	1816	0.12493877
197206	2356	0.12493877
197206	2889	0.12493877
197206	5372	0.12493877
197364	2955	0.11115112
197364	1346	0.111151114
197364	4300	0.111151114
197364	5434	0.111151114
197364	339	0.1111511
197364	703	0.11115107
197364	991	0.11115107
197364	5130	0.11042711
197364	115	0.11042706
197364	230	0.11042706
197410	4293	0.13224065
197410	6341	0.13224065
197410	2752	0.13224064
197410	2803	0.13224064
197410	3916	0.13224064
197410	3978	0.13224064
197410	5558	0.13224064
197410	628	0.13224062
197410	1143	0.13224062
197410	1745	0.13224062
197424	3149	0.12461664
197424	2098	0.12317544
197424	797	0.12303405
197424	6698	0.12303405
197424	269	0.123034045
197424	2605	0.12303404
197424	6472	0.12303404
197424	6903	0.12303404
197424	6356	0.12303403
197424	6636	0.12303403
197425	1034	0.10132472
197425	6346	0.10132472
197425	1031	0.101324715
197425	2923	0.101324715
197425	3796	0.101324715
197425	3997	0.101324715
197425	112	0.10132471
197425	354	0.10132471
197425	463	0.10132471
197425	484	0.10132471
197502	6057	0.12544829
197502	2463	0.12544827
197502	4493	0.12544827
197502	4524	0.12544827
197502	121	0.12544826
197502	588	0.12544826
197502	858	0.12544826
197502	1424	0.12544826
197502	1641	0.12544826
197502	1643	0.12544826
197664	6698	0.11966364
197664	269	0.11966363
197664	797	0.11966363
197664	6356	0.11966363
197664	1311	0.119663626
197664	2605	0.119663626
197664	2709	0.119663626
197664	6039	0.119663626
197664	6472	0.119663626
197664	6903	0.119663626
197687	4787	0.1212684
197687	2502	0.12126838
197687	3511	0.12126838
197687	3246	0.121268354
197687	4138	0.121268354
197687	3097	0.12126835
197687	4129	0.12126835
197687	5700	0.12126835
197687	6232	0.12126835
197687	6552	0.12126835
197727	110	0.11657401
197727	6043	0.116574004
197727	6765	0.116574004
197727	700	0.116574
197727	1752	0.116574
197727	1154	0.11657399
197727	1330	0.11657399
197727	1360	0.11657399
197727	1894	0.11657399
197727	2179	0.11657399
197775	72	0.12524647
197775	523	0.12524647
197775	5856	0.12524647
197775	2509	0.12524645
197775	4620	0.12524645
197775	385	0.12524644
197775	812	0.12524644
197775	1282	0.12524644
197775	2882	0.12524644
197775	3727	0.12524644
197866	2030	0.0882227
197866	1111	0.08822268
197866	6727	0.088222675
197866	5085	0.08822267
197866	824	0.08769757
197866	4654	0.087697566
197866	3835	0.08769755
197866	1335	0.08769754
197866	6086	0.087697536
197866	2531	0.08756611
197913	2207	0.08953276
197913	6685	0.08953274
197913	188	0.08953273
197913	607	0.08953273
197913	1062	0.08953273
197913	1639	0.08953273
197913	2654	0.08953273
197913	3193	0.08953273
197913	3394	0.08953273
197913	3851	0.08953273
197939	2357	0.10685971
197939	4703	0.10685971
197939	5792	0.10685971
197939	1303	0.1068597
197939	1873	0.1068597
197939	2549	0.1068597
197939	4936	0.10685969
197939	6428	0.10685969
197939	513	0.106859684
197939	3534	0.106859684
197942	110	0.111239634
197942	1752	0.11123963
197942	6043	0.11123963
197942	6765	0.11123963
197942	700	0.11123962
197942	1144	0.11123961
197942	1330	0.11123961
197942	2005	0.11123961
197942	2569	0.11123961
197942	2640	0.11123961
197997	6027	0.13534807
197997	3982	0.13534805
197997	5481	0.13534805
197997	6127	0.13534804
197997	2263	0.13534802
197997	2300	0.13534802
197997	2642	0.13534802
197997	5427	0.13534802
197997	5542	0.13534802
197997	6358	0.13534802
198011	3327	0.12579282
198011	4835	0.1257928
198011	4920	0.1257928
198011	5965	0.1257928
198011	83	0.12579279
198011	1852	0.12579279
198011	2035	0.12579279
198011	2278	0.12579279
198011	4133	0.12579279
198011	4154	0.12579279
198012	133	0.12197483
198012	622	0.121974826
198012	2014	0.121974826
198012	473	0.1219748
198012	668	0.121974796
198012	1751	0.121974796
198012	2633	0.121974796
198012	3048	0.121974796
198012	3064	0.121974796
198012	660	0.12197479
198046	1626	0.10797735
198046	3468	0.10797734
198046	243	0.10797733
198046	3738	0.10797733
198046	6611	0.10797733
198046	6678	0.10797733
198046	3544	0.10797732
198046	5525	0.10797732
198046	416	0.107977316
198046	1568	0.107977316
198114	6150	0.120634146
198114	1020	0.12063413
198114	4690	0.12063412
198114	201	0.12063411
198114	550	0.1206341
198114	3201	0.1206341
198114	6283	0.1206341
198114	5114	0.120634094
198114	6871	0.120634094
198114	2391	0.12063409
198213	696	0.107175484
198213	2504	0.10717548
198213	61	0.10717547
198213	410	0.10717547
198213	1578	0.10717547
198213	1550	0.10717546
198213	5250	0.10717546
198213	240	0.107175454
198213	635	0.107175454
198213	964	0.107175454
198216	6346	0.10036124
198216	1034	0.100361235
198216	463	0.10036123
198216	2150	0.10036123
198216	2307	0.10036123
198216	2923	0.10036123
198216	3997	0.10036123
198216	1031	0.10036122
198216	2008	0.10036122
198216	4687	0.10036122
198355	320	0.09540153
198355	1855	0.09540153
198355	3743	0.09540153
198355	159	0.095401525
198355	180	0.095401525
198355	346	0.095401525
198355	402	0.095401525
198355	1567	0.095401525
198355	1629	0.095401525
198355	1726	0.095401525
198483	3184	0.10644085
198483	1589	0.10644083
198483	4114	0.10644083
198483	4538	0.10644083
198483	4812	0.10644083
198483	380	0.10644081
198483	1063	0.10644081
198483	2079	0.10644081
198483	3889	0.10644081
198483	4946	0.10644081
198507	504	0.08521552
198507	298	0.08521551
198507	422	0.08521551
198507	798	0.08521551
198507	1743	0.08521551
198507	2084	0.08521551
198507	2696	0.08521551
198507	2972	0.08521551
198507	4334	0.08521551
198507	5015	0.08521551
198557	320	0.11349786
198557	2339	0.11349786
198557	346	0.11349785
198557	1567	0.11349785
198557	1629	0.11349785
198557	1855	0.11349785
198557	3501	0.11349785
198557	3743	0.11349785
198557	4014	0.11349785
198557	4464	0.11349785
198726	2746	0.1296005
198726	6564	0.1296005
198726	1955	0.12960048
198726	2963	0.12960047
198726	3583	0.12960047
198726	5255	0.12960047
198726	3659	0.12960045
198726	3921	0.12960045
198726	3884	0.12960044
198726	5951	0.12960044
198767	3327	0.12308688
198767	4835	0.123086855
198767	4920	0.123086855
198767	4133	0.12308685
198767	83	0.12308684
198767	2278	0.12308684
198767	3132	0.12308684
198767	4154	0.12308684
198767	5046	0.12308684
198767	6502	0.12308684
198781	434	0.08763219
198781	274	0.08763217
198781	3318	0.08763217
198781	730	0.086402096
198781	2372	0.08640208
198781	4284	0.08640207
198781	1346	0.08620811
198781	2955	0.08620811
198781	503	0.086208105
198781	5434	0.086208105
198840	6783	0.112642996
198840	574	0.11264299
198840	5327	0.11264297
198840	4629	0.112642966
198840	816	0.11264296
198840	2743	0.11264296
198840	4044	0.11264296
198840	1495	0.11264295
198840	1723	0.11264295
198840	1944	0.11264295
198930	1034	0.11834934
198930	6346	0.11834934
198930	6099	0.118349336
198930	463	0.11834933
198930	1031	0.11834933
198930	2307	0.11834933
198930	2923	0.11834933
198930	2964	0.11834933
198930	3796	0.11834933
198930	5036	0.11834933
198982	633	0.111860216
198982	3089	0.111860216
198982	6495	0.111860216
198982	6725	0.111860216
198982	2843	0.11186021
198982	4121	0.11186021
198982	389	0.1118602
198982	508	0.1118602
198982	2054	0.1118602
198982	2998	0.1118602
198983	4204	0.10848631
198983	3253	0.108486295
198983	3294	0.108486295
198983	3853	0.108486295
198983	5766	0.10848629
198983	579	0.10848628
198983	757	0.10848628
198983	758	0.10848628
198983	2483	0.10848628
198983	3153	0.10848628
198996	2782	0.10097893
198996	1541	0.10097891
198996	1616	0.10097891
198996	1398	0.1009789
198996	3559	0.1009789
198996	5469	0.1009789
198996	672	0.100978896
198996	685	0.100978896
198996	692	0.100978896
198996	1095	0.100978896
199016	3184	0.10732277
199016	4114	0.10732277
199016	380	0.10732276
199016	4538	0.10732276
199016	4812	0.10732276
199016	1063	0.10732275
199016	1589	0.10732275
199016	3910	0.10732275
199016	4946	0.10732275
199016	5556	0.10732275
199025	1626	0.12813151
199025	3468	0.12813151
199025	6611	0.1281315
199025	127	0.12813148
199025	243	0.12813148
199025	416	0.12813148
199025	1814	0.12813148
199025	3544	0.12813148
199025	3738	0.12813148
199025	4743	0.12813148
199041	133	0.13233238
199041	622	0.13233237
199041	2014	0.13233237
199041	473	0.13233235
199041	3048	0.13233234
199041	660	0.13233232
199041	668	0.13233232
199041	1044	0.13233232
199041	1359	0.13233232
199041	1751	0.13233232
199092	193	0.11569668
199092	1207	0.11569668
199092	1709	0.11569668
199092	1731	0.11569668
199092	2983	0.11569668
199092	2997	0.11569668
199092	3115	0.11569668
199092	4197	0.11569668
199092	567	0.115696676
199092	744	0.115696676
199095	5940	0.10391359
199095	45	0.103913575
199095	782	0.103913575
199095	2703	0.103913575
199095	6499	0.103913575
199095	1962	0.10391357
199095	5272	0.10391357
199095	2211	0.10391356
199095	2245	0.10391356
199095	2400	0.10391356
199178	72	0.11085058
199178	523	0.11085058
199178	2509	0.11085057
199178	3727	0.11085057
199178	5856	0.11085057
199178	4620	0.110850565
199178	385	0.11085056
199178	1282	0.11085056
199178	3576	0.11085056
199178	5201	0.11085056
199209	4898	0.11706787
199209	4557	0.117067866
199209	6535	0.117067866
199209	5464	0.11706786
199209	785	0.11706785
199209	990	0.11706785
199209	1486	0.11706785
199209	3146	0.11706785
199209	5081	0.11706785
199209	6212	0.11706785
199416	79	0.11455809
199416	3059	0.11455809
199416	4175	0.114558086
199416	4273	0.114558086
199416	4342	0.114558086
199416	251	0.11455808
199416	1624	0.11455808
199416	2728	0.11455808
199416	4177	0.11455808
199416	5122	0.11455808
199515	3039	0.11087325
199515	5163	0.11087325
199515	2214	0.110873245
199515	2292	0.110873245
199515	6680	0.110873245
199515	75	0.11087324
199515	485	0.11087324
199515	2215	0.11087324
199515	6786	0.11087324
199515	4135	0.11087323
199772	110	0.10835467
199772	6043	0.10835467
199772	6676	0.10835467
199772	6765	0.10835467
199772	1752	0.108354665
199772	4989	0.108354665
199772	700	0.10835466
199772	1154	0.10835466
199772	1330	0.10835466
199772	2179	0.10835466
199795	2134	0.13024701
199795	531	0.13024698
199795	545	0.13024698
199795	1307	0.13024698
199795	3303	0.13024698
199795	5422	0.13024698
199795	5887	0.13024698
199795	1720	0.13024697
199795	2553	0.13024697
199795	2877	0.13024697
199871	960	0.10898912
199871	3255	0.10898907
199871	6419	0.10898906
199871	6367	0.10898905
199871	6408	0.108989045
199871	6418	0.108989045
199871	510	0.10898904
199871	5575	0.108989015
199871	5099	0.10847743
199871	6852	0.10847742
199981	2378	0.0936946
199981	1575	0.09369459
199981	1098	0.09369458
199981	1640	0.09369458
199981	2993	0.093694575
199981	43	0.09369457
199981	2783	0.09369457
199981	5787	0.09369457
199981	51	0.09369456
199981	3453	0.09369455
200009	6307	0.10982975
200009	3810	0.109829746
200009	3341	0.10982974
200009	2492	0.10982973
200009	5636	0.10982973
200009	6790	0.10982973
200009	62	0.109829724
200009	1355	0.109829724
200009	2238	0.109829724
200009	2439	0.109829724
200196	3353	0.1289205
200196	4228	0.1289205
200196	770	0.12892048
200196	2034	0.12892048
200196	3552	0.12892048
200196	4045	0.12892048
200196	5758	0.12892048
200196	24	0.12892047
200196	311	0.12892047
200196	392	0.12892047
200206	2696	0.09254736
200206	4334	0.09254735
200206	298	0.09254734
200206	422	0.09254734
200206	504	0.09254734
200206	798	0.09254734
200206	802	0.09254734
200206	892	0.09254734
200206	1051	0.09254734
200206	1743	0.09254734
200213	4235	0.08866998
200213	2905	0.08866997
200213	3300	0.08866997
200213	3407	0.08866997
200213	5834	0.08866997
200213	462	0.088669956
200213	2316	0.088669956
200213	3428	0.088669956
200213	2349	0.08866994
200213	696	0.0882447
200245	479	0.124137826
200245	1118	0.124137804
200245	3039	0.12399411
200245	6680	0.123994105
200245	485	0.1239941
200245	1496	0.1239941
200245	2214	0.1239941
200245	2292	0.1239941
200245	5163	0.1239941
200245	6786	0.1239941
200248	4781	0.111464575
200248	1075	0.110808775
200248	6747	0.110808745
200248	2645	0.11080874
200248	5213	0.11080874
200248	1652	0.11080873
200248	4604	0.11080873
200248	6000	0.11080872
200248	2104	0.110808715
200248	5826	0.11034489
200252	5931	0.09156259
200252	2925	0.091562584
200252	6115	0.091562584
200252	6137	0.091562584
200252	6451	0.091562584
200252	4615	0.09156258
200252	2488	0.09156257
200252	3936	0.091562554
200252	3974	0.091562554
200252	1075	0.09142326
200323	6182	0.10150784
200323	5611	0.10150783
200323	3225	0.10141404
200323	2810	0.101414025
200323	117	0.101413995
200323	471	0.101413995
200323	6037	0.101127096
200323	1928	0.10112709
200323	2281	0.10112709
200323	2205	0.101127066
200402	4014	0.12436052
200402	320	0.12436051
200402	346	0.12436051
200402	3743	0.12436051
200402	6863	0.12436051
200402	1442	0.1243605
200402	1567	0.1243605
200402	1629	0.1243605
200402	1658	0.1243605
200402	1726	0.1243605
200422	5453	0.10493861
200422	3287	0.1049386
200422	3247	0.10493858
200422	6609	0.10493858
200422	250	0.104938574
200422	3251	0.104938574
200422	3861	0.104938574
200422	6726	0.104938574
200422	399	0.10493857
200422	1842	0.10493857
200493	1461	0.11074224
200493	3481	0.11074224
200493	6748	0.110742226
200493	1141	0.11074221
200493	4752	0.11074221
200493	6152	0.110742204
200493	6788	0.1107422
200493	2782	0.10994402
200493	1616	0.109944016
200493	1541	0.10994401
200508	2782	0.11460735
200508	1398	0.114607334
200508	1541	0.11460733
200508	3559	0.11460733
200508	672	0.11460732
200508	1616	0.11460732
200508	1816	0.11460732
200508	2176	0.11460732
200508	2356	0.11460732
200508	5372	0.11460732
200568	1170	0.10072826
200568	1038	0.10072824
200568	1262	0.10072823
200568	2988	0.10072823
200568	5264	0.10072822
200568	699	0.10003443
200568	5731	0.10003441
200568	5418	0.09983735
200568	6405	0.09983734
200568	2017	0.099837296
200585	3161	0.12188943
200585	631	0.12188941
200585	2860	0.12188941
200585	6339	0.12188941
200585	2018	0.121889405
200585	3317	0.121889405
200585	598	0.1218894
200585	2939	0.1218894
200585	4291	0.1218894
200585	4463	0.1218894
200607	5121	0.09952887
200607	815	0.099528834
200607	1951	0.099528834
200607	2330	0.098909274
200607	5762	0.098909274
200607	244	0.09890926
200607	5570	0.09890926
200607	2785	0.098909244
200607	1740	0.09890923
200607	1876	0.09890923
200643	696	0.09349624
200643	2504	0.09349624
200643	61	0.09349623
200643	410	0.09349623
200643	635	0.09349623
200643	240	0.09349622
200643	964	0.09349622
200643	1550	0.09349622
200643	1578	0.09349622
200643	1774	0.09349622
200674	688	0.106832676
200674	2164	0.10683267
200674	2340	0.10683267
200674	3217	0.10683267
200674	6488	0.10683267
200674	134	0.10683266
200674	1739	0.10683266
200674	2173	0.10683266
200674	2871	0.10683266
200674	1233	0.10683265
200772	3922	0.11695902
200772	2045	0.11695901
200772	3555	0.11695901
200772	1522	0.116959006
200772	2377	0.116959006
200772	3611	0.116959006
200772	4716	0.116959006
200772	3374	0.116959
200772	5743	0.116959
200772	535	0.11695899
200978	2985	0.10819552
200978	3788	0.10819548
200978	3283	0.108195454
200978	3341	0.107848495
200978	6307	0.107848495
200978	1902	0.10784848
200978	5636	0.10784848
200978	2492	0.10784847
200978	3810	0.10784847
200978	6816	0.10784847
200993	3608	0.12780237
200993	4043	0.12780237
200993	5928	0.12780237
200993	6159	0.12780237
200993	5274	0.12780236
200993	5496	0.12780236
200993	2076	0.12780234
200993	2566	0.12780234
200993	3990	0.12780234
200993	4535	0.12780234
201017	2121	0.09410888
201017	4163	0.09410888
201017	4304	0.09410888
201017	2732	0.09410887
201017	1447	0.094108865
201017	2279	0.094108865
201017	2348	0.09410886
201017	3712	0.09410886
201017	5381	0.09410886
201017	1690	0.09410885
201036	1873	0.114046976
201036	2357	0.114046976
201036	4431	0.114046976
201036	4703	0.114046976
201036	5792	0.114046976
201036	4936	0.11404697
201036	2549	0.11404696
201036	3534	0.11404696
201036	6428	0.11404696
201036	3724	0.11404695
201042	558	0.12853214
201042	1287	0.12853214
201042	726	0.12853213
201042	4814	0.12853213
201042	561	0.12853211
201042	1676	0.12853211
201042	1704	0.12853211
201042	5087	0.12853211
201042	5565	0.12853211
201042	842	0.1285321
201058	4228	0.109563015
201058	3353	0.10956301
201058	3552	0.10956301
201058	1840	0.109563
201058	24	0.10956299
201058	770	0.10956299
201058	2726	0.10956299
201058	4012	0.10956299
201058	4225	0.10956299
201058	4685	0.10956299
201141	696	0.1145548
201141	410	0.11455479
201141	1578	0.11455479
201141	61	0.11455478
201141	1550	0.11455478
201141	1901	0.11455478
201141	2175	0.11455478
201141	5250	0.11455478
201141	446	0.11455477
201141	448	0.11455477
201290	696	0.09423947
201290	61	0.09423946
201290	410	0.09423946
201290	635	0.09423946
201290	1774	0.09423946
201290	2504	0.09423946
201290	1578	0.09423945
201290	3791	0.09423945
201290	4791	0.09423945
201290	5227	0.09423945
201323	6307	0.120057106
201323	3341	0.1200571
201323	5636	0.12005708
201323	950	0.120057076
201323	1355	0.120057076
201323	1902	0.120057076
201323	3310	0.120057076
201323	3810	0.120057076
201323	5162	0.120057076
201323	5216	0.120057076
201447	444	0.0921146
201447	3882	0.0921146
201447	381	0.09211458
201447	6335	0.09211458
201447	3072	0.092114575
201447	2235	0.09211457
201447	2788	0.09211457
201447	2944	0.09211457
201447	3015	0.09211457
201447	4234	0.09211457
201475	3917	0.097934775
201475	2494	0.09793477
201475	3256	0.09793477
201475	6122	0.09793477
201475	6382	0.09793477
201475	6808	0.09793477
201475	2169	0.09793476
201475	3580	0.09793476
201475	340	0.09793475
201475	2016	0.09793475
201521	2498	0.10887301
201521	1080	0.108872995
201521	1793	0.108872995
201521	4536	0.108872995
201521	6298	0.108872995
201521	4415	0.10887299
201521	1319	0.10887298
201521	2896	0.10887298
201521	3147	0.10887298
201521	4956	0.10887298
201526	523	0.113421306
201526	2509	0.11342129
201526	5856	0.11342129
201526	6237	0.11342129
201526	6756	0.11342129
201526	1282	0.11342128
201526	3727	0.11342128
201526	385	0.113421276
201526	812	0.113421276
201526	2882	0.113421276
201557	5940	0.12463937
201557	2703	0.124639355
201557	782	0.12463935
201557	1962	0.12463935
201557	45	0.12463934
201557	3465	0.12463934
201557	4561	0.12463934
201557	6309	0.12463934
201557	2136	0.12463933
201557	2211	0.12463933
201568	3743	0.10934822
201568	320	0.109348215
201568	346	0.109348215
201568	236	0.10934821
201568	1567	0.10934821
201568	1629	0.10934821
201568	1855	0.10934821
201568	2339	0.10934821
201568	4014	0.10934821
201568	4464	0.10934821
201593	6307	0.10830717
201593	3341	0.10830716
201593	62	0.10830714
201593	950	0.10830714
201593	3310	0.10830714
201593	3810	0.10830714
201593	5162	0.10830714
201593	5216	0.10830714
201593	5636	0.10830714
201593	5748	0.10830714
201641	1461	0.099469244
201641	3481	0.09946923
201641	6748	0.099469215
201641	1141	0.09946921
201641	4752	0.09946921
201641	6152	0.0994692
201641	6788	0.0994692
201641	2093	0.099430144
201641	5337	0.099430114
201641	200	0.09931869
201674	688	0.13253911
201674	134	0.1325391
201674	1739	0.1325391
201674	2164	0.1325391
201674	2173	0.1325391
201674	2340	0.1325391
201674	2423	0.1325391
201674	3217	0.1325391
201674	6488	0.1325391
201674	1233	0.13253908
201677	6540	0.123639345
201677	6708	0.12363933
201677	5052	0.12363932
201677	1830	0.123639315
201677	1943	0.123639315
201677	721	0.1236393
201677	2935	0.123639286
201677	3439	0.123639286
201677	5995	0.123639286
201677	669	0.12363928
201684	4778	0.108872935
201684	3398	0.10887293
201684	5825	0.10838283
201684	4007	0.1077366
201684	6579	0.10773659
201684	1306	0.10773657
201684	2334	0.10773657
201684	5072	0.10773657
201684	92	0.107736565
201684	2081	0.10773656
201697	6150	0.12733334
201697	1020	0.12733331
201697	4690	0.12733331
201697	201	0.12733328
201697	550	0.12733328
201697	2391	0.12733328
201697	3201	0.12733328
201697	6283	0.12733328
201697	6871	0.12733328
201697	1523	0.12733327
201725	696	0.085905895
201725	2504	0.08590589
201725	61	0.08590588
201725	635	0.08590588
201725	1550	0.08590588
201725	5227	0.08590588
201725	410	0.08590587
201725	964	0.08590587
201725	1578	0.08590587
201725	1774	0.08590587
201751	631	0.12171966
201751	2860	0.12171966
201751	2018	0.12171965
201751	3161	0.12171965
201751	598	0.12171964
201751	1703	0.12171964
201751	4669	0.12171964
201751	5871	0.12171964
201751	6324	0.12171964
201751	6339	0.12171964
201760	2808	0.11807828
201760	5382	0.11807828
201760	3939	0.11807827
201760	1756	0.11807826
201760	3726	0.11807826
201760	914	0.118078254
201760	2410	0.118078254
201760	676	0.11807825
201760	3717	0.11807825
201760	4589	0.11807825
201768	2107	0.099767745
201768	3564	0.09976773
201768	1602	0.099767715
201768	5441	0.099767715
201768	5048	0.09976771
201768	3198	0.0997677
201768	3333	0.0997677
201768	5044	0.0997677
201768	6908	0.0997677
201768	4193	0.09976769
201776	5864	0.10955189
201776	5795	0.109551884
201776	176	0.10955188
201776	440	0.10955188
201776	6740	0.10955188
201776	3399	0.10955187
201776	675	0.10955186
201776	2335	0.10955186
201776	2516	0.10955186
201776	1380	0.109551854
201783	503	0.09729571
201783	1346	0.09729571
201783	2955	0.09729571
201783	5434	0.09729571
201783	4300	0.0972957
201783	339	0.097295694
201783	703	0.09729567
201783	991	0.09729567
201783	5130	0.09713653
201783	3586	0.097136475
201792	1244	0.1123227
201792	6411	0.11232269
201792	5003	0.11232268
201792	6547	0.112322666
201792	558	0.11224898
201792	726	0.11224897
201792	1287	0.11224897
201792	561	0.11224896
201792	1676	0.11224896
201792	4814	0.11224896
201829	2146	0.110484645
201829	485	0.11045508
201829	3039	0.11045508
201829	6680	0.11045508
201829	5163	0.11045507
201829	75	0.110455066
201829	2214	0.110455066
201829	2292	0.110455066
201829	5147	0.110455066
201829	6786	0.110455066
201923	1398	0.11569129
201923	2782	0.11569129
201923	672	0.115691274
201923	1541	0.115691274
201923	1616	0.115691274
201923	3559	0.115691274
201923	5372	0.115691274
201923	962	0.11569127
201923	2176	0.11569127
201923	2356	0.11569127
201969	159	0.0972012
201969	320	0.0972012
201969	3259	0.0972012
201969	6863	0.0972012
201969	1567	0.09720119
201969	1726	0.09720119
201969	2873	0.09720119
201969	3501	0.09720119
201969	3743	0.09720119
201969	4014	0.09720119
202000	5352	0.08926639
202000	4112	0.08926638
202000	2376	0.089266375
202000	3536	0.089266375
202000	2040	0.08926637
202000	3133	0.089266345
202000	5786	0.089266345
202000	3780	0.089171916
202000	800	0.0891719
202000	2216	0.089171894
202036	6124	0.097555816
202036	32	0.097555794
202036	3216	0.097555794
202036	196	0.09755579
202036	1863	0.09755579
202036	1308	0.09755577
202036	6359	0.09755575
202036	2874	0.097136304
202036	4296	0.096833825
202036	2786	0.096833795
202063	6346	0.09687508
202063	1034	0.09687507
202063	2923	0.096875064
202063	3997	0.096875064
202063	463	0.09687506
202063	484	0.09687506
202063	1031	0.09687506
202063	1787	0.09687506
202063	1869	0.09687506
202063	2150	0.09687506
202127	3197	0.1033916
202127	3913	0.1033916
202127	4062	0.1033916
202127	6446	0.1033916
202127	3285	0.103391595
202127	3550	0.103391595
202127	5923	0.103391595
202127	2800	0.10339159
202127	4169	0.10339159
202127	4438	0.10339159
202147	320	0.11440789
202147	755	0.11440788
202147	1629	0.11440788
202147	2339	0.11440788
202147	3743	0.11440788
202147	4014	0.11440788
202147	6863	0.11440788
202147	236	0.114407875
202147	346	0.114407875
202147	1567	0.114407875
202173	72	0.093925476
202173	523	0.093925476
202173	5856	0.09392547
202173	812	0.09392546
202173	2509	0.09392546
202173	3727	0.09392546
202173	4620	0.09392546
202173	6237	0.09392546
202173	6756	0.09392546
202173	1282	0.09392545
202182	2752	0.12277522
202182	3018	0.12277522
202182	2803	0.12277521
202182	5558	0.12277521
202182	6341	0.12277521
202182	2669	0.122775204
202182	4293	0.122775204
202182	628	0.1227752
202182	3916	0.1227752
202182	3978	0.1227752
202195	688	0.12606922
202195	1341	0.12606919
202195	1620	0.12606919
202195	1739	0.12606919
202195	2423	0.12606919
202195	2871	0.12606919
202195	3217	0.12606919
202195	6488	0.12606919
202195	134	0.12606917
202195	1229	0.12606917
202212	1009	0.12145951
202212	6536	0.12145951
202212	1879	0.1214595
202212	4434	0.1214595
202212	4579	0.1214595
202212	5574	0.1214595
202212	3044	0.12145949
202212	916	0.121459484
202212	1017	0.121459484
202212	2525	0.121459484
202277	2652	0.10866344
202277	87	0.10866343
202277	4258	0.108663425
202277	310	0.10866341
202277	5620	0.10866341
202277	1200	0.1086634
202277	1438	0.108663395
202277	2231	0.108663395
202277	5144	0.108663395
202277	6264	0.108663395
202324	6716	0.11111311
202324	1259	0.1111131
202324	50	0.11111309
202324	6550	0.11111309
202324	157	0.11111308
202324	879	0.11111308
202324	1533	0.11111308
202324	5755	0.11111308
202324	182	0.11111307
202324	1249	0.11111307
202346	4228	0.11770135
202346	2034	0.11770134
202346	4225	0.11770134
202346	24	0.11770133
202346	770	0.11770133
202346	1840	0.11770133
202346	3552	0.11770133
202346	4012	0.11770133
202346	4226	0.11770133
202346	4685	0.11770133
202353	696	0.10108116
202353	2504	0.10108116
202353	61	0.10108115
202353	410	0.10108115
202353	448	0.10108115
202353	635	0.10108115
202353	1550	0.10108115
202353	1578	0.10108115
202353	4791	0.10108115
202353	4793	0.10108114
202358	2463	0.11321031
202358	4524	0.11321031
202358	6057	0.11321031
202358	858	0.113210306
202358	4493	0.113210306
202358	6055	0.113210306
202358	3856	0.1132103
202358	430	0.11321029
202358	1641	0.11321029
202358	1643	0.11321029
202381	5453	0.12566331
202381	3287	0.1256633
202381	250	0.12566328
202381	3247	0.12566328
202381	6609	0.12566328
202381	6701	0.12566328
202381	1842	0.12566327
202381	3214	0.12566327
202381	3251	0.12566327
202381	6726	0.12566327
202462	3184	0.10972005
202462	4114	0.10972004
202462	4538	0.10972004
202462	1589	0.10972003
202462	1063	0.10972002
202462	4812	0.10972002
202462	4946	0.10972002
202462	5361	0.10972002
202462	5556	0.10972002
202462	6151	0.10972002
202532	5369	0.13026309
202532	2043	0.13026308
202532	2083	0.13026306
202532	2621	0.13026306
202532	4144	0.13026306
202532	4368	0.13026306
202532	4513	0.13026306
202532	5005	0.13026306
202532	5188	0.13026306
202532	6049	0.13026306
202553	6307	0.13540903
202553	3341	0.135409
202553	5636	0.135409
202553	950	0.13540898
202553	1355	0.13540898
202553	1902	0.13540898
202553	2415	0.13540898
202553	3810	0.13540898
202553	5216	0.13540898
202553	6790	0.13540898
202564	3089	0.13598742
202564	633	0.1359874
202564	2843	0.1359874
202564	6495	0.1359874
202564	6725	0.1359874
202564	2054	0.13598739
202564	2998	0.13598739
202564	3020	0.13598739
202564	3560	0.13598739
202564	4121	0.13598739
202706	4898	0.1322694
202706	6535	0.1322694
202706	96	0.13226938
202706	570	0.13226938
202706	572	0.13226938
202706	785	0.13226938
202706	855	0.13226938
202706	990	0.13226938
202706	1119	0.13226938
202706	1486	0.13226938
202711	3184	0.099527374
202711	4114	0.099527374
202711	5556	0.09952736
202711	1063	0.09952735
202711	4812	0.09952735
202711	6151	0.09952735
202711	380	0.099527344
202711	1589	0.099527344
202711	2063	0.099527344
202711	2079	0.099527344
202885	3784	0.11400844
202885	3045	0.11400842
202885	3932	0.11400842
202885	3288	0.1140084
202885	5410	0.11400838
202885	1915	0.113031596
202885	4224	0.113031596
202885	3502	0.11303158
202885	3565	0.11303158
202885	3874	0.11303158
202942	444	0.10654567
202942	3882	0.10654567
202942	6335	0.10654565
202942	381	0.10654564
202942	2788	0.10654564
202942	3072	0.10654564
202942	4346	0.10654564
202942	6590	0.10654564
202942	2235	0.106545635
202942	2944	0.106545635
202963	2463	0.12211211
202963	4524	0.12211211
202963	6057	0.12211211
202963	3657	0.1221121
202963	858	0.122112095
202963	3856	0.122112095
202963	4493	0.122112095
202963	6055	0.122112095
202963	2767	0.12211209
202963	121	0.12211208
203017	5130	0.09309134
203017	115	0.093091294
203017	230	0.093091294
203017	3586	0.093091294
203017	286	0.09309128
203017	1117	0.09309128
203017	356	0.09309127
203017	1333	0.09309127
203017	2890	0.09309126
203017	574	0.09250134
203044	3725	0.1375258
203044	2359	0.13752578
203044	2186	0.13752577
203044	4207	0.13752577
203044	6690	0.13752577
203044	5226	0.13752575
203044	6044	0.13752574
203044	6130	0.13752574
203044	6754	0.13752574
203044	2999	0.13752572
203058	3630	0.11302604
203058	6618	0.113026015
203058	3703	0.11302601
203058	1134	0.11302599
203058	4102	0.11302599
203058	4586	0.11302599
203058	4822	0.11302599
203058	5174	0.11302599
203058	5593	0.11302599
203058	3017	0.113025986
203075	2014	0.096853286
203075	622	0.09685328
203075	133	0.09685327
203075	668	0.09685327
203075	660	0.096853256
203075	1751	0.096853256
203075	3048	0.096853256
203075	3064	0.096853256
203075	2471	0.09685325
203075	1044	0.09685324
203161	176	0.10066256
203161	5795	0.10066256
203161	5864	0.10066256
203161	440	0.100662544
203161	675	0.100662544
203161	3399	0.100662544
203161	6740	0.100662544
203161	2335	0.10066254
203161	2516	0.10066254
203161	2692	0.10066254
203213	4026	0.09050435
203213	2545	0.09050433
203213	4029	0.09050433
203213	67	0.090504326
203213	93	0.090504326
203213	971	0.090504326
203213	3361	0.090504326
203213	1068	0.09050432
203213	1505	0.09050432
203213	1688	0.09050432
203240	350	0.11255474
203240	1502	0.11255474
203240	5279	0.11255473
203240	1514	0.11255472
203240	1946	0.11255472
203240	1212	0.112554714
203240	5985	0.112554714
203240	1630	0.11255471
203240	3043	0.112554684
203240	696	0.112536594
203280	158	0.087859035
203280	439	0.08785902
203280	1695	0.08785902
203280	20	0.08785901
203280	832	0.08785901
203280	5797	0.08785901
203280	5380	0.087859
203280	211	0.08776063
203280	4385	0.08776061
203280	2522	0.08776058
203380	110	0.11330926
203380	6043	0.11330926
203380	700	0.11330925
203380	6765	0.11330925
203380	1144	0.11330924
203380	1752	0.11330924
203380	1154	0.113309234
203380	1330	0.113309234
203380	1360	0.113309234
203380	1894	0.113309234
203392	259	0.11464565
203392	2687	0.11464565
203392	4695	0.11464565
203392	5150	0.11464565
203392	6763	0.11464565
203392	546	0.114645645
203392	648	0.114645645
203392	733	0.114645645
203392	944	0.114645645
203392	1387	0.114645645
203401	320	0.10775134
203401	346	0.10775134
203401	4014	0.10775134
203401	236	0.10775133
203401	3743	0.10775133
203401	6863	0.10775133
203401	177	0.107751325
203401	402	0.107751325
203401	445	0.107751325
203401	759	0.107751325
203422	184	0.106838904
203422	5817	0.10683889
203422	6814	0.10683889
203422	118	0.10683888
203422	540	0.10683888
203422	1506	0.10683888
203422	1667	0.10683888
203422	4605	0.10683888
203422	4704	0.10683888
203422	5992	0.10683888
203441	3184	0.11279793
203441	1589	0.112797916
203441	4114	0.112797916
203441	4538	0.112797916
203441	380	0.11279791
203441	5556	0.11279791
203441	1063	0.1127979
203441	2079	0.1127979
203441	4812	0.1127979
203441	4946	0.1127979
203506	1731	0.10936853
203506	1207	0.109368525
203506	2983	0.109368525
203506	100	0.10936852
203506	193	0.10936852
203506	658	0.10936852
203506	744	0.10936852
203506	1709	0.10936852
203506	1805	0.10936852
203506	2997	0.10936852
203598	2121	0.11054054
203598	4304	0.11054054
203598	2732	0.110540524
203598	4163	0.110540524
203598	1447	0.11054051
203598	3712	0.11054051
203598	5381	0.11054051
203598	4152	0.1105405
203598	645	0.110540494
203598	2279	0.110540494
203603	551	0.12285563
203603	6920	0.12285563
203603	1547	0.122855626
203603	1963	0.12285562
203603	4473	0.12285562
203603	5109	0.12285562
203603	5499	0.12285562
203603	625	0.12285561
203603	4072	0.12285561
203603	4507	0.12285561
203621	2121	0.117565125
203621	2732	0.11756511
203621	4163	0.11756511
203621	4304	0.11756511
203621	1447	0.117565095
203621	3712	0.117565095
203621	5381	0.117565095
203621	1690	0.11756509
203621	645	0.11756508
203621	2279	0.11756508
203742	6001	0.082972914
203742	1241	0.08297291
203742	6138	0.08297291
203742	1591	0.0829729
203742	2756	0.0829729
203742	3257	0.0829729
203742	4147	0.0829729
203742	5047	0.0829729
203742	6498	0.0829729
203742	2604	0.08297289
203764	422	0.09122573
203764	504	0.09122573
203764	1743	0.09122573
203764	2696	0.09122573
203764	4334	0.09122573
203764	5781	0.09122573
203764	5899	0.09122573
203764	298	0.09122572
203764	798	0.09122572
203764	2084	0.09122572
203799	4228	0.1118629
203799	1840	0.11186288
203799	3353	0.11186288
203799	3552	0.111862876
203799	4012	0.111862876
203799	4685	0.111862876
203799	24	0.11186287
203799	311	0.11186287
203799	770	0.11186287
203799	2034	0.11186287
203805	4115	0.10645591
203805	829	0.10645589
203805	2241	0.10645588
203805	4330	0.10645587
203805	3325	0.10645586
203805	5681	0.10645586
203805	4631	0.106455855
203805	3858	0.10645584
203805	1922	0.10628286
203805	5012	0.10628286
203844	3913	0.11138416
203844	3285	0.11138415
203844	3197	0.111384146
203844	3550	0.111384146
203844	5923	0.111384146
203844	388	0.11138414
203844	2800	0.11138414
203844	4062	0.11138414
203844	4169	0.11138414
203844	6446	0.11138414
203877	631	0.07970528
203877	2018	0.079705276
203877	2939	0.07970527
203877	4669	0.07970527
203877	2860	0.07970526
203877	3161	0.07970526
203877	5871	0.07970526
203877	6312	0.07970526
203877	6453	0.07970526
203877	190	0.07970525
203900	1962	0.11893819
203900	5940	0.11893819
203900	6309	0.11893819
203900	2703	0.118938185
203900	45	0.11893818
203900	782	0.11893818
203900	1000	0.11893818
203900	2136	0.11893818
203900	2807	0.11893818
203900	3465	0.11893818
203910	3765	0.11147153
203910	748	0.11147152
203910	788	0.11147152
203910	2842	0.11147152
203910	4950	0.11147152
203910	6723	0.11147152
203910	4558	0.11147151
203910	6331	0.11147151
203910	811	0.111471504
203910	1275	0.111471504
203918	6548	0.09439799
203918	2755	0.09429941
203918	4919	0.094299406
203918	715	0.09429939
203918	1236	0.09429939
203918	2725	0.09429939
203918	3229	0.09429939
203918	4332	0.09429939
203918	5702	0.09429939
203918	6306	0.09429939
203973	1731	0.11415318
203973	1207	0.11415316
203973	2983	0.11415316
203973	1709	0.114153154
203973	3234	0.114153154
203973	4197	0.114153154
203973	6887	0.114153154
203973	193	0.11415315
203973	658	0.11415315
203973	744	0.11415315
204040	259	0.106219694
204040	546	0.106219694
204040	733	0.106219694
204040	3710	0.106219694
204040	4695	0.106219694
204040	6763	0.106219694
204040	648	0.10621969
204040	944	0.10621969
204040	1387	0.10621969
204040	3647	0.10621969
204167	3685	0.10973441
204167	6208	0.1097344
204167	3670	0.108343005
204167	2639	0.107964784
204167	3331	0.107964784
204167	2688	0.10796477
204167	5100	0.10796477
204167	5084	0.10796476
204167	4910	0.10765394
204167	5711	0.10644727
204179	990	0.10973215
204179	4898	0.10973214
204179	6212	0.10973214
204179	6535	0.10973214
204179	96	0.109732136
204179	572	0.109732136
204179	839	0.109732136
204179	2506	0.109732136
204179	6084	0.109732136
204179	785	0.10973213
204255	4457	0.103773095
204255	491	0.10377309
204255	492	0.10377309
204255	741	0.10377307
204255	5093	0.10377307
204255	6211	0.103773065
204255	4218	0.10377306
204255	6136	0.102793306
204255	6595	0.1027933
204255	1206	0.101259366
204333	2755	0.09719215
204333	4919	0.09719215
204333	3229	0.09719214
204333	6306	0.09719214
204333	1927	0.09719213
204333	2725	0.09719213
204333	715	0.09719212
204333	1236	0.09719212
204333	5702	0.09719212
204333	6333	0.09719212
204359	5618	0.0992365
204359	5918	0.0992365
204359	6184	0.0992365
204359	3457	0.099236496
204359	341	0.09923649
204359	2776	0.09923649
204359	831	0.09923647
204359	3897	0.099236466
204359	3376	0.09923644
204359	4909	0.09920964
204393	358	0.118260585
204393	871	0.11826058
204393	2508	0.11826055
204393	3662	0.11826055
204393	6515	0.11826055
204393	1797	0.11826053
204393	2675	0.11826053
204393	2107	0.1168392
204393	3564	0.1168392
204393	5044	0.116839156
204448	3176	0.09871435
204448	1851	0.098714344
204448	279	0.09871434
204448	2362	0.09871432
204448	4666	0.09871432
204448	432	0.098714314
204448	1769	0.098714314
204448	2948	0.098714314
204448	3420	0.098714314
204448	3591	0.09871431
204452	1830	0.11585462
204452	6540	0.11585462
204452	6708	0.11585462
204452	5052	0.11585461
204452	1943	0.115854606
204452	721	0.11585459
204452	2935	0.11585458
204452	4746	0.11585458
204452	5995	0.11585458
204452	3439	0.115854576
204455	1743	0.10412339
204455	705	0.10412338
204455	422	0.10412337
204455	798	0.10412337
204455	2696	0.10412337
204455	2972	0.10412337
204455	3624	0.10412337
204455	4334	0.10412337
204455	5128	0.10412337
204455	5632	0.10412337
204457	6763	0.11292881
204457	944	0.1129288
204457	3647	0.1129288
204457	4968	0.1129288
204457	259	0.11292879
204457	733	0.11292879
204457	1387	0.11292879
204457	1668	0.11292879
204457	1813	0.11292879
204457	1823	0.11292879
204470	526	0.10535546
204470	415	0.10535543
204470	69	0.104785755
204470	5366	0.104785725
204470	4696	0.10476421
204470	963	0.10476419
204470	2656	0.104662545
204470	4751	0.104296975
204470	5629	0.10429697
204470	2326	0.10429696
204474	5864	0.1018049
204474	176	0.10180489
204474	5795	0.10180489
204474	440	0.10180488
204474	3399	0.10180488
204474	6740	0.10180488
204474	675	0.101804875
204474	2516	0.101804875
204474	2692	0.101804875
204474	1380	0.10180487
204571	1034	0.11499626
204571	6346	0.11499626
204571	3796	0.11499625
204571	463	0.11499624
204571	2307	0.11499624
204571	2923	0.11499624
204571	2964	0.11499624
204571	3997	0.11499624
204571	4498	0.11499624
204571	5036	0.11499624
204591	260	0.1131399
204591	982	0.1131399
204591	6250	0.1131399
204591	2301	0.11313989
204591	1045	0.11313988
204591	4370	0.11313988
204591	4673	0.113139875
204591	2950	0.11313987
204591	5191	0.11313987
204591	4130	0.11313986
204619	4617	0.11467117
204619	3955	0.11467113
204619	3427	0.114671126
204619	3803	0.114671126
204619	5106	0.114671126
204619	5601	0.114671126
204619	6395	0.114671126
204619	3342	0.11467111
204619	5705	0.11467111
204619	5010	0.114671096
204622	1259	0.10310744
204622	5755	0.10310744
204622	6716	0.10310744
204622	182	0.10310743
204622	6550	0.10310743
204622	50	0.10310742
204622	157	0.10310742
204622	879	0.10310742
204622	1249	0.10310742
204622	1533	0.10310742
204660	384	0.102262214
204660	581	0.10226221
204660	6388	0.10226221
204660	232	0.1022622
204660	732	0.1022622
204660	1436	0.1022622
204660	1512	0.1022622
204660	1680	0.1022622
204660	3480	0.1022622
204660	3581	0.1022622
204676	714	0.119567834
204676	2322	0.11956783
204676	3946	0.11956783
204676	6012	0.11956783
204676	2821	0.11956781
204676	4189	0.11956781
204676	4665	0.11956781
204676	2518	0.119567804
204676	5025	0.119567804
204676	2521	0.1195678
204696	6859	0.10815085
204696	4372	0.108150825
204696	1957	0.10788441
204696	701	0.1078844
204696	6652	0.1078844
204696	68	0.10788439
204696	1513	0.107884385
204696	730	0.107710466
204696	2372	0.10771045
204696	4284	0.107710436
204698	2842	0.100087725
204698	3765	0.100087725
204698	6723	0.100087725
204698	748	0.10008772
204698	788	0.10008772
204698	811	0.10008772
204698	1552	0.10008772
204698	2949	0.10008772
204698	4558	0.10008772
204698	6331	0.10008772
204790	2134	0.10842105
204790	531	0.10842103
204790	3051	0.10842103
204790	5887	0.10842103
204790	1307	0.10842102
204790	1720	0.10842102
204790	5422	0.10842102
204790	545	0.10842101
204790	3303	0.10842101
204790	4214	0.10842101
204804	688	0.11834741
204804	3217	0.11834739
204804	1739	0.118347384
204804	6488	0.118347384
204804	1620	0.11834738
204804	1924	0.11834738
204804	2423	0.11834738
204804	1920	0.11834737
204804	2032	0.11834737
204804	2173	0.11834737
204813	259	0.097083285
204813	733	0.097083285
204813	1813	0.097083285
204813	2001	0.097083285
204813	2687	0.097083285
204813	3647	0.097083285
204813	4968	0.097083285
204813	5150	0.097083285
204813	6763	0.097083285
204813	944	0.09708328
204822	982	0.0975211
204822	1853	0.09752108
204822	4370	0.09752108
204822	6250	0.09752108
204822	1045	0.097521074
204822	260	0.09752107
204822	2301	0.09752107
204822	4673	0.09752106
204822	319	0.09752105
204822	2677	0.09752105
204844	995	0.09696351
204844	1551	0.09696351
204844	3312	0.09696351
204844	3635	0.09696351
204844	5603	0.0969635
204844	5686	0.0969635
204844	5840	0.0969635
204844	6823	0.096963495
204844	5023	0.09696348
204844	6798	0.09696348
204909	1731	0.1273558
204909	193	0.12735578
204909	1709	0.12735578
204909	2983	0.12735578
204909	3234	0.12735578
204909	744	0.12735577
204909	1207	0.12735577
204909	1805	0.12735577
204909	1918	0.12735577
204909	2997	0.12735577
204929	1957	0.09335567
204929	701	0.09335566
204929	6652	0.09335566
204929	68	0.09335565
204929	1513	0.09335565
204929	996	0.09323201
204929	6878	0.09323201
204929	1617	0.093232006
204929	730	0.0931518
204929	2372	0.09315178
204936	6708	0.13496166
204936	5052	0.13496165
204936	6540	0.13496165
204936	1830	0.13496163
204936	1943	0.13496163
204936	2935	0.1349616
204936	3439	0.1349616
204936	4746	0.1349616
204936	5149	0.1349616
204936	5995	0.1349616
204946	700	0.13196012
204946	1752	0.13196012
204946	6765	0.13196012
204946	110	0.13196011
204946	2640	0.13196011
204946	3469	0.13196011
204946	6043	0.13196011
204946	886	0.1319601
204946	1154	0.1319601
204946	1159	0.1319601
204964	992	0.109708905
204964	3040	0.109708905
204964	3098	0.109708905
204964	4872	0.109708905
204964	1645	0.10970889
204964	1130	0.109708875
204964	6570	0.109708875
204964	2061	0.10970885
204964	131	0.109708846
204964	6195	0.109708846
205085	1626	0.099744275
205085	3468	0.09974426
205085	416	0.099744245
205085	3738	0.099744245
205085	5525	0.099744245
205085	6611	0.099744245
205085	6678	0.099744245
205085	127	0.09974424
205085	243	0.09974424
205085	1814	0.09974424
205145	2684	0.11619045
205145	3619	0.11619045
205145	4100	0.11619044
205145	436	0.11619043
205145	719	0.11619043
205145	4036	0.11619043
205145	4745	0.11619043
205145	1169	0.11619042
205145	2982	0.11619042
205145	4025	0.11619042
205197	960	0.10588183
205197	3255	0.105881795
205197	6419	0.10588177
205197	6367	0.105881765
205197	6418	0.105881765
205197	6408	0.10588176
205197	5575	0.105881736
205197	6307	0.10524994
205197	3341	0.10524993
205197	5162	0.10524992
205281	2934	0.10087761
205281	976	0.100877605
205281	896	0.1008776
205281	3783	0.10087758
205281	5594	0.10087758
205281	1653	0.10087757
205281	3740	0.10087757
205281	5557	0.10087757
205281	1660	0.10087756
205281	2989	0.10087756
205285	282	0.109457254
205285	883	0.109457254
205285	3506	0.109457254
205285	4087	0.109457254
205285	5105	0.109457254
205285	337	0.10945724
205285	3367	0.10945724
205285	4474	0.10945724
205285	4545	0.10945724
205285	5053	0.10945724
205383	633	0.1366612
205383	2054	0.1366612
205383	2843	0.1366612
205383	2998	0.1366612
205383	3020	0.1366612
205383	3089	0.1366612
205383	3560	0.1366612
205383	4121	0.1366612
205383	6495	0.1366612
205383	6725	0.1366612
205426	75	0.113585055
205426	485	0.113585055
205426	3039	0.113585055
205426	5163	0.113585055
205426	6680	0.113585055
205426	2292	0.11358505
205426	1081	0.11358504
205426	1264	0.11358504
205426	1400	0.11358504
205426	1496	0.11358504
205473	3913	0.10602941
205473	2800	0.106029406
205473	3197	0.106029406
205473	3285	0.106029406
205473	4062	0.106029406
205473	6446	0.106029406
205473	4169	0.1060294
205473	5923	0.1060294
205473	388	0.10602939
205473	3550	0.10602939
205487	463	0.10259348
205487	1031	0.10259348
205487	1034	0.10259348
205487	6346	0.10259348
205487	2307	0.102593474
205487	2150	0.10259347
205487	2923	0.10259347
205487	2964	0.10259347
205487	4498	0.10259347
205487	4785	0.10259347
205520	3327	0.121000476
205520	4154	0.12100046
205520	4835	0.121000454
205520	5046	0.121000454
205520	4133	0.12100045
205520	4920	0.12100045
205520	83	0.12100044
205520	253	0.12100044
205520	294	0.12100044
205520	1002	0.12100044
205538	346	0.10859579
205538	1629	0.10859579
205538	320	0.10859578
205538	4217	0.10859578
205538	4854	0.10859578
205538	159	0.10859577
205538	177	0.10859577
205538	180	0.10859577
205538	236	0.10859577
205538	516	0.10859577
205554	714	0.104528666
205554	3946	0.104528666
205554	4189	0.10452866
205554	2322	0.10452865
205554	2821	0.10452865
205554	4665	0.10452865
205554	5025	0.10452865
205554	5662	0.10452865
205554	6012	0.10452865
205554	4444	0.10452864
205608	4565	0.107593566
205608	5417	0.107383795
205608	6371	0.10738378
205608	4709	0.10738377
205608	4213	0.107383765
205608	5388	0.107383765
205608	6721	0.10724252
205608	3784	0.10703276
205608	3045	0.107032746
205608	3932	0.10703274
205735	6476	0.107292786
205735	2455	0.10680756
205735	4435	0.10680756
205735	5932	0.10680753
205735	2122	0.1064869
205735	6639	0.1064869
205735	5806	0.106486894
205735	6582	0.10648688
205735	4041	0.10648687
205735	5215	0.10648686
205765	976	0.09724301
205765	2934	0.09724301
205765	896	0.097243
205765	3783	0.097242996
205765	5557	0.097242996
205765	1653	0.09724298
205765	3740	0.09724298
205765	5594	0.09724298
205765	1660	0.097242974
205765	2989	0.097242974
205843	2092	0.099006
205843	819	0.09900598
205843	3309	0.09900598
205843	3699	0.09900598
205843	4508	0.09900598
205843	4949	0.09900598
205843	5185	0.09900598
205843	3038	0.09900597
205843	4404	0.09900597
205843	6318	0.09900597
205878	463	0.13461241
205878	1034	0.13461241
205878	6346	0.13461241
205878	1031	0.1346124
205878	2008	0.1346124
205878	2307	0.1346124
205878	3997	0.1346124
205878	4687	0.1346124
205878	112	0.13461238
205878	484	0.13461238
205919	1266	0.123303905
205919	3578	0.123303905
205919	3110	0.1233039
205919	903	0.12330389
205919	2371	0.12330388
205919	3009	0.12330388
205919	489	0.123303875
205919	2554	0.123303875
205919	5001	0.123303875
205919	650	0.12330387
205943	633	0.12321972
205943	2054	0.12321971
205943	3020	0.12321971
205943	3089	0.12321971
205943	6725	0.12321971
205943	4847	0.123219706
205943	389	0.1232197
205943	508	0.1232197
205943	1546	0.1232197
205943	2088	0.1232197
205963	3327	0.11140883
205963	294	0.111408815
205963	4154	0.111408815
205963	4239	0.111408815
205963	4835	0.111408815
205963	1852	0.11140881
205963	4920	0.11140881
205963	1379	0.1114088
205963	2278	0.1114088
205963	4133	0.1114088
205967	5453	0.109041825
205967	3287	0.10904181
205967	3247	0.1090418
205967	3214	0.109041795
205967	6609	0.109041795
205967	250	0.10904179
205967	3251	0.10904179
205967	3861	0.10904179
205967	6726	0.10904179
205967	399	0.10904178
205979	598	0.1255208
205979	631	0.1255208
205979	2018	0.1255208
205979	2860	0.1255208
205979	3161	0.1255208
205979	4291	0.1255208
205979	5871	0.1255208
205979	5920	0.1255208
205979	6339	0.1255208
205979	6453	0.1255208
205980	6716	0.09329563
205980	1259	0.09329562
205980	157	0.09329561
205980	182	0.09329561
205980	4248	0.09329561
205980	6550	0.09329561
205980	50	0.093295604
205980	879	0.093295604
205980	1533	0.093295604
205980	2302	0.093295604
205992	3184	0.1302769
205992	1589	0.13027689
205992	4812	0.13027689
205992	380	0.13027687
205992	4114	0.13027687
205992	4946	0.13027687
205992	25	0.13027686
205992	506	0.13027686
205992	1063	0.13027686
205992	1469	0.13027686
206016	853	0.11124763
206016	1479	0.11124763
206016	4644	0.11124759
206016	4839	0.11124759
206016	4917	0.11124759
206016	1014	0.111247584
206016	4643	0.11124758
206016	5308	0.11124758
206016	4645	0.11124755
206016	1255	0.11051908
206058	120	0.087966606
206058	3136	0.08796659
206058	4230	0.08796659
206058	4864	0.08796659
206058	5760	0.08796659
206058	6804	0.08796659
206058	6868	0.08796659
206058	2826	0.08796658
206058	4722	0.08796658
206058	2527	0.087966576
206074	2925	0.117329806
206074	5931	0.117329806
206074	6137	0.11732979
206074	6451	0.11732979
206074	6115	0.117329784
206074	2488	0.11732978
206074	4615	0.11732978
206074	3936	0.11732977
206074	3974	0.11732976
206074	1075	0.115873866
206107	3402	0.09943557
206107	1857	0.099435546
206107	496	0.09943554
206107	718	0.09943554
206107	3223	0.09943554
206107	3985	0.09943554
206107	5406	0.09943553
206107	5486	0.09943553
206107	5926	0.09943553
206107	6508	0.09943552
206109	5461	0.083736524
206109	3895	0.08373652
206109	6619	0.08373651
206109	6766	0.08373651
206109	97	0.0837365
206109	702	0.0837365
206109	6892	0.0837365
206109	6053	0.083736494
206109	6096	0.083736494
206109	1104	0.08373649
206202	6920	0.11362591
206202	551	0.1136259
206202	5499	0.1136259
206202	6682	0.1136259
206202	1963	0.11362589
206202	5109	0.11362589
206202	1128	0.113625884
206202	1547	0.113625884
206202	5419	0.113625884
206202	6729	0.113625884
206219	3039	0.11217721
206219	2214	0.1121772
206219	2292	0.1121772
206219	6680	0.1121772
206219	485	0.11217719
206219	5163	0.11217719
206219	75	0.112177186
206219	1496	0.112177186
206219	2215	0.112177186
206219	4792	0.112177186
206249	96	0.14822537
206249	785	0.14822537
206249	990	0.14822537
206249	1486	0.14822537
206249	4557	0.14822537
206249	4898	0.14822537
206249	5464	0.14822537
206249	6212	0.14822537
206249	6535	0.14822537
206249	572	0.14822535
206305	1830	0.14720395
206305	5052	0.14720395
206305	6540	0.14720395
206305	6708	0.14720395
206305	721	0.14720392
206305	1943	0.14720392
206305	3439	0.14720392
206305	2935	0.1472039
206305	239	0.14720389
206305	669	0.14720389
206393	6920	0.12464088
206393	551	0.12464087
206393	1963	0.12464087
206393	5499	0.12464087
206393	1547	0.12464086
206393	4473	0.12464085
206393	5109	0.12464085
206393	6362	0.12464085
206393	6682	0.12464085
206393	3173	0.124640845
206423	3327	0.13256335
206423	294	0.13256332
206423	4154	0.13256332
206423	4239	0.13256332
206423	4835	0.13256332
206423	5046	0.13256332
206423	2278	0.13256331
206423	3132	0.13256331
206423	4133	0.13256331
206423	6502	0.13256331
206438	5940	0.13883628
206438	45	0.13883626
206438	782	0.13883626
206438	1962	0.13883626
206438	2211	0.13883626
206438	2703	0.13883626
206438	3465	0.13883626
206438	5272	0.13883626
206438	6309	0.13883626
206438	6499	0.13883626
206534	2951	0.10078117
206534	5371	0.10078117
206534	459	0.10078114
206534	1247	0.10078114
206534	2004	0.10078114
206534	4259	0.10078114
206534	6031	0.10078114
206534	6605	0.10078114
206534	6825	0.10078114
206534	1301	0.100781135
206563	5783	0.1122846
206563	5266	0.112284586
206563	803	0.11228456
206563	3220	0.11228456
206563	6019	0.112284556
206563	4111	0.11228455
206563	3876	0.11228453
206563	751	0.112284526
206563	504	0.11203931
206563	1743	0.11203931
206567	351	0.11116825
206567	2479	0.11116825
206567	1024	0.11116824
206567	697	0.111168236
206567	1880	0.111168236
206567	2830	0.111168236
206567	3626	0.111168236
206567	3846	0.111168236
206567	2413	0.11116823
206567	3676	0.11116823
206675	11	0.110673
206675	6692	0.110672966
206675	1133	0.11067295
206675	888	0.1084684
206675	5007	0.1084684
206675	4915	0.10846839
206675	129	0.10846837
206675	4500	0.10846836
206675	6665	0.10846836
206675	6803	0.10846836
206691	176	0.11379907
206691	5795	0.11379907
206691	5864	0.11379907
206691	440	0.11379905
206691	675	0.11379905
206691	3399	0.11379905
206691	6740	0.11379905
206691	1380	0.11379904
206691	2692	0.11379904
206691	2924	0.11379904
206764	2134	0.11726302
206764	531	0.117263004
206764	545	0.117263004
206764	1307	0.117263004
206764	5422	0.117263
206764	3051	0.11726299
206764	3303	0.11726299
206764	3859	0.11726299
206764	4214	0.11726299
206764	5887	0.11726299
206775	4898	0.10839928
206775	6212	0.10839928
206775	4557	0.10839927
206775	96	0.108399265
206775	1486	0.108399265
206775	5829	0.108399265
206775	6076	0.108399265
206775	6084	0.108399265
206775	6311	0.108399265
206775	6535	0.108399265
206877	4968	0.09881713
206877	259	0.098817125
206877	733	0.098817125
206877	944	0.098817125
206877	1618	0.098817125
206877	2001	0.098817125
206877	2687	0.098817125
206877	3647	0.098817125
206877	4695	0.098817125
206877	546	0.09881712
206891	824	0.09767929
206891	4654	0.09767927
206891	3835	0.097679265
206891	1335	0.09767926
206891	6086	0.09767926
206891	5083	0.09713899
206891	158	0.0967972
206891	20	0.09679718
206891	5797	0.09679718
206891	1695	0.096797176
206944	1731	0.10856905
206944	2983	0.10856905
206944	193	0.10856904
206944	658	0.10856904
206944	1709	0.10856904
206944	2997	0.10856904
206944	3234	0.10856904
206944	3613	0.10856904
206944	4197	0.10856904
206944	744	0.10856903
206959	133	0.112145245
206959	622	0.11214523
206959	2014	0.11214523
206959	473	0.112145215
206959	3048	0.112145215
206959	3064	0.11214521
206959	660	0.1121452
206959	668	0.1121452
206959	1044	0.1121452
206959	2633	0.1121452
207134	5792	0.10831184
207134	1303	0.10831183
207134	1873	0.10831183
207134	2357	0.10831183
207134	2549	0.10831183
207134	4703	0.10831183
207134	4936	0.10831183
207134	6428	0.108311825
207134	3534	0.10831182
207134	1763	0.10831181
207148	6779	0.09534287
207148	1926	0.095342845
207148	6784	0.095342845
207148	727	0.09534283
207148	1028	0.09534283
207148	4269	0.09534282
207148	4350	0.09534282
207148	5526	0.095342815
207148	5778	0.095342815
207148	3477	0.0953428
207246	696	0.09350704
207246	2504	0.09350704
207246	61	0.09350703
207246	410	0.09350702
207246	635	0.09350702
207246	1550	0.09350702
207246	1578	0.09350702
207246	4188	0.09350702
207246	240	0.093507014
207246	708	0.093507014
207259	298	0.11276892
207259	504	0.11276892
207259	1743	0.11276892
207259	2696	0.11276892
207259	5632	0.11276892
207259	1051	0.11276891
207259	4334	0.11276891
207259	422	0.1127689
207259	705	0.1127689
207259	798	0.1127689
207275	5558	0.10710928
207275	3018	0.10710927
207275	628	0.10710926
207275	2752	0.10710926
207275	2803	0.10710926
207275	3916	0.10710926
207275	4293	0.10710926
207275	4403	0.10710926
207275	6341	0.10710926
207275	1745	0.107109256
207291	2330	0.10173355
207291	5762	0.10173355
207291	244	0.101733536
207291	5570	0.101733536
207291	2785	0.10173352
207291	1740	0.101733506
207291	1876	0.101733506
207291	293	0.1017335
207291	4867	0.10173349
207291	5057	0.10173349
207339	87	0.11315827
207339	2652	0.11315827
207339	4258	0.113158256
207339	5620	0.113158256
207339	310	0.11315825
207339	1200	0.11315824
207339	1438	0.113158226
207339	2231	0.113158226
207339	4294	0.113158226
207339	5144	0.113158226
207341	4007	0.09911187
207341	5072	0.099111855
207341	2334	0.09911185
207341	6579	0.09911185
207341	92	0.09911184
207341	1306	0.09911184
207341	3836	0.09911184
207341	2081	0.09911183
207341	3770	0.099111825
207341	5076	0.09911182
207349	2647	0.12848487
207349	5343	0.12848487
207349	2486	0.12848485
207349	2638	0.12848485
207349	4407	0.12848485
207349	6625	0.12848485
207349	297	0.12848483
207349	771	0.12848483
207349	3155	0.12848483
207349	4367	0.12848483
207350	110	0.099269144
207350	6043	0.099269144
207350	700	0.09926914
207350	6676	0.09926914
207350	6765	0.09926914
207350	1752	0.09926913
207350	2005	0.09926913
207350	2640	0.09926913
207350	3469	0.09926913
207350	6117	0.09926913
207385	3982	0.11094916
207385	5481	0.11094915
207385	6027	0.110949144
207385	6896	0.110949144
207385	2642	0.11094912
207385	362	0.110949114
207385	1010	0.110949114
207385	2109	0.110949114
207385	2263	0.110949114
207385	2300	0.110949114
207450	2647	0.13055599
207450	5343	0.13055599
207450	2638	0.13055596
207450	4407	0.13055596
207450	6625	0.13055594
207450	289	0.13055593
207450	687	0.13055593
207450	2486	0.13055593
207450	3155	0.13055593
207450	4367	0.13055593
207494	990	0.1299025
207494	1486	0.12990248
207494	4898	0.12990248
207494	5313	0.12990248
207494	5464	0.12990248
207494	5874	0.12990248
207494	96	0.12990247
207494	572	0.12990247
207494	709	0.12990247
207494	785	0.12990247
207499	320	0.10479786
207499	346	0.104797855
207499	759	0.104797855
207499	1106	0.104797855
207499	1567	0.104797855
207499	1629	0.104797855
207499	1658	0.104797855
207499	1726	0.104797855
207499	2339	0.104797855
207499	3743	0.104797855
207563	2207	0.10987129
207563	607	0.10987128
207563	6685	0.109871276
207563	188	0.10987127
207563	801	0.10987127
207563	1062	0.10987127
207563	1639	0.10987127
207563	3394	0.10987127
207563	5975	0.10987127
207563	6549	0.10987127
207616	2696	0.098338075
207616	298	0.09833807
207616	4334	0.09833807
207616	5632	0.09833807
207616	5781	0.09833807
207616	5899	0.09833807
207616	422	0.09833806
207616	504	0.09833806
207616	802	0.09833806
207616	1743	0.09833806
207686	3176	0.09469674
207686	1851	0.09469673
207686	279	0.094696715
207686	2362	0.094696715
207686	4666	0.094696715
207686	432	0.09469671
207686	1769	0.0946967
207686	2948	0.0946967
207686	3420	0.0946967
207686	4820	0.0946967
207782	2867	0.10366373
207782	2513	0.103663705
207782	5254	0.103663705
207782	4501	0.1036637
207782	3457	0.103024796
207782	5618	0.10302479
207782	5918	0.10302478
207782	6184	0.10302478
207782	341	0.10302477
207782	831	0.10302477
207825	4300	0.09324253
207825	5434	0.09324252
207825	503	0.09324251
207825	1346	0.09324251
207825	2955	0.09324251
207825	339	0.0932425
207825	991	0.0932425
207825	703	0.09324248
207825	1158	0.092147544
207825	2214	0.09185167
207835	79	0.12126018
207835	1624	0.12126018
207835	4175	0.12126018
207835	4273	0.12126018
207835	3059	0.12126017
207835	168	0.121260166
207835	251	0.121260166
207835	2728	0.121260166
207835	4177	0.121260166
207835	4342	0.121260166
207860	5761	0.12449278
207860	1780	0.12449273
207860	5268	0.12449273
207860	6468	0.12449271
207860	4124	0.12449269
207860	322	0.124492675
207860	1888	0.124059975
207860	4115	0.124059975
207860	829	0.12405997
207860	2241	0.12405996
207924	3982	0.12612835
207924	6027	0.12612833
207924	2300	0.12612832
207924	6127	0.12612832
207924	6896	0.12612832
207924	1010	0.1261283
207924	2109	0.1261283
207924	2263	0.1261283
207924	2642	0.1261283
207924	3392	0.1261283
207965	232	0.11040333
207965	384	0.11040333
207965	732	0.11040333
207965	1436	0.11040333
207965	1512	0.11040333
207965	1680	0.11040333
207965	3581	0.11040333
207965	3625	0.11040333
207965	6388	0.11040333
207965	1773	0.11040332
207971	170	0.11022235
207971	169	0.11022233
207971	611	0.11022233
207971	1446	0.11022233
207971	7	0.110222325
207971	884	0.110222325
207971	1707	0.110222325
207971	6759	0.110222325
207971	1612	0.11022232
207971	3221	0.11022232
208019	373	0.11147338
208019	4590	0.11147335
208019	90	0.111473344
208019	2416	0.111473344
208019	4457	0.10964164
208019	492	0.109641634
208019	4218	0.10964161
208019	5093	0.109641604
208019	491	0.1096416
208019	741	0.1096416
208058	5671	0.104449734
208058	76	0.10444973
208058	2433	0.10444973
208058	4929	0.10444972
208058	6169	0.104449704
208058	1562	0.1044497
208058	6787	0.1044497
208058	1642	0.10302688
208058	3964	0.103026874
208058	5067	0.10278646
208077	1668	0.11656744
208077	3710	0.11656744
208077	5150	0.11656744
208077	5333	0.11656744
208077	259	0.11656743
208077	546	0.11656743
208077	648	0.11656743
208077	733	0.11656743
208077	944	0.11656743
208077	1823	0.11656743
208095	4692	0.100510135
208095	997	0.10051013
208095	1964	0.10051012
208095	6092	0.10051012
208095	2816	0.10051011
208095	2678	0.1005101
208095	5586	0.1005101
208095	2672	0.10051009
208095	5784	0.10051009
208095	3767	0.10051008
208112	1461	0.11994639
208112	3481	0.119946375
208112	4752	0.11994636
208112	6748	0.11994636
208112	1141	0.119946346
208112	6788	0.11994634
208112	6152	0.11994633
208112	200	0.11964941
208112	4194	0.11964938
208112	6475	0.11964937
208141	1034	0.10886061
208141	2923	0.10886061
208141	2964	0.10886061
208141	6099	0.10886061
208141	6346	0.10886061
208141	463	0.108860604
208141	1031	0.108860604
208141	2307	0.108860604
208141	3796	0.108860604
208141	4392	0.108860604
208147	6763	0.1107238
208147	259	0.11072379
208147	546	0.11072379
208147	648	0.11072379
208147	733	0.11072379
208147	944	0.11072379
208147	1668	0.11072379
208147	1823	0.11072379
208147	2687	0.11072379
208147	3647	0.11072379
208236	6713	0.13118415
208236	601	0.13118413
208236	4611	0.13064128
208236	3363	0.13064127
208236	223	0.13037634
208236	5511	0.13037634
208236	5938	0.13037631
208236	6296	0.13037631
208236	5209	0.1303763
208236	2607	0.13037628
208251	1023	0.11077622
208251	4221	0.11077618
208251	994	0.11077617
208251	5997	0.11001669
208251	6369	0.110016674
208251	1266	0.109925196
208251	3110	0.109925196
208251	3578	0.109925196
208251	903	0.10992518
208251	2371	0.10992518
208302	384	0.11938642
208302	3480	0.11938642
208302	581	0.11938641
208302	1436	0.11938641
208302	1680	0.11938641
208302	3581	0.11938641
208302	665	0.119386405
208302	732	0.119386405
208302	3625	0.119386405
208302	5156	0.119386405
208367	664	0.107288994
208367	2656	0.10704099
208367	1910	0.10699975
208367	2976	0.10699974
208367	4843	0.10699974
208367	1819	0.10699973
208367	1999	0.10699973
208367	1484	0.106999725
208367	4313	0.106999725
208367	1867	0.10699972
208376	1657	0.110210866
208376	5211	0.110210866
208376	1053	0.11021086
208376	3364	0.11021085
208376	4771	0.11021084
208376	5934	0.11016561
208376	5029	0.11016558
208376	252	0.11016557
208376	3415	0.11016557
208376	1093	0.110165566
208378	6763	0.11544255
208378	259	0.115442544
208378	733	0.115442544
208378	944	0.115442544
208378	1387	0.115442544
208378	1618	0.115442544
208378	1823	0.115442544
208378	2001	0.115442544
208378	2687	0.115442544
208378	3647	0.115442544
208382	346	0.11756927
208382	1855	0.11756926
208382	320	0.11756925
208382	755	0.11756925
208382	2339	0.11756925
208382	2575	0.11756925
208382	3350	0.11756925
208382	3743	0.11756925
208382	4014	0.11756925
208382	4217	0.11756925
208406	3039	0.1196003
208406	2292	0.119600296
208406	5163	0.119600296
208406	6680	0.119600296
208406	2214	0.11960029
208406	2215	0.11960029
208406	75	0.11960028
208406	485	0.11960028
208406	1496	0.11960028
208406	6786	0.11960028
208410	3765	0.12377763
208410	748	0.12377761
208410	788	0.12377761
208410	1425	0.12377761
208410	1552	0.12377761
208410	2481	0.12377761
208410	2842	0.12377761
208410	6331	0.12377761
208410	2949	0.123777606
208410	2796	0.1237776
208415	6540	0.11235585
208415	6708	0.11235585
208415	1830	0.11235584
208415	1943	0.11235584
208415	5052	0.11235584
208415	721	0.11235583
208415	2935	0.11235581
208415	3439	0.11235581
208415	3527	0.11235581
208415	4746	0.11235581
208451	4256	0.13251236
208451	6485	0.13251233
208451	1997	0.1325123
208451	3149	0.13169146
208451	2098	0.13072711
208451	3184	0.13051766
208451	4114	0.13051765
208451	6151	0.13051765
208451	1063	0.13051763
208451	1469	0.13051763
208468	5454	0.11341762
208468	2107	0.11306637
208468	3564	0.113066345
208468	5044	0.11306633
208468	6154	0.11306633
208468	1602	0.11306632
208468	5048	0.11306632
208468	3198	0.113066316
208468	6908	0.113066316
208468	3333	0.11306631
208555	3995	0.11867878
208555	3390	0.11831468
208555	3825	0.11790115
208555	2069	0.117901124
208555	6893	0.11784622
208555	5983	0.1178462
208555	4730	0.117846176
208555	5981	0.117846176
208555	6230	0.117846176
208555	1013	0.11784617
208568	1470	0.10810007
208568	4397	0.10810007
208568	3228	0.10810006
208568	1269	0.10755279
208568	3877	0.10755278
208568	5294	0.10755278
208568	2511	0.107552774
208568	4882	0.10755277
208568	3052	0.10755275
208568	2047	0.107552744
208591	320	0.10873809
208591	346	0.10873808
208591	1106	0.10873808
208591	1442	0.10873808
208591	1629	0.10873808
208591	1658	0.10873808
208591	2338	0.10873808
208591	2339	0.10873808
208591	3743	0.10873808
208591	4854	0.10873808
208600	6496	0.09305157
208600	2562	0.09305155
208600	6613	0.09299399
208600	4447	0.092993975
208600	6817	0.09299396
208600	2257	0.092993945
208600	6023	0.092866465
208600	2541	0.092752755
208600	5261	0.09275274
208600	3982	0.092559315
208605	350	0.10739812
208605	1502	0.107398115
208605	5279	0.107398115
208605	1212	0.10739811
208605	1514	0.10739811
208605	1946	0.10739811
208605	5193	0.10739811
208605	5985	0.1073981
208605	1630	0.10739809
208605	3043	0.10739808
208620	1296	0.10654053
208620	4925	0.10636556
208620	5801	0.106365554
208620	3681	0.10510251
208620	6074	0.1051025
208620	6315	0.105102494
208620	3238	0.10510248
208620	6300	0.10510248
208620	1692	0.105102465
208620	2544	0.105102465
208645	1943	0.10143548
208645	6540	0.10143548
208645	1830	0.101435475
208645	5052	0.10143547
208645	417	0.10143545
208645	721	0.10143545
208645	4746	0.10143545
208645	5149	0.10143545
208645	5995	0.10143545
208645	2935	0.101435445
208668	4014	0.117191896
208668	320	0.11719189
208668	346	0.11719189
208668	1855	0.11719189
208668	3743	0.11719189
208668	755	0.11719188
208668	1567	0.11719188
208668	1629	0.11719188
208668	1658	0.11719188
208668	1726	0.11719188
208671	2755	0.12650001
208671	3229	0.12650001
208671	4919	0.12650001
208671	5702	0.12650001
208671	4332	0.1265
208671	6306	0.1265
208671	715	0.12649998
208671	1236	0.12649998
208671	1268	0.12649998
208671	1394	0.12649998
208683	320	0.12101756
208683	3743	0.12101756
208683	4014	0.12101756
208683	1855	0.12101755
208683	6863	0.12101755
208683	346	0.121017545
208683	755	0.121017545
208683	1730	0.121017545
208683	2573	0.121017545
208683	3350	0.121017545
208700	6150	0.11315876
208700	1020	0.11315873
208700	4690	0.11315873
208700	201	0.11315872
208700	550	0.11315872
208700	3201	0.11315872
208700	6283	0.11315872
208700	2391	0.11315871
208700	2784	0.1131587
208700	4672	0.1131587
208788	72	0.10291446
208788	523	0.10291446
208788	2509	0.10291445
208788	5856	0.10291445
208788	6237	0.10291445
208788	4620	0.102914445
208788	385	0.10291444
208788	812	0.10291444
208788	1282	0.10291444
208788	2882	0.10291444
208815	5823	0.10934804
208815	2533	0.10934803
208815	3088	0.10934803
208815	5729	0.10934803
208815	2563	0.10934802
208815	638	0.10934796
208815	2107	0.10870329
208815	3564	0.108703285
208815	5048	0.108703256
208815	5044	0.10870324
208829	1626	0.124648884
208829	3468	0.12464887
208829	127	0.124648854
208829	3544	0.124648854
208829	6611	0.124648854
208829	3738	0.12464885
208829	6678	0.12464885
208829	243	0.12464884
208829	416	0.12464884
208829	1568	0.12464884
208877	3184	0.115333006
208877	1589	0.11533299
208877	4114	0.11533299
208877	1063	0.11533298
208877	3910	0.115332976
208877	4538	0.115332976
208877	4812	0.115332976
208877	4946	0.115332976
208877	5556	0.115332976
208877	6151	0.115332976
208897	688	0.11579193
208897	1739	0.11579192
208897	2340	0.11579192
208897	3217	0.11579192
208897	6488	0.11579192
208897	134	0.1157919
208897	1233	0.1157919
208897	1341	0.1157919
208897	1620	0.1157919
208897	2423	0.1157919
208907	110	0.12181386
208907	6043	0.12181386
208907	6765	0.12181386
208907	700	0.12181385
208907	1144	0.12181385
208907	1752	0.12181385
208907	2640	0.12181385
208907	3793	0.12181385
208907	4068	0.12181385
208907	5572	0.12181385
208936	193	0.10389581
208936	658	0.10389581
208936	1207	0.10389581
208936	1731	0.10389581
208936	1805	0.10389581
208936	2983	0.10389581
208936	3613	0.10389581
208936	4197	0.10389581
208936	567	0.103895806
208936	744	0.103895806
208960	6716	0.104818285
208960	1259	0.10481827
208960	1533	0.10481826
208960	6550	0.10481826
208960	50	0.104818255
208960	157	0.104818255
208960	182	0.104818255
208960	879	0.104818255
208960	2919	0.104818255
208960	4248	0.104818255
209059	1759	0.111377835
209059	1357	0.11137783
209059	1101	0.11137781
209059	5271	0.11137781
209059	3752	0.111377805
209059	3780	0.11081497
209059	2216	0.110814944
209059	3942	0.110814944
209059	1908	0.11081494
209059	2210	0.11081493
209147	6307	0.1289005
209147	62	0.12890047
209147	950	0.12890047
209147	1355	0.12890047
209147	2238	0.12890047
209147	3341	0.12890047
209147	3810	0.12890047
209147	5162	0.12890047
209147	5216	0.12890047
209147	5636	0.12890047
209156	2357	0.11529582
209156	1303	0.11529581
209156	4703	0.11529581
209156	4936	0.11529581
209156	5792	0.11529581
209156	6428	0.11529581
209156	1873	0.115295805
209156	513	0.1152958
209156	2549	0.1152958
209156	2834	0.1152958
209160	558	0.11186063
209160	726	0.11186063
209160	1287	0.11186063
209160	561	0.11186062
209160	1676	0.11186061
209160	4814	0.11186061
209160	1704	0.1118606
209160	5087	0.1118606
209160	5565	0.1118606
209160	5617	0.1118606
209163	5727	0.09841889
209163	1597	0.098418884
209163	6833	0.09841885
209163	4840	0.09837788
209163	338	0.09837787
209163	5517	0.09837787
209163	334	0.09837785
209163	2493	0.09837785
209163	5867	0.09837785
209163	3445	0.098377846
209174	384	0.10092071
209174	581	0.10092071
209174	3480	0.10092071
209174	732	0.1009207
209174	3581	0.1009207
209174	6388	0.1009207
209174	232	0.10092069
209174	411	0.10092069
209174	665	0.10092069
209174	1436	0.10092069
209229	696	0.11508216
209229	61	0.115082145
209229	410	0.115082145
209229	1578	0.115082145
209229	2504	0.115082145
209229	1550	0.11508214
209229	635	0.11508213
209229	964	0.11508213
209229	1774	0.11508213
209229	2175	0.11508213
209238	688	0.12734316
209238	6488	0.12734316
209238	134	0.12734315
209238	1233	0.12734315
209238	1620	0.12734315
209238	1739	0.12734315
209238	2164	0.12734315
209238	2173	0.12734315
209238	2340	0.12734315
209238	2423	0.12734315
209265	1034	0.10913372
209265	463	0.109133705
209265	1031	0.109133705
209265	2307	0.109133705
209265	2964	0.109133705
209265	5132	0.109133705
209265	6099	0.109133705
209265	6346	0.109133705
209265	2923	0.1091337
209265	3796	0.1091337
209373	3327	0.17224735
209373	4835	0.17224732
209373	253	0.17224729
209373	1002	0.17224729
209373	4133	0.17224729
209373	4154	0.17224729
209373	4239	0.17224729
209373	4920	0.17224729
209373	5046	0.17224729
209373	5219	0.17224729
209458	5060	0.093039095
209458	512	0.09266758
209458	3116	0.092667535
209458	3240	0.0924779
209458	5440	0.09231603
209458	209	0.09231602
209458	3423	0.09231599
209458	3402	0.09210639
209458	1857	0.09210637
209458	496	0.09210636
209464	1879	0.12726338
209464	4579	0.12726338
209464	916	0.12726337
209464	1009	0.12726337
209464	2473	0.12726337
209464	2648	0.12726337
209464	3044	0.12726337
209464	3928	0.12726337
209464	4321	0.12726337
209464	5002	0.12726337
209486	2580	0.14146504
209486	5563	0.14146502
209486	2520	0.14146501
209486	482	0.14146498
209486	3595	0.14146498
209486	6536	0.14026293
209486	1879	0.14026292
209486	845	0.1402629
209486	1009	0.1402629
209486	1017	0.1402629
209536	72	0.100469194
209536	523	0.10046919
209536	2509	0.10046918
209536	5856	0.10046918
209536	6237	0.10046918
209536	812	0.10046917
209536	2882	0.10046917
209536	3576	0.10046917
209536	3727	0.10046917
209536	4620	0.10046917
209563	2064	0.09531973
209563	5793	0.09531973
209563	3336	0.09531972
209563	4305	0.09531971
209563	258	0.095319696
209563	1782	0.095319696
209563	1821	0.095319696
209563	1854	0.095319696
209563	317	0.09531969
209563	2710	0.09531968
209625	2531	0.10324643
209625	3244	0.103246406
209625	2898	0.10324639
209625	4580	0.10324637
209625	5171	0.10281098
209625	2030	0.102786615
209625	1111	0.1027866
209625	5085	0.102786586
209625	6727	0.10278657
209625	5418	0.10271156
209631	3197	0.113727674
209631	3285	0.113727674
209631	3550	0.11372767
209631	3913	0.11372767
209631	5923	0.11372766
209631	6446	0.11372766
209631	4062	0.11372765
209631	4169	0.11372765
209631	4438	0.11372765
209631	1539	0.113727644
209684	3088	0.11291788
209684	2533	0.11291787
209684	2563	0.11291787
209684	5729	0.11291787
209684	5823	0.11291787
209684	2863	0.11291784
209684	2864	0.11291784
209684	638	0.11291781
209684	2107	0.11288911
209684	5048	0.11288908
209756	778	0.11227795
209756	1967	0.112277925
209756	5519	0.112277925
209756	466	0.11227792
209756	1288	0.11227792
209756	5514	0.11227792
209756	6802	0.11227792
209756	1633	0.11227791
209756	3207	0.11227791
209756	4819	0.11227791
209765	523	0.094423026
209765	72	0.09442302
209765	812	0.094423
209765	1282	0.094423
209765	3727	0.094423
209765	5856	0.094423
209765	6237	0.094423
209765	385	0.094422996
209765	901	0.094422996
209765	1426	0.094422996
209817	4768	0.114258885
209817	1815	0.11425888
209817	4770	0.11425888
209817	4845	0.11425888
209817	1122	0.11425887
209817	1332	0.11425887
209817	2244	0.11425887
209817	3782	0.11425887
209817	4053	0.11425887
209817	6281	0.11425887
209833	444	0.11444837
209833	3882	0.11444837
209833	381	0.11444835
209833	6335	0.11444835
209833	6590	0.114448346
209833	2235	0.11444834
209833	2788	0.11444834
209833	3072	0.11444834
209833	5438	0.11444834
209833	3015	0.11444833
209875	5940	0.12389699
209875	45	0.123896986
209875	2703	0.123896986
209875	6189	0.123896986
209875	782	0.12389698
209875	1962	0.12389698
209875	2211	0.12389698
209875	2807	0.12389698
209875	4472	0.12389698
209875	6309	0.12389698
209974	384	0.11456474
209974	3480	0.11456474
209974	581	0.11456473
209974	732	0.11456473
209974	3581	0.11456473
209974	3625	0.11456473
209974	5156	0.11456473
209974	6388	0.11456473
209974	232	0.114564724
209974	665	0.114564724
209985	4844	0.1205156
209985	4452	0.120515585
209985	4547	0.120515585
209985	4942	0.12051558
209985	1950	0.12051557
209985	2841	0.12051557
209985	2941	0.12051557
209985	2051	0.120515525
209985	4158	0.120137535
209985	575	0.12013753
210035	528	0.09188281
210035	4448	0.09188281
210035	3930	0.0918828
210035	1334	0.091882795
210035	2417	0.091882795
210035	4918	0.09145878
210035	2110	0.09145877
210035	6666	0.09145876
210035	2113	0.091458745
210035	6496	0.091239676
210077	4175	0.09407456
210077	4342	0.09407456
210077	4525	0.09407456
210077	5122	0.09407456
210077	6532	0.09407456
210077	79	0.094074555
210077	2550	0.094074555
210077	2728	0.094074555
210077	3059	0.094074555
210077	4273	0.094074555
210097	2249	0.10426596
210097	5660	0.10426596
210097	5455	0.10426594
210097	5668	0.10426594
210097	706	0.104265936
210097	360	0.10426593
210097	5952	0.10426593
210097	4624	0.10375448
210097	1543	0.103754476
210097	2934	0.103354104
210168	4087	0.103205115
210168	3506	0.10320511
210168	5105	0.10320511
210168	282	0.1032051
210168	337	0.10320509
210168	3718	0.10320509
210168	5053	0.10320509
210168	6216	0.10320509
210168	52	0.103205085
210168	457	0.103205085
210174	3765	0.10356447
210174	6331	0.10356447
210174	748	0.103564456
210174	788	0.103564456
210174	2481	0.103564456
210174	2842	0.103564456
210174	2949	0.103564456
210174	4558	0.103564456
210174	4950	0.103564456
210174	6440	0.103564456
210261	346	0.10822952
210261	3743	0.10822952
210261	320	0.10822951
210261	4014	0.10822951
210261	236	0.1082295
210261	1315	0.1082295
210261	1567	0.1082295
210261	1629	0.1082295
210261	2338	0.1082295
210261	2573	0.1082295
210315	2269	0.115185626
210315	539	0.11518562
210315	1579	0.11518562
210315	3286	0.11518562
210315	2354	0.11518561
210315	4433	0.11518561
210315	2465	0.1151856
210315	2920	0.1151856
210315	5242	0.1151856
210315	5696	0.1151856
210317	2746	0.103527874
210317	6564	0.103527874
210317	2963	0.10352787
210317	1955	0.10352786
210317	5255	0.10352786
210317	3921	0.10352785
210317	3659	0.103527844
210317	3583	0.10352784
210317	3884	0.10352783
210317	5951	0.10352783
210481	290	0.1206647
210481	1683	0.1203156
210481	3192	0.12031549
210481	5761	0.12019061
210481	6468	0.12019059
210481	1780	0.12019058
210481	5268	0.12019058
210481	4124	0.120190546
210481	322	0.12019053
210481	2647	0.120092764
210485	4268	0.10173847
210485	4676	0.10173843
210485	6416	0.10173842
210485	2232	0.101523094
210485	3530	0.101445936
210485	1961	0.10144591
210485	350	0.10141924
210485	1502	0.10141924
210485	1514	0.101419225
210485	1946	0.101419225
210493	226	0.106495716
210493	4721	0.105896056
210493	1849	0.10583554
210493	1888	0.105680704
210493	4115	0.105680704
210493	829	0.10568069
210493	2241	0.10568069
210493	3325	0.10568066
210493	4330	0.10568066
210493	4631	0.10568066
210573	6763	0.11394706
210573	733	0.113947056
210573	944	0.113947056
210573	4695	0.113947056
210573	259	0.11394705
210573	546	0.11394705
210573	1387	0.11394705
210573	1618	0.11394705
210573	1823	0.11394705
210573	2001	0.11394705
210587	437	0.10114691
210587	1030	0.1011469
210587	4344	0.10114689
210587	4977	0.10114689
210587	651	0.10114688
210587	1648	0.10114688
210587	3073	0.10114688
210587	4101	0.10114688
210587	5066	0.10114688
210587	5224	0.10114688
210597	4737	0.102404505
210597	5043	0.102404505
210597	5448	0.102404505
210597	1089	0.1024045
210597	1596	0.10240449
210597	1812	0.10240449
210597	5485	0.10240449
210597	5537	0.10240449
210597	1781	0.10240448
210597	2739	0.10240448
210599	688	0.104698166
210599	1739	0.10469816
210599	6488	0.10469816
210599	134	0.10469815
210599	1233	0.10469815
210599	2164	0.10469815
210599	2340	0.10469815
210599	2423	0.10469815
210599	3217	0.10469815
210599	1341	0.104698144
210627	523	0.11684663
210627	72	0.11684662
210627	5856	0.11684661
210627	6756	0.11684661
210627	368	0.116846606
210627	812	0.116846606
210627	2509	0.116846606
210627	3727	0.116846606
210627	6237	0.116846606
210627	385	0.1168466
210685	1072	0.107526496
210685	4020	0.10752647
210685	5370	0.107526466
210685	2597	0.10752645
210685	824	0.1067529
210685	4654	0.1067529
210685	3835	0.10675289
210685	1335	0.106752865
210685	6086	0.106752865
210685	5430	0.10675286
210717	1915	0.105413854
210717	4224	0.10541385
210717	3502	0.10541384
210717	3874	0.10541384
210717	5262	0.10541384
210717	3565	0.10541383
210717	5964	0.10541383
210717	1340	0.105413824
210717	2336	0.105413824
210717	2603	0.105413824
210738	72	0.10480684
210738	523	0.10480684
210738	5856	0.10480683
210738	6756	0.10480683
210738	385	0.104806826
210738	812	0.104806826
210738	6237	0.104806826
210738	1282	0.10480682
210738	2882	0.10480682
210738	368	0.10480681
210791	733	0.106830105
210791	1813	0.106830105
210791	3647	0.106830105
210791	4695	0.106830105
210791	4968	0.106830105
210791	5150	0.106830105
210791	6763	0.106830105
210791	259	0.1068301
210791	546	0.1068301
210791	944	0.1068301
210822	5632	0.091146566
210822	298	0.09114656
210822	422	0.09114656
210822	504	0.09114656
210822	798	0.09114656
210822	1743	0.09114656
210822	2084	0.09114656
210822	2696	0.09114656
210822	2972	0.09114656
210822	3600	0.09114656
210874	6716	0.1004715
210874	1259	0.100471474
210874	50	0.10047147
210874	157	0.10047147
210874	182	0.10047147
210874	1533	0.10047147
210874	1975	0.10047146
210874	6550	0.10047146
210874	879	0.10047145
210874	1249	0.10047145
210921	696	0.10682621
210921	2504	0.1068262
210921	61	0.106826186
210921	410	0.106826186
210921	635	0.106826186
210921	964	0.106826186
210921	1550	0.106826186
210921	1578	0.106826186
210921	4791	0.106826186
210921	5227	0.106826186
210923	79	0.10552217
210923	1624	0.10552216
210923	3059	0.10552216
210923	4273	0.10552216
210923	4342	0.10552216
210923	168	0.105522156
210923	251	0.105522156
210923	2728	0.105522156
210923	4175	0.105522156
210923	4177	0.105522156
210959	3196	0.11983283
210959	2857	0.11983282
210959	955	0.119832814
210959	2576	0.11983281
210959	305	0.1198328
210959	4608	0.1198328
210959	5300	0.1198328
210959	2364	0.11983279
210959	5108	0.119832784
210959	6010	0.119832784
211041	3327	0.10623495
211041	4154	0.10623494
211041	4835	0.10623493
211041	83	0.10623492
211041	1852	0.10623492
211041	2278	0.10623492
211041	4133	0.10623492
211041	5046	0.10623492
211041	253	0.106234916
211041	1002	0.106234916
211098	2269	0.10575177
211098	539	0.10575176
211098	1579	0.10575176
211098	2880	0.10575176
211098	5696	0.10575176
211098	2354	0.10575175
211098	2465	0.10575175
211098	3286	0.10575175
211098	4433	0.10575175
211098	5242	0.10575175
211137	4267	0.11392525
211137	6858	0.11392524
211137	3424	0.11392522
211137	4999	0.11392521
211137	6839	0.1139252
211137	5398	0.113925196
211137	4106	0.11392519
211137	3001	0.11312517
211137	2684	0.112982064
211137	3619	0.112982064
211152	526	0.10468394
211152	415	0.104683936
211152	4751	0.10453027
211152	5629	0.10453025
211152	1302	0.104530245
211152	2326	0.104530245
211152	3525	0.10453024
211152	789	0.10453023
211152	1174	0.10453023
211152	1185	0.10453023
211176	5105	0.099922396
211176	282	0.09992239
211176	4087	0.09992239
211176	3506	0.09992238
211176	5053	0.09992238
211176	52	0.099922374
211176	337	0.099922374
211176	457	0.099922374
211176	883	0.099922374
211176	3718	0.099922374
211231	976	0.1110931
211231	2934	0.1110931
211231	3783	0.111093074
211231	5557	0.11109307
211231	5594	0.11109307
211231	3740	0.11109306
211231	1653	0.11109305
211231	1660	0.111093044
211231	5049	0.111093044
211231	2989	0.11109304
211288	2064	0.10232094
211288	5793	0.102320924
211288	3336	0.10232092
211288	4305	0.10232091
211288	1782	0.102320895
211288	1821	0.102320895
211288	258	0.10232089
211288	317	0.10232088
211288	1854	0.10232088
211288	6034	0.10166398
211303	5121	0.11109887
211303	815	0.111098826
211303	1951	0.11109881
211303	3458	0.11074264
211303	5392	0.11074264
211303	3182	0.11074263
211303	3732	0.11074263
211303	6703	0.11074263
211303	952	0.11074262
211303	314	0.11074261
211344	4845	0.106475055
211344	4768	0.10647505
211344	478	0.10647504
211344	1332	0.10647504
211344	1815	0.10647504
211344	4053	0.10647504
211344	4770	0.10647504
211344	3782	0.10647503
211344	6281	0.10647503
211344	2244	0.106475025
211351	269	0.12067698
211351	1311	0.12067697
211351	2709	0.12067697
211351	6356	0.12067697
211351	6698	0.12067697
211351	249	0.120676965
211351	797	0.120676965
211351	1794	0.120676965
211351	3965	0.120676965
211351	6472	0.120676965
211360	4228	0.123165414
211360	4685	0.1231654
211360	2034	0.12316539
211360	3552	0.12316539
211360	4012	0.12316539
211360	770	0.123165384
211360	3063	0.123165384
211360	3353	0.123165384
211360	4045	0.123165384
211360	5758	0.123165384
211426	1430	0.119894356
211426	6663	0.119894356
211426	1248	0.11989435
211426	2403	0.11989434
211426	5559	0.11989433
211426	114	0.119894326
211426	1188	0.119894326
211426	2738	0.11989432
211426	3701	0.11989432
211426	171	0.11989431
211430	1023	0.12129552
211430	4221	0.121295504
211430	994	0.12129547
211430	1501	0.12127026
211430	1937	0.12127024
211430	1545	0.121270224
211430	1659	0.121270224
211430	1916	0.12127022
211430	3440	0.12127021
211430	302	0.1212702
211500	2782	0.09775929
211500	1398	0.09775928
211500	1541	0.09775928
211500	3559	0.09775928
211500	962	0.09775926
211500	1095	0.09775926
211500	1616	0.09775926
211500	1738	0.09775926
211500	2176	0.09775926
211500	2356	0.09775926
211770	696	0.11012879
211770	2504	0.11012879
211770	61	0.110128775
211770	410	0.110128775
211770	635	0.110128775
211770	1578	0.110128775
211770	1550	0.11012877
211770	5227	0.11012877
211770	240	0.11012876
211770	964	0.11012876
211919	4087	0.10270231
211919	3506	0.102702305
211919	5105	0.102702305
211919	282	0.1027023
211919	5053	0.1027023
211919	6216	0.1027023
211919	457	0.10270229
211919	883	0.10270229
211919	1066	0.10270229
211919	3718	0.10270229
211937	2207	0.121051304
211937	188	0.12105128
211937	1062	0.12105128
211937	1639	0.12105128
211937	6685	0.12105128
211937	913	0.121051274
211937	3394	0.121051274
211937	3851	0.121051274
211937	5692	0.121051274
211937	607	0.12105127
211944	320	0.10870373
211944	3743	0.10870373
211944	4014	0.10870373
211944	180	0.10870372
211944	346	0.10870372
211944	755	0.10870372
211944	1315	0.10870372
211944	1567	0.10870372
211944	1629	0.10870372
211944	1855	0.10870372
211961	4914	0.11158319
211961	2154	0.11158317
211961	6656	0.11158315
211961	1638	0.11158311
211961	1131	0.11115375
211961	3602	0.11113029
211961	2911	0.11087905
211961	4627	0.11087905
211961	2421	0.110879034
211961	1844	0.11087903
212088	2014	0.09639093
212088	133	0.096390925
212088	622	0.096390925
212088	473	0.0963909
212088	660	0.0963909
212088	2633	0.0963909
212088	3048	0.0963909
212088	3064	0.0963909
212088	6383	0.0963909
212088	668	0.096390896
212109	1731	0.10402629
212109	1207	0.10402627
212109	2983	0.10402627
212109	2997	0.10402627
212109	4197	0.10402627
212109	6887	0.10402627
212109	567	0.104026265
212109	744	0.104026265
212109	1570	0.104026265
212109	1709	0.104026265
212130	6001	0.12380405
212130	3257	0.123804025
212130	6498	0.123804025
212130	1241	0.12380402
212130	2756	0.12380402
212130	4147	0.12380402
212130	1861	0.123804
212130	5047	0.123804
212130	1468	0.123803996
212130	2758	0.123803996
212142	696	0.10076362
212142	61	0.10076361
212142	410	0.10076361
212142	2504	0.10076361
212142	1578	0.100763604
212142	635	0.1007636
212142	1550	0.1007636
212142	5250	0.1007636
212142	240	0.10076359
212142	446	0.10076359
212252	696	0.10372698
212252	410	0.103726976
212252	61	0.10372697
212252	1550	0.10372697
212252	1578	0.10372697
212252	2504	0.10372697
212252	964	0.10372696
212252	2175	0.10372696
212252	5227	0.10372696
212252	240	0.10372695
212260	410	0.10148293
212260	696	0.10148293
212260	61	0.10148292
212260	2504	0.10148292
212260	1550	0.10148291
212260	1578	0.10148291
212260	240	0.101482905
212260	635	0.101482905
212260	964	0.101482905
212260	4187	0.101482905
212328	990	0.12914482
212328	1486	0.12914482
212328	4898	0.12914482
212328	5313	0.12914482
212328	6212	0.12914482
212328	6535	0.12914482
212328	96	0.1291448
212328	572	0.1291448
212328	785	0.1291448
212328	839	0.1291448
212385	1063	0.10568929
212385	1589	0.10568929
212385	4538	0.10568929
212385	4946	0.10568928
212385	5556	0.10568928
212385	6151	0.10568928
212385	380	0.10568927
212385	1469	0.10568927
212385	1493	0.10568927
212385	1882	0.10568927
212411	79	0.104446754
212411	1624	0.10444674
212411	2728	0.10444674
212411	3059	0.10444674
212411	4175	0.10444674
212411	4177	0.10444674
212411	4273	0.10444674
212411	4342	0.10444674
212411	4525	0.10444674
212411	5122	0.10444674
212427	3327	0.11743861
212427	4835	0.117438585
212427	2278	0.11743857
212427	4154	0.11743857
212427	4920	0.11743857
212427	5046	0.11743857
212427	5219	0.11743857
212427	83	0.11743856
212427	3132	0.11743856
212427	4133	0.11743856
212439	3184	0.13474123
212439	1589	0.13474122
212439	4114	0.13474122
212439	4538	0.13474122
212439	4812	0.13474122
212439	6151	0.13474122
212439	380	0.1347412
212439	5064	0.1347412
212439	1063	0.13474119
212439	1469	0.13474119
212467	3393	0.10790754
212467	222	0.10790752
212467	4684	0.10765807
212467	2422	0.10765804
212467	3108	0.10765803
212467	2038	0.10693501
212467	6023	0.10680641
212467	5457	0.106685534
212467	1377	0.10655689
212467	982	0.10630229
212568	444	0.1188707
212568	3882	0.1188707
212568	381	0.11887069
212568	2788	0.11887069
212568	165	0.118870676
212568	6335	0.118870676
212568	6590	0.118870676
212568	4346	0.11887067
212568	6566	0.11887067
212568	6856	0.11887067
212628	45	0.12411918
212628	2703	0.12411918
212628	5940	0.12411918
212628	2211	0.12411917
212628	782	0.12411916
212628	2400	0.12411916
212628	2855	0.12411916
212628	4562	0.12411916
212628	5272	0.12411916
212628	6499	0.12411916
212631	6564	0.105585575
212631	2746	0.10558556
212631	5255	0.10558555
212631	1955	0.105585545
212631	2963	0.105585545
212631	3583	0.105585545
212631	3921	0.105585545
212631	3659	0.10558553
212631	3884	0.105585515
212631	5951	0.105585515
212697	6346	0.11587907
212697	1034	0.11587906
212697	463	0.115879044
212697	1031	0.115879044
212697	2307	0.115879044
212697	2923	0.115879044
212697	3997	0.115879044
212697	4687	0.115879044
212697	2008	0.11587904
212697	3796	0.11587904
212719	3327	0.10470706
212719	83	0.10470703
212719	2278	0.10470703
212719	4154	0.10470703
212719	4835	0.10470703
212719	4920	0.10470703
212719	5046	0.10470703
212719	6502	0.10470703
212719	294	0.104707025
212719	1002	0.104707025
212797	4007	0.11166489
212797	6579	0.11166488
212797	2334	0.11166486
212797	3770	0.11166486
212797	3836	0.11166486
212797	5072	0.11166486
212797	92	0.11166485
212797	1306	0.11166485
212797	2081	0.11166485
212797	349	0.11166483
212849	6548	0.09342471
212849	3766	0.09308354
212849	3273	0.09308353
212849	4567	0.0930835
212849	5825	0.0924525
212849	1377	0.09231411
212849	4007	0.092111364
212849	2334	0.09211135
212849	5072	0.09211135
212849	6579	0.09211135
212859	320	0.11895041
212859	236	0.1189504
212859	346	0.1189504
212859	1106	0.1189504
212859	1442	0.1189504
212859	1629	0.1189504
212859	2338	0.1189504
212859	2573	0.1189504
212859	3501	0.1189504
212859	3743	0.1189504
212923	384	0.11542861
212923	3480	0.11542861
212923	732	0.1154286
212923	1436	0.1154286
212923	3625	0.1154286
212923	5156	0.1154286
212923	6388	0.1154286
212923	232	0.11542859
212923	665	0.11542859
212923	1512	0.11542859
213064	3076	0.10574682
213064	3452	0.105746806
213064	3787	0.1057468
213064	2832	0.10574679
213064	4240	0.10574679
213064	1441	0.105746776
213064	3242	0.10574677
213064	3184	0.105360866
213064	380	0.10536086
213064	1589	0.10536085
213066	1170	0.10912908
213066	1038	0.10912906
213066	5269	0.10912906
213066	873	0.10912904
213066	874	0.10912904
213066	2988	0.10912904
213066	5264	0.10912904
213066	1262	0.10912903
213066	3225	0.1085284
213066	471	0.108528376
213119	110	0.11619969
213119	700	0.11619967
213119	1752	0.11619967
213119	2640	0.11619967
213119	6043	0.11619967
213119	6676	0.11619967
213119	6765	0.11619967
213119	1144	0.116199665
213119	2569	0.116199665
213119	4720	0.116199665
213126	696	0.096946135
213126	2504	0.096946135
213126	410	0.09694612
213126	635	0.09694612
213126	1578	0.09694612
213126	1774	0.09694612
213126	4791	0.09694612
213126	964	0.09694611
213126	2175	0.09694611
213126	4878	0.09694611
213150	688	0.12019897
213150	134	0.12019895
213150	1233	0.12019895
213150	1739	0.12019895
213150	2164	0.12019895
213150	2173	0.12019895
213150	2423	0.12019895
213150	6488	0.12019895
213150	2340	0.12019894
213150	3217	0.12019894
213191	1122	0.11381926
213191	1332	0.11381926
213191	1815	0.11381926
213191	3782	0.11381926
213191	4768	0.11381926
213191	4770	0.11381926
213191	4845	0.11381925
213191	478	0.11381924
213191	2244	0.11381924
213191	2849	0.11381924
213197	990	0.1429636
213197	1486	0.14296359
213197	4557	0.14296359
213197	4898	0.14296359
213197	5313	0.14296359
213197	5464	0.14296359
213197	6535	0.14296359
213197	6875	0.14296359
213197	96	0.14296357
213197	572	0.14296357
213255	2684	0.12286783
213255	3619	0.12286783
213255	4100	0.12286783
213255	436	0.12286782
213255	719	0.12286782
213255	4036	0.12286782
213255	4025	0.122867815
213255	4745	0.122867815
213255	1169	0.12286781
213255	1925	0.12286781
213312	463	0.11751327
213312	1031	0.11751327
213312	1034	0.11751327
213312	6346	0.11751327
213312	2307	0.117513254
213312	2923	0.117513254
213312	4392	0.117513254
213312	5694	0.117513254
213312	6061	0.117513254
213312	6099	0.117513254
213316	959	0.090423785
213316	4180	0.09042377
213316	646	0.09042376
213316	4870	0.09042376
213316	6463	0.090423755
213316	1502	0.09028036
213316	1514	0.090280354
213316	5193	0.090280354
213316	5279	0.090280354
213316	5985	0.090280354
213369	3327	0.1072683
213369	4835	0.10726829
213369	1452	0.107268274
213369	2278	0.107268274
213369	4154	0.107268274
213369	4920	0.107268274
213369	5219	0.107268274
213369	5571	0.107268274
213369	83	0.10726827
213369	1728	0.10726827
213410	4751	0.1084519
213410	5629	0.10845188
213410	1174	0.10845187
213410	1302	0.10845187
213410	1835	0.10845187
213410	2326	0.10845187
213410	2888	0.10845187
213410	3525	0.10845187
213410	4181	0.108451866
213410	789	0.10845186
213523	5453	0.11259669
213523	3287	0.112596676
213523	3247	0.11259667
213523	250	0.11259666
213523	6609	0.11259666
213523	399	0.112596646
213523	1842	0.112596646
213523	2303	0.112596646
213523	3260	0.112596646
213523	3861	0.112596646
213531	4204	0.10847038
213531	3253	0.108470365
213531	5766	0.108470365
213531	579	0.10847036
213531	3294	0.10847035
213531	3853	0.10847035
213531	3938	0.10847035
213531	2305	0.10847034
213531	6751	0.10847034
213531	758	0.108470336
213625	731	0.08807024
213625	905	0.08807024
213625	6059	0.08807024
213625	649	0.088070236
213625	1708	0.088070236
213625	5489	0.088070236
213625	213	0.08807023
213625	1251	0.08807023
213625	5900	0.08807023
213625	739	0.088070214
213628	485	0.0974676
213628	2214	0.0974676
213628	3039	0.0974676
213628	5163	0.0974676
213628	6680	0.0974676
213628	2292	0.097467594
213628	75	0.09746759
213628	720	0.09746759
213628	975	0.09746759
213628	2215	0.09746759
213638	1034	0.111486435
213638	463	0.11148642
213638	1031	0.11148642
213638	2307	0.11148642
213638	6099	0.11148642
213638	6346	0.11148642
213638	354	0.11148641
213638	3796	0.11148641
213638	2008	0.111486405
213638	2923	0.111486405
213641	3598	0.11557035
213641	87	0.11554735
213641	2652	0.115547344
213641	4258	0.11554733
213641	5620	0.11554733
213641	310	0.11554732
213641	1200	0.115547314
213641	1438	0.1155473
213641	2231	0.1155473
213641	5144	0.1155473
213664	3327	0.10511863
213664	4154	0.10511862
213664	294	0.10511861
213664	4835	0.10511861
213664	83	0.1051186
213664	1852	0.1051186
213664	2035	0.1051186
213664	2278	0.1051186
213664	3132	0.1051186
213664	4133	0.1051186
213708	1293	0.12030825
213708	1666	0.12030825
213708	2702	0.120308235
213708	2203	0.12030822
213708	2325	0.12030822
213708	2664	0.12030822
213708	4772	0.12030822
213708	6829	0.12030822
213708	3455	0.12030821
213708	5032	0.120308205
213760	4026	0.08933948
213760	4029	0.08933948
213760	971	0.08933947
213760	67	0.089339465
213760	93	0.089339465
213760	2545	0.089339465
213760	3361	0.089339465
213760	6900	0.089339465
213760	1688	0.08933946
213760	1068	0.08933945
213839	3327	0.11537912
213839	4154	0.11537911
213839	4835	0.11537911
213839	2278	0.11537909
213839	5046	0.11537909
213839	5219	0.11537909
213839	83	0.11537908
213839	174	0.11537908
213839	294	0.11537908
213839	1379	0.11537908
213851	4228	0.114832215
213851	2034	0.11483219
213851	3552	0.11483219
213851	4685	0.11483219
213851	770	0.114832185
213851	1840	0.114832185
213851	2726	0.114832185
213851	3063	0.114832185
213851	3353	0.114832185
213851	4012	0.114832185
213972	3327	0.1333861
213972	4154	0.1333861
213972	174	0.13338608
213972	257	0.13338608
213972	294	0.13338608
213972	1002	0.13338608
213972	1524	0.13338608
213972	1728	0.13338608
213972	2278	0.13338608
213972	4219	0.13338608
214042	3327	0.11363517
214042	4154	0.11363515
214042	4835	0.11363515
214042	5046	0.113635145
214042	83	0.11363514
214042	294	0.11363514
214042	1728	0.11363514
214042	2278	0.11363514
214042	4133	0.11363514
214042	4239	0.11363514
214102	4960	0.13687646
214102	679	0.13687645
214102	4648	0.13687643
214102	6323	0.13687643
214102	4961	0.13687642
214102	5853	0.13687642
214102	6771	0.13687642
214102	3019	0.1368764
214102	3161	0.13686389
214102	631	0.13686387
214138	5453	0.10947932
214138	3287	0.10947931
214138	250	0.1094793
214138	3247	0.1094793
214138	6609	0.1094793
214138	3251	0.10947929
214138	3861	0.10947929
214138	6701	0.10947929
214138	399	0.10947928
214138	1842	0.10947928
214212	3327	0.11687778
214212	4154	0.11687776
214212	4835	0.11687776
214212	4133	0.11687775
214212	4239	0.11687775
214212	4920	0.11687775
214212	5046	0.11687775
214212	83	0.11687774
214212	253	0.11687774
214212	294	0.11687774
214244	631	0.11178275
214244	2018	0.111782745
214244	2860	0.111782745
214244	3161	0.111782745
214244	4669	0.111782745
214244	6339	0.111782745
214244	3317	0.11178274
214244	4291	0.11178274
214244	6453	0.11178274
214244	598	0.11178273
214272	959	0.108027585
214272	4180	0.10802757
214272	646	0.10802755
214272	4870	0.10802755
214272	6463	0.10802755
214272	3396	0.10801233
214272	2951	0.10801232
214272	5371	0.10801232
214272	6825	0.10801231
214272	2004	0.1080123
214315	2508	0.11072409
214315	871	0.11072408
214315	3662	0.11072408
214315	358	0.11072406
214315	6515	0.11072406
214315	2675	0.110724054
214315	1797	0.11072403
214315	2107	0.11054958
214315	3564	0.11054957
214315	5048	0.11054955
214348	6711	0.11151039
214348	6494	0.11151038
214348	2793	0.111510366
214348	4081	0.11151035
214348	2389	0.11151034
214348	2588	0.11151034
214348	2818	0.11151034
214348	3857	0.11151034
214348	4076	0.11151034
214348	6712	0.11151034
214436	361	0.10685039
214436	5208	0.10685039
214436	3261	0.106850386
214436	2021	0.10685038
214436	6797	0.10685038
214436	1566	0.10685037
214436	4174	0.10685037
214436	5909	0.10685036
214436	2350	0.106850356
214436	3842	0.106850356
214686	6001	0.11831339
214686	2756	0.11831337
214686	5047	0.118313365
214686	6498	0.118313365
214686	3257	0.11831336
214686	4147	0.11831336
214686	1241	0.11831335
214686	6758	0.11831335
214686	1861	0.11831334
214686	2604	0.11831334
214786	5795	0.132662
214786	5864	0.132662
214786	3399	0.13266198
214786	6740	0.13266198
214786	176	0.13266197
214786	440	0.13266197
214786	675	0.13266197
214786	1380	0.13266197
214786	2335	0.13266197
214786	2516	0.13266197
214879	110	0.10152623
214879	6043	0.10152623
214879	6765	0.10152623
214879	2569	0.10152622
214879	6676	0.10152622
214879	700	0.101526216
214879	1144	0.101526216
214879	1360	0.101526216
214879	1752	0.101526216
214879	2640	0.101526216
214920	3913	0.09760097
214920	2800	0.09760095
214920	3197	0.09760095
214920	3285	0.09760095
214920	3550	0.09760095
214920	4062	0.09760095
214920	4438	0.09760095
214920	5923	0.09760095
214920	6446	0.09760095
214920	4169	0.097600944
215006	4100	0.13057666
215006	436	0.13057664
215006	719	0.13057664
215006	2684	0.13057664
215006	3619	0.13057664
215006	4025	0.13057664
215006	4036	0.13057664
215006	4745	0.13057664
215006	6187	0.13057664
215006	1169	0.13057663
215071	1731	0.104596585
215071	2983	0.104596585
215071	2997	0.10459658
215071	193	0.10459657
215071	744	0.10459657
215071	1207	0.10459657
215071	1709	0.10459657
215071	1918	0.10459657
215071	3234	0.10459657
215071	4197	0.10459657
215139	1922	0.10037042
215139	6048	0.10037042
215139	3248	0.100370415
215139	4083	0.100370415
215139	5012	0.100370415
215139	219	0.10037041
215139	3264	0.10037041
215139	1834	0.10037039
215139	1923	0.10037039
215139	5680	0.10037039
215148	5083	0.09710279
215148	3621	0.09709188
215148	366	0.096217126
215148	832	0.09556849
215148	158	0.09556848
215148	439	0.09556848
215148	5797	0.09556847
215148	20	0.09556846
215148	1695	0.09556846
215148	5380	0.095568456
215180	118	0.10727607
215180	184	0.10727607
215180	5817	0.10727606
215180	5992	0.10727606
215180	540	0.10727605
215180	1506	0.10727605
215180	1667	0.10727605
215180	2978	0.10727605
215180	4704	0.10727605
215180	5079	0.10727605
215256	4175	0.11185108
215256	5122	0.11185108
215256	79	0.111851074
215256	3059	0.111851074
215256	4525	0.111851074
215256	251	0.11185107
215256	450	0.11185107
215256	1624	0.11185107
215256	2659	0.11185107
215256	2728	0.11185107
215278	4679	0.09276939
215278	5284	0.09232314
215278	1960	0.09182808
215278	3627	0.09182808
215278	5008	0.09182808
215278	4417	0.09182807
215278	5205	0.09182806
215278	6228	0.09182805
215278	5763	0.09167343
215278	325	0.09167341
215359	384	0.09840553
215359	732	0.09840553
215359	3480	0.09840553
215359	6388	0.09840553
215359	232	0.098405525
215359	665	0.098405525
215359	1436	0.098405525
215359	1680	0.098405525
215359	3581	0.098405525
215359	3625	0.098405525
215388	1035	0.11380818
215388	4057	0.11380818
215388	910	0.113808155
215388	1801	0.113808155
215388	6888	0.113808155
215388	3411	0.11380815
215388	554	0.11380814
215388	1499	0.11380814
215388	3720	0.11380814
215388	4520	0.11380813
215421	2357	0.10840411
215421	4703	0.1084041
215421	5792	0.1084041
215421	1303	0.10840409
215421	1873	0.10840409
215421	513	0.108404085
215421	2549	0.108404085
215421	3534	0.108404085
215421	3724	0.108404085
215421	4431	0.108404085
215498	631	0.11227085
215498	2860	0.11227084
215498	2018	0.11227083
215498	3161	0.11227083
215498	5871	0.11227083
215498	6339	0.11227083
215498	4291	0.112270825
215498	5920	0.112270825
215498	132	0.11227082
215498	598	0.11227082
215609	1517	0.116364375
215609	4653	0.116364375
215609	2106	0.11636437
215609	2589	0.11636436
215609	6644	0.11636436
215609	4863	0.11636433
215609	3823	0.11636432
215609	5707	0.11636431
215609	824	0.11535618
215609	4654	0.11535615
215627	1910	0.12973644
215627	1819	0.12973642
215627	1999	0.12973642
215627	2976	0.12973642
215627	4313	0.12973642
215627	4843	0.12973642
215627	1867	0.12973641
215627	813	0.1297364
215627	1484	0.1297364
215627	1672	0.1297364
215693	269	0.12039721
215693	797	0.12039721
215693	6356	0.12039721
215693	6903	0.12039721
215693	1311	0.1203972
215693	2605	0.1203972
215693	2709	0.1203972
215693	3965	0.1203972
215693	4308	0.1203972
215693	249	0.120397195
215709	6567	0.12100828
215709	4069	0.12100825
215709	5630	0.12100823
215709	444	0.12063311
215709	3882	0.120633096
215709	381	0.12063309
215709	2788	0.12063308
215709	6590	0.12063308
215709	165	0.120633066
215709	2235	0.120633066
215753	696	0.09356042
215753	1550	0.09356041
215753	2504	0.09356041
215753	4791	0.09356041
215753	635	0.093560405
215753	964	0.093560405
215753	5227	0.093560405
215753	61	0.0935604
215753	410	0.0935604
215753	448	0.0935604
215829	4780	0.10765317
215829	683	0.107653156
215829	1180	0.107653156
215829	1189	0.107653156
215829	2432	0.107653156
215829	3425	0.10765314
215829	4058	0.10765314
215829	6163	0.10765314
215829	6438	0.10765314
215829	2187	0.107653104
215942	4877	0.1110015
215942	5773	0.11100149
215942	4769	0.111001484
215942	3540	0.11100147
215942	2411	0.11100146
215942	4293	0.11089968
215942	5558	0.11089967
215942	2803	0.110899664
215942	3018	0.110899664
215942	628	0.11089966
215986	110	0.11571035
215986	6043	0.11571035
215986	6676	0.11571035
215986	6765	0.11571035
215986	700	0.11571033
215986	1752	0.11571033
215986	2569	0.11571033
215986	2640	0.11571033
215986	4989	0.11571033
215986	1144	0.115710326
215988	2782	0.12528773
215988	1398	0.12528771
215988	1541	0.12528771
215988	1616	0.12528771
215988	2176	0.12528771
215988	3559	0.12528771
215988	993	0.1252877
215988	1095	0.1252877
215988	1820	0.1252877
215988	2356	0.1252877
216027	1034	0.13391428
216027	6346	0.13391428
216027	463	0.13391426
216027	1031	0.13391426
216027	2008	0.13391426
216027	2286	0.13391426
216027	2307	0.13391426
216027	2923	0.13391426
216027	3796	0.13391426
216027	3997	0.13391426
216057	2463	0.12774971
216057	3856	0.1277497
216057	4524	0.1277497
216057	6055	0.1277497
216057	6057	0.1277497
216057	858	0.12774968
216057	1641	0.12774968
216057	1643	0.12774968
216057	2668	0.12774968
216057	2767	0.12774968
216099	110	0.10646675
216099	700	0.10646674
216099	1752	0.10646674
216099	6043	0.10646674
216099	6326	0.10646674
216099	6676	0.10646674
216099	6765	0.10646674
216099	2640	0.10646673
216099	1144	0.106466725
216099	1159	0.106466725
216100	2504	0.09346566
216100	410	0.093465656
216100	696	0.093465656
216100	1550	0.09346565
216100	61	0.09346564
216100	448	0.09346564
216100	530	0.09346564
216100	635	0.09346564
216100	964	0.09346564
216100	1578	0.09346564
216151	2782	0.09281703
216151	3559	0.09281702
216151	1398	0.092817016
216151	1541	0.092817016
216151	1095	0.09281701
216151	1616	0.09281701
216151	1816	0.09281701
216151	2176	0.09281701
216151	2356	0.09281701
216151	2907	0.09281701
216260	118	0.099841535
216260	184	0.09984153
216260	4704	0.09984153
216260	1506	0.09984152
216260	5079	0.09984152
216260	5817	0.09984152
216260	5992	0.09984152
216260	6684	0.09984152
216260	6814	0.09984152
216260	108	0.09984151
216386	3765	0.124910206
216386	6331	0.124910206
216386	788	0.1249102
216386	2796	0.12491019
216386	4950	0.12491019
216386	6723	0.12491019
216386	1425	0.12491018
216386	2481	0.12491018
216386	2842	0.12491018
216386	4558	0.12491018
216435	5121	0.10410589
216435	815	0.10410585
216435	1951	0.104105845
216435	5641	0.10386643
216435	4245	0.10386641
216435	4951	0.10386641
216435	6091	0.10386641
216435	1040	0.10386639
216435	427	0.10386638
216435	3209	0.10386638
216444	1034	0.14281185
216444	6346	0.14281185
216444	463	0.14281183
216444	1031	0.14281183
216444	2307	0.14281183
216444	3796	0.14281183
216444	484	0.14281182
216444	2923	0.14281182
216444	2964	0.14281182
216444	3997	0.14281182
216466	1035	0.10372479
216466	4057	0.103724785
216466	910	0.10372477
216466	1499	0.10372477
216466	3411	0.10372477
216466	1801	0.10372476
216466	3056	0.10372476
216466	3720	0.10372476
216466	6888	0.10372476
216466	4520	0.103724755
216495	3327	0.112736
216495	294	0.11273597
216495	4154	0.11273597
216495	4835	0.11273597
216495	4920	0.11273597
216495	4133	0.112735964
216495	5046	0.112735964
216495	83	0.11273596
216495	253	0.11273596
216495	1002	0.11273596
216501	1915	0.119722866
216501	4224	0.11972286
216501	3874	0.11972285
216501	3011	0.11972284
216501	3502	0.11972284
216501	5262	0.11972284
216501	5303	0.11972284
216501	5964	0.11972284
216501	2632	0.119722836
216501	514	0.11972283
216557	2860	0.12631176
216557	3161	0.12631176
216557	631	0.12631175
216557	2018	0.12631175
216557	5871	0.12631175
216557	6339	0.12631175
216557	132	0.12631173
216557	3317	0.12631173
216557	4291	0.12631173
216557	4463	0.12631173
216602	2782	0.1084916
216602	1398	0.108491585
216602	1541	0.108491585
216602	1616	0.10849158
216602	672	0.10849157
216602	1816	0.10849157
216602	2176	0.10849157
216602	2907	0.10849157
216602	3559	0.10849157
216602	5372	0.10849157
216670	4228	0.11826844
216670	3353	0.11826843
216670	1840	0.118268415
216670	3552	0.118268415
216670	4012	0.118268415
216670	4226	0.118268415
216670	770	0.11826841
216670	2034	0.11826841
216670	4685	0.11826841
216670	24	0.1182684
216724	4028	0.09915496
216724	2427	0.099154934
216724	3609	0.0990613
216724	5077	0.098592736
216724	6429	0.09859273
216724	511	0.09859271
216724	1577	0.09859271
216724	1436	0.09842012
216724	384	0.09842011
216724	232	0.098420106
216781	6540	0.12170914
216781	1830	0.12170913
216781	6708	0.12170912
216781	1943	0.121709116
216781	5052	0.121709116
216781	721	0.12170911
216781	5995	0.1217091
216781	2935	0.12170909
216781	3439	0.12170909
216781	3527	0.121709086
216829	2269	0.09977919
216829	1579	0.09977918
216829	539	0.099779174
216829	2880	0.099779174
216829	3286	0.099779174
216829	4433	0.099779174
216829	5696	0.099779174
216829	2354	0.09977916
216829	2465	0.09977916
216829	2920	0.09977916
216877	1303	0.11537191
216877	4703	0.11537191
216877	5792	0.11537191
216877	1873	0.1153719
216877	2549	0.1153719
216877	3534	0.1153719
216877	4431	0.1153719
216877	4936	0.1153719
216877	6428	0.1153719
216877	513	0.11537189
216882	3782	0.118278384
216882	1122	0.11827838
216882	1815	0.11827838
216882	4768	0.11827838
216882	4770	0.11827838
216882	4845	0.11827838
216882	1332	0.11827837
216882	2849	0.11827837
216882	2244	0.11827836
216882	3679	0.11827836
216955	5105	0.118313536
216955	282	0.11831352
216955	457	0.11831352
216955	1066	0.11831352
216955	3506	0.11831352
216955	4087	0.11831352
216955	5053	0.11831352
216955	6216	0.11831352
216955	337	0.11831351
216955	5196	0.11831351
216962	320	0.103778
216962	346	0.103778
216962	1629	0.103778
216962	1855	0.103778
216962	4854	0.103778
216962	159	0.10377799
216962	177	0.10377799
216962	180	0.10377799
216962	236	0.10377799
216962	759	0.10377799
217012	6719	0.08533864
217012	973	0.084762305
217012	6439	0.084762305
217012	3398	0.08435409
217012	4778	0.08435409
217012	2867	0.08417101
217012	4501	0.08417099
217012	5254	0.08417099
217012	2513	0.08417098
217012	3231	0.08376278
217056	2782	0.09560172
217056	1398	0.09560171
217056	1541	0.09560171
217056	1616	0.0956017
217056	3559	0.0956017
217056	5469	0.0956017
217056	6806	0.0956017
217056	378	0.09560169
217056	672	0.09560169
217056	692	0.09560169
217106	1287	0.12715097
217106	558	0.12715095
217106	726	0.12715095
217106	4814	0.12715095
217106	561	0.12715094
217106	1676	0.12715094
217106	1704	0.12715094
217106	842	0.12715092
217106	956	0.12715092
217106	1157	0.12715092
217107	79	0.11980122
217107	1624	0.11980122
217107	3059	0.11980122
217107	4175	0.11980122
217107	168	0.11980121
217107	4273	0.11980121
217107	4342	0.11980121
217107	5122	0.1198012
217107	5605	0.1198012
217107	6620	0.1198012
217121	788	0.10947705
217121	2842	0.10947705
217121	3765	0.10947705
217121	6723	0.10947705
217121	748	0.10947704
217121	2949	0.10947704
217121	4558	0.10947704
217121	4950	0.10947704
217121	6331	0.10947704
217121	6440	0.10947704
217270	2760	0.11298193
217270	4211	0.11298193
217270	5179	0.11298192
217270	5925	0.112981915
217270	3274	0.11298191
217270	3061	0.1129819
217270	1057	0.11298189
217270	3436	0.11298189
217270	5841	0.11298189
217270	4011	0.112981886
217318	4228	0.102889806
217318	3353	0.1028898
217318	770	0.10288979
217318	1840	0.10288979
217318	2034	0.10288979
217318	4012	0.10288979
217318	4685	0.10288979
217318	24	0.10288978
217318	1001	0.10288978
217318	2726	0.10288978
217375	2782	0.09666844
217375	1541	0.09666842
217375	1616	0.09666842
217375	1816	0.09666842
217375	2356	0.09666842
217375	3559	0.09666842
217375	5372	0.09666842
217375	6806	0.09666842
217375	2176	0.096668415
217375	4610	0.096668415
217444	4898	0.10450475
217444	572	0.104504734
217444	785	0.104504734
217444	990	0.104504734
217444	1486	0.104504734
217444	5313	0.104504734
217444	5464	0.104504734
217444	6535	0.104504734
217444	96	0.10450473
217444	866	0.10450473
217468	5461	0.09374434
217468	6766	0.09374432
217468	97	0.093744315
217468	3895	0.09374431
217468	6619	0.09374431
217468	702	0.0937443
217468	6892	0.0937443
217468	1104	0.09374429
217468	6053	0.09374429
217468	6096	0.09374429
217496	2934	0.099361956
217496	976	0.09936195
217496	896	0.09936194
217496	3783	0.099361934
217496	5557	0.09936193
217496	5594	0.09936193
217496	3740	0.09936192
217496	1653	0.09936191
217496	2989	0.09936191
217496	1660	0.099361904
217512	581	0.09495116
217512	384	0.09495115
217512	732	0.094951145
217512	3480	0.094951145
217512	6388	0.094951145
217512	232	0.09495114
217512	411	0.09495114
217512	1680	0.09495114
217512	3581	0.09495114
217512	3625	0.09495114
217513	2357	0.09764837
217513	4703	0.09764837
217513	5792	0.09764836
217513	1303	0.09764835
217513	1873	0.09764835
217513	2549	0.09764835
217513	4936	0.09764835
217513	6428	0.09764835
217513	3534	0.097648345
217513	4431	0.097648345
217516	4147	0.10486179
217516	2756	0.10486178
217516	3257	0.10486178
217516	6001	0.10486178
217516	6498	0.10486178
217516	5047	0.10486177
217516	1241	0.104861766
217516	1591	0.104861766
217516	2604	0.104861766
217516	2758	0.104861766
217673	961	0.11349016
217673	2323	0.11349016
217673	4023	0.11349016
217673	2390	0.11349015
217673	2328	0.113490134
217673	2987	0.113490134
217673	3087	0.113490134
217673	4261	0.11349012
217673	155	0.11349009
217673	1696	0.11349009
217811	6540	0.111960046
217811	6708	0.111960046
217811	1830	0.11196004
217811	1943	0.11196004
217811	5052	0.11196004
217811	721	0.11196002
217811	2935	0.11196001
217811	3439	0.11196001
217811	4746	0.11196001
217811	239	0.111959994
217818	2684	0.11305581
217818	3619	0.11305581
217818	4100	0.11305581
217818	719	0.113055795
217818	1169	0.113055795
217818	4745	0.113055795
217818	6187	0.113055795
217818	436	0.11305579
217818	4025	0.11305579
217818	4036	0.11305579
217958	4228	0.107183546
217958	1840	0.10718353
217958	770	0.10718352
217958	2726	0.10718352
217958	3552	0.10718352
217958	24	0.107183516
217958	2034	0.107183516
217958	3063	0.107183516
217958	3353	0.107183516
217958	4012	0.107183516
217986	5130	0.09368333
217986	115	0.09368329
217986	230	0.09368329
217986	286	0.09368328
217986	3586	0.09368328
217986	1117	0.09368327
217986	356	0.093683265
217986	1333	0.09368326
217986	2890	0.09368324
217986	2955	0.093561746
218068	110	0.13215266
218068	6765	0.13215266
218068	700	0.13215265
218068	1330	0.13215265
218068	3469	0.13215265
218068	5034	0.13215265
218068	6043	0.13215265
218068	6404	0.13215265
218068	6676	0.13215265
218068	886	0.13215263
218121	282	0.12075633
218121	5105	0.12075633
218121	3506	0.12075632
218121	4087	0.12075632
218121	5053	0.12075631
218121	3718	0.120756306
218121	52	0.1207563
218121	337	0.1207563
218121	457	0.1207563
218121	883	0.1207563
218221	2793	0.12732738
218221	6494	0.12732738
218221	6711	0.12732738
218221	4076	0.12732737
218221	4081	0.12732737
218221	2818	0.12732735
218221	5374	0.12732735
218221	6712	0.12732735
218221	2588	0.12732734
218221	3857	0.12732734
218240	361	0.11332348
218240	5208	0.11332347
218240	3261	0.113323465
218240	2021	0.11332346
218240	2350	0.11332346
218240	6797	0.11332346
218240	1566	0.11332345
218240	4174	0.11332345
218240	5909	0.11332345
218240	3842	0.11332344
218241	2782	0.11756182
218241	1541	0.1175618
218241	1398	0.117561795
218241	672	0.11756179
218241	962	0.11756179
218241	1616	0.11756179
218241	1816	0.11756179
218241	2176	0.11756179
218241	2356	0.11756179
218241	3559	0.11756179
218286	3598	0.09504414
218286	444	0.09495835
218286	3882	0.09495835
218286	381	0.094958335
218286	6335	0.094958335
218286	2788	0.09495833
218286	3072	0.09495833
218286	4346	0.09495833
218286	165	0.09495832
218286	1182	0.09495832
218379	320	0.10455605
218379	3350	0.10455604
218379	3743	0.10455604
218379	4014	0.10455604
218379	4464	0.10455603
218379	6863	0.10455603
218379	159	0.104556024
218379	177	0.104556024
218379	180	0.104556024
218379	236	0.104556024
218411	4100	0.1334425
218411	436	0.13344249
218411	2684	0.13344249
218411	3619	0.13344249
218411	4036	0.13344249
218411	719	0.13344248
218411	4025	0.13344248
218411	4745	0.13344248
218411	6187	0.13344248
218411	6444	0.13344248
218514	1812	0.11181252
218514	5043	0.11181252
218514	5448	0.11181252
218514	1089	0.1118125
218514	1596	0.1118125
218514	5485	0.1118125
218514	5537	0.1118125
218514	690	0.111812495
218514	1872	0.111812495
218514	4737	0.111812495
218552	384	0.10620669
218552	3581	0.10620669
218552	1436	0.106206685
218552	232	0.10620668
218552	732	0.10620668
218552	1512	0.10620668
218552	4413	0.10620668
218552	5125	0.10620668
218552	6388	0.10620668
218552	1680	0.10620667
218568	1626	0.099034004
218568	3468	0.099034
218568	127	0.09903398
218568	416	0.09903398
218568	3738	0.09903398
218568	5525	0.09903398
218568	6611	0.09903398
218568	243	0.099033974
218568	4743	0.099033974
218568	5459	0.099033974
218608	1812	0.110604554
218608	5043	0.110604554
218608	5448	0.110604554
218608	1089	0.11060455
218608	4737	0.11060454
218608	5485	0.11060454
218608	5537	0.11060454
218608	690	0.11060453
218608	1596	0.11060453
218608	2374	0.11060453
218615	4228	0.09759173
218615	770	0.09759171
218615	1840	0.09759171
218615	2034	0.09759171
218615	3353	0.09759171
218615	3552	0.09759171
218615	4685	0.09759171
218615	311	0.097591706
218615	2726	0.097591706
218615	3063	0.097591706
218636	6716	0.092324674
218636	1259	0.09232466
218636	157	0.09232465
218636	182	0.09232465
218636	50	0.092324644
218636	879	0.092324644
218636	1249	0.092324644
218636	1393	0.092324644
218636	1533	0.092324644
218636	2742	0.092324644
218640	1731	0.11518481
218640	193	0.1151848
218640	744	0.1151848
218640	1709	0.1151848
218640	2983	0.1151848
218640	2997	0.1151848
218640	3234	0.1151848
218640	4197	0.1151848
218640	658	0.11518479
218640	1207	0.11518479
218689	3184	0.11756569
218689	4114	0.11756568
218689	4538	0.11756568
218689	4812	0.11756568
218689	1589	0.11756567
218689	6151	0.11756567
218689	380	0.11756566
218689	1063	0.11756566
218689	2795	0.11756566
218689	3910	0.11756566
218714	118	0.10978606
218714	184	0.10978606
218714	1506	0.10978605
218714	4704	0.10978605
218714	5817	0.10978605
218714	5992	0.10978605
218714	6814	0.10978604
218714	108	0.10978603
218714	540	0.10978603
218714	929	0.10978603
218721	2463	0.10789155
218721	6057	0.10789155
218721	4493	0.107891545
218721	4524	0.107891545
218721	6055	0.107891545
218721	858	0.10789154
218721	1643	0.10789154
218721	3856	0.10789154
218721	430	0.10789153
218721	1641	0.10789153
218760	2782	0.106098756
218760	1398	0.10609874
218760	1541	0.10609874
218760	1616	0.106098734
218760	2907	0.106098734
218760	672	0.10609873
218760	1095	0.10609873
218760	2176	0.10609873
218760	2356	0.10609873
218760	3559	0.10609873
218836	3327	0.11031832
218836	294	0.11031829
218836	2278	0.11031829
218836	4154	0.11031829
218836	4835	0.11031829
218836	4920	0.11031829
218836	5046	0.11031829
218836	1852	0.11031828
218836	4133	0.11031828
218836	6502	0.11031828
218844	4703	0.10636459
218844	5792	0.10636459
218844	2357	0.106364585
218844	1303	0.10636458
218844	513	0.10636457
218844	1873	0.10636457
218844	4936	0.10636457
218844	6428	0.10636457
218844	1763	0.10636456
218844	2549	0.10636456
218875	5461	0.106918395
218875	3895	0.10691839
218875	6766	0.10691838
218875	97	0.106918365
218875	6619	0.106918365
218875	6892	0.106918365
218875	702	0.10691835
218875	6053	0.10691835
218875	6096	0.10691835
218875	1104	0.106918335
218976	1034	0.1256496
218976	463	0.12564957
218976	1031	0.12564957
218976	2307	0.12564957
218976	3796	0.12564957
218976	6346	0.12564957
218976	2286	0.12564956
218976	2923	0.12564956
218976	2964	0.12564956
218976	3486	0.12564956
219008	4522	0.105378516
219008	187	0.10537851
219008	5195	0.10516599
219008	3479	0.10516597
219008	6114	0.10516596
219008	1399	0.10516595
219008	5913	0.10516595
219008	1892	0.1051524
219008	206	0.10515238
219008	1714	0.105152376
219035	232	0.10097942
219035	384	0.10097942
219035	581	0.10097942
219035	732	0.10097942
219035	3480	0.10097942
219035	3581	0.10097942
219035	1436	0.10097941
219035	1512	0.10097941
219035	1680	0.10097941
219035	6388	0.10097941
219065	1731	0.12185223
219065	2983	0.12185222
219065	2997	0.12185222
219065	3234	0.12185222
219065	3613	0.12185222
219065	4197	0.12185222
219065	193	0.12185221
219065	658	0.12185221
219065	744	0.12185221
219065	1207	0.12185221
219149	1855	0.119160205
219149	320	0.1191602
219149	346	0.1191602
219149	6863	0.1191602
219149	159	0.11916019
219149	755	0.11916019
219149	2339	0.11916019
219149	2573	0.11916019
219149	3350	0.11916019
219149	3501	0.11916019
219208	6375	0.13745046
219208	998	0.1364504
219208	919	0.13639522
219208	6653	0.13639513
219208	868	0.13526362
219208	1	0.13514955
219208	4	0.13514954
219208	2	0.13514948
219208	3	0.13514946
219208	6415	0.13451505
219209	1089	0.085995406
219209	1812	0.085995406
219209	5043	0.085995406
219209	4737	0.0859954
219209	5485	0.0859954
219209	560	0.08599539
219209	690	0.08599539
219209	1872	0.08599539
219209	2374	0.08599539
219209	5448	0.08599539
219278	1259	0.10306564
219278	6716	0.10306564
219278	1533	0.10306563
219278	50	0.103065625
219278	157	0.103065625
219278	879	0.103065625
219278	2742	0.103065625
219278	4248	0.103065625
219278	5755	0.103065625
219278	6550	0.103065625
219301	2782	0.09712398
219301	1398	0.09712396
219301	1541	0.09712396
219301	672	0.09712395
219301	1616	0.09712395
219301	2176	0.09712395
219301	2356	0.09712395
219301	3559	0.09712395
219301	4610	0.09712395
219301	5372	0.09712395
219321	1812	0.10936645
219321	5043	0.10936644
219321	1089	0.10936643
219321	5448	0.10936643
219321	5485	0.10936643
219321	1596	0.109366424
219321	4737	0.109366424
219321	560	0.10936642
219321	690	0.10936642
219321	1781	0.10936642
219353	2684	0.10090057
219353	719	0.10090056
219353	3619	0.10090056
219353	4100	0.10090056
219353	4745	0.10090055
219353	6187	0.10090055
219353	436	0.100900546
219353	2982	0.100900546
219353	4025	0.100900546
219353	4036	0.100900546
219387	688	0.12165133
219387	6488	0.12165133
219387	3217	0.12165132
219387	134	0.121651314
219387	1739	0.121651314
219387	2340	0.121651314
219387	2423	0.121651314
219387	1233	0.12165131
219387	1620	0.12165131
219387	2173	0.12165131
219420	3467	0.14431363
219420	1153	0.14431357
219420	6313	0.14420876
219420	4813	0.14420873
219420	1677	0.14409977
219420	1204	0.14409974
219420	858	0.14323774
219420	2463	0.14323774
219420	6057	0.14323774
219420	1643	0.14323772
219530	5105	0.10990352
219530	282	0.109903514
219530	3506	0.109903514
219530	4087	0.109903514
219530	883	0.10990351
219530	52	0.1099035
219530	337	0.1099035
219530	457	0.1099035
219530	4474	0.1099035
219530	4545	0.1099035
219546	341	0.10601087
219546	3457	0.10601087
219546	5618	0.10601087
219546	5918	0.10601087
219546	6184	0.10601087
219546	2776	0.10601086
219546	831	0.106010854
219546	3897	0.10601083
219546	3376	0.10601082
219546	503	0.105661795
219593	696	0.09532812
219593	2504	0.09532812
219593	5227	0.095328115
219593	61	0.09532811
219593	635	0.09532811
219593	1550	0.09532811
219593	1578	0.09532811
219593	3329	0.09532811
219593	4791	0.09532811
219593	448	0.0953281
219597	1731	0.11548669
219597	744	0.115486674
219597	4197	0.115486674
219597	193	0.11548667
219597	1207	0.11548667
219597	1709	0.11548667
219597	1805	0.11548667
219597	1918	0.11548667
219597	2983	0.11548667
219597	2997	0.11548667
219671	1485	0.11372428
219671	878	0.11372426
219671	850	0.113724254
219671	5750	0.11372425
219671	2059	0.11372423
219671	3989	0.11372423
219671	4485	0.11372423
219671	5873	0.11372423
219671	4386	0.113724224
219671	6224	0.113724224
219683	3271	0.1402646
219683	6731	0.14026456
219683	780	0.14026454
219683	5020	0.14026454
219683	5716	0.14026454
219683	3982	0.14012523
219683	5427	0.1401252
219683	5481	0.1401252
219683	6027	0.1401252
219683	1010	0.14012519
219921	3327	0.10326243
219921	4154	0.103262424
219921	4835	0.10326242
219921	83	0.10326241
219921	1728	0.10326241
219921	1852	0.10326241
219921	2278	0.10326241
219921	5046	0.10326241
219921	6502	0.10326241
219921	174	0.1032624
219924	1089	0.1085428
219924	1812	0.1085428
219924	5043	0.1085428
219924	5448	0.10854279
219924	5485	0.10854279
219924	690	0.108542785
219924	1872	0.108542785
219924	4737	0.108542785
219924	5537	0.108542785
219924	560	0.10854278
219949	2857	0.095750004
219949	3196	0.095750004
219949	955	0.09574999
219949	2576	0.09574998
219949	305	0.095749974
219949	2364	0.095749974
219949	4608	0.095749974
219949	6755	0.095749974
219949	6811	0.095749974
219949	5300	0.09574996
219951	4840	0.09335056
219951	338	0.093350545
219951	3445	0.09335054
219951	334	0.09335053
219951	5517	0.09335053
219951	5867	0.09335053
219951	6385	0.09335053
219951	6402	0.09335053
219951	1257	0.093350515
219951	1286	0.093350515
219955	6415	0.112948254
219955	3171	0.112948164
219955	6161	0.11287146
219955	872	0.11287145
219955	1580	0.11287144
219955	3102	0.11287144
219955	5348	0.11287144
219955	5212	0.11287143
219955	3096	0.11287142
219955	5495	0.11287142
219974	2134	0.113013506
219974	531	0.11301349
219974	5422	0.11301349
219974	1307	0.11301348
219974	4543	0.11301348
219974	5887	0.11301348
219974	545	0.113013476
219974	1720	0.113013476
219974	3051	0.113013476
219974	3303	0.113013476
220091	3327	0.12565827
220091	4154	0.12565826
220091	4835	0.12565826
220091	83	0.12565824
220091	174	0.12565824
220091	294	0.12565824
220091	1002	0.12565824
220091	1852	0.12565824
220091	2035	0.12565824
220091	2278	0.12565824
220095	346	0.112341024
220095	177	0.11234102
220095	320	0.11234102
220095	1090	0.11234102
220095	1855	0.11234102
220095	2339	0.11234102
220095	2575	0.11234102
220095	3350	0.11234102
220095	3743	0.11234102
220095	4014	0.11234102
220122	4751	0.11555566
220122	5629	0.11555564
220122	1302	0.11555563
220122	2326	0.11555563
220122	2888	0.11555562
220122	3525	0.11555562
220122	1835	0.115555614
220122	789	0.11555561
220122	1174	0.11555561
220122	3518	0.11555561
220240	5461	0.11545357
220240	3895	0.115453556
220240	97	0.11545354
220240	6766	0.11545354
220240	6892	0.115453534
220240	6619	0.11545353
220240	702	0.11545352
220240	1104	0.11545351
220240	6053	0.11545351
220240	6096	0.11545351
220278	2867	0.090410665
220278	5254	0.09041065
220278	2513	0.09041064
220278	4501	0.09041064
220278	158	0.08915764
220278	832	0.08915764
220278	439	0.08915763
220278	20	0.089157626
220278	1695	0.089157626
220278	5797	0.089157626
220314	2868	0.109358706
220314	1471	0.10847325
220314	4381	0.10847325
220314	2856	0.10847324
220314	4483	0.10847324
220314	4865	0.10847324
220314	2158	0.108473234
220314	838	0.10847323
220314	908	0.10847323
220314	3215	0.10847323
220399	2339	0.10621552
220399	320	0.106215514
220399	346	0.106215514
220399	1855	0.106215514
220399	4014	0.106215514
220399	1090	0.10621551
220399	1567	0.10621551
220399	1836	0.10621551
220399	2338	0.10621551
220399	2573	0.10621551
220484	4293	0.10929174
220484	5558	0.10929174
220484	2803	0.10929173
220484	3018	0.10929173
220484	6341	0.10929173
220484	3916	0.109291725
220484	628	0.10929172
220484	1745	0.10929172
220484	1989	0.10929172
220484	2669	0.10929172
220586	69	0.11477777
220586	5366	0.11477776
220586	959	0.11463606
220586	4180	0.11463604
220586	646	0.11463603
220586	6463	0.11463603
220586	4870	0.11463602
220586	1746	0.11430234
220586	2951	0.11416061
220586	3396	0.11416061
220597	1609	0.09238086
220597	4264	0.09238085
220597	5035	0.09238085
220597	2112	0.09238084
220597	4926	0.09238084
220597	795	0.09238082
220597	6705	0.09238082
220597	3935	0.09238081
220597	2111	0.0923808
220597	4636	0.09202519
220608	696	0.10085503
220608	61	0.10085502
220608	410	0.10085502
220608	1578	0.10085502
220608	2504	0.10085502
220608	240	0.10085501
220608	635	0.10085501
220608	964	0.10085501
220608	1550	0.10085501
220608	1774	0.10085501
220635	76	0.104683004
220635	4929	0.104683004
220635	5671	0.104683004
220635	2433	0.104683
220635	6169	0.104683
220635	6787	0.10468299
220635	1562	0.104682975
220635	2979	0.103708126
220635	1368	0.10370812
220635	3328	0.10370812
220664	72	0.10814268
220664	523	0.108142674
220664	3727	0.108142674
220664	6756	0.108142674
220664	5856	0.10814267
220664	6237	0.10814267
220664	1282	0.10814266
220664	2509	0.10814266
220664	4620	0.10814266
220664	5201	0.10814266
220688	1812	0.1264346
220688	5043	0.1264346
220688	5448	0.1264346
220688	1089	0.12643458
220688	5485	0.12643458
220688	5537	0.12643458
220688	71	0.12643456
220688	560	0.12643456
220688	690	0.12643456
220688	988	0.12643456
220759	4519	0.108994514
220759	5021	0.108994514
220759	5659	0.108994514
220759	4449	0.1089945
220759	4935	0.1089945
220759	266	0.10899449
220759	2727	0.108994484
220759	3554	0.108994484
220759	4155	0.108994484
220759	2331	0.10699949
220867	110	0.1250382
220867	6765	0.1250382
220867	700	0.12503819
220867	1144	0.12503819
220867	1752	0.12503819
220867	6043	0.12503819
220867	1154	0.12503818
220867	1330	0.12503818
220867	1408	0.12503818
220867	1736	0.12503818
220892	133	0.09271822
220892	2014	0.09271822
220892	622	0.092718214
220892	660	0.09271821
220892	668	0.09271821
220892	2633	0.09271821
220892	3048	0.09271821
220892	473	0.0927182
220892	3064	0.0927182
220892	6383	0.0927182
220911	1501	0.116196916
220911	1937	0.1161969
220911	1659	0.11619689
220911	538	0.116196886
220911	1545	0.116196886
220911	1916	0.116196886
220911	302	0.11619687
220911	3440	0.11619687
220911	3949	0.116196856
220911	1027	0.11619684
220931	572	0.13978553
220931	990	0.13978553
220931	4898	0.13978553
220931	6212	0.13978553
220931	96	0.13978551
220931	839	0.13978551
220931	2641	0.13978551
220931	5464	0.13978551
220931	6084	0.13978551
220931	6535	0.13978551
220945	5352	0.1040016
220945	2376	0.10400159
220945	2040	0.10400158
220945	4112	0.10400158
220945	3536	0.104001574
220945	3133	0.10400155
220945	5786	0.104001544
220945	2556	0.10394008
220945	898	0.103940055
220945	1795	0.103940055
221008	5792	0.102910765
221008	513	0.10291076
221008	1303	0.10291076
221008	1873	0.10291076
221008	2357	0.10291076
221008	4703	0.10291076
221008	4936	0.10291076
221008	6428	0.10291076
221008	3724	0.10291075
221008	2549	0.10291074
221040	1643	0.11666347
221040	2463	0.11666347
221040	6057	0.11666347
221040	858	0.116663456
221040	3657	0.116663456
221040	3856	0.116663456
221040	4493	0.116663456
221040	4524	0.116663456
221040	6055	0.116663456
221040	1641	0.11666345
221050	193	0.11791369
221050	1731	0.11791369
221050	2997	0.117913686
221050	4197	0.117913686
221050	744	0.11791368
221050	1207	0.11791368
221050	1709	0.11791368
221050	1805	0.11791368
221050	2983	0.11791368
221050	3115	0.11791368
221186	733	0.10817325
221186	4968	0.10817325
221186	259	0.10817324
221186	944	0.10817324
221186	2687	0.10817324
221186	546	0.108173236
221186	648	0.108173236
221186	1387	0.108173236
221186	1618	0.108173236
221186	1823	0.108173236
221232	1207	0.10838266
221232	4197	0.10838266
221232	193	0.10838265
221232	744	0.10838265
221232	1731	0.10838265
221232	2997	0.10838265
221232	100	0.10838264
221232	567	0.10838264
221232	658	0.10838264
221232	1805	0.10838264
221309	6034	0.09121519
221309	6148	0.09121519
221309	891	0.090837345
221309	5366	0.09079898
221309	69	0.090798974
221309	3336	0.090778805
221309	5793	0.090778805
221309	2064	0.0907788
221309	4305	0.0907788
221309	1821	0.090778776
221327	236	0.12525563
221327	320	0.12525563
221327	346	0.12525563
221327	1629	0.12525563
221327	3743	0.12525563
221327	4014	0.12525563
221327	177	0.12525561
221327	180	0.12525561
221327	755	0.12525561
221327	1106	0.12525561
221368	6307	0.10753719
221368	3341	0.10753718
221368	1902	0.107537165
221368	2415	0.107537165
221368	3810	0.107537165
221368	5162	0.107537165
221368	5636	0.107537165
221368	6790	0.107537165
221368	62	0.10753716
221368	1355	0.10753716
221445	87	0.095350295
221445	2652	0.095350295
221445	4258	0.095350295
221445	310	0.09535028
221445	5620	0.09535028
221445	1200	0.09535027
221445	2231	0.095350266
221445	5144	0.095350266
221445	6264	0.095350266
221445	4294	0.09535026
221510	2122	0.12031604
221510	6639	0.12031604
221510	5806	0.120316036
221510	4041	0.12031601
221510	6582	0.120316006
221510	5215	0.12031599
221510	6248	0.11986103
221510	2695	0.11986102
221510	5385	0.11986101
221510	2105	0.11986099
221543	3327	0.11996427
221543	4154	0.11996425
221543	4835	0.11996425
221543	83	0.11996424
221543	294	0.11996424
221543	2278	0.11996424
221543	4920	0.11996424
221543	5965	0.11996424
221543	6502	0.11996424
221543	1852	0.119964235
221557	696	0.097048275
221557	2504	0.09704827
221557	1578	0.09704826
221557	61	0.09704825
221557	410	0.09704825
221557	635	0.09704825
221557	964	0.09704825
221557	1550	0.09704825
221557	3329	0.09704825
221557	4187	0.09704825
221655	696	0.0973347
221655	2504	0.0973347
221655	61	0.09733468
221655	410	0.09733468
221655	635	0.09733468
221655	1550	0.09733468
221655	1578	0.09733468
221655	4791	0.09733468
221655	5227	0.09733468
221655	240	0.09733467
221672	6783	0.114537686
221672	574	0.11453766
221672	5327	0.11453766
221672	816	0.11453764
221672	4044	0.11453764
221672	4629	0.11453764
221672	2409	0.114537634
221672	2743	0.114537634
221672	1723	0.11453763
221672	1944	0.11453763
221681	320	0.11277803
221681	236	0.11277802
221681	346	0.11277802
221681	1567	0.11277802
221681	1629	0.11277802
221681	1855	0.11277802
221681	2339	0.11277802
221681	3743	0.11277802
221681	4014	0.11277802
221681	6863	0.11277802
221687	176	0.10605785
221687	5795	0.10605785
221687	5864	0.10605785
221687	6740	0.106057845
221687	440	0.10605784
221687	675	0.10605784
221687	2516	0.10605783
221687	2692	0.10605783
221687	3399	0.10605783
221687	1380	0.10605782
221705	3353	0.10193613
221705	4228	0.10193613
221705	1840	0.101936124
221705	24	0.10193612
221705	770	0.10193612
221705	2034	0.10193612
221705	2726	0.10193612
221705	3552	0.10193612
221705	4012	0.10193612
221705	4225	0.10193612
221732	699	0.09348749
221732	5731	0.09348748
221732	3403	0.093391545
221732	480	0.09339154
221732	4909	0.09339154
221732	6192	0.09339154
221732	382	0.09339152
221732	6910	0.09339152
221732	1037	0.093391515
221732	5974	0.09339151
221753	3630	0.12316414
221753	6618	0.12316412
221753	3703	0.12316411
221753	4586	0.1231641
221753	4822	0.123164095
221753	5174	0.123164095
221753	5593	0.123164095
221753	1134	0.12316409
221753	3017	0.12316409
221753	4102	0.12316409
221777	6763	0.11029499
221777	259	0.11029498
221777	733	0.11029498
221777	944	0.11029498
221777	2687	0.11029498
221777	3710	0.11029498
221777	4695	0.11029498
221777	546	0.110294975
221777	1618	0.110294975
221777	2001	0.110294975
221870	778	0.09559176
221870	1288	0.09559174
221870	3669	0.09559174
221870	4971	0.09559174
221870	5519	0.09559174
221870	5546	0.09559174
221870	6802	0.09559174
221870	1633	0.09559173
221870	1662	0.09559173
221870	1967	0.09559173
221948	384	0.096071094
221948	581	0.096071094
221948	232	0.09607108
221948	732	0.09607108
221948	1436	0.09607108
221948	1512	0.09607108
221948	3480	0.09607108
221948	3581	0.09607108
221948	5503	0.09607108
221948	6388	0.09607108
221967	384	0.10800548
221967	581	0.10800548
221967	732	0.10800547
221967	232	0.108005464
221967	411	0.108005464
221967	1436	0.108005464
221967	1680	0.108005464
221967	3480	0.108005464
221967	3581	0.108005464
221967	3625	0.108005464
222034	3327	0.118339926
222034	4154	0.11833991
222034	4835	0.11833991
222034	83	0.118339896
222034	253	0.118339896
222034	294	0.118339896
222034	1002	0.118339896
222034	1524	0.118339896
222034	4133	0.118339896
222034	4239	0.118339896
222035	184	0.11531265
222035	5817	0.11531265
222035	118	0.11531264
222035	5992	0.11531264
222035	540	0.115312636
222035	1506	0.115312636
222035	6814	0.115312636
222035	1667	0.11531263
222035	4704	0.11531263
222035	5079	0.11531263
222050	5382	0.14460994
222050	676	0.14460993
222050	2808	0.14460993
222050	914	0.14460991
222050	1756	0.14460991
222050	2410	0.14460991
222050	3726	0.14460991
222050	397	0.1446099
222050	2528	0.1446099
222050	2749	0.1446099
222152	79	0.12887383
222152	1624	0.12887383
222152	4175	0.12887383
222152	4273	0.12887383
222152	2728	0.12887381
222152	3059	0.12887381
222152	4177	0.12887381
222152	4342	0.12887381
222152	5122	0.12887381
222152	144	0.1288738
222204	2556	0.122700304
222204	4514	0.12270029
222204	1795	0.122700274
222204	898	0.12270027
222204	1271	0.12270027
222204	2129	0.12270026
222204	5721	0.12270026
222204	6058	0.12270026
222204	6769	0.12270025
222204	2806	0.122700244
222210	3730	0.107726455
222210	4725	0.10772642
222210	499	0.10772638
222210	3459	0.10772637
222210	2381	0.1075674
222210	6177	0.10756737
222210	1809	0.10756736
222210	1884	0.10756736
222210	1665	0.10754636
222210	3055	0.10754636
222220	2230	0.116175614
222220	2224	0.11617561
222220	3892	0.11617561
222220	4183	0.11617561
222220	1176	0.1161756
222220	2407	0.1161756
222220	3313	0.1161756
222220	3582	0.1161756
222220	4790	0.1161756
222220	1576	0.11617559
222296	3341	0.12899679
222296	6307	0.12899679
222296	62	0.12899676
222296	950	0.12899676
222296	1355	0.12899676
222296	1902	0.12899676
222296	2415	0.12899676
222296	2492	0.12899676
222296	3310	0.12899676
222296	3810	0.12899676
222353	546	0.1065876
222353	733	0.1065876
222353	944	0.1065876
222353	3710	0.1065876
222353	4695	0.1065876
222353	5150	0.1065876
222353	5333	0.1065876
222353	6763	0.1065876
222353	259	0.106587596
222353	326	0.106587596
222372	176	0.10464737
222372	5795	0.10464737
222372	5864	0.10464737
222372	440	0.10464735
222372	675	0.10464735
222372	6740	0.10464735
222372	3399	0.104647346
222372	1380	0.10464734
222372	2335	0.10464734
222372	2516	0.10464734
222488	1508	0.119907886
222488	1120	0.11990787
222488	1073	0.11990786
222488	3100	0.11990786
222488	3492	0.119907856
222488	3607	0.11990785
222488	65	0.11990784
222488	3661	0.11990784
222488	5735	0.11990783
222488	6621	0.119907826
222492	6079	0.101786226
222492	1088	0.10178622
222492	3326	0.10178621
222492	3405	0.10178621
222492	6104	0.101786196
222492	373	0.101454906
222492	4590	0.1014549
222492	90	0.101454884
222492	2416	0.101454884
222492	2207	0.10111822
222501	3503	0.11528165
222501	6215	0.11528164
222501	3297	0.115281634
222501	3636	0.115281634
222501	549	0.11528161
222501	4118	0.11528161
222501	4632	0.11528161
222501	5293	0.11528161
222501	6345	0.11528161
222501	248	0.115281604
222506	6569	0.09202589
222506	353	0.09202588
222506	642	0.09202587
222506	3837	0.09202585
222506	2107	0.09131478
222506	3564	0.09131476
222506	1602	0.09131475
222506	5441	0.09131475
222506	5048	0.09131474
222506	3198	0.09131473
222563	6698	0.111875266
222563	269	0.11187526
222563	797	0.11187525
222563	6472	0.11187525
222563	6636	0.11187525
222563	3965	0.11187524
222563	6356	0.11187524
222563	249	0.111875236
222563	1311	0.111875236
222563	1794	0.111875236
222614	320	0.11360956
222614	159	0.11360955
222614	346	0.11360955
222614	1629	0.11360955
222614	1855	0.11360955
222614	2575	0.11360955
222614	3350	0.11360955
222614	3743	0.11360955
222614	4014	0.11360955
222614	4854	0.11360955
222677	79	0.09655239
222677	4175	0.09655238
222677	4177	0.09655238
222677	4342	0.09655238
222677	5122	0.09655238
222677	6532	0.09655238
222677	251	0.09655237
222677	1624	0.09655237
222677	2728	0.09655237
222677	3059	0.09655237
222688	6763	0.112715155
222688	5150	0.11271515
222688	5333	0.11271515
222688	259	0.11271514
222688	326	0.11271514
222688	546	0.11271514
222688	648	0.11271514
222688	733	0.11271514
222688	944	0.11271514
222688	1387	0.11271514
222716	72	0.11828031
222716	523	0.11828031
222716	5856	0.11828029
222716	812	0.118280284
222716	2509	0.118280284
222716	2882	0.118280284
222716	6237	0.118280284
222716	1282	0.11828028
222716	3727	0.11828028
222716	4620	0.11828028
222743	6698	0.1246555
222743	269	0.124655485
222743	797	0.124655485
222743	2709	0.124655485
222743	6356	0.124655485
222743	6472	0.124655485
222743	6903	0.124655485
222743	1311	0.12465548
222743	2605	0.12465548
222743	249	0.12465547
222788	2463	0.10962045
222788	6057	0.10962045
222788	858	0.109620444
222788	4493	0.109620444
222788	4524	0.109620444
222788	6055	0.109620444
222788	430	0.10962044
222788	1641	0.10962044
222788	1643	0.10962044
222788	2668	0.10962044
222941	2696	0.102573425
222941	5015	0.102573425
222941	298	0.10257342
222941	504	0.10257342
222941	798	0.10257342
222941	1051	0.10257342
222941	4334	0.10257342
222941	422	0.10257341
222941	705	0.10257341
222941	792	0.10257341
223066	558	0.12466927
223066	726	0.124669254
223066	1287	0.124669254
223066	561	0.12466924
223066	4814	0.12466924
223066	842	0.124669224
223066	1676	0.124669224
223066	1704	0.124669224
223066	5565	0.124669224
223066	5617	0.124669224
223078	110	0.107700765
223078	6765	0.107700765
223078	1752	0.10770076
223078	6043	0.10770076
223078	1144	0.10770075
223078	2640	0.10770075
223078	6326	0.10770075
223078	6676	0.10770075
223078	700	0.10770074
223078	2569	0.10770074
223087	1501	0.14242762
223087	1545	0.1424276
223087	1937	0.1424276
223087	302	0.14242758
223087	538	0.14242758
223087	1916	0.14242756
223087	3440	0.14242756
223087	3949	0.14242755
223087	1027	0.14242753
223087	4221	0.14208153
223132	79	0.12012683
223132	4273	0.12012683
223132	3059	0.12012682
223132	4342	0.12012682
223132	251	0.12012681
223132	1624	0.12012681
223132	2728	0.12012681
223132	4175	0.12012681
223132	4177	0.12012681
223132	5122	0.12012681
223154	384	0.11173852
223154	581	0.11173852
223154	232	0.1117385
223154	732	0.1117385
223154	1512	0.1117385
223154	1680	0.1117385
223154	3581	0.1117385
223154	3625	0.1117385
223154	5156	0.1117385
223154	5503	0.1117385
223156	3327	0.1065152
223156	4133	0.10651517
223156	4154	0.10651517
223156	4835	0.10651517
223156	5046	0.10651517
223156	83	0.10651516
223156	253	0.10651516
223156	1852	0.10651516
223156	4920	0.10651516
223156	294	0.106515154
223190	2207	0.105187505
223190	188	0.10518749
223190	913	0.10518749
223190	3673	0.10518749
223190	5975	0.10518749
223190	6685	0.10518749
223190	1062	0.10518748
223190	1639	0.10518748
223190	2143	0.10518748
223190	3851	0.10518748
223201	1624	0.12268318
223201	4175	0.12268318
223201	4273	0.12268318
223201	79	0.122683175
223201	168	0.12268317
223201	2728	0.12268316
223201	3059	0.12268316
223201	6532	0.12268316
223201	251	0.12268315
223201	2659	0.12268315
223210	1461	0.12583116
223210	3481	0.12583113
223210	6748	0.12583113
223210	1141	0.12583111
223210	4752	0.12583111
223210	6152	0.1258311
223210	6788	0.1258311
223210	200	0.12535284
223210	4194	0.12535281
223210	6475	0.1253528
223231	110	0.10001227
223231	6043	0.10001227
223231	1144	0.10001226
223231	1752	0.10001226
223231	2640	0.10001226
223231	4720	0.10001226
223231	6117	0.10001226
223231	6676	0.10001226
223231	6765	0.10001226
223231	2179	0.10001225
223238	558	0.10860984
223238	726	0.10860984
223238	1287	0.10860984
223238	561	0.108609825
223238	1704	0.108609825
223238	4814	0.108609825
223238	5565	0.10860982
223238	1157	0.10860981
223238	1676	0.10860981
223238	5087	0.10860981
223253	619	0.09263641
223253	2886	0.0926364
223253	2317	0.09263639
223253	3306	0.09263639
223253	959	0.09234609
223253	646	0.09234607
223253	4180	0.092346065
223253	4870	0.09234606
223253	6463	0.09234606
223253	2951	0.09223548
223325	5727	0.09699206
223325	1597	0.096992046
223325	5130	0.09673259
223325	115	0.09673254
223325	230	0.09673254
223325	3586	0.09673254
223325	286	0.09673253
223325	356	0.09673251
223325	1117	0.09673251
223325	1333	0.096732505
223402	1024	0.12012546
223402	3846	0.12012545
223402	351	0.12012544
223402	697	0.12012544
223402	1880	0.12012544
223402	3676	0.12012544
223402	5691	0.12012544
223402	2830	0.120125435
223402	4237	0.120125435
223402	204	0.12012543
223431	444	0.115992025
223431	3882	0.115992025
223431	381	0.11599201
223431	2788	0.115992
223431	3072	0.115992
223431	6335	0.115992
223431	165	0.115991995
223431	2944	0.115991995
223431	3015	0.115991995
223431	4234	0.115991995
223438	2269	0.106779896
223438	1579	0.10677989
223438	5696	0.10677989
223438	539	0.10677988
223438	3286	0.10677988
223438	4433	0.10677988
223438	2354	0.10677987
223438	2880	0.10677987
223438	5242	0.10677987
223438	5915	0.10677987
223454	5306	0.104053326
223454	2366	0.10405331
223454	3954	0.1040533
223454	4618	0.1040533
223454	5858	0.1040533
223454	4879	0.104053296
223454	2899	0.10405329
223454	3653	0.10405329
223454	4223	0.104053274
223454	4576	0.104053274
223455	2790	0.12092279
223455	3039	0.12065181
223455	5163	0.120651804
223455	75	0.1206518
223455	485	0.1206518
223455	2292	0.1206518
223455	5147	0.1206518
223455	6680	0.1206518
223455	1496	0.12065179
223455	6014	0.12065179
223461	320	0.12678108
223461	346	0.12678108
223461	1629	0.12678108
223461	2338	0.12678108
223461	2339	0.12678108
223461	3743	0.12678108
223461	4014	0.12678108
223461	4854	0.12678108
223461	236	0.12678106
223461	1090	0.12678106
223501	1855	0.11828096
223501	2339	0.11828096
223501	320	0.11828095
223501	346	0.11828095
223501	1567	0.11828095
223501	1726	0.11828095
223501	4512	0.11828095
223501	6863	0.11828095
223501	159	0.11828094
223501	1836	0.11828094
223530	1731	0.1108115
223530	744	0.11081149
223530	1709	0.11081149
223530	2983	0.11081149
223530	2997	0.11081149
223530	6887	0.11081149
223530	100	0.11081147
223530	193	0.11081147
223530	567	0.11081147
223530	658	0.11081147
223554	1810	0.12205435
223554	3055	0.122054346
223554	1665	0.12205434
223554	2331	0.12205434
223554	4993	0.12205434
223554	5504	0.12205434
223554	6348	0.12205434
223554	3476	0.12205433
223554	2679	0.12205432
223554	656	0.122054316
223566	731	0.10213851
223566	905	0.10213851
223566	6059	0.10213851
223566	213	0.102138504
223566	649	0.102138504
223566	1708	0.102138504
223566	5489	0.102138504
223566	739	0.10213849
223566	1251	0.10213849
223566	5900	0.10213849
223587	3222	0.13961172
223587	367	0.13961168
223587	5006	0.13961166
223587	544	0.13961163
223587	764	0.13961163
223587	1877	0.13961163
223587	829	0.13957107
223587	1888	0.13957107
223587	2241	0.13957106
223587	4115	0.13957106
223608	3184	0.107800394
223608	4114	0.107800394
223608	4538	0.107800394
223608	380	0.10780038
223608	1063	0.10780038
223608	1589	0.10780038
223608	4812	0.10780038
223608	5064	0.10780038
223608	6151	0.10780038
223608	2795	0.10780037
223644	81	0.12223966
223644	358	0.12098646
223644	871	0.12098645
223644	6515	0.120986424
223644	2675	0.12098642
223644	3662	0.12098642
223644	2508	0.12098641
223644	1797	0.1209864
223644	1475	0.12006248
223644	877	0.11947167
223714	4296	0.116059855
223714	4091	0.11605983
223714	2786	0.116059825
223714	3551	0.1160598
223714	5103	0.1160598
223714	6304	0.1160598
223714	4621	0.11605979
223714	5289	0.11605979
223714	3734	0.11605978
223714	6124	0.11576436
223721	2782	0.117335394
223721	1095	0.11733538
223721	1398	0.11733538
223721	1541	0.11733538
223721	1616	0.11733538
223721	3559	0.11733538
223721	5372	0.11733538
223721	6806	0.11733537
223721	234	0.117335364
223721	672	0.117335364
223768	320	0.10195816
223768	346	0.101958156
223768	1567	0.101958156
223768	1629	0.101958156
223768	1855	0.101958156
223768	3743	0.101958156
223768	4014	0.101958156
223768	4854	0.101958156
223768	180	0.10195815
223768	236	0.10195815
223787	6564	0.1040591
223787	2746	0.104059085
223787	2963	0.10405908
223787	1955	0.10405907
223787	3583	0.10405907
223787	5255	0.10405907
223787	3659	0.104059055
223787	3921	0.104059055
223787	5951	0.10405904
223787	3884	0.10405903
223814	990	0.10194842
223814	4898	0.10194842
223814	6212	0.10194842
223814	96	0.10194841
223814	572	0.10194841
223814	785	0.10194841
223814	1486	0.10194841
223814	4477	0.10194841
223814	4554	0.10194841
223814	5313	0.10194841
223816	4898	0.12181502
223816	5464	0.12181501
223816	1486	0.121815
223816	6535	0.121815
223816	96	0.121814996
223816	572	0.121814996
223816	785	0.121814996
223816	839	0.121814996
223816	990	0.121814996
223816	4557	0.121814996
223872	1701	0.10799575
223872	5311	0.10799574
223872	904	0.107995726
223872	2052	0.107995726
223872	5298	0.107995726
223872	5649	0.107995726
223872	1127	0.10799572
223872	4380	0.10799572
223872	6028	0.10799572
223872	4484	0.10799571
223879	3184	0.11047985
223879	4114	0.11047982
223879	4812	0.11047982
223879	4946	0.11047982
223879	1589	0.11047981
223879	3431	0.11047981
223879	6591	0.11047981
223879	380	0.1104798
223879	1063	0.1104798
223879	2063	0.1104798
223892	320	0.12209581
223892	346	0.12209581
223892	1629	0.12209581
223892	1855	0.12209581
223892	4014	0.12209581
223892	4217	0.12209581
223892	6334	0.12209581
223892	159	0.1220958
223892	1090	0.1220958
223892	1567	0.1220958
223927	778	0.09475432
223927	1967	0.09475431
223927	5514	0.0947543
223927	466	0.09475429
223927	1288	0.09475429
223927	1633	0.09475429
223927	2036	0.09475429
223927	4971	0.09475429
223927	5442	0.09475429
223927	5519	0.09475429
223953	2636	0.11314228
223953	6346	0.11248559
223953	1034	0.11248558
223953	1031	0.112485565
223953	2307	0.112485565
223953	2923	0.112485565
223953	3997	0.112485565
223953	1869	0.11248556
223953	2150	0.11248556
223953	3186	0.11248556
223954	2230	0.11259381
223954	1176	0.1125938
223954	2224	0.1125938
223954	2407	0.1125938
223954	3313	0.1125938
223954	3892	0.1125938
223954	4183	0.1125938
223954	695	0.112593785
223954	1576	0.112593785
223954	2936	0.112593785
223977	320	0.12745334
223977	1629	0.12745334
223977	177	0.12745333
223977	180	0.12745333
223977	236	0.12745333
223977	346	0.12745333
223977	1442	0.12745333
223977	1453	0.12745333
223977	1567	0.12745333
223977	1855	0.12745333
224122	3018	0.11800395
224122	4293	0.11800395
224122	5558	0.11800394
224122	6341	0.11800394
224122	628	0.118003935
224122	2669	0.118003935
224122	2752	0.118003935
224122	2803	0.118003935
224122	3916	0.118003935
224122	4403	0.118003935
224138	124	0.107720755
224138	350	0.10769443
224138	1502	0.10769443
224138	1514	0.10769442
224138	1946	0.10769442
224138	5193	0.10769442
224138	5279	0.10769442
224138	1212	0.1076944
224138	1630	0.1076944
224138	5985	0.1076944
224146	3273	0.10295294
224146	3766	0.10295294
224146	4567	0.10295291
224146	5864	0.10215485
224146	176	0.10215484
224146	5795	0.102154836
224146	6740	0.10215483
224146	440	0.10215482
224146	675	0.10215482
224146	3399	0.10215481
224159	3396	0.08972334
224159	2951	0.08972333
224159	5371	0.08972333
224159	459	0.08972332
224159	4259	0.08972332
224159	6605	0.08972332
224159	6825	0.08972332
224159	1247	0.08972331
224159	2004	0.08972331
224159	1301	0.089723304
224209	696	0.09827864
224209	2504	0.09827864
224209	61	0.09827863
224209	410	0.09827863
224209	635	0.09827863
224209	1550	0.09827863
224209	1578	0.09827863
224209	4878	0.09827863
224209	964	0.09827862
224209	1774	0.09827862
224236	3847	0.08845547
224236	2373	0.08845545
224236	5105	0.08814652
224236	282	0.08814651
224236	337	0.08814651
224236	3506	0.08814651
224236	4087	0.08814651
224236	883	0.0881465
224236	3718	0.0881465
224236	4683	0.0881465
224249	2504	0.12548272
224249	61	0.12548271
224249	410	0.12548271
224249	635	0.12548271
224249	1550	0.12548271
224249	4187	0.12548271
224249	4793	0.12548271
224249	5227	0.12548271
224249	240	0.1254827
224249	1774	0.1254827
224289	3627	0.10231045
224289	4417	0.10231045
224289	1960	0.10231044
224289	5008	0.10231042
224289	5205	0.10231041
224289	6228	0.102310404
224289	1915	0.101146236
224289	3874	0.10114623
224289	3502	0.10114622
224289	3819	0.10114622
224303	5405	0.103078425
224303	1532	0.10307841
224303	3909	0.10307841
224303	6217	0.10307841
224303	3159	0.1030784
224303	6782	0.1030784
224303	5733	0.103078395
224303	1162	0.10307838
224303	4978	0.10307838
224303	905	0.10296985
224308	5195	0.10503871
224308	3479	0.10503869
224308	1399	0.10503867
224308	6114	0.10503867
224308	5913	0.105038665
224308	4844	0.10421292
224308	4452	0.10421291
224308	4547	0.10421291
224308	1950	0.1042129
224308	4942	0.1042129
224340	259	0.10247059
224340	733	0.10247059
224340	944	0.10247059
224340	1823	0.10247059
224340	2001	0.10247059
224340	2687	0.10247059
224340	3647	0.10247059
224340	4695	0.10247059
224340	4968	0.10247059
224340	5150	0.10247059
224342	3882	0.11726828
224342	381	0.117268264
224342	444	0.117268264
224342	6335	0.117268264
224342	2788	0.11726825
224342	3072	0.11726825
224342	6590	0.11726825
224342	4234	0.11726824
224342	4346	0.11726824
224342	6856	0.11726824
224349	1430	0.11630046
224349	6663	0.11630046
224349	2403	0.116300456
224349	1248	0.11630045
224349	5559	0.11630044
224349	114	0.116300434
224349	1188	0.116300434
224349	3701	0.116300434
224349	2738	0.11630043
224349	171	0.11630042
224430	6716	0.106778085
224430	1259	0.10677807
224430	157	0.10677806
224430	4248	0.10677806
224430	50	0.106778055
224430	1533	0.106778055
224430	2742	0.106778055
224430	2919	0.106778055
224430	5755	0.106778055
224430	6550	0.106778055
224435	3917	0.10437817
224435	3256	0.104378164
224435	6122	0.104378164
224435	2016	0.10437816
224435	2169	0.10437816
224435	2494	0.10437816
224435	3580	0.10437816
224435	5018	0.10437816
224435	5258	0.10437816
224435	340	0.10437815
224479	5504	0.11325358
224479	1665	0.11325356
224479	1810	0.11325356
224479	2331	0.11325356
224479	2679	0.11325356
224479	3055	0.11325356
224479	4993	0.11325356
224479	6348	0.11325356
224479	3476	0.11325354
224479	6179	0.11325352
224525	6346	0.11731008
224525	1034	0.11731007
224525	463	0.11731006
224525	1031	0.11731006
224525	2307	0.11731006
224525	2964	0.11731006
224525	3796	0.11731006
224525	6099	0.11731006
224525	484	0.117310055
224525	2923	0.117310055
224626	2696	0.105394825
224626	4334	0.10539482
224626	298	0.10539481
224626	422	0.10539481
224626	504	0.10539481
224626	798	0.10539481
224626	1743	0.10539481
224626	2084	0.10539481
224626	3624	0.10539481
224626	5015	0.10539481
224646	788	0.13986275
224646	1425	0.13986275
224646	2842	0.13986275
224646	3765	0.13986275
224646	6331	0.13986275
224646	748	0.13986273
224646	1552	0.13986273
224646	2481	0.13986273
224646	2949	0.13986273
224646	4558	0.13986273
224764	2541	0.09508002
224764	5261	0.09508
224764	6023	0.09416985
224764	4447	0.09367574
224764	6613	0.09367573
224764	6817	0.09367572
224764	2257	0.093675695
224764	4007	0.09346379
224764	92	0.09346376
224764	2334	0.09346376
224768	990	0.1431914
224768	1486	0.1431914
224768	4898	0.1431914
224768	6212	0.1431914
224768	96	0.14319138
224768	5313	0.14319138
224768	5829	0.14319138
224768	6535	0.14319138
224768	570	0.14319137
224768	572	0.14319137
224809	2269	0.10282837
224809	539	0.10282835
224809	1579	0.10282835
224809	2354	0.10282835
224809	3286	0.10282835
224809	4433	0.10282835
224809	5696	0.10282835
224809	2880	0.102828346
224809	5242	0.102828346
224809	2465	0.10282834
224904	824	0.11236735
224904	3835	0.11236732
224904	4654	0.11236732
224904	6086	0.1123673
224904	1335	0.112367295
224904	5430	0.11236729
224904	1075	0.11181293
224904	5213	0.111812904
224904	2645	0.1118129
224904	1652	0.11181289
224923	4161	0.12034437
224923	4688	0.12034434
224923	1273	0.120344326
224923	2237	0.12034431
224923	2317	0.119298264
224923	619	0.11929825
224923	2886	0.11929825
224923	3306	0.11929824
224923	303	0.11882096
224923	2000	0.118251294
224927	211	0.09127817
224927	4385	0.09127815
224927	2522	0.091278136
224927	158	0.091141574
224927	439	0.09114157
224927	832	0.09114157
224927	1695	0.09114157
224927	5797	0.09114155
224927	20	0.091141544
224927	5380	0.09114154
224944	384	0.11071189
224944	581	0.11071188
224944	3581	0.11071188
224944	6388	0.11071188
224944	732	0.11071187
224944	1680	0.11071187
224944	3480	0.11071187
224944	3625	0.11071187
224944	5156	0.11071187
224944	232	0.110711865
224997	269	0.11944489
224997	249	0.11944488
224997	2709	0.11944488
224997	3965	0.11944488
224997	6356	0.11944488
224997	6472	0.11944488
224997	6698	0.11944488
224997	797	0.11944487
224997	1311	0.11944487
224997	1794	0.11944487
225002	5311	0.11988729
225002	904	0.119887285
225002	1701	0.11988728
225002	5649	0.11988727
225002	2052	0.11988726
225002	3464	0.11988726
225002	4380	0.11988726
225002	5298	0.11988726
225002	6028	0.119887255
225002	1127	0.11988725
225066	1207	0.1158219
225066	1709	0.1158219
225066	1731	0.1158219
225066	2997	0.1158219
225066	3234	0.1158219
225066	2983	0.11582189
225066	3613	0.11582189
225066	193	0.11582188
225066	744	0.11582188
225066	1805	0.11582188
225078	3396	0.11694469
225078	2951	0.116944686
225078	5371	0.116944686
225078	6825	0.11694467
225078	459	0.11694466
225078	6605	0.11694466
225078	2004	0.116944656
225078	4259	0.11694465
225078	1247	0.11694464
225078	1301	0.11694464
225187	1227	0.11799012
225187	1949	0.11799011
225187	1762	0.11799009
225187	5107	0.117990084
225187	4890	0.11799008
225187	199	0.11799006
225187	502	0.11799005
225187	4924	0.11799004
225187	1731	0.11729774
225187	193	0.117297724
225191	434	0.09532681
225191	274	0.0953268
225191	3318	0.095326796
225191	2867	0.09453258
225191	4501	0.094532564
225191	5254	0.09453256
225191	2513	0.09453255
225191	2790	0.09385186
225191	2955	0.09364389
225191	1346	0.093643874
225199	6652	0.10707582
225199	701	0.10707581
225199	1957	0.10707581
225199	68	0.107075796
225199	1513	0.107075796
225199	1191	0.1062664
225199	1971	0.10626639
225199	6530	0.10626638
225199	2951	0.10605383
225199	3396	0.10605383
225378	1357	0.10369985
225378	1759	0.10369985
225378	707	0.10369983
225378	1101	0.10369982
225378	3752	0.10369982
225378	5271	0.10369982
225378	1471	0.103417344
225378	2158	0.10341734
225378	4381	0.10341734
225378	4865	0.10341732
225379	782	0.13430658
225379	1962	0.13430658
225379	2703	0.13430658
225379	5940	0.13430658
225379	6309	0.13430658
225379	45	0.13430656
225379	2807	0.13430656
225379	3465	0.13430656
225379	4561	0.13430656
225379	6499	0.13430656
225411	1097	0.09594495
225411	1318	0.095430836
225411	4191	0.09543079
225411	4112	0.09506776
225411	5352	0.09506776
225411	2376	0.09506775
225411	2040	0.09506774
225411	3536	0.09506774
225411	3133	0.095067725
225411	5786	0.09506771
225435	6346	0.12707321
225435	484	0.1270732
225435	1031	0.1270732
225435	1034	0.1270732
225435	2307	0.1270732
225435	3796	0.1270732
225435	3997	0.1270732
225435	463	0.12707318
225435	2150	0.12707318
225435	2923	0.12707318
225449	259	0.10210557
225449	1668	0.10210557
225449	1823	0.10210557
225449	3710	0.10210557
225449	5150	0.10210557
225449	6763	0.10210557
225449	733	0.102105565
225449	1833	0.102105565
225449	3953	0.102105565
225449	4968	0.102105565
225542	6161	0.1175474
225542	872	0.11754739
225542	1580	0.11754739
225542	5212	0.11754738
225542	5348	0.11754738
225542	5495	0.11754738
225542	3096	0.11754737
225542	6020	0.11754737
225542	6270	0.11754737
225542	3102	0.11754736
225595	4147	0.12245877
225595	1241	0.122458756
225595	2756	0.122458756
225595	6001	0.122458756
225595	6498	0.122458756
225595	2604	0.12245875
225595	3257	0.12245875
225595	5047	0.12245875
225595	1317	0.12245874
225595	1591	0.12245874
225617	5133	0.0905099
225617	456	0.0904315
225617	1401	0.09043147
225617	4573	0.09043147
225617	1102	0.09043145
225617	3456	0.09043144
225617	3644	0.09043142
225617	4017	0.09043142
225617	4739	0.09043142
225617	1891	0.09028913
225683	6763	0.10989181
225683	259	0.1098918
225683	1387	0.1098918
225683	1668	0.1098918
225683	1833	0.1098918
225683	2001	0.1098918
225683	3710	0.1098918
225683	5150	0.1098918
225683	5333	0.1098918
225683	326	0.109891795
225686	2860	0.12852034
225686	631	0.12852031
225686	2011	0.12852031
225686	2018	0.12852031
225686	2643	0.12852031
225686	3161	0.12852031
225686	4291	0.12852031
225686	5920	0.12852031
225686	6339	0.12852031
225686	6842	0.12852031
225810	2269	0.12025724
225810	4433	0.12025724
225810	5696	0.12025724
225810	539	0.120257236
225810	1579	0.120257236
225810	2880	0.120257236
225810	2465	0.12025723
225810	2920	0.12025723
225810	3286	0.12025723
225810	2354	0.12025722
225886	5805	0.09520997
225886	5690	0.09474692
225886	6688	0.0946383
225886	1994	0.09438415
225886	5270	0.094071135
225886	6836	0.09407113
225886	5869	0.09407112
225886	5265	0.0937051
225886	5679	0.0937051
225886	5172	0.09370509
225887	110	0.12295289
225887	1144	0.12295288
225887	5572	0.12295288
225887	6043	0.12295288
225887	6765	0.12295288
225887	700	0.12295287
225887	2640	0.12295287
225887	1330	0.12295286
225887	1752	0.12295286
225887	1894	0.12295286
225912	6903	0.10739283
225912	269	0.107392825
225912	797	0.107392825
225912	6698	0.107392825
225912	2605	0.10739282
225912	4109	0.10739282
225912	6356	0.10739282
225912	6472	0.10739282
225912	1250	0.10739281
225912	3965	0.10739281
225938	2997	0.13034853
225938	193	0.13034852
225938	744	0.13034852
225938	1731	0.13034852
225938	100	0.1303485
225938	567	0.1303485
225938	658	0.1303485
225938	926	0.1303485
225938	1207	0.1303485
225938	1627	0.1303485
225986	5043	0.100533694
225986	1812	0.10053369
225986	5448	0.10053369
225986	5485	0.10053369
225986	1089	0.10053368
225986	4737	0.10053367
225986	5537	0.10053367
225986	306	0.100533664
225986	690	0.100533664
225986	988	0.100533664
225989	1759	0.118832275
225989	707	0.11883226
225989	1357	0.11883226
225989	5271	0.118832245
225989	3752	0.11883223
225989	1101	0.11883222
225989	4560	0.11786118
225989	3780	0.11774439
225989	800	0.117744386
225989	2210	0.11774437
225996	4918	0.10464938
225996	2110	0.104649365
225996	6666	0.10464935
225996	2113	0.104649335
225996	4447	0.103425175
225996	6613	0.10342515
225996	2257	0.10342513
225996	6496	0.10250923
225996	2562	0.102509186
225996	985	0.10199537
226006	3564	0.103204355
226006	2107	0.10320434
226006	5048	0.103204325
226006	1602	0.10320431
226006	4193	0.10320431
226006	5044	0.10320431
226006	5441	0.10320431
226006	6908	0.1032043
226006	3198	0.103204295
226006	3333	0.103204295
226205	1743	0.09975962
226205	422	0.099759616
226205	2696	0.099759616
226205	504	0.09975961
226205	798	0.09975961
226205	2972	0.09975961
226205	3600	0.09975961
226205	4334	0.09975961
226205	5632	0.09975961
226205	5781	0.09975961
226267	320	0.11053968
226267	1855	0.11053968
226267	159	0.110539675
226267	346	0.110539675
226267	1567	0.110539675
226267	1629	0.110539675
226267	2339	0.110539675
226267	2575	0.110539675
226267	3743	0.110539675
226267	4014	0.110539675
226349	1471	0.10818273
226349	2158	0.10818271
226349	4381	0.10818271
226349	4865	0.10818271
226349	838	0.1081827
226349	908	0.1081827
226349	2856	0.1081827
226349	3215	0.1081827
226349	3790	0.1081827
226349	4483	0.1081827
226393	5382	0.107436866
226393	914	0.10743685
226393	2808	0.10743685
226393	3939	0.10743685
226393	2410	0.10743684
226393	676	0.107436836
226393	1756	0.107436836
226393	3717	0.107436836
226393	3726	0.107436836
226393	3993	0.107436836
226394	110	0.11635296
226394	6043	0.11635296
226394	6765	0.11635296
226394	700	0.116352946
226394	1144	0.116352946
226394	1752	0.116352946
226394	2640	0.116352946
226394	6676	0.116352946
226394	4720	0.11635294
226394	5034	0.11635294
226462	1579	0.12663573
226462	2269	0.12663573
226462	5696	0.12663573
226462	539	0.12663572
226462	2354	0.12663572
226462	4433	0.12663572
226462	2465	0.1266357
226462	2880	0.1266357
226462	2920	0.1266357
226462	3286	0.1266357
226482	696	0.11933825
226482	1578	0.11933823
226482	2504	0.11933823
226482	61	0.11933822
226482	410	0.11933822
226482	1550	0.11933822
226482	635	0.119338214
226482	4188	0.119338214
226482	5250	0.119338214
226482	240	0.11933821
226545	1075	0.11209747
226545	2645	0.11209744
226545	6747	0.11209744
226545	5213	0.112097435
226545	4604	0.11209743
226545	1652	0.11209741
226545	2104	0.11209741
226545	6000	0.11209741
226545	778	0.11129841
226545	466	0.11129838
226553	79	0.123419
226553	3059	0.123419
226553	4175	0.123419
226553	4273	0.123419
226553	1624	0.123418994
226553	251	0.12341899
226553	2728	0.12341899
226553	4342	0.12341899
226553	5122	0.12341899
226553	168	0.12341898
226554	3765	0.110836856
226554	6331	0.110836856
226554	748	0.11083685
226554	788	0.11083685
226554	2481	0.11083685
226554	2796	0.11083685
226554	2842	0.11083685
226554	2949	0.11083685
226554	4950	0.11083685
226554	5390	0.11083685
226616	79	0.10092164
226616	251	0.10092163
226616	1624	0.10092163
226616	3059	0.10092163
226616	4175	0.10092163
226616	4273	0.10092163
226616	4342	0.10092163
226616	5122	0.10092163
226616	6532	0.10092163
226616	2728	0.10092162
226702	3882	0.1180139
226702	444	0.118013896
226702	6335	0.11801389
226702	381	0.11801388
226702	3072	0.11801388
226702	2788	0.11801387
226702	2944	0.11801387
226702	4234	0.11801387
226702	6856	0.11801387
226702	2235	0.118013866
226713	3225	0.103619866
226713	2810	0.10361984
226713	117	0.10361983
226713	471	0.10361983
226713	6182	0.10360273
226713	5611	0.103602715
226713	3403	0.10270949
226713	4909	0.10270949
226713	6192	0.10270949
226713	382	0.10270947
226739	1812	0.11870215
226739	5043	0.11870215
226739	1089	0.11870214
226739	5448	0.11870214
226739	1596	0.118702136
226739	5485	0.118702136
226739	690	0.11870213
226739	1872	0.11870213
226739	4737	0.11870213
226739	5537	0.11870213
226745	731	0.08795798
226745	905	0.08795798
226745	213	0.08795797
226745	1251	0.08795797
226745	1708	0.08795797
226745	5489	0.08795797
226745	6059	0.08795797
226745	649	0.08795796
226745	5900	0.08795796
226745	5411	0.08795795
226772	4100	0.10536686
226772	2684	0.105366856
226772	3619	0.105366856
226772	4745	0.10536685
226772	6187	0.10536685
226772	436	0.10536684
226772	719	0.10536684
226772	1169	0.10536684
226772	4036	0.10536684
226772	6252	0.10536684
226874	437	0.10235245
226874	1030	0.10235244
226874	4977	0.10235244
226874	4344	0.102352425
226874	5066	0.102352425
226874	1648	0.10235242
226874	6454	0.10235242
226874	34	0.10235241
226874	651	0.10235241
226874	3073	0.10235241
226879	2867	0.10298017
226879	5254	0.102980144
226879	2513	0.10298014
226879	4501	0.10298014
226879	3457	0.10127797
226879	5618	0.10127797
226879	5918	0.10127796
226879	6184	0.101277955
226879	341	0.10127795
226879	2776	0.10127795
226926	444	0.1276304
226926	3882	0.1276304
226926	381	0.12763038
226926	6335	0.12763038
226926	2235	0.12763037
226926	2788	0.12763037
226926	3072	0.12763037
226926	4234	0.12763037
226926	6590	0.12763037
226926	165	0.12763035
226965	2955	0.11136764
226965	4300	0.11136764
226965	5434	0.11136764
226965	1346	0.111367635
226965	503	0.11136763
226965	339	0.11136761
226965	991	0.111367606
226965	703	0.11136759
226965	2214	0.11024521
226965	2292	0.11024521
226976	3253	0.12836966
226976	3853	0.12836966
226976	4204	0.12836966
226976	5766	0.12836964
226976	579	0.12836963
226976	757	0.12836963
226976	758	0.12836963
226976	1613	0.12836963
226976	2305	0.12836963
226976	3153	0.12836963
226987	6763	0.11085966
226987	1823	0.110859655
226987	259	0.11085965
226987	546	0.11085965
226987	733	0.11085965
226987	944	0.11085965
226987	1668	0.11085965
226987	1833	0.11085965
226987	2687	0.11085965
226987	3647	0.11085965
227025	4026	0.10608861
227025	971	0.106088586
227025	4029	0.106088586
227025	2545	0.10608858
227025	6900	0.10608858
227025	67	0.10608857
227025	93	0.10608857
227025	1068	0.106088564
227025	1505	0.106088564
227025	1688	0.106088564
227054	1035	0.09727459
227054	4057	0.09727459
227054	910	0.09727457
227054	6888	0.097274564
227054	1499	0.09727456
227054	1801	0.09727456
227054	2311	0.09727456
227054	3720	0.09727456
227054	3411	0.09727455
227054	6850	0.09727455
227072	2292	0.099845715
227072	485	0.09984571
227072	2214	0.09984571
227072	2215	0.09984571
227072	3039	0.09984571
227072	5163	0.09984571
227072	6680	0.09984571
227072	6786	0.09984571
227072	75	0.09984569
227072	474	0.09984569
227097	193	0.10958116
227097	1709	0.10958116
227097	1731	0.10958116
227097	2997	0.10958116
227097	4197	0.10958116
227097	567	0.10958115
227097	1207	0.10958115
227097	2885	0.10958115
227097	2983	0.10958115
227097	3115	0.10958115
227146	72	0.11301921
227146	523	0.11301921
227146	812	0.1130192
227146	2509	0.1130192
227146	5856	0.1130192
227146	6237	0.1130192
227146	1282	0.11301919
227146	2882	0.11301919
227146	3727	0.11301919
227146	385	0.11301918
227192	1461	0.094791204
227192	3481	0.09479119
227192	4752	0.094791174
227192	6748	0.094791174
227192	1141	0.09479117
227192	6152	0.09479117
227192	6788	0.09479116
227192	3598	0.09470916
227192	6564	0.09423118
227192	2746	0.09423117
227250	5228	0.12863079
227250	5891	0.12863079
227250	3746	0.12863077
227250	5847	0.12863076
227250	6131	0.12863074
227250	6638	0.12863074
227250	6364	0.1286307
227250	4611	0.12804803
227250	3363	0.128048
227250	6095	0.12756029
227282	2045	0.106093995
227282	3555	0.10609399
227282	3611	0.10609399
227282	3922	0.10609399
227282	4716	0.10609399
227282	5743	0.10609399
227282	1522	0.10609397
227282	2377	0.10609397
227282	3374	0.10609397
227282	246	0.106093965
227292	4057	0.10740315
227292	1035	0.107403144
227292	910	0.10740313
227292	1801	0.10740313
227292	3720	0.10740313
227292	6888	0.10740313
227292	1499	0.107403114
227292	3411	0.107403114
227292	6850	0.107403114
227292	2311	0.10740311
227295	5984	0.11098305
227295	3426	0.11098302
227295	5482	0.11098302
227295	5200	0.110983014
227295	6287	0.110983014
227295	3886	0.11098301
227295	6436	0.11098301
227295	2089	0.110983
227295	4085	0.110983
227295	4439	0.110983
227327	696	0.10035132
227327	410	0.100351304
227327	635	0.100351304
227327	1578	0.100351304
227327	2504	0.100351304
227327	61	0.1003513
227327	448	0.1003513
227327	964	0.1003513
227327	1550	0.1003513
227327	5250	0.1003513
227397	699	0.11263187
227397	5731	0.11263184
227397	4976	0.11252084
227397	2290	0.11252083
227397	5418	0.11146941
227397	6405	0.11146938
227397	2017	0.111469336
227397	1111	0.11135836
227397	2030	0.11135836
227397	6727	0.11135834
227413	320	0.10429272
227413	1855	0.10429272
227413	3743	0.10429272
227413	4014	0.10429272
227413	346	0.10429271
227413	6863	0.10429271
227413	159	0.104292706
227413	177	0.104292706
227413	755	0.104292706
227413	759	0.104292706
227422	193	0.10398024
227422	1731	0.10398024
227422	2983	0.10398024
227422	2997	0.10398024
227422	4197	0.10398024
227422	3234	0.103980236
227422	6887	0.103980236
227422	100	0.10398023
227422	567	0.10398023
227422	658	0.10398023
227447	973	0.11176133
227447	6439	0.11176132
227447	4778	0.11099306
227447	3398	0.11099304
227447	3159	0.110768825
227447	5405	0.110768825
227447	6217	0.11076881
227447	6782	0.11076881
227447	1162	0.1107688
227447	3909	0.1107688
227467	1731	0.123192586
227467	2997	0.12319258
227467	3234	0.12319258
227467	4197	0.12319257
227467	6887	0.12319257
227467	193	0.12319256
227467	658	0.12319256
227467	744	0.12319256
227467	1207	0.12319256
227467	1627	0.12319256
227520	1611	0.08416858
227520	3736	0.083851114
227520	1649	0.08385111
227520	5145	0.083851084
227520	1270	0.08344558
227520	4781	0.083292656
227520	1075	0.08297522
227520	1652	0.082975194
227520	2645	0.082975194
227520	5213	0.082975194
227544	4026	0.10263122
227544	4029	0.10263121
227544	67	0.102631204
227544	93	0.102631204
227544	971	0.102631204
227544	2545	0.102631204
227544	1068	0.1026312
227544	3361	0.1026312
227544	1688	0.10263119
227544	3074	0.10263119
227591	6540	0.106451094
227591	6708	0.106451094
227591	1830	0.10645108
227591	1943	0.10645108
227591	5052	0.10645108
227591	721	0.106451064
227591	2935	0.106451064
227591	5995	0.106451064
227591	3439	0.10645105
227591	4746	0.10645105
227654	1475	0.084758855
227654	2007	0.08447319
227654	5650	0.08447319
227654	5433	0.084473185
227654	2844	0.08447318
227654	4319	0.08447318
227654	3618	0.08447317
227654	4778	0.08420772
227654	3398	0.08420771
227654	4007	0.08418219
227681	504	0.099291846
227681	2696	0.099291846
227681	422	0.09929184
227681	1743	0.09929184
227681	4334	0.09929184
227681	5781	0.09929184
227681	6	0.09929183
227681	298	0.09929183
227681	705	0.09929183
227681	798	0.09929183
227702	1035	0.10375163
227702	4057	0.10375161
227702	910	0.1037516
227702	1499	0.1037516
227702	6888	0.1037516
227702	1801	0.10375159
227702	3411	0.10375159
227702	3720	0.10375159
227702	554	0.103751585
227702	3056	0.103751585
227705	2696	0.11461863
227705	504	0.11461862
227705	1743	0.11461862
227705	4334	0.11461862
227705	5015	0.114618614
227705	5632	0.114618614
227705	5781	0.114618614
227705	5899	0.114618614
227705	94	0.11461861
227705	298	0.11461861
227771	5499	0.12774329
227771	551	0.12774327
227771	625	0.12774327
227771	1547	0.12774327
227771	1963	0.12774327
227771	2524	0.12774327
227771	4473	0.12774327
227771	5109	0.12774327
227771	6362	0.12774327
227771	6828	0.12774327
227836	5256	0.08756354
227836	4918	0.08699505
227836	2110	0.086995006
227836	6666	0.08699499
227836	2113	0.086994976
227836	4447	0.085728124
227836	6613	0.08572811
227836	2257	0.085728094
227836	6817	0.085728094
227836	3393	0.08556808
227859	4840	0.09855487
227859	338	0.09855485
227859	5517	0.09855485
227859	334	0.098554835
227859	1286	0.098554835
227859	3445	0.098554835
227859	5867	0.098554835
227859	6385	0.098554835
227859	6402	0.098554835
227859	3175	0.09855483
227884	1024	0.15064904
227884	5691	0.15064904
227884	1880	0.15064903
227884	3676	0.15064903
227884	351	0.15064901
227884	697	0.15064901
227884	2413	0.15064901
227884	2479	0.15064901
227884	2830	0.15064901
227884	3846	0.15064901
227925	6637	0.12037701
227925	4108	0.120376974
227925	6586	0.120376974
227925	5864	0.12024877
227925	176	0.120248765
227925	5795	0.120248765
227925	6740	0.12024875
227925	675	0.12024874
227925	440	0.120248735
227925	2924	0.12024873
228021	631	0.1418641
228021	1703	0.14186409
228021	2018	0.14186409
228021	2860	0.14186409
228021	3161	0.14186409
228021	4291	0.14186409
228021	4669	0.14186409
228021	5871	0.14186409
228021	6282	0.14186409
228021	6339	0.14186409
228108	3882	0.12296186
228108	444	0.12296185
228108	6335	0.12296184
228108	381	0.122961834
228108	6590	0.122961834
228108	2788	0.12296183
228108	165	0.12296182
228108	2235	0.12296182
228108	3015	0.12296182
228108	3072	0.12296182
228154	2895	0.13088
228154	3830	0.13088
228154	5480	0.13059226
228154	5983	0.13039815
228154	6893	0.13039814
228154	5981	0.13039811
228154	1013	0.1303981
228154	4730	0.1303981
228154	6230	0.1303981
228154	5037	0.13039808
228181	551	0.102904
228181	5109	0.102904
228181	6920	0.102904
228181	625	0.10290399
228181	1547	0.10290399
228181	5419	0.10290399
228181	5499	0.10290399
228181	6024	0.10290399
228181	6682	0.10290399
228181	927	0.102903984
228206	3841	0.11956174
228206	6899	0.11956173
228206	2914	0.11956172
228206	5722	0.11956171
228206	2092	0.11889791
228206	4508	0.1188979
228206	819	0.118897885
228206	4949	0.118897885
228206	5185	0.118897885
228206	3699	0.11889788
228245	990	0.101030804
228245	1486	0.1010308
228245	4557	0.1010308
228245	4898	0.1010308
228245	6212	0.1010308
228245	6535	0.1010308
228245	96	0.10103079
228245	785	0.10103079
228245	5313	0.10103079
228245	5829	0.10103079
228311	6708	0.12752317
228311	1830	0.12752315
228311	5052	0.12752315
228311	6540	0.12752315
228311	721	0.12752312
228311	1943	0.12752312
228311	5995	0.12752312
228311	2935	0.12752311
228311	3439	0.12752311
228311	669	0.1275231
228313	1089	0.12983704
228313	1812	0.12983704
228313	4737	0.12983704
228313	5043	0.12983704
228313	5448	0.12983704
228313	5537	0.12983704
228313	690	0.129837
228313	1596	0.129837
228313	1781	0.129837
228313	1872	0.129837
228321	110	0.11831943
228321	700	0.11831942
228321	1752	0.11831942
228321	6043	0.11831942
228321	6326	0.11831942
228321	6676	0.11831942
228321	6765	0.11831942
228321	2569	0.118319415
228321	2640	0.118319415
228321	5034	0.118319415
228351	3765	0.11527708
228351	788	0.11527707
228351	6331	0.11527707
228351	2842	0.11527706
228351	2949	0.11527706
228351	386	0.11527705
228351	748	0.11527705
228351	1425	0.11527705
228351	1552	0.11527705
228351	2481	0.11527705
228445	551	0.13318442
228445	1547	0.13318442
228445	5499	0.13318442
228445	6920	0.13318442
228445	580	0.1331844
228445	625	0.1331844
228445	1904	0.1331844
228445	1963	0.1331844
228445	2097	0.1331844
228445	2155	0.1331844
228455	4904	0.11154573
228455	6778	0.11154573
228455	6337	0.11154571
228455	2947	0.111545704
228455	3404	0.111545704
228455	4088	0.1115457
228455	5508	0.1115457
228455	1621	0.11154569
228455	1826	0.11154569
228455	2020	0.11154569
228477	763	0.10602811
228477	3489	0.10602808
228477	5011	0.10602808
228477	6683	0.10602808
228477	4811	0.10602807
228477	4846	0.10602807
228477	2838	0.106028065
228477	3667	0.106028065
228477	6628	0.10602806
228477	4059	0.10602805
228579	380	0.11069122
228579	3184	0.11069122
228579	4114	0.11069121
228579	4812	0.11069121
228579	1063	0.110691205
228579	1589	0.110691205
228579	4538	0.110691205
228579	5556	0.110691205
228579	3910	0.1106912
228579	4946	0.1106912
228652	908	0.09488702
228652	1471	0.09488702
228652	2158	0.09488702
228652	4381	0.09488702
228652	4865	0.09488702
228652	2856	0.094887
228652	3215	0.094887
228652	4483	0.094887
228652	838	0.094886996
228652	3790	0.094886996
228681	2269	0.116784275
228681	539	0.11678427
228681	1579	0.11678426
228681	2354	0.11678426
228681	3286	0.11678426
228681	4433	0.11678426
228681	5242	0.11678426
228681	5696	0.11678426
228681	2880	0.11678425
228681	5915	0.11678425
228727	2045	0.09376771
228727	4716	0.09376771
228727	3555	0.0937677
228727	3611	0.0937677
228727	3922	0.0937677
228727	5743	0.0937677
228727	1522	0.09376769
228727	2377	0.09376769
228727	3232	0.09376769
228727	3374	0.09376769
228738	118	0.11516613
228738	184	0.11516613
228738	5817	0.11516613
228738	5992	0.11516612
228738	540	0.11516611
228738	1506	0.11516611
228738	4704	0.11516611
228738	5079	0.11516611
228738	6814	0.11516611
228738	4605	0.115166105
228764	5453	0.11937049
228764	250	0.11937048
228764	3247	0.119370475
228764	3287	0.119370475
228764	3861	0.11937047
228764	6701	0.11937047
228764	6726	0.11937046
228764	3260	0.11937045
228764	345	0.119370446
228764	1842	0.119370446
228789	193	0.09814501
228789	1207	0.09814501
228789	1731	0.09814501
228789	2983	0.09814501
228789	2997	0.09814501
228789	3234	0.09814501
228789	3613	0.098145
228789	4197	0.098145
228789	100	0.09814499
228789	567	0.09814499
228868	6779	0.11561091
228868	6784	0.1156109
228868	1926	0.11561089
228868	727	0.11561088
228868	1028	0.115610875
228868	4269	0.11561086
228868	4350	0.11561086
228868	5526	0.11561085
228868	3477	0.11561084
228868	5778	0.11561084
228998	4447	0.10462256
228998	6613	0.10462255
228998	6817	0.10462253
228998	2257	0.10462251
228998	4918	0.1038682
228998	2110	0.10386817
228998	6666	0.10386815
228998	2113	0.10386814
228998	6496	0.10382594
228998	2562	0.10382593
229011	798	0.066263564
229011	5899	0.066263564
229011	422	0.06626356
229011	504	0.06626356
229011	2696	0.06626356
229011	2972	0.06626356
229011	5632	0.06626356
229011	2084	0.06626355
229011	4334	0.06626355
229011	63	0.06626354
229055	1470	0.09792437
229055	4397	0.09792435
229055	3228	0.097924344
229055	1743	0.09755858
229055	422	0.09755857
229055	2696	0.09755857
229055	4334	0.09755857
229055	5632	0.09755857
229055	298	0.097558565
229055	504	0.097558565
229177	6698	0.111174695
229177	269	0.11117469
229177	797	0.11117469
229177	2709	0.11117469
229177	6472	0.11117469
229177	249	0.11117468
229177	4172	0.11117468
229177	6356	0.11117468
229177	1311	0.11117467
229177	1794	0.11117467
229243	1701	0.13058197
229243	5311	0.13058197
229243	5649	0.13058197
229243	904	0.13058196
229243	1127	0.13058195
229243	2052	0.13058195
229243	3464	0.13058195
229243	4380	0.13058195
229243	4484	0.13058195
229243	5298	0.13058195
229313	384	0.11243855
229313	581	0.11243855
229313	1436	0.112438545
229313	3480	0.112438545
229313	3581	0.112438545
229313	732	0.11243854
229313	1512	0.11243854
229313	1680	0.11243854
229313	3625	0.11243854
229313	5156	0.11243854
229331	3039	0.10525833
229331	2214	0.10525832
229331	2292	0.10525832
229331	5163	0.10525832
229331	474	0.105258316
229331	485	0.105258316
229331	1496	0.105258316
229331	6680	0.105258316
229331	6786	0.105258316
229331	2215	0.10525831
229334	4435	0.094097346
229334	2455	0.09409734
229334	5932	0.09409731
229334	2429	0.09208359
229334	1608	0.09208358
229334	55	0.09208357
229334	2029	0.09208357
229334	2448	0.09208357
229334	2900	0.09208357
229334	56	0.09208356
229409	539	0.12153937
229409	1579	0.12153937
229409	2269	0.12153937
229409	2880	0.12153936
229409	3286	0.12153936
229409	2465	0.121539354
229409	2920	0.121539354
229409	4433	0.121539354
229409	5242	0.121539354
229409	5696	0.121539354
229448	1034	0.104046986
229448	6346	0.104046986
229448	2923	0.10404698
229448	463	0.10404697
229448	1031	0.10404697
229448	2307	0.10404697
229448	3796	0.10404697
229448	3997	0.10404697
229448	5036	0.10404697
229448	6099	0.10404697
229454	1030	0.10376853
229454	437	0.10376851
229454	6454	0.10376851
229454	4344	0.103768505
229454	4977	0.103768505
229454	34	0.1037685
229454	3073	0.1037685
229454	4101	0.1037685
229454	651	0.10376849
229454	1648	0.10376849
229496	4475	0.112145945
229496	1478	0.11214587
229496	5248	0.11214587
229496	5855	0.11214587
229496	3040	0.112097636
229496	3098	0.11209763
229496	4872	0.11209763
229496	992	0.11209762
229496	6570	0.11209762
229496	1130	0.112097606
229502	828	0.10864923
229502	3383	0.1078307
229502	4642	0.105205506
229502	3827	0.105205454
229502	827	0.10516037
229502	4860	0.104905054
229502	823	0.10476297
229502	1485	0.10411837
229502	878	0.10411835
229502	4386	0.10411834
229551	4050	0.11355908
229551	1973	0.11355906
229551	5252	0.11355902
229551	211	0.11342156
229551	4385	0.11342156
229551	2522	0.113421515
229551	1050	0.11200157
229551	3818	0.11200155
229551	3883	0.11200155
229551	3249	0.11200154
229632	4007	0.12172051
229632	5072	0.12172051
229632	92	0.12172049
229632	2081	0.12172049
229632	2334	0.12172049
229632	6579	0.12172049
229632	1306	0.12172048
229632	3770	0.12172048
229632	3836	0.12172047
229632	349	0.121720456
229656	6920	0.11421116
229656	551	0.11421114
229656	1547	0.11421114
229656	5109	0.11421114
229656	5499	0.11421114
229656	625	0.114211135
229656	1963	0.114211135
229656	4473	0.114211135
229656	6362	0.114211135
229656	2097	0.11421113
229681	4228	0.122198276
229681	4012	0.12219827
229681	2034	0.12219826
229681	4685	0.12219826
229681	311	0.122198254
229681	3353	0.122198254
229681	3552	0.122198254
229681	4045	0.122198254
229681	24	0.12219825
229681	770	0.12219825
229703	539	0.12885965
229703	2269	0.12885965
229703	4433	0.12885965
229703	1579	0.12885964
229703	2354	0.12885964
229703	2465	0.12885964
229703	2880	0.12885964
229703	3286	0.12885964
229703	5242	0.12885964
229703	5696	0.12885964
229741	282	0.104375556
229741	3506	0.104375556
229741	4087	0.104375556
229741	5105	0.104375556
229741	337	0.10437555
229741	883	0.10437555
229741	52	0.10437554
229741	3718	0.10437554
229741	4315	0.10437554
229741	4545	0.10437554
229742	3503	0.10489054
229742	6215	0.10489053
229742	3297	0.104890525
229742	3636	0.104890525
229742	5293	0.10489051
229742	6345	0.10489051
229742	248	0.1048905
229742	549	0.1048905
229742	612	0.1048905
229742	4118	0.1048905
229767	4840	0.09046568
229767	338	0.090465665
229767	5517	0.09046566
229767	6385	0.09046566
229767	334	0.09046565
229767	3445	0.09046565
229767	5867	0.09046565
229767	6402	0.09046565
229767	2493	0.09046564
229767	3175	0.09046564
229768	1009	0.13501723
229768	1879	0.13501723
229768	4579	0.13501723
229768	6536	0.13501723
229768	916	0.13501722
229768	1017	0.13501722
229768	2648	0.13501722
229768	3044	0.13501722
229768	3485	0.13501722
229768	4321	0.13501722
229899	748	0.1210867
229899	1425	0.1210867
229899	2481	0.1210867
229899	2842	0.1210867
229899	788	0.121086694
229899	1552	0.121086694
229899	2796	0.12108669
229899	4558	0.12108669
229899	4950	0.12108669
229899	5390	0.12108669
229922	5384	0.11712233
229922	92	0.116644815
229922	4007	0.1166448
229922	6579	0.1166448
229922	349	0.116644785
229922	2081	0.116644785
229922	2334	0.116644785
229922	3770	0.116644785
229922	3836	0.116644785
229922	5072	0.116644785
230013	2696	0.10249618
230013	1743	0.10249617
230013	422	0.10249616
230013	504	0.10249616
230013	798	0.10249616
230013	3624	0.10249616
230013	4334	0.10249616
230013	5015	0.10249616
230013	5632	0.10249616
230013	5781	0.10249616
230030	4340	0.11926958
230030	4899	0.11926955
230030	3812	0.11926954
230030	6025	0.11926954
230030	400	0.119269535
230030	5358	0.119269535
230030	6643	0.119269535
230030	6026	0.11926952
230030	6689	0.11926952
230030	6757	0.11926952
230105	5457	0.07842338
230105	1597	0.07822734
230105	5727	0.07822734
230105	6833	0.07822732
230105	103	0.07812897
230105	1098	0.077928066
230105	2378	0.077928066
230105	1575	0.07792806
230105	2783	0.07792805
230105	51	0.077928044
230115	3627	0.10973244
230115	1960	0.109732434
230115	4417	0.109732434
230115	5008	0.10973242
230115	5205	0.109732404
230115	6228	0.109732404
230115	324	0.10890464
230115	5288	0.10890464
230115	6720	0.10890463
230115	5432	0.108904615
230180	3327	0.11025506
230180	4835	0.11025505
230180	4154	0.11025504
230180	83	0.11025503
230180	4133	0.11025503
230180	4920	0.11025503
230180	5219	0.11025503
230180	6502	0.11025503
230180	253	0.110255025
230180	1728	0.110255025
230293	1812	0.09802665
230293	5043	0.09802665
230293	1089	0.09802664
230293	5448	0.09802664
230293	5485	0.09802664
230293	4737	0.09802663
230293	5537	0.09802663
230293	1596	0.098026626
230293	1781	0.098026626
230293	1872	0.098026626
230400	2314	0.11423878
230400	6136	0.11350836
230400	6595	0.11350835
230400	1569	0.113496915
230400	5875	0.11349689
230400	1556	0.113496885
230400	1716	0.113496885
230400	6657	0.113496885
230400	3142	0.11349688
230400	1460	0.11349687
230428	1743	0.10195097
230428	2696	0.10195096
230428	3624	0.10195096
230428	4334	0.10195096
230428	5015	0.10195096
230428	5632	0.10195095
230428	264	0.10195094
230428	298	0.10195094
230428	422	0.10195094
230428	504	0.10195094
230496	2214	0.12637801
230496	6680	0.12637801
230496	75	0.126378
230496	485	0.126378
230496	1081	0.126378
230496	2215	0.126378
230496	2292	0.126378
230496	3039	0.126378
230496	5163	0.126378
230496	6014	0.126378
230626	1231	0.11649624
230626	4526	0.11649624
230626	4816	0.116496235
230626	5551	0.116496235
230626	6760	0.116496235
230626	3951	0.11649623
230626	4311	0.11649623
230626	4934	0.11649623
230626	1693	0.11649622
230626	1725	0.11649622
230627	3882	0.117988236
230627	444	0.11798823
230627	381	0.117988214
230627	6335	0.117988214
230627	2788	0.1179882
230627	3072	0.1179882
230627	6590	0.1179882
230627	2235	0.11798819
230627	3015	0.11798819
230627	165	0.117988184
230629	1231	0.11719809
230629	1693	0.11719807
230629	1725	0.11719807
230629	4311	0.11719807
230629	4816	0.11719807
230629	3566	0.117198065
230629	4526	0.117198065
230629	5551	0.117198065
230629	5552	0.117198065
230629	6760	0.117198065
230687	6763	0.107231475
230687	259	0.10723147
230687	546	0.10723147
230687	733	0.10723147
230687	1668	0.10723147
230687	1823	0.10723147
230687	1833	0.10723147
230687	2687	0.10723147
230687	3647	0.10723147
230687	3710	0.10723147
230699	1731	0.1295173
230699	193	0.12951729
230699	744	0.12951729
230699	1207	0.12951729
230699	1709	0.12951729
230699	1918	0.12951729
230699	2983	0.12951729
230699	2997	0.12951729
230699	3234	0.12951729
230699	3366	0.12951729
230708	1461	0.11446449
230708	3481	0.11446448
230708	1141	0.114464454
230708	4752	0.114464454
230708	6748	0.114464454
230708	6152	0.11446445
230708	6788	0.11446443
230708	4028	0.11425461
230708	2427	0.11425459
230708	3598	0.11415176
230878	1892	0.09070528
230878	206	0.090705276
230878	1856	0.09070527
230878	794	0.09070526
230878	1261	0.09070526
230878	1714	0.09070526
230878	5080	0.09070526
230878	1376	0.09070525
230878	3775	0.090705246
230878	4905	0.090705246
230985	5499	0.10447799
230985	6920	0.10447799
230985	551	0.10447798
230985	1547	0.10447797
230985	1963	0.10447797
230985	4473	0.10447797
230985	5109	0.10447797
230985	6828	0.10447797
230985	8	0.10447796
230985	580	0.10447796
231081	1879	0.11949767
231081	4579	0.11949767
231081	6536	0.11949767
231081	1009	0.119497664
231081	3044	0.11949766
231081	4321	0.11949766
231081	5574	0.11949766
231081	6060	0.11949766
231081	6229	0.11949765
231081	6534	0.11949765
231132	2134	0.12319069
231132	531	0.123190686
231132	3303	0.123190686
231132	545	0.12319067
231132	1307	0.12319067
231132	3051	0.123190664
231132	5887	0.123190664
231132	1720	0.12319066
231132	2877	0.12319066
231132	3156	0.12319066
231149	3039	0.12165938
231149	5163	0.12165938
231149	485	0.12165937
231149	2214	0.12165937
231149	2292	0.12165937
231149	6014	0.12165937
231149	6680	0.12165937
231149	75	0.12165936
231149	2215	0.12165936
231149	5160	0.12165936
231210	696	0.11645986
231210	2504	0.116459854
231210	61	0.11645985
231210	410	0.11645985
231210	1578	0.11645985
231210	5250	0.11645985
231210	635	0.11645984
231210	1550	0.11645984
231210	448	0.11645983
231210	925	0.11645983
231225	6896	0.1068824
231225	3982	0.10688239
231225	5481	0.10688239
231225	6027	0.106882386
231225	6127	0.10688237
231225	80	0.106882356
231225	1010	0.106882356
231225	2300	0.106882356
231225	3652	0.106882356
231225	362	0.10688235
231237	959	0.0930274
231237	4180	0.09302737
231237	6463	0.09302737
231237	646	0.09302736
231237	4870	0.09302736
231237	5532	0.09301681
231237	1502	0.09281133
231237	350	0.092811316
231237	1514	0.092811316
231237	5279	0.092811316
231251	3184	0.107649535
231251	1589	0.10764952
231251	4114	0.10764952
231251	4538	0.10764952
231251	4812	0.10764952
231251	1063	0.10764951
231251	4946	0.10764951
231251	380	0.107649505
231251	1882	0.107649505
231251	2079	0.107649505
231252	346	0.10320834
231252	2339	0.10320834
231252	320	0.10320833
231252	1453	0.10320833
231252	1629	0.10320833
231252	1855	0.10320833
231252	4014	0.10320833
231252	159	0.103208326
231252	1658	0.103208326
231252	2338	0.103208326
231255	5121	0.11044277
231255	815	0.11044273
231255	1951	0.11044272
231255	2782	0.10954562
231255	1616	0.10954561
231255	1398	0.1095456
231255	1541	0.1095456
231255	1816	0.1095456
231255	1095	0.109545596
231255	3559	0.109545596
231263	6765	0.115950875
231263	110	0.11595087
231263	700	0.11595087
231263	1752	0.11595087
231263	6043	0.11595087
231263	6676	0.11595086
231263	1360	0.11595085
231263	2179	0.11595085
231263	2569	0.11595085
231263	2640	0.11595085
231264	4928	0.11794222
231264	5711	0.117942214
231264	5907	0.11794221
231264	2424	0.1179422
231264	6317	0.1179422
231264	6707	0.1179422
231264	767	0.11794219
231264	5017	0.11794219
231264	4923	0.11794218
231264	2644	0.11794217
231337	778	0.11056862
231337	466	0.1105686
231337	1288	0.1105686
231337	5514	0.1105686
231337	1967	0.11056859
231337	4971	0.11056859
231337	5546	0.11056859
231337	6802	0.11056859
231337	3207	0.11056858
231337	4819	0.11056858
231340	5360	0.10115922
231340	3870	0.101159215
231340	5698	0.101159215
231340	2296	0.10115921
231340	6102	0.10115921
231340	2297	0.1011592
231340	3802	0.1011592
231340	4290	0.1011592
231340	6145	0.1011592
231340	591	0.101159185
231351	3327	0.12763041
231351	1852	0.12763038
231351	2278	0.12763038
231351	4154	0.12763038
231351	4239	0.12763038
231351	4835	0.12763038
231351	174	0.12763037
231351	294	0.12763037
231351	1728	0.12763037
231351	2035	0.12763037
231354	6307	0.12983471
231354	3341	0.1298347
231354	5636	0.1298347
231354	62	0.12983468
231354	950	0.12983468
231354	1355	0.12983468
231354	1902	0.12983468
231354	1990	0.12983468
231354	2415	0.12983468
231354	3310	0.12983468
231357	701	0.09881397
231357	1957	0.09881397
231357	6652	0.098813966
231357	1513	0.09881396
231357	68	0.09881395
231357	1191	0.09773829
231357	1971	0.09773827
231357	6530	0.09773825
231357	2951	0.097384095
231357	3396	0.097384095
231374	558	0.11986717
231374	1287	0.11986716
231374	561	0.119867146
231374	726	0.119867146
231374	5565	0.11986714
231374	842	0.11986713
231374	1676	0.11986713
231374	4814	0.11986713
231374	5087	0.11986713
231374	5617	0.11986713
231393	1034	0.113496825
231393	1031	0.11349682
231393	463	0.11349681
231393	2307	0.11349681
231393	6099	0.11349681
231393	6346	0.11349681
231393	2008	0.1134968
231393	2286	0.1134968
231393	2923	0.1134968
231393	3796	0.1134968
231395	1731	0.12511691
231395	1709	0.1251169
231395	2983	0.1251169
231395	2997	0.1251169
231395	3234	0.1251169
231395	100	0.12511688
231395	193	0.12511688
231395	313	0.12511688
231395	567	0.12511688
231395	658	0.12511688
231560	3766	0.09924269
231560	3273	0.09924268
231560	4567	0.09924266
231560	4528	0.09924229
231560	19	0.09924227
231560	1242	0.09924227
231560	3046	0.098659486
231560	6474	0.098659486
231560	4007	0.09864654
231560	2334	0.09864652
231613	1677	0.13961768
231613	1204	0.13961765
231613	2401	0.1394525
231613	786	0.13909274
231613	6655	0.13909271
231613	6745	0.13909268
231613	5813	0.13909267
231613	3165	0.13909265
231613	3563	0.13909264
231613	4418	0.13909262
231694	320	0.108158946
231694	4854	0.108158946
231694	1629	0.10815894
231694	2339	0.10815894
231694	3743	0.10815894
231694	4014	0.10815894
231694	6863	0.10815894
231694	159	0.10815893
231694	177	0.10815893
231694	180	0.10815893
231823	1823	0.111815706
231823	5333	0.111815706
231823	6763	0.111815706
231823	259	0.1118157
231823	546	0.11181569
231823	648	0.11181569
231823	733	0.11181569
231823	944	0.11181569
231823	1387	0.11181569
231823	1668	0.11181569
231827	3780	0.11999513
231827	800	0.11999512
231827	2210	0.119995095
231827	2216	0.119995095
231827	3942	0.11999509
231827	5111	0.11999509
231827	6559	0.11999508
231827	2217	0.11999507
231827	5340	0.11999507
231827	1800	0.119995065
231857	456	0.096574776
231857	4573	0.09657475
231857	1401	0.096574746
231857	1102	0.09657474
231857	3456	0.09657472
231857	4017	0.096574716
231857	4739	0.09657471
231857	3644	0.096574694
231857	4381	0.09629199
231857	4865	0.09629198
231897	4114	0.10512789
231897	4538	0.10512789
231897	4812	0.105127886
231897	6151	0.105127886
231897	380	0.10512788
231897	1589	0.10512788
231897	5064	0.10512788
231897	5556	0.10512788
231897	1063	0.10512787
231897	1469	0.10512787
231993	5060	0.11343239
231993	6781	0.11247781
231993	5538	0.112477764
231993	2866	0.11206001
231993	3968	0.112059996
231993	6420	0.11205998
231993	5129	0.11205997
231993	3959	0.112059966
231993	5407	0.11205996
231993	4452	0.111982785
232030	1569	0.10499369
232030	5875	0.104993686
232030	1556	0.10499368
232030	1716	0.10499368
232030	1460	0.10499367
232030	3142	0.10499367
232030	6657	0.10499367
232030	3128	0.10499366
232030	4659	0.10481477
232030	2434	0.10481476
232052	3039	0.10450652
232052	5163	0.10450652
232052	6680	0.10450652
232052	75	0.104506515
232052	485	0.104506515
232052	2214	0.104506515
232052	2215	0.104506515
232052	2292	0.104506515
232052	975	0.10450651
232052	1496	0.10450651
232067	1231	0.13264565
232067	4526	0.13264565
232067	1725	0.13264564
232067	3951	0.13264564
232067	4816	0.13264564
232067	5551	0.13264564
232067	1693	0.13264562
232067	2771	0.13264562
232067	3566	0.13264562
232067	3759	0.13264562
232103	72	0.11454892
232103	523	0.114548914
232103	812	0.1145489
232103	5856	0.1145489
232103	6756	0.1145489
232103	385	0.11454889
232103	1282	0.11454889
232103	2509	0.11454889
232103	4995	0.11454889
232103	6237	0.11454889
232106	4397	0.094262555
232106	1470	0.09426255
232106	3228	0.094262525
232106	1269	0.09392375
232106	2511	0.09392375
232106	5294	0.09392375
232106	3877	0.09392374
232106	4882	0.09392373
232106	2047	0.09392372
232106	3052	0.09392371
232107	1470	0.10025911
232107	4397	0.10025911
232107	3228	0.10025909
232107	1269	0.09964324
232107	3877	0.09964323
232107	5294	0.09964323
232107	2511	0.09964322
232107	4882	0.099643216
232107	2047	0.09964321
232107	3052	0.0996432
232131	422	0.11123033
232131	504	0.11123033
232131	1743	0.11123033
232131	2084	0.11123033
232131	2696	0.11123033
232131	5632	0.11123033
232131	5781	0.11123033
232131	298	0.11123032
232131	798	0.11123032
232131	802	0.11123032
232211	858	0.130404
232211	2463	0.130404
232211	3657	0.130404
232211	6057	0.130404
232211	3856	0.13040398
232211	4493	0.13040398
232211	4524	0.13040398
232211	121	0.13040397
232211	420	0.13040397
232211	430	0.13040397
232271	2951	0.09695788
232271	5371	0.09695788
232271	3396	0.09695786
232271	2004	0.09695785
232271	6605	0.09695785
232271	4259	0.09695784
232271	459	0.09695783
232271	1301	0.09695783
232271	6031	0.09695783
232271	6825	0.09695783
232292	3184	0.10673064
232292	380	0.10673063
232292	4114	0.10673063
232292	1063	0.106730625
232292	1589	0.106730625
232292	4538	0.106730625
232292	4812	0.106730625
232292	5556	0.106730625
232292	1469	0.10673061
232292	3889	0.10673061
232343	6876	0.104648784
232343	2118	0.104648724
232343	999	0.10454206
232343	2708	0.10454202
232343	2197	0.10454199
232343	5129	0.103984475
232343	2866	0.10398447
232343	3968	0.10398447
232343	5407	0.10398447
232343	3959	0.10398446
232492	4114	0.110978104
232492	4538	0.110978104
232492	1589	0.1109781
232492	4812	0.1109781
232492	5556	0.1109781
232492	6151	0.1109781
232492	1063	0.11097809
232492	1469	0.11097809
232492	3431	0.11097809
232492	380	0.11097808
232583	1879	0.119268246
232583	1009	0.11926823
232583	4434	0.11926822
232583	4579	0.11926822
232583	6536	0.11926822
232583	916	0.119268216
232583	3485	0.119268216
232583	5574	0.119268216
232583	6855	0.119268216
232583	10	0.11926821
232708	3324	0.12239466
232708	2098	0.12194479
232708	2846	0.12105267
232708	1995	0.12042734
232708	5302	0.11940618
232708	1581	0.1192266
232708	3149	0.1184479
232708	5253	0.117776334
232708	5073	0.11772417
232708	2168	0.117582835
232736	982	0.11493271
232736	260	0.114932686
232736	6250	0.114932686
232736	1853	0.11493268
232736	2301	0.11493268
232736	4370	0.11493268
232736	1045	0.11493267
232736	4673	0.11493267
232736	5191	0.11493267
232736	5836	0.114932664
232756	6150	0.09945281
232756	4690	0.099452786
232756	550	0.09945278
232756	1020	0.09945278
232756	6283	0.09945278
232756	201	0.09945277
232756	3201	0.09945277
232756	2391	0.099452764
232756	6871	0.099452764
232756	4672	0.09945276
232838	5453	0.10694353
232838	3287	0.10694352
232838	3247	0.10694351
232838	250	0.1069435
232838	399	0.1069435
232838	3251	0.1069435
232838	6609	0.1069435
232838	3861	0.106943496
232838	6701	0.106943496
232838	6726	0.106943496
232929	1892	0.090711534
232929	1856	0.09071152
232929	206	0.09071151
232929	794	0.090711504
232929	1376	0.090711504
232929	1714	0.0907115
232929	4905	0.0907115
232929	5080	0.0907115
232929	1261	0.09071149
232929	3775	0.09071149
232945	3327	0.13530909
232945	4154	0.13530906
232945	83	0.13530904
232945	253	0.13530904
232945	294	0.13530904
232945	1852	0.13530904
232945	2035	0.13530904
232945	2278	0.13530904
232945	4133	0.13530904
232945	4239	0.13530904
232959	4087	0.114279464
232959	5105	0.114279464
232959	282	0.11427946
232959	3506	0.11427946
232959	337	0.11427945
232959	5053	0.11427945
232959	52	0.11427944
232959	883	0.11427944
232959	1066	0.11427944
232959	4545	0.11427944
232964	6714	0.080278054
232964	1396	0.08027801
232964	4585	0.080278
232964	3913	0.07983814
232964	6446	0.07983814
232964	3197	0.079838134
232964	3285	0.079838134
232964	5923	0.079838134
232964	2800	0.07983813
232964	3550	0.07983813
232990	5558	0.1177178
232990	4293	0.117717795
232990	2752	0.11771779
232990	3018	0.11771779
232990	6341	0.11771779
232990	628	0.11771778
232990	2803	0.11771778
232990	1745	0.11771777
232990	2669	0.11771777
232990	3916	0.11771777
233117	3917	0.10078805
233117	2494	0.10078804
233117	6122	0.10078804
233117	6382	0.10078804
233117	2169	0.100788034
233117	3256	0.100788034
233117	3580	0.100788034
233117	6808	0.100788034
233117	2016	0.10078803
233117	2577	0.10078803
233143	6227	0.112696216
233143	5363	0.10960002
233143	4536	0.10955568
233143	2498	0.10955567
233143	1080	0.10955566
233143	1793	0.10955566
233143	4415	0.10955566
233143	6298	0.10955566
233143	1319	0.109555654
233143	3147	0.109555654
233312	5461	0.09906162
233312	97	0.09906159
233312	3895	0.09906159
233312	6766	0.09906158
233312	6892	0.09906157
233312	702	0.09906156
233312	1104	0.09906156
233312	6053	0.09906156
233312	6619	0.09906156
233312	6096	0.09906155
233427	72	0.10512973
233427	523	0.10512973
233427	5856	0.105129726
233427	2509	0.10512972
233427	3727	0.10512972
233427	812	0.10512971
233427	2882	0.10512971
233427	6756	0.10512971
233427	385	0.105129704
233427	1282	0.105129704
233430	2782	0.0991841
233430	1541	0.099184096
233430	6806	0.099184096
233430	1095	0.09918409
233430	1816	0.09918409
233430	5828	0.09918409
233430	378	0.09918408
233430	1398	0.09918408
233430	1616	0.09918408
233430	2176	0.09918408
233431	631	0.11532609
233431	6339	0.115326084
233431	2018	0.11532608
233431	2860	0.11532608
233431	3161	0.11532608
233431	4669	0.11532608
233431	598	0.11532607
233431	4291	0.11532607
233431	5871	0.11532607
233431	6324	0.11532607
233436	2866	0.102985695
233436	5129	0.10298568
233436	6420	0.10298568
233436	5407	0.102985665
233436	5657	0.100567035
233436	272	0.10056701
233436	4895	0.100567
233436	5346	0.09994659
233436	6781	0.099813834
233436	5538	0.09981379
233445	5618	0.109401494
233445	3457	0.10940149
233445	6184	0.10940149
233445	5918	0.10940148
233445	341	0.10940147
233445	2776	0.10940147
233445	831	0.10940145
233445	3897	0.10940144
233445	3376	0.10940143
233445	133	0.10897988
233480	184	0.116242506
233480	118	0.11624248
233480	1506	0.11624248
233480	5817	0.11624248
233480	5992	0.11624248
233480	5079	0.116242476
233480	6814	0.116242476
233480	540	0.11624247
233480	2978	0.11624247
233480	4605	0.11624247
233526	730	0.097272895
233526	2372	0.097272865
233526	4284	0.09727286
233526	1891	0.09640126
233526	456	0.09602725
233526	1401	0.096027225
233526	4573	0.096027225
233526	1102	0.09602721
233526	3456	0.096027195
233526	4739	0.09602718
233529	1231	0.11345257
233529	4526	0.11345257
233529	1725	0.113452554
233529	3566	0.113452554
233529	5551	0.113452554
233529	4311	0.11345255
233529	4816	0.11345255
233529	4934	0.11345255
233529	6760	0.11345255
233529	1693	0.11345254
233543	4228	0.12922701
233543	24	0.12922698
233543	311	0.12922698
233543	770	0.12922698
233543	1840	0.12922698
233543	2034	0.12922698
233543	3063	0.12922698
233543	3335	0.12922698
233543	3351	0.12922698
233543	3353	0.12922698
233578	1237	0.10414963
233578	2981	0.10414962
233578	6612	0.10414961
233578	4050	0.104044974
233578	1973	0.104044944
233578	5252	0.1040449
233578	4659	0.104026034
233578	3474	0.10402601
233578	4402	0.10402601
233578	6073	0.104026005
233711	6439	0.1037178
233711	973	0.10371779
233711	5405	0.10296567
233711	1532	0.10296565
233711	3159	0.10296565
233711	3909	0.102965645
233711	1162	0.10296564
233711	6217	0.10296564
233711	6782	0.10296564
233711	4978	0.10296562
233719	259	0.10840528
233719	733	0.10840528
233719	2001	0.10840528
233719	2687	0.10840528
233719	4695	0.10840528
233719	4968	0.10840528
233719	6763	0.10840528
233719	546	0.10840527
233719	944	0.10840527
233719	1387	0.10840527
233856	2752	0.10986334
233856	3018	0.10986334
233856	3916	0.10986334
233856	4293	0.10986334
233856	5558	0.10986334
233856	6341	0.10986334
233856	628	0.10986333
233856	2803	0.10986333
233856	2406	0.109863326
233856	2669	0.109863326
233867	5405	0.09562873
233867	1532	0.09562872
233867	6782	0.09562872
233867	3159	0.095628716
233867	3909	0.09562871
233867	6217	0.09562871
233867	1162	0.0956287
233867	4978	0.0956287
233867	5733	0.0956287
233867	778	0.095082164
233889	5150	0.11473499
233889	6763	0.11473499
233889	259	0.11473498
233889	546	0.11473498
233889	648	0.11473498
233889	733	0.11473498
233889	1668	0.11473498
233889	1670	0.11473498
233889	1813	0.11473498
233889	1823	0.11473498
233903	5614	0.09641051
233903	1614	0.09641047
233903	3254	0.096151
233903	4399	0.096150964
233903	547	0.09615095
233903	5775	0.09542051
233903	2945	0.09542048
233903	5368	0.09542048
233903	5774	0.095420465
233903	6242	0.09542046
233911	4840	0.10523312
233911	5517	0.1052331
233911	338	0.105233096
233911	1286	0.10523309
233911	2493	0.10523309
233911	3445	0.10523309
233911	5867	0.10523309
233911	6385	0.10523309
233911	6402	0.10523309
233911	334	0.10523308
233976	5650	0.10625671
233976	2007	0.10625669
233976	5433	0.10625669
233976	4319	0.106256686
233976	2844	0.10625668
233976	3618	0.10625668
233976	982	0.10582369
233976	1045	0.10582367
233976	260	0.105823666
233976	6250	0.105823666
234023	2429	0.116845995
234023	55	0.116845965
234023	1608	0.11684596
234023	2029	0.11684596
234023	2900	0.11684593
234023	56	0.11684592
234023	2623	0.116595685
234023	4804	0.116595685
234023	2166	0.116595656
234023	2599	0.116595656
234165	3327	0.1275593
234165	4154	0.1275593
234165	294	0.12755927
234165	1728	0.12755927
234165	4133	0.12755927
234165	4239	0.12755927
234165	4835	0.12755927
234165	4920	0.12755927
234165	5046	0.12755927
234165	5965	0.12755927
234359	6779	0.09709594
234359	6784	0.09709592
234359	1028	0.09709591
234359	727	0.0970959
234359	4269	0.097095884
234359	4350	0.097095884
234359	3477	0.09709588
234359	5778	0.09709588
234359	5526	0.09709587
234359	2469	0.09671199
234399	2934	0.09837118
234399	976	0.09837117
234399	896	0.09837116
234399	3783	0.09837116
234399	3740	0.09837115
234399	5594	0.09837115
234399	1653	0.09837114
234399	5557	0.09837114
234399	1660	0.09837113
234399	5049	0.09837113
234565	3396	0.10425222
234565	2951	0.104252204
234565	5371	0.104252204
234565	6825	0.104252204
234565	459	0.10425219
234565	1247	0.10425219
234565	2004	0.10425219
234565	6605	0.10425219
234565	4259	0.10425218
234565	1301	0.104252174
234597	110	0.13755396
234597	6043	0.13755396
234597	6765	0.13755396
234597	700	0.13755395
234597	1752	0.13755395
234597	3469	0.13755395
234597	5034	0.13755395
234597	886	0.13755393
234597	1144	0.13755393
234597	1154	0.13755393
234614	688	0.11639689
234614	3217	0.11639689
234614	1620	0.116396874
234614	1739	0.116396874
234614	2173	0.116396874
234614	6488	0.116396874
234614	1341	0.11639687
234614	1920	0.11639687
234614	1924	0.11639687
234614	3674	0.11639687
234623	1266	0.0899442
234623	3110	0.0899442
234623	3578	0.0899442
234623	903	0.08994419
234623	1503	0.089944184
234623	2371	0.089944184
234623	3009	0.089944184
234623	3556	0.089944184
234623	6650	0.089944184
234623	5811	0.08994418
234647	1855	0.104780816
234647	346	0.10478081
234647	2339	0.10478081
234647	3743	0.10478081
234647	4014	0.10478081
234647	320	0.1047808
234647	1567	0.1047808
234647	1629	0.1047808
234647	4217	0.1047808
234647	6863	0.1047808
234672	3184	0.10173235
234672	4114	0.10173234
234672	380	0.101732336
234672	1589	0.101732336
234672	4812	0.101732336
234672	1063	0.10173233
234672	3910	0.10173233
234672	4538	0.10173233
234672	4946	0.10173233
234672	5556	0.10173233
234675	3184	0.09979242
234675	380	0.09979241
234675	4114	0.09979241
234675	4538	0.099792406
234675	4812	0.099792406
234675	1063	0.0997924
234675	1589	0.0997924
234675	3910	0.0997924
234675	4946	0.0997924
234675	5064	0.0997924
234721	3040	0.10249814
234721	3098	0.10249814
234721	4872	0.10249813
234721	992	0.10249812
234721	1130	0.102498114
234721	4073	0.102498114
234721	6570	0.102498114
234721	1645	0.10249811
234721	2061	0.1024981
234721	6195	0.102498084
234743	5461	0.10306437
234743	3895	0.10306436
234743	97	0.10306434
234743	6766	0.10306434
234743	6619	0.10306433
234743	6892	0.10306433
234743	702	0.10306432
234743	1104	0.10306431
234743	6053	0.10306431
234743	6096	0.10306431
234765	2463	0.14058718
234765	4493	0.14058718
234765	6057	0.14058718
234765	858	0.14058717
234765	1641	0.14058717
234765	1643	0.14058717
234765	3657	0.14058717
234765	4524	0.14058717
234765	430	0.14058715
234765	632	0.14058715
234893	6001	0.11873862
234893	4147	0.11873861
234893	1241	0.1187386
234893	2756	0.1187386
234893	3257	0.11873859
234893	5047	0.11873859
234893	6498	0.11873859
234893	1591	0.11873858
234893	1861	0.11873858
234893	2604	0.11873858
234901	3882	0.09498011
234901	381	0.094980106
234901	444	0.094980106
234901	6335	0.0949801
234901	165	0.09498009
234901	2788	0.09498009
234901	3072	0.09498009
234901	6590	0.09498009
234901	3015	0.09498008
234901	4234	0.09498008
234925	6122	0.10831036
234925	2016	0.10831034
234925	2169	0.10831034
234925	2494	0.10831034
234925	2943	0.10831034
234925	3256	0.10831034
234925	3580	0.10831034
234925	3917	0.10831034
234925	3919	0.10831034
234925	5018	0.10831034
234948	6307	0.10292667
234948	3341	0.102926664
234948	5636	0.10292666
234948	1902	0.10292665
234948	3810	0.10292665
234948	62	0.10292664
234948	1355	0.10292664
234948	1990	0.10292664
234948	2415	0.10292664
234948	5162	0.10292664
234954	3765	0.10343295
234954	6331	0.10343295
234954	748	0.103432946
234954	4950	0.103432946
234954	5390	0.103432946
234954	788	0.10343294
234954	1552	0.10343294
234954	2481	0.10343294
234954	2796	0.10343294
234954	2842	0.10343294
235059	778	0.08926269
235059	466	0.089262664
235059	1288	0.089262664
235059	5514	0.089262664
235059	5519	0.089262664
235059	6802	0.089262664
235059	1633	0.08926266
235059	1662	0.08926266
235059	1967	0.08926266
235059	5442	0.08926266
235099	223	0.13546158
235099	5511	0.13546158
235099	5938	0.13546157
235099	6296	0.13546155
235099	5209	0.13546152
235099	6207	0.13546152
235099	2607	0.13546151
235099	2595	0.13513365
235099	6271	0.13513365
235099	6821	0.13513365
235146	1626	0.107212156
235146	3468	0.107212156
235146	127	0.10721214
235146	6611	0.10721214
235146	3738	0.10721213
235146	243	0.107212126
235146	3544	0.107212126
235146	4743	0.107212126
235146	5525	0.107212126
235146	6678	0.107212126
235173	1227	0.12351596
235173	1949	0.12351594
235173	1762	0.12351592
235173	5107	0.123515904
235173	4890	0.1235159
235173	502	0.12351587
235173	199	0.12351586
235173	1731	0.12351117
235173	1207	0.12351115
235173	1709	0.12351115
235206	87	0.10611212
235206	2652	0.106112115
235206	4258	0.106112115
235206	5620	0.1061121
235206	310	0.10611209
235206	1200	0.106112085
235206	2231	0.106112085
235206	4294	0.10611208
235206	6264	0.10611208
235206	1438	0.10611207
235282	2269	0.11281516
235282	1579	0.11281515
235282	539	0.11281514
235282	2880	0.11281514
235282	3286	0.11281514
235282	2920	0.112815134
235282	2354	0.11281513
235282	3893	0.11281513
235282	4433	0.11281513
235282	5242	0.11281513
235384	5747	0.11425335
235384	2583	0.11425334
235384	2848	0.11425334
235384	5607	0.114253335
235384	6047	0.11425328
235384	4007	0.11420229
235384	2334	0.114202276
235384	5072	0.114202276
235384	6579	0.11420227
235384	92	0.11420226
235392	824	0.09789348
235392	3835	0.09789348
235392	4654	0.09789348
235392	5430	0.09789346
235392	6086	0.09789346
235392	1335	0.097893454
235392	4393	0.09771299
235392	2694	0.09771296
235392	1270	0.09689155
235392	2038	0.09688107
235498	72	0.09255789
235498	523	0.092557885
235498	812	0.09255788
235498	2509	0.09255788
235498	3727	0.09255788
235498	4620	0.09255788
235498	5856	0.09255788
235498	6237	0.09255788
235498	6435	0.09255788
235498	6756	0.09255788
235506	72	0.11400065
235506	523	0.11400064
235506	2509	0.11400063
235506	5856	0.11400063
235506	812	0.114000626
235506	4620	0.114000626
235506	6237	0.114000626
235506	6756	0.114000626
235506	368	0.11400062
235506	385	0.11400062
235543	696	0.09840505
235543	61	0.09840503
235543	410	0.09840503
235543	1578	0.09840503
235543	2504	0.09840503
235543	635	0.098405026
235543	240	0.09840502
235543	448	0.09840502
235543	964	0.09840502
235543	1550	0.09840502
235671	3784	0.100257844
235671	3045	0.10025782
235671	3932	0.100257814
235671	5410	0.10025779
235671	6885	0.099968895
235671	1915	0.09987107
235671	3011	0.099871054
235671	3874	0.099871054
235671	4224	0.099871054
235671	5262	0.099871054
235684	982	0.11326745
235684	6250	0.11326743
235684	260	0.11326742
235684	1045	0.11326742
235684	1853	0.11326742
235684	4370	0.11326742
235684	5191	0.11326742
235684	2301	0.11326741
235684	4673	0.11326741
235684	2950	0.1132674
235842	6779	0.09963369
235842	1926	0.09963367
235842	1028	0.09963366
235842	727	0.09963365
235842	4350	0.09963365
235842	4269	0.09963364
235842	5526	0.099633634
235842	5778	0.099633634
235842	3477	0.09963362
235842	1626	0.09904601
235884	6430	0.11074297
235884	3271	0.11074292
235884	5020	0.1107429
235884	5716	0.11074289
235884	780	0.11074288
235884	6731	0.11074286
235884	6569	0.110583566
235884	353	0.110583544
235884	642	0.110583544
235884	3837	0.11058351
235888	110	0.10473539
235888	1752	0.10473539
235888	2569	0.10473539
235888	6043	0.10473539
235888	6765	0.10473539
235888	4989	0.10473538
235888	6676	0.10473538
235888	700	0.104735374
235888	1144	0.104735374
235888	1330	0.104735374
235895	3088	0.11879675
235895	2533	0.118796736
235895	5729	0.118796736
235895	2563	0.11879673
235895	2864	0.118796706
235895	2863	0.1187967
235895	638	0.11879667
235895	4834	0.1185583
235895	164	0.11855829
235895	3320	0.11855827
235935	1626	0.11813778
235935	3468	0.11813776
235935	3738	0.118137754
235935	6611	0.118137754
235935	127	0.11813775
235935	1568	0.11813775
235935	416	0.11813774
235935	1814	0.11813774
235935	5525	0.11813774
235935	243	0.11813773
235952	2814	0.10908073
235952	2153	0.1090807
235952	888	0.10856293
235952	4915	0.108562924
235952	5007	0.108562924
235952	4500	0.10856291
235952	129	0.1085629
235952	1112	0.1085629
235952	6665	0.108562894
235952	6803	0.108562894
236017	6307	0.11111893
236017	3341	0.11111891
236017	62	0.1111189
236017	2238	0.1111189
236017	3310	0.1111189
236017	3810	0.1111189
236017	5162	0.1111189
236017	5216	0.1111189
236017	5636	0.1111189
236017	6790	0.1111189
236025	3184	0.12563378
236025	4114	0.12563375
236025	4538	0.12563375
236025	4812	0.12563375
236025	380	0.12563373
236025	1063	0.12563373
236025	1589	0.12563373
236025	3431	0.12563373
236025	4946	0.12563373
236025	5556	0.12563373
236030	320	0.106496915
236030	346	0.106496915
236030	1567	0.106496915
236030	1855	0.106496915
236030	2339	0.106496915
236030	3743	0.106496915
236030	4014	0.106496915
236030	6863	0.106496915
236030	759	0.10649691
236030	1442	0.10649691
236044	6763	0.10639093
236044	259	0.10639092
236044	546	0.10639092
236044	733	0.10639092
236044	944	0.10639092
236044	1387	0.10639092
236044	1823	0.10639092
236044	1833	0.10639092
236044	2001	0.10639092
236044	2687	0.10639092
236058	4768	0.121925965
236058	4845	0.12192596
236058	478	0.12192595
236058	1122	0.12192595
236058	1332	0.12192595
236058	1815	0.12192595
236058	3782	0.12192595
236058	4770	0.12192595
236058	4053	0.12192594
236058	1976	0.121925935
236097	3039	0.120787494
236097	75	0.12078749
236097	485	0.12078749
236097	1496	0.12078749
236097	2214	0.12078749
236097	2292	0.12078749
236097	6014	0.12078749
236097	6680	0.12078749
236097	6786	0.12078749
236097	2215	0.12078748
236164	1922	0.12594765
236164	3248	0.12594765
236164	4083	0.12594765
236164	5012	0.12594765
236164	6048	0.12594765
236164	219	0.12594764
236164	221	0.12594762
236164	1834	0.12594762
236164	3264	0.12594762
236164	5680	0.12594762
236172	4342	0.11224385
236172	79	0.112243846
236172	3059	0.112243846
236172	4525	0.112243846
236172	5122	0.112243846
236172	1624	0.11224384
236172	4175	0.11224384
236172	6471	0.11224384
236172	6532	0.11224384
236172	251	0.11224383
236235	5431	0.10339903
236235	1094	0.10339901
236235	4165	0.10339899
236235	3184	0.103366345
236235	4114	0.103366345
236235	4538	0.103366345
236235	1589	0.10336634
236235	380	0.10336633
236235	1063	0.10336633
236235	4812	0.10336633
236255	269	0.109519795
236255	6903	0.109519795
236255	6356	0.10951979
236255	6472	0.10951979
236255	797	0.10951978
236255	1311	0.10951978
236255	2605	0.10951978
236255	6199	0.10951978
236255	6698	0.10951978
236255	1250	0.10951977
236267	5130	0.10259974
236267	115	0.102599695
236267	3586	0.102599695
236267	230	0.10259969
236267	286	0.10259968
236267	1117	0.10259967
236267	356	0.102599666
236267	1333	0.10259966
236267	2890	0.10259966
236267	5327	0.101813376
236269	3197	0.10829449
236269	3285	0.10829449
236269	3913	0.10829449
236269	6446	0.10829449
236269	5923	0.10829448
236269	2800	0.10829447
236269	3550	0.10829447
236269	4062	0.10829447
236269	4438	0.10829447
236269	1539	0.10829446
236322	1830	0.116980776
236322	6540	0.116980776
236322	6708	0.116980776
236322	5052	0.11698076
236322	1943	0.116980754
236322	721	0.11698075
236322	2935	0.11698073
236322	3439	0.11698073
236322	5995	0.11698073
236322	669	0.116980724
236340	3336	0.110678285
236340	5793	0.110678285
236340	4305	0.11067828
236340	1782	0.11067827
236340	1821	0.11067827
236340	1854	0.11067826
236340	317	0.110678256
236340	2710	0.11067825
236340	170	0.11030337
236340	611	0.11030337
236349	1649	0.12095133
236349	3736	0.12095132
236349	5145	0.12095129
236349	3254	0.12073321
236349	4042	0.12073317
236349	5838	0.12073317
236349	6791	0.120733164
236349	547	0.12073313
236349	2695	0.12053854
236349	2105	0.12053853
236399	133	0.115457654
236399	2014	0.115457654
236399	622	0.11545763
236399	660	0.11545762
236399	3048	0.11545762
236399	473	0.11545761
236399	668	0.11545761
236399	3064	0.11545761
236399	6383	0.11545761
236399	2633	0.1154576
236480	688	0.103183985
236480	6488	0.10318398
236480	134	0.10318397
236480	1739	0.10318397
236480	2164	0.10318397
236480	3217	0.10318397
236480	1233	0.10318396
236480	2173	0.10318396
236480	2340	0.10318396
236480	1229	0.103183955
236587	4780	0.11496429
236587	1180	0.114964284
236587	6438	0.114964284
236587	683	0.11496428
236587	1189	0.11496428
236587	2432	0.11496428
236587	6163	0.11496428
236587	3425	0.11496427
236587	4058	0.11496427
236587	2187	0.11496423
236595	3285	0.09811804
236595	3913	0.09811804
236595	6446	0.09811804
236595	3197	0.09811803
236595	388	0.09811802
236595	2800	0.09811802
236595	3550	0.09811802
236595	4169	0.09811802
236595	4438	0.09811802
236595	5923	0.09811802
236618	1023	0.10347711
236618	4221	0.103477076
236618	994	0.103477046
236618	1731	0.10334449
236618	2983	0.103344485
236618	3234	0.103344485
236618	193	0.10334448
236618	1709	0.10334448
236618	658	0.10334447
236618	1207	0.10334447
236621	209	0.09816915
236621	5440	0.09816915
236621	3423	0.0981691
236621	2000	0.09704071
236621	4876	0.09704071
236621	3237	0.0970407
236621	3698	0.0970407
236621	3240	0.096600756
236621	3768	0.09637343
236621	575	0.096373424
236700	72	0.109158576
236700	523	0.10915857
236700	5856	0.10915856
236700	2509	0.10915855
236700	6237	0.10915855
236700	385	0.109158546
236700	812	0.109158546
236700	1282	0.109158546
236700	2882	0.109158546
236700	3576	0.109158546
236754	6307	0.11180063
236754	5162	0.11180062
236754	950	0.11180061
236754	1355	0.11180061
236754	1902	0.11180061
236754	2415	0.11180061
236754	3310	0.11180061
236754	3341	0.11180061
236754	3810	0.11180061
236754	5636	0.11180061
236757	696	0.09806801
236757	2504	0.09806799
236757	61	0.098067984
236757	410	0.098067984
236757	635	0.098067984
236757	964	0.098067984
236757	1550	0.098067984
236757	1578	0.098067984
236757	1774	0.098067984
236757	448	0.09806798
236840	2652	0.105401665
236840	87	0.10540165
236840	4258	0.10540164
236840	5620	0.105401635
236840	310	0.10540163
236840	1200	0.10540162
236840	1438	0.10540162
236840	2231	0.10540162
236840	5144	0.10540162
236840	6264	0.10540162
236943	437	0.08985045
236943	1030	0.08985044
236943	1648	0.08985044
236943	4344	0.08985044
236943	4977	0.08985044
236943	6454	0.08985044
236943	5066	0.08985043
236943	34	0.089850426
236943	3073	0.089850426
236943	4101	0.089850426
236948	110	0.11600485
236948	1752	0.11600484
236948	6043	0.11600484
236948	6676	0.11600484
236948	6765	0.11600483
236948	1144	0.116004825
236948	1330	0.116004825
236948	2640	0.116004825
236948	4720	0.116004825
236948	5034	0.116004825
236955	3545	0.100364834
236955	149	0.10036483
236955	893	0.10036483
236955	5768	0.10036482
236955	441	0.10036481
236955	26	0.100364804
236955	761	0.100364804
236955	3634	0.10036479
236955	6877	0.10036479
236955	4314	0.10036478
236959	269	0.11766276
236959	6698	0.11766276
236959	6356	0.11766275
236959	1311	0.11766274
236959	2709	0.11766274
236959	3965	0.11766274
236959	4172	0.11766274
236959	6472	0.11766274
236959	6903	0.11766274
236959	249	0.117662735
236979	5311	0.11424015
236979	1701	0.11424014
236979	904	0.11424013
236979	4380	0.114240125
236979	5298	0.114240125
236979	5649	0.114240125
236979	1127	0.11424012
236979	2052	0.11424012
236979	6028	0.11424012
236979	3464	0.11424011
236994	4519	0.114442974
236994	5659	0.114442974
236994	5021	0.11444297
236994	4935	0.11444295
236994	4449	0.114442945
236994	3554	0.11444294
236994	4155	0.11444294
236994	266	0.11444293
236994	2727	0.11444293
236994	1440	0.11379121
237064	3635	0.106582336
237064	995	0.10658233
237064	1551	0.10658233
237064	3312	0.10658233
237064	5686	0.10658233
237064	5840	0.10658232
237064	6823	0.10658232
237064	5603	0.106582314
237064	5023	0.10658231
237064	507	0.1065823
237264	1855	0.10853988
237264	320	0.108539864
237264	346	0.108539864
237264	2339	0.108539864
237264	2575	0.108539864
237264	3743	0.108539864
237264	4014	0.108539864
237264	4217	0.108539864
237264	159	0.10853986
237264	755	0.10853986
237271	320	0.117541075
237271	1855	0.117541075
237271	3743	0.117541075
237271	1090	0.11754107
237271	159	0.11754106
237271	177	0.11754106
237271	180	0.11754106
237271	755	0.11754106
237271	1453	0.11754106
237271	1567	0.11754106
237275	2134	0.12442896
237275	531	0.12442894
237275	1307	0.12442894
237275	5422	0.124428935
237275	3051	0.12442893
237275	3303	0.12442893
237275	1720	0.12442892
237275	2877	0.12442892
237275	3859	0.12442892
237275	4214	0.12442892
237397	696	0.10545996
237397	2504	0.10545996
237397	410	0.10545994
237397	635	0.10545994
237397	1550	0.10545994
237397	1578	0.10545994
237397	5250	0.10545994
237397	61	0.105459936
237397	4156	0.105459936
237397	4187	0.105459936
237407	6346	0.1160583
237407	1031	0.11605829
237407	1034	0.11605829
237407	463	0.11605828
237407	2307	0.11605828
237407	3796	0.11605828
237407	3997	0.11605828
237407	6061	0.11605828
237407	273	0.116058275
237407	1787	0.116058275
237411	2782	0.1063734
237411	1541	0.106373385
237411	1398	0.10637338
237411	3559	0.10637338
237411	1616	0.10637337
237411	1816	0.10637337
237411	2356	0.10637337
237411	5469	0.10637337
237411	672	0.10637336
237411	1095	0.10637336
237429	5120	0.108394474
237429	2223	0.10839443
237429	1892	0.107714534
237429	206	0.10771452
237429	1856	0.107714504
237429	1376	0.1077145
237429	1714	0.1077145
237429	5080	0.1077145
237429	794	0.10771449
237429	1261	0.10771449
237433	688	0.08750226
237433	2164	0.087502256
237433	2173	0.087502256
237433	3217	0.087502256
237433	1233	0.08750225
237433	6488	0.08750225
237433	134	0.08750224
237433	1620	0.08750224
237433	1739	0.08750224
237433	2032	0.08750224
237434	6346	0.110936165
237434	1034	0.11093616
237434	463	0.11093615
237434	1031	0.11093615
237434	2008	0.11093615
237434	2307	0.11093615
237434	2923	0.11093615
237434	3997	0.11093615
237434	4392	0.11093615
237434	4687	0.11093615
237474	696	0.10134515
237474	2504	0.101345144
237474	61	0.10134514
237474	410	0.10134514
237474	1578	0.10134514
237474	5227	0.10134513
237474	448	0.10134512
237474	635	0.10134512
237474	1550	0.10134512
237474	1901	0.10134512
237486	599	0.11035743
237486	282	0.11034049
237486	883	0.11034049
237486	3506	0.11034049
237486	4087	0.11034049
237486	5105	0.11034049
237486	1066	0.11034048
237486	5016	0.11034048
237486	5053	0.11034048
237486	52	0.110340476
237534	5130	0.09672959
237534	115	0.096729554
237534	230	0.09672955
237534	3586	0.09672955
237534	286	0.09672953
237534	356	0.09672952
237534	1333	0.09672952
237534	2890	0.09672951
237534	574	0.09658535
237534	6783	0.09658535
237715	259	0.12911871
237715	546	0.12911871
237715	733	0.12911871
237715	1387	0.12911871
237715	1668	0.12911871
237715	1670	0.12911871
237715	1813	0.12911871
237715	1823	0.12911871
237715	2687	0.12911871
237715	3647	0.12911871
237748	3917	0.10100666
237748	3256	0.10100664
237748	6122	0.10100664
237748	3580	0.101006635
237748	6382	0.101006635
237748	6808	0.101006635
237748	2016	0.10100663
237748	2169	0.10100663
237748	2494	0.10100663
237748	3919	0.10100663
237856	351	0.13342556
237856	697	0.13342556
237856	1024	0.13342556
237856	1880	0.13342556
237856	2413	0.13342556
237856	2479	0.13342556
237856	2830	0.13342556
237856	3626	0.13342556
237856	3846	0.13342556
237856	3107	0.13342555
237898	6307	0.12755549
237898	3341	0.12755547
237898	3810	0.12755547
237898	5636	0.12755547
237898	62	0.12755546
237898	950	0.12755546
237898	1355	0.12755546
237898	1786	0.12755546
237898	1902	0.12755546
237898	1990	0.12755546
237990	688	0.10899243
237990	1739	0.10899243
237990	2164	0.10899243
237990	3217	0.10899243
237990	6488	0.10899243
237990	134	0.10899242
237990	1233	0.10899242
237990	2340	0.10899242
237990	1620	0.10899241
237990	1924	0.10899241
238008	4565	0.101259306
238008	6273	0.10115504
238008	760	0.10114277
238008	5377	0.10095781
238008	2163	0.100945525
238008	5373	0.1008115
238008	5417	0.10063855
238008	6371	0.10063854
238008	4213	0.10063853
238008	4709	0.10063853
238010	1917	0.10184202
238010	3457	0.101759225
238010	5618	0.10175922
238010	5918	0.10175922
238010	341	0.10175921
238010	6184	0.10175921
238010	831	0.1017592
238010	2776	0.1017592
238010	3897	0.10175918
238010	3376	0.101759166
238057	2782	0.12662293
238057	1398	0.12662292
238057	1541	0.12662292
238057	672	0.1266229
238057	1616	0.1266229
238057	3559	0.1266229
238057	5469	0.1266229
238057	234	0.12662289
238057	378	0.12662289
238057	685	0.12662289
238065	2867	0.094851986
238065	4501	0.09485196
238065	2513	0.094851956
238065	5254	0.09485195
238065	6719	0.094809845
238065	1804	0.09462269
238065	5973	0.09401856
238065	4840	0.093938224
238065	5517	0.09393822
238065	338	0.09393821
238120	4026	0.09802255
238120	971	0.098022535
238120	4029	0.098022535
238120	2545	0.09802253
238120	67	0.09802252
238120	93	0.09802252
238120	1505	0.09802252
238120	1688	0.09802252
238120	3074	0.09802252
238120	3361	0.09802252
238179	3636	0.10367969
238179	6215	0.10367969
238179	3503	0.10367968
238179	549	0.10367967
238179	3297	0.10367967
238179	248	0.10367966
238179	4118	0.10367966
238179	5293	0.10367966
238179	6345	0.10367966
238179	612	0.10367965
238222	6763	0.12071766
238222	259	0.120717645
238222	546	0.120717645
238222	733	0.120717645
238222	944	0.120717645
238222	1387	0.120717645
238222	1668	0.120717645
238222	1833	0.120717645
238222	2001	0.120717645
238222	2687	0.120717645
238246	688	0.11019726
238246	3217	0.11019726
238246	6488	0.11019726
238246	1739	0.11019725
238246	2164	0.110197246
238246	2173	0.110197246
238246	2340	0.110197246
238246	134	0.11019724
238246	1233	0.11019724
238246	1924	0.11019724
238319	6863	0.10479184
238319	320	0.104791835
238319	3350	0.104791835
238319	3743	0.104791835
238319	4014	0.104791835
238319	346	0.10479183
238319	755	0.10479183
238319	1567	0.10479183
238319	1726	0.10479183
238319	1855	0.10479183
238350	3176	0.121496886
238350	279	0.12149687
238350	1769	0.121496856
238350	4666	0.121496856
238350	2362	0.12149685
238350	3420	0.121496834
238350	4820	0.121496834
238350	2948	0.12149683
238350	4450	0.12149683
238350	5879	0.12149683
238400	6763	0.10912432
238400	259	0.1091243
238400	546	0.1091243
238400	733	0.1091243
238400	944	0.1091243
238400	1387	0.1091243
238400	1823	0.1091243
238400	1833	0.1091243
238400	2001	0.1091243
238400	2687	0.1091243
238419	6001	0.11493181
238419	2756	0.114931785
238419	4147	0.114931785
238419	3257	0.11493177
238419	5047	0.11493177
238419	6498	0.11493177
238419	1241	0.11493176
238419	1861	0.11493176
238419	2758	0.11493176
238419	3801	0.11493176
238540	6307	0.12734929
238540	3341	0.12734927
238540	5636	0.12734927
238540	950	0.12734926
238540	1355	0.12734926
238540	1902	0.12734926
238540	2415	0.12734926
238540	3310	0.12734926
238540	3810	0.12734926
238540	5162	0.12734926
238541	110	0.11934946
238541	6043	0.11934945
238541	6765	0.11934945
238541	700	0.11934944
238541	1330	0.119349435
238541	1752	0.119349435
238541	2569	0.119349435
238541	2640	0.119349435
238541	4720	0.119349435
238541	5034	0.119349435
238557	778	0.11675653
238557	1967	0.11675649
238557	5514	0.11675649
238557	5519	0.11675649
238557	5546	0.11675649
238557	6802	0.11675649
238557	466	0.116756484
238557	1288	0.116756484
238557	1633	0.116756484
238557	3207	0.116756484
238568	2224	0.10485912
238568	2230	0.10485912
238568	2407	0.10485912
238568	1176	0.10485911
238568	3313	0.10485911
238568	3892	0.10485911
238568	4183	0.10485911
238568	695	0.1048591
238568	1576	0.1048591
238568	2234	0.1048591
238607	1031	0.10885431
238607	1034	0.10885431
238607	6346	0.10885431
238607	463	0.1088543
238607	484	0.108854294
238607	2307	0.108854294
238607	2923	0.108854294
238607	3796	0.108854294
238607	5790	0.108854294
238607	6061	0.108854294
238613	6714	0.1246369
238613	1396	0.124636844
238613	4585	0.12463684
238613	5130	0.1236808
238613	115	0.123680755
238613	3586	0.123680755
238613	230	0.12368074
238613	286	0.123680726
238613	1117	0.123680726
238613	356	0.12368072
238630	110	0.10464061
238630	6043	0.10464061
238630	6676	0.1046406
238630	6765	0.1046406
238630	700	0.104640596
238630	2569	0.104640596
238630	1360	0.10464059
238630	1752	0.10464059
238630	2005	0.10464059
238630	2179	0.10464059
238639	110	0.09434937
238639	6043	0.09434936
238639	6765	0.09434936
238639	700	0.094349355
238639	1144	0.094349355
238639	1330	0.094349355
238639	1752	0.094349355
238639	2569	0.094349355
238639	2940	0.094349355
238639	3469	0.094349355
238699	824	0.107758485
238699	4654	0.10775847
238699	3835	0.10775846
238699	6086	0.10775846
238699	5430	0.10775844
238699	1335	0.10775843
238699	5083	0.10727997
238699	1075	0.10721938
238699	2645	0.10721935
238699	4604	0.10721935
238735	3630	0.11335759
238735	3703	0.113357574
238735	5174	0.11335757
238735	4586	0.11335756
238735	1134	0.113357544
238735	1958	0.113357544
238735	4822	0.113357544
238735	5593	0.113357544
238735	6042	0.113357544
238735	3017	0.11335754
238739	72	0.11440995
238739	523	0.11440994
238739	812	0.11440993
238739	2509	0.11440993
238739	6237	0.11440993
238739	6756	0.11440993
238739	385	0.11440992
238739	1282	0.11440992
238739	3727	0.11440992
238739	5856	0.11440992
238757	829	0.1123993
238757	1888	0.1123993
238757	4115	0.1123993
238757	2241	0.112399295
238757	4330	0.11239928
238757	5681	0.112399265
238757	4631	0.11239926
238757	3287	0.11220741
238757	5453	0.11220741
238757	250	0.1122074
238779	384	0.09076382
238779	3480	0.09076382
238779	581	0.090763815
238779	1680	0.090763815
238779	3581	0.090763815
238779	3625	0.090763815
238779	5156	0.090763815
238779	232	0.09076381
238779	411	0.09076381
238779	665	0.09076381
238781	6809	0.09138611
238781	995	0.091027
238781	1551	0.09102699
238781	3312	0.09102699
238781	3635	0.09102699
238781	5603	0.09102699
238781	5686	0.091026984
238781	5840	0.09102698
238781	6823	0.09102698
238781	5023	0.09102697
238836	269	0.12552065
238836	797	0.12552065
238836	6698	0.12552065
238836	1311	0.12552063
238836	1794	0.12552063
238836	2709	0.12552063
238836	3965	0.12552063
238836	6039	0.12552063
238836	6356	0.12552063
238836	6472	0.12552063
238849	118	0.10577981
238849	184	0.10577981
238849	5817	0.10577981
238849	540	0.1057798
238849	1506	0.1057798
238849	4605	0.1057798
238849	5182	0.1057798
238849	5992	0.1057798
238849	6684	0.1057798
238849	6814	0.1057798
238864	6765	0.106773615
238864	110	0.1067736
238864	700	0.1067736
238864	1752	0.1067736
238864	2640	0.1067736
238864	6043	0.1067736
238864	5034	0.10677359
238864	6676	0.10677359
238864	1144	0.106773585
238864	1159	0.106773585
238889	3039	0.1219585
238889	5163	0.121958494
238889	6680	0.121958494
238889	2214	0.12195849
238889	75	0.12195848
238889	474	0.12195848
238889	485	0.12195848
238889	2292	0.12195848
238889	6786	0.12195848
238889	5147	0.12195847
239000	551	0.12663916
239000	5499	0.12663916
239000	6920	0.12663916
239000	1547	0.12663914
239000	5109	0.12663914
239000	6362	0.12663914
239000	8	0.12663913
239000	625	0.12663913
239000	840	0.12663913
239000	1963	0.12663913
239020	460	0.103471905
239020	636	0.103471905
239020	740	0.103471905
239020	5545	0.103471905
239020	1389	0.10347189
239020	1651	0.10347189
239020	193	0.10340129
239020	1207	0.10340129
239020	1709	0.10340129
239020	1731	0.10340129
239067	6716	0.10442117
239067	1259	0.10442115
239067	157	0.104421146
239067	182	0.10442114
239067	879	0.10442114
239067	1533	0.10442114
239067	2742	0.10442114
239067	4248	0.10442114
239067	6550	0.10442114
239067	50	0.10442113
239070	688	0.101162225
239070	6488	0.10116222
239070	1233	0.10116221
239070	1739	0.10116221
239070	2423	0.10116221
239070	3217	0.10116221
239070	134	0.1011622
239070	1620	0.1011622
239070	1924	0.1011622
239070	2164	0.1011622
239161	3053	0.097732656
239161	4236	0.09773263
239161	4623	0.09773262
239161	999	0.0977221
239161	2708	0.09772204
239161	2197	0.09772203
239161	5129	0.09760715
239161	3968	0.09760714
239161	2866	0.097607136
239161	3959	0.097607136
239374	5800	0.116298944
239374	5682	0.11629894
239374	1766	0.11629893
239374	172	0.116298914
239374	670	0.11582803
239374	3139	0.11582801
239374	3053	0.11532148
239374	4236	0.11532146
239374	4623	0.115321435
239374	3681	0.11494665
239407	6564	0.09840355
239407	2746	0.098403536
239407	2963	0.09840353
239407	5255	0.09840353
239407	1955	0.09840352
239407	3583	0.09840352
239407	3921	0.09840351
239407	3659	0.098403506
239407	3884	0.0984035
239407	5951	0.0984035
239423	1034	0.113529414
239423	6346	0.11352941
239423	1031	0.1135294
239423	3796	0.1135294
239423	3997	0.1135294
239423	5036	0.1135294
239423	2923	0.11352939
239423	463	0.113529384
239423	835	0.113529384
239423	1869	0.113529384
239460	2359	0.15500307
239460	3725	0.15500307
239460	4207	0.15500307
239460	6690	0.15500307
239460	1210	0.15500306
239460	2186	0.15500304
239460	2734	0.15500304
239460	5226	0.15500303
239460	5622	0.15500301
239460	6044	0.15500301
239468	920	0.11019242
239468	2901	0.1101924
239468	4711	0.1101924
239468	4705	0.11019239
239468	6457	0.11019239
239468	6526	0.11019239
239468	3373	0.11019238
239468	4327	0.11019237
239468	5024	0.11019237
239468	643	0.11019236
239481	6540	0.11132094
239481	6708	0.11132094
239481	5052	0.111320935
239481	1830	0.11132093
239481	1943	0.11132093
239481	721	0.11132091
239481	2935	0.111320905
239481	3439	0.1113209
239481	4746	0.1113209
239481	5995	0.1113209
239486	110	0.1081381
239486	1752	0.108138084
239486	2640	0.108138084
239486	6043	0.108138084
239486	6765	0.108138084
239486	5572	0.10813808
239486	6676	0.10813808
239486	700	0.10813807
239486	1144	0.10813807
239486	1408	0.10813807
239488	0	0.11804181
239488	6375	0.11583005
239488	369	0.11418283
239488	4097	0.11418282
239488	868	0.11337025
239488	3270	0.11225805
239488	998	0.11199391
239488	2264	0.11076983
239488	2135	0.109957315
239488	919	0.10961418
239535	120	0.11259951
239535	2826	0.11259949
239535	3136	0.11259949
239535	4722	0.11259949
239535	4864	0.11259949
239535	5760	0.11259949
239535	6804	0.11259949
239535	6868	0.11259949
239535	4230	0.112599485
239535	2527	0.11259948
239554	1266	0.11134429
239554	3110	0.11134429
239554	3578	0.11134429
239554	903	0.11134428
239554	1503	0.11134428
239554	2371	0.11134428
239554	650	0.11134426
239554	2428	0.11134426
239554	3009	0.11134426
239554	3556	0.11134426
239584	4493	0.13217506
239584	4524	0.13217506
239584	6057	0.13217506
239584	2463	0.13217504
239584	3657	0.13217504
239584	3856	0.13217504
239584	121	0.13217503
239584	430	0.13217503
239584	632	0.13217503
239584	858	0.13217503
239594	6122	0.10520259
239594	3580	0.105202585
239594	3917	0.105202585
239594	2494	0.10520258
239594	6808	0.10520258
239594	2016	0.10520257
239594	2169	0.10520257
239594	3256	0.10520257
239594	3919	0.10520257
239594	4649	0.10520257
239609	824	0.10319714
239609	4654	0.10319713
239609	3835	0.10319711
239609	6086	0.103197105
239609	1335	0.1031971
239609	5430	0.1031971
239609	2030	0.10254732
239609	1111	0.1025473
239609	6727	0.10254729
239609	5085	0.10254727
239626	1471	0.10929246
239626	4381	0.10929246
239626	4865	0.10929245
239626	908	0.10929244
239626	2158	0.10929244
239626	2856	0.10929243
239626	3215	0.10929243
239626	3790	0.10929243
239626	4483	0.10929243
239626	838	0.109292425
239670	2169	0.10523093
239670	2494	0.10523093
239670	3256	0.10523093
239670	3917	0.10523093
239670	6122	0.10523093
239670	6808	0.10523093
239670	2016	0.10523092
239670	340	0.10523091
239670	2208	0.10523091
239670	2577	0.10523091
239688	4969	0.1374533
239688	4323	0.13745329
239688	5896	0.13745329
239688	3253	0.13677579
239688	4204	0.13677579
239688	579	0.13677576
239688	758	0.13677576
239688	3294	0.13677576
239688	3853	0.13677576
239688	3938	0.13677576
239692	539	0.087659135
239692	1579	0.087659135
239692	2269	0.087659135
239692	2880	0.08765913
239692	2354	0.08765912
239692	3286	0.08765912
239692	4433	0.08765912
239692	5242	0.08765912
239692	5696	0.08765912
239692	2465	0.08765911
239736	2860	0.12075097
239736	631	0.12075096
239736	3161	0.12075096
239736	598	0.12075095
239736	1703	0.12075095
239736	2018	0.12075095
239736	2939	0.12075095
239736	4291	0.12075095
239736	4669	0.12075095
239736	5871	0.12075095
239748	45	0.113263324
239748	113	0.11326332
239748	1962	0.11326332
239748	2703	0.11326332
239748	5940	0.11326332
239748	6189	0.11326332
239748	782	0.11326331
239748	2807	0.11326331
239748	3465	0.11326331
239748	4561	0.11326331
239788	551	0.1392038
239788	5499	0.1392038
239788	8	0.13920379
239788	1547	0.13920379
239788	1963	0.13920379
239788	5109	0.13920379
239788	6362	0.13920379
239788	6682	0.13920379
239788	6920	0.13920379
239788	2097	0.13920377
239801	4340	0.11663164
239801	6643	0.11663163
239801	3812	0.11663161
239801	4899	0.11663161
239801	6025	0.11663161
239801	400	0.1166316
239801	5358	0.1166316
239801	6026	0.1166316
239801	6689	0.11663159
239801	4505	0.11663158
239834	361	0.083839275
239834	2021	0.08383926
239834	5208	0.08383926
239834	1566	0.08383925
239834	3261	0.08383925
239834	4174	0.08383925
239834	6797	0.08383925
239834	2350	0.08383924
239834	3842	0.08383924
239834	5909	0.08383924
240035	982	0.124406494
240035	5191	0.12440646
240035	6250	0.12440646
240035	1045	0.12440645
240035	1853	0.12440645
240035	4370	0.12440645
240035	4673	0.12440644
240035	260	0.124406435
240035	319	0.124406435
240035	2677	0.124406435
240051	3340	0.1258337
240051	2114	0.12583366
240051	4173	0.12572956
240051	6356	0.12470774
240051	6472	0.12470774
240051	269	0.124707736
240051	6636	0.124707736
240051	6698	0.124707736
240051	797	0.12470773
240051	2605	0.12470773
240107	778	0.10002985
240107	5519	0.100029826
240107	6802	0.100029826
240107	105	0.10002982
240107	466	0.10002982
240107	1967	0.10002982
240107	5546	0.10002982
240107	1288	0.10002981
240107	1633	0.10002981
240107	1662	0.10002981
240111	3184	0.11117256
240111	1589	0.11117253
240111	4114	0.11117253
240111	4538	0.11117253
240111	4812	0.11117253
240111	380	0.11117252
240111	1063	0.11117252
240111	4946	0.11117252
240111	2079	0.11117251
240111	3150	0.11117251
240113	6647	0.10072799
240113	3546	0.10072795
240113	1864	0.100727946
240113	394	0.10027176
240113	414	0.10027175
240113	5911	0.10027175
240113	6321	0.10027175
240113	2102	0.10027173
240113	3199	0.10027173
240113	6462	0.10027172
240131	4591	0.08870968
240131	1076	0.08870967
240131	1654	0.08870964
240131	1718	0.08870964
240131	6142	0.08870962
240131	3960	0.08847405
240131	3609	0.08828604
240131	778	0.088244624
240131	1288	0.08824462
240131	5519	0.08824462
240219	3598	0.11644788
240219	6647	0.115735136
240219	1864	0.11573509
240219	3546	0.11573509
240219	87	0.11501041
240219	2652	0.11501041
240219	4258	0.11501039
240219	5620	0.11501039
240219	310	0.11501038
240219	1200	0.11501037
240224	2269	0.13911445
240224	539	0.13911444
240224	1579	0.13911444
240224	2354	0.13911444
240224	2465	0.13911444
240224	3286	0.13911444
240224	4433	0.13911444
240224	5696	0.13911444
240224	2880	0.13911442
240224	2920	0.13911442
240225	2639	0.114913225
240225	3331	0.114913225
240225	5100	0.114913225
240225	2688	0.11491322
240225	5084	0.11491322
240225	2185	0.11431274
240225	2287	0.1142817
240225	5804	0.11428169
240225	4446	0.114281684
240225	2420	0.114281654
240235	346	0.12700735
240235	1658	0.12700735
240235	3743	0.12700735
240235	4014	0.12700735
240235	177	0.12700734
240235	236	0.12700734
240235	320	0.12700734
240235	755	0.12700734
240235	1090	0.12700734
240235	1106	0.12700734
240267	3353	0.10468717
240267	4228	0.10468717
240267	770	0.104687154
240267	2034	0.104687154
240267	3063	0.104687154
240267	3552	0.104687154
240267	4012	0.104687154
240267	4225	0.104687154
240267	4685	0.104687154
240267	5758	0.104687154
240272	2782	0.10509179
240272	1616	0.10509177
240272	672	0.105091766
240272	1398	0.105091766
240272	1541	0.105091766
240272	1816	0.105091766
240272	2356	0.105091766
240272	3559	0.105091766
240272	5469	0.105091766
240272	1095	0.10509176
240318	1815	0.10081355
240318	4845	0.10081355
240318	1122	0.100813545
240318	1332	0.100813545
240318	4770	0.100813545
240318	478	0.10081354
240318	2849	0.10081354
240318	3679	0.10081354
240318	3782	0.10081354
240318	4053	0.10081354
240333	410	0.113450766
240333	696	0.113450766
240333	2504	0.113450766
240333	61	0.11345076
240333	635	0.11345075
240333	1578	0.11345075
240333	5227	0.11345075
240333	240	0.11345074
240333	1550	0.11345074
240333	2175	0.11345074
240370	3765	0.13276958
240370	748	0.13276955
240370	788	0.13276955
240370	1552	0.13276955
240370	2481	0.13276955
240370	2796	0.13276955
240370	2842	0.13276955
240370	2949	0.13276955
240370	4558	0.13276955
240370	4950	0.13276955
240401	4293	0.11602483
240401	5558	0.11602482
240401	6341	0.11602482
240401	628	0.116024815
240401	2803	0.116024815
240401	3018	0.116024815
240401	2752	0.11602481
240401	3916	0.11602481
240401	3978	0.11602481
240401	4403	0.11602481
240403	6765	0.10979276
240403	1752	0.109792754
240403	6043	0.109792754
240403	700	0.10979275
240403	3469	0.10979275
240403	6676	0.10979275
240403	2569	0.10979274
240403	2640	0.10979274
240403	2940	0.10979274
240403	5034	0.10979274
240484	3327	0.13068804
240484	1524	0.13068801
240484	2278	0.13068801
240484	4154	0.13068801
240484	4835	0.13068801
240484	4920	0.13068801
240484	5046	0.13068801
240484	174	0.130688
240484	253	0.130688
240484	294	0.130688
240495	110	0.10735385
240495	700	0.10735385
240495	6765	0.10735385
240495	6043	0.107353844
240495	1752	0.10735384
240495	2569	0.10735384
240495	4989	0.10735384
240495	5034	0.10735384
240495	6326	0.10735384
240495	6676	0.10735384
240541	110	0.122281864
240541	700	0.122281864
240541	6043	0.122281864
240541	6765	0.122281864
240541	1752	0.12228185
240541	2640	0.12228185
240541	3469	0.12228185
240541	6326	0.12228185
240541	2569	0.12228184
240541	4068	0.12228184
240567	169	0.115420915
240567	1446	0.115420915
240567	7	0.11542091
240567	884	0.11542091
240567	1612	0.11542091
240567	1707	0.11542091
240567	3221	0.1154209
240567	5362	0.1154209
240567	6759	0.1154209
240567	2398	0.11542089
240568	2134	0.10586414
240568	531	0.10586412
240568	5422	0.10586412
240568	5887	0.10586412
240568	545	0.105864115
240568	1307	0.105864115
240568	1720	0.105864115
240568	3303	0.105864115
240568	3051	0.10586411
240568	3156	0.10586411
240609	531	0.12646967
240609	2134	0.12646967
240609	545	0.12646964
240609	1307	0.12646964
240609	1720	0.12646964
240609	2553	0.12646964
240609	2877	0.12646964
240609	3051	0.12646964
240609	3303	0.12646964
240609	3859	0.12646964
240643	6540	0.11378352
240643	6708	0.11378352
240643	721	0.11378351
240643	1830	0.11378351
240643	5052	0.11378351
240643	1943	0.1137835
240643	2935	0.11378349
240643	5995	0.113783486
240643	669	0.11378348
240643	3439	0.11378348
240663	110	0.112202495
240663	6043	0.112202495
240663	6117	0.11220248
240663	6676	0.11220248
240663	6765	0.11220248
240663	700	0.11220247
240663	1752	0.11220247
240663	2005	0.11220247
240663	1144	0.112202466
240663	1154	0.112202466
240670	5256	0.08600213
240670	1348	0.08524046
240670	4918	0.08404883
240670	2110	0.0840488
240670	6666	0.084048785
240670	2113	0.08404878
240670	1960	0.083906904
240670	3627	0.083906904
240670	4417	0.083906904
240670	5008	0.083906904
240677	2782	0.11943627
240677	1616	0.119436264
240677	1541	0.11943626
240677	1398	0.11943625
240677	1816	0.11943625
240677	3559	0.11943625
240677	5372	0.11943625
240677	5469	0.11943625
240677	1095	0.11943624
240677	2176	0.11943624
240700	1034	0.12903021
240700	463	0.1290302
240700	1031	0.1290302
240700	3796	0.1290302
240700	6346	0.1290302
240700	484	0.12903018
240700	2307	0.12903018
240700	2923	0.12903018
240700	3997	0.12903018
240700	5694	0.12903018
240756	829	0.11162697
240756	1888	0.11162697
240756	4115	0.11162697
240756	2241	0.11162695
240756	3325	0.11162694
240756	4330	0.11162694
240756	5681	0.11162693
240756	4631	0.11162692
240756	3858	0.1116269
240756	5761	0.111503646
240789	1485	0.12266644
240789	850	0.1226664
240789	878	0.1226664
240789	5750	0.1226664
240789	2059	0.12266639
240789	817	0.12266638
240789	6224	0.12266638
240789	355	0.122666374
240789	3989	0.122666374
240789	4386	0.122666374
240829	2421	0.104697555
240829	2911	0.104697555
240829	1844	0.10469754
240829	2384	0.10469754
240829	4627	0.10469754
240829	6737	0.104697526
240829	6167	0.10469752
240829	5634	0.104697496
240829	76	0.10284079
240829	5671	0.10284079
240906	3184	0.10336027
240906	4114	0.103360265
240906	380	0.10336025
240906	1063	0.10336025
240906	1589	0.10336025
240906	4538	0.10336025
240906	4812	0.10336025
240906	4946	0.10336024
240906	5556	0.10336024
240906	1469	0.103360236
240932	3240	0.10585579
240932	5440	0.10469732
240932	209	0.10469729
240932	3423	0.10469726
240932	3969	0.10420112
240932	951	0.104201056
240932	575	0.103981614
240932	3768	0.103981614
240932	4158	0.103981614
240932	1454	0.1039816
241042	4854	0.12399986
241042	320	0.12399985
241042	346	0.12399985
241042	1090	0.12399985
241042	3350	0.12399985
241042	3743	0.12399985
241042	4014	0.12399985
241042	5989	0.12399985
241042	1629	0.12399984
241042	1855	0.12399984
241080	688	0.122662336
241080	2173	0.122662336
241080	6488	0.122662336
241080	134	0.12266233
241080	2164	0.12266233
241080	1233	0.12266232
241080	1620	0.12266232
241080	1739	0.12266232
241080	2340	0.12266232
241080	2423	0.12266232
241086	2463	0.1219648
241086	858	0.12196479
241086	3657	0.12196478
241086	4524	0.12196478
241086	6055	0.12196478
241086	6057	0.12196478
241086	1643	0.121964775
241086	3856	0.121964775
241086	121	0.12196477
241086	1641	0.12196477
241100	1995	0.11822062
241100	6030	0.1133709
241100	5253	0.11302969
241100	48	0.11286719
241100	1998	0.110793576
241100	3324	0.10985111
241100	2676	0.1083187
241100	2168	0.10831869
241100	1581	0.108060904
241100	3088	0.10750744
241204	4100	0.11945874
241204	719	0.119458735
241204	2684	0.119458735
241204	4036	0.119458735
241204	436	0.11945873
241204	1925	0.11945872
241204	1948	0.11945872
241204	4025	0.11945872
241204	4745	0.11945872
241204	5042	0.11945872
241214	1259	0.097240925
241214	6716	0.097240925
241214	50	0.09724091
241214	182	0.09724091
241214	2742	0.09724091
241214	5755	0.09724091
241214	6550	0.09724091
241214	157	0.0972409
241214	879	0.0972409
241214	4248	0.0972409
241239	4898	0.12002464
241239	1486	0.12002463
241239	6212	0.12002463
241239	96	0.12002462
241239	572	0.12002462
241239	839	0.12002462
241239	990	0.12002462
241239	5464	0.12002462
241239	6084	0.12002462
241239	6535	0.12002462
241265	444	0.09464934
241265	3882	0.09464933
241265	381	0.094649315
241265	3072	0.094649315
241265	6335	0.094649315
241265	2788	0.09464931
241265	6590	0.09464931
241265	1214	0.0946493
241265	2235	0.0946493
241265	2944	0.0946493
241357	2782	0.10630007
241357	1616	0.10630006
241357	1398	0.106300056
241357	1541	0.10630005
241357	5469	0.10630005
241357	672	0.10630004
241357	692	0.10630004
241357	993	0.10630004
241357	1095	0.10630004
241357	1816	0.10630004
241367	410	0.10647113
241367	696	0.10647113
241367	2504	0.10647113
241367	61	0.10647112
241367	635	0.106471114
241367	1578	0.106471114
241367	240	0.10647111
241367	964	0.10647111
241367	1550	0.10647111
241367	1901	0.10647111
241495	1430	0.09817971
241495	6663	0.09817971
241495	1248	0.0981797
241495	2403	0.0981797
241495	114	0.09817968
241495	1188	0.09817968
241495	2738	0.09817968
241495	3701	0.09817968
241495	5559	0.09817968
241495	171	0.098179676
241513	485	0.107103616
241513	2214	0.107103616
241513	2292	0.107103616
241513	3039	0.107103616
241513	6680	0.107103616
241513	5163	0.10710361
241513	6786	0.10710361
241513	75	0.1071036
241513	1264	0.1071036
241513	1496	0.1071036
241527	1034	0.1304069
241527	463	0.13040689
241527	1031	0.13040689
241527	2307	0.13040689
241527	6346	0.13040689
241527	2008	0.13040687
241527	3796	0.13040687
241527	3997	0.13040687
241527	4687	0.13040687
241527	5132	0.13040687
241537	5499	0.112369955
241537	551	0.11236994
241537	1547	0.11236994
241537	1963	0.11236994
241537	3173	0.11236994
241537	5109	0.11236994
241537	6362	0.11236994
241537	4473	0.11236993
241537	625	0.112369925
241537	1904	0.112369925
241548	2782	0.10684481
241548	1398	0.1068448
241548	1541	0.1068448
241548	1616	0.1068448
241548	3559	0.1068448
241548	2356	0.10684479
241548	672	0.10684478
241548	1095	0.10684478
241548	1816	0.10684478
241548	2176	0.10684478
241565	279	0.09759478
241565	1851	0.09759478
241565	3176	0.09759478
241565	432	0.097594775
241565	1769	0.09759477
241565	2362	0.09759477
241565	4666	0.09759477
241565	2948	0.09759475
241565	3420	0.09759475
241565	4820	0.09759475
241597	194	0.11985837
241597	1096	0.11985834
241597	3957	0.11985833
241597	5334	0.11985833
241597	1483	0.119858325
241597	1807	0.11985832
241597	2887	0.11985832
241597	3014	0.11985832
241597	6080	0.11985832
241597	728	0.11985831
241666	2696	0.09097853
241666	504	0.090978526
241666	422	0.09097852
241666	798	0.09097852
241666	802	0.09097852
241666	1743	0.09097852
241666	4334	0.09097852
241666	5015	0.09097852
241666	5632	0.09097852
241666	5781	0.09097852
241749	3845	0.12021769
241749	2614	0.120217666
241749	2159	0.12021765
241749	5889	0.12021765
241749	5999	0.12021765
241749	6168	0.12021765
241749	4396	0.12021764
241749	2591	0.120217636
241749	3695	0.120217636
241749	3852	0.120217636
241791	2684	0.12016097
241791	3619	0.12016097
241791	4100	0.12016097
241791	1169	0.12016095
241791	4745	0.12016095
241791	6252	0.12016095
241791	436	0.120160945
241791	719	0.120160945
241791	4025	0.120160945
241791	1406	0.12016094
241799	2357	0.11511909
241799	1303	0.115119085
241799	4703	0.115119085
241799	5792	0.115119085
241799	4431	0.11511908
241799	1873	0.11511907
241799	2549	0.11511907
241799	3534	0.11511907
241799	6428	0.11511907
241799	4936	0.11511906
241861	3184	0.100421645
241861	4114	0.10042164
241861	4538	0.10042164
241861	4812	0.10042164
241861	380	0.10042163
241861	1063	0.10042162
241861	1589	0.10042162
241861	4946	0.10042162
241861	6706	0.10042162
241861	1469	0.100421615
241885	133	0.11199902
241885	622	0.111999005
241885	2014	0.111999005
241885	473	0.11199899
241885	660	0.111998975
241885	1044	0.111998975
241885	3048	0.111998975
241885	3064	0.111998975
241885	3903	0.111998975
241885	6383	0.111998975
241980	3965	0.16433574
241980	6698	0.16433574
241980	249	0.16433573
241980	269	0.16433573
241980	797	0.16433573
241980	2709	0.16433573
241980	3589	0.16433573
241980	4308	0.16433573
241980	6356	0.16433573
241980	6472	0.16433573
242007	3913	0.09942732
242007	5923	0.09942732
242007	6446	0.09942732
242007	2800	0.09942731
242007	3197	0.09942731
242007	3285	0.09942731
242007	4062	0.09942731
242007	4169	0.09942731
242007	3550	0.099427305
242007	388	0.0994273
242037	2214	0.098365836
242037	3039	0.098365836
242037	5163	0.098365836
242037	485	0.09836583
242037	2292	0.09836583
242037	6680	0.09836583
242037	6786	0.09836583
242037	75	0.09836582
242037	1496	0.09836582
242037	2215	0.09836582
242073	133	0.11108546
242073	622	0.11108545
242073	2014	0.11108545
242073	3048	0.11108544
242073	473	0.11108543
242073	660	0.11108543
242073	668	0.11108542
242073	2633	0.11108542
242073	3064	0.11108542
242073	1044	0.111085415
242083	5940	0.11676779
242083	45	0.11676778
242083	782	0.11676778
242083	2703	0.11676778
242083	5272	0.11676777
242083	6499	0.11676777
242083	1079	0.116767764
242083	1962	0.116767764
242083	2211	0.116767764
242083	2245	0.116767764
242097	384	0.10701123
242097	581	0.10701123
242097	3480	0.10701122
242097	411	0.107011214
242097	732	0.107011214
242097	1680	0.107011214
242097	3581	0.107011214
242097	3625	0.107011214
242097	5156	0.107011214
242097	6388	0.107011214
242106	170	0.105599664
242106	169	0.10559966
242106	1446	0.10559965
242106	7	0.10559964
242106	611	0.10559964
242106	1612	0.10559964
242106	1707	0.10559964
242106	3221	0.10559964
242106	6759	0.10559964
242106	884	0.105599634
242118	5947	0.10335332
242118	6822	0.10335329
242118	5290	0.10335326
242118	1331	0.103353254
242118	1981	0.10335323
242118	2556	0.10325577
242118	898	0.10325576
242118	4514	0.10325576
242118	5721	0.10325576
242118	1795	0.103255756
242143	733	0.10461618
242143	5150	0.10461618
242143	6763	0.10461618
242143	546	0.10461617
242143	1823	0.10461617
242143	3647	0.10461617
242143	3710	0.10461617
242143	4695	0.10461617
242143	5333	0.10461617
242143	259	0.104616165
242247	959	0.09382494
242247	646	0.09382492
242247	4180	0.09382492
242247	6463	0.093824916
242247	4870	0.09382491
242247	2886	0.09300308
242247	619	0.09300307
242247	2317	0.09300307
242247	3306	0.093003064
242247	69	0.09287794
242269	4760	0.1005784
242269	4105	0.10057839
242269	6222	0.10057839
242269	3008	0.10057838
242269	3879	0.10057838
242269	5502	0.10057838
242269	4726	0.100578375
242269	6456	0.100578375
242269	4988	0.10057837
242269	5353	0.10057837
242299	6303	0.11391713
242299	3646	0.113917105
242299	2224	0.11339853
242299	2230	0.11339852
242299	3313	0.113398515
242299	3892	0.113398515
242299	4183	0.113398515
242299	1576	0.11339851
242299	2407	0.11339851
242299	3582	0.11339851
242309	2137	0.113775864
242309	2913	0.11377585
242309	5453	0.11300494
242309	3247	0.11300492
242309	3287	0.11300492
242309	6726	0.11300492
242309	3861	0.113004915
242309	250	0.11300491
242309	1842	0.11300491
242309	3060	0.11300491
242310	6778	0.12208751
242310	4904	0.122087486
242310	2947	0.12208747
242310	3404	0.12208747
242310	6337	0.12208747
242310	4088	0.122087464
242310	2020	0.12208746
242310	5508	0.12208746
242310	5712	0.12208746
242310	1621	0.12208745
242317	666	0.12868327
242317	4689	0.12868327
242317	2971	0.12868325
242317	1871	0.12868324
242317	539	0.12816638
242317	1579	0.12816636
242317	2269	0.12816636
242317	2354	0.12816635
242317	2465	0.12816635
242317	2880	0.12816635
242361	3598	0.10417363
242361	87	0.10379117
242361	2652	0.10379116
242361	5620	0.10379116
242361	4258	0.103791155
242361	310	0.10379115
242361	1200	0.10379113
242361	2231	0.10379113
242361	4294	0.10379113
242361	5144	0.10379113
242409	6765	0.11520712
242409	110	0.11520711
242409	1752	0.115207106
242409	2640	0.115207106
242409	6043	0.115207106
242409	700	0.1152071
242409	1144	0.11520709
242409	1330	0.11520709
242409	1736	0.11520709
242409	2569	0.11520709
242458	4026	0.08354647
242458	971	0.08354646
242458	4029	0.08354646
242458	67	0.08354645
242458	93	0.083546445
242458	1068	0.083546445
242458	1505	0.083546445
242458	2545	0.083546445
242458	3074	0.083546445
242458	3361	0.083546445
242465	5499	0.1280318
242465	1963	0.12803179
242465	2524	0.12803179
242465	6362	0.12803179
242465	551	0.12803178
242465	625	0.12803178
242465	1547	0.12803178
242465	4473	0.12803178
242465	4507	0.12803178
242465	5109	0.12803178
242499	1348	0.110083885
242499	4565	0.10883477
242499	5256	0.10825766
242499	4679	0.10820155
242499	5417	0.107780635
242499	6371	0.10778062
242499	5388	0.10778061
242499	4213	0.107780606
242499	4709	0.107780606
242499	6853	0.107716724
242528	976	0.10161533
242528	2934	0.101615325
242528	896	0.10161532
242528	3740	0.10161531
242528	3783	0.10161531
242528	5557	0.10161531
242528	1653	0.101615295
242528	1660	0.101615295
242528	2989	0.101615295
242528	5594	0.101615295
242544	4340	0.11955561
242544	6643	0.11955557
242544	400	0.11955556
242544	4899	0.11955556
242544	6025	0.11955556
242544	5358	0.119555555
242544	6026	0.119555555
242544	6757	0.11955555
242544	2970	0.11955554
242544	6689	0.11955554
242637	1332	0.10461667
242637	1122	0.104616664
242637	1815	0.104616664
242637	3782	0.104616664
242637	4768	0.104616664
242637	4845	0.104616664
242637	478	0.10461666
242637	4053	0.10461666
242637	4770	0.10461666
242637	6067	0.10461666
242639	4898	0.101124056
242639	6535	0.101124056
242639	96	0.10112405
242639	785	0.10112405
242639	990	0.10112405
242639	5313	0.10112405
242639	5464	0.10112405
242639	6212	0.10112405
242639	572	0.10112404
242639	839	0.10112404
242646	3743	0.11137889
242646	320	0.111378886
242646	4014	0.111378886
242646	346	0.11137888
242646	1567	0.11137888
242646	1726	0.11137888
242646	1855	0.11137888
242646	2339	0.11137888
242646	3350	0.11137888
242646	3501	0.11137888
242763	2917	0.10334894
242763	1352	0.10334893
242763	614	0.103348926
242763	2799	0.103348926
242763	192	0.10334892
242763	285	0.10334891
242763	1930	0.103348896
242763	1770	0.10334889
242763	6473	0.10334889
242763	1502	0.10250704
242843	2357	0.09498108
242843	4703	0.09498108
242843	1303	0.094981074
242843	5792	0.094981074
242843	2549	0.09498107
242843	3534	0.09498107
242843	3724	0.09498107
242843	4936	0.09498107
242843	513	0.09498106
242843	1873	0.09498106
242849	2134	0.11566798
242849	531	0.11566797
242849	1307	0.11566797
242849	3303	0.11566796
242849	545	0.115667954
242849	3051	0.115667954
242849	5422	0.115667954
242849	5887	0.115667954
242849	1720	0.11566794
242849	2877	0.11566794
242878	6430	0.09671747
242878	3271	0.09671744
242878	5020	0.096717425
242878	5716	0.09671742
242878	6731	0.0967174
242878	780	0.09671739
242878	358	0.09603934
242878	871	0.09603933
242878	3662	0.096039325
242878	6515	0.096039325
242891	6560	0.08771123
242891	333	0.08771122
242891	1965	0.08771122
242891	1699	0.087711215
242891	277	0.0877112
242891	336	0.0877112
242891	3075	0.0877112
242891	6876	0.08757214
242891	2118	0.08757208
242891	5461	0.08746913
242914	2121	0.10219426
242914	4163	0.10219425
242914	4304	0.10219425
242914	2732	0.102194235
242914	3712	0.102194235
242914	5381	0.102194235
242914	1447	0.10219423
242914	645	0.10219422
242914	2279	0.10219422
242914	2348	0.10219422
242962	177	0.1274552
242962	320	0.1274552
242962	346	0.1274552
242962	1629	0.1274552
242962	1855	0.1274552
242962	2339	0.1274552
242962	3743	0.1274552
242962	4014	0.1274552
242962	159	0.12745519
242962	179	0.12745519
243004	6346	0.1124004
243004	1031	0.11240039
243004	1034	0.11240039
243004	463	0.11240038
243004	2307	0.112400375
243004	2923	0.112400375
243004	3997	0.112400375
243004	5154	0.112400375
243004	6452	0.112400375
243004	484	0.11240037
243058	631	0.12977682
243058	2018	0.1297768
243058	2860	0.1297768
243058	3161	0.1297768
243058	4291	0.1297768
243058	4669	0.1297768
243058	5871	0.1297768
243058	6339	0.1297768
243058	6453	0.1297768
243058	598	0.12977679
243065	1772	0.12364212
243065	3114	0.12364212
243065	2701	0.12364209
243065	4696	0.123197116
243065	963	0.12319711
243065	2218	0.1229282
243065	1501	0.12272001
243065	1937	0.122719996
243065	538	0.12271997
243065	1545	0.12271997
243075	1606	0.118164256
243075	280	0.11816421
243075	4915	0.11799332
243075	888	0.11799331
243075	1112	0.1179933
243075	1021	0.117993295
243075	6803	0.117993295
243075	4500	0.11799329
243075	2444	0.11799328
243075	129	0.11799327
243077	4707	0.13847218
243077	6111	0.13847218
243077	1356	0.13847217
243077	6443	0.13847217
243077	5674	0.13847215
243077	2152	0.13847214
243077	4281	0.13847214
243077	2246	0.13833842
243077	6072	0.13833842
243077	6398	0.13833842
243142	1810	0.121608324
243142	5504	0.121608324
243142	1665	0.12160832
243142	2331	0.12160832
243142	3055	0.12160832
243142	4993	0.12160832
243142	6348	0.12160832
243142	2679	0.1216083
243142	656	0.121608295
243142	3476	0.12160829
243236	696	0.12519775
243236	2504	0.12519775
243236	410	0.12519774
243236	635	0.12519774
243236	1578	0.12519774
243236	61	0.12519772
243236	610	0.12519772
243236	1550	0.12519772
243236	1901	0.12519772
243236	2175	0.12519772
243294	170	0.11783177
243294	1446	0.11783176
243294	611	0.11783175
243294	1612	0.11783175
243294	1707	0.11783175
243294	6759	0.117831744
243294	7	0.11783174
243294	884	0.11783174
243294	2398	0.11783173
243294	2662	0.11783172
243312	4840	0.09424936
243312	338	0.09424934
243312	5517	0.09424934
243312	5867	0.09424934
243312	6385	0.09424934
243312	3445	0.09424933
243312	334	0.09424932
243312	1257	0.09424932
243312	1286	0.09424932
243312	2493	0.09424932
243328	1812	0.11826216
243328	5043	0.11826216
243328	1089	0.11826215
243328	5448	0.11826215
243328	690	0.11826214
243328	1872	0.11826214
243328	4737	0.11826214
243328	5485	0.11826214
243328	5537	0.11826214
243328	1596	0.118262134
243360	133	0.11283199
243360	622	0.11283198
243360	2014	0.11283198
243360	3048	0.112831965
243360	473	0.11283196
243360	660	0.11283195
243360	668	0.11283195
243360	1044	0.11283195
243360	2633	0.11283195
243360	3064	0.11283195
243429	2782	0.11815179
243429	1616	0.11815178
243429	1398	0.11815177
243429	1541	0.11815177
243429	1816	0.11815176
243429	2356	0.11815176
243429	4610	0.11815176
243429	234	0.118151754
243429	672	0.118151754
243429	935	0.118151754
243448	3327	0.11828829
243448	4154	0.11828828
243448	83	0.11828826
243448	294	0.11828826
243448	1852	0.11828826
243448	4239	0.11828826
243448	4835	0.11828826
243448	4920	0.11828826
243448	5046	0.11828826
243448	5965	0.11828826
243491	384	0.096867576
243491	581	0.096867576
243491	3581	0.09686757
243491	232	0.09686756
243491	732	0.09686756
243491	1436	0.09686756
243491	1512	0.09686756
243491	1680	0.09686756
243491	3480	0.09686756
243491	3625	0.09686756
243584	3327	0.13235211
243584	1524	0.1323521
243584	4154	0.1323521
243584	4835	0.1323521
243584	83	0.13235208
243584	253	0.13235208
243584	294	0.13235208
243584	454	0.13235208
243584	1002	0.13235208
243584	1728	0.13235208
243607	1502	0.102706894
243607	5279	0.102706894
243607	1514	0.10270689
243607	350	0.10270688
243607	1946	0.10270688
243607	1212	0.10270687
243607	5985	0.10270687
243607	5193	0.102706864
243607	1630	0.10270686
243607	3043	0.10270685
243700	1812	0.10340564
243700	5043	0.10340564
243700	5448	0.10340564
243700	690	0.103405625
243700	1089	0.103405625
243700	5485	0.103405625
243700	1781	0.10340562
243700	1872	0.10340562
243700	4737	0.10340562
243700	71	0.10340561
243720	6254	0.1219387
243720	3844	0.12193864
243720	3637	0.12181015
243720	3934	0.12158694
243720	5413	0.12024589
243720	3845	0.12011747
243720	5445	0.12011747
243720	2614	0.12011744
243720	2159	0.120117426
243720	3852	0.120117426
243745	2107	0.103425264
243745	3564	0.10342526
243745	1602	0.10342525
243745	5044	0.10342522
243745	3198	0.10342521
243745	5048	0.10342521
243745	5441	0.10342521
243745	6154	0.10342521
243745	3333	0.103425205
243745	4193	0.103425205
243759	5405	0.10563132
243759	1532	0.105631314
243759	3159	0.10563131
243759	6782	0.10563131
243759	6217	0.1056313
243759	1162	0.10563129
243759	3909	0.10563129
243759	5733	0.105631284
243759	4978	0.10563128
243759	778	0.10514119
243785	1609	0.120105155
243785	4264	0.12010514
243785	5035	0.120105125
243785	2112	0.12010512
243785	4926	0.12010512
243785	795	0.1201051
243785	3935	0.1201051
243785	6705	0.12010509
243785	2111	0.12010507
243785	6479	0.12010506
243814	2794	0.11143795
243814	2926	0.11143795
243814	2207	0.10863367
243814	607	0.10863365
243814	1639	0.10863365
243814	6685	0.10863365
243814	801	0.108633645
243814	1062	0.108633645
243814	188	0.10863364
243814	913	0.10863364
243863	1377	0.08877144
243863	274	0.08810423
243863	434	0.08810423
243863	3318	0.088104226
243863	5457	0.08793229
243863	6548	0.08791532
243863	2050	0.087815925
243863	3177	0.087815925
243863	1875	0.0878159
243863	2233	0.087815896
243879	4036	0.12237841
243879	4100	0.12237841
243879	436	0.122378394
243879	719	0.122378394
243879	2684	0.122378394
243879	3619	0.122378394
243879	4025	0.122378394
243879	4745	0.122378394
243879	6252	0.122378394
243879	6444	0.122378394
243891	1817	0.08917795
243891	2883	0.08917794
243891	4731	0.08917794
243891	211	0.08912791
243891	4385	0.0891279
243891	2522	0.08912787
243891	1259	0.088354774
243891	6716	0.08835477
243891	50	0.08835475
243891	182	0.08835475
243929	3578	0.115729734
243929	1266	0.11572972
243929	3110	0.11572972
243929	2371	0.11572971
243929	903	0.115729704
243929	1503	0.115729704
243929	3009	0.115729704
243929	5001	0.115729704
243929	3556	0.1157297
243929	5811	0.1157297
243930	282	0.11427766
243930	4087	0.11427766
243930	5105	0.11427766
243930	3506	0.11427765
243930	52	0.114277646
243930	337	0.114277646
243930	457	0.114277646
243930	883	0.114277646
243930	2397	0.114277646
243930	3718	0.114277646
243942	3555	0.10984832
243942	3611	0.10984832
243942	2045	0.10984831
243942	3922	0.10984831
243942	2377	0.109848306
243942	1522	0.1098483
243942	246	0.10984829
243942	535	0.10984829
243942	1367	0.10984829
243942	3374	0.10984829
243951	2121	0.09258729
243951	4304	0.09258729
243951	4163	0.092587285
243951	1447	0.09258728
243951	2732	0.09258727
243951	1690	0.09258726
243951	2279	0.09258726
243951	2348	0.09258726
243951	2764	0.09258726
243951	3712	0.09258726
243966	1034	0.11258389
243966	6346	0.11258388
243966	463	0.112583876
243966	3796	0.112583876
243966	5694	0.112583876
243966	2307	0.11258387
243966	2923	0.11258387
243966	3997	0.11258387
243966	5036	0.11258387
243966	5790	0.11258387
243984	259	0.12402412
243984	733	0.12402412
243984	2687	0.12402412
243984	546	0.124024116
243984	1833	0.124024116
243984	3647	0.124024116
243984	4695	0.124024116
243984	6763	0.124024116
243984	326	0.12402411
243984	648	0.12402411
244039	1266	0.11133772
244039	3110	0.11133772
244039	3578	0.11133772
244039	903	0.11133771
244039	2371	0.11133771
244039	3009	0.11133771
244039	5001	0.1113377
244039	489	0.11133769
244039	650	0.11133769
244039	2428	0.11133769
244056	6307	0.108570285
244056	3341	0.10857028
244056	62	0.108570255
244056	3810	0.108570255
244056	5162	0.108570255
244056	5636	0.108570255
244056	6790	0.108570255
244056	950	0.10857025
244056	2370	0.10857025
244056	2492	0.10857025
244070	1643	0.11571562
244070	2463	0.11571562
244070	6057	0.11571562
244070	4493	0.115715615
244070	4524	0.115715615
244070	858	0.11571561
244070	1641	0.11571561
244070	2668	0.11571561
244070	2767	0.11571561
244070	3657	0.11571561
244092	1206	0.097754195
244092	2308	0.09775419
244092	1817	0.09749015
244092	4731	0.09749015
244092	2883	0.097490124
244092	4457	0.09743145
244092	492	0.09743144
244092	4218	0.097431436
244092	5093	0.097431436
244092	491	0.09743142
244171	3396	0.10527421
244171	2951	0.1052742
244171	5371	0.1052742
244171	6605	0.105274186
244171	6825	0.105274186
244171	459	0.10527418
244171	1247	0.10527417
244171	2004	0.10527417
244171	4259	0.10527417
244171	1301	0.10527416
244189	539	0.10110991
244189	1579	0.10110991
244189	2269	0.10110991
244189	3286	0.10110991
244189	4433	0.1011099
244189	2354	0.10110989
244189	2465	0.10110989
244189	2880	0.10110989
244189	5242	0.10110989
244189	5696	0.10110989
244277	2330	0.08489532
244277	5762	0.08489531
244277	244	0.084895305
244277	2785	0.0848953
244277	5570	0.0848953
244277	1876	0.08489528
244277	293	0.084895276
244277	1740	0.084895276
244277	4867	0.08489527
244277	5057	0.08489527
244286	788	0.12824649
244286	3765	0.12824649
244286	6331	0.12824649
244286	748	0.12824647
244286	2842	0.12824647
244286	5390	0.12824647
244286	6440	0.12824647
244286	101	0.12824646
244286	811	0.12824646
244286	1275	0.12824646
244349	1009	0.09430264
244349	6536	0.09430264
244349	1879	0.09430263
244349	4434	0.09430263
244349	2525	0.094302624
244349	3044	0.094302624
244349	4579	0.094302624
244349	5574	0.094302624
244349	6060	0.094302624
244349	916	0.09430262
244359	2917	0.09833639
244359	1352	0.098336376
244359	192	0.09833637
244359	614	0.09833637
244359	2799	0.09833637
244359	285	0.09833636
244359	1930	0.098336354
244359	1770	0.09833634
244359	6473	0.09833634
244359	1502	0.09806521
244420	959	0.10360326
244420	4180	0.10360322
244420	646	0.103603214
244420	4870	0.103603214
244420	6463	0.103603214
244420	2951	0.10313775
244420	3396	0.10313775
244420	5371	0.10313774
244420	459	0.10313773
244420	1247	0.10313773
244452	6346	0.10444993
244452	1034	0.10444991
244452	4687	0.10444991
244452	463	0.104449905
244452	3997	0.104449905
244452	1031	0.1044499
244452	1869	0.1044499
244452	2008	0.1044499
244452	2307	0.1044499
244452	2923	0.1044499
244456	1731	0.11162752
244456	2983	0.11162752
244456	3234	0.11162752
244456	193	0.11162751
244456	1207	0.11162751
244456	1709	0.11162751
244456	3613	0.11162751
244456	6887	0.11162751
244456	567	0.111627504
244456	658	0.111627504
244471	1471	0.119085334
244471	2158	0.11908533
244471	4381	0.11908531
244471	3215	0.119085304
244471	186	0.1190853
244471	838	0.11908529
244471	3762	0.11908529
244471	4483	0.11908529
244471	4865	0.11908529
244471	908	0.11908528
244484	149	0.10064645
244484	441	0.10064645
244484	3545	0.10064645
244484	5768	0.10064645
244484	761	0.100646436
244484	893	0.100646436
244484	26	0.10064643
244484	3634	0.10064641
244484	4314	0.10064641
244484	6877	0.10064641
244494	2782	0.10153397
244494	3559	0.101533964
244494	1398	0.10153396
244494	1541	0.10153396
244494	1616	0.10153395
244494	2176	0.10153395
244494	2356	0.10153395
244494	5469	0.10153395
244494	672	0.10153394
244494	962	0.10153394
244517	2782	0.10264461
244517	1541	0.1026446
244517	1398	0.10264459
244517	1616	0.10264459
244517	2356	0.10264459
244517	3559	0.10264459
244517	5469	0.10264459
244517	672	0.102644585
244517	2176	0.102644585
244517	2889	0.102644585
244593	4304	0.100108035
244593	2121	0.10010803
244593	4163	0.10010803
244593	1447	0.10010801
244593	2348	0.10010801
244593	2732	0.10010801
244593	3712	0.10010801
244593	5381	0.100108005
244593	645	0.100108
244593	1458	0.100108
244622	526	0.09235171
244622	415	0.09235169
244622	1502	0.092311025
244622	350	0.09231101
244622	1514	0.09231101
244622	1946	0.09231101
244622	5193	0.09231101
244622	5279	0.09231101
244622	5985	0.09231101
244622	1212	0.092310995
244627	3149	0.17037812
244627	2098	0.16950107
244627	4173	0.16933551
244627	4256	0.1689854
244627	4249	0.16898537
244627	1997	0.16898532
244627	2274	0.1684584
244627	3749	0.16794269
244627	1915	0.16786166
244627	3502	0.16786164
244657	2224	0.11142035
244657	2230	0.11142035
244657	3313	0.11142034
244657	3892	0.11142034
244657	4183	0.11142034
244657	1176	0.11142033
244657	1576	0.11142033
244657	2407	0.11142033
244657	3569	0.11142033
244657	3582	0.11142033
244662	778	0.107236385
244662	466	0.10723636
244662	1288	0.10723636
244662	5546	0.10723636
244662	1967	0.107236356
244662	3207	0.107236356
244662	5514	0.107236356
244662	5519	0.107236356
244662	5937	0.107236356
244662	6802	0.107236356
244676	3882	0.12340203
244676	444	0.12340202
244676	381	0.123402014
244676	2788	0.123402
244676	6335	0.123402
244676	6590	0.123402
244676	3072	0.12340199
244676	165	0.123401985
244676	659	0.123401985
244676	2235	0.123401985
244685	3184	0.14104836
244685	4114	0.14104834
244685	380	0.14104833
244685	1063	0.14104833
244685	5556	0.14104833
244685	1589	0.14104831
244685	3431	0.14104831
244685	3910	0.14104831
244685	4538	0.14104831
244685	4812	0.14104831
244708	1892	0.104376696
244708	206	0.10437669
244708	1856	0.10437667
244708	1714	0.104376666
244708	794	0.10437666
244708	1376	0.10437666
244708	5080	0.10437666
244708	1261	0.10437665
244708	4905	0.10437665
244708	3775	0.104376644
244710	5632	0.092626564
244710	422	0.09262656
244710	504	0.09262656
244710	798	0.09262656
244710	1743	0.09262656
244710	2696	0.09262656
244710	2972	0.09262656
244710	3600	0.09262656
244710	4334	0.09262656
244710	5015	0.09262656
244736	3285	0.11010069
244736	3913	0.11010068
244736	3197	0.11010067
244736	3550	0.11010067
244736	5923	0.11010067
244736	6446	0.11010067
244736	388	0.110100664
244736	2800	0.110100664
244736	4062	0.11010066
244736	4169	0.11010066
244742	2453	0.09437777
244742	2454	0.094377756
244742	2814	0.094377756
244742	2153	0.09437774
244742	2451	0.09437774
244742	2452	0.09437774
244742	699	0.09388332
244742	5731	0.093883306
244742	888	0.09378508
244742	4915	0.09378508
244761	4100	0.15758002
244761	436	0.15757999
244761	719	0.15757999
244761	2684	0.15757999
244761	3619	0.15757999
244761	4025	0.15757999
244761	4036	0.15757999
244761	4745	0.15757999
244761	6444	0.15757999
244761	6187	0.15757997
244779	733	0.10455483
244779	944	0.10455483
244779	1823	0.10455483
244779	3710	0.10455483
244779	4968	0.10455483
244779	5150	0.10455483
244779	5333	0.10455483
244779	6763	0.10455483
244779	1618	0.104554825
244779	1670	0.104554825
244814	1892	0.10213805
244814	206	0.102138035
244814	1856	0.10213803
244814	1714	0.10213802
244814	5080	0.10213802
244814	794	0.10213801
244814	1261	0.10213801
244814	1376	0.10213801
244814	4905	0.10213801
244814	3775	0.102138
244873	320	0.10257809
244873	346	0.10257809
244873	1855	0.10257809
244873	3743	0.10257809
244873	4014	0.10257809
244873	6863	0.10257809
244873	755	0.10257808
244873	2339	0.10257808
244873	3501	0.10257808
244873	177	0.102578074
244874	2755	0.094573446
244874	4919	0.094573446
244874	1236	0.09457344
244874	1927	0.09457344
244874	5702	0.09457344
244874	6306	0.09457344
244874	715	0.09457343
244874	3229	0.09457343
244874	1394	0.09457342
244874	2725	0.09457342
244915	3327	0.118003175
244915	4154	0.11800316
244915	4835	0.11800316
244915	294	0.11800315
244915	2278	0.11800315
244915	83	0.118003145
244915	1002	0.118003145
244915	1728	0.118003145
244915	1852	0.118003145
244915	4133	0.118003145
244925	298	0.10726856
244925	1051	0.10726856
244925	1743	0.10726856
244925	2696	0.10726856
244925	4334	0.10726856
244925	5015	0.10726856
244925	422	0.10726855
244925	504	0.10726855
244925	705	0.10726855
244925	3624	0.10726855
244995	2018	0.13379377
244995	2860	0.13379377
244995	3161	0.13379377
244995	4291	0.13379377
244995	6339	0.13379377
244995	598	0.13379376
244995	3654	0.13379376
244995	5871	0.13379376
244995	6453	0.13379376
244995	132	0.13379374
245088	170	0.10078472
245088	1446	0.100784704
245088	611	0.1007847
245088	1707	0.1007847
245088	7	0.10078469
245088	169	0.10078469
245088	884	0.10078469
245088	1612	0.10078469
245088	3221	0.10078469
245088	5362	0.10078469
245102	200	0.08864297
245102	4194	0.088642955
245102	6475	0.088642955
245102	1035	0.08793622
245102	4057	0.08793622
245102	6888	0.08793621
245102	1801	0.0879362
245102	554	0.08793619
245102	910	0.08793619
245102	1499	0.08793619
245128	2867	0.09496173
245128	4501	0.09496172
245128	5254	0.09496172
245128	2513	0.0949617
245128	1529	0.09494083
245128	3231	0.09451091
245128	681	0.09341161
245128	5647	0.093411595
245128	6719	0.09339346
245128	1475	0.092921816
245157	2985	0.14484242
245157	3788	0.14484239
245157	3283	0.1448423
245157	3402	0.14456369
245157	496	0.14456367
245157	718	0.14456367
245157	1857	0.14456366
245157	3223	0.14456366
245157	3985	0.14456366
245157	5486	0.14456366
245188	744	0.10884145
245188	1207	0.10884145
245188	2983	0.10884145
245188	2997	0.10884145
245188	100	0.10884144
245188	193	0.10884144
245188	567	0.108841434
245188	1570	0.108841434
245188	1709	0.108841434
245188	1731	0.108841434
245194	72	0.107167535
245194	523	0.107167535
245194	5856	0.10716753
245194	1282	0.10716752
245194	2509	0.10716752
245194	4620	0.10716752
245194	385	0.10716751
245194	812	0.10716751
245194	2882	0.10716751
245194	6237	0.10716751
245203	4751	0.10492759
245203	1302	0.10492757
245203	2326	0.10492757
245203	5629	0.10492757
245203	2888	0.10492756
245203	5140	0.10492756
245203	1174	0.104927555
245203	1835	0.104927555
245203	3525	0.104927555
245203	789	0.10492754
245215	688	0.10229634
245215	1739	0.10229632
245215	2164	0.10229632
245215	2173	0.10229632
245215	2340	0.10229632
245215	2871	0.10229632
245215	3217	0.10229632
245215	3674	0.10229632
245215	6488	0.10229632
245215	134	0.102296315
245281	6307	0.12635913
245281	62	0.1263591
245281	1355	0.1263591
245281	1902	0.1263591
245281	2415	0.1263591
245281	3341	0.1263591
245281	3810	0.1263591
245281	5162	0.1263591
245281	5636	0.1263591
245281	6790	0.1263591
245295	788	0.13490002
245295	101	0.1349
245295	748	0.1349
245295	1425	0.1349
245295	1552	0.1349
245295	2481	0.1349
245295	2796	0.1349
245295	2842	0.1349
245295	2949	0.1349
245295	2974	0.1349
245311	688	0.10084371
245311	6488	0.10084371
245311	134	0.1008437
245311	1233	0.1008437
245311	1739	0.1008437
245311	2164	0.1008437
245311	2173	0.1008437
245311	2423	0.1008437
245311	2340	0.10084369
245311	3217	0.10084369
245328	351	0.11768061
245328	1024	0.11768061
245328	1880	0.1176806
245328	2479	0.1176806
245328	2830	0.1176806
245328	3676	0.1176806
245328	697	0.117680594
245328	3107	0.117680594
245328	3626	0.117680594
245328	3846	0.117680594
245346	3917	0.09528204
245346	3256	0.09528203
245346	6122	0.09528203
245346	2494	0.095282026
245346	6808	0.095282026
245346	2016	0.09528202
245346	2169	0.09528202
245346	2577	0.09528202
245346	3580	0.09528202
245346	3919	0.09528202
245371	5130	0.10919352
245371	115	0.10919346
245371	230	0.10919346
245371	3586	0.10919346
245371	286	0.109193444
245371	1117	0.109193444
245371	356	0.10919343
245371	1333	0.10919343
245371	2890	0.10919343
245371	574	0.108822346
245410	3982	0.10377278
245410	5481	0.103772774
245410	6027	0.10377277
245410	2263	0.10377276
245410	2300	0.10377276
245410	2642	0.10377276
245410	3392	0.10377276
245410	5542	0.10377276
245410	6358	0.10377276
245410	5427	0.10377275
245446	6307	0.1070035
245446	3341	0.107003495
245446	3810	0.10700348
245446	5636	0.10700348
245446	1902	0.10700347
245446	3310	0.10700347
245446	5216	0.10700347
245446	62	0.107003465
245446	950	0.107003465
245446	1355	0.107003465
245534	320	0.10777517
245534	346	0.10777517
245534	1629	0.10777517
245534	1855	0.10777517
245534	3743	0.10777517
245534	4014	0.10777517
245534	4217	0.10777517
245534	159	0.10777516
245534	6863	0.10777516
245534	177	0.10777515
245568	320	0.11256932
245568	4014	0.11256932
245568	346	0.11256931
245568	1629	0.11256931
245568	2339	0.11256931
245568	3743	0.11256931
245568	177	0.1125693
245568	180	0.1125693
245568	236	0.1125693
245568	755	0.1125693
245604	6716	0.110066205
245604	1259	0.1100662
245604	157	0.11006618
245604	6550	0.11006618
245604	50	0.110066175
245604	1533	0.110066175
245604	2919	0.110066175
245604	4248	0.110066175
245604	5755	0.110066175
245604	182	0.11006617
245616	1855	0.11208815
245616	3743	0.11208815
245616	320	0.112088144
245616	346	0.112088144
245616	755	0.112088144
245616	2339	0.112088144
245616	2573	0.112088144
245616	4014	0.112088144
245616	4512	0.112088144
245616	177	0.11208814
245645	4751	0.11607086
245645	5629	0.11607083
245645	1302	0.11607082
245645	2326	0.11607082
245645	3525	0.11607082
245645	1174	0.116070814
245645	1835	0.116070814
245645	2888	0.116070814
245645	789	0.11607081
245645	1185	0.11607081
245649	1191	0.091866866
245649	1971	0.091866866
245649	6530	0.09186684
245649	6126	0.091485515
245649	1957	0.09126076
245649	1513	0.09126075
245649	6652	0.09126075
245649	701	0.091260746
245649	68	0.09126073
245649	2050	0.09098683
245650	5817	0.13048677
245650	118	0.13048676
245650	184	0.13048676
245650	540	0.13048676
245650	1506	0.13048676
245650	5079	0.13048676
245650	5992	0.13048676
245650	6814	0.13048676
245650	1667	0.13048674
245650	4605	0.13048674
245655	5558	0.107849784
245655	3018	0.10784978
245655	4293	0.10784978
245655	6341	0.10784978
245655	628	0.10784977
245655	2752	0.10784977
245655	2803	0.10784977
245655	1803	0.10784976
245655	2220	0.10784976
245655	2669	0.10784976
245660	5453	0.12463137
245660	3247	0.12463135
245660	250	0.124631345
245660	3251	0.12463134
245660	3287	0.12463134
245660	3861	0.12463134
245660	6609	0.12463134
245660	6701	0.12463133
245660	6726	0.12463133
245660	345	0.12463132
245814	4228	0.1182293
245814	3552	0.11822928
245814	2034	0.11822927
245814	2726	0.11822927
245814	3063	0.11822927
245814	3353	0.11822927
245814	4012	0.11822927
245814	4544	0.11822927
245814	4685	0.11822927
245814	5758	0.11822927
245963	211	0.104310155
245963	4385	0.10431014
245963	2522	0.10431011
245963	492	0.10314824
245963	4457	0.10314824
245963	491	0.10314822
245963	5093	0.10314822
245963	4218	0.10314821
245963	741	0.1031482
245963	6211	0.1031482
246000	5130	0.094445035
246000	115	0.094445
246000	230	0.09444499
246000	3586	0.09444498
246000	286	0.094444975
246000	1117	0.094444975
246000	356	0.09444497
246000	1333	0.09444496
246000	2890	0.09444495
246000	574	0.09436349
246156	778	0.09705033
246156	1288	0.09705032
246156	1967	0.09705031
246156	5514	0.09705031
246156	5546	0.09705031
246156	6802	0.09705031
246156	466	0.0970503
246156	3207	0.0970503
246156	4819	0.0970503
246156	5519	0.0970503
246175	5737	0.125714
246175	5062	0.12571399
246175	343	0.12571397
246175	2781	0.12571397
246175	4034	0.12571393
246175	381	0.12481758
246175	3882	0.12481758
246175	6335	0.12481758
246175	444	0.124817565
246175	2788	0.12481756
246216	3396	0.099154696
246216	2951	0.09915469
246216	5371	0.09915469
246216	6605	0.09915468
246216	459	0.099154666
246216	2004	0.099154666
246216	4259	0.099154666
246216	6825	0.099154666
246216	1247	0.09915465
246216	1301	0.09915465
246230	3184	0.105729416
246230	1589	0.1057294
246230	4114	0.1057294
246230	1063	0.10572939
246230	4812	0.10572939
246230	380	0.105729386
246230	3150	0.105729386
246230	3183	0.105729386
246230	4946	0.105729386
246230	5556	0.105729386
246246	714	0.11910427
246246	3946	0.11910427
246246	2322	0.119104266
246246	4189	0.119104266
246246	6012	0.119104266
246246	2518	0.11910425
246246	2821	0.11910425
246246	4665	0.11910425
246246	5025	0.11910425
246246	5662	0.11910425
246247	6212	0.12516394
246247	4557	0.12516393
246247	4898	0.12516393
246247	96	0.12516391
246247	990	0.12516391
246247	1105	0.12516391
246247	1486	0.12516391
246247	1802	0.12516391
246247	2506	0.12516391
246247	2641	0.12516391
246311	1210	0.14736462
246311	2734	0.14736462
246311	2359	0.1473646
246311	4207	0.1473646
246311	2186	0.14736459
246311	6690	0.14736459
246311	6754	0.14736457
246311	5226	0.14736456
246311	5622	0.14736456
246311	6044	0.14736456
246388	1731	0.10196682
246388	2983	0.10196682
246388	193	0.10196681
246388	1207	0.10196681
246388	1709	0.10196681
246388	2997	0.10196681
246388	3234	0.10196681
246388	4197	0.10196681
246388	658	0.101966806
246388	744	0.101966806
246470	5150	0.10711783
246470	5333	0.107117824
246470	6763	0.107117824
246470	326	0.10711782
246470	536	0.10711782
246470	546	0.10711782
246470	648	0.10711782
246470	733	0.10711782
246470	944	0.10711782
246470	1388	0.10711782
246507	2917	0.09782462
246507	614	0.0978246
246507	1352	0.097824596
246507	2799	0.097824596
246507	192	0.09782459
246507	1930	0.09782458
246507	285	0.09782457
246507	1770	0.097824566
246507	6473	0.09782456
246507	5669	0.09777956
246512	2556	0.10046306
246512	898	0.10046305
246512	4514	0.10046305
246512	1795	0.10046303
246512	2129	0.10046303
246512	1271	0.100463025
246512	5721	0.100463025
246512	363	0.10046302
246512	2806	0.10046302
246512	3976	0.10046302
246513	384	0.11382572
246513	581	0.11382572
246513	732	0.11382572
246513	3625	0.11382572
246513	232	0.113825716
246513	665	0.11382571
246513	1436	0.11382571
246513	1512	0.11382571
246513	1680	0.11382571
246513	1681	0.11382571
246528	2045	0.11278917
246528	3555	0.11278917
246528	3611	0.11278917
246528	3922	0.11278917
246528	4716	0.11278916
246528	5743	0.11278916
246528	1522	0.112789154
246528	2377	0.112789154
246528	3374	0.112789154
246528	3441	0.112789154
246617	2463	0.12353243
246617	6057	0.12353243
246617	858	0.123532414
246617	3657	0.123532414
246617	4493	0.123532414
246617	4524	0.123532414
246617	6055	0.123532414
246617	1643	0.12353241
246617	2668	0.12353241
246617	3856	0.12353241
246634	1731	0.123231515
246634	1709	0.12323151
246634	2997	0.12323151
246634	744	0.1232315
246634	2983	0.1232315
246634	3234	0.1232315
246634	4197	0.1232315
246634	6887	0.1232315
246634	193	0.12323149
246634	1918	0.12323149
246655	3635	0.1182583
246655	995	0.11825829
246655	1551	0.11825829
246655	3312	0.11825829
246655	5686	0.11825829
246655	5603	0.11825828
246655	6823	0.11825828
246655	5840	0.118258275
246655	5023	0.11825826
246655	507	0.11825825
246759	6765	0.12882188
246759	110	0.12882185
246759	700	0.12882185
246759	1159	0.12882185
246759	1752	0.12882185
246759	2569	0.12882185
246759	2640	0.12882185
246759	3469	0.12882185
246759	6043	0.12882185
246759	6117	0.12882185
246766	696	0.0991246
246766	1578	0.099124596
246766	410	0.09912459
246766	2504	0.09912459
246766	61	0.09912458
246766	1550	0.09912458
246766	5227	0.09912458
246766	635	0.09912457
246766	964	0.09912457
246766	4187	0.09912457
246776	2752	0.11578515
246776	3018	0.11578515
246776	5558	0.11578515
246776	4293	0.115785144
246776	628	0.11578514
246776	2669	0.11578514
246776	2803	0.11578514
246776	3916	0.11578514
246776	3978	0.11578514
246776	4403	0.11578514
246798	1701	0.13789606
246798	904	0.13789603
246798	2052	0.13789603
246798	5298	0.13789603
246798	5311	0.13789603
246798	1127	0.13789602
246798	4380	0.13789602
246798	5649	0.13789602
246798	841	0.137896
246798	1364	0.137896
246820	648	0.11592974
246820	326	0.11592973
246820	259	0.11592972
246820	546	0.11592972
246820	733	0.11592972
246820	1388	0.11592972
246820	1618	0.11592972
246820	3710	0.11592972
246820	4907	0.11592972
246820	4954	0.11592972
246959	1461	0.10215006
246959	3481	0.102150045
246959	4752	0.10215003
246959	1141	0.10215002
246959	6748	0.10215002
246959	6152	0.102150016
246959	6788	0.102150016
246959	1816	0.10174522
246959	2782	0.10174522
246959	1541	0.10174521
247010	2421	0.1027155
247010	2911	0.10271548
247010	4627	0.10271546
247010	2384	0.10271545
247010	6167	0.10271545
247010	6737	0.10271545
247010	5634	0.10271542
247010	1239	0.1023331
247010	2287	0.10224636
247010	4446	0.102246344
247055	3822	0.10771939
247055	5966	0.10771938
247055	3756	0.10771937
247055	1848	0.10771935
247055	2134	0.107463375
247055	5422	0.10746336
247055	531	0.10746335
247055	545	0.10746335
247055	3303	0.10746335
247055	1307	0.107463345
247060	1855	0.10430266
247060	2339	0.10430265
247060	159	0.104302645
247060	320	0.104302645
247060	346	0.104302645
247060	755	0.104302645
247060	1567	0.104302645
247060	1726	0.104302645
247060	2575	0.104302645
247060	3743	0.104302645
247129	2214	0.10286107
247129	3039	0.10286107
247129	5163	0.10286106
247129	6680	0.10286106
247129	485	0.102861054
247129	2292	0.102861054
247129	75	0.10286105
247129	474	0.10286105
247129	720	0.10286105
247129	1264	0.10286105
247166	110	0.12565958
247166	700	0.12565958
247166	1752	0.12565958
247166	2640	0.12565958
247166	3469	0.12565958
247166	3793	0.12565958
247166	4720	0.12565958
247166	6043	0.12565958
247166	6676	0.12565958
247166	6765	0.12565958
247201	320	0.104478344
247201	1629	0.104478344
247201	3743	0.104478344
247201	346	0.10447834
247201	1567	0.10447834
247201	1855	0.10447834
247201	3259	0.10447834
247201	3350	0.10447834
247201	3501	0.10447834
247201	4217	0.10447834
247240	5641	0.1021367
247240	4245	0.10213669
247240	4951	0.10213669
247240	6091	0.10213668
247240	1040	0.10213666
247240	3209	0.10213666
247240	427	0.10213665
247240	2253	0.10168396
247240	303	0.10158987
247240	4026	0.10142642
247241	3217	0.12506184
247241	6488	0.12506184
247241	688	0.12506182
247241	1739	0.12506182
247241	2164	0.12506182
247241	2423	0.12506182
247241	5416	0.12506182
247241	134	0.12506181
247241	605	0.12506181
247241	1233	0.12506181
247278	3279	0.09712158
247278	3099	0.097121574
247278	1829	0.09712157
247278	5113	0.09712157
247278	5189	0.09712157
247278	6914	0.09712157
247278	4018	0.09712155
247278	6584	0.09712154
247278	2839	0.09712152
247278	778	0.09656372
247423	381	0.123609886
247423	444	0.123609886
247423	3882	0.123609886
247423	6335	0.12360988
247423	3072	0.12360987
247423	5438	0.12360987
247423	1182	0.12360986
247423	2788	0.12360986
247423	4346	0.12360986
247423	6590	0.12360986
247429	4898	0.119018085
247429	2506	0.11901808
247429	4557	0.11901808
247429	6535	0.11901808
247429	6907	0.11901808
247429	96	0.11901807
247429	785	0.11901807
247429	990	0.11901807
247429	5081	0.11901807
247429	6212	0.11901807
247444	2107	0.1078759
247444	3564	0.1078759
247444	1602	0.107875876
247444	5044	0.10787587
247444	5441	0.10787587
247444	5048	0.10787586
247444	3198	0.107875854
247444	3333	0.107875854
247444	6154	0.107875854
247444	6908	0.107875854
247447	1075	0.09003386
247447	1652	0.09003383
247447	5213	0.09003383
247447	6000	0.09003383
247447	6747	0.09003383
247447	4604	0.09003382
247447	2104	0.09003381
247447	1649	0.08975741
247447	3736	0.08975739
247447	5145	0.08975735
247518	5099	0.10985014
247518	6852	0.10985014
247518	4668	0.10985013
247518	6332	0.10985012
247518	6917	0.10985012
247518	1538	0.10985011
247518	6735	0.10985011
247518	6069	0.10985009
247518	1356	0.109464094
247518	6111	0.109464094
247537	3765	0.12632544
247537	6331	0.12632544
247537	748	0.12632543
247537	788	0.12632543
247537	1425	0.12632543
247537	1552	0.12632543
247537	2481	0.12632543
247537	2796	0.12632543
247537	2842	0.12632543
247537	2949	0.12632543
247626	905	0.107039124
247626	6059	0.107039124
247626	5489	0.10703912
247626	649	0.10703911
247626	731	0.10703911
247626	1708	0.10703911
247626	5900	0.10703911
247626	213	0.1070391
247626	739	0.1070391
247626	1251	0.107039094
247664	2782	0.108651295
247664	1398	0.10865127
247664	1541	0.10865127
247664	1616	0.10865127
247664	1816	0.10865127
247664	3559	0.10865127
247664	672	0.108651266
247664	1095	0.108651266
247664	2356	0.108651266
247664	2907	0.108651266
247752	688	0.107183136
247752	1739	0.10718313
247752	3217	0.10718313
247752	6488	0.10718313
247752	1233	0.10718312
247752	134	0.10718311
247752	1341	0.10718311
247752	1620	0.10718311
247752	1924	0.10718311
247752	2164	0.10718311
247829	1259	0.09679766
247829	6716	0.09679766
247829	50	0.096797645
247829	4248	0.096797645
247829	157	0.09679764
247829	879	0.09679764
247829	1533	0.09679764
247829	2302	0.09679764
247829	2742	0.09679764
247829	6550	0.09679764
247840	696	0.11289166
247840	410	0.112891644
247840	2504	0.112891644
247840	240	0.11289163
247840	635	0.11289163
247840	1550	0.11289163
247840	1578	0.11289163
247840	1774	0.11289162
247840	4878	0.11289162
247840	5227	0.11289162
247852	824	0.10895653
247852	4654	0.10895653
247852	3835	0.108956516
247852	1335	0.1089565
247852	5430	0.1089565
247852	6086	0.1089565
247852	1072	0.10839328
247852	4020	0.10839325
247852	5370	0.10839325
247852	2597	0.10839324
247855	394	0.08631315
247855	414	0.08631313
247855	3199	0.08631313
247855	5911	0.08631313
247855	6321	0.08631313
247855	2102	0.08631312
247855	6462	0.086313106
247855	78	0.0863131
247855	995	0.08616568
247855	1551	0.08616568
247897	6150	0.10436693
247897	4690	0.10436691
247897	1020	0.104366906
247897	550	0.1043669
247897	201	0.10436689
247897	2391	0.10436688
247897	3201	0.10436688
247897	5114	0.10436688
247897	5833	0.10436688
247897	6871	0.10436688
247918	3039	0.117723875
247918	6786	0.117723875
247918	75	0.11772387
247918	485	0.11772387
247918	1496	0.11772387
247918	2214	0.11772387
247918	2292	0.11772387
247918	3125	0.11772387
247918	5163	0.11772387
247918	6680	0.11772387
247966	4349	0.12892541
247966	4455	0.12892535
247966	5706	0.12892535
247966	4046	0.1289253
247966	5206	0.12871137
247966	2831	0.12793818
247966	5684	0.12793134
247966	6247	0.1279313
247966	4741	0.12793127
247966	688	0.12784657
247998	320	0.11578177
247998	346	0.11578177
247998	1855	0.11578177
247998	2339	0.11578177
247998	3743	0.11578177
247998	4014	0.11578177
247998	177	0.11578176
247998	1629	0.11578176
247998	4464	0.11578176
247998	6863	0.11578176
248003	4340	0.1280074
248003	400	0.12800735
248003	3812	0.12800735
248003	4899	0.12800735
248003	6025	0.12800735
248003	6026	0.12800735
248003	6643	0.12800735
248003	5358	0.12800734
248003	2970	0.12800732
248003	6689	0.12800732
248064	149	0.0942126
248064	441	0.09421259
248064	3545	0.09421259
248064	761	0.09421258
248064	5768	0.09421258
248064	26	0.09421256
248064	893	0.09421256
248064	4453	0.09421255
248064	6877	0.09421255
248064	3634	0.09421254
248098	118	0.103925675
248098	184	0.103925675
248098	1667	0.10392566
248098	2978	0.10392566
248098	4704	0.10392566
248098	5817	0.10392566
248098	5992	0.10392566
248098	6814	0.10392566
248098	540	0.10392565
248098	1506	0.10392565
248131	6536	0.11331381
248131	1879	0.1133138
248131	3044	0.113313794
248131	4579	0.113313794
248131	5574	0.113313794
248131	1009	0.11331379
248131	2648	0.11331379
248131	4321	0.11331379
248131	5002	0.11331379
248131	6913	0.11331379
248138	2064	0.09614019
248138	3336	0.09614018
248138	5793	0.096140176
248138	258	0.09614016
248138	1782	0.09614016
248138	4305	0.09614016
248138	1821	0.09614015
248138	2710	0.09614015
248138	317	0.096140146
248138	1854	0.096140146
248221	4617	0.09994231
248221	3955	0.09994228
248221	3427	0.099942274
248221	5106	0.099942274
248221	3803	0.09994227
248221	5705	0.09994227
248221	6395	0.09994227
248221	5601	0.09994226
248221	3342	0.09994225
248221	2236	0.099942245
248259	5763	0.11526119
248259	325	0.11526115
248259	58	0.11526112
248259	6132	0.11526111
248259	1915	0.11401339
248259	3874	0.11401337
248259	4224	0.11401336
248259	3011	0.11401335
248259	3502	0.114013344
248259	3565	0.114013344
248280	1892	0.0880974
248280	206	0.08809739
248280	1856	0.08809739
248280	794	0.08809737
248280	1261	0.08809737
248280	1714	0.08809737
248280	1376	0.08809736
248280	4905	0.08809736
248280	5080	0.08809736
248280	3775	0.088097356
248464	1471	0.13242665
248464	2158	0.13242663
248464	4381	0.13242663
248464	908	0.13242662
248464	2856	0.13242662
248464	3215	0.13242662
248464	4865	0.13242662
248464	186	0.1324266
248464	838	0.1324266
248464	3790	0.1324266
248468	320	0.10218188
248468	1629	0.10218188
248468	3743	0.102181874
248468	4014	0.102181874
248468	4854	0.102181874
248468	159	0.10218187
248468	180	0.10218187
248468	236	0.10218187
248468	346	0.10218187
248468	402	0.10218187
248477	914	0.123676054
248477	1756	0.12367605
248477	3939	0.12367605
248477	5382	0.12367605
248477	2410	0.12367604
248477	2808	0.12367604
248477	3717	0.12367603
248477	3726	0.12367603
248477	3993	0.12367603
248477	2528	0.123676024
248479	3913	0.08955929
248479	3285	0.08955928
248479	388	0.08955927
248479	2800	0.08955927
248479	3197	0.08955927
248479	3550	0.08955927
248479	4062	0.08955927
248479	4169	0.08955927
248479	4438	0.08955927
248479	5923	0.08955927
248492	990	0.115675226
248492	4557	0.115675226
248492	4898	0.115675226
248492	6212	0.115675226
248492	96	0.11567522
248492	6535	0.11567522
248492	6907	0.11567522
248492	572	0.11567521
248492	866	0.11567521
248492	2506	0.11567521
248496	5684	0.104990155
248496	6247	0.104990095
248496	4741	0.10499009
248496	4349	0.104949996
248496	5706	0.10494995
248496	4455	0.10494994
248496	4046	0.10494991
248496	3222	0.10452278
248496	367	0.10452276
248496	5006	0.10452273
248531	6898	0.09495199
248531	2906	0.09367742
248531	2212	0.09323466
248531	712	0.09235878
248531	3200	0.09235874
248531	2344	0.09181753
248531	6034	0.09166889
248531	6148	0.09166887
248531	2050	0.09157019
248531	3177	0.09157018
248540	259	0.107031606
248540	733	0.107031606
248540	3647	0.107031606
248540	4695	0.107031606
248540	4968	0.107031606
248540	5333	0.107031606
248540	6763	0.107031606
248540	326	0.1070316
248540	546	0.1070316
248540	648	0.1070316
248547	992	0.11914435
248547	3040	0.11914435
248547	3098	0.11914434
248547	4073	0.119144335
248547	4872	0.119144335
248547	6570	0.119144335
248547	1645	0.11914433
248547	1130	0.11914432
248547	6195	0.119144306
248547	131	0.11914429
248615	6124	0.100302525
248615	3216	0.10030252
248615	32	0.10030251
248615	196	0.1003025
248615	1863	0.1003025
248615	1308	0.10030249
248615	6359	0.100302465
248615	3864	0.09960272
248615	149	0.09868762
248615	5768	0.09868762
248656	2007	0.1200732
248656	4319	0.1200732
248656	5650	0.1200732
248656	2844	0.12007319
248656	3618	0.120073184
248656	5433	0.120073184
248656	778	0.119880274
248656	466	0.11988026
248656	1967	0.11988026
248656	5546	0.11988026
248749	1024	0.11443604
248749	351	0.11443603
248749	1880	0.11443603
248749	2830	0.11443603
248749	3676	0.11443603
248749	3846	0.11443603
248749	697	0.11443602
248749	2479	0.11443602
248749	3626	0.11443602
248749	4157	0.11443602
248805	2782	0.10331367
248805	1095	0.103313655
248805	1541	0.103313655
248805	1616	0.103313655
248805	1816	0.10331365
248805	378	0.10331364
248805	1398	0.10331364
248805	2176	0.10331364
248805	2356	0.10331364
248805	2889	0.10331364
248850	2007	0.1152219
248850	5650	0.1152219
248850	5433	0.115221895
248850	2844	0.11522189
248850	4319	0.11522189
248850	3618	0.11522188
248850	982	0.11491893
248850	260	0.11491891
248850	6250	0.11491891
248850	1045	0.1149189
248901	3882	0.11878775
248901	6335	0.11878774
248901	444	0.118787736
248901	381	0.11878773
248901	2235	0.11878772
248901	2788	0.11878772
248901	3072	0.11878772
248901	6590	0.11878772
248901	6856	0.11878772
248901	165	0.11878771
248965	714	0.10768078
248965	3946	0.107680775
248965	2322	0.10768077
248965	4189	0.10768077
248965	6012	0.10768077
248965	4665	0.10768076
248965	5662	0.10768076
248965	1903	0.10768075
248965	2518	0.10768075
248965	2521	0.10768075
249058	6166	0.11277294
249058	985	0.112459034
249058	5690	0.11245208
249058	6569	0.11186126
249058	353	0.11186124
249058	642	0.11186124
249058	3837	0.11186121
249058	2107	0.11154038
249058	3564	0.11154036
249058	1602	0.11154035
249096	959	0.101754755
249096	4180	0.10175474
249096	646	0.10175473
249096	6463	0.101754725
249096	4870	0.10175472
249096	350	0.101492345
249096	1502	0.10149234
249096	5279	0.10149234
249096	1514	0.10149233
249096	1946	0.10149233
249111	2134	0.09601335
249111	531	0.09601334
249111	545	0.09601334
249111	3303	0.09601334
249111	5422	0.09601334
249111	5887	0.09601334
249111	1307	0.09601333
249111	1720	0.09601332
249111	2553	0.09601332
249111	3051	0.09601332
249128	6920	0.10829196
249128	551	0.108291954
249128	5499	0.108291954
249128	1547	0.10829195
249128	1963	0.10829195
249128	6682	0.10829195
249128	5109	0.10829194
249128	6362	0.10829194
249128	6729	0.10829194
249128	1128	0.10829193
249140	744	0.11735131
249140	1731	0.11735131
249140	2983	0.11735131
249140	2997	0.11735131
249140	3234	0.11735131
249140	3613	0.11735131
249140	1709	0.1173513
249140	567	0.11735129
249140	658	0.11735129
249140	1207	0.11735129
249150	6637	0.10373483
249150	4108	0.1037348
249150	6586	0.103734784
249150	4007	0.10348983
249150	6579	0.103489816
249150	2334	0.10348981
249150	5072	0.10348981
249150	3836	0.1034898
249150	1306	0.103489794
249150	92	0.10348979
249220	4478	0.12371541
249220	4897	0.12371533
249220	1258	0.123715304
249220	4475	0.12281141
249220	5248	0.12281133
249220	5855	0.12281133
249220	1476	0.122811325
249220	1478	0.122811325
249220	1486	0.122509345
249220	4898	0.122509345
249223	5783	0.11351588
249223	5266	0.11351587
249223	3220	0.113515854
249223	6019	0.113515854
249223	803	0.11351584
249223	4111	0.11351584
249223	3876	0.113515824
249223	751	0.11351582
249223	77	0.113149166
249223	1422	0.113149166
249361	6141	0.1026779
249361	3287	0.10219799
249361	5453	0.10219799
249361	6609	0.102197975
249361	250	0.10219797
249361	3247	0.10219797
249361	1842	0.10219796
249361	2303	0.10219796
249361	3214	0.10219796
249361	3861	0.10219796
249407	2224	0.114493124
249407	2230	0.114493124
249407	3892	0.11449312
249407	4183	0.11449312
249407	1576	0.11449311
249407	2407	0.11449311
249407	3582	0.11449311
249407	4348	0.11449311
249407	1176	0.1144931
249407	3313	0.1144931
249496	4228	0.122821055
249496	3353	0.12282105
249496	4012	0.12282104
249496	24	0.12282103
249496	532	0.12282103
249496	770	0.12282103
249496	1840	0.12282103
249496	2034	0.12282103
249496	3552	0.12282103
249496	4685	0.12282103
249628	731	0.10986188
249628	905	0.10986188
249628	5489	0.10986188
249628	6059	0.10986188
249628	649	0.10986187
249628	213	0.109861866
249628	1708	0.109861866
249628	5900	0.109861866
249628	1251	0.10986186
249628	739	0.10986185
249634	3297	0.11845217
249634	3503	0.11845217
249634	6215	0.11845217
249634	3636	0.11845216
249634	549	0.11845215
249634	4118	0.11845214
249634	5293	0.11845214
249634	612	0.11845213
249634	4632	0.11845213
249634	248	0.118452124
249650	320	0.12060039
249650	3743	0.12060039
249650	346	0.12060038
249650	1629	0.12060038
249650	2339	0.12060038
249650	4014	0.12060038
249650	4854	0.12060038
249650	6005	0.12060038
249650	159	0.12060037
249650	177	0.12060037
249688	4163	0.109140664
249688	4304	0.109140664
249688	2121	0.10914066
249688	2732	0.10914065
249688	3712	0.10914065
249688	1447	0.10914064
249688	1690	0.109140635
249688	2279	0.109140635
249688	2348	0.109140635
249688	4152	0.109140635
249695	184	0.10654859
249695	118	0.106548585
249695	4704	0.106548585
249695	5817	0.106548585
249695	6814	0.106548585
249695	540	0.10654858
249695	1506	0.10654858
249695	1667	0.10654858
249695	2978	0.10654858
249695	5079	0.10654858
249732	824	0.11907979
249732	3835	0.119079754
249732	4654	0.119079754
249732	6086	0.119079754
249732	5430	0.11907973
249732	1335	0.11907972
249732	1075	0.11822503
249732	2645	0.11822501
249732	4604	0.11822501
249732	5213	0.11822501
249746	3327	0.10915284
249746	4154	0.10915284
249746	4835	0.10915282
249746	5046	0.10915282
249746	174	0.109152816
249746	1524	0.109152816
249746	83	0.10915281
249746	294	0.10915281
249746	639	0.10915281
249746	936	0.10915281
249848	696	0.11176555
249848	410	0.11176553
249848	1550	0.11176553
249848	2504	0.11176553
249848	61	0.111765526
249848	635	0.11176552
249848	964	0.11176552
249848	1578	0.11176552
249848	2175	0.11176552
249848	3329	0.11176552
249862	1957	0.08794425
249862	68	0.08794424
249862	701	0.08794424
249862	6652	0.08794424
249862	1513	0.08794423
249862	730	0.08780639
249862	2372	0.08780636
249862	4284	0.08780636
249862	5461	0.087328404
249862	97	0.087328374
249924	2269	0.11033127
249924	539	0.11033125
249924	1579	0.11033125
249924	3286	0.11033125
249924	4433	0.11033125
249924	2354	0.110331245
249924	2880	0.110331245
249924	2920	0.110331245
249924	2465	0.11033124
249924	5242	0.11033124
249939	4898	0.10339257
249939	96	0.10339256
249939	572	0.10339256
249939	785	0.10339256
249939	990	0.10339256
249939	1486	0.10339256
249939	5313	0.10339256
249939	5314	0.10339256
249939	5464	0.10339256
249939	6212	0.10339256
249953	6765	0.0931179
249953	110	0.09311789
249953	1752	0.09311789
249953	6043	0.09311789
249953	6676	0.09311789
249953	2569	0.093117885
249953	2640	0.093117885
249953	700	0.09311788
249953	1159	0.09311788
249953	2179	0.09311788
249958	6346	0.12008905
249958	1034	0.12008904
249958	2923	0.12008904
249958	463	0.12008903
249958	1031	0.12008903
249958	3796	0.12008903
249958	484	0.120089024
249958	1787	0.120089024
249958	1869	0.120089024
249958	2008	0.120089024
249989	3327	0.12636667
249989	4835	0.12636667
249989	4154	0.12636666
249989	294	0.12636665
249989	1002	0.12636665
249989	2278	0.12636665
249989	4239	0.12636665
249989	4920	0.12636665
249989	5046	0.12636665
249989	5219	0.12636665
250006	1731	0.10235233
250006	193	0.10235232
250006	1207	0.10235232
250006	2997	0.10235232
250006	3234	0.10235232
250006	4197	0.10235232
250006	744	0.10235231
250006	1709	0.10235231
250006	1805	0.10235231
250006	2983	0.10235231
250101	5795	0.10282244
250101	5864	0.10282243
250101	176	0.10282242
250101	440	0.10282242
250101	6740	0.10282242
250101	2692	0.10282241
250101	3144	0.10282241
250101	3399	0.10282241
250101	5276	0.10282241
250101	1380	0.1028224
250184	3468	0.11031127
250184	3738	0.11031125
250184	5525	0.11031125
250184	6611	0.11031125
250184	127	0.11031124
250184	243	0.11031124
250184	416	0.11031124
250184	3544	0.11031124
250184	4743	0.11031124
250184	5459	0.11031124
250219	714	0.11800379
250219	3946	0.11800379
250219	4189	0.11800379
250219	6012	0.11800379
250219	2322	0.11800378
250219	2821	0.11800377
250219	4665	0.11800377
250219	5662	0.11800377
250219	1903	0.11800376
250219	2518	0.11800376
250223	2269	0.10015212
250223	539	0.100152105
250223	1579	0.100152105
250223	3286	0.100152105
250223	4433	0.1001521
250223	5696	0.1001521
250223	2354	0.10015209
250223	2465	0.10015209
250223	2880	0.10015209
250223	2920	0.10015209
250300	2224	0.12944499
250300	2230	0.12944499
250300	2407	0.12944499
250300	3582	0.12944499
250300	3892	0.12944499
250300	4183	0.12944499
250300	1176	0.12944497
250300	1576	0.12944497
250300	3313	0.12944497
250300	3505	0.12944497
250301	6057	0.119135216
250301	2463	0.11913521
250301	858	0.1191352
250301	3657	0.1191352
250301	3856	0.1191352
250301	4493	0.1191352
250301	4524	0.1191352
250301	6055	0.1191352
250301	121	0.119135186
250301	588	0.119135186
250330	2121	0.091888495
250330	4163	0.09188847
250330	4304	0.09188847
250330	2279	0.091888465
250330	2348	0.091888465
250330	4152	0.091888465
250330	1447	0.09188846
250330	1690	0.09188846
250330	3712	0.09188846
250330	5381	0.09188845
250368	320	0.1098506
250368	346	0.1098506
250368	1629	0.1098506
250368	2339	0.1098506
250368	4854	0.1098506
250368	1106	0.10985059
250368	3743	0.10985059
250368	6863	0.10985059
250368	159	0.109850585
250368	177	0.109850585
250398	3086	0.12663099
250398	4884	0.1262964
250398	1531	0.12629637
250398	4799	0.12629637
250398	5648	0.12629637
250398	4979	0.12629636
250398	5146	0.12629636
250398	2551	0.12629634
250398	4329	0.12629634
250398	4650	0.12629634
250405	1062	0.10406511
250405	3851	0.10406511
250405	188	0.104065105
250405	607	0.104065105
250405	913	0.104065105
250405	1639	0.104065105
250405	2143	0.104065105
250405	2207	0.104065105
250405	2653	0.104065105
250405	6685	0.104065105
250456	3882	0.1132524
250456	444	0.11325239
250456	381	0.11325237
250456	2788	0.11325237
250456	6335	0.11325237
250456	6590	0.11325237
250456	4346	0.113252364
250456	2235	0.11325236
250456	2944	0.11325236
250456	3072	0.11325236
250461	5099	0.10172111
250461	6852	0.10172111
250461	6917	0.10172111
250461	4668	0.1017211
250461	6735	0.1017211
250461	6332	0.10172109
250461	1538	0.10172108
250461	6069	0.10172108
250461	2845	0.10149343
250461	3795	0.1014934
250494	110	0.10163546
250494	1752	0.10163546
250494	6043	0.10163546
250494	6765	0.10163546
250494	2640	0.101635456
250494	6676	0.101635456
250494	2569	0.10163545
250494	700	0.10163544
250494	1159	0.10163544
250494	2179	0.10163544
250506	4884	0.123567
250506	1531	0.123566985
250506	5648	0.12356697
250506	5146	0.12356696
250506	4799	0.123566955
250506	4979	0.123566955
250506	6464	0.123566955
250506	4329	0.12356695
250506	2551	0.12356694
250506	3741	0.12356694
250543	3743	0.1139222
250543	320	0.11392219
250543	346	0.11392219
250543	1442	0.11392219
250543	1567	0.11392219
250543	1855	0.11392219
250543	2339	0.11392219
250543	4014	0.11392219
250543	4512	0.11392219
250543	5945	0.11392219
250683	1231	0.10726552
250683	4526	0.10726552
250683	4816	0.10726551
250683	1725	0.1072655
250683	6760	0.107265495
250683	3566	0.10726549
250683	3759	0.10726549
250683	4311	0.10726549
250683	4934	0.10726549
250683	5551	0.10726549
250709	3780	0.12835804
250709	2210	0.128358
250709	2216	0.128358
250709	3942	0.128358
250709	800	0.12835799
250709	1908	0.12835799
250709	5111	0.12835798
250709	5340	0.12835798
250709	6559	0.12835798
250709	1800	0.12835796
250733	5476	0.10319613
250733	6113	0.09656436
250733	3383	0.09607496
250733	3388	0.09599303
250733	3677	0.09507222
250733	3694	0.09492163
250733	823	0.09450095
250733	3389	0.0945009
250733	3382	0.09447588
250733	6346	0.09381089
250764	696	0.11332552
250764	61	0.11332551
250764	410	0.11332551
250764	1578	0.11332551
250764	2504	0.11332551
250764	240	0.11332549
250764	635	0.11332549
250764	1550	0.11332549
250764	1774	0.11332549
250764	5227	0.11332549
250832	6057	0.10882544
250832	2463	0.10882543
250832	4493	0.10882543
250832	1641	0.10882542
250832	1643	0.10882542
250832	3856	0.10882542
250832	4524	0.10882542
250832	430	0.108825415
250832	858	0.108825415
250832	2668	0.108825415
250851	175	0.12020528
250851	6589	0.12020527
250851	2587	0.120205246
250851	3041	0.12020524
250851	359	0.12020522
250851	833	0.12020522
250851	2927	0.12020522
250851	5533	0.12020522
250851	5955	0.120205216
250851	4238	0.12020521
250925	2857	0.10710958
250925	3196	0.10710958
250925	955	0.107109554
250925	305	0.10710955
250925	2364	0.10710955
250925	2576	0.10710955
250925	4608	0.10710955
250925	6755	0.10710955
250925	6811	0.10710955
250925	5300	0.10710954
250936	3099	0.09909493
250936	3279	0.09909493
250936	5113	0.09909493
250936	5189	0.09909491
250936	6914	0.09909491
250936	1829	0.099094905
250936	4018	0.0990949
250936	6584	0.09909488
250936	2839	0.09909487
250936	4397	0.0988026
250939	1023	0.12045865
250939	4221	0.12045862
250939	994	0.12045859
250939	1501	0.119383395
250939	1937	0.11938337
250939	1659	0.119383365
250939	1545	0.11938335
250939	1916	0.11938335
250939	538	0.11938334
250939	3440	0.11938334
250962	3197	0.11503045
250962	3913	0.11503045
250962	5923	0.115030445
250962	6446	0.115030445
250962	2800	0.11503044
250962	3285	0.11503044
250962	3550	0.11503044
250962	4169	0.11503044
250962	6715	0.11503044
250962	4438	0.11503043
250989	4222	0.11744265
250989	3170	0.11744264
250989	3409	0.11744263
250989	1895	0.117442615
250989	3769	0.11744261
250989	1771	0.11744259
250989	1779	0.11744259
250989	3798	0.117442586
250989	6749	0.11744258
250989	1528	0.11744256
251003	2121	0.10980821
251003	4163	0.10980821
251003	4304	0.10980821
251003	2279	0.10980819
251003	2732	0.10980819
251003	5381	0.10980819
251003	1690	0.109808184
251003	2348	0.109808184
251003	1447	0.10980818
251003	3712	0.10980818
251019	3327	0.10849956
251019	4154	0.10849954
251019	4920	0.10849954
251019	4835	0.108499534
251019	83	0.10849953
251019	294	0.10849953
251019	1852	0.10849953
251019	2278	0.10849953
251019	4133	0.10849953
251019	4239	0.10849953
251093	1206	0.08841056
251093	2308	0.088410534
251093	6351	0.08817421
251093	1817	0.08811335
251093	2883	0.08811334
251093	4731	0.08811333
251093	4751	0.08803483
251093	1302	0.08803482
251093	5629	0.088034816
251093	1174	0.08803481
251122	712	0.1108054
251122	3200	0.11080536
251122	5864	0.11026813
251122	176	0.11026812
251122	5795	0.11026812
251122	440	0.1102681
251122	675	0.1102681
251122	6740	0.1102681
251122	2516	0.11026809
251122	1380	0.110268086
251140	2230	0.10929914
251140	2224	0.10929913
251140	2407	0.10929912
251140	3313	0.10929912
251140	3892	0.10929912
251140	4183	0.10929912
251140	3956	0.109299116
251140	1176	0.10929911
251140	1576	0.10929911
251140	3505	0.10929911
251146	2703	0.14207102
251146	5940	0.14207102
251146	45	0.14207101
251146	782	0.14207101
251146	2855	0.14207101
251146	4940	0.14207101
251146	5272	0.14207101
251146	6309	0.14207101
251146	1962	0.142071
251146	2211	0.142071
251149	5105	0.10187426
251149	4087	0.101874255
251149	282	0.10187425
251149	337	0.10187425
251149	3506	0.10187425
251149	52	0.10187423
251149	883	0.10187423
251149	3367	0.10187423
251149	3718	0.10187423
251149	4315	0.10187423
251164	384	0.12967637
251164	732	0.12967637
251164	3480	0.12967637
251164	3581	0.12967637
251164	6388	0.12967637
251164	232	0.12967636
251164	581	0.12967636
251164	1512	0.12967636
251164	1680	0.12967636
251164	3625	0.12967636
251242	194	0.1254679
251242	3957	0.1254679
251242	5334	0.1254679
251242	1096	0.12546788
251242	1483	0.12546787
251242	1807	0.12546787
251242	2887	0.12546787
251242	3014	0.12546787
251242	6080	0.12546787
251242	728	0.12546785
251362	110	0.11925995
251362	700	0.11925995
251362	2640	0.11925995
251362	6043	0.11925995
251362	6765	0.11925995
251362	1752	0.119259946
251362	6676	0.119259946
251362	1159	0.11925994
251362	2569	0.11925994
251362	3793	0.11925994
251391	5817	0.104647666
251391	118	0.10464766
251391	184	0.10464766
251391	5992	0.10464766
251391	540	0.10464765
251391	1506	0.10464765
251391	5079	0.10464765
251391	1667	0.104647644
251391	4605	0.104647644
251391	4704	0.104647644
251394	3197	0.09594236
251394	3285	0.09594236
251394	3550	0.09594236
251394	3913	0.09594236
251394	4062	0.09594236
251394	4169	0.09594236
251394	5923	0.09594236
251394	6446	0.09594236
251394	2800	0.095942356
251394	6715	0.095942356
251398	6869	0.11715528
251398	1165	0.11715527
251398	3314	0.117155254
251398	5440	0.11683111
251398	209	0.11683108
251398	3423	0.116831034
251398	2000	0.11637871
251398	4876	0.1163787
251398	3237	0.116378695
251398	3698	0.11637868
251422	1436	0.12894937
251422	3480	0.12894937
251422	3581	0.12894937
251422	3625	0.12894937
251422	232	0.12894936
251422	581	0.12894936
251422	732	0.12894936
251422	1680	0.12894936
251422	1773	0.12894936
251422	4250	0.12894936
251423	1731	0.11802912
251423	2997	0.11802911
251423	193	0.1180291
251423	1709	0.1180291
251423	2983	0.1180291
251423	3234	0.1180291
251423	3613	0.1180291
251423	4197	0.1180291
251423	1207	0.118029095
251423	3366	0.118029095
251483	5817	0.10131414
251483	118	0.10131413
251483	184	0.10131413
251483	540	0.10131412
251483	1506	0.10131412
251483	5992	0.10131412
251483	4605	0.10131411
251483	4704	0.10131411
251483	5079	0.10131411
251483	5182	0.10131411
251495	244	0.09951796
251495	2330	0.09951796
251495	5570	0.09951796
251495	5762	0.09951796
251495	1876	0.09951793
251495	2785	0.09951793
251495	1740	0.09951791
251495	4867	0.09951791
251495	5057	0.099517904
251495	3326	0.09827982
251518	2696	0.10897337
251518	5015	0.10897337
251518	422	0.10897336
251518	504	0.10897336
251518	1743	0.10897336
251518	3624	0.10897336
251518	4334	0.10897336
251518	5632	0.10897336
251518	298	0.108973354
251518	705	0.108973354
251527	2782	0.10693718
251527	1398	0.10693716
251527	1541	0.10693716
251527	1616	0.106937155
251527	1816	0.106937155
251527	2356	0.106937155
251527	3559	0.106937155
251527	4610	0.106937155
251527	5372	0.106937155
251527	5469	0.106937155
251560	2782	0.10349256
251560	1398	0.10349254
251560	1541	0.10349254
251560	1616	0.10349254
251560	1816	0.10349254
251560	2356	0.10349254
251560	3559	0.103492536
251560	4610	0.103492536
251560	5469	0.103492536
251560	234	0.10349253
251606	384	0.09571511
251606	581	0.09571511
251606	6388	0.09571511
251606	232	0.095715106
251606	732	0.095715106
251606	3480	0.095715106
251606	3581	0.095715106
251606	3625	0.095715106
251606	1512	0.0957151
251606	1680	0.0957151
251613	5130	0.11120574
251613	115	0.11120569
251613	230	0.11120569
251613	3586	0.11120569
251613	286	0.11120568
251613	356	0.11120567
251613	1117	0.11120567
251613	1333	0.11120567
251613	2890	0.11120565
251613	574	0.11005404
251642	358	0.12828027
251642	871	0.12828025
251642	2508	0.12828025
251642	3662	0.12828025
251642	6515	0.12828025
251642	2675	0.12828024
251642	1797	0.12828022
251642	6430	0.12811466
251642	3271	0.12811461
251642	5020	0.12811458
251721	320	0.10356357
251721	755	0.10356356
251721	3743	0.10356356
251721	4014	0.10356356
251721	6863	0.10356356
251721	346	0.103563555
251721	1567	0.103563555
251721	1629	0.103563555
251721	1855	0.103563555
251721	2339	0.103563555
251739	72	0.1096182
251739	523	0.109618194
251739	812	0.10961819
251739	2509	0.10961819
251739	3727	0.10961819
251739	5856	0.10961819
251739	6237	0.10961819
251739	6756	0.10961819
251739	385	0.10961818
251739	1282	0.10961818
251744	303	0.09651789
251744	3730	0.096450694
251744	4725	0.09645066
251744	499	0.09645064
251744	3459	0.09645062
251744	4161	0.0960639
251744	4688	0.09606388
251744	1273	0.09606387
251744	2237	0.09606387
251744	4158	0.095996656
251843	3635	0.10286949
251843	995	0.10286948
251843	3312	0.10286948
251843	5686	0.10286948
251843	1551	0.10286947
251843	5603	0.102869466
251843	5840	0.102869466
251843	6823	0.102869466
251843	5023	0.10286944
251843	6201	0.10286944
251844	6122	0.13068505
251844	2016	0.13068503
251844	2169	0.13068503
251844	2494	0.13068503
251844	3256	0.13068503
251844	3580	0.13068503
251844	3917	0.13068503
251844	6808	0.13068503
251844	2208	0.13068502
251844	2577	0.13068502
251890	4859	0.09753027
251890	1351	0.09753026
251890	3804	0.097499765
251890	6741	0.096580684
251890	6004	0.09650437
251890	3757	0.096297815
251890	6876	0.095566116
251890	2118	0.095566064
251890	999	0.09553563
251890	2708	0.095535584
252071	607	0.12676188
252071	1062	0.12676188
252071	1639	0.12676188
252071	2207	0.12676188
252071	6685	0.12676188
252071	188	0.12676187
252071	801	0.12676187
252071	913	0.12676187
252071	2143	0.12676187
252071	2653	0.12676187
252222	110	0.1240821
252222	6765	0.1240821
252222	700	0.124082096
252222	1752	0.12408209
252222	2640	0.12408209
252222	6043	0.12408209
252222	6326	0.12408209
252222	1144	0.12408208
252222	2569	0.12408208
252222	4720	0.12408208
252233	75	0.11171076
252233	485	0.11171076
252233	3039	0.11171076
252233	6014	0.11171076
252233	6680	0.11171076
252233	2292	0.11171075
252233	6786	0.11171075
252233	720	0.11171074
252233	975	0.11171074
252233	1263	0.11171074
252282	1303	0.10834176
252282	2357	0.10834176
252282	1873	0.10834175
252282	4703	0.10834175
252282	5792	0.10834175
252282	2549	0.108341746
252282	4936	0.108341746
252282	6428	0.108341746
252282	513	0.10834174
252282	2834	0.10834174
252287	4115	0.10533021
252287	829	0.1053302
252287	1888	0.1053302
252287	2241	0.105330184
252287	3325	0.10533017
252287	4330	0.10533017
252287	5681	0.10533016
252287	4631	0.105330154
252287	3858	0.10533014
252287	3287	0.10502223
252292	5324	0.12029677
252292	5767	0.120296754
252292	2618	0.12029675
252292	3263	0.12029675
252292	5229	0.12029674
252292	5512	0.12029669
252292	3747	0.120288804
252292	6344	0.1202888
252292	5893	0.120288774
252292	5345	0.12028876
252347	2134	0.11437904
252347	1307	0.11437902
252347	3303	0.11437902
252347	5887	0.11437902
252347	531	0.11437901
252347	545	0.114379
252347	3051	0.114379
252347	4214	0.114379
252347	5422	0.114379
252347	5602	0.114379
252627	788	0.12831932
252627	2842	0.12831932
252627	3765	0.12831932
252627	6331	0.12831932
252627	1425	0.12831931
252627	1552	0.12831931
252627	2481	0.12831931
252627	2796	0.12831931
252627	2949	0.12831931
252627	6440	0.12831931
252654	3327	0.13006979
252654	4154	0.13006978
252654	4835	0.13006978
252654	294	0.13006976
252654	1728	0.13006976
252654	1852	0.13006976
252654	2278	0.13006976
252654	4133	0.13006976
252654	4239	0.13006976
252654	4920	0.13006976
252698	3326	0.09074819
252698	3405	0.09074819
252698	6079	0.09074817
252698	1088	0.09074816
252698	6104	0.09074815
252698	2330	0.0900386
252698	5762	0.0900386
252698	244	0.09003859
252698	5570	0.09003858
252698	1740	0.09003857
252775	72	0.10660069
252775	523	0.10660069
252775	5856	0.10660068
252775	385	0.10660067
252775	1282	0.10660067
252775	2509	0.10660067
252775	2882	0.10660067
252775	3727	0.10660067
252775	6237	0.10660067
252775	6756	0.10660067
252785	823	0.13262765
252785	3389	0.1326276
252785	1009	0.13194205
252785	1879	0.13194203
252785	4579	0.13194203
252785	5574	0.13194203
252785	6060	0.13194203
252785	6536	0.13194203
252785	2525	0.13194202
252785	3044	0.13194202
252806	118	0.10007168
252806	184	0.10007168
252806	4704	0.100071676
252806	1506	0.10007167
252806	1667	0.10007167
252806	2978	0.10007167
252806	5079	0.10007167
252806	5817	0.10007167
252806	5992	0.10007167
252806	6814	0.10007167
252820	5618	0.12160806
252820	6184	0.12160806
252820	3457	0.12160805
252820	5918	0.12160805
252820	341	0.12160804
252820	2776	0.12160804
252820	831	0.12160803
252820	3897	0.12160801
252820	3376	0.12160799
252820	133	0.12158877
252827	1643	0.112624094
252827	2463	0.112624094
252827	4524	0.112624094
252827	6057	0.112624094
252827	858	0.11262409
252827	1641	0.11262409
252827	3856	0.11262409
252827	2767	0.11262408
252827	3657	0.11262408
252827	4493	0.11262408
252829	3726	0.112665236
252829	5382	0.112665236
252829	914	0.11266523
252829	2410	0.11266522
252829	2808	0.11266522
252829	3939	0.11266522
252829	3993	0.11266522
252829	1756	0.11266521
252829	3717	0.11266521
252829	397	0.112665206
252843	1888	0.12603016
252843	4115	0.12603016
252843	829	0.12603015
252843	2241	0.12603015
252843	3325	0.12603013
252843	4330	0.12603012
252843	5681	0.12603012
252843	4631	0.1260301
252843	3858	0.12603009
252843	4969	0.12580936
252846	3608	0.117696285
252846	6159	0.11769628
252846	4043	0.11769627
252846	3990	0.117696255
252846	5496	0.117696255
252846	5928	0.117696255
252846	2566	0.11769625
252846	5274	0.11769625
252846	2151	0.11769624
252846	4626	0.11769624
252848	3273	0.11952506
252848	3766	0.11952506
252848	4567	0.11952502
252848	1318	0.1194721
252848	4191	0.11947206
252848	5754	0.11946809
252848	5352	0.11904958
252848	3536	0.119049564
252848	4112	0.119049564
252848	2376	0.11904956
252865	504	0.08883514
252865	798	0.08883514
252865	298	0.088835135
252865	422	0.088835135
252865	1743	0.088835135
252865	2084	0.088835135
252865	2696	0.088835135
252865	2972	0.088835135
252865	4334	0.088835135
252865	5632	0.088835135
252903	3765	0.113734215
252903	788	0.11373421
252903	2842	0.11373421
252903	748	0.1137342
252903	1425	0.1137342
252903	1552	0.1137342
252903	4950	0.1137342
252903	6331	0.1137342
252903	101	0.11373419
252903	2481	0.11373419
253005	320	0.108410686
253005	2339	0.108410686
253005	346	0.10841068
253005	1855	0.10841068
253005	4854	0.10841068
253005	159	0.10841067
253005	755	0.10841067
253005	1090	0.10841067
253005	1106	0.10841067
253005	1442	0.10841067
253106	444	0.11216019
253106	3882	0.11216018
253106	6335	0.112160176
253106	381	0.11216017
253106	2788	0.11216016
253106	3072	0.11216016
253106	165	0.11216015
253106	6590	0.11216015
253106	659	0.112160146
253106	2235	0.112160146
253226	4228	0.10466264
253226	3353	0.104662634
253226	1840	0.10466263
253226	3552	0.10466263
253226	770	0.10466262
253226	2034	0.10466262
253226	4012	0.10466262
253226	24	0.10466261
253226	311	0.10466261
253226	2726	0.10466261
253310	384	0.10370856
253310	581	0.10370856
253310	411	0.10370855
253310	732	0.10370855
253310	3480	0.10370855
253310	3581	0.10370855
253310	5156	0.10370855
253310	6388	0.10370855
253310	1680	0.10370854
253310	3625	0.10370854
253311	546	0.13146514
253311	648	0.13146514
253311	733	0.13146514
253311	944	0.13146514
253311	2687	0.13146514
253311	4695	0.13146514
253311	5150	0.13146514
253311	6763	0.13146514
253311	536	0.13146512
253311	1387	0.13146512
253322	2224	0.13588208
253322	2230	0.13588208
253322	2407	0.13588208
253322	3892	0.13588208
253322	1176	0.13588206
253322	3313	0.13588206
253322	4183	0.13588206
253322	1576	0.13588205
253322	2234	0.13588205
253322	2355	0.13588205
253386	384	0.09570579
253386	581	0.09570579
253386	232	0.09570578
253386	732	0.09570578
253386	1436	0.09570578
253386	1512	0.09570578
253386	1680	0.09570578
253386	1773	0.09570578
253386	3480	0.09570578
253386	3581	0.09570578
253403	1879	0.109748445
253403	4321	0.10974844
253403	4579	0.10974844
253403	6536	0.10974843
253403	1009	0.10974842
253403	3928	0.10974842
253403	5002	0.10974842
253403	5574	0.10974842
253403	6060	0.10974842
253403	6534	0.10974842
253482	2955	0.098672025
253482	503	0.09867202
253482	1346	0.09867202
253482	4300	0.09867202
253482	5434	0.09867202
253482	339	0.098672
253482	991	0.09867198
253482	703	0.09867197
253482	2214	0.098082796
253482	2292	0.098082796
253556	778	0.104935765
253556	1288	0.10493574
253556	5519	0.104935735
253556	5546	0.104935735
253556	1967	0.10493573
253556	5514	0.10493573
253556	6802	0.10493573
253556	466	0.10493572
253556	1633	0.10493572
253556	1662	0.10493572
253563	6774	0.10887354
253563	2782	0.10887312
253563	1398	0.10887311
253563	1541	0.10887311
253563	672	0.1088731
253563	962	0.1088731
253563	2176	0.1088731
253563	3559	0.1088731
253563	5372	0.1088731
253563	5469	0.1088731
253580	4274	0.1349478
253580	194	0.13345225
253580	1096	0.13345224
253580	1483	0.13345224
253580	3957	0.13345224
253580	5334	0.13345224
253580	728	0.1334522
253580	1807	0.1334522
253580	2887	0.1334522
253580	3014	0.1334522
253602	1931	0.12605363
253602	5969	0.12605363
253602	6288	0.12605363
253602	2437	0.12605362
253602	6350	0.12605362
253602	116	0.1260536
253602	374	0.1260536
253602	2312	0.1260536
253602	2564	0.1260536
253602	4764	0.1260536
253626	6307	0.110210285
253626	3341	0.11021027
253626	5636	0.11021027
253626	5162	0.11021026
253626	950	0.110210255
253626	1355	0.110210255
253626	1902	0.110210255
253626	1990	0.110210255
253626	2415	0.110210255
253626	3310	0.110210255
253629	2696	0.09671161
253629	422	0.096711606
253629	5899	0.096711606
253629	504	0.0967116
253629	1743	0.0967116
253629	5781	0.0967116
253629	298	0.09671159
253629	798	0.09671159
253629	802	0.09671159
253629	892	0.09671159
253668	3765	0.1090188
253668	788	0.10901879
253668	2842	0.10901879
253668	6331	0.10901879
253668	6440	0.10901879
253668	2949	0.10901878
253668	4558	0.10901878
253668	4950	0.10901878
253668	101	0.10901877
253668	386	0.10901877
253771	2224	0.10583245
253771	2230	0.10583244
253771	2407	0.10583244
253771	3892	0.10583244
253771	3956	0.10583244
253771	4348	0.10583244
253771	4790	0.10583244
253771	1576	0.105832435
253771	3582	0.105832435
253771	4183	0.105832435
253797	110	0.11476424
253797	6043	0.11476424
253797	700	0.11476423
253797	1752	0.11476423
253797	6676	0.11476423
253797	6765	0.11476423
253797	1360	0.11476422
253797	2179	0.11476422
253797	3469	0.11476422
253797	5034	0.11476422
253821	2755	0.10417187
253821	4919	0.10417187
253821	715	0.10417186
253821	1236	0.10417186
253821	1927	0.10417186
253821	3229	0.10417186
253821	6306	0.10417186
253821	5702	0.10417185
253821	1394	0.10417184
253821	2725	0.10417184
253867	2421	0.10621266
253867	2911	0.106212646
253867	1844	0.10621264
253867	4627	0.10621264
253867	2384	0.106212616
253867	6167	0.1062126
253867	6737	0.1062126
253867	5634	0.106212586
253867	2287	0.10540265
253867	5804	0.10540264
253871	5783	0.10261653
253871	3220	0.102616504
253871	5266	0.102616504
253871	803	0.10261649
253871	4111	0.10261649
253871	6019	0.10261649
253871	3876	0.102616474
253871	751	0.10261646
253871	1269	0.102482826
253871	2511	0.10248281
253949	3946	0.12627812
253949	714	0.1262781
253949	2322	0.1262781
253949	4189	0.1262781
253949	4665	0.1262781
253949	5025	0.1262781
253949	6012	0.1262781
253949	481	0.12627809
253949	2521	0.12627809
253949	4444	0.12627809
253964	3882	0.10967705
253964	444	0.10967704
253964	381	0.109677024
253964	2788	0.10967702
253964	6335	0.10967702
253964	6590	0.10967702
253964	165	0.10967701
253964	4234	0.10967701
253964	4346	0.10967701
253964	5137	0.10967701
254038	4668	0.13157889
254038	5099	0.13157889
254038	6852	0.13157889
254038	6735	0.13157888
254038	1538	0.13157886
254038	6332	0.13157886
254038	6069	0.13157885
254038	6876	0.13035151
254038	2118	0.13035144
254038	2062	0.12879394
254053	4228	0.119805425
254053	3552	0.11980542
254053	2034	0.11980541
254053	3353	0.11980541
254053	4012	0.11980541
254053	4544	0.11980541
254053	4685	0.11980541
254053	5758	0.11980541
254053	311	0.1198054
254053	770	0.1198054
254064	6716	0.104126535
254064	1259	0.10412653
254064	157	0.10412651
254064	1533	0.10412651
254064	2742	0.10412651
254064	4248	0.10412651
254064	6550	0.10412651
254064	50	0.104126506
254064	879	0.104126506
254064	2919	0.104126506
254144	688	0.15356876
254144	6488	0.15356876
254144	1739	0.15356874
254144	2340	0.15356874
254144	2423	0.15356874
254144	3217	0.15356874
254144	134	0.15356873
254144	1233	0.15356873
254144	1620	0.15356873
254144	2173	0.15356873
254160	1812	0.09853977
254160	5043	0.09853977
254160	1089	0.09853976
254160	5448	0.09853976
254160	5485	0.098539755
254160	690	0.09853975
254160	1872	0.09853975
254160	71	0.09853974
254160	560	0.09853974
254160	988	0.09853974
254196	5206	0.12589534
254196	2831	0.12569731
254196	5453	0.12449941
254196	3287	0.1244994
254196	250	0.12449938
254196	3247	0.12449938
254196	3214	0.12449937
254196	6609	0.12449937
254196	6726	0.12449937
254196	1842	0.124499366
254201	778	0.11932874
254201	4971	0.11932871
254201	6802	0.11932871
254201	1967	0.1193287
254201	5546	0.1193287
254201	105	0.11932869
254201	1288	0.11932869
254201	1633	0.11932869
254201	5442	0.11932869
254201	5514	0.11932869
254278	3279	0.10730244
254278	5113	0.10730244
254278	5189	0.10730244
254278	3099	0.107302435
254278	6914	0.107302435
254278	1829	0.10730243
254278	4018	0.10730243
254278	6584	0.10730241
254278	2839	0.10730237
254278	1649	0.10710049
254289	2168	0.12514256
254289	2676	0.12514256
254289	2533	0.124308795
254289	3088	0.124308795
254289	5823	0.124308795
254289	2563	0.12430879
254289	5729	0.12430879
254289	638	0.12430871
254289	6648	0.1240596
254289	2107	0.122995846
254299	232	0.1274862
254299	384	0.1274862
254299	581	0.1274862
254299	665	0.1274862
254299	732	0.1274862
254299	1436	0.1274862
254299	1512	0.1274862
254299	1680	0.1274862
254299	1681	0.1274862
254299	1773	0.1274862
254355	2134	0.11622277
254355	531	0.116222754
254355	1307	0.116222754
254355	3303	0.116222754
254355	3051	0.11622274
254355	5422	0.11622274
254355	5887	0.11622274
254355	545	0.11622273
254355	2877	0.11622273
254355	3859	0.11622273
254376	2504	0.10861015
254376	696	0.108610146
254376	61	0.10861014
254376	410	0.10861014
254376	635	0.10861013
254376	1578	0.10861013
254376	240	0.10861012
254376	610	0.10861012
254376	1901	0.10861012
254376	3791	0.10861012
254377	985	0.11915073
254377	4918	0.11875274
254377	2110	0.1187527
254377	6666	0.1187527
254377	2113	0.11875267
254377	5256	0.11872798
254377	528	0.11744009
254377	1334	0.11744009
254377	3930	0.11744009
254377	4448	0.11744008
254405	364	0.107276656
254405	1136	0.10727665
254405	6873	0.10727665
254405	4985	0.10727664
254405	5848	0.10727663
254405	778	0.10707326
254405	1288	0.10707323
254405	1967	0.10707323
254405	4971	0.10707323
254405	5519	0.107073225
254417	2842	0.10435727
254417	3765	0.10435727
254417	788	0.104357265
254417	6440	0.104357265
254417	748	0.10435726
254417	811	0.10435726
254417	1425	0.10435726
254417	1552	0.10435726
254417	2481	0.10435726
254417	2949	0.10435726
254465	6647	0.105607376
254465	1864	0.105607346
254465	3546	0.105607346
254465	4591	0.10519935
254465	1076	0.10519932
254465	1654	0.10519931
254465	1718	0.10519929
254465	6142	0.10519929
254465	394	0.10498007
254465	3199	0.10498004
254467	1731	0.10829244
254467	2983	0.10829243
254467	193	0.10829242
254467	2997	0.10829242
254467	3234	0.10829242
254467	658	0.108292416
254467	1207	0.108292416
254467	1709	0.108292416
254467	1805	0.108292416
254467	2885	0.108292416
254486	3743	0.12035598
254486	320	0.12035597
254486	236	0.12035596
254486	346	0.12035596
254486	1629	0.12035596
254486	1658	0.12035596
254486	4014	0.12035596
254486	4854	0.12035596
254486	1090	0.120355956
254486	1567	0.120355956
254690	551	0.12798235
254690	5499	0.12798235
254690	6920	0.12798235
254690	1547	0.12798233
254690	1963	0.12798233
254690	6362	0.12798233
254690	6828	0.12798233
254690	8	0.12798232
254690	580	0.12798232
254690	625	0.12798232
254751	87	0.09680598
254751	4258	0.096805975
254751	2652	0.09680597
254751	5620	0.09680597
254751	310	0.096805945
254751	1200	0.096805945
254751	6264	0.096805945
254751	2231	0.09680594
254751	1438	0.09680593
254751	4294	0.09680593
254754	6074	0.11870216
254754	6315	0.11870216
254754	3681	0.11870214
254754	6300	0.11870214
254754	2544	0.11870213
254754	3238	0.11870213
254754	1692	0.118702106
254754	4051	0.118702106
254754	2965	0.1187021
254754	1296	0.11854402
254777	1024	0.11505055
254777	3846	0.11505055
254777	351	0.11505054
254777	697	0.11505054
254777	5691	0.11505054
254777	1880	0.11505053
254777	2479	0.11505053
254777	2830	0.11505053
254777	3107	0.11505053
254777	3676	0.11505053
254822	72	0.09783551
254822	523	0.09783551
254822	5856	0.09783551
254822	3727	0.0978355
254822	6756	0.0978355
254822	812	0.097835496
254822	1282	0.097835496
254822	2509	0.097835496
254822	4620	0.097835496
254822	5201	0.097835496
254859	6346	0.11035458
254859	1034	0.11035457
254859	3997	0.110354565
254859	463	0.11035456
254859	1031	0.11035456
254859	2150	0.11035456
254859	2307	0.11035456
254859	2923	0.11035456
254859	3796	0.11035456
254859	4687	0.11035456
254863	1849	0.11134969
254863	226	0.11124692
254863	4888	0.11116934
254863	2163	0.11116932
254863	5377	0.11106655
254863	5684	0.111042894
254863	6247	0.11104284
254863	4741	0.11104283
254863	760	0.11099213
254863	371	0.11096525
254971	5326	0.08936926
254971	1430	0.08827716
254971	2403	0.08827715
254971	1248	0.088277146
254971	1188	0.08827714
254971	114	0.08827713
254971	3701	0.08827713
254971	5559	0.08827713
254971	2738	0.088277124
254971	171	0.08827712
254995	6307	0.11737514
254995	1902	0.11737512
254995	3341	0.11737512
254995	3810	0.11737512
254995	5636	0.11737512
254995	2492	0.11737511
254995	6790	0.11737511
254995	62	0.117375106
254995	1786	0.117375106
254995	1990	0.117375106
255078	551	0.1286826
255078	6920	0.1286826
255078	1547	0.12868258
255078	4072	0.12868258
255078	4473	0.12868258
255078	5109	0.12868258
255078	5419	0.12868258
255078	5499	0.12868258
255078	6123	0.12868258
255078	6682	0.12868258
255092	45	0.11249681
255092	5940	0.1124968
255092	782	0.11249679
255092	1962	0.11249679
255092	2703	0.11249679
255092	2807	0.11249679
255092	2211	0.112496786
255092	2400	0.112496786
255092	3975	0.112496786
255092	1079	0.11249678
255218	1898	0.13108516
255218	1390	0.13108514
255218	6673	0.13108513
255218	5568	0.1310851
255218	3619	0.13027751
255218	436	0.1302775
255218	2684	0.1302775
255218	4100	0.1302775
255218	719	0.13027748
255218	1169	0.13027748
255289	959	0.098237544
255289	6463	0.09823752
255289	646	0.098237514
255289	4180	0.098237514
255289	4870	0.098237514
255289	350	0.09807481
255289	1502	0.09807481
255289	1514	0.09807481
255289	5193	0.09807481
255289	5279	0.09807481
255489	1446	0.113184676
255489	169	0.11318467
255489	611	0.11318467
255489	7	0.11318466
255489	884	0.11318466
255489	1612	0.11318466
255489	1707	0.11318466
255489	3221	0.11318466
255489	5362	0.11318466
255489	6759	0.11318465
255493	3943	0.089164115
255493	5954	0.089164115
255493	3094	0.08916411
255493	4548	0.08916409
255493	4994	0.089164086
255493	503	0.08845616
255493	2955	0.08845616
255493	1346	0.088456154
255493	4300	0.088456154
255493	5434	0.088456154
255544	1701	0.108355194
255544	5311	0.108355194
255544	904	0.10835518
255544	2052	0.10835518
255544	5298	0.10835518
255544	5649	0.10835518
255544	6028	0.10835518
255544	1127	0.10835517
255544	4380	0.10835517
255544	841	0.108355165
255546	6642	0.092600055
255546	3478	0.09233345
255546	517	0.092333436
255546	2134	0.09182684
255546	531	0.091826834
255546	545	0.09182683
255546	1307	0.09182683
255546	5422	0.09182683
255546	5887	0.09182683
255546	1720	0.09182682
255618	5033	0.09369855
255618	3992	0.09369853
255618	1988	0.09360509
255618	5987	0.09360509
255618	5621	0.09360508
255618	2013	0.09360507
255618	1917	0.092846304
255618	3197	0.09275289
255618	3285	0.09275289
255618	6446	0.09275289
255648	1231	0.1331495
255648	4526	0.1331495
255648	1693	0.13314947
255648	1725	0.13314947
255648	3566	0.13314947
255648	3951	0.13314947
255648	4311	0.13314947
255648	4816	0.13314947
255648	6155	0.13314947
255648	6299	0.13314947
255661	5940	0.09952663
255661	782	0.09952662
255661	2703	0.09952662
255661	45	0.099526614
255661	1000	0.099526614
255661	1962	0.099526614
255661	2211	0.099526614
255661	2807	0.099526614
255661	3465	0.099526614
255661	4471	0.099526614
255786	3765	0.11622572
255786	6331	0.11622572
255786	788	0.11622571
255786	1425	0.11622571
255786	2842	0.11622571
255786	748	0.116225705
255786	1552	0.116225705
255786	2796	0.116225705
255786	2949	0.116225705
255786	4950	0.116225705
255814	110	0.12026275
255814	6765	0.12026275
255814	6043	0.12026274
255814	6676	0.12026274
255814	700	0.120262735
255814	1752	0.120262735
255814	2569	0.120262735
255814	3469	0.120262735
255814	1330	0.12026273
255814	2179	0.12026273
255858	6876	0.11874242
255858	2118	0.11874235
255858	2857	0.11862438
255858	3196	0.11862437
255858	2576	0.11862435
255858	305	0.118624344
255858	955	0.118624344
255858	6755	0.118624344
255858	6811	0.118624344
255858	2364	0.11862433
256023	742	0.092759386
256023	2852	0.092759386
256023	6663	0.09274274
256023	1248	0.092742726
256023	1430	0.092742726
256023	2403	0.092742726
256023	3701	0.09274272
256023	114	0.09274271
256023	1188	0.09274271
256023	5559	0.09274271
256133	4087	0.10651994
256133	5105	0.10651993
256133	282	0.10651992
256133	457	0.106519915
256133	5053	0.106519915
256133	337	0.10651991
256133	883	0.10651991
256133	3506	0.10651991
256133	4474	0.10651991
256133	5196	0.10651991
256167	6182	0.105834335
256167	5611	0.10583431
256167	3457	0.10548042
256167	5618	0.10548042
256167	6184	0.10548042
256167	5918	0.10548041
256167	2776	0.1054804
256167	341	0.10548039
256167	831	0.10548039
256167	3897	0.105480365
256247	5105	0.10955313
256247	4087	0.10955312
256247	3506	0.10955311
256247	5053	0.10955311
256247	282	0.109553106
256247	52	0.1095531
256247	337	0.1095531
256247	883	0.1095531
256247	1066	0.1095531
256247	3718	0.1095531
256270	1444	0.09995623
256270	5505	0.099956214
256270	6316	0.099956214
256270	5916	0.09995621
256270	6785	0.09995621
256270	2579	0.0999562
256270	4874	0.0999562
256270	5387	0.0999562
256270	1338	0.09995619
256270	4026	0.099788785
256298	631	0.11866276
256298	2860	0.118662745
256298	5871	0.118662745
256298	6339	0.118662745
256298	1703	0.11866274
256298	2018	0.11866274
256298	3161	0.11866274
256298	4291	0.11866274
256298	4669	0.11866274
256298	598	0.11866273
256402	3602	0.11359408
256402	2979	0.11260894
256402	3328	0.11260894
256402	3365	0.11260894
256402	5067	0.11260893
256402	1368	0.112608925
256402	6730	0.11260892
256402	1606	0.112571314
256402	280	0.11257127
256402	5418	0.11242261
256407	4147	0.104775704
256407	1241	0.1047757
256407	2756	0.1047757
256407	6001	0.1047757
256407	6138	0.1047757
256407	5047	0.10477569
256407	6498	0.10477569
256407	1591	0.10477568
256407	1861	0.10477568
256407	2604	0.10477568
256507	5105	0.10542315
256507	282	0.10542314
256507	337	0.10542314
256507	4087	0.10542314
256507	5053	0.10542314
256507	457	0.10542313
256507	3506	0.10542313
256507	52	0.10542312
256507	883	0.10542312
256507	1066	0.10542312
256603	696	0.106450245
256603	2504	0.106450245
256603	410	0.10645023
256603	1578	0.10645023
256603	4791	0.10645022
256603	635	0.106450215
256603	1550	0.106450215
256603	1595	0.106450215
256603	3329	0.106450215
256603	3791	0.106450215
256843	778	0.103132695
256843	1288	0.10313268
256843	5519	0.10313267
256843	466	0.103132665
256843	1967	0.103132665
256843	3207	0.103132665
256843	4971	0.103132665
256843	5514	0.103132665
256843	3669	0.10313266
256843	4819	0.10313266
256844	346	0.10362633
256844	320	0.103626326
256844	2573	0.103626326
256844	3743	0.103626326
256844	4014	0.103626326
256844	4512	0.103626326
256844	6863	0.103626326
256844	1567	0.10362632
256844	1629	0.10362632
256844	1729	0.10362632
256874	6307	0.11041497
256874	3341	0.11041495
256874	3810	0.110414945
256874	5636	0.110414945
256874	62	0.11041494
256874	950	0.11041494
256874	1355	0.11041494
256874	1902	0.11041494
256874	1990	0.11041494
256874	2415	0.11041494
256889	4010	0.10399023
256889	1656	0.10399022
256889	4932	0.10399022
256889	5822	0.10399022
256889	6520	0.10399022
256889	2426	0.1039902
256889	3254	0.103452414
256889	4042	0.1034524
256889	4399	0.103452384
256889	5838	0.103452384
256925	1485	0.10349609
256925	878	0.10349606
256925	5750	0.10349606
256925	850	0.10349605
256925	817	0.103496045
256925	2059	0.10349604
256925	5873	0.10349604
256925	6224	0.10349604
256925	2715	0.10349603
256925	3989	0.10349603
257024	3766	0.13020884
257024	3273	0.13020882
257024	4567	0.13020879
257024	2334	0.12987201
257024	4007	0.12987201
257024	3836	0.129872
257024	5072	0.129872
257024	6579	0.129872
257024	92	0.12987198
257024	1306	0.12987198
257028	384	0.09520992
257028	581	0.09520992
257028	232	0.09520991
257028	411	0.09520991
257028	732	0.09520991
257028	1680	0.09520991
257028	3480	0.09520991
257028	3581	0.09520991
257028	5156	0.09520991
257028	6388	0.09520991
257145	696	0.10694432
257145	2504	0.10694432
257145	410	0.106944315
257145	61	0.10694431
257145	635	0.10694431
257145	1550	0.10694431
257145	2175	0.10694431
257145	3791	0.10694431
257145	1578	0.1069443
257145	1774	0.1069443
257198	5983	0.14195484
257198	6893	0.14195484
257198	5981	0.1419548
257198	6230	0.1419548
257198	1013	0.14195478
257198	2260	0.14195478
257198	2261	0.14195478
257198	2265	0.14195476
257198	5037	0.14195476
257198	5175	0.14195475
257212	4751	0.10171218
257212	1302	0.10171217
257212	2326	0.10171217
257212	3525	0.10171217
257212	5140	0.10171217
257212	5629	0.10171217
257212	2888	0.10171216
257212	1174	0.10171215
257212	1835	0.10171215
257212	4181	0.10171215
257362	1303	0.11175885
257362	5792	0.11175885
257362	2357	0.11175884
257362	4703	0.11175884
257362	1873	0.111758836
257362	4936	0.111758836
257362	2549	0.11175883
257362	3534	0.11175883
257362	6428	0.11175883
257362	3724	0.11175882
257454	1579	0.11467792
257454	2269	0.11467792
257454	539	0.114677906
257454	2354	0.114677906
257454	3286	0.114677906
257454	4433	0.114677906
257454	5696	0.114677906
257454	2880	0.1146779
257454	2465	0.11467789
257454	2920	0.11467789
257492	1023	0.1047261
257492	4221	0.104726076
257492	994	0.10472605
257492	1501	0.10436584
257492	1937	0.104365826
257492	538	0.10436581
257492	1659	0.10436581
257492	1545	0.1043658
257492	1916	0.1043658
257492	302	0.104365796
257534	1922	0.11404563
257534	6048	0.11404563
257534	3248	0.11404562
257534	4083	0.11404562
257534	5012	0.11404562
257534	3264	0.11404561
257534	219	0.114045605
257534	221	0.114045605
257534	5944	0.114045605
257534	5680	0.1140456
257548	2357	0.100137964
257548	4703	0.100137964
257548	5792	0.100137964
257548	1873	0.10013795
257548	2549	0.10013795
257548	4936	0.10013795
257548	6428	0.10013795
257548	513	0.10013794
257548	3534	0.10013794
257548	3724	0.10013794
257625	6449	0.10368177
257625	3913	0.10303265
257625	3197	0.10303263
257625	3285	0.10303263
257625	3550	0.10303263
257625	4062	0.10303263
257625	4169	0.10303263
257625	4438	0.10303263
257625	5923	0.10303263
257625	6446	0.103032626
257699	1915	0.10023828
257699	4224	0.10023828
257699	3502	0.10023827
257699	2632	0.10023826
257699	3565	0.10023826
257699	3819	0.10023826
257699	3874	0.10023826
257699	3881	0.10023826
257699	5262	0.10023826
257699	5964	0.10023826
257700	982	0.10391038
257700	1045	0.10391034
257700	1853	0.10391034
257700	4370	0.10391034
257700	5191	0.10391034
257700	6250	0.10391034
257700	260	0.103910334
257700	319	0.103910334
257700	2301	0.103910334
257700	4673	0.103910334
257703	2269	0.10839983
257703	539	0.10839982
257703	1579	0.108399816
257703	3286	0.108399816
257703	4433	0.108399816
257703	2920	0.10839981
257703	5242	0.10839981
257703	425	0.1083998
257703	2880	0.1083998
257703	1540	0.10839979
257777	1502	0.09699384
257777	350	0.096993834
257777	1514	0.096993834
257777	5279	0.096993834
257777	1946	0.09699383
257777	5193	0.09699383
257777	1212	0.09699382
257777	5985	0.09699382
257777	1630	0.096993804
257777	3043	0.096993804
258011	6307	0.10284586
258011	3341	0.10284585
258011	1902	0.10284583
258011	2415	0.10284583
258011	3810	0.10284583
258011	5162	0.10284583
258011	5216	0.10284583
258011	5636	0.10284583
258011	62	0.102845825
258011	950	0.102845825
258084	2230	0.11995826
258084	2407	0.11995826
258084	2224	0.11995825
258084	3313	0.11995825
258084	4183	0.11995825
258084	3892	0.119958244
258084	4348	0.119958244
258084	1176	0.11995824
258084	1576	0.11995824
258084	2234	0.11995824
258107	5426	0.115136206
258107	4962	0.11513618
258107	5187	0.11513616
258107	5763	0.11469498
258107	325	0.11469494
258107	6132	0.11469492
258107	58	0.11469491
258107	5319	0.11332352
258107	323	0.11327006
258107	2760	0.11318343
258109	696	0.10876381
258109	61	0.1087638
258109	410	0.1087638
258109	2504	0.1087638
258109	635	0.10876379
258109	240	0.108763784
258109	610	0.108763784
258109	1550	0.108763784
258109	1578	0.108763784
258109	1901	0.108763784
258151	320	0.115452915
258151	1629	0.11545291
258151	3743	0.11545291
258151	177	0.1154529
258151	236	0.1154529
258151	346	0.1154529
258151	1453	0.1154529
258151	1567	0.1154529
258151	1855	0.1154529
258151	2575	0.1154529
258152	3098	0.12365363
258152	992	0.12365362
258152	3040	0.12365362
258152	4872	0.12365362
258152	1130	0.123653606
258152	4073	0.123653606
258152	6570	0.123653606
258152	1645	0.12365359
258152	2061	0.123653576
258152	131	0.12365356
258160	5105	0.096978165
258160	282	0.09697816
258160	3506	0.09697816
258160	4087	0.09697816
258160	5016	0.09697815
258160	52	0.09697814
258160	337	0.09697814
258160	457	0.09697814
258160	883	0.09697814
258160	1066	0.09697814
258240	2092	0.10859203
258240	4508	0.10859201
258240	819	0.108592
258240	4949	0.108592
258240	5185	0.108592
258240	3699	0.108591996
258240	1700	0.10859199
258240	2961	0.10859199
258240	3038	0.10859199
258240	3309	0.10859199
258270	5783	0.10954121
258270	3220	0.10954118
258270	5266	0.10954118
258270	803	0.10954116
258270	6019	0.10954116
258270	4111	0.109541155
258270	3876	0.10954115
258270	751	0.10954113
258270	170	0.109423295
258270	611	0.10942329
258275	6716	0.09623838
258275	1259	0.096238375
258275	50	0.09623836
258275	157	0.09623836
258275	1533	0.09623836
258275	2302	0.09623836
258275	2742	0.09623836
258275	2919	0.09623836
258275	4248	0.09623836
258275	182	0.09623835
258329	87	0.10106397
258329	2652	0.10106397
258329	4258	0.10106396
258329	5620	0.10106395
258329	310	0.101063944
258329	1200	0.10106394
258329	2231	0.10106393
258329	4294	0.10106393
258329	5144	0.10106393
258329	6264	0.10106393
258460	4915	0.1071025
258460	5007	0.1071025
258460	888	0.10710248
258460	1112	0.10710247
258460	4500	0.10710247
258460	129	0.10710246
258460	1021	0.10710245
258460	6665	0.10710245
258460	6803	0.10710245
258460	2177	0.107102446
258482	1910	0.13671842
258482	1999	0.13671842
258482	2976	0.1367184
258482	4843	0.1367184
258482	1484	0.13671839
258482	1819	0.13671839
258482	1867	0.13671839
258482	4440	0.13671839
258482	813	0.13671838
258482	1672	0.13671838
258520	1931	0.10829389
258520	6288	0.10829389
258520	6350	0.10829388
258520	374	0.108293876
258520	2437	0.108293876
258520	5969	0.108293876
258520	2312	0.10829386
258520	4764	0.10829386
258520	6539	0.10829386
258520	116	0.10829385
258534	1855	0.12954634
258534	346	0.12954633
258534	2339	0.12954633
258534	159	0.12954631
258534	177	0.12954631
258534	320	0.12954631
258534	755	0.12954631
258534	1090	0.12954631
258534	1106	0.12954631
258534	1453	0.12954631
258550	1430	0.09824619
258550	6663	0.09824618
258550	1248	0.09824617
258550	2403	0.098246165
258550	114	0.09824616
258550	171	0.09824616
258550	1188	0.09824616
258550	2738	0.09824616
258550	3701	0.09824616
258550	5559	0.09824616
258690	5684	0.12331878
258690	6247	0.12331872
258690	4741	0.1233187
258690	226	0.123224474
258690	4349	0.12308526
258690	5706	0.123085216
258690	4455	0.1230852
258690	4046	0.12308516
258690	5206	0.122990966
258690	1849	0.12275796
258777	2207	0.10421585
258777	1062	0.10421584
258777	188	0.10421583
258777	607	0.10421583
258777	801	0.10421583
258777	913	0.10421583
258777	1639	0.10421583
258777	3394	0.10421583
258777	3851	0.10421583
258777	6685	0.10421583
258884	1915	0.10689068
258884	3502	0.10689068
258884	3874	0.10689068
258884	3881	0.10689068
258884	4224	0.10689068
258884	5262	0.10689068
258884	3011	0.10689066
258884	3565	0.10689066
258884	5964	0.10689066
258884	270	0.10689065
258938	3468	0.10561551
258938	127	0.1056155
258938	416	0.1056155
258938	3738	0.1056155
258938	5525	0.1056155
258938	6611	0.1056155
258938	1568	0.10561548
258938	1814	0.10561548
258938	2736	0.10561548
258938	3544	0.10561548
259004	6313	0.13213396
259004	4813	0.13213393
259004	3765	0.13112359
259004	788	0.13112357
259004	1425	0.13112357
259004	1552	0.13112357
259004	2481	0.13112357
259004	2796	0.13112357
259004	2842	0.13112357
259004	6331	0.13112357
259006	5558	0.10738114
259006	628	0.107381135
259006	2752	0.107381135
259006	2803	0.107381135
259006	3018	0.107381135
259006	3916	0.107381135
259006	3978	0.107381135
259006	4293	0.107381135
259006	4403	0.107381135
259006	6341	0.107381135
259035	2207	0.10556924
259035	607	0.10556921
259035	1062	0.10556921
259035	6685	0.10556921
259035	188	0.105569206
259035	3193	0.105569206
259035	3394	0.105569206
259035	3673	0.105569206
259035	5975	0.105569206
259035	801	0.1055692
259057	2580	0.11850797
259057	5563	0.11850797
259057	2520	0.11850794
259057	482	0.11850792
259057	3595	0.118507914
259057	2808	0.11707704
259057	3726	0.11707704
259057	3939	0.11707704
259057	5382	0.11707704
259057	1756	0.11707703
259066	3402	0.101192445
259066	718	0.10119243
259066	1857	0.10119243
259066	496	0.101192415
259066	3223	0.101192415
259066	3985	0.101192415
259066	5406	0.101192415
259066	5486	0.101192415
259066	6508	0.10119241
259066	2192	0.1011924
259078	358	0.09463245
259078	871	0.09463244
259078	2508	0.09463243
259078	1797	0.09463242
259078	3662	0.09463242
259078	6515	0.09463242
259078	2675	0.09463241
259078	3500	0.09439023
259078	1487	0.09439021
259078	5297	0.09439021
259118	45	0.11092887
259118	2703	0.11092887
259118	113	0.11092886
259118	1962	0.11092886
259118	2400	0.11092886
259118	3465	0.11092886
259118	4472	0.11092886
259118	4561	0.11092886
259118	5272	0.11092886
259118	5940	0.11092886
259223	1471	0.10895985
259223	4381	0.108959846
259223	2856	0.10895984
259223	2158	0.10895983
259223	4865	0.10895983
259223	838	0.108959824
259223	2128	0.108959824
259223	3790	0.108959824
259223	4483	0.108959824
259223	5726	0.108959824
259259	5641	0.090168156
259259	6091	0.09016815
259259	4951	0.09016814
259259	3209	0.09016813
259259	4245	0.09016813
259259	1040	0.090168126
259259	427	0.09016812
259259	4026	0.09004844
259259	971	0.09004843
259259	4029	0.090048425
259260	2782	0.106407
259260	1816	0.106406994
259260	1398	0.10640699
259260	1541	0.10640699
259260	1616	0.10640699
259260	1820	0.10640698
259260	2356	0.10640698
259260	2889	0.10640698
259260	3559	0.10640698
259260	6574	0.10640698
259264	110	0.10830285
259264	6765	0.10830284
259264	700	0.10830283
259264	6043	0.10830283
259264	1752	0.108302824
259264	1144	0.10830282
259264	1154	0.10830282
259264	1330	0.10830282
259264	1736	0.10830282
259264	2005	0.10830282
259320	2934	0.11887907
259320	976	0.118879065
259320	3783	0.11887904
259320	5594	0.118879035
259320	5557	0.11887903
259320	1653	0.11887902
259320	3740	0.11887902
259320	1660	0.118879005
259320	2989	0.118879005
259320	5049	0.118879
259378	2755	0.095867425
259378	4919	0.095867425
259378	5702	0.095867425
259378	715	0.09586741
259378	1236	0.09586741
259378	1927	0.09586741
259378	4332	0.09586741
259378	6306	0.09586741
259378	1268	0.0958674
259378	2725	0.0958674
259380	1170	0.10329832
259380	5269	0.103298314
259380	874	0.10329831
259380	1038	0.10329831
259380	2988	0.10329831
259380	873	0.1032983
259380	1262	0.10329829
259380	5264	0.10329829
259380	699	0.10185007
259380	5731	0.101850055
259388	1626	0.100256905
259388	3468	0.10025689
259388	6611	0.10025688
259388	127	0.100256875
259388	243	0.100256875
259388	416	0.100256875
259388	1568	0.100256875
259388	3544	0.100256875
259388	3738	0.100256875
259388	6678	0.100256875
259430	1743	0.10148987
259430	2696	0.101489864
259430	422	0.10148986
259430	504	0.10148986
259430	798	0.10148986
259430	4334	0.10148986
259430	5632	0.10148986
259430	5781	0.10148986
259430	5899	0.10148986
259430	298	0.10148985
259542	72	0.096724644
259542	523	0.09672464
259542	5856	0.09672463
259542	6237	0.09672463
259542	2509	0.09672462
259542	3727	0.09672462
259542	385	0.096724615
259542	812	0.096724615
259542	1282	0.096724615
259542	2882	0.096724615
259626	1892	0.11326388
259626	206	0.11326387
259626	1856	0.11326386
259626	794	0.113263845
259626	1261	0.113263845
259626	1376	0.113263845
259626	1714	0.113263845
259626	5080	0.113263845
259626	4905	0.11326384
259626	3775	0.11326383
259629	1892	0.104230225
259629	1856	0.10423021
259629	206	0.1042302
259629	794	0.104230195
259629	1261	0.104230195
259629	1714	0.104230195
259629	5080	0.10423019
259629	1376	0.10423018
259629	3775	0.10423018
259629	4905	0.10423018
259660	551	0.11047994
259660	6920	0.11047994
259660	625	0.110479936
259660	1547	0.110479936
259660	1963	0.110479936
259660	5109	0.110479936
259660	5499	0.110479936
259660	1128	0.11047993
259660	4507	0.11047993
259660	5419	0.11047993
259734	2867	0.11981939
259734	5254	0.11981937
259734	2513	0.11981936
259734	4501	0.11981936
259734	6255	0.11959867
259734	1735	0.11959864
259734	2809	0.11959863
259734	4160	0.11959861
259734	1529	0.11911511
259734	4840	0.119066864
259829	124	0.0969539
259829	2050	0.09675756
259829	3177	0.09675754
259829	1875	0.09675753
259829	2233	0.09675753
259829	930	0.09669033
259829	1392	0.09669033
259829	3530	0.096631095
259829	1961	0.09663108
259829	2690	0.0965254
259901	714	0.14258891
259901	3946	0.14258891
259901	4189	0.14258891
259901	2322	0.1425889
259901	1903	0.14258888
259901	2518	0.14258888
259901	2821	0.14258888
259901	4444	0.14258888
259901	4665	0.14258888
259901	5025	0.14258888
259930	2173	0.10973691
259930	6488	0.10973691
259930	688	0.109736905
259930	1233	0.109736905
259930	2164	0.109736905
259930	3217	0.109736905
259930	134	0.1097369
259930	1620	0.1097369
259930	2340	0.1097369
259930	2423	0.1097369
260067	5130	0.09927334
260067	115	0.099273294
260067	230	0.099273294
260067	3586	0.099273294
260067	286	0.09927329
260067	356	0.09927328
260067	1117	0.09927328
260067	1333	0.099273264
260067	2890	0.09927326
260067	1430	0.09829071
260108	6540	0.1134505
260108	6708	0.1134505
260108	1830	0.11345049
260108	1943	0.11345048
260108	5052	0.11345048
260108	721	0.11345047
260108	3439	0.11345046
260108	4746	0.11345046
260108	2935	0.11345045
260108	5995	0.11345045
260183	2860	0.16443193
260183	631	0.1644319
260183	3161	0.1644319
260183	4291	0.1644319
260183	5871	0.1644319
260183	5920	0.1644319
260183	6339	0.1644319
260183	2018	0.16443188
260183	6282	0.16443188
260183	132	0.16443187
260316	358	0.11315354
260316	871	0.11315353
260316	2508	0.113153525
260316	3662	0.11315352
260316	6515	0.11315352
260316	2675	0.11315351
260316	1797	0.11315349
260316	6430	0.1129453
260316	3271	0.11294525
260316	5716	0.11294523
260363	79	0.11518279
260363	4175	0.11518278
260363	4342	0.11518278
260363	251	0.11518277
260363	1624	0.11518277
260363	3059	0.11518277
260363	4177	0.11518277
260363	4273	0.11518277
260363	2728	0.115182765
260363	4525	0.115182765
260388	110	0.11831695
260388	6765	0.11831695
260388	6043	0.11831694
260388	700	0.11831693
260388	1752	0.11831693
260388	2640	0.11831693
260388	6676	0.11831693
260388	3469	0.118316926
260388	5034	0.118316926
260388	5572	0.118316926
260419	574	0.12788314
260419	6783	0.12788314
260419	4629	0.12788312
260419	5327	0.12788312
260419	816	0.1278831
260419	1723	0.1278831
260419	2409	0.1278831
260419	2743	0.1278831
260419	1944	0.12788309
260419	4044	0.12788309
260473	6376	0.090584874
260473	3898	0.09058487
260473	4872	0.090102196
260473	3098	0.09010219
260473	992	0.09010218
260473	4073	0.09010218
260473	1645	0.09010217
260473	6570	0.090102166
260473	131	0.09010215
260473	6195	0.09010215
260520	2168	0.1214884
260520	2676	0.12148839
260520	3088	0.12084843
260520	5729	0.12084842
260520	5823	0.12084842
260520	2533	0.12084841
260520	2563	0.1208484
260520	2864	0.12084839
260520	2863	0.12084837
260520	638	0.12084836
260655	726	0.095086396
260655	558	0.09508639
260655	1287	0.09508639
260655	5565	0.09508639
260655	561	0.09508638
260655	842	0.09508638
260655	1622	0.09508638
260655	1676	0.09508638
260655	1704	0.09508638
260655	3587	0.09508638
260678	696	0.08387482
260678	61	0.08387481
260678	410	0.08387481
260678	448	0.08387481
260678	635	0.08387481
260678	964	0.08387481
260678	1550	0.08387481
260678	1774	0.08387481
260678	2504	0.08387481
260678	4156	0.08387481
260699	1551	0.111274585
260699	3312	0.111274585
260699	3635	0.111274585
260699	5686	0.111274585
260699	995	0.11127458
260699	5603	0.11127457
260699	5840	0.11127457
260699	6823	0.11127457
260699	5023	0.111274555
260699	6798	0.11127455
260897	696	0.12291773
260897	61	0.12291772
260897	2504	0.12291772
260897	410	0.12291771
260897	1550	0.12291771
260897	1578	0.12291771
260897	635	0.1229177
260897	3329	0.1229177
260897	4188	0.1229177
260897	5250	0.1229177
260944	444	0.13520929
260944	3882	0.13520929
260944	381	0.13520928
260944	2788	0.13520926
260944	3072	0.13520926
260944	4234	0.13520926
260944	6335	0.13520926
260944	6590	0.13520926
260944	165	0.13520925
260944	2235	0.13520925
260967	3184	0.11161179
260967	4114	0.11161177
260967	4538	0.11161177
260967	1589	0.11161176
260967	4812	0.11161176
260967	380	0.11161175
260967	1063	0.11161175
260967	3150	0.11161175
260967	3183	0.11161175
260967	3431	0.11161175
261037	3765	0.12778743
261037	6331	0.12778743
261037	748	0.12778741
261037	788	0.12778741
261037	1425	0.12778741
261037	1552	0.12778741
261037	2481	0.12778741
261037	2796	0.12778741
261037	2842	0.12778741
261037	2949	0.12778741
261105	1812	0.11495891
261105	5043	0.114958905
261105	5448	0.114958905
261105	5537	0.1149589
261105	1089	0.11495889
261105	5485	0.11495889
261105	306	0.11495888
261105	690	0.11495888
261105	1596	0.11495888
261105	2133	0.11495888
261185	320	0.113594644
261185	346	0.11359464
261185	1567	0.11359464
261185	1629	0.11359464
261185	1855	0.11359464
261185	2339	0.11359464
261185	3743	0.11359464
261185	4014	0.11359464
261185	4512	0.11359464
261185	6863	0.11359464
261314	3545	0.09124028
261314	149	0.09124027
261314	761	0.09124027
261314	893	0.09124027
261314	5768	0.09124027
261314	26	0.09124026
261314	441	0.09124026
261314	3634	0.09124025
261314	4314	0.09124024
261314	4453	0.091240235
261327	2782	0.096869886
261327	3559	0.09686987
261327	1398	0.09686986
261327	1541	0.09686986
261327	1616	0.096869856
261327	1816	0.096869856
261327	2356	0.096869856
261327	5469	0.096869856
261327	6806	0.096869856
261327	1095	0.09686985
261567	110	0.12372118
261567	6765	0.12372118
261567	700	0.12372117
261567	1752	0.12372117
261567	2640	0.12372117
261567	6043	0.12372117
261567	5572	0.12372115
261567	6676	0.12372115
261567	1736	0.123721145
261567	2569	0.123721145
261578	6610	0.11962697
261578	5979	0.11962693
261578	5980	0.11962692
261578	6357	0.11958736
261578	4898	0.11857972
261578	1486	0.118579715
261578	5464	0.11857971
261578	6212	0.11857971
261578	6311	0.11857971
261578	4557	0.1185797
261590	5121	0.088843964
261590	815	0.088843934
261590	1951	0.08884393
261590	3458	0.08832669
261590	5392	0.08832668
261590	314	0.08832667
261590	952	0.08832667
261590	3732	0.08832667
261590	3182	0.08832666
261590	6703	0.08832666
261603	551	0.13716689
261603	5109	0.13716687
261603	6920	0.13716687
261603	625	0.13716686
261603	1547	0.13716686
261603	1963	0.13716686
261603	4473	0.13716686
261603	4507	0.13716686
261603	5419	0.13716686
261603	5499	0.13716686
261611	1819	0.103925765
261611	1910	0.103925765
261611	1999	0.103925765
261611	2976	0.103925765
261611	4843	0.103925765
261611	1484	0.10392576
261611	4313	0.10392576
261611	1867	0.10392575
261611	813	0.103925735
261611	1672	0.103925735
261998	3225	0.12990473
261998	2810	0.1299047
261998	117	0.12990469
261998	471	0.12990469
261998	1170	0.12923795
261998	5269	0.12923793
261998	1038	0.12923792
261998	873	0.1292379
261998	874	0.1292379
261998	1262	0.1292379
262040	688	0.119830795
262040	6488	0.119830795
262040	2164	0.11983079
262040	2423	0.11983079
262040	3217	0.11983079
262040	1233	0.11983078
262040	1739	0.11983078
262040	2340	0.11983078
262040	5416	0.11983078
262040	134	0.11983077
262118	110	0.111146554
262118	6043	0.111146554
262118	1752	0.11114654
262118	2569	0.11114654
262118	6676	0.11114654
262118	6765	0.11114654
262118	700	0.11114653
262118	2640	0.11114653
262118	1144	0.111146525
262118	1154	0.111146525
262151	87	0.099627614
262151	2652	0.09962761
262151	4258	0.09962761
262151	310	0.099627584
262151	1200	0.099627584
262151	5620	0.099627584
262151	1438	0.09962757
262151	2231	0.09962757
262151	4294	0.09962757
262151	5144	0.09962757
262169	110	0.113675356
262169	6765	0.113675356
262169	700	0.11367535
262169	1752	0.11367535
262169	6043	0.11367535
262169	2640	0.11367534
262169	3469	0.11367534
262169	5034	0.11367534
262169	6676	0.11367534
262169	2569	0.11367533
262186	1031	0.114146896
262186	1034	0.114146896
262186	463	0.11414689
262186	2307	0.11414689
262186	6346	0.11414689
262186	6061	0.11414688
262186	1787	0.11414687
262186	2008	0.11414687
262186	2150	0.11414687
262186	2286	0.11414687
262271	6560	0.08853821
262271	333	0.0885382
262271	1965	0.0885382
262271	1699	0.088538185
262271	336	0.08853818
262271	277	0.08853817
262271	3075	0.08853817
262271	5461	0.08842625
262271	3895	0.08842623
262271	6766	0.088426225
262311	4014	0.11877631
262311	320	0.1187763
262311	346	0.1187763
262311	3743	0.1187763
262311	6863	0.1187763
262311	1567	0.11877629
262311	1855	0.11877629
262311	2339	0.11877629
262311	2573	0.11877629
262311	3259	0.11877629
262317	3327	0.116538286
262317	4154	0.11653828
262317	4835	0.11653828
262317	294	0.116538264
262317	83	0.11653826
262317	1524	0.11653826
262317	1728	0.11653826
262317	2278	0.11653826
262317	4239	0.11653826
262317	4920	0.11653826
262391	110	0.11329584
262391	6043	0.11329583
262391	6765	0.11329583
262391	1752	0.11329582
262391	700	0.113295816
262391	2640	0.113295816
262391	6676	0.113295816
262391	1144	0.11329581
262391	2179	0.11329581
262391	2569	0.11329581
262399	1075	0.11285305
262399	5213	0.11285302
262399	6747	0.11285302
262399	2645	0.11285301
262399	4604	0.112853006
262399	1652	0.112853
262399	2104	0.11285299
262399	6000	0.11285299
262399	778	0.11164148
262399	1288	0.11164146
262407	5453	0.10781984
262407	3287	0.107819825
262407	3247	0.10781982
262407	250	0.10781981
262407	3251	0.10781981
262407	3861	0.10781981
262407	6609	0.10781981
262407	6701	0.10781981
262407	6726	0.10781981
262407	1842	0.1078198
262459	504	0.11270486
262459	4334	0.11270485
262459	798	0.11270484
262459	1743	0.11270484
262459	2696	0.11270484
262459	5632	0.11270484
262459	298	0.112704836
262459	892	0.112704836
262459	2084	0.112704836
262459	3600	0.112704836
262469	688	0.106107526
262469	1233	0.10610752
262469	2164	0.10610752
262469	3217	0.10610752
262469	6488	0.10610752
262469	134	0.10610751
262469	1739	0.10610751
262469	2173	0.10610751
262469	2340	0.10610751
262469	2423	0.10610751
262525	1731	0.11250629
262525	193	0.112506285
262525	2983	0.112506285
262525	2997	0.112506285
262525	3234	0.112506285
262525	3613	0.112506285
262525	4197	0.112506285
262525	744	0.11250628
262525	1709	0.11250628
262525	100	0.11250627
262541	6124	0.09262527
262541	32	0.09262526
262541	3216	0.09262526
262541	1863	0.09262525
262541	196	0.09262524
262541	1308	0.09262523
262541	6359	0.092625216
262541	2083	0.09252564
262541	2043	0.09252563
262541	4144	0.09252563
262634	2917	0.090155095
262634	614	0.09015509
262634	1352	0.09015508
262634	2799	0.09015507
262634	192	0.090155065
262634	285	0.090155065
262634	1770	0.09015505
262634	1930	0.09015505
262634	6473	0.09015504
262634	1392	0.08987714
262666	1626	0.080653116
262666	3468	0.08065309
262666	3738	0.08065309
262666	127	0.08065308
262666	416	0.08065308
262666	3544	0.08065308
262666	5525	0.08065308
262666	6611	0.08065308
262666	6678	0.08065308
262666	243	0.08065307
262902	110	0.12657341
262902	6043	0.12657341
262902	6676	0.12657341
262902	6765	0.12657341
262902	1752	0.1265734
262902	2640	0.1265734
262902	5572	0.1265734
262902	1144	0.12657338
262902	1154	0.12657338
262902	1159	0.12657338
262940	3273	0.10378103
262940	3766	0.10378103
262940	4567	0.103781
262940	176	0.10336718
262940	5795	0.10336718
262940	5864	0.10336718
262940	440	0.103367165
262940	675	0.103367165
262940	2516	0.103367165
262940	3399	0.103367165
262974	72	0.09872267
262974	523	0.09872267
262974	6237	0.09872267
262974	2509	0.09872266
262974	3727	0.09872266
262974	6756	0.09872266
262974	812	0.09872265
262974	1282	0.09872265
262974	1426	0.09872265
262974	2882	0.09872265
263078	2782	0.124108255
263078	672	0.124108225
263078	1398	0.124108225
263078	1616	0.124108225
263078	2907	0.124108225
263078	1095	0.12410822
263078	1541	0.12410822
263078	2356	0.12410822
263078	5372	0.12410822
263078	234	0.12410821
263107	631	0.101214096
263107	2018	0.10121409
263107	2860	0.10121409
263107	598	0.10121408
263107	1703	0.10121408
263107	3161	0.10121408
263107	4291	0.10121408
263107	4669	0.10121408
263107	5871	0.10121408
263107	6312	0.10121408
263163	3917	0.10229871
263163	3256	0.10229869
263163	6122	0.10229869
263163	6382	0.10229869
263163	6808	0.10229869
263163	2494	0.102298684
263163	3580	0.102298684
263163	2016	0.10229868
263163	2169	0.10229868
263163	2577	0.10229868
263219	1988	0.091745384
263219	5987	0.09174538
263219	2013	0.091745354
263219	5621	0.091745354
263219	3611	0.091505654
263219	2045	0.09150565
263219	5743	0.09150565
263219	1522	0.09150564
263219	3555	0.09150564
263219	4716	0.09150564
263321	6885	0.1298161
263321	2786	0.12946764
263321	4091	0.12946764
263321	4296	0.12946764
263321	3551	0.12946762
263321	5103	0.12946762
263321	4621	0.1294676
263321	5289	0.1294676
263321	6304	0.1294676
263321	3734	0.12946758
263325	858	0.1272381
263325	2463	0.1272381
263325	3856	0.1272381
263325	4524	0.1272381
263325	6057	0.1272381
263325	430	0.12723808
263325	1641	0.12723808
263325	1643	0.12723808
263325	2668	0.12723808
263325	3657	0.12723808
263326	3407	0.11107407
263326	5834	0.11107407
263326	3300	0.11107406
263326	4235	0.11107406
263326	2316	0.11107405
263326	462	0.111074045
263326	2905	0.111074045
263326	2349	0.11107403
263326	3428	0.11107403
263326	696	0.11052573
263344	3611	0.115201026
263344	2045	0.11520102
263344	3555	0.11520102
263344	5743	0.11520101
263344	1522	0.115201004
263344	2377	0.115201004
263344	3922	0.115201004
263344	535	0.115201
263344	3090	0.115201
263344	3374	0.115201
263383	1915	0.121190675
263383	3502	0.12119067
263383	4224	0.12119067
263383	5262	0.12119066
263383	5964	0.12119066
263383	3874	0.12119065
263383	5303	0.12119065
263383	2336	0.121190645
263383	2341	0.121190645
263383	6862	0.121190645
263413	1368	0.10589084
263413	2979	0.10589084
263413	3328	0.10589084
263413	3365	0.10589084
263413	5067	0.105890825
263413	6730	0.105890825
263413	2636	0.105428554
263413	609	0.10503626
263413	5645	0.104573995
263413	120	0.104236655
263460	5848	0.10936882
263460	364	0.109368816
263460	6873	0.109368816
263460	1136	0.10936881
263460	4985	0.1093688
263460	778	0.108431436
263460	1288	0.10843143
263460	466	0.108431414
263460	1967	0.10843141
263460	4971	0.10843141
263560	2782	0.12911223
263560	672	0.12911221
263560	1398	0.12911221
263560	1541	0.12911221
263560	1616	0.12911221
263560	1816	0.12911221
263560	2356	0.12911221
263560	5372	0.12911221
263560	6158	0.12911221
263560	1095	0.1291122
263645	6763	0.12416471
263645	733	0.1241647
263645	944	0.1241647
263645	4695	0.1241647
263645	6319	0.1241647
263645	1387	0.12416469
263645	1618	0.12416469
263645	1823	0.12416469
263645	1833	0.12416469
263645	2687	0.12416469
263663	2207	0.11309676
263663	188	0.113096744
263663	607	0.113096744
263663	913	0.113096744
263663	1062	0.113096744
263663	1639	0.113096744
263663	2143	0.113096744
263663	3394	0.113096744
263663	3851	0.113096744
263663	5975	0.113096744
263842	5849	0.12734804
263842	6307	0.1271221
263842	950	0.12712207
263842	1355	0.12712207
263842	1902	0.12712207
263842	2415	0.12712207
263842	3341	0.12712207
263842	3810	0.12712207
263842	5162	0.12712207
263842	5216	0.12712207
263877	976	0.092590705
263877	896	0.09259069
263877	2934	0.09259069
263877	3740	0.09259069
263877	3783	0.09259069
263877	1660	0.092590675
263877	2989	0.092590675
263877	5557	0.092590675
263877	1653	0.09259067
263877	5594	0.09259067
264031	4443	0.09742555
264031	2269	0.0973919
264031	1579	0.097391896
264031	539	0.09739189
264031	2354	0.09739189
264031	3286	0.09739189
264031	5242	0.09739189
264031	5696	0.09739189
264031	2880	0.09739188
264031	202	0.09739187
264082	3222	0.1303584
264082	5006	0.13035834
264082	544	0.13035832
264082	764	0.13035832
264082	1877	0.13035831
264082	688	0.12959486
264082	3217	0.12959486
264082	1739	0.12959485
264082	1924	0.12959485
264082	6488	0.12959485
264085	3608	0.11052532
264085	4043	0.110525295
264085	5928	0.110525295
264085	5273	0.11052529
264085	2566	0.11052528
264085	3990	0.11052528
264085	5274	0.11052528
264085	6338	0.11052528
264085	2075	0.11052527
264085	2076	0.11052527
264152	3765	0.11498167
264152	6723	0.11498167
264152	748	0.114981666
264152	788	0.114981666
264152	1552	0.114981666
264152	2481	0.114981666
264152	2842	0.114981666
264152	4558	0.114981666
264152	4950	0.114981666
264152	6331	0.114981666
264204	824	0.11490913
264204	3835	0.11490909
264204	4654	0.11490908
264204	6086	0.11490908
264204	1335	0.11490907
264204	5430	0.11490905
264204	2287	0.114113614
264204	4446	0.1141136
264204	5804	0.1141136
264204	2420	0.11411357
264284	2684	0.12917139
264284	436	0.12917137
264284	719	0.12917137
264284	4025	0.12917137
264284	4036	0.12917137
264284	4100	0.12917137
264284	4745	0.12917137
264284	6187	0.12917137
264284	6444	0.12917137
264284	1948	0.12917136
264300	184	0.10444427
264300	5992	0.10444427
264300	118	0.104444265
264300	1506	0.104444265
264300	5817	0.104444265
264300	4605	0.10444426
264300	4704	0.10444426
264300	5079	0.10444426
264300	540	0.10444425
264300	1667	0.10444425
264311	973	0.102573305
264311	6439	0.102573305
264311	158	0.10241443
264311	439	0.10241442
264311	832	0.10241442
264311	1695	0.102414414
264311	5797	0.102414414
264311	20	0.10241441
264311	5380	0.102414384
264311	5405	0.10235165
264317	3018	0.123823225
264317	4293	0.123823225
264317	5558	0.123823225
264317	3916	0.12382322
264317	1745	0.12382321
264317	2752	0.12382321
264317	2803	0.12382321
264317	4403	0.12382321
264317	6341	0.12382321
264317	628	0.1238232
264349	184	0.10580031
264349	118	0.1058003
264349	5817	0.1058003
264349	5992	0.1058003
264349	6814	0.10580029
264349	540	0.105800286
264349	1506	0.105800286
264349	1667	0.105800286
264349	2978	0.105800286
264349	4605	0.105800286
264355	5352	0.11771978
264355	2040	0.117719755
264355	2376	0.117719755
264355	4112	0.117719755
264355	3536	0.11771974
264355	3133	0.117719725
264355	5786	0.11771971
264355	2556	0.11683689
264355	1795	0.11683687
264355	4514	0.11683687
264464	3681	0.118486
264464	6315	0.118486
264464	6074	0.11848599
264464	6300	0.11848598
264464	3238	0.11848597
264464	2544	0.11848596
264464	1692	0.11848595
264464	2148	0.11848595
264464	4051	0.11848595
264464	5	0.11848594
264525	3960	0.107835576
264525	1626	0.10772894
264525	3468	0.10772892
264525	416	0.10772891
264525	5525	0.10772891
264525	127	0.1077289
264525	3544	0.1077289
264525	3738	0.1077289
264525	6611	0.1077289
264525	6678	0.1077289
264543	696	0.12033043
264543	61	0.12033042
264543	410	0.12033042
264543	1578	0.120330416
264543	2504	0.120330416
264543	635	0.12033041
264543	1550	0.12033041
264543	4188	0.12033041
264543	1774	0.1203304
264543	4187	0.1203304
264600	999	0.11633399
264600	2708	0.116333924
264600	2197	0.11633392
264600	1357	0.1161318
264600	1759	0.1161318
264600	707	0.11613179
264600	3752	0.11613177
264600	5271	0.11613177
264600	1101	0.11613175
264600	4560	0.11545977
264627	5150	0.117094554
264627	259	0.11709455
264627	648	0.11709455
264627	733	0.11709455
264627	2687	0.11709455
264627	4695	0.11709455
264627	4907	0.11709455
264627	6763	0.11709455
264627	326	0.11709454
264627	944	0.11709454
264628	6698	0.10945248
264628	797	0.10945247
264628	269	0.109452456
264628	6356	0.109452456
264628	6472	0.109452456
264628	6636	0.109452456
264628	3965	0.10945245
264628	6039	0.10945245
264628	6199	0.10945245
264628	6903	0.10945245
264634	1829	0.10576519
264634	3279	0.10576519
264634	5189	0.105765186
264634	3099	0.10576518
264634	4018	0.10576518
264634	5113	0.10576518
264634	6914	0.10576518
264634	2839	0.10576515
264634	6584	0.105765134
264634	778	0.10502322
264637	475	0.121325456
264637	3637	0.12082584
264637	6254	0.12046984
264637	3844	0.120469764
264637	3845	0.12031013
264637	5445	0.12031013
264637	2614	0.1203101
264637	2159	0.12031009
264637	5999	0.12031009
264637	5889	0.12031008
264655	6869	0.1100339
264655	1165	0.110033885
264655	3314	0.11003387
264655	4617	0.10983084
264655	3342	0.1098308
264655	3427	0.1098308
264655	3803	0.1098308
264655	3955	0.1098308
264655	6395	0.1098308
264655	5106	0.10983079
264657	696	0.093939945
264657	410	0.09393993
264657	635	0.09393993
264657	2504	0.09393993
264657	61	0.09393992
264657	1550	0.09393992
264657	448	0.093939915
264657	964	0.093939915
264657	1578	0.093939915
264657	1774	0.093939915
264862	3393	0.10133921
264862	222	0.101339184
264862	4918	0.10051266
264862	2110	0.10051264
264862	2113	0.10051261
264862	6666	0.10051261
264862	4447	0.09966017
264862	6613	0.09966016
264862	6817	0.09966014
264862	2257	0.09966013
264947	149	0.10965403
264947	3545	0.109654024
264947	5768	0.109654024
264947	893	0.10965402
264947	761	0.10965401
264947	26	0.109654
264947	441	0.109653994
264947	3634	0.10965399
264947	4314	0.10965398
264947	6877	0.10965398
264985	3913	0.09961863
264985	6446	0.09961863
264985	3285	0.09961862
264985	4062	0.09961862
264985	388	0.09961861
264985	2800	0.09961861
264985	3197	0.09961861
264985	3550	0.09961861
264985	4169	0.09961861
264985	5923	0.09961861
264996	118	0.115106225
264996	6814	0.11510622
264996	184	0.11510621
264996	540	0.11510621
264996	5817	0.11510621
264996	5992	0.11510621
264996	4704	0.1151062
264996	1506	0.115106195
264996	1667	0.115106195
264996	2978	0.115106195
265083	1626	0.0978377
265083	3468	0.09783769
265083	243	0.09783767
265083	3738	0.09783767
265083	5525	0.09783767
265083	6611	0.09783767
265083	6678	0.09783767
265083	127	0.097837664
265083	416	0.097837664
265083	3544	0.097837664
265194	200	0.12284758
265194	4194	0.12284756
265194	6475	0.12284756
265194	244	0.121025264
265194	2330	0.121025264
265194	5762	0.121025264
265194	5570	0.12102525
265194	2785	0.121025234
265194	1876	0.12102523
265194	293	0.12102522
265205	1440	0.10349639
265205	4202	0.10349639
265205	2090	0.10349637
265205	3697	0.10349637
265205	6886	0.10349637
265205	6221	0.103496365
265205	1087	0.10349636
265205	4757	0.10349636
265205	5613	0.10349636
265205	5675	0.10349636
265276	259	0.12539488
265276	944	0.12539488
265276	1387	0.12539488
265276	1668	0.12539488
265276	1833	0.12539488
265276	2001	0.12539488
265276	2687	0.12539488
265276	3647	0.12539488
265276	3710	0.12539488
265276	4695	0.12539488
265313	75	0.13361177
265313	485	0.13361177
265313	1400	0.13361177
265313	1496	0.13361177
265313	2214	0.13361177
265313	2215	0.13361177
265313	2292	0.13361177
265313	3039	0.13361177
265313	5147	0.13361177
265313	5163	0.13361177
265383	5461	0.094669044
265383	3895	0.09466902
265383	97	0.09466901
265383	6766	0.09466901
265383	6619	0.094669
265383	6892	0.094669
265383	702	0.09466899
265383	6096	0.094668984
265383	1104	0.09466898
265383	2023	0.09466897
265487	3882	0.11431827
265487	444	0.11431826
265487	381	0.11431825
265487	3072	0.11431825
265487	6335	0.11431825
265487	165	0.11431824
265487	1182	0.11431824
265487	2235	0.11431824
265487	2788	0.11431824
265487	4234	0.11431824
265504	1731	0.12515423
265504	1207	0.12515421
265504	2983	0.12515421
265504	3366	0.12515421
265504	4197	0.12515421
265504	6887	0.12515421
265504	100	0.1251542
265504	193	0.1251542
265504	313	0.1251542
265504	567	0.1251542
265546	206	0.106231615
265546	1892	0.106231615
265546	1714	0.1062316
265546	1856	0.1062316
265546	794	0.106231585
265546	5080	0.106231585
265546	1376	0.10623158
265546	4905	0.10623158
265546	3775	0.10623157
265546	6878	0.10592608
265553	2842	0.11442694
265553	3765	0.11442694
265553	6331	0.11442694
265553	748	0.114426926
265553	788	0.114426926
265553	1425	0.114426926
265553	1552	0.114426926
265553	2481	0.114426926
265553	2796	0.114426926
265553	2974	0.114426926
265591	110	0.116547614
265591	1752	0.116547614
265591	6043	0.116547614
265591	700	0.1165476
265591	2640	0.1165476
265591	3469	0.1165476
265591	6676	0.1165476
265591	6765	0.1165476
265591	5034	0.11654759
265591	1144	0.116547585
265607	714	0.11229934
265607	3946	0.11229934
265607	6012	0.11229934
265607	4189	0.11229933
265607	2322	0.11229932
265607	4665	0.112299316
265607	1903	0.11229931
265607	2518	0.11229931
265607	2821	0.11229931
265607	5025	0.11229931
265620	2134	0.11603044
265620	531	0.116030425
265620	1307	0.116030425
265620	5422	0.11603042
265620	5887	0.11603042
265620	3051	0.11603041
265620	3303	0.11603041
265620	545	0.1160304
265620	1720	0.1160304
265620	2877	0.1160304
265656	3327	0.11216359
265656	4835	0.11216356
265656	2278	0.11216355
265656	4920	0.11216355
265656	83	0.11216354
265656	253	0.11216354
265656	294	0.11216354
265656	1379	0.11216354
265656	1852	0.11216354
265656	3132	0.11216354
265751	3197	0.11700736
265751	3285	0.11700736
265751	3913	0.11700736
265751	6446	0.11700736
265751	2800	0.11700735
265751	4062	0.11700735
265751	5923	0.117007345
265751	6715	0.117007345
265751	3550	0.11700734
265751	4169	0.11700733
265784	346	0.11917074
265784	320	0.11917073
265784	1855	0.11917073
265784	2339	0.11917073
265784	3743	0.11917073
265784	177	0.119170725
265784	1567	0.119170725
265784	1629	0.119170725
265784	2338	0.119170725
265784	2575	0.119170725
265827	1855	0.10685592
265827	320	0.106855914
265827	346	0.106855914
265827	2339	0.106855914
265827	3743	0.106855914
265827	6863	0.106855914
265827	1090	0.10685591
265827	4014	0.10685591
265827	4217	0.10685591
265827	4854	0.10685591
265918	4840	0.103008196
265918	338	0.10300818
265918	5517	0.10300818
265918	5867	0.10300818
265918	334	0.10300816
265918	1286	0.10300815
265918	2493	0.10300815
265918	3175	0.10300815
265918	3445	0.10300815
265918	6385	0.10300815
265932	2014	0.10836667
265932	133	0.10836666
265932	622	0.10836665
265932	3048	0.10836664
265932	660	0.10836663
265932	668	0.10836663
265932	473	0.10836662
265932	1044	0.10836662
265932	2633	0.10836662
265932	3064	0.10836662
265972	3327	0.12436303
265972	4154	0.124363005
265972	4835	0.124363005
265972	1002	0.12436299
265972	1728	0.12436299
265972	2278	0.12436299
265972	4133	0.12436299
265972	4239	0.12436299
265972	4920	0.12436299
265972	5965	0.12436299
266054	3327	0.10225485
266054	4154	0.10225483
266054	4835	0.10225483
266054	294	0.10225482
266054	1852	0.10225482
266054	2278	0.10225482
266054	4920	0.10225482
266054	5965	0.10225482
266054	6502	0.10225482
266054	83	0.102254815
266056	2696	0.10168949
266056	504	0.10168948
266056	1743	0.10168948
266056	4334	0.10168948
266056	5632	0.10168948
266056	5781	0.10168948
266056	5899	0.10168948
266056	298	0.10168947
266056	422	0.10168947
266056	798	0.10168947
266109	3636	0.123783626
266109	3297	0.12378362
266109	3503	0.12378362
266109	6215	0.12378362
266109	549	0.123783596
266109	248	0.12378359
266109	4118	0.12378359
266109	5293	0.12378359
266109	4632	0.12378358
266109	6345	0.12378358
266164	3327	0.12254406
266164	294	0.122544035
266164	4154	0.122544035
266164	1852	0.12254403
266164	4920	0.12254403
266164	83	0.12254402
266164	2278	0.12254402
266164	3132	0.12254402
266164	4133	0.12254402
266164	4239	0.12254402
266226	4617	0.098828554
266226	3955	0.09882854
266226	6395	0.09882853
266226	3427	0.098828524
266226	3803	0.098828524
266226	5106	0.098828524
266226	5705	0.098828524
266226	5601	0.09882852
266226	2236	0.09882851
266226	3342	0.09882851
266229	3917	0.114920825
266229	6122	0.114920825
266229	3256	0.11492082
266229	6808	0.11492082
266229	2016	0.11492081
266229	2169	0.11492081
266229	2494	0.11492081
266229	2943	0.11492081
266229	3580	0.11492081
266229	6382	0.11492081
266268	4228	0.1125586
266268	2034	0.11255859
266268	24	0.11255858
266268	770	0.11255858
266268	1840	0.11255858
266268	3353	0.11255858
266268	4685	0.11255858
266268	311	0.11255857
266268	2726	0.11255857
266268	3552	0.11255857
266283	1266	0.112923354
266283	3578	0.112923354
266283	903	0.11292335
266283	2371	0.11292335
266283	2428	0.11292335
266283	2554	0.11292335
266283	3110	0.11292335
266283	489	0.11292334
266283	3009	0.11292334
266283	4216	0.11292334
266299	1731	0.114248864
266299	2983	0.11424885
266299	193	0.11424884
266299	1207	0.11424884
266299	1709	0.11424884
266299	1918	0.11424884
266299	2222	0.11424884
266299	2997	0.11424884
266299	3119	0.11424884
266299	3234	0.11424884
266331	6150	0.10923816
266331	4690	0.109238155
266331	1020	0.10923814
266331	550	0.10923813
266331	201	0.109238125
266331	6283	0.109238125
266331	2391	0.10923812
266331	3201	0.10923812
266331	5114	0.10923812
266331	2960	0.10923811
266355	631	0.12703791
266355	2860	0.1270379
266355	4291	0.1270379
266355	5871	0.1270379
266355	598	0.12703788
266355	1703	0.12703788
266355	2018	0.12703788
266355	3066	0.12703788
266355	3161	0.12703788
266355	3317	0.12703788
266419	688	0.11621364
266419	2164	0.11621364
266419	6488	0.11621364
266419	1233	0.116213635
266419	1739	0.116213635
266419	2340	0.116213635
266419	2423	0.116213635
266419	3217	0.116213635
266419	134	0.11621363
266419	1620	0.11621362
266457	696	0.10162974
266457	410	0.101629734
266457	2504	0.101629734
266457	1578	0.10162973
266457	61	0.10162972
266457	635	0.10162972
266457	1550	0.10162972
266457	3329	0.10162972
266457	5227	0.10162972
266457	448	0.10162971
266466	2000	0.1232615
266466	4876	0.1232615
266466	3237	0.12326148
266466	3698	0.12326148
266466	3402	0.12289029
266466	496	0.12289025
266466	718	0.12289025
266466	1857	0.12289025
266466	3223	0.12289025
266466	3985	0.12289025
266478	2463	0.12034285
266478	4493	0.12034285
266478	4524	0.12034285
266478	6057	0.12034285
266478	858	0.12034284
266478	1641	0.120342836
266478	1643	0.120342836
266478	3657	0.120342836
266478	3856	0.120342836
266478	6055	0.120342836
266522	110	0.10736278
266522	6043	0.10736278
266522	6765	0.10736278
266522	2569	0.10736277
266522	700	0.10736276
266522	1330	0.10736276
266522	1752	0.10736276
266522	2005	0.10736276
266522	2640	0.10736276
266522	4989	0.10736276
266650	3982	0.10421882
266650	5481	0.10421881
266650	6896	0.10421881
266650	1010	0.104218796
266650	2263	0.104218796
266650	2642	0.104218796
266650	3392	0.104218796
266650	5427	0.104218796
266650	6027	0.104218796
266650	6358	0.10421879
266678	3327	0.11302082
266678	83	0.11302079
266678	294	0.11302079
266678	1852	0.11302079
266678	4133	0.11302079
266678	4154	0.11302079
266678	4835	0.11302079
266678	6502	0.11302079
266678	2035	0.113020785
266678	3132	0.113020785
266697	1089	0.10650879
266697	1812	0.10650879
266697	5043	0.106508784
266697	5448	0.106508784
266697	4737	0.10650878
266697	690	0.10650877
266697	1872	0.10650877
266697	5485	0.10650877
266697	5537	0.10650877
266697	71	0.10650876
266753	1440	0.12680052
266753	3697	0.1268005
266753	4202	0.1268005
266753	2090	0.12680049
266753	4468	0.12680049
266753	5613	0.12680049
266753	6886	0.12680049
266753	1439	0.12680048
266753	4757	0.12680048
266753	4982	0.12680048
266807	373	0.098466404
266807	4590	0.09846638
266807	2416	0.098466374
266807	90	0.09846637
266807	3179	0.09841493
266807	158	0.098340526
266807	1695	0.098340526
266807	832	0.09834051
266807	5797	0.098340504
266807	20	0.0983405
266840	6531	0.10219311
266840	6289	0.1021931
266840	1931	0.1020281
266840	374	0.10202809
266840	2437	0.10202809
266840	6288	0.10202809
266840	6350	0.10202808
266840	4764	0.10202807
266840	5969	0.10202807
266840	6539	0.10202807
266842	4679	0.112161085
266842	5763	0.11100489
266842	325	0.11100486
266842	58	0.111004815
266842	6132	0.111004815
266842	1348	0.110885665
266842	5426	0.11068929
266842	4962	0.11068926
266842	5187	0.110689245
266842	5319	0.109899655
266865	696	0.12101489
266865	410	0.121014886
266865	2504	0.121014886
266865	61	0.12101488
266865	1550	0.12101488
266865	1578	0.12101488
266865	635	0.12101486
266865	964	0.12101486
266865	1774	0.12101486
266865	2175	0.12101486
266866	5168	0.08955161
266866	6082	0.0895516
266866	6697	0.0895516
266866	631	0.089490846
266866	4669	0.08949083
266866	6339	0.08949083
266866	598	0.08949082
266866	4466	0.08949082
266866	6324	0.08949082
266866	1635	0.089490816
266872	3726	0.1127869
266872	3939	0.1127869
266872	914	0.11278689
266872	2808	0.11278689
266872	4589	0.11278689
266872	5382	0.11278689
266872	2410	0.11278688
266872	676	0.112786874
266872	1756	0.112786874
266872	3717	0.112786874
266940	110	0.1217177
266940	700	0.1217177
266940	6043	0.1217177
266940	1752	0.12171769
266940	2640	0.12171769
266940	6765	0.12171769
266940	5034	0.121717684
266940	6676	0.121717684
266940	1154	0.12171768
266940	1894	0.12171768
267033	971	0.10204624
267033	4026	0.10204624
267033	93	0.10204622
267033	2545	0.10204622
267033	4029	0.10204622
267033	67	0.10204621
267033	1068	0.10204621
267033	1505	0.10204621
267033	3361	0.10204621
267033	6900	0.10204621
267061	2107	0.11400534
267061	3564	0.11400531
267061	5044	0.11400531
267061	1602	0.1140053
267061	5048	0.1140053
267061	5441	0.1140053
267061	3198	0.11400529
267061	3333	0.11400529
267061	4193	0.11400528
267061	6154	0.11400528
267180	2134	0.113585144
267180	531	0.11358513
267180	545	0.11358512
267180	3303	0.11358512
267180	1307	0.113585114
267180	3051	0.113585114
267180	5422	0.113585114
267180	5887	0.113585114
267180	331	0.1135851
267180	1720	0.1135851
267184	1812	0.096161515
267184	5043	0.096161515
267184	5448	0.096161515
267184	5485	0.096161515
267184	1089	0.09616151
267184	5537	0.0961615
267184	560	0.09616149
267184	690	0.09616149
267184	988	0.09616149
267184	1596	0.09616149
267249	118	0.10729414
267249	184	0.10729414
267249	5817	0.107294135
267249	540	0.10729413
267249	1506	0.10729413
267249	4704	0.10729413
267249	5992	0.10729413
267249	6684	0.10729413
267249	6814	0.10729413
267249	1667	0.10729412
267256	688	0.107039124
267256	6488	0.107039124
267256	1739	0.10703912
267256	3217	0.10703912
267256	1233	0.10703911
267256	1620	0.10703911
267256	2032	0.10703911
267256	2164	0.10703911
267256	2173	0.10703911
267256	2340	0.10703911
267282	1034	0.13250767
267282	6346	0.13250767
267282	463	0.13250765
267282	1031	0.13250765
267282	2008	0.13250765
267282	2307	0.13250765
267282	3997	0.13250765
267282	4498	0.13250765
267282	4687	0.13250765
267282	6452	0.13250765
267326	1471	0.10566594
267326	2158	0.10566592
267326	4381	0.105665915
267326	3215	0.10566591
267326	908	0.1056659
267326	4483	0.1056659
267326	4865	0.1056659
267326	186	0.10566589
267326	838	0.10566589
267326	2805	0.10566589
267334	118	0.098437585
267334	184	0.098437585
267334	1506	0.09843758
267334	4704	0.09843758
267334	5817	0.09843758
267334	5992	0.09843758
267334	540	0.09843757
267334	2978	0.09843757
267334	5079	0.09843757
267334	6684	0.09843757
267354	546	0.13278344
267354	2687	0.13278343
267354	259	0.13278341
267354	326	0.13278341
267354	648	0.13278341
267354	944	0.13278341
267354	1309	0.13278341
267354	1329	0.13278341
267354	1387	0.13278341
267354	1618	0.13278341
267356	479	0.1327192
267356	1118	0.13271916
267356	2214	0.13253641
267356	720	0.1325364
267356	1496	0.1325364
267356	2292	0.1325364
267356	3039	0.1325364
267356	3125	0.1325364
267356	5163	0.1325364
267356	6680	0.1325364
267442	2481	0.13239677
267442	788	0.13239676
267442	1425	0.13239676
267442	2842	0.13239676
267442	2796	0.13239674
267442	2974	0.13239674
267442	3765	0.13239674
267442	5390	0.13239674
267442	6331	0.13239674
267442	6440	0.13239674
267444	3327	0.15652288
267444	83	0.15652287
267444	294	0.15652287
267444	4835	0.15652287
267444	174	0.15652286
267444	1852	0.15652286
267444	4154	0.15652286
267444	4239	0.15652286
267444	4511	0.15652286
267444	4658	0.15652286
267453	3300	0.137604
267453	5834	0.137604
267453	462	0.13760397
267453	2905	0.13760397
267453	3407	0.13760397
267453	4235	0.13760397
267453	2316	0.13760395
267453	2349	0.13760394
267453	3428	0.13760394
267453	3629	0.13744494
267510	2092	0.10643664
267510	5185	0.10643664
267510	3699	0.106436625
267510	4508	0.106436625
267510	4949	0.106436625
267510	819	0.10643661
267510	2961	0.10643661
267510	3309	0.10643661
267510	4404	0.10643661
267510	6318	0.10643661
267529	3787	0.13099667
267529	1441	0.13099664
267529	3076	0.13099664
267529	3452	0.13099664
267529	4240	0.13099663
267529	2832	0.13099661
267529	3242	0.13099661
267529	3789	0.13040777
267529	9	0.13040774
267529	84	0.13040772
267538	159	0.12993929
267538	236	0.12993929
267538	320	0.12993929
267538	346	0.12993929
267538	1442	0.12993929
267538	1855	0.12993929
267538	2338	0.12993929
267538	2339	0.12993929
267538	2873	0.12993929
267538	3743	0.12993929
267596	6027	0.16495565
267596	6896	0.16495565
267596	2263	0.16495563
267596	5542	0.16495563
267596	80	0.16495562
267596	1010	0.16495562
267596	1792	0.16495562
267596	2109	0.16495562
267596	2642	0.16495562
267596	3392	0.16495562
267621	2782	0.13093074
267621	1616	0.13093072
267621	1398	0.1309307
267621	1541	0.1309307
267621	1816	0.1309307
267621	2356	0.1309307
267621	2889	0.1309307
267621	2907	0.1309307
267621	6806	0.1309307
267621	234	0.13093069
267635	3327	0.15363699
267635	4835	0.15363698
267635	83	0.15363696
267635	294	0.15363696
267635	348	0.15363696
267635	454	0.15363696
267635	1002	0.15363696
267635	1452	0.15363696
267635	1524	0.15363696
267635	1728	0.15363696
267642	546	0.14883672
267642	259	0.1488367
267642	326	0.1488367
267642	1823	0.1488367
267642	2687	0.1488367
267642	3299	0.1488367
267642	3710	0.1488367
267642	5019	0.1488367
267642	5150	0.1488367
267642	5315	0.1488367
267644	4526	0.15292573
267644	1231	0.15292571
267644	3566	0.15292571
267644	6155	0.15292571
267644	6760	0.15292571
267644	146	0.1529257
267644	256	0.1529257
267644	1725	0.1529257
267644	2771	0.1529257
267644	3759	0.1529257
267648	2782	0.13751945
267648	672	0.13751942
267648	685	0.13751942
267648	993	0.13751942
267648	1398	0.13751942
267648	1541	0.13751942
267648	1616	0.13751942
267648	1738	0.13751942
267648	1808	0.13751942
267648	1816	0.13751942
267680	79	0.1353988
267680	168	0.1353988
267680	1624	0.1353988
267680	3059	0.1353988
267680	4342	0.1353988
267680	5122	0.1353988
267680	5605	0.1353988
267680	6379	0.1353988
267680	6532	0.1353988
267680	251	0.13539879
267802	5121	0.11302489
267802	815	0.11302486
267802	1951	0.11302486
267802	4951	0.112994045
267802	5641	0.112994045
267802	3209	0.112994015
267802	4245	0.112994015
267802	6091	0.112994015
267802	1040	0.112994
267802	427	0.11299399
267830	110	0.13853428
267830	1360	0.13853428
267830	1752	0.13853428
267830	2365	0.13853428
267830	2640	0.13853428
267830	4989	0.13853428
267830	6765	0.13853428
267830	886	0.13853426
267830	1144	0.13853426
267830	1159	0.13853426
267895	1210	0.13753513
267895	2186	0.13753513
267895	2359	0.13753513
267895	4207	0.13753513
267895	6690	0.13753513
267895	2734	0.13753511
267895	3725	0.13753511
267895	5226	0.1375351
267895	6754	0.1375351
267895	6044	0.13753508
268025	4751	0.12984198
268025	2326	0.12984197
268025	1302	0.12984195
268025	1835	0.12984195
268025	5140	0.12984195
268025	5629	0.12984195
268025	1174	0.12984194
268025	3525	0.12984194
268025	4181	0.12984194
268025	789	0.12984192
268030	5561	0.14852794
268030	6064	0.14852794
268030	109	0.14852792
268030	1197	0.14852792
268030	6100	0.14852792
268030	1167	0.1485279
268030	3680	0.1485279
268030	4581	0.1485279
268030	1427	0.14852789
268030	2996	0.14852789
268032	3046	0.1364636
268032	6474	0.13646358
268032	1405	0.13551453
268032	3385	0.13551453
268032	974	0.1355145
268032	1353	0.13550031
268032	3766	0.13527974
268032	3273	0.13527973
268032	4567	0.13527972
268032	1707	0.13455127
268110	410	0.149858
268110	446	0.149858
268110	635	0.149858
268110	696	0.149858
268110	1578	0.149858
268110	1774	0.149858
268110	1901	0.149858
268110	61	0.14985798
268110	610	0.14985798
268110	2504	0.14985798
268156	236	0.13674514
268156	159	0.13674513
268156	180	0.13674513
268156	320	0.13674513
268156	346	0.13674513
268156	402	0.13674513
268156	442	0.13674513
268156	755	0.13674513
268156	1315	0.13674513
268156	1372	0.13674513
268239	546	0.1333007
268239	259	0.13330069
268239	326	0.13330069
268239	648	0.13330069
268239	733	0.13330069
268239	1329	0.13330069
268239	1388	0.13330069
268239	1618	0.13330069
268239	1823	0.13330069
268239	1833	0.13330069
268262	110	0.13246635
268262	1752	0.13246635
268262	2365	0.13246635
268262	2640	0.13246635
268262	3469	0.13246635
268262	3793	0.13246635
268262	4989	0.13246635
268262	6223	0.13246635
268262	6765	0.13246635
268262	886	0.13246633
268282	4636	0.15701076
268282	4613	0.15701073
268282	6661	0.15701072
268282	5435	0.1570107
268282	4880	0.15701069
268282	3833	0.15628523
268282	4805	0.15628523
268282	1041	0.1562852
268282	6870	0.1562852
268282	6174	0.15628518
268300	1471	0.1537196
268300	2158	0.1537196
268300	2856	0.1537196
268300	3762	0.1537196
268300	4865	0.1537196
268300	2128	0.15371959
268300	4483	0.15371959
268300	46	0.15371957
268300	838	0.15371957
268300	908	0.15371957
268540	2134	0.15954076
268540	3303	0.15954074
268540	4276	0.15954074
268540	5422	0.15954074
268540	531	0.15954073
268540	2877	0.15954073
268540	3859	0.15954073
268540	4005	0.15954073
268540	5887	0.15954073
268540	229	0.15954071
268544	1352	0.11856648
268544	614	0.11856647
268544	285	0.11856646
268544	2799	0.11856646
268544	192	0.11856645
268544	1930	0.11856644
268544	6473	0.11856644
268544	1770	0.11856642
268544	5669	0.1182908
268544	3042	0.11829075
268618	858	0.14528143
268618	6057	0.14528143
268618	430	0.1452814
268618	632	0.1452814
268618	945	0.1452814
268618	1641	0.1452814
268618	1643	0.1452814
268618	2156	0.1452814
268618	2463	0.1452814
268618	2767	0.1452814
268622	1266	0.11628744
268622	903	0.116287425
268622	3110	0.116287425
268622	3578	0.11628742
268622	2428	0.11628741
268622	5001	0.11628741
268622	489	0.1162874
268622	1503	0.1162874
268622	2554	0.1162874
268622	3009	0.1162874
268639	2214	0.12475973
268639	6680	0.124759726
268639	720	0.12475972
268639	1496	0.12475972
268639	3039	0.12475972
268639	2292	0.12475971
268639	5163	0.12475971
268639	474	0.124759704
268639	485	0.124759704
268639	1264	0.124759704
268657	2396	0.12061827
268657	5155	0.12061825
268657	4620	0.12032311
268657	2509	0.1203231
268657	5856	0.1203231
268657	72	0.12032309
268657	523	0.12032309
268657	1282	0.12032309
268657	3576	0.12032309
268657	6237	0.12032309
268691	244	0.1355061
268691	5570	0.1355061
268691	2330	0.13550608
268691	5762	0.13550608
268691	1876	0.13550606
268691	2785	0.13550606
268691	293	0.13550605
268691	1740	0.13550605
268691	4867	0.13550603
268691	5057	0.13550603
268704	3726	0.12036067
268704	2410	0.120360665
268704	2808	0.12036066
268704	3939	0.12036066
268704	3993	0.12036066
268704	4589	0.12036066
268704	5382	0.12036066
268704	6054	0.12036066
268704	914	0.12036065
268704	1756	0.12036065
268751	1269	0.11915892
268751	2511	0.11915891
268751	4882	0.11915891
268751	5294	0.11915891
268751	3877	0.1191589
268751	3052	0.119158894
268751	31	0.11915889
268751	2047	0.11915889
268751	982	0.11781022
268751	4370	0.117810205
268761	3845	0.13800472
268761	5445	0.13800472
268761	5999	0.13800469
268761	2159	0.13800468
268761	3852	0.13800468
268761	5889	0.13800468
268761	2591	0.13800466
268761	2614	0.13800466
268761	5379	0.13800466
268761	6168	0.13800466
268786	3946	0.14671712
268786	4189	0.1467171
268786	4665	0.1467171
268786	6012	0.1467171
268786	714	0.14671709
268786	1903	0.14671709
268786	2322	0.14671709
268786	2518	0.14671709
268786	3448	0.14671709
268786	4444	0.14671709
268833	4087	0.13081676
268833	5105	0.13081676
268833	52	0.13081674
268833	282	0.13081674
268833	3506	0.13081674
268833	4931	0.13081674
268833	5053	0.13081674
268833	337	0.13081673
268833	457	0.13081673
268833	883	0.13081673
268932	5130	0.14237255
268932	115	0.14237252
268932	3586	0.1423725
268932	230	0.14237249
268932	286	0.14237249
268932	356	0.14237249
268932	1117	0.14237249
268932	1333	0.14237249
268932	2890	0.14237244
268932	622	0.14202401
269011	5849	0.1734572
269011	1902	0.17116347
269011	2415	0.17116347
269011	5162	0.17116347
269011	6307	0.17116345
269011	62	0.17116344
269011	85	0.17116344
269011	1355	0.17116344
269011	1990	0.17116344
269011	2238	0.17116344
269114	1461	0.121552266
269114	3481	0.12155225
269114	1141	0.121552244
269114	4752	0.12155223
269114	6748	0.12155223
269114	6152	0.121552214
269114	6788	0.121552214
269114	200	0.12086123
269114	4194	0.12086121
269114	6475	0.1208612
269140	444	0.13705511
269140	381	0.1370551
269140	3882	0.1370551
269140	2788	0.13705508
269140	6335	0.13705508
269140	2235	0.13705507
269140	3072	0.13705507
269140	4234	0.13705507
269140	4773	0.13705507
269140	5137	0.13705507
269157	2410	0.13392499
269157	2808	0.13392499
269157	3726	0.13392499
269157	3939	0.13392499
269157	5382	0.13392499
269157	537	0.13392498
269157	914	0.13392498
269157	1756	0.13392498
269157	3704	0.13392498
269157	3993	0.13392498
269244	159	0.13749692
269244	236	0.13749692
269244	320	0.13749692
269244	346	0.13749692
269244	1567	0.13749692
269244	1855	0.13749692
269244	2873	0.13749692
269244	6863	0.13749692
269244	402	0.1374969
269244	755	0.1374969
269273	159	0.13728327
269273	180	0.13728327
269273	236	0.13728327
269273	320	0.13728327
269273	346	0.13728327
269273	578	0.13728327
269273	1442	0.13728327
269273	1726	0.13728327
269273	1855	0.13728327
269273	2338	0.13728327
269308	2249	0.11479672
269308	360	0.11479671
269308	706	0.11479671
269308	5455	0.11479671
269308	5660	0.11479671
269308	5952	0.11479671
269308	5668	0.1147967
269308	896	0.11460172
269308	2934	0.11460171
269308	976	0.1146017
269313	721	0.13268226
269313	1943	0.13268226
269313	6540	0.13268226
269313	6708	0.13268226
269313	1830	0.13268225
269313	2935	0.13268223
269313	3533	0.13268223
269313	4746	0.13268223
269313	5052	0.13268223
269313	5149	0.13268223
269321	2112	0.1152688
269321	4264	0.1152688
269321	5035	0.11526879
269321	795	0.11526878
269321	1609	0.11526878
269321	6705	0.11526878
269321	3935	0.11526877
269321	2111	0.11526875
269321	4926	0.11526875
269321	6479	0.11526874
269344	2269	0.14260474
269344	539	0.14260471
269344	1579	0.14260471
269344	2354	0.14260471
269344	2465	0.14260471
269344	4433	0.14260471
269344	5242	0.14260471
269344	5696	0.14260471
269344	1540	0.1426047
269344	2880	0.1426047
269353	4457	0.11272421
269353	492	0.1127242
269353	5093	0.1127242
269353	491	0.112724185
269353	4218	0.112724185
269353	741	0.11272418
269353	6211	0.11272417
269353	211	0.11190726
269353	4385	0.11190724
269353	2522	0.11190722
269378	858	0.14293197
269378	2156	0.14293197
269378	6057	0.14293197
269378	4493	0.14293195
269378	4524	0.14293195
269378	588	0.14293194
269378	632	0.14293194
269378	860	0.14293194
269378	945	0.14293194
269378	1641	0.14293194
269386	4057	0.123806745
269386	1035	0.12380674
269386	6888	0.12380673
269386	3720	0.12380672
269386	1499	0.123806715
269386	3411	0.123806715
269386	1801	0.12380671
269386	2311	0.12380671
269386	554	0.1238067
269386	2188	0.1238067
269439	2955	0.110749245
269439	503	0.11074923
269439	1346	0.11074923
269439	5434	0.11074923
269439	4300	0.110749215
269439	991	0.11074921
269439	339	0.1107492
269439	703	0.11074917
269439	456	0.11056024
269439	4573	0.110560216
269557	2867	0.12134351
269557	2513	0.1213435
269557	4501	0.12134349
269557	5254	0.121343486
269557	1257	0.121310756
269557	5867	0.121310756
269557	338	0.12131075
269557	5517	0.12131075
269557	6385	0.12131075
269557	3445	0.12131074
269702	2121	0.1135517
269702	1447	0.113551676
269702	4163	0.113551676
269702	4304	0.113551676
269702	2279	0.11355167
269702	2732	0.11355167
269702	3712	0.11355166
269702	5381	0.11355166
269702	1690	0.113551654
269702	316	0.11355165
269719	5840	0.13958143
269719	995	0.13958141
269719	3312	0.13958141
269719	3635	0.13958141
269719	5603	0.13958141
269719	5686	0.13958141
269719	6823	0.13958141
269719	1551	0.1395814
269719	507	0.13958138
269719	3400	0.13958138
269728	2524	0.13184288
269728	5499	0.13184288
269728	551	0.13184287
269728	2779	0.13184287
269728	4473	0.13184287
269728	580	0.13184285
269728	617	0.13184285
269728	927	0.13184285
269728	1547	0.13184285
269728	2155	0.13184285
269738	5614	0.12730995
269738	1614	0.1273099
269738	2112	0.12717794
269738	4264	0.12717794
269738	795	0.12717792
269738	1609	0.12717792
269738	6705	0.12717792
269738	2111	0.12717791
269738	3935	0.1271779
269738	4926	0.1271779
269759	4989	0.14105108
269759	1752	0.14105107
269759	110	0.14105105
269759	886	0.14105105
269759	1159	0.14105105
269759	1360	0.14105105
269759	1791	0.14105105
269759	2179	0.14105105
269759	2365	0.14105105
269759	2640	0.14105105
269799	1532	0.11215049
269799	5405	0.11215049
269799	5733	0.11215049
269799	6217	0.11215049
269799	6782	0.11215049
269799	3159	0.112150475
269799	4978	0.112150475
269799	1162	0.11215047
269799	3909	0.11215047
269799	4050	0.111226395
269808	1398	0.12603292
269808	1541	0.12603292
269808	2782	0.12603292
269808	2889	0.12603292
269808	234	0.1260329
269808	378	0.1260329
269808	993	0.1260329
269808	1616	0.1260329
269808	1738	0.1260329
269808	1808	0.1260329
269835	744	0.14560102
269835	1731	0.14560102
269835	2997	0.14560102
269835	3613	0.14560102
269835	6675	0.14560102
269835	100	0.145601
269835	193	0.145601
269835	313	0.145601
269835	567	0.145601
269835	1207	0.145601
269890	159	0.13335088
269890	346	0.13335088
269890	1567	0.13335088
269890	1855	0.13335088
269890	2339	0.13335088
269890	2873	0.13335088
269890	180	0.13335086
269890	236	0.13335086
269890	320	0.13335086
269890	1442	0.13335086
270069	4865	0.14889945
270069	1471	0.14889944
270069	2158	0.14889944
270069	2856	0.14889944
270069	3762	0.14889944
270069	4381	0.14889944
270069	4483	0.14889944
270069	838	0.14889942
270069	3215	0.14889942
270069	3790	0.14889942
270121	4989	0.123554975
270121	1752	0.12355496
270121	110	0.12355495
270121	1159	0.12355495
270121	6043	0.12355495
270121	6765	0.12355495
270121	1144	0.123554945
270121	1778	0.123554945
270121	1791	0.123554945
270121	2179	0.123554945
270156	5405	0.10203552
270156	6217	0.10203552
270156	5733	0.102035515
270156	1162	0.10203551
270156	1532	0.10203551
270156	3159	0.10203551
270156	3909	0.10203551
270156	4978	0.10203551
270156	6782	0.10203551
270156	973	0.10202184
270211	896	0.13126494
270211	976	0.13126493
270211	2934	0.13126493
270211	3740	0.13126491
270211	3783	0.1312649
270211	5594	0.1312649
270211	1653	0.13126488
270211	1660	0.13126488
270211	2989	0.13126488
270211	5557	0.13126488
270226	2269	0.117844164
270226	1579	0.11784415
270226	4433	0.11784415
270226	539	0.11784414
270226	5242	0.11784414
270226	5915	0.11784414
270226	1540	0.117844135
270226	2354	0.117844135
270226	2465	0.117844135
270226	2880	0.117844135
270326	696	0.11128499
270326	635	0.111284986
270326	1550	0.111284986
270326	1578	0.111284986
270326	1774	0.111284986
270326	4156	0.111284986
270326	5227	0.111284986
270326	410	0.11128498
270326	446	0.11128498
270326	61	0.11128497
270339	545	0.13364802
270339	1307	0.13364801
270339	2134	0.13364801
270339	3859	0.13364801
270339	5422	0.13364801
270339	5887	0.13364801
270339	3303	0.133648
270339	4005	0.133648
270339	4276	0.133648
270339	138	0.13364798
270352	4264	0.14370766
270352	795	0.14370763
270352	1609	0.14370763
270352	5035	0.14370763
270352	6705	0.14370763
270352	4926	0.1437076
270352	6479	0.1437076
270352	3935	0.14370759
270352	1075	0.14370313
270352	2645	0.1437031
270401	4058	0.12703608
270401	4780	0.12703608
270401	6438	0.12703608
270401	683	0.12703606
270401	1189	0.12703606
270401	1180	0.12703604
270401	2187	0.12703604
270401	3425	0.12703604
270401	3004	0.12548159
270401	3510	0.12548158
270554	193	0.1299017
270554	744	0.1299017
270554	1207	0.1299017
270554	1731	0.1299017
270554	1918	0.1299017
270554	2997	0.1299017
270554	6675	0.1299017
270554	6887	0.1299017
270554	663	0.12990169
270554	1805	0.12990169
270605	535	0.13459177
270605	1522	0.13459177
270605	2045	0.13459177
270605	2377	0.13459177
270605	3374	0.13459177
270605	4716	0.13459177
270605	5743	0.13459177
270605	246	0.13459176
270605	1152	0.13459176
270605	1358	0.13459176
270629	4840	0.11665963
270629	5517	0.11665963
270629	5867	0.11665963
270629	338	0.11665962
270629	6385	0.11665961
270629	334	0.1166596
270629	1257	0.1166596
270629	2493	0.1166596
270629	3175	0.11665959
270629	1286	0.11665958
270666	4993	0.14364417
270666	1665	0.14364415
270666	2331	0.14364415
270666	5504	0.14364415
270666	1810	0.14364414
270666	3055	0.14364414
270666	656	0.14364412
270666	2679	0.14364412
270666	3476	0.14364412
270666	6348	0.14364412
270715	4760	0.13985947
270715	3879	0.13985944
270715	4105	0.13985944
270715	4726	0.13985944
270715	4988	0.13985944
270715	5353	0.13985944
270715	5502	0.13985944
270715	6222	0.13985944
270715	6456	0.13985942
270715	3008	0.13985941
270723	372	0.12052655
270723	1998	0.11910948
270723	4001	0.11872104
270723	6397	0.11845289
270723	2754	0.11845288
270723	710	0.118270025
270723	164	0.11827002
270723	4467	0.11827002
270723	6046	0.11827002
270723	4834	0.11827
270737	4493	0.155418
270737	858	0.15541798
270737	2767	0.15541798
270737	4524	0.15541798
270737	6055	0.15541798
270737	6057	0.15541798
270737	430	0.15541796
270737	588	0.15541796
270737	632	0.15541796
270737	945	0.15541796
270754	1319	0.13245626
270754	4415	0.13245626
270754	89	0.13245624
270754	2498	0.13245624
270754	6298	0.13245624
270754	2567	0.13245623
270754	3147	0.13245623
270754	4710	0.13245623
270754	5094	0.13245623
270754	6022	0.13245623
270801	5105	0.13407724
270801	3506	0.13407722
270801	4087	0.13407722
270801	5053	0.13407722
270801	52	0.1340772
270801	282	0.1340772
270801	5016	0.1340772
270801	6425	0.1340772
270801	337	0.13407719
270801	438	0.13407719
270820	2972	0.14114112
270820	3745	0.14114112
270820	4334	0.14114112
270820	5781	0.14114112
270820	264	0.1411411
270820	422	0.1411411
270820	504	0.1411411
270820	705	0.1411411
270820	892	0.1411411
270820	1743	0.1411411
270828	3327	0.1342282
270828	4835	0.1342282
270828	294	0.13422818
270828	2035	0.13422818
270828	4154	0.13422818
270828	4920	0.13422818
270828	5571	0.13422818
270828	83	0.13422817
270828	162	0.13422817
270828	163	0.13422817
270829	89	0.14157566
270829	1319	0.14157566
270829	2498	0.14157566
270829	4415	0.14157566
270829	6298	0.14157566
270829	1793	0.14157565
270829	1080	0.14157563
270829	2896	0.14157563
270829	3147	0.14157563
270829	4536	0.14157563
270838	4007	0.13953856
270838	5072	0.13953854
270838	92	0.13953853
270838	2334	0.13953853
270838	6579	0.13953853
270838	2081	0.13953851
270838	3836	0.13953851
270838	1306	0.1395385
270838	3770	0.13953848
270838	5076	0.13953848
270863	1578	0.13705078
270863	635	0.13705076
270863	1550	0.13705076
270863	1774	0.13705076
270863	2504	0.13705076
270863	5227	0.13705076
270863	61	0.13705075
270863	240	0.13705075
270863	410	0.13705075
270863	446	0.13705075
270897	1701	0.13185966
270897	5311	0.13185966
270897	5298	0.13185965
270897	841	0.13185963
270897	904	0.13185963
270897	1127	0.13185963
270897	2052	0.13185963
270897	3464	0.13185963
270897	4380	0.13185963
270897	4639	0.13185963
270906	546	0.14122099
270906	2687	0.14122099
270906	5019	0.14122099
270906	5315	0.14122099
270906	5333	0.14122099
270906	259	0.14122097
270906	326	0.14122097
270906	944	0.14122097
270906	1329	0.14122097
270906	1618	0.14122097
271000	3913	0.12903014
271000	388	0.12903011
271000	2800	0.12903011
271000	3197	0.12903011
271000	3285	0.12903011
271000	3550	0.12903011
271000	4062	0.12903011
271000	4169	0.12903011
271000	4438	0.12903011
271000	4869	0.12903011
271144	858	0.14552233
271144	6057	0.14552233
271144	2156	0.14552231
271144	4493	0.14552231
271144	420	0.1455223
271144	430	0.1455223
271144	588	0.1455223
271144	632	0.1455223
271144	945	0.1455223
271144	1519	0.1455223
271156	1943	0.110706866
271156	6540	0.110706866
271156	6708	0.110706866
271156	721	0.11070686
271156	2935	0.11070685
271156	1830	0.11070684
271156	5995	0.11070684
271156	3533	0.110706836
271156	5052	0.110706836
271156	5149	0.110706836
271176	2509	0.13699977
271176	4620	0.13699977
271176	6237	0.13699977
271176	72	0.13699976
271176	368	0.13699976
271176	523	0.13699976
271176	1282	0.13699976
271176	3576	0.13699976
271176	3727	0.13699976
271176	5856	0.13699976
271195	701	0.121842176
271195	6652	0.121842176
271195	1957	0.12184217
271195	68	0.12184216
271195	1513	0.121842146
271195	2951	0.1217352
271195	5371	0.12173519
271195	459	0.121735185
271195	3396	0.121735185
271195	6825	0.121735185
271284	3726	0.10937032
271284	2808	0.109370306
271284	914	0.1093703
271284	3939	0.1093703
271284	4589	0.1093703
271284	300	0.10937029
271284	676	0.10937029
271284	1756	0.10937029
271284	2410	0.10937029
271284	3717	0.10937029
271306	503	0.1281782
271306	1346	0.1281782
271306	2955	0.1281782
271306	5434	0.1281782
271306	4300	0.12817818
271306	991	0.12817815
271306	703	0.12817812
271306	6680	0.12776841
271306	485	0.1277684
271306	720	0.1277684
271375	873	0.12810698
271375	1038	0.12810698
271375	5264	0.12810698
271375	874	0.12810697
271375	1170	0.12810697
271375	1262	0.12810697
271375	5269	0.12810697
271375	2988	0.12810695
271375	3225	0.12536323
271375	2810	0.12536322
271448	696	0.11842724
271448	635	0.11842723
271448	1550	0.11842723
271448	1578	0.11842723
271448	1774	0.11842723
271448	2504	0.118427224
271448	4791	0.118427224
271448	5227	0.118427224
271448	410	0.11842722
271448	446	0.11842722
271460	893	0.14167729
271460	5768	0.14167729
271460	26	0.14167726
271460	149	0.14167726
271460	441	0.14167726
271460	761	0.14167726
271460	3545	0.14167726
271460	3634	0.14167725
271460	6877	0.14167725
271460	4314	0.14167723
271503	635	0.13798228
271503	696	0.13798228
271503	1578	0.13798228
271503	1774	0.13798228
271503	410	0.13798226
271503	1901	0.13798226
271503	4156	0.13798226
271503	5227	0.13798226
271503	61	0.13798225
271503	240	0.13798225
271531	95	0.13232437
271531	5695	0.13232434
271531	5326	0.1319578
271531	187	0.13182184
271531	4522	0.13182184
271531	6126	0.13145532
271531	5133	0.1301029
271531	456	0.12973644
271531	4573	0.12973642
271531	1102	0.1297364
271538	696	0.119886085
271538	635	0.11988608
271538	1550	0.11988608
271538	1578	0.11988608
271538	446	0.11988607
271538	1774	0.11988607
271538	1901	0.11988607
271538	2504	0.11988607
271538	4156	0.11988607
271538	4878	0.11988607
271557	6675	0.13585314
271557	6887	0.13585313
271557	100	0.13585311
271557	193	0.13585311
271557	567	0.13585311
271557	744	0.13585311
271557	926	0.13585311
271557	1207	0.13585311
271557	1709	0.13585311
271557	1731	0.13585311
271558	95	0.10686782
271558	5695	0.106867805
271558	3780	0.10617626
271558	2210	0.10617624
271558	2216	0.10617624
271558	3942	0.10617624
271558	5111	0.10617624
271558	6559	0.10617624
271558	800	0.106176235
271558	1908	0.106176235
271587	1319	0.13338736
271587	6298	0.13338734
271587	89	0.13338733
271587	2498	0.13338733
271587	3147	0.13338733
271587	4415	0.13338733
271587	4536	0.13338733
271587	1793	0.13338731
271587	4956	0.13338731
271587	5094	0.13338731
271588	3789	0.15246597
271588	9	0.15246592
271588	84	0.15246591
271588	3137	0.15246591
271588	4355	0.15246591
271588	3787	0.15088189
271588	1441	0.15088186
271588	2832	0.15088186
271588	3076	0.15088186
271588	3452	0.15088186
271622	2481	0.150711
271622	788	0.15071099
271622	2842	0.15071099
271622	3765	0.15071099
271622	6723	0.15071099
271622	1275	0.15071097
271622	1425	0.15071097
271622	1552	0.15071097
271622	2053	0.15071097
271622	2796	0.15071097
271659	2185	0.12453716
271659	5100	0.124375105
271659	2639	0.1243751
271659	5084	0.12437509
271659	2688	0.124375075
271659	3331	0.124375075
271659	6136	0.12262151
271659	6595	0.12262151
271659	609	0.122532636
271659	4393	0.121476494
271705	2481	0.18636191
271705	788	0.1863619
271705	1275	0.18636188
271705	2796	0.18636188
271705	2842	0.18636188
271705	3765	0.18636188
271705	4950	0.18636188
271705	6331	0.18636188
271705	6723	0.18636188
271705	1552	0.18636186
271833	6046	0.12570424
271833	164	0.12570423
271833	710	0.12570423
271833	2674	0.12570423
271833	4467	0.12570423
271833	5159	0.12570421
271833	2299	0.1257042
271833	2627	0.1257042
271833	3320	0.1257042
271833	4833	0.1257042
272120	995	0.13091806
272120	3635	0.13091806
272120	5686	0.13091806
272120	5840	0.13091806
272120	6823	0.13091806
272120	1551	0.13091804
272120	3312	0.13091804
272120	5603	0.13091804
272120	6798	0.13091803
272120	5023	0.13091801
272202	1034	0.12528855
272202	4922	0.12528855
272202	6346	0.12528855
272202	354	0.12528853
272202	463	0.12528853
272202	1031	0.12528853
272202	1148	0.12528853
272202	1787	0.12528853
272202	2307	0.12528853
272202	3187	0.12528853
272225	3396	0.11878041
272225	6825	0.11878041
272225	2951	0.118780404
272225	6605	0.118780404
272225	2004	0.1187804
272225	4259	0.1187804
272225	5371	0.1187804
272225	459	0.11878039
272225	1247	0.11878038
272225	1301	0.11878038
272233	1501	0.13992152
272233	1545	0.13992149
272233	1659	0.13992147
272233	538	0.13992146
272233	1916	0.13992146
272233	1937	0.13992146
272233	3949	0.13992146
272233	302	0.13992144
272233	3440	0.13992143
272233	1027	0.13992141
272385	358	0.121012986
272385	871	0.12101297
272385	2508	0.121012956
272385	2675	0.121012956
272385	3662	0.121012956
272385	6515	0.121012956
272385	1797	0.12101293
272385	2977	0.12056106
272385	3500	0.12002456
272385	5297	0.120024554
272395	770	0.1283011
272395	4228	0.1283011
272395	4685	0.12830108
272395	311	0.12830107
272395	1811	0.12830107
272395	2726	0.12830107
272395	3353	0.12830107
272395	4225	0.12830107
272395	24	0.12830105
272395	151	0.12830105
272407	2269	0.120267525
272407	539	0.120267496
272407	1579	0.120267496
272407	4433	0.120267496
272407	5242	0.120267496
272407	2880	0.12026749
272407	5696	0.12026749
272407	5915	0.12026749
272407	1540	0.12026748
272407	2354	0.12026748
272423	236	0.13309553
272423	320	0.13309553
272423	346	0.13309553
272423	755	0.13309553
272423	1442	0.13309553
272423	1567	0.13309553
272423	1726	0.13309553
272423	1855	0.13309553
272423	2339	0.13309553
272423	2575	0.13309553
272573	2214	0.15423043
272573	6680	0.15423043
272573	720	0.15423042
272573	3039	0.15423042
272573	3125	0.15423042
272573	5163	0.15423042
272573	474	0.1542304
272573	485	0.1542304
272573	1496	0.1542304
272573	2215	0.1542304
272671	2947	0.13182822
272671	6778	0.13182822
272671	1827	0.13182819
272671	4904	0.13182819
272671	6337	0.13182819
272671	3081	0.13182817
272671	3404	0.13182817
272671	6278	0.13182817
272671	1621	0.13182816
272671	1826	0.13182816
272705	546	0.12179119
272705	944	0.12179119
272705	259	0.121791184
272705	1329	0.121791184
272705	1823	0.121791184
272705	1833	0.121791184
272705	2687	0.121791184
272705	3299	0.121791184
272705	3710	0.121791184
272705	5150	0.121791184
272715	2385	0.13439864
272715	5499	0.13401158
272715	6920	0.13401158
272715	8	0.13401157
272715	551	0.13401157
272715	580	0.13401157
272715	1547	0.13401157
272715	1963	0.13401157
272715	2524	0.13401157
272715	3173	0.13401157
272786	5517	0.12870958
272786	5867	0.12870958
272786	1257	0.12870957
272786	4840	0.12870957
272786	6385	0.12870957
272786	334	0.12870955
272786	2493	0.12870955
272786	3445	0.12870955
272786	6402	0.12870955
272786	3175	0.12870954
272810	4909	0.12382874
272810	3403	0.12382873
272810	6192	0.12382873
272810	6910	0.12382871
272810	382	0.1238287
272810	1037	0.1238287
272810	6263	0.1238287
272810	5974	0.12382869
272810	396	0.12382865
272810	6434	0.12287627
272890	159	0.11332689
272890	1855	0.11332689
272890	2873	0.11332689
272890	2339	0.113326885
272890	6334	0.113326885
272890	179	0.11332688
272890	180	0.11332688
272890	236	0.11332688
272890	320	0.11332688
272890	346	0.11332688
272961	3327	0.14842859
272961	4835	0.14842859
272961	4154	0.14842857
272961	83	0.14842856
272961	253	0.14842856
272961	294	0.14842856
272961	348	0.14842856
272961	454	0.14842856
272961	1002	0.14842856
272961	1728	0.14842856
273063	6150	0.13484976
273063	4690	0.13484974
273063	550	0.13484973
273063	1020	0.13484973
273063	2784	0.13484973
273063	5833	0.13484973
273063	6283	0.13484973
273063	201	0.13484971
273063	2391	0.13484971
273063	3201	0.13484971
273071	61	0.12771517
273071	410	0.12771517
273071	446	0.12771517
273071	635	0.12771517
273071	696	0.12771517
273071	1774	0.12771517
273071	1901	0.12771517
273071	1550	0.12771516
273071	1578	0.12771516
273071	2504	0.12771516
273086	1731	0.15104912
273086	193	0.1510491
273086	313	0.1510491
273086	744	0.1510491
273086	1207	0.1510491
273086	2997	0.1510491
273086	4197	0.1510491
273086	6675	0.1510491
273086	6887	0.1510491
273086	567	0.15104909
273089	2410	0.121570736
273089	3726	0.121570736
273089	3939	0.121570736
273089	5382	0.121570736
273089	914	0.12157073
273089	1756	0.12157073
273089	2808	0.12157073
273089	4589	0.12157073
273089	676	0.12157072
273089	2528	0.12157072
273110	380	0.14082608
273110	1589	0.14082608
273110	1882	0.14082608
273110	2063	0.14082608
273110	2117	0.14082608
273110	2795	0.14082608
273110	3184	0.14082608
273110	3431	0.14082608
273110	4114	0.14082608
273110	4538	0.14082608
273113	4204	0.14278343
273113	3253	0.1427834
273113	5766	0.1427834
273113	758	0.14278339
273113	2624	0.14278339
273113	3938	0.14278339
273113	579	0.14278337
273113	1613	0.14278337
273113	2305	0.14278337
273113	3153	0.14278337
273167	1075	0.13294525
273167	2645	0.13294522
273167	6747	0.13294521
273167	4604	0.1329452
273167	5213	0.1329452
273167	2104	0.13294518
273167	6000	0.13294518
273167	1652	0.13294517
273167	778	0.13284495
273167	1288	0.13284492
273190	3681	0.16167468
273190	6074	0.16167465
273190	6315	0.16167465
273190	6300	0.16167463
273190	1692	0.1616746
273190	2148	0.1616746
273190	5	0.16167459
273190	2544	0.16167459
273190	3238	0.16167459
273190	4051	0.16167459
273197	3413	0.14833875
273197	3414	0.14833875
273197	2295	0.14833874
273197	2721	0.1483387
273197	3337	0.14813906
273197	4299	0.14813906
273197	734	0.14813904
273197	2791	0.14813904
273197	1585	0.1479814
273197	3151	0.14798139
273307	581	0.13299309
273307	3625	0.13299309
273307	232	0.13299307
273307	384	0.13299307
273307	732	0.13299307
273307	1436	0.13299307
273307	1512	0.13299307
273307	1554	0.13299307
273307	1680	0.13299307
273307	3480	0.13299307
273318	159	0.12754555
273318	1855	0.12754555
273318	2873	0.12754555
273318	179	0.12754554
273318	180	0.12754554
273318	236	0.12754554
273318	320	0.12754554
273318	346	0.12754554
273318	755	0.12754554
273318	1090	0.12754554
273336	3946	0.15947261
273336	4189	0.15947261
273336	4665	0.15947261
273336	714	0.1594726
273336	6012	0.1594726
273336	481	0.15947258
273336	1903	0.15947258
273336	2322	0.15947258
273336	2521	0.15947258
273336	2821	0.15947258
273344	1812	0.13090517
273344	5043	0.13090517
273344	5448	0.13090517
273344	988	0.13090515
273344	1872	0.13090515
273344	283	0.13090514
273344	306	0.13090514
273344	690	0.13090514
273344	1089	0.13090514
273344	1596	0.13090514
273440	176	0.13119924
273440	675	0.13119924
273440	5795	0.13119924
273440	5864	0.13119924
273440	440	0.13119923
273440	1380	0.13119923
273440	2335	0.13119923
273440	2924	0.13119923
273440	5276	0.13119923
273440	6740	0.13119923
273465	1274	0.13127908
273465	1276	0.1311433
273465	6245	0.13019451
273465	4263	0.1301945
273465	6308	0.1301945
273465	3994	0.13019449
273465	6792	0.13019449
273465	6536	0.1300588
273465	6687	0.1300588
273465	822	0.13005878
273507	2457	0.13192642
273507	2752	0.13192642
273507	4293	0.13192642
273507	5558	0.13192642
273507	6341	0.13192642
273507	2803	0.1319264
273507	3916	0.1319264
273507	5468	0.1319264
273507	119	0.13192639
273507	628	0.13192639
273535	444	0.128714
273535	3882	0.128714
273535	2788	0.12871398
273535	6335	0.12871398
273535	165	0.12871397
273535	381	0.12871397
273535	2235	0.12871397
273535	2944	0.12871397
273535	3015	0.12871397
273535	3072	0.12871397
273635	5105	0.14023411
273635	4087	0.14023408
273635	5016	0.14023408
273635	5053	0.14023408
273635	282	0.14023407
273635	883	0.14023407
273635	1066	0.14023407
273635	3506	0.14023407
273635	4931	0.14023407
273635	6427	0.14023407
273718	6655	0.18335181
273718	786	0.18335178
273718	5813	0.18335178
273718	3563	0.18335176
273718	6185	0.18335174
273718	3165	0.18335173
273718	4418	0.18335171
273718	2952	0.18277071
273718	6629	0.1827707
273718	2953	0.18277062
273805	2093	0.12055049
273805	5337	0.12055047
273805	2794	0.12035668
273805	2926	0.120356664
273805	1461	0.11882572
273805	3481	0.11882572
273805	1141	0.11882569
273805	4752	0.11882569
273805	6748	0.11882569
273805	6152	0.118825674
273813	696	0.11814956
273813	635	0.118149556
273813	1578	0.118149556
273813	1774	0.118149556
273813	410	0.11814955
273813	1550	0.11814955
273813	1901	0.11814955
273813	2504	0.11814955
273813	4156	0.11814955
273813	5227	0.11814955
273869	1731	0.15147065
273869	313	0.15147063
273869	744	0.15147063
273869	1709	0.15147063
273869	1918	0.15147063
273869	2222	0.15147063
273869	2983	0.15147063
273869	2997	0.15147063
273869	6675	0.15147063
273869	6887	0.15147063
273906	5499	0.12718171
273906	551	0.1271817
273906	927	0.12718168
273906	1547	0.12718168
273906	2524	0.12718168
273906	2779	0.12718168
273906	3173	0.12718168
273906	5109	0.12718168
273906	6157	0.12718168
273906	6682	0.12718168
273976	4989	0.11829302
273976	1752	0.11829301
273976	6765	0.11829301
273976	110	0.118293
273976	1159	0.118293
273976	2179	0.118293
273976	3469	0.118293
273976	1360	0.118292995
273976	2640	0.118292995
273976	6043	0.118292995
273979	1502	0.12524036
273979	350	0.12524034
273979	1212	0.12524033
273979	1946	0.12524033
273979	5193	0.12524033
273979	5279	0.12524033
273979	5985	0.12524033
273979	1514	0.12524031
273979	1630	0.12524031
273979	3043	0.12524031
274004	410	0.11344573
274004	635	0.11344573
274004	696	0.11344573
274004	1578	0.11344573
274004	1774	0.11344573
274004	2504	0.11344573
274004	5227	0.11344573
274004	1550	0.11344572
274004	1901	0.11344572
274004	4878	0.11344572
274056	2755	0.11698588
274056	1236	0.11698586
274056	1927	0.11698586
274056	3229	0.11698586
274056	4919	0.11698586
274056	5702	0.11698586
274056	715	0.11698584
274056	2725	0.11698584
274056	4332	0.11698584
274056	6306	0.11698584
274111	631	0.13620797
274111	2860	0.13620797
274111	3161	0.13620797
274111	2939	0.13620795
274111	3066	0.13620795
274111	4669	0.13620795
274111	6282	0.13620795
274111	6453	0.13620795
274111	190	0.13620794
274111	598	0.13620794
274199	858	0.14897096
274199	6057	0.14897096
274199	430	0.14897093
274199	945	0.14897093
274199	2156	0.14897093
274199	2463	0.14897093
274199	4493	0.14897093
274199	4524	0.14897093
274199	6055	0.14897093
274199	632	0.14897092
274301	170	0.117342405
274301	169	0.1173424
274301	3221	0.1173424
274301	7	0.11734239
274301	1446	0.11734239
274301	1707	0.11734239
274301	5362	0.11734239
274301	6759	0.11734239
274301	611	0.11734238
274301	1612	0.11734238
274308	1470	0.13070495
274308	4397	0.13070494
274308	3228	0.13070492
274308	269	0.13060829
274308	2709	0.13060829
274308	4308	0.13060829
274308	6356	0.13060829
274308	6472	0.13060829
274308	6903	0.13060829
274308	1311	0.13060828
274325	4751	0.14155832
274325	2326	0.1415583
274325	5629	0.14155829
274325	1302	0.14155827
274325	1835	0.14155827
274325	5140	0.14155827
274325	789	0.14155826
274325	1174	0.14155826
274325	1185	0.14155826
274325	2252	0.14155826
274380	1812	0.12827684
274380	690	0.12827682
274380	1596	0.12827682
274380	1872	0.12827682
274380	5043	0.12827682
274380	5448	0.12827682
274380	5485	0.12827682
274380	5537	0.12827682
274380	283	0.12827681
274380	306	0.12827681
274393	1159	0.13787186
274393	1752	0.13787186
274393	4989	0.13787186
274393	6765	0.13787186
274393	110	0.13787185
274393	1360	0.13787185
274393	1791	0.13787185
274393	2179	0.13787185
274393	2640	0.13787185
274393	6615	0.13787185
274423	2168	0.1740461
274423	2676	0.1740461
274423	5729	0.17165351
274423	5823	0.17165351
274423	2563	0.1716535
274423	3088	0.17165348
274423	2533	0.17165345
274423	2863	0.17165345
274423	2864	0.17165343
274423	638	0.17165339
274466	2997	0.11847228
274466	6675	0.11847228
274466	1207	0.11847227
274466	1731	0.11847227
274466	3234	0.11847227
274466	4197	0.11847227
274466	193	0.11847226
274466	313	0.11847226
274466	744	0.11847226
274466	1709	0.11847226
274549	1123	0.10911496
274549	4026	0.10906339
274549	4029	0.10906338
274549	971	0.10906337
274549	2545	0.10906337
274549	67	0.109063365
274549	3361	0.109063365
274549	6900	0.109063365
274549	93	0.10906336
274549	1068	0.10906336
274618	1034	0.12730552
274618	1031	0.12730551
274618	1787	0.12730551
274618	2307	0.12730551
274618	3187	0.12730551
274618	3796	0.12730551
274618	3997	0.12730551
274618	4498	0.12730551
274618	4922	0.12730551
274618	5036	0.12730551
274634	6430	0.12507302
274634	3271	0.12507297
274634	780	0.12507294
274634	5020	0.12507294
274634	5716	0.12507294
274634	6731	0.12507293
274634	2214	0.12359194
274634	6105	0.12359194
274634	6680	0.12359194
274634	720	0.12359193
274656	2867	0.1077742
274656	2513	0.10777418
274656	4501	0.10777418
274656	5254	0.10777418
274656	338	0.10755773
274656	5867	0.10755773
274656	4840	0.10755772
274656	5517	0.107557714
274656	334	0.1075577
274656	1257	0.1075577
274808	6714	0.12996182
274808	1396	0.12996176
274808	4585	0.12996176
274808	5130	0.12962338
274808	115	0.12962335
274808	3586	0.12962335
274808	230	0.12962332
274808	356	0.12962332
274808	1117	0.12962332
274808	286	0.12962331
274881	545	0.13396119
274881	2134	0.13396119
274881	1307	0.13396117
274881	3303	0.13396117
274881	3859	0.13396117
274881	4543	0.13396117
274881	5422	0.13396117
274881	5887	0.13396117
274881	531	0.13396116
274881	1720	0.13396116
274925	581	0.13624218
274925	232	0.13624217
274925	732	0.13624217
274925	1512	0.13624217
274925	3581	0.13624217
274925	384	0.13624215
274925	411	0.13624215
274925	1436	0.13624215
274925	1554	0.13624215
274925	1564	0.13624215
274979	675	0.12651813
274979	176	0.12651812
274979	5795	0.12651812
274979	6740	0.12651812
274979	777	0.1265181
274979	1380	0.1265181
274979	2335	0.1265181
274979	2924	0.1265181
274979	3399	0.1265181
274979	5276	0.1265181
275020	2457	0.14575008
275020	2752	0.14575008
275020	2803	0.14575008
275020	3916	0.14575008
275020	4293	0.14575008
275020	5558	0.14575008
275020	6341	0.14575008
275020	119	0.14575006
275020	747	0.14575006
275020	1989	0.14575006
275075	6685	0.12294097
275075	3193	0.122940965
275075	607	0.12294096
275075	801	0.12294096
275075	1062	0.12294096
275075	1639	0.12294096
275075	2143	0.12294096
275075	3394	0.12294096
275075	3851	0.12294096
275075	5744	0.12294096
275111	3469	0.13553143
275111	4989	0.13553143
275111	110	0.13553141
275111	1752	0.13553141
275111	6765	0.13553141
275111	700	0.1355314
275111	886	0.1355314
275111	1144	0.1355314
275111	1159	0.1355314
275111	1360	0.1355314
275154	4751	0.10988543
275154	1302	0.10988541
275154	2326	0.10988541
275154	5140	0.10988541
275154	1174	0.1098854
275154	1835	0.1098854
275154	3525	0.1098854
275154	4181	0.1098854
275154	5629	0.1098854
275154	789	0.109885395
275210	159	0.14179713
275210	236	0.14179713
275210	320	0.14179713
275210	346	0.14179713
275210	1442	0.14179713
275210	1567	0.14179713
275210	1629	0.14179713
275210	1726	0.14179713
275210	1855	0.14179713
275210	2338	0.14179713
275220	714	0.15928894
275220	3946	0.15928894
275220	4189	0.15928894
275220	4665	0.15928894
275220	6012	0.15928894
275220	1497	0.15928891
275220	1903	0.15928891
275220	2322	0.15928891
275220	2518	0.15928891
275220	2821	0.15928891
275228	2752	0.13105723
275228	4293	0.13105723
275228	5558	0.13105723
275228	6341	0.13105723
275228	2457	0.13105722
275228	2803	0.13105722
275228	5468	0.13105722
275228	119	0.1310572
275228	628	0.1310572
275228	747	0.1310572
275264	788	0.14118776
275264	1425	0.14118776
275264	2481	0.14118776
275264	2842	0.14118776
275264	3765	0.14118776
275264	5390	0.14118776
275264	6440	0.14118776
275264	6723	0.14118776
275264	748	0.14118774
275264	1552	0.14118774
275306	1752	0.13488588
275306	4989	0.13488588
275306	110	0.13488586
275306	1360	0.13488586
275306	1791	0.13488586
275306	6043	0.13488586
275306	6765	0.13488586
275306	700	0.13488585
275306	886	0.13488585
275306	1144	0.13488585
275318	96	0.13342792
275318	4557	0.13342792
275318	4898	0.13342792
275318	6535	0.13342792
275318	570	0.1334279
275318	572	0.1334279
275318	709	0.1334279
275318	785	0.1334279
275318	1486	0.1334279
275318	1802	0.1334279
275383	5060	0.11459755
275383	512	0.114400215
275383	3116	0.11440016
275383	3010	0.11412807
275383	1617	0.11393069
275383	6878	0.11393069
275383	996	0.11393067
275383	4844	0.113403864
275383	2841	0.11340384
275383	4452	0.11340384
275401	5418	0.12219976
275401	6405	0.12219976
275401	2017	0.122199714
275401	699	0.122040235
275401	5731	0.1220402
275401	2030	0.12007119
275401	1111	0.120071165
275401	5085	0.12007116
275401	6727	0.12007116
275401	4976	0.11991165
275439	3336	0.11696313
275439	2064	0.116963126
275439	1854	0.11696312
275439	4305	0.11696312
275439	5793	0.11696312
275439	317	0.11696311
275439	258	0.1169631
275439	1782	0.1169631
275439	1821	0.1169631
275439	2710	0.116963096
275476	444	0.13460141
275476	3882	0.13460141
275476	2788	0.1346014
275476	381	0.13460138
275476	3072	0.13460138
275476	6335	0.13460138
275476	6856	0.13460138
275476	165	0.13460137
275476	2235	0.13460137
275476	4234	0.13460137
275481	4211	0.13548559
275481	1057	0.13548556
275481	2760	0.13548556
275481	3061	0.13548556
275481	3274	0.13548556
275481	5179	0.13548556
275481	5841	0.13548556
275481	5925	0.13548556
275481	5967	0.13548556
275481	4011	0.13548554
275520	6714	0.12387562
275520	4585	0.12387556
275520	1812	0.12368661
275520	5043	0.123686604
275520	5448	0.123686604
275520	690	0.12368659
275520	2713	0.12368659
275520	5485	0.12368659
275520	5537	0.12368659
275520	1596	0.12368658
275611	1855	0.1273261
275611	2873	0.1273261
275611	159	0.12732609
275611	180	0.12732609
275611	236	0.12732609
275611	346	0.12732609
275611	2339	0.12732609
275611	2575	0.12732609
275611	5553	0.12732609
275611	6599	0.12732609
275638	4769	0.13925359
275638	4877	0.13925359
275638	5773	0.13925359
275638	2411	0.13925356
275638	3540	0.13925356
275638	5561	0.1389807
275638	109	0.13898069
275638	1197	0.13898069
275638	3680	0.13898069
275638	4581	0.13898069
275673	720	0.15172341
275673	3125	0.15172341
275673	2214	0.1517234
275673	3039	0.1517234
275673	6014	0.1517234
275673	6680	0.1517234
275673	75	0.15172338
275673	485	0.15172338
275673	975	0.15172338
275673	981	0.15172338
275732	4620	0.13700907
275732	72	0.13700905
275732	523	0.13700905
275732	1282	0.13700905
275732	2509	0.13700905
275732	6237	0.13700905
275732	368	0.13700904
275732	3576	0.13700904
275732	3727	0.13700904
275732	5856	0.13700904
275758	4898	0.15581591
275758	96	0.1558159
275758	570	0.1558159
275758	990	0.1558159
275758	1486	0.1558159
275758	1802	0.1558159
275758	4557	0.1558159
275758	5313	0.1558159
275758	5874	0.1558159
275758	6212	0.1558159
275761	354	0.13017055
275761	1034	0.13017055
275761	1787	0.13017055
275761	3796	0.13017055
275761	4498	0.13017055
275761	4922	0.13017055
275761	5036	0.13017055
275761	1031	0.13017054
275761	2307	0.13017054
275761	3499	0.13017054
275922	1259	0.11196761
275922	6716	0.11196761
275922	182	0.11196759
275922	1533	0.11196759
275922	50	0.111967586
275922	879	0.111967586
275922	1339	0.111967586
275922	1393	0.111967586
275922	2744	0.111967586
275922	3330	0.111967586
275970	858	0.1875597
275970	2156	0.18755968
275970	6057	0.18755968
275970	632	0.18755966
275970	945	0.18755966
275970	1643	0.18755966
275970	2463	0.18755966
275970	2767	0.18755966
275970	4493	0.18755966
275970	4524	0.18755966
275994	83	0.13172814
275994	294	0.13172814
275994	348	0.13172814
275994	1728	0.13172814
275994	1852	0.13172814
275994	3327	0.13172814
275994	4154	0.13172814
275994	4835	0.13172814
275994	4920	0.13172814
275994	5046	0.13172814
276017	3184	0.14464009
276017	4114	0.14464007
276017	4812	0.14464007
276017	1493	0.14464006
276017	1589	0.14464006
276017	2063	0.14464006
276017	2117	0.14464006
276017	3150	0.14464006
276017	3431	0.14464006
276017	3889	0.14464006
276038	2331	0.14264286
276038	4993	0.14264286
276038	5504	0.14264286
276038	1665	0.14264283
276038	1810	0.14264283
276038	2679	0.14264283
276038	3055	0.14264283
276038	3476	0.14264283
276038	6348	0.14264283
276038	656	0.14264281
276050	1617	0.11597194
276050	6878	0.11597193
276050	996	0.11597192
276050	5973	0.11579962
276050	6719	0.11553143
276050	6889	0.11543701
276050	6652	0.11509187
276050	701	0.11509186
276050	1957	0.11509185
276050	1513	0.115091845
276071	546	0.12721355
276071	944	0.12721354
276071	1823	0.12721354
276071	2687	0.12721354
276071	3299	0.12721354
276071	3710	0.12721354
276071	5019	0.12721354
276071	5315	0.12721354
276071	5333	0.12721354
276071	6763	0.12721354
276165	3099	0.12264402
276165	3279	0.12264402
276165	5113	0.12264402
276165	5189	0.12264401
276165	6914	0.12264401
276165	1829	0.122644
276165	4018	0.122644
276165	6584	0.122643985
276165	2839	0.12264398
276165	3635	0.12116645
276167	714	0.13805673
276167	3946	0.13805673
276167	4189	0.13805673
276167	6012	0.13805673
276167	4665	0.13805671
276167	2322	0.1380567
276167	2518	0.1380567
276167	2521	0.1380567
276167	2705	0.1380567
276167	2821	0.1380567
276231	1915	0.14959669
276231	3502	0.14959668
276231	270	0.14959666
276231	514	0.14959666
276231	1344	0.14959666
276231	2341	0.14959666
276231	2603	0.14959666
276231	2632	0.14959666
276231	3819	0.14959666
276231	3874	0.14959666
276291	1892	0.11065548
276291	1856	0.110655464
276291	206	0.11065546
276291	1714	0.11065546
276291	1261	0.11065544
276291	1376	0.11065544
276291	4905	0.11065544
276291	5080	0.11065544
276291	794	0.11065543
276291	3775	0.11065543
276307	3467	0.1496468
276307	109	0.14949167
276307	2996	0.14949167
276307	5561	0.14949167
276307	6064	0.14949167
276307	3680	0.14949165
276307	1167	0.14949164
276307	1197	0.14949164
276307	4581	0.14949164
276307	6100	0.14949164
276313	6569	0.12715594
276313	642	0.12715593
276313	353	0.12715591
276313	3837	0.1271559
276313	6166	0.12600785
276313	6430	0.12579323
276313	3271	0.1257932
276313	5716	0.12579319
276313	780	0.12579317
276313	5020	0.12579316
276328	858	0.12759528
276328	4493	0.12759528
276328	6057	0.12759528
276328	632	0.12759526
276328	2156	0.12759526
276328	4524	0.12759526
276328	430	0.12759525
276328	588	0.12759525
276328	836	0.12759525
276328	860	0.12759525
276463	4989	0.11830756
276463	1360	0.118307546
276463	1752	0.118307546
276463	1791	0.118307546
276463	6043	0.118307546
276463	6765	0.118307546
276463	110	0.11830754
276463	1159	0.11830754
276463	2179	0.11830754
276463	2569	0.11830754
276521	5499	0.16827592
276521	6920	0.16827591
276521	551	0.1682759
276521	3173	0.1682759
276521	1547	0.16827588
276521	2155	0.16827588
276521	4718	0.16827588
276521	5109	0.16827588
276521	5119	0.16827588
276521	6123	0.16827588
276563	770	0.14330852
276563	4228	0.14330852
276563	3353	0.1433085
276563	4685	0.1433085
276563	24	0.14330849
276563	311	0.14330849
276563	1001	0.14330849
276563	1449	0.14330849
276563	1724	0.14330849
276563	1811	0.14330849
276641	2381	0.13230684
276641	1809	0.13230681
276641	1884	0.13230681
276641	6177	0.13230681
276641	3458	0.132155
276641	6703	0.13215499
276641	314	0.13215497
276641	952	0.13215497
276641	2973	0.13215497
276641	3182	0.13215497
276670	1731	0.13057372
276670	313	0.1305737
276670	663	0.13057369
276670	744	0.13057369
276670	1207	0.13057369
276670	1627	0.13057369
276670	1709	0.13057369
276670	1918	0.13057369
276670	2222	0.13057369
276670	2663	0.13057369
276680	2224	0.14791119
276680	1576	0.14791118
276680	2230	0.14791118
276680	3956	0.14791118
276680	4183	0.14791118
276680	1764	0.14791116
276680	2407	0.14791116
276680	2936	0.14791116
276680	3505	0.14791116
276680	3892	0.14791116
276681	3913	0.12138604
276681	2800	0.12138602
276681	3197	0.12138602
276681	5923	0.121386014
276681	6446	0.121386014
276681	388	0.12138601
276681	533	0.12138601
276681	3285	0.12138601
276681	4062	0.12138601
276681	4438	0.12138601
276688	373	0.1275002
276688	4590	0.12750019
276688	2416	0.12750018
276688	90	0.12750016
276688	492	0.12676473
276688	4457	0.12676471
276688	5093	0.12676471
276688	491	0.1267647
276688	741	0.12676468
276688	4218	0.12676468
