276847	372	0.053984668
276847	5049	0.053681597
276847	1	0.05368156
276847	6375	0.053506233
276847	2524	0.05306074
276847	6374	0.052738108
276847	1170	0.052579567
276847	4681	0.051714554
276847	2946	0.05163031
276847	2797	0.051564284
276964	5544	0.035906125
276964	6293	0.035886843
276964	5987	0.035849586
276964	6232	0.035807926
276964	850	0.03580195
276964	5822	0.035801932
276964	2072	0.035801914
276964	6376	0.035784177
276964	5463	0.03578414
276964	3662	0.035754383
277042	1261	0.06202051
277042	5815	0.061566588
277042	2867	0.061566543
277042	675	0.060774397
277042	1526	0.060721092
277042	739	0.060578153
277042	1690	0.060555734
277042	414	0.060363796
277042	3133	0.060356423
277042	1602	0.05981408
277157	3918	0.055855647
277157	4224	0.05585276
277157	1863	0.055852756
277157	1840	0.05584311
277157	3571	0.055843055
277157	3866	0.055820458
277157	1620	0.055820413
277157	3360	0.055820405
277157	5896	0.055738647
277157	3805	0.05571606
277195	3714	0.061798025
277195	4257	0.061608113
277195	1224	0.061262775
277195	6650	0.061260767
277195	2406	0.05998382
277195	5568	0.05992342
277195	1247	0.059907615
277195	6016	0.059907608
277195	5245	0.059907593
277195	1945	0.059781536
277203	4162	0.045070373
277203	3497	0.044993147
277203	5560	0.04494714
277203	6684	0.044575512
277203	6015	0.044543274
277203	3229	0.044531766
277203	1304	0.04452835
277203	6556	0.044482514
277203	4341	0.04445039
277203	1530	0.044440676
277378	2503	0.06395221
277378	1492	0.063456416
277378	693	0.06337665
277378	1947	0.06327864
277378	2991	0.06323634
277378	1177	0.06319425
277378	3520	0.06310521
277378	448	0.06306985
277378	68	0.06305395
277378	1076	0.06294712
277427	6169	0.044955365
277427	6382	0.044916503
277427	1796	0.04489091
277427	3799	0.044144318
277427	4883	0.04399897
277427	5401	0.043453123
277427	6385	0.0433833
277427	4029	0.043383278
277427	526	0.043235987
277427	1306	0.04321788
277439	1193	0.09296617
277439	645	0.09183035
277439	3909	0.09183031
277439	406	0.09131269
277439	4607	0.091198176
277439	2203	0.090798676
277439	692	0.090746865
277439	4183	0.09061977
277439	5184	0.09016362
277439	15	0.09013759
277478	5200	0.03372579
277478	917	0.033686846
277478	4424	0.033499405
277478	4420	0.03349296
277478	4861	0.03344956
277478	5585	0.033382975
277478	5904	0.033378944
277478	2843	0.033372104
277478	6500	0.033346783
277478	2475	0.033346407
277523	6503	0.04716111
277523	1780	0.047161065
277523	2786	0.04716106
277523	33	0.04707584
277523	443	0.04707582
277523	4226	0.046967942
277523	2489	0.04696793
277523	6006	0.046967912
277523	5838	0.04694903
277523	6209	0.04694903
277623	6158	0.038436785
277623	5596	0.038341545
277623	5864	0.038176857
277623	5568	0.038081557
277623	1430	0.038024336
277623	696	0.03798116
277623	227	0.03777206
277623	1938	0.03776342
277623	4235	0.037746586
277623	6650	0.037616648
277629	3177	0.04460077
277629	1743	0.044600707
277629	5340	0.044463947
277629	5675	0.044393104
277629	1328	0.044195764
277629	6250	0.043996938
277629	2820	0.043983825
277629	2064	0.04387907
277629	675	0.043869868
277629	778	0.043841265
277639	6865	0.049864307
277639	2950	0.04979896
277639	1594	0.049752876
277639	4432	0.049702376
277639	3213	0.049702324
277639	4882	0.04970231
277639	1068	0.04963173
277639	4332	0.049617458
277639	2063	0.04952987
277639	1447	0.04938852
277710	1758	0.0436513
277710	5951	0.043499336
277710	3028	0.04347236
277710	6837	0.043326706
277710	155	0.043325953
277710	294	0.043320186
277710	1624	0.043266926
277710	1298	0.0432669
277710	3257	0.0432669
277710	936	0.043266892
277744	2362	0.05547361
277744	459	0.055085685
277744	1436	0.054953575
277744	3855	0.05487589
277744	1411	0.054623377
277744	501	0.054497596
277744	2176	0.054272365
277744	4538	0.054272346
277744	1713	0.054030858
277744	937	0.053988658
277873	978	0.05197335
277873	590	0.051899694
277873	2918	0.051762715
277873	1490	0.051756486
277873	930	0.051575184
277873	3142	0.05157514
277873	465	0.05157513
277873	2369	0.05152131
277873	61	0.051285252
277873	2912	0.051208828
277922	1525	0.06183608
277922	1858	0.061779194
277922	662	0.061521787
277922	6649	0.06151633
277922	2064	0.061397143
277922	1694	0.06138746
277922	801	0.061358668
277922	1838	0.061358653
277922	2696	0.06129227
277922	3756	0.06129224
277928	109	0.04522542
277928	3124	0.045225374
277928	1893	0.04522537
277928	588	0.045225345
277928	4890	0.045225322
277928	3410	0.045225315
277928	5688	0.045225307
277928	3658	0.045049824
277928	3939	0.044995032
277928	1933	0.04482755
277937	5114	0.047904104
277937	5833	0.04786672
277937	1952	0.047833093
277937	1033	0.047745623
277937	938	0.047745604
277937	3482	0.047719933
277937	636	0.047707044
277937	2360	0.047707036
277937	2920	0.047707032
277937	3440	0.04770703
277945	755	0.06205197
277945	5146	0.061774403
277945	5989	0.0616634
277945	1837	0.061478756
277945	1846	0.061449524
277945	3905	0.06140316
277945	296	0.06140308
277945	3904	0.061364606
277945	445	0.0613441
277945	6381	0.061335504
277959	68	0.05910758
277959	4782	0.059106857
277959	882	0.059106853
277959	4247	0.059038185
277959	693	0.058626935
277959	1397	0.058622386
277959	6111	0.058574215
277959	4710	0.058557373
277959	552	0.058320925
277959	5936	0.058320913
277965	2229	0.059637796
277965	5387	0.059137926
277965	4870	0.058559798
277965	5023	0.05826059
277965	4949	0.05774951
277965	2738	0.057661064
277965	5760	0.05734369
277965	4305	0.057163574
277965	2765	0.056917816
277965	5352	0.056876056
278007	406	0.055010907
278007	1389	0.054506093
278007	420	0.053895853
278007	614	0.05375163
278007	5792	0.05374541
278007	1193	0.05367492
278007	1592	0.053555705
278007	1867	0.053518195
278007	3705	0.053410847
278007	645	0.053336255
278026	5224	0.055396475
278026	1292	0.055396467
278026	6850	0.055396464
278026	5952	0.055396456
278026	2047	0.05539644
278026	1419	0.055380657
278026	4756	0.05538065
278026	1421	0.055380642
278026	1049	0.055380628
278026	3822	0.055380628
278137	6061	0.036884815
278137	1105	0.03646987
278137	2050	0.03610962
278137	2282	0.03608903
278137	4668	0.035970468
278137	356	0.035936717
278137	6133	0.035912573
278137	1632	0.03591251
278137	4524	0.035894822
278137	2821	0.03575439
278188	4756	0.05405899
278188	1419	0.054058976
278188	3822	0.054058976
278188	1049	0.05405897
278188	1421	0.05405896
278188	5183	0.054058947
278188	6587	0.054058943
278188	3572	0.05405894
278188	5292	0.05405894
278188	6152	0.054058935
278194	6668	0.058134563
278194	2000	0.058134556
278194	553	0.05813455
278194	1172	0.05813451
278194	3955	0.05813448
278194	5041	0.058134474
278194	5052	0.058134466
278194	2252	0.05804486
278194	1681	0.058044843
278194	1234	0.058044817
278202	419	0.04997874
278202	200	0.049953967
278202	2269	0.04976674
278202	1300	0.049766727
278202	4441	0.049766727
278202	4090	0.049766712
278202	1876	0.04976669
278202	773	0.049708985
278202	753	0.049575135
278202	444	0.04946427
278221	1851	0.059044186
278221	3616	0.0589908
278221	2337	0.058794454
278221	3659	0.058680743
278221	451	0.058393236
278221	727	0.05811426
278221	3194	0.057941657
278221	320	0.0579346
278221	5765	0.0577529
278221	997	0.057612743
278356	1698	0.056050982
278356	2119	0.055382468
278356	926	0.055062965
278356	4247	0.055057645
278356	1750	0.055050872
278356	4055	0.055022486
278356	710	0.054918975
278356	482	0.054892622
278356	1574	0.054891974
278356	286	0.05485104
278390	5230	0.044387404
278390	440	0.044159893
278390	1251	0.04413607
278390	2744	0.044063166
278390	507	0.043816462
278390	5762	0.04377961
278390	1329	0.043548267
278390	1789	0.04353653
278390	715	0.043534458
278390	6004	0.043477982
278418	456	0.04350977
278418	6249	0.04342062
278418	5288	0.043412186
278418	3791	0.043309547
278418	4560	0.043072555
278418	2267	0.042891555
278418	2373	0.042867742
278418	526	0.042679526
278418	350	0.042433977
278418	4307	0.042329863
278535	3361	0.057229936
278535	5410	0.057229914
278535	2173	0.057229906
278535	3331	0.057229903
278535	4666	0.057083853
278535	4676	0.057083786
278535	3735	0.05708377
278535	1296	0.056973852
278535	3318	0.056836605
278535	3967	0.056836605
278554	2767	0.04866019
278554	1547	0.048660167
278554	2088	0.048064254
278554	2463	0.048000418
278554	3186	0.048000395
278554	6539	0.04800038
278554	889	0.04788302
278554	5201	0.04788302
278554	4731	0.04773698
278554	2969	0.04697145
278582	6721	0.045533027
278582	4014	0.04553301
278582	3543	0.04530713
278582	5020	0.045264672
278582	1692	0.04523192
278582	3296	0.04523188
278582	2323	0.04518398
278582	4453	0.045183964
278582	3745	0.045016017
278582	2368	0.044983014
278633	5792	0.07562731
278633	1389	0.07527177
278633	1764	0.07497327
278633	1592	0.0747901
278633	243	0.074184746
278633	1193	0.07380298
278633	3705	0.07376421
278633	1867	0.07374869
278633	645	0.07370668
278633	3909	0.07370664
278843	5567	0.044977628
278843	240	0.044662148
278843	3328	0.04463902
278843	1219	0.044636633
278843	457	0.04462049
278843	3631	0.04448938
278843	3373	0.044323247
278843	789	0.04432319
278843	1973	0.044323184
278843	4878	0.04432318
99	3438	0.044802897
99	18	0.044703558
99	1219	0.04466611
99	1627	0.044616934
99	240	0.044555448
99	435	0.04448048
99	3328	0.044353634
99	4181	0.044325665
99	4639	0.04432562
99	1320	0.04427538
114	291	0.039720446
114	328	0.03972042
114	4334	0.03962988
114	2987	0.039626647
114	145	0.03960742
114	5122	0.039599173
114	1855	0.039451905
114	2347	0.03945189
114	4512	0.039447486
114	136	0.03935456
243	3616	0.051524166
243	1851	0.05136913
243	727	0.051211074
243	3659	0.05092936
243	1444	0.05092889
243	2961	0.050928872
243	320	0.0504898
243	997	0.05040753
243	2870	0.05040752
243	2337	0.05026459
244	4227	0.04140246
244	85	0.041366205
244	1817	0.04123077
244	133	0.04123076
244	637	0.041224852
244	1781	0.04116785
244	628	0.041161947
244	1462	0.041120283
244	3796	0.040990256
244	1428	0.040978942
254	5662	0.05607697
254	574	0.055901505
254	5673	0.055712275
254	397	0.055676762
254	1600	0.05564824
254	886	0.055628292
254	1103	0.055627406
254	1070	0.055610932
254	3104	0.05554799
254	6709	0.055520155
388	1713	0.05978009
388	1411	0.059652723
388	1574	0.059611037
388	1071	0.05936839
388	1750	0.059211634
388	1603	0.058888152
388	2532	0.058719177
388	2809	0.05871915
388	3669	0.05871912
388	625	0.058638237
446	1141	0.036545783
446	4812	0.03650847
446	4023	0.03647037
446	1088	0.036323458
446	556	0.036266044
446	3619	0.036256347
446	6568	0.03624092
446	3243	0.036164254
446	3494	0.03616344
446	1898	0.036163405
503	1816	0.05139807
503	5617	0.05139803
503	2555	0.05119624
503	213	0.0511962
503	384	0.051175784
503	3527	0.05117578
503	1571	0.051175743
503	4356	0.050987244
503	4715	0.050848372
503	1499	0.050822884
505	589	0.06362576
505	4442	0.06343506
505	5205	0.06298603
505	1104	0.06279561
505	5618	0.06275238
505	95	0.06238
505	991	0.06227072
505	5136	0.06221454
505	1599	0.06217394
505	981	0.062101588
507	1353	0.04443427
507	2896	0.04442094
507	3123	0.04433074
507	5458	0.04431673
507	6681	0.044275925
507	6235	0.044275865
507	2424	0.044223953
507	4819	0.04421326
507	2535	0.044144385
507	6792	0.044144347
638	1764	0.049261756
638	243	0.04838769
638	4458	0.047901914
638	5140	0.047881417
638	1631	0.04736624
638	1592	0.04708408
638	645	0.047061555
638	3909	0.04706154
638	879	0.046613388
638	575	0.046541117
643	4280	0.05276857
643	4644	0.052658435
643	2705	0.052481778
643	2902	0.052377682
643	1869	0.052300014
643	75	0.05219379
643	2212	0.051923975
643	5273	0.051923946
643	6338	0.051923938
643	4585	0.05187694
651	2265	0.041105397
651	2076	0.041105375
651	3390	0.040976003
651	4555	0.040948145
651	3100	0.040948138
651	4556	0.04094813
651	2260	0.04094812
651	11	0.040948108
651	6377	0.040948108
651	848	0.040948104
709	2823	0.08616541
709	352	0.08501233
709	1630	0.0848179
709	2156	0.08413295
709	1253	0.083652005
709	689	0.08363184
709	5205	0.08287004
709	420	0.08286175
709	504	0.082825765
709	1066	0.082617156
735	6032	0.028406883
735	5263	0.028406855
735	648	0.028380342
735	4163	0.02838033
735	2077	0.028370768
735	442	0.028370757
735	4175	0.028344221
735	6554	0.028344218
735	1855	0.028321007
735	2347	0.028320994
805	5596	0.053854264
805	5568	0.053618908
805	696	0.05335875
805	1430	0.053278226
805	6158	0.053265817
805	5864	0.053030554
805	1938	0.052986767
805	646	0.052978195
805	5414	0.05297818
805	5953	0.05297818
834	4467	0.04386385
834	2415	0.043862097
834	6597	0.043785967
834	943	0.043769315
834	2381	0.043769307
834	1039	0.04375729
834	3494	0.04373227
834	1898	0.043732222
834	3243	0.04362988
834	312	0.04359329
882	6493	0.052374646
882	933	0.0523046
882	4870	0.051981695
882	6127	0.051547945
882	1691	0.051319476
882	2362	0.051271893
882	5620	0.05125965
882	2045	0.051253244
882	3877	0.051206484
882	5023	0.051176257
929	6281	0.045988265
929	153	0.04583656
929	2840	0.045413174
929	2828	0.04537149
929	1983	0.04533971
929	2520	0.045309946
929	4506	0.045301005
929	811	0.045300983
929	478	0.045300923
929	1641	0.04526017
1025	3104	0.062401995
1025	5662	0.062315434
1025	2317	0.061956957
1025	338	0.061813682
1025	341	0.061813667
1025	1260	0.061813645
1025	5601	0.061813608
1025	3581	0.061436355
1025	883	0.061208814
1025	4438	0.061208792
1075	1389	0.06610124
1075	420	0.065793395
1075	1490	0.06544568
1075	614	0.06533172
1075	410	0.06524259
1075	406	0.064730376
1075	2912	0.06446822
1075	2620	0.064375825
1075	2093	0.06406908
1075	4867	0.06391415
1116	3694	0.03993641
1116	1470	0.039875567
1116	3910	0.03986402
1116	6579	0.0397508
1116	2756	0.039712235
1116	802	0.03970122
1116	3936	0.03970121
1116	4464	0.0397012
1116	1888	0.039478302
1116	3889	0.039277412
1129	2918	0.040369466
1129	930	0.040354274
1129	465	0.040354244
1129	3142	0.04035424
1129	1058	0.040276427
1129	665	0.040270075
1129	1291	0.04026311
1129	978	0.04018557
1129	2469	0.040046155
1129	862	0.04000634
1131	5114	0.049893364
1131	1033	0.049777266
1131	938	0.049777254
1131	1027	0.04952474
1131	2407	0.049524736
1131	1777	0.049524724
1131	1655	0.049524687
1131	2194	0.049524687
1131	1559	0.049524643
1131	2480	0.049365703
1155	4416	0.046337985
1155	1145	0.046337977
1155	3371	0.04633797
1155	1437	0.046337944
1155	5173	0.046337932
1155	1906	0.04632714
1155	4759	0.04632162
1155	6378	0.046321608
1155	3210	0.04632158
1155	6292	0.04632158
1167	6789	0.036094442
1167	5259	0.035636928
1167	6337	0.035584833
1167	3626	0.035527974
1167	4967	0.03541012
1167	3053	0.03539765
1167	5298	0.03528886
1167	2636	0.035256896
1167	2351	0.03504286
1167	5260	0.035015542
1211	1369	0.060166985
1211	643	0.06016695
1211	5730	0.059958883
1211	941	0.059839047
1211	1156	0.05961007
1211	3587	0.059585653
1211	4279	0.059585623
1211	3022	0.05936239
1211	3523	0.05925764
1211	6709	0.05915431
1261	1286	0.058984708
1261	5570	0.058665723
1261	1212	0.05866572
1261	1616	0.058431465
1261	3342	0.058397382
1261	1680	0.058389597
1261	37	0.05816486
1261	653	0.058096193
1261	592	0.058093593
1261	6291	0.0580701
1409	881	0.039867945
1409	4276	0.039867926
1409	5556	0.0398679
1409	4159	0.039867897
1409	6468	0.039867897
1409	4093	0.039867893
1409	5776	0.03986788
1409	518	0.03982472
1409	5712	0.03981821
1409	1419	0.03976205
1412	693	0.05782723
1412	1947	0.057589814
1412	2503	0.05734115
1412	4710	0.057128377
1412	1492	0.05711245
1412	1177	0.05705242
1412	809	0.05691067
1412	6111	0.05684904
1412	85	0.05679498
1412	882	0.05668907
1424	4096	0.06254232
1424	2271	0.06254231
1424	2428	0.0625423
1424	2460	0.06254229
1424	5083	0.06254228
1424	3231	0.062542275
1424	2993	0.06254227
1424	1226	0.06254226
1424	1333	0.06254226
1424	71	0.06254224
1435	708	0.06192269
1435	434	0.061922617
1435	3064	0.061413325
1435	504	0.061269395
1435	1640	0.06105929
1435	2398	0.061059274
1435	5815	0.06054899
1435	2867	0.06054893
1435	971	0.060163777
1435	1261	0.059992388
1548	4787	0.050643496
1548	5165	0.050598815
1548	4665	0.05041888
1548	337	0.050418857
1548	5963	0.050296053
1548	6100	0.05022887
1548	2800	0.0501853
1548	6753	0.05012743
1548	2405	0.050061695
1548	3676	0.05006025
1585	4549	0.054727316
1585	2692	0.054719277
1585	777	0.05451493
1585	176	0.054514885
1585	1964	0.05438876
1585	2710	0.054355577
1585	712	0.054306936
1585	1269	0.05430685
1585	1272	0.05401646
1585	1617	0.053796116
1660	3133	0.04531101
1660	1602	0.04493557
1660	474	0.044474788
1660	102	0.04432955
1660	487	0.044031933
1660	5815	0.04401368
1660	2867	0.044013664
1660	20	0.04401366
1660	2837	0.04388221
1660	3280	0.043798424
1674	6251	0.042194154
1674	6869	0.042167153
1674	1415	0.041939735
1674	438	0.041939728
1674	5561	0.041868657
1674	6406	0.04180832
1674	1367	0.041805245
1674	1974	0.04176205
1674	3730	0.041722395
1674	2458	0.041715693
1733	1847	0.05967497
1733	3478	0.059651367
1733	1889	0.05955231
1733	1827	0.059552304
1733	3754	0.059280206
1733	659	0.058963835
1733	135	0.058909595
1733	6273	0.058889955
1733	3327	0.058889903
1733	2913	0.058881946
1848	831	0.05244157
1848	3064	0.052095428
1848	2007	0.051862054
1848	6674	0.05162389
1848	5054	0.051618807
1848	3790	0.051545355
1848	5879	0.0514745
1848	707	0.051449
1848	2541	0.051400434
1848	4471	0.051264778
1903	3605	0.053953674
1903	6507	0.053941794
1903	2473	0.053721778
1903	3675	0.05367773
1903	6511	0.05367197
1903	1645	0.053534273
1903	6891	0.05352902
1903	89	0.053529
1903	1276	0.053529
1903	3562	0.05342114
2010	3278	0.054872107
2010	1628	0.054049075
2010	6563	0.05395253
2010	3276	0.053780384
2010	9	0.05376648
2010	3277	0.05369162
2010	2898	0.05316336
2010	2164	0.053020127
2010	2426	0.053003877
2010	1995	0.05274074
2012	739	0.050913446
2012	5815	0.050301254
2012	2867	0.05030123
2012	20	0.050301228
2012	1602	0.050285332
2012	487	0.04997361
2012	1711	0.04968973
2012	3133	0.049176678
2012	474	0.048892185
2012	1071	0.048742536
2030	844	0.045081478
2030	2439	0.044899598
2030	726	0.044840656
2030	6481	0.044782966
2030	4439	0.044653375
2030	1622	0.044597037
2030	3804	0.04448995
2030	4869	0.04441843
2030	2180	0.04440217
2030	4293	0.04403696
2033	4570	0.04354451
2033	2215	0.04290559
2033	3285	0.042760774
2033	3315	0.04262674
2033	1596	0.04251745
2033	1446	0.042437024
2033	1073	0.042417467
2033	3957	0.04239362
2033	572	0.042321175
2033	2928	0.042192332
2041	862	0.045321256
2041	61	0.045028187
2041	590	0.044782735
2041	1291	0.044599608
2041	978	0.044593282
2041	1902	0.04433074
2041	352	0.044220664
2041	689	0.04416225
2041	2918	0.044133723
2041	227	0.044046074
2110	564	0.039224617
2110	2509	0.038967654
2110	1471	0.038939986
2110	5430	0.038935665
2110	3586	0.03891538
2110	3005	0.038882762
2110	2214	0.038818166
2110	2546	0.038693532
2110	2611	0.038682617
2110	2518	0.038682237
2139	2362	0.04362002
2139	459	0.04326678
2139	3855	0.04321088
2139	937	0.04319353
2139	152	0.04319352
2139	1436	0.04301354
2139	2176	0.04279217
2139	4538	0.042792153
2139	188	0.04257431
2139	414	0.04256732
2179	2317	0.065339714
2179	338	0.06514567
2179	341	0.06514566
2179	1260	0.065145634
2179	5601	0.065145604
2179	3104	0.065112084
2179	5662	0.06470682
2179	537	0.064480364
2179	183	0.06442322
2179	1070	0.06417625
2287	84	0.041473214
2287	330	0.04147316
2287	4921	0.041305162
2287	4031	0.04130514
2287	262	0.041009374
2287	2001	0.040938243
2287	6590	0.04089687
2287	1998	0.040858448
2287	2631	0.040842164
2287	2066	0.04083501
2288	507	0.058908015
2288	4442	0.058565255
2288	589	0.058559824
2288	5762	0.058214992
2288	6211	0.058110416
2288	5205	0.05768865
2288	1044	0.056682833
2288	4729	0.056506753
2288	4245	0.05625332
2288	1453	0.05622424
2313	447	0.047489546
2313	3730	0.0473316
2313	5903	0.047232345
2313	4758	0.04721632
2313	1788	0.047151007
2313	5579	0.047150977
2313	976	0.047068283
2313	2410	0.047057863
2313	741	0.047033407
2313	1367	0.0470334
2337	2918	0.054736394
2337	5401	0.054690734
2337	978	0.054622553
2337	3769	0.054586153
2337	930	0.05428663
2337	3142	0.054286577
2337	862	0.053965047
2337	1291	0.053905353
2337	1320	0.05388075
2337	435	0.053858597
2358	2322	0.041911002
2358	6367	0.04189855
2358	5741	0.041236177
2358	4848	0.041121468
2358	132	0.040822342
2358	1479	0.04082234
2358	3161	0.040571652
2358	3034	0.040440932
2358	5411	0.04036194
2358	6541	0.040345784
2399	3083	0.06907286
2399	874	0.06905387
2399	5306	0.0690351
2399	865	0.06895802
2399	834	0.06876686
2399	3946	0.06876686
2399	2540	0.068690054
2399	2014	0.06818318
2399	5740	0.06818317
2399	6783	0.06815408
2766	2503	0.06254958
2766	2991	0.062314283
2766	1492	0.061951652
2766	448	0.061860666
2766	1947	0.061511792
2766	1076	0.061458644
2766	6111	0.061420865
2766	693	0.061155125
2766	2387	0.06113302
2766	68	0.060887054
2891	98	0.05328259
2891	1884	0.052836798
2891	1433	0.052807227
2891	978	0.052738264
2891	4401	0.052641015
2891	4999	0.05263872
2891	1207	0.052539535
2891	2912	0.052464586
2891	2951	0.052376606
2891	1946	0.052348837
2977	2951	0.049036518
2977	435	0.048941966
2977	1219	0.04885608
2977	240	0.048430353
2977	930	0.048273835
2977	465	0.04827378
2977	3142	0.048273776
2977	1884	0.04824666
2977	2918	0.04820341
2977	1627	0.048202656
3145	3855	0.053773813
3145	1929	0.053668458
3145	4874	0.053668432
3145	2362	0.053644754
3145	459	0.053049795
3145	3877	0.053015683
3145	188	0.052952267
3145	530	0.05282323
3145	335	0.052792467
3145	2533	0.052701987
3167	885	0.05020574
3167	471	0.049888548
3167	6770	0.049836606
3167	480	0.049533177
3167	779	0.04933018
3167	4850	0.049322195
3167	622	0.049300425
3167	1463	0.049192224
3167	816	0.04918924
3167	3169	0.048836887
3282	2116	0.041125666
3282	6863	0.04104118
3282	6247	0.041041173
3282	1441	0.0410073
3282	4155	0.041007288
3282	5848	0.041007277
3282	3862	0.041007273
3282	2790	0.04100726
3282	4176	0.041007236
3282	2079	0.04092493
3329	892	0.04106696
3329	6250	0.041062623
3329	140	0.04087725
3329	1229	0.04080333
3329	1094	0.040799066
3329	1045	0.040799044
3329	1725	0.040799037
3329	2732	0.040788256
3329	267	0.040778726
3329	1328	0.04077032
3331	4118	0.045155037
3331	441	0.045155033
3331	290	0.045155026
3331	3030	0.045155007
3331	4082	0.045155007
3331	3861	0.04515495
3331	226	0.044951655
3331	251	0.04495163
3331	1618	0.044951603
3331	6241	0.044944845
3346	153	0.05164537
3346	5699	0.051284514
3346	6598	0.051269576
3346	877	0.051246252
3346	987	0.05120899
3346	2296	0.051159263
3346	784	0.051135823
3346	5884	0.051135764
3346	6170	0.051088396
3346	6729	0.051088385
3363	943	0.04214029
3363	2381	0.042140286
3363	4318	0.04209283
3363	495	0.0420928
3363	5703	0.0420928
3363	2228	0.04207451
3363	2393	0.042048655
3363	3119	0.04202333
3363	1895	0.041991528
3363	4662	0.04196941
3371	147	0.055628337
3371	4513	0.055628285
3371	1094	0.05561637
3371	1725	0.055616315
3371	2333	0.055421237
3371	159	0.055421196
3371	6918	0.05540914
3371	3906	0.055085197
3371	2732	0.05507388
3371	6250	0.055061758
3373	4201	0.06265274
3373	2063	0.06259888
3373	4432	0.062141217
3373	3213	0.062141143
3373	4882	0.062141124
3373	170	0.061971672
3373	4332	0.061923638
3373	1594	0.061847392
3373	6865	0.061610274
3373	346	0.061553948
3556	1411	0.05956114
3556	501	0.059549596
3556	2362	0.059247505
3556	3855	0.059094783
3556	1713	0.05905226
3556	1071	0.058845956
3556	1436	0.058729876
3556	1711	0.058600754
3556	1750	0.058490224
3556	1603	0.058368288
3578	1509	0.055336256
3578	6547	0.055261895
3578	1121	0.055168074
3578	6588	0.055159662
3578	904	0.055106565
3578	6120	0.055084176
3578	4779	0.055030502
3578	1108	0.055030484
3578	1130	0.055030435
3578	2547	0.054999903
3640	930	0.043169588
3640	465	0.043169543
3640	3142	0.04316953
3640	435	0.04279562
3640	4026	0.042731095
3640	2918	0.04267508
3640	665	0.042654213
3640	1601	0.042124536
3640	2951	0.042122953
3640	3769	0.042007037
3719	6699	0.040616363
3719	2304	0.040285625
3719	4852	0.04026343
3719	3767	0.040212274
3719	1063	0.040110946
3719	5843	0.04011094
3719	4256	0.040093586
3719	1861	0.040074494
3719	2344	0.04004995
3719	1069	0.040012144
3817	472	0.056318074
3817	988	0.056277372
3817	4471	0.05623938
3817	983	0.055833466
3817	5879	0.05549454
3817	5054	0.055440065
3817	3790	0.05531015
3817	4336	0.055181235
3817	339	0.055047855
3817	480	0.054866258
3827	4386	0.041886546
3827	2651	0.04183415
3827	3997	0.041833706
3827	5132	0.041826718
3827	3700	0.041788224
3827	4764	0.041756675
3827	5905	0.041752696
3827	3531	0.04165843
3827	2052	0.0416492
3827	4084	0.04163771
3840	6482	0.033414178
3840	2367	0.033062495
3840	4190	0.032843135
3840	3958	0.032707434
3840	1686	0.032639842
3840	3544	0.03262064
3840	1392	0.032620624
3840	6092	0.032615513
3840	3009	0.032543242
3840	959	0.03253309
3917	3540	0.050092548
3917	5400	0.04943205
3917	4123	0.049408052
3917	5672	0.049181253
3917	615	0.04918125
3917	3579	0.048946135
3917	4220	0.04893079
3917	3427	0.04892695
3917	6671	0.048833404
3917	4047	0.04883339
3923	3091	0.055069294
3923	4629	0.055061154
3923	5666	0.05506113
3923	6119	0.055061106
3923	5050	0.055061083
3923	4504	0.055002302
3923	2547	0.054861136
3923	5143	0.054837372
3923	4033	0.05483737
3923	6714	0.054837365
4017	1958	0.059891697
4017	6491	0.059789408
4017	2302	0.05963245
4017	2906	0.05958104
4017	4713	0.05958104
4017	211	0.059581004
4017	3129	0.05953227
4017	6257	0.05932183
4017	6044	0.05932176
4017	333	0.059107255
4098	708	0.079740286
4098	434	0.079740204
4098	5815	0.07909533
4098	20	0.0790953
4098	2867	0.07909526
4098	3064	0.078802586
4098	3581	0.077883646
4098	739	0.07749921
4098	341	0.07740554
4098	338	0.0774055
4157	2849	0.042384237
4157	1360	0.042384222
4157	5218	0.042303763
4157	5496	0.042303722
4157	2921	0.042277336
4157	5243	0.042242646
4157	609	0.042242616
4157	5906	0.042206954
4157	571	0.042162172
4157	4698	0.042135794
4197	6620	0.036751386
4197	3398	0.036751352
4197	6720	0.03648176
4197	1763	0.03648171
4197	3394	0.036452837
4197	4154	0.036231715
4197	5260	0.036138516
4197	3463	0.035935156
4197	6140	0.03592102
4197	4967	0.035834663
4221	1765	0.059501257
4221	1390	0.05950124
4221	2201	0.059469137
4221	2354	0.059459712
4221	3305	0.059125125
4221	5001	0.058996577
4221	4617	0.058963224
4221	1952	0.058782548
4221	3419	0.05877878
4221	1540	0.058737114
4334	3196	0.05047122
4334	779	0.04991182
4334	2826	0.04978633
4334	6803	0.04970953
4334	2868	0.049709484
4334	1031	0.04932841
4334	1011	0.04903558
4334	3135	0.048963986
4334	5686	0.048854195
4334	5054	0.048819896
4483	5930	0.043579265
4483	4251	0.043347187
4483	1982	0.043302633
4483	2882	0.043285802
4483	5858	0.043150168
4483	5164	0.043128412
4483	5829	0.043119445
4483	1516	0.043087505
4483	3121	0.043066483
4483	6495	0.04306581
4622	2282	0.045557722
4622	6061	0.045485124
4622	2928	0.04527395
4622	1105	0.045201417
4622	5563	0.04518386
4622	1258	0.04498563
4622	3928	0.044985626
4622	1962	0.044985607
4622	3803	0.0449856
4622	42	0.044985592
4785	987	0.036810793
4785	2215	0.03671875
4785	3315	0.0366998
4785	153	0.03663906
4785	5649	0.03663501
4785	6023	0.036634877
4785	2493	0.036529373
4785	3512	0.036473498
4785	1358	0.036463298
4785	4160	0.03638269
4795	3943	0.082895815
4795	1630	0.08210738
4795	2456	0.08184041
4795	2823	0.08180457
4795	1550	0.0817754
4795	61	0.08129092
4795	614	0.08127406
4795	1490	0.081254385
4795	1253	0.081245646
4795	1902	0.08093588
4809	1070	0.054142248
4809	983	0.053798586
4809	4471	0.05376914
4809	816	0.053475633
4809	1405	0.05340974
4809	3169	0.05319749
4809	988	0.05313616
4809	622	0.05310254
4809	3197	0.053024285
4809	472	0.052977763
4938	2692	0.060805753
4938	2710	0.060727924
4938	1617	0.060651682
4938	1964	0.060548197
4938	4549	0.060508735
4938	712	0.060492836
4938	1269	0.060492735
4938	1272	0.060281623
4938	777	0.060081705
4938	176	0.060081653
5037	1709	0.06600326
5037	971	0.06499939
5037	715	0.06481993
5037	589	0.064662926
5037	1251	0.06453948
5037	2725	0.06451523
5037	5762	0.06411269
5037	504	0.06381434
5037	507	0.06365047
5037	2543	0.0626106
5209	4470	0.041083194
5209	3830	0.041023806
5209	3828	0.041023735
5209	2245	0.040916167
5209	5752	0.04084605
5209	3000	0.040759403
5209	6357	0.04056602
5209	823	0.040565975
5209	3825	0.040565964
5209	2145	0.040451504
5385	4847	0.045066644
5385	845	0.04497558
5385	5654	0.04497557
5385	6676	0.044898532
5385	4171	0.04487601
5385	630	0.044851042
5385	6323	0.044851013
5385	2902	0.044789687
5385	6220	0.044711888
5385	3989	0.044665575
5439	1817	0.071539596
5439	133	0.07153957
5439	6111	0.07130547
5439	1574	0.07114869
5439	710	0.071147434
5439	3796	0.07107191
5439	4710	0.071033016
5439	1781	0.07091097
5439	4247	0.07061927
5439	1698	0.070380196
5476	15	0.05921807
5476	59	0.05879861
5476	2203	0.05862285
5476	999	0.058366455
5476	2963	0.058280148
5476	619	0.057940144
5476	329	0.05794013
5476	2467	0.057931505
5476	4696	0.057771545
5476	577	0.05777154
5499	4911	0.048186697
5499	769	0.048162747
5499	3488	0.048107482
5499	4311	0.048066672
5499	3202	0.048066646
5499	5333	0.048066646
5499	4934	0.04806664
5499	6659	0.04795953
5499	3617	0.04783982
5499	2483	0.047839783
5539	260	0.03321438
5539	4674	0.032932222
5539	3564	0.03289183
5539	1710	0.032837335
5539	4962	0.032808077
5539	6670	0.03273605
5539	1475	0.03272625
5539	1380	0.032645214
5539	2653	0.03254437
5539	4970	0.03254102
5582	6825	0.061203703
5582	6013	0.060838453
5582	569	0.059978135
5582	6691	0.05997546
5582	5365	0.059975445
5582	5043	0.059087537
5582	1087	0.05833969
5582	2146	0.05811339
5582	277	0.057812624
5582	3919	0.05769962
5665	4355	0.0304292
5665	6199	0.03028509
5665	6242	0.030256547
5665	4933	0.030243758
5665	4615	0.0302089
5665	3773	0.03019508
5665	3648	0.030188989
5665	3739	0.03018143
5665	139	0.030032821
5665	3842	0.029999092
5728	2703	0.054860123
5728	3078	0.054770153
5728	4032	0.05456283
5728	1038	0.05454821
5728	6089	0.054547645
5728	6239	0.054499675
5728	6431	0.054471325
5728	4643	0.054454863
5728	283	0.054431673
5728	2442	0.054364353
5741	3648	0.05195348
5741	2724	0.051858507
5741	6198	0.0517113
5741	424	0.051661454
5741	5012	0.051565796
5741	237	0.05153022
5741	1924	0.051523015
5741	3416	0.05151745
5741	6810	0.051505245
5741	288	0.051440947
5746	2050	0.03634838
5746	2510	0.035992734
5746	1160	0.03598964
5746	3601	0.03598964
5746	4392	0.035989624
5746	4992	0.03598959
5746	6329	0.03598959
5746	6061	0.035977032
5746	2703	0.03596005
5746	3078	0.035892185
5815	649	0.06147559
5815	1691	0.06145508
5815	937	0.061402794
5815	152	0.06140278
5815	2362	0.061049175
5815	613	0.060967796
5815	3443	0.06067346
5815	414	0.06063462
5815	1179	0.060393482
5815	1436	0.06030732
5903	2024	0.060424812
5903	604	0.060387924
5903	5114	0.06028849
5903	925	0.060251575
5903	636	0.060084462
5903	2360	0.060084455
5903	2920	0.060084455
5903	3440	0.060084447
5903	415	0.06003514
5903	1916	0.060025513
5963	6574	0.039248742
5963	1776	0.03910455
5963	2881	0.03904696
5963	1426	0.039012045
5963	4583	0.039012022
5963	1927	0.03884946
5963	966	0.03884942
5963	1141	0.038838692
5963	1249	0.03881026
5963	6096	0.038774222
6073	3799	0.047881268
6073	3922	0.04742262
6073	3614	0.047372624
6073	4286	0.047246717
6073	4700	0.04720613
6073	6434	0.047206104
6073	1203	0.047109548
6073	2133	0.047074042
6073	439	0.04706467
6073	3380	0.047052648
6115	619	0.047340654
6115	329	0.047340643
6115	1636	0.047091067
6115	59	0.047039732
6115	4919	0.046930306
6115	3885	0.04692109
6115	2070	0.046888757
6115	4212	0.04685372
6115	2329	0.04680242
6115	1064	0.046797205
6238	3121	0.046804942
6238	5858	0.046682604
6238	5164	0.04659792
6238	2932	0.04610135
6238	6143	0.045885872
6238	1516	0.045763575
6238	205	0.045678914
6238	6495	0.045678914
6238	4699	0.0456789
6238	6562	0.04567889
6323	3961	0.05727006
6323	2992	0.057091057
6323	3217	0.056954864
6323	3159	0.056795396
6323	651	0.056754414
6323	1329	0.0567021
6323	6896	0.056696385
6323	394	0.056643575
6323	5134	0.05663545
6323	4519	0.056609385
6333	481	0.05683651
6333	3169	0.056779787
6333	886	0.056297727
6333	2923	0.056205876
6333	4998	0.056189653
6333	2281	0.05615186
6333	622	0.056146346
6333	1600	0.05612973
6333	816	0.056089193
6333	340	0.055907734
6345	5320	0.039998017
6345	3965	0.039938055
6345	2121	0.039929055
6345	5626	0.039838407
6345	717	0.039808083
6345	6835	0.03973914
6345	4340	0.0397066
6345	3864	0.039650276
6345	5289	0.039650247
6345	4111	0.039630845
6431	988	0.0690544
6431	5879	0.06859314
6431	2634	0.06849703
6431	2836	0.068493076
6431	339	0.068445966
6431	3790	0.0684309
6431	5390	0.06804922
6431	3397	0.068035096
6431	2478	0.06785913
6431	340	0.067808166
6532	6232	0.048075546
6532	5090	0.048065215
6532	5820	0.04804405
6532	6376	0.04790287
6532	5463	0.047902834
6532	5544	0.04784309
6532	2185	0.047794994
6532	6643	0.04779496
6532	3239	0.047695257
6532	4322	0.047695234
6537	3943	0.061892778
6537	243	0.061892662
6537	1212	0.061477132
6537	5570	0.061477117
6537	1764	0.06120035
6537	1550	0.06071399
6537	2991	0.060616747
6537	1631	0.06051671
6537	879	0.060510855
6537	614	0.060203828
6543	5043	0.043714553
6543	5629	0.04350997
6543	1068	0.043470368
6543	277	0.043202236
6543	6591	0.04314585
6543	1594	0.04313042
6543	6498	0.04311665
6543	526	0.04307886
6543	1329	0.043054186
6543	440	0.042850733
6563	4870	0.053399183
6563	165	0.053313706
6563	1266	0.053008795
6563	214	0.053000517
6563	5781	0.052715786
6563	5023	0.05248003
6563	540	0.052438855
6563	1601	0.052414354
6563	933	0.052413076
6563	6493	0.05222095
6564	6448	0.045611955
6564	1013	0.04561191
6564	4646	0.04512938
6564	3827	0.0451108
6564	2011	0.04471752
6564	3521	0.044708263
6564	4282	0.04453553
6564	65	0.04453022
6564	5663	0.04441087
6564	5248	0.0443986
6566	801	0.059405603
6566	1838	0.059405595
6566	2696	0.059288308
6566	3756	0.059288286
6566	3838	0.059288226
6566	259	0.05918531
6566	174	0.059028838
6566	1382	0.05902875
6566	1821	0.05902874
6566	1839	0.058850914
6577	2467	0.05549349
6577	2963	0.055080567
6577	15	0.054926105
6577	1432	0.054800272
6577	268	0.054781154
6577	999	0.054777917
6577	577	0.054767996
6577	4696	0.05476799
6577	5184	0.054744933
6577	3846	0.05465991
6611	4471	0.05503528
6611	4336	0.054348163
6611	983	0.053997163
6611	5054	0.053829283
6611	480	0.05363979
6611	473	0.053299583
6611	3977	0.053178877
6611	3512	0.053046525
6611	471	0.05303037
6611	3198	0.052937888
6662	1993	0.04605402
6662	5452	0.046054013
6662	2773	0.04596449
6662	3642	0.045920838
6662	2772	0.04578475
6662	6476	0.0457847
6662	3887	0.045719393
6662	1591	0.045655552
6662	1994	0.0456555
6662	517	0.045470506
6671	4002	0.03563443
6671	1375	0.035396278
6671	4611	0.035368748
6671	5894	0.035243925
6671	49	0.035198033
6671	3235	0.035147887
6671	2168	0.034967624
6671	6125	0.03476964
6671	3254	0.034741122
6671	2761	0.0346996
6679	581	0.052776903
6679	2991	0.052729726
6679	3943	0.052241936
6679	1076	0.05220247
6679	2503	0.05206285
6679	500	0.05177313
6679	448	0.051688407
6679	407	0.051632654
6679	2387	0.051611565
6679	879	0.051604062
6769	3641	0.03923074
6769	3051	0.039171003
6769	3863	0.03914234
6769	253	0.039142314
6769	3502	0.03914231
6769	3551	0.039142303
6769	601	0.03914228
6769	686	0.039142273
6769	3816	0.039142273
6769	4022	0.039142273
6772	1595	0.04851945
6772	2468	0.047996785
6772	4591	0.04773996
6772	1801	0.047701605
6772	1688	0.04768276
6772	336	0.04749571
6772	4021	0.04747644
6772	5834	0.04744429
6772	5014	0.04721254
6772	122	0.047192156
6789	991	0.066045105
6789	2156	0.06552685
6789	503	0.06551376
6789	742	0.06527609
6789	5195	0.06525417
6789	1543	0.06525414
6789	4668	0.06523678
6789	6795	0.06514246
6789	730	0.06513986
6789	3209	0.06512504
7082	507	0.060629353
7082	589	0.060469188
7082	4442	0.060428444
7082	991	0.06042515
7082	503	0.060379483
7082	1709	0.060318626
7082	981	0.060274668
7082	504	0.05962976
7082	274	0.05934482
7082	2156	0.05915352
7105	816	0.04903014
7105	1463	0.048982933
7105	3169	0.048840724
7105	2281	0.04868555
7105	1405	0.04859247
7105	622	0.0481584
7105	1600	0.048021663
7105	1070	0.04755892
7105	4998	0.047531713
7105	471	0.04731938
7125	4625	0.07612927
7125	3582	0.07585707
7125	2390	0.07585706
7125	4237	0.07585706
7125	1523	0.07578878
7125	319	0.07578877
7125	2189	0.07578874
7125	417	0.07576825
7125	684	0.07576822
7125	1808	0.07574477
7134	308	0.0752226
7134	6390	0.07522254
7134	538	0.07522252
7134	5961	0.074762344
7134	4182	0.07476227
7134	4037	0.074762255
7134	1491	0.07469766
7134	1515	0.07469766
7134	977	0.07467343
7134	6444	0.0746734
7158	136	0.035923846
7158	3291	0.035730224
7158	55	0.035676032
7158	4512	0.03566952
7158	3789	0.03552702
7158	6489	0.035482384
7158	1794	0.035467472
7158	1766	0.035321105
7158	3221	0.03530649
7158	3740	0.0353
7210	787	0.06309602
7210	6495	0.062993735
7210	205	0.06299372
7210	6562	0.06299372
7210	4699	0.0629937
7210	713	0.062993646
7210	5746	0.062925726
7210	1216	0.06292561
7210	6143	0.06289372
7210	3504	0.06262869
7283	341	0.07370517
7283	338	0.07370514
7283	1260	0.07370512
7283	5601	0.07370509
7283	708	0.07341354
7283	434	0.07341349
7283	774	0.07330924
7283	3581	0.07322101
7283	373	0.07298422
7283	183	0.07264253
7286	2463	0.04969863
7286	3186	0.049698606
7286	6539	0.049698606
7286	4731	0.04962617
7286	2767	0.049387656
7286	1547	0.04938762
7286	334	0.04933156
7286	889	0.049237944
7286	5201	0.049237918
7286	6520	0.048870865
7312	5711	0.032974593
7312	4372	0.03294873
7312	557	0.03290927
7312	4383	0.03275749
7312	3568	0.032727357
7312	6565	0.032727353
7312	3434	0.032719657
7312	1343	0.032689437
7312	5378	0.032687306
7312	173	0.032682598
7352	2732	0.035557814
7352	147	0.0355454
7352	4513	0.035545368
7352	4178	0.03549628
7352	2080	0.035496235
7352	5332	0.0354212
7352	63	0.035421174
7352	1839	0.035336647
7352	259	0.035287507
7352	5039	0.035212435
7371	1068	0.0411739
7371	526	0.040835675
7371	1961	0.040778235
7371	1251	0.0406818
7371	1594	0.04034833
7371	2950	0.040305626
7371	169	0.040296
7371	715	0.040292777
7371	2856	0.040022448
7371	4307	0.039832674
7569	2950	0.033775114
7569	1068	0.033330806
7569	6865	0.033306353
7569	1961	0.033134826
7569	526	0.03300128
7569	1594	0.0329768
7569	4432	0.032872375
7569	3213	0.03287235
7569	4882	0.03287233
7569	4307	0.032681435
7620	459	0.052930653
7620	1261	0.052697007
7620	414	0.052550722
7620	2362	0.05190862
7620	20	0.05184439
7620	5815	0.051844373
7620	2867	0.051844336
7620	3056	0.05181691
7620	2883	0.051718347
7620	1690	0.05167214
7809	2317	0.04405068
7809	3064	0.043724976
7809	3581	0.04358358
7809	338	0.043576986
7809	341	0.043576982
7809	1260	0.043576963
7809	5601	0.043576933
7809	3104	0.043400295
7809	883	0.043344356
7809	4438	0.043344356
7841	1369	0.04632167
7841	643	0.04632166
7841	5730	0.04625316
7841	3587	0.04614421
7841	4279	0.04614419
7841	1634	0.04610326
7841	5216	0.04610324
7841	912	0.0460428
7841	2932	0.045865953
7841	3495	0.045806266
7860	645	0.055470295
7860	3909	0.055470265
7860	1592	0.055224765
7860	5771	0.054934166
7860	2467	0.054652363
7860	5184	0.05464374
7860	4458	0.054563407
7860	1764	0.05436146
7860	3062	0.054052357
7860	406	0.05381676
7864	1411	0.052571908
7864	501	0.052256662
7864	3855	0.052095465
7864	1750	0.052019402
7864	1711	0.05201497
7864	2362	0.051974915
7864	1603	0.051970623
7864	1071	0.051953238
7864	2176	0.051692173
7864	4538	0.05169214
7887	2690	0.04236847
7887	626	0.04211728
7887	3458	0.04187236
7887	1493	0.04182431
7887	469	0.041790087
7887	2804	0.04173563
7887	6430	0.041696202
7887	6719	0.041684233
7887	3300	0.04166133
7887	5237	0.041226044
7890	2331	0.039143343
7890	6620	0.039118033
7890	3398	0.039118018
7890	5835	0.039091974
7890	644	0.039073892
7890	1426	0.038832605
7890	4583	0.038832583
7890	3053	0.03883157
7890	6574	0.0387802
7890	2636	0.03851913
7913	1384	0.040563516
7913	1756	0.04050596
7913	4587	0.04048048
7913	1243	0.04046341
7913	2547	0.04043162
7913	4629	0.04036759
7913	5666	0.040367566
7913	6119	0.040367533
7913	5050	0.04036752
7913	1904	0.040349316
7915	165	0.053731307
7915	3182	0.053311013
7915	3074	0.05331101
7915	5781	0.053288475
7915	540	0.052998666
7915	1601	0.05294411
7915	449	0.052744873
7915	1626	0.052353833
7915	127	0.052310206
7915	3443	0.05230958
7958	3714	0.060216285
7958	2406	0.060080055
7958	4257	0.06005737
7958	1224	0.059977576
7958	6650	0.059934586
7958	6262	0.059931345
7958	5695	0.059931323
7958	4693	0.059931263
7958	1247	0.05969142
7958	5245	0.0596914
8019	4160	0.058287483
8019	2170	0.058203585
8019	2373	0.05815389
8019	2955	0.05809393
8019	1248	0.058007844
8019	3762	0.057970524
8019	2115	0.057967816
8019	1368	0.05782401
8019	1351	0.05775804
8019	3968	0.05775798
8066	308	0.040906
8066	6390	0.040905975
8066	538	0.04090596
8066	5961	0.040742747
8066	4182	0.04074271
8066	4037	0.040742703
8066	977	0.040677227
8066	6444	0.040677212
8066	1491	0.04059828
8066	1515	0.04059828
8067	2077	0.054554477
8067	442	0.05455445
8067	4175	0.05442471
8067	6554	0.054424703
8067	6032	0.05439868
8067	5263	0.054398626
8067	2026	0.054329712
8067	648	0.054268934
8067	4163	0.05426891
8067	3180	0.05420002
8089	4919	0.038048003
8089	77	0.037939217
8089	160	0.037672475
8089	2337	0.037527755
8089	3207	0.037481032
8089	1639	0.03733238
8089	2543	0.03729313
8089	541	0.037284084
8089	1458	0.037284084
8089	168	0.037284076
8187	77	0.057474602
8187	6	0.057471246
8187	451	0.057435498
8187	3336	0.057029687
8187	1851	0.056875266
8187	3194	0.05686594
8187	997	0.05682234
8187	2870	0.056822326
8187	4910	0.05676271
8187	4919	0.056649543
8188	3506	0.046801887
8188	4197	0.04680185
8188	1499	0.04669329
8188	5105	0.046610203
8188	4356	0.046481274
8188	1816	0.04647857
8188	5617	0.04647854
8188	5016	0.04639548
8188	650	0.04634647
8188	1674	0.046346452
8234	6250	0.05236762
8234	2732	0.052260127
8234	1094	0.052209977
8234	1045	0.052209936
8234	1725	0.052209936
8234	147	0.052102327
8234	4513	0.052102275
8234	1328	0.052036922
8234	267	0.051877223
8234	3359	0.051785447
8245	2788	0.052305866
8245	2229	0.052222755
8245	5387	0.051483795
8245	5022	0.051367477
8245	6482	0.051302224
8245	6097	0.051260453
8245	3960	0.05122891
8245	4777	0.051170837
8245	543	0.051062927
8245	3985	0.050993174
8253	3794	0.055637155
8253	1800	0.055497885
8253	1066	0.055319447
8253	883	0.054462425
8253	4438	0.05446242
8253	4876	0.054462362
8253	6709	0.054334264
8253	3426	0.05433424
8253	586	0.054295484
8253	2456	0.054197375
8255	85	0.042053834
8255	500	0.042037524
8255	407	0.04199879
8255	862	0.041744396
8255	1817	0.041648343
8255	133	0.041648332
8255	2456	0.04163962
8255	1167	0.04156756
8255	3943	0.04146191
8255	809	0.04145255
8284	1853	0.05327778
8284	452	0.0532777
8284	3948	0.053237937
8284	3452	0.053136162
8284	3696	0.053118695
8284	4930	0.053055953
8284	1296	0.053030655
8284	2992	0.052986734
8284	2311	0.05296108
8284	2346	0.052885845
8314	4204	0.05093944
8314	2805	0.050783526
8314	4918	0.050770424
8314	4001	0.050670102
8314	2106	0.050603136
8314	521	0.05060313
8314	6342	0.05044322
8314	6040	0.050274424
8314	3136	0.050141234
8314	4599	0.05013983
8323	6810	0.03835854
8323	3648	0.038202353
8323	261	0.038042746
8323	1374	0.038042683
8323	763	0.03799384
8323	318	0.037993826
8323	6198	0.037911445
8323	2724	0.037910607
8323	5187	0.037882205
8323	5336	0.037882186
8362	1770	0.04602541
8362	2024	0.046017252
8362	604	0.0459816
8362	2120	0.045911092
8362	653	0.04589679
8362	415	0.04585743
8362	1185	0.045760993
8362	404	0.04573495
8362	3107	0.045717344
8362	1058	0.045483556
8454	1991	0.054373287
8454	5561	0.054363538
8454	2458	0.05432275
8454	5114	0.05395765
8454	2225	0.05391469
8454	5994	0.053831838
8454	37	0.053805545
8454	925	0.05376195
8454	2391	0.053506292
8454	2024	0.05340161
8487	1328	0.046595454
8487	3359	0.04650742
8487	5340	0.04647999
8487	6250	0.046424776
8487	5675	0.04638061
8487	2545	0.046286825
8487	6	0.046214975
8487	267	0.046208285
8487	2732	0.04618995
8487	675	0.046159547
8529	867	0.034358237
8529	4375	0.034344647
8529	1582	0.034344412
8529	2011	0.0342656
8529	822	0.034251828
8529	5621	0.03418242
8529	2763	0.03416599
8529	1480	0.034141183
8529	5813	0.034096647
8529	6570	0.03408272
8570	1247	0.049115427
8570	6016	0.049115427
8570	5245	0.04911542
8570	6650	0.04902842
8570	5568	0.04883207
8570	4071	0.04873201
8570	861	0.048731998
8570	3283	0.048731975
8570	1938	0.04862881
8570	1224	0.04862807
8680	3466	0.04068179
8680	6392	0.040675245
8680	4588	0.040507738
8680	1637	0.04049884
8680	3676	0.040374555
8680	4829	0.04037451
8680	6861	0.040365167
8680	4841	0.04036479
8680	4783	0.040185094
8680	3395	0.04017095
8681	696	0.06878546
8681	491	0.06878431
8681	3678	0.06867395
8681	1396	0.06867391
8681	965	0.068673894
8681	1747	0.06867388
8681	1086	0.06820414
8681	6404	0.06820412
8681	1347	0.0682041
8681	4770	0.06820397
8695	6853	0.046051674
8695	2619	0.04605164
8695	2164	0.045911692
8695	6592	0.045862723
8695	1605	0.045862686
8695	5931	0.04578285
8695	3277	0.04569999
8695	694	0.04559211
8695	2259	0.04559209
8695	2644	0.0454034
8734	3718	0.068140864
8734	2009	0.06808084
8734	482	0.06795488
8734	4868	0.06782533
8734	3796	0.06769799
8734	2179	0.06769334
8734	3550	0.0673634
8734	1781	0.06725596
8734	628	0.06724137
8734	3106	0.06721148
8782	526	0.053412035
8782	350	0.05333352
8782	1961	0.052819252
8782	715	0.05281027
8782	1783	0.05256796
8782	4560	0.052252047
8782	1251	0.051942665
8782	2725	0.051832378
8782	456	0.051750466
8782	2178	0.05155197
8801	1066	0.07600766
8801	352	0.07545182
8801	1800	0.075344
8801	1902	0.07488401
8801	2456	0.07449758
8801	689	0.074382015
8801	61	0.07416828
8801	1550	0.07388608
8801	1430	0.073655464
8801	1253	0.073502675
8864	1447	0.038310543
8864	6865	0.03816422
8864	3290	0.037938952
8864	4432	0.03786333
8864	3213	0.037863288
8864	4882	0.037863277
8864	895	0.037841745
8864	2950	0.037604257
8864	4051	0.037523814
8864	5064	0.037523787
8870	1183	0.077807665
8870	1576	0.07739283
8870	3520	0.077306524
8870	4134	0.07723151
8870	2691	0.077193245
8870	6843	0.077038884
8870	1760	0.076952815
8870	5082	0.07684013
8870	5693	0.076797776
8870	68	0.0766484
8872	453	0.05996646
8872	5332	0.05977252
8872	63	0.0597725
8872	4954	0.05952633
8872	147	0.05946037
8872	4513	0.059460312
8872	78	0.05936475
8872	4754	0.059341528
8872	3156	0.059314366
8872	1229	0.05928538
8930	1190	0.036590498
8930	1761	0.036570977
8930	4468	0.036503732
8930	685	0.03636807
8930	232	0.036163315
8930	3126	0.03615685
8930	5834	0.03613051
8930	1782	0.036062315
8930	6589	0.0360121
8930	5316	0.03593978
8935	504	0.039340436
8935	2823	0.039162382
8935	1630	0.0387916
8935	507	0.038301058
8935	4269	0.037961908
8935	352	0.03792763
8935	1709	0.03782826
8935	689	0.037816614
8935	2156	0.03774079
8935	2744	0.037664734
8936	4664	0.05397053
8936	2667	0.05394258
8936	256	0.05389991
8936	2695	0.053899854
8936	3218	0.05389925
8936	1067	0.05389924
8936	150	0.053899232
8936	250	0.053712204
8936	1619	0.053712174
8936	1373	0.053640865
8937	3433	0.04917527
8937	575	0.04911542
8937	1631	0.049067806
8937	4458	0.04887242
8937	1764	0.048823956
8937	6075	0.04872728
8937	4606	0.04871811
8937	1179	0.048510656
8937	449	0.048279293
8937	1185	0.04819299
8971	2473	0.04031703
8971	6507	0.040275224
8971	3562	0.04014834
8971	3777	0.040107876
8971	3515	0.040033434
8971	3605	0.040026963
8971	1644	0.03995093
8971	5872	0.039923653
8971	3002	0.03992361
8971	389	0.039786264
9094	1287	0.03136855
9094	1083	0.031323444
9094	6855	0.03112039
9094	5575	0.031120386
9094	1404	0.03108901
9094	5202	0.030947758
9094	5129	0.030900773
9094	1217	0.030813968
9094	875	0.030773694
9094	3282	0.030742733
9177	1031	0.054988675
9177	782	0.054754365
9177	3878	0.054348893
9177	3196	0.053780265
9177	3039	0.05361963
9177	1240	0.053411312
9177	870	0.053358614
9177	2826	0.053123444
9177	6803	0.053017445
9177	2868	0.05301735
9226	1640	0.048429824
9226	2398	0.04842981
9226	160	0.047962867
9226	3207	0.047791895
9226	2516	0.047655053
9226	589	0.047380295
9226	2543	0.047331773
9226	432	0.047227196
9226	3770	0.047194574
9226	1261	0.047120675
9227	975	0.05700282
9227	164	0.05697808
9227	2576	0.056906313
9227	5988	0.056515604
9227	3673	0.056426767
9227	1521	0.05640877
9227	5626	0.056249324
9227	5690	0.056248948
9227	2107	0.056248933
9227	2121	0.056215003
9343	2362	0.075145096
9343	459	0.07476145
9343	2883	0.07469158
9343	3443	0.07459034
9343	1266	0.07434648
9343	3056	0.07428958
9343	1436	0.07421349
9343	414	0.07413105
9343	152	0.07405963
9343	937	0.07405963
9354	2696	0.049281187
9354	3756	0.04928117
9354	3838	0.049281117
9354	4167	0.049015418
9354	3748	0.049015384
9354	5553	0.04901296
9354	6763	0.048875093
9354	3549	0.04884486
9354	801	0.048816033
9354	1838	0.04881603
9381	3911	0.05558553
9381	2571	0.055525597
9381	5855	0.05552558
9381	3542	0.05530767
9381	1147	0.055247802
9381	1791	0.05524774
9381	4053	0.055092897
9381	6690	0.05509278
9381	1788	0.054783672
9381	5579	0.054783612
9417	6681	0.040608134
9417	6235	0.040608086
9417	1353	0.040555943
9417	2896	0.040409654
9417	3123	0.04039385
9417	2424	0.040385015
9417	6399	0.04028847
9417	5931	0.040197194
9417	5932	0.040166277
9417	4070	0.040144995
9454	279	0.06533471
9454	140	0.06529072
9454	2327	0.06525112
9454	1387	0.06525105
9454	4119	0.065134235
9454	937	0.06491533
9454	152	0.06491531
9454	4905	0.064778745
9454	5361	0.06466469
9454	3552	0.06466465
9568	5805	0.05196431
9568	118	0.051964264
9568	6201	0.051538616
9568	6836	0.051531937
9568	2109	0.051415022
9568	3379	0.051138133
9568	5937	0.051138133
9568	2988	0.051076915
9568	5636	0.050882325
9568	3278	0.05078718
9574	1444	0.050171077
9574	2961	0.050171062
9574	451	0.049929354
9574	997	0.049788184
9574	2870	0.049788173
9574	3659	0.049787845
9574	1179	0.049787648
9574	320	0.049697634
9574	3616	0.049664304
9574	2129	0.049312487
9613	4535	0.040288243
9613	4025	0.04028824
9613	2160	0.040288217
9613	1275	0.04012963
9613	6908	0.04012963
9613	4939	0.040124275
9613	842	0.040112503
9613	5701	0.040030014
9613	3607	0.040012956
9613	6000	0.040009387
9747	4357	0.049363203
9747	2699	0.049288377
9747	185	0.04921089
9747	5620	0.04912374
9747	310	0.049039025
9747	5315	0.04898522
9747	2049	0.048953947
9747	1782	0.04889078
9747	1555	0.048846126
9747	1595	0.04881616
9856	2290	0.053561132
9856	473	0.05341254
9856	983	0.052966163
9856	4471	0.052799292
9856	3512	0.05257363
9856	991	0.052320875
9856	1358	0.052186023
9856	742	0.05216702
9856	572	0.052071318
9856	5649	0.052038055
9908	5613	0.054842986
9908	3088	0.054758802
9908	5818	0.054142766
9908	6538	0.054142714
9908	1074	0.05400263
9908	5135	0.053959854
9908	6432	0.053806514
9908	2364	0.053329058
9908	6642	0.05325334
9908	2755	0.053225048
10030	3979	0.040193174
10030	4962	0.039756127
10030	260	0.03969083
10030	5550	0.039666463
10030	5334	0.039529562
10030	1475	0.039422214
10030	3545	0.039328292
10030	2805	0.03932685
10030	5125	0.03927659
10030	2106	0.03924671
10118	448	0.063584775
10118	6111	0.06351162
10118	2503	0.06320535
10118	693	0.06312089
10118	710	0.062981024
10118	2387	0.0629807
10118	4710	0.06257978
10118	1492	0.062425435
10118	1817	0.06241353
10118	133	0.06241349
10199	2156	0.08560184
10199	1066	0.08556675
10199	352	0.08498528
10199	1430	0.08457244
10199	1897	0.084196866
10199	934	0.084196754
10199	3227	0.0840372
10199	1800	0.08388057
10199	730	0.083623946
10199	2222	0.08330412
10241	4872	0.04428741
10241	2482	0.04428138
10241	1678	0.044242434
10241	6632	0.04424243
10241	6352	0.04420699
10241	4762	0.04420698
10241	3685	0.04420697
10241	5881	0.044206955
10241	5040	0.044168048
10241	5722	0.04416801
10314	1680	0.06941275
10314	664	0.06887639
10314	1592	0.06861972
10314	1867	0.06854838
10314	5771	0.068300605
10314	1186	0.068157524
10314	2413	0.06812508
10314	1055	0.068038255
10314	5792	0.06803106
10314	550	0.06796183
10315	2050	0.04333769
10315	1160	0.043113954
10315	3601	0.04311395
10315	4392	0.04311394
10315	4992	0.043113906
10315	6329	0.043113895
10315	1410	0.04298488
10315	2703	0.042971414
10315	6133	0.042874783
10315	1632	0.04287471
10354	6350	0.03790839
10354	2651	0.03779886
10354	4084	0.037779212
10354	3447	0.03776129
10354	3997	0.03765175
10354	4160	0.037550222
10354	522	0.037516475
10354	3531	0.03749327
10354	3375	0.03740695
10354	2901	0.037390642
10447	604	0.061747827
10447	1627	0.06131764
10447	925	0.06131453
10447	2024	0.060882278
10447	2480	0.0608282
10447	930	0.060675617
10447	465	0.060675576
10447	3142	0.060675554
10447	2951	0.060666367
10447	435	0.060653098
10532	4638	0.03308987
10532	5287	0.033089846
10532	2340	0.032851774
10532	6162	0.03284726
10532	1343	0.032715924
10532	2248	0.032671474
10532	3392	0.032659724
10532	864	0.03265968
10532	3600	0.03259205
10532	2687	0.032550037
10560	350	0.0640236
10560	4560	0.06360014
10560	456	0.06323585
10560	365	0.06286003
10560	2513	0.06275404
10560	5867	0.06275205
10560	40	0.062663525
10560	2178	0.06259005
10560	1248	0.062380172
10560	1306	0.06209595
10607	1027	0.046679676
10607	2407	0.04667967
10607	1777	0.046679664
10607	1655	0.046679635
10607	2194	0.046679627
10607	1559	0.046679594
10607	1033	0.046510294
10607	938	0.04651029
10607	1259	0.04645277
10607	3815	0.046452764
10668	166	0.053480543
10668	2603	0.053420402
10668	5123	0.05338132
10668	2292	0.05325015
10668	4701	0.053249914
10668	6651	0.053249877
10668	2277	0.053163692
10668	2846	0.05313424
10668	5320	0.053001527
10668	6033	0.052972138
10699	459	0.03195354
10699	2362	0.03172982
10699	188	0.03172271
10699	937	0.03164374
10699	152	0.03164373
10699	414	0.031637594
10699	3855	0.031544827
10699	2176	0.031208687
10699	4538	0.031208675
10699	2552	0.031196008
10819	2815	0.0428513
10819	5807	0.04284261
10819	2257	0.04284259
10819	3832	0.042724136
10819	4640	0.042641595
10819	4550	0.04261621
10819	922	0.042616177
10819	5742	0.042477116
10819	4390	0.042423543
10819	2496	0.04239393
10946	3432	0.030882152
10946	3322	0.030881934
10946	31	0.030867275
10946	3413	0.030862514
10946	3184	0.030857272
10946	4523	0.030857036
10946	2344	0.0308461
10946	275	0.030837633
10946	6706	0.03083761
10946	5378	0.030816428
10949	1961	0.055906158
10949	620	0.055803593
10949	1527	0.055679306
10949	4307	0.055644568
10949	973	0.05555352
10949	2692	0.05553603
10949	5517	0.055269707
10949	5288	0.055067062
10949	2710	0.0550163
10949	3775	0.054968894
11070	1631	0.057505168
11070	3433	0.057176333
11070	1764	0.05709268
11070	2044	0.05692405
11070	2991	0.056600854
11070	879	0.05647924
11070	1076	0.05639547
11070	2503	0.0559623
11070	1492	0.055822473
11070	5140	0.05576804
11120	4186	0.053715467
11120	319	0.053634576
11120	1523	0.05363457
11120	2189	0.053634528
11120	1195	0.053615082
11120	6252	0.053614993
11120	5393	0.05351385
11120	4231	0.053513844
11120	3815	0.05351375
11120	1259	0.053513743
11224	329	0.051177397
11224	619	0.051177397
11224	1636	0.05069171
11224	1249	0.05018007
11224	2579	0.05005692
11224	3534	0.050043765
11224	1854	0.049838692
11224	2070	0.049775906
11224	577	0.049559608
11224	4696	0.049559586
11245	1758	0.03912989
11245	4525	0.039020874
11245	1624	0.038893923
11245	3257	0.038893916
11245	1298	0.03889391
11245	936	0.0388939
11245	3711	0.038893893
11245	2310	0.038893882
11245	3323	0.038893864
11245	5138	0.038893852
11362	4442	0.057668604
11362	5205	0.05722259
11362	507	0.057162154
11362	896	0.056575157
11362	4238	0.056364797
11362	2744	0.05607742
11362	4114	0.05599325
11362	1044	0.05568458
11362	3175	0.055429935
11362	4245	0.055345386
11400	1577	0.05213182
11400	1179	0.052112017
11400	5270	0.051992863
11400	536	0.051951267
11400	4221	0.05194899
11400	5448	0.051920194
11400	5817	0.051833674
11400	2279	0.051833667
11400	3480	0.0517123
11400	4606	0.051681444
11529	1286	0.053821232
11529	3342	0.053118438
11529	6291	0.05305713
11529	1289	0.052979134
11529	2684	0.052655075
11529	405	0.052593865
11529	5570	0.05249331
11529	1212	0.052493293
11529	1305	0.052486572
11529	4205	0.052486572
11601	1320	0.056175962
11601	1796	0.055781834
11601	3799	0.05571793
11601	435	0.05541375
11601	6169	0.05518981
11601	744	0.055115227
11601	6736	0.05511514
11601	4305	0.05499675
11601	5401	0.054991193
11601	240	0.054935355
11621	4859	0.04694055
11621	2430	0.046940543
11621	4855	0.046940535
11621	3476	0.04694052
11621	6117	0.04694052
11621	3453	0.046940517
11621	6031	0.046940517
11621	6192	0.046940517
11621	2182	0.046940513
11621	5825	0.0469405
11629	1447	0.03905335
11629	3290	0.038774904
11629	895	0.038772
11629	4051	0.03855005
11629	5064	0.03855001
11629	258	0.038501143
11629	3337	0.03848155
11629	737	0.038443044
11629	2992	0.03827335
11629	996	0.03817623
11638	5574	0.035131194
11638	1753	0.03513119
11638	2068	0.035131175
11638	1026	0.035087757
11638	107	0.035042398
11638	5053	0.03498552
11638	1806	0.03498548
11638	4181	0.034946065
11638	4639	0.03494603
11638	3373	0.03494294
11657	6904	0.052465476
11657	1173	0.052447528
11657	629	0.052275296
11657	6352	0.052178517
11657	4762	0.05217849
11657	3685	0.052178487
11657	5881	0.052178476
11657	2482	0.052043337
11657	6483	0.05200601
11657	309	0.05196826
11687	1671	0.051104296
11687	5400	0.05109224
11687	1901	0.0508817
11687	1978	0.050721765
11687	3427	0.05038491
11687	3540	0.049817517
11687	4584	0.04979355
11687	6513	0.04979349
11687	1429	0.04976718
11687	6818	0.049522173
11708	1178	0.04683813
11708	2392	0.046611473
11708	1540	0.046514243
11708	425	0.046312857
11708	2354	0.04610817
11708	5107	0.04610338
11708	4689	0.04607714
11708	2186	0.046077132
11708	2785	0.046077117
11708	3693	0.046077084
11718	2951	0.05195629
11718	5114	0.051834617
11718	1884	0.051764257
11718	1033	0.05129326
11718	938	0.051293258
11718	460	0.051257152
11718	925	0.051203832
11718	1627	0.05117609
11718	4401	0.051145107
11718	929	0.05105721
11724	1961	0.05163337
11724	1527	0.051597655
11724	620	0.051563583
11724	526	0.051470898
11724	1708	0.0511206
11724	4560	0.05103401
11724	3775	0.050794866
11724	1268	0.05063813
11724	2692	0.050439257
11724	2217	0.05033105
11788	776	0.051186714
11788	3417	0.05110358
11788	3941	0.050525777
11788	2158	0.050115917
11788	2611	0.0498365
11788	720	0.049489032
11788	3977	0.049392994
11788	359	0.049296707
11788	775	0.04924746
11788	837	0.049229767
11832	2336	0.04177183
11832	2190	0.04175841
11832	1836	0.041708454
11832	3093	0.041661173
11832	2010	0.04153303
11832	3690	0.041418336
11832	1064	0.04137964
11832	3286	0.0413796
11832	4844	0.041362993
11832	4302	0.04136298
11916	1778	0.06051638
11916	5131	0.06042105
11916	2713	0.060386963
11916	2165	0.06032814
11916	1290	0.0602274
11916	6170	0.060134526
11916	6729	0.06013451
11916	2582	0.060108006
11916	3606	0.060093068
11916	276	0.06009306
11944	3064	0.056272373
11944	2317	0.055525698
11944	183	0.055437192
11944	5879	0.05543246
11944	537	0.05527832
11944	708	0.055224422
11944	434	0.05522438
11944	339	0.055189744
11944	2634	0.054790035
11944	2836	0.05458474
11993	1248	0.054188576
11993	5867	0.05381771
11993	2513	0.053513996
11993	40	0.053421356
11993	3315	0.053271875
11993	2964	0.053023845
11993	1351	0.05298509
11993	6401	0.05298504
11993	3968	0.052985035
11993	3597	0.052985027
12100	5400	0.052462243
12100	6818	0.05223114
12100	6671	0.05209242
12100	4047	0.052092407
12100	3427	0.052082073
12100	1671	0.052072257
12100	3540	0.05182598
12100	199	0.05174946
12100	690	0.051749445
12100	4584	0.05146217
12123	2469	0.063178256
12123	70	0.062932335
12123	5404	0.06293231
12123	552	0.062853396
12123	5936	0.06285338
12123	3520	0.062761985
12123	693	0.06253061
12123	6111	0.06231837
12123	68	0.06220572
12123	486	0.062203154
12154	1764	0.054743588
12154	1631	0.054678828
12154	3433	0.054523505
12154	1212	0.054285064
12154	5570	0.054285064
12154	2991	0.054104947
12154	2044	0.05362758
12154	243	0.05362338
12154	1185	0.053341344
12154	5140	0.05326692
12194	834	0.053012185
12194	3946	0.053012185
12194	3083	0.052822024
12194	2014	0.05282162
12194	5740	0.052821618
12194	5306	0.05281458
12194	2540	0.052773975
12194	1258	0.05260279
12194	3928	0.05260277
12194	1962	0.052602768
12272	625	0.04928828
12272	3992	0.048974447
12272	2966	0.048773997
12272	2532	0.048434034
12272	2809	0.048434
12272	3669	0.048433974
12272	4055	0.048424527
12272	774	0.048375696
12272	373	0.04833747
12272	340	0.048016276
12316	636	0.068383515
12316	2360	0.0683835
12316	2920	0.0683835
12316	3440	0.068383485
12316	1033	0.06832242
12316	938	0.068322405
12316	1023	0.06831122
12316	1772	0.068311214
12316	2231	0.06831117
12316	2407	0.06825018
12348	1212	0.040426105
12348	5570	0.040426105
12348	653	0.039487932
12348	3943	0.03945502
12348	1058	0.039395634
12348	1286	0.039145343
12348	2369	0.03883908
12348	1185	0.038836792
12348	1971	0.038813196
12348	590	0.038720377
12515	2033	0.055473015
12515	4880	0.05488804
12515	6240	0.054888036
12515	5356	0.054863274
12515	4611	0.054791808
12515	4804	0.054473452
12515	6174	0.054414466
12515	4927	0.05410769
12515	5435	0.053683877
12515	4083	0.05368279
12538	6382	0.048271626
12538	6169	0.048225343
12538	1796	0.048170358
12538	3799	0.04811293
12538	365	0.04791543
12538	4883	0.047755018
12538	2411	0.047748223
12538	1306	0.047687203
12538	859	0.04751046
12538	6385	0.047338724
12569	504	0.056411542
12569	2823	0.05629065
12569	1630	0.055689536
12569	589	0.054837167
12569	1709	0.05428617
12569	606	0.054113258
12569	507	0.053968303
12569	4245	0.05371845
12569	432	0.053658366
12569	689	0.053532675
12619	879	0.06132359
12619	606	0.05998762
12619	692	0.05997517
12619	5140	0.059860922
12619	3207	0.05849799
12619	1764	0.058021758
12619	432	0.05780326
12619	657	0.057724833
12619	1631	0.057530753
12619	1779	0.057474896
12698	504	0.043965377
12698	1640	0.04349851
12698	2398	0.0434985
12698	589	0.043234788
12698	606	0.04295703
12698	1709	0.04291586
12698	2543	0.042591583
12698	2725	0.04242558
12698	2823	0.042414837
12698	432	0.042373735
12702	66	0.06299178
12702	6288	0.062931776
12702	5498	0.06286589
12702	3094	0.06271719
12702	2585	0.06266363
12702	1254	0.062630475
12702	2150	0.06262254
12702	111	0.06261704
12702	3802	0.06246096
12702	3531	0.06244058
12707	2469	0.044437792
12707	809	0.044417657
12707	85	0.044310503
12707	5936	0.044205695
12707	552	0.04420568
12707	693	0.044083677
12707	4227	0.044078402
12707	486	0.044053007
12707	5567	0.043974504
12707	407	0.043964572
12784	3297	0.04547452
12784	1870	0.045147806
12784	187	0.045110144
12784	3364	0.04503525
12784	5945	0.04500284
12784	1652	0.044960972
12784	1664	0.044904523
12784	1200	0.044822443
12784	1766	0.044766035
12784	5683	0.044696562
12811	933	0.045792762
12811	6493	0.04577065
12811	4870	0.045407794
12811	6127	0.045170862
12811	501	0.045143478
12811	2045	0.045002714
12811	2765	0.044986818
12811	2362	0.04497813
12811	3877	0.044957783
12811	3855	0.044610463
12824	4066	0.049996413
12824	456	0.04974031
12824	1759	0.04938875
12824	2956	0.049385563
12824	4562	0.04935707
12824	4592	0.049356975
12824	7	0.04933206
12824	5300	0.04925537
12824	5288	0.049233753
12824	6626	0.04909473
12863	586	0.049808852
12863	912	0.049650252
12863	4506	0.0494928
12863	811	0.049492765
12863	478	0.04949271
12863	3517	0.04934252
12863	2915	0.04934249
12863	5222	0.049342483
12863	3457	0.04934245
12863	1225	0.049282484
12917	1444	0.07025996
12917	2961	0.0702599
12917	2883	0.06924625
12917	3056	0.06923118
12917	451	0.069217905
12917	160	0.0690916
12917	3207	0.068988755
12917	1626	0.06885295
12917	1261	0.068786144
12917	997	0.06873654
12982	2666	0.053277306
12982	4128	0.053148437
12982	3837	0.053142548
12982	3271	0.053021774
12982	5073	0.052975476
12982	5159	0.05294118
12982	795	0.052864876
12982	3500	0.052864872
12982	2754	0.05263456
12982	4240	0.052570224
12990	5863	0.033207614
12990	4982	0.03302287
12990	2819	0.03297527
12990	2858	0.032915324
12990	873	0.03283178
12990	1242	0.032548502
12990	3973	0.03252256
12990	2148	0.03246309
12990	2427	0.032432318
12990	3238	0.0324198
13080	3390	0.04437185
13080	2185	0.044115108
13080	6643	0.044115074
13080	6741	0.043981303
13080	4839	0.04398126
13080	2265	0.04391634
13080	2076	0.043916315
13080	3387	0.04383234
13080	5309	0.043832317
13080	1012	0.043809958
13082	625	0.05801937
13082	2966	0.05763409
13082	373	0.057537306
13082	3992	0.057532832
13082	2532	0.057439834
13082	2809	0.057439797
13082	3669	0.05743977
13082	774	0.057166696
13082	4055	0.056824133
13082	2836	0.056640185
13093	2467	0.064847305
13093	268	0.064639345
13093	2963	0.064583935
13093	1432	0.06456303
13093	577	0.064213544
13093	4696	0.064213544
13093	5042	0.06420073
13093	5406	0.06420073
13093	5184	0.064025424
13093	3846	0.06397148
13094	3391	0.044053048
13094	2474	0.043983985
13094	4901	0.043935094
13094	3901	0.043874793
13094	5959	0.043799296
13094	6653	0.04368136
13094	869	0.04366351
13094	3096	0.04366344
13094	1009	0.04356338
13094	2501	0.043448012
13126	6531	0.043428805
13126	5472	0.043340243
13126	129	0.0431599
13126	5756	0.04310837
13126	1489	0.043063886
13126	2570	0.043057613
13126	3000	0.042811967
13126	1274	0.04281193
13126	835	0.042808358
13126	6195	0.04275495
13221	1329	0.040354688
13221	1594	0.040131945
13221	440	0.040090874
13221	1068	0.039804887
13221	82	0.03963946
13221	5134	0.039594024
13221	3217	0.039558202
13221	3144	0.039361738
13221	1401	0.039361708
13221	3961	0.039261445
13273	4949	0.052928645
13273	4870	0.052565876
13273	5352	0.05233335
13273	6782	0.052030366
13273	526	0.05141661
13273	202	0.051269576
13273	6382	0.051232826
13273	2765	0.05117403
13273	933	0.051114287
13273	5023	0.05096277
13279	2404	0.061936647
13279	4687	0.06138897
13279	182	0.061314255
13279	2392	0.06097633
13279	431	0.060874388
13279	4581	0.06071285
13279	3141	0.060662355
13279	636	0.060565844
13279	2920	0.060565837
13279	2360	0.06056583
13331	2075	0.036383606
13331	4991	0.036203805
13331	2284	0.03600104
13331	4473	0.035944037
13331	722	0.035944033
13331	5782	0.03591226
13331	3994	0.035885736
13331	3095	0.035835057
13331	6191	0.035825618
13331	4263	0.035791107
13518	1101	0.06729177
13518	1882	0.06679409
13518	2427	0.06658736
13518	895	0.06656343
13518	3320	0.066559985
13518	712	0.06652759
13518	1269	0.06652753
13518	3290	0.06651431
13518	4051	0.066508755
13518	5064	0.06650868
13551	5591	0.039592136
13551	3525	0.039592102
13551	5448	0.0394995
13551	4980	0.0393575
13551	1555	0.039342783
13551	5504	0.03920479
13551	5270	0.039011776
13551	2049	0.038804375
13551	1003	0.03879941
13551	649	0.038746238
13582	2050	0.049047314
13582	6061	0.048817717
13582	5195	0.048599094
13582	1543	0.048599053
13582	5094	0.0484389
13582	1160	0.048380814
13582	3601	0.048380814
13582	4392	0.048380785
13582	6329	0.04838077
13582	4992	0.04838076
13600	3863	0.046792712
13600	253	0.046792686
13600	3502	0.04679268
13600	3551	0.046792664
13600	601	0.046792638
13600	4022	0.046792634
13600	5938	0.04679263
13600	3816	0.046792626
13600	729	0.046792623
13600	686	0.04679261
13604	5251	0.037950218
13604	4911	0.03791735
13604	4540	0.037909087
13604	3617	0.03784219
13604	2483	0.037842162
13604	2818	0.037842143
13604	4311	0.03777282
13604	3202	0.037772793
13604	5333	0.037772793
13604	4934	0.037772786
13664	728	0.045553137
13664	1929	0.045492753
13664	4874	0.045492727
13664	335	0.045437597
13664	5335	0.045247372
13664	530	0.045219187
13664	2046	0.04511997
13664	2552	0.04510609
13664	3787	0.045004446
13664	2533	0.044887632
13666	6760	0.04713878
13666	4754	0.04697106
13666	2333	0.04683333
13666	159	0.046833318
13666	3967	0.046776608
13666	3318	0.046776585
13666	377	0.046776578
13666	379	0.04677652
13666	532	0.046771035
13666	5332	0.04674138
13733	777	0.06460576
13733	176	0.06460572
13733	4549	0.06438926
13733	3177	0.063741
13733	1743	0.06374092
13733	712	0.063622825
13733	1269	0.06362274
13733	2545	0.063108325
13733	1964	0.06307915
13733	2950	0.063053966
13850	350	0.058307678
13850	1783	0.058295887
13850	526	0.05829127
13850	2886	0.057999343
13850	569	0.05798202
13850	1251	0.05790103
13850	715	0.05787114
13850	1105	0.057544857
13850	6169	0.057534978
13850	5043	0.057410978
13973	2983	0.047562853
13973	4169	0.047282014
13973	3657	0.04728201
13973	3459	0.047281995
13973	2994	0.047281966
13973	6677	0.04728195
13973	2006	0.04718788
13973	3373	0.04715639
13973	1973	0.04715635
13973	789	0.047156334
13995	4494	0.05318147
13995	5538	0.053181402
13995	5995	0.05318138
13995	6161	0.053154074
13995	1034	0.05315406
13995	3959	0.053154044
13995	3041	0.05315403
13995	3040	0.053154014
13995	1394	0.053154003
13995	555	0.053154
14049	581	0.06958698
14049	2387	0.069323346
14049	3581	0.06910436
14049	448	0.06908296
14049	1817	0.06882514
14049	133	0.068825096
14049	1781	0.06851318
14049	6111	0.06832363
14049	708	0.06816764
14049	434	0.06816758
14180	1459	0.061381407
14180	6563	0.061306283
14180	9	0.06066071
14180	4133	0.060518235
14180	2300	0.06037589
14180	1628	0.05999876
14180	3278	0.05983726
14180	3277	0.059705168
14180	4060	0.059248284
14180	6125	0.05917122
14271	261	0.028909443
14271	1374	0.028909398
14271	2035	0.028893374
14271	1388	0.02887098
14271	2724	0.028788071
14271	3648	0.028718613
14271	5583	0.02869849
14271	2731	0.028698467
14271	2945	0.028692639
14271	5999	0.028683838
14374	140	0.044064157
14374	279	0.04404871
14374	141	0.044003338
14374	4119	0.043981448
14374	3681	0.043743033
14374	997	0.043705493
14374	2870	0.04370548
14374	1690	0.043588832
14374	5586	0.043585528
14374	5250	0.04357966
14387	500	0.07067457
14387	3104	0.07055885
14387	2456	0.070456535
14387	3943	0.070357464
14387	883	0.070262454
14387	4438	0.07026244
14387	4876	0.07026239
14387	3581	0.07002177
14387	2317	0.069842115
14387	338	0.06971215
14393	1993	0.044176526
14393	5452	0.04417652
14393	3642	0.04413008
14393	6476	0.04405713
14393	517	0.044013444
14393	1696	0.043977305
14393	2596	0.04397723
14393	4148	0.043725457
14393	4225	0.043725442
14393	6459	0.04370848
14422	1306	0.06421952
14422	5744	0.0639655
14422	6385	0.06318166
14422	4029	0.063181646
14422	2411	0.06300625
14422	5299	0.062924355
14422	5668	0.06283004
14422	1796	0.06281952
14422	241	0.062393222
14422	4883	0.06238175
14456	469	0.0334072
14456	1493	0.03326822
14456	5237	0.033229135
14456	660	0.03302166
14456	2177	0.03301273
14456	1198	0.032904945
14456	2608	0.032904945
14456	4739	0.032785885
14456	2051	0.032734968
14456	6617	0.032719858
14461	805	0.05884791
14461	3133	0.058743514
14461	641	0.057520624
14461	2420	0.05743301
14461	3280	0.0566396
14461	3883	0.05630455
14461	474	0.056131825
14461	1602	0.055739753
14461	739	0.055538602
14461	3214	0.05547093
14521	6430	0.052211024
14521	373	0.05218678
14521	2966	0.05181274
14521	1708	0.051589716
14521	186	0.051240034
14521	774	0.051229313
14521	739	0.05092922
14521	2532	0.05091498
14521	2809	0.050914958
14521	3669	0.050914925
14638	5256	0.041476436
14638	3143	0.04147642
14638	845	0.041270353
14638	5654	0.041270334
14638	4171	0.04119067
14638	5564	0.041184172
14638	5830	0.04118412
14638	2902	0.041172512
14638	6676	0.04116144
14638	4847	0.0410666
14667	685	0.06015513
14667	185	0.060147833
14667	2889	0.06010228
14667	1937	0.06010227
14667	704	0.060102254
14667	5021	0.05997327
14667	3126	0.059907988
14667	5591	0.059853703
14667	3525	0.059853688
14667	5506	0.059852883
14698	5675	0.042399056
14698	2064	0.0423829
14698	662	0.04233171
14698	5340	0.042303912
14698	1328	0.042278636
14698	195	0.04206477
14698	803	0.041948676
14698	1858	0.041932605
14698	3971	0.041916046
14698	2820	0.041850742
14744	5602	0.04974992
14744	2352	0.049685787
14744	194	0.049445003
14744	3337	0.04926642
14744	737	0.04887268
14744	4108	0.04876553
14744	6637	0.048735708
14744	3948	0.04868518
14744	3548	0.04863777
14744	6566	0.048352495
14768	3943	0.09219337
14768	1550	0.0919724
14768	2456	0.09190702
14768	1902	0.09134109
14768	61	0.09074812
14768	1800	0.09044425
14768	1490	0.090346426
14768	590	0.090111606
14768	1066	0.089505
14768	352	0.08942415
14897	2232	0.042119652
14897	5390	0.042095147
14897	2966	0.041661553
14897	2859	0.041554444
14897	2236	0.041509308
14897	1642	0.041273147
14897	5639	0.041267034
14897	3397	0.041264836
14897	1463	0.041253753
14897	3169	0.04122155
15021	6648	0.049860653
15021	1097	0.049767572
15021	4631	0.049467396
15021	5120	0.04937342
15021	3697	0.04919679
15021	5433	0.04913166
15021	3434	0.048989028
15021	1861	0.048973545
15021	3241	0.04895801
15021	5008	0.048925497
15046	785	0.03965823
15046	4563	0.0396284
15046	2016	0.03930048
15046	1869	0.039260127
15046	3143	0.039161827
15046	5256	0.039161827
15046	6893	0.03903897
15046	5656	0.03903651
15046	4644	0.039001785
15046	812	0.038950235
15049	3280	0.058266137
15049	2541	0.057851173
15049	831	0.057803787
15049	474	0.057708416
15049	3133	0.057219714
15049	175	0.057082288
15049	3344	0.056632414
15049	3878	0.056364164
15049	805	0.05633133
15049	487	0.05622953
15144	3860	0.04709818
15144	6778	0.047070302
15144	4925	0.047061525
15144	345	0.047030844
15144	1052	0.047003023
15144	6466	0.046956014
15144	5802	0.04693178
15144	24	0.04689743
15144	4544	0.046831828
15144	6512	0.04679007
15408	2302	0.05544827
15408	1958	0.05514823
15408	446	0.05510188
15408	1412	0.055093158
15408	1627	0.055039532
15408	3438	0.054981954
15408	18	0.05497569
15408	1519	0.05492894
15408	3631	0.054897584
15408	3657	0.054877095
15418	6549	0.053115718
15418	1250	0.052709688
15418	6528	0.052656032
15418	2211	0.052627027
15418	4623	0.052542865
15418	4142	0.052529376
15418	3602	0.05244381
15418	5545	0.052242376
15418	2496	0.052240193
15418	5793	0.052111518
15497	3949	0.043467063
15497	4401	0.043295674
15497	3422	0.043273203
15497	247	0.04323645
15497	1186	0.043229397
15497	35	0.043136477
15497	3114	0.04313642
15497	1771	0.043002307
15497	2919	0.0429923
15497	1336	0.042964235
15602	5570	0.05620956
15602	1212	0.056209553
15602	3943	0.055561498
15602	2456	0.054672394
15602	407	0.054410268
15602	590	0.054349124
15602	1971	0.05429943
15602	2991	0.054212503
15602	1947	0.05417195
15602	653	0.054111853
15651	4096	0.056865226
15651	2271	0.056865204
15651	2428	0.056865204
15651	3231	0.0568652
15651	2460	0.056865193
15651	5083	0.05686519
15651	1226	0.056865178
15651	1333	0.056865163
15651	2993	0.056865163
15651	71	0.056865156
15654	386	0.04661838
15654	2438	0.046618357
15654	3345	0.046559013
15654	5403	0.046524085
15654	4379	0.046402365
15654	6396	0.04636745
15654	4306	0.04633794
15654	2547	0.046275113
15654	3706	0.046262123
15654	2054	0.046256177
15670	4125	0.042654842
15670	1018	0.042529024
15670	2454	0.04234992
15670	6902	0.04215265
15670	4864	0.041972786
15670	567	0.04192381
15670	6916	0.041801203
15670	6346	0.041731082
15670	2209	0.041514263
15670	1487	0.041399717
15819	4969	0.04854116
15819	4810	0.04810394
15819	1375	0.047815762
15819	3181	0.047466647
15819	5767	0.047372654
15819	4002	0.046296008
15819	49	0.045843646
15819	4611	0.045832675
15819	2140	0.04555713
15819	5435	0.04548138
15845	1680	0.05157093
15845	1212	0.051411822
15845	5570	0.051411822
15845	664	0.051317908
15845	3433	0.051304504
15845	5702	0.05108031
15845	1616	0.05089192
15845	1286	0.050874867
15845	1185	0.050794512
15845	1942	0.050749116
15945	3730	0.051859222
15945	1109	0.051805925
15945	1402	0.05173286
15945	2393	0.05157944
15945	447	0.051314466
15945	3714	0.05122065
15945	597	0.05120094
15945	4999	0.051184904
15945	5561	0.051140472
15945	6650	0.051114857
15957	278	0.061702512
15957	2208	0.061702497
15957	5166	0.061702486
15957	1737	0.06170247
15957	4230	0.06170244
15957	3954	0.061702427
15957	3517	0.0614978
15957	2915	0.061497748
15957	5222	0.06149774
15957	3457	0.061497718
16009	70	0.06065637
16009	5404	0.06065634
16009	1266	0.060537055
16009	2469	0.060200863
16009	552	0.06000428
16009	5936	0.060004257
16009	1691	0.059908178
16009	501	0.05987735
16009	3443	0.059861936
16009	3583	0.059852578
16010	3475	0.035643615
16010	2346	0.03560684
16010	3819	0.03560683
16010	4598	0.0356068
16010	344	0.035604335
16010	149	0.0355681
16010	6384	0.03556809
16010	4895	0.035490517
16010	2850	0.035490472
16010	3436	0.035488676
16036	2541	0.04272446
16036	175	0.042683054
16036	831	0.042597525
16036	707	0.042120002
16036	3280	0.042093586
16036	3770	0.042051
16036	474	0.041846022
16036	1264	0.041341446
16036	487	0.04118434
16036	3273	0.041015167
16046	2952	0.02839018
16046	3147	0.02837094
16046	1909	0.02837092
16046	3054	0.02837092
16046	2529	0.028370919
16046	2997	0.028234053
16046	238	0.028234046
16046	4985	0.028234033
16046	3611	0.028234031
16046	4315	0.028187985
16106	6169	0.061650913
16106	1796	0.061290894
16106	6382	0.060436126
16106	1320	0.059288453
16106	3799	0.059257753
16106	3919	0.059227172
16106	1659	0.05916094
16106	5401	0.058737297
16106	4305	0.058549795
16106	6385	0.058519468
16121	1185	0.041361324
16121	1336	0.04125058
16121	4458	0.04115636
16121	1055	0.04109723
16121	575	0.041070044
16121	2324	0.04093582
16121	6264	0.04085268
16121	653	0.04082626
16121	1058	0.04079534
16121	411	0.04079052
16155	1781	0.051897217
16155	3104	0.051783245
16155	1462	0.05169212
16155	3796	0.051654257
16155	1817	0.051504996
16155	133	0.051504984
16155	2179	0.05144178
16155	85	0.051258758
16155	2009	0.051189765
16155	338	0.05117026
16161	3970	0.04459311
16161	2903	0.044593103
16161	6324	0.044494547
16161	1481	0.044489134
16161	6672	0.04435853
16161	1477	0.04429036
16161	5958	0.04427371
16161	6500	0.044254545
16161	3019	0.044137675
16161	3902	0.04413512
16231	6096	0.0326185
16231	4258	0.032618485
16231	3569	0.032618463
16231	1927	0.03259588
16231	966	0.032595843
16231	1530	0.03252796
16231	4440	0.032527946
16231	4929	0.032527935
16231	1095	0.032527916
16231	1141	0.032467145
16246	504	0.046602454
16246	2823	0.045758262
16246	1709	0.04529337
16246	971	0.04522152
16246	1630	0.045093488
16246	4269	0.044814974
16246	715	0.044694144
16246	6674	0.044678636
16246	589	0.044636596
16246	708	0.044213608
16263	4732	0.055731285
16263	286	0.05570923
16263	1510	0.055600718
16263	4180	0.055600684
16263	310	0.05544518
16263	2119	0.05539497
16263	2699	0.055380218
16263	5791	0.05532454
16263	5315	0.05530851
16263	3137	0.05523756
16383	5904	0.03561054
16383	3562	0.035443682
16383	2753	0.03543768
16383	4424	0.03540345
16383	5200	0.035392128
16383	131	0.035392117
16383	2843	0.03530764
16383	2003	0.035275735
16383	4706	0.035257354
16383	917	0.035230145
16488	3581	0.06692107
16488	341	0.06647442
16488	338	0.06647441
16488	1260	0.066474386
16488	5601	0.06647435
16488	434	0.066453196
16488	3104	0.06599266
16488	2317	0.06583613
16488	3064	0.06581494
16488	1781	0.06575143
16504	3794	0.053484336
16504	2456	0.05305943
16504	1800	0.052907832
16504	600	0.052816782
16504	4955	0.05269803
16504	1167	0.05247914
16504	1284	0.05243691
16504	5730	0.052327704
16504	927	0.05228836
16504	1902	0.05227618
16510	2066	0.044556063
16510	6590	0.04452924
16510	5951	0.044444162
16510	453	0.04419692
16510	2732	0.044183195
16510	892	0.044176422
16510	331	0.04411655
16510	147	0.04408677
16510	4513	0.044086725
16510	1229	0.044080056
16545	5174	0.046094887
16545	5852	0.046027355
16545	2741	0.046005435
16545	3991	0.045974065
16545	6407	0.04596603
16545	1252	0.045965996
16545	6223	0.045957338
16545	6547	0.045883648
16545	6310	0.045822337
16545	904	0.045818783
16551	1436	0.058843803
16551	1713	0.058738932
16551	2387	0.05861929
16551	1071	0.0580402
16551	448	0.057816908
16551	1261	0.057801604
16551	613	0.057408437
16551	5815	0.05734562
16551	20	0.057345614
16551	2867	0.057345573
16599	2927	0.060822107
16599	3227	0.060768597
16599	2156	0.0600031
16599	814	0.05987658
16599	1220	0.05940771
16599	836	0.05940613
16599	6795	0.059388004
16599	6099	0.059036046
16599	503	0.05892217
16599	3209	0.05891919
16601	1748	0.047271304
16601	4122	0.0472713
16601	6350	0.0469036
16601	2651	0.04681673
16601	4084	0.04671566
16601	3447	0.04664641
16601	6777	0.04664621
16601	4300	0.046639975
16601	2440	0.046633884
16601	3997	0.046559535
16666	2079	0.043687187
16666	3259	0.043687183
16666	2717	0.04359468
16666	6265	0.043561697
16666	1318	0.04346455
16666	2972	0.043464534
16666	4213	0.04344821
16666	2116	0.043418664
16666	5729	0.043299515
16666	2376	0.04329789
16718	1291	0.06119953
16718	930	0.060562484
16718	3142	0.06056243
16718	862	0.06025708
16718	2918	0.060214937
16718	407	0.060212538
16718	5781	0.06006127
16718	51	0.059995677
16718	192	0.05985685
16718	978	0.0597234
16721	802	0.04327146
16721	4464	0.043271437
16721	3936	0.04327143
16721	3910	0.043218482
16721	3864	0.042873014
16721	5289	0.042872977
16721	5925	0.042840946
16721	2111	0.042761154
16721	6698	0.042761132
16721	6831	0.042761132
16755	406	0.098430164
16755	1193	0.097018294
16755	1389	0.09586044
16755	5792	0.09564067
16755	3705	0.0944968
16755	1592	0.09447246
16755	645	0.094424516
16755	3909	0.09442446
16755	2432	0.09370602
16755	420	0.09314277
16777	3020	0.048845284
16777	633	0.048581515
16777	4376	0.04853312
16777	1245	0.048276294
16777	1645	0.048088685
16777	3675	0.048039243
16777	677	0.04794029
16777	3515	0.047925517
16777	374	0.047878213
16777	1644	0.047828298
16781	541	0.058094308
16781	1458	0.058094293
16781	6544	0.05809428
16781	168	0.05809427
16781	6918	0.058021054
16781	2333	0.057916727
16781	159	0.057916686
16781	1094	0.05752858
16781	1045	0.057528526
16781	1725	0.057528526
16798	3206	0.049704574
16798	1460	0.04929822
16798	5349	0.049293675
16798	6012	0.04924621
16798	2472	0.049235262
16798	3402	0.04923526
16798	6862	0.04913888
16798	5246	0.04878291
16798	5350	0.048763853
16798	3255	0.048628077
16818	5140	0.040364236
16818	1631	0.040239334
16818	1764	0.040230684
16818	4458	0.040218316
16818	449	0.04017996
16818	1179	0.04005634
16818	879	0.03996243
16818	1076	0.03944816
16818	3616	0.03941313
16818	3443	0.039376438
16877	715	0.07088529
16877	1251	0.07050592
16877	1783	0.070180476
16877	1709	0.069872886
16877	1599	0.06912647
16877	742	0.06817782
16877	6061	0.06812973
16877	991	0.06797921
16877	730	0.067968205
16877	5230	0.067875974
16908	3011	0.031417
16908	3355	0.031399645
16908	262	0.03138701
16908	315	0.031305335
16908	216	0.031289965
16908	2001	0.031243209
16908	1372	0.031053161
16908	3303	0.030959824
16908	4921	0.03094771
16908	4031	0.030947689
16916	3883	0.035566807
16916	735	0.035527073
16916	5842	0.03547593
16916	1569	0.03535156
16916	3882	0.035351552
16916	955	0.03509195
16916	2837	0.034968484
16916	2727	0.034826532
16916	514	0.034705445
16916	347	0.034600154
16943	3581	0.04590814
16943	1781	0.045672428
16943	338	0.04557845
16943	341	0.045578446
16943	1260	0.04557842
16943	5601	0.045578398
16943	3104	0.045500353
16943	1817	0.04530165
16943	133	0.04530163
16943	2317	0.045219425
16949	5737	0.03972344
16949	388	0.039662503
16949	6158	0.039556388
16949	6259	0.039491955
16949	3075	0.03932549
16949	978	0.0392943
16949	1207	0.03920459
16949	5596	0.03908575
16949	278	0.03907438
16949	2208	0.03907437
16966	6237	0.036868125
16966	5982	0.036868095
16966	3912	0.03685312
16966	1124	0.036814027
16966	5524	0.03679903
16966	5987	0.036745712
16966	3871	0.036692016
16966	2130	0.0366607
16966	3662	0.03664837
16966	6293	0.03650733
16996	1219	0.044309042
16996	18	0.04407843
16996	3328	0.044052616
16996	3631	0.04396794
16996	1753	0.04386943
16996	5574	0.04386942
16996	2068	0.043869406
16996	435	0.043815434
16996	4181	0.043784272
16996	4639	0.04378424
16999	1023	0.06463237
16999	1772	0.06463236
16999	2231	0.06463233
16999	2407	0.06462154
16999	1027	0.06462151
16999	1777	0.06462151
16999	1655	0.06462146
16999	2194	0.064621456
16999	1559	0.06462142
16999	1554	0.064274386
17003	2458	0.07466379
17003	5561	0.074626185
17003	1109	0.07429053
17003	1991	0.073868394
17003	954	0.07380619
17003	925	0.07372556
17003	37	0.07369592
17003	4257	0.07358503
17003	2391	0.073472634
17003	1433	0.07337707
17046	3277	0.035905458
17046	2597	0.035871826
17046	3500	0.03587181
17046	795	0.035871804
17046	3837	0.03586638
17046	6853	0.03582655
17046	2619	0.035826515
17046	2644	0.035826217
17046	4211	0.03566059
17046	797	0.035633527
17159	1854	0.058443625
17159	329	0.057880946
17159	619	0.057880946
17159	77	0.057681903
17159	1636	0.057565305
17159	59	0.05715236
17159	2795	0.057149746
17159	2543	0.05690731
17159	67	0.056684405
17159	4919	0.05647245
17177	2623	0.056488954
17177	3917	0.056480058
17177	6153	0.056375027
17177	2508	0.05627518
17177	5431	0.05598302
17177	6221	0.055843614
17177	4854	0.055756878
17177	6817	0.055711567
17177	1050	0.055665508
17177	6704	0.055511847
17183	420	0.074477986
17183	1389	0.07416371
17183	2093	0.07410942
17183	5389	0.07331793
17183	5205	0.073317125
17183	4245	0.07307437
17183	1193	0.07273306
17183	285	0.072653666
17183	2432	0.07242223
17183	1271	0.072324485
17190	2119	0.050004445
17190	286	0.04979014
17190	1510	0.049759217
17190	4180	0.049759187
17190	1750	0.049538843
17190	1698	0.04951494
17190	5990	0.049337897
17190	485	0.04933788
17190	4044	0.049112476
17190	4732	0.04888451
17233	3760	0.04676437
17233	4526	0.046747804
17233	532	0.046566077
17233	5423	0.046560764
17233	311	0.046492625
17233	2764	0.04647129
17233	1849	0.046460062
17233	4957	0.04642348
17233	3071	0.046371713
17233	3180	0.046362415
17282	3858	0.045213304
17282	367	0.04519534
17282	1852	0.045195326
17282	6141	0.04519531
17282	2700	0.045166533
17282	3951	0.04516652
17282	327	0.045166515
17282	2020	0.04513169
17282	5285	0.045105055
17282	2573	0.045105048
17402	577	0.055928156
17402	4696	0.055928133
17402	2963	0.055675194
17402	1249	0.05522456
17402	2324	0.055168897
17402	3534	0.054826334
17402	4346	0.054733116
17402	2467	0.054704808
17402	5406	0.05469971
17402	5042	0.054699704
17507	2903	0.049564064
17507	3970	0.049564056
17507	1482	0.04938653
17507	6324	0.049241886
17507	6672	0.049198158
17507	4085	0.049057186
17507	6101	0.04899303
17507	2400	0.048993003
17507	6134	0.04894765
17507	4740	0.048947625
17596	2569	0.045327812
17596	5637	0.045327786
17596	3699	0.045327745
17596	6772	0.044955302
17596	510	0.044909764
17596	4418	0.04490973
17596	2520	0.04489585
17596	3447	0.044882882
17596	5739	0.04479169
17596	5347	0.044791646
17667	2040	0.037497602
17667	5573	0.037497513
17667	2514	0.037315458
17667	1350	0.03723906
17667	5434	0.037218355
17667	660	0.03716334
17667	2177	0.03706488
17667	363	0.037054278
17667	2804	0.036904793
17667	6654	0.036740813
17761	4166	0.04807658
17761	6337	0.04784074
17761	3626	0.047838286
17761	329	0.047783874
17761	619	0.047783874
17761	896	0.047759507
17761	5633	0.04762275
17761	4202	0.047598384
17761	4919	0.047571544
17761	1639	0.047569156
17859	4212	0.053922396
17859	1064	0.05379325
17859	3286	0.05379319
17859	4034	0.05370094
17859	1593	0.053700924
17859	4703	0.053700924
17859	541	0.05357727
17859	1458	0.053577248
17859	6544	0.053577237
17859	168	0.053577233
17894	1853	0.053927857
17894	452	0.053927775
17894	1296	0.053801082
17894	3452	0.053770814
17894	4930	0.05369044
17894	3696	0.05368598
17894	4219	0.053680852
17894	2992	0.053625226
17894	3361	0.053615622
17894	2173	0.053615607
17906	1076	0.06486725
17906	613	0.06438884
17906	2503	0.06424257
17906	448	0.064142
17906	2387	0.0640792
17906	2991	0.064019285
17906	3443	0.063628525
17906	1436	0.06349938
17906	6111	0.06303741
17906	710	0.062748134
17950	70	0.070804894
17950	5404	0.070804864
17950	1817	0.07067895
17950	133	0.07067894
17950	2469	0.07041193
17950	6111	0.070399925
17950	552	0.07039878
17950	5936	0.07039878
17950	85	0.07028594
17950	4227	0.070272796
17970	243	0.061980944
17970	5140	0.061411288
17970	692	0.061150327
17970	1764	0.061075374
17970	645	0.06106141
17970	3909	0.061061364
17970	879	0.0606219
17970	406	0.060547747
17970	1631	0.05973547
17970	999	0.059712
18067	440	0.054141648
18067	1329	0.053474255
18067	5230	0.053336635
18067	6004	0.0527244
18067	6498	0.05261677
18067	2744	0.052520543
18067	1789	0.05241429
18067	3144	0.052338846
18067	1401	0.05233879
18067	1251	0.05211134
18082	140	0.07046607
18082	892	0.070374876
18082	1526	0.0703298
18082	4119	0.07030529
18082	1690	0.06995599
18082	279	0.06984049
18082	2316	0.06965492
18082	84	0.069636844
18082	330	0.06963675
18082	4726	0.06941006
18095	1636	0.053992484
18095	2070	0.05394675
18095	619	0.053903624
18095	329	0.053903613
18095	1064	0.053805895
18095	3286	0.053805858
18095	59	0.053709175
18095	5696	0.053639654
18095	1662	0.053639635
18095	6417	0.053639576
18096	2981	0.052054875
18096	3497	0.05198202
18096	3400	0.05188894
18096	652	0.051840045
18096	45	0.051802546
18096	1361	0.051669605
18096	2437	0.051669605
18096	6298	0.051669583
18096	427	0.05166956
18096	2852	0.051669538
18155	1786	0.0451366
18155	3658	0.04508881
18155	5156	0.04479146
18155	6536	0.044477135
18155	1718	0.04445199
18155	3338	0.044292178
18155	1933	0.0442796
18155	3939	0.044128418
18155	3680	0.04407665
18155	109	0.044047475
18172	3133	0.0579234
18172	3883	0.05772707
18172	257	0.057621308
18172	102	0.05746443
18172	1617	0.057333134
18172	3348	0.05721709
18172	955	0.057109244
18172	2837	0.057026535
18172	3507	0.05699803
18172	474	0.056971442
18176	1058	0.0502541
18176	930	0.050250627
18176	465	0.050250586
18176	3142	0.050250586
18176	5570	0.050214626
18176	1212	0.05021462
18176	653	0.05018879
18176	590	0.05006728
18176	2918	0.04993367
18176	61	0.049841415
18203	1261	0.064726934
18203	20	0.06428041
18203	5815	0.06428041
18203	2867	0.06428036
18203	414	0.064141616
18203	1690	0.063641965
18203	459	0.06348449
18203	2883	0.063153505
18203	739	0.06298844
18203	1444	0.062923014
18311	4096	0.057180963
18311	2271	0.05718094
18311	1226	0.057180926
18311	2428	0.057180926
18311	2460	0.057180926
18311	5083	0.057180926
18311	1333	0.05718091
18311	3231	0.05718091
18311	2993	0.057180908
18311	5057	0.05718089
18384	1369	0.035613403
18384	643	0.035613384
18384	3587	0.0354133
18384	4279	0.03541328
18384	860	0.03537618
18384	6121	0.035363905
18384	1156	0.03534124
18384	5730	0.0353278
18384	941	0.035306256
18384	4708	0.035192195
18401	2083	0.05446358
18401	5888	0.054463554
18401	4150	0.05412118
18401	4926	0.05412118
18401	2723	0.054121174
18401	4721	0.05412117
18401	4076	0.05412116
18401	6711	0.054121144
18401	1997	0.054121107
18401	5317	0.05411078
18439	352	0.051361624
18439	3227	0.050963227
18439	1253	0.050937973
18439	5759	0.050543632
18439	420	0.050463095
18439	689	0.050245967
18439	5618	0.050080866
18439	5205	0.05006445
18439	614	0.049849264
18439	5389	0.049844574
18689	1447	0.03537365
18689	895	0.035146907
18689	3290	0.035092946
18689	4051	0.034893397
18689	5064	0.03489337
18689	1101	0.03478887
18689	1882	0.03475084
18689	6865	0.03473055
18689	3691	0.034612298
18689	4339	0.03447632
18979	5224	0.03998863
18979	5952	0.039988626
18979	1292	0.039988622
18979	6850	0.039988622
18979	2047	0.039988615
18979	1419	0.039972886
18979	4756	0.039972883
18979	1421	0.03997287
18979	3822	0.039972864
18979	1049	0.039972857
19085	4528	0.052586712
19085	2894	0.052449837
19085	2037	0.05244429
19085	167	0.052135736
19085	2604	0.052107953
19085	3236	0.052095704
19085	6177	0.05205127
19085	4448	0.05205126
19085	197	0.051988028
19085	5	0.051864076
19107	1389	0.07808697
19107	420	0.07752455
19107	406	0.07734924
19107	1193	0.07629525
19107	614	0.07629281
19107	2432	0.075131595
19107	2620	0.075104386
19107	2093	0.07488401
19107	1490	0.074355975
19107	3705	0.07394725
19145	983	0.041915953
19145	472	0.04190017
19145	480	0.041802473
19145	988	0.04178385
19145	3169	0.04172206
19145	3197	0.04161643
19145	1600	0.041594427
19145	1472	0.041588634
19145	2281	0.041478097
19145	816	0.041459307
19233	2407	0.04742626
19233	1027	0.047426246
19233	1777	0.047426242
19233	2194	0.047426216
19233	1655	0.047426213
19233	1559	0.047426183
19233	319	0.04725951
19233	1523	0.047259502
19233	2189	0.04725948
19233	6540	0.047203876
19336	352	0.0488282
19336	1630	0.048240807
19336	689	0.04818806
19336	1066	0.048000973
19336	730	0.047956143
19336	862	0.047940634
19336	2823	0.04790463
19336	6259	0.047827087
19336	1783	0.047628947
19336	2156	0.04751036
19362	2346	0.035840794
19362	3819	0.035840783
19362	4598	0.035840757
19362	344	0.035735182
19362	1525	0.035662286
19362	3130	0.035659082
19362	6649	0.035642926
19362	737	0.035623685
19362	198	0.03561346
19362	1858	0.035582952
19429	2573	0.05174678
19429	5285	0.051746767
19429	1316	0.05174674
19429	3220	0.051746726
19429	3858	0.051724434
19429	3264	0.05169927
19429	1625	0.051699266
19429	5768	0.05169791
19429	6901	0.051697865
19429	5369	0.05169785
19493	5270	0.058126174
19493	4552	0.058052942
19493	1181	0.057977796
19493	4606	0.057621136
19493	2193	0.05760645
19493	2995	0.05760642
19493	5591	0.057546966
19493	3525	0.057546943
19493	1956	0.057472188
19493	1003	0.057414718
19503	2044	0.054928966
19503	6564	0.054777667
19503	4968	0.054615118
19503	3433	0.054088466
19503	1492	0.05378542
19503	2503	0.05369795
19503	1631	0.05366586
19503	1956	0.05365249
19503	1076	0.053581722
19503	5270	0.053496964
19570	514	0.044108868
19570	4113	0.044081464
19570	761	0.043927975
19570	5210	0.043875836
19570	2678	0.043793928
19570	961	0.043787982
19570	6530	0.04351324
19570	955	0.043357257
19570	3050	0.04317759
19570	3183	0.043118536
19571	649	0.0507102
19571	1179	0.05048449
19571	5448	0.04984359
19571	1691	0.049750566
19571	3443	0.049373187
19571	449	0.049356464
19571	4980	0.049220763
19571	5270	0.049211778
19571	5591	0.049200185
19571	3525	0.049200162
19573	6075	0.052353553
19573	4606	0.052304015
19573	5702	0.052267537
19573	575	0.05206948
19573	3433	0.052068025
19573	1764	0.0519382
19573	4458	0.05164904
19573	1181	0.051627792
19573	2193	0.051503304
19573	2995	0.051503286
19659	606	0.06328444
19659	879	0.06260705
19659	1261	0.06254296
19659	2883	0.061426573
19659	708	0.06131351
19659	434	0.061313435
19659	5815	0.061036307
19659	20	0.061036304
19659	2867	0.061036244
19659	1640	0.06098385
19664	977	0.06301289
19664	6444	0.06301287
19664	2684	0.06298588
19664	604	0.06280929
19664	2315	0.062779985
19664	683	0.06274783
19664	2555	0.06260864
19664	213	0.06260857
19664	1286	0.06257356
19664	1289	0.06252814
19681	394	0.03194364
19681	4519	0.031860318
19681	1064	0.031817187
19681	3286	0.031817153
19681	651	0.031795096
19681	346	0.0317346
19681	2992	0.031710282
19681	4212	0.031692065
19681	3217	0.031573888
19681	3452	0.031542912
19711	1796	0.08085002
19711	6169	0.079745114
19711	6382	0.079601124
19711	3919	0.07942383
19711	4883	0.07915923
19711	3799	0.07871776
19711	1320	0.07859002
19711	6385	0.078416444
19711	4029	0.07841641
19711	4305	0.07800719
19760	2634	0.06127602
19760	2478	0.060943954
19760	2836	0.06012211
19760	3790	0.05987829
19760	5879	0.059847083
19760	339	0.059627824
19760	5390	0.059444144
19760	340	0.059295833
19760	373	0.059111834
19760	2966	0.058779795
19842	1690	0.060887102
19842	279	0.060213365
19842	2327	0.06010858
19842	1387	0.0601085
19842	414	0.060056604
19842	997	0.059930608
19842	2870	0.059930593
19842	4119	0.059567053
19842	5361	0.05949929
19842	3552	0.059499245
19972	6202	0.03976368
19972	336	0.039606445
19972	6595	0.03955327
19972	2997	0.039541915
19972	4985	0.039541896
19972	238	0.039541893
19972	3611	0.03954189
19972	603	0.03945966
19972	5856	0.03945964
19972	6708	0.03945964
20005	2197	0.04864894
20005	4858	0.048601955
20005	246	0.048553273
20005	5559	0.04851774
20005	2015	0.04846121
20005	2366	0.048440967
20005	2006	0.048311055
20005	2983	0.048254512
20005	637	0.048243932
20005	52	0.048222654
20032	3022	0.049487747
20032	6709	0.04926821
20032	3426	0.049268194
20032	6816	0.049151644
20032	6756	0.048981708
20032	1983	0.048631668
20032	3794	0.048626907
20032	586	0.048485458
20032	574	0.04822875
20032	1405	0.048125133
20034	1066	0.069641516
20034	1800	0.06930277
20034	1430	0.06797774
20034	586	0.067919336
20034	3794	0.0678705
20034	1897	0.06771642
20034	934	0.067716345
20034	1902	0.06767418
20034	352	0.06760612
20034	2456	0.067406565
20060	5254	0.049574178
20060	1309	0.049096704
20060	3645	0.049056772
20060	5015	0.048617832
20060	1091	0.048568577
20060	2077	0.048522197
20060	6032	0.0483678
20060	5263	0.04836776
20060	3745	0.048324645
20060	1837	0.048294723
20106	1691	0.06634809
20106	649	0.06632948
20106	152	0.066067815
20106	937	0.06606781
20106	2362	0.065578945
20106	1555	0.06553103
20106	613	0.06535788
20106	1576	0.064900234
20106	459	0.064590275
20106	1436	0.064516425
20115	2044	0.051924944
20115	3433	0.051922556
20115	1631	0.051353
20115	1492	0.05131425
20115	404	0.051295213
20115	2991	0.051166207
20115	2120	0.051009238
20115	5702	0.050994776
20115	2503	0.05097394
20115	1947	0.050953317
20119	1261	0.068972826
20119	459	0.06816575
20119	1436	0.06777076
20119	613	0.06764517
20119	414	0.0675155
20119	2362	0.0673283
20119	2883	0.06720896
20119	937	0.066500485
20119	2176	0.066054225
20119	4538	0.066054225
20147	4710	0.051334307
20147	6111	0.051140033
20147	448	0.051098686
20147	2387	0.05109837
20147	1817	0.05101765
20147	133	0.051017623
20147	710	0.050900593
20147	4247	0.050769113
20147	1713	0.05046975
20147	693	0.05043456
20149	3671	0.0405263
20149	2664	0.040526286
20149	3842	0.040150356
20149	3082	0.039884068
20149	3303	0.039884016
20149	5841	0.039730225
20149	1742	0.03955575
20149	4990	0.039546266
20149	5552	0.039217144
20149	3293	0.039150015
20150	960	0.048110995
20150	1203	0.048083797
20150	5604	0.047872297
20150	6160	0.047864508
20150	433	0.04774181
20150	1326	0.047739685
20150	2562	0.04773967
20150	4700	0.04768199
20150	6434	0.047681972
20150	1793	0.04747034
20172	3169	0.059768386
20172	480	0.059613936
20172	816	0.059431322
20172	622	0.05939053
20172	988	0.05934011
20172	472	0.059334844
20172	2281	0.059264068
20172	1600	0.059258804
20172	1463	0.05916469
20172	983	0.059055865
20180	1261	0.061717838
20180	606	0.061235067
20180	708	0.061135974
20180	434	0.061135914
20180	2883	0.061011218
20180	127	0.060649436
20180	971	0.060643494
20180	5815	0.0605615
20180	20	0.060561493
20180	2867	0.06056144
20201	998	0.06660373
20201	6036	0.06639724
20201	3555	0.06632104
20201	1012	0.06614575
20201	3901	0.066068865
20201	5959	0.065923646
20201	2642	0.06559976
20201	6741	0.065475285
20201	4839	0.06547519
20201	3131	0.065176316
20245	2707	0.05320255
20245	3721	0.053153943
20245	674	0.05314867
20245	3242	0.052928925
20245	2926	0.05279149
20245	4766	0.05269272
20245	6461	0.052667093
20245	3963	0.05252167
20245	2351	0.052502543
20245	5644	0.052467793
20250	1369	0.04672768
20250	1634	0.046725832
20250	5216	0.04672581
20250	3022	0.04668816
20250	5730	0.04664893
20250	6709	0.04660943
20250	3426	0.046609417
20250	574	0.046317145
20250	3587	0.046309862
20250	4279	0.04630985
20265	652	0.04155106
20265	2981	0.04141832
20265	1361	0.041396625
20265	2437	0.041396625
20265	6298	0.041396603
20265	427	0.04139659
20265	2852	0.041396573
20265	5494	0.04124479
20265	3497	0.041221805
20265	2430	0.04114856
20336	440	0.05229447
20336	1329	0.052279666
20336	1594	0.051793095
20336	1251	0.051566575
20336	1068	0.051526308
20336	3144	0.051513623
20336	1401	0.051513582
20336	5230	0.05114406
20336	5134	0.0505783
20336	3217	0.05048707
20347	6015	0.038981527
20347	6723	0.038970575
20347	1528	0.038963728
20347	184	0.038963698
20347	4501	0.038963698
20347	4994	0.038914427
20347	4096	0.038874768
20347	2271	0.038874757
20347	1226	0.038874753
20347	2428	0.038874745
20388	1771	0.04896836
20388	4553	0.048708916
20388	3815	0.048698112
20388	1259	0.0486981
20388	1907	0.04869809
20388	6105	0.048698075
20388	1965	0.04869807
20388	1939	0.048698045
20388	2408	0.048698038
20388	3956	0.048698027
20462	314	0.05642904
20462	1952	0.056124847
20462	1746	0.056107502
20462	4106	0.055996455
20462	4003	0.055988193
20462	1190	0.055919208
20462	5001	0.05571185
20462	4157	0.055624757
20462	5833	0.05562371
20462	2480	0.05550059
20484	2698	0.048341397
20484	2327	0.04812701
20484	1387	0.048126947
20484	6543	0.047589146
20484	2631	0.047587156
20484	84	0.047531523
20484	330	0.047531456
20484	1526	0.047341563
20484	4905	0.047170684
20484	3274	0.046942335
20561	6566	0.043951094
20561	2352	0.043857716
20561	5602	0.043480143
20561	778	0.04336284
20561	4108	0.04321728
20561	4051	0.043027703
20561	5064	0.043027658
20561	4798	0.042977154
20561	662	0.042968795
20561	5733	0.042876113
20627	5828	0.032425523
20627	3373	0.032319352
20627	789	0.03231932
20627	1973	0.03231932
20627	4878	0.032319307
20627	650	0.032271214
20627	1674	0.032271206
20627	5053	0.032221533
20627	1806	0.03222151
20627	1515	0.032165006
20629	4494	0.040735047
20629	2751	0.04073504
20629	5538	0.04073499
20629	5995	0.040734973
20629	6326	0.040733986
20629	6161	0.04060527
20629	1034	0.040605266
20629	3959	0.04060525
20629	3041	0.04060523
20629	555	0.040605217
20680	3180	0.060572192
20680	2578	0.06057217
20680	4666	0.06049598
20680	4676	0.060495913
20680	3735	0.06049591
20680	4175	0.06031825
20680	6554	0.06031825
20680	5423	0.060307845
20680	2764	0.060203522
20680	3967	0.060127296
20703	410	0.052952137
20703	61	0.05294846
20703	590	0.052857697
20703	4867	0.052573305
20703	2369	0.052486617
20703	2912	0.052483
20703	227	0.052471302
20703	978	0.05246157
20703	1490	0.052367724
20703	862	0.05235352
20794	1417	0.05477367
20794	201	0.054773625
20794	1556	0.05477362
20794	1029	0.054773614
20794	3716	0.054773584
20794	5961	0.054434597
20794	4182	0.054434545
20794	4037	0.054434523
20794	6899	0.05439075
20794	3127	0.054317784
20961	4137	0.048075553
20961	4436	0.047661904
20961	6743	0.04759317
20961	6520	0.047363847
20961	1936	0.04724913
20961	3765	0.04716181
20961	5177	0.047117602
20961	1719	0.047053464
20961	5996	0.04698408
20961	4559	0.046944924
20971	507	0.0730172
20971	589	0.072710685
20971	4442	0.07244179
20971	5762	0.072212994
20971	5205	0.07116454
20971	5230	0.07114352
20971	2744	0.071059994
20971	6211	0.07037857
20971	1709	0.07031605
20971	1251	0.070010215
21011	5114	0.067000985
21011	1033	0.06698288
21011	938	0.066982865
21011	636	0.066938624
21011	2360	0.06693861
21011	2920	0.06693861
21011	2407	0.06650402
21011	1027	0.06650401
21011	1777	0.066504
21011	1655	0.06650395
21014	3919	0.050434317
21014	1796	0.0502399
21014	1659	0.04965569
21014	6382	0.049614444
21014	6169	0.049545474
21014	959	0.049494892
21014	5387	0.049456675
21014	2738	0.049326017
21014	6092	0.049296368
21014	6482	0.049137447
21031	451	0.04319591
21031	3182	0.04318753
21031	3074	0.04318752
21031	1444	0.04304562
21031	2961	0.043045603
21031	165	0.04282119
21031	997	0.042745747
21031	2870	0.042745747
21031	540	0.042700663
21031	727	0.042640913
21049	4907	0.048379734
21049	1744	0.04837972
21049	2138	0.048030827
21049	4686	0.04795365
21049	4146	0.04755214
21049	4520	0.0475118
21049	2832	0.04751177
21049	1557	0.047321454
21049	4564	0.047299724
21049	1100	0.04718685
21202	3196	0.051207326
21202	2478	0.051068224
21202	2634	0.050791457
21202	5390	0.05067786
21202	831	0.05059233
21202	3790	0.050374165
21202	2859	0.050223153
21202	2232	0.050188005
21202	2836	0.05007741
21202	340	0.049899653
21207	1567	0.050084807
21207	3369	0.04990542
21207	758	0.049860932
21207	3251	0.049723797
21207	5893	0.049664892
21207	288	0.049576476
21207	146	0.049417272
21207	1455	0.049335886
21207	5211	0.0493257
21207	4516	0.049300082
21229	689	0.074561566
21229	3227	0.07404378
21229	352	0.07356039
21229	2927	0.073525205
21229	2823	0.07342896
21229	2156	0.07288623
21229	420	0.07276299
21229	1066	0.07221363
21229	1389	0.07213153
21229	5759	0.07178715
21252	388	0.042993825
21252	2821	0.04268408
21252	2208	0.042541526
21252	5166	0.04254151
21252	4230	0.0425415
21252	1737	0.042541496
21252	3954	0.042541474
21252	5953	0.04246868
21252	5414	0.042468674
21252	646	0.042468667
21356	2362	0.05106578
21356	152	0.050936602
21356	937	0.050936602
21356	459	0.050411984
21356	3855	0.05022911
21356	1691	0.050001696
21356	1929	0.049736883
21356	4874	0.049736865
21356	414	0.04968903
21356	3877	0.04967834
21364	85	0.06728105
21364	4227	0.06699124
21364	637	0.06695439
21364	628	0.066884816
21364	1817	0.066796735
21364	133	0.06679673
21364	1781	0.06672713
21364	3796	0.06669029
21364	500	0.06653592
21364	1462	0.06634611
21404	5649	0.08710385
21404	1358	0.086912006
21404	2349	0.08606446
21404	4203	0.08595064
21404	2290	0.08560379
21404	4865	0.085439056
21404	2293	0.085409954
21404	6170	0.08526386
21404	6729	0.08526385
21404	3315	0.085092664
21462	3705	0.0640249
21462	307	0.06371966
21462	2318	0.063719645
21462	958	0.06365255
21462	951	0.06363986
21462	2357	0.06355785
21462	3368	0.06353802
21462	723	0.0630516
21462	5576	0.06301646
21462	3539	0.06301643
21484	1070	0.04763417
21484	883	0.047579855
21484	4438	0.047579855
21484	4876	0.04757982
21484	2317	0.047454026
21484	338	0.04676035
21484	341	0.046760347
21484	1260	0.04676034
21484	5601	0.046760306
21484	4325	0.046754695
21540	1510	0.041789927
21540	4180	0.04178991
21540	3836	0.04174843
21540	485	0.041712012
21540	5990	0.041712
21540	530	0.041709445
21540	2533	0.04157051
21540	728	0.0413818
21540	2243	0.04128141
21540	1929	0.04122168
21576	693	0.073307894
21576	1947	0.073174536
21576	2503	0.07283872
21576	1492	0.07277127
21576	68	0.07268843
21576	809	0.072626695
21576	1971	0.07258112
21576	85	0.07209064
21576	1177	0.07206871
21576	2991	0.07204165
21618	3943	0.065178916
21618	2456	0.06477834
21618	1212	0.064146355
21618	5570	0.064146355
21618	1902	0.064140365
21618	1550	0.06406346
21618	1630	0.06362833
21618	590	0.063419744
21618	689	0.06317374
21618	581	0.063111186
21659	459	0.0601352
21659	2362	0.060019024
21659	3855	0.059661698
21659	3877	0.059493832
21659	5352	0.059413277
21659	188	0.05938173
21659	5250	0.05874061
21659	2552	0.058491264
21659	3681	0.05834788
21659	152	0.05816051
21660	448	0.06912105
21660	581	0.06882816
21660	6111	0.06881577
21660	1817	0.06851199
21660	133	0.06851193
21660	50	0.068272695
21660	5404	0.06827122
21660	2387	0.06801437
21660	41	0.06800918
21660	710	0.06788828
21708	5643	0.043357868
21708	3485	0.043026704
21708	853	0.042952918
21708	4917	0.042836744
21708	1113	0.04283672
21708	6261	0.04276541
21708	563	0.04246141
21708	2998	0.042461373
21708	3888	0.042451374
21708	3707	0.04244931
21875	1493	0.04550858
21875	3458	0.045065157
21875	626	0.045033097
21875	5237	0.04502501
21875	2690	0.04495842
21875	206	0.044957913
21875	2051	0.044814557
21875	6719	0.04480178
21875	469	0.044774845
21875	4913	0.044759057
21903	613	0.051333018
21903	1076	0.05111189
21903	3443	0.05111111
21903	649	0.05081971
21903	2503	0.050685845
21903	1179	0.050640415
21903	1436	0.050525248
21903	448	0.05043283
21903	2991	0.050404556
21903	2387	0.050200693
21912	6616	0.039505996
21912	2473	0.039449163
21912	5200	0.039384693
21912	131	0.03938469
21912	3777	0.039355144
21912	4421	0.03933622
21912	2475	0.039277934
21912	6541	0.039277934
21912	389	0.039130043
21912	5585	0.039116472
21930	3878	0.03989476
21930	1240	0.039259538
21930	782	0.039150573
21930	3196	0.038856957
21930	1031	0.038675856
21930	5625	0.038521636
21930	4562	0.038333334
21930	4592	0.03833326
21930	1413	0.03830199
21930	870	0.038143232
22045	662	0.05920568
22045	2064	0.058854934
22045	3258	0.05885256
22045	6646	0.058852524
22045	5675	0.05875144
22045	6250	0.05859343
22045	195	0.058553707
22045	3029	0.05851943
22045	1328	0.058485158
22045	2820	0.058398258
22062	636	0.048181787
22062	2920	0.048181783
22062	2360	0.04818178
22062	3440	0.048181772
22062	415	0.048170544
22062	2024	0.048101082
22062	604	0.048017133
22062	5833	0.04788858
22062	1916	0.047746263
22062	2684	0.047721647
22074	2883	0.0748111
22074	1261	0.07473685
22074	2961	0.07448507
22074	3056	0.07429488
22074	606	0.07396042
22074	1626	0.07298376
22074	611	0.07296753
22074	879	0.07295097
22074	127	0.07289062
22074	414	0.07287
22089	5795	0.04053449
22089	40	0.04049825
22089	2804	0.040224634
22089	859	0.040135868
22089	968	0.039962195
22089	3532	0.039925966
22089	2177	0.039858192
22089	469	0.039844766
22089	1493	0.03972193
22089	2690	0.039719142
22107	1966	0.0516178
22107	1956	0.051406115
22107	2315	0.05127354
22107	2555	0.051209874
22107	213	0.05120983
22107	4433	0.05119282
22107	935	0.051165663
22107	4968	0.050955378
22107	1816	0.050954223
22107	5617	0.050954185
22167	411	0.054790646
22167	5771	0.054698594
22167	292	0.054680344
22167	5991	0.054680314
22167	3999	0.054605044
22167	421	0.054605015
22167	695	0.054604985
22167	1336	0.05456169
22167	2413	0.05453831
22167	957	0.05442786
22252	1070	0.05829454
22252	3169	0.058128443
22252	1600	0.05811982
22252	816	0.058101214
22252	2281	0.058017503
22252	1405	0.057912104
22252	339	0.05788075
22252	537	0.057853535
22252	183	0.057691664
22252	2317	0.057664353
22338	2503	0.07231893
22338	3520	0.07211539
22338	1177	0.07181837
22338	2991	0.071725264
22338	693	0.071652554
22338	1492	0.071606204
22338	1947	0.07157889
22338	68	0.07131677
22338	2469	0.071210995
22338	404	0.07114477
22365	6158	0.041010436
22365	5596	0.0404208
22365	978	0.0403763
22365	6878	0.040352963
22365	227	0.04030014
22365	3678	0.040184103
22365	1396	0.04018409
22365	965	0.040184088
22365	1747	0.040184073
22365	5414	0.040150996
22464	397	0.033698972
22464	600	0.03350926
22464	5730	0.03346488
22464	5673	0.033280525
22464	1355	0.03326486
22464	1332	0.03322193
22464	1369	0.033125736
22464	643	0.033125713
22464	1428	0.03309129
22464	3346	0.033063963
22495	4148	0.0385699
22495	4225	0.03856989
22495	3324	0.038495027
22495	990	0.03849502
22495	517	0.038482424
22495	191	0.038456134
22495	5342	0.03845612
22495	6612	0.038456105
22495	6558	0.038448002
22495	516	0.038448
22503	5824	0.03280919
22503	6313	0.03278495
22503	2155	0.03272259
22503	6682	0.032722555
22503	1127	0.032583106
22503	5402	0.032414645
22503	4386	0.032413416
22503	1480	0.03240948
22503	2440	0.03237201
22503	5499	0.03235922
22521	784	0.04733264
22521	5884	0.047332577
22521	6598	0.047187746
22521	858	0.047110584
22521	1357	0.047059864
22521	1903	0.047059763
22521	6023	0.04698857
22521	5699	0.046976272
22521	2296	0.04695537
22521	915	0.046825267
22625	1185	0.06358591
22625	1680	0.06336056
22625	1212	0.06324196
22625	5570	0.06324196
22625	3433	0.0630341
22625	653	0.06278595
22625	592	0.062419537
22625	1055	0.062367678
22625	1942	0.062175274
22625	2369	0.06209103
22695	637	0.045374177
22695	691	0.045358263
22695	4227	0.045282926
22695	2197	0.045256697
22695	809	0.045204196
22695	2366	0.04519447
22695	1971	0.045102566
22695	1397	0.045033444
22695	85	0.045027263
22695	4450	0.044984795
22773	1066	0.061271537
22773	586	0.061028242
22773	1800	0.060893673
22773	3794	0.060244665
22773	1897	0.05993122
22773	934	0.05993116
22773	5568	0.05936913
22773	1430	0.059329815
22773	912	0.05915721
22773	3517	0.058850065
22813	3177	0.05115418
22813	1743	0.051154114
22813	5340	0.05069636
22813	5675	0.05049434
22813	777	0.050303444
22813	176	0.0503034
22813	712	0.05021581
22813	1269	0.050215743
22813	778	0.05010084
22813	1328	0.050052688
22818	1105	0.058854192
22818	6061	0.058664367
22818	2928	0.05799589
22818	1446	0.05798476
22818	2282	0.057806138
22818	2050	0.05756677
22818	1160	0.05727549
22818	3601	0.05727549
22818	4392	0.057275455
22818	4992	0.057275444
22912	5260	0.05165376
22912	6337	0.051346697
22912	4154	0.051277433
22912	5682	0.051119126
22912	4088	0.050967425
22912	3175	0.05096063
22912	381	0.050947107
22912	2605	0.05089464
22912	3463	0.050880797
22912	513	0.050766766
22936	3581	0.08189459
22936	341	0.0809512
22936	338	0.08095118
22936	1260	0.08095114
22936	5601	0.080951095
22936	708	0.08088775
22936	2317	0.080871195
22936	3064	0.080807745
22936	1781	0.08050037
22936	1817	0.08006365
22975	5105	0.05009628
22975	3127	0.04994809
22975	6811	0.04989706
22975	2668	0.049897034
22975	3679	0.04957235
22975	3066	0.04952302
22975	3115	0.049521357
22975	2397	0.049521327
22975	5016	0.049486898
22975	3506	0.04945843
23020	2297	0.040454153
23020	1478	0.04045412
23020	3829	0.04045412
23020	5941	0.04045412
23020	5311	0.040454116
23020	2501	0.040334783
23020	6135	0.04024584
23020	2255	0.04024582
23020	6289	0.04024579
23020	4601	0.04024578
23128	3949	0.04780944
23128	35	0.04764301
23128	3114	0.04764294
23128	1027	0.047509745
23128	2407	0.04750974
23128	1777	0.04750973
23128	1655	0.0475097
23128	2194	0.0475097
23128	1559	0.047509655
23128	6540	0.04747346
23288	5964	0.033396058
23288	2719	0.03333091
23288	3785	0.033238027
23288	2084	0.032990046
23288	5035	0.03259839
23288	3294	0.032583162
23288	5461	0.03258314
23288	3376	0.032517955
23288	3164	0.032425072
23288	5819	0.03238324
23459	5320	0.035521895
23459	2277	0.0353797
23459	3864	0.03536636
23459	5289	0.03536632
23459	717	0.035360496
23459	3965	0.035351004
23459	5626	0.035337918
23459	2121	0.035318308
23459	4340	0.03529283
23459	2111	0.03521832
23511	1602	0.06916177
23511	20	0.06893834
23511	5815	0.06893834
23511	2867	0.06893831
23511	459	0.06871249
23511	739	0.06862676
23511	1711	0.06836028
23511	2362	0.06828614
23511	3855	0.06797462
23511	1071	0.06787282
23547	1636	0.047379956
23547	59	0.047280997
23547	619	0.04714909
23547	329	0.047149073
23547	380	0.047137745
23547	3093	0.04708032
23547	1064	0.046948444
23547	3286	0.046948403
23547	4212	0.046513025
23547	2070	0.046500742
23571	458	0.05991753
23571	600	0.0596122
23571	397	0.058823362
23571	1284	0.05854141
23571	5730	0.058529664
23571	6709	0.058318265
23571	3426	0.05831824
23571	4438	0.058164086
23571	4876	0.058163997
23571	3794	0.05806598
23582	649	0.040105697
23582	1555	0.039791428
23582	1179	0.03952863
23582	5448	0.039266147
23582	1691	0.0391872
23582	4980	0.03914128
23582	1782	0.03897324
23582	5591	0.03885796
23582	3525	0.038857944
23582	1579	0.038686413
23619	577	0.04369393
23619	4696	0.043693908
23619	4346	0.043333292
23619	2919	0.043179005
23619	1426	0.043131612
23619	4583	0.04313159
23619	2963	0.043115422
23619	2324	0.04303976
23619	1249	0.04297635
23619	120	0.04283128
23624	2597	0.03599549
23624	795	0.035995476
23624	3500	0.035995476
23624	5595	0.03593973
23624	3837	0.03584204
23624	4445	0.035744764
23624	4147	0.035697974
23624	4211	0.035627775
23624	1995	0.035508294
23624	6853	0.0354203
23652	2329	0.0373476
23652	4035	0.037294652
23652	4212	0.037220933
23652	4846	0.03718348
23652	4034	0.03716798
23652	4703	0.037167974
23652	1593	0.03716797
23652	6140	0.037027232
23652	3463	0.036974303
23652	2336	0.03691609
23659	471	0.051918577
23659	480	0.05189682
23659	1472	0.051481575
23659	1463	0.05133091
23659	3169	0.051309202
23659	779	0.051303104
23659	622	0.051241994
23659	1642	0.051223375
23659	885	0.051044486
23659	565	0.051010635
23680	1593	0.036608428
23680	4034	0.036608428
23680	4703	0.03660842
23680	4212	0.036601186
23680	3361	0.036599644
23680	5410	0.036599625
23680	3331	0.03659962
23680	3452	0.036434926
23680	1448	0.036347345
23680	1064	0.03632215
23699	691	0.056396723
23699	1167	0.05626464
23699	2015	0.05602564
23699	4955	0.05601167
23699	1284	0.055971812
23699	1971	0.05592308
23699	458	0.0558758
23699	246	0.055684187
23699	3536	0.055431172
23699	2197	0.05532194
23771	1602	0.060379162
23771	1711	0.06023795
23771	739	0.05977995
23771	1603	0.05929477
23771	3133	0.059139192
23771	2532	0.059027556
23771	3669	0.05902752
23771	2809	0.059027493
23771	1908	0.05899813
23771	2361	0.05840576
23847	1144	0.06069485
23847	1371	0.06043193
23847	413	0.06017659
23847	4885	0.06017655
23847	2581	0.060146656
23847	3713	0.060127527
23847	3679	0.05991365
23847	1989	0.05984439
23847	6601	0.059844382
23847	5592	0.05983463
23871	6032	0.04219822
23871	5263	0.04219818
23871	2077	0.042121883
23871	442	0.042121876
23871	1855	0.042091668
23871	2347	0.042091653
23871	2026	0.04201533
23871	145	0.04186424
23871	326	0.041806974
23871	648	0.04178199
23933	892	0.048334748
23933	140	0.04824011
23933	4119	0.047998123
23933	6590	0.047734454
23933	84	0.047732837
23933	330	0.047732778
23933	279	0.047437735
23933	2022	0.047376864
23933	2066	0.047328766
23933	1690	0.04729614
24052	2696	0.04416508
24052	3756	0.044165052
24052	3838	0.044165008
24052	4167	0.044146474
24052	3748	0.044146456
24052	6763	0.04406526
24052	17	0.043953232
24052	3843	0.04393813
24052	259	0.043863673
24052	1838	0.0438481
24090	2456	0.04225741
24090	1020	0.04210374
24090	1902	0.041920993
24090	3943	0.04180637
24090	1167	0.041601125
24090	4235	0.041579917
24090	61	0.041575655
24090	1284	0.041543618
24090	1800	0.04153298
24090	4955	0.041499898
24186	1070	0.0697149
24186	2317	0.06932455
24186	4438	0.06929776
24186	4876	0.06929772
24186	573	0.068316385
24186	5662	0.06814141
24186	537	0.06768209
24186	1405	0.06761419
24186	338	0.067541234
24186	1260	0.06754121
24194	1084	0.049188532
24194	5328	0.04918853
24194	1166	0.049014106
24194	4140	0.049014106
24194	1337	0.04901408
24194	4285	0.049014077
24194	3587	0.048871703
24194	4279	0.048871666
24194	1934	0.048772514
24194	1222	0.048732854
24379	3815	0.05513993
24379	1259	0.055139914
24379	1907	0.0551399
24379	6105	0.055139896
24379	1965	0.055139888
24379	1939	0.055139866
24379	2408	0.05513984
24379	3956	0.055139836
24379	1771	0.055087294
24379	1027	0.054962076
24391	3842	0.030900208
24391	4990	0.030792765
24391	1388	0.030479874
24391	3671	0.030478265
24391	2664	0.030478247
24391	2035	0.0304279
24391	531	0.03039049
24391	5944	0.030304106
24391	261	0.030295145
24391	1374	0.030295096
24427	4442	0.052300666
24427	507	0.051918328
24427	5205	0.05161807
24427	896	0.051240057
24427	5762	0.05096717
24427	1044	0.050957616
24427	589	0.050826855
24427	2744	0.050810724
24427	5230	0.05076889
24427	6004	0.050730754
24433	1167	0.07024421
24433	600	0.07009776
24433	397	0.06965013
24433	4227	0.06950466
24433	628	0.06946966
24433	637	0.069424435
24433	1462	0.06932813
24433	85	0.06929164
24433	458	0.06926289
24433	500	0.0690742
24525	2024	0.050382204
24525	604	0.050373405
24525	5114	0.05009211
24525	37	0.050085176
24525	925	0.050083287
24525	636	0.05004512
24525	2920	0.050045114
24525	2360	0.05004511
24525	3440	0.050045107
24525	415	0.05001355
24627	4994	0.047144443
24627	1528	0.04710707
24627	4501	0.04710704
24627	184	0.047107037
24627	4349	0.047105663
24627	2652	0.047105655
24627	4567	0.047105633
24627	47	0.04710561
24627	5640	0.04702021
24627	1533	0.0470202
24641	6472	0.054252323
24641	2733	0.05425232
24641	6161	0.054155104
24641	3959	0.054155078
24641	1034	0.054155074
24641	3041	0.05415505
24641	1394	0.054155033
24641	555	0.05415503
24641	3040	0.054155026
24641	1787	0.054155014
24733	5742	0.045467656
24733	5807	0.045440692
24733	2257	0.045440663
24733	4640	0.045244906
24733	5359	0.045220323
24733	3832	0.045202322
24733	5142	0.045173515
24733	4193	0.045089923
24733	4259	0.04508128
24733	4550	0.04495242
24846	6736	0.050848942
24846	1320	0.050696917
24846	3769	0.05045139
24846	2918	0.050444737
24846	978	0.050442964
24846	6158	0.050262757
24846	435	0.050233055
24846	1627	0.050199866
24846	3438	0.050189935
24846	240	0.050012402
24878	4715	0.056704216
24878	384	0.056702476
24878	3527	0.056702472
24878	1571	0.05670243
24878	3367	0.05617448
24878	52	0.056172684
24878	3442	0.05617267
24878	6524	0.055989437
24878	3800	0.055989392
24878	3574	0.05598939
24921	2468	0.045145407
24921	5023	0.044815645
24921	1688	0.04472496
24921	2056	0.04468581
24921	4591	0.044642404
24921	5669	0.04446903
24921	2045	0.044448197
24921	4870	0.044404387
24921	1801	0.044359177
24921	1075	0.0440701
24933	5373	0.04286719
24933	5295	0.042784557
24933	639	0.042741165
24933	4330	0.042741157
24933	5453	0.04274115
24933	2117	0.042741127
24933	4906	0.042741127
24933	6820	0.042710662
24933	3695	0.04271066
24933	5837	0.042705406
24934	703	0.02844312
24934	2950	0.028359655
24934	1882	0.028287731
24934	1101	0.028188813
24934	3691	0.028108567
24934	6865	0.028105447
24934	2813	0.02806802
24934	4339	0.028046697
24934	3290	0.028015345
24934	1447	0.027972234
24960	2897	0.044042777
24960	4881	0.043934215
24960	4321	0.04381432
24960	5348	0.043796327
24960	6686	0.043702364
24960	2171	0.04365538
24960	2878	0.043550793
24960	5636	0.043540753
24960	3332	0.043534003
24960	4940	0.043437578
24995	2795	0.056320302
24995	6	0.056244276
24995	77	0.0560381
24995	3359	0.055775966
24995	611	0.05575932
24995	267	0.055733837
24995	160	0.05560968
24995	1626	0.055580415
24995	2545	0.05556714
24995	5340	0.05554384
25009	3239	0.04316371
25009	4322	0.04316371
25009	5860	0.043152276
25009	6212	0.0430666
25009	3173	0.04304614
25009	3608	0.04294697
25009	5418	0.042931728
25009	4478	0.04292033
25009	570	0.04292029
25009	5176	0.042903796
25103	646	0.040097967
25103	5953	0.040097967
25103	5414	0.04009796
25103	624	0.03998454
25103	388	0.039957017
25103	5596	0.03989296
25103	4483	0.039845467
25103	3421	0.03984545
25103	4924	0.03984541
25103	5927	0.039845407
25109	406	0.07489429
25109	1193	0.07426568
25109	1389	0.07407737
25109	3705	0.073711336
25109	420	0.072905794
25109	247	0.072804675
25109	2093	0.07257223
25109	958	0.0725413
25109	723	0.07239493
25109	5792	0.07237829
25131	5567	0.05577328
25131	235	0.05575526
25131	3583	0.05569201
25131	457	0.05510784
25131	4120	0.055101324
25131	6493	0.054763824
25131	1700	0.05457578
25131	214	0.05428444
25131	6127	0.054249737
25131	552	0.054221552
25216	85	0.061833553
25216	637	0.061646834
25216	4227	0.061604798
25216	133	0.061564326
25216	1817	0.061564326
25216	628	0.06142462
25216	3796	0.06138413
25216	1781	0.061342083
25216	500	0.061054844
25216	6111	0.060773894
25225	59	0.04798616
25225	34	0.04798291
25225	2331	0.047780603
25225	5835	0.04773745
25225	644	0.0476788
25225	1665	0.04752541
25225	1035	0.047525384
25225	619	0.047226872
25225	329	0.047226857
25225	1426	0.04713843
25253	664	0.047173142
25253	550	0.04651093
25253	2625	0.046452835
25253	5792	0.04643227
25253	1680	0.04638477
25253	1867	0.046191856
25253	718	0.04603517
25253	2391	0.045869034
25253	1055	0.045848805
25253	3949	0.045835845
25395	140	0.04607018
25395	997	0.045876715
25395	2870	0.0458767
25395	4119	0.045866814
25395	279	0.045863327
25395	892	0.045754213
25395	1690	0.04559845
25395	1526	0.045286115
25395	267	0.04526313
25395	6074	0.0452321
25410	2362	0.073331356
25410	3855	0.07242443
25410	459	0.072400674
25410	152	0.0722206
25410	1436	0.07163742
25410	501	0.07131524
25410	1691	0.07126385
25410	1929	0.07091816
25410	4874	0.07091816
25410	414	0.070810586
25533	5824	0.04898937
25533	6313	0.0489748
25533	4386	0.04866156
25533	2155	0.048627533
25533	6682	0.04862749
25533	1127	0.048494235
25533	6845	0.048479453
25533	1480	0.048470125
25533	5402	0.048444763
25533	3700	0.04842736
25545	451	0.055500433
25545	727	0.05520588
25545	1851	0.055185966
25545	3616	0.05454243
25545	1444	0.05442794
25545	2961	0.054427914
25545	997	0.054412954
25545	2870	0.054412954
25545	3659	0.05403904
25545	3074	0.05401205
25583	6918	0.058270723
25583	5676	0.058078304
25583	541	0.057706617
25583	1458	0.05770658
25583	6544	0.05770658
25583	168	0.05770657
25583	1094	0.057704676
25583	1045	0.057704628
25583	1725	0.057704624
25583	3361	0.05767904
25601	4560	0.040707354
25601	5288	0.04055083
25601	456	0.04036513
25601	3385	0.0399002
25601	973	0.039813038
25601	526	0.03943405
25601	2267	0.03939912
25601	4307	0.039395727
25601	7	0.03924428
25601	1961	0.039225385
25711	1076	0.06757045
25711	2503	0.067199126
25711	2991	0.06708017
25711	2387	0.06705779
25711	448	0.06663743
25711	1492	0.06617387
25711	613	0.06590772
25711	6111	0.06551948
25711	693	0.065515704
25711	879	0.0653798
25804	977	0.038285892
25804	6444	0.038285874
25804	308	0.038264826
25804	6390	0.038264796
25804	538	0.038264792
25804	2684	0.038213722
25804	1026	0.03810706
25804	1491	0.038104407
25804	1515	0.038104407
25804	446	0.038053304
25827	2884	0.0660848
25827	3705	0.06607426
25827	3368	0.06605619
25827	951	0.06604994
25827	958	0.06577032
25827	307	0.065580964
25827	2318	0.06558091
25827	2432	0.06552769
25827	5303	0.065496616
25827	193	0.06542784
25850	85	0.06457597
25850	500	0.06445728
25850	1781	0.0644038
25850	133	0.0643117
25850	1817	0.0643117
25850	3796	0.06426643
25850	1462	0.0641096
25850	4227	0.063805506
25850	628	0.063760266
25850	3104	0.06372676
25890	735	0.058009665
25890	3883	0.057592057
25890	5842	0.057546668
25890	347	0.057176895
25890	1569	0.05713532
25890	3882	0.05713529
25890	4726	0.05709783
25890	2316	0.057071753
25890	2837	0.05645541
25890	1043	0.056251317
25919	707	0.057804346
25919	720	0.057637174
25919	2158	0.057318397
25919	2007	0.05730415
25919	2516	0.05719644
25919	5054	0.056968316
25919	831	0.056732748
25919	3977	0.056684874
25919	4336	0.056608513
25919	3770	0.05645468
25930	1783	0.04611364
25930	4269	0.04528532
25930	3899	0.045228213
25930	715	0.045109052
25930	730	0.044824965
25930	350	0.04480748
25930	6674	0.04459013
25930	1709	0.044418022
25930	2178	0.04400969
25930	1251	0.04399619
25966	879	0.067864366
25966	606	0.06781591
25966	1076	0.06718966
25966	54	0.06697412
25966	1779	0.06695372
25966	3443	0.0666672
25966	5140	0.06664969
25966	2883	0.06654966
25966	2991	0.06624411
25966	3207	0.06611102
25996	1941	0.054363165
25996	1890	0.05421324
25996	2393	0.054025
25996	3119	0.05399578
25996	3714	0.053903926
25996	1818	0.053903252
25996	5576	0.053903252
25996	3539	0.053903244
25996	4348	0.053855013
25996	4662	0.05374946
26057	4438	0.053640157
26057	883	0.053640146
26057	4876	0.053640082
26057	1284	0.053454645
26057	458	0.053380128
26057	3794	0.053295106
26057	1066	0.053252935
26057	1462	0.052998226
26057	1167	0.052964516
26057	500	0.05294929
26084	606	0.06076858
26084	1261	0.060332444
26084	504	0.060142066
26084	708	0.05998598
26084	3064	0.059560295
26084	2883	0.059490196
26084	971	0.059329137
26084	1640	0.05914755
26084	2398	0.059147544
26084	2823	0.058972433
26134	2724	0.048663437
26134	5019	0.0486634
26134	1924	0.04859057
26134	261	0.04858838
26134	1374	0.048588295
26134	3648	0.04847704
26134	3737	0.048209053
26134	5211	0.048202112
26134	6658	0.048111938
26134	4456	0.047927048
26145	6204	0.0638565
26145	2256	0.063742355
26145	6050	0.06365374
26145	2853	0.063562885
26145	980	0.06352265
26145	2297	0.06316972
26145	5941	0.06316969
26145	5311	0.06316967
26145	1478	0.063169666
26145	6135	0.06309516
26240	872	0.040072776
26240	6227	0.03984244
26240	2922	0.0396972
26240	1465	0.03968876
26240	2860	0.03968873
26240	4626	0.039688714
26240	3988	0.039635465
26240	921	0.039615907
26240	4561	0.039615903
26240	2291	0.039594196
26371	735	0.047780514
26371	5842	0.047742225
26371	1569	0.04771951
26371	3882	0.047719494
26371	3883	0.047659256
26371	955	0.047310047
26371	2837	0.04728848
26371	514	0.047236696
26371	2727	0.047023278
26371	347	0.04636035
26374	1691	0.06151308
26374	1576	0.061077345
26374	649	0.06102871
26374	613	0.061008554
26374	3443	0.06027828
26374	1436	0.06007847
26374	2503	0.0600584
26374	2691	0.05990068
26374	3520	0.059893228
26374	4134	0.05987271
26487	3305	0.060851663
26487	3307	0.060837828
26487	1649	0.060668573
26487	1657	0.060575828
26487	1658	0.060575705
26487	944	0.060561948
26487	2986	0.06056192
26487	3930	0.06056192
26487	3639	0.060506254
26487	2031	0.060474545
26516	3082	0.04897494
26516	3303	0.048974868
26516	1742	0.048874713
26516	5552	0.04877047
26516	1372	0.048725173
26516	2001	0.048647173
26516	2631	0.04862532
26516	3274	0.04861724
26516	216	0.04835867
26516	3671	0.04826952
26517	3180	0.066491954
26517	2578	0.06649193
26517	4666	0.066424474
26517	4676	0.0664244
26517	3735	0.066424385
26517	5423	0.06637
26517	2764	0.06632121
26517	3967	0.06625369
26517	3318	0.06625366
26517	377	0.06625365
26521	4175	0.030835032
26521	6554	0.030835029
26521	5696	0.030819371
26521	1662	0.030819356
26521	6417	0.030819323
26521	2077	0.030755822
26521	442	0.030755814
26521	3180	0.03066957
26521	2578	0.030669555
26521	5423	0.030653879
26535	5376	0.043018408
26535	6889	0.042745627
26535	6805	0.042365618
26535	5478	0.04223194
26535	5232	0.042207018
26535	1474	0.042030737
26535	6731	0.041964542
26535	5518	0.041862816
26535	4983	0.041676052
26535	6565	0.04151668
26538	613	0.06438528
26538	2387	0.06404776
26538	1436	0.0638626
26538	1261	0.063606456
26538	1713	0.0631133
26538	1076	0.063030995
26538	879	0.06269981
26538	606	0.06263822
26538	448	0.062497415
26538	581	0.06178555
26544	2820	0.05995676
26544	4108	0.059843924
26544	1094	0.059647933
26544	1045	0.05964788
26544	1725	0.059647873
26544	6918	0.059517175
26544	3452	0.059412025
26544	5968	0.059245206
26544	90	0.0592452
26544	5676	0.058904044
26553	4387	0.053475756
26553	3171	0.053448986
26553	2285	0.053391963
26553	924	0.053375073
26553	2097	0.053328313
26553	2716	0.0533188
26553	4354	0.053317126
26553	4600	0.053281665
26553	6570	0.053205434
26553	5248	0.053170614
26583	1890	0.056875307
26583	3368	0.056367807
26583	951	0.056272525
26583	193	0.05602879
26583	4403	0.055947505
26583	2884	0.055902798
26583	1941	0.05550085
26583	5576	0.055206478
26583	1818	0.055206448
26583	307	0.054820474
26593	59	0.049421564
26593	2329	0.049224637
26593	2331	0.049220182
26593	6140	0.049157556
26593	380	0.048717424
26593	5835	0.04867981
26593	619	0.04865755
26593	329	0.048657537
26593	3093	0.048650965
26593	2336	0.048588138
26598	3581	0.069448546
26598	341	0.06874758
26598	338	0.06874757
26598	1260	0.068747535
26598	5601	0.068747506
26598	3104	0.068700925
26598	1781	0.068339854
26598	708	0.068032816
26598	434	0.068032786
26598	2317	0.067968994
26611	5771	0.0619622
26611	5184	0.06186192
26611	2467	0.061745666
26611	1592	0.06171549
26611	645	0.06161806
26611	3909	0.061618045
26611	957	0.061170317
26611	3062	0.0609237
26611	2574	0.0608951
26611	2324	0.060761638
26615	5909	0.039734755
26615	4778	0.039573107
26615	2949	0.03916703
26615	6451	0.039104708
26615	3137	0.039058454
26615	5203	0.039018452
26615	908	0.03901185
26615	5606	0.038963467
26615	1288	0.03895528
26615	2544	0.03895518
26620	294	0.069394305
26620	16	0.06926058
26620	3266	0.06926051
26620	1624	0.06911285
26620	936	0.069112845
26620	1298	0.069112845
26620	3711	0.069112815
26620	2310	0.0691128
26620	3323	0.06911276
26620	5138	0.06911275
26621	1329	0.048942626
26621	1068	0.048699908
26621	1594	0.04868882
26621	6498	0.048549008
26621	82	0.048526283
26621	5629	0.048521474
26621	440	0.048455484
26621	5488	0.04795175
26621	3961	0.047662947
26621	3217	0.04762225
26624	5604	0.049685374
26624	3678	0.04962282
26624	965	0.049622804
26624	1396	0.049622796
26624	1747	0.04962278
26624	6160	0.049416102
26624	1793	0.04925804
26624	278	0.049199395
26624	5166	0.049199376
26624	2208	0.049199373
26628	5663	0.046892367
26628	2054	0.046811245
26628	6514	0.046811193
26628	5132	0.046615146
26628	3827	0.046524785
26628	2570	0.046510864
26628	5307	0.04643179
26628	386	0.046420872
26628	2438	0.046420842
26628	5472	0.04642079
26664	5904	0.028838225
26664	3001	0.028787218
26664	4849	0.028787155
26664	5200	0.028698675
26664	6693	0.028659957
26664	4848	0.028611362
26664	5939	0.028607113
26664	4435	0.028537765
26664	5741	0.028523182
26664	563	0.028519943
26713	929	0.055043377
26713	6093	0.055043355
26713	3815	0.05491071
26713	1259	0.0549107
26713	1907	0.054910693
26713	6105	0.05491069
26713	1965	0.054910682
26713	1939	0.05491066
26713	2408	0.054910634
26713	3956	0.054910626
26756	6590	0.055030964
26756	892	0.05496179
26756	2066	0.05484238
26756	2732	0.054775562
26756	1229	0.054613795
26756	331	0.05447215
26756	453	0.054461416
26756	147	0.054427505
26756	4513	0.05442745
26756	3156	0.054424755
26782	3472	0.036297426
26782	3549	0.03629521
26782	3692	0.036211707
26782	687	0.03620953
26782	5600	0.036157943
26782	5063	0.036133338
26782	5224	0.036125325
26782	5952	0.03612532
26782	6850	0.036125317
26782	2047	0.036125302
26813	978	0.05341869
26813	61	0.053178992
26813	590	0.053174637
26813	227	0.053060316
26813	2918	0.05293399
26813	4235	0.052789252
26813	862	0.0526935
26813	1902	0.052460313
26813	930	0.05237703
26813	3142	0.052376986
26883	4181	0.054555796
26883	4639	0.05455579
26883	18	0.054457143
26883	1085	0.054223955
26883	3438	0.054016694
26883	1416	0.05400297
26883	3317	0.05400101
26883	1219	0.05399552
26883	1320	0.053787388
26883	1659	0.053729728
27091	3946	0.03277663
27091	834	0.03277662
27091	2014	0.032761037
27091	5740	0.032761022
27091	5306	0.0327206
27091	1258	0.032713756
27091	1962	0.03271373
27091	42	0.032713726
27091	3803	0.032713726
27091	5906	0.03269814
27140	604	0.04966887
27140	925	0.04945281
27140	2024	0.049283095
27140	1627	0.04923053
27140	5114	0.049067058
27140	2480	0.04904823
27140	415	0.048906364
27140	2951	0.048875764
27140	1033	0.048690323
27140	938	0.04869032
27169	768	0.049018275
27169	6705	0.048937373
27169	6503	0.04889973
27169	1780	0.04889969
27169	2786	0.048899688
27169	4009	0.048766688
27169	4637	0.04876667
27169	760	0.048766635
27169	6095	0.048751414
27169	6659	0.04866166
27193	2503	0.041894898
27193	448	0.041761965
27193	693	0.041517057
27193	6111	0.041445613
27193	2387	0.041434556
27193	2991	0.04141216
27193	1492	0.04120127
27193	1076	0.04099969
27193	1947	0.04088489
27193	1817	0.04087767
27204	4834	0.045912195
27204	1422	0.04583097
27204	2019	0.045379307
27204	896	0.045366798
27204	2605	0.04527285
27204	3626	0.045136243
27204	2351	0.04507065
27204	3674	0.04494636
27204	5260	0.044802725
27204	4166	0.044766426
27265	384	0.070306964
27265	3527	0.07030696
27265	1571	0.07030691
27265	4715	0.07018465
27265	1176	0.069646135
27265	5580	0.06952386
27265	52	0.069408685
27265	3442	0.06940867
27265	3367	0.06928644
27265	4205	0.06925471
27313	5906	0.055014946
27313	5218	0.054765277
27313	5496	0.054765232
27313	2849	0.05473057
27313	1360	0.054730546
27313	2014	0.054680888
27313	5740	0.05468087
27313	2908	0.054637454
27313	571	0.05447469
27313	1778	0.05446641
27317	2881	0.054595314
27317	1249	0.05444098
27317	3053	0.05435141
27317	59	0.054215804
27317	6574	0.054177895
27317	1426	0.05402358
27317	4583	0.05402355
27317	2203	0.053870197
27317	4793	0.053749554
27317	5259	0.053622127
27352	1369	0.051829245
27352	643	0.05182924
27352	5730	0.051803708
27352	458	0.051767066
27352	3587	0.05152619
27352	4279	0.05152616
27352	4734	0.05145572
27352	1330	0.05145569
27352	2133	0.05135133
27352	927	0.05133136
27383	6918	0.043558434
27383	5676	0.043498382
27383	541	0.043457348
27383	1458	0.04345733
27383	168	0.04345732
27383	6544	0.04345732
27383	1094	0.04282365
27383	1045	0.042823613
27383	1725	0.042823613
27383	3361	0.04280451
27462	3756	0.044185344
27462	3838	0.044185292
27462	1838	0.044062085
27462	801	0.044062078
27462	17	0.043954525
27462	5254	0.043583944
27462	259	0.043516353
27462	4167	0.04347107
27462	3748	0.043471046
27462	5015	0.04322102
27472	440	0.055770263
27472	1329	0.0557336
27472	1594	0.05499638
27472	4332	0.054505732
27472	3217	0.053922907
27472	170	0.053909313
27472	1251	0.053863022
27472	169	0.053836912
27472	1068	0.05381522
27472	5134	0.05344194
27573	6500	0.04481803
27573	1481	0.044808067
27573	5976	0.044676468
27573	6324	0.044614043
27573	6672	0.04459658
27573	3902	0.044595014
27573	1477	0.044553548
27573	5958	0.044472445
27573	4424	0.04446565
27573	3019	0.04445496
27617	365	0.050472587
27617	4560	0.050322283
27617	5288	0.049842834
27617	2267	0.04978243
27617	968	0.04957473
27617	526	0.049476285
27617	456	0.049467724
27617	3385	0.048927687
27617	3532	0.04888536
27617	3812	0.048867315
27647	1105	0.051756565
27647	572	0.05138566
27647	6061	0.05107676
27647	742	0.051038336
27647	350	0.050992925
27647	5649	0.05091002
27647	2928	0.05079244
27647	4668	0.050660953
27647	3315	0.050601967
27647	1446	0.050517086
27684	5502	0.047577567
27684	3313	0.047577564
27684	3612	0.047508966
27684	287	0.04750894
27684	4050	0.047508933
27684	2413	0.047314048
27684	1942	0.04718309
27684	550	0.047148265
27684	1023	0.047134258
27684	1772	0.047134258
27740	3645	0.0545758
27740	5254	0.054351673
27740	218	0.053971462
27740	4030	0.05387853
27740	3150	0.053872906
27740	5760	0.053871274
27740	6285	0.053815536
27740	5015	0.053689957
27740	3219	0.053663418
27740	6081	0.05353523
27812	5352	0.05328326
27812	611	0.053274952
27812	1268	0.053199783
27812	169	0.053197086
27812	202	0.053196575
27812	127	0.05305315
27812	1961	0.052903242
27812	1527	0.052544847
27812	526	0.05249159
27812	2725	0.05242259
27813	2789	0.03905776
27813	2083	0.039053857
27813	5888	0.039053846
27813	4078	0.03902077
27813	4150	0.039016902
27813	4721	0.0390169
27813	4926	0.0390169
27813	2723	0.039016895
27813	4076	0.039016895
27813	6711	0.039016884
27821	5980	0.042442694
27821	5978	0.042442665
27821	2688	0.042323027
27821	1485	0.042234734
27821	3017	0.04218663
27821	1010	0.042186584
27821	783	0.042077858
27821	6212	0.042020034
27821	5984	0.04196178
27821	5846	0.04196176
27875	708	0.05387067
27875	434	0.053870633
27875	3581	0.053604066
27875	341	0.0534677
27875	338	0.053467683
27875	1260	0.05346767
27875	5601	0.053467646
27875	3064	0.053111713
27875	2317	0.052708756
27875	3104	0.052655272
27888	1756	0.04035768
27888	1904	0.04027392
27888	1384	0.04022986
27888	4587	0.040138926
27888	584	0.040101327
27888	899	0.04009472
27888	618	0.040052243
27888	6453	0.040049896
27888	1986	0.040049892
27888	1364	0.04004989
27891	1854	0.0586596
27891	692	0.058433626
27891	727	0.058177598
27891	999	0.058168463
27891	1851	0.058000043
27891	3207	0.057885293
27891	15	0.057666782
27891	329	0.057572547
27891	619	0.057572532
27891	432	0.05756612
27947	504	0.04432817
27947	1709	0.04422123
27947	971	0.043675657
27947	589	0.043589234
27947	1640	0.04343361
27947	2398	0.0434336
27947	2725	0.043392763
27947	2823	0.043210216
27947	4269	0.043015428
27947	6674	0.04290213
27956	645	0.06718014
27956	3909	0.067180105
27956	2467	0.066475555
27956	4458	0.06599164
27956	1592	0.06590256
27956	1764	0.06569244
27956	5184	0.06565329
27956	5771	0.06557499
27956	1773	0.06552961
27956	999	0.06550672
28016	5570	0.05454526
28016	1212	0.054545254
28016	2991	0.05401088
28016	653	0.053707004
28016	404	0.053607628
28016	1058	0.053408667
28016	1185	0.053213168
28016	407	0.053135335
28016	1631	0.052983485
28016	1076	0.052923463
28076	4720	0.030700002
28076	3957	0.030675825
28076	6832	0.030578252
28076	5563	0.03056362
28076	2282	0.0305578
28076	1160	0.03042287
28076	3601	0.03042287
28076	4392	0.030422859
28076	4992	0.030422838
28076	6329	0.030422822
28091	3770	0.060630456
28091	2516	0.060262904
28091	175	0.060191453
28091	1640	0.059961244
28091	2398	0.05996121
28091	2541	0.059574746
28091	2007	0.059106886
28091	158	0.058795687
28091	487	0.0587243
28091	1264	0.058574498
28096	611	0.03507237
28096	127	0.034906104
28096	2725	0.03485412
28096	169	0.034731224
28096	1961	0.03455191
28096	202	0.034524485
28096	1626	0.034403242
28096	1527	0.034397475
28096	5352	0.03432273
28096	170	0.03427466
28139	2387	0.049750395
28139	1713	0.049514823
28139	448	0.049252205
28139	1574	0.048905764
28139	1071	0.04876495
28139	1436	0.048657242
28139	1817	0.048643187
28139	133	0.048643153
28139	6111	0.048630137
28139	710	0.048487987
28144	6250	0.057838038
28144	2732	0.05776632
28144	1328	0.057695217
28144	1094	0.057691388
28144	1045	0.057691347
28144	1725	0.057691343
28144	147	0.0576195
28144	4513	0.057619452
28144	4178	0.05754795
28144	2080	0.05754788
28150	4257	0.047841646
28150	1109	0.04774779
28150	4235	0.04765292
28150	1224	0.047498032
28150	6650	0.047261897
28150	3714	0.047142163
28150	1902	0.047111437
28150	1550	0.047100395
28150	2456	0.047018256
28150	2735	0.047008663
28177	2494	0.05207876
28177	51	0.05192811
28177	70	0.0515221
28177	5404	0.051522065
28177	2469	0.051270872
28177	5567	0.051058315
28177	1601	0.0508502
28177	6111	0.05082325
28177	1817	0.05080247
28177	133	0.05080245
28204	4442	0.0685333
28204	5205	0.0683846
28204	2744	0.0682718
28204	507	0.06773029
28204	5230	0.06734577
28204	1789	0.067015104
28204	5618	0.066452265
28204	5136	0.06631381
28204	4245	0.06607195
28204	2308	0.065538816
28222	1640	0.067634225
28222	2398	0.067634195
28222	5815	0.06461477
28222	20	0.06461474
28222	2867	0.06461471
28222	3064	0.064583585
28222	504	0.06452238
28222	708	0.06415279
28222	434	0.06415271
28222	158	0.06387166
28255	4286	0.053117283
28255	3799	0.053020768
28255	3380	0.052854903
28255	3922	0.052512772
28255	3614	0.052463412
28255	1751	0.052402467
28255	2133	0.05237938
28255	4700	0.052198492
28255	6434	0.05219847
28255	439	0.052148424
28257	2362	0.05378284
28257	3855	0.05328637
28257	1929	0.053143136
28257	4874	0.053143118
28257	152	0.053020388
28257	937	0.05302038
28257	459	0.052973036
28257	501	0.052564364
28257	3877	0.052520283
28257	1691	0.05246586
28289	1193	0.07585941
28289	406	0.07584442
28289	1389	0.07535823
28289	420	0.074321434
28289	4245	0.07398075
28289	4607	0.07347495
28289	2093	0.07308002
28289	692	0.07281864
28289	4496	0.07226728
28289	2432	0.07225271
28360	4246	0.04887622
28360	3680	0.048835877
28360	1715	0.04837273
28360	3939	0.04809574
28360	4141	0.047768753
28360	1774	0.047721732
28360	926	0.0477126
28360	4667	0.047707938
28360	4956	0.047695525
28360	932	0.047678
28448	5417	0.04786449
28448	2966	0.047707677
28448	2051	0.047697123
28448	3106	0.04764685
28448	4055	0.047630847
28448	625	0.04745315
28448	2236	0.047304064
28448	4028	0.047293305
28448	5572	0.047293283
28448	3651	0.04729328
28451	5888	0.057332527
28451	4926	0.05720824
28451	4150	0.057208236
28451	4721	0.057208233
28451	2723	0.05720823
28451	6711	0.057208203
28451	1997	0.057208158
28451	5317	0.05688335
28451	5714	0.056883328
28451	2658	0.056666203
28454	55	0.05571647
28454	1794	0.05567623
28454	6489	0.055615555
28454	2913	0.055464942
28454	3221	0.055331632
28454	2720	0.055315405
28454	136	0.055220135
28454	6273	0.055205315
28454	3327	0.055205256
28454	3478	0.05512032
28492	5905	0.036706798
28492	2585	0.036686774
28492	4764	0.036686704
28492	3531	0.036526695
28492	2651	0.036450174
28492	3802	0.036412038
28492	3926	0.036409598
28492	1356	0.036257856
28492	3375	0.036227368
28492	6350	0.03621248
28523	3899	0.053248096
28523	2290	0.052825198
28523	6674	0.05279393
28523	4269	0.052700475
28523	473	0.05245538
28523	2317	0.052340798
28523	1070	0.052181527
28523	730	0.052157365
28523	341	0.05182088
28523	1260	0.051820878
28543	5161	0.031604372
28543	2435	0.031541836
28543	633	0.03149585
28543	3020	0.03148581
28543	1014	0.031443257
28543	3675	0.031433426
28543	6845	0.03142847
28543	4376	0.031396136
28543	6511	0.031379588
28543	1645	0.031375755
28591	1094	0.06288117
28591	1045	0.06288113
28591	1725	0.06288111
28591	6250	0.0626235
28591	147	0.062560685
28591	4513	0.06256063
28591	6918	0.0625598
28591	2820	0.06254409
28591	5676	0.062391654
28591	1328	0.062332354
28592	1389	0.06452305
28592	406	0.06433323
28592	420	0.06406024
28592	1193	0.063568294
28592	614	0.063064374
28592	2620	0.06211476
28592	4245	0.061954886
28592	2093	0.061937965
28592	243	0.061555423
28592	2432	0.06155377
28594	2859	0.058333814
28594	3196	0.05800943
28594	6803	0.057694174
28594	2868	0.057694115
28594	1642	0.05766225
28594	5390	0.057594027
28594	5686	0.05757737
28594	2826	0.057557054
28594	988	0.057119675
28594	779	0.057036642
28619	2691	0.045400195
28619	710	0.04534263
28619	552	0.045326523
28619	5936	0.0453265
28619	5693	0.045261443
28619	70	0.045201138
28619	5404	0.045201108
28619	6111	0.04512845
28619	2469	0.045042172
28619	3583	0.045030206
28634	4432	0.07092573
28634	3213	0.07092565
28634	4882	0.07092564
28634	6865	0.070558734
28634	4332	0.07043071
28634	2950	0.07009631
28634	1370	0.06980261
28634	170	0.06950766
28634	4201	0.0694257
28634	1594	0.06940478
28647	1179	0.06083429
28647	649	0.060420815
28647	3443	0.060224306
28647	449	0.059897486
28647	613	0.05974573
28647	1076	0.059214443
28647	2883	0.05905976
28647	1444	0.058998626
28647	2961	0.0589986
28647	1266	0.058715925
28667	867	0.048438374
28667	3700	0.048382297
28667	2052	0.048371155
28667	5699	0.048303362
28667	822	0.04829554
28667	4386	0.04827952
28667	784	0.04815983
28667	5884	0.04815977
28667	1290	0.04815346
28667	2011	0.047988474
28700	2139	0.03534396
28700	4414	0.035230644
28700	6584	0.035204403
28700	5966	0.03491475
28700	4400	0.034785364
28700	4972	0.03477971
28700	2330	0.034752302
28700	4075	0.034657653
28700	2680	0.034555778
28700	1388	0.034518305
28709	2193	0.0492723
28709	2995	0.049272273
28709	6075	0.04882852
28709	4221	0.0486834
28709	1196	0.048683323
28709	536	0.04866277
28709	4606	0.04865933
28709	1181	0.048525378
28709	1293	0.04843252
28709	575	0.048257902
28731	1389	0.050947994
28731	614	0.0509315
28731	420	0.05055455
28731	406	0.050553635
28731	1490	0.05023746
28731	1055	0.049367968
28731	4867	0.04933075
28731	1867	0.049240686
28731	1193	0.049123593
28731	1253	0.049031198
28735	3581	0.062411167
28735	2317	0.061910227
28735	341	0.06183386
28735	338	0.06183385
28735	1260	0.061833814
28735	5601	0.061833777
28735	1781	0.061570387
28735	3104	0.061395273
28735	1817	0.061227225
28735	133	0.061227195
28820	5500	0.049253788
28820	2248	0.04923419
28820	3004	0.049096044
28820	3073	0.049039066
28820	1538	0.04903903
28820	5462	0.049019434
28820	2600	0.04901941
28820	6156	0.04901939
28820	6020	0.04900008
28820	5284	0.049000062
28865	459	0.07454404
28865	2362	0.0743748
28865	3855	0.07404913
28865	188	0.07340482
28865	937	0.072899714
28865	152	0.0728997
28865	1436	0.07277475
28865	2176	0.07266879
28865	4538	0.07266877
28865	414	0.07251236
28938	183	0.057112157
28938	3064	0.05703774
28938	5879	0.05702818
28938	2317	0.056985132
28938	339	0.05694799
28938	708	0.05686099
28938	434	0.056860954
28938	537	0.056821033
28938	341	0.056808382
28938	338	0.056808356
28945	4951	0.05908999
28945	2169	0.058875043
28945	3243	0.058785107
28945	1273	0.05862277
28945	6568	0.058505602
28945	6737	0.058421537
28945	3714	0.058283735
28945	3494	0.058282442
28945	1898	0.05828239
28945	1207	0.05826466
29028	3801	0.050305266
29028	2677	0.049829394
29028	3487	0.049814552
29028	5363	0.04973305
29028	2864	0.049697895
29028	2827	0.04969482
29028	2676	0.049504463
29028	6687	0.049440265
29028	2863	0.049125608
29028	1074	0.049059678
29056	90	0.04551691
29056	5968	0.0455169
29056	803	0.045406274
29056	2992	0.045367993
29056	2820	0.0452912
29056	3452	0.04526088
29056	174	0.045204844
29056	1382	0.045204777
29056	1821	0.045204777
29056	5675	0.045180634
29094	4903	0.03387073
29094	266	0.033870727
29094	6205	0.033810835
29094	1905	0.03381083
29094	5597	0.03381083
29094	4241	0.033810813
29094	6319	0.03381081
29094	6863	0.03371596
29094	6247	0.03371595
29094	5712	0.033702333
29101	2427	0.04436379
29101	1270	0.044077765
29101	5163	0.04407774
29101	1101	0.044049487
29101	6566	0.044028305
29101	3320	0.04401665
29101	4051	0.043837387
29101	5064	0.04383735
29101	4213	0.043832257
29101	662	0.043730803
29204	2762	0.044904135
29204	6812	0.044763107
29204	2789	0.044730414
29204	475	0.04468966
29204	6068	0.04468963
29204	5228	0.044627875
29204	2166	0.0445952
29204	2083	0.044513233
29204	5888	0.044513218
29204	6581	0.044512875
29209	2174	0.06243622
29209	1494	0.062169947
29209	3455	0.06205119
29209	3736	0.061895467
29209	1512	0.061895367
29209	5079	0.06189216
29209	2550	0.061892148
29209	455	0.061885577
29209	1808	0.061823845
29209	6104	0.061735105
29259	459	0.06906384
29259	1268	0.06825924
29259	2362	0.068008915
29259	5815	0.067769945
29259	20	0.06776993
29259	611	0.06770542
29259	1527	0.06737363
29259	5352	0.06724283
29259	1261	0.06722914
29259	127	0.06707244
29306	4146	0.05321362
29306	1564	0.05314786
29306	1555	0.052562196
29306	83	0.052340046
29306	6110	0.052264057
29306	1579	0.052247435
29306	332	0.052229077
29306	3480	0.05208974
29306	2138	0.05208736
29306	6300	0.051995926
29419	4905	0.033844367
29419	6206	0.03335251
29419	2327	0.033308886
29419	1387	0.033308867
29419	3011	0.03324862
29419	1885	0.033067275
29419	315	0.033055697
29419	6087	0.033046644
29419	332	0.032999676
29419	2916	0.032936856
29424	4212	0.03417652
29424	394	0.03416855
29424	3180	0.03416416
29424	2578	0.034164142
29424	1064	0.034100242
29424	5423	0.03409312
29424	4175	0.03408783
29424	6554	0.03408783
29424	3361	0.03403973
29424	5410	0.034039713
29497	3549	0.045493823
29497	5553	0.045484852
29497	6914	0.045370493
29497	2844	0.04536159
29497	3472	0.045360878
29497	1883	0.04535188
29497	265	0.045351874
29497	3321	0.045297742
29497	5063	0.045278303
29497	5224	0.045237564
29526	6406	0.05058942
29526	1402	0.050118018
29526	301	0.050069787
29526	2554	0.05006978
29526	741	0.049998745
29526	1367	0.049998716
29526	435	0.049997512
29526	1627	0.049941167
29526	6158	0.049917106
29526	2918	0.0498645
29539	2516	0.061336428
29539	3770	0.06029648
29539	1640	0.059670143
29539	2398	0.059670113
29539	175	0.05911254
29539	2007	0.059105538
29539	4729	0.058976274
29539	158	0.058738187
29539	4982	0.058477074
29539	4165	0.058372833
29570	1600	0.041160773
29570	340	0.0410976
29570	2281	0.040943768
29570	886	0.04087613
29570	3169	0.04086869
29570	481	0.040795796
29570	816	0.040789187
29570	339	0.040639237
29570	1405	0.040594116
29570	537	0.040559746
29789	1627	0.04766559
29789	18	0.047256283
29789	2951	0.047250155
29789	435	0.047221888
29789	1578	0.0470607
29789	1219	0.046893127
29789	1391	0.046679497
29789	5114	0.046656758
29789	314	0.04663994
29789	3438	0.04661694
29855	692	0.07556328
29855	657	0.07292804
29855	5140	0.07247467
29855	4245	0.072316125
29855	432	0.07221481
29855	999	0.072053835
29855	3207	0.07202638
29855	879	0.07172851
29855	1854	0.07142769
29855	54	0.07105665
29867	373	0.0527357
29867	774	0.05249676
29867	2966	0.052120127
29867	341	0.05205927
29867	338	0.052059256
29867	1260	0.052059248
29867	5601	0.052059233
29867	2836	0.051527597
29867	6430	0.051476657
29867	183	0.05144828
29915	2354	0.041428905
29915	903	0.041421592
29915	5021	0.04135458
29915	3613	0.041221406
29915	429	0.041210406
29915	2889	0.04118795
29915	704	0.04118793
29915	1937	0.041187927
29915	706	0.04118277
29915	880	0.04118277
30022	1433	0.034878
30022	3714	0.03475677
30022	2393	0.034653503
30022	2912	0.034635827
30022	98	0.034541897
30022	906	0.034522478
30022	4951	0.034508374
30022	3730	0.034446303
30022	4999	0.034442205
30022	1402	0.034432247
30029	4432	0.052485198
30029	3213	0.052485134
30029	4882	0.052485123
30029	6865	0.05236239
30029	1370	0.052070707
30029	1920	0.05180115
30029	1447	0.051662717
30029	6548	0.05158888
30029	4015	0.051451474
30029	4981	0.0514105
30035	1593	0.053013664
30035	4034	0.053013664
30035	4703	0.05301366
30035	541	0.052844763
30035	1458	0.052844744
30035	168	0.05284473
30035	6544	0.05284472
30035	1064	0.052778773
30035	3286	0.052778706
30035	3361	0.052656807
30052	5108	0.053135753
30052	1755	0.0530526
30052	5301	0.05305258
30052	2357	0.05293961
30052	5691	0.052853458
30052	1294	0.052844275
30052	905	0.052841697
30052	2575	0.052826967
30052	5393	0.052791428
30052	4231	0.0527914
30081	6878	0.054321975
30081	741	0.054276865
30081	1367	0.05427684
30081	1402	0.05419364
30081	4495	0.0540074
30081	6158	0.05399361
30081	4999	0.053966217
30081	4683	0.053936027
30081	2365	0.05393599
30081	3896	0.053935975
30120	155	0.047783613
30120	4178	0.047485895
30120	2080	0.04748583
30120	2696	0.047359712
30120	3756	0.047359686
30120	3838	0.047359638
30120	1838	0.04727817
30120	801	0.047278166
30120	195	0.047175854
30120	605	0.047172014
30210	926	0.037871614
30210	4055	0.037602536
30210	3106	0.03756509
30210	4028	0.037552834
30210	5572	0.037552815
30210	3651	0.037552804
30210	482	0.037416846
30210	3644	0.03725128
30210	1698	0.0372042
30210	2051	0.03720292
30245	6199	0.03546507
30245	3773	0.0353176
30245	6242	0.035299376
30245	4355	0.034965888
30245	139	0.034873493
30245	3648	0.034806516
30245	1742	0.034800336
30245	3759	0.034769658
30245	6198	0.03471992
30245	3739	0.034713574
30261	2404	0.04895518
30261	2392	0.04894739
30261	431	0.0487635
30261	5868	0.048635393
30261	1178	0.04862986
30261	1417	0.048594385
30261	1556	0.048594367
30261	201	0.048594356
30261	1029	0.04859434
30261	3716	0.048594326
30273	6169	0.055656135
30273	1796	0.05484574
30273	6382	0.05399937
30273	3919	0.05338821
30273	5401	0.053311393
30273	1320	0.053201586
30273	3799	0.053137694
30273	98	0.05249834
30273	978	0.052286223
30273	6259	0.052263834
30290	6291	0.035456166
30290	1286	0.035419967
30290	3342	0.035361663
30290	1671	0.03529046
30290	5566	0.03511057
30290	5831	0.035008095
30290	3655	0.035008088
30290	1152	0.035008084
30290	1932	0.034938816
30290	1305	0.034877565
30319	3949	0.046408273
30319	460	0.046356913
30319	35	0.046208214
30319	3114	0.046208132
30319	592	0.046155043
30319	1033	0.046022136
30319	938	0.046022132
30319	1027	0.04594373
30319	2407	0.04594373
30319	1777	0.045943715
30333	243	0.043047287
30333	692	0.042995885
30333	3909	0.042379037
30333	406	0.04237336
30333	1764	0.042218186
30333	5140	0.042044867
30333	999	0.041698318
30333	1193	0.04165846
30333	1592	0.041458897
30333	124	0.041379675
30385	5593	0.0404824
30385	3655	0.040428508
30385	5831	0.040428508
30385	1152	0.0404285
30385	1932	0.04039263
30385	4205	0.04037372
30385	1305	0.040373713
30385	5566	0.04033876
30385	3090	0.04021366
30385	502	0.040123887
30445	482	0.057484917
30445	1698	0.057146832
30445	637	0.05696405
30445	3796	0.056794588
30445	926	0.05669904
30445	4868	0.056613784
30445	2009	0.056610104
30445	628	0.056603465
30445	4247	0.056547336
30445	2301	0.056448743
30461	3548	0.028359683
30461	1861	0.02830867
30461	982	0.028277256
30461	6648	0.028242119
30461	5008	0.028235238
30461	1536	0.028185654
30461	6637	0.028061539
30461	506	0.028027337
30461	5120	0.028019987
30461	3337	0.02801949
30487	35	0.053981684
30487	3114	0.053981595
30487	3949	0.053793706
30487	2407	0.053793162
30487	1027	0.053793155
30487	1777	0.053793155
30487	2194	0.05379311
30487	1655	0.053793103
30487	718	0.053749494
30487	1033	0.05372913
30495	1243	0.045277916
30495	6828	0.04512228
30495	4989	0.045108244
30495	984	0.04500448
30495	5563	0.04499042
30495	6689	0.0449429
30495	6722	0.044920646
30495	6552	0.04487674
30495	4629	0.04487562
30495	5666	0.044875592
30531	5815	0.05783118
30531	20	0.057831176
30531	2867	0.05783114
30531	1261	0.05721391
30531	739	0.05700403
30531	459	0.056757107
30531	1602	0.056721523
30531	158	0.05587515
30531	487	0.055730097
30531	414	0.05540984
30533	526	0.05531235
30533	1961	0.05483295
30533	169	0.05449899
30533	715	0.0541621
30533	1068	0.053822193
30533	1251	0.053676553
30533	4332	0.053173814
30533	350	0.052930575
30533	1594	0.052824102
30533	2950	0.052772325
30555	459	0.053949475
30555	2362	0.05351983
30555	1261	0.053324237
30555	3056	0.052870736
30555	611	0.052657355
30555	3855	0.052341256
30555	1626	0.05229938
30555	414	0.05229628
30555	1436	0.052238934
30555	20	0.052162107
30594	2692	0.05030799
30594	2710	0.05008353
30594	5517	0.050030075
30594	4768	0.05001535
30594	4335	0.049874693
30594	608	0.049788266
30594	1264	0.04956157
30594	3049	0.049538907
30594	6190	0.04953884
30594	3973	0.049501963
30607	226	0.035262097
30607	251	0.03526207
30607	1618	0.03526204
30607	1445	0.03519409
30607	5004	0.03516787
30607	6888	0.03514884
30607	4266	0.035148792
30607	6660	0.03514035
30607	3863	0.035124943
30607	253	0.03512492
30645	140	0.06458468
30645	141	0.06415584
30645	5586	0.06381031
30645	4119	0.063708514
30645	279	0.06368354
30645	5361	0.06357637
30645	3552	0.06357634
30645	892	0.063563585
30645	997	0.063277006
30645	2870	0.06327696
30657	1419	0.05547121
30657	4756	0.0554712
30657	3822	0.05547119
30657	1421	0.055471186
30657	1049	0.05547117
30657	3572	0.05547117
30657	6587	0.055471167
30657	5292	0.055471152
30657	1004	0.055471145
30657	5183	0.05547114
30711	350	0.04161331
30711	5867	0.0413007
30711	1248	0.04129423
30711	2513	0.041264474
30711	456	0.04098382
30711	4560	0.040859237
30711	3315	0.040644914
30711	7	0.04055026
30711	2178	0.040530093
30711	2215	0.040462762
30712	1105	0.039671835
30712	6061	0.039641306
30712	356	0.03945248
30712	572	0.039071023
30712	2293	0.039065376
30712	3075	0.039040204
30712	278	0.038969986
30712	1737	0.038969986
30712	5166	0.038969986
30712	2208	0.038969975
30716	906	0.06066033
30716	929	0.060212716
30716	6093	0.060212687
30716	634	0.059897948
30716	3815	0.059852738
30716	1259	0.05985272
30716	1907	0.05985272
30716	6105	0.05985272
30716	1965	0.05985271
30716	1939	0.059852686
30735	6674	0.0698339
30735	4269	0.06970343
30735	2007	0.06927626
30735	2725	0.068326786
30735	158	0.06831345
30735	1709	0.068185404
30735	1527	0.06754322
30735	350	0.0674787
30735	3775	0.0674497
30735	620	0.06722972
30749	140	0.06093715
30749	4119	0.06061402
30749	279	0.060570993
30749	1690	0.06023421
30749	892	0.060225975
30749	5361	0.060198016
30749	3552	0.060197983
30749	997	0.060133807
30749	2870	0.06013378
30749	141	0.059978414
30770	1389	0.06988741
30770	420	0.06965068
30770	614	0.068128765
30770	1253	0.06794609
30770	2432	0.067786664
30770	406	0.067759894
30770	1490	0.066868395
30770	5389	0.06678081
30770	2620	0.06650244
30770	1193	0.066347554
30806	6096	0.0459933
30806	4258	0.045993272
30806	3569	0.045993254
30806	1530	0.045921504
30806	4440	0.045921482
30806	4929	0.045921467
30806	1095	0.045921452
30806	1927	0.04588099
30806	966	0.045880936
30806	1141	0.045834627
30810	1419	0.03611862
30810	4756	0.03611862
30810	3822	0.036118608
30810	1421	0.036118604
30810	1049	0.036118597
30810	3572	0.036118582
30810	5292	0.036118582
30810	6152	0.036118582
30810	6587	0.036118582
30810	5183	0.036118574
30824	3678	0.045746088
30824	965	0.04574606
30824	1396	0.04574605
30824	1747	0.045746043
30824	1146	0.04556012
30824	4223	0.045560114
30824	587	0.04542783
30824	5395	0.04542783
30824	4398	0.045427814
30824	5033	0.045427814
30838	3757	0.054726668
30838	6375	0.053496614
30838	3278	0.05322844
30838	3276	0.05315903
30838	2897	0.053135246
30838	6686	0.053072043
30838	4681	0.053026304
30838	2488	0.053010516
30838	5636	0.052962344
30838	2261	0.05294729
30854	5280	0.04502201
30854	5332	0.044876114
30854	63	0.04487609
30854	3858	0.04487095
30854	1729	0.044850126
30854	5768	0.044849493
30854	6901	0.04484946
30854	5369	0.044849448
30854	294	0.04482902
30854	2020	0.04482781
30887	781	0.056535523
30887	5781	0.05636105
30887	127	0.056304194
30887	3443	0.05589266
30887	1626	0.05541206
30887	1266	0.05534116
30887	3056	0.05528322
30887	2883	0.055281065
30887	1601	0.055260554
30887	1779	0.055183128
30898	3209	0.04787842
30898	72	0.0478784
30898	5010	0.047724217
30898	5218	0.04746522
30898	5496	0.047465175
30898	4668	0.047403213
30898	6099	0.047373608
30898	571	0.047311045
30898	2849	0.04727436
30898	1360	0.047274347
30906	1509	0.030102002
30906	904	0.030059258
30906	6547	0.030041147
30906	4779	0.029960789
30906	1130	0.029960752
30906	5852	0.02989997
30906	2547	0.029769368
30906	1175	0.029751927
30906	2054	0.02973643
30906	6514	0.029736403
30939	3050	0.04870836
30939	5210	0.048566315
30939	961	0.048452362
30939	955	0.048372798
30939	4113	0.048265718
30939	2678	0.04815036
30939	1714	0.048072264
30939	5951	0.048068903
30939	3247	0.048057627
30939	1072	0.047919665
30968	320	0.060767278
30968	3659	0.060285497
30968	2129	0.06027303
30968	3616	0.06021061
30968	3306	0.059893157
30968	1179	0.05985107
30968	1670	0.05943481
30968	2574	0.05921793
30968	83	0.05904229
30968	1764	0.058389544
30972	140	0.072376005
30972	892	0.07210924
30972	4119	0.07180745
30972	997	0.07175981
30972	2870	0.07175979
30972	5361	0.07165226
30972	3552	0.07165223
30972	1229	0.07144894
30972	1690	0.07136954
30972	1526	0.07123039
30985	1708	0.045725733
30985	487	0.045404494
30985	620	0.045281723
30985	5815	0.044987835
30985	20	0.044987805
30985	2867	0.044987805
30985	739	0.044814344
30985	1527	0.044685993
30985	158	0.04463896
30985	3775	0.044629447
30989	3692	0.051226526
30989	3472	0.051221088
30989	265	0.051178694
30989	1883	0.051178694
30989	1758	0.05099698
30989	1419	0.050980605
30989	4756	0.050980605
30989	1421	0.050980587
30989	1049	0.050980583
30989	3822	0.050980583
30994	59	0.053042505
30994	329	0.05232802
30994	619	0.05232802
30994	2331	0.051970087
30994	1249	0.05193182
30994	1426	0.051680338
30994	4583	0.0516803
30994	5835	0.051671818
30994	15	0.05148254
30994	1636	0.051315367
31006	2203	0.05503235
31006	1426	0.054591537
31006	4583	0.054591507
31006	4183	0.05455918
31006	6574	0.054519143
31006	6130	0.05446545
31006	4346	0.054387227
31006	1193	0.054360196
31006	1880	0.05434774
31006	577	0.054036003
31008	6511	0.04000083
31008	3675	0.039879862
31008	3605	0.039813347
31008	5161	0.039803594
31008	2286	0.03968528
31008	6507	0.03966857
31008	3211	0.03957061
31008	3595	0.03954271
31008	2435	0.039537802
31008	1645	0.039532967
31040	1436	0.05379509
31040	613	0.053624455
31040	1713	0.053122744
31040	2176	0.05310107
31040	4538	0.05310105
31040	1411	0.052876443
31040	1691	0.052814968
31040	2362	0.052752208
31040	501	0.052728876
31040	710	0.052423075
31050	3488	0.05849115
31050	3248	0.058260556
31050	5317	0.05816968
31050	5714	0.058169656
31050	4613	0.05816345
31050	2083	0.058139317
31050	5888	0.058139283
31050	769	0.058068622
31050	4911	0.058016114
31050	4150	0.05784899
31094	3078	0.04513163
31094	498	0.04480312
31094	283	0.0444898
31094	6116	0.044418592
31094	4261	0.04437294
31094	483	0.04437289
31094	2770	0.044360258
31094	1118	0.044300996
31094	6431	0.044257417
31094	2703	0.04420693
31144	6138	0.040844895
31144	797	0.04081191
31144	6853	0.040762205
31144	2619	0.04076217
31144	2666	0.040755242
31144	4211	0.040740725
31144	4240	0.04065004
31144	2597	0.040628552
31144	795	0.04062853
31144	3500	0.040628523
31158	3943	0.079684675
31158	157	0.07928263
31158	614	0.079106405
31158	1212	0.078692004
31158	5570	0.078691974
31158	590	0.078633696
31158	2991	0.07847355
31158	192	0.078311704
31158	243	0.07830386
31158	581	0.07815273
31226	6352	0.04197038
31226	3685	0.041970365
31226	4762	0.041970365
31226	5881	0.041970346
31226	5040	0.041815393
31226	5722	0.041815355
31226	2482	0.0417585
31226	6632	0.041603506
31226	1678	0.041603502
31226	1173	0.041574895
31229	6262	0.053632632
31229	5695	0.0536326
31229	4693	0.05363255
31229	6161	0.05343785
31229	3959	0.05343782
31229	1034	0.053437807
31229	3041	0.0534378
31229	3040	0.053437777
31229	1394	0.05343777
31229	555	0.05343776
31250	4170	0.04817634
31250	1932	0.0481428
31250	3066	0.04801841
31250	3719	0.047999457
31250	5440	0.047999453
31250	3666	0.04799944
31250	5566	0.04796592
31250	3679	0.047952272
31250	199	0.04793994
31250	690	0.047939934
31256	3912	0.03866355
31256	5524	0.038587846
31256	2131	0.038584106
31256	1120	0.038457125
31256	3871	0.038414616
31256	5171	0.03829849
31256	2130	0.03806739
31256	1157	0.03799466
31256	5987	0.037834477
31256	5142	0.037812352
31343	4678	0.04542117
31343	2336	0.045234505
31343	5557	0.045077216
31343	2190	0.045040138
31343	4302	0.04502864
31343	4844	0.04502864
31343	1836	0.045016713
31343	4316	0.044998467
31343	6345	0.044922683
31343	1820	0.044904552
31391	6061	0.045870613
31391	6133	0.04556017
31391	1632	0.045560084
31391	356	0.04554473
31391	2050	0.045335937
31391	2886	0.045314804
31391	3075	0.04529941
31391	1410	0.045263544
31391	4524	0.045247152
31391	1105	0.045220576
31393	127	0.06644334
31393	606	0.06640862
31393	781	0.06592749
31393	1779	0.0656155
31393	2883	0.065383315
31393	611	0.06529327
31393	581	0.06527815
31393	504	0.06527458
31393	192	0.06526968
31393	971	0.06517498
31412	504	0.06709867
31412	606	0.066804536
31412	1640	0.06654647
31412	2398	0.06654646
31412	708	0.0659231
31412	434	0.06592302
31412	2823	0.06579673
31412	1261	0.06550678
31412	3064	0.0654074
31412	589	0.06495525
31431	4662	0.054486893
31431	3119	0.054353587
31431	1895	0.05422981
31431	4736	0.05413855
31431	1503	0.05413851
31431	2321	0.05400444
31431	610	0.05396709
31431	4659	0.053941973
31431	3396	0.053843353
31431	1544	0.05384331
31446	2662	0.048668843
31446	1670	0.04846379
31446	1813	0.048356857
31446	2129	0.048136685
31446	3659	0.0479621
31446	4161	0.047956876
31446	3616	0.047683015
31446	2028	0.047492485
31446	83	0.047354646
31446	2838	0.047174957
31468	4801	0.049311377
31468	5725	0.049136557
31468	4394	0.049079202
31468	3859	0.04907711
31468	6713	0.048973512
31468	4092	0.048830006
31468	5240	0.048755337
31468	771	0.04875533
31468	6131	0.04864837
31468	6497	0.048600778
31471	6250	0.031853423
31471	1094	0.031767964
31471	1045	0.031767942
31471	1725	0.031767942
31471	1328	0.031749617
31471	5675	0.031662434
31471	2820	0.03157688
31471	2732	0.031489477
31471	2064	0.03147702
31471	6918	0.031414255
31609	3578	0.069368295
31609	2393	0.06912546
31609	2379	0.06881322
31609	6276	0.06874226
31609	5091	0.068506844
31609	2663	0.06830871
31609	3924	0.0682341
31609	2224	0.068222255
31609	5139	0.0682221
31609	2328	0.068114355
31652	590	0.058443923
31652	978	0.0584229
31652	930	0.05836633
31652	465	0.058366276
31652	3142	0.058366273
31652	862	0.05830452
31652	2918	0.058280364
31652	665	0.058191553
31652	1291	0.058187477
31652	61	0.058059312
31681	5585	0.047719255
31681	389	0.04761795
31681	6102	0.047532246
31681	5969	0.047532216
31681	3562	0.04746995
31681	6655	0.047338255
31681	131	0.047318626
31681	5200	0.047318622
31681	5581	0.04727129
31681	1644	0.047191266
31688	2912	0.050532952
31688	410	0.050429765
31688	978	0.05039424
31688	862	0.050319113
31688	98	0.050176814
31688	614	0.050021354
31688	2919	0.04999828
31688	4867	0.04995005
31688	227	0.04993715
31688	590	0.04979965
31714	90	0.04059722
31714	5968	0.040597215
31714	3781	0.040548958
31714	174	0.040391963
31714	1382	0.040391903
31714	1821	0.040391892
31714	1839	0.040376566
31714	803	0.040359627
31714	3361	0.040339984
31714	5410	0.040339965
31740	3373	0.048355177
31740	789	0.048355117
31740	1973	0.048355106
31740	4878	0.048355095
31740	3631	0.04830885
31740	1515	0.04815484
31740	1491	0.04815483
31740	2006	0.048017982
31740	2983	0.047959752
31740	5567	0.04782577
31846	5835	0.042382397
31846	1426	0.042205118
31846	4583	0.042205095
31846	120	0.041910212
31846	1665	0.04181493
31846	1035	0.041814923
31846	2331	0.04168378
31846	34	0.04154662
31846	2371	0.041431658
31846	5321	0.04142871
31860	592	0.04633687
31860	1680	0.045979112
31860	4401	0.045977484
31860	1185	0.045933202
31860	2951	0.045909647
31860	3949	0.045755714
31860	2369	0.04567446
31860	1884	0.045612946
31860	3422	0.045511436
31860	653	0.045490816
31900	6693	0.053249784
31900	4735	0.053050652
31900	3777	0.05287256
31900	5872	0.052793793
31900	3002	0.05279374
31900	6541	0.052555773
31900	2475	0.05255575
31900	786	0.052545764
31900	679	0.052514233
31900	4421	0.052507635
31919	6099	0.05485028
31919	3209	0.05460548
31919	72	0.05460544
31919	4668	0.054499023
31919	2806	0.05434724
31919	6795	0.054293267
31919	4825	0.054287862
31919	2821	0.05428586
31919	5195	0.054186817
31919	1543	0.054186776
31948	1690	0.045589373
31948	5361	0.045441978
31948	3552	0.045441948
31948	279	0.045362093
31948	4119	0.04524722
31948	2327	0.045119807
31948	1387	0.045119755
31948	1526	0.045079928
31948	320	0.045021586
31948	997	0.044973403
32034	1667	0.06367232
32034	2329	0.06297016
32034	4035	0.062963665
32034	3059	0.062479988
32034	2708	0.062429074
32034	15	0.06234255
32034	6140	0.062246483
32034	3463	0.062240005
32034	4154	0.062208988
32034	4846	0.06219189
32087	5184	0.05008602
32087	5771	0.0499193
32087	5406	0.04972414
32087	5042	0.049724124
32087	957	0.04957378
32087	292	0.049557358
32087	5991	0.04955734
32087	2963	0.049514864
32087	1592	0.049509786
32087	645	0.049467303
32122	487	0.056244917
32122	474	0.056017816
32122	175	0.05594249
32122	739	0.05561431
32122	3280	0.055372827
32122	3133	0.0551234
32122	5815	0.055003233
32122	2867	0.055003203
32122	20	0.05500318
32122	831	0.05492183
32148	1444	0.04842391
32148	2961	0.048423875
32148	727	0.0484202
32148	451	0.04833302
32148	3207	0.048287373
32148	1779	0.04825203
32148	160	0.04813066
32148	1626	0.04803365
32148	3056	0.047798935
32148	606	0.04764043
32188	160	0.05010941
32188	77	0.04962575
32188	3207	0.04948869
32188	2543	0.04947956
32188	2795	0.04946184
32188	6	0.04945488
32188	451	0.049444005
32188	1444	0.049351394
32188	2961	0.049351353
32188	611	0.049334593
32195	358	0.06766015
32195	1270	0.06750695
32195	5163	0.06750689
32195	197	0.06733577
32195	1380	0.06731179
32195	2604	0.06728086
32195	162	0.06724769
32195	2427	0.06720959
32195	4528	0.06702751
32195	2037	0.067025825
32244	637	0.050159223
32244	1114	0.05011014
32244	4247	0.05004946
32244	2366	0.050047092
32244	628	0.049981385
32244	882	0.049954385
32244	4782	0.049954355
32244	824	0.04986927
32244	2197	0.049738616
32244	3796	0.04957758
32250	1261	0.054453764
32250	2883	0.054176327
32250	414	0.05399757
32250	613	0.05369714
32250	459	0.053654354
32250	1436	0.05341816
32250	3056	0.053224638
32250	1444	0.05320774
32250	2961	0.053207695
32250	1690	0.053057842
32275	1058	0.05932884
32275	5570	0.059250772
32275	1212	0.059250765
32275	653	0.059181653
32275	930	0.058946695
32275	465	0.05894665
32275	3142	0.05894664
32275	665	0.058774382
32275	2918	0.058436308
32275	2951	0.058427595
32329	6543	0.050109323
32329	2631	0.04972116
32329	331	0.0496881
32329	453	0.049674533
32329	4954	0.049595196
32329	2066	0.049544998
32329	3274	0.049499273
32329	1862	0.049457833
32329	6049	0.049255755
32329	4921	0.04923957
32440	2886	0.043958563
32440	569	0.043955117
32440	3075	0.04390018
32440	5364	0.043863773
32440	960	0.043599285
32440	3898	0.043392744
32440	5646	0.043392703
32440	6591	0.043263476
32440	6169	0.04326266
32440	4683	0.043176346
32516	1076	0.078680694
32516	3443	0.07843119
32516	2991	0.07784414
32516	2503	0.07736531
32516	448	0.07723878
32516	70	0.0770113
32516	5404	0.07701128
32516	2387	0.07682454
32516	6111	0.07679188
32516	613	0.076751575
32569	4376	0.045146734
32569	633	0.045063503
32569	3020	0.045025565
32569	368	0.04489354
32569	374	0.04482009
32569	6310	0.044792324
32569	510	0.04469979
32569	4418	0.044699736
32569	3067	0.04469748
32569	3345	0.044692926
32599	1643	0.05914624
32599	1070	0.058888048
32599	473	0.058870733
32599	480	0.05883914
32599	983	0.05841198
32599	1405	0.058253024
32599	471	0.05821738
32599	816	0.0580143
32599	988	0.05771248
32599	3169	0.05745978
32627	5625	0.031508
32627	4875	0.030559639
32627	1413	0.030541234
32627	3878	0.030471109
32627	751	0.030435776
32627	2171	0.030289352
32627	5348	0.030128561
32627	3196	0.029937824
32627	1350	0.029927775
32627	354	0.029850632
32641	4919	0.047093377
32641	3194	0.046939872
32641	541	0.046845853
32641	1458	0.046845846
32641	6544	0.046845827
32641	168	0.046845824
32641	4212	0.046516098
32641	3885	0.046486616
32641	1064	0.046417788
32641	3286	0.04641774
32721	6249	0.04330976
32721	2373	0.04316544
32721	3791	0.043125443
32721	350	0.042966284
32721	456	0.042929128
32721	1248	0.042828694
32721	365	0.042672496
32721	4560	0.042562664
32721	5867	0.04254348
32721	2267	0.04252512
32773	278	0.051298186
32773	2208	0.05129817
32773	1737	0.051298164
32773	4230	0.051298164
32773	5166	0.051298164
32773	3954	0.051298134
32773	2821	0.05120914
32773	356	0.05103134
32773	1520	0.05094831
32773	4524	0.050854973
32802	6609	0.04232117
32802	86	0.042321168
32802	4756	0.04222455
32802	1419	0.042224545
32802	3822	0.042224534
32802	1049	0.04222452
32802	6587	0.04222452
32802	3572	0.04222451
32802	5292	0.042224508
32802	3634	0.042224504
32991	5331	0.054267474
32991	5082	0.054244816
32991	6843	0.054089133
32991	1183	0.053942055
32991	4134	0.053910885
32991	542	0.053722754
32991	1576	0.053699084
32991	5315	0.053582527
32991	2673	0.053567354
32991	1955	0.05337143
33004	1362	0.056729116
33004	706	0.05669148
33004	880	0.056691464
33004	6716	0.05654011
33004	903	0.05646868
33004	3506	0.05642303
33004	4197	0.056422975
33004	5105	0.05641612
33004	4873	0.056387197
33004	5506	0.05634945
33036	92	0.035377957
33036	5271	0.035364512
33036	4189	0.03502097
33036	1803	0.035012014
33036	5144	0.034892462
33036	734	0.034699492
33036	2697	0.03469743
33036	1735	0.034691505
33036	2941	0.034653414
33036	4623	0.034563027
33124	6609	0.04916743
33124	1419	0.04905023
33124	4756	0.04905023
33124	1421	0.04905022
33124	3822	0.049050212
33124	1049	0.04905019
33124	6587	0.04905019
33124	3572	0.049050182
33124	995	0.049050175
33124	3634	0.049050175
33179	6430	0.053067315
33179	186	0.053011816
33179	1708	0.052859835
33179	487	0.05250441
33179	1617	0.051971477
33179	474	0.05182139
33179	2217	0.051599972
33179	3775	0.05158675
33179	620	0.051564302
33179	2233	0.05133851
33200	5607	0.047928613
33200	3880	0.04780945
33200	6136	0.047809444
33200	4324	0.047622442
33200	891	0.047495723
33200	3945	0.04746637
33200	3698	0.047299467
33200	5449	0.0472698
33200	5060	0.047252327
33200	2219	0.047180675
33264	692	0.08825648
33264	1193	0.088134184
33264	645	0.088114366
33264	3909	0.08811433
33264	999	0.08746675
33264	406	0.086896256
33264	15	0.08688512
33264	5184	0.08634541
33264	2203	0.08629152
33264	4607	0.08628039
33270	3035	0.06293611
33270	6253	0.06264918
33270	3147	0.06252634
33270	1909	0.062526315
33270	2529	0.06252629
33270	3054	0.06252629
33270	5913	0.06243715
33270	6429	0.062369786
33270	3234	0.06233128
33270	4653	0.06217082
33283	4240	0.05354067
33283	4070	0.05351463
33283	5212	0.053458788
33283	3123	0.053392544
33283	5931	0.053382546
33283	1606	0.053369313
33283	2535	0.053313054
33283	6792	0.053313002
33283	4554	0.053300694
33283	3837	0.053247347
33319	189	0.05957429
33319	1561	0.059534915
33319	1397	0.059509493
33319	2366	0.05931832
33319	6427	0.059288725
33319	5764	0.059117045
33319	1114	0.059097573
33319	52	0.059085913
33319	3442	0.059085898
33319	1499	0.059046533
33461	3372	0.06198916
33461	857	0.061727673
33461	1349	0.06172766
33461	992	0.06172762
33461	11	0.061615027
33461	3100	0.061615024
33461	6377	0.061615013
33461	2260	0.061615005
33461	848	0.061614998
33461	2645	0.061571877
33491	5939	0.056901917
33491	563	0.056864817
33491	2998	0.05686475
33491	2648	0.056816094
33491	2003	0.056589596
33491	3001	0.05658886
33491	4849	0.056588735
33491	5904	0.05651492
33491	3902	0.056441914
33491	4072	0.05643958
33580	6430	0.066542365
33580	487	0.0661519
33580	3775	0.06584416
33580	186	0.065663956
33580	1708	0.06565942
33580	620	0.06524388
33580	3397	0.06517276
33580	2233	0.06512699
33580	1264	0.06501867
33580	831	0.06500073
33614	5437	0.037366472
33614	6464	0.037366465
33614	3904	0.03716941
33614	5600	0.037158437
33614	342	0.037146844
33614	3472	0.03710582
33614	1730	0.037040386
33614	5063	0.03702186
33614	579	0.036980886
33614	3549	0.036970202
33656	940	0.040525965
33656	5943	0.040399455
33656	857	0.040252328
33656	1349	0.040252328
33656	4557	0.040252313
33656	992	0.040252283
33656	4555	0.040174954
33656	3100	0.040174924
33656	4556	0.040174916
33656	2260	0.04017491
33681	2120	0.036643647
33681	1205	0.03647821
33681	210	0.036478173
33681	404	0.036472894
33681	3520	0.03637869
33681	449	0.036322787
33681	935	0.036187723
33681	4120	0.036143564
33681	486	0.03608257
33681	2555	0.036049165
33816	1389	0.06726179
33816	420	0.06703587
33816	1253	0.06613693
33816	614	0.065822124
33816	406	0.06505954
33816	1630	0.06490408
33816	4245	0.06463687
33816	2823	0.06451316
33816	2432	0.06446191
33816	689	0.06430486
33818	1961	0.059073802
33818	526	0.058692627
33818	1527	0.058213994
33818	2950	0.057655297
33818	4307	0.05763008
33818	1068	0.057481155
33818	5288	0.057140373
33818	2725	0.05711999
33818	1268	0.057109185
33818	456	0.056614973
33832	712	0.05214019
33832	1269	0.05214013
33832	662	0.051996864
33832	2064	0.051983062
33832	5340	0.051774606
33832	195	0.051765814
33832	974	0.05150242
33832	5675	0.05147846
33832	3068	0.051464073
33832	3971	0.05146216
33862	1494	0.055133246
33862	1200	0.05495376
33862	2174	0.054841258
33862	2550	0.054716043
33862	5079	0.054716036
33862	5380	0.05466094
33862	151	0.0546609
33862	5225	0.05466083
33862	233	0.054582052
33862	3455	0.05456981
33933	2210	0.053776346
33933	5271	0.053590104
33933	3691	0.053585652
33933	2813	0.05311598
33933	1803	0.05290185
33933	3049	0.052791677
33933	6190	0.05279162
33933	3333	0.052751154
33933	164	0.052697964
33933	732	0.05250206
33958	6406	0.035762638
33958	6158	0.035715725
33958	1402	0.03559649
33958	227	0.035589807
33958	978	0.035589144
33958	930	0.03555623
33958	465	0.03555619
33958	3142	0.03555619
33958	5864	0.03542328
33958	1627	0.03535343
33974	2386	0.061087303
33974	1228	0.060824223
33974	669	0.06082422
33974	2382	0.06082419
33974	4909	0.060824186
33974	3420	0.060824182
33974	5028	0.060824174
33974	6906	0.060824174
33974	1762	0.06082417
33974	4430	0.060824163
33980	1168	0.037280984
33980	6328	0.037280977
33980	3706	0.037214495
33980	6396	0.037169635
33980	1704	0.0371536
33980	956	0.037104763
33980	2953	0.03710473
33980	4306	0.037080795
33980	2766	0.036993302
33980	5447	0.036993276
33999	332	0.061267953
33999	152	0.061007716
33999	937	0.061007716
33999	1929	0.06071352
33999	4874	0.060713474
33999	5620	0.060502876
33999	1564	0.06031742
33999	6087	0.060219754
33999	4905	0.060193647
33999	4971	0.06007057
34075	5821	0.0400659
34075	2922	0.040029176
34075	1465	0.040011074
34075	2860	0.040011056
34075	4626	0.04001105
34075	5845	0.039999302
34075	4838	0.03994665
34075	2018	0.03991566
34075	2862	0.039908193
34075	4129	0.039839722
34087	194	0.058389563
34087	3436	0.058259416
34087	4895	0.057947747
34087	2850	0.057947673
34087	3548	0.0579416
34087	1728	0.057933502
34087	5602	0.05793287
34087	149	0.057901517
34087	6384	0.05790151
34087	6898	0.057889093
34115	4801	0.048039638
34115	1696	0.04801816
34115	2596	0.048018083
34115	6459	0.048010726
34115	5725	0.0479972
34115	4148	0.047768503
34115	4225	0.0477685
34115	4130	0.047654707
34115	1591	0.047632422
34115	1994	0.047632366
34215	6672	0.050849844
34215	3019	0.050847735
34215	6324	0.05072407
34215	5958	0.050721988
34215	3970	0.050635956
34215	2903	0.050635953
34215	6500	0.050534565
34215	5976	0.05053252
34215	4420	0.050433286
34215	5585	0.05043123
34300	2886	0.05294671
34300	5364	0.05240705
34300	3075	0.052394863
34300	5737	0.05232522
34300	1783	0.052294474
34300	4184	0.052106827
34300	2511	0.052106813
34300	960	0.05199131
34300	6259	0.05193904
34300	6133	0.051935636
34377	692	0.06775838
34377	15	0.06772909
34377	999	0.06678061
34377	1667	0.065985724
34377	2838	0.06584598
34377	5381	0.06560661
34377	4607	0.065424174
34377	4919	0.065246075
34377	59	0.065222666
34377	2708	0.06513223
34501	735	0.037570953
34501	347	0.037482593
34501	3883	0.037381552
34501	4726	0.0371558
34501	5842	0.03714654
34501	2316	0.036934324
34501	2837	0.036863793
34501	1569	0.036837034
34501	3882	0.03683702
34501	188	0.036488768
34526	2060	0.050464768
34526	561	0.05042094
34526	558	0.050400387
34526	6010	0.050399855
34526	5779	0.050315887
34526	4620	0.05025521
34526	5058	0.050245203
34526	2845	0.050139256
34526	2149	0.05010244
34526	3594	0.05007853
34588	5352	0.055317655
34588	459	0.054159313
34588	2362	0.054033287
34588	3681	0.05396959
34588	1961	0.053870857
34588	910	0.053803343
34588	202	0.053639024
34588	1268	0.05357874
34588	611	0.053446576
34588	526	0.05331713
34600	5765	0.043644592
34600	3194	0.04306197
34600	5423	0.042885765
34600	3906	0.042867165
34600	6884	0.042804405
34600	2333	0.042761043
34600	159	0.042761028
34600	3885	0.042547185
34600	1662	0.04253661
34600	5696	0.04253661
34636	1459	0.05997302
34636	6563	0.058850244
34636	4133	0.058544345
34636	2426	0.0581365
34636	2632	0.05805117
34636	2216	0.057838615
34636	2300	0.057616338
34636	6125	0.05746653
34636	9	0.057426877
34636	5441	0.057400934
34752	977	0.05091002
34752	6444	0.05090999
34752	239	0.05077547
34752	308	0.05062972
34752	6390	0.050629675
34752	538	0.050629668
34752	2555	0.050626945
34752	213	0.0506269
34752	2315	0.05046163
34752	683	0.050409254
34801	3946	0.049064353
34801	834	0.049064346
34801	2540	0.04903999
34801	5306	0.049022824
34801	1258	0.048898213
34801	3928	0.04889819
34801	1962	0.04889817
34801	42	0.048898168
34801	3803	0.048898168
34801	2282	0.048758745
34840	4919	0.05427807
34840	1667	0.054148674
34840	541	0.05411122
34840	1458	0.054111212
34840	6544	0.054111186
34840	1639	0.053843
34840	4035	0.053694498
34840	4212	0.05366332
34840	4034	0.053656995
34840	4703	0.053656988
34932	5951	0.055836316
34932	6590	0.055676863
34932	2022	0.055667788
34932	2066	0.055400133
34932	4178	0.05521392
34932	2080	0.055213854
34932	2732	0.054888528
34932	155	0.05476278
34932	84	0.054681826
34932	330	0.05468177
34987	3626	0.04314437
34987	3175	0.04283843
34987	4166	0.042707298
34987	896	0.042682882
34987	6337	0.042643253
34987	391	0.042545486
34987	4035	0.042537645
34987	5682	0.04251643
34987	5260	0.042484406
34987	3463	0.042468756
34988	1006	0.050454415
34988	5380	0.050164662
34988	151	0.050164614
34988	5225	0.050164565
34988	3585	0.049998693
34988	376	0.049998675
34988	291	0.049805827
34988	328	0.04980577
34988	1297	0.049801484
34988	1200	0.049696624
35030	977	0.05322186
35030	6444	0.05322183
35030	1026	0.052870754
35030	308	0.052864105
35030	538	0.05286406
35030	6390	0.05286406
35030	2684	0.052818127
35030	1746	0.05275977
35030	2465	0.052658223
35030	1952	0.052559286
35050	3802	0.031364813
35050	1126	0.03133649
35050	2570	0.03132869
35050	5307	0.03125801
35050	1403	0.031188821
35050	4576	0.031166155
35050	6571	0.03111343
35050	6790	0.031078015
35050	111	0.031063981
35050	3094	0.031060938
35081	5884	0.059291597
35081	1480	0.059158362
35081	5402	0.05912213
35081	6598	0.058708042
35081	4585	0.058682874
35081	4375	0.05839751
35081	4850	0.058335833
35081	1357	0.058297604
35081	1903	0.058297485
35081	3077	0.058022916
35148	1817	0.053903062
35148	133	0.05390303
35148	448	0.053823143
35148	6111	0.05375227
35148	1781	0.053476594
35148	710	0.053160492
35148	3581	0.053153053
35148	1574	0.05295696
35148	41	0.052899502
35148	581	0.052886188
35179	3162	0.03617628
35179	6469	0.036076635
35179	6149	0.036061786
35179	1008	0.036028005
35179	5588	0.03602723
35179	6332	0.03600943
35179	6101	0.035989564
35179	2400	0.03598956
35179	1133	0.035962217
35179	273	0.0359622
35188	147	0.043286137
35188	4513	0.043286093
35188	5332	0.04324957
35188	63	0.04324954
35188	5280	0.04319743
35188	2333	0.043035112
35188	159	0.043035086
35188	6760	0.042998515
35188	2732	0.042949606
35188	1729	0.04268159
35233	5075	0.050449543
35233	6140	0.05042045
35233	1836	0.050333504
35233	2336	0.050198026
35233	3463	0.05014219
35233	381	0.050055224
35233	4202	0.04995215
35233	4844	0.049919784
35233	4302	0.049919777
35233	3664	0.049899805
35270	4245	0.06783764
35270	432	0.067507
35270	589	0.06733924
35270	692	0.06687288
35270	3207	0.066692196
35270	504	0.06661064
35270	5205	0.06651077
35270	507	0.06636155
35270	2543	0.06601808
35270	124	0.0653518
35320	4689	0.055179518
35320	2186	0.055179503
35320	2785	0.055179484
35320	3693	0.05517944
35320	3437	0.054989763
35320	3307	0.054955892
35320	2889	0.054725282
35320	704	0.054725263
35320	1937	0.05472526
35320	2354	0.054696225
35424	4401	0.04028152
35424	3422	0.04021509
35424	1336	0.040153224
35424	3949	0.04009798
35424	247	0.040017825
35424	2919	0.039997853
35424	1186	0.03999469
35424	460	0.039977647
35424	2324	0.03993579
35424	6264	0.039929688
35445	665	0.07527448
35445	2951	0.07510202
35445	930	0.07501672
35445	465	0.07501668
35445	3142	0.07501665
35445	1601	0.0748055
35445	1058	0.074662395
35445	4026	0.07434983
35445	435	0.07431405
35445	1185	0.074145645
35532	3549	0.033366308
35532	6914	0.03332758
35532	5553	0.03331761
35532	2844	0.033278935
35532	3321	0.033214927
35532	687	0.03315004
35532	5063	0.033125892
35532	4309	0.03312494
35532	5610	0.033124913
35532	3472	0.033124663
35631	2823	0.06043847
35631	6674	0.059513316
35631	2156	0.059414826
35631	504	0.059029184
35631	3064	0.05893705
35631	573	0.058709808
35631	4269	0.058575757
35631	991	0.057662234
35631	1630	0.057576805
35631	708	0.057462946
35704	3799	0.05493242
35704	3380	0.05474245
35704	4286	0.05471874
35704	2964	0.054323655
35704	2513	0.05423397
35704	57	0.054218896
35704	2374	0.054121003
35704	397	0.053976078
35704	2178	0.053904198
35704	3104	0.05390057
35707	3133	0.077547416
35707	739	0.077520475
35707	1602	0.0771461
35707	5815	0.07686483
35707	20	0.07686481
35707	2867	0.0768648
35707	102	0.07623324
35707	474	0.075718
35707	487	0.07553114
35707	1617	0.074882634
35793	3445	0.05447518
35793	2555	0.054447792
35793	213	0.05444774
35793	1205	0.054398637
35793	210	0.05439861
35793	1499	0.054308467
35793	1816	0.054281108
35793	5617	0.054281063
35793	1289	0.05421699
35793	977	0.054182213
35836	3691	0.060261115
35836	1101	0.06013978
35836	4571	0.05977238
35836	4046	0.05974453
35836	4051	0.059678227
35836	5064	0.05967815
35836	3290	0.059630096
35836	732	0.059576776
35836	895	0.059546147
35836	3320	0.059523705
35841	2291	0.028323539
35841	6227	0.02826187
35841	6000	0.028250612
35841	4025	0.028138615
35841	4535	0.028138615
35841	2160	0.028138608
35841	4939	0.028123682
35841	3988	0.02811081
35841	5793	0.02809921
35841	1465	0.028072711
35845	4357	0.05328712
35845	2916	0.053237498
35845	1542	0.05304741
35845	6206	0.05270305
35845	5051	0.052574057
35845	2049	0.052550964
35845	1885	0.052507263
35845	416	0.052408256
35845	1689	0.052408174
35845	5252	0.05216451
35857	971	0.06321927
35857	2725	0.062840655
35857	708	0.06223627
35857	434	0.062236227
35857	1709	0.06217479
35857	611	0.061951414
35857	715	0.06169496
35857	1268	0.061591566
35857	127	0.061501443
35857	3581	0.06139683
35865	2316	0.0508509
35865	4726	0.05045032
35865	347	0.050070465
35865	2698	0.0499183
35865	2327	0.049782492
35865	1387	0.049782418
35865	84	0.049646072
35865	330	0.049645998
35865	2552	0.049425468
35865	188	0.049273178
35909	1179	0.06691162
35909	1444	0.0668115
35909	2961	0.06681147
35909	649	0.0664586
35909	3056	0.066380136
35909	3443	0.06616469
35909	997	0.06597714
35909	2870	0.06597713
35909	279	0.06594849
35909	1690	0.065932326
35918	1154	0.046385206
35918	1429	0.046142362
35918	1978	0.045983523
35918	2456	0.04597865
35918	3536	0.0459141
35918	2015	0.04585663
35918	2917	0.045828447
35918	5400	0.04574673
35918	199	0.045733605
35918	690	0.0457336
35922	6337	0.02791911
35922	3626	0.027809562
35922	2636	0.027703458
35922	4202	0.027701817
35922	5260	0.027667414
35922	6789	0.027641434
35922	5075	0.027625231
35922	3175	0.027579121
35922	4304	0.027569102
35922	234	0.027506296
35925	35	0.051078506
35925	3114	0.05107844
35925	3949	0.050890505
35925	1027	0.05071964
35925	2407	0.05071963
35925	1777	0.050719626
35925	2194	0.050719596
35925	1655	0.05071959
35925	1559	0.050719544
35925	1771	0.050687127
35998	693	0.060489908
35998	2503	0.060459785
35998	2991	0.06035486
35998	6111	0.060348656
35998	448	0.060242645
35998	407	0.060225822
35998	1947	0.060012452
35998	1492	0.059906498
35998	809	0.059777386
35998	1817	0.05974549
36003	1070	0.06250656
36003	2317	0.06215215
36003	5662	0.06189853
36003	1405	0.061791398
36003	1600	0.06175934
36003	537	0.061591662
36003	183	0.06152589
36003	883	0.06148813
36003	4438	0.061488125
36003	4876	0.061488073
36043	1261	0.051353242
36043	5815	0.05026684
36043	20	0.050266836
36043	2867	0.05026679
36043	459	0.049650967
36043	2883	0.049591515
36043	606	0.049479894
36043	1436	0.049450845
36043	739	0.049113028
36043	1602	0.049025398
36103	1212	0.051952653
36103	5570	0.051952645
36103	2991	0.051818065
36103	1947	0.05162119
36103	1492	0.051611397
36103	2503	0.051490545
36103	3943	0.051451195
36103	407	0.0514051
36103	1971	0.051343832
36103	693	0.051296897
36135	2504	0.0378679
36135	4736	0.037784755
36135	1503	0.037784725
36135	929	0.037704825
36135	6093	0.03770481
36135	6410	0.037698746
36135	1456	0.03769792
36135	2971	0.03766805
36135	1025	0.037625015
36135	2270	0.037614748
36141	1286	0.06854926
36141	37	0.0679318
36141	6291	0.067835554
36141	3342	0.0677301
36141	2024	0.06771237
36141	604	0.06765739
36141	405	0.06754814
36141	2684	0.067442566
36141	5570	0.06721858
36141	1212	0.06721857
36157	806	0.043713108
36157	4789	0.043649
36157	3702	0.043644268
36157	6769	0.04342448
36157	5912	0.043032497
36157	5996	0.042746432
36157	3187	0.042652555
36157	6618	0.042437337
36157	4900	0.042420253
36157	4103	0.042420223
36256	373	0.06447938
36256	2966	0.06422122
36256	774	0.06389902
36256	6719	0.063228264
36256	3300	0.063161746
36256	6430	0.06312141
36256	2836	0.06279787
36256	4913	0.06279117
36256	3992	0.06273022
36256	625	0.06253077
36299	2178	0.071785554
36299	3300	0.07175042
36299	365	0.071663484
36299	4560	0.07119921
36299	526	0.07005367
36299	5795	0.069814846
36299	6382	0.069624454
36299	6430	0.0695816
36299	469	0.069350295
36299	6719	0.06927592
36307	34	0.040865887
36307	3364	0.040839493
36307	1665	0.040574104
36307	1035	0.04057408
36307	4116	0.040547755
36307	1182	0.04054775
36307	5321	0.040354483
36307	4690	0.040292047
36307	2010	0.0402228
36307	3297	0.040191717
36326	70	0.06510228
36326	5404	0.06510225
36326	2469	0.06506723
36326	6111	0.06501798
36326	407	0.064548776
36326	693	0.0644716
36326	5936	0.06443805
36326	552	0.064438045
36326	448	0.06413221
36326	809	0.06409772
36327	1068	0.0604609
36327	1594	0.060408637
36327	1329	0.059757404
36327	2950	0.05967707
36327	169	0.05957889
36327	1961	0.059524857
36327	526	0.059521742
36327	4332	0.05952041
36327	440	0.05943381
36327	1251	0.05904776
36357	5114	0.0538965
36357	1033	0.05385681
36357	938	0.053856798
36357	1027	0.0536534
36357	2407	0.0536534
36357	1777	0.053653393
36357	1655	0.053653352
36357	2194	0.05365335
36357	1559	0.053653307
36357	636	0.053621918
36554	1151	0.045696683
36554	2462	0.04540781
36554	5998	0.045405988
36554	1699	0.04540597
36554	5748	0.04540594
36554	4787	0.045383427
36554	655	0.045370974
36554	5963	0.045359842
36554	2817	0.04522054
36554	4826	0.045196895
36562	3133	0.04744897
36562	1602	0.045509845
36562	739	0.04546322
36562	805	0.045043766
36562	3280	0.044785563
36562	474	0.044453505
36562	5815	0.04441627
36562	2867	0.044416256
36562	20	0.044416253
36562	3883	0.044139326
36568	4347	0.057569068
36568	3623	0.05756898
36568	3783	0.05743139
36568	2304	0.057425644
36568	1057	0.057418093
36568	6702	0.05741807
36568	6458	0.057189908
36568	5080	0.057185244
36568	6186	0.057047557
36568	897	0.057041824
36609	1027	0.061520033
36609	2407	0.06152003
36609	1777	0.06152001
36609	1655	0.061519977
36609	2194	0.061519977
36609	1559	0.061519925
36609	35	0.061250634
36609	3114	0.06125055
36609	6540	0.06114672
36609	6299	0.06114666
36638	2458	0.037756775
36638	1991	0.037744343
36638	4497	0.037656177
36638	4222	0.03756533
36638	2225	0.03749729
36638	5091	0.03737876
36638	5994	0.03735504
36638	4581	0.037315827
36638	2412	0.037258588
36638	212	0.03725858
36673	3616	0.06888951
36673	1851	0.06836485
36673	727	0.068264455
36673	451	0.067843445
36673	3659	0.06759189
36673	320	0.06726332
36673	1444	0.06713224
36673	2961	0.06713222
36673	2337	0.066980414
36673	997	0.066741005
36693	5321	0.038991444
36693	1035	0.03885012
36693	1665	0.03885012
36693	4690	0.038838126
36693	99	0.03863856
36693	673	0.03856975
36693	5835	0.0385487
36693	2371	0.038409665
36693	293	0.03840038
36693	79	0.038338125
36715	3517	0.06671457
36715	2915	0.06671454
36715	5222	0.06671454
36715	3457	0.066714495
36715	278	0.06658189
36715	2208	0.066581875
36715	5166	0.066581875
36715	1737	0.06658185
36715	4230	0.066581845
36715	3954	0.06658181
36741	1258	0.059139125
36741	3928	0.059139103
36741	1962	0.05913908
36741	3803	0.059139073
36741	42	0.05913907
36741	4668	0.059113562
36741	5218	0.05876349
36741	5496	0.05876343
36741	3209	0.058737867
36741	72	0.05873784
36749	1657	0.040421642
36749	1658	0.040421557
36749	3639	0.04035161
36749	944	0.0402105
36749	2986	0.040210485
36749	3930	0.040210485
36749	3307	0.03996061
36749	2031	0.03994137
36749	3305	0.03988473
36749	1649	0.039751925
36801	4938	0.048085712
36801	3270	0.04802178
36801	4554	0.04793354
36801	5359	0.04786962
36801	4548	0.047712985
36801	5346	0.04758343
36801	4193	0.047474362
36801	1606	0.047441736
36801	6035	0.047430437
36801	2536	0.047366533
36807	2991	0.058097735
36807	3943	0.05776032
36807	2503	0.057726927
36807	1492	0.057708543
36807	1550	0.057569902
36807	1212	0.05726313
36807	5570	0.05726312
36807	581	0.05715155
36807	2456	0.056945864
36807	2044	0.056876976
36811	1411	0.046738185
36811	2176	0.04653282
36811	4538	0.04653278
36811	1603	0.046127923
36811	1750	0.04578566
36811	1713	0.045534424
36811	1711	0.045487046
36811	5791	0.045137927
36811	1071	0.045019154
36811	1436	0.04499117
36817	581	0.057640336
36817	50	0.0575874
36817	2494	0.05755791
36817	1817	0.05748102
36817	133	0.05748098
36817	70	0.05748005
36817	5404	0.057480022
36817	781	0.05746811
36817	51	0.057433162
36817	500	0.05734917
36836	5850	0.055075046
36836	3980	0.055067368
36836	6282	0.055064328
36836	2933	0.05489637
36836	3168	0.054862097
36836	6717	0.05476775
36836	3728	0.05467326
36836	3493	0.05467031
36836	6120	0.054622125
36836	810	0.054516487
36839	279	0.05384913
36839	141	0.05384539
36839	4119	0.053736698
36839	140	0.05371853
36839	3681	0.053562175
36839	5250	0.053449124
36839	1690	0.053434514
36839	6631	0.053230997
36839	5586	0.053221375
36839	937	0.053183533
36907	934	0.043231457
36907	388	0.042900637
36907	5568	0.042876586
36907	3517	0.042866994
36907	5222	0.042866983
36907	2915	0.042866975
36907	3457	0.042866953
36907	5596	0.04283397
36907	278	0.042824324
36907	5166	0.042824302
36938	1402	0.06360365
36938	3730	0.06347964
36938	741	0.06333032
36938	1367	0.06333031
36938	447	0.06325042
36938	6406	0.06309445
36938	6251	0.06308053
36938	5903	0.06279593
36938	6869	0.062621355
36938	1974	0.06259329
36978	2819	0.05479844
36978	3280	0.05453482
36978	3273	0.054316223
36978	5863	0.053903744
36978	4982	0.053580355
36978	805	0.05354008
36978	4335	0.05336345
36978	474	0.05332724
36978	3236	0.053164564
36978	162	0.053078108
37147	3949	0.055648006
37147	1884	0.055640895
37147	4401	0.055586673
37147	3422	0.055469193
37147	6264	0.055354197
37147	1336	0.05531994
37147	2407	0.055259097
37147	1027	0.055259094
37147	1777	0.05525908
37147	1655	0.05525904
37168	3100	0.060110368
37168	4555	0.060110364
37168	11	0.06011033
37168	2260	0.06011033
37168	6377	0.060110327
37168	848	0.06011032
37168	5862	0.059822757
37168	3390	0.059694726
37168	2265	0.059630334
37168	2076	0.059630282
37208	6649	0.04049783
37208	799	0.040428124
37208	1525	0.04023676
37208	3130	0.040220015
37208	1858	0.040213548
37208	1920	0.040195037
37208	1694	0.040110163
37208	2696	0.04009644
37208	3756	0.040096425
37208	3838	0.040096376
37227	1601	0.04271134
37227	4305	0.042375054
37227	435	0.04231467
37227	1219	0.04215824
37227	1320	0.041897394
37227	1796	0.041891158
37227	6782	0.041848354
37227	6169	0.041698232
37227	4949	0.04155992
37227	4870	0.041497782
37235	6603	0.05681433
37235	3715	0.056485787
37235	5880	0.05634679
37235	3563	0.056162823
37235	4961	0.05590148
37235	3448	0.055466354
37235	6071	0.055383906
37235	2492	0.055264343
37235	1976	0.054880023
37235	6411	0.054608986
37239	1475	0.029961877
37239	4674	0.029938187
37239	260	0.029887337
37239	4962	0.029816225
37239	3564	0.0297796
37239	1710	0.029736623
37239	6670	0.029718734
37239	5319	0.02960454
37239	736	0.029420137
37239	358	0.029350983
37244	5961	0.060890518
37244	4182	0.060890466
37244	4037	0.06089045
37244	308	0.060784817
37244	6390	0.06078478
37244	538	0.06078477
37244	4356	0.06077499
37244	5016	0.06074956
37244	203	0.060745932
37244	1417	0.06072053
37293	805	0.050083622
37293	3280	0.04977882
37293	3273	0.0494069
37293	2113	0.049326845
37293	711	0.04925838
37293	5283	0.04921856
37293	2583	0.04907126
37293	19	0.049024455
37293	2216	0.048868567
37293	2470	0.048864033
37310	693	0.063675836
37310	4710	0.06342055
37310	1947	0.063337356
37310	2503	0.06328735
37310	68	0.06323143
37310	1177	0.06305279
37310	882	0.063049905
37310	4782	0.06304989
37310	4247	0.062976316
37310	1492	0.06294657
37311	1196	0.05911911
37311	2193	0.059054602
37311	2995	0.05905458
37311	2413	0.058891192
37311	411	0.05888387
37311	4221	0.058741964
37311	6075	0.058663838
37311	1192	0.058553744
37311	3998	0.05843975
37311	3612	0.058439687
37400	4483	0.0627238
37400	3421	0.06272379
37400	5927	0.06272374
37400	4924	0.06272373
37400	6839	0.062723726
37400	3311	0.062201038
37400	1019	0.062201034
37400	2958	0.06220103
37400	6765	0.06220103
37400	2206	0.062201027
37426	1455	0.040453095
37426	146	0.04044427
37426	4958	0.040312126
37426	2945	0.040269144
37426	5229	0.040103495
37426	4124	0.040046968
37426	5583	0.040014733
37426	2731	0.04001469
37426	5893	0.03995991
37426	3251	0.039810635
37447	5069	0.056229256
37447	3431	0.056217067
37447	4594	0.056010738
37447	3349	0.05598905
37447	793	0.055616498
37447	5598	0.055616483
37447	3743	0.055585995
37447	5754	0.0554682
37447	6294	0.0553926
37447	6063	0.055392087
37493	1268	0.050735954
37493	1708	0.05042051
37493	5815	0.050359685
37493	20	0.050359674
37493	2867	0.05035965
37493	1527	0.05028353
37493	620	0.050189998
37493	459	0.050127596
37493	739	0.04981698
37493	1961	0.049597897
37512	5154	0.043038364
37512	5686	0.04302324
37512	3282	0.042906754
37512	1642	0.042732477
37512	875	0.042660568
37512	2826	0.042525478
37512	2060	0.04244504
37512	561	0.04242591
37512	5407	0.042419836
37512	5859	0.042417064
37538	637	0.038011372
37538	6111	0.037986334
37538	133	0.037831273
37538	1817	0.03783127
37538	4227	0.03779933
37538	710	0.03778755
37538	1698	0.03777671
37538	85	0.037703946
37538	3796	0.037640017
37538	628	0.037608072
37556	1941	0.050800487
37556	3578	0.050732594
37556	954	0.050552413
37556	4348	0.050534464
37556	2393	0.050491773
37556	5994	0.050476708
37556	3119	0.05044674
37556	1890	0.05043707
37556	610	0.050428044
37556	2412	0.050296605
37567	385	0.04744205
37567	1246	0.04715786
37567	4099	0.04705169
37567	3594	0.04680747
37567	632	0.046737313
37567	4558	0.046507627
37567	4589	0.04589566
37567	6139	0.04576484
37567	2969	0.045614567
37567	4488	0.04550716
37571	2713	0.060266905
37571	6729	0.05951495
37571	6170	0.059514947
37571	6756	0.05941593
37571	3191	0.059368543
37571	153	0.059124757
37571	2165	0.058646828
37571	811	0.058509212
37571	478	0.058509126
37571	6598	0.058259577
37573	5279	0.043034937
37573	5350	0.04299095
37573	6083	0.042961672
37573	3749	0.042727422
37573	839	0.04272023
37573	6391	0.04255282
37573	5349	0.042434007
37573	3435	0.04239652
37573	5247	0.042143796
37573	6862	0.04211784
37584	3581	0.066704616
37584	341	0.06665251
37584	338	0.06665249
37584	1260	0.06665246
37584	5601	0.06665243
37584	2317	0.066087194
37584	183	0.06585848
37584	774	0.06578248
37584	3104	0.06563692
37584	537	0.065446034
37605	2950	0.04061439
37605	1961	0.040452216
37605	1068	0.040368512
37605	1594	0.039936535
37605	6865	0.03962118
37605	4307	0.039609246
37605	1527	0.03950303
37605	2857	0.039497532
37605	1056	0.039497524
37605	526	0.039435223
37623	5075	0.057878107
37623	3093	0.057717856
37623	1836	0.057709128
37623	381	0.057655144
37623	2336	0.05760213
37623	4844	0.057548176
37623	4302	0.05754815
37623	6140	0.05748314
37623	3463	0.057429165
37623	4846	0.057375923
37644	1351	0.047753617
37644	3968	0.047753572
37644	6401	0.047753572
37644	3597	0.047753565
37644	6852	0.04775354
37644	5351	0.047507662
37644	4700	0.04741203
37644	6434	0.04741202
37644	3925	0.047010437
37644	5358	0.047010385
37691	4271	0.05814141
37691	3807	0.057796415
37691	6409	0.057796396
37691	4769	0.057748556
37691	5118	0.057602838
37691	4765	0.05760278
37691	913	0.057555012
37691	6133	0.05753608
37691	1632	0.057535984
37691	2204	0.057526518
37712	3799	0.057367254
37712	5401	0.057329398
37712	3769	0.05700077
37712	6169	0.0562983
37712	1320	0.05578784
37712	978	0.055772386
37712	744	0.055464722
37712	6736	0.055464625
37712	1783	0.055444106
37712	6259	0.05540137
37790	1817	0.07072994
37790	133	0.0707299
37790	6111	0.07058792
37790	1781	0.07045419
37790	448	0.07041448
37790	581	0.069943756
37790	3581	0.06962004
37790	85	0.06955823
37790	5404	0.069401816
37790	710	0.069386736
37817	6125	0.053141937
37817	6563	0.052470617
37817	4133	0.052028425
37817	2167	0.051184155
37817	9	0.050899647
37817	1459	0.050566014
37817	2761	0.05039931
37817	4002	0.050241157
37817	2632	0.050005607
37817	3132	0.049827
37822	692	0.07545735
37822	1193	0.07520892
37822	4607	0.074703425
37822	4245	0.073894635
37822	406	0.073829666
37822	4788	0.07359523
37822	15	0.07331842
37822	645	0.07314418
37822	3909	0.07314414
37822	999	0.073037416
37874	5352	0.051470213
37874	3681	0.05145807
37874	1586	0.051422834
37874	910	0.050863728
37874	5020	0.050427534
37874	5254	0.05039337
37874	1370	0.05034606
37874	1572	0.050219562
37874	3745	0.050019115
37874	2586	0.04994198
37968	3799	0.041454755
37968	5401	0.041438833
37968	51	0.04138861
37968	6169	0.041062817
37968	1601	0.040851664
37968	1320	0.04065063
37968	1796	0.040503815
37968	3769	0.040441386
37968	2494	0.040247727
37968	1219	0.04023107
37974	1601	0.05282574
37974	1219	0.052400578
37974	435	0.05228234
37974	235	0.051380213
37974	5567	0.0512866
37974	51	0.051276207
37974	4870	0.051205512
37974	5781	0.05114244
37974	930	0.050980628
37974	465	0.05098059
37989	929	0.045272354
37989	6093	0.045272328
37989	1027	0.044941477
37989	2407	0.044941466
37989	1777	0.044941463
37989	1655	0.04494144
37989	2194	0.044941433
37989	1559	0.044941396
37989	1259	0.04493624
37989	3815	0.04493624
38034	2229	0.047206447
38034	5387	0.04700219
38034	5023	0.046399422
38034	2738	0.046238903
38034	4305	0.046065357
38034	4870	0.04597548
38034	4949	0.04520084
38034	2056	0.0448881
38034	6382	0.04470209
38034	959	0.044662118
38081	6187	0.04355248
38081	1597	0.043483883
38081	5246	0.04346253
38081	2519	0.043429673
38081	1098	0.043429643
38081	1496	0.043351315
38081	2770	0.04332505
38081	3206	0.04310288
38081	3941	0.042979755
38081	1452	0.042929552
38091	5545	0.0393804
38091	4385	0.03931909
38091	4369	0.039136507
38091	5671	0.039126005
38091	2124	0.0390847
38091	2941	0.038928103
38091	4623	0.038828686
38091	1250	0.038802918
38091	2519	0.038617678
38091	1098	0.038617663
38176	3615	0.056549087
38176	6436	0.05640067
38176	4374	0.056242324
38176	2461	0.055737197
38176	3628	0.055715904
38176	3467	0.055624902
38176	1786	0.055583782
38176	2395	0.055369046
38176	3629	0.05536804
38176	4102	0.055307526
38250	5039	0.051865436
38250	1739	0.0518654
38250	1839	0.051699523
38250	1855	0.05168958
38250	2347	0.051689565
38250	2700	0.05165827
38250	3951	0.051658243
38250	327	0.05165824
38250	2026	0.051523663
38250	2332	0.05150712
38281	2290	0.056062542
38281	3899	0.055506982
38281	2513	0.055350922
38281	473	0.055305623
38281	983	0.054888844
38281	4269	0.054621074
38281	6674	0.054545444
38281	5649	0.054329127
38281	1358	0.054253466
38281	3512	0.05419948
38457	367	0.037818305
38457	1852	0.037818283
38457	6141	0.037818275
38457	2332	0.037806295
38457	2278	0.03778433
38457	2573	0.037729796
38457	5285	0.037729796
38457	1316	0.037729774
38457	3220	0.03772976
38457	2712	0.03767761
38464	3400	0.061703704
38464	4437	0.06159407
38464	4284	0.061568398
38464	95	0.061492775
38464	45	0.061291065
38464	5618	0.06106753
38464	3497	0.060807347
38464	2981	0.060774706
38464	1271	0.06076464
38464	5759	0.060751278
38482	613	0.04391533
38482	1436	0.04342275
38482	1691	0.042955607
38482	1713	0.042778876
38482	2176	0.042774536
38482	4538	0.042774536
38482	2387	0.04267289
38482	448	0.042499293
38482	2362	0.042457785
38482	649	0.042418703
38544	4905	0.046796054
38544	4132	0.046464898
38544	5361	0.046084777
38544	3552	0.046084754
38544	1862	0.046061717
38544	2327	0.046001956
38544	1387	0.046001926
38544	6206	0.045634564
38544	3156	0.04557585
38544	4564	0.04550448
38556	6865	0.06104988
38556	4432	0.060793195
38556	3213	0.060793135
38556	4882	0.06079311
38556	6548	0.060172178
38556	2950	0.05974298
38556	1447	0.059684366
38556	1594	0.05961057
38556	1370	0.059540372
38556	3961	0.059287354
38590	1261	0.06906061
38590	414	0.06764632
38590	459	0.06759475
38590	1690	0.066905156
38590	1444	0.06689503
38590	2961	0.06689496
38590	3056	0.0668811
38590	2883	0.06682469
38590	20	0.066633984
38590	5815	0.06663398
38654	5109	0.03596697
38654	750	0.035966963
38654	563	0.035878208
38654	2998	0.035878167
38654	5939	0.03586939
38654	3826	0.03584779
38654	916	0.035716407
38654	5655	0.035690457
38654	6372	0.035531342
38654	4482	0.03553133
38660	2116	0.051276036
38660	2079	0.051177256
38660	3259	0.05117725
38660	5046	0.051129147
38660	5679	0.05107538
38660	5044	0.051030435
38660	5047	0.05102738
38660	1265	0.05096659
38660	2848	0.05086779
38660	6030	0.050819766
38661	385	0.033922363
38661	4099	0.03385016
38661	4558	0.033711858
38661	1246	0.033615742
38661	3594	0.033586044
38661	632	0.03332877
38661	4589	0.03311777
38661	2845	0.032948866
38661	3048	0.032874674
38661	1407	0.03284284
38679	406	0.077466324
38679	1389	0.07729321
38679	1193	0.0767214
38679	420	0.07662323
38679	614	0.075620845
38679	2620	0.07504166
38679	2093	0.074850984
38679	3705	0.07454135
38679	645	0.074418664
38679	3909	0.07441862
38703	54	0.06762983
38703	127	0.06698661
38703	727	0.06683095
38703	5781	0.066716254
38703	1626	0.0664655
38703	540	0.066294834
38703	781	0.06626934
38703	3534	0.06609943
38703	3074	0.066066325
38703	3182	0.06606632
38718	1261	0.059095606
38718	1436	0.059003845
38718	613	0.05850875
38718	20	0.0582348
38718	5815	0.058234792
38718	2867	0.05823474
38718	2387	0.05796285
38718	1713	0.057939366
38718	2883	0.05788324
38718	459	0.057741337
38781	2033	0.04408536
38781	4083	0.04372995
38781	5356	0.043723498
38781	4080	0.043557502
38781	2487	0.043418687
38781	5435	0.043027587
38781	2658	0.04248113
38781	6174	0.042480182
38781	1850	0.04233981
38781	4804	0.042289384
38802	2004	0.05901551
38802	1927	0.059000112
38802	966	0.05900006
38802	6454	0.05885158
38802	6568	0.058673717
38802	6096	0.058655158
38802	4258	0.058655128
38802	3569	0.058655106
38802	4796	0.058505595
38802	4162	0.058464006
38818	632	0.05805725
38818	4138	0.057449304
38818	4251	0.057200097
38818	1982	0.057167932
38818	5829	0.05715126
38818	2882	0.057091597
38818	4708	0.05690323
38818	1548	0.056859843
38818	3594	0.05685958
38818	3044	0.056799054
38887	4349	0.051478
38887	2652	0.051477995
38887	4567	0.05147797
38887	47	0.051477946
38887	6096	0.051350083
38887	4258	0.051350057
38887	3569	0.051350035
38887	1530	0.05132457
38887	4440	0.05132453
38887	4929	0.05132453
38899	158	0.06716107
38899	5815	0.06706841
38899	20	0.06706838
38899	2867	0.06706836
38899	487	0.06655348
38899	1708	0.06618388
38899	1527	0.066106185
38899	739	0.06606646
38899	620	0.06605653
38899	2725	0.065832846
38933	1066	0.048309237
38933	4438	0.04767059
38933	883	0.047670588
38933	4876	0.047670543
38933	1800	0.047638234
38933	3794	0.047414277
38933	1430	0.047045816
38933	1897	0.04701907
38933	934	0.047019016
38933	352	0.046849232
38950	4245	0.08339791
38950	5205	0.081890374
38950	1193	0.081884846
38950	1389	0.08185354
38950	406	0.081575036
38950	4607	0.081342265
38950	420	0.08093907
38950	4788	0.080767326
38950	692	0.08062762
38950	4496	0.07953365
38991	892	0.04539648
38991	2066	0.045229867
38991	1526	0.045229148
38991	1229	0.044964697
38991	140	0.044929747
38991	84	0.044900745
38991	330	0.04490069
38991	6590	0.044785302
38991	3156	0.044780977
38991	5361	0.04474597
38995	1266	0.06335996
38995	5781	0.0631773
38995	781	0.062961094
38995	127	0.062707275
38995	1601	0.06254933
38995	3443	0.062362403
38995	70	0.062337846
38995	5404	0.062337816
38995	2494	0.06196889
38995	51	0.061853454
39087	3659	0.05914506
39087	451	0.05901725
39087	3616	0.05893632
39087	997	0.058707885
39087	2870	0.05870787
39087	1851	0.058681317
39087	320	0.05854278
39087	1444	0.058054022
39087	2961	0.058054
39087	279	0.058035303
39159	2886	0.04318372
39159	2268	0.043163322
39159	2050	0.043130346
39159	5043	0.043124747
39159	1410	0.04296017
39159	6133	0.04289973
39159	1632	0.042899653
39159	526	0.042772543
39159	5629	0.042760633
39159	2294	0.042701438
39219	1827	0.05058647
39219	1889	0.050586466
39219	576	0.050501764
39219	3865	0.05050171
39219	1847	0.05039175
39219	5689	0.050346017
39219	6473	0.050065547
39219	4384	0.050065532
39219	2835	0.049966156
39219	3754	0.04995665
39227	2858	0.0461765
39227	6445	0.04588829
39227	780	0.04588505
39227	1242	0.04573448
39227	2627	0.045506448
39227	3973	0.04531184
39227	873	0.04522155
39227	3570	0.04518257
39227	5863	0.045089833
39227	3333	0.045083717
39281	3330	0.04942823
39281	2579	0.04940764
39281	3219	0.049344525
39281	3960	0.049277656
39281	218	0.04906447
39281	3534	0.04899478
39281	2348	0.04892776
39281	4811	0.04889536
39281	3182	0.04888793
39281	3074	0.0488879
39284	1261	0.06907888
39284	2883	0.06758195
39284	3056	0.06746997
39284	611	0.067205995
39284	1444	0.06715197
39284	2961	0.06715191
39284	1626	0.06670049
39284	160	0.06654453
39284	459	0.06646803
39284	606	0.06646372
39345	715	0.0565293
39345	2725	0.056491867
39345	1251	0.056278806
39345	169	0.05627139
39345	1709	0.05621647
39345	1961	0.055762455
39345	1268	0.05550587
39345	1527	0.05544966
39345	1068	0.055256415
39345	4332	0.055168338
39353	932	0.06499462
39353	4103	0.06481989
39353	4900	0.06481988
39353	4559	0.06471695
39353	334	0.064712286
39353	6520	0.06460461
39353	1719	0.0642498
39353	4073	0.064208396
39353	2463	0.06420445
39353	3186	0.06420441
39372	2732	0.05065307
39372	2026	0.05025737
39372	1839	0.050231997
39372	147	0.050211005
39372	4513	0.05021096
39372	1091	0.05011335
39372	5254	0.050102588
39372	442	0.05008419
39372	2077	0.05008419
39372	259	0.05007625
39374	406	0.09307024
39374	1389	0.092734165
39374	1193	0.09220508
39374	420	0.09132585
39374	2432	0.0901187
39374	3705	0.08921267
39374	2093	0.08904617
39374	614	0.08886993
39374	958	0.08877711
39374	2620	0.08859147
39396	786	0.053843245
39396	4735	0.053593997
39396	4461	0.053544942
39396	679	0.05352912
39396	5872	0.05329571
39396	3002	0.053295653
39396	4421	0.053146392
39396	3677	0.05311784
39396	5357	0.053084664
39396	1171	0.053057544
39441	19	0.041761227
39441	711	0.04172226
39441	2113	0.041474447
39441	1380	0.0414168
39441	2710	0.041411176
39441	1617	0.041256152
39441	3273	0.04119192
39441	2692	0.04118293
39441	2890	0.041143335
39441	474	0.04107149
39502	30	0.059910223
39502	766	0.059794307
39502	3079	0.05976244
39502	1590	0.059762426
39502	5189	0.059735633
39502	769	0.059653252
39502	4650	0.059634484
39502	4633	0.059634477
39502	5343	0.059634455
39502	4079	0.05961564
39513	3156	0.055706896
39513	1229	0.05563996
39513	892	0.05556813
39513	5361	0.055446945
39513	3552	0.055446923
39513	140	0.055380065
39513	78	0.055190813
39513	4910	0.055002645
39513	1862	0.054840468
39513	453	0.0545323
39616	3458	0.05018139
39616	5237	0.049951985
39616	626	0.049882352
39616	1493	0.049775384
39616	206	0.04947979
39616	2495	0.049071006
39616	2045	0.048784304
39616	2671	0.048771847
39616	2251	0.048759207
39616	599	0.048669416
39646	3182	0.051827215
39646	3074	0.0518272
39646	2579	0.051508605
39646	165	0.0514561
39646	540	0.051329665
39646	3534	0.051249832
39646	544	0.051056076
39646	144	0.050740346
39646	727	0.050731923
39646	3846	0.05071456
39662	448	0.067283094
39662	6111	0.06707652
39662	1817	0.06688769
39662	133	0.06688765
39662	710	0.06649344
39662	2387	0.06641658
39662	581	0.066361085
39662	1781	0.066312395
39662	50	0.06624834
39662	5404	0.06623062
39705	3180	0.05235257
39705	2578	0.052352548
39705	4175	0.052278247
39705	6554	0.052278247
39705	5423	0.052158624
39705	2026	0.052118607
39705	1662	0.052084345
39705	5696	0.05208434
39705	6417	0.05208426
39705	2077	0.05204437
39773	5795	0.05299888
39773	968	0.052839562
39773	859	0.052672524
39773	40	0.05232919
39773	3532	0.05216989
39773	365	0.05205168
39773	1891	0.051839475
39773	1306	0.051272172
39773	1795	0.051099703
39773	5744	0.051061325
39928	6087	0.0589526
39928	2916	0.058446795
39928	5051	0.057881404
39928	2049	0.057449877
39928	1542	0.057442285
39928	1555	0.057190016
39928	6206	0.056822553
39928	1885	0.05680139
39928	2659	0.0567654
39928	310	0.05664126
40052	645	0.06669633
40052	3909	0.0666963
40052	1592	0.06615724
40052	5184	0.065954395
40052	5771	0.06575996
40052	2467	0.0655978
40052	3062	0.065113485
40052	2963	0.0648233
40052	957	0.0647161
40052	2324	0.06462883
40110	2407	0.05440239
40110	1027	0.054402385
40110	1777	0.054402374
40110	1655	0.054402336
40110	2194	0.05440233
40110	1559	0.054402288
40110	1033	0.054080836
40110	938	0.05408083
40110	6540	0.05383569
40110	6299	0.053835645
40222	3581	0.053011492
40222	1781	0.05297174
40222	3796	0.052745685
40222	1817	0.052721526
40222	133	0.052721508
40222	338	0.05239757
40222	341	0.052397564
40222	1260	0.052397534
40222	5601	0.052397504
40222	3104	0.0521606
40299	406	0.08020239
40299	3705	0.07964341
40299	1389	0.079445705
40299	1193	0.07883633
40299	958	0.07851845
40299	2432	0.07814073
40299	5792	0.07812108
40299	420	0.0779558
40299	247	0.07768683
40299	1867	0.0773519
40330	3209	0.054744557
40330	5218	0.054739024
40330	5496	0.05473897
40330	1220	0.054321315
40330	4668	0.054298073
40330	1258	0.05429249
40330	3928	0.054292466
40330	1962	0.054292455
40330	3803	0.05429244
40330	42	0.054292433
40415	3443	0.059118785
40415	449	0.058859237
40415	781	0.058695503
40415	5781	0.058560476
40415	54	0.05848187
40415	1076	0.058005065
40415	2883	0.057694882
40415	2991	0.057584874
40415	192	0.057536688
40415	1266	0.05753278
40466	2317	0.0478344
40466	3064	0.04769043
40466	341	0.046822082
40466	338	0.04682207
40466	1260	0.046822052
40466	5601	0.046822026
40466	708	0.04667812
40466	434	0.04667809
40466	883	0.046612635
40466	4438	0.04661262
40505	3494	0.043833844
40505	1898	0.043833803
40505	4951	0.04370524
40505	3243	0.043658834
40505	4058	0.04362189
40505	2359	0.043621857
40505	3055	0.043606922
40505	3112	0.0436069
40505	2386	0.04351932
40505	2169	0.0434419
40511	3355	0.041945413
40511	6658	0.041534193
40511	1924	0.04150042
40511	2829	0.04147546
40511	5206	0.041442186
40511	216	0.04135193
40511	4776	0.041213777
40511	315	0.04119512
40511	3648	0.041117996
40511	261	0.04108392
40553	2386	0.05907926
40553	3256	0.05905573
40553	4207	0.058743585
40553	533	0.058627218
40553	4951	0.05857962
40553	3055	0.05853862
40553	3112	0.05853857
40553	6161	0.058403112
40553	1034	0.05840309
40553	3041	0.058403086
40612	1179	0.04659068
40612	449	0.046502225
40612	1631	0.046019617
40612	4458	0.045995027
40612	5140	0.045792874
40612	879	0.045737192
40612	3443	0.04570439
40612	1764	0.045625508
40612	1444	0.045505434
40612	2961	0.045505412
40640	374	0.04034954
40640	6845	0.04014513
40640	4376	0.040102944
40640	3020	0.04000984
40640	510	0.039930157
40640	4418	0.039930116
40640	2155	0.03991596
40640	6682	0.039915916
40640	1480	0.03982891
40640	6313	0.039826035
40772	723	0.04684019
40772	292	0.04679288
40772	5991	0.046792857
40772	409	0.046785492
40772	1186	0.046722952
40772	1755	0.046603583
40772	5301	0.046603564
40772	3518	0.046580933
40772	3999	0.04655437
40772	421	0.046554357
40795	2317	0.0598083
40795	1070	0.059436776
40795	537	0.059288945
40795	183	0.05911828
40795	341	0.05866967
40795	1260	0.058669645
40795	5601	0.05866961
40795	3064	0.05866944
40795	339	0.058598842
40795	1600	0.05825474
40796	560	0.03837432
40796	996	0.038309135
40796	258	0.03819831
40796	2847	0.038179375
40796	2704	0.038097452
40796	5733	0.037975706
40796	5134	0.03782448
40796	3399	0.037741747
40796	2857	0.03770278
40796	1056	0.03770276
40798	4332	0.04965834
40798	170	0.04942429
40798	2063	0.04928525
40798	1594	0.049010534
40798	4201	0.04892195
40798	6865	0.048782304
40798	4432	0.048732772
40798	3213	0.048732713
40798	4882	0.048732698
40798	169	0.04863729
40838	109	0.048974782
40838	1893	0.048974738
40838	3124	0.048974715
40838	588	0.048974693
40838	4890	0.048974663
40838	5688	0.04897466
40838	3410	0.04897465
40838	6146	0.048946008
40838	3066	0.048904266
40838	199	0.0488923
40888	226	0.045922942
40888	251	0.04592292
40888	1618	0.045922887
40888	3863	0.045873784
40888	253	0.045873776
40888	3502	0.045873754
40888	3551	0.045873746
40888	601	0.045873716
40888	5938	0.045873716
40888	729	0.04587371
40889	5620	0.058959633
40889	1555	0.058051914
40889	2049	0.05747573
40889	1929	0.057336513
40889	4874	0.05733647
40889	1782	0.057190828
40889	6087	0.057036996
40889	1691	0.05700935
40889	335	0.056887235
40889	2045	0.056770608
40914	1884	0.046015307
40914	4401	0.045457173
40914	1027	0.04538771
40914	2407	0.0453877
40914	1777	0.045387693
40914	1655	0.045387663
40914	2194	0.04538766
40914	1559	0.04538762
40914	5114	0.045383587
40914	1033	0.045232367
40922	1914	0.04361084
40922	1005	0.043609485
40922	4511	0.04360945
40922	2105	0.043609448
40922	6241	0.043609448
40922	3261	0.04360944
40922	4634	0.04360944
40922	3045	0.043609437
40922	5839	0.04360939
40922	3863	0.043585297
40943	1203	0.043860395
40943	4700	0.04372956
40943	6434	0.043729536
40943	6815	0.043577667
40943	5351	0.043408595
40943	433	0.04325647
40943	960	0.0430858
40943	5558	0.043070123
40943	5562	0.043070104
40943	1535	0.04307008
41058	4167	0.052687827
41058	3748	0.0526878
41058	367	0.052680213
41058	1852	0.052680187
41058	6141	0.05268018
41058	2332	0.05258599
41058	6763	0.05257185
41058	2573	0.05256421
41058	5285	0.052564196
41058	1316	0.05256417
41080	727	0.0590337
41080	1854	0.058935046
41080	1851	0.058873136
41080	329	0.058685683
41080	619	0.058685683
41080	59	0.05844432
41080	77	0.058299243
41080	999	0.05821679
41080	1636	0.0580662
41080	2337	0.057881474
41084	1447	0.049205534
41084	6865	0.04892158
41084	895	0.048857793
41084	4432	0.04869671
41084	3213	0.048696656
41084	4882	0.048696652
41084	3290	0.048696525
41084	4051	0.048197687
41084	5064	0.048197657
41084	1858	0.04819635
41086	1634	0.04311878
41086	5216	0.043118745
41086	3022	0.04307597
41086	1641	0.042928368
41086	6709	0.042742968
41086	3426	0.042742956
41086	1369	0.04272836
41086	643	0.042728346
41086	3587	0.042650156
41086	4279	0.042650152
41088	6497	0.04236321
41088	6296	0.042263806
41088	2305	0.04205992
41088	6271	0.04202819
41088	6131	0.04185722
41088	6661	0.0418452
41088	3412	0.041831493
41088	3275	0.041782927
41088	5924	0.04176606
41088	1613	0.041743662
41111	1817	0.051582716
41111	133	0.051582694
41111	1781	0.05157053
41111	41	0.051184133
41111	85	0.051099535
41111	6111	0.051003095
41111	3796	0.050944462
41111	70	0.050930314
41111	5404	0.050930284
41111	3581	0.050793834
41123	5586	0.040349133
41123	141	0.040348217
41123	140	0.040200923
41123	1230	0.040126465
41123	3222	0.04005059
41123	5361	0.039939538
41123	3552	0.039939523
41123	4910	0.039903246
41123	3789	0.03982201
41123	6631	0.039783504
41177	1897	0.066614605
41177	934	0.06661454
41177	5568	0.066547975
41177	1430	0.0664542
41177	3517	0.06608133
41177	2915	0.0660813
41177	5222	0.06608129
41177	3457	0.06608126
41177	4483	0.06604765
41177	3421	0.06604762
41245	1444	0.040300664
41245	2961	0.04030064
41245	1626	0.04022575
41245	3056	0.04019174
41245	127	0.040001698
41245	2883	0.039846566
41245	540	0.039671224
41245	451	0.039667845
41245	1261	0.03954299
41245	611	0.039440915
41364	4955	0.04012005
41364	637	0.039869733
41364	1167	0.03980563
41364	2015	0.039782397
41364	4227	0.039743237
41364	2983	0.03973645
41364	2366	0.03972274
41364	4858	0.039669715
41364	457	0.03966867
41364	6317	0.039648227
41395	500	0.05589878
41395	85	0.05589357
41395	1781	0.05588213
41395	3796	0.055821095
41395	1817	0.05576671
41395	133	0.0557667
41395	628	0.05539491
41395	4227	0.05534049
41395	637	0.055279456
41395	1462	0.05526112
41403	1627	0.039083812
41403	925	0.03900824
41403	604	0.038977556
41403	1916	0.038782522
41403	37	0.038752027
41403	3438	0.038650755
41403	2684	0.03862261
41403	446	0.03861703
41403	18	0.03861068
41403	5114	0.03858167
41425	3714	0.049983256
41425	4257	0.049518496
41425	1109	0.04924132
41425	6650	0.04906558
41425	597	0.049031056
41425	6794	0.049014118
41425	1224	0.04897429
41425	2393	0.048942227
41425	1890	0.048812572
41425	4951	0.048641674
41449	2219	0.060569845
41449	4541	0.05909291
41449	5607	0.05844452
41449	4542	0.058388054
41449	3530	0.057525396
41449	6823	0.057011627
41449	5449	0.05670084
41449	3254	0.056378163
41449	4143	0.056333028
41449	3339	0.0562099
41450	5260	0.05044862
41450	381	0.05025408
41450	1836	0.050090108
41450	3463	0.050087146
41450	5075	0.050084703
41450	513	0.050056037
41450	5682	0.049972728
41450	4154	0.04993426
41450	6140	0.049923167
41450	6337	0.049853973
41455	4870	0.05394216
41455	2765	0.05355084
41455	5352	0.053445026
41455	4949	0.053399213
41455	933	0.053383775
41455	5023	0.052259892
41455	3681	0.051976487
41455	6382	0.051973626
41455	6493	0.051964335
41455	6782	0.051918216
41589	5340	0.052045915
41589	5675	0.05201195
41589	2064	0.05194692
41589	3971	0.051886894
41589	662	0.051852837
41589	803	0.0516446
41589	2820	0.05160003
41589	1858	0.05157966
41589	1328	0.05146806
41589	3258	0.051440984
41596	2541	0.07027534
41596	707	0.069863334
41596	831	0.06983102
41596	3280	0.069355324
41596	175	0.06925058
41596	474	0.069228254
41596	1264	0.068924524
41596	2233	0.068919264
41596	3273	0.06877316
41596	4768	0.06827259
41634	777	0.05065593
41634	176	0.050655883
41634	4729	0.050504707
41634	3177	0.0503084
41634	1743	0.050308336
41634	4165	0.05028313
41634	800	0.050226323
41634	4549	0.05013392
41634	4982	0.049974494
41634	6211	0.04990199
41667	3133	0.06042455
41667	739	0.059799105
41667	5815	0.059026577
41667	2867	0.059026554
41667	1602	0.058787454
41667	474	0.05877228
41667	175	0.05831456
41667	3280	0.058312543
41667	487	0.05821867
41667	2541	0.057711255
41676	1609	0.054511733
41676	3908	0.054511726
41676	3689	0.054431617
41676	6791	0.05443159
41676	2771	0.05437219
41676	5032	0.054372154
41676	6494	0.054280154
41676	5293	0.054280095
41676	5490	0.05426345
41676	5515	0.05425227
41757	4895	0.047666684
41757	2850	0.047666617
41757	3436	0.047317073
41757	688	0.047276884
41757	3567	0.047263023
41757	4675	0.047233336
41757	1054	0.04723333
41757	3953	0.04723327
41757	5501	0.047229886
41757	2418	0.04722284
41760	1493	0.04429247
41760	1198	0.04404927
41760	2608	0.044049263
41760	6719	0.04389915
41760	3550	0.04365252
41760	3300	0.043641366
41760	57	0.0436301
41760	6493	0.043619096
41760	6127	0.043481007
41760	2051	0.043428436
41781	442	0.06059032
41781	2077	0.06059032
41781	5254	0.060537282
41781	5586	0.060208436
41781	4910	0.06014286
41781	3222	0.060119644
41781	267	0.06010291
41781	393	0.060037863
41781	3336	0.05997859
41781	6081	0.0597362
41841	4560	0.05256009
41841	456	0.05244176
41841	365	0.05218338
41841	350	0.05212436
41841	5288	0.05190934
41841	2267	0.05146505
41841	3532	0.051236175
41841	7	0.051180534
41841	526	0.05107294
41841	6249	0.050880834
41911	3083	0.049832486
41911	274	0.0484815
41911	5155	0.04845997
41911	2497	0.04845994
41911	814	0.04844628
41911	981	0.048208185
41911	283	0.04815697
41911	3946	0.048090536
41911	834	0.04809053
41911	1104	0.04797386
41985	5674	0.027147738
41985	1158	0.026980542
41985	2651	0.0269458
41985	6350	0.0269428
41985	4160	0.02692958
41985	5167	0.02682032
41985	2115	0.026807122
41985	3997	0.026802614
41985	3447	0.02679962
41985	3531	0.026786514
42093	278	0.05797378
42093	5166	0.05797377
42093	1737	0.057973765
42093	2208	0.05797375
42093	4230	0.05797375
42093	3954	0.057973705
42093	3075	0.057659224
42093	2293	0.05760571
42093	5604	0.05757972
42093	4524	0.057516195
42099	1070	0.06342143
42099	988	0.06338405
42099	472	0.063180625
42099	816	0.063004546
42099	3169	0.06298748
42099	2281	0.06294206
42099	1405	0.06280995
42099	480	0.06277475
42099	1600	0.062738635
42099	537	0.062694535
42323	1662	0.06120158
42323	5696	0.06120155
42323	6417	0.061201483
42323	4175	0.060913526
42323	6554	0.06091351
42323	648	0.060794827
42323	4163	0.0607948
42323	5423	0.060793016
42323	2070	0.060588934
42323	4526	0.060578313
42372	5300	0.046251915
42372	4066	0.046114165
42372	456	0.045741186
42372	1807	0.045728177
42372	5288	0.045677006
42372	1891	0.045608625
42372	3385	0.045529924
42372	6626	0.045481537
42372	2267	0.045457195
42372	3812	0.04531015
42408	1289	0.07128945
42408	2555	0.07127793
42408	213	0.07127787
42408	1205	0.07125273
42408	210	0.0712527
42408	3445	0.07117522
42408	3527	0.07102436
42408	384	0.071024336
42408	1571	0.07102431
42408	4205	0.0709506
42410	233	0.061336014
42410	6300	0.061143428
42410	1238	0.061114013
42410	546	0.060960136
42410	3480	0.06095512
42410	83	0.06093474
42410	2279	0.06078773
42410	5817	0.060787708
42410	4146	0.060700443
42410	6110	0.060529448
42419	1066	0.0644726
42419	2456	0.0640845
42419	883	0.06395562
42419	4438	0.06395561
42419	4876	0.063955575
42419	1800	0.06385256
42419	2823	0.063669264
42419	1902	0.06339938
42419	573	0.06325506
42419	2317	0.063004196
42450	4668	0.05057244
42450	3209	0.050515413
42450	72	0.05051538
42450	6061	0.050426364
42450	5094	0.04998586
42450	5195	0.049979236
42450	1543	0.049979188
42450	1258	0.049952906
42450	3928	0.04995288
42450	3803	0.04995287
42458	3361	0.04955023
42458	5410	0.04955021
42458	3331	0.049550198
42458	2173	0.04955019
42458	3452	0.049438715
42458	90	0.049435183
42458	5968	0.049435176
42458	4666	0.049413823
42458	4676	0.04941377
42458	3735	0.049413756
42466	1426	0.047009982
42466	4583	0.047009956
42466	4346	0.04694969
42466	2963	0.04693356
42466	577	0.046927527
42466	4696	0.046927504
42466	2203	0.04682766
42466	6130	0.046644844
42466	6574	0.04663875
42466	2324	0.046608843
42573	1359	0.050413713
42573	2287	0.050339565
42573	4604	0.050236233
42573	3240	0.050203398
42573	3384	0.05019766
42573	6461	0.050108887
42573	3986	0.05010502
42573	1452	0.049999975
42573	3010	0.049941473
42573	6723	0.049931437
42597	1851	0.048480958
42597	3616	0.04822372
42597	1813	0.04798918
42597	727	0.047963843
42597	2579	0.04783934
42597	3534	0.047791414
42597	3846	0.047746666
42597	4161	0.04757896
42597	2662	0.047561757
42597	2467	0.047547586
42611	188	0.050189074
42611	459	0.05000254
42611	3855	0.049554303
42611	2362	0.049334586
42611	2552	0.049295776
42611	347	0.04917083
42611	1602	0.049101304
42611	5250	0.048962988
42611	102	0.048696734
42611	2837	0.048404377
42651	406	0.046359263
42651	420	0.04606171
42651	645	0.04598618
42651	3909	0.045986157
42651	1193	0.04594747
42651	1389	0.045889076
42651	2620	0.045765128
42651	614	0.045719944
42651	4867	0.04542334
42651	124	0.045391735
42730	227	0.05842686
42730	4235	0.058410525
42730	978	0.05819403
42730	5864	0.058168933
42730	1430	0.058153078
42730	6158	0.058068804
42730	1020	0.057983927
42730	1434	0.057945587
42730	1433	0.057731044
42730	744	0.057634562
42780	2210	0.033192545
42780	3691	0.032953717
42780	1882	0.032774597
42780	6886	0.03259716
42780	732	0.032452717
42780	1101	0.032402165
42780	895	0.032252833
42780	733	0.032247663
42780	3320	0.032197125
42780	829	0.03215152
42798	4995	0.048807394
42798	5655	0.048753724
42798	6414	0.04868996
42798	6894	0.04868438
42798	6372	0.04867944
42798	4482	0.04867942
42798	812	0.048623163
42798	2648	0.048397847
42798	3902	0.04816587
42798	3826	0.048049606
42847	6540	0.04362344
42847	6299	0.043623395
42847	1027	0.04360205
42847	2407	0.04360205
42847	1777	0.043602034
42847	1655	0.043602012
42847	2194	0.043602012
42847	1559	0.04360198
42847	319	0.043448977
42847	1523	0.043448977
42883	2472	0.03248445
42883	3402	0.032484446
42883	1452	0.032315865
42883	4486	0.032305416
42883	1460	0.032303117
42883	3255	0.032284744
42883	1359	0.032155197
42883	5246	0.03213206
42883	3986	0.0321241
42883	1597	0.032012925
42914	3314	0.039959185
42914	6663	0.039959155
42914	522	0.039831467
42914	6350	0.039722525
42914	6780	0.03969574
42914	3375	0.039693497
42914	1356	0.03969065
42914	1804	0.039601468
42914	2651	0.039584547
42914	2069	0.039554544
42948	6206	0.052508876
42948	2916	0.051964477
42948	4905	0.051434398
42948	2049	0.051052287
42948	1542	0.050993748
42948	6087	0.05087515
42948	1555	0.050702423
42948	5841	0.050681666
42948	3082	0.0505723
42948	3303	0.050572235
43004	350	0.04189895
43004	365	0.041886955
43004	4560	0.0416935
43004	456	0.04164527
43004	526	0.04127495
43004	5288	0.041192133
43004	3532	0.0410887
43004	40	0.040983446
43004	2267	0.040973343
43004	6249	0.04094887
43006	4280	0.048348114
43006	2902	0.048332028
43006	1869	0.048327196
43006	1702	0.04807493
43006	4585	0.047862217
43006	4644	0.04780713
43006	5256	0.04779193
43006	3143	0.04779192
43006	4375	0.047728106
43006	4645	0.04769395
43021	1853	0.041838296
43021	452	0.041838225
43021	3352	0.041574627
43021	3696	0.0415745
43021	1448	0.041483972
43021	1296	0.041468315
43021	2311	0.041459985
43021	1728	0.04140871
43021	1915	0.04139654
43021	4219	0.041353747
43093	3769	0.054433733
43093	5401	0.054346107
43093	2918	0.054012664
43093	435	0.05398954
43093	978	0.053955164
43093	1320	0.053811125
43093	6169	0.053708263
43093	930	0.05367361
43093	465	0.053673543
43093	3142	0.053673543
43157	6010	0.05341293
43157	2828	0.053329233
43157	2840	0.053117886
43157	3486	0.053045474
43157	4620	0.052987292
43157	5058	0.05296453
43157	2520	0.052897852
43157	6281	0.05282645
43157	4418	0.052786015
43157	6551	0.052756295
43163	614	0.06610508
43163	410	0.06528041
43163	2912	0.06521129
43163	420	0.065170124
43163	1630	0.06478351
43163	1389	0.06449461
43163	1253	0.0644754
43163	4867	0.064219125
43163	4245	0.064161666
43163	192	0.06411232
43282	581	0.06837997
43282	2991	0.06817295
43282	879	0.067984894
43282	1076	0.06795
43282	407	0.067530595
43282	448	0.067186326
43282	606	0.06712507
43282	1631	0.067019984
43282	2503	0.066829674
43282	5140	0.06668071
43359	283	0.036858886
43359	5246	0.036853228
43359	1102	0.036814887
43359	1118	0.0368148
43359	1589	0.03676194
43359	3986	0.036656864
43359	3255	0.036553487
43359	3010	0.036515057
43359	3941	0.03640353
43359	4763	0.03634779
43436	2827	0.06325918
43436	2677	0.06290703
43436	5363	0.06278762
43436	3487	0.062734306
43436	2676	0.062492374
43436	1267	0.06220439
43436	4172	0.06218543
43436	2949	0.062056687
43436	5606	0.06182415
43436	2863	0.061709866
43481	268	0.06040725
43481	5304	0.06029122
43481	1432	0.059951313
43481	1808	0.059730202
43481	5406	0.059703
43481	5042	0.05970298
43481	34	0.05968215
43481	6104	0.059675597
43481	6275	0.05961282
43481	187	0.05948987
43595	1890	0.048041195
43595	3714	0.04780878
43595	1941	0.04775848
43595	2393	0.04751704
43595	3578	0.047479138
43595	193	0.047357723
43595	4257	0.047342345
43595	4403	0.04731603
43595	6794	0.047293372
43595	1109	0.04722681
43619	1851	0.052533392
43619	4161	0.052413058
43619	3616	0.052324653
43619	1813	0.05223071
43619	2579	0.052193236
43619	144	0.052057207
43619	2028	0.052053798
43619	2662	0.052028805
43619	3659	0.05188198
43619	3534	0.05181198
43626	3948	0.04583478
43626	3337	0.0457838
43626	737	0.045772575
43626	2352	0.045661602
43626	2346	0.045550697
43626	3819	0.045550678
43626	4598	0.045550644
43626	4930	0.04536891
43626	344	0.045342095
43626	3548	0.045307558
43639	147	0.04509204
43639	4513	0.045092
43639	78	0.04500027
43639	1229	0.04492926
43639	2732	0.044887632
43639	892	0.044724796
43639	3906	0.04470824
43639	2333	0.04463284
43639	159	0.0446328
43639	3156	0.044613477
43687	2823	0.057363536
43687	504	0.057194054
43687	1640	0.05699248
43687	2398	0.056992464
43687	6674	0.055818945
43687	3064	0.055664558
43687	589	0.05512123
43687	2156	0.055059083
43687	4269	0.054808088
43687	991	0.054485373
43698	6794	0.07374882
43698	1247	0.07325942
43698	5245	0.07325938
43698	6016	0.07325938
43698	1224	0.073053114
43698	6650	0.07300712
43698	3714	0.07300696
43698	4257	0.0728637
43698	4071	0.07276588
43698	861	0.07276585
43806	6502	0.05391316
43806	2303	0.053913124
43806	1551	0.053867143
43806	6573	0.05376546
43806	5816	0.05368656
43806	1139	0.0535816
43806	6171	0.05347971
43806	2104	0.053452194
43806	5420	0.053452127
43806	1138	0.053375706
43807	5543	0.038619712
43807	3414	0.0385943
43807	1319	0.038497135
43807	2925	0.03844569
43807	642	0.038445674
43807	5716	0.0383884
43807	4550	0.03837887
43807	922	0.03837885
43807	418	0.038339153
43807	3891	0.038339116
43842	440	0.053553857
43842	1329	0.0533782
43842	3217	0.05255823
43842	1594	0.051911995
43842	6004	0.05180832
43842	5134	0.05179651
43842	5230	0.051443473
43842	4332	0.050747793
43842	3144	0.05070789
43842	1401	0.05070784
43852	2158	0.03218826
43852	3417	0.0321709
43852	3570	0.03192608
43852	1242	0.03184728
43852	720	0.031842962
43852	776	0.03167688
43852	359	0.031604372
43852	3973	0.031567905
43852	4729	0.031466097
43852	2516	0.031447504
43901	727	0.056220565
43901	692	0.05593604
43901	1851	0.055818304
43901	3207	0.055810556
43901	999	0.05533126
43901	3616	0.055321425
43901	1854	0.05527482
43901	160	0.05509022
43901	1779	0.05500842
43901	432	0.054832216
43910	240	0.07796496
43910	435	0.07754429
43910	3438	0.07739233
43910	18	0.07724649
43910	1519	0.07687805
43910	3631	0.07684721
43910	1391	0.076723814
43910	1746	0.07670679
43910	1320	0.07659413
43910	3107	0.07658567
44089	5500	0.049754582
44089	5284	0.0497234
44089	6020	0.0497234
44089	6846	0.04972339
44089	2248	0.049671285
44089	3073	0.049549267
44089	1538	0.049549256
44089	5462	0.049465958
44089	2600	0.049465936
44089	6156	0.04946591
44252	352	0.074829
44252	2823	0.07425259
44252	6674	0.073264845
44252	1630	0.07309799
44252	1066	0.072739735
44252	2317	0.07263191
44252	4269	0.07259673
44252	3104	0.072498485
44252	61	0.07249312
44252	883	0.07221327
44295	4970	0.0461945
44295	2583	0.046039127
44295	3214	0.046004683
44295	805	0.045708753
44295	2216	0.04566824
44295	514	0.045630086
44295	1714	0.045605853
44295	4060	0.04551959
44295	257	0.045470208
44295	955	0.045174465
44296	2040	0.03487456
44296	5573	0.03487447
44296	1217	0.034868814
44296	2514	0.034576297
44296	3199	0.034523834
44296	1350	0.03440768
44296	1844	0.034365624
44296	5129	0.034314975
44296	3464	0.0343076
44296	6617	0.034126196
44297	1071	0.06359721
44297	625	0.063433304
44297	1713	0.06326702
44297	1574	0.063242406
44297	3992	0.06322016
44297	3581	0.06308568
44297	2387	0.062873594
44297	1603	0.062523134
44297	2532	0.062498603
44297	3669	0.062498543
44389	536	0.048267618
44389	1238	0.048058413
44389	5223	0.04792323
44389	4105	0.04758875
44389	1293	0.047530685
44389	6080	0.04747416
44389	5817	0.047465067
44389	2279	0.047465056
44389	3480	0.047462612
44389	3455	0.047379624
44467	2822	0.03662169
44467	556	0.03659664
44467	3365	0.03658696
44467	6447	0.036586944
44467	2372	0.03658694
44467	3477	0.03658694
44467	4509	0.03658693
44467	5645	0.03658693
44467	1324	0.036586925
44467	2679	0.036586918
44472	3702	0.033157475
44472	3189	0.03315483
44472	2942	0.03315258
44472	5177	0.033041038
44472	4789	0.032864258
44472	6743	0.032794956
44472	806	0.032772873
44472	6769	0.032760583
44472	3804	0.032707065
44472	5912	0.032700013
44535	4764	0.03388514
44535	2651	0.033880033
44535	3531	0.033864588
44535	5905	0.033840828
44535	2585	0.033787202
44535	3375	0.03371051
44535	6350	0.033688217
44535	1356	0.033563584
44535	522	0.033518687
44535	3802	0.03343782
44595	1597	0.039019957
44595	2770	0.03890159
44595	6431	0.038700394
44595	2519	0.03860969
44595	1098	0.038609676
44595	5671	0.03848235
44595	1359	0.038464107
44595	1452	0.038455486
44595	3402	0.038416184
44595	2472	0.03841618
44611	1932	0.071334675
44611	5593	0.07114057
44611	199	0.07096108
44611	690	0.07096107
44611	502	0.07068057
44611	3090	0.070486486
44611	5566	0.07025273
44611	4205	0.07019915
44611	1305	0.07019914
44611	426	0.07019913
44663	1690	0.06857525
44663	320	0.06811607
44663	1526	0.067835
44663	5361	0.06777474
44663	3552	0.067774706
44663	2870	0.0677695
44663	279	0.067622796
44663	140	0.0675918
44663	2327	0.06746249
44663	4119	0.06730135
44727	2541	0.05640538
44727	831	0.056135505
44727	175	0.056003407
44727	1264	0.055518035
44727	707	0.05539661
44727	487	0.055258807
44727	3770	0.05521211
44727	474	0.055137753
44727	2007	0.055123203
44727	4768	0.05472367
44728	160	0.06590599
44728	3207	0.06582136
44728	2543	0.06526522
44728	77	0.06499781
44728	451	0.06491929
44728	727	0.06475502
44728	432	0.06462691
44728	1444	0.06458116
44728	2961	0.06458111
44728	2795	0.06453101
44743	2412	0.04847575
44743	212	0.048475727
44743	6675	0.048475698
44743	5709	0.048475668
44743	1941	0.04838794
44743	1202	0.04825986
44743	3578	0.04822348
44743	3396	0.048185308
44743	1544	0.048185285
44743	4403	0.04816605
44756	3859	0.055535764
44756	5509	0.05536635
44756	2305	0.055361588
44756	5240	0.05533904
44756	771	0.05533903
44756	6497	0.05530952
44756	6713	0.055261128
44756	6296	0.05511281
44756	756	0.05510749
44756	6712	0.055107348
44837	5114	0.057405572
44837	37	0.0574016
44837	636	0.057393864
44837	2920	0.057393853
44837	2360	0.05739385
44837	3440	0.05739384
44837	1616	0.057241634
44837	2024	0.057228185
44837	925	0.057167836
44837	1033	0.057096697
44842	1179	0.04898303
44842	2044	0.04892857
44842	3433	0.04863602
44842	1631	0.048424453
44842	5270	0.048368488
44842	1956	0.048212007
44842	449	0.048065733
44842	4606	0.04801888
44842	6564	0.04793798
44842	649	0.04786084
44845	1922	0.040566966
44845	5838	0.040395685
44845	6209	0.040395685
44845	33	0.040321454
44845	443	0.040321447
44845	6005	0.040150926
44845	6503	0.03998209
44845	2786	0.039982077
44845	1780	0.039982066
44845	445	0.039946817
44852	2366	0.056184143
44852	1397	0.056054763
44852	637	0.055919185
44852	2197	0.055903964
44852	189	0.05574444
44852	52	0.05569166
44852	3442	0.055691637
44852	882	0.05556245
44852	4782	0.055562437
44852	4858	0.055555858
44893	6815	0.0644681
44893	1203	0.064006716
44893	5489	0.0639003
44893	3678	0.06381515
44893	1396	0.06381513
44893	965	0.06381512
44893	1747	0.06381509
44893	6160	0.063530535
44893	433	0.06345564
44893	3033	0.06345266
44925	889	0.053982884
44925	5226	0.053922094
44925	385	0.05354595
44925	4900	0.053293012
44925	4103	0.05329299
44925	6520	0.053118333
44925	4265	0.05301611
44925	4099	0.052962724
44925	2767	0.05294768
44925	1547	0.052947655
44932	1554	0.051040832
44932	1191	0.0510408
44932	902	0.050852887
44932	182	0.050742395
44932	953	0.050610326
44932	947	0.05061032
44932	2404	0.05052019
44932	6890	0.05048319
44932	3454	0.050364047
44932	2252	0.050347432
44985	1718	0.045991436
44985	3615	0.0458477
44985	6716	0.045724194
44985	3733	0.04567027
44985	1786	0.045617267
44985	535	0.045612283
44985	3658	0.045581922
44985	3628	0.04554503
44985	3338	0.04538418
44985	2395	0.045354284
45064	981	0.04344702
45064	3977	0.04290343
45064	991	0.042767353
45064	503	0.042497795
45064	274	0.042464733
45064	742	0.042288423
45064	837	0.042256445
45064	5155	0.04225514
45064	1117	0.042255126
45064	2497	0.042255096
45068	3631	0.052474126
45068	977	0.05246069
45068	6444	0.052460648
45068	3107	0.052221976
45068	2684	0.05221143
45068	5567	0.052185625
45068	446	0.05215553
45068	604	0.052019596
45068	1746	0.052017745
45068	1219	0.052005813
45078	2769	0.043481756
45078	5344	0.043481756
45078	4945	0.043414544
45078	1051	0.04341276
45078	6155	0.0434127
45078	1047	0.04339917
45078	3952	0.0432349
45078	5946	0.043233078
45078	399	0.043233063
45078	223	0.043233056
45107	3335	0.05312626
45107	5214	0.05312272
45107	1842	0.053122684
45107	3370	0.05304596
45107	4038	0.052897803
45107	4953	0.052761823
45107	55	0.052760117
45107	136	0.052683413
45107	4512	0.052482575
45107	291	0.05247908
45113	2083	0.049452335
45113	5888	0.049452327
45113	2658	0.04921154
45113	5317	0.04914424
45113	5714	0.0491442
45113	3488	0.048941795
45113	5893	0.048595756
45113	2789	0.048495207
45113	4911	0.04843715
45113	4429	0.048414588
45119	5931	0.03810118
45119	6681	0.038052585
45119	6235	0.038052525
45119	4070	0.03790279
45119	1353	0.03785418
45119	3123	0.037810743
45119	1992	0.037776712
45119	6853	0.037750863
45119	2619	0.03775084
45119	4240	0.037732814
45184	3998	0.042821743
45184	3612	0.042821698
45184	287	0.04282169
45184	4050	0.042821683
45184	4625	0.04262548
45184	3313	0.04262107
45184	5502	0.042621054
45184	1523	0.04256598
45184	319	0.042565968
45184	2189	0.042565968
45255	1027	0.04517693
45255	2407	0.04517692
45255	1777	0.045176916
45255	1655	0.04517689
45255	2194	0.04517689
45255	1559	0.045176845
45255	1259	0.04514461
45255	3815	0.045144606
45255	1907	0.045144603
45255	6105	0.045144595
45305	88	0.053329393
45305	3989	0.053069994
45305	3927	0.053069986
45305	6610	0.053069964
45305	5874	0.052989665
45305	2145	0.052882873
45305	5958	0.052804522
45305	845	0.05269958
45305	5654	0.052699555
45305	3000	0.052649096
45315	6896	0.048790574
45315	5488	0.04871203
45315	6498	0.048706807
45315	4531	0.048636
45315	5075	0.048592933
45315	82	0.048487976
45315	6813	0.04846075
45315	4202	0.048431154
45315	4100	0.04841405
45315	3159	0.048405934
45340	2713	0.05282888
45340	6756	0.05234307
45340	6729	0.05216427
45340	6170	0.05216425
45340	573	0.051899754
45340	2165	0.051743604
45340	1220	0.0517044
45340	5010	0.051634237
45340	3191	0.051583648
45340	1643	0.05153185
45383	6075	0.06590986
45383	2193	0.06552715
45383	2995	0.06552711
45383	4606	0.06550071
45383	1181	0.06540406
45383	575	0.06515583
45383	1196	0.064694345
45383	2574	0.06461994
45383	5270	0.064548194
45383	3306	0.0643376
45391	199	0.050849568
45391	690	0.050849564
45391	5593	0.050746165
45391	246	0.05074429
45391	1932	0.050711654
45391	3090	0.05060641
45391	502	0.050571896
45391	3367	0.05021496
45391	2015	0.050213724
45391	4205	0.050144613
45416	2407	0.06439164
45416	1027	0.06439163
45416	1777	0.06439161
45416	1655	0.064391576
45416	2194	0.064391576
45416	1559	0.06439152
45416	1023	0.06425192
45416	1772	0.064251915
45416	2231	0.064251885
45416	6540	0.06418443
45418	4831	0.046715066
45418	1455	0.04589276
45418	146	0.04584256
45418	4969	0.045654833
45418	6485	0.045497376
45418	4083	0.04518674
45418	5767	0.045166228
45418	5583	0.045144375
45418	4810	0.044834137
45418	1610	0.044826485
45444	625	0.049603462
45444	2532	0.049300518
45444	2809	0.04930049
45444	3669	0.04930047
45444	3992	0.048705876
45444	4055	0.048665464
45444	1574	0.048595496
45444	2966	0.048424218
45444	4028	0.048362415
45444	5572	0.048362404
45471	504	0.05579424
45471	2823	0.055767655
45471	1630	0.054870825
45471	589	0.05368276
45471	606	0.05366179
45471	879	0.05292583
45471	2398	0.052846845
45471	1640	0.05284684
45471	6674	0.052799106
45471	3064	0.05279141
45557	930	0.06834453
45557	465	0.06834449
45557	3142	0.068344474
45557	435	0.06820062
45557	665	0.06784182
45557	1601	0.06779666
45557	2918	0.06778341
45557	1058	0.06767382
45557	1291	0.06757912
45557	1219	0.06746285
45564	3730	0.03860525
45564	447	0.03858044
45564	2393	0.038574256
45564	3654	0.038435545
45564	3793	0.038379885
45564	5903	0.038333382
45564	6869	0.038244758
45564	1974	0.038225584
45564	2328	0.03821318
45564	3462	0.038213156
45641	1927	0.04727337
45641	966	0.04727332
45641	6096	0.04723144
45641	3569	0.047231413
45641	4258	0.04723141
45641	4162	0.046940297
45641	1530	0.04689058
45641	4929	0.046890564
45641	4440	0.046890546
45641	1095	0.046890523
45911	1441	0.04355929
45911	4155	0.04355928
45911	5848	0.043559268
45911	3862	0.043559264
45911	2790	0.043559253
45911	4176	0.04355922
45911	2172	0.043451197
45911	6247	0.04343021
45911	6863	0.04343021
45911	5388	0.043382492
45987	3615	0.053354323
45987	4893	0.053323124
45987	5449	0.05300383
45987	3232	0.0527575
45987	1815	0.052717134
45987	5185	0.05271709
45987	3945	0.05237194
45987	6436	0.052292123
45987	4374	0.051923946
45987	3628	0.05142279
46099	1713	0.054245256
46099	1071	0.054223284
46099	1574	0.054082833
46099	1411	0.053972255
46099	501	0.05338683
46099	1436	0.05337528
46099	1711	0.053232335
46099	1750	0.05322006
46099	1603	0.053193755
46099	2532	0.053031407
46145	2806	0.04779885
46145	3508	0.047757484
46145	245	0.04775744
46145	3603	0.047757402
46145	408	0.04758676
46145	4447	0.047559433
46145	3021	0.047559418
46145	6301	0.047559418
46145	3491	0.047559403
46145	6326	0.04754537
46154	3657	0.049680755
46154	3459	0.04968075
46154	4169	0.04968075
46154	2994	0.049680702
46154	6677	0.04968069
46154	1412	0.049588773
46154	1753	0.04946429
46154	5574	0.049464285
46154	2068	0.049464256
46154	107	0.049426615
46197	2156	0.07689315
46197	573	0.074785605
46197	2823	0.074133046
46197	6674	0.07348438
46197	730	0.07330522
46197	1066	0.073228724
46197	991	0.07320716
46197	352	0.07287683
46197	4269	0.07266419
46197	3227	0.072486855
46258	3870	0.048305847
46258	924	0.048116166
46258	5248	0.04804717
46258	4646	0.04783855
46258	6570	0.047745343
46258	1278	0.04755933
46258	5619	0.047491312
46258	3868	0.047466144
46258	1125	0.047376327
46258	3987	0.047376294
46269	5382	0.04688757
46269	1323	0.04639235
46269	3774	0.04634641
46269	280	0.046182767
46269	2946	0.04615897
46269	2171	0.045953684
46269	3484	0.045943014
46269	3332	0.04592241
46269	4912	0.045901068
46269	5818	0.045816876
46293	6497	0.0455177
46293	6296	0.045324787
46293	2615	0.04529103
46293	3412	0.045188986
46293	6344	0.04503029
46293	1841	0.04499743
46293	6271	0.044956625
46293	6240	0.04492809
46293	4880	0.044928033
46293	2607	0.044875935
46295	1639	0.05126036
46295	4919	0.050824314
46295	541	0.050705336
46295	1458	0.050705336
46295	168	0.05070532
46295	6544	0.0507053
46295	6918	0.050076388
46295	1854	0.04996932
46295	2543	0.04932756
46295	1667	0.049308155
46350	1799	0.042569034
46350	916	0.042444825
46350	6847	0.04231771
46350	4866	0.04219309
46350	846	0.04206034
46350	5548	0.04206034
46350	4917	0.042055935
46350	1113	0.04205592
46350	2003	0.041944597
46350	2753	0.04194113
46389	613	0.04068252
46389	649	0.03991426
46389	1436	0.039618462
46389	414	0.03945557
46389	937	0.03942945
46389	152	0.039429434
46389	1179	0.039163195
46389	1691	0.039066706
46389	2362	0.03905096
46389	3443	0.038987592
46417	3156	0.058599416
46417	1229	0.05842781
46417	4910	0.05840444
46417	78	0.05834604
46417	5361	0.058316436
46417	3552	0.058316424
46417	1862	0.058234617
46417	140	0.058144912
46417	892	0.058086406
46417	4334	0.057985753
46443	646	0.058581747
46443	5414	0.05858174
46443	5953	0.05858174
46443	4483	0.05823681
46443	3421	0.058236793
46443	5927	0.058236733
46443	4924	0.05823673
46443	6839	0.05823673
46443	3678	0.058158718
46443	1396	0.058158673
46461	4868	0.061527632
46461	3106	0.061360203
46461	2009	0.060765684
46461	482	0.0607261
46461	4055	0.060316417
46461	2179	0.060047366
46461	5417	0.06002849
46461	2051	0.060019564
46461	2966	0.06000848
46461	2236	0.059998713
46541	3863	0.036006656
46541	253	0.036006637
46541	3502	0.03600663
46541	3551	0.036006622
46541	601	0.0360066
46541	4022	0.0360066
46541	5938	0.036006596
46541	3816	0.036006592
46541	686	0.03600659
46541	729	0.03600659
46671	267	0.06166014
46671	2795	0.061412994
46671	451	0.06139148
46671	3359	0.061224014
46671	3336	0.060895495
46671	1328	0.06074781
46671	997	0.06070527
46671	2870	0.060705256
46671	1626	0.060692914
46671	6250	0.060692243
46690	4559	0.023340588
46690	1257	0.023168622
46690	3188	0.023138424
46690	889	0.023058858
46690	5201	0.023058845
46690	1719	0.023056673
46690	6520	0.022984121
46690	4073	0.022973008
46690	2058	0.022939961
46690	5202	0.022920415
46892	3083	0.0414621
46892	865	0.04095558
46892	923	0.040955566
46892	874	0.040924802
46892	5306	0.04074437
46892	834	0.040535018
46892	3946	0.040535018
46892	814	0.04052685
46892	3606	0.04052006
46892	276	0.04052005
46907	1205	0.06427372
46907	210	0.06427367
46907	2120	0.064233564
46907	1746	0.06401317
46907	977	0.0639846
46907	6444	0.06398455
46907	4120	0.06396276
46907	2555	0.063926786
46907	213	0.06392671
46907	2465	0.06385069
46909	392	0.05339644
46909	2726	0.05339644
46909	4889	0.053396374
46909	5071	0.053304408
46909	1692	0.053110927
46909	3296	0.053110868
46909	3355	0.05309079
46909	5206	0.053035922
46909	3904	0.053005524
46909	342	0.052862823
47117	448	0.0765344
47117	6111	0.07632669
47117	1817	0.075954035
47117	133	0.075953975
47117	581	0.07584751
47117	70	0.075756304
47117	5404	0.075756274
47117	50	0.075591326
47117	710	0.07551549
47117	2387	0.07545822
47118	5200	0.049107596
47118	131	0.04910758
47118	917	0.049002632
47118	4424	0.048953164
47118	6500	0.048844818
47118	6541	0.04874874
47118	2475	0.04874873
47118	6336	0.048670355
47118	5976	0.048648193
47118	132	0.048643798
47127	4562	0.03943268
47127	4592	0.0394326
47127	6903	0.03905619
47127	5300	0.038821712
47127	782	0.03881423
47127	872	0.038591668
47127	608	0.038552023
47127	6227	0.038367108
47127	1240	0.03833585
47127	2957	0.038262412
47128	794	0.040140413
47128	4560	0.039625652
47128	3812	0.039619386
47128	2217	0.039561246
47128	973	0.039466117
47128	703	0.039449356
47128	5288	0.03936743
47128	2692	0.039187204
47128	3047	0.039115325
47128	5454	0.038999435
47152	1764	0.07993627
47152	5140	0.07959805
47152	4458	0.07881186
47152	1631	0.078671664
47152	645	0.078443736
47152	3909	0.07844369
47152	1773	0.078322336
47152	879	0.078281425
47152	657	0.07814695
47152	406	0.07810427
47279	6789	0.06310325
47279	59	0.062567025
47279	3053	0.062498696
47279	5633	0.06243935
47279	4793	0.06210026
47279	6337	0.062080625
47279	4245	0.062079597
47279	4788	0.06203764
47279	5205	0.06202163
47279	3626	0.061964586
47316	6342	0.038590483
47316	6040	0.03846351
47316	3136	0.03815262
47316	5869	0.038105533
47316	4001	0.03804698
47316	80	0.037993476
47316	5743	0.037677072
47316	3974	0.037584666
47316	2805	0.037568964
47316	81	0.037516374
47458	406	0.08291568
47458	1389	0.0827189
47458	1193	0.081560254
47458	420	0.08152518
47458	2432	0.07971178
47458	5792	0.07932379
47458	3705	0.078962535
47458	243	0.07893322
47458	2620	0.0785747
47458	645	0.07844665
47512	4483	0.03277197
47512	3421	0.032771956
47512	5927	0.03277193
47512	4924	0.032771923
47512	6839	0.032771915
47512	861	0.03270022
47512	4071	0.032700215
47512	3283	0.032700207
47512	6016	0.03265831
47512	1247	0.032658294
47594	425	0.051959958
47594	2392	0.051646054
47594	1178	0.051636394
47594	3482	0.051517718
47594	2315	0.05142782
47594	1540	0.051427055
47594	4617	0.05139677
47594	1966	0.051395915
47594	304	0.05133246
47594	182	0.0513242
47609	4555	0.06500302
47609	3100	0.06500299
47609	2260	0.06500297
47609	4556	0.06500297
47609	11	0.06500296
47609	6377	0.065002955
47609	848	0.06500295
47609	2265	0.06458131
47609	2076	0.06458126
47609	3372	0.0644198
47779	6161	0.044314247
47779	1034	0.044314235
47779	3959	0.044314228
47779	3041	0.04431422
47779	3040	0.0443142
47779	1394	0.044314194
47779	555	0.044314187
47779	1787	0.044314187
47779	6262	0.04424422
47779	5695	0.044244185
47793	6028	0.04284834
47793	911	0.04284832
47793	484	0.0428483
47793	3444	0.04284827
47793	4865	0.04256709
47793	5590	0.042520292
47793	3925	0.042515464
47793	5358	0.04251542
47793	4700	0.042503975
47793	6434	0.04250396
47807	4245	0.06970368
47807	5205	0.06875621
47807	692	0.067846514
47807	507	0.06744543
47807	589	0.06694345
47807	4442	0.06646475
47807	432	0.06645414
47807	243	0.066235885
47807	4788	0.06593677
47807	504	0.06527904
47856	963	0.05229266
47856	6619	0.052180678
47856	4499	0.052031927
47856	1082	0.051571105
47856	3365	0.051508516
47856	6447	0.051508516
47856	3477	0.0515085
47856	2372	0.051508497
47856	1324	0.05150849
47856	4509	0.051508486
47925	3055	0.035950087
47925	3112	0.035950072
47925	3903	0.03575114
47925	6472	0.035725616
47925	2733	0.035725612
47925	4244	0.03570634
47925	4767	0.03570634
47925	1872	0.035706334
47925	6657	0.035706334
47925	5468	0.035706326
47971	2848	0.053368885
47971	5679	0.0533554
47971	4111	0.053350516
47971	5800	0.05335048
47971	1265	0.05321627
47971	2079	0.053189494
47971	3259	0.05318949
47971	2335	0.053093415
47971	5320	0.053088464
47971	2116	0.053036842
47975	2698	0.06440863
47975	330	0.063993566
47975	1526	0.06392978
47975	2316	0.06388888
47975	4726	0.06380019
47975	347	0.063565746
47975	2066	0.06321573
47975	2022	0.062993124
47975	2327	0.06290972
47975	1387	0.06290959
48025	4213	0.043228894
48025	1882	0.04295495
48025	1101	0.04294273
48025	5729	0.042890195
48025	6265	0.042870685
48025	6670	0.042841684
48025	1475	0.042830624
48025	4339	0.04276883
48025	2376	0.04275643
48025	1318	0.042711698
48037	4245	0.07108673
48037	5205	0.07092952
48037	507	0.06935994
48037	4442	0.06888504
48037	589	0.06834205
48037	2744	0.06789
48037	1789	0.06786851
48037	4788	0.06735195
48037	692	0.066851646
48037	432	0.06655595
48046	51	0.04796278
48046	2494	0.047215853
48046	3799	0.046819568
48046	6782	0.046640024
48046	1601	0.046051122
48046	457	0.045965157
48046	5567	0.045777835
48046	5401	0.045611255
48046	4305	0.04546462
48046	1320	0.045461837
48213	1854	0.06023305
48213	4245	0.060147338
48213	1249	0.060131952
48213	432	0.060016453
48213	2881	0.059607975
48213	2543	0.05955834
48213	59	0.05948854
48213	3207	0.059210822
48213	285	0.059179876
48213	329	0.059080314
48217	4341	0.0514668
48217	2672	0.051439196
48217	5661	0.051439166
48217	3627	0.051439144
48217	244	0.051290162
48217	3228	0.05128792
48217	701	0.05128789
48217	5678	0.051287882
48217	2739	0.051287856
48217	4748	0.051287845
48268	2290	0.041873664
48268	2513	0.04171022
48268	2317	0.041591477
48268	473	0.041398004
48268	338	0.041377846
48268	341	0.041377846
48268	1260	0.041377846
48268	5601	0.04137782
48268	2178	0.041374624
48268	6674	0.04136955
48355	4121	0.045884095
48355	6908	0.045589037
48355	1275	0.045589015
48355	115	0.045527425
48355	4129	0.04547374
48355	616	0.045473732
48355	2640	0.045410402
48355	4579	0.045380197
48355	2385	0.045371428
48355	5701	0.045357578
48382	6266	0.058986727
48382	6320	0.058776658
48382	6524	0.058738764
48382	3574	0.05873872
48382	3800	0.0587387
48382	5580	0.05860098
48382	1900	0.058467954
48382	4267	0.058467865
48382	4356	0.058394566
48382	4715	0.058352947
48494	5352	0.061368447
48494	3681	0.05987172
48494	910	0.059675567
48494	1586	0.059401937
48494	1268	0.05939789
48494	794	0.05939456
48494	459	0.05936336
48494	1961	0.05910144
48494	202	0.058891848
48494	1527	0.058873214
48579	5417	0.04965503
48579	2051	0.04960488
48579	4055	0.049516857
48579	2236	0.049333103
48579	4028	0.049308356
48579	3651	0.049308337
48579	5572	0.049308337
48579	2966	0.049123473
48579	3106	0.049090296
48579	206	0.049029574
48630	1076	0.06057833
48630	2387	0.059498206
48630	2991	0.059310883
48630	879	0.059293557
48630	613	0.059216626
48630	2503	0.058966406
48630	448	0.05856505
48630	606	0.058425
48630	581	0.05774948
48630	1436	0.05765519
48743	3846	0.05258526
48743	268	0.052180715
48743	3534	0.052123483
48743	1432	0.05207405
48743	2467	0.05203095
48743	2963	0.05199759
48743	6275	0.05195975
48743	5042	0.05189278
48743	5406	0.05189278
48743	4161	0.05188887
48911	613	0.057582192
48911	1436	0.055950657
48911	1261	0.05559864
48911	1076	0.055554815
48911	414	0.05500112
48911	2387	0.05490095
48911	4538	0.054831464
48911	2176	0.05483146
48911	2883	0.054801844
48911	879	0.05470094
48929	4516	0.059070688
48929	2339	0.05902547
48929	3160	0.058904734
48929	758	0.058619626
48929	2661	0.058602996
48929	768	0.058346264
48929	3649	0.058277767
48929	6659	0.05821552
48929	3617	0.058195997
48929	2483	0.05819599
48975	3295	0.053342342
48975	4512	0.053313307
48975	4038	0.05323708
48975	291	0.05320873
48975	328	0.053208694
48975	4564	0.053150684
48975	5122	0.053120345
48975	136	0.0531104
48975	3370	0.05280095
48975	3820	0.05253806
48995	6461	0.041682668
48995	6723	0.041423574
48995	2287	0.04137683
48995	1359	0.04121658
48995	5644	0.04113288
48995	4341	0.04109928
48995	3228	0.04108604
48995	701	0.041086007
48995	5678	0.041086003
48995	2739	0.041085996
49061	741	0.0478227
49061	1367	0.04782269
49061	5903	0.04753899
49061	6251	0.0475334
49061	6406	0.047366206
49061	447	0.047324423
49061	3730	0.04724949
49061	964	0.047226094
49061	1402	0.04716746
49061	976	0.04713565
49109	3385	0.060527205
49109	2012	0.05989005
49109	973	0.059849013
49109	5517	0.059600435
49109	2813	0.059508383
49109	5288	0.05949126
49109	4560	0.059167176
49109	703	0.05909266
49109	2692	0.05905249
49109	2950	0.05904105
49154	216	0.046252556
49154	4921	0.04617246
49154	4031	0.046172418
49154	262	0.045942158
49154	2001	0.045933045
49154	1372	0.045574836
49154	3050	0.045496337
49154	3011	0.045485098
49154	605	0.045483373
49154	84	0.04546158
49155	1428	0.05898308
49155	628	0.058901504
49155	637	0.058760874
49155	4227	0.058685064
49155	1462	0.058620133
49155	3796	0.058465227
49155	85	0.058397926
49155	1781	0.058389373
49155	3380	0.05827572
49155	133	0.058248773
49212	6674	0.058584426
49212	4269	0.058506228
49212	2007	0.058101494
49212	158	0.057469893
49212	2725	0.05725657
49212	1709	0.057165563
49212	1527	0.056847494
49212	991	0.056774713
49212	350	0.05645822
49212	4768	0.056399673
49225	2007	0.047294647
49225	2516	0.047072962
49225	1640	0.046935804
49225	2398	0.04693577
49225	981	0.04673306
49225	707	0.04650963
49225	720	0.046367045
49225	3770	0.046366878
49225	2158	0.046042584
49225	6674	0.045951642
49262	3796	0.045637988
49262	1781	0.04553665
49262	133	0.045497186
49262	1817	0.045497186
49262	85	0.045199163
49262	628	0.04514143
49262	637	0.045101944
49262	4227	0.045000628
49262	6111	0.04496798
49262	2179	0.044941105
49289	1955	0.04527845
49289	5315	0.04448875
49289	4134	0.044464372
49289	1956	0.044407047
49289	5331	0.04438389
49289	6564	0.044382256
49289	4968	0.044366196
49289	5082	0.044293832
49289	5591	0.044264697
49289	542	0.044238284
49300	1592	0.06483185
49300	645	0.06454718
49300	3909	0.06454716
49300	5771	0.064330146
49300	1764	0.06427993
49300	2574	0.064050764
49300	4458	0.064030595
49300	5184	0.06392506
49300	3062	0.063894
49300	575	0.0637607
49313	3998	0.045702487
49313	3612	0.045702443
49313	287	0.04570244
49313	4050	0.045702428
49313	3313	0.04563459
49313	5502	0.04563458
49313	1772	0.045526348
49313	1023	0.045526333
49313	2231	0.04552631
49313	1523	0.04536112
49314	5304	0.051621042
49314	1808	0.051409885
49314	6104	0.051212016
49314	268	0.051117294
49314	5406	0.051017363
49314	5042	0.05101735
49314	3456	0.050848708
49314	4443	0.050848704
49314	409	0.0507875
49314	5329	0.050706603
49324	224	0.060253963
49324	2280	0.06015973
49324	4226	0.060101405
49324	2489	0.060101397
49324	6006	0.060101356
49324	4168	0.060091052
49324	2345	0.06009105
49324	1322	0.060013454
49324	5214	0.059822787
49324	1842	0.059822753
49392	941	0.053131226
49392	860	0.05309829
49392	6709	0.05293349
49392	3426	0.05293348
49392	4708	0.052932277
49392	574	0.0529216
49392	3022	0.052915774
49392	1641	0.052831076
49392	1983	0.052747335
49392	2923	0.052486774
49422	6674	0.07005189
49422	3064	0.06979678
49422	2823	0.06908172
49422	2317	0.068810016
49422	708	0.068672396
49422	434	0.068672344
49422	4269	0.068608426
49422	504	0.06841561
49422	1640	0.06828407
49422	2398	0.06828405
49423	3288	0.051073194
49423	167	0.050943382
49423	4198	0.050696023
49423	3806	0.050654374
49423	4320	0.0506543
49423	2277	0.050396346
49423	4191	0.050389823
49423	5836	0.05034907
49423	2275	0.050292693
49423	5320	0.0502888
49460	3799	0.057557613
49460	1320	0.057372745
49460	744	0.056790687
49460	6736	0.056790598
49460	240	0.05664783
49460	1219	0.056389034
49460	457	0.05628345
49460	3380	0.0558096
49460	51	0.055762485
49460	5401	0.055648193
49526	5340	0.03983801
49526	5675	0.039799206
49526	3177	0.039700724
49526	1743	0.039700672
49526	4108	0.039693624
49526	2820	0.039622486
49526	1447	0.03949594
49526	803	0.03942855
49526	2064	0.03936847
49526	3971	0.039358504
49683	1389	0.074468374
49683	406	0.07329837
49683	1193	0.072125256
49683	614	0.07199846
49683	2432	0.071602575
49683	4245	0.07098631
49683	1253	0.070501484
49683	2620	0.07029241
49683	2093	0.07018426
49683	5205	0.069925696
49771	1664	0.04880432
49771	3071	0.048780374
49771	2913	0.04867685
49771	3478	0.04857265
49771	4526	0.04854644
49771	4957	0.04842274
49771	2720	0.04841224
49771	659	0.048382953
49771	1138	0.048304725
49771	134	0.04828965
49842	451	0.07310062
49842	997	0.07253452
49842	2870	0.07253449
49842	140	0.07249129
49842	4910	0.07247402
49842	892	0.07231875
49842	78	0.0723016
49842	2732	0.07186884
49842	1851	0.07185525
49842	1229	0.07171607
49889	6896	0.036323093
49889	3159	0.036291525
49889	1836	0.036132712
49889	3176	0.036112927
49889	5682	0.03599969
49889	381	0.0359743
49889	5066	0.035944145
49889	6834	0.035843395
49889	651	0.03579253
49889	5758	0.035790954
49900	4394	0.06262736
49900	4092	0.062155295
49900	5895	0.06210112
49900	6713	0.061920792
49900	5725	0.06161292
49900	4410	0.061513767
49900	3152	0.061343912
49900	6583	0.061138824
49900	5509	0.061064772
49900	1720	0.061013028
49980	2317	0.06320596
49980	883	0.06294884
49980	4438	0.06294882
49980	4876	0.06294878
49980	3104	0.062468123
49980	1070	0.062211968
49980	338	0.062199686
49980	341	0.062199675
49980	1260	0.062199652
49980	5601	0.06219961
50073	3616	0.06526462
50073	1851	0.0652585
50073	3659	0.06456484
50073	2337	0.0643491
50073	4161	0.06415388
50073	1813	0.06401832
50073	3194	0.06370936
50073	2028	0.06368025
50073	1636	0.06351291
50073	3885	0.06350577
50098	4245	0.054155137
50098	5205	0.0541332
50098	5618	0.054113228
50098	1789	0.054054324
50098	1221	0.053998146
50098	285	0.053977355
50098	2744	0.05394067
50098	2981	0.053777445
50098	2881	0.0537728
50098	4724	0.05373109
50129	1527	0.053522326
50129	1268	0.05343916
50129	1961	0.05317463
50129	4332	0.052216507
50129	2950	0.05214648
50129	169	0.052104134
50129	526	0.0520048
50129	620	0.051999237
50129	2725	0.051897034
50129	794	0.051571026
50130	4907	0.039616294
50130	1744	0.03961628
50130	3011	0.039412305
50130	315	0.03937504
50130	4520	0.039342448
50130	2832	0.039342426
50130	1557	0.039332006
50130	4564	0.039315857
50130	2138	0.039238535
50130	4686	0.03920356
50141	4432	0.046910834
50141	3213	0.04691077
50141	4882	0.046910763
50141	6865	0.046724036
50141	1370	0.046580903
50141	1447	0.04629515
50141	2063	0.046230547
50141	5254	0.045952365
50141	803	0.045920327
50141	1858	0.04591273
50193	2883	0.067544594
50193	1261	0.06725305
50193	606	0.06696601
50193	127	0.0668333
50193	3056	0.06673912
50193	3443	0.066642664
50193	1444	0.06649023
50193	2961	0.06649018
50193	581	0.066106945
50193	1436	0.06590988
50204	862	0.040841796
50204	5401	0.040136136
50204	978	0.040084735
50204	1291	0.039718367
50204	3769	0.03971084
50204	227	0.03961759
50204	1897	0.039614454
50204	934	0.03961441
50204	352	0.039574593
50204	1430	0.039550632
50205	1680	0.06423047
50205	1616	0.0637961
50205	1942	0.063728765
50205	1185	0.063723624
50205	592	0.06362021
50205	2413	0.0633581
50205	636	0.06335352
50205	2920	0.06335352
50205	2360	0.06335351
50205	3440	0.063353494
50225	240	0.06821689
50225	1320	0.06812347
50225	3438	0.0678359
50225	1219	0.06782557
50225	744	0.0677942
50225	6736	0.0677941
50225	3328	0.06730044
50225	18	0.06724875
50225	457	0.067173585
50225	2983	0.0670168
50504	417	0.04964467
50504	684	0.04964466
50504	6540	0.04961805
50504	6299	0.049618002
50504	2407	0.04958628
50504	1027	0.04958626
50504	1777	0.04958626
50504	1655	0.049586225
50504	2194	0.04958621
50504	1559	0.049586188
50539	692	0.055635676
50539	1851	0.05478763
50539	1854	0.054740824
50539	2337	0.054470275
50539	3616	0.054281715
50539	3207	0.054174528
50539	727	0.05414329
50539	999	0.054109406
50539	4919	0.054013915
50539	77	0.05390615
50612	4710	0.05826074
50612	1817	0.0581644
50612	133	0.058164388
50612	693	0.058112897
50612	6111	0.05793231
50612	85	0.057885855
50612	1781	0.057503976
50612	448	0.057430055
50612	3796	0.057373334
50612	4247	0.05720687
50615	1070	0.029458709
50615	1643	0.029162198
50615	1405	0.029028341
50615	473	0.029023614
50615	2317	0.028902335
50615	816	0.028668312
50615	573	0.028573297
50615	4325	0.028548867
50615	1600	0.028509151
50615	2281	0.028488267
50650	6028	0.045239527
50650	911	0.04523952
50650	484	0.045239493
50650	3444	0.045239463
50650	1934	0.045153074
50650	4734	0.045101847
50650	1330	0.04510182
50650	4700	0.045049824
50650	6434	0.0450498
50650	3922	0.044998586
50681	2991	0.0636967
50681	581	0.063523166
50681	1076	0.06337214
50681	407	0.06325379
50681	448	0.062616676
50681	2503	0.062466357
50681	1631	0.062443085
50681	1212	0.062425055
50681	5570	0.062425047
50681	879	0.062337585
50730	147	0.061202932
50730	4513	0.061202876
50730	5332	0.06094812
50730	63	0.06094807
50730	2333	0.06091502
50730	159	0.06091499
50730	3906	0.06072152
50730	6760	0.060660154
50730	78	0.06038109
50730	2732	0.06025126
50749	4436	0.044473007
50749	385	0.04439531
50749	2749	0.044360377
50749	4099	0.04430849
50749	3048	0.044097885
50749	889	0.0439715
50749	5201	0.04397148
50749	3765	0.043938555
50749	4558	0.043891493
50749	3187	0.043821946
50823	5241	0.06193942
50823	3746	0.06100859
50823	4070	0.060727607
50823	5931	0.06014794
50823	2593	0.06011024
50823	5282	0.06011024
50823	6523	0.060110226
50823	2264	0.06008517
50823	2258	0.059748527
50823	694	0.059505463
50849	4498	0.048502386
50849	2530	0.048450045
50849	3975	0.048309617
50849	1919	0.048309606
50849	2899	0.048309598
50849	2531	0.048309583
50849	3717	0.048228815
50849	6780	0.04787794
50849	4352	0.047810707
50849	5803	0.04781064
50859	846	0.04518565
50859	5548	0.045185648
50859	916	0.04517962
50859	1112	0.04508365
50859	1799	0.04504676
50859	5873	0.045034748
50859	2657	0.04498416
50859	4485	0.04493531
50859	4706	0.044930752
50859	5939	0.044927172
50895	4966	0.070045255
50895	6334	0.06990428
50895	179	0.069830865
50895	5975	0.069830835
50895	3665	0.06983082
50895	2712	0.06982908
50895	27	0.069829
50895	764	0.069829
50895	1049	0.06976378
50895	1419	0.06976378
50972	978	0.040514853
50972	227	0.040490303
50972	862	0.04008957
50972	4235	0.04005521
50972	2918	0.03994027
50972	2912	0.039910316
50972	98	0.039854765
50972	6158	0.039844498
50972	410	0.039783068
50972	5864	0.039717287
51071	5811	0.037746876
51071	1829	0.03765922
51071	1831	0.037659205
51071	1381	0.037588418
51071	5213	0.03754755
51071	4743	0.03754751
51071	401	0.037514098
51071	4153	0.03750474
51071	4799	0.03741704
51071	3920	0.037376188
51082	728	0.03302287
51082	335	0.03288436
51082	2046	0.032876022
51082	2552	0.032864034
51082	5335	0.032817192
51082	1929	0.03275177
51082	4874	0.03275175
51082	3787	0.032737523
51082	530	0.032592885
51082	2533	0.032572526
51100	4479	0.032086886
51100	5611	0.031980593
51100	5308	0.03196081
51100	355	0.03195132
51100	6621	0.03195127
51100	1732	0.03191771
51100	2030	0.03191771
51100	524	0.031915255
51100	2097	0.03181365
51100	5753	0.03179778
51207	5553	0.049125142
51207	265	0.049051017
51207	1883	0.049051
51207	3549	0.049035378
51207	1758	0.048993498
51207	3472	0.04896128
51207	4309	0.04890371
51207	5610	0.04890368
51207	687	0.048870973
51207	155	0.04882247
51252	1961	0.053722255
51252	526	0.053377766
51252	4307	0.053271055
51252	973	0.05320423
51252	2950	0.05318902
51252	5288	0.0531139
51252	4560	0.052919254
51252	5517	0.052904613
51252	2813	0.05262553
51252	3385	0.052495994
51350	543	0.060055166
51350	3745	0.05990474
51350	3645	0.05988972
51350	218	0.059613515
51350	2325	0.059564672
51350	6151	0.05948914
51350	5020	0.059291866
51350	6721	0.0592337
51350	4014	0.059233673
51350	5015	0.059218697
51359	352	0.047522172
51359	61	0.04744308
51359	862	0.047321863
51359	1630	0.047298506
51359	590	0.047080263
51359	1291	0.04695475
51359	689	0.04683948
51359	1902	0.04657572
51359	2823	0.046462085
51359	1253	0.04644995
51364	5400	0.04537709
51364	3540	0.04530237
51364	6671	0.04526564
51364	4047	0.045265634
51364	615	0.04525678
51364	5672	0.04525678
51364	4584	0.045134883
51364	6513	0.04513482
51364	4123	0.045125976
51364	6818	0.04504736
51365	3180	0.053465113
51365	2578	0.053465076
51365	5423	0.05340162
51365	4175	0.05334949
51365	6554	0.05334948
51365	4666	0.053324435
51365	3735	0.05332437
51365	4676	0.053324368
51365	5696	0.053286064
51365	1662	0.05328604
51386	3276	0.03307396
51386	2164	0.033027858
51386	694	0.03266637
51386	2259	0.032666348
51386	1995	0.032592967
51386	1161	0.032583304
51386	1992	0.032514185
51386	3277	0.032458927
51386	2240	0.032358836
51386	5274	0.032278102
51403	4549	0.060596965
51403	778	0.06042919
51403	4982	0.06016452
51403	1270	0.06006755
51403	5163	0.060067497
51403	777	0.06005104
51403	176	0.060050987
51403	5863	0.06002109
51403	2819	0.060016114
51403	712	0.059888646
51450	55	0.058261
51450	1794	0.058046788
51450	3942	0.05788055
51450	6032	0.05785194
51450	5263	0.05785188
51450	1440	0.057775162
51450	6489	0.05775725
51450	648	0.05765306
51450	4163	0.057653043
51450	2077	0.057430256
51511	739	0.067762926
51511	487	0.067494765
51511	1602	0.067325756
51511	474	0.06721997
51511	3133	0.06696408
51511	102	0.066722766
51511	5815	0.06659819
51511	2867	0.06659817
51511	20	0.066598155
51511	3280	0.065595984
51526	883	0.061369255
51526	4438	0.061369248
51526	4876	0.061369184
51526	3794	0.0603205
51526	6709	0.05984632
51526	3426	0.059846293
51526	2317	0.059740048
51526	3104	0.059663612
51526	5662	0.05960931
51526	1800	0.059591897
51559	5270	0.046539698
51559	5591	0.046343096
51559	3525	0.046343073
51559	5448	0.04623573
51559	1956	0.04622332
51559	4552	0.045903224
51559	1179	0.045688104
51559	5504	0.045544513
51559	649	0.045417964
51559	4980	0.045380898
51589	3580	0.06582317
51589	3630	0.06577979
51589	914	0.065667175
51589	4956	0.065572485
51589	5156	0.06541115
51589	1484	0.06527953
51589	4141	0.06515126
51589	4246	0.06501196
51589	3680	0.06493853
51589	6450	0.06491423
51627	4555	0.05034496
51627	3100	0.050344944
51627	4556	0.05034493
51627	2260	0.05034492
51627	11	0.050344918
51627	6377	0.05034491
51627	848	0.050344903
51627	2265	0.04992548
51627	2076	0.049925447
51627	5943	0.049911946
51663	4075	0.03952042
51663	4414	0.03928925
51663	6085	0.039097562
51663	6321	0.039061233
51663	2680	0.038576625
51663	539	0.038559098
51663	4124	0.038496066
51663	5889	0.038468868
51663	4019	0.038437977
51663	4972	0.038394086
51665	1614	0.05099865
51665	5734	0.05078291
51665	2099	0.050522536
51665	4069	0.05047883
51665	2624	0.050419696
51665	4963	0.050407536
51665	4518	0.050407507
51665	2639	0.050362945
51665	5157	0.050330915
51665	5323	0.050308995
51742	5629	0.04952214
51742	6498	0.04940782
51742	1239	0.049254686
51742	4499	0.049087368
51742	6591	0.048933942
51742	2886	0.04842485
51742	5043	0.048392348
51742	6814	0.048320092
51742	1740	0.048320055
51742	6619	0.048312366
51803	1031	0.05344607
51803	621	0.053101707
51803	4937	0.052743785
51803	73	0.05268754
51803	3135	0.05180749
51803	1240	0.051789574
51803	707	0.05176785
51803	5054	0.051719435
51803	4007	0.051535644
51803	4336	0.051512823
51805	1728	0.03839869
51805	793	0.038349833
51805	5598	0.03834983
51805	1054	0.038252905
51805	4675	0.038252905
51805	3953	0.038252857
51805	2965	0.03823206
51805	3436	0.03821142
51805	4255	0.03820401
51805	4679	0.03819623
51826	679	0.06917478
51826	4421	0.069071576
51826	4461	0.06900193
51826	4735	0.0688068
51826	2475	0.06879244
51826	6541	0.06879244
51826	6616	0.06826838
51826	3034	0.06815241
51826	3677	0.068052486
51826	5357	0.067887634
51992	4793	0.042219974
51992	1426	0.04205084
51992	4583	0.04205082
51992	5835	0.04196869
51992	120	0.041795574
51992	1249	0.04139595
51992	2331	0.041120477
51992	6574	0.04110126
51992	2669	0.040994316
51992	4346	0.040989153
52002	614	0.06977492
52002	406	0.06932062
52002	1389	0.0691565
52002	243	0.06910087
52002	247	0.06869213
52002	1592	0.068550475
52002	420	0.06850808
52002	1193	0.06839449
52002	4458	0.06838279
52002	1867	0.068375684
52011	6134	0.05542334
52011	4740	0.055423304
52011	6630	0.055244103
52011	6204	0.055139665
52011	6003	0.05505734
52011	1534	0.05490057
52011	6135	0.0548878
52011	2255	0.054887794
52011	6289	0.05488777
52011	4601	0.05488775
52044	6158	0.032491527
52044	6878	0.03213102
52044	1402	0.03197262
52044	978	0.03194221
52044	5596	0.031873904
52044	1946	0.031795986
52044	2918	0.031786975
52044	3915	0.031762637
52044	227	0.03174924
52044	3678	0.03173253
52141	6344	0.030165188
52141	5747	0.030133324
52141	3412	0.030005444
52141	2616	0.029987058
52141	1841	0.029947856
52141	3831	0.029932674
52141	2099	0.029915769
52141	4816	0.029907357
52141	1614	0.029866256
52141	2305	0.029784884
52159	4119	0.036664166
52159	1526	0.036555607
52159	140	0.036527812
52159	279	0.036479022
52159	892	0.036478415
52159	5250	0.036187515
52159	6074	0.036175974
52159	347	0.03607893
52159	997	0.036049876
52159	2870	0.036049865
52175	3678	0.05125713
52175	1396	0.051257096
52175	965	0.05125709
52175	1747	0.05125708
52175	1146	0.050811905
52175	4223	0.050811898
52175	5604	0.050717775
52175	646	0.050710697
52175	5953	0.05071069
52175	5414	0.050710686
52199	526	0.045395296
52199	1251	0.04517371
52199	715	0.045102127
52199	1961	0.044916343
52199	2856	0.044885136
52199	1068	0.044842973
52199	2050	0.044785343
52199	350	0.04458351
52199	4307	0.044529386
52199	4288	0.044506427
52293	6568	0.057418033
52293	4951	0.057192855
52293	3243	0.057085514
52293	2004	0.056828752
52293	1273	0.056621097
52293	3494	0.05656071
52293	1898	0.05656066
52293	1818	0.056505825
52293	5576	0.05650582
52293	3539	0.056505814
52350	1983	0.054599315
52350	1641	0.05438783
52350	816	0.05426749
52350	1405	0.054215036
52350	6709	0.054201443
52350	3426	0.05420143
52350	3022	0.05409673
52350	574	0.0538929
52350	4998	0.05355029
52350	2281	0.05348272
52425	406	0.0871019
52425	1389	0.08708625
52425	1193	0.08596322
52425	420	0.0858631
52425	614	0.08471686
52425	243	0.08374137
52425	2432	0.08348838
52425	5792	0.082969084
52425	645	0.08265197
52425	3909	0.08265191
52472	802	0.039219115
52472	3936	0.039219096
52472	4464	0.039219096
52472	3910	0.03908945
52472	2111	0.038946602
52472	6698	0.038946576
52472	6831	0.038946576
52472	4723	0.03889165
52472	2754	0.03889037
52472	3864	0.038867548
52521	1419	0.06192673
52521	4756	0.06192673
52521	3822	0.061926708
52521	1049	0.061926693
52521	3572	0.061926685
52521	5292	0.061926685
52521	6587	0.061926685
52521	1004	0.06192667
52521	995	0.061926655
52521	3634	0.061926655
52532	1764	0.057965644
52532	1631	0.057729732
52532	3433	0.05733289
52532	2044	0.05682995
52532	5140	0.056613445
52532	879	0.056586232
52532	2991	0.05649162
52532	1076	0.056074455
52532	4458	0.055991672
52532	1492	0.055574946
52584	971	0.060551874
52584	1709	0.06022744
52584	2725	0.059877805
52584	708	0.059851997
52584	434	0.059851963
52584	715	0.0593423
52584	504	0.058607794
52584	3581	0.05835426
52584	611	0.058319353
52584	341	0.058214974
52614	6764	0.057141826
52614	2771	0.05713802
52614	5032	0.057137985
52614	5379	0.05704273
52614	6370	0.057010315
52614	4410	0.056999467
52614	270	0.056994908
52614	1342	0.056927502
52614	3058	0.056900702
52614	2613	0.05679994
52670	1854	0.06557119
52670	77	0.0649869
52670	329	0.064961866
52670	619	0.06496186
52670	1636	0.06492634
52670	4919	0.06418296
52670	59	0.063999265
52670	1851	0.063680775
52670	67	0.06366301
52670	2795	0.06361849
52853	6886	0.065632194
52853	2012	0.06552323
52853	526	0.065210596
52853	2950	0.065075874
52853	6865	0.06477797
52853	5749	0.06449105
52853	5288	0.064416364
52853	6548	0.06436067
52853	1961	0.064307496
52853	4307	0.064070895
52887	4741	0.040171716
52887	1057	0.040164884
52887	6702	0.040164873
52887	6458	0.040133655
52887	4347	0.03999253
52887	3623	0.039992463
52887	5378	0.039915197
52887	4946	0.039859362
52887	517	0.039821237
52887	275	0.03979347
52917	6498	0.046977744
52917	5629	0.046205565
52917	440	0.0454108
52917	4499	0.045353528
52917	3158	0.045165233
52917	1329	0.045131616
52917	5488	0.04512338
52917	6619	0.044954468
52917	3144	0.044784836
52917	1401	0.04478479
52994	2823	0.07996613
52994	2156	0.07876617
52994	1630	0.07852573
52994	352	0.078469254
52994	573	0.07827748
52994	504	0.078272566
52994	1066	0.077715755
52994	689	0.07757752
52994	6674	0.0774415
52994	4269	0.07697719
53042	3064	0.061368607
53042	3581	0.061220624
53042	708	0.06106233
53042	434	0.061062276
53042	2317	0.060920257
53042	341	0.060613982
53042	338	0.060613964
53042	1260	0.06061393
53042	5601	0.0606139
53042	3104	0.05967538
53069	4747	0.050202142
53069	4877	0.050049562
53069	413	0.050025187
53069	4885	0.050025135
53069	154	0.049843922
53069	2796	0.049655356
53069	2917	0.049529772
53069	6352	0.04941944
53069	3685	0.04941941
53069	4762	0.04941941
53140	6211	0.04509913
53140	4729	0.044631124
53140	2516	0.04452012
53140	1709	0.044402838
53140	800	0.044089884
53140	5762	0.043952823
53140	2857	0.0439336
53140	1056	0.04393358
53140	507	0.04380629
53140	2158	0.04377087
53174	1709	0.06488283
53174	971	0.06437149
53174	2725	0.064226255
53174	4269	0.06414009
53174	6674	0.064103976
53174	715	0.063865125
53174	504	0.06350708
53174	1640	0.06326749
53174	2398	0.06326747
53174	158	0.063051455
53220	1419	0.06980038
53220	4756	0.06980038
53220	3822	0.06980036
53220	1049	0.06980033
53220	3572	0.06980032
53220	6587	0.06980032
53220	5183	0.0698003
53220	5292	0.0698003
53220	6152	0.0698003
53220	995	0.069800295
53241	1916	0.060911536
53241	431	0.06085626
53241	2404	0.06049609
53241	182	0.06035199
53241	636	0.060117327
53241	2360	0.06011731
53241	3440	0.06011731
53241	2920	0.060117304
53241	2024	0.05992964
53241	5114	0.059869014
53256	1783	0.042229127
53256	3899	0.042124778
53256	2178	0.042112138
53256	2290	0.041922428
53256	2513	0.041711513
53256	730	0.041606184
53256	3799	0.041119352
53256	4269	0.04102528
53256	338	0.040961996
53256	1260	0.040961996
53265	6563	0.04985333
53265	4002	0.049626406
53265	6125	0.049509883
53265	4133	0.04831679
53265	1459	0.047855873
53265	9	0.04778086
53265	2488	0.04673714
53265	6836	0.046624526
53265	3278	0.046569854
53265	2168	0.046362977
53278	4438	0.07142556
53278	883	0.07142554
53278	4876	0.07142548
53278	1070	0.07052134
53278	6709	0.07047458
53278	3426	0.07047456
53278	4325	0.070021145
53278	3022	0.07001582
53278	5662	0.06999728
53278	574	0.069928065
53304	1929	0.055720642
53304	4874	0.055720605
53304	2552	0.05563552
53304	728	0.055473812
53304	5335	0.055229865
53304	3787	0.055130072
53304	188	0.05492007
53304	2046	0.05485166
53304	3877	0.054849353
53304	3855	0.054734692
53365	649	0.04163242
53365	1691	0.041318856
53365	1576	0.04124407
53365	1555	0.04102456
53365	613	0.040883422
53365	1179	0.040631756
53365	4134	0.040499903
53365	3443	0.04034762
53365	152	0.04022683
53365	937	0.04022683
53392	127	0.06370479
53392	611	0.06356759
53392	2883	0.0632534
53392	1626	0.063169524
53392	1261	0.06313837
53392	3056	0.063013524
53392	1444	0.06286761
53392	2961	0.06286757
53392	1779	0.06246598
53392	606	0.06243489
53408	1781	0.08103594
53408	3796	0.08066346
53408	1817	0.08051142
53408	133	0.080511406
53408	3104	0.08016959
53408	3581	0.08004409
53408	338	0.079635054
53408	341	0.07963504
53408	1260	0.07963501
53408	5601	0.07963496
53414	406	0.07488298
53414	5792	0.07404086
53414	1389	0.07360306
53414	1592	0.07280871
53414	1764	0.07240647
53414	3705	0.07230881
53414	1867	0.07219347
53414	1490	0.07203208
53414	3062	0.07190147
53414	1193	0.071891144
53418	504	0.05718271
53418	1709	0.05715117
53418	971	0.05711257
53418	589	0.057108775
53418	2725	0.056531534
53418	507	0.056391053
53418	432	0.0563494
53418	2543	0.056342393
53418	3207	0.055984475
53418	5762	0.05579646
53456	4269	0.053268548
53456	6674	0.053072944
53456	338	0.052812725
53456	341	0.052812725
53456	1260	0.052812718
53456	5601	0.05281268
53456	3581	0.05275671
53456	708	0.05266119
53456	434	0.05266115
53456	2317	0.052493975
53520	4833	0.046439
53520	3351	0.04627163
53520	3771	0.046222873
53520	6897	0.04622287
53520	6558	0.04611158
53520	516	0.04611155
53520	6248	0.046102725
53520	2350	0.046056632
53520	3750	0.04605659
53520	5291	0.04605656
53575	3196	0.041962095
53575	3878	0.041347448
53575	6803	0.04117386
53575	2868	0.0411738
53575	2826	0.041147735
53575	1413	0.040919486
53575	2859	0.04080625
53575	5686	0.040739693
53575	1642	0.04029888
53575	4569	0.040256966
53590	1289	0.044796646
53590	4205	0.044599496
53590	1305	0.044599492
53590	426	0.044599477
53590	3342	0.044379532
53590	5149	0.044339884
53590	3527	0.044287607
53590	384	0.044287603
53590	1571	0.0442876
53590	1286	0.044135798
53605	4574	0.042380564
53605	3149	0.04192735
53605	5550	0.041903246
53605	2389	0.04179445
53605	6113	0.041532893
53605	4970	0.041527677
53605	5384	0.041416902
53605	4962	0.041331463
53605	6201	0.041303493
53605	514	0.041287865
53614	1961	0.058617488
53614	2950	0.05845256
53614	169	0.057989527
53614	4332	0.057876296
53614	1527	0.057826944
53614	1068	0.05774219
53614	1268	0.05752598
53614	2063	0.057291195
53614	526	0.057231843
53614	910	0.05719123
53628	4376	0.052325558
53628	368	0.05229977
53628	633	0.052205294
53628	6310	0.052099895
53628	3067	0.0520281
53628	3345	0.051867932
53628	5615	0.051791042
53628	374	0.051690575
53628	6547	0.051688
53628	1175	0.05166531
53663	2333	0.04933782
53663	159	0.049337797
53663	6760	0.049329236
53663	147	0.049147308
53663	4513	0.04914726
53663	5332	0.04913876
53663	63	0.049138725
53663	3906	0.048963845
53663	4666	0.048902206
53663	4676	0.04890216
53664	5189	0.045303583
53664	5769	0.04517068
53664	3405	0.0451675
53664	5251	0.045126274
53664	2134	0.045108438
53664	4808	0.045083895
53664	30	0.044988193
53664	3079	0.04495351
53664	1590	0.04495349
53664	4650	0.044938877
53729	4825	0.07260205
53729	6099	0.072438076
53729	4483	0.07240328
53729	3421	0.07240327
53729	5927	0.072403215
53729	4924	0.0724032
53729	6839	0.07240317
53729	3517	0.07223934
53729	5222	0.072239295
53729	2915	0.07223929
53846	978	0.057686538
53846	2918	0.057570472
53846	930	0.057295915
53846	465	0.05729586
53846	3142	0.057295855
53846	590	0.05724044
53846	862	0.057193503
53846	61	0.056761682
53846	1291	0.056698132
53846	1020	0.0565081
54072	5553	0.031883605
54072	2696	0.031866632
54072	3756	0.031866618
54072	3838	0.03186658
54072	1694	0.03185664
54072	3549	0.031771228
54072	1525	0.031738594
54072	4309	0.03169685
54072	5610	0.031696826
54072	801	0.03167879
54193	1033	0.059837013
54193	938	0.05983699
54193	636	0.059821047
54193	2920	0.059821047
54193	2360	0.05982104
54193	3440	0.059821032
54193	5114	0.059810586
54193	460	0.059598535
54193	2480	0.059594493
54193	592	0.05958251
54206	2461	0.047109067
54206	6526	0.046844527
54206	3232	0.046580028
54206	6436	0.046510726
54206	2242	0.04602761
54206	1150	0.045702465
54206	6071	0.045677338
54206	1786	0.045647234
54206	4047	0.04560351
54206	6671	0.045603506
54222	2754	0.05246477
54222	3271	0.052432083
54222	2597	0.052420422
54222	3500	0.052420396
54222	795	0.052420393
54222	4723	0.052313127
54222	2111	0.05211178
54222	6698	0.052111752
54222	6831	0.052111752
54222	2666	0.052099988
54283	1616	0.050183516
54283	1942	0.050079808
54283	2920	0.049679786
54283	636	0.049679782
54283	2360	0.04967977
54283	3440	0.04967977
54283	550	0.04962562
54283	1772	0.04954746
54283	1023	0.049547456
54283	2231	0.049547426
54290	1463	0.045746654
54290	622	0.045537848
54290	3169	0.04545876
54290	2845	0.045272067
54290	5779	0.045269288
54290	1407	0.04525178
54290	816	0.045112066
54290	4998	0.04499671
54290	2923	0.04488471
54290	6770	0.044748366
54335	2696	0.054579996
54335	3756	0.054579973
54335	3838	0.054579917
54335	4167	0.054342322
54335	3748	0.05434229
54335	3549	0.054336224
54335	5063	0.05429484
54335	5553	0.05423502
54335	6763	0.05419281
54335	3252	0.054047957
54374	5390	0.03512437
54374	2859	0.034869365
54374	1463	0.03485351
54374	3169	0.034535587
54374	5639	0.034456637
54374	5686	0.034334384
54374	2966	0.034179453
54374	2236	0.034148633
54374	340	0.034079935
54374	5154	0.033969484
54453	2516	0.05704025
54453	4729	0.057001118
54453	3570	0.056660905
54453	359	0.05609887
54453	2158	0.05581221
54453	6211	0.055711277
54453	720	0.055653382
54453	3973	0.055296693
54453	3417	0.055142492
54453	4982	0.055120848
54492	3340	0.029778216
54492	5449	0.029748416
54492	3530	0.02973543
54492	6394	0.029687192
54492	3339	0.0296408
54492	6595	0.029637147
54492	4541	0.029622875
54492	4546	0.029568663
54492	5152	0.029554185
54492	2935	0.029549811
54512	6888	0.03349603
54512	4266	0.033495992
54512	2730	0.033445977
54512	2489	0.033440776
54512	4226	0.033440776
54512	6006	0.033440746
54512	2962	0.033381652
54512	2345	0.033376478
54512	4168	0.033376478
54512	1322	0.033326466
54547	1782	0.034610063
54547	1577	0.034515012
54547	1761	0.034442246
54547	1579	0.034389596
54547	3480	0.034142554
54547	6080	0.034126475
54547	3525	0.03402888
54547	5591	0.03402888
54547	4980	0.033994123
54547	1564	0.033880822
54578	1617	0.0564722
54578	1708	0.0560477
54578	2710	0.05602585
54578	3507	0.055911988
54578	2217	0.055872962
54578	3047	0.055676617
54578	620	0.055638332
54578	2692	0.055351544
54578	186	0.05535049
54578	3979	0.05521547
54605	5298	0.046697497
54605	2744	0.046543635
54605	2308	0.046479695
54605	5618	0.046463363
54605	1221	0.0464553
54605	5205	0.046435285
54605	4096	0.046432048
54605	2271	0.04643204
54605	1226	0.04643202
54605	2428	0.046432015
54622	3195	0.049425483
54622	6340	0.049356382
54622	3836	0.04934708
54622	2046	0.049251582
54622	2243	0.049243256
54622	530	0.049116172
54622	728	0.048942354
54622	5335	0.048838496
54622	485	0.048798412
54622	5990	0.0487984
54624	3138	0.038199194
54624	4730	0.038185194
54624	6107	0.038185194
54624	6277	0.03818518
54624	3761	0.038144734
54624	5450	0.0381447
54624	6036	0.03805714
54624	6123	0.03801859
54624	2185	0.03793422
54624	6643	0.037934203
54652	805	0.055877212
54652	3280	0.05415669
54652	2583	0.054056913
54652	3214	0.054001935
54652	4060	0.053700123
54652	162	0.0533322
54652	2113	0.0533122
54652	3348	0.05327722
54652	257	0.05323162
54652	3273	0.053225894
54817	559	0.036915146
54817	6308	0.03691514
54817	617	0.036743745
54817	4619	0.036615524
54817	5947	0.036615513
54817	2155	0.036589567
54817	6682	0.036589537
54817	5499	0.036515735
54817	1435	0.03651102
54817	1283	0.03643278
54884	1444	0.05901776
54884	2961	0.059017718
54884	160	0.05853133
54884	3207	0.058439452
54884	2883	0.05837441
54884	3616	0.05830852
54884	606	0.05830165
54884	451	0.05829487
54884	1261	0.05827595
54884	2870	0.0581499
54898	708	0.08392984
54898	434	0.08392975
54898	3064	0.08350018
54898	3581	0.08183451
54898	341	0.08181217
54898	338	0.08181213
54898	1260	0.08181211
54898	5601	0.08181207
54898	2317	0.081382535
54898	6674	0.08087693
54911	4788	0.032569386
54911	4496	0.032541
54911	4245	0.032511298
54911	884	0.032469288
54911	2881	0.032384783
54911	1880	0.032379948
54911	3053	0.0323555
54911	59	0.03229421
54911	1249	0.03228499
54911	6574	0.03226611
54968	1033	0.03922593
54968	938	0.039225917
54968	5114	0.039177023
54968	2480	0.03910048
54968	2407	0.039088584
54968	1027	0.039088577
54968	1777	0.039088577
54968	1655	0.03908855
54968	2194	0.03908854
54968	1559	0.039088517
55006	692	0.06729102
55006	4245	0.065163955
55006	999	0.06461546
55006	3207	0.06445962
55006	432	0.064339936
55006	1854	0.06417165
55006	4788	0.064024806
55006	124	0.06377467
55006	15	0.06363345
55006	160	0.06312707
55027	1261	0.06615259
55027	459	0.06596714
55027	414	0.06504437
55027	2362	0.065021574
55027	2883	0.064981386
55027	3056	0.0645879
55027	1436	0.06417197
55027	1444	0.06406572
55027	2961	0.064065665
55027	3855	0.06388504
55065	662	0.04025864
55065	2064	0.04017954
55065	3971	0.03989609
55065	195	0.03988148
55065	712	0.039747447
55065	1269	0.03974741
55065	5340	0.039601628
55065	5675	0.039594665
55065	6566	0.039388783
55065	3258	0.039284192
55075	1800	0.051262133
55075	3794	0.051071227
55075	2456	0.050691456
55075	1550	0.050086275
55075	1902	0.050062817
55075	1066	0.049884874
55075	586	0.049134545
55075	3943	0.04871855
55075	61	0.04825443
55075	1430	0.048218712
55097	831	0.0371045
55097	2541	0.036636386
55097	3280	0.03654716
55097	2470	0.036265597
55097	3196	0.036188185
55097	175	0.03617634
55097	3878	0.035985902
55097	474	0.035869204
55097	2233	0.035853814
55097	621	0.035780124
55142	1452	0.0361899
55142	1359	0.03611234
55142	4486	0.036090985
55142	2472	0.03603687
55142	3402	0.03603687
55142	4008	0.036004394
55142	3255	0.035985794
55142	4298	0.035926845
55142	3986	0.035908256
55142	1460	0.0358541
55178	877	0.050985448
55178	5638	0.050970547
55178	2165	0.050859332
55178	6170	0.050745253
55178	6729	0.05074524
55178	5218	0.050455105
55178	5496	0.050455056
55178	5649	0.05036114
55178	4052	0.05034333
55178	571	0.050341018
55187	2178	0.05647891
55187	350	0.056058384
55187	2513	0.055738393
55187	51	0.05536019
55187	3899	0.055240657
55187	3300	0.054885607
55187	4269	0.05467663
55187	338	0.054667033
55187	341	0.054667026
55187	1260	0.054667026
55270	6727	0.044191584
55270	4303	0.044131964
55270	3723	0.044068657
55270	4344	0.044012744
55270	4000	0.04377134
55270	6009	0.04371988
55270	6912	0.043686558
55270	4510	0.04362175
55270	6356	0.043549165
55270	6137	0.043363903
55272	3021	0.0626295
55272	4447	0.0626295
55272	6301	0.0626295
55272	3491	0.06262948
55272	6326	0.062524095
55272	5898	0.06243685
55272	5589	0.062436793
55272	6452	0.062436752
55272	382	0.062331423
55272	3508	0.062223017
55398	1220	0.058163334
55398	2713	0.058125503
55398	2165	0.057871405
55398	3191	0.057511307
55398	2014	0.05743212
55398	5740	0.057432115
55398	5906	0.05741791
55398	5218	0.057318535
55398	5496	0.057318483
55398	6170	0.057280716
55438	3581	0.06624828
55438	708	0.06618643
55438	434	0.0661864
55438	3064	0.065853894
55438	341	0.06552619
55438	338	0.06552616
55438	1260	0.06552613
55438	5601	0.0655261
55438	2317	0.065193646
55438	2387	0.06459664
55441	1314	0.043672092
55441	4936	0.043618977
55441	5337	0.043434624
55441	1311	0.043372795
55441	2959	0.043372788
55441	5026	0.04328855
55441	437	0.04318841
55441	4772	0.043092266
55441	5017	0.043082595
55441	3740	0.043049924
55487	688	0.043407552
55487	3436	0.04328069
55487	4781	0.0432495
55487	3809	0.043224886
55487	2295	0.04322487
55487	4679	0.04321302
55487	1726	0.04318478
55487	295	0.043117173
55487	3326	0.04309251
55487	3881	0.043092497
55492	6674	0.045741864
55492	4269	0.045727372
55492	708	0.04522942
55492	3064	0.04519237
55492	338	0.044934954
55492	1260	0.04493495
55492	5601	0.04493492
55492	2317	0.044897936
55492	3899	0.04484895
55492	2823	0.04452321
55493	3219	0.05969329
55493	6285	0.059656516
55493	218	0.05950559
55493	3222	0.059042186
55493	2077	0.059017576
55493	442	0.05901756
55493	3789	0.05894777
55493	144	0.05868364
55493	393	0.05867502
55493	543	0.058671266
55548	2290	0.05986593
55548	2513	0.05978312
55548	3899	0.059028596
55548	2178	0.058682323
55548	473	0.05862111
55548	350	0.058535956
55548	983	0.058152035
55548	5649	0.05798702
55548	4269	0.057872325
55548	1248	0.057849687
55559	3436	0.037405685
55559	688	0.037288122
55559	4895	0.0372436
55559	2850	0.037243556
55559	5501	0.03721754
55559	149	0.03720633
55559	6384	0.03720631
55559	1726	0.037145022
55559	4277	0.037088785
55559	4679	0.03707438
55562	507	0.058176287
55562	4442	0.058066115
55562	589	0.057761557
55562	5205	0.057215273
55562	2744	0.056492284
55562	5762	0.056265328
55562	5136	0.05609509
55562	5618	0.055866383
55562	5230	0.05562765
55562	1589	0.055566657
55607	2732	0.050906666
55607	4178	0.050712816
55607	2080	0.050712757
55607	259	0.050674506
55607	1091	0.050558917
55607	6590	0.050545618
55607	892	0.050406903
55607	1309	0.050387584
55607	5586	0.050364386
55607	6761	0.050295867
55631	153	0.044571392
55631	1290	0.044553503
55631	5699	0.044515416
55631	2296	0.044454336
55631	987	0.04434605
55631	4669	0.044239007
55631	6598	0.044196747
55631	784	0.044183075
55631	5884	0.04418302
55631	887	0.044140235
55655	1761	0.038008407
55655	1577	0.03777055
55655	1500	0.03774023
55655	4003	0.03765728
55655	1782	0.037511967
55655	1190	0.037346248
55655	428	0.03725732
55655	685	0.03723782
55655	4433	0.0371766
55655	5591	0.03712381
55734	1639	0.06719133
55734	541	0.066743895
55734	1458	0.06674388
55734	168	0.06674385
55734	6544	0.06674382
55734	4703	0.06672138
55734	1593	0.06672137
55734	4034	0.06672137
55734	6834	0.06668481
55734	1667	0.066367194
55751	54	0.055944588
55751	2919	0.05587819
55751	2912	0.05582323
55751	4401	0.055775397
55751	1773	0.055756412
55751	665	0.055709973
55751	930	0.055686697
55751	3142	0.05568664
55751	465	0.055686638
55751	577	0.055541128
55779	6086	0.04059789
55779	2659	0.04026845
55779	4355	0.040119365
55779	612	0.04011532
55779	3787	0.04010295
55779	139	0.040098287
55779	2943	0.040056016
55779	2001	0.039954834
55779	2046	0.039825
55779	1998	0.039733514
55787	1185	0.060103748
55787	460	0.059919104
55787	2951	0.059857756
55787	592	0.059800714
55787	1680	0.059727628
55787	653	0.059720874
55787	4401	0.05971337
55787	1336	0.05964849
55787	1884	0.0596271
55787	1058	0.059550513
55789	1800	0.048182897
55789	1066	0.04814852
55789	883	0.048124492
55789	4438	0.048124485
55789	4876	0.04812445
55789	573	0.048089214
55789	3794	0.047832586
55789	2317	0.047243636
55789	1070	0.047059707
55789	2456	0.046975307
55799	449	0.0686207
55799	1179	0.06815092
55799	4458	0.06738941
55799	1631	0.06727488
55799	5140	0.06688176
55799	3443	0.06683704
55799	1764	0.06682684
55799	2044	0.06656236
55799	1076	0.06639865
55799	2991	0.06636235
55826	628	0.055710085
55826	637	0.055476792
55826	1428	0.055291545
55826	824	0.055203035
55826	2366	0.05496972
55826	3796	0.05479438
55826	397	0.054727424
55826	4227	0.05471489
55826	85	0.05434289
55826	2197	0.054191392
55858	526	0.047991008
55858	1961	0.047456965
55858	4560	0.046989456
55858	2950	0.04676081
55858	910	0.046684742
55858	5288	0.04659666
55858	1586	0.046254627
55858	4332	0.04611803
55858	2267	0.046100713
55858	169	0.04605078
55892	365	0.04322966
55892	968	0.043129694
55892	3532	0.04275949
55892	5795	0.04275725
55892	40	0.042387024
55892	1891	0.04231993
55892	859	0.04223108
55892	4560	0.042219877
55892	2267	0.04211013
55892	456	0.042016737
55927	730	0.06746011
55927	2156	0.06686868
55927	1897	0.06635897
55927	934	0.066358894
55927	1066	0.06594229
55927	352	0.06580057
55927	1430	0.06548348
55927	2222	0.065408364
55927	3209	0.06486803
55927	72	0.06486797
55961	1261	0.06442478
55961	606	0.063854866
55961	2387	0.063844904
55961	1436	0.06371981
55961	2883	0.06351106
55961	448	0.06328373
55961	879	0.06323328
55961	1076	0.06322622
55961	613	0.06315433
55961	708	0.06292839
56157	6099	0.054797847
56157	4668	0.054704167
56157	5195	0.054562032
56157	1543	0.054561988
56157	72	0.054538317
56157	821	0.054513827
56157	2806	0.05451267
56157	4825	0.054467477
56157	6795	0.054396212
56157	5094	0.054362822
56246	6568	0.051788624
56246	2004	0.051682763
56246	1273	0.05156187
56246	951	0.051500116
56246	1169	0.051131424
56246	3243	0.05112058
56246	5973	0.05096886
56246	4951	0.05096005
56246	3368	0.050940532
56246	5576	0.050929654
56272	4951	0.044999428
56272	3243	0.044749305
56272	3119	0.04440493
56272	6568	0.044380166
56272	1895	0.044319637
56272	2393	0.04428369
56272	943	0.044232246
56272	2381	0.044232234
56272	1941	0.044190027
56272	3729	0.0441501
56307	5224	0.061918117
56307	1292	0.061918106
56307	5952	0.061918102
56307	6850	0.061918102
56307	2047	0.06191808
56307	3472	0.06190221
56307	1419	0.061774697
56307	4756	0.061774693
56307	1421	0.061774686
56307	3822	0.06177467
56315	262	0.043365493
56315	84	0.043336615
56315	330	0.043336555
56315	2631	0.043078043
56315	2001	0.04298838
56315	892	0.042915016
56315	6543	0.042858064
56315	3274	0.042837728
56315	140	0.0428122
56315	4921	0.042801827
56369	942	0.037519496
56369	2314	0.037519444
56369	2459	0.037491217
56369	3185	0.037452303
56369	3223	0.03745229
56369	2834	0.037452266
56369	496	0.037382536
56369	3366	0.037302345
56369	2889	0.037231337
56369	1937	0.037231322
56391	636	0.05830756
56391	2920	0.05830756
56391	2360	0.058307543
56391	3440	0.058307543
56391	5833	0.058174808
56391	415	0.05817096
56391	1616	0.05792947
56391	2024	0.057879996
56391	1772	0.05782365
56391	1023	0.057823636
56554	4181	0.07245446
56554	4639	0.07245442
56554	18	0.07210769
56554	3438	0.07202434
56554	1416	0.0719808
56554	3317	0.071410954
56554	1085	0.07129723
56554	5018	0.07125157
56554	6056	0.07121924
56554	1219	0.07108617
56623	448	0.04494989
56623	1076	0.04473302
56623	2991	0.044659715
56623	581	0.04460854
56623	2387	0.044411972
56623	6111	0.044409066
56623	407	0.044406824
56623	2503	0.04434006
56623	693	0.043829523
56623	1817	0.04374806
56625	329	0.035287857
56625	619	0.035287853
56625	1854	0.035242565
56625	59	0.035216317
56625	2543	0.034991838
56625	432	0.03490791
56625	440	0.034900524
56625	5230	0.03485205
56625	1251	0.034691773
56625	6004	0.034618903
56654	1389	0.07928929
56654	247	0.07892664
56654	406	0.07886706
56654	420	0.07885954
56654	614	0.07841859
56654	2919	0.078382656
56654	2912	0.07831025
56654	2620	0.07825063
56654	410	0.078073725
56654	3705	0.07806225
56661	319	0.0500698
56661	1523	0.05006979
56661	2189	0.050069764
56661	4186	0.050031133
56661	1195	0.05002492
56661	6252	0.050024837
56661	5393	0.04996687
56661	4231	0.049966853
56661	6540	0.049869545
56661	6299	0.049869485
56663	451	0.043893155
56663	1626	0.043679103
56663	997	0.04335481
56663	2870	0.0433548
56663	1444	0.043341868
56663	2961	0.043341838
56663	77	0.043096285
56663	611	0.04301979
56663	540	0.043010663
56663	170	0.04297621
56804	1286	0.05301067
56804	37	0.052764527
56804	604	0.052704133
56804	6291	0.05269527
56804	3342	0.052572194
56804	2684	0.052561905
56804	446	0.05237887
56804	1289	0.052219488
56804	1212	0.052130826
56804	5570	0.052130826
56856	3899	0.048879206
56856	4269	0.048705526
56856	6674	0.048538804
56856	1783	0.048399404
56856	2290	0.04836067
56856	730	0.0481707
56856	2513	0.04809773
56856	338	0.048076604
56856	341	0.0480766
56856	1260	0.0480766
56905	4572	0.03800805
56905	2705	0.037911694
56905	75	0.03784947
56905	2714	0.037849396
56905	2546	0.03777279
56905	4628	0.03772746
56905	5914	0.037391093
56905	2212	0.037354298
56905	5273	0.037354287
56905	6338	0.037354283
56917	584	0.03302773
56917	3499	0.03294252
56917	4697	0.03294251
56917	5870	0.03291157
56917	6453	0.032907564
56917	841	0.032907557
56917	1986	0.032907557
56917	1364	0.032907553
56917	4590	0.032907534
56917	1756	0.03283868
56985	5741	0.058430813
56985	6367	0.058210284
56985	6541	0.058016058
56985	2475	0.058016025
56985	786	0.05785486
56985	1479	0.057694376
56985	132	0.057694368
56985	4421	0.05765141
56985	4735	0.05753482
56985	4960	0.05748045
57095	175	0.05931823
57095	2541	0.058779918
57095	3133	0.05874876
57095	487	0.058729302
57095	739	0.058657072
57095	3280	0.058414165
57095	5815	0.057983454
57095	2867	0.057983432
57095	20	0.05798341
57095	3770	0.057877496
57105	1626	0.05358071
57105	127	0.053575672
57105	540	0.053520843
57105	202	0.05329917
57105	3074	0.053151853
57105	3182	0.053151853
57105	5781	0.052966807
57105	3056	0.05285886
57105	165	0.05283402
57105	1444	0.05280958
57108	413	0.03927633
57108	4885	0.0392763
57108	4747	0.039226674
57108	4877	0.0391828
57108	2917	0.039164074
57108	2796	0.039029475
57108	154	0.038932845
57108	6363	0.03891407
57108	309	0.038894407
57108	946	0.03889438
57124	1927	0.04816348
57124	966	0.04816343
57124	4162	0.048018463
57124	6096	0.047971196
57124	3569	0.047971167
57124	4258	0.047971167
57124	6454	0.047790233
57124	1304	0.04764524
57124	3299	0.047592912
57124	1530	0.047453307
57200	5075	0.040293533
57200	3093	0.040186256
57200	6140	0.040091738
57200	2336	0.039986268
57200	2329	0.039962064
57200	4202	0.039933152
57200	2190	0.03990272
57200	644	0.039885968
57200	1836	0.039858323
57200	380	0.03982595
57234	1627	0.04122903
57234	2302	0.041160867
57234	301	0.04114362
57234	2554	0.0411436
57234	6406	0.040927254
57234	1958	0.040923104
57234	925	0.04083209
57234	1415	0.04075709
57234	438	0.040757068
57234	3129	0.040707417
57255	2793	0.053648982
57255	5215	0.053557765
57255	5745	0.053557724
57255	2276	0.053548686
57255	4577	0.053494077
57255	4411	0.053410023
57255	305	0.05340431
57255	256	0.053377576
57255	2695	0.05337753
57255	6233	0.053346
57267	420	0.05404655
57267	1389	0.053694203
57267	406	0.053318374
57267	2620	0.05328616
57267	614	0.053214207
57267	1193	0.053027336
57267	2093	0.052824065
57267	4867	0.052453797
57267	2432	0.052273795
57267	1253	0.052212548
57269	1927	0.0506934
57269	966	0.050693344
57269	6096	0.05063472
57269	4258	0.050634697
57269	3569	0.05063467
57269	4812	0.050293483
57269	1530	0.05027304
57269	4440	0.05027301
57269	4929	0.050273005
57269	1095	0.05027297
57302	503	0.04557085
57302	274	0.04549828
57302	814	0.045354202
57302	1115	0.045312487
57302	3083	0.045094915
57302	991	0.044977076
57302	1220	0.04488443
57302	2156	0.04456465
57302	5195	0.04444538
57302	1543	0.04444533
57369	194	0.04455827
57369	1853	0.04446002
57369	452	0.04445995
57369	5602	0.044423155
57369	3337	0.04423897
57369	2628	0.04405342
57369	759	0.044014703
57369	2992	0.043968923
57369	4930	0.043832712
57369	4108	0.043819617
57398	4332	0.047625445
57398	169	0.04747592
57398	1594	0.047421336
57398	170	0.047313374
57398	2063	0.04721614
57398	1068	0.047141932
57398	2950	0.046903316
57398	1329	0.046868227
57398	2795	0.046773046
57398	4201	0.04663881
57449	586	0.044188898
57449	5568	0.044026732
57449	1800	0.043740883
57449	1430	0.043611143
57449	1897	0.04334838
57449	934	0.043348335
57449	1066	0.043330804
57449	4483	0.043309342
57449	3421	0.04330931
57449	5927	0.043309294
57599	3631	0.0637273
57599	3445	0.063427106
57599	3373	0.06337982
57599	789	0.063379735
57599	1973	0.06337972
57599	4878	0.063379705
57599	1491	0.06323169
57599	1515	0.06323169
57599	4450	0.06322196
57599	977	0.063139886
57620	552	0.06762325
57620	5936	0.067623235
57620	2469	0.0672535
57620	70	0.06717397
57620	5404	0.06717394
57620	3520	0.06706745
57620	5567	0.06687833
57620	68	0.06681013
57620	6111	0.066544816
57620	486	0.066474706
57632	1101	0.030863203
57632	3290	0.030569201
57632	4051	0.030534575
57632	5064	0.030534538
57632	895	0.030498706
57632	3320	0.030460678
57632	4549	0.030389456
57632	1882	0.03036849
57632	703	0.030311879
57632	1270	0.030249655
57713	662	0.048673354
57713	2064	0.048668154
57713	712	0.0485652
57713	1269	0.04856515
57713	3971	0.048433058
57713	5340	0.048224382
57713	5675	0.048132006
57713	195	0.048114464
57713	6566	0.04800859
57713	1270	0.047807485
57725	938	0.062152877
57725	1033	0.06215287
57725	1027	0.0620872
57725	2407	0.062087193
57725	1777	0.06208719
57725	2194	0.062087156
57725	1655	0.06208715
57725	1559	0.062087096
57725	5114	0.061769076
57725	2625	0.06176176
57833	3863	0.04890416
57833	253	0.048904136
57833	3502	0.04890412
57833	3551	0.048904113
57833	601	0.04890408
57833	4022	0.048904076
57833	5938	0.048904076
57833	3816	0.048904072
57833	686	0.04890407
57833	729	0.04890407
57920	1574	0.056204908
57920	1750	0.055892844
57920	710	0.055829007
57920	1698	0.055754956
57920	625	0.055724375
57920	2119	0.05569258
57920	2532	0.05566204
57920	2809	0.055662036
57920	3669	0.055661984
57920	1817	0.055623394
57935	4286	0.039828546
57935	3380	0.03981427
57935	1412	0.039656177
57935	6317	0.039619505
57935	2983	0.039592955
57935	4747	0.039546996
57935	1751	0.039471045
57935	4877	0.039446756
57935	2006	0.039410435
57935	2842	0.039290596
57959	623	0.050369
57959	5279	0.050090857
57959	839	0.050017133
57959	3200	0.049942523
57959	1588	0.049884923
57959	6559	0.04986973
57959	4774	0.049857363
57959	5290	0.049753442
57959	272	0.049656034
57959	3281	0.049630724
57960	3570	0.049109537
57960	4729	0.048770018
57960	74	0.048766583
57960	5863	0.048619434
57960	2858	0.048612688
57960	6445	0.048425823
57960	4798	0.04839565
57960	359	0.04830546
57960	4982	0.04827307
57960	1453	0.04808548
57976	3361	0.059049886
57976	5410	0.059049863
57976	2173	0.05904986
57976	3331	0.059049852
57976	3452	0.058805946
57976	1296	0.058774874
57976	1448	0.058741063
57976	4219	0.058646224
57976	3918	0.058576405
57976	1593	0.058405414
58062	3337	0.048611466
58062	737	0.048391953
58062	2992	0.048313543
58062	3948	0.04817609
58062	1447	0.048118047
58062	895	0.04806575
58062	258	0.04801614
58062	4051	0.04798063
58062	5064	0.047980584
58062	3290	0.047948807
58142	1496	0.04648886
58142	1097	0.046418007
58142	2108	0.04635045
58142	3241	0.046345692
58142	5457	0.046189465
58142	5271	0.04618048
58142	2124	0.046010375
58142	6648	0.045964435
58142	4631	0.04573273
58142	4487	0.045692556
58151	2627	0.03153925
58151	2894	0.031462982
58151	5988	0.031462528
58151	5	0.031426206
58151	167	0.031401075
58151	3288	0.03134504
58151	5444	0.031293564
58151	5836	0.031238265
58151	2334	0.031192746
58151	4337	0.03116468
58224	1839	0.05112037
58224	5039	0.05106266
58224	1739	0.051062636
58224	1729	0.05091832
58224	2332	0.050917547
58224	5324	0.050910417
58224	2700	0.050792184
58224	3951	0.05079216
58224	327	0.050792158
58224	3781	0.050769247
58255	1850	0.04577723
58255	2484	0.045452386
58255	4928	0.045376785
58255	4080	0.04527405
58255	1041	0.045218207
58255	5435	0.044866525
58255	4083	0.04486297
58255	5368	0.044823177
58255	4454	0.044799633
58255	3254	0.04477472
58342	2324	0.041657314
58342	2919	0.041603185
58342	577	0.04152649
58342	4696	0.041526467
58342	247	0.041524064
58342	1336	0.04144414
58342	4401	0.041365325
58342	1186	0.041358255
58342	2963	0.04134599
58342	3422	0.041325502
58351	102	0.04830376
58351	675	0.048301306
58351	3133	0.04796402
58351	5815	0.047962517
58351	20	0.047962505
58351	2867	0.047962494
58351	739	0.047905035
58351	1617	0.04776736
58351	1602	0.047721587
58351	347	0.047603033
58389	412	0.048545755
58389	4433	0.048433833
58389	2465	0.048417594
58389	449	0.04841467
58389	3520	0.048407033
58389	1500	0.048370957
58389	1205	0.048362475
58389	210	0.04836243
58389	4003	0.048360445
58389	2120	0.048321962
58458	0	0.044501532
58458	5119	0.044251792
58458	1757	0.04353926
58458	6414	0.04327668
58458	2016	0.043058343
58458	6372	0.04281097
58458	4482	0.04281094
58458	4098	0.04267479
58458	4940	0.042627916
58458	2648	0.042607863
58497	5436	0.054605104
58497	6280	0.05445609
58497	3063	0.054456033
58497	126	0.054452978
58497	4655	0.05445217
58497	2720	0.05437479
58497	4957	0.054289058
58497	770	0.054278173
58497	32	0.054269284
58497	1849	0.05425828
58529	309	0.059832618
58529	946	0.059832577
58529	6483	0.059600726
58529	4872	0.059489124
58529	629	0.059459563
58529	6352	0.05934809
58529	3685	0.059348058
58529	4762	0.059348054
58529	5881	0.059348054
58529	4747	0.059266
58594	560	0.033767574
58594	2857	0.033726886
58594	1056	0.033726867
58594	1961	0.033484813
58594	2950	0.033448115
58594	1068	0.033432685
58594	1447	0.033382118
58594	1594	0.033366032
58594	526	0.03333926
58594	3049	0.03318935
58612	910	0.050318778
58612	202	0.050231162
58612	170	0.050227106
58612	1586	0.050112642
58612	2063	0.050046217
58612	4332	0.049930878
58612	1370	0.04952018
58612	5352	0.049501397
58612	5254	0.04949685
58612	4432	0.0494852
58708	662	0.072307475
58708	6566	0.07165178
58708	4452	0.07136284
58708	2427	0.07132255
58708	1270	0.07130711
58708	5163	0.07130706
58708	2064	0.0711447
58708	2273	0.07098912
58708	3348	0.070942305
58708	712	0.07081637
58768	3277	0.042993642
58768	2164	0.0429643
58768	3276	0.04278661
58768	1995	0.042768598
58768	1992	0.042730797
58768	3837	0.042714264
58768	6084	0.042689927
58768	694	0.04266424
58768	2259	0.042664226
58768	6853	0.042570874
58792	4581	0.06223563
58792	4222	0.0619253
58792	2225	0.061817773
58792	1991	0.061752535
58792	1949	0.06174524
58792	6163	0.06163858
58792	3924	0.061434925
58792	4497	0.061416723
58792	3473	0.061410956
58792	1675	0.061410896
58877	2614	0.055968262
58877	2615	0.055759616
58877	4503	0.05550593
58877	993	0.05540712
58877	1841	0.05520975
58877	6497	0.055196226
58877	5386	0.055146366
58877	2607	0.055076208
58877	6640	0.055018604
58877	6296	0.05498767
58911	5771	0.08842368
58911	1592	0.088218845
58911	5184	0.08784382
58911	645	0.08774005
58911	3909	0.08774002
58911	957	0.08741879
58911	3062	0.0872141
58911	4458	0.08710443
58911	575	0.086791046
58911	2467	0.08661577
58961	5983	0.04986446
58961	2500	0.049782816
58961	828	0.049661238
58961	566	0.049661227
58961	5981	0.049409695
58961	3824	0.049349286
58961	6197	0.049168363
58961	2853	0.04910521
58961	3017	0.04897263
58961	1010	0.04897257
58964	4433	0.06054423
58964	412	0.060223088
58964	1966	0.05997083
58964	2465	0.059910618
58964	685	0.059663862
58964	239	0.059583694
58964	935	0.059581473
58964	3126	0.059419505
58964	5021	0.059414066
58964	903	0.059339657
59038	3581	0.051755004
59038	41	0.051677316
59038	1781	0.051548652
59038	50	0.051509883
59038	1817	0.051456984
59038	133	0.05145694
59038	581	0.05141288
59038	448	0.05124393
59038	708	0.051185355
59038	434	0.051185317
59059	464	0.03829124
59059	4922	0.038291197
59059	1635	0.03823859
59059	3514	0.03820284
59059	357	0.038202807
59059	3110	0.0380833
59059	1584	0.03801737
59059	2505	0.037985984
59059	3091	0.03790909
59059	4504	0.03789691
59150	1640	0.057885353
59150	2398	0.057885326
59150	2516	0.057235338
59150	589	0.05692692
59150	800	0.056044236
59150	507	0.05600009
59150	158	0.055585656
59150	4165	0.055499665
59150	504	0.05535549
59150	3770	0.055336654
59172	4051	0.051173575
59172	5064	0.051173527
59172	6265	0.051101632
59172	3290	0.050817408
59172	895	0.050803363
59172	5729	0.050731465
59172	737	0.050640233
59172	1101	0.05051732
59172	3130	0.050500713
59172	3320	0.050470293
59180	3810	0.043655753
59180	5269	0.043655735
59180	1142	0.04365573
59180	6508	0.043487348
59180	1972	0.043487344
59180	5460	0.04348732
59180	1146	0.043387692
59180	4223	0.04338769
59180	594	0.043345783
59180	3116	0.04334578
59189	1379	0.040250644
59189	5626	0.04022573
59189	2292	0.040214438
59189	4701	0.040146872
59189	6651	0.040146835
59189	5123	0.040123835
59189	6039	0.040097952
59189	2603	0.040076826
59189	5371	0.039998066
59189	3784	0.03999804
59206	2568	0.04025562
59206	6025	0.04024245
59206	6799	0.040242445
59206	6188	0.040101442
59206	1979	0.04008831
59206	6745	0.040049884
59206	591	0.040046267
59206	2626	0.040003322
59206	3778	0.03996209
59206	5812	0.039900653
59209	6674	0.047799762
59209	4269	0.047445
59209	991	0.04653217
59209	3064	0.04623104
59209	503	0.046058748
59209	2156	0.04603076
59209	981	0.045729734
59209	274	0.045426004
59209	1709	0.04540173
59209	1640	0.045387194
59267	5304	0.07779503
59267	268	0.07763694
59267	1432	0.07750192
59267	2467	0.07747314
59267	5184	0.076907516
59267	6275	0.07649657
59267	1808	0.076480456
59267	187	0.07642433
59267	2574	0.076370016
59267	5406	0.076366425
59269	6777	0.043920472
59269	6010	0.043917164
59269	2569	0.043838806
59269	5637	0.04383879
59269	3699	0.043838743
59269	6551	0.04383619
59269	1638	0.043777652
59269	1748	0.0437674
59269	4122	0.043767396
59269	4620	0.043752305
59305	741	0.04515005
59305	1367	0.045150027
59305	491	0.044899605
59305	3128	0.044641435
59305	6441	0.044636987
59305	3730	0.044544313
59305	696	0.04451463
59305	6869	0.04446388
59305	976	0.04445066
59305	6311	0.044417106
59390	459	0.048847973
59390	188	0.048812326
59390	5250	0.048468567
59390	2362	0.04823123
59390	937	0.04817451
59390	152	0.0481745
59390	414	0.048064046
59390	3855	0.04795287
59390	2552	0.04791378
59390	3877	0.047875468
59499	431	0.04337038
59499	1916	0.043207515
59499	2404	0.043047648
59499	2684	0.04288206
59499	6669	0.042866874
59499	4687	0.04282371
59499	3719	0.04277806
59499	3666	0.042778052
59499	5440	0.042778052
59499	1417	0.042753704
59504	4707	0.03930243
59504	3560	0.039272666
59504	2585	0.03914795
59504	3314	0.03912307
59504	6663	0.03912305
59504	1356	0.039096486
59504	3375	0.039093725
59504	3531	0.039043225
59504	4764	0.038999043
59504	522	0.038978234
59554	6896	0.04622571
59554	394	0.046089992
59554	1836	0.046005297
59554	381	0.045951188
59554	6834	0.045940507
59554	3159	0.045928046
59554	1064	0.045844954
59554	3286	0.045844913
59554	5682	0.04584377
59554	6079	0.045829676
59612	85	0.05130972
59612	500	0.051227495
59612	1971	0.051149253
59612	407	0.051136322
59612	693	0.05105953
59612	3943	0.05105531
59612	809	0.05098897
59612	1947	0.050809845
59612	1817	0.05080401
59612	133	0.05080398
59656	122	0.042530052
59656	2045	0.042272925
59656	2251	0.042233735
59656	1688	0.04220876
59656	5669	0.042109847
59656	4653	0.04176093
59656	4422	0.041478314
59656	4327	0.041358702
59656	1595	0.041241817
59656	6429	0.041127093
59727	732	0.044135373
59727	3691	0.044133842
59727	1101	0.044061247
59727	733	0.043872245
59727	3320	0.04379815
59727	2813	0.04376548
59727	2210	0.043760236
59727	1882	0.043565374
59727	6670	0.043559797
59727	703	0.04349532
59770	4261	0.048175853
59770	483	0.048175797
59770	6461	0.048129335
59770	2287	0.048080765
59770	1723	0.048048213
59770	2135	0.04804818
59770	1359	0.047910374
59770	3010	0.047822036
59770	6586	0.04778954
59770	498	0.04770935
59820	3083	0.05884029
59820	1117	0.057844896
59820	5155	0.057844896
59820	2497	0.057844855
59820	3946	0.05775462
59820	834	0.057754613
59820	5195	0.05764655
59820	1543	0.057646483
59820	814	0.057371162
59820	503	0.057356074
59895	2387	0.06927179
59895	448	0.06867887
59895	4710	0.06865114
59895	2503	0.06846578
59895	613	0.0681936
59895	6111	0.06807643
59895	710	0.068016075
59895	4247	0.06792913
59895	693	0.0677385
59895	1492	0.06715503
59912	3512	0.047846437
59912	2493	0.047358543
59912	3315	0.04727553
59912	2215	0.04721669
59912	3197	0.04702171
59912	2290	0.046928726
59912	6023	0.046916433
59912	1472	0.046911184
59912	153	0.04670842
59912	1158	0.046655037
59933	3135	0.046580397
59933	4471	0.046192586
59933	4336	0.046118494
59933	5054	0.046063885
59933	775	0.045899995
59933	480	0.044887252
59933	471	0.04484316
59933	779	0.044438187
59933	3977	0.044313274
59933	983	0.04408407
59971	3044	0.05152821
59971	4708	0.05133243
59971	477	0.051330123
59971	1548	0.051284444
59971	860	0.051191825
59971	2013	0.050967038
59971	4138	0.050943814
59971	1736	0.05094204
59971	2840	0.0508758
59971	5829	0.0507926
60029	286	0.05976958
60029	2119	0.05972649
60029	1698	0.05945521
60029	1750	0.05935183
60029	5572	0.059061095
60029	3651	0.059061088
60029	4028	0.059061088
60029	1510	0.058984093
60029	4180	0.058984045
60029	4055	0.058789883
60040	3659	0.049569093
60040	320	0.049443103
60040	5361	0.049076334
60040	3552	0.049076304
60040	83	0.048884258
60040	4132	0.04884059
60040	140	0.04840593
60040	3156	0.04832712
60040	3616	0.048144292
60040	997	0.048029028
60050	1640	0.045935214
60050	2398	0.045935206
60050	504	0.04591585
60050	3064	0.045540765
60050	708	0.04543804
60050	434	0.04543799
60050	2823	0.04507535
60050	6674	0.04483106
60050	4269	0.044229943
60050	971	0.043972824
60079	2333	0.052921914
60079	159	0.052921887
60079	541	0.052875422
60079	6544	0.0528754
60079	1458	0.052875392
60079	168	0.052875377
60079	4666	0.052839864
60079	4676	0.05283981
60079	3735	0.052839793
60079	6918	0.052797988
60130	20	0.054376587
60130	5815	0.054376587
60130	2867	0.054376557
60130	739	0.05408351
60130	1602	0.054021254
60130	3133	0.053783514
60130	1261	0.053437803
60130	459	0.05328556
60130	347	0.05265855
60130	188	0.052583016
60140	4725	0.039662726
60140	5076	0.03963583
60140	3149	0.039088443
60140	2727	0.03904532
60140	5508	0.038971096
60140	2948	0.038888205
60140	5664	0.038623758
60140	6824	0.038592603
60140	1569	0.03849107
60140	3882	0.038491067
60157	3364	0.045249283
60157	2010	0.04493576
60157	1662	0.044783372
60157	5696	0.044783365
60157	6417	0.044783317
60157	1182	0.04476001
60157	4116	0.04476001
60157	34	0.044666328
60157	2070	0.044619963
60157	3297	0.044565503
60168	895	0.036046203
60168	4051	0.035919957
60168	5064	0.03591992
60168	1447	0.03590709
60168	3290	0.035884507
60168	1101	0.035872333
60168	3691	0.035630375
60168	1882	0.035488196
60168	3320	0.035423286
60168	4571	0.035321794
60211	2503	0.060901105
60211	1076	0.060857452
60211	2991	0.060670633
60211	1492	0.060352795
60211	613	0.060175803
60211	1177	0.059706025
60211	2044	0.05965082
60211	1947	0.059634443
60211	3443	0.059570953
60211	649	0.0593199
60253	4907	0.0548563
60253	1744	0.054856285
60253	1557	0.054837324
60253	315	0.054730766
60253	6206	0.054569162
60253	3011	0.054514617
60253	4564	0.05451212
60253	4520	0.054391496
60253	2832	0.05439146
60253	4905	0.05428191
60263	6674	0.071313724
60263	5879	0.07113306
60263	472	0.070919946
60263	708	0.07088649
60263	3064	0.07085277
60263	6430	0.07080139
60263	3775	0.07078706
60263	487	0.070581436
60263	4269	0.0704997
60263	183	0.070342824
60278	6563	0.048052542
60278	9	0.04804767
60278	1459	0.047469947
60278	6125	0.047325514
60278	2426	0.04695373
60278	3278	0.046940416
60278	5384	0.046727702
60278	4133	0.046591677
60278	2761	0.046283163
60278	6836	0.04620479
60307	3626	0.037879903
60307	6337	0.037777275
60307	5260	0.037659474
60307	4304	0.037631057
60307	2636	0.0375112
60307	4202	0.037463423
60307	5075	0.037438132
60307	3175	0.037364513
60307	2707	0.03733425
60307	2929	0.03730897
60319	4479	0.031514585
60319	1732	0.03150481
60319	2030	0.03150481
60319	5104	0.031493958
60319	2053	0.03149369
60319	4712	0.031270627
60319	5308	0.031222098
60319	6605	0.03114615
60319	4380	0.03111368
60319	6838	0.031088958
60336	292	0.043608323
60336	5991	0.043608304
60336	5406	0.043520123
60336	5042	0.043520115
60336	723	0.0433494
60336	6213	0.043312762
60336	2324	0.043283828
60336	1755	0.043272845
60336	5301	0.04327282
60336	2963	0.043195583
60337	5114	0.04970716
60337	1991	0.049580026
60337	925	0.049556017
60337	301	0.049324997
60337	2554	0.049324982
60337	954	0.04925748
60337	2225	0.04922447
60337	2458	0.049208194
60337	938	0.049144283
60337	1033	0.049144275
60392	352	0.04619202
60392	689	0.04595727
60392	1066	0.0458922
60392	1630	0.045621395
60392	2156	0.04554189
60392	1897	0.045479584
60392	934	0.04547953
60392	1430	0.04531203
60392	2222	0.045241624
60392	2823	0.045173742
60412	2669	0.044365894
60412	6737	0.04423389
60412	2169	0.04408943
60412	963	0.04403028
60412	4951	0.04399374
60412	3243	0.0439872
60412	2386	0.043945394
60412	98	0.043928757
60412	1207	0.043915946
60412	1776	0.043853946
60427	2471	0.050609745
60427	4437	0.05052924
60427	3983	0.050258934
60427	1104	0.05022496
60427	4139	0.049998514
60427	95	0.049921677
60427	5195	0.049915396
60427	1543	0.049915347
60427	6116	0.04974097
60427	4096	0.04966392
60445	188	0.06629603
60445	347	0.066057846
60445	2552	0.06576884
60445	4726	0.06530948
60445	459	0.065086864
60445	5250	0.06493749
60445	3855	0.0648291
60445	2316	0.064750135
60445	2837	0.06450168
60445	2362	0.06431006
60475	4167	0.039318413
60475	3748	0.039318398
60475	259	0.039198168
60475	265	0.039171003
60475	1883	0.039170995
60475	6763	0.039170437
60475	4178	0.039137807
60475	2080	0.03913776
60475	2696	0.038996667
60475	3756	0.03899664
60546	3050	0.0578217
60546	3247	0.057805277
60546	2947	0.057396464
60546	3028	0.057280645
60546	961	0.05723129
60546	2678	0.057150327
60546	6297	0.05696553
60546	6049	0.056911923
60546	505	0.05654286
60546	5210	0.056508474
60569	2745	0.04231253
60569	3545	0.04230118
60569	6053	0.042051144
60569	2495	0.041884743
60569	255	0.04180946
60569	2671	0.041713938
60569	2251	0.04138363
60569	2364	0.041162215
60569	4327	0.041152228
60569	4422	0.041123666
60583	2951	0.050645906
60583	6264	0.050604712
60583	4401	0.050599933
60583	665	0.050532907
60583	1336	0.050498843
60583	930	0.050417706
60583	3142	0.050417647
60583	3534	0.050397042
60583	4026	0.05029512
60583	1185	0.05029018
60621	2732	0.056215737
60621	892	0.055956677
60621	4178	0.055741563
60621	2080	0.055741504
60621	6590	0.05573602
60621	147	0.055442013
60621	4513	0.05544196
60621	140	0.05529702
60621	78	0.05518856
60621	1229	0.055183016
60703	1389	0.07337776
60703	420	0.07329789
60703	614	0.07216465
60703	406	0.0718313
60703	4245	0.071653344
60703	1193	0.07108627
60703	5205	0.07094428
60703	1630	0.070235446
60703	2620	0.07018984
60703	2093	0.0701298
60797	3524	0.046680193
60797	5615	0.046402365
60797	6407	0.04633961
60797	1252	0.04633957
60797	2766	0.046224136
60797	5447	0.046224106
60797	3778	0.046117444
60797	4648	0.0460279
60797	4419	0.046021655
60797	368	0.045980778
60858	940	0.040838048
60858	568	0.040798984
60858	4480	0.040782254
60858	857	0.04077317
60858	1349	0.04077317
60858	4557	0.040773153
60858	992	0.040773127
60858	375	0.04076308
60858	2263	0.04073727
60858	6245	0.040737256
60905	3397	0.050038904
60905	988	0.0499447
60905	472	0.049759448
60905	3198	0.049632356
60905	3465	0.049277768
60905	2374	0.049277056
60905	983	0.049194384
60905	4471	0.049063936
60905	2859	0.049039103
60905	7	0.048960887
60977	4800	0.03948609
60977	5312	0.03943816
60977	8	0.03943815
60977	4043	0.039438125
60977	5980	0.039376605
60977	5978	0.039376575
60977	2688	0.03936062
60977	3226	0.03934732
60977	3017	0.039328754
60977	1010	0.03932872
61028	2427	0.05198333
61028	6566	0.051823266
61028	1101	0.051563304
61028	2148	0.051528294
61028	1270	0.05150047
61028	5163	0.051500432
61028	3238	0.051318184
61028	3320	0.051168703
61028	4051	0.051155087
61028	5064	0.05115503
61038	1586	0.03905527
61038	910	0.03891542
61038	5352	0.03881572
61038	202	0.038664788
61038	3681	0.038607668
61038	4030	0.03836142
61038	5254	0.038201842
61038	1572	0.038106628
61038	1370	0.037975255
61038	2063	0.03758826
61042	4582	0.035524994
61042	4961	0.0352633
61042	6506	0.035246722
61042	5851	0.035152502
61042	2401	0.035148114
61042	3448	0.035113588
61042	36	0.03508924
61042	4813	0.035084903
61042	4425	0.035046685
61042	6467	0.03503692
61146	3314	0.03952378
61146	6663	0.039523758
61146	4300	0.03931198
61146	4122	0.03916639
61146	1748	0.039166383
61146	6780	0.039046876
61146	1804	0.038987856
61146	2069	0.03898233
61146	522	0.038845364
61146	2901	0.038788974
61147	3083	0.04889193
61147	5155	0.048646137
61147	1117	0.048646126
61147	2497	0.048646096
61147	1115	0.04835498
61147	837	0.048066422
61147	1471	0.04801603
61147	981	0.048011404
61147	283	0.047945477
61147	834	0.0478037
61211	3011	0.03507163
61211	315	0.034628246
61211	332	0.034385137
61211	6631	0.034371637
61211	3355	0.034212094
61211	2829	0.033864602
61211	4520	0.03376898
61211	2832	0.03376896
61211	1564	0.0336712
61211	262	0.033661045
61257	6709	0.045471977
61257	3426	0.045471966
61257	574	0.045390658
61257	1641	0.045005403
61257	941	0.044940494
61257	5662	0.044684704
61257	1405	0.044656117
61257	1983	0.044642743
61257	860	0.044454534
61257	816	0.04436917
61283	5271	0.043492626
61283	3697	0.043390546
61283	3570	0.04317178
61283	4046	0.04313445
61283	5733	0.043100126
61283	3333	0.043054406
61283	2858	0.04286356
61283	873	0.042837404
61283	164	0.04281098
61283	2847	0.042802967
61348	3121	0.04419341
61348	5164	0.043991134
61348	6143	0.043892056
61348	6495	0.043689847
61348	205	0.043689832
61348	6562	0.043689832
61348	4699	0.043689825
61348	713	0.043689787
61348	5858	0.043602467
61348	1148	0.043433607
61354	3280	0.05011934
61354	474	0.05002539
61354	805	0.049792696
61354	739	0.049603444
61354	1602	0.049297392
61354	175	0.04849779
61354	487	0.04835598
61354	2541	0.04833363
61354	102	0.048047088
61354	5815	0.047925204
61427	744	0.054631766
61427	6736	0.05463169
61427	1320	0.05447656
61427	457	0.05447596
61427	240	0.054405876
61427	3799	0.05425988
61427	4286	0.054133765
61427	3380	0.053978626
61427	3328	0.053904597
61427	5567	0.05381953
61619	3156	0.063787
61619	1229	0.06351427
61619	892	0.063300416
61619	5361	0.06308036
61619	3552	0.06308034
61619	140	0.062807694
61619	331	0.06279251
61619	453	0.06256204
61619	78	0.062528074
61619	320	0.0625046
61668	92	0.046327136
61668	1735	0.046187676
61668	5144	0.046140686
61668	1803	0.0461208
61668	4040	0.045855023
61668	2294	0.045838192
61668	2941	0.04582103
61668	4385	0.045762196
61668	1928	0.04564702
61668	4369	0.045552008
61704	604	0.05029141
61704	2024	0.050228152
61704	1286	0.050147954
61704	37	0.050098132
61704	415	0.04991512
61704	2684	0.049877994
61704	405	0.04980495
61704	636	0.049681317
61704	2920	0.049681313
61704	2360	0.049681306
61759	1405	0.044157967
61759	1070	0.043898154
61759	5662	0.043880086
61759	574	0.04363386
61759	6709	0.04362968
61759	3426	0.043629676
61759	883	0.043628283
61759	4438	0.04362827
61759	4876	0.04362823
61759	816	0.043589007
61798	2574	0.055586167
61798	2467	0.05526984
61798	1670	0.05506206
61798	2662	0.0547733
61798	3616	0.054755993
61798	2838	0.054606862
61798	1813	0.054565415
61798	5184	0.054437853
61798	3846	0.054391198
61798	2129	0.054206893
61835	575	0.0449535
61835	1196	0.04475628
61835	2413	0.044627197
61835	6075	0.044520196
61835	2574	0.044420987
61835	411	0.044414937
61835	2193	0.04433209
61835	2995	0.044332072
61835	5771	0.04422393
61835	4458	0.04404468
61845	2771	0.049873352
61845	5032	0.049873315
61845	5078	0.049871672
61845	196	0.049767207
61845	6029	0.04976718
61845	5070	0.049565893
61845	2043	0.049565874
61845	3316	0.049556755
61845	4192	0.049547926
61845	5181	0.049547844
61854	3259	0.041569225
61854	2079	0.041569218
61854	1318	0.04154224
61854	2972	0.041542232
61854	2335	0.04145687
61854	4213	0.041407235
61854	5679	0.04132755
61854	2116	0.041318096
61854	3965	0.041314956
61854	736	0.041221485
61888	2555	0.05574334
61888	213	0.05574328
61888	977	0.055595927
61888	6444	0.0555959
61888	1205	0.055442423
61888	210	0.05544238
61888	1289	0.055316165
61888	2315	0.05525032
61888	935	0.055237815
61888	2684	0.055147704
61901	3681	0.048352197
61901	540	0.048250783
61901	202	0.048164666
61901	5254	0.047965653
61901	5586	0.0479645
61901	4030	0.04793027
61901	5352	0.04792466
61901	393	0.047911387
61901	141	0.0477458
61901	910	0.047683783
61910	1101	0.041406482
61910	2148	0.04121612
61910	732	0.041051343
61910	873	0.04103992
61910	2427	0.041006975
61910	3691	0.04099479
61910	3320	0.040966555
61910	3238	0.040893093
61910	1270	0.040818527
61910	5163	0.0408185
62150	4559	0.03459255
62150	1844	0.034406934
62150	2058	0.034367833
62150	1257	0.034313265
62150	2866	0.034227174
62150	4265	0.034200415
62150	5202	0.034139782
62150	3188	0.034061424
62150	1083	0.033920843
62150	3484	0.033650085
62172	5906	0.061694674
62172	2014	0.06149657
62172	5740	0.061496556
62172	2908	0.061312333
62172	5218	0.061233114
62172	5496	0.06123306
62172	2849	0.06121835
62172	1360	0.06121833
62172	571	0.06110369
62172	5243	0.061088946
62239	2232	0.032142103
62239	5390	0.03203937
62239	2859	0.031735376
62239	2966	0.03170745
62239	2236	0.03170251
62239	5639	0.03167688
62239	1642	0.031460803
62239	340	0.031415418
62239	1463	0.03134828
62239	488	0.031297743
62272	4756	0.050820008
62272	1419	0.050820004
62272	1421	0.050819997
62272	3822	0.05081999
62272	1049	0.050819978
62272	3572	0.050819963
62272	5292	0.050819963
62272	6587	0.050819963
62272	5183	0.05081995
62272	6152	0.05081995
62303	4813	0.056231365
62303	4961	0.054888055
62303	5587	0.054822877
62303	1171	0.054544188
62303	4582	0.054308377
62303	6268	0.054125868
62303	3448	0.05399424
62303	2401	0.053711146
62303	681	0.05367121
62303	36	0.053646505
62316	2195	0.036131874
62316	6594	0.036131825
62316	4292	0.036004
62316	1892	0.03554034
62316	230	0.035505727
62316	4027	0.03549507
62316	2976	0.03548906
62316	5507	0.035403233
62316	656	0.035371117
62316	5399	0.03520267
62464	3730	0.058651842
62464	5561	0.058638968
62464	6251	0.058558144
62464	1402	0.05852531
62464	1109	0.058507748
62464	6406	0.058475416
62464	2458	0.058362115
62464	301	0.058323264
62464	2554	0.05832325
62464	6869	0.058138758
62471	4555	0.05409266
62471	3100	0.054092646
62471	2260	0.05409263
62471	4556	0.05409263
62471	6377	0.05409262
62471	11	0.054092616
62471	848	0.05409261
62471	3017	0.054089468
62471	1010	0.054089416
62471	5981	0.054038916
62542	3534	0.058693368
62542	2579	0.0583758
62542	577	0.05804158
62542	4696	0.058041546
62542	3846	0.05799173
62542	727	0.05789964
62542	544	0.057654805
62542	2467	0.057457082
62542	1851	0.057432935
62542	2963	0.057339948
62558	503	0.05025076
62558	1115	0.049962252
62558	274	0.049953245
62558	5155	0.049676865
62558	1117	0.049676858
62558	2497	0.049676817
62558	1104	0.04962303
62558	5195	0.049584083
62558	1543	0.04958405
62558	991	0.049494624
62582	3549	0.031050459
62582	5553	0.030956287
62582	687	0.03082206
62582	5885	0.030814499
62582	4309	0.030730093
62582	5610	0.030730069
62582	3472	0.030678438
62582	3252	0.03063214
62582	150	0.03058612
62582	3218	0.030586118
62688	3901	0.05147905
62688	5959	0.051054627
62688	3555	0.050687294
62688	3826	0.050530415
62688	6372	0.050486695
62688	4482	0.050486628
62688	563	0.050427943
62688	2998	0.05042789
62688	998	0.05031708
62688	6036	0.050290983
62716	3280	0.03334759
62716	2470	0.03297858
62716	3878	0.03285005
62716	2541	0.032832604
62716	474	0.032815985
62716	831	0.03274151
62716	3273	0.03246679
62716	175	0.0324517
62716	2233	0.032231484
62716	2890	0.03214766
62755	308	0.067309275
62755	6390	0.06730922
62755	538	0.067309216
62755	977	0.06722309
62755	6444	0.06722307
62755	5961	0.06715782
62755	4182	0.067157775
62755	4037	0.06715776
62755	1178	0.067110285
62755	239	0.06692599
62862	2991	0.07272163
62862	1076	0.07267923
62862	1631	0.07213913
62862	2503	0.0715792
62862	1492	0.07140602
62862	879	0.071109384
62862	1764	0.07105551
62862	2044	0.07104044
62862	5140	0.07088079
62862	3433	0.07084224
62881	487	0.048898306
62881	1708	0.048840843
62881	474	0.048457514
62881	1264	0.04842999
62881	2710	0.048289813
62881	620	0.04818759
62881	739	0.04817406
62881	102	0.048039515
62881	5815	0.047766756
62881	2867	0.047766738
62891	730	0.049199153
62891	2156	0.049155347
62891	1897	0.04899573
62891	934	0.048995677
62891	1066	0.048940595
62891	5010	0.04857811
62891	573	0.048526548
62891	3209	0.048453253
62891	72	0.04845323
62891	352	0.04825663
62895	2178	0.044464886
62895	338	0.043659087
62895	1260	0.043659087
62895	341	0.04365908
62895	5601	0.04365907
62895	2513	0.04365176
62895	3799	0.043535627
62895	3104	0.04348965
62895	469	0.043288514
62895	2374	0.043197155
62958	5619	0.04335395
62958	5235	0.042747643
62958	6757	0.042391382
62958	2245	0.042234346
62958	3000	0.04209505
62958	1274	0.04209501
62958	2715	0.041926987
62958	4847	0.041847013
62958	88	0.041808315
62958	3095	0.041715782
62966	929	0.076832026
62966	6093	0.07683199
62966	2971	0.07642774
62966	4659	0.07636954
62966	2504	0.076293014
62966	1376	0.076116145
62966	1025	0.07606248
62966	378	0.0759246
62966	4005	0.07576442
62966	1886	0.075687885
62968	2282	0.035402358
62968	6061	0.035328005
62968	4989	0.035192147
62968	1258	0.03499125
62968	3928	0.034991235
62968	3803	0.034991227
62968	1962	0.03499122
62968	42	0.034991212
62968	6828	0.03495327
62968	4668	0.034916922
63004	1800	0.06436667
63004	2456	0.06404317
63004	1902	0.06370919
63004	1550	0.06360468
63004	1066	0.06318767
63004	3794	0.063151434
63004	3943	0.06266947
63004	61	0.062587164
63004	1430	0.062348012
63004	4235	0.06221011
63360	1643	0.05825428
63360	4471	0.05817048
63360	1070	0.057322904
63360	3790	0.05725937
63360	5054	0.057190984
63360	473	0.057051703
63360	480	0.05705119
63360	988	0.056942176
63360	471	0.056914378
63360	6674	0.056736376
63389	977	0.05928489
63389	6444	0.059284844
63389	1205	0.059205107
63389	210	0.059205063
63389	2120	0.059133276
63389	2555	0.059005015
63389	213	0.059004955
63389	1289	0.0589848
63389	2684	0.05894006
63389	404	0.05881569
63394	2513	0.059228625
63394	5867	0.059016205
63394	40	0.058743358
63394	365	0.058290463
63394	2374	0.05824059
63394	660	0.058098365
63394	2178	0.058069076
63394	3532	0.05804474
63394	2964	0.057929397
63394	7	0.057869375
63452	2845	0.043126192
63452	1407	0.043073744
63452	5779	0.042875238
63452	3594	0.042711943
63452	4558	0.04250286
63452	2824	0.042456843
63452	5832	0.042441584
63452	2923	0.04244051
63452	1463	0.04237193
63452	622	0.04235366
63506	4666	0.05332562
63506	4676	0.053325564
63506	3735	0.053325552
63506	3361	0.053227387
63506	5410	0.053227365
63506	3331	0.053227354
63506	2173	0.05322735
63506	3318	0.05307553
63506	3967	0.05307553
63506	377	0.053075504
63507	1510	0.055311855
63507	4180	0.05531182
63507	2119	0.055293187
63507	5572	0.054744024
63507	4028	0.05474402
63507	3651	0.054743998
63507	5990	0.05470881
63507	485	0.054708794
63507	1698	0.054707825
63507	1750	0.054652303
63595	2658	0.05928241
63595	2083	0.059171896
63595	5317	0.05897784
63595	5714	0.058977805
63595	1455	0.058740012
63595	4429	0.058455996
63595	2731	0.058356002
63595	4926	0.058249664
63595	4150	0.05824966
63595	4721	0.05824966
63625	356	0.05469144
63625	278	0.054671314
63625	5166	0.054671306
63625	1737	0.054671295
63625	2208	0.054671295
63625	4230	0.054671288
63625	3954	0.054671243
63625	3075	0.054537937
63625	4524	0.05443491
63625	5604	0.054371297
63854	1239	0.06247448
63854	4499	0.06209755
63854	5629	0.06201134
63854	913	0.061882332
63854	5083	0.061728284
63854	4096	0.061728273
63854	2993	0.06172827
63854	2271	0.061728265
63854	2428	0.06172826
63854	2460	0.06172826
63865	997	0.056417584
63865	2870	0.056417573
63865	1444	0.056383792
63865	2961	0.056383744
63865	1261	0.05634716
63865	1626	0.056080423
63865	160	0.056078546
63865	611	0.056034505
63865	451	0.05599937
63865	3056	0.0559832
63923	5860	0.054988794
63923	6212	0.05491249
63923	6197	0.054870777
63923	2567	0.054565646
63923	4322	0.054496437
63923	3239	0.054496434
63923	566	0.054469105
63923	828	0.0544691
63923	96	0.05446776
63923	6021	0.05446773
63938	1764	0.06512986
63938	1680	0.06500143
63938	3433	0.06488005
63938	1592	0.06461802
63938	550	0.06455742
63938	2413	0.064494014
63938	664	0.064461604
63938	5702	0.06420779
63938	5792	0.06416204
63938	3062	0.064123526
63956	1948	0.047784895
63956	927	0.047746234
63956	2892	0.047477487
63956	5700	0.04737575
63956	1369	0.047272466
63956	643	0.04727245
63956	1166	0.047227755
63956	4140	0.047227744
63956	1337	0.047227718
63956	4285	0.047227718
64075	5966	0.041458342
64075	4907	0.041372992
64075	1744	0.041372985
64075	1557	0.04117916
64075	3737	0.041039243
64075	1307	0.04092962
64075	6625	0.04089713
64075	229	0.040860765
64075	4520	0.040833037
64075	2832	0.04083302
64220	1265	0.0464389
64220	5215	0.04638405
64220	5745	0.046384018
64220	5047	0.04638206
64220	6030	0.046311438
64220	4614	0.04626163
64220	422	0.04625663
64220	6701	0.04625661
64220	2116	0.04623808
64220	1441	0.04611265
64241	2385	0.041163545
64241	2641	0.040938254
64241	115	0.04072738
64241	4579	0.04055101
64241	2854	0.04054992
64241	1356	0.040490516
64241	6908	0.040487114
64241	1275	0.040487103
64241	842	0.04036476
64241	5962	0.040284477
64270	2404	0.06988287
64270	182	0.06960114
64270	2392	0.068959534
64270	3141	0.06892406
64270	1554	0.068881795
64270	1191	0.068881765
64270	636	0.06878551
64270	2360	0.068785496
64270	2920	0.068785496
64270	3440	0.068785496
64271	1602	0.052545898
64271	1711	0.05174197
64271	739	0.051722784
64271	3855	0.05166768
64271	188	0.0514338
64271	459	0.05122747
64271	5815	0.05110039
64271	20	0.05110038
64271	2867	0.051100373
64271	2362	0.051045254
64310	422	0.037353426
64310	6701	0.037353396
64310	1905	0.03729158
64310	5597	0.03729158
64310	6205	0.03729158
64310	6319	0.037291564
64310	4241	0.03729155
64310	6558	0.037196204
64310	516	0.037196174
64310	4975	0.037143856
64316	2054	0.03621313
64316	6514	0.036213085
64316	6157	0.036179535
64316	2477	0.036157675
64316	3345	0.036125604
64316	368	0.03610133
64316	3067	0.03605254
64316	386	0.03597425
64316	2438	0.03597423
64316	6310	0.035936825
64396	4432	0.05016504
64396	3213	0.050164986
64396	4882	0.050164968
64396	6548	0.049842175
64396	6865	0.049829386
64396	1370	0.049763642
64396	2063	0.04957986
64396	1594	0.049560405
64396	4201	0.049546827
64396	3961	0.049513925
64435	3655	0.04886334
64435	1152	0.048863314
64435	5831	0.048863314
64435	6524	0.04858849
64435	3574	0.04858845
64435	3800	0.048588444
64435	3066	0.048485592
64435	5566	0.048482053
64435	4102	0.04845812
64435	109	0.048438117
64436	5114	0.050335556
64436	925	0.05023388
64436	2024	0.04999949
64436	1033	0.049994275
64436	938	0.04999426
64436	604	0.049897842
64436	636	0.049870797
64436	2360	0.049870797
64436	2920	0.04987079
64436	3440	0.04987079
64449	1839	0.043383576
64449	5039	0.043382213
64449	1739	0.043382194
64449	1729	0.04322915
64449	2700	0.043136492
64449	3951	0.043136474
64449	327	0.043136463
64449	4666	0.04313388
64449	4676	0.043133836
64449	3735	0.04313382
64535	1242	0.052419797
64535	6445	0.05172173
64535	3973	0.05166638
64535	2858	0.05158162
64535	3570	0.05145763
64535	780	0.051440887
64535	5863	0.051389046
64535	2158	0.051306453
64535	720	0.051047593
64535	73	0.05095719
64679	6291	0.0440304
64679	37	0.0439869
64679	1286	0.043880917
64679	3342	0.043790657
64679	1616	0.043732844
64679	636	0.04345213
64679	2360	0.04345212
64679	2920	0.04345212
64679	3440	0.043452118
64679	664	0.043298837
64846	1212	0.086547635
64846	5570	0.08654763
64846	2991	0.0865462
64846	3433	0.0858166
64846	1631	0.08562082
64846	1492	0.085604295
64846	2503	0.08519466
64846	2044	0.084999576
64846	1076	0.08495884
64846	1947	0.084851116
64946	6552	0.041225128
64946	2282	0.041062757
64946	6061	0.04091119
64946	984	0.04087593
64946	5563	0.040779497
64946	5882	0.040685657
64946	2737	0.04068563
64946	1160	0.040634543
64946	3601	0.040634535
64946	4392	0.040634524
65032	537	0.06703247
65032	339	0.0670279
65032	2317	0.066988945
65032	183	0.06698445
65032	340	0.06687227
65032	774	0.06642133
65032	341	0.06638247
65032	338	0.06638245
65032	1260	0.06638242
65032	5601	0.06638238
65068	2077	0.045716953
65068	442	0.04571695
65068	2026	0.04570234
65068	4175	0.045625634
65068	6554	0.04562563
65068	3180	0.045611054
65068	2578	0.045611028
65068	6032	0.04560186
65068	5263	0.045601822
65068	1855	0.045587234
65145	5378	0.032464046
65145	4741	0.03237544
65145	2090	0.032297485
65145	4624	0.032297473
65145	4372	0.032214284
65145	5711	0.032213204
65145	4383	0.03214147
65145	6458	0.032140557
65145	1057	0.03206873
65145	6702	0.032068726
65183	500	0.04263363
65183	3104	0.042587887
65183	3796	0.04252269
65183	1462	0.0424989
65183	1781	0.042406097
65183	628	0.0423647
65183	85	0.04235581
65183	5662	0.042294852
65183	1428	0.042268578
65183	397	0.04226224
65208	5082	0.06957334
65208	5331	0.06936146
65208	5764	0.06920082
65208	542	0.06907585
65208	6843	0.06897217
65208	189	0.06892093
65208	4338	0.06877744
65208	1760	0.068751276
65208	384	0.06868132
65208	3527	0.06868132
65228	3771	0.054481976
65228	6897	0.05448197
65228	3061	0.054432884
65228	6558	0.054294273
65228	516	0.054294232
65228	3660	0.054245144
65228	2082	0.054221835
65228	3086	0.054221805
65228	4148	0.054221753
65228	4225	0.05422174
65238	742	0.03589888
65238	991	0.035652276
65238	3209	0.035614654
65238	72	0.03561464
65238	2156	0.035498004
65238	4668	0.035487276
65238	5218	0.035334602
65238	5496	0.035334565
65238	1258	0.03520717
65238	3928	0.03520716
65258	350	0.05933571
65258	7	0.058760975
65258	4560	0.05873297
65258	456	0.0585087
65258	526	0.058464497
65258	5288	0.05837486
65258	1961	0.0583508
65258	3775	0.05821491
65258	620	0.058081016
65258	1527	0.058078475
65370	732	0.03727164
65370	733	0.03716776
65370	1101	0.036930792
65370	164	0.036903106
65370	3673	0.03686382
65370	3320	0.036826946
65370	4046	0.03676929
65370	4340	0.0367463
65370	4571	0.036736943
65370	2147	0.036709085
65484	5253	0.031877115
65484	1441	0.031792663
65484	2790	0.031792644
65484	4155	0.031792644
65484	3862	0.03179264
65484	5848	0.03179264
65484	4176	0.031792603
65484	6233	0.031778414
65484	2276	0.031771746
65484	2350	0.03176693
65487	1066	0.06148886
65487	1800	0.060891647
65487	3794	0.060609035
65487	883	0.060519833
65487	4438	0.06051983
65487	4876	0.060519785
65487	2456	0.059817113
65487	573	0.059716895
65487	1902	0.059555
65487	1897	0.05919695
65497	3255	0.032961816
65497	3986	0.032867286
65497	359	0.032863293
65497	1589	0.03280525
65497	74	0.032792397
65497	5246	0.032757584
65497	3570	0.032738835
65497	4189	0.03273425
65497	2697	0.032734014
65497	4008	0.0327325
65584	5254	0.050511368
65584	1309	0.04972005
65584	3645	0.049689136
65584	5015	0.04958275
65584	3745	0.049372397
65584	6721	0.049265992
65584	5586	0.049066663
65584	1846	0.049057163
65584	1837	0.04895173
65584	1091	0.04886298
65663	1268	0.051975034
65663	1527	0.051770326
65663	1961	0.05115199
65663	169	0.05102791
65663	4165	0.05088854
65663	158	0.05087088
65663	2725	0.050803848
65663	4332	0.050635558
65663	2950	0.05048586
65663	611	0.050480697
65665	1481	0.054270055
65665	3902	0.05405926
65665	1477	0.053912997
65665	3970	0.053758726
65665	2903	0.053758718
65665	6324	0.05356601
65665	6500	0.053525086
65665	5958	0.053376354
65665	5976	0.053335473
65665	563	0.053149972
65769	6908	0.03836013
65769	1275	0.038360126
65769	2640	0.03825576
65769	4129	0.03820201
65769	616	0.038202006
65769	842	0.038186707
65769	1465	0.03817958
65769	2860	0.03817956
65769	4626	0.03817955
65769	4121	0.03815658
65791	5591	0.048172906
65791	3525	0.048172865
65791	1956	0.048164964
65791	5448	0.047832713
65791	5270	0.047826566
65791	4552	0.04780701
65791	6564	0.047632568
65791	5504	0.047602043
65791	4980	0.0472598
65791	1003	0.04724414
65817	980	0.057005156
65817	3162	0.056875024
65817	3389	0.05664666
65817	5474	0.056130335
65817	3995	0.056064453
65817	4085	0.056054436
65817	2283	0.055922735
65817	6101	0.055597365
65817	2400	0.055597357
65817	5588	0.055518523
65837	3237	0.05570798
65837	2358	0.055382274
65837	2787	0.05529753
65837	3533	0.05524276
65837	1925	0.05493778
65837	1187	0.05488316
65837	6386	0.05488315
65837	3366	0.054544713
65837	3437	0.054416616
65837	3818	0.054416552
65877	3585	0.06387245
65877	376	0.06387241
65877	5380	0.063814834
65877	151	0.06381478
65877	5225	0.06381473
65877	6553	0.06356563
65877	248	0.06356555
65877	1093	0.06356554
65877	6142	0.06350791
65877	545	0.06330591
65913	6115	0.030140143
65913	2978	0.03002539
65913	3526	0.029978652
65913	6824	0.029555432
65913	1464	0.029540867
65913	2943	0.029481582
65913	4327	0.029340453
65913	3752	0.029225599
65913	6821	0.029183546
65913	5508	0.029159607
65946	4302	0.05048438
65946	4844	0.05048438
65946	3354	0.050445884
65946	4846	0.050429538
65946	4948	0.050400026
65946	6079	0.05029038
65946	4034	0.050235517
65946	1593	0.050235502
65946	4703	0.050235488
65946	4214	0.050207064
66055	997	0.059784874
66055	2870	0.05978486
66055	279	0.05910007
66055	140	0.059003063
66055	3659	0.058899
66055	1444	0.05884914
66055	2961	0.058849107
66055	1690	0.058782417
66055	320	0.058581516
66055	5361	0.058502484
66073	2317	0.062109742
66073	883	0.062052447
66073	4438	0.06205244
66073	4876	0.06205239
66073	3104	0.061839763
66073	338	0.061786093
66073	341	0.061786085
66073	1260	0.061786078
66073	5601	0.061786044
66073	5662	0.0616973
66100	1027	0.050088853
66100	2407	0.050088853
66100	1777	0.05008884
66100	1655	0.050088808
66100	2194	0.050088804
66100	1559	0.05008877
66100	1033	0.04984133
66100	938	0.049841315
66100	1259	0.04975425
66100	3815	0.04975424
66323	5815	0.07801064
66323	20	0.07801063
66323	2867	0.07801059
66323	459	0.07744749
66323	2362	0.07717762
66323	1071	0.07698052
66323	1708	0.07675089
66323	1268	0.07668173
66323	739	0.07664786
66323	1602	0.07656819
66387	1758	0.04858205
66387	6837	0.048547193
66387	3028	0.04836504
66387	294	0.048338093
66387	1624	0.0482603
66387	1298	0.04826028
66387	3257	0.04826027
66387	936	0.048260264
66387	3711	0.04826025
66387	2310	0.04826024
66443	3769	0.07057583
66443	978	0.07023454
66443	1320	0.070144236
66443	6878	0.070104085
66443	5401	0.07003248
66443	6158	0.070001215
66443	5737	0.069867454
66443	744	0.06981842
66443	6736	0.06981831
66443	2918	0.06978588
66473	2362	0.07105726
66473	1436	0.0710456
66473	459	0.07102609
66473	3855	0.0700227
66473	1261	0.07001968
66473	613	0.06986818
66473	2176	0.069859356
66473	4538	0.06985935
66473	1411	0.06985569
66473	1713	0.06978463
66483	3026	0.043475177
66483	4897	0.04347513
66483	5168	0.042899944
66483	6697	0.041750208
66483	972	0.041247495
66483	6695	0.041113287
66483	3888	0.040519144
66483	1323	0.040445007
66483	5419	0.040383212
66483	6615	0.040295232
66485	3901	0.05124548
66485	6372	0.051234387
66485	4482	0.05123434
66485	3826	0.05089207
66485	5861	0.05084282
66485	5257	0.050738107
66485	1476	0.050738096
66485	5655	0.050552506
66485	3391	0.050456773
66485	563	0.050232522
66487	1643	0.060623705
66487	1070	0.060353532
66487	4471	0.059970904
66487	983	0.059687942
66487	1405	0.059348363
66487	2713	0.05919859
66487	2156	0.059178643
66487	573	0.059052184
66487	471	0.058959056
66487	816	0.058898337
66518	6493	0.041551173
66518	933	0.041469954
66518	501	0.04125634
66518	6127	0.041210487
66518	1493	0.04113527
66518	4913	0.04106103
66518	1510	0.041008644
66518	4180	0.04100863
66518	3458	0.040817454
66518	3300	0.0407549
66533	1417	0.06649321
66533	201	0.066493176
66533	1556	0.06649317
66533	1029	0.06649315
66533	3716	0.06649313
66533	4182	0.06646181
66533	4037	0.06646179
66533	308	0.06635339
66533	6390	0.066353336
66533	538	0.06635332
66556	5867	0.034287788
66556	456	0.034220293
66556	40	0.034020938
66556	1248	0.03395982
66556	3532	0.033952318
66556	3285	0.03392742
66556	4560	0.033899143
66556	6249	0.03385227
66556	350	0.033846885
66556	7	0.03384571
66574	278	0.049438693
66574	2208	0.049438685
66574	5166	0.04943867
66574	1737	0.049438663
66574	4230	0.049438633
66574	3954	0.049438626
66574	5953	0.049307715
66574	646	0.04930771
66574	5414	0.049307708
66574	388	0.049274065
66591	4212	0.042495247
66591	1064	0.04241053
66591	3286	0.042410474
66591	3361	0.04237724
66591	5410	0.04237722
66591	2173	0.04237721
66591	3331	0.04237721
66591	3180	0.042355996
66591	2578	0.042355977
66591	4034	0.04233875
66640	536	0.06348838
66640	6080	0.06348373
66640	3480	0.06306262
66640	1577	0.06300912
66640	1238	0.062909916
66640	428	0.06278142
66640	3639	0.06277148
66640	4105	0.062711015
66640	5337	0.06269033
66640	1672	0.06263255
66680	1050	0.06128522
66680	2623	0.0609741
66680	5454	0.060966566
66680	1457	0.06096545
66680	3917	0.06078329
66680	1529	0.060662366
66680	2048	0.060655493
66680	2368	0.05995717
66680	5020	0.059663475
66680	6704	0.05928446
66789	59	0.043744013
66789	2329	0.043672226
66789	4035	0.043324932
66789	619	0.04327987
66789	329	0.04327986
66789	380	0.043108374
66789	6140	0.04307843
66789	3059	0.043001175
66789	3093	0.042944536
66789	1667	0.04292185
66797	6185	0.044349715
66797	5465	0.043972634
66797	4462	0.043776415
66797	3122	0.043651417
66797	4421	0.04343812
66797	4420	0.043423347
66797	3034	0.043422643
66797	5704	0.04338304
66797	6630	0.043360308
66797	6915	0.04334751
66853	2950	0.062556684
66853	2813	0.061556615
66853	1961	0.06151019
66853	6865	0.061195575
66853	973	0.060944475
66853	4307	0.06088037
66853	5517	0.060791478
66853	3691	0.06074709
66853	703	0.060711514
66853	2012	0.060594913
66878	1071	0.059457727
66878	1574	0.059219837
66878	1711	0.058242124
66878	2532	0.05816461
66878	2809	0.058164608
66878	3669	0.05816454
66878	1713	0.058100224
66878	4913	0.057993874
66878	41	0.057904057
66878	1411	0.05782195
66942	2317	0.062233265
66942	338	0.06215051
66942	1260	0.062150493
66942	5601	0.062150452
66942	3581	0.061781354
66942	3064	0.061716814
66942	708	0.06163408
66942	434	0.061634045
66942	6674	0.06142066
66942	3104	0.061387554
66953	3692	0.056603525
66953	687	0.056592606
66953	1419	0.056526013
66953	4756	0.056525998
66953	3822	0.056525983
66953	1049	0.056525964
66953	3572	0.056525964
66953	5292	0.05652596
66953	6587	0.05652596
66953	3634	0.056525946
66960	794	0.04181158
66960	1268	0.041637205
66960	5352	0.04161961
66960	1961	0.04146438
66960	1527	0.041406937
66960	620	0.041182414
66960	2950	0.04111942
66960	2692	0.041088097
66960	1061	0.04105226
66960	910	0.04100794
67079	3902	0.046019897
67079	6324	0.04570564
67079	6500	0.045662746
67079	563	0.045541257
67079	2998	0.0455412
67079	3826	0.04538604
67079	6672	0.045379043
67079	5958	0.045302875
67079	5939	0.045263793
67079	1482	0.045090076
67085	6116	0.049109243
67085	4139	0.048824828
67085	2471	0.04877939
67085	1102	0.04874496
67085	1118	0.04874487
67085	6586	0.048628293
67085	4437	0.048458576
67085	283	0.048439905
67085	3146	0.048421577
67085	898	0.04842151
67174	3209	0.048176914
67174	72	0.0481769
67174	5218	0.048126888
67174	5496	0.04812685
67174	4668	0.04807036
67174	1258	0.04802028
67174	3928	0.04802027
67174	3803	0.048020247
67174	1962	0.048020244
67174	42	0.048020236
67176	3549	0.02664429
67176	3472	0.0265571
67176	687	0.026532069
67176	5885	0.026505744
67176	1730	0.026502606
67176	5553	0.026476577
67176	1373	0.026451256
67176	3692	0.026444849
67176	6297	0.026421584
67176	3218	0.026393538
67178	2148	0.038358502
67178	4448	0.038343694
67178	6177	0.038343694
67178	1270	0.038341597
67178	5163	0.038341567
67178	2427	0.03824374
67178	1380	0.038194597
67178	2037	0.038163826
67178	3238	0.038061608
67178	5	0.038061354
67198	779	0.056152746
67198	885	0.055493303
67198	3135	0.055127356
67198	1011	0.05507298
67198	4850	0.0548546
67198	471	0.05433076
67198	630	0.054219916
67198	6323	0.05421989
67198	6770	0.054047685
67198	4585	0.053972118
67270	581	0.06684461
67270	1817	0.066322014
67270	133	0.06632196
67270	3581	0.06616229
67270	1781	0.066098124
67270	448	0.06604068
67270	6111	0.065785006
67270	500	0.06564724
67270	708	0.06562185
67270	434	0.0656218
67288	4526	0.067275345
67288	532	0.06714043
67288	2764	0.0670856
67288	1849	0.067007825
67288	145	0.066943355
67288	4957	0.0669345
67288	3967	0.06687736
67288	377	0.066877306
67288	3318	0.06687729
67288	6280	0.066799596
67296	3965	0.035151113
67296	4340	0.035067447
67296	5320	0.034971897
67296	4111	0.034901172
67296	5800	0.034901146
67296	3259	0.03488456
67296	2079	0.034884557
67296	2121	0.034846865
67296	2335	0.034839198
67296	5679	0.034768417
67354	456	0.052039903
67354	7	0.05159005
67354	5288	0.051516015
67354	3285	0.051348716
67354	4560	0.05119647
67354	3198	0.05108121
67354	4066	0.05087673
67354	2956	0.050311957
67354	6249	0.050064363
67354	2267	0.05004514
67402	4401	0.03621666
67402	2951	0.03610763
67402	3422	0.036088645
67402	1884	0.036085673
67402	6264	0.036038063
67402	1336	0.035986938
67402	577	0.035806347
67402	4696	0.035806324
67402	5022	0.035790455
67402	1660	0.035767786
67403	4278	0.034659162
67403	6101	0.034646243
67403	2400	0.034646235
67403	6332	0.03459385
67403	1079	0.034577306
67403	1133	0.034540616
67403	273	0.0345406
67403	6149	0.034512036
67403	3163	0.034509584
67403	6469	0.034360267
67415	1690	0.055599444
67415	140	0.055552438
67415	4119	0.055514935
67415	1526	0.05534131
67415	279	0.055319637
67415	414	0.05513286
67415	892	0.055098828
67415	997	0.055091128
67415	2870	0.055091113
67415	459	0.05497166
67487	160	0.048012875
67487	3207	0.04791154
67487	77	0.04750619
67487	432	0.047208175
67487	2543	0.04713659
67487	692	0.047120955
67487	1851	0.047113284
67487	2337	0.04711184
67487	727	0.04710363
67487	1854	0.047056507
67515	2308	0.039710928
67515	2744	0.039665334
67515	498	0.039475784
67515	4442	0.039390627
67515	5230	0.039312698
67515	3010	0.039306287
67515	6461	0.039283693
67515	1599	0.039283488
67515	1102	0.039215133
67515	1118	0.039215047
67544	1764	0.070669845
67544	209	0.06976657
67544	6075	0.06967665
67544	3433	0.069344
67544	1631	0.06917088
67544	5702	0.06913847
67544	4606	0.068393126
67544	575	0.068319306
67544	2044	0.06828775
67544	4458	0.06802765
67547	1627	0.060339544
67547	18	0.059868924
67547	435	0.059665717
67547	3438	0.059568908
67547	1391	0.05945053
67547	1219	0.059403785
67547	4181	0.059310596
67547	4639	0.05931054
67547	1578	0.059283942
67547	930	0.059189133
67591	3730	0.050636858
67591	5165	0.0504264
67591	3811	0.05037786
67591	5467	0.050377794
67591	6869	0.050314993
67591	2410	0.050221726
67591	4661	0.05009458
67591	447	0.050074637
67591	6623	0.04998516
67591	2441	0.04998513
67627	347	0.055334963
67627	3883	0.05531194
67627	2837	0.05523146
67627	735	0.054654088
67627	188	0.05435601
67627	4726	0.054346878
67627	2552	0.05402188
67627	955	0.053874478
67627	2316	0.053761244
67627	5842	0.053609278
67663	2404	0.050766792
67663	182	0.050345287
67663	2392	0.05031776
67663	4687	0.05023684
67663	431	0.05015452
67663	5868	0.049895283
67663	2920	0.049895022
67663	2360	0.04989502
67663	3440	0.04989502
67663	3141	0.049891077
67677	3291	0.042365268
67677	3740	0.04233661
67677	2348	0.042211987
67677	1494	0.04220877
67677	4512	0.042208124
67677	136	0.04216887
67677	6110	0.04215789
67677	5840	0.04208661
67677	4146	0.042076655
67677	4811	0.042011395
67693	4549	0.04774929
67693	777	0.04748687
67693	176	0.047486834
67693	1964	0.047218166
67693	712	0.04712352
67693	1269	0.047123447
67693	2692	0.047025695
67693	1272	0.04684826
67693	1270	0.046746433
67693	5163	0.0467464
67840	5063	0.04487441
67840	3692	0.044786934
67840	3472	0.04472705
67840	687	0.044683702
67840	3549	0.044623777
67840	225	0.04454805
67840	1308	0.04448819
67840	1048	0.044488177
67840	894	0.044488173
67840	4144	0.044488132
67910	5283	0.04065673
67910	2113	0.040634006
67910	2037	0.040526934
67910	4528	0.04048063
67910	711	0.04037159
67910	4272	0.04032227
67910	3134	0.04026008
67910	2894	0.04024048
67910	3236	0.040184543
67910	197	0.040112823
67930	1061	0.038820423
67930	1072	0.03826748
67930	102	0.03821019
67930	1617	0.03799813
67930	974	0.03798049
67930	347	0.037945338
67930	5250	0.037941597
67930	2837	0.03787026
67930	3507	0.03771907
67930	2545	0.037656493
68000	3997	0.037774026
68000	6772	0.037661403
68000	4297	0.03763344
68000	1175	0.037593536
68000	4377	0.037572183
68000	3447	0.03748285
68000	2651	0.037442103
68000	5739	0.03741084
68000	5347	0.037410818
68000	3531	0.037402187
68081	2387	0.05977323
68081	448	0.059429273
68081	2503	0.058991965
68081	4710	0.058956727
68081	613	0.05895609
68081	710	0.058951825
68081	1713	0.058941208
68081	6111	0.05888647
68081	693	0.058480285
68081	1436	0.05839226
68128	1102	0.06770945
68128	1118	0.06770934
68128	6664	0.06760754
68128	6116	0.06758025
68128	2471	0.06720839
68128	3010	0.06711819
68128	4139	0.06710106
68128	1037	0.06703067
68128	6586	0.06698916
68128	3146	0.06698315
68156	777	0.060905047
68156	176	0.06090501
68156	6211	0.060571145
68156	4165	0.060094535
68156	3177	0.059944857
68156	1743	0.05994478
68156	4549	0.059723146
68156	560	0.05962282
68156	2857	0.059580095
68156	1056	0.059580073
68185	356	0.04677755
68185	6061	0.046602443
68185	278	0.04648944
68185	2208	0.04648943
68185	5166	0.046489425
68185	1737	0.046489418
68185	4230	0.046489403
68185	3954	0.046489373
68185	2821	0.046487153
68185	388	0.046403624
68249	2050	0.057880502
68249	2204	0.057336017
68249	1160	0.05728887
68249	3601	0.057288863
68249	4392	0.05728884
68249	4992	0.057288803
68249	6329	0.0572888
68249	3078	0.05725337
68249	4288	0.057131514
68249	498	0.057126675
68256	1428	0.074306324
68256	628	0.074152514
68256	1462	0.07390281
68256	637	0.07377724
68256	3796	0.07370135
68256	397	0.07351213
68256	4227	0.07342372
68256	85	0.073373735
68256	1781	0.073347785
68256	824	0.073026225
68309	4555	0.047381658
68309	4556	0.047381647
68309	3100	0.04738164
68309	11	0.047381625
68309	2260	0.047381625
68309	6377	0.047381617
68309	848	0.047381613
68309	3372	0.047238097
68309	854	0.04705216
68309	2265	0.04693275
68344	3017	0.042004853
68344	1010	0.04200481
68344	783	0.041830935
68344	5980	0.041761383
68344	5978	0.04176135
68344	6212	0.041739583
68344	850	0.04165745
68344	5822	0.04165742
68344	2072	0.041657407
68344	5981	0.04150182
68383	2866	0.046799824
68383	3644	0.04612154
68383	5639	0.04610846
68383	2863	0.046092458
68383	3774	0.04604359
68383	3487	0.046011813
68383	4055	0.0459631
68383	6808	0.045949005
68383	1612	0.04588514
68383	4136	0.04585713
68436	5824	0.045827005
68436	6313	0.045824405
68436	2155	0.04579688
68436	6682	0.045796826
68436	1480	0.045706466
68436	4375	0.045618307
68436	1127	0.04561739
68436	6676	0.045588136
68436	5402	0.045572102
68436	822	0.045411192
68447	5615	0.038476564
68447	6407	0.038408514
68447	4419	0.038375728
68447	3778	0.03834101
68447	4648	0.03830816
68447	3524	0.038302604
68447	5851	0.038292807
68447	368	0.03827055
68447	6467	0.03824608
68447	4376	0.038237795
68465	6836	0.05621437
68465	9	0.05550295
68465	5937	0.055447463
68465	3379	0.05544743
68465	4681	0.055361547
68465	2426	0.05529592
68465	2161	0.055233784
68465	5805	0.055138327
68465	118	0.055138268
68465	3278	0.05499176
68537	2090	0.04655976
68537	4624	0.046559747
68537	173	0.046559583
68537	5045	0.04650636
68537	6458	0.04638521
68537	2344	0.0462761
68537	1057	0.046226457
68537	6702	0.04622644
68537	4372	0.046123788
68537	3642	0.04611829
68568	5586	0.053477883
68568	140	0.053462636
68568	892	0.05318235
68568	141	0.052881107
68568	1309	0.05278763
68568	6761	0.052767638
68568	4910	0.052680165
68568	5361	0.05264859
68568	3552	0.052648567
68568	6631	0.052510485
68581	3185	0.03199763
68581	3223	0.03199762
68581	2834	0.03199759
68581	2655	0.03191454
68581	2889	0.031892397
68581	704	0.03189239
68581	1937	0.03189239
68581	942	0.0318634
68581	2314	0.031863354
68581	1856	0.031804502
68615	4520	0.028863806
68615	2832	0.028863784
68615	1557	0.02881707
68615	4907	0.028816799
68615	1744	0.02881679
68615	2916	0.028746966
68615	2139	0.0286794
68615	6206	0.028645717
68615	1885	0.02860329
68615	5966	0.028591143
68700	5984	0.05192891
68700	5846	0.05192889
68700	2715	0.051756807
68700	3017	0.05162088
68700	1010	0.05162081
68700	3994	0.051584385
68700	6197	0.05154746
68700	96	0.05145149
68700	6021	0.05145146
68700	783	0.051448748
68729	4111	0.037803695
68729	5800	0.037803665
68729	2079	0.03776393
68729	3259	0.037763927
68729	5679	0.03776017
68729	2848	0.03769772
68729	6039	0.03769707
68729	1379	0.037634674
68729	4920	0.03758409
68729	5044	0.037544295
68760	7	0.041539863
68760	456	0.04143523
68760	5867	0.04143451
68760	3285	0.041363254
68760	2956	0.040947393
68760	4560	0.04091325
68760	5288	0.040850103
68760	350	0.040749002
68760	6249	0.040631097
68760	3198	0.04061704
68767	3051	0.04898539
68767	3863	0.04893392
68767	253	0.048933886
68767	3502	0.048933875
68767	3551	0.048933867
68767	601	0.04893384
68767	4022	0.048933834
68767	5938	0.048933834
68767	3816	0.04893383
68767	729	0.048933823
68768	769	0.040578965
68768	30	0.04055156
68768	4311	0.040522106
68768	3202	0.0405221
68768	5333	0.0405221
68768	4934	0.040522084
68768	5189	0.040516634
68768	1590	0.040494695
68768	3617	0.040403828
68768	2483	0.040403806
68846	1515	0.049507543
68846	1491	0.049507536
68846	3373	0.04945561
68846	789	0.04945556
68846	1973	0.04945556
68846	4878	0.04945553
68846	207	0.049341336
68846	650	0.049269494
68846	1674	0.049269475
68846	5828	0.049217492
68886	3770	0.05088189
68886	2516	0.050868876
68886	4982	0.050568625
68886	175	0.05041996
68886	5863	0.050301168
68886	2819	0.04998313
68886	3280	0.04969441
68886	474	0.049439415
68886	4729	0.049343824
68886	1264	0.049318288
68943	6863	0.0489839
68943	6247	0.048983894
68943	4155	0.048937295
68943	5848	0.04893729
68943	2790	0.048937283
68943	3862	0.04893728
68943	4176	0.048937235
68943	4903	0.048771955
68943	266	0.04877194
68943	5597	0.048725374
68984	1411	0.058181755
68984	2176	0.05791551
68984	1713	0.057560638
68984	1436	0.05697628
68984	1750	0.05656278
68984	3855	0.05620935
68984	1711	0.05617449
68984	613	0.056055073
68984	2362	0.0560358
68984	1071	0.055969633
69012	1492	0.045941792
69012	1947	0.045843057
69012	2503	0.04579071
69012	1177	0.045611
69012	2044	0.045331776
69012	4968	0.04507138
69012	693	0.045033514
69012	2991	0.044996187
69012	1205	0.04479728
69012	210	0.04479724
69023	2493	0.04635184
69023	1804	0.046248246
69023	915	0.046239853
69023	4122	0.046215802
69023	1748	0.046215795
69023	1357	0.046203293
69023	1903	0.046203192
69023	4300	0.046104163
69023	3077	0.046097748
69023	3314	0.046091907
69042	707	0.04562197
69042	621	0.045227792
69042	73	0.04423566
69042	720	0.04419095
69042	831	0.044003043
69042	5054	0.043929834
69042	2158	0.04388282
69042	1242	0.043834276
69042	4336	0.043806337
69042	3973	0.04379739
69089	6563	0.048377458
69089	3278	0.047629412
69089	9	0.047552004
69089	3277	0.04733007
69089	1628	0.047070596
69089	1459	0.04700926
69089	3276	0.04679385
69089	2426	0.046705365
69089	6125	0.0460961
69089	2300	0.045926586
69156	1961	0.0679348
69156	526	0.067604035
69156	169	0.06707925
69156	1068	0.06655149
69156	2725	0.066521056
69156	715	0.06646271
69156	1527	0.06641976
69156	1251	0.06609137
69156	4332	0.06600724
69156	2950	0.06596799
69188	2230	0.04568111
69188	2380	0.045681074
69188	4064	0.045584936
69188	5541	0.04552687
69188	6216	0.045526855
69188	5726	0.045526844
69188	4749	0.04552681
69188	3817	0.045430645
69188	2414	0.04519762
69188	4794	0.045191225
69211	2813	0.059027094
69211	4549	0.058816165
69211	3049	0.058803286
69211	6190	0.0588032
69211	5517	0.05838771
69211	2692	0.058231894
69211	777	0.05815236
69211	176	0.058152333
69211	3691	0.058106877
69211	4307	0.05795587
69232	2116	0.051098183
69232	2079	0.051013716
69232	3259	0.051013697
69232	6863	0.050940696
69232	6247	0.05094068
69232	1441	0.05087217
69232	4155	0.050872155
69232	5848	0.050872143
69232	3862	0.050872132
69232	2790	0.05087213
69252	1101	0.033163205
69252	732	0.033149555
69252	3320	0.032974597
69252	733	0.03296092
69252	3691	0.032781634
69252	4571	0.032742813
69252	4046	0.0327228
69252	4051	0.032699667
69252	5064	0.032699622
69252	4213	0.032586753
69355	1792	0.0434638
69355	5523	0.0432238
69355	80	0.042935006
69355	3900	0.04292479
69355	509	0.042728122
69355	3492	0.04266125
69355	4001	0.042581424
69355	5117	0.042546105
69355	5529	0.04250165
69355	5735	0.04250161
69378	18	0.05141356
69378	1627	0.051097844
69378	314	0.051063657
69378	4181	0.051052853
69378	4639	0.0510528
69378	1578	0.051008902
69378	1391	0.05091218
69378	3317	0.050820015
69378	3438	0.05046327
69378	1416	0.050459556
69389	526	0.044697136
69389	1961	0.044358466
69389	4307	0.04372991
69389	715	0.04371812
69389	1068	0.043532368
69389	350	0.04348477
69389	5288	0.04340676
69389	2856	0.043302402
69389	1251	0.04329039
69389	456	0.04300821
69405	2627	0.04656171
69405	2858	0.046299588
69405	2148	0.04611621
69405	873	0.045973957
69405	5	0.04586308
69405	3238	0.04585503
69405	6177	0.04581157
69405	4448	0.045811564
69405	3236	0.045759734
69405	5863	0.045741126
69410	1527	0.04585307
69410	2725	0.045849502
69410	1268	0.04580985
69410	971	0.045575798
69410	158	0.045519356
69410	5815	0.045083173
69410	20	0.045083154
69410	2867	0.045083135
69410	1961	0.04501289
69410	611	0.044683166
69460	3610	0.041153304
69460	5917	0.041083045
69460	1414	0.041083038
69460	6302	0.04108303
69460	5164	0.041063037
69460	1244	0.040908687
69460	3027	0.0408955
69460	5623	0.040895484
69460	1148	0.040875573
69460	5622	0.04087556
69512	2082	0.046538442
69512	3086	0.046538424
69512	4151	0.046508156
69512	5933	0.046508156
69512	5603	0.04650814
69512	5408	0.04650813
69512	1001	0.046508126
69512	5338	0.046508096
69512	3061	0.04646963
69512	881	0.046439327
69684	5662	0.049720176
69684	574	0.049337354
69684	6709	0.049274553
69684	3426	0.04927454
69684	883	0.049234122
69684	4876	0.049234033
69684	3796	0.04878954
69684	397	0.048684135
69684	600	0.048555553
69684	1462	0.048497744
69709	2083	0.044784572
69709	5888	0.044784565
69709	5317	0.044741787
69709	5714	0.044741757
69709	2658	0.04450448
69709	3488	0.044479225
69709	4429	0.04416429
69709	4911	0.044155046
69709	2789	0.04408928
69709	4721	0.043883283
69721	784	0.062004097
69721	5884	0.062004022
69721	5824	0.061866365
69721	5402	0.061842293
69721	4386	0.06142651
69721	2296	0.061416417
69721	3700	0.061401933
69721	5699	0.06134177
69721	6313	0.061325714
69721	6598	0.061278492
69749	6284	0.042280175
69749	6389	0.0422643
69749	6848	0.04226426
69749	948	0.042264238
69749	4412	0.04220143
69749	6403	0.04180208
69749	4711	0.041686386
69749	3916	0.04168638
69749	6827	0.041686375
69749	748	0.041674044
69775	4640	0.04566046
69775	3414	0.045658268
69775	5543	0.045491166
69775	2925	0.045488246
69775	642	0.045488235
69775	4550	0.04537408
69775	922	0.04537405
69775	4193	0.04536714
69775	4128	0.045291204
69775	4112	0.045222543
69790	4071	0.05108401
69790	861	0.051084
69790	3283	0.051083982
69790	4483	0.051029466
69790	3421	0.05102944
69790	5927	0.051029414
69790	4924	0.0510294
69790	6839	0.051029395
69790	6016	0.050821073
69790	1247	0.050821066
69808	4312	0.041871816
69808	1516	0.0417562
69808	5858	0.041631944
69808	3523	0.041612484
69808	6143	0.04140064
69808	3121	0.041276418
69808	3587	0.041256968
69808	4279	0.041256946
69808	941	0.041181974
69808	4140	0.041139957
69929	2819	0.052781656
69929	5863	0.05232876
69929	4982	0.052114584
69929	3280	0.052001044
69929	3273	0.05189611
69929	4335	0.051603653
69929	3770	0.051396497
69929	474	0.051214494
69929	873	0.05115601
69929	2858	0.051146336
69933	5951	0.054925807
69933	155	0.054826878
69933	3050	0.0548082
69933	1758	0.05480273
69933	6297	0.054775722
69933	6590	0.05473616
69933	605	0.05461017
69933	4921	0.054578625
69933	4031	0.054578602
69933	6049	0.054521665
69971	3799	0.058289386
69971	6169	0.05663517
69971	5401	0.056274008
69971	1796	0.056225516
69971	2411	0.0560364
69971	1203	0.055948805
69971	51	0.055909008
69971	2178	0.055715982
69971	1320	0.05567751
69971	744	0.05560993
70014	1964	0.05622416
70014	1617	0.0560252
70014	675	0.05599132
70014	102	0.05596838
70014	712	0.055938117
70014	1269	0.055938028
70014	2710	0.05577019
70014	2545	0.055680595
70014	2692	0.055598438
70014	4549	0.055430256
70052	4245	0.06415831
70052	5205	0.063902885
70052	507	0.06290836
70052	692	0.06264636
70052	4442	0.062034287
70052	1789	0.061959416
70052	2744	0.06173873
70052	432	0.06172857
70052	589	0.061622825
70052	1854	0.06135609
70065	2692	0.047625758
70065	2710	0.047397517
70065	620	0.0469902
70065	5517	0.046662603
70065	4560	0.046636634
70065	1264	0.046611965
70065	3047	0.046557613
70065	3775	0.046488456
70065	3385	0.046444744
70065	1708	0.04643309
70183	1377	0.061961118
70183	3946	0.061668172
70183	834	0.06166816
70183	468	0.06160833
70183	1258	0.061315384
70183	3928	0.06131537
70183	42	0.061315335
70183	1962	0.061315335
70183	3803	0.061315328
70183	5751	0.061189286
70189	6250	0.062232964
70189	1094	0.061880648
70189	1045	0.061880607
70189	1725	0.061880596
70189	1328	0.061854314
70189	5675	0.061731994
70189	1639	0.06168068
70189	675	0.061672293
70189	3177	0.06166219
70189	1743	0.061662108
70192	5524	0.028687881
70192	3912	0.02859821
70192	2151	0.028582394
70192	4041	0.02851981
70192	3871	0.028488897
70192	2131	0.028451711
70192	5987	0.028427234
70192	5539	0.028410695
70192	3102	0.028410686
70192	1120	0.0283762
70222	2024	0.049325056
70222	2480	0.04911659
70222	415	0.049112428
70222	604	0.049102098
70222	2798	0.048944376
70222	1952	0.048923448
70222	5001	0.048852533
70222	5114	0.048801996
70222	1026	0.048788138
70222	3111	0.048717212
70302	1641	0.043937635
70302	3022	0.043759223
70302	1634	0.04362969
70302	5216	0.043629654
70302	3523	0.043236073
70302	6281	0.043202974
70302	6816	0.043167386
70302	4506	0.043142438
70302	811	0.04314241
70302	478	0.043142363
70379	1698	0.05180879
70379	6703	0.05147924
70379	2119	0.051305294
70379	926	0.05128894
70379	286	0.051215224
70379	4055	0.050888125
70379	3644	0.05088615
70379	1774	0.050849207
70379	1715	0.050714567
70379	6687	0.05069854
70401	3737	0.050021894
70401	5019	0.049882047
70401	261	0.0497632
70401	1374	0.049763106
70401	6658	0.04974312
70401	5179	0.049493
70401	2829	0.049418587
70401	1924	0.04938206
70401	2035	0.049353063
70401	6625	0.049239673
70402	405	0.045812305
70402	2684	0.045620237
70402	1286	0.045488514
70402	3427	0.04540474
70402	37	0.045311287
70402	446	0.045275632
70402	1916	0.045081835
70402	6291	0.045062978
70402	3342	0.04487099
70402	4170	0.044837356
70415	2010	0.06616484
70415	5696	0.06616042
70415	1662	0.066160396
70415	6417	0.06616033
70415	2070	0.06607012
70415	3093	0.06590259
70415	1064	0.06589816
70415	3286	0.065898106
70415	3690	0.06567009
70415	5423	0.06566554
70435	3156	0.057813033
70435	3295	0.057591826
70435	4132	0.05748459
70435	1006	0.057342976
70435	4512	0.057073075
70435	291	0.057022475
70435	328	0.057022423
70435	453	0.056966595
70435	2129	0.05694912
70435	1297	0.056915842
70448	3083	0.055377007
70448	3946	0.054609634
70448	834	0.05460963
70448	814	0.054290816
70448	5306	0.05415802
70448	2540	0.054133542
70448	1258	0.05411044
70448	3928	0.05411042
70448	1962	0.054110415
70448	42	0.054110393
70541	3517	0.06569013
70541	2915	0.065690085
70541	5222	0.06569008
70541	3457	0.06569004
70541	4483	0.0654213
70541	3421	0.06542128
70541	4924	0.06542124
70541	5927	0.06542124
70541	6839	0.0654212
70541	6099	0.06487138
70594	1320	0.057179485
70594	3799	0.05681681
70594	6169	0.05677636
70594	5401	0.056414794
70594	744	0.056399014
70594	6736	0.05639892
70594	3769	0.056249607
70594	3438	0.056086928
70594	1796	0.05607758
70594	978	0.055816427
70628	6179	0.049187664
70628	6150	0.048991486
70628	2412	0.048858173
70628	212	0.048858162
70628	6675	0.04885813
70628	5709	0.04885809
70628	4403	0.048854634
70628	2885	0.04881888
70628	1926	0.048818864
70628	3479	0.048818856
70649	5178	0.055779126
70649	1237	0.055676565
70649	5698	0.05538263
70649	2968	0.055382624
70649	6589	0.055207204
70649	4057	0.05515849
70649	6055	0.055158477
70649	232	0.055101156
70649	3373	0.055065203
70649	1973	0.055065148
70666	1640	0.06371545
70666	2398	0.06371542
70666	158	0.063057296
70666	5815	0.06294493
70666	20	0.06294488
70666	2867	0.062944874
70666	2007	0.06248049
70666	3770	0.06240413
70666	739	0.062075257
70666	175	0.061964143
70703	1479	0.042633105
70703	132	0.0426331
70703	6541	0.042619795
70703	919	0.042586964
70703	3034	0.04234589
70703	4421	0.042332582
70703	786	0.04230038
70703	5357	0.04225277
70703	4735	0.042239457
70703	6367	0.042168435
70772	5312	0.034906168
70772	8	0.03490616
70772	4043	0.034906145
70772	3017	0.03478413
70772	1010	0.034784093
70772	6376	0.034780465
70772	5463	0.034780428
70772	850	0.03476718
70772	5822	0.034767162
70772	2072	0.034767143
70864	3963	0.03963528
70864	6461	0.039398998
70864	5644	0.039380677
70864	2308	0.03914657
70864	3625	0.03904005
70864	3175	0.038993612
70864	3242	0.038990796
70864	2287	0.03892305
70864	2697	0.038663186
70864	4766	0.038630657
70878	977	0.04098513
70878	6444	0.040985096
70878	683	0.04080484
70878	3107	0.04075649
70878	2684	0.04074938
70878	5149	0.040599197
70878	3631	0.040544078
70878	1289	0.040539593
70878	2555	0.040513843
70878	213	0.040513806
70918	3949	0.06410059
70918	35	0.063768946
70918	3114	0.06376885
70918	460	0.06371413
70918	1336	0.063311405
70918	4401	0.063158005
70918	664	0.0631488
70918	3999	0.0630901
70918	421	0.06309007
70918	695	0.06309006
70931	40	0.045552716
70931	3532	0.04539978
70931	365	0.04521472
70931	1891	0.04483199
70931	5795	0.044751193
70931	2804	0.044621937
70931	968	0.044598244
70931	2690	0.04445246
70931	469	0.04439976
70931	456	0.044251066
71102	1405	0.053996168
71102	816	0.053952698
71102	1983	0.05339218
71102	3169	0.05297781
71102	2281	0.052916102
71102	1463	0.05287257
71102	1070	0.052825846
71102	622	0.052812546
71102	4998	0.05243706
71102	1600	0.052346654
71162	3774	0.0463652
71162	2866	0.04635986
71162	3484	0.046184517
71162	1612	0.04600978
71162	1844	0.04593981
71162	1287	0.04575901
71162	6808	0.045677844
71162	5639	0.045602445
71162	5202	0.04553199
71162	4912	0.045031134
71181	414	0.061104596
71181	459	0.06092798
71181	1261	0.06058465
71181	937	0.060149983
71181	152	0.06014995
71181	2362	0.06003454
71181	188	0.05968262
71181	2327	0.059674896
71181	1387	0.0596748
71181	3056	0.05949759
71183	1662	0.0505165
71183	5696	0.050516494
71183	6417	0.050516427
71183	2070	0.050491743
71183	4161	0.050168984
71183	4175	0.05000937
71183	6554	0.05000937
71183	2010	0.04995972
71183	5423	0.04974118
71183	1064	0.04965144
71193	2306	0.04116013
71193	3393	0.040942095
71193	3962	0.040893003
71193	1096	0.0405989
71193	3721	0.04046431
71193	3228	0.04043439
71193	701	0.040434375
71193	5678	0.040434364
71193	4748	0.040434353
71193	2739	0.040434342
71207	1411	0.06518933
71207	1713	0.06490708
71207	1711	0.06485373
71207	4538	0.06480279
71207	1436	0.06454333
71207	1602	0.06402053
71207	1603	0.06400027
71207	1574	0.063482374
71207	613	0.06306624
71207	20	0.06306614
71223	5591	0.054575477
71223	3525	0.054575447
71223	5504	0.054239523
71223	1956	0.05404278
71223	5448	0.053954832
71223	5270	0.05393316
71223	4980	0.053458266
71223	1003	0.053408876
71223	1194	0.05330867
71223	6129	0.053308614
71234	1882	0.042559855
71234	1101	0.04252062
71234	3320	0.04239764
71234	3691	0.04238404
71234	6670	0.042299572
71234	4213	0.042249635
71234	732	0.04219678
71234	1475	0.04216402
71234	4339	0.042128026
71234	703	0.042118214
71490	2007	0.056535818
71490	3064	0.05648064
71490	708	0.0562768
71490	487	0.056227736
71490	6674	0.056182265
71490	158	0.056166966
71490	5879	0.055702817
71490	1264	0.055386372
71490	4269	0.05529339
71490	3775	0.05509355
71522	5862	0.05715856
71522	4097	0.057024833
71522	6604	0.05693093
71522	4556	0.056707863
71522	4555	0.05670786
71522	11	0.05670785
71522	3100	0.056707844
71522	6377	0.056707833
71522	2260	0.05670783
71522	848	0.056707826
71587	2465	0.055538997
71587	4433	0.055453047
71587	412	0.055441134
71587	935	0.055248428
71587	2555	0.055238053
71587	213	0.055238
71587	685	0.055091232
71587	977	0.055077083
71587	6444	0.055077054
71587	1205	0.054798223
71628	1581	0.04803637
71628	3061	0.048023723
71628	881	0.047968477
71628	4276	0.04796847
71628	4093	0.047968447
71628	5556	0.047968447
71628	6468	0.047968443
71628	4159	0.047968432
71628	5776	0.04796842
71628	2082	0.047913264
71662	3149	0.04063397
71662	2761	0.040544342
71662	1459	0.040266458
71662	2632	0.04018961
71662	4574	0.040189087
71662	3132	0.04009346
71662	6125	0.03972415
71662	641	0.039677788
71662	6113	0.03967536
71662	6201	0.039667748
71712	2744	0.060973927
71712	507	0.06086246
71712	1599	0.060768604
71712	4442	0.060721725
71712	5618	0.0607017
71712	5205	0.060565025
71712	95	0.060524315
71712	1104	0.060367346
71712	589	0.06021747
71712	1789	0.0600481
71752	3083	0.043266
71752	814	0.042990893
71752	503	0.042839393
71752	837	0.042682413
71752	1220	0.04255545
71752	991	0.042141307
71752	3977	0.041902706
71752	5155	0.0416561
71752	1117	0.04165609
71752	2497	0.041656062
71786	1680	0.059094004
71786	1212	0.059054077
71786	5570	0.05905407
71786	3433	0.058699906
71786	1185	0.058631755
71786	653	0.058251783
71786	664	0.058194563
71786	5702	0.05817511
71786	1616	0.058023177
71786	1286	0.057992414
71800	4787	0.060768444
71800	4665	0.060746364
71800	337	0.060746334
71800	3811	0.06026547
71800	5467	0.0602654
71800	5165	0.06020577
71800	1151	0.06018802
71800	655	0.060165826
71800	5963	0.06015181
71800	4492	0.059943747
71831	6511	0.041016854
71831	3675	0.041006133
71831	3605	0.040916443
71831	5161	0.040906474
71831	6507	0.040760316
71831	2435	0.04073959
71831	1645	0.040726736
71831	633	0.040702857
71831	4434	0.040531367
71831	3020	0.040525906
71853	978	0.046063013
71853	2918	0.04593975
71853	930	0.04592535
71853	465	0.045925297
71853	3142	0.045925297
71853	227	0.045763195
71853	410	0.045591958
71853	2912	0.045589935
71853	590	0.04557454
71853	4235	0.04545371
71900	4730	0.057202447
71900	6107	0.057202443
71900	6277	0.05720242
71900	4396	0.056905106
71900	6920	0.056843504
71900	3761	0.056803003
71900	5450	0.056802925
71900	13	0.0564595
71900	2645	0.056197856
71900	3390	0.056180097
71902	2024	0.0512735
71902	415	0.05118123
71902	5114	0.05115599
71902	604	0.051154636
71902	636	0.051130652
71902	2360	0.051130645
71902	2920	0.051130645
71902	3440	0.051130638
71902	2480	0.051114317
71902	1033	0.051063735
72099	1444	0.055204198
72099	2961	0.05520417
72099	451	0.05511142
72099	997	0.05499742
72099	2870	0.05499741
72099	3659	0.05483993
72099	3616	0.054704666
72099	320	0.054676726
72099	279	0.05451821
72099	1690	0.05435486
72100	1444	0.056964725
72100	2961	0.056964688
72100	449	0.0567661
72100	54	0.056437142
72100	5140	0.05640327
72100	1779	0.05637392
72100	3443	0.05634699
72100	879	0.05632674
72100	2883	0.056293674
72100	727	0.056248985
72183	5039	0.067193195
72183	1739	0.06719315
72183	2700	0.067136854
72183	327	0.06713681
72183	3951	0.06713681
72183	1625	0.06702042
72183	3264	0.067020416
72183	2332	0.06688687
72183	1729	0.06676711
72183	1855	0.066742525
72190	3137	0.061990596
72190	2699	0.06191836
72190	5315	0.061638195
72190	4695	0.061508693
72190	310	0.061382934
72190	4820	0.060846034
72190	204	0.06070578
72190	6843	0.060445897
72190	423	0.060185615
72190	1760	0.06013496
72214	1523	0.065930836
72214	319	0.06593083
72214	2189	0.0659308
72214	4625	0.06576732
72214	3439	0.065654546
72214	6104	0.06564823
72214	3999	0.06559257
72214	421	0.06559253
72214	695	0.06559247
72214	1192	0.06550081
72238	4150	0.04165671
72238	4926	0.041656703
72238	2723	0.0416567
72238	4721	0.041656695
72238	4076	0.04165669
72238	6711	0.04165668
72238	1997	0.041656643
72238	4078	0.041615844
72238	475	0.041541386
72238	6068	0.041541357
72287	3570	0.045496136
72287	6445	0.045435764
72287	359	0.04528948
72287	74	0.04528029
72287	4061	0.044513244
72287	5271	0.044475272
72287	3417	0.044253305
72287	2858	0.04421016
72287	2847	0.044101655
72287	4729	0.044098474
72296	5312	0.058674976
72296	8	0.05867496
72296	4043	0.058674935
72296	4800	0.05857552
72296	4555	0.05850615
72296	4556	0.058506127
72296	3100	0.058506124
72296	6377	0.0585061
72296	11	0.058506086
72296	848	0.05850608
72352	3500	0.050163053
72352	795	0.050163046
72352	2666	0.050024033
72352	3271	0.049997136
72352	3837	0.049968466
72352	2754	0.049853697
72352	4211	0.049769416
72352	3889	0.049683925
72352	4723	0.04962138
72352	797	0.049563944
72368	3256	0.05077947
72368	3508	0.050741613
72368	245	0.05074157
72368	3603	0.050741535
72368	861	0.050505087
72368	4071	0.05050508
72368	3283	0.050505076
72368	6016	0.05048453
72368	1247	0.050484516
72368	5245	0.05048451
72418	6459	0.05395229
72418	1696	0.05383262
72418	2596	0.05383253
72418	4148	0.053794637
72418	4225	0.05379463
72418	5725	0.053710498
72418	6558	0.053593013
72418	516	0.053592984
72418	2617	0.05342163
72418	3660	0.053210966
72451	3970	0.047471132
72451	2903	0.04747112
72451	4085	0.047045104
72451	2501	0.047006063
72451	6324	0.04699848
72451	6050	0.04692615
72451	2096	0.04686049
72451	4470	0.046841566
72451	3830	0.04677598
72451	3828	0.04677592
72470	2472	0.041352205
72470	3402	0.041352205
72470	6862	0.041086115
72470	1460	0.04075923
72470	1452	0.040644106
72470	5349	0.040610895
72470	3255	0.040504623
72470	3206	0.04031726
72470	4486	0.040217526
72470	4008	0.040063135
72523	3626	0.057561938
72523	6337	0.057351578
72523	5298	0.057209816
72523	3175	0.057071224
72523	5633	0.057047185
72523	896	0.056954693
72523	4202	0.056774624
72523	59	0.05677455
72523	4166	0.056664407
72523	6789	0.05648645
72530	3947	0.05779905
72530	6218	0.057799004
72530	4306	0.057753894
72530	901	0.057682026
72530	2008	0.05763697
72530	3246	0.05763693
72530	2557	0.057636928
72530	1488	0.05763692
72530	5948	0.05763691
72530	4698	0.057429105
72575	620	0.065013304
72575	1708	0.06495858
72575	5352	0.064687625
72575	459	0.06451291
72575	794	0.06428183
72575	1268	0.06421899
72575	188	0.06400456
72575	102	0.06398384
72575	1527	0.063930206
72575	3775	0.06359507
72601	2520	0.05925526
72601	788	0.05923918
72601	4506	0.059156314
72601	811	0.05915629
72601	478	0.05915621
72601	510	0.059007302
72601	4418	0.059007257
72601	5403	0.05899192
72601	4262	0.058883432
72601	3377	0.058834594
72636	611	0.04664418
72636	1268	0.046479158
72636	127	0.04610443
72636	1527	0.04592865
72636	1626	0.04576701
72636	2725	0.0457125
72636	459	0.04568328
72636	1261	0.045621045
72636	3056	0.045571614
72636	971	0.045525912
72707	3044	0.050733402
72707	4138	0.050622914
72707	1736	0.050607722
72707	2882	0.05054257
72707	5949	0.050420634
72707	4251	0.050331198
72707	6290	0.05031948
72707	1548	0.050298817
72707	1982	0.05029197
72707	2840	0.04999489
72742	2449	0.039937433
72742	6551	0.03990418
72742	5949	0.039820198
72742	3604	0.039804667
72742	2286	0.039766625
72742	2013	0.039721474
72742	3044	0.039674014
72742	3595	0.03965754
72742	1156	0.039421216
72742	3378	0.039376754
72785	2435	0.038574666
72785	633	0.038523212
72785	4434	0.03843379
72785	5624	0.03838812
72785	3675	0.038382992
72785	6511	0.038344435
72785	3020	0.038322415
72785	3605	0.038319916
72785	6507	0.038215533
72785	3378	0.03817582
72990	2374	0.048305597
72990	2964	0.04817935
72990	57	0.04810614
72990	4286	0.047670107
72990	3380	0.04756087
72990	2513	0.047537528
72990	469	0.04751254
72990	660	0.047415882
72990	1198	0.04734261
72990	2608	0.047342595
73003	2138	0.032645915
73003	4907	0.032589957
73003	1744	0.03258995
73003	4936	0.03234561
73003	4692	0.032295577
73003	1100	0.032205526
73003	4146	0.032169867
73003	5337	0.031986557
73003	5026	0.031951472
73003	4686	0.031937853
73022	2026	0.043057866
73022	2077	0.042978574
73022	442	0.042978566
73022	1839	0.0427733
73022	3180	0.04276827
73022	2578	0.04276824
73022	4175	0.042688914
73022	6554	0.042688914
73022	1855	0.04253154
73022	2347	0.04253153
73044	5833	0.059698194
73044	2315	0.05968628
73044	4433	0.059575133
73044	1616	0.059557408
73044	1952	0.059439853
73044	2920	0.05942001
73044	636	0.059420004
73044	2360	0.05941999
73044	415	0.05937434
73044	1942	0.05934476
73056	692	0.07469523
73056	406	0.074490115
73056	1193	0.07413603
73056	243	0.07413264
73056	645	0.07394474
73056	3909	0.0739447
73056	1389	0.073697194
73056	657	0.07314733
73056	614	0.073137775
73056	420	0.07307456
73330	3678	0.048662465
73330	965	0.048662435
73330	1396	0.048662435
73330	1747	0.048662424
73330	646	0.04841444
73330	5414	0.04841444
73330	5953	0.04841443
73330	5395	0.048173606
73330	587	0.0481736
73330	4398	0.048173584
73363	1491	0.047925502
73363	1515	0.047925502
73363	1499	0.04787482
73363	3373	0.047835756
73363	789	0.0478357
73363	1973	0.0478357
73363	4878	0.047835678
73363	3506	0.047697797
73363	4197	0.047697756
73363	650	0.0475738
73394	1961	0.043596484
73394	2950	0.043434847
73394	526	0.042939667
73394	169	0.042897604
73394	1527	0.042847306
73394	910	0.042797633
73394	4332	0.042722505
73394	1268	0.042673346
73394	794	0.04265704
73394	1586	0.042552833
73398	1755	0.034716688
73398	5301	0.034716673
73398	292	0.03464199
73398	5991	0.034641974
73398	409	0.034638368
73398	6213	0.034558825
73398	5393	0.03452485
73398	4231	0.034524836
73398	1186	0.034481656
73398	5406	0.03448058
73548	6275	0.04274299
73548	292	0.042657964
73548	5991	0.042657934
73548	1336	0.042615905
73548	1192	0.042543404
73548	2324	0.042511262
73548	3999	0.042479854
73548	421	0.042479828
73548	695	0.042479794
73548	411	0.042454213
73588	3697	0.04485123
73588	3673	0.04466823
73588	519	0.044443775
73588	164	0.04442768
73588	2576	0.04442087
73588	5074	0.04438513
73588	1521	0.04437089
73588	4603	0.04426893
73588	4597	0.044172697
73588	4631	0.044140067
73622	4895	0.042874992
73622	2850	0.042874936
73622	3436	0.042796277
73622	5501	0.04276123
73622	2346	0.042742305
73622	3819	0.042742286
73622	4598	0.042742252
73622	344	0.042734258
73622	3948	0.0427237
73622	3475	0.04269062
73651	3549	0.060774848
73651	687	0.060691047
73651	5885	0.06053335
73651	4309	0.06048806
73651	5610	0.060488023
73651	5553	0.060462646
73651	150	0.060449578
73651	1067	0.06044957
73651	3218	0.06044957
73651	3472	0.060407266
73681	2317	0.054490987
73681	338	0.05435014
73681	341	0.05435013
73681	1260	0.054350115
73681	5601	0.054350086
73681	3581	0.054136418
73681	3104	0.053689342
73681	183	0.05366975
73681	537	0.053347748
73681	1070	0.053185023
73741	2858	0.051810995
73741	3570	0.05180096
73741	1242	0.05175021
73741	5863	0.051563114
73741	6445	0.05148294
73741	3973	0.05141931
73741	4982	0.051357917
73741	4729	0.051348
73741	359	0.051175836
73741	780	0.05114475
73795	448	0.068977565
73795	2387	0.068673566
73795	6111	0.0683925
73795	2503	0.068168044
73795	1817	0.06783498
73795	133	0.06783493
73795	1076	0.06783148
73795	710	0.06776744
73795	581	0.06766936
73795	693	0.067628756
73837	5350	0.046257075
73837	5349	0.04574735
73837	6012	0.045602392
73837	3206	0.045446277
73837	1280	0.045365676
73837	1125	0.045361422
73837	3383	0.0453614
73837	3987	0.045361396
73837	3245	0.045361344
73837	6862	0.04531812
73923	925	0.05127875
73923	301	0.050944433
73923	2554	0.050944418
73923	5114	0.050922506
73923	1991	0.050915994
73923	2458	0.050901584
73923	5710	0.05078529
73923	1627	0.050709758
73923	2225	0.05069051
73923	5994	0.05059654
74026	3975	0.054718554
74026	2899	0.054718547
74026	1919	0.054718543
74026	2531	0.05471851
74026	3577	0.05464648
74026	3522	0.054420084
74026	3640	0.054357003
74026	3717	0.054316316
74026	6331	0.054138348
74026	6735	0.05408276
74056	2765	0.06249423
74056	4870	0.062033534
74056	5023	0.06103645
74056	933	0.06097409
74056	2229	0.060477212
74056	4305	0.060218155
74056	4949	0.060206026
74056	5387	0.060035452
74056	2056	0.059986793
74056	5669	0.059968844
74093	542	0.045171887
74093	5537	0.045089126
74093	5082	0.04507994
74093	384	0.04502941
74093	3527	0.04502941
74093	1571	0.045029357
74093	1176	0.04495205
74093	1900	0.04494325
74093	4267	0.04494318
74093	496	0.04489949
74106	1466	0.042594153
74106	975	0.042260244
74106	2334	0.042202473
74106	5801	0.042113278
74106	4086	0.04209857
74106	4673	0.042098567
74106	5988	0.04205475
74106	418	0.04202969
74106	3891	0.042029634
74106	2125	0.04197067
74175	1389	0.07108884
74175	420	0.07049946
74175	4245	0.07029837
74175	4607	0.0695465
74175	2093	0.069184914
74175	4496	0.06890416
74175	2432	0.068719015
74175	4788	0.0687075
74175	5205	0.068556696
74175	614	0.068156846
74185	1490	0.07415803
74185	1550	0.07336101
74185	3943	0.07326265
74185	1212	0.07290004
74185	5570	0.07290003
74185	614	0.072720796
74185	1389	0.07252639
74185	243	0.07202609
74185	3433	0.07181065
74185	1764	0.07148493
74274	3863	0.043785945
74274	253	0.04378592
74274	3502	0.04378591
74274	3551	0.0437859
74274	601	0.043785878
74274	4022	0.043785874
74274	5938	0.04378587
74274	3816	0.043785866
74274	729	0.043785863
74274	686	0.04378586
74286	1055	0.061011873
74286	1185	0.06096935
74286	1212	0.060908787
74286	5570	0.06090878
74286	2369	0.060762785
74286	653	0.060406014
74286	1490	0.060253654
74286	1680	0.06006914
74286	1867	0.059794962
74286	3433	0.059786167
74328	1897	0.041152634
74328	934	0.041152596
74328	1066	0.04113109
74328	730	0.040911186
74328	3517	0.0408331
74328	2915	0.04083308
74328	5222	0.04083308
74328	3457	0.040833056
74328	1430	0.04067619
74328	912	0.040619403
74356	1719	0.037887532
74356	6743	0.03783158
74356	334	0.037679758
74356	2463	0.0376414
74356	3186	0.037641376
74356	6539	0.03764137
74356	6520	0.03762986
74356	889	0.0375915
74356	5201	0.037591472
74356	4137	0.037547104
74453	2228	0.057035048
74453	2321	0.056898136
74453	4662	0.056677844
74453	3726	0.0564924
74453	4609	0.05636872
74453	2910	0.056348547
74453	1895	0.056141295
74453	4736	0.056114588
74453	1503	0.056114547
74453	312	0.0560928
74487	3019	0.040311247
74487	6102	0.040296316
74487	5969	0.040296286
74487	680	0.04026912
74487	5585	0.040245555
74487	6655	0.040215492
74487	2843	0.04017779
74487	5581	0.040156502
74487	4424	0.040127106
74487	6672	0.04010351
74493	4808	0.034663133
74493	5344	0.034617312
74493	2769	0.03461731
74493	5769	0.034528498
74493	5946	0.034525048
74493	399	0.034525037
74493	4371	0.03452503
74493	5385	0.03452503
74493	2122	0.034525026
74493	3734	0.03452501
74571	278	0.057646908
74571	5166	0.05764689
74571	2208	0.057646886
74571	1737	0.05764688
74571	4230	0.057646863
74571	3954	0.057646837
74571	2293	0.0575651
74571	5604	0.057539083
74571	6160	0.05745726
74571	356	0.05716362
74630	1104	0.04881657
74630	503	0.048797037
74630	5618	0.048715517
74630	3227	0.048608072
74630	95	0.0485848
74630	507	0.048523057
74630	4442	0.04826682
74630	1599	0.048253354
74630	991	0.04824009
74630	836	0.048055917
74665	6111	0.06653668
74665	693	0.06651762
74665	407	0.06614052
74665	448	0.06594895
74665	809	0.06591097
74665	85	0.06588057
74665	2469	0.065849274
74665	1817	0.06567904
74665	133	0.065679014
74665	68	0.06567887
74687	5767	0.03754145
74687	4969	0.0373265
74687	4615	0.037275255
74687	3181	0.037219543
74687	4810	0.03711794
74687	3060	0.03685209
74687	4831	0.036642008
74687	4990	0.0364677
74687	3752	0.036355466
74687	2948	0.0362774
74689	5517	0.035580724
74689	608	0.03541199
74689	5300	0.035069205
74689	973	0.035042547
74689	3049	0.03504227
74689	6190	0.035042234
74689	2813	0.035029292
74689	1241	0.03492914
74689	2692	0.034836076
74689	1695	0.03478727
74691	1946	0.043981355
74691	4999	0.043807454
74691	525	0.043698143
74691	4951	0.043683194
74691	1145	0.043675087
74691	3371	0.043675087
74691	4416	0.043675087
74691	1437	0.043675072
74691	5173	0.04367505
74691	3730	0.04367058
74743	70	0.058920905
74743	5404	0.058920875
74743	552	0.058684215
74743	5936	0.058684193
74743	710	0.05866748
74743	6111	0.058646567
74743	2469	0.058615346
74743	448	0.05830743
74743	68	0.058227323
74743	3520	0.058207102
74758	6865	0.05024059
74758	2012	0.050080836
74758	2950	0.04994058
74758	4432	0.049768124
74758	3213	0.04976808
74758	4882	0.049768053
74758	1370	0.049373083
74758	2813	0.049176056
74758	2086	0.049096614
74758	1882	0.04904463
74833	1305	0.047417484
74833	4205	0.047417484
74833	426	0.047417477
74833	3090	0.047370046
74833	246	0.04731083
74833	1289	0.047280993
74833	3527	0.047280435
74833	1571	0.047280423
74833	52	0.047232956
74833	3442	0.04723292
74849	2948	0.05895158
74849	5076	0.05892807
74849	4725	0.058715858
74849	3731	0.05841723
74849	2727	0.058152035
74849	1569	0.05770202
74849	3882	0.057701997
74849	1043	0.057654727
74849	3739	0.057539735
74849	5508	0.057524562
74911	5765	0.040968105
74911	2337	0.04083411
74911	3194	0.04081487
74911	3906	0.04069261
74911	541	0.04057379
74911	1458	0.040573787
74911	6544	0.040573783
74911	168	0.04057377
74911	1851	0.0405586
74911	2333	0.04054781
75013	1817	0.06175653
75013	133	0.061756507
75013	6111	0.061692443
75013	710	0.061539315
75013	70	0.061336216
75013	5404	0.061336182
75013	1781	0.061197
75013	85	0.061183527
75013	4227	0.061089635
75013	3796	0.06089491
75028	1389	0.08340554
75028	420	0.08295557
75028	406	0.08222389
75028	614	0.08136996
75028	2620	0.08115998
75028	1193	0.08104347
75028	2432	0.08103411
75028	2093	0.08083758
75028	1490	0.08033843
75028	3705	0.08021138
75081	1817	0.057692215
75081	133	0.057692185
75081	6111	0.057620995
75081	70	0.05758492
75081	5404	0.05758489
75081	710	0.05729933
75081	85	0.05723933
75081	2469	0.057132076
75081	41	0.057101242
75081	50	0.056983687
75089	243	0.08252713
75089	692	0.08218312
75089	406	0.081019774
75089	1389	0.08095051
75089	614	0.0803116
75089	4245	0.080292016
75089	1193	0.0801516
75089	5140	0.080109194
75089	420	0.080087006
75089	645	0.07922524
75115	3677	0.035566457
75115	4461	0.03555988
75115	1171	0.035409637
75115	786	0.03539798
75115	5872	0.035239074
75115	3002	0.035239033
75115	679	0.03523066
75115	4735	0.035077155
75115	5357	0.035016045
75115	36	0.034939904
75119	3655	0.043457456
75119	1152	0.04345744
75119	5831	0.04345744
75119	5566	0.043307953
75119	3066	0.04296495
75119	5593	0.04293155
75119	3284	0.042882957
75119	6524	0.042870723
75119	3574	0.042870704
75119	3800	0.0428707
75149	2456	0.0527647
75149	1902	0.05275622
75149	3943	0.052424476
75149	61	0.052397843
75149	4235	0.05199589
75149	590	0.051967654
75149	1212	0.05174618
75149	5570	0.051746175
75149	1490	0.05136614
75149	1800	0.051136445
75330	958	0.062062643
75330	406	0.061637893
75330	3705	0.06154734
75330	2432	0.061503045
75330	951	0.061209943
75330	2620	0.06092418
75330	1389	0.060887866
75330	1193	0.060833145
75330	247	0.060828142
75330	676	0.060461607
75429	2370	0.061859928
75429	2851	0.061585058
75429	591	0.061435007
75429	2974	0.061384134
75429	1427	0.061384045
75429	1110	0.06138404
75429	6025	0.06132185
75429	6799	0.061321832
75429	1414	0.06105989
75429	5917	0.061059885
75485	3064	0.067358226
75485	708	0.06728841
75485	434	0.067288354
75485	2317	0.06723989
75485	341	0.06717005
75485	338	0.06717003
75485	1260	0.067170024
75485	5601	0.06716998
75485	3581	0.06681624
75485	3104	0.06674391
75491	1076	0.06335194
75491	879	0.062776946
75491	2991	0.06251529
75491	2503	0.06221713
75491	613	0.06221392
75491	1631	0.06207328
75491	2387	0.061861083
75491	2044	0.06157219
75491	1492	0.06129742
75491	1179	0.061146997
75551	2097	0.038830258
75551	5409	0.03858252
75551	3929	0.03858251
75551	3171	0.038518842
75551	5584	0.03847313
75551	524	0.038448878
75551	3872	0.038336474
75551	5101	0.03830464
75551	3621	0.03827908
75551	5753	0.038201164
75701	6907	0.033457447
75701	1120	0.033432983
75701	3492	0.033397794
75701	1792	0.033382855
75701	6231	0.033359718
75701	1341	0.03333968
75701	5171	0.033255532
75701	4001	0.03323054
75701	4514	0.033181857
75701	5486	0.033177942
75762	1706	0.033714898
75762	5756	0.033664696
75762	6757	0.033642128
75762	835	0.03363791
75762	2245	0.033606783
75762	4502	0.033597134
75762	2610	0.03359712
75762	3703	0.03354151
75762	3000	0.033535663
75762	1274	0.033535637
75777	1273	0.06404897
75777	6262	0.063913524
75777	5695	0.063913494
75777	4693	0.063913435
75777	1169	0.06388091
75777	313	0.06379792
75777	951	0.063522704
75777	6597	0.06350581
75777	5000	0.063471556
75777	4751	0.063471526
75787	3773	0.05754161
75787	6242	0.05742111
75787	4615	0.05670836
75787	3759	0.056372497
75787	2948	0.05613014
75787	6485	0.056077976
75787	1742	0.055977464
75787	5767	0.055929348
75787	4831	0.055902828
75787	139	0.055672664
75809	5271	0.04415756
75809	3241	0.043906316
75809	1496	0.043882757
75809	5072	0.043811522
75809	3333	0.043662746
75809	164	0.0434464
75809	3200	0.04336846
75809	2108	0.043343764
75809	975	0.043271087
75809	5988	0.043097623
75819	1527	0.06608965
75819	1961	0.066079974
75819	1268	0.06568236
75819	2725	0.0653429
75819	526	0.06520809
75819	169	0.06438574
75819	971	0.06435408
75819	158	0.06380815
75819	620	0.06360854
75819	1068	0.063503146
75860	4157	0.05786106
75860	316	0.057568084
75860	314	0.057539336
75860	1190	0.057504058
75860	1500	0.05725344
75860	5022	0.057093263
75860	214	0.056932878
75860	18	0.056915246
75860	1085	0.05691135
75860	1219	0.056791704
76001	2645	0.037758484
76001	3372	0.037753254
76001	2258	0.037726056
76001	2264	0.037658423
76001	694	0.03761413
76001	2259	0.037614115
76001	3276	0.03758702
76001	6604	0.037556365
76001	5862	0.037551127
76001	2164	0.037517946
76019	4085	0.0459371
76019	2903	0.045926705
76019	3970	0.045926705
76019	6324	0.04587051
76019	5958	0.045689598
76019	6672	0.04558165
76019	3019	0.045400724
76019	1482	0.045367185
76019	3163	0.045284294
76019	6101	0.04522813
76102	170	0.04507518
76102	169	0.044843197
76102	4332	0.044567667
76102	67	0.044481963
76102	202	0.044431694
76102	1594	0.044307437
76102	1068	0.0441359
76102	1961	0.04410664
76102	910	0.043845758
76102	1329	0.04384034
76105	2158	0.06601791
76105	776	0.06600522
76105	3417	0.06594956
76105	720	0.065696254
76105	3973	0.06539128
76105	1242	0.06534174
76105	3570	0.06533935
76105	359	0.0653176
76105	707	0.06491946
76105	2858	0.06483888
76151	1419	0.050112158
76151	4756	0.050112158
76151	3822	0.050112147
76151	1421	0.050112143
76151	1049	0.050112136
76151	6587	0.05011212
76151	3572	0.050112117
76151	6152	0.050112106
76151	5183	0.0501121
76151	5292	0.0501121
76168	3947	0.049661487
76168	6218	0.04966145
76168	4306	0.049645163
76168	4262	0.04920101
76168	901	0.049131963
76168	2008	0.04911573
76168	3246	0.0491157
76168	2557	0.049115695
76168	1488	0.04911569
76168	5948	0.049115684
76173	4219	0.05033186
76173	2311	0.050248623
76173	3918	0.0501927
76173	1296	0.050190754
76173	5896	0.050127774
76173	3696	0.050107468
76173	3361	0.050085276
76173	2173	0.050085254
76173	5410	0.050085254
76173	3331	0.050085243
76218	2470	0.040615857
76218	3273	0.039645858
76218	73	0.039390765
76218	5095	0.03934979
76218	3280	0.039147235
76218	621	0.03906301
76218	19	0.038689107
76218	2113	0.0386189
76218	5283	0.0385168
76218	5249	0.03850018
76223	3135	0.04915499
76223	4471	0.048421778
76223	775	0.047979828
76223	5054	0.047847353
76223	2714	0.047347613
76223	3976	0.047309924
76223	3977	0.047303334
76223	4336	0.04727323
76223	3586	0.047238544
76223	4007	0.047225736
76351	2077	0.044209987
76351	442	0.044209983
76351	5254	0.044198338
76351	2026	0.04409391
76351	5586	0.04396657
76351	1309	0.043827787
76351	1839	0.043754704
76351	1091	0.04371165
76351	6032	0.04362804
76351	5263	0.043628015
76352	3075	0.04853244
76352	2886	0.04818417
76352	5364	0.048171215
76352	4524	0.048117183
76352	388	0.04789848
76352	278	0.047884494
76352	5166	0.047884487
76352	1737	0.047884475
76352	4230	0.047884475
76352	2208	0.04788447
76482	157	0.049191516
76482	614	0.04904355
76482	1630	0.04888714
76482	1253	0.04867717
76482	54	0.04834499
76482	192	0.048267014
76482	1055	0.04806769
76482	420	0.04797418
76482	5140	0.047955647
76482	4867	0.04787817
76483	3799	0.044755287
76483	744	0.04463455
76483	6736	0.044634484
76483	1320	0.044551425
76483	5401	0.0444841
76483	240	0.043784577
76483	4286	0.043613642
76483	3769	0.0435416
76483	457	0.043541543
76483	3380	0.043530576
76530	3075	0.05948654
76530	388	0.059441663
76530	278	0.05928867
76530	5166	0.059288654
76530	2208	0.059288643
76530	1737	0.05928863
76530	4230	0.05928863
76530	3954	0.0592886
76530	5414	0.059115488
76530	646	0.059115484
76532	388	0.04683833
76532	4524	0.046635173
76532	5414	0.04659225
76532	646	0.046592236
76532	5953	0.046592236
76532	3075	0.04657719
76532	278	0.046576887
76532	2208	0.046576872
76532	5166	0.04657687
76532	1737	0.04657686
76576	4460	0.03577348
76576	463	0.03568095
76576	6267	0.035529766
76576	6145	0.035398535
76576	6070	0.035301033
76576	2055	0.03529577
76576	818	0.035276517
76576	1799	0.035195865
76576	6847	0.035150476
76576	6694	0.03513172
76710	1075	0.04278386
76710	2586	0.042379897
76710	2128	0.042112388
76710	5761	0.042063747
76710	3461	0.04203552
76710	2343	0.041867703
76710	4453	0.04177753
76710	2323	0.04177752
76710	5020	0.041741535
76710	3543	0.04149499
76741	307	0.07247087
76741	2318	0.072470866
76741	3368	0.07242987
76741	951	0.07221516
76741	2884	0.07216249
76741	3593	0.07213274
76741	2357	0.072094604
76741	5576	0.0720464
76741	3539	0.07204637
76741	1818	0.072046354
76803	5022	0.048769217
76803	4157	0.048427388
76803	1219	0.048418555
76803	435	0.048375815
76803	314	0.048136793
76803	5023	0.048048057
76803	1085	0.047955506
76803	18	0.047922216
76803	1601	0.047816135
76803	87	0.047812212
76812	691	0.060061738
76812	1971	0.059712626
76812	5570	0.059587598
76812	1212	0.05958759
76812	1167	0.059373364
76812	1286	0.059359707
76812	1154	0.059243046
76812	3943	0.059202686
76812	1289	0.059100166
76812	246	0.058913447
76815	1584	0.031645406
76815	4504	0.03149113
76815	3091	0.031480037
76815	4297	0.031476356
76815	1175	0.03146169
76815	3514	0.031458553
76815	357	0.031458527
76815	3914	0.031363938
76815	5739	0.031317085
76815	5347	0.031317074
76818	1504	0.03259324
76818	6169	0.03253973
76818	1783	0.03243535
76818	526	0.03241279
76818	715	0.032377552
76818	1251	0.03237409
76818	569	0.032218933
76818	5737	0.03220195
76818	5401	0.032200478
76818	6259	0.032131106
76873	1323	0.03799692
76873	1279	0.03799648
76873	2946	0.037205815
76873	3774	0.036960445
76873	5424	0.03692486
76873	3484	0.03686242
76873	6109	0.03674039
76873	2755	0.03663322
76873	2058	0.03661699
76873	5818	0.036604613
76888	3083	0.059994686
76888	1220	0.059427448
76888	814	0.059133567
76888	3946	0.059038967
76888	834	0.059038956
76888	2014	0.059028924
76888	5740	0.05902891
76888	5306	0.058947094
76888	2540	0.058844037
76888	1115	0.058652528
76942	5517	0.05488405
76942	2813	0.054781005
76942	5300	0.05437114
76942	703	0.054173887
76942	973	0.054138914
76942	2012	0.05410078
76942	3385	0.053800113
76942	5288	0.0533116
76942	1475	0.053251974
76942	6670	0.05324498
76976	517	0.04503534
76976	4946	0.04496646
76976	4701	0.044888735
76976	6651	0.04488869
76976	1057	0.044886526
76976	6702	0.044886507
76976	2603	0.04482735
76976	3642	0.044815548
76976	1993	0.044750307
76976	5452	0.044750296
77039	5585	0.05346313
77039	389	0.05339192
77039	6102	0.05330438
77039	5969	0.053304344
77039	4420	0.05316569
77039	5581	0.05314354
77039	1644	0.053091776
77039	6655	0.053045124
77039	3562	0.05295466
77039	5087	0.05277554
77052	692	0.08172513
77052	243	0.0807689
77052	645	0.07812105
77052	3909	0.07812102
77052	999	0.07811089
77052	406	0.07799508
77052	1764	0.07793006
77052	1193	0.07780257
77052	5140	0.07778855
77052	879	0.07629905
77181	4227	0.074282914
77181	85	0.074233994
77181	457	0.074233755
77181	500	0.074158534
77181	133	0.07367872
77181	1817	0.07367872
77181	1462	0.07357252
77181	5936	0.073554866
77181	552	0.07355483
77181	5567	0.073509246
77261	930	0.045074634
77261	465	0.045074593
77261	3142	0.04507459
77261	2951	0.044792674
77261	2918	0.044703387
77261	1020	0.044537336
77261	1627	0.044527303
77261	604	0.044476893
77261	2391	0.04435658
77261	460	0.04430832
77273	603	0.036118373
77273	5856	0.036118362
77273	6708	0.03611835
77273	2816	0.036076955
77273	6595	0.036071137
77273	336	0.035953797
77273	2935	0.035929468
77273	5721	0.035663627
77273	1595	0.035604708
77273	6394	0.035557386
77307	6111	0.07970443
77307	1817	0.07953
77307	133	0.07952997
77307	448	0.07879324
77307	1781	0.07877977
77307	5404	0.078523286
77307	710	0.078497455
77307	693	0.07787599
77307	4710	0.07777059
77307	41	0.07772587
77359	4341	0.051464252
77359	3228	0.051345665
77359	5678	0.051345628
77359	701	0.051345624
77359	2739	0.051345598
77359	4748	0.051345594
77359	6556	0.05105809
77359	6015	0.050970923
77359	5707	0.050852455
77359	1524	0.05078974
77383	4555	0.0748778
77383	3100	0.07487778
77383	2260	0.07487775
77383	11	0.07487774
77383	4556	0.07487774
77383	6377	0.074877724
77383	5943	0.074846655
77383	6920	0.074637935
77383	4860	0.07461853
77383	940	0.07456085
77480	5254	0.06926429
77480	1309	0.06917618
77480	3645	0.06879015
77480	5586	0.06854682
77480	2077	0.068515964
77480	3745	0.06843134
77480	1837	0.06835164
77480	6032	0.06824304
77480	5263	0.06824297
77480	5015	0.06816688
77491	3977	0.05637774
77491	3285	0.056303352
77491	4336	0.05598346
77491	5054	0.055794004
77491	4570	0.055733725
77491	981	0.055536054
77491	3586	0.055393934
77491	1073	0.055205025
77491	4471	0.055194903
77491	1471	0.055150874
77499	6639	0.053790282
77499	5891	0.05365611
77499	6870	0.05334712
77499	6497	0.053289168
77499	4092	0.053159505
77499	6296	0.053125985
77499	2607	0.05293784
77499	6522	0.052908994
77499	5706	0.052841157
77499	6853	0.05269555
77517	1125	0.04716727
77517	3987	0.047167238
77517	3383	0.047167234
77517	3245	0.047167182
77517	551	0.046916686
77517	4991	0.04682409
77517	4473	0.046686325
77517	722	0.0466863
77517	6391	0.04644221
77517	1277	0.046432
77585	5815	0.06295433
77585	20	0.06295429
77585	2867	0.06295429
77585	739	0.06249954
77585	487	0.062168933
77585	3064	0.06172789
77585	175	0.061714098
77585	1640	0.061617017
77585	2398	0.061616976
77585	708	0.061400488
77724	5218	0.047174327
77724	5496	0.04717429
77724	571	0.047123674
77724	2849	0.04708725
77724	1360	0.047087237
77724	5243	0.047036592
77724	609	0.047036566
77724	3209	0.047021754
77724	72	0.04702174
77724	5010	0.046971083
77772	1480	0.038453184
77772	784	0.03842525
77772	5884	0.03842521
77772	5402	0.038222194
77772	6598	0.038067415
77772	5824	0.038067266
77772	6010	0.03806399
77772	6313	0.03797279
77772	4620	0.03791147
77772	4850	0.037821263
77809	1783	0.069924146
77809	715	0.06923722
77809	3899	0.0683119
77809	350	0.06802735
77809	1251	0.067755066
77809	730	0.06727436
77809	4269	0.06716898
77809	526	0.06707211
77809	2178	0.066607274
77809	1709	0.06650743
77816	1813	0.05906205
77816	3616	0.058896057
77816	2662	0.05881795
77816	1851	0.0587696
77816	2838	0.05857518
77816	2467	0.05853737
77816	4161	0.05840844
77816	3846	0.058361508
77816	1670	0.058349606
77816	2574	0.058288135
77860	1261	0.043871824
77860	459	0.04333617
77860	2883	0.043252375
77860	1436	0.043208305
77860	127	0.04304317
77860	2362	0.042948365
77860	3056	0.042929836
77860	611	0.04274205
77860	20	0.04243918
77860	5815	0.042439178
77868	4047	0.046329968
77868	6671	0.046329968
77868	4123	0.04569472
77868	6818	0.04564877
77868	3679	0.04563039
77868	3713	0.0455977
77868	5672	0.045566168
77868	615	0.045566164
77868	413	0.045532346
77868	4885	0.04553233
77940	2614	0.06432762
77940	6497	0.06427571
77940	2615	0.064096875
77940	6296	0.06404506
77940	3412	0.06362592
77940	1841	0.06340219
77940	4880	0.06338401
77940	6271	0.06335076
77940	6640	0.063342765
77940	6344	0.06329851
77960	6500	0.0406679
77960	5939	0.040601898
77960	5976	0.04057429
77960	6672	0.040553547
77960	5109	0.040531546
77960	750	0.04053153
77960	4901	0.040530637
77960	563	0.040526986
77960	2998	0.040526934
77960	2145	0.040479586
78007	3207	0.050689
78007	432	0.050472297
78007	1854	0.0501329
78007	727	0.05005558
78007	692	0.050045654
78007	1779	0.049991824
78007	2543	0.049977735
78007	160	0.049729235
78007	999	0.049320918
78007	54	0.04926332
78015	406	0.058981374
78015	1592	0.05872228
78015	645	0.058638424
78015	3909	0.058638398
78015	1193	0.058291927
78015	5771	0.058216713
78015	247	0.05811789
78015	723	0.057922736
78015	5792	0.057887677
78015	2324	0.05785175
78229	693	0.08997868
78229	6111	0.08930205
78229	85	0.089154944
78229	809	0.08913575
78229	2469	0.08889719
78229	4227	0.088614464
78229	407	0.08859785
78229	1817	0.08858955
78229	133	0.088589534
78229	1947	0.088563345
78328	4991	0.054653205
78328	2075	0.0546003
78328	5782	0.054444164
78328	2284	0.054169096
78328	3095	0.054050557
78328	3994	0.05316345
78328	2500	0.05301055
78328	3824	0.052887835
78328	4473	0.052643277
78328	722	0.05264327
78440	801	0.057160094
78440	1838	0.057160094
78440	2696	0.057145644
78440	3756	0.05714561
78440	3838	0.05714555
78440	17	0.056808352
78440	1858	0.056766212
78440	1525	0.056607068
78440	1694	0.05644136
78440	259	0.056302555
78448	127	0.08060309
78448	611	0.079903275
78448	3056	0.07975817
78448	2883	0.079389885
78448	1626	0.079285234
78448	1444	0.07891281
78448	2961	0.07891275
78448	1779	0.07842313
78448	971	0.07826441
78448	1261	0.07807577
78471	358	0.038061693
78471	197	0.037547175
78471	4272	0.037464403
78471	2604	0.037457906
78471	4528	0.037403047
78471	3134	0.037401237
78471	2583	0.037400387
78471	167	0.037323847
78471	4674	0.03732299
78471	2565	0.037225906
78496	6853	0.059766583
78496	2619	0.05976653
78496	797	0.059495274
78496	6522	0.059325896
78496	6138	0.059282
78496	2666	0.059276164
78496	2644	0.059272893
78496	4211	0.059139583
78496	3837	0.059139468
78496	2597	0.05900827
78545	78	0.053354673
78545	147	0.053239502
78545	4513	0.05323945
78545	3906	0.053174485
78545	1229	0.053085126
78545	2333	0.053055692
78545	159	0.053055648
78545	2732	0.052875075
78545	3156	0.05283785
78545	892	0.05272065
78564	3064	0.052293878
78564	708	0.0518488
78564	434	0.051848747
78564	2823	0.051307835
78564	3581	0.050932676
78564	581	0.050857767
78564	2317	0.05075059
78564	341	0.050305504
78564	338	0.050305482
78564	1260	0.05030546
78573	286	0.043955218
78573	2119	0.04380284
78573	1510	0.043793112
78573	4180	0.04379309
78573	4732	0.043771513
78573	5791	0.04372514
78573	530	0.04351148
78573	1691	0.04333871
78573	1576	0.043309603
78573	310	0.04329496
78589	1630	0.05631699
78589	2823	0.055678874
78589	504	0.0555988
78589	689	0.054993007
78589	352	0.054798387
78589	192	0.054463327
78589	1253	0.05436053
78589	589	0.05430632
78589	4245	0.05420108
78589	157	0.054022286
78719	374	0.04881238
78719	1245	0.048625465
78719	4376	0.048426513
78719	3020	0.048303403
78719	6290	0.048145622
78719	633	0.047935773
78719	368	0.047815554
78719	5615	0.047588713
78719	4419	0.047553983
78719	6157	0.047535423
78778	3815	0.042881373
78778	1259	0.042881366
78778	1907	0.04288135
78778	6105	0.04288135
78778	1965	0.042881347
78778	2408	0.042881303
78778	3956	0.042881303
78778	1027	0.042811975
78778	2407	0.042811964
78778	1777	0.042811956
78783	971	0.06321178
78783	2725	0.062848546
78783	1709	0.062185545
78783	1268	0.06189012
78783	715	0.061716292
78783	169	0.061700426
78783	611	0.061544888
78783	1527	0.061533947
78783	4332	0.06110593
78783	1251	0.061091535
78834	2175	0.06097632
78834	939	0.0609762
78834	433	0.060757726
78834	1977	0.060733404
78834	5794	0.060733378
78834	4737	0.060733333
78834	5533	0.060733326
78834	6578	0.0607333
78834	6028	0.060710438
78834	911	0.06071042
78841	664	0.05805234
78841	1616	0.05763089
78841	1680	0.057456955
78841	550	0.057381332
78841	2625	0.057343073
78841	1942	0.05717182
78841	636	0.05710987
78841	2920	0.05710986
78841	3440	0.05710986
78841	2360	0.05710985
78846	70	0.048106916
78846	5404	0.048106894
78846	5567	0.047811616
78846	2469	0.0476913
78846	235	0.047627654
78846	552	0.04758434
78846	5936	0.047584325
78846	6111	0.04744687
78846	3583	0.047354348
78846	448	0.047312368
78901	786	0.06147243
78901	679	0.061240546
78901	4461	0.061130412
78901	3677	0.06036907
78901	4735	0.06027058
78901	5872	0.059928607
78901	3002	0.059928525
78901	4421	0.059808478
78901	6541	0.05943919
78901	2475	0.059439186
79009	4572	0.046433844
79009	5914	0.04630715
79009	4628	0.04630427
79009	2705	0.04627677
79009	3870	0.0461322
79009	924	0.04601883
79009	2212	0.045958515
79009	5273	0.045958504
79009	6338	0.045958504
79009	2546	0.04594232
79055	5361	0.040671006
79055	3552	0.040670983
79055	4132	0.040382475
79055	320	0.04029412
79055	3659	0.040275536
79055	140	0.040211033
79055	3156	0.04019466
79055	1862	0.039946534
79055	892	0.03990144
79055	4905	0.03986612
79089	5782	0.044558935
79089	3095	0.044556413
79089	5471	0.04436767
79089	4991	0.044182196
79089	980	0.04411609
79089	3382	0.04407788
79089	2283	0.04387496
79089	2075	0.04383073
79089	4837	0.04356321
79089	3995	0.043508075
79172	2412	0.05495487
79172	212	0.054954845
79172	6675	0.054954812
79172	5709	0.054954786
79172	4403	0.054935724
79172	5091	0.05490928
79172	1991	0.054894127
79172	2458	0.054874256
79172	6179	0.054827407
79172	4497	0.05470249
79182	662	0.05137752
79182	6566	0.0508126
79182	4452	0.05060578
79182	2064	0.050538227
79182	2427	0.050400093
79182	195	0.050274402
79182	2273	0.050257362
79182	3971	0.05024548
79182	1270	0.050217103
79182	5163	0.05021707
79186	10	0.040672265
79186	4204	0.04059496
79186	6112	0.0405514
79186	2114	0.040480003
79186	4677	0.040479984
79186	4599	0.040469266
79186	4918	0.040439755
79186	4709	0.040396247
79186	2123	0.040372424
79186	6358	0.040372394
79215	1820	0.053924043
79215	6140	0.053810246
79215	2329	0.053804014
79215	644	0.0537989
79215	3093	0.05370678
79215	2336	0.053617366
79215	3463	0.05343332
79215	4035	0.05342705
79215	4844	0.053240478
79215	4302	0.053240463
79266	5608	0.05687864
79266	1623	0.0568786
79266	178	0.05687858
79266	3401	0.056878567
79266	4459	0.056878537
79266	226	0.05687578
79266	251	0.05687575
79266	1618	0.0568757
79266	6660	0.056861952
79266	4118	0.056748763
79285	1417	0.0533521
79285	201	0.05335205
79285	1029	0.05335204
79285	1556	0.053352036
79285	3716	0.053352006
79285	6899	0.053145967
79285	5016	0.0529323
79285	3719	0.052820347
79285	3666	0.052820336
79285	5440	0.052820317
79366	3489	0.04425981
79366	5689	0.04400515
79366	554	0.043491747
79366	2143	0.043491725
79366	2833	0.0434917
79366	325	0.04345895
79366	1314	0.043372147
79366	6667	0.043349653
79366	3501	0.04334911
79366	576	0.0432912
79556	4860	0.04591746
79556	1534	0.045779794
79556	4730	0.04577177
79556	6107	0.04577176
79556	2185	0.045677878
79556	6643	0.045677844
79556	3390	0.04563526
79556	2534	0.045605194
79556	2256	0.045603577
79556	3761	0.045460638
79724	4903	0.048235714
79724	266	0.04823571
79724	1905	0.048108153
79724	5597	0.048108153
79724	6205	0.048108153
79724	4241	0.048108123
79724	6319	0.048108123
79724	2709	0.04804822
79724	3475	0.047904603
79724	422	0.047868896
79736	1783	0.040859655
79736	6061	0.040655434
79736	1105	0.04041256
79736	715	0.040199198
79736	2050	0.039697587
79736	4524	0.0396586
79736	356	0.039638843
79736	4668	0.03960396
79736	742	0.039585054
79736	3075	0.03954098
79740	4910	0.055924468
79740	78	0.055693112
79740	3222	0.05543731
79740	2077	0.05528479
79740	442	0.055284776
79740	5586	0.055208072
79740	144	0.055185527
79740	1229	0.055068217
79740	2026	0.05505334
79740	140	0.054976836
79747	2407	0.06724946
79747	1027	0.06724944
79747	1777	0.06724943
79747	1655	0.067249395
79747	2194	0.06724939
79747	1559	0.06724936
79747	319	0.067165524
79747	2189	0.067165494
79747	1681	0.0671245
79747	2252	0.0671245
79754	3963	0.033036184
79754	5644	0.032997664
79754	6461	0.032994222
79754	3625	0.032964762
79754	2428	0.03287566
79754	4096	0.03287566
79754	1226	0.032875657
79754	3231	0.032875657
79754	5083	0.032875657
79754	2271	0.032875653
79923	987	0.042774897
79923	5649	0.04232439
79923	4160	0.04228714
79923	5638	0.042273276
79923	4203	0.04227165
79923	153	0.04226012
79923	858	0.042252682
79923	2296	0.042128004
79923	5674	0.042109888
79923	6023	0.04205188
79942	4056	0.049730122
79942	840	0.049636584
79942	4697	0.049445055
79942	3499	0.049445048
79942	618	0.04940904
79942	2206	0.04940574
79942	6765	0.04940573
79942	1019	0.049405724
79942	3311	0.049405724
79942	2601	0.049405716
79958	2467	0.06515802
79958	5184	0.0648255
79958	5771	0.064708784
79958	2574	0.06433935
79958	645	0.064290896
79958	3909	0.06429088
79958	1592	0.06406808
79958	268	0.064024605
79958	6275	0.063907765
79958	2963	0.06390416
79961	943	0.042709313
79961	2381	0.04270931
79961	4318	0.042538267
79961	5703	0.042538237
79961	495	0.04253823
79961	2415	0.0425127
79961	312	0.042461827
79961	4467	0.042410523
79961	3494	0.04226095
79961	1898	0.0422609
79977	1444	0.06944185
79977	2961	0.069441795
79977	3056	0.06943898
79977	1261	0.069159955
79977	2883	0.06895142
79977	997	0.06840086
79977	2870	0.06840085
79977	1626	0.06825791
79977	1690	0.0681898
79977	414	0.068175174
80036	3583	0.06362719
80036	214	0.06347211
80036	4468	0.063154444
80036	1183	0.063153595
80036	1190	0.06309257
80036	235	0.06307592
80036	685	0.06306395
80036	1500	0.06300317
80036	316	0.06285087
80036	2691	0.06283489
80071	5858	0.0620163
80071	1516	0.061562274
80071	3121	0.06148073
80071	5164	0.06142907
80071	6143	0.061026648
80071	6495	0.060975086
80071	205	0.060975067
80071	4699	0.06097506
80071	6562	0.060975052
80071	713	0.060974997
80075	2426	0.043821275
80075	5805	0.043606665
80075	118	0.04360664
80075	6836	0.043573942
80075	6563	0.043500386
80075	9	0.043376435
80075	6125	0.043146715
80075	1459	0.04309033
80075	4002	0.042887945
80075	5937	0.04283564
80105	6096	0.050668284
80105	4258	0.050668254
80105	3569	0.050668232
80105	4812	0.05045243
80105	1530	0.050389484
80105	4440	0.05038945
80105	4929	0.05038944
80105	1095	0.05038941
80105	1141	0.050262325
80105	1927	0.050213758
80203	500	0.037867766
80203	581	0.0378397
80203	85	0.037807208
80203	1817	0.0377857
80203	133	0.03778568
80203	407	0.03768631
80203	6111	0.037575945
80203	448	0.03754111
80203	1781	0.03747981
80203	781	0.037314206
80234	524	0.030156769
80234	4837	0.030090801
80234	2097	0.029972535
80234	6224	0.029865917
80234	3095	0.029792074
80234	3171	0.029774543
80234	4380	0.029769087
80234	355	0.02976121
80234	6621	0.029761173
80234	6838	0.029742781
80266	4274	0.038509533
80266	4532	0.03841822
80266	6038	0.03835843
80266	4451	0.03833268
80266	4364	0.038332663
80266	2338	0.038234808
80266	3592	0.038203496
80266	5738	0.03818596
80266	4923	0.038094588
80266	1865	0.038017284
80323	227	0.039893404
80323	978	0.039812632
80323	2912	0.039703406
80323	6158	0.039668094
80323	98	0.039619878
80323	3714	0.039546177
80323	4235	0.039468724
80323	1207	0.039384916
80323	2918	0.03937631
80323	410	0.03933363
80453	2705	0.05933902
80453	924	0.059163686
80453	3870	0.059033833
80453	5914	0.05902855
80453	2212	0.05894339
80453	5273	0.058943383
80453	6338	0.058943376
80453	6305	0.058882307
80453	4628	0.05882594
80453	4572	0.05882461
80516	2555	0.048065152
80516	213	0.048065104
80516	935	0.04798244
80516	1205	0.047764786
80516	210	0.047764756
80516	1816	0.047652125
80516	5617	0.04765208
80516	2465	0.047600128
80516	4433	0.047549844
80516	1966	0.04751918
80538	3517	0.055565175
80538	2915	0.055565134
80538	5222	0.055565134
80538	3457	0.0555651
80538	912	0.05507701
80538	4483	0.05498089
80538	3421	0.054980867
80538	4924	0.054980837
80538	5927	0.054980837
80538	6839	0.054980792
80555	350	0.04792414
80555	4560	0.047795933
80555	456	0.04774386
80555	7	0.047219194
80555	5288	0.04690653
80555	2513	0.046625882
80555	5867	0.046573684
80555	365	0.046273943
80555	2178	0.04620465
80555	1248	0.046182103
80642	2950	0.06129548
80642	1068	0.06094562
80642	2857	0.060779624
80642	1056	0.0607796
80642	1961	0.060751453
80642	4307	0.060527988
80642	3049	0.060361966
80642	6190	0.060361885
80642	1594	0.060100004
80642	2813	0.060035206
80661	3730	0.037820544
80661	447	0.03780672
80661	1109	0.037626445
80661	597	0.03730478
80661	4415	0.0372336
80661	3654	0.037058547
80661	1402	0.03703353
80661	2226	0.03698107
80661	2393	0.036980826
80661	2410	0.036962755
80683	278	0.047905337
80683	5166	0.047905326
80683	2208	0.047905322
80683	1737	0.04790531
80683	4230	0.047905296
80683	3954	0.04790528
80683	3517	0.04776828
80683	2915	0.04776825
80683	5222	0.047768243
80683	3457	0.047768217
80684	2317	0.059385993
80684	341	0.05924872
80684	338	0.059248716
80684	1260	0.0592487
80684	5601	0.059248656
80684	3104	0.05905148
80684	883	0.05815717
80684	4438	0.05815716
80684	4876	0.058157124
80684	183	0.057971716
80690	1037	0.047724113
80690	6326	0.047695346
80690	382	0.047669157
80690	408	0.047638334
80690	6622	0.047568355
80690	3146	0.04737321
80690	898	0.047373164
80690	6664	0.047322366
80690	4494	0.047273364
80690	2751	0.047273345
80810	1264	0.05255238
80810	487	0.052407578
80810	620	0.052405898
80810	2710	0.052314598
80810	1708	0.0522824
80810	2692	0.052201275
80810	1617	0.051501658
80810	474	0.05146365
80810	3775	0.051315863
80810	158	0.051283985
80820	1026	0.04906639
80820	3111	0.048917826
80820	431	0.04884225
80820	308	0.048791934
80820	6390	0.04879189
80820	538	0.048791885
80820	107	0.048754744
80820	2798	0.048751157
80820	2684	0.048749156
80820	2024	0.048721634
80826	550	0.05960258
80826	2625	0.059535164
80826	664	0.05920372
80826	1592	0.0589959
80826	718	0.058951993
80826	3062	0.058712196
80826	5792	0.058710247
80826	1680	0.058534272
80826	3949	0.0584739
80826	2413	0.058377605
80837	2927	0.060514227
80837	6099	0.060353644
80837	4825	0.06006366
80837	3517	0.059761208
80837	5222	0.05976119
80837	2915	0.059761174
80837	3457	0.05976114
80837	2806	0.059663303
80837	2921	0.059565075
80837	4483	0.059471224
80929	3508	0.05119286
80929	245	0.051192828
80929	3603	0.05119279
80929	2806	0.05095236
80929	4825	0.050875895
80929	4447	0.050765723
80929	3021	0.05076572
80929	6301	0.050765716
80929	3491	0.0507657
80929	1552	0.050737597
80945	619	0.06658227
80945	329	0.06658226
80945	59	0.06657383
80945	1636	0.06656119
80945	1064	0.06626672
80945	3286	0.06626666
80945	2329	0.06614765
80945	4212	0.06613497
80945	380	0.066117704
80945	4035	0.06582424
80954	3774	0.04885494
80954	1323	0.048772134
80954	1285	0.048712928
80954	6808	0.04854689
80954	2866	0.048418052
80954	1279	0.048381448
80954	6109	0.04826762
80954	1612	0.048177935
80954	5818	0.048072457
80954	6538	0.04807242
80996	4810	0.063585706
80996	3181	0.063439116
80996	4969	0.06312382
80996	1375	0.06245873
80996	5767	0.062310748
80996	3060	0.061725482
80996	4809	0.06146154
80996	49	0.061417535
80996	2140	0.06129762
80996	4615	0.060606517
81015	980	0.046991885
81015	2283	0.046847615
81015	3389	0.046818368
81015	5471	0.04643099
81015	3162	0.046064597
81015	5588	0.04603237
81015	3095	0.045981005
81015	5474	0.045936625
81015	6050	0.04591456
81015	2096	0.045866795
81045	283	0.03919708
81045	359	0.039166186
81045	6211	0.038961962
81045	2697	0.03885297
81045	1102	0.038816303
81045	1118	0.038816206
81045	1589	0.038772963
81045	2770	0.038739324
81045	5271	0.038709406
81045	4729	0.038625814
81064	4178	0.04500345
81064	2080	0.0450034
81064	2732	0.045000874
81064	147	0.044885725
81064	4513	0.04488568
81064	5332	0.044764087
81064	63	0.044764046
81064	6590	0.04467453
81064	5280	0.044668317
81064	5951	0.044578735
81088	951	0.057270102
81088	1273	0.057263233
81088	193	0.057240892
81088	1169	0.057188652
81088	2432	0.056998447
81088	3243	0.056927547
81088	5389	0.056742575
81088	3368	0.056737438
81088	6568	0.05670473
81088	958	0.056641273
81121	153	0.047354423
81121	6023	0.046926424
81121	6281	0.04689318
81121	1358	0.046446607
81121	6598	0.046209246
81121	788	0.04617363
81121	987	0.04614622
81121	6729	0.046085402
81121	6170	0.046085395
81121	4506	0.046048705
81136	3770	0.060604982
81136	2516	0.060398243
81136	800	0.06019542
81136	175	0.05985648
81136	675	0.059759125
81136	4165	0.05962607
81136	158	0.059535075
81136	3133	0.059516337
81136	4982	0.05911299
81136	3280	0.05908945
81207	5930	0.05398123
81207	4251	0.053972065
81207	5858	0.053886387
81207	2882	0.05382099
81207	5829	0.053769387
81207	1982	0.05375708
81207	4813	0.053601336
81207	3121	0.053591635
81207	5164	0.05352609
81207	1516	0.053496458
81216	214	0.049753934
81216	165	0.04970228
81216	1601	0.04902566
81216	2788	0.04887056
81216	1266	0.048705533
81216	4870	0.048648823
81216	449	0.04864697
81216	5781	0.04859992
81216	3182	0.04847166
81216	3074	0.048471645
81249	2404	0.057198018
81249	4687	0.056736115
81249	2392	0.056564562
81249	3666	0.056470267
81249	3719	0.056470267
81249	5440	0.056470253
81249	6669	0.056359947
81249	1940	0.056280017
81249	1417	0.056222983
81249	1556	0.056222953
81263	1408	0.059797697
81263	3678	0.059584476
81263	1396	0.059584428
81263	1747	0.05958442
81263	965	0.059584416
81263	4483	0.05933295
81263	3421	0.05933293
81263	4924	0.059332877
81263	5927	0.059332877
81263	6839	0.059332874
81274	5662	0.05856716
81274	397	0.05853589
81274	3104	0.05822131
81274	4438	0.05791261
81274	883	0.057912603
81274	4876	0.057912525
81274	600	0.057884455
81274	1428	0.057821162
81274	574	0.05771935
81274	1462	0.057716604
81298	2634	0.07641052
81298	373	0.07636611
81298	2836	0.076301776
81298	2478	0.07529364
81298	2966	0.0752493
81298	5879	0.07520825
81298	774	0.07515232
81298	339	0.07508791
81298	487	0.075008556
81298	739	0.07495248
81303	4963	0.039397508
81303	4518	0.039397478
81303	2639	0.039350055
81303	4069	0.039252467
81303	5187	0.039039716
81303	5336	0.039039716
81303	399	0.039007716
81303	4371	0.039007716
81303	5946	0.039007716
81303	5385	0.0390077
81318	879	0.060604163
81318	581	0.06005779
81318	1076	0.06001795
81318	2991	0.05975213
81318	2823	0.05952408
81318	606	0.05942441
81318	243	0.05935485
81318	1631	0.058835663
81318	2387	0.058765847
81318	448	0.05866643
81324	406	0.0841095
81324	1389	0.0835401
81324	1193	0.08338855
81324	420	0.08216032
81324	2432	0.0807606
81324	614	0.08017531
81324	5792	0.0801723
81324	243	0.079996094
81324	4607	0.07995261
81324	645	0.079921
81333	3293	0.057336934
81333	2139	0.057318054
81333	4990	0.057068653
81333	3842	0.05679919
81333	2831	0.056779206
81333	5841	0.0565542
81333	6584	0.056484535
81333	2916	0.05639478
81333	5421	0.05638268
81333	1885	0.056197453
81368	435	0.055643775
81368	1219	0.055604838
81368	1601	0.054901596
81368	930	0.054301873
81368	465	0.05430182
81368	3142	0.0543018
81368	18	0.05424811
81368	1320	0.054228682
81368	240	0.05419658
81368	5567	0.05396021
81434	4666	0.040300556
81434	4676	0.04030051
81434	3735	0.040300503
81434	3361	0.04009206
81434	5410	0.040092036
81434	3331	0.040092032
81434	2173	0.04009203
81434	3180	0.040073827
81434	2578	0.040073812
81434	3318	0.03997629
81459	3952	0.033390924
81459	579	0.033313915
81459	5946	0.03331365
81459	223	0.03331364
81459	399	0.03331364
81459	5385	0.033313632
81459	3734	0.033313625
81459	4371	0.033313625
81459	2122	0.033313617
81459	3695	0.033271715
81484	1817	0.06910211
81484	133	0.069102086
81484	6111	0.06877798
81484	1781	0.06876309
81484	85	0.06857509
81484	500	0.06811988
81484	448	0.06789638
81484	3796	0.06758474
81484	3581	0.06758115
81484	3104	0.06749692
81492	2725	0.054875884
81492	971	0.054684956
81492	1527	0.054252822
81492	1709	0.054141533
81492	1268	0.05409015
81492	1961	0.053901203
81492	715	0.053789966
81492	158	0.053587392
81492	169	0.05332214
81492	611	0.052987456
81578	4332	0.056414165
81578	2795	0.056246966
81578	2063	0.055930078
81578	1594	0.05572713
81578	1268	0.05563034
81578	4201	0.055622295
81578	202	0.055611745
81578	67	0.05554484
81578	1068	0.055516914
81578	77	0.05529861
81597	2696	0.054300543
81597	3838	0.054300457
81597	4167	0.054133438
81597	3748	0.05413341
81597	1838	0.053881504
81597	801	0.053881496
81597	6763	0.053848688
81597	17	0.05384103
81597	259	0.053772215
81597	1091	0.053704903
81609	4542	0.051273905
81609	5607	0.0511108
81609	2219	0.050413113
81609	5606	0.0498304
81609	1206	0.04919177
81609	5060	0.04917386
81609	1484	0.049133256
81609	914	0.04897329
81609	3698	0.048783556
81609	6136	0.048768446
81672	2769	0.033978205
81672	5344	0.033978205
81672	5946	0.0339386
81672	399	0.033938594
81672	4371	0.03393859
81672	223	0.033938587
81672	5385	0.033938587
81672	2122	0.03393858
81672	3734	0.033938564
81672	1047	0.03390988
81682	1504	0.044009313
81682	440	0.043985527
81682	1249	0.04391264
81682	6259	0.04381533
81682	715	0.043721132
81682	1783	0.043631792
81682	6498	0.043410715
81682	98	0.04322789
81682	5230	0.04312405
81682	1329	0.043095417
81771	1971	0.06832796
81771	85	0.06791725
81771	809	0.067764685
81771	500	0.067710236
81771	1167	0.067557104
81771	693	0.06751855
81771	3943	0.067394815
81771	407	0.0672735
81771	691	0.067150876
81771	1817	0.06696212
81848	219	0.046799853
81848	3015	0.04674837
81848	318	0.046669535
81848	763	0.046669528
81848	2034	0.046661217
81848	5030	0.046661153
81848	261	0.046462998
81848	1374	0.046462923
81848	2035	0.04645966
81848	3503	0.0463567
81855	503	0.07266787
81855	981	0.07175937
81855	274	0.07175554
81855	991	0.07156536
81855	2156	0.07085523
81855	1115	0.070756316
81855	3083	0.07054226
81855	1104	0.06996759
81855	814	0.06993695
81855	573	0.06885218
81865	1463	0.060917035
81865	3169	0.060618587
81865	622	0.059896402
81865	816	0.059772365
81865	2281	0.059654552
81865	5390	0.059360646
81865	1642	0.059189145
81865	2859	0.059156887
81865	471	0.059134655
81865	1600	0.05908459
81927	158	0.0520249
81927	487	0.05157866
81927	5815	0.05143327
81927	2867	0.051433235
81927	20	0.05143323
81927	1640	0.051263332
81927	2398	0.051263303
81927	2007	0.05099495
81927	1264	0.05095627
81927	739	0.0508252
81950	4269	0.047753874
81950	6674	0.047712088
81950	3899	0.047551412
81950	991	0.047394086
81950	2290	0.04707643
81950	2156	0.04675796
81950	742	0.046718895
81950	473	0.04666971
81950	730	0.0466228
81950	503	0.04630951
81977	1086	0.036754988
81977	6404	0.036754973
81977	1347	0.03675497
81977	1980	0.03675496
81977	4770	0.0367549
81977	4053	0.036614843
81977	6690	0.03661477
81977	3678	0.0366047
81977	965	0.03660468
81977	1396	0.036604676
82164	1779	0.051412486
82164	3207	0.051329903
82164	727	0.051162377
82164	606	0.05084564
82164	160	0.050717875
82164	1444	0.050634034
82164	2961	0.050634008
82164	127	0.050562628
82164	2883	0.050530896
82164	54	0.05049128
82391	3029	0.03909511
82391	3258	0.039086327
82391	6646	0.039086297
82391	6898	0.039019555
82391	3696	0.03901118
82391	5960	0.03895759
82391	2311	0.03895026
82391	5676	0.03891218
82391	3266	0.03886441
82391	661	0.0388582
82407	696	0.051552337
82407	3678	0.051201258
82407	1396	0.05120123
82407	1747	0.051201217
82407	965	0.05120121
82407	646	0.05115742
82407	5414	0.051157407
82407	5953	0.051157407
82407	5604	0.051111005
82407	278	0.05106717
82497	5224	0.062242948
82497	5952	0.062242944
82497	1292	0.062242933
82497	6850	0.06224293
82497	2047	0.06224291
82497	1419	0.062187392
82497	4756	0.06218738
82497	1421	0.062187366
82497	3822	0.062187366
82497	1049	0.062187336
82511	6782	0.043232962
82511	4949	0.043029904
82511	51	0.04282243
82511	4870	0.04275513
82511	5781	0.042628765
82511	1601	0.042615738
82511	2494	0.042312425
82511	933	0.042113982
82511	5352	0.04200885
82511	4305	0.041644283
82608	5570	0.049245343
82608	1212	0.049245335
82608	1947	0.04847223
82608	2991	0.04834269
82608	1492	0.048300277
82608	1971	0.048293717
82608	407	0.04818658
82608	693	0.048175797
82608	809	0.048144124
82608	2503	0.048071347
82628	5329	0.051760405
82628	2550	0.05161735
82628	5079	0.051617347
82628	3287	0.051446345
82628	5487	0.05144632
82628	4602	0.05136072
82628	5304	0.05127987
82628	3744	0.05118972
82628	6104	0.051165424
82628	2729	0.051118128
82673	4471	0.05234907
82673	1643	0.051665522
82673	480	0.051392496
82673	471	0.051226974
82673	5054	0.051213726
82673	4336	0.050959595
82673	473	0.050948747
82673	3135	0.0509485
82673	3191	0.050616786
82673	983	0.050560515
82699	6250	0.061449137
82699	2732	0.061445583
82699	267	0.061394896
82699	1094	0.061161753
82699	1045	0.061161708
82699	1725	0.061161708
82699	147	0.061158035
82699	4513	0.061157983
82699	3336	0.06110738
82699	1328	0.061036386
82720	4512	0.04697006
82720	291	0.046919093
82720	328	0.04691905
82720	3295	0.04690125
82720	5122	0.046502896
82720	4038	0.046483412
82720	1006	0.046275996
82720	136	0.046270505
82720	2987	0.045893
82720	1297	0.045879662
82751	4280	0.04099948
82751	1702	0.040925488
82751	4585	0.040819507
82751	4644	0.040466964
82751	2902	0.04027903
82751	4375	0.04018284
82751	4818	0.040165756
82751	3135	0.040132582
82751	1869	0.040061496
82751	2705	0.040016863
82808	865	0.053407587
82808	923	0.053407565
82808	874	0.05294191
82808	3868	0.052885
82808	1278	0.05280491
82808	876	0.05276382
82808	6398	0.05276379
82808	3606	0.052527424
82808	276	0.052527405
82808	1280	0.05248878
82825	625	0.061328873
82825	2532	0.060918238
82825	2809	0.06091819
82825	3669	0.060918182
82825	4055	0.060851317
82825	1908	0.06080054
82825	4573	0.060768932
82825	2966	0.06055177
82825	3644	0.060515217
82825	4028	0.060440566
82831	2964	0.046047296
82831	363	0.04545801
82831	2040	0.045337044
82831	5573	0.04533694
82831	2374	0.045323756
82831	469	0.045229122
82831	2514	0.04520278
82831	2804	0.045095973
82831	6800	0.044939883
82831	2177	0.044893593
82841	1610	0.056568623
82841	5356	0.055283934
82841	2033	0.054814633
82841	180	0.05456744
82841	2618	0.05420099
82841	2658	0.054162234
82841	6485	0.054145016
82841	2167	0.05410727
82841	5157	0.053979028
82841	4083	0.05388017
82893	2373	0.05194973
82893	3791	0.051678896
82893	6249	0.05167732
82893	3762	0.051303543
82893	1575	0.051077567
82893	5365	0.05094988
82893	6691	0.05094988
82893	3532	0.050829396
82893	2170	0.050698567
82893	1248	0.050678134
82901	2503	0.07125524
82901	693	0.070691265
82901	2991	0.07066144
82901	1492	0.070609614
82901	1947	0.07033698
82901	2387	0.07033179
82901	448	0.07030244
82901	6111	0.070029855
82901	1817	0.069780946
82901	133	0.0697809
82942	5953	0.05989783
82942	646	0.059897825
82942	5414	0.059897825
82942	278	0.059706405
82942	2208	0.059706382
82942	5166	0.059706375
82942	1737	0.059706353
82942	4230	0.059706353
82942	3954	0.05970633
82942	3678	0.059422094
82955	6061	0.031054549
82955	3209	0.03091013
82955	72	0.030910123
82955	2282	0.030898891
82955	4668	0.030853722
82955	5218	0.030754477
82955	5496	0.030754458
82955	4989	0.030723333
82955	1258	0.030698039
82955	3928	0.030698027
83069	5718	0.039979387
83069	6258	0.039921097
83069	413	0.039824557
83069	4885	0.03982453
83069	3679	0.039550662
83069	5828	0.03952281
83069	3115	0.039492406
83069	2397	0.039492402
83069	5592	0.039427992
83069	4886	0.03942798
83109	5586	0.039835792
83109	393	0.03982407
83109	5254	0.03977818
83109	1309	0.039607216
83109	218	0.03956277
83109	3645	0.039561763
83109	3222	0.03943626
83109	2077	0.039396256
83109	442	0.03939624
83109	4030	0.03933527
83110	5820	0.058540616
83110	855	0.058457635
83110	3239	0.05834179
83110	4322	0.058341775
83110	3608	0.058308363
83110	2185	0.05824847
83110	6643	0.05824844
83110	1321	0.05823616
83110	3788	0.05819518
83110	5176	0.058181945
83135	836	0.059913486
83135	3983	0.059779286
83135	2471	0.059748873
83135	4284	0.05960774
83135	4437	0.05955235
83135	1104	0.05951258
83135	5195	0.059416898
83135	1543	0.059416853
83135	5759	0.059345882
83135	5618	0.059196785
83166	406	0.08799529
83166	1389	0.08694741
83166	5792	0.08606523
83166	1193	0.085553706
83166	3705	0.08506771
83166	420	0.08506644
83166	1592	0.08471111
83166	614	0.084425025
83166	1490	0.08439082
83166	1867	0.08426346
83235	2543	0.06361282
83235	611	0.0635548
83235	127	0.063256904
83235	3207	0.06321544
83235	1261	0.063144565
83235	432	0.063028246
83235	160	0.06294738
83235	1626	0.062774524
83235	2795	0.06275592
83235	606	0.0626435
83239	1639	0.075280145
83239	1854	0.07418876
83239	507	0.07408962
83239	589	0.07393547
83239	4919	0.0738615
83239	4442	0.07374884
83239	2543	0.07355259
83239	5762	0.07354376
83239	1458	0.073326096
83239	541	0.07332608
83252	550	0.057895273
83252	5502	0.057831727
83252	3313	0.0578317
83252	1942	0.05782962
83252	35	0.057772607
83252	3114	0.057772517
83252	1023	0.057721313
83252	1772	0.0577213
83252	2231	0.05772128
83252	1616	0.057719152
83287	5254	0.049517497
83287	2696	0.049330913
83287	3756	0.049330905
83287	3838	0.04933086
83287	3645	0.049308244
83287	1838	0.049266208
83287	2650	0.049239527
83287	1370	0.04920198
83287	5015	0.049125597
83287	5968	0.04907329
83306	1218	0.04649187
83306	3287	0.046257768
83306	5487	0.046257734
83306	2269	0.046218395
83306	1300	0.04621839
83306	4441	0.046218377
83306	4090	0.046218373
83306	1876	0.04621836
83306	6553	0.04620194
83306	248	0.046201874
83383	5765	0.052049764
83383	3906	0.051957373
83383	78	0.05174795
83383	2333	0.05151669
83383	159	0.051516652
83383	1229	0.05148293
83383	3156	0.051418956
83383	3194	0.051350456
83383	4910	0.05126714
83383	2337	0.051171318
83390	5987	0.033621088
83390	3662	0.033620045
83390	6576	0.033508472
83390	5770	0.03350844
83390	3633	0.03347736
83390	5522	0.033477347
83390	5383	0.033402346
83390	5529	0.0333833
83390	5735	0.03338325
83390	5176	0.03327345
83431	2293	0.050817326
83431	2349	0.0507318
83431	5649	0.050512776
83431	278	0.050415263
83431	5166	0.050415255
83431	2208	0.05041525
83431	1737	0.050415248
83431	4230	0.050415233
83431	3954	0.050415203
83431	3517	0.050241582
83443	3221	0.05582722
83443	6489	0.055806678
83443	6273	0.055680197
83443	3327	0.055680133
83443	3291	0.055303898
83443	1794	0.055210292
83443	1664	0.055157043
83443	254	0.05512079
83443	3478	0.05511002
83443	3920	0.055058762
83496	3104	0.056115083
83496	5662	0.056094505
83496	338	0.055817857
83496	341	0.055817842
83496	1260	0.055817828
83496	5601	0.055817783
83496	2317	0.0557829
83496	1781	0.055612758
83496	3581	0.055515897
83496	1462	0.055480383
83561	3163	0.048832946
83561	4420	0.048802733
83561	6101	0.04873831
83561	2400	0.048738286
83561	6672	0.048738226
83561	6134	0.04871608
83561	2903	0.048627608
83561	3970	0.048627608
83561	5366	0.04862138
83561	3167	0.04859901
83637	526	0.051215537
83637	4560	0.050097197
83637	5288	0.04982824
83637	1961	0.049758933
83637	2267	0.049482502
83637	456	0.0493662
83637	365	0.049346007
83637	5760	0.049297374
83637	2950	0.049141213
83637	350	0.049096856
83646	127	0.05111499
83646	1626	0.05108578
83646	540	0.05082344
83646	611	0.05067779
83646	1444	0.0506329
83646	2961	0.050632868
83646	3056	0.0506055
83646	1779	0.05012294
83646	451	0.04998754
83646	2883	0.049954105
83671	6133	0.0514142
83671	1632	0.051414132
83671	1520	0.051297944
83671	4271	0.051198237
83671	2511	0.05117554
83671	4184	0.051175535
83671	2821	0.051122073
83671	2886	0.05111731
83671	6635	0.051080525
83671	6061	0.051020242
83754	2083	0.05248723
83754	5888	0.052487206
83754	475	0.0524862
83754	6068	0.05248616
83754	2789	0.05247277
83754	6812	0.052354403
83754	4721	0.052328873
83754	4150	0.05232887
83754	4926	0.052328862
83754	2723	0.05232885
83775	1854	0.046044618
83775	329	0.04591488
83775	619	0.045914873
83775	1249	0.0452122
83775	1636	0.04504725
83775	432	0.044990562
83775	727	0.04474669
83775	999	0.044707287
83775	3207	0.044691592
83775	4245	0.044689804
83842	5850	0.039583698
83842	5851	0.03954132
83842	3168	0.039490294
83842	6467	0.03948967
83842	3980	0.03948475
83842	6282	0.039433233
83842	2933	0.0394146
83842	4648	0.03937654
83842	3493	0.039337665
83842	6717	0.039244503
83971	6291	0.057224892
83971	4257	0.05699147
83971	1550	0.05683326
83971	1286	0.056480177
83971	2735	0.05632068
83971	1109	0.05631787
83971	5570	0.056200076
83971	1212	0.056200065
83971	1901	0.056157548
83971	37	0.055996783
84024	59	0.053997546
84024	5488	0.053863596
84024	619	0.053807296
84024	329	0.053807277
84024	3093	0.05348404
84024	4202	0.053393085
84024	394	0.05336678
84024	2070	0.05335194
84024	94	0.053316683
84024	1064	0.053293847
84126	4815	0.038691893
84126	2498	0.038550507
84126	2890	0.03848903
84126	3344	0.03816657
84126	6058	0.038129408
84126	4569	0.03806916
84126	2878	0.037675958
84126	3979	0.037554327
84126	3878	0.037546854
84126	751	0.037385784
84146	2853	0.05150551
84146	5861	0.051322546
84146	5752	0.05121733
84146	2909	0.05116371
84146	4470	0.05113779
84146	3387	0.050996482
84146	5309	0.05099646
84146	5257	0.050980743
84146	1476	0.050980728
84146	2501	0.050962754
84178	3714	0.05174976
84178	4257	0.051673386
84178	6650	0.05148925
84178	1224	0.051371824
84178	4235	0.051259987
84178	5568	0.050806537
84178	1430	0.050710924
84178	1434	0.050388854
84178	2735	0.050378025
84178	1938	0.05032244
84201	1482	0.058515728
84201	2501	0.058497243
84201	6050	0.0581678
84201	3970	0.058112077
84201	2903	0.058112066
84201	6204	0.058000095
84201	4470	0.057813942
84201	2096	0.0578038
84201	2297	0.05774223
84201	5941	0.05774219
84427	1773	0.07940022
84427	645	0.07932552
84427	3909	0.07932547
84427	1055	0.07926601
84427	157	0.0790181
84427	4458	0.078747794
84427	614	0.07866714
84427	1185	0.07864979
84427	5140	0.07843524
84427	1764	0.07829748
84479	3606	0.046749152
84479	276	0.046749145
84479	874	0.046353888
84479	1778	0.04632578
84479	865	0.046267744
84479	923	0.046267718
84479	2014	0.046105407
84479	3521	0.04609315
84479	5906	0.04596369
84479	5306	0.045931086
84523	192	0.05082281
84523	504	0.050072446
84523	1630	0.05007115
84523	434	0.04992462
84523	862	0.04979209
84523	971	0.049687624
84523	2823	0.049587704
84523	6259	0.04957941
84523	1709	0.049501967
84523	1783	0.049499106
84729	2551	0.03632938
84729	3081	0.036306955
84729	6521	0.03630694
84729	220	0.03625613
84729	757	0.036224764
84729	5445	0.03615045
84729	5373	0.0361282
84729	6820	0.036116235
84729	3695	0.036116228
84729	2134	0.036072977
84795	318	0.052551754
84795	763	0.052551735
84795	443	0.052294727
84795	5012	0.052274913
84795	6503	0.05224848
84795	1780	0.05224844
84795	2786	0.05224844
84795	3015	0.052192926
84795	768	0.052037485
84795	6095	0.05203723
84820	6096	0.042444594
84820	3569	0.042444568
84820	4258	0.042444564
84820	6015	0.042344317
84820	5259	0.042342544
84820	1530	0.042186365
84820	4929	0.042186346
84820	4440	0.042186335
84820	1095	0.042186312
84820	6684	0.04216371
84866	5996	0.038646575
84866	2137	0.038512085
84866	1936	0.038299672
84866	2399	0.038188238
84866	5024	0.03806834
84866	6905	0.038009554
84866	520	0.03788716
84866	6776	0.03785791
84866	843	0.03766793
84866	3841	0.037625223
84882	2178	0.061378106
84882	350	0.060238592
84882	526	0.05992789
84882	4560	0.059883825
84882	2725	0.05962246
84882	341	0.059566546
84882	1260	0.059566535
84882	338	0.05956653
84882	5601	0.059566505
84882	3300	0.059451178
84897	460	0.050410543
84897	3949	0.05018867
84897	4401	0.05017467
84897	5114	0.05009964
84897	1884	0.050041236
84897	35	0.050011262
84897	3114	0.050011173
84897	1033	0.049970277
84897	938	0.04997026
84897	592	0.04989323
84900	4666	0.052718405
84900	4676	0.05271834
84900	3735	0.052718334
84900	3967	0.052709505
84900	3318	0.052709486
84900	377	0.052709475
84900	379	0.052709427
84900	3361	0.05268594
84900	5410	0.05268591
84900	3331	0.0526859
84910	2641	0.028862687
84910	3173	0.02885893
84910	2854	0.02879493
84910	4707	0.028692324
84910	5256	0.028676465
84910	3143	0.028676458
84910	2855	0.028671265
84910	2385	0.028578643
84910	851	0.028514823
84910	4478	0.02849631
85033	3365	0.043997947
85033	2372	0.04399793
85033	3477	0.04399792
85033	6447	0.043997906
85033	4509	0.043997902
85033	2679	0.0439979
85033	5645	0.0439979
85033	1324	0.043997895
85033	6371	0.04399789
85033	928	0.043997884
85043	1417	0.04625569
85043	201	0.046255656
85043	1556	0.04625565
85043	1029	0.046255648
85043	3716	0.04625562
85043	3127	0.046170928
85043	4182	0.04599022
85043	4037	0.045990203
85043	650	0.04590548
85043	1674	0.04590547
85256	1179	0.04366184
85256	649	0.042990968
85256	449	0.042929124
85256	3443	0.04269068
85256	1076	0.04215053
85256	1444	0.0420274
85256	2961	0.04202738
85256	613	0.04179334
85256	2883	0.041755375
85256	3306	0.04166633
85367	1070	0.053304307
85367	1405	0.052779984
85367	1600	0.05228202
85367	4325	0.052052565
85367	2281	0.052046794
85367	3169	0.05196269
85367	480	0.051860113
85367	622	0.051855173
85367	2317	0.051724546
85367	5662	0.051483344
85426	3495	0.063881285
85426	4761	0.06386379
85426	2349	0.063854456
85426	912	0.06333832
85426	2293	0.063132495
85426	1203	0.06297137
85426	6160	0.06259568
85426	3517	0.06249567
85426	2915	0.06249564
85426	5222	0.062495627
85433	278	0.052973486
85433	2208	0.05297348
85433	5166	0.052973464
85433	1737	0.05297346
85433	4230	0.05297345
85433	3954	0.052973427
85433	356	0.0528105
85433	2821	0.052715443
85433	3517	0.05247382
85433	2915	0.052473783
85455	1419	0.04429529
85455	1421	0.044295277
85455	4756	0.044295277
85455	3822	0.044295266
85455	1049	0.04429525
85455	3572	0.04429525
85455	6587	0.04429525
85455	5292	0.044295244
85455	1004	0.044295236
85455	3634	0.044295236
85502	448	0.08957693
85502	6111	0.08943485
85502	1817	0.08940013
85502	133	0.08940007
85502	2387	0.0889483
85502	581	0.08866866
85502	1781	0.08850523
85502	85	0.08791539
85502	693	0.08778751
85502	710	0.0875744
85526	6143	0.05256048
85526	4140	0.052100576
85526	1337	0.05210057
85526	4285	0.05210056
85526	3121	0.051998265
85526	6495	0.05199148
85526	205	0.05199146
85526	6562	0.05199146
85526	4699	0.051991444
85526	713	0.051991403
85554	6454	0.053027913
85554	1927	0.053026117
85554	966	0.05302607
85554	4796	0.052774675
85554	1304	0.052770235
85554	4162	0.05276841
85554	3299	0.052698955
85554	6096	0.05262246
85554	4258	0.05262243
85554	3569	0.052622423
85587	4303	0.03953746
85587	5457	0.039331246
85587	4397	0.03911373
85587	3674	0.03907729
85587	281	0.039026238
85587	172	0.03897167
85587	3721	0.03882087
85587	6356	0.038800508
85587	4008	0.03877417
85587	6018	0.038773574
85656	4128	0.04943867
85656	5159	0.049400803
85656	5543	0.049376864
85656	3414	0.049337678
85656	4640	0.04933726
85656	4240	0.049336717
85656	2825	0.049299777
85656	166	0.04924539
85656	2071	0.0491705
85656	4193	0.04906072
85701	3549	0.050715275
85701	687	0.0505649
85701	5553	0.05051601
85701	5885	0.050294567
85701	5063	0.050286014
85701	3472	0.050266605
85701	4309	0.05022404
85701	5610	0.050224
85701	3252	0.050205305
85701	3218	0.05014422
85757	2412	0.059312366
85757	212	0.05931235
85757	6675	0.05931231
85757	5709	0.059312277
85757	1202	0.05914527
85757	2885	0.05896323
85757	5935	0.058963217
85757	2683	0.05896321
85757	1926	0.058963206
85757	5503	0.058963202
85833	881	0.038163096
85833	4276	0.03816308
85833	6468	0.03816306
85833	5556	0.038163055
85833	4159	0.03816305
85833	4093	0.038163047
85833	5776	0.038163036
85833	5887	0.038042903
85833	3013	0.038042888
85833	2021	0.03804288
85851	59	0.04919473
85851	619	0.049171254
85851	329	0.049171247
85851	1636	0.0491203
85851	67	0.04877599
85851	2070	0.04872628
85851	94	0.048459318
85851	1249	0.0484125
85851	2579	0.048251115
85851	380	0.048218355
85872	586	0.04492503
85872	1225	0.044899005
85872	4506	0.044789977
85872	811	0.044789948
85872	478	0.0447899
85872	4483	0.044679284
85872	3421	0.04467927
85872	5927	0.044679254
85872	4924	0.044679247
85872	6839	0.044679217
85962	2923	0.04127753
85962	1407	0.04116053
85962	2845	0.040917084
85962	2824	0.040677108
85962	3984	0.040644184
85962	4998	0.040405586
85962	481	0.040303387
85962	6121	0.040267557
85962	5673	0.04024534
85962	860	0.04017237
85992	3064	0.063426286
85992	6674	0.062110946
85992	2823	0.061945908
85992	708	0.061713032
85992	434	0.061712973
85992	1640	0.061525207
85992	2398	0.06152519
85992	2317	0.0610167
85992	504	0.060769867
85992	4269	0.060422115
85993	5020	0.05353851
85993	2086	0.053521566
85993	1457	0.053426847
85993	1050	0.05329323
85993	2368	0.053177107
85993	5454	0.05285766
85993	2586	0.052834164
85993	2623	0.052821275
85993	5352	0.05271505
85993	3543	0.052690513
86033	1485	0.055369277
86033	783	0.05533276
86033	2715	0.05495515
86033	5656	0.054942437
86033	6577	0.054775972
86033	5464	0.05477591
86033	5980	0.054228716
86033	5978	0.05422867
86033	3017	0.053981707
86033	1010	0.053981632
86051	606	0.053682722
86051	1779	0.05363438
86051	879	0.052797504
86051	3207	0.05274233
86051	54	0.052589867
86051	727	0.0525356
86051	2883	0.052501265
86051	127	0.05237569
86051	432	0.052031707
86051	5140	0.051904842
86093	6008	0.046863228
86093	6759	0.04684318
86093	6734	0.04649306
86093	1833	0.046447802
86093	6426	0.046333257
86093	3744	0.04631319
86093	298	0.04624427
86093	4217	0.046244264
86093	4935	0.04624421
86093	5648	0.046130046
86123	6111	0.078074396
86123	1817	0.07786402
86123	133	0.077863984
86123	448	0.077515386
86123	4710	0.07747361
86123	2387	0.07717706
86123	710	0.07711837
86123	1781	0.07704659
86123	693	0.07662762
86123	3796	0.07650033
86145	734	0.041144602
86145	1123	0.041081782
86145	3622	0.04098849
86145	281	0.040925696
86145	5644	0.040742125
86145	3625	0.040716715
86145	4189	0.04071379
86145	4298	0.040653955
86145	2584	0.040464025
86145	2941	0.040460702
86170	3593	0.06778473
86170	3709	0.06773625
86170	3425	0.06763197
86170	3724	0.067494944
86170	5393	0.067321636
86170	4231	0.06732161
86170	2880	0.06731126
86170	2884	0.06721029
86170	1755	0.06718462
86170	5301	0.06718461
86189	435	0.05397854
86189	1601	0.053893358
86189	1219	0.05382023
86189	4870	0.053452313
86189	4949	0.05336744
86189	4305	0.053329602
86189	214	0.053200193
86189	5023	0.0529328
86189	6782	0.05259145
86189	1320	0.05238515
86202	3517	0.06564808
86202	5222	0.06564804
86202	2915	0.065648034
86202	3457	0.065648004
86202	278	0.06562856
86202	2208	0.06562854
86202	5166	0.06562854
86202	1737	0.06562852
86202	4230	0.06562851
86202	3954	0.065628484
86242	6211	0.08069557
86242	4729	0.08050573
86242	507	0.08014
86242	4442	0.08007619
86242	589	0.08007078
86242	2516	0.078753054
86242	5762	0.078751795
86242	3570	0.07752449
86242	4165	0.077310845
86242	1453	0.07720287
86243	6061	0.070293695
86243	2282	0.06987907
86243	356	0.06965929
86243	1105	0.06945439
86243	4989	0.06933501
86243	3209	0.06904234
86243	72	0.06904231
86243	2928	0.069039665
86243	4668	0.06902453
86243	5010	0.06895195
86368	147	0.06566888
86368	4513	0.06566882
86368	1094	0.065589875
86368	1045	0.065589815
86368	1725	0.065589815
86368	2333	0.065381356
86368	159	0.0653813
86368	3336	0.06537947
86368	6918	0.0653022
86368	2732	0.06485392
86392	3946	0.049271964
86392	834	0.04927194
86392	3928	0.049052037
86392	1962	0.04905203
86392	42	0.049052022
86392	3803	0.049052015
86392	1377	0.04881756
86392	3083	0.048773237
86392	2014	0.048760913
86392	5740	0.04876088
86408	3931	0.04851401
86408	3813	0.04850147
86408	5780	0.047981337
86408	6851	0.047939546
86408	2447	0.047751863
86408	6679	0.0476757
86408	6900	0.04766511
86408	1351	0.04764822
86408	6401	0.047648184
86408	3968	0.04764816
86419	2769	0.040184066
86419	5344	0.040184066
86419	1051	0.040167466
86419	6155	0.040167406
86419	4808	0.04002094
86419	3405	0.040004324
86419	5769	0.03997641
86419	1047	0.039954796
86419	3867	0.039953306
86419	3416	0.039775036
86489	504	0.07750631
86489	606	0.0769877
86489	2823	0.07658209
86489	1640	0.0759441
86489	2398	0.075944096
86489	589	0.07570429
86489	879	0.07535796
86489	432	0.07460308
86489	1630	0.07439548
86489	3207	0.074266724
86548	4282	0.04307665
86548	5235	0.042857762
86548	3000	0.042576008
86548	1274	0.042575963
86548	6531	0.042445935
86548	6571	0.0423292
86548	2570	0.042293675
86548	835	0.042256936
86548	2283	0.042251192
86548	3382	0.04219875
86555	3967	0.052456774
86555	377	0.052456744
86555	3318	0.052456744
86555	379	0.05245668
86555	2764	0.052345127
86555	532	0.05232374
86555	4526	0.05222122
86555	4666	0.05220812
86555	4676	0.052208073
86555	3735	0.05220806
86641	6372	0.042498652
86641	4482	0.04249862
86641	5655	0.042227875
86641	4098	0.041999545
86641	4995	0.041997597
86641	5257	0.041896727
86641	1476	0.041896705
86641	0	0.041890297
86641	3826	0.041818462
86641	5959	0.04175951
86720	3361	0.048121702
86720	2173	0.04812169
86720	5410	0.048121683
86720	3331	0.048121676
86720	4034	0.047959104
86720	1593	0.047959097
86720	4703	0.04795908
86720	6079	0.047912687
86720	1448	0.047818173
86720	1296	0.047783405
86819	3943	0.048105188
86819	2456	0.047986217
86819	500	0.04774277
86819	85	0.047346935
86819	1971	0.04724601
86819	1167	0.04718105
86819	1902	0.0470907
86819	1462	0.047037676
86819	1800	0.046993583
86819	3104	0.046890136
86835	1783	0.05088862
86835	4269	0.049937382
86835	715	0.04987511
86835	1709	0.049823865
86835	6259	0.04980668
86835	6674	0.04956056
86835	504	0.04907736
86835	352	0.049052987
86835	2823	0.04897158
86835	971	0.04890501
86906	693	0.089181796
86906	6111	0.088646516
86906	68	0.088472
86906	85	0.088146105
86906	809	0.08808251
86906	1947	0.087896526
86906	1817	0.08787654
86906	133	0.08787651
86906	2469	0.08767483
86906	4710	0.087664396
86932	5815	0.06342906
86932	2867	0.06342901
86932	20	0.063429005
86932	487	0.0633509
86932	1602	0.062089887
86932	2541	0.061933167
86932	175	0.06177682
86932	708	0.06169803
86932	434	0.061697964
86932	3064	0.06155362
86959	1369	0.059674524
86959	643	0.059674513
86959	5730	0.059387874
86959	3587	0.05917559
86959	4279	0.05917556
86959	941	0.059078634
86959	1634	0.058784023
86959	5216	0.058783993
86959	3022	0.058687054
86959	3523	0.05857964
86969	1261	0.06290295
86969	1444	0.06283211
86969	2961	0.06283206
86969	2883	0.062673524
86969	3056	0.06253384
86969	1626	0.061918702
86969	606	0.061732803
86969	2870	0.061696216
86969	451	0.061693266
86969	1690	0.061406136
87051	3846	0.046597935
87051	1670	0.046506274
87051	2662	0.046479523
87051	2574	0.046452094
87051	1813	0.04633663
87051	3534	0.046308428
87051	2467	0.046160657
87051	1432	0.046138562
87051	268	0.045954667
87051	4161	0.04583813
87108	5449	0.047024958
87108	1925	0.046682354
87108	3880	0.046012163
87108	6136	0.04601215
87108	4893	0.045955382
87108	3340	0.045731135
87108	1206	0.045660913
87108	1187	0.045527283
87108	6386	0.045527257
87108	3628	0.045101114
87155	235	0.053929746
87155	3583	0.0539214
87155	5567	0.053538438
87155	552	0.053163417
87155	5936	0.05316341
87155	4120	0.052948557
87155	6493	0.05290094
87155	2469	0.052899748
87155	2691	0.052844994
87155	457	0.052639402
87302	3998	0.05494316
87302	3612	0.054943107
87302	287	0.0549431
87302	4050	0.05494309
87302	3313	0.05483789
87302	5502	0.054837875
87302	4625	0.054715723
87302	1523	0.054679144
87302	319	0.054679137
87302	2189	0.054679133
87351	3127	0.043361172
87351	1417	0.043222696
87351	201	0.043222655
87351	1029	0.04322265
87351	1556	0.04322265
87351	3716	0.04322262
87351	6811	0.043097664
87351	2668	0.043097638
87351	5105	0.043032665
87351	650	0.04302077
87401	6448	0.040727317
87401	1013	0.04072728
87401	887	0.040643733
87401	2011	0.040553816
87401	4822	0.040542983
87401	5126	0.040485844
87401	3521	0.040447526
87401	5663	0.04044486
87401	3827	0.0403734
87401	1582	0.040372442
87540	109	0.04292071
87540	1893	0.042920664
87540	3124	0.042920653
87540	588	0.042920634
87540	4890	0.042920604
87540	5688	0.0429206
87540	3410	0.042920597
87540	3367	0.042665347
87540	6524	0.042639997
87540	3800	0.04263996
87555	6160	0.060890388
87555	5604	0.060814552
87555	2293	0.0607016
87555	278	0.06062576
87555	5166	0.06062575
87555	2208	0.060625732
87555	1737	0.060625724
87555	4230	0.06062572
87555	3954	0.060625684
87555	3678	0.06044836
87579	41	0.051143065
87579	1817	0.051100902
87579	133	0.051100872
87579	710	0.05106668
87579	501	0.05104451
87579	6111	0.050949126
87579	1713	0.050946794
87579	1781	0.0509257
87579	1071	0.05079101
87579	70	0.050658487
87688	2429	0.04138497
87688	2216	0.04089029
87688	3344	0.040853243
87688	2420	0.04084912
87688	5441	0.040691666
87688	3878	0.04068486
87688	2814	0.040646683
87688	2890	0.04045149
87688	2171	0.040401988
87688	2498	0.040322073
87712	526	0.0519899
87712	1961	0.051294178
87712	1068	0.050788984
87712	169	0.050683305
87712	4332	0.050585795
87712	1594	0.050556276
87712	2950	0.05040342
87712	910	0.05025744
87712	1572	0.05022929
87712	365	0.050044395
87820	2597	0.056546986
87820	3500	0.056546956
87820	795	0.05654694
87820	3837	0.05654507
87820	2644	0.05653958
87820	6853	0.05651371
87820	2619	0.056513667
87820	797	0.056243293
87820	4211	0.056226473
87820	2666	0.055980083
87911	1369	0.061001457
87911	643	0.061001424
87911	3587	0.06083449
87911	4279	0.060834438
87911	1166	0.060797416
87911	4140	0.06079741
87911	1337	0.060797375
87911	4285	0.06079737
87911	5730	0.060653295
87911	941	0.06064252
87929	2620	0.045434833
87929	2919	0.04534693
87929	4867	0.045299627
87929	2881	0.045232028
87929	285	0.045218635
87929	1249	0.045202233
87929	410	0.04518889
87929	2912	0.045130778
87929	420	0.045120075
87929	157	0.045003798
87938	1203	0.049141224
87938	1248	0.049042966
87938	3315	0.048925295
87938	4865	0.048845734
87938	4700	0.048754357
87938	6434	0.048754342
87938	2290	0.048679523
87938	6028	0.048636645
87938	911	0.048636623
87938	484	0.048636593
87948	6205	0.03935885
87948	1905	0.03935884
87948	5597	0.03935884
87948	4241	0.039358824
87948	6319	0.039358817
87948	2350	0.03931908
87948	3750	0.039319053
87948	5291	0.039319023
87948	4903	0.039281115
87948	266	0.039281107
87949	4990	0.04123194
87949	2659	0.041069012
87949	6087	0.04090607
87949	2916	0.040715788
87949	5252	0.04036513
87949	3842	0.040353604
87949	531	0.04035324
87949	3060	0.040335447
87949	231	0.04025224
87949	2943	0.040238187
87964	40	0.050766356
87964	1368	0.050497413
87964	2955	0.050465155
87964	363	0.050400354
87964	2378	0.05028405
87964	6900	0.050269786
87964	5867	0.050202634
87964	241	0.05014653
87964	1351	0.05008123
87964	6401	0.050081186
87974	5917	0.035681233
87974	6302	0.035681225
87974	1414	0.03568122
87974	4665	0.035659216
87974	337	0.035659198
87974	3027	0.03559362
87974	5623	0.03559361
87974	4787	0.035571624
87974	3811	0.035497576
87974	5467	0.03549753
88029	4051	0.042203255
88029	5064	0.042203195
88029	1101	0.042182166
88029	895	0.04217966
88029	4549	0.042152725
88029	5733	0.04214672
88029	3290	0.04211203
88029	5863	0.042079665
88029	873	0.04207609
88029	4982	0.041988477
88122	1643	0.061234295
88122	274	0.060550667
88122	3191	0.06033178
88122	2713	0.060303934
88122	4471	0.060187828
88122	2156	0.06017039
88122	1220	0.060080945
88122	503	0.060071148
88122	814	0.059951592
88122	991	0.059933208
88170	3774	0.044203892
88170	2364	0.044158153
88170	6808	0.044125054
88170	1285	0.044101845
88170	6617	0.044029783
88170	1612	0.044014823
88170	2866	0.04378552
88170	3682	0.043428622
88170	206	0.043396585
88170	3487	0.043353304
88187	999	0.06270993
88187	692	0.062445465
88187	2467	0.062178772
88187	1854	0.061903182
88187	645	0.06181452
88187	3909	0.06181449
88187	727	0.061798897
88187	15	0.06176433
88187	1851	0.061760925
88187	3207	0.061053906
88229	5114	0.0720765
88229	2024	0.07168239
88229	925	0.07151279
88229	604	0.071118675
88229	2391	0.071099795
88229	938	0.07107289
88229	1033	0.07107289
88229	636	0.07101507
88229	2360	0.07101506
88229	2920	0.07101505
88248	2070	0.034991156
88248	5696	0.034883097
88248	1662	0.034883082
88248	6417	0.034883037
88248	3194	0.03476593
88248	5423	0.034712944
88248	1064	0.034529638
88248	3286	0.0345296
88248	4175	0.034419615
88248	6554	0.03441961
88283	6815	0.046303995
88283	1203	0.04608015
88283	6878	0.045856535
88283	4700	0.04561458
88283	6434	0.04561456
88283	3033	0.045567926
88283	5489	0.045542557
88283	4683	0.04554086
88283	64	0.045540832
88283	2365	0.045540832
88288	2943	0.045447856
88288	2046	0.04543799
88288	231	0.045101747
88288	5335	0.045062143
88288	5508	0.044934526
88288	3195	0.044835154
88288	728	0.044652253
88288	3787	0.044641644
88288	6824	0.044441413
88288	530	0.04404932
88299	5815	0.06665708
88299	20	0.066657044
88299	2867	0.06665704
88299	3770	0.066538475
88299	1640	0.06610894
88299	2398	0.066108905
88299	175	0.06609824
88299	739	0.06605157
88299	487	0.065992326
88299	2516	0.06581298
88330	5920	0.042683396
88330	594	0.042683393
88330	5857	0.04268339
88330	3116	0.042683385
88330	658	0.042683378
88330	5677	0.042683378
88330	2643	0.042576272
88330	3907	0.042576253
88330	3895	0.042576246
88330	1987	0.04257623
88389	1076	0.0655387
88389	3443	0.0652104
88389	2883	0.06519074
88389	1261	0.06508021
88389	606	0.06482574
88389	1436	0.06466581
88389	613	0.06454933
88389	448	0.064512655
88389	2387	0.06430775
88389	879	0.06406765
88412	2849	0.055806972
88412	1360	0.05580696
88412	5218	0.05558557
88412	5496	0.05558552
88412	2921	0.055580053
88412	1258	0.05550393
88412	3928	0.05550391
88412	1962	0.055503882
88412	3803	0.055503882
88412	42	0.05550387
88416	6484	0.05335831
88416	5559	0.05289334
88416	2015	0.052755985
88416	824	0.05271332
88416	2366	0.052684538
88416	690	0.052663222
88416	199	0.052663215
88416	6486	0.052614637
88416	4842	0.052591674
88416	1114	0.052568793
88435	625	0.07763593
88435	1574	0.07751027
88435	3796	0.07743455
88435	3992	0.07736389
88435	3581	0.07727693
88435	1781	0.077203885
88435	1817	0.077134624
88435	133	0.077134594
88435	4055	0.07651056
88435	2179	0.07647217
88574	425	0.05126916
88574	2392	0.05122859
88574	304	0.051103108
88574	1943	0.050990164
88574	2404	0.050968405
88574	3482	0.05091147
88574	1178	0.050903536
88574	1540	0.05090059
88574	182	0.050884273
88574	4617	0.050799772
88605	4554	0.04881557
88605	4259	0.04877937
88605	5359	0.04875052
88605	1606	0.048726484
88605	2535	0.04871773
88605	6792	0.04871768
88605	568	0.04869499
88605	857	0.04869222
88605	1349	0.048692204
88605	4557	0.0486922
88620	2821	0.044736482
88620	4524	0.044686113
88620	6061	0.04458137
88620	278	0.0445247
88620	2208	0.044524696
88620	1737	0.044524677
88620	5166	0.04452467
88620	4230	0.044524662
88620	3954	0.044524647
88620	356	0.044499923
88652	45	0.062124733
88652	3497	0.061471775
88652	6015	0.061322153
88652	2926	0.061082285
88652	4341	0.06106484
88652	6360	0.061000675
88652	1271	0.060873367
88652	3400	0.060809605
88652	2981	0.060715437
88652	6684	0.06066917
88693	6169	0.054143697
88693	6382	0.05376567
88693	1796	0.05333732
88693	4949	0.05316057
88693	3799	0.05281715
88693	1601	0.052282333
88693	4870	0.052246712
88693	51	0.052189376
88693	4305	0.052174706
88693	6782	0.05208028
88738	59	0.04493511
88738	619	0.04475056
88738	329	0.04475054
88738	3217	0.044697784
88738	440	0.044615865
88738	380	0.044612646
88738	1636	0.044551313
88738	1329	0.044416703
88738	6004	0.044363257
88738	3093	0.044335093
88793	2407	0.07031729
88793	1027	0.07031728
88793	1777	0.070317276
88793	1655	0.07031724
88793	2194	0.07031724
88793	1559	0.07031718
88793	1259	0.0701186
88793	3815	0.0701186
88793	1907	0.07011856
88793	6105	0.07011856
88937	708	0.06188164
88937	434	0.061881576
88937	2823	0.061534196
88937	1640	0.06101431
88937	2398	0.061014306
88937	504	0.060976833
88937	6674	0.060244393
88937	3581	0.059706792
88937	2317	0.05965969
88937	341	0.05960737
88976	3209	0.053813465
88976	4668	0.053741448
88976	1220	0.053731166
88976	6795	0.05355657
88976	503	0.053505942
88976	5195	0.053484555
88976	1543	0.0534845
88976	814	0.0534743
88976	991	0.053434737
88976	742	0.05334887
88993	1094	0.073049456
88993	1045	0.0730494
88993	1725	0.07304938
88993	6250	0.07297702
88993	3029	0.07281079
88993	5676	0.07265847
88993	147	0.07264943
88993	4513	0.07264936
88993	2732	0.07257721
88993	6918	0.072437584
89014	435	0.05567877
89014	1219	0.055610146
89014	18	0.05504279
89014	1627	0.054710418
89014	1578	0.05450706
89014	3438	0.054446377
89014	4181	0.054355584
89014	4639	0.054355532
89014	1320	0.05415795
89014	3317	0.05414653
89057	653	0.0713305
89057	1212	0.07132682
89057	5570	0.071326815
89057	1058	0.07121259
89057	1185	0.070939675
89057	2369	0.07068659
89057	1055	0.07064885
89057	157	0.070167825
89057	3943	0.06984797
89057	1490	0.06977467
89192	3121	0.047585797
89192	5858	0.047117632
89192	5396	0.046988524
89192	6143	0.046970192
89192	2932	0.046963945
89192	4312	0.046749324
89192	5164	0.046734747
89192	4506	0.04672888
89192	811	0.046728875
89192	478	0.046728812
89207	1477	0.045292597
89207	1481	0.045130357
89207	563	0.04490252
89207	2998	0.04490247
89207	3826	0.044671953
89207	3901	0.044589423
89207	2903	0.04447392
89207	5939	0.044324793
89207	5109	0.044278245
89207	750	0.04427822
89307	4650	0.04496801
89307	4633	0.044968005
89307	5343	0.044967994
89307	4118	0.044944733
89307	290	0.04494473
89307	441	0.044944722
89307	4082	0.044944707
89307	3030	0.044944696
89307	3861	0.04494466
89307	1005	0.044944353
89391	4075	0.042785667
89391	5451	0.04257601
89391	4414	0.04247189
89391	2831	0.042428527
89391	2139	0.042412512
89391	6584	0.04238821
89391	3293	0.04235332
89391	5169	0.04185626
89391	4400	0.041824233
89391	2330	0.041603785
89507	1626	0.060855515
89507	611	0.060487073
89507	127	0.06044875
89507	3056	0.060254626
89507	202	0.06008654
89507	1444	0.059996974
89507	2961	0.059996933
89507	451	0.05971407
89507	540	0.059613436
89507	1261	0.05925849
89551	373	0.05791407
89551	774	0.057858136
89551	2966	0.05780354
89551	3992	0.05702374
89551	625	0.05675328
89551	338	0.056696594
89551	341	0.056696594
89551	1260	0.056696575
89551	5601	0.05669655
89551	2836	0.056675058
89851	68	0.06872303
89851	1947	0.06861341
89851	882	0.06853226
89851	4782	0.06853225
89851	693	0.06848629
89851	1177	0.06815238
89851	809	0.06790967
89851	3527	0.06785741
89851	384	0.0678574
89851	1571	0.06785738
89852	526	0.05257316
89852	715	0.052341424
89852	1961	0.05226316
89852	350	0.051961683
89852	2725	0.051731095
89852	1251	0.051343895
89852	1709	0.051193316
89852	1783	0.0511757
89852	1527	0.051115103
89852	4560	0.051089175
89867	5879	0.07568835
89867	2634	0.075576015
89867	2836	0.07518062
89867	339	0.0750297
89867	831	0.07475586
89867	373	0.07462315
89867	2478	0.07455233
89867	774	0.07447231
89867	3790	0.074344665
89867	3064	0.07434288
89874	6111	0.07112396
89874	448	0.070744924
89874	407	0.07073739
89874	693	0.07061777
89874	1817	0.07021569
89874	133	0.07021565
89874	5404	0.07021495
89874	85	0.07003632
89874	2469	0.070035666
89874	809	0.06989105
89913	2407	0.054335676
89913	1027	0.05433567
89913	1777	0.054335658
89913	1655	0.054335624
89913	2194	0.054335617
89913	1559	0.054335587
89913	6540	0.0541699
89913	6299	0.05416985
89913	1681	0.05395037
89913	2252	0.05395037
89945	3182	0.035908196
89945	3074	0.035908192
89945	67	0.03587713
89945	540	0.035874642
89945	202	0.03569198
89945	1626	0.03542766
89945	3960	0.035399962
89945	2579	0.03524885
89945	165	0.035183363
89945	127	0.035132032
90049	708	0.05055257
90049	434	0.050552532
90049	3064	0.05028525
90049	3581	0.049846724
90049	341	0.049839772
90049	338	0.049839746
90049	1260	0.04983974
90049	2317	0.049572453
90049	183	0.049331747
90049	5879	0.048800953
90075	4907	0.049026337
90075	1744	0.04902632
90075	4520	0.04895147
90075	2138	0.048661336
90075	1557	0.048625566
90075	2960	0.04812202
90075	1826	0.04812201
90075	1100	0.047987014
90075	5966	0.047965966
90075	5179	0.047965817
90137	3973	0.055839293
90137	720	0.05545815
90137	2158	0.055241518
90137	2516	0.05523029
90137	4982	0.055216365
90137	2858	0.055199564
90137	4729	0.055198774
90137	3570	0.05518182
90137	1242	0.05496344
90137	5863	0.05491834
90174	6170	0.03972421
90174	6729	0.0397242
90174	571	0.039663635
90174	4203	0.039609365
90174	5243	0.039578468
90174	609	0.03957845
90174	5649	0.039572336
90174	5010	0.03954148
90174	5638	0.039493993
90174	3947	0.039490797
90198	2941	0.03788848
90198	6431	0.037811615
90198	3078	0.037808225
90198	4369	0.037731007
90198	92	0.037678145
90198	2770	0.03750061
90198	498	0.03742913
90198	4389	0.03740544
90198	2519	0.037356123
90198	1098	0.03735612
90232	2232	0.046450324
90232	2966	0.046041343
90232	488	0.045967236
90232	2236	0.045896962
90232	5390	0.04584286
90232	5639	0.045822036
90232	3397	0.04575198
90232	1573	0.045602333
90232	3199	0.04539717
90232	1217	0.045240782
90322	5205	0.056746468
90322	4788	0.056573655
90322	4245	0.05652506
90322	5633	0.05652221
90322	4442	0.056019686
90322	896	0.056018464
90322	4166	0.055904344
90322	3626	0.05550611
90322	1221	0.055493247
90322	2744	0.055471458
90391	292	0.06343962
90391	5991	0.063439585
90391	1336	0.063177004
90391	2324	0.06317481
90391	3999	0.063173935
90391	421	0.0631739
90391	695	0.06317386
90391	409	0.06317169
90391	1186	0.06310576
90391	6275	0.06306313
90417	1444	0.06389849
90417	2961	0.06389844
90417	2883	0.06357986
90417	3056	0.063503996
90417	1626	0.06321049
90417	1261	0.06319672
90417	1779	0.063060135
90417	606	0.06304644
90417	127	0.0629451
90417	3207	0.062485084
90467	1593	0.04942867
90467	4034	0.04942867
90467	4703	0.049428664
90467	4212	0.04919611
90467	1064	0.048989862
90467	3286	0.048989818
90467	1448	0.04897931
90467	3361	0.048961468
90467	2173	0.048961453
90467	5410	0.048961446
90517	3433	0.06694445
90517	1764	0.066550985
90517	5702	0.06613484
90517	1680	0.06568261
90517	664	0.06519286
90517	1212	0.0651692
90517	5570	0.06516917
90517	2044	0.06515437
90517	550	0.06512578
90517	1631	0.065060966
90614	2333	0.06418064
90614	159	0.06418063
90614	6884	0.064080864
90614	5765	0.063993976
90614	3180	0.06390476
90614	2578	0.06390473
90614	5423	0.06389188
90614	4666	0.063874066
90614	4676	0.06387401
90614	3735	0.06387399
90616	59	0.05485587
90616	619	0.05483497
90616	329	0.05483496
90616	15	0.0544035
90616	999	0.05432791
90616	1636	0.054212213
90616	1851	0.05384987
90616	3846	0.05380469
90616	2838	0.053777754
90616	3534	0.053733766
90653	2520	0.0486039
90653	6551	0.048548296
90653	6281	0.048515595
90653	788	0.04841
90653	2013	0.048237123
90653	1084	0.04807861
90653	5328	0.048078604
90653	153	0.047998685
90653	678	0.04798153
90653	2828	0.047966324
90657	6579	0.047090232
90657	3694	0.046825346
90657	802	0.046798557
90657	3936	0.046798535
90657	4464	0.046798527
90657	3806	0.046767242
90657	4320	0.046767175
90657	1470	0.046724826
90657	5925	0.046674967
90657	2111	0.046619702
90766	5357	0.041086733
90766	3034	0.041042946
90766	132	0.040846393
90766	1479	0.04084639
90766	4735	0.040775627
90766	4421	0.040731855
90766	6024	0.040719166
90766	917	0.04062757
90766	6541	0.040535286
90766	2475	0.04053527
90776	2054	0.04633864
90776	6514	0.046338588
90776	2477	0.046330933
90776	368	0.046294022
90776	3345	0.046236277
90776	3067	0.046198122
90776	5615	0.046160832
90776	386	0.046110727
90776	2438	0.0461107
90776	6310	0.046108417
90793	6161	0.0592139
90793	1034	0.05921387
90793	3959	0.05921387
90793	3041	0.059213847
90793	3040	0.059213825
90793	1394	0.059213817
90793	555	0.05921381
90793	1787	0.0592138
90793	6262	0.058933303
90793	5695	0.05893328
90915	1816	0.03502237
90915	5617	0.035022344
90915	2555	0.034955528
90915	213	0.034955498
90915	384	0.03479861
90915	3527	0.034798607
90915	1571	0.034798585
90915	4356	0.03477575
90915	935	0.034775443
90915	2465	0.034690857
91002	5237	0.04197148
91002	206	0.041904233
91002	2364	0.041784205
91002	6617	0.04171008
91002	2051	0.04133849
91002	5417	0.041117296
91002	6808	0.040858354
91002	2608	0.04082239
91002	1198	0.04082238
91002	6654	0.040771734
91017	2712	0.04216876
91017	764	0.042168707
91017	27	0.0421687
91017	2573	0.042137735
91017	5285	0.042137723
91017	1316	0.042137705
91017	3220	0.04213769
91017	367	0.042091355
91017	1852	0.042091332
91017	6141	0.042091332
91058	4811	0.042766795
91058	2788	0.042587567
91058	2348	0.04238745
91058	6151	0.042283032
91058	543	0.042215586
91058	2579	0.0421815
91058	3330	0.04216764
91058	544	0.04210517
91058	3219	0.042100456
91058	3960	0.041993864
91103	692	0.07029062
91103	3207	0.06854431
91103	160	0.06774436
91103	432	0.06769923
91103	1854	0.06747373
91103	3616	0.067458645
91103	727	0.0672963
91103	999	0.067184225
91103	1779	0.06697637
91103	879	0.066761166
91113	715	0.05242052
91113	1783	0.05230336
91113	1251	0.05222504
91113	1709	0.051779464
91113	5230	0.051638614
91113	440	0.051507656
91113	2744	0.051433496
91113	6259	0.05072961
91113	507	0.050661422
91113	1329	0.050375126
91119	2171	0.03414841
91119	5382	0.03370045
91119	5348	0.033435225
91119	4940	0.033307396
91119	1757	0.032979935
91119	751	0.032956682
91119	280	0.03285703
91119	3332	0.03273657
91119	2429	0.032727655
91119	4881	0.03264967
91130	1448	0.06106008
91130	2992	0.06086317
91130	6834	0.060805187
91130	381	0.06060203
91130	651	0.06056051
91130	3176	0.06055542
91130	3361	0.060495585
91130	2173	0.06049557
91130	5410	0.060495567
91130	3331	0.06049556
91165	5872	0.044904903
91165	3002	0.044904854
91165	5357	0.04488615
91165	6024	0.044836022
91165	6507	0.044798877
91165	4421	0.044761192
91165	4735	0.04475262
91165	3777	0.04468365
91165	2473	0.044670604
91165	132	0.044567846
91184	2964	0.050105996
91184	2559	0.04957117
91184	5974	0.049552236
91184	1351	0.049382076
91184	6401	0.04938204
91184	3968	0.04938203
91184	3597	0.049382024
91184	6852	0.049381994
91184	660	0.049377877
91184	2374	0.049147304
91203	457	0.055621
91203	3380	0.054960273
91203	5567	0.05487807
91203	3799	0.054633062
91203	240	0.054557618
91203	6317	0.054411657
91203	2494	0.054207653
91203	1700	0.0542074
91203	1320	0.054063987
91203	235	0.054039266
91263	1978	0.051559962
91263	5164	0.051525693
91263	6438	0.051227484
91263	1148	0.05104389
91263	5622	0.05104389
91263	2183	0.051043846
91263	5917	0.05095098
91263	6302	0.050950978
91263	1414	0.05095095
91263	6286	0.05089557
91342	442	0.070574686
91342	2077	0.070574686
91342	6032	0.07046251
91342	5263	0.07046245
91342	1309	0.07016637
91342	2026	0.06978888
91342	1855	0.06967668
91342	2347	0.06967667
91342	5254	0.06945127
91342	4175	0.069423236
91425	3943	0.05083876
91425	1212	0.050282665
91425	5570	0.050282665
91425	2456	0.050240085
91425	590	0.050056152
91425	1902	0.04987908
91425	1550	0.049590625
91425	1058	0.04896459
91425	653	0.048853304
91425	862	0.04878549
91428	397	0.046280563
91428	1428	0.045944214
91428	600	0.045745764
91428	628	0.045583945
91428	1355	0.045579843
91428	824	0.04531712
91428	5662	0.04517833
91428	2009	0.045028348
91428	637	0.04493825
91428	804	0.044921
91449	1436	0.060906783
91449	613	0.06081211
91449	1713	0.06080537
91449	1411	0.059781052
91449	1071	0.059762407
91449	2176	0.059756257
91449	4538	0.059756253
91449	1261	0.05967384
91449	448	0.05903223
91449	1711	0.058792535
91491	1000	0.048929527
91491	5095	0.047098156
91491	5073	0.046971794
91491	3806	0.046884082
91491	4320	0.046884052
91491	369	0.046864126
91491	2300	0.046795383
91491	5249	0.046676844
91491	638	0.04658458
91491	4337	0.046516865
91576	374	0.056063782
91576	3345	0.055660263
91576	5403	0.055290915
91576	4379	0.05528155
91576	386	0.055237263
91576	2438	0.05523721
91576	4669	0.055171803
91576	2477	0.055134676
91576	2054	0.05509045
91576	6514	0.055090375
91631	62	0.04341857
91631	5056	0.043245308
91631	6534	0.04317836
91631	390	0.042970583
91631	2660	0.042893484
91631	2747	0.04286138
91631	3604	0.042836763
91631	4705	0.0427932
91631	2482	0.04272628
91631	1678	0.04260154
91634	2044	0.05165883
91634	1492	0.05148336
91634	2991	0.05147457
91634	404	0.051200926
91634	2503	0.051137783
91634	3433	0.051083066
91634	1947	0.05103529
91634	1631	0.051035084
91634	449	0.05095493
91634	1764	0.05086448
91647	5368	0.036628585
91647	4928	0.036169745
91647	1850	0.03586544
91647	2484	0.035714693
91647	1041	0.035659272
91647	4454	0.035462648
91647	6364	0.035431877
91647	25	0.03520809
91647	4080	0.034983065
91647	2723	0.03449479
91685	2344	0.043845307
91685	5045	0.0436913
91685	1607	0.043617204
91685	5711	0.043581426
91685	3434	0.043556385
91685	173	0.04354524
91685	4383	0.04353878
91685	5378	0.04346754
91685	3432	0.04340783
91685	5120	0.043307714
91761	1027	0.06987279
91761	2407	0.06987279
91761	1777	0.06987277
91761	1655	0.06987272
91761	2194	0.069872715
91761	1559	0.06987266
91761	1033	0.069630444
91761	938	0.06963043
91761	1259	0.069614656
91761	1907	0.069614634
91832	3799	0.04894203
91832	5401	0.04857644
91832	6169	0.04817781
91832	1320	0.047475584
91832	3769	0.047318123
91832	744	0.04726135
91832	6736	0.047261268
91832	1203	0.04713834
91832	978	0.047113523
91832	3075	0.046847112
91875	1432	0.062854104
91875	5304	0.06282414
91875	2662	0.06268752
91875	1200	0.062683836
91875	3297	0.06262228
91875	2838	0.06259303
91875	1813	0.062518805
91875	187	0.062493958
91875	2467	0.062440984
91875	268	0.06238489
91931	1417	0.05871141
91931	201	0.05871137
91931	1556	0.05871137
91931	1029	0.058711346
91931	3716	0.05871133
91931	3655	0.05851436
91931	1152	0.05851435
91931	5831	0.05851435
91931	3127	0.058415152
91931	5961	0.05841066
92132	3436	0.033482872
92132	1728	0.03347327
92132	3352	0.033472613
92132	5501	0.03345409
92132	4895	0.03345065
92132	2850	0.033450607
92132	3805	0.033443414
92132	1859	0.033443406
92132	1853	0.03339207
92132	452	0.03339202
92152	5961	0.051179595
92152	4182	0.051179543
92152	4037	0.051179532
92152	308	0.051110685
92152	6390	0.051110648
92152	538	0.05111064
92152	3719	0.05106169
92152	5440	0.051061675
92152	3666	0.05106167
92152	1417	0.05103755
92156	906	0.05553788
92156	3537	0.055269487
92156	3119	0.055052973
92156	1946	0.05503119
92156	1207	0.054895975
92156	2169	0.054856513
92156	2328	0.054813378
92156	3462	0.054813378
92156	4951	0.054808363
92156	2321	0.054719307
92184	3648	0.042558692
92184	6810	0.042401016
92184	1924	0.042371936
92184	2724	0.042365793
92184	261	0.04223183
92184	1374	0.042231765
92184	237	0.04223109
92184	6198	0.04216686
92184	5012	0.042165417
92184	763	0.042090975
92215	6121	0.03610451
92215	1369	0.036059514
92215	643	0.03605949
92215	2824	0.03605195
92215	6551	0.03598295
92215	1156	0.035912897
92215	3587	0.03590444
92215	4279	0.035904426
92215	860	0.035804193
92215	5730	0.035770543
92278	613	0.053208027
92278	1436	0.052483637
92278	2176	0.05199514
92278	4538	0.051995136
92278	1261	0.051448274
92278	414	0.05142404
92278	459	0.05132393
92278	2362	0.051300246
92278	1713	0.05117152
92278	937	0.051053885
92316	5390	0.05576132
92316	2232	0.05543119
92316	2836	0.055355355
92316	2478	0.055345245
92316	2966	0.055304427
92316	2634	0.05508812
92316	373	0.055047296
92316	340	0.05475939
92316	3397	0.054750495
92316	339	0.054502204
92398	2744	0.04504422
92398	5230	0.044662435
92398	1599	0.04446388
92398	5618	0.04433899
92398	507	0.04433451
92398	1789	0.044315398
92398	95	0.04404397
92398	4096	0.04401823
92398	2271	0.044018224
92398	2428	0.04401822
92405	2732	0.058539383
92405	4178	0.058513533
92405	2080	0.058513466
92405	6590	0.058124132
92405	147	0.057966776
92405	4513	0.057966724
92405	6250	0.057860833
92405	1328	0.057755716
92405	5951	0.057636447
92405	195	0.057564866
92498	2458	0.058425356
92498	5561	0.05842142
92498	3578	0.05834948
92498	1991	0.058296513
92498	610	0.05825211
92498	5994	0.05797872
92498	4497	0.057803854
92498	954	0.057795703
92498	2412	0.057717085
92498	212	0.057717048
92524	1220	0.06811538
92524	814	0.06767319
92524	5218	0.066868275
92524	5496	0.0668682
92524	3083	0.06682837
92524	5906	0.066761285
92524	2014	0.06643838
92524	5740	0.06643835
92524	1258	0.06634641
92524	1962	0.06634638
92547	6515	0.043620206
92547	1285	0.043469816
92547	4722	0.043235946
92547	4537	0.04318019
92547	4208	0.042978745
92547	6905	0.04296785
92547	4422	0.042934176
92547	3589	0.042903323
92547	2421	0.042854175
92547	1288	0.04280667
92648	2096	0.04982729
92648	6135	0.049755026
92648	2255	0.049755007
92648	6289	0.049754977
92648	4601	0.04975495
92648	4484	0.04974483
92648	2297	0.04972416
92648	5941	0.049724124
92648	3829	0.04972412
92648	5311	0.049724117
92652	1892	0.059619702
92652	4292	0.059448026
92652	2195	0.05913745
92652	6594	0.05913736
92652	3451	0.05907263
92652	101	0.058989506
92652	4027	0.058987737
92652	2608	0.05892487
92652	1198	0.05892483
92652	5399	0.058886085
92658	1045	0.045344304
92658	1725	0.0453443
92658	6918	0.045151073
92658	6250	0.045022704
92658	147	0.04500562
92658	4513	0.045005582
92658	5676	0.04482056
92658	2333	0.044812456
92658	159	0.044812415
92658	1328	0.04468599
92693	1070	0.05704981
92693	2317	0.05685949
92693	537	0.05664842
92693	5879	0.056092307
92693	1405	0.05594854
92693	816	0.055737413
92693	2281	0.055735387
92693	1600	0.055699065
92693	988	0.05556173
92693	472	0.055525415
92696	2392	0.04492539
92696	2404	0.044848327
92696	902	0.04440944
92696	4617	0.04437214
92696	1178	0.04432548
92696	6492	0.044295065
92696	3482	0.04427889
92696	182	0.04420183
92696	2686	0.04417205
92696	6550	0.04406877
92804	895	0.04880695
92804	3290	0.048779592
92804	1101	0.04876683
92804	4051	0.048600845
92804	5064	0.0486008
92804	1447	0.04850384
92804	4549	0.048442192
92804	1882	0.048432313
92804	712	0.048411198
92804	1269	0.048411146
92810	1328	0.05691992
92810	6250	0.05675062
92810	5675	0.05674751
92810	5340	0.056712694
92810	3359	0.05643245
92810	2732	0.056214377
92810	3177	0.05610165
92810	1743	0.05610158
92810	2064	0.056008518
92810	675	0.055761866
92853	1351	0.040581718
92853	6401	0.04058168
92853	3968	0.040581677
92853	3597	0.040581673
92853	6852	0.040581662
92853	5351	0.04052934
92853	4700	0.0404282
92853	6434	0.04042819
92853	1203	0.040404215
92853	2378	0.03996063
92861	1417	0.055868957
92861	1556	0.055868935
92861	201	0.05586892
92861	1029	0.05586891
92861	3716	0.055868886
92861	3719	0.055855416
92861	3666	0.0558554
92861	5440	0.055855382
92861	4931	0.055848725
92861	3127	0.055836808
92979	3714	0.047393467
92979	4951	0.04711067
92979	6597	0.047027804
92979	6794	0.04692471
92979	3494	0.046893474
92979	1898	0.046893425
92979	4257	0.046874106
92979	943	0.046797503
92979	2381	0.0467975
92979	6262	0.04678456
93018	4470	0.04248278
93018	3830	0.04229949
93018	3828	0.042299427
93018	2501	0.04219024
93018	6204	0.042084992
93018	6050	0.042070363
93018	5752	0.041982204
93018	2853	0.041941054
93018	2297	0.041931536
93018	3829	0.04193151
93034	4708	0.049319774
93034	5829	0.04897512
93034	477	0.04895015
93034	2840	0.04894659
93034	1548	0.048937283
93034	3044	0.048926055
93034	4312	0.048866145
93034	632	0.04882835
93034	860	0.048780106
93034	4138	0.048706025
93046	4003	0.052888237
93046	4433	0.052551977
93046	2465	0.052459195
93046	412	0.052416228
93046	1746	0.05232607
93046	2120	0.052145366
93046	935	0.05214275
93046	1205	0.05211705
93046	210	0.052116998
93046	1770	0.05210784
93085	3280	0.054190263
93085	805	0.05384592
93085	474	0.05354417
93085	3273	0.053267583
93085	2113	0.052467503
93085	19	0.05246011
93085	711	0.052417673
93085	3133	0.052160785
93085	1617	0.05211015
93085	175	0.052057028
93092	2178	0.04925456
93092	469	0.04923988
93092	3300	0.04919082
93092	2374	0.048999697
93092	2513	0.04899296
93092	6719	0.048980355
93092	2964	0.048701145
93092	660	0.04848969
93092	2804	0.048349254
93092	57	0.04833419
93105	5304	0.055331018
93105	187	0.055286556
93105	3297	0.055132482
93105	1652	0.05496711
93105	79	0.054858025
93105	1808	0.054849483
93105	4443	0.05476275
93105	3456	0.05476274
93105	2550	0.054695465
93105	5079	0.054695457
93130	4644	0.044769086
93130	2705	0.04471527
93130	2212	0.04467557
93130	5273	0.044675548
93130	6338	0.044675544
93130	4572	0.044438504
93130	1031	0.04441624
93130	4628	0.044352602
93130	75	0.044334434
93130	5914	0.04431784
93141	2891	0.05977858
93141	5164	0.059625536
93141	1148	0.059536472
93141	5622	0.059536472
93141	2183	0.059536405
93141	1978	0.059514727
93141	5400	0.05897834
93141	6286	0.058668192
93141	3610	0.058480076
93141	6438	0.058392525
93147	1171	0.053029485
93147	679	0.05294977
93147	4461	0.05271339
93147	6616	0.05265242
93147	3677	0.052629445
93147	3562	0.052581474
93147	5853	0.05256348
93147	5872	0.052371565
93147	3002	0.0523715
93147	6506	0.05232711
93179	507	0.06289226
93179	4165	0.06221716
93179	589	0.06190204
93179	4729	0.06170773
93179	4442	0.061549034
93179	800	0.06153974
93179	6211	0.061388135
93179	2516	0.061380666
93179	5762	0.061096806
93179	3177	0.060988948
93241	1947	0.053237457
93241	809	0.05289662
93241	693	0.052831106
93241	1971	0.05276995
93241	68	0.052755073
93241	5570	0.052742146
93241	1212	0.05274213
93241	691	0.052694015
93241	1289	0.05263347
93241	1177	0.052542873
93308	3842	0.054506786
93308	3293	0.054493368
93308	2831	0.054335684
93308	2491	0.054147363
93308	5019	0.054011796
93308	4830	0.05398018
93308	2139	0.05396329
93308	2945	0.0539186
93308	5211	0.053617246
93308	5421	0.05361543
93355	6240	0.042596668
93355	4880	0.042596616
93355	2614	0.042568244
93355	6640	0.042517528
93355	2607	0.0424908
93355	2485	0.04248492
93355	3747	0.04240138
93355	5891	0.042329893
93355	2615	0.042255927
93355	6296	0.042121693
93358	610	0.04634302
93358	2328	0.04604142
93358	3462	0.0460414
93358	2393	0.045906655
93358	3578	0.04588447
93358	3396	0.04578764
93358	1544	0.04578761
93358	5561	0.04575248
93358	3119	0.045735247
93358	2458	0.045733616
93363	4709	0.03670298
93363	4599	0.03660819
93363	6231	0.036595784
93363	521	0.03657095
93363	2106	0.03657095
93363	3492	0.036563516
93363	4445	0.036462206
93363	4918	0.03639234
93363	2805	0.036369324
93363	6226	0.036311492
93364	5673	0.041951627
93364	3346	0.041822903
93364	6121	0.041572027
93364	4065	0.041449793
93364	390	0.041370377
93364	3792	0.041275
93364	1132	0.04127499
93364	228	0.041274972
93364	5974	0.041134804
93364	1332	0.041099116
93421	1179	0.052511908
93421	649	0.05230221
93421	5448	0.052198425
93421	6300	0.052051574
93421	5270	0.051992323
93421	1555	0.05195032
93421	5591	0.05179569
93421	3525	0.05179567
93421	83	0.051792674
93421	2129	0.051762637
93426	6169	0.044758335
93426	6382	0.044398595
93426	1796	0.04403679
93426	4949	0.043476775
93426	3799	0.043432202
93426	526	0.04324612
93426	6782	0.042696316
93426	4305	0.042680603
93426	6385	0.042636372
93426	4029	0.042636354
93453	5361	0.05832631
93453	3552	0.058326278
93453	3659	0.0579971
93453	320	0.057925142
93453	3156	0.05779115
93453	4132	0.057613906
93453	1862	0.057314266
93453	892	0.057276417
93453	2129	0.05703199
93453	1229	0.056934632
93513	5386	0.038219035
93513	6296	0.038058378
93513	6497	0.0380288
93513	4503	0.0380174
93513	993	0.03799192
93513	1841	0.037991088
93513	6853	0.03797716
93513	2619	0.037977125
93513	2615	0.03791874
93513	2614	0.037889212
93518	2012	0.050647378
93518	3385	0.049510434
93518	5288	0.04944208
93518	6886	0.049344115
93518	3812	0.049241662
93518	2267	0.04917326
93518	81	0.049043573
93518	973	0.049004346
93518	2813	0.0489495
93518	5431	0.04887472
93562	2724	0.056650236
93562	288	0.056479745
93562	3648	0.056469806
93562	6198	0.05630451
93562	5999	0.056183547
93562	1924	0.05590921
93562	4117	0.055841163
93562	6810	0.055829145
93562	3759	0.05578885
93562	5187	0.055787943
93565	5404	0.06314534
93565	1817	0.063103594
93565	133	0.06310357
93565	1781	0.06307183
93565	2494	0.06305071
93565	2469	0.0628936
93565	85	0.06285179
93565	6111	0.06281358
93565	41	0.062664196
93565	51	0.06265818
93615	514	0.0368993
93615	955	0.036831506
93615	4970	0.03645129
93615	3883	0.036445063
93615	1569	0.036216367
93615	3882	0.036216367
93615	5842	0.03615367
93615	2837	0.036147587
93615	1714	0.036107995
93615	735	0.036078233
93629	4307	0.05500149
93629	1961	0.05485277
93629	3049	0.054464314
93629	6190	0.05446424
93629	526	0.054391574
93629	1527	0.054219857
93629	5288	0.054108053
93629	973	0.05387576
93629	2856	0.053864434
93629	2950	0.05373168
93630	188	0.05543845
93630	347	0.055233486
93630	2837	0.05482158
93630	5250	0.054709878
93630	2552	0.054677248
93630	102	0.05440794
93630	459	0.054369573
93630	4726	0.0539919
93630	3855	0.053980537
93630	3883	0.053640354
93631	1698	0.058520667
93631	1817	0.058519814
93631	133	0.058519796
93631	4247	0.058399178
93631	6111	0.05838787
93631	710	0.05832705
93631	637	0.058313586
93631	482	0.058266774
93631	4710	0.058234233
93631	1574	0.05807837
93636	2516	0.051236656
93636	981	0.051101014
93636	2158	0.050905988
93636	720	0.050855868
93636	4729	0.05063339
93636	2007	0.050221663
93636	3973	0.049937055
93636	3570	0.049892858
93636	6211	0.049880333
93636	4982	0.049662292
93698	5489	0.04498542
93698	3244	0.044712666
93698	3922	0.04470111
93698	439	0.044618562
93698	744	0.044493962
93698	6736	0.0444939
93698	6815	0.044336177
93698	6826	0.044335768
93698	6402	0.044335734
93698	2133	0.044256754
93732	1760	0.053934067
93732	5764	0.05388937
93732	4773	0.05372167
93732	423	0.053478498
93732	6843	0.053441178
93732	5693	0.053371705
93732	5331	0.053243447
93732	1774	0.05318878
93732	6703	0.05316264
93732	5082	0.053143404
93770	2608	0.030662373
93770	1198	0.030662365
93770	3516	0.03060044
93770	4739	0.030549385
93770	57	0.030513499
93770	5399	0.030463286
93770	4027	0.030355252
93770	3106	0.030254152
93770	1132	0.030192737
93770	3792	0.03019273
93800	3616	0.047612615
93800	3659	0.047043428
93800	320	0.0470288
93800	1851	0.046999834
93800	727	0.046957795
93800	451	0.046928585
93800	1444	0.04670138
93800	2961	0.046701357
93800	2870	0.046391252
93800	2337	0.04603808
93871	6590	0.047717176
93871	330	0.047669806
93871	2022	0.047668017
93871	2066	0.047300946
93871	5951	0.047174588
93871	4178	0.047173947
93871	2080	0.047173895
93871	605	0.04696542
93871	2732	0.046733186
93871	892	0.046671804
93985	4118	0.041578837
93985	441	0.04157883
93985	290	0.041578818
93985	3030	0.04157881
93985	4082	0.041578807
93985	3861	0.041578762
93985	4226	0.04152938
93985	2489	0.041529372
93985	6006	0.041529343
93985	5608	0.041516744
94023	3902	0.054836124
94023	563	0.05472582
94023	2998	0.05472576
94023	1477	0.054509588
94023	5939	0.054391786
94023	2648	0.05435998
94023	3001	0.05429446
94023	4849	0.054294344
94023	6500	0.05411848
94023	5976	0.053745486
94094	977	0.04427789
94094	6444	0.044277865
94094	3631	0.044215277
94094	1515	0.04414943
94094	1491	0.044149425
94094	308	0.044132303
94094	6390	0.044132266
94094	538	0.044132262
94094	3373	0.044069756
94094	789	0.0440697
94213	2308	0.0525879
94213	4096	0.05219567
94213	2271	0.052195664
94213	2428	0.052195657
94213	1226	0.052195646
94213	3231	0.052195646
94213	5083	0.052195646
94213	2460	0.05219564
94213	1333	0.05219563
94213	2993	0.052195624
94242	6099	0.033178575
94242	3517	0.033159774
94242	2915	0.033159748
94242	5222	0.033159748
94242	3457	0.033159733
94242	2821	0.03311292
94242	278	0.033094127
94242	2208	0.033094123
94242	1737	0.03309411
94242	5166	0.033094108
94263	6169	0.062515736
94263	2178	0.062443685
94263	3799	0.062203135
94263	350	0.06162132
94263	526	0.0615919
94263	1783	0.061294187
94263	51	0.06111427
94263	5401	0.06097783
94263	4560	0.060952645
94263	1796	0.06091026
94334	1992	0.042424276
94334	6592	0.04227359
94334	1605	0.042273544
94334	2164	0.042213973
94334	4503	0.0420742
94334	5931	0.041885152
94334	2161	0.04183819
94334	3746	0.041800372
94334	3755	0.04173789
94334	694	0.041674815
94362	1925	0.045460403
94362	3237	0.045106497
94362	3945	0.044878334
94362	1187	0.04480488
94362	6386	0.044804864
94362	5204	0.044077963
94362	3629	0.044004105
94362	2888	0.043815434
94362	2686	0.043775864
94362	4893	0.043758273
94366	1853	0.046918184
94366	452	0.04691811
94366	1448	0.046811547
94366	3452	0.046787437
94366	2173	0.046639767
94366	3361	0.046639763
94366	5410	0.046639748
94366	3331	0.04663974
94366	1296	0.04659862
94366	6834	0.04655491
94376	283	0.04858362
94376	3083	0.048159257
94376	5155	0.048027083
94376	1117	0.048027076
94376	2497	0.048027057
94376	1102	0.047844555
94376	1118	0.047844462
94376	6116	0.047637742
94376	3946	0.047346648
94376	834	0.047346644
94385	440	0.041108727
94385	1329	0.040983226
94385	1251	0.04052939
94385	1594	0.040435392
94385	1068	0.040230352
94385	5230	0.040146433
94385	169	0.04007482
94385	6004	0.04004252
94385	3217	0.03999062
94385	3144	0.039932095
94396	5836	0.036003783
94396	4191	0.03597629
94396	5988	0.03595633
94396	5690	0.0359492
94396	2107	0.035949185
94396	418	0.035918728
94396	3891	0.035918698
94396	2334	0.035898343
94396	5320	0.03573544
94396	2277	0.035677455
94494	5023	0.04277723
94494	2056	0.04262281
94494	4305	0.0423696
94494	4870	0.042352498
94494	5669	0.042295072
94494	3879	0.042002946
94494	5316	0.042002946
94494	4684	0.041869037
94494	5014	0.041814566
94494	4468	0.041806616
94495	4971	0.053896096
94495	1564	0.05368896
94495	332	0.05362707
94495	5620	0.053421844
94495	1100	0.05235732
94495	4520	0.052217465
94495	2832	0.052217416
94495	1075	0.052197084
94495	2138	0.052185476
94495	3011	0.05203432
94519	3238	0.05634867
94519	2427	0.056257747
94519	2148	0.056168452
94519	2819	0.056124732
94519	6566	0.056075595
94519	3236	0.055914983
94519	1270	0.055877987
94519	5163	0.05587794
94519	4448	0.05578722
94519	6177	0.055787213
94529	4437	0.044668768
94529	4284	0.044529445
94529	2471	0.044459768
94529	4096	0.04410609
94529	2271	0.044106074
94529	2428	0.044106066
94529	2460	0.044106055
94529	3231	0.044106055
94529	5083	0.044106055
94529	1226	0.04410605
94630	188	0.04611727
94630	3855	0.04585315
94630	459	0.045796603
94630	2552	0.045765445
94630	2362	0.045645826
94630	347	0.045555517
94630	937	0.04546374
94630	152	0.04546372
94630	4726	0.045260023
94630	2869	0.044865265
94730	6291	0.047861345
94730	1286	0.04695204
94730	1671	0.046921395
94730	3342	0.046735957
94730	1901	0.04659856
94730	37	0.04652372
94730	1940	0.045669056
94730	405	0.045613438
94730	5570	0.045386314
94730	1212	0.045386307
94787	1068	0.042697445
94787	1594	0.042480282
94787	2857	0.042450216
94787	1056	0.042450197
94787	2950	0.04211215
94787	1251	0.042067062
94787	5762	0.04204389
94787	6211	0.04200894
94787	1961	0.041948795
94787	560	0.041938625
94818	5010	0.05063577
94818	3517	0.050337404
94818	5222	0.05033737
94818	2915	0.050337367
94818	3457	0.05033734
94818	3209	0.050251007
94818	72	0.05025097
94818	6099	0.04995258
94818	571	0.04978355
94818	1897	0.049744923
94843	1261	0.036893107
94843	606	0.036678378
94843	127	0.03666799
94843	611	0.036590617
94843	2543	0.036486637
94843	3207	0.03647757
94843	2883	0.03645485
94843	1626	0.036255494
94843	160	0.036186848
94843	3056	0.036135722
94923	5656	0.034823216
94923	5180	0.0346426
94923	6577	0.034499004
94923	5464	0.03449898
94923	1485	0.03440585
94923	2246	0.034335047
94923	783	0.034326144
94923	6893	0.034276783
94923	1128	0.034262307
94923	1963	0.03419176
94951	2500	0.049662888
94951	5983	0.049617037
94951	783	0.04957721
94951	3017	0.04954681
94951	1010	0.049546756
94951	5981	0.049519747
94951	828	0.049471308
94951	566	0.049471304
94951	5752	0.049423255
94951	3824	0.049321912
94952	1711	0.062463727
94952	2532	0.06226226
94952	3669	0.062262207
94952	2809	0.062262196
94952	739	0.06218547
94952	1602	0.06203506
94952	373	0.061960623
94952	2966	0.061775364
94952	625	0.061706893
94952	1908	0.061647393
94965	2700	0.053027995
94965	3951	0.053027965
94965	327	0.053027958
94965	3264	0.0529901
94965	1625	0.052990094
94965	5039	0.052862026
94965	1739	0.05286198
94965	1423	0.052770294
94965	1855	0.052755408
94965	2347	0.052755382
94985	3209	0.046926156
94985	72	0.046926133
94985	4668	0.046894267
94985	6061	0.04671999
94985	5010	0.046495654
94985	6099	0.046412326
94985	2821	0.04623808
94985	6795	0.046123005
94985	5218	0.046121992
94985	5496	0.04612194
94997	4555	0.04740152
94997	3100	0.04740151
94997	4556	0.047401503
94997	11	0.047401488
94997	2260	0.047401488
94997	6377	0.047401484
94997	848	0.047401477
94997	940	0.04713975
94997	1349	0.046969075
94997	857	0.04696907
95010	3106	0.046602942
95010	5417	0.04651715
95010	2051	0.04646635
95010	206	0.046224203
95010	4055	0.046151698
95010	2608	0.045864627
95010	1198	0.045864604
95010	5237	0.045852248
95010	4028	0.045836188
95010	5572	0.045836166
95025	3796	0.058686376
95025	637	0.05849053
95025	4710	0.05836897
95025	4247	0.058274798
95025	628	0.058207918
95025	133	0.05818857
95025	1817	0.058188565
95025	2366	0.057926126
95025	1781	0.057905927
95025	882	0.05789057
95043	4122	0.058521584
95043	1748	0.058521573
95043	4300	0.058295026
95043	2440	0.0582908
95043	2069	0.058121398
95043	2651	0.05792228
95043	3314	0.057920102
95043	6663	0.05792007
95043	6350	0.0577698
95043	1638	0.05776336
95173	4955	0.06365043
95173	1429	0.06315871
95173	927	0.063155256
95173	744	0.06308112
95173	6736	0.06308103
95173	4235	0.06306801
95173	458	0.062915504
95173	1948	0.06279783
95173	1430	0.062738076
95173	5864	0.062619045
95226	338	0.04036676
95226	341	0.04036676
95226	1260	0.040366754
95226	5601	0.040366728
95226	2317	0.040344685
95226	183	0.03993246
95226	3581	0.039714187
95226	537	0.03964723
95226	708	0.03957676
95226	434	0.03957674
95250	1417	0.049806654
95250	201	0.04980662
95250	1556	0.049806613
95250	1029	0.04980661
95250	3716	0.049806584
95250	6899	0.049500067
95250	5016	0.04923095
95250	5961	0.049204305
95250	4182	0.049204268
95250	4037	0.049204234
95261	2060	0.03256442
95261	1754	0.032392316
95261	5162	0.03239225
95261	875	0.03235681
95261	561	0.032294918
95261	558	0.032269716
95261	4619	0.032150924
95261	5947	0.0321509
95261	1263	0.03208302
95261	4836	0.03203529
95301	5970	0.041601
95301	6847	0.041402444
95301	4914	0.04136906
95301	6656	0.041359887
95301	3557	0.04133611
95301	6261	0.041325495
95301	2633	0.041295197
95301	112	0.041208588
95301	4491	0.041037336
95301	5977	0.041001156
95316	67	0.051561948
95316	170	0.051321868
95316	2795	0.05103667
95316	77	0.051030006
95316	329	0.050913956
95316	619	0.050913952
95316	1636	0.050876863
95316	2543	0.050860353
95316	202	0.050801635
95316	727	0.050708376
95353	6073	0.032071896
95353	4875	0.032050047
95353	1807	0.031638827
95353	2805	0.031628653
95353	2110	0.03162239
95353	1891	0.03151457
95353	6626	0.031508863
95353	1795	0.03145349
95353	1350	0.0313851
95353	5191	0.031366736
95360	883	0.053487018
95360	4438	0.053487018
95360	4876	0.05348698
95360	2317	0.052978992
95360	1066	0.05257064
95360	3104	0.052306406
95360	338	0.05214808
95360	341	0.052148074
95360	1260	0.05214806
95360	5601	0.05214803
95393	606	0.070316404
95393	879	0.069546744
95393	3207	0.069318414
95393	432	0.06870206
95393	1261	0.06859574
95393	160	0.06854756
95393	1640	0.06834283
95393	2543	0.06807406
95393	504	0.06787069
95393	692	0.06784076
95452	4782	0.06309153
95452	882	0.063091524
95452	4247	0.0629626
95452	189	0.06289257
95452	1397	0.06263894
95452	6427	0.06241562
95452	5764	0.062339947
95452	68	0.06227822
95452	52	0.062225576
95452	3442	0.062225565
95506	2932	0.05463397
95506	2175	0.0545194
95506	939	0.05451932
95506	3118	0.054476846
95506	4049	0.054476835
95506	1977	0.05446497
95506	5794	0.05446497
95506	4737	0.054464918
95506	5533	0.0544649
95506	6578	0.054464884
95509	3434	0.045693427
95509	1097	0.045631487
95509	4487	0.045535315
95509	6785	0.04548595
95509	4551	0.045430757
95509	3432	0.045306765
95509	5120	0.045250632
95509	1607	0.045069303
95509	1343	0.045034803
95509	5433	0.044970572
95525	3980	0.05040918
95525	6841	0.05038722
95525	3728	0.050268665
95525	6717	0.050238945
95525	4648	0.050061397
95525	5615	0.04992833
95525	6282	0.049879655
95525	2895	0.049815357
95525	5851	0.04971645
95525	3067	0.049593825
95574	1444	0.07075243
95574	2961	0.07075238
95574	1626	0.07051191
95574	2883	0.070432425
95574	3056	0.07020987
95574	1261	0.07007544
95574	127	0.07006664
95574	451	0.06992478
95574	727	0.069405265
95574	611	0.069402486
95781	5400	0.049691528
95781	3105	0.04951845
95781	1978	0.04950113
95781	6286	0.04927517
95781	2226	0.04916451
95781	6438	0.049140893
95781	1429	0.049107216
95781	3427	0.048971906
95781	3129	0.048849873
95781	4187	0.048760787
95903	1527	0.06808735
95903	2725	0.06787034
95903	1961	0.06775551
95903	1268	0.067388535
95903	526	0.06690213
95903	971	0.066868275
95903	158	0.06677602
95903	620	0.06628351
95903	1709	0.06626685
95903	169	0.06599866
95907	1800	0.043687653
95907	3794	0.04345543
95907	2456	0.043342702
95907	1430	0.043168977
95907	1902	0.043127112
95907	4235	0.042987496
95907	1066	0.042755067
95907	5568	0.04262262
95907	586	0.042597122
95907	5864	0.042484395
95921	6674	0.05190354
95921	3064	0.051623978
95921	4269	0.05137551
95921	2823	0.051239748
95921	504	0.05119161
95921	1640	0.051112823
95921	2398	0.051112812
95921	708	0.050886005
95921	434	0.05088596
95921	2317	0.050177712
95923	2966	0.060433716
95923	2236	0.060229607
95923	373	0.05972398
95923	2232	0.059618056
95923	5390	0.059319757
95923	3397	0.05930486
95923	5417	0.05916882
95923	886	0.059164178
95923	2051	0.059011094
95923	469	0.05900521
95932	1239	0.047473457
95932	2886	0.04742109
95932	4499	0.047342837
95932	1410	0.047312535
95932	2050	0.04730726
95932	6591	0.04722435
95932	2204	0.047196034
95932	3474	0.047187068
95932	6133	0.046910904
95932	1632	0.04691083
95991	6461	0.052346263
95991	2308	0.05224816
95991	3963	0.05221715
95991	5644	0.052158684
95991	3625	0.052090377
95991	4096	0.052085005
95991	1226	0.05208499
95991	2271	0.05208499
95991	5083	0.052084982
95991	2428	0.052084975
96019	1171	0.04590325
96019	679	0.045501836
96019	3515	0.045390062
96019	4461	0.04536882
96019	3777	0.04531926
96019	3677	0.04531382
96019	5872	0.045132354
96019	3002	0.045132294
96019	1245	0.045101028
96019	681	0.045077644
96053	6918	0.05341347
96053	4108	0.053317063
96053	1639	0.05330228
96053	1458	0.053287968
96053	168	0.053287957
96053	6544	0.053287946
96053	3452	0.053154662
96053	1448	0.052975126
96053	2992	0.05295684
96053	3361	0.052860253
96054	614	0.07411286
96054	1389	0.073529616
96054	243	0.07321886
96054	420	0.073140934
96054	1490	0.07313438
96054	406	0.07220049
96054	1253	0.07194898
96054	157	0.07156165
96054	5140	0.07112056
96054	410	0.07111132
96055	1690	0.07815932
96055	1261	0.077767916
96055	1526	0.07752042
96055	414	0.07739716
96055	2327	0.07705653
96055	1387	0.07705638
96055	320	0.07699504
96055	2698	0.07675804
96055	2883	0.07659139
96055	1444	0.07627764
96194	2732	0.053937986
96194	4178	0.053898335
96194	147	0.053661272
96194	4513	0.05366122
96194	5332	0.053493105
96194	63	0.053493068
96194	6250	0.053453065
96194	259	0.053353265
96194	6590	0.05323404
96194	1094	0.0531765
96320	77	0.05978024
96320	1636	0.059721395
96320	1854	0.059588846
96320	329	0.05939757
96320	619	0.05939757
96320	4919	0.05892881
96320	67	0.058858864
96320	2795	0.058794662
96320	1064	0.058702927
96320	3286	0.058702867
96335	4085	0.056315906
96335	3166	0.0559396
96335	6101	0.05581735
96335	2400	0.055817336
96335	3163	0.055735745
96335	5871	0.055734374
96335	6324	0.055634655
96335	4278	0.05562421
96335	6672	0.055622514
96335	3970	0.0555531
96357	448	0.09580895
96357	1817	0.09549127
96357	133	0.09549119
96357	2387	0.09524241
96357	6111	0.095061876
96357	500	0.09442658
96357	1781	0.094294414
96357	85	0.094255984
96357	3581	0.094121106
96357	693	0.09360419
96440	3514	0.05659721
96440	357	0.056597173
96440	6714	0.056564018
96440	5143	0.05656401
96440	4033	0.056564003
96440	4289	0.056563992
96440	1016	0.056563947
96440	5739	0.05652468
96440	5347	0.05652465
96440	3091	0.05638015
96444	6399	0.03700589
96444	6681	0.036960963
96444	6235	0.036960907
96444	1992	0.03691502
96444	5931	0.036870092
96444	4445	0.036806248
96444	1995	0.036789395
96444	3272	0.03674446
96444	2164	0.03673849
96444	6853	0.03673292
96448	5674	0.050758615
96448	1804	0.050702512
96448	1158	0.05062847
96448	4160	0.050587825
96448	6350	0.050548017
96448	915	0.050467618
96448	858	0.05037103
96448	1638	0.050330725
96448	2493	0.050306376
96448	2215	0.050257117
96474	5352	0.042660784
96474	526	0.042557664
96474	910	0.042495444
96474	1961	0.042456757
96474	1586	0.042224344
96474	4560	0.04186616
96474	794	0.041845806
96474	2950	0.041699376
96474	5288	0.041539997
96474	202	0.041407213
96493	6372	0.04408951
96493	4482	0.04408948
96493	5655	0.043810826
96493	4995	0.043676265
96493	0	0.043616343
96493	3826	0.04336665
96493	2648	0.04332456
96493	5257	0.04325001
96493	6894	0.043203525
96493	5861	0.043098666
96521	5674	0.037660297
96521	3447	0.03750802
96521	6350	0.037501194
96521	3997	0.03747147
96521	2651	0.037464645
96521	4160	0.03737819
96521	1158	0.037343252
96521	858	0.03731611
96521	4084	0.03731394
96521	5739	0.03719385
96554	1897	0.046373308
96554	934	0.046373263
96554	1430	0.046355188
96554	5568	0.045831244
96554	1066	0.045568727
96554	5596	0.045533013
96554	912	0.045499917
96554	3495	0.045246284
96554	388	0.04521642
96554	3517	0.045185186
96679	4257	0.048649423
96679	2735	0.048328027
96679	3714	0.048294023
96679	2369	0.04825244
96679	1550	0.04825033
96679	590	0.048177414
96679	4235	0.048117805
96679	2391	0.047915705
96679	61	0.047907628
96679	460	0.047807947
96744	487	0.07877048
96744	2541	0.07868206
96744	474	0.07851514
96744	1264	0.078236625
96744	175	0.078191414
96744	3280	0.077614844
96744	831	0.07741021
96744	1708	0.07700681
96744	2233	0.07651214
96744	3770	0.076235354
96771	2710	0.04605062
96771	2692	0.045979764
96771	1964	0.045887098
96771	1527	0.045851912
96771	777	0.045733504
96771	176	0.045733467
96771	620	0.045726314
96771	800	0.045725454
96771	4549	0.045668125
96771	1264	0.045646247
96869	865	0.048799656
96869	923	0.048799634
96869	874	0.048785478
96869	5306	0.048765846
96869	3606	0.04863009
96869	276	0.048630074
96869	2014	0.048508916
96869	5740	0.04850891
96869	2540	0.048381336
96869	3946	0.048376314
96880	739	0.052069996
96880	1602	0.05174021
96880	5815	0.051392637
96880	20	0.05139262
96880	2867	0.05139262
96880	487	0.050764974
96880	1711	0.05066804
96880	3133	0.05056642
96880	1708	0.05016964
96880	102	0.05009041
96900	2909	0.034128863
96900	825	0.034122434
96900	2297	0.03405828
96900	3829	0.03405826
96900	5941	0.034058258
96900	1478	0.03405825
96900	5311	0.03405825
96900	6357	0.03394865
96900	823	0.033948608
96900	3825	0.0339486
96936	3617	0.04617651
96936	2483	0.046176482
96936	2722	0.04617647
96936	2818	0.046176463
96936	4311	0.04604709
96936	5333	0.046047065
96936	3202	0.04604706
96936	4934	0.046047058
96936	6659	0.046027213
96936	4516	0.045986775
96954	589	0.05928109
96954	4245	0.059131607
96954	432	0.059093453
96954	3207	0.058738373
96954	507	0.058733985
96954	692	0.058616087
96954	2543	0.058550432
96954	5205	0.058181748
96954	160	0.05771561
96954	4442	0.057508465
96970	2391	0.05048195
96970	664	0.050428804
96970	37	0.050197594
96970	5114	0.050161473
96970	954	0.050062314
96970	2225	0.05001449
96970	938	0.049959864
96970	1033	0.049959853
96970	2625	0.04995027
96970	4403	0.049923524
96989	977	0.0564086
96989	6444	0.056408565
96989	2684	0.056206565
96989	1289	0.056135423
96989	446	0.056129813
96989	308	0.056099296
96989	6390	0.05609924
96989	3631	0.05606609
96989	1491	0.056022547
96989	1515	0.056022543
97160	1608	0.037972666
97160	163	0.03797263
97160	1536	0.03793578
97160	1721	0.037655342
97160	6254	0.037655324
97160	5047	0.03763122
97160	6683	0.037592188
97160	6030	0.037528574
97160	1069	0.037518207
97160	1685	0.037498336
97179	1992	0.048555184
97179	2164	0.048479054
97179	5931	0.048370786
97179	694	0.048294634
97179	2259	0.04829461
97179	3276	0.04782082
97179	6853	0.04781309
97179	2619	0.047813058
97179	1995	0.0477513
97179	3277	0.04763726
97208	5304	0.044590183
97208	1808	0.04446961
97208	1870	0.044465736
97208	1432	0.044448983
97208	2550	0.04444406
97208	5079	0.04444406
97208	268	0.044306014
97208	34	0.044298604
97208	5945	0.04429363
97208	187	0.044089638
97290	5043	0.05006605
97290	2050	0.050022386
97290	4288	0.049959883
97290	6591	0.04986096
97290	2886	0.04977297
97290	2268	0.049683686
97290	6133	0.049441088
97290	1632	0.049441013
97290	6061	0.049386553
97290	2253	0.049286656
97324	5870	0.05147801
97324	2477	0.051246352
97324	6322	0.051132433
97324	682	0.051044784
97324	4379	0.050994113
97324	6396	0.05096176
97324	3499	0.05091232
97324	4697	0.050912306
97324	2766	0.05089268
97324	5447	0.050892636
97423	4175	0.052249603
97423	6554	0.052249596
97423	2077	0.052248154
97423	442	0.05224814
97423	3180	0.05201653
97423	2578	0.052016504
97423	2026	0.052015007
97423	5696	0.051959902
97423	1662	0.051959895
97423	6417	0.051959824
97515	1417	0.061866265
97515	201	0.061866216
97515	1556	0.06186621
97515	1029	0.0618662
97515	3716	0.06186616
97515	6899	0.061630733
97515	5961	0.061338622
97515	4182	0.06133857
97515	4037	0.061338536
97515	3127	0.061308526
97587	3549	0.049884122
97587	687	0.049719065
97587	4309	0.049701497
97587	5610	0.04970146
97587	5885	0.049669035
97587	5553	0.049613312
97587	1442	0.049536385
97587	150	0.049504004
97587	3218	0.049503997
97587	1067	0.049503993
97694	1490	0.050873734
97694	1867	0.050694413
97694	614	0.05059228
97694	1680	0.050573822
97694	1055	0.050396387
97694	1764	0.050314076
97694	1185	0.050242335
97694	4458	0.050194822
97694	1592	0.050135285
97694	247	0.05004354
97721	4245	0.053014323
97721	5205	0.05293563
97721	4788	0.052390825
97721	4496	0.05187215
97721	4442	0.05179085
97721	2744	0.051589813
97721	4607	0.051534362
97721	507	0.051500015
97721	1221	0.051485732
97721	1789	0.05141194
97754	906	0.07683446
97754	1433	0.07655345
97754	5114	0.076318294
97754	1627	0.075850844
97754	925	0.075747594
97754	954	0.07568852
97754	1884	0.075600095
97754	929	0.075338855
97754	6093	0.0753388
97754	4005	0.07530616
97848	6783	0.044987984
97848	865	0.04467731
97848	923	0.04467728
97848	5751	0.04460275
97848	876	0.04455352
97848	6398	0.044553496
97848	5306	0.044539653
97848	874	0.04450845
97848	6089	0.044447847
97848	1280	0.04431968
97972	6025	0.045994498
97972	6799	0.04599449
97972	1979	0.04597356
97972	2851	0.04577119
97972	5812	0.04556088
97972	3109	0.045553077
97972	6339	0.045464195
97972	1077	0.04546417
97972	591	0.045450453
97972	4616	0.045429483
98026	2352	0.045987636
98026	5602	0.045603406
98026	6566	0.04546937
98026	194	0.045131974
98026	6637	0.045121953
98026	4108	0.045040973
98026	737	0.045027256
98026	3337	0.045010403
98026	3258	0.044890445
98026	6646	0.04489042
98159	5626	0.035237767
98159	2292	0.035190947
98159	5265	0.0351522
98159	4701	0.03513684
98159	6651	0.035136815
98159	1379	0.03510252
98159	2603	0.035057425
98159	6039	0.034997925
98159	5720	0.034997575
98159	5784	0.034997553
98263	1680	0.056638353
98263	664	0.056401856
98263	1490	0.056088246
98263	592	0.05600893
98263	1616	0.05591629
98263	1942	0.055841
98263	460	0.055806503
98263	2369	0.05569407
98263	1055	0.05561882
98263	550	0.05555068
98297	4648	0.038246512
98297	5850	0.038227893
98297	5615	0.038114175
98297	6841	0.037984617
98297	3067	0.037928764
98297	3980	0.037926443
98297	3493	0.037911355
98297	4779	0.037908208
98297	1108	0.03790819
98297	1130	0.03790816
98320	1268	0.03631649
98320	3177	0.03608592
98320	1743	0.03608587
98320	1527	0.035930365
98320	2545	0.035923917
98320	4165	0.035909608
98320	777	0.035792753
98320	176	0.035792716
98320	5340	0.03578686
98320	800	0.03576974
98322	1422	0.038804702
98322	5682	0.038672626
98322	3175	0.03846213
98322	2542	0.038391557
98322	3766	0.038391523
98322	3626	0.038385473
98322	6834	0.038314845
98322	5260	0.038183674
98322	381	0.038121223
98322	3176	0.038099125
98344	4437	0.06017353
98344	5136	0.0598827
98344	95	0.059814364
98344	5618	0.059770614
98344	4284	0.05965384
98344	4096	0.059131484
98344	2271	0.059131466
98344	2428	0.05913146
98344	3231	0.059131455
98344	1226	0.059131444
98356	3397	0.050194032
98356	988	0.049532335
98356	2232	0.04948242
98356	5390	0.049461186
98356	2966	0.049360827
98356	472	0.04920017
98356	373	0.049152903
98356	2836	0.04899115
98356	2233	0.04890455
98356	2859	0.04878757
98422	4223	0.047893126
98422	1146	0.047893114
98422	3678	0.047839854
98422	1396	0.047839828
98422	965	0.04783982
98422	1747	0.047839813
98422	3810	0.047808938
98422	5269	0.047808927
98422	1142	0.047808923
98422	6878	0.047803838
98440	5218	0.060030714
98440	5496	0.06003066
98440	1258	0.059858643
98440	3928	0.059858624
98440	1962	0.0598586
98440	3803	0.05985859
98440	42	0.059858583
98440	5906	0.059638083
98440	3209	0.059500724
98440	72	0.059500698
98484	3517	0.06497876
98484	2915	0.06497873
98484	5222	0.06497872
98484	3457	0.064978674
98484	4483	0.06489803
98484	3421	0.064898
98484	4924	0.064897954
98484	5927	0.064897954
98484	6839	0.064897925
98484	278	0.06486153
98525	5400	0.06340734
98525	1144	0.06336538
98525	6818	0.06319034
98525	6671	0.06310361
98525	4047	0.0631036
98525	6363	0.062924296
98525	1371	0.06289853
98525	6425	0.06286428
98525	3540	0.062796995
98525	4123	0.062796704
98547	3154	0.05280558
98547	3216	0.052805528
98547	4612	0.052805483
98547	1914	0.052692212
98547	766	0.05257151
98547	5189	0.052555904
98547	30	0.05251831
98547	3363	0.052470863
98547	4164	0.052454557
98547	3160	0.05245435
98574	4679	0.036991842
98574	3436	0.036972396
98574	793	0.03695098
98574	5598	0.036950976
98574	3567	0.03685066
98574	2418	0.036824398
98574	3566	0.036824383
98574	4255	0.036809802
98574	295	0.036790222
98574	4781	0.036779836
98575	2147	0.04229454
98575	5679	0.042251896
98575	2848	0.042204276
98575	2079	0.042191297
98575	3259	0.042191297
98575	4111	0.04217148
98575	5800	0.042171445
98575	5044	0.042075295
98575	4920	0.042055503
98575	4571	0.04200334
98628	3645	0.050022177
98628	3745	0.04955738
98628	3905	0.049549043
98628	296	0.04954899
98628	55	0.049355164
98628	5015	0.049336746
98628	1837	0.049299456
98628	4004	0.049008854
98628	1440	0.048971485
98628	1309	0.048951373
98647	5946	0.034508817
98647	399	0.03450881
98647	4371	0.034508802
98647	223	0.0345088
98647	5385	0.0345088
98647	2122	0.03450879
98647	3734	0.034508772
98647	5011	0.03447378
98647	1614	0.034435168
98647	1734	0.034427144
98686	4096	0.03553248
98686	1226	0.03553247
98686	2428	0.03553247
98686	3231	0.035532467
98686	2271	0.035532463
98686	5083	0.035532463
98686	2460	0.03553246
98686	1333	0.035532452
98686	2993	0.035532445
98686	71	0.035532434
98722	3264	0.05819479
98722	1625	0.058194786
98722	2700	0.058164984
98722	3951	0.058164947
98722	327	0.05816494
98722	2027	0.05800917
98722	578	0.058009163
98722	5039	0.057970993
98722	1739	0.057970963
98722	3858	0.057964973
98723	5586	0.06382646
98723	393	0.0638117
98723	5254	0.063472025
98723	3222	0.06317715
98723	141	0.06297018
98723	2077	0.06281356
98723	442	0.06281355
98723	144	0.06277362
98723	1309	0.062504396
98723	451	0.06242028
98741	387	0.061200537
98741	3683	0.06047423
98741	1163	0.060437743
98741	1703	0.060201958
98741	5660	0.06012882
98741	6070	0.060128048
98741	2749	0.060100254
98741	2101	0.059835043
98741	461	0.05952454
98741	6108	0.05926894
98758	4288	0.052992404
98758	2050	0.052235365
98758	2268	0.051788434
98758	5083	0.05176339
98758	2428	0.051763386
98758	3231	0.05176338
98758	4096	0.051763378
98758	2460	0.05176336
98758	2993	0.051763356
98758	1226	0.051763345
98783	1031	0.05179337
98783	4007	0.05165882
98783	621	0.051457644
98783	3135	0.05142822
98783	5054	0.05129993
98783	2546	0.051163845
98783	1240	0.051088534
98783	4336	0.051046748
98783	2714	0.05087885
98783	73	0.05086832
98787	1796	0.070479125
98787	6169	0.070166506
98787	3799	0.069992974
98787	6382	0.06987603
98787	4305	0.06948194
98787	6385	0.0690723
98787	4029	0.06907226
98787	6782	0.06860298
98787	4949	0.06836295
98787	1320	0.068114564
98861	3618	0.032085493
98861	2100	0.032037474
98861	4095	0.03196039
98861	2490	0.031915978
98861	5847	0.03188591
98861	4399	0.0318859
98861	2043	0.031872623
98861	5070	0.03187262
98861	6829	0.031867966
98861	5892	0.0318246
98887	1243	0.040537335
98887	5674	0.040179566
98887	1158	0.04002575
98887	2073	0.039979633
98887	5132	0.039962187
98887	3997	0.039793145
98887	3447	0.03978286
98887	1290	0.0397653
98887	4160	0.03972534
98887	2651	0.03969562
98904	1961	0.047669634
98904	4332	0.047396235
98904	1527	0.0473812
98904	169	0.04730413
98904	2725	0.047244072
98904	1268	0.047066916
98904	1594	0.0470203
98904	1068	0.04679772
98904	2950	0.046782993
98904	526	0.046521474
98923	504	0.05467706
98923	589	0.054362267
98923	507	0.05377111
98923	4245	0.053527273
98923	5205	0.05334019
98923	1640	0.053111892
98923	2398	0.05311189
98923	4442	0.052545853
98923	432	0.052520037
98923	1630	0.052176096
98930	5389	0.055302374
98930	1273	0.05496855
98930	2577	0.054674935
98930	6262	0.054670922
98930	5695	0.05467091
98930	4693	0.054670833
98930	3256	0.05462913
98930	2406	0.054576036
98930	1945	0.054527454
98930	3508	0.054520745
98943	3901	0.039484344
98943	5959	0.03938672
98943	3391	0.03932763
98943	6372	0.039296977
98943	4482	0.039296947
98943	1476	0.039237797
98943	2474	0.039200097
98943	869	0.03917733
98943	3096	0.03917727
98943	5655	0.039169446
98958	978	0.057275
98958	2912	0.05689012
98958	2918	0.05668026
98958	930	0.056417268
98958	3142	0.05641721
98958	465	0.056417197
98958	98	0.0563013
98958	3769	0.056224044
98958	410	0.056129754
98958	4401	0.056055836
98988	5702	0.053160243
98988	1942	0.053008407
98988	550	0.052915484
98988	1616	0.05266811
98988	3433	0.052612863
98988	1680	0.052578323
98988	2413	0.052289836
98988	664	0.051827803
98988	575	0.05170122
98988	1196	0.051599454
99026	6803	0.051442504
99026	2868	0.05144242
99026	2826	0.05121526
99026	3196	0.050975394
99026	5686	0.05094739
99026	1413	0.05094465
99026	2859	0.05078809
99026	1263	0.05077945
99026	1642	0.050741
99026	5565	0.05044765
99032	6674	0.061824013
99032	4269	0.061199747
99032	3064	0.06015309
99032	2317	0.05978099
99032	708	0.059555307
99032	434	0.059555262
99032	991	0.05949158
99032	341	0.05918318
99032	338	0.059183158
99032	1260	0.059183158
99068	1505	0.045422725
99068	247	0.04531106
99068	2919	0.045303885
99068	958	0.04519193
99068	2620	0.0450857
99068	4401	0.044958413
99068	3705	0.04491434
99068	2669	0.044852346
99068	6568	0.04481382
99068	3949	0.044787005
99102	5393	0.042040188
99102	4231	0.042040177
99102	3425	0.041891005
99102	1755	0.041840732
99102	5301	0.041840717
99102	905	0.041796822
99102	3724	0.04169153
99102	5691	0.04156201
99102	3439	0.04134088
99102	2200	0.041315384
99146	1371	0.073942274
99146	3713	0.0738551
99146	3679	0.07377566
99146	3666	0.073614135
99146	3719	0.073614135
99146	5440	0.07361412
99146	3540	0.07358238
99146	4123	0.07349831
99146	6671	0.07327336
99146	4047	0.073273346
99193	2732	0.043524608
99193	4178	0.04334665
99193	2080	0.043346606
99193	147	0.043251812
99193	4513	0.043251768
99193	6590	0.043197952
99193	5951	0.043065414
99193	5332	0.042988107
99193	63	0.042988062
99193	5280	0.042855594
99204	4034	0.051104706
99204	1593	0.051104687
99204	4703	0.05110468
99204	3361	0.05102975
99204	2173	0.051029727
99204	5410	0.051029727
99204	3331	0.05102972
99204	4666	0.05088879
99204	3735	0.050888732
99204	4676	0.050888732
99222	1329	0.034931645
99222	3217	0.034888774
99222	5488	0.0348127
99222	82	0.034791682
99222	440	0.03478996
99222	6896	0.034588106
99222	5134	0.034519583
99222	3144	0.03442711
99222	1401	0.03442709
99222	3961	0.034329165
99252	727	0.04485213
99252	1779	0.044748202
99252	1854	0.044351917
99252	67	0.04431513
99252	3207	0.044158597
99252	329	0.044086248
99252	619	0.044086237
99252	1851	0.04399195
99252	432	0.043822646
99252	2543	0.043811455
99312	1217	0.04484558
99312	1844	0.04472323
99312	3199	0.044198982
99312	1257	0.04409886
99312	2866	0.044094082
99312	5639	0.043987434
99312	2040	0.043937303
99312	5573	0.043937188
99312	5129	0.04388507
99312	5202	0.04385109
99313	2407	0.060560547
99313	1027	0.06056054
99313	1777	0.060560532
99313	1655	0.0605605
99313	2194	0.060560487
99313	1559	0.060560454
99313	2252	0.060402997
99313	1681	0.060402986
99313	1234	0.060402956
99313	1028	0.060402952
99314	3655	0.0480629
99314	1152	0.04806288
99314	5831	0.048062876
99314	5566	0.047891386
99314	6524	0.04752545
99314	3574	0.04752542
99314	3800	0.047525413
99314	5593	0.04739848
99314	109	0.04734648
99314	1893	0.04734643
99322	5011	0.05502127
99322	5946	0.0550033
99322	223	0.05500327
99322	399	0.055003263
99322	5385	0.055003263
99322	2122	0.05500325
99322	4371	0.05500324
99322	3734	0.055003233
99322	1734	0.05490704
99322	6236	0.05487499
99347	4432	0.05437853
99347	3213	0.05437848
99347	4882	0.05437845
99347	6865	0.054312997
99347	2063	0.053612456
99347	2950	0.05348467
99347	4332	0.053463683
99347	1594	0.05333132
99347	6548	0.05310369
99347	1586	0.052974276
99441	4961	0.041548654
99441	5880	0.041322656
99441	3715	0.041312758
99441	60	0.041213788
99441	6537	0.041213777
99441	3677	0.041186806
99441	4461	0.041159347
99441	1171	0.041122288
99441	3448	0.041074112
99441	786	0.04102353
99523	2625	0.06551944
99523	664	0.06548618
99523	35	0.065378934
99523	3114	0.065378845
99523	1027	0.065294154
99523	2407	0.06529415
99523	1777	0.06529413
99523	2194	0.0652941
99523	1655	0.06529409
99523	1559	0.06529403
99616	5639	0.028281458
99616	488	0.028252117
99616	2232	0.028115423
99616	3199	0.0278079
99616	3464	0.027798682
99616	4569	0.027721047
99616	1612	0.0277163
99616	2866	0.027696388
99616	2859	0.027674694
99616	1287	0.027636323
99630	645	0.05846329
99630	3909	0.058463253
99630	2963	0.05779113
99630	2467	0.05768351
99630	2324	0.05763989
99630	577	0.05757705
99630	4696	0.05757702
99630	1773	0.05743321
99630	5184	0.057352673
99630	1592	0.057303295
99720	501	0.07537363
99720	1411	0.07512362
99720	1713	0.074820995
99720	1510	0.07478757
99720	4180	0.07478752
99720	1750	0.074561246
99720	2362	0.07410709
99720	3855	0.07405834
99720	2176	0.0738024
99720	4538	0.07380234
99955	4734	0.06264836
99955	1330	0.06264833
99955	6028	0.062460735
99955	911	0.06246072
99955	484	0.06246071
99955	3444	0.062460657
99955	1934	0.062415034
99955	3922	0.062227037
99955	2133	0.062181357
99955	1084	0.062122248
99996	930	0.04283534
99996	465	0.042835295
99996	3142	0.042835295
99996	2918	0.042644918
99996	978	0.04246019
99996	4026	0.0423572
99996	4401	0.042238206
99996	2951	0.042066045
99996	2912	0.042026743
99996	2369	0.041931726
99997	1433	0.03485755
99997	2951	0.03464193
99997	978	0.034600772
99997	930	0.034552746
99997	465	0.0345527
99997	3142	0.0345527
99997	227	0.03455138
99997	2918	0.034547795
99997	1627	0.034544744
99997	301	0.034535035
100004	2317	0.07468753
100004	183	0.074052274
100004	537	0.07395618
100004	708	0.07369373
100004	341	0.07347733
100004	1260	0.07347727
100004	5601	0.07347722
100004	339	0.073320836
100004	3581	0.07319075
100004	5879	0.073077574
100009	1709	0.06638981
100009	971	0.066149846
100009	2725	0.06610227
100009	715	0.065088004
100009	6674	0.064911194
100009	4269	0.06489592
100009	158	0.064626604
100009	504	0.06458191
100009	1640	0.06426006
100009	2398	0.06426004
100053	4951	0.04735881
100053	3243	0.047152933
100053	3494	0.047111556
100053	1898	0.04711151
100053	2386	0.047070764
100053	2169	0.046961606
100053	3055	0.04691735
100053	3112	0.046917323
100053	4058	0.04680121
100053	2359	0.046801172
100066	1932	0.06029495
100066	3679	0.060238406
100066	5566	0.060194645
100066	4170	0.060187
100066	3066	0.060171477
100066	3719	0.060086705
100066	3666	0.06008669
100066	5440	0.06008669
100066	5593	0.06004995
100066	3127	0.05999346
100088	4560	0.04352416
100088	5288	0.04336521
100088	456	0.043309435
100088	620	0.04304104
100088	3775	0.042985283
100088	6430	0.042917043
100088	3385	0.042769738
100088	973	0.042651806
100088	1708	0.042641822
100088	2217	0.042634346
100115	448	0.053198673
100115	70	0.053057294
100115	5404	0.05305727
100115	6111	0.053039562
100115	581	0.052950352
100115	50	0.052915074
100115	41	0.0528818
100115	1817	0.052738294
100115	133	0.05273824
100115	1436	0.052563734
100223	291	0.05737782
100223	328	0.05737777
100223	4038	0.057340793
100223	5122	0.05727929
100223	2987	0.05717089
100223	1849	0.057146877
100223	532	0.057122044
100223	6280	0.057090573
100223	3063	0.057090506
100223	1006	0.05701882
100227	526	0.06901482
100227	1961	0.06884308
100227	4560	0.068710715
100227	5288	0.06772089
100227	365	0.06752322
100227	1527	0.06751738
100227	456	0.067211464
100227	1268	0.06681697
100227	4307	0.0668155
100227	794	0.06675503
100264	5951	0.052519538
100264	6590	0.052219734
100264	155	0.052095737
100264	4178	0.051925663
100264	2080	0.051925603
100264	1758	0.05182714
100264	2022	0.051599827
100264	2066	0.051472582
100264	6049	0.051413074
100264	994	0.05140923
100361	1283	0.064746946
100361	989	0.06392187
100361	3089	0.06355697
100361	1435	0.06293523
100361	1598	0.062865555
100361	6308	0.06265597
100361	559	0.06265596
100361	4706	0.061806165
100361	5976	0.061669976
100361	4424	0.06163739
100393	440	0.042748705
100393	1329	0.04253885
100393	67	0.042228978
100393	170	0.042091064
100393	1251	0.041948892
100393	329	0.041793082
100393	619	0.04179308
100393	1594	0.041704915
100393	59	0.041628458
100393	94	0.04161298
100454	2285	0.041731223
100454	4354	0.041725636
100454	3868	0.04159523
100454	871	0.041587003
100454	4387	0.041536212
100454	3872	0.0415316
100454	1278	0.04146342
100454	5521	0.041462235
100454	924	0.041401207
100454	2097	0.04136129
100459	1444	0.06469526
100459	2961	0.064695224
100459	3056	0.064333044
100459	2883	0.06395345
100459	1626	0.063605174
100459	451	0.063538775
100459	727	0.0635134
100459	1779	0.06345031
100459	3443	0.063422374
100459	3616	0.06340468
100460	996	0.053807087
100460	391	0.053520657
100460	2704	0.053492118
100460	2542	0.05334548
100460	3766	0.05334543
100460	1044	0.053181466
100460	258	0.05311881
100460	4108	0.053080823
100460	3337	0.05306184
100460	3175	0.05301937
100471	879	0.05601967
100471	5140	0.05592177
100471	692	0.05513212
100471	1764	0.055090692
100471	3616	0.055087138
100471	1631	0.054984495
100471	4458	0.05460809
100471	657	0.054559328
100471	727	0.054432243
100471	999	0.054335654
100578	5730	0.044861138
100578	5673	0.044833906
100578	3346	0.044495814
100578	1369	0.044462524
100578	643	0.044462495
100578	6121	0.04434654
100578	1156	0.044272944
100578	600	0.04404964
100578	3587	0.044045977
100578	4279	0.044045947
100594	4769	0.061659634
100594	2386	0.061574653
100594	3983	0.061557878
100594	533	0.06145651
100594	4271	0.061405487
100594	4381	0.06135539
100594	913	0.06132205
100594	4207	0.06132063
100594	3256	0.061259054
100594	6133	0.06110131
100610	1905	0.035638556
100610	6205	0.035638556
100610	5597	0.035638552
100610	4241	0.035638534
100610	6319	0.035638534
100610	2350	0.035608675
100610	3750	0.035608657
100610	5291	0.035608634
100610	1441	0.035578597
100610	4155	0.035578586
100644	2178	0.055161458
100644	51	0.055123717
100644	1783	0.054322004
100644	2494	0.054217473
100644	350	0.05412485
100644	2513	0.054019995
100644	5401	0.053991366
100644	3899	0.053759415
100644	3799	0.053663116
100644	338	0.0532611
100648	977	0.044583295
100648	6444	0.04458326
100648	1205	0.044481188
100648	210	0.044481155
100648	2555	0.044457544
100648	213	0.0444575
100648	2120	0.04436043
100648	2465	0.04433831
100648	3107	0.044331957
100648	1746	0.044265963
100694	2014	0.054445006
100694	5740	0.054445
100694	5906	0.05438657
100694	1220	0.054287888
100694	5218	0.054218806
100694	5496	0.05421876
100694	1778	0.05403252
100694	2165	0.054016978
100694	5306	0.0539627
100694	3946	0.053939264
100782	6070	0.044646446
100782	818	0.044490505
100782	6694	0.04404138
100782	2101	0.044038467
100782	2286	0.04397709
100782	6145	0.04393401
100782	3605	0.043918304
100782	4460	0.043902617
100782	463	0.04389344
100782	387	0.043887544
100815	645	0.068057284
100815	3909	0.06805724
100815	406	0.06696368
100815	692	0.0668803
100815	1592	0.0667692
100815	243	0.06671463
100815	1764	0.066332355
100815	999	0.066200525
100815	1193	0.066196546
100815	5140	0.0661948
100846	202	0.06459223
100846	5352	0.06400274
100846	910	0.063905485
100846	1586	0.06323247
100846	540	0.06303848
100846	3681	0.063011415
100846	1572	0.06297361
100846	67	0.06296463
100846	170	0.062710375
100846	4030	0.06236961
100903	1820	0.05291464
100903	6720	0.052913144
100903	1763	0.05291307
100903	3463	0.052901685
100903	6620	0.05278799
100903	3398	0.05278795
100903	4035	0.052766573
100903	4012	0.052727513
100903	4302	0.052677006
100903	4844	0.052677006
100984	625	0.044133693
100984	1750	0.044072278
100984	2809	0.044058777
100984	3669	0.044058755
100984	1603	0.04396136
100984	1411	0.043870132
100984	1574	0.043836556
100984	1713	0.043739174
100984	4055	0.043708924
100984	1071	0.04365067
101035	2792	0.04439005
101035	4233	0.044390045
101035	3307	0.04407418
101035	3613	0.044016026
101035	2354	0.0439712
101035	2466	0.043971103
101035	1765	0.043955408
101035	1390	0.0439554
101035	746	0.043922707
101035	5316	0.043899696
101041	1861	0.038379855
101041	6637	0.038340524
101041	6648	0.038247764
101041	5008	0.03823654
101041	3548	0.03821097
101041	982	0.038050205
101041	5843	0.038030393
101041	5602	0.03793346
101041	3767	0.037895963
101041	5733	0.0378853
101081	6161	0.060437523
101081	1034	0.060437486
101081	3959	0.060437486
101081	3041	0.060437456
101081	3040	0.06043745
101081	555	0.060437433
101081	1394	0.06043743
101081	1787	0.060437422
101081	6301	0.0604278
101081	3021	0.060427792
101091	1884	0.043809187
101091	4401	0.043767914
101091	2951	0.04372152
101091	460	0.043672115
101091	5114	0.043627523
101091	925	0.0436123
101091	930	0.043465186
101091	3142	0.043465137
101091	465	0.04346513
101091	1433	0.043411523
101141	5837	0.03225782
101141	6914	0.032212727
101141	3252	0.03220945
101141	2730	0.03217432
101141	3325	0.03216627
101141	2962	0.032149073
101141	4323	0.03212391
101141	3418	0.032123856
101141	3549	0.032119617
101141	5600	0.032101676
101196	664	0.06434417
101196	550	0.06422757
101196	1680	0.063744135
101196	2625	0.063678205
101196	1616	0.06349222
101196	1942	0.06342004
101196	5702	0.06287624
101196	6291	0.06256163
101196	718	0.062370867
101196	2391	0.062354147
101214	6196	0.043724276
101214	5175	0.04372372
101214	6680	0.04361306
101214	5728	0.043613017
101214	3561	0.0433885
101214	6397	0.043362044
101214	4627	0.04324895
101214	3179	0.043236792
101214	5081	0.043236762
101214	371	0.043236755
101304	135	0.046383135
101304	5811	0.04613383
101304	2913	0.046099912
101304	1829	0.046017475
101304	1831	0.046017464
101304	5302	0.04592786
101304	3335	0.045760147
101304	5715	0.04575757
101304	4153	0.0457417
101304	3478	0.045721766
101305	3128	0.06337948
101305	4661	0.06316663
101305	6560	0.06288616
101305	2220	0.06279113
101305	436	0.062791094
101305	2402	0.062791064
101305	741	0.06274988
101305	1367	0.06274985
101305	6561	0.06272372
101305	5397	0.06272369
101336	5828	0.04364673
101336	650	0.043523274
101336	1674	0.04352326
101336	3373	0.04348569
101336	1973	0.043485656
101336	789	0.04348565
101336	4878	0.043485634
101336	3127	0.04346838
101336	1515	0.043362174
101336	1491	0.043362163
101422	2575	0.054009978
101422	6130	0.05372735
101422	1294	0.05369406
101422	1426	0.053647794
101422	4583	0.053647764
101422	6574	0.053507753
101422	5108	0.05346664
101422	6213	0.05338958
101422	1514	0.053307272
101422	3423	0.05324591
101513	4621	0.049121752
101513	5719	0.049120106
101513	5551	0.04912008
101513	1059	0.04912005
101513	348	0.04901843
101513	2839	0.04897613
101513	6173	0.048976123
101513	2665	0.048976094
101513	6380	0.04897609
101513	6002	0.048866805
101517	857	0.04258298
101517	1349	0.042582966
101517	4557	0.042582966
101517	992	0.042582948
101517	4070	0.04242707
101517	5931	0.042338274
101517	5282	0.042304605
101517	2593	0.042304598
101517	6523	0.042304575
101517	568	0.042111404
101550	5751	0.0616658
101550	5306	0.061580885
101550	3946	0.061551876
101550	834	0.061551843
101550	1377	0.06137294
101550	4185	0.061364487
101550	2014	0.061338585
101550	5740	0.061338544
101550	6783	0.06116016
101550	2540	0.061158497
101606	2513	0.0524076
101606	2178	0.051645122
101606	2290	0.051426344
101606	2374	0.0512867
101606	2964	0.050534416
101606	1248	0.050509118
101606	350	0.05042959
101606	5867	0.050367955
101606	3315	0.050131716
101606	3899	0.050042797
101620	2732	0.05381401
101620	4178	0.053608827
101620	2080	0.053608764
101620	6250	0.05328092
101620	6590	0.053271525
101620	3359	0.05302024
101620	147	0.052958876
101620	4513	0.05295883
101620	801	0.052721478
101620	1838	0.052721478
101696	3946	0.040720847
101696	834	0.040720843
101696	1377	0.04052441
101696	5155	0.040475026
101696	1117	0.04047502
101696	2497	0.04047499
101696	1258	0.040407527
101696	3928	0.040407516
101696	42	0.0404075
101696	1962	0.040407494
101731	824	0.058917966
101731	628	0.058911193
101731	2015	0.058842935
101731	1428	0.058794033
101731	2366	0.05874568
101731	637	0.058738925
101731	397	0.05855877
101731	5559	0.05847398
101731	600	0.05838422
101731	4227	0.058182128
101874	5966	0.053655483
101874	4830	0.05308065
101874	3737	0.053024963
101874	1557	0.05300574
101874	3489	0.053002223
101874	5019	0.052941352
101874	229	0.052938394
101874	4907	0.052937016
101874	1744	0.052937
101874	5944	0.05279555
101876	526	0.058414564
101876	4560	0.0580303
101876	1961	0.0579926
101876	5288	0.057350148
101876	456	0.056891777
101876	4307	0.05653654
101876	365	0.05647327
101876	2267	0.05638812
101876	2950	0.0560906
101876	1527	0.055959158
101887	5847	0.034902353
101887	4399	0.03490234
101887	3641	0.034836333
101887	1344	0.03482388
101887	2100	0.03474909
101887	4095	0.034683045
101887	3772	0.03463041
101887	3356	0.034620166
101887	3051	0.034611408
101887	3874	0.0345745
102019	3133	0.056308873
102019	3280	0.054511156
102019	474	0.054340668
102019	739	0.053664893
102019	175	0.05362498
102019	805	0.053393736
102019	1602	0.053150553
102019	5815	0.052837573
102019	2867	0.05283755
102019	3770	0.052706458
102032	1800	0.0538591
102032	2456	0.053628795
102032	1902	0.053432282
102032	3794	0.05341398
102032	1550	0.05286377
102032	1430	0.052778006
102032	3943	0.052662544
102032	586	0.052579388
102032	4235	0.05256226
102032	1066	0.052499197
102117	3359	0.05001237
102117	6	0.049991816
102117	267	0.049821593
102117	5340	0.049780205
102117	1328	0.04972915
102117	2545	0.04969541
102117	2063	0.049515534
102117	5675	0.049462568
102117	3177	0.04941444
102117	1743	0.049414378
102129	3194	0.049607493
102129	541	0.049209937
102129	1458	0.049209923
102129	6544	0.04920992
102129	168	0.049209908
102129	5423	0.049136445
102129	3885	0.04906049
102129	5696	0.049053397
102129	1662	0.049053386
102129	6417	0.04905331
102130	4766	0.027642934
102130	4008	0.02761427
102130	4298	0.027612763
102130	3721	0.027595107
102130	4486	0.027449805
102130	5111	0.02737768
102130	2989	0.027369227
102130	1452	0.027363576
102130	1359	0.027362064
102130	281	0.027312588
102154	6486	0.039523803
102154	1948	0.039317705
102154	927	0.03922359
102154	600	0.03920247
102154	4842	0.03916212
102154	5730	0.038989726
102154	2892	0.03896927
102154	5700	0.038903806
102154	2796	0.03879729
102154	2917	0.038779035
102189	1750	0.053105224
102189	1698	0.053014934
102189	2119	0.05291348
102189	1574	0.052862518
102189	1713	0.052749507
102189	286	0.05273422
102189	710	0.052532032
102189	625	0.052469596
102189	1411	0.05240032
102189	2532	0.052368175
102220	6918	0.056179043
102220	1094	0.055997957
102220	1045	0.05599792
102220	1725	0.055997904
102220	2820	0.05588136
102220	5676	0.055795934
102220	6250	0.05570142
102220	5675	0.05558501
102220	541	0.055567246
102220	1458	0.055567227
102275	5146	0.058615103
102275	755	0.058597527
102275	3905	0.05847238
102275	296	0.05847231
102275	3031	0.058324065
102275	1837	0.058313645
102275	5670	0.058193833
102275	1423	0.058182154
102275	4167	0.058179826
102275	3748	0.058179803
102284	3751	0.056788553
102284	1840	0.05675564
102284	3571	0.056755595
102284	4596	0.05675122
102284	4622	0.05675119
102284	4343	0.056751154
102284	5571	0.05675114
102284	1693	0.056592606
102284	738	0.056592576
102284	3250	0.05659256
102359	456	0.050191253
102359	7	0.05018914
102359	5288	0.050009266
102359	4560	0.049960196
102359	350	0.049268015
102359	3775	0.049089413
102359	973	0.04853709
102359	1264	0.04830841
102359	4307	0.048248086
102359	1708	0.048119128
102375	5854	0.03312061
102375	1701	0.033023052
102375	4961	0.0329428
102375	4068	0.032908272
102375	4896	0.032906517
102375	6854	0.032871466
102375	3341	0.032827754
102375	3448	0.03281752
102375	4826	0.03280236
102375	2377	0.03280235
102430	2927	0.0592827
102430	3227	0.058622837
102430	2156	0.057919905
102430	689	0.05760314
102430	352	0.057463817
102430	836	0.057369195
102430	1945	0.057303194
102430	6795	0.05723086
102430	6099	0.05721689
102430	814	0.0571893
102564	6198	0.040349234
102564	3648	0.040308245
102564	5187	0.04003337
102564	5336	0.04003335
102564	4963	0.03991221
102564	4518	0.039912175
102564	6810	0.03982035
102564	5999	0.039727025
102564	1924	0.039710768
102564	2724	0.039663203
102571	6450	0.05305969
102571	4141	0.052838705
102571	5203	0.052816164
102571	908	0.052689984
102571	3014	0.052633643
102571	1484	0.052546944
102571	5606	0.052427895
102571	3505	0.052427623
102571	2949	0.052311905
102571	914	0.052307807
102581	3271	0.04469096
102581	2754	0.04456772
102581	2666	0.044520423
102581	4723	0.04443822
102581	2597	0.044318948
102581	795	0.044318922
102581	3500	0.044318922
102581	3889	0.04430768
102581	2111	0.044223577
102581	6698	0.044223543
102642	3514	0.058362726
102642	357	0.058362678
102642	464	0.05828566
102642	4922	0.058285587
102642	3110	0.058150124
102642	1546	0.057976108
102642	2505	0.057887517
102642	6369	0.057847105
102642	4775	0.05781185
102642	3378	0.05769161
102647	526	0.083066545
102647	1961	0.08298765
102647	2950	0.08251171
102647	4560	0.08241864
102647	5288	0.08237746
102647	3385	0.082239315
102647	4307	0.081916384
102647	973	0.08187686
102647	2692	0.08185569
102647	1527	0.08180305
102668	5393	0.062463064
102668	4231	0.062463045
102668	3439	0.06245002
102668	319	0.062409684
102668	1523	0.062409684
102668	2189	0.06240964
102668	1755	0.06214389
102668	5301	0.06214386
102668	409	0.06213085
102668	3999	0.06209054
102676	4071	0.040573783
102676	861	0.040573776
102676	3283	0.04057377
102676	3205	0.040507503
102676	624	0.040451616
102676	5920	0.040385295
102676	3116	0.04038529
102676	5857	0.04038529
102676	658	0.040385284
102676	5677	0.040385284
102702	4213	0.05877903
102702	1318	0.058743842
102702	2972	0.05874384
102702	3320	0.05860327
102702	2335	0.058571376
102702	3564	0.058501042
102702	2121	0.058455635
102702	733	0.058433738
102702	4340	0.058415856
102702	6670	0.058402263
102705	1185	0.054032065
102705	3433	0.05396347
102705	1680	0.053835373
102705	575	0.053799693
102705	4458	0.053747553
102705	404	0.05341462
102705	653	0.053396113
102705	4606	0.053317666
102705	1942	0.053301256
102705	592	0.053162858
102719	2164	0.047799576
102719	3276	0.04749219
102719	1995	0.047457978
102719	694	0.04744347
102719	2259	0.04744345
102719	1992	0.047281772
102719	3272	0.04710187
102719	5931	0.04692568
102719	3277	0.046850048
102719	2264	0.04683677
102772	6247	0.048852842
102772	6863	0.04885283
102772	1441	0.048836518
102772	4155	0.048836492
102772	5848	0.04883649
102772	2790	0.04883648
102772	3862	0.048836477
102772	4176	0.048836425
102772	2709	0.048806332
102772	5388	0.0487589
102945	5618	0.058385856
102945	5136	0.058362685
102945	95	0.058051992
102945	5205	0.058019564
102945	4442	0.057658844
102945	2926	0.05739398
102945	4437	0.057143804
102945	1271	0.056909613
102945	4763	0.056864895
102945	2744	0.056850743
102967	1203	0.061477557
102967	3799	0.061362095
102967	5401	0.061216075
102967	3075	0.06090545
102967	4761	0.06063774
102967	6169	0.06042301
102967	388	0.06032095
102967	2293	0.060067084
102967	6815	0.060039476
102967	5489	0.059961095
103251	5791	0.05933635
103251	286	0.058969475
103251	310	0.05835442
103251	5331	0.058170788
103251	2119	0.05799969
103251	2699	0.05799052
103251	5315	0.057928536
103251	2176	0.057828628
103251	4538	0.057828583
103251	1955	0.057775788
103277	1259	0.033850774
103277	3815	0.033850774
103277	1907	0.033850767
103277	6105	0.033850767
103277	1965	0.033850763
103277	1939	0.03385075
103277	2408	0.03385073
103277	1027	0.033822343
103277	2407	0.03382234
103277	1777	0.033822335
103304	1952	0.053758662
103304	636	0.05367221
103304	2920	0.053672206
103304	2360	0.053672194
103304	3440	0.053672187
103304	415	0.05363983
103304	3482	0.053635433
103304	5001	0.0536031
103304	1772	0.053436805
103304	1023	0.053436793
103315	803	0.045130085
103315	5675	0.04504994
103315	3781	0.045028836
103315	174	0.044996355
103315	1382	0.04499629
103315	1821	0.044996284
103315	90	0.044993915
103315	5968	0.0449939
103315	1858	0.044973724
103315	662	0.044952746
103336	3799	0.06137449
103336	5401	0.060398005
103336	51	0.059684277
103336	6169	0.059582308
103336	1320	0.059393644
103336	2494	0.059363745
103336	1284	0.05926607
103336	457	0.059229635
103336	3380	0.05920144
103336	3104	0.059057187
103445	662	0.038361263
103445	2289	0.038355425
103445	4452	0.03834919
103445	3258	0.03827064
103445	6646	0.038270615
103445	3069	0.03825113
103445	3130	0.038145304
103445	6863	0.038089372
103445	6247	0.03808935
103445	3224	0.03807693
103467	1432	0.06318905
103467	268	0.06264119
103467	5304	0.06255438
103467	187	0.062542275
103467	3297	0.06253855
103467	2467	0.062343914
103467	34	0.062117014
103467	3846	0.062009074
103467	2838	0.062008217
103467	3364	0.061727226
103496	1419	0.046287622
103496	4756	0.046287622
103496	1049	0.046287604
103496	3822	0.046287604
103496	1421	0.046287596
103496	5292	0.04628759
103496	3572	0.046287585
103496	6152	0.04628758
103496	6587	0.046287574
103496	5183	0.046287566
103541	1011	0.06756893
103541	2826	0.06660662
103541	5297	0.06641476
103541	630	0.06606896
103541	6323	0.06606896
103541	779	0.06606204
103541	5686	0.065973714
103541	5407	0.06583291
103541	5575	0.06581226
103541	6855	0.06581225
103577	2317	0.066899896
103577	1070	0.06642105
103577	537	0.0663799
103577	183	0.06600356
103577	1600	0.065541014
103577	341	0.065389305
103577	1260	0.06538926
103577	5601	0.065389216
103577	5662	0.0653598
103577	1405	0.065306105
103656	698	0.047630854
103656	1159	0.04752244
103656	6362	0.047522385
103656	2013	0.04725665
103656	2520	0.047243968
103656	788	0.047135536
103656	2840	0.047119543
103656	4419	0.04708416
103656	3044	0.047031846
103656	1736	0.047020167
103811	1389	0.101260394
103811	406	0.100777104
103811	420	0.10006801
103811	614	0.09765529
103811	2432	0.09746704
103811	2093	0.09722983
103811	2620	0.09612742
103811	4245	0.096051276
103811	3705	0.095857285
103811	5792	0.095381185
103935	2046	0.052390225
103935	2745	0.05226747
103935	728	0.052082114
103935	5335	0.051972877
103935	255	0.05187535
103935	3787	0.051813737
103935	599	0.051800154
103935	967	0.05171501
103935	206	0.05163633
103935	3195	0.05160567
104051	3691	0.042539068
104051	1447	0.042439256
104051	2210	0.042395033
104051	895	0.042378712
104051	3290	0.04226223
104051	4051	0.041997164
104051	5064	0.04199712
104051	1882	0.041981936
104051	6865	0.041900795
104051	1101	0.041822303
104058	2006	0.055160843
104058	3373	0.055108253
104058	1973	0.05510819
104058	789	0.055108186
104058	4878	0.05510817
104058	5178	0.05505685
104058	6317	0.054919735
104058	1237	0.054673307
104058	2983	0.05463942
104058	1515	0.054637607
104098	2245	0.04726519
104098	5752	0.04724473
104098	3830	0.04715105
104098	3828	0.047150966
104098	6197	0.047065277
104098	4470	0.046996742
104098	6357	0.04687199
104098	823	0.046871945
104098	3825	0.04687193
104098	2909	0.04686799
104113	696	0.051185943
104113	4483	0.05106433
104113	3421	0.0510643
104113	4924	0.051064268
104113	5927	0.051064264
104113	6839	0.051064257
104113	1408	0.051057138
104113	646	0.051013462
104113	5953	0.05101345
104113	5414	0.05101344
104123	456	0.03624034
104123	4560	0.036168277
104123	5288	0.036038578
104123	4066	0.03603582
104123	365	0.03579752
104123	3532	0.035794757
104123	1891	0.03566508
104123	2267	0.035638243
104123	3385	0.035621166
104123	40	0.03549436
104144	6503	0.045839958
104144	1780	0.04583993
104144	2786	0.04583993
104144	2489	0.045813866
104144	4226	0.045813866
104144	6006	0.045813836
104144	6888	0.045698203
104144	4266	0.045698155
104144	5608	0.045561265
104144	1623	0.045561235
104211	4664	0.051514536
104211	1442	0.051511616
104211	150	0.051422965
104211	3218	0.051422957
104211	1067	0.051422954
104211	687	0.05142009
104211	1441	0.05131042
104211	4155	0.051310398
104211	3862	0.05131039
104211	5848	0.05131039
104243	6631	0.045701765
104243	140	0.04550906
104243	3011	0.045471087
104243	1862	0.045288906
104243	6761	0.04523368
104243	5361	0.04513656
104243	3552	0.045136537
104243	5586	0.045081384
104243	262	0.044932216
104243	4119	0.0448781
104268	2541	0.045027927
104268	831	0.044925347
104268	474	0.04437408
104268	3280	0.04431715
104268	175	0.044308193
104268	707	0.044146895
104268	2233	0.044112854
104268	1264	0.04389071
104268	487	0.04372459
104268	3273	0.04339236
104278	1340	0.03387866
104278	191	0.033869565
104278	5342	0.033869557
104278	6612	0.033869542
104278	2350	0.033842087
104278	3750	0.03384206
104278	5291	0.03384204
104278	990	0.033822812
104278	3324	0.033822812
104278	6558	0.033795238
104311	6133	0.0530465
104311	1632	0.053046413
104311	4184	0.05291137
104311	2511	0.052911364
104311	4271	0.052765995
104311	6061	0.05274202
104311	1410	0.05264532
104311	4381	0.052438267
104311	2050	0.052436978
104311	1520	0.05240512
104334	6206	0.05062975
104334	1885	0.050157227
104334	4907	0.049947828
104334	1744	0.049947817
104334	4146	0.049795285
104334	2138	0.049763244
104334	4905	0.04960587
104334	2049	0.049409498
104334	1555	0.049246956
104334	1542	0.049220167
104362	6127	0.05635555
104362	6493	0.055981375
104362	2608	0.05517207
104362	1198	0.055172063
104362	3583	0.055077236
104362	5399	0.055045888
104362	933	0.054896414
104362	1493	0.05488088
104362	3550	0.05487129
104362	1892	0.0547939
104399	1104	0.06017022
104399	4288	0.060168684
104399	498	0.059913658
104399	3078	0.059543557
104399	2050	0.05940158
104399	2471	0.059319355
104399	5155	0.05924204
104399	1117	0.059242025
104399	2497	0.05924199
104399	2428	0.059224047
104413	4991	0.058627885
104413	3382	0.058557265
104413	5782	0.058240943
104413	5471	0.057608634
104413	5235	0.05757625
104413	5619	0.057502177
104413	980	0.05732186
104413	4473	0.057127163
104413	722	0.057127144
104413	4282	0.057074927
104429	1071	0.066085115
104429	1713	0.065890655
104429	1574	0.0658566
104429	1411	0.065086044
104429	3581	0.06488367
104429	1436	0.06482428
104429	1711	0.06471623
104429	2387	0.06462196
104429	448	0.06455451
104429	1817	0.06452052
104437	4729	0.043707192
104437	3177	0.043499235
104437	1743	0.043499175
104437	6211	0.043497846
104437	1453	0.043408126
104437	4108	0.043321095
104437	4798	0.04310066
104437	777	0.042986862
104437	176	0.042986825
104437	4165	0.042825095
104447	662	0.047591966
104447	3258	0.047583174
104447	6646	0.047583144
104447	3029	0.047470316
104447	16	0.04729327
104447	3266	0.047293223
104447	155	0.047137033
104447	2064	0.04702022
104447	195	0.046984144
104447	5280	0.04696053
104505	6187	0.052494746
104505	1588	0.05238291
104505	6833	0.05233458
104505	2808	0.05201368
104505	5671	0.051803492
104505	3602	0.051799156
104505	5101	0.05174384
104505	3200	0.051692337
104505	5584	0.051681355
104505	866	0.051664863
104550	4881	0.04517248
104550	2897	0.045128226
104550	4940	0.04506193
104550	1628	0.04501087
104550	4020	0.04491482
104550	5348	0.044827275
104550	2171	0.044806477
104550	5636	0.04475616
104550	2878	0.04470382
104550	4321	0.044621937
104569	3649	0.046957612
104569	3154	0.046785153
104569	3216	0.04678509
104569	4612	0.046785053
104569	3844	0.046704926
104569	2721	0.046633236
104569	3404	0.046616778
104569	6797	0.046526257
104569	5345	0.046518944
104569	3249	0.046518926
104604	918	0.0479902
104604	6537	0.04762461
104604	60	0.047624603
104604	6733	0.047555543
104604	6481	0.047429383
104604	5660	0.04736546
104604	2184	0.04735717
104604	726	0.047312915
104604	844	0.04712774
104604	4960	0.047009815
104657	1897	0.062831305
104657	388	0.062065177
104657	3517	0.06183602
104657	2915	0.06183599
104657	5222	0.061835982
104657	3457	0.061835945
104657	730	0.061800472
104657	912	0.061765894
104657	278	0.06173835
104657	5166	0.061738335
104665	1264	0.052794427
104665	4768	0.05278114
104665	2516	0.05239256
104665	158	0.052329138
104665	1527	0.052325547
104665	4165	0.052231364
104665	2007	0.052208617
104665	2710	0.052102543
104665	3049	0.051739894
104665	6190	0.051739812
104705	3011	0.028788604
104705	262	0.028727885
104705	6631	0.02856629
104705	315	0.028499288
104705	1862	0.028404389
104705	892	0.02834979
104705	6761	0.028258726
104705	140	0.028258033
104705	3355	0.028206242
104705	4564	0.028175104
104759	2744	0.036205526
104759	1789	0.03587398
104759	5205	0.03544806
104759	1599	0.03542701
104759	5230	0.03537936
104759	507	0.03531567
104759	285	0.0350888
104759	4442	0.03502115
104759	5618	0.035009116
104759	589	0.034876235
104796	1854	0.042046607
104796	59	0.041895628
104796	440	0.041840896
104796	329	0.04183273
104796	1249	0.04171557
104796	5230	0.041521557
104796	432	0.041373543
104796	6004	0.04135128
104796	4245	0.041318044
104796	2543	0.041282207
104812	885	0.06242142
104812	4850	0.06197465
104812	6770	0.061930124
104812	1983	0.061742477
104812	153	0.061651938
104812	784	0.06143649
104812	5884	0.061436422
104812	6598	0.061410695
104812	471	0.061192155
104812	2713	0.061100952
104880	61	0.06356515
104880	1902	0.06345306
104880	2456	0.06316383
104880	590	0.062760025
104880	862	0.06267143
104880	4235	0.062442206
104880	3943	0.062103253
104880	227	0.06200629
104880	1066	0.061691374
104880	352	0.061648287
104883	6179	0.03998424
104883	1180	0.039809298
104883	6487	0.039809242
104883	4350	0.039809234
104883	6318	0.039809227
104883	2914	0.039809212
104883	2885	0.039793342
104883	5935	0.039793335
104883	1926	0.039793327
104883	3479	0.039793324
104925	5215	0.053436562
104925	5745	0.053436518
104925	1441	0.053420827
104925	4155	0.053420812
104925	3862	0.053420804
104925	5848	0.053420804
104925	2790	0.053420797
104925	4176	0.053420756
104925	6863	0.05328955
104925	6247	0.053289518
105028	350	0.053082615
105028	4560	0.052733388
105028	456	0.052717943
105028	7	0.052401137
105028	5288	0.051956967
105028	2513	0.05190129
105028	3285	0.051510938
105028	2178	0.05136009
105028	5867	0.051283192
105028	1248	0.050675042
105054	5288	0.04667619
105054	3385	0.046272494
105054	4560	0.046160415
105054	456	0.045912392
105054	973	0.045888323
105054	5517	0.0455075
105054	2267	0.045059107
105054	3047	0.044981286
105054	2012	0.044943675
105054	526	0.044943012
105058	2156	0.067168504
105058	991	0.06641333
105058	2823	0.066349335
105058	4269	0.06616936
105058	504	0.06599198
105058	503	0.06579372
105058	6674	0.06556553
105058	352	0.06541045
105058	3227	0.06536286
105058	730	0.06514056
105101	575	0.047342636
105101	1196	0.047231212
105101	2413	0.047151804
105101	2193	0.04711658
105101	2995	0.047116566
105101	411	0.047072366
105101	2574	0.046793498
105101	3998	0.04676689
105101	3612	0.04676684
105101	287	0.046766832
105108	5164	0.05905124
105108	3121	0.059027947
105108	2932	0.0586816
105108	5917	0.05860622
105108	6302	0.058606207
105108	1414	0.058606185
105108	6495	0.05855058
105108	205	0.058550574
105108	4699	0.058550574
105108	6562	0.05855056
105115	177	0.056461602
105115	1373	0.05638831
105115	6837	0.05633171
105115	1727	0.05631103
105115	250	0.05629167
105115	1619	0.05629166
105115	3218	0.0562765
105115	150	0.056276485
105115	1067	0.056276485
105115	6297	0.05623032
105214	6382	0.04710727
105214	1796	0.046858855
105214	6782	0.046690863
105214	4305	0.046536654
105214	365	0.04647372
105214	526	0.04645569
105214	6169	0.046437845
105214	4949	0.046286933
105214	4883	0.046122044
105214	4560	0.045948558
105221	816	0.046111964
105221	4998	0.046007995
105221	1600	0.04597615
105221	2923	0.045973126
105221	3169	0.045962475
105221	2281	0.045907617
105221	1405	0.04582425
105221	1463	0.045801707
105221	481	0.04579176
105221	5662	0.045618854
105317	3433	0.055903915
105317	1764	0.05585196
105317	1212	0.055739544
105317	5570	0.055739537
105317	1490	0.055445142
105317	1631	0.055434927
105317	1185	0.055028945
105317	1055	0.054949988
105317	614	0.05482891
105317	3943	0.05478431
105335	4980	0.04190488
105335	416	0.041761845
105335	1689	0.041761782
105335	1650	0.041654572
105335	5315	0.04157924
105335	4695	0.041565724
105335	1542	0.041488916
105335	2049	0.041486774
105335	2142	0.041473784
105335	3185	0.041473724
105374	1716	0.05402512
105374	4877	0.053947188
105374	154	0.053843606
105374	1412	0.053825147
105374	6560	0.05373779
105374	5233	0.05370902
105374	4747	0.05363717
105374	1663	0.053509016
105374	2842	0.053413644
105374	2983	0.053412184
105476	1786	0.044235952
105476	3658	0.043688957
105476	2461	0.043280922
105476	5156	0.04323798
105476	6526	0.04310209
105476	3467	0.042971544
105476	1933	0.042887777
105476	598	0.042836934
105476	6066	0.04280544
105476	5398	0.042736124
105536	5596	0.0570672
105536	696	0.056860693
105536	3075	0.056734905
105536	5568	0.056701668
105536	6158	0.056694508
105536	646	0.056471545
105536	5414	0.056471538
105536	5953	0.056471538
105536	278	0.05637781
105536	5166	0.056377787
105572	2983	0.043067828
105572	1753	0.042816464
105572	5574	0.042816453
105572	2068	0.042816438
105572	3373	0.042808883
105572	789	0.04280883
105572	1973	0.04280883
105572	4878	0.042808823
105572	2006	0.042763896
105572	1412	0.04268505
105576	5114	0.03834535
105576	925	0.038294807
105576	1627	0.038088806
105576	2024	0.038057853
105576	1033	0.038048603
105576	938	0.038048595
105576	2480	0.038015105
105576	604	0.038007323
105576	636	0.03779458
105576	2360	0.03779457
105627	877	0.057481285
105627	4052	0.05744256
105627	5218	0.057200328
105627	5496	0.057200283
105627	1258	0.056950986
105627	3928	0.05695098
105627	1962	0.056950957
105627	42	0.05695094
105627	3803	0.05695094
105627	5638	0.056841847
105874	3243	0.037770998
105874	3494	0.037726305
105874	1898	0.03772627
105874	6568	0.037661612
105874	4951	0.037648328
105874	1273	0.037557833
105874	1169	0.037464183
105874	3055	0.03741406
105874	3112	0.037414037
105874	4058	0.0373493
105937	526	0.0473322
105937	715	0.047133096
105937	1961	0.047126956
105937	2725	0.046875708
105937	2178	0.046485286
105937	971	0.046370864
105937	1709	0.046239372
105937	1527	0.04623328
105937	1783	0.046193838
105937	4560	0.046125893
105968	257	0.050408147
105968	3348	0.050356947
105968	805	0.05034005
105968	162	0.049976245
105968	3133	0.04990324
105968	3280	0.049699098
105968	474	0.049563102
105968	955	0.04956069
105968	1617	0.049501866
105968	1714	0.049366593
105979	85	0.080570444
105979	809	0.080407746
105979	500	0.080258295
105979	1971	0.07995005
105979	4227	0.0798714
105979	1817	0.079415165
105979	133	0.07941516
105979	407	0.07931
105979	691	0.079251096
105979	2469	0.07902485
106007	5043	0.047118578
106007	959	0.046856374
106007	1572	0.046800353
106007	6013	0.04659923
106007	526	0.046586655
106007	5760	0.046485182
106007	2587	0.04639498
106007	910	0.04626108
106007	2738	0.04622621
106007	1961	0.046219043
106059	4833	0.056442052
106059	2350	0.056210935
106059	3750	0.056210898
106059	5291	0.056210857
106059	881	0.056043953
106059	4276	0.056043927
106059	6468	0.056043893
106059	5556	0.056043886
106059	4159	0.05604388
106059	4093	0.056043863
106078	637	0.042664308
106078	4227	0.0423496
106078	628	0.042223055
106078	2366	0.042205594
106078	1817	0.04220054
106078	133	0.04220053
106078	1397	0.042164505
106078	6111	0.042159438
106078	552	0.042103067
106078	5936	0.042103067
106114	1817	0.05084897
106114	133	0.050848946
106114	6111	0.05069203
106114	85	0.050522566
106114	448	0.05052218
106114	1781	0.050283115
106114	581	0.05025433
106114	693	0.050246306
106114	500	0.050125908
106114	2387	0.049733058
106131	2655	0.04870391
106131	3185	0.04858563
106131	3223	0.048585612
106131	2834	0.048585575
106131	2889	0.048534613
106131	704	0.048534594
106131	1937	0.048534594
106131	2142	0.048498824
106131	5506	0.048492774
106131	1856	0.048452236
106208	1691	0.046922218
106208	1266	0.046286225
106208	501	0.046260353
106208	2691	0.046139695
106208	1436	0.046120286
106208	6493	0.0460644
106208	2362	0.045929413
106208	710	0.045866095
106208	70	0.045865953
106208	5404	0.045865938
106225	350	0.07722229
106225	1105	0.07602699
106225	1783	0.07581178
106225	526	0.07556974
106225	715	0.07521253
106225	6061	0.07514184
106225	572	0.07487391
106225	2886	0.07486093
106225	3075	0.07453289
106225	1203	0.07445985
106280	6650	0.052842543
106280	5568	0.052482657
106280	1224	0.052462496
106280	4235	0.052459203
106280	1430	0.052415553
106280	3714	0.052304156
106280	4257	0.052180815
106280	1938	0.051915646
106280	5864	0.051785126
106280	6016	0.051739156
106282	5340	0.050274886
106282	5675	0.050227314
106282	803	0.050162088
106282	2820	0.05009892
106282	90	0.050033778
106282	5968	0.05003377
106282	1447	0.049956825
106282	1328	0.049906842
106282	174	0.04984175
106282	1382	0.049841672
106294	5075	0.051388077
106294	4202	0.0512607
106294	1836	0.050978564
106294	6140	0.05086364
106294	2336	0.050640773
106294	381	0.050501835
106294	3463	0.050386917
106294	2329	0.050368555
106294	3093	0.050332244
106294	6896	0.050284576
106302	2426	0.053844225
106302	6022	0.053763937
106302	2168	0.053631116
106302	2488	0.052432988
106302	6125	0.052353065
106302	6563	0.052296482
106302	2420	0.051822275
106302	6836	0.050958592
106302	6437	0.050930403
106302	6375	0.050834324
106331	949	0.05033407
106331	6567	0.05013284
106331	1425	0.05012741
106331	3810	0.050120473
106331	1142	0.050120465
106331	5269	0.050120454
106331	2433	0.05005483
106331	6508	0.04991383
106331	1972	0.04991382
106331	5460	0.04991376
106369	1853	0.052696645
106369	452	0.052696556
106369	3452	0.05247682
106369	5676	0.052424148
106369	3696	0.052394725
106369	3948	0.052309625
106369	1296	0.052234396
106369	6898	0.052210547
106369	4930	0.052198533
106369	5960	0.052198276
106388	448	0.05822299
106388	2503	0.05817484
106388	2387	0.058029026
106388	6111	0.057964493
106388	693	0.057795282
106388	710	0.05770739
106388	4710	0.05760578
106388	1492	0.05729902
106388	68	0.057119012
106388	1076	0.05709874
106406	51	0.064441115
106406	1601	0.06407134
106406	2494	0.06394194
106406	457	0.06355147
106406	5567	0.06334251
106406	1219	0.06322707
106406	3799	0.063155584
106406	5401	0.06304424
106406	235	0.06302376
106406	435	0.062951945
106553	5872	0.053260364
106553	3002	0.053260323
106553	3677	0.052889317
106553	4461	0.052852236
106553	790	0.05284075
106553	6891	0.052709237
106553	1276	0.05270923
106553	89	0.05270922
106553	3777	0.052326106
106553	679	0.052297853
106768	1117	0.055135995
106768	5155	0.055135995
106768	2497	0.055135954
106768	283	0.055104516
106768	1377	0.055050068
106768	834	0.055007584
106768	3946	0.055007584
106768	3078	0.054972775
106768	3083	0.054931857
106768	468	0.05470495
106816	1698	0.050868817
106816	482	0.050658558
106816	6703	0.050646514
106816	4247	0.05054915
106816	4055	0.050371964
106816	286	0.0502837
106816	4710	0.05018656
106816	2119	0.050098673
106816	625	0.05000937
106816	3796	0.049814686
106845	2229	0.048436463
106845	4870	0.04829114
106845	5023	0.048031386
106845	2765	0.04801894
106845	5387	0.0479815
106845	933	0.046960883
106845	4305	0.04690703
106845	2056	0.046763305
106845	4949	0.04674971
106845	5669	0.0462683
106846	243	0.076687485
106846	1764	0.07647408
106846	5140	0.07495815
106846	645	0.0749058
106846	3909	0.07490577
106846	692	0.07472493
106846	4458	0.07471267
106846	406	0.0745958
106846	1592	0.0745219
106846	1193	0.073263496
106849	662	0.037367627
106849	6566	0.037029877
106849	3258	0.036921136
106849	6646	0.036921103
106849	4452	0.03685963
106849	2289	0.036626846
106849	3069	0.03661218
106849	3130	0.036560133
106849	2064	0.036522746
106849	4051	0.03651663
106862	311	0.04203475
106862	4161	0.042014085
106862	1813	0.041864954
106862	3297	0.041649513
106862	2662	0.041620716
106862	5423	0.041578505
106862	1662	0.04156989
106862	5696	0.04156987
106862	6417	0.041569814
106862	1200	0.041460864
106893	631	0.050065026
106893	2768	0.04973033
106893	6448	0.049691662
106893	1013	0.049691614
106893	682	0.049464002
106893	4822	0.049462482
106893	2908	0.049206942
106893	618	0.04910753
106893	887	0.049044706
106893	2054	0.04901754
106946	5400	0.05496476
106946	6818	0.05447141
106946	3427	0.05443461
106946	1978	0.054272156
106946	6363	0.05415471
106946	2917	0.054131478
106946	4584	0.05396392
106946	6513	0.053963847
106946	6671	0.05390728
106946	4047	0.05390727
106950	2075	0.039381273
106950	4991	0.039357483
106950	5782	0.039270043
106950	4473	0.03915952
106950	722	0.039159514
106950	3095	0.039094772
106950	3994	0.038900618
106950	6191	0.03872622
106950	2689	0.03868404
106950	6270	0.03868042
107021	3858	0.042050757
107021	367	0.04200521
107021	1852	0.04200519
107021	6141	0.042005178
107021	1729	0.04199911
107021	2700	0.0419926
107021	3951	0.04199259
107021	327	0.041992586
107021	5039	0.04194092
107021	1739	0.041940898
107044	1481	0.04779166
107044	5976	0.047752395
107044	3902	0.0475937
107044	6500	0.0475916
107044	5958	0.047451932
107044	6324	0.04729118
107044	3970	0.047220543
107044	2903	0.047220536
107044	4424	0.047197007
107044	3019	0.047181223
107099	5024	0.037865013
107099	5996	0.03768667
107099	2137	0.03755939
107099	3841	0.03732453
107099	1936	0.03717641
107099	2930	0.037153665
107099	1406	0.037095368
107099	6905	0.036811918
107099	4791	0.03667149
107099	5507	0.036663894
107109	3074	0.03198377
107109	3182	0.03198377
107109	165	0.031878375
107109	2579	0.031765707
107109	3534	0.0316663
107109	449	0.03147458
107109	544	0.03141799
107109	3846	0.03136169
107109	727	0.031332314
107109	451	0.031298667
107244	3691	0.043929234
107244	2813	0.043695897
107244	2210	0.043640547
107244	1882	0.04352192
107244	703	0.043407477
107244	5517	0.043314606
107244	1101	0.043269016
107244	973	0.042963155
107244	2950	0.042914815
107244	3320	0.042888388
107258	2156	0.077784896
107258	2823	0.07772991
107258	352	0.07591376
107258	1630	0.07537842
107258	573	0.07531552
107258	6674	0.074981004
107258	504	0.07495703
107258	3227	0.07461524
107258	4269	0.074575245
107258	689	0.07422996
107288	153	0.04259011
107288	1358	0.042560823
107288	987	0.042370476
107288	5649	0.04234115
107288	4203	0.042208392
107288	6170	0.042086847
107288	6729	0.042086843
107288	6023	0.04208022
107288	2349	0.041956183
107288	788	0.041901916
107301	6169	0.056693967
107301	3799	0.05665486
107301	5401	0.05614999
107301	51	0.05577573
107301	1783	0.055680454
107301	1796	0.05526124
107301	2178	0.05522872
107301	350	0.054690186
107301	6259	0.05463264
107301	2494	0.054499526
107324	407	0.06347671
107324	6111	0.06318851
107324	448	0.06294593
107324	581	0.062872216
107324	1817	0.062653296
107324	133	0.06265326
107324	693	0.06252094
107324	85	0.06247998
107324	2991	0.062329367
107324	70	0.062231377
107326	2463	0.047050286
107326	3186	0.04705026
107326	6539	0.04705025
107326	889	0.046875324
107326	5201	0.0468753
107326	1719	0.046757873
107326	334	0.04668714
107326	4731	0.04658918
107326	6520	0.046512198
107326	4559	0.046490703
107453	5862	0.035159893
107453	6741	0.035099793
107453	4839	0.035099767
107453	4097	0.035030685
107453	2246	0.0349935
107453	2630	0.034921214
107453	3131	0.034921214
107453	3100	0.034853265
107453	4556	0.034853265
107453	4555	0.03485326
107510	5836	0.047924604
107510	4191	0.047917392
107510	418	0.047776584
107510	3891	0.047776535
107510	2334	0.047745608
107510	5690	0.047718324
107510	2107	0.0477183
107510	5988	0.047694597
107510	2277	0.04750392
107510	5801	0.047481757
107523	1101	0.042391054
107523	3320	0.0422156
107523	1270	0.041831944
107523	5163	0.041831918
107523	6670	0.041793127
107523	703	0.041770406
107523	732	0.041763246
107523	2427	0.04172472
107523	3691	0.04163376
107523	3564	0.041604027
107865	2083	0.048699435
107865	5888	0.048699424
107865	5317	0.048430122
107865	3488	0.048211187
107865	2658	0.04819673
107865	2789	0.04801296
107865	4721	0.047887474
107865	4926	0.04788747
107865	4150	0.047887467
107865	2723	0.047887463
107889	1602	0.042130694
107889	102	0.042059045
107889	739	0.041830614
107889	487	0.04154308
107889	3507	0.041517407
107889	1708	0.04149045
107889	2837	0.041425742
107889	3133	0.041059107
107889	188	0.040906064
107889	5815	0.040885184
107921	4549	0.05342304
107921	777	0.053344287
107921	176	0.05334425
107921	1447	0.05291038
107921	3290	0.052891187
107921	895	0.052885436
107921	778	0.052858375
107921	1101	0.052816354
107921	4051	0.052787513
107921	5064	0.052787457
108005	1601	0.05475968
108005	5781	0.053917848
108005	6782	0.053717542
108005	202	0.05368278
108005	4870	0.053302024
108005	4949	0.05309452
108005	51	0.05283145
108005	67	0.052594617
108005	4305	0.05242355
108005	5352	0.05239712
108104	347	0.05574069
108104	2316	0.055692866
108104	5250	0.055647045
108104	4726	0.05564604
108104	188	0.055589736
108104	2552	0.055009946
108104	1526	0.05500749
108104	4119	0.054913808
108104	84	0.054856908
108104	330	0.05485683
108143	1640	0.05200038
108143	2398	0.05200036
108143	2516	0.05146251
108143	589	0.051270016
108143	6211	0.05078968
108143	507	0.050535604
108143	4729	0.05030624
108143	800	0.05015593
108143	1709	0.0498047
108143	3770	0.049738437
108155	5114	0.060263664
108155	1033	0.060196366
108155	938	0.060196355
108155	1027	0.059948713
108155	2407	0.059948705
108155	1777	0.059948698
108155	1655	0.05994866
108155	2194	0.059948657
108155	1559	0.0599486
108155	636	0.05971868
108158	406	0.08424214
108158	1193	0.0840447
108158	1389	0.08348901
108158	692	0.08314818
108158	4245	0.08293221
108158	420	0.082513005
108158	243	0.08208263
108158	4607	0.081716955
108158	645	0.0815967
108158	3909	0.08159666
108197	2824	0.033513084
108197	1407	0.033441417
108197	2845	0.033407763
108197	2923	0.03324099
108197	5779	0.033080176
108197	6121	0.032952532
108197	5832	0.032921974
108197	1103	0.032890297
108197	3486	0.03283559
108197	1463	0.032763697
108213	4955	0.049186826
108213	240	0.049186274
108213	458	0.049097884
108213	1284	0.048824977
108213	1167	0.048733953
108213	691	0.048674345
108213	2983	0.04864155
108213	1020	0.048613314
108213	3328	0.048556443
108213	744	0.04847576
108243	885	0.053341076
108243	565	0.053286165
108243	1357	0.053150997
108243	1903	0.053150885
108243	784	0.053123515
108243	5884	0.053123455
108243	6598	0.052888736
108243	3077	0.05277855
108243	5402	0.052552484
108243	1472	0.052525476
108261	4831	0.039792817
108261	4124	0.03886062
108261	3181	0.038552914
108261	4958	0.03851582
108261	5229	0.038438544
108261	4969	0.038420092
108261	3842	0.038356207
108261	4075	0.038311623
108261	4810	0.03825445
108261	2139	0.03823019
108267	3659	0.04587643
108267	3616	0.04587128
108267	320	0.0457267
108267	451	0.04550065
108267	997	0.045298807
108267	2870	0.045298804
108267	1444	0.045143053
108267	2961	0.045143034
108267	1851	0.04514246
108267	727	0.04506429
108285	3564	0.05120911
108285	2121	0.051094696
108285	6835	0.051053643
108285	4340	0.05105301
108285	1318	0.05099344
108285	2972	0.050993428
108285	733	0.05098627
108285	2653	0.05095318
108285	4674	0.050952386
108285	6670	0.050944418
108336	3208	0.04948002
108336	4558	0.049008183
108336	561	0.048770294
108336	3089	0.048637882
108336	5575	0.0484166
108336	6855	0.048416577
108336	5779	0.04839369
108336	2065	0.04838649
108336	4099	0.048219066
108336	5297	0.048141576
108352	2881	0.06172755
108352	1249	0.06161228
108352	2669	0.061391145
108352	1776	0.061357234
108352	6574	0.061334338
108352	1426	0.06121907
108352	4583	0.06121904
108352	4724	0.06107109
108352	4793	0.06103769
108352	120	0.060961902
108392	1713	0.058109403
108392	1411	0.057846427
108392	1436	0.057664797
108392	2176	0.05750727
108392	4538	0.057507254
108392	1711	0.057336252
108392	1574	0.057227127
108392	2387	0.0569243
108392	1603	0.05666379
108392	1602	0.05621281
108405	442	0.06758341
108405	2077	0.06758341
108405	6032	0.0672981
108405	5263	0.06729803
108405	5254	0.06718929
108405	1309	0.06697512
108405	4175	0.06695245
108405	6554	0.06695244
108405	3645	0.066698715
108405	648	0.06666711
108480	2667	0.04946443
108480	3952	0.049381748
108480	1373	0.049349062
108480	5946	0.04934048
108480	399	0.049340453
108480	223	0.04934045
108480	5385	0.04934045
108480	2122	0.04934044
108480	4371	0.049340434
108480	3734	0.049340423
108481	1043	0.050250508
108481	2727	0.050199643
108481	2948	0.05005998
108481	893	0.050052773
108481	3882	0.04994074
108481	1569	0.04994073
108481	6424	0.049799524
108481	5842	0.049610056
108481	3132	0.049351268
108481	3731	0.049110174
108485	2044	0.059556212
108485	1492	0.05941847
108485	404	0.0592583
108485	1947	0.059244473
108485	2991	0.059194893
108485	2503	0.059134774
108485	3433	0.058825243
108485	1177	0.058667004
108485	2120	0.058528505
108485	486	0.058417507
108535	2469	0.06694412
108535	404	0.06673547
108535	407	0.06669127
108535	486	0.066636994
108535	809	0.066489086
108535	5404	0.06640501
108535	5936	0.06625171
108535	552	0.0662517
108535	85	0.06617969
108535	2120	0.06604317
108563	2334	0.04409672
108563	5443	0.044070214
108563	5988	0.04402651
108563	4469	0.04401824
108563	1497	0.0438822
108563	1241	0.043813437
108563	1466	0.04380127
108563	3333	0.043587845
108563	5801	0.04357741
108563	975	0.0435528
108622	1817	0.049734768
108622	133	0.049734734
108622	1781	0.049718753
108622	1574	0.049689643
108622	3581	0.04966322
108622	3796	0.0493842
108622	6111	0.049207635
108622	448	0.049080376
108622	1713	0.0490353
108622	710	0.049032547
108700	216	0.051679432
108700	3904	0.051644012
108700	5437	0.051494952
108700	6464	0.05149495
108700	5146	0.051404648
108700	5600	0.051255558
108700	4310	0.05124473
108700	1372	0.05118358
108700	4776	0.051153373
108700	342	0.051120564
108752	4004	0.03601569
108752	3645	0.036005553
108752	6032	0.0359347
108752	5263	0.035934668
108752	1309	0.035861954
108752	3150	0.035861403
108752	5015	0.03586045
108752	5254	0.035832226
108752	1846	0.035797805
108752	1440	0.035772864
108753	3133	0.057824317
108753	3770	0.057439223
108753	3280	0.057107322
108753	474	0.057070598
108753	175	0.05700119
108753	2516	0.05671959
108753	800	0.056237508
108753	2819	0.05603263
108753	1964	0.05600761
108753	1264	0.055959437
108763	3487	0.044088423
108763	6808	0.04401388
108763	3774	0.04378535
108763	2866	0.043717876
108763	6109	0.0436646
108763	2827	0.043662086
108763	6309	0.043620355
108763	2863	0.043609113
108763	1285	0.043597817
108763	4136	0.043278217
108773	3580	0.05712759
108773	3630	0.056567226
108773	3615	0.05601849
108773	5156	0.05580793
108773	6618	0.0557637
108773	6536	0.055644743
108773	932	0.05561807
108773	4956	0.055455845
108773	1815	0.055447277
108773	5185	0.055447243
108799	715	0.0674901
108799	1251	0.06685999
108799	526	0.06674294
108799	1961	0.06661812
108799	1709	0.066308655
108799	2725	0.06626081
108799	1068	0.06575237
108799	1783	0.06565598
108799	1527	0.06543676
108799	350	0.065306515
108827	18	0.04197561
108827	1627	0.0419682
108827	1578	0.04181828
108827	4181	0.04180058
108827	4639	0.041800536
108827	1140	0.041765146
108827	2302	0.041762397
108827	1958	0.04161524
108827	3438	0.041583084
108827	6056	0.041398913
108950	2413	0.08777642
108950	5771	0.087435625
108950	3062	0.08677642
108950	3999	0.08667798
108950	421	0.08667794
108950	695	0.086677894
108950	1592	0.08663659
108950	292	0.08640045
108950	5991	0.086400405
108950	550	0.08634254
109013	6703	0.059061185
109013	1715	0.058742203
109013	286	0.05867676
109013	1698	0.058318835
109013	1774	0.057981208
109013	2119	0.057881363
109013	926	0.057880178
109013	4055	0.056895144
109013	5331	0.056840245
109013	1750	0.05679927
109014	1091	0.034581237
109014	6761	0.03452719
109014	1855	0.034407884
109014	2347	0.03440788
109014	5039	0.034402747
109014	1739	0.03440272
109014	4334	0.03435377
109014	259	0.034320828
109014	2332	0.034277868
109014	2026	0.034277424
109084	1886	0.044757277
109084	2407	0.044620566
109084	1027	0.044620562
109084	1777	0.04462055
109084	1655	0.044620525
109084	2194	0.044620514
109084	1559	0.044620484
109084	833	0.044492915
109084	4005	0.04443437
109084	6540	0.04435619
109107	774	0.06655522
109107	183	0.0663682
109107	339	0.066342324
109107	341	0.066312864
109107	338	0.06631285
109107	1260	0.06631282
109107	5601	0.06631278
109107	3581	0.06623171
109107	3992	0.066200554
109107	373	0.06612569
109122	3939	0.041548364
109122	489	0.04138058
109122	109	0.041279703
109122	3124	0.041279666
109122	1893	0.041279655
109122	588	0.041279633
109122	4890	0.041279614
109122	3410	0.04127961
109122	5688	0.0412796
109122	423	0.04127545
109135	581	0.060656317
109135	407	0.06042614
109135	3943	0.060202964
109135	500	0.059798528
109135	2991	0.059753723
109135	85	0.05972613
109135	1212	0.059688613
109135	5570	0.059688605
109135	1817	0.059648417
109135	133	0.05964838
109276	3631	0.033280857
109276	3373	0.033226203
109276	789	0.033226166
109276	1973	0.033226155
109276	4878	0.033226147
109276	4450	0.033118386
109276	1515	0.03306233
109276	1491	0.033062328
109276	977	0.033019766
109276	6444	0.033019736
109287	637	0.0513672
109287	2366	0.051168032
109287	882	0.05115472
109287	4782	0.05115471
109287	1397	0.051122412
109287	2197	0.051061872
109287	4227	0.05103152
109287	68	0.05081895
109287	52	0.050714925
109287	628	0.050707057
109349	5332	0.04837612
109349	63	0.04837609
109349	5039	0.04831142
109349	1739	0.048311397
109349	1729	0.04826309
109349	5280	0.048220463
109349	2700	0.048200827
109349	327	0.04820079
109349	3951	0.04820079
109349	147	0.048177145
109357	1286	0.048598025
109357	5570	0.04849027
109357	1212	0.048490264
109357	1289	0.048456237
109357	1947	0.048095725
109357	5149	0.04787822
109357	3342	0.047813185
109357	1305	0.04778973
109357	4205	0.047789723
109357	426	0.04778971
109388	3078	0.042925023
109388	283	0.042650092
109388	498	0.042552024
109388	1102	0.04251786
109388	1118	0.042517755
109388	6116	0.042517163
109388	2703	0.042412575
109388	6431	0.042330027
109388	2770	0.042322792
109388	4261	0.04229197
109403	4506	0.032495543
109403	811	0.03249553
109403	478	0.032495487
109403	3121	0.032437906
109403	3343	0.032326046
109403	1634	0.032312967
109403	5216	0.032312945
109403	5858	0.032294776
109403	5396	0.032240774
109403	4312	0.032176074
109427	4083	0.045222603
109427	2484	0.04482027
109427	5435	0.044808634
109427	5229	0.044420365
109427	4080	0.04432784
109427	4928	0.044286
109427	2033	0.04413905
109427	4611	0.04408095
109427	5356	0.044046357
109427	3254	0.04394
109461	3380	0.051624585
109461	4286	0.051066328
109461	1751	0.050445117
109461	5399	0.050343186
109461	3799	0.050326616
109461	57	0.049971316
109461	1428	0.049756378
109461	3550	0.04971026
109461	6385	0.049665622
109461	4029	0.0496656
109491	4933	0.04160864
109491	6198	0.041500077
109491	3648	0.041337036
109491	5583	0.041227236
109491	2731	0.041227225
109491	5999	0.041069187
109491	4117	0.041015964
109491	6242	0.040964156
109491	5187	0.04089247
109491	5336	0.040892456
109502	404	0.05591786
109502	2120	0.05571343
109502	2469	0.05568105
109502	486	0.055660754
109502	3520	0.055552624
109502	1947	0.055506747
109502	407	0.055504374
109502	552	0.055476524
109502	5936	0.055476524
109502	809	0.05543066
109516	278	0.05635374
109516	5166	0.056353725
109516	2208	0.056353718
109516	1737	0.056353696
109516	4230	0.05635369
109516	3954	0.056353662
109516	5953	0.055932283
109516	646	0.05593228
109516	5414	0.055932276
109516	2293	0.055861454
109519	4192	0.040698916
109519	5181	0.04069884
109519	766	0.040640898
109519	3363	0.040636837
109519	30	0.040520705
109519	4079	0.040516675
109519	4094	0.04046838
109519	3079	0.04035444
109519	1590	0.04035443
109519	5189	0.040290263
109562	4578	0.041713495
109562	126	0.041659564
109562	2872	0.041578233
109562	1531	0.04155844
109562	1840	0.04155712
109562	4299	0.04148241
109562	4045	0.041462272
109562	3751	0.041441143
109562	4596	0.041411247
109562	4622	0.04141122
109574	365	0.047064085
109574	350	0.046967715
109574	4560	0.046936527
109574	40	0.046733927
109574	456	0.046687584
109574	1306	0.04654561
109574	2411	0.046490896
109574	6169	0.046309903
109574	3532	0.04610566
109574	2178	0.046073437
109605	2570	0.050524253
109605	5905	0.05041471
109605	129	0.050379016
109605	3802	0.05037587
109605	6571	0.05037347
109605	6531	0.05031863
109605	1126	0.050314747
109605	6790	0.05030968
109605	1580	0.050095357
109605	4386	0.049952455
109741	1171	0.058531243
109741	4461	0.057858795
109741	3677	0.057660244
109741	679	0.057527274
109741	786	0.057401214
109741	36	0.05709289
109741	5872	0.05674377
109741	3002	0.056743704
109741	4735	0.056286145
109741	3448	0.05620259
109779	3135	0.04388213
109779	4336	0.043540813
109779	4471	0.04342155
109779	5054	0.043332845
109779	4007	0.043241203
109779	779	0.043033272
109779	1031	0.042835616
109779	471	0.042797368
109779	6803	0.042729914
109779	2868	0.04272987
109783	586	0.049042866
109783	1800	0.04851663
109783	3794	0.048456267
109783	1066	0.048313938
109783	3343	0.048224077
109783	3022	0.04793512
109783	6756	0.047875524
109783	6709	0.047671627
109783	3426	0.047671605
109783	1641	0.04761483
109864	3520	0.06563188
109864	210	0.06559691
109864	68	0.06543726
109864	2555	0.065371156
109864	213	0.06537108
109864	1177	0.0652134
109864	1947	0.06520611
109864	3445	0.0651754
109864	693	0.06503158
109864	486	0.06500929
109899	174	0.050563194
109899	1821	0.050563127
109899	1382	0.05056312
109899	803	0.05045616
109899	5254	0.05042166
109899	4432	0.050310735
109899	3213	0.050310675
109899	4882	0.050310664
109899	3359	0.050288763
109899	2063	0.050089184
109901	3315	0.047948256
109901	572	0.047772948
109901	5867	0.04731881
109901	3285	0.047299124
109901	350	0.046937145
109901	1073	0.04674749
109901	1446	0.04668176
109901	1105	0.04656846
109901	1596	0.046444036
109901	2290	0.0464173
109955	526	0.07890056
109955	1961	0.078206584
109955	715	0.07762854
109955	350	0.077453956
109955	4560	0.07719953
109955	1251	0.07669374
109955	1068	0.07655282
109955	5288	0.076367944
109955	2725	0.076205686
109955	456	0.076186694
110029	2050	0.067971975
110029	3078	0.067960516
110029	498	0.06789847
110029	2204	0.06744304
110029	4288	0.06740892
110029	3231	0.06731932
110029	2428	0.067319304
110029	4096	0.0673193
110029	2271	0.06731929
110029	5083	0.06731929
110040	1430	0.041724768
110040	5596	0.041674018
110040	1897	0.0416497
110040	934	0.04164965
110040	5568	0.041517347
110040	6158	0.041474517
110040	388	0.041409813
110040	227	0.041378774
110040	4235	0.04132018
110040	5864	0.041317917
110076	1504	0.045693185
110076	4026	0.045148887
110076	98	0.04496853
110076	4688	0.044937585
110076	930	0.04468522
110076	465	0.04468516
110076	3142	0.04468516
110076	2918	0.044594377
110076	978	0.044589065
110076	1249	0.044366315
110110	1976	0.041273236
110110	787	0.0410823
110110	5930	0.04107056
110110	5746	0.041010275
110110	1216	0.04101021
110110	4251	0.040962398
110110	6495	0.04093527
110110	6562	0.040935256
110110	205	0.04093525
110110	4699	0.040935244
110112	3135	0.049701683
110112	775	0.04930523
110112	1031	0.049037606
110112	621	0.04861402
110112	2714	0.048067182
110112	4937	0.047791205
110112	4007	0.04751707
110112	2546	0.047509994
110112	4572	0.047470488
110112	776	0.047442116
110160	546	0.05239012
110160	233	0.052272253
110160	6300	0.05209976
110160	83	0.051882014
110160	2129	0.051407278
110160	4215	0.051205955
110160	3498	0.05111841
110160	2775	0.051030353
110160	4132	0.051013168
110160	1670	0.050827302
110165	3943	0.060186498
110165	2456	0.059907846
110165	1020	0.059749544
110165	1154	0.059668258
110165	1902	0.05941885
110165	1800	0.059222594
110165	691	0.059173644
110165	1167	0.059113666
110165	4955	0.05901242
110165	3794	0.058974102
110208	5155	0.050122797
110208	1117	0.050122783
110208	2497	0.05012276
110208	981	0.0501199
110208	3083	0.04969307
110208	274	0.04962389
110208	503	0.04956585
110208	283	0.049526364
110208	1115	0.049506165
110208	1104	0.049127262
110214	885	0.041194636
110214	3077	0.041083116
110214	1357	0.040994477
110214	1903	0.04099439
110214	565	0.04097867
110214	558	0.040927563
110214	2440	0.04086924
110214	4620	0.04075074
110214	4850	0.040746488
110214	1263	0.04074146
110308	5409	0.035223793
110308	3929	0.03522379
110308	5753	0.035113573
110308	5584	0.035024542
110308	1277	0.034942843
110308	838	0.03494282
110308	868	0.034942806
110308	5547	0.034942806
110308	5101	0.03494279
110308	3435	0.034939133
110317	3133	0.07250883
110317	739	0.07217154
110317	474	0.071781486
110317	487	0.07144962
110317	1602	0.071384504
110317	5815	0.07127218
110317	2867	0.07127216
110317	20	0.07127215
110317	175	0.07086913
110317	3280	0.07085143
110361	4170	0.058609925
110361	3719	0.05859168
110361	5440	0.058591664
110361	3666	0.05859166
110361	3679	0.058574554
110361	6669	0.058532543
110361	4931	0.058337495
110361	413	0.05829934
110361	4885	0.058299303
110361	3713	0.05812954
110373	4549	0.05456403
110373	6566	0.054171354
110373	2427	0.05417128
110373	712	0.05416957
110373	1269	0.054169506
110373	777	0.054046825
110373	176	0.05404678
110373	778	0.053935464
110373	5863	0.053914703
110373	1270	0.0537935
110382	6774	0.04994292
110382	4871	0.04991077
110382	1684	0.049910747
110382	1866	0.04989727
110382	3582	0.04988964
110382	2390	0.04988963
110382	4237	0.04988963
110382	417	0.049869314
110382	684	0.04986929
110382	5329	0.049729466
110440	5508	0.047371883
110440	255	0.04730052
110440	3149	0.047229834
110440	967	0.04716644
110440	4574	0.04700889
110440	4327	0.04699535
110440	4725	0.046924636
110440	2046	0.0469108
110440	5664	0.046873957
110440	2943	0.04684714
110483	2029	0.048570536
110483	623	0.048511952
110483	5279	0.048461683
110483	839	0.048397288
110483	4127	0.04827074
110483	4774	0.048255518
110483	272	0.048253737
110483	6295	0.048243713
110483	5290	0.04821769
110483	5349	0.048133627
110493	1051	0.042331368
110493	6155	0.042331304
110493	4945	0.042306133
110493	5065	0.042289965
110493	5600	0.04227474
110493	1047	0.042211123
110493	2769	0.04216992
110493	5344	0.04216992
110493	3099	0.042128474
110493	5437	0.042113356
110558	1690	0.06485856
110558	414	0.06426689
110558	279	0.064243145
110558	1444	0.06409119
110558	2961	0.06409116
110558	2870	0.0640773
110558	320	0.063637525
110558	2327	0.063625425
110558	1387	0.06362535
110558	3056	0.06342307
110609	2387	0.05490031
110609	1713	0.054182455
110609	448	0.053807236
110609	1436	0.05374084
110609	1071	0.05341834
110609	613	0.05337955
110609	1574	0.05316191
110609	3581	0.05315289
110609	581	0.052860226
110609	1817	0.052786745
110700	3941	0.053912275
110700	3417	0.053615626
110700	621	0.05234891
110700	2611	0.052266363
110700	2158	0.05148507
110700	2706	0.05144891
110700	3269	0.051109806
110700	3135	0.050874088
110700	3977	0.05083601
110700	6445	0.050807726
110746	4183	0.052189402
110746	6130	0.051896915
110746	2203	0.051882174
110746	1880	0.05172135
110746	6574	0.0517001
110746	4496	0.051452458
110746	1193	0.05142664
110746	1426	0.051401973
110746	4583	0.051401943
110746	2575	0.051209215
110887	34	0.06820738
110887	5835	0.06807728
110887	1665	0.067921
110887	1035	0.067920975
110887	5321	0.067656465
110887	99	0.06763647
110887	2331	0.067497164
110887	644	0.067450345
110887	1426	0.06725426
110887	4583	0.067254215
110912	5760	0.06860635
110912	5387	0.06828189
110912	2738	0.06805049
110912	1572	0.06767631
110912	2229	0.06745069
110912	6382	0.06652495
110912	910	0.066468
110912	959	0.06646422
110912	1586	0.06644897
110912	4177	0.06625682
111133	435	0.06285521
111133	1320	0.06278513
111133	3769	0.06247288
111133	744	0.062445924
111133	6736	0.06244582
111133	5401	0.062075272
111133	3799	0.062011838
111133	6169	0.061924085
111133	2918	0.061662138
111133	1601	0.06161471
111166	459	0.04469324
111166	1602	0.044430703
111166	188	0.04438118
111166	5815	0.04424159
111166	20	0.044241585
111166	2867	0.044241562
111166	347	0.04422147
111166	739	0.044164848
111166	102	0.043929283
111166	1261	0.043585084
111174	18	0.07082267
111174	3438	0.07064973
111174	1627	0.07056366
111174	4181	0.07047939
111174	4639	0.070479326
111174	1578	0.07000754
111174	1391	0.06997144
111174	1753	0.06980123
111174	5574	0.06980121
111174	2068	0.0698012
111190	59	0.051600944
111190	619	0.05142572
111190	329	0.051425707
111190	1636	0.051059335
111190	170	0.05100274
111190	1249	0.05067861
111190	67	0.050671615
111190	440	0.050620772
111190	1329	0.05025444
111190	380	0.05017978
111241	170	0.05704987
111241	67	0.056562535
111241	202	0.056491807
111241	1626	0.05596155
111241	2795	0.05595823
111241	169	0.055954188
111241	540	0.05578328
111241	611	0.0557788
111241	4332	0.055730447
111241	910	0.055616185
111261	1817	0.075289056
111261	133	0.07528901
111261	1781	0.07523955
111261	1574	0.075063765
111261	6111	0.074974686
111261	3581	0.07495183
111261	41	0.0745845
111261	710	0.074516326
111261	448	0.074501745
111261	1713	0.07427654
111286	1816	0.074332714
111286	5617	0.07433267
111286	2555	0.07416293
111286	213	0.07416286
111286	308	0.07373561
111286	6390	0.07373554
111286	538	0.07373553
111286	1499	0.073725
111286	4356	0.073690094
111286	203	0.07364541
111390	2119	0.056684423
111390	1698	0.05640174
111390	286	0.056396678
111390	6703	0.056138143
111390	1774	0.056122996
111390	926	0.05592149
111390	1510	0.05564118
111390	4180	0.055641145
111390	1715	0.055558022
111390	5990	0.055256054
111438	2338	0.03498341
111438	6373	0.0349325
111438	3262	0.034913223
111438	5220	0.034891494
111438	6555	0.03485688
111438	5112	0.034769278
111438	793	0.034751587
111438	5598	0.034751575
111438	1299	0.03474044
111438	6038	0.034690443
111536	1690	0.07052483
111536	997	0.07039333
111536	2870	0.070393324
111536	1444	0.070052505
111536	2961	0.07005246
111536	279	0.06999116
111536	320	0.069662586
111536	414	0.069516495
111536	140	0.06920586
111536	4119	0.06917514
111578	2513	0.057756513
111578	2178	0.057309024
111578	350	0.057293814
111578	5867	0.05665146
111578	1248	0.05613298
111578	2290	0.055940792
111578	365	0.055880405
111578	456	0.055833288
111578	4560	0.055817224
111578	7	0.055606745
111634	4244	0.047431063
111634	1872	0.047431055
111634	4767	0.047431055
111634	6657	0.04743105
111634	5468	0.047431044
111634	4795	0.04743103
111634	4978	0.047431022
111634	1930	0.047431014
111634	6443	0.047431014
111634	4785	0.047431007
111637	5027	0.04513558
111637	1431	0.045135573
111637	2187	0.04513551
111637	6150	0.045049664
111637	2975	0.045008726
111637	1164	0.04500871
111637	4892	0.04500869
111637	1199	0.045008674
111637	4797	0.045008663
111637	2002	0.045008644
111733	3361	0.039161578
111733	5410	0.039161563
111733	3331	0.03916155
111733	2173	0.039161544
111733	4666	0.039025784
111733	4676	0.039025743
111733	3735	0.03902573
111733	1839	0.039016075
111733	3180	0.038993716
111733	2578	0.038993694
111816	3326	0.039342344
111816	3881	0.03934233
111816	5102	0.039342325
111816	5004	0.039316952
111816	5684	0.039188337
111816	3809	0.039145753
111816	2295	0.039145745
111816	6840	0.03913471
111816	1722	0.039134707
111816	4427	0.03912402
111847	3271	0.051357836
111847	166	0.051354405
111847	2277	0.051237814
111847	4723	0.051179018
111847	2773	0.051148675
111847	2754	0.051145606
111847	2603	0.051114224
111847	4455	0.05104814
111847	2275	0.051014215
111847	2111	0.05100745
111888	2040	0.04754218
111888	5573	0.04754207
111888	2514	0.04740316
111888	354	0.047394782
111888	1350	0.047157697
111888	5434	0.04705955
111888	5859	0.046460785
111888	3282	0.046134032
111888	6654	0.046088316
111888	463	0.046040803
111924	554	0.054290667
111924	2143	0.054290637
111924	2833	0.054290608
111924	1311	0.054233365
111924	2959	0.054233365
111924	325	0.05422984
111924	229	0.054122075
111924	1307	0.053905547
111924	5026	0.053845216
111924	2330	0.053401206
111938	5851	0.047405556
111938	2401	0.04738584
111938	6467	0.04736487
111938	5789	0.047219966
111938	810	0.047043137
111938	3168	0.046958566
111938	2933	0.046932124
111938	6506	0.04690479
111938	6718	0.046904653
111938	6593	0.046884187
111944	630	0.049178787
111944	6323	0.04917875
111944	5297	0.049115326
111944	561	0.049047053
111944	1754	0.04872108
111944	5162	0.048720986
111944	4619	0.04857365
111944	5947	0.048573628
111944	6414	0.04855732
111944	875	0.04851467
111947	6347	0.03759216
111947	2253	0.037568904
111947	277	0.03741388
111947	5043	0.03725709
111947	6591	0.03719383
111947	3474	0.037181392
111947	6635	0.03716853
111947	1410	0.037157424
111947	6133	0.037144464
111947	1632	0.037144404
112026	1055	0.05860956
112026	1867	0.058385465
112026	1185	0.058303893
112026	4458	0.058221083
112026	1773	0.058129467
112026	2369	0.058077484
112026	1490	0.058000088
112026	1680	0.057971865
112026	4867	0.05787035
112026	247	0.05779619
112083	397	0.044040233
112083	600	0.043755166
112083	1428	0.043653257
112083	1462	0.04360612
112083	628	0.04345738
112083	3104	0.043281198
112083	458	0.043218218
112083	500	0.04311879
112083	5662	0.043096945
112083	1284	0.043063328
112088	1185	0.048743233
112088	1680	0.04834778
112088	592	0.048207484
112088	653	0.04812634
112088	460	0.047838762
112088	3433	0.04778913
112088	5570	0.047775667
112088	1212	0.047775663
112088	1058	0.047756784
112088	2369	0.047500312
112093	1251	0.060654577
112093	440	0.06007881
112093	1068	0.06007166
112093	715	0.05995512
112093	1709	0.05974871
112093	1329	0.05971757
112093	1594	0.059443325
112093	2725	0.05942084
112093	5762	0.059063524
112093	971	0.058647677
112109	6582	0.048317753
112109	4345	0.04831774
112109	4652	0.048317738
112109	1002	0.048317723
112109	3771	0.048309557
112109	6897	0.048309557
112109	1996	0.048306387
112109	3351	0.04825753
112109	6609	0.048236378
112109	86	0.04823637
112148	2009	0.04954586
112148	1428	0.04938867
112148	628	0.049333483
112148	3718	0.049119182
112148	3796	0.049091347
112148	2179	0.04908173
112148	4868	0.049045514
112148	482	0.04899036
112148	637	0.048954446
112148	1781	0.048661817
112173	6445	0.04940591
112173	3570	0.04930814
112173	1242	0.04928106
112173	3417	0.049203135
112173	359	0.049088992
112173	2858	0.049055874
112173	3973	0.048813846
112173	776	0.048749387
112173	780	0.048717678
112173	2158	0.04861694
112199	5683	0.04702987
112199	5380	0.046797436
112199	151	0.04679738
112199	5225	0.046797346
112199	1200	0.046771336
112199	1766	0.04670743
112199	254	0.04660799
112199	4526	0.046494223
112199	3297	0.046436954
112199	311	0.046371162
112240	1359	0.049621128
112240	6461	0.04958742
112240	2287	0.049497865
112240	4298	0.04943969
112240	5644	0.04940595
112240	1452	0.04940252
112240	4766	0.049397428
112240	4008	0.04922106
112240	1723	0.04897932
112240	2135	0.048979294
112298	52	0.059950076
112298	3442	0.059950043
112298	3367	0.059924223
112298	189	0.05991606
112298	6427	0.059890203
112298	1114	0.0597936
112298	2197	0.05965807
112298	3527	0.05941903
112298	384	0.05941902
112298	1571	0.05941898
112401	3979	0.03852853
112401	4815	0.037901685
112401	4875	0.03777739
112401	1807	0.0375901
112401	3047	0.03748717
112401	5125	0.03743142
112401	1759	0.03732534
112401	2217	0.03731021
112401	5300	0.0372504
112401	2745	0.037196174
112402	52	0.049261276
112402	3442	0.04926125
112402	3367	0.049247198
112402	384	0.049060233
112402	3527	0.049060233
112402	1571	0.049060203
112402	4715	0.049046118
112402	189	0.048941214
112402	6427	0.048927125
112402	2197	0.048889723
112408	4334	0.04853999
112408	3789	0.04833499
112408	136	0.048286982
112408	291	0.048237327
112408	328	0.048237294
112408	1855	0.048196867
112408	2347	0.048196856
112408	4512	0.048149902
112408	145	0.048148945
112408	6032	0.048109572
112507	774	0.048959184
112507	183	0.04895763
112507	339	0.04891639
112507	341	0.04889871
112507	338	0.048898697
112507	1260	0.048898686
112507	5601	0.048898663
112507	2317	0.048855864
112507	537	0.048814677
112507	5879	0.048765637
112512	3209	0.06549602
112512	72	0.06549598
112512	2849	0.06531079
112512	1360	0.065310776
112512	5218	0.065241486
112512	5496	0.06524141
112512	6099	0.065158665
112512	4668	0.065156564
112512	2921	0.06490412
112512	1258	0.06490198
112541	5134	0.05342132
112541	440	0.053150635
112541	1329	0.05312643
112541	6211	0.053047318
112541	2704	0.052795373
112541	2857	0.05264768
112541	1056	0.052647658
112541	391	0.052574195
112541	5762	0.052533213
112541	560	0.05252239
112559	5254	0.04374401
112559	3359	0.043683738
112559	2545	0.043676093
112559	5340	0.043594547
112559	2063	0.0434983
112559	1328	0.043476842
112559	5675	0.04337183
112559	174	0.043291267
112559	1821	0.043291215
112559	1382	0.043291196
112590	3258	0.04412448
112590	6646	0.044124454
112590	662	0.043851364
112590	2352	0.043489017
112590	3029	0.04344235
112590	2820	0.04342854
112590	2289	0.043366197
112590	2064	0.04327263
112590	2346	0.04322569
112590	3819	0.043225683
112598	2044	0.06487704
112598	1492	0.06438401
112598	1947	0.064374074
112598	3433	0.06436418
112598	1205	0.064338975
112598	210	0.06433891
112598	404	0.064304195
112598	2120	0.06415276
112598	4968	0.0641049
112598	2555	0.06407434
112672	1178	0.053088773
112672	2392	0.052823756
112672	5001	0.052764423
112672	1540	0.052745786
112672	2354	0.05271563
112672	1390	0.05270914
112672	1765	0.05270914
112672	3482	0.052659437
112672	4617	0.052604213
112672	5961	0.052593186
112761	3747	0.04962898
112761	1613	0.04902561
112761	6240	0.048784457
112761	4880	0.048784398
112761	3275	0.048740834
112761	2485	0.04869724
112761	6497	0.048627324
112761	5886	0.048438363
112761	6271	0.048328042
112761	6296	0.048191033
112765	373	0.060150463
112765	2966	0.05982069
112765	774	0.05976753
112765	625	0.0594657
112765	3992	0.059437595
112765	341	0.05942429
112765	338	0.059424274
112765	1260	0.05942425
112765	5601	0.05942423
112765	3581	0.059424188
112818	3581	0.07801431
112818	1574	0.077669844
112818	1781	0.07694636
112818	1071	0.076896906
112818	1817	0.07681458
112818	133	0.07681452
112818	341	0.07680176
112818	338	0.07680174
112818	1260	0.07680169
112818	5601	0.07680164
112845	5951	0.063886255
112845	6590	0.063412815
112845	2066	0.063313864
112845	4178	0.062854856
112845	2022	0.06277234
112845	2732	0.06259969
112845	155	0.062297132
112845	84	0.06216061
112845	330	0.06216055
112845	6250	0.06189555
112881	1627	0.058125783
112881	301	0.058045335
112881	2554	0.05804532
112881	925	0.057996202
112881	1991	0.057891585
112881	5114	0.057871237
112881	6406	0.057809252
112881	5710	0.057688076
112881	2458	0.057679664
112881	1376	0.057422917
112914	5101	0.03578695
112914	5584	0.03565574
112914	5409	0.035561625
112914	3929	0.035561606
112914	1508	0.035550915
112914	2154	0.035550915
112914	871	0.035535306
112914	5577	0.035529613
112914	5671	0.035410233
112914	6408	0.035346784
112953	4584	0.051906742
112953	6513	0.051906664
112953	2891	0.051467646
112953	6286	0.0512505
112953	1148	0.051223576
112953	5622	0.051223572
112953	2183	0.051223528
112953	5164	0.050978776
112953	3610	0.050970532
112953	1978	0.050907068
112979	2575	0.056708302
112979	6130	0.056532454
112979	6574	0.056318928
112979	5108	0.05619563
112979	3299	0.05615657
112979	4796	0.055917688
112979	1426	0.055828605
112979	4583	0.05582858
112979	6454	0.055741865
112979	2203	0.055697344
113030	6099	0.07248154
113030	3209	0.07217709
113030	72	0.07217704
113030	2849	0.07212913
113030	1360	0.07212912
113030	3517	0.07206008
113030	2915	0.07206002
113030	5222	0.07206002
113030	3457	0.07205999
113030	2921	0.07192844
113259	2978	0.030062713
113259	2943	0.030022833
113259	2046	0.029912237
113259	4327	0.02989974
113259	231	0.029882323
113259	5335	0.02969597
113259	6115	0.0296438
113259	3787	0.02939263
113259	3195	0.02935974
113259	122	0.029297948
113270	3943	0.081490174
113270	500	0.08042
113270	1971	0.07920356
113270	3104	0.079028174
113270	85	0.07879381
113270	581	0.07878745
113270	3581	0.0787366
113270	2991	0.078440085
113270	1212	0.07838082
113270	5570	0.078380786
113279	3133	0.06587697
113279	1602	0.06524059
113279	739	0.06521348
113279	5815	0.064413354
113279	20	0.06441334
113279	2867	0.06441333
113279	102	0.06278627
113279	487	0.06260103
113279	1711	0.062319458
113279	347	0.0622919
113292	1516	0.06633054
113292	6143	0.06607859
113292	6562	0.06601151
113292	205	0.0660115
113292	4699	0.0660115
113292	713	0.066011444
113292	5930	0.06593599
113292	5746	0.06577802
113292	1216	0.06577791
113292	1976	0.065674156
113334	732	0.03944342
113334	733	0.039396152
113334	4213	0.039374158
113334	3673	0.039311543
113334	3691	0.03918989
113334	1101	0.03918155
113334	1882	0.03916785
113334	5546	0.039155025
113334	3320	0.03913431
113334	4340	0.039090283
113364	448	0.065007254
113364	6111	0.06488259
113364	693	0.06412293
113364	1817	0.064101644
113364	133	0.0641016
113364	2387	0.06409058
113364	2503	0.0639642
113364	407	0.06395821
113364	710	0.06391634
113364	581	0.06383077
113435	6619	0.04128041
113435	963	0.041260008
113435	6737	0.04083775
113435	4499	0.040793546
113435	6498	0.0406431
113435	1207	0.040460944
113435	5629	0.040191203
113435	6858	0.04011883
113435	3933	0.04005422
113435	2386	0.039992526
113475	1890	0.044148672
113475	193	0.04401341
113475	951	0.043979466
113475	1941	0.043973364
113475	5576	0.043953523
113475	1818	0.043953512
113475	3539	0.043953512
113475	3368	0.043816186
113475	307	0.043685474
113475	2318	0.04368547
113519	1616	0.062424056
113519	1942	0.062410586
113519	636	0.06201348
113519	2920	0.06201347
113519	2360	0.062013466
113519	3440	0.062013466
113519	1680	0.061961878
113519	550	0.061873395
113519	1023	0.061827376
113519	1772	0.06182737
113531	135	0.04820723
113531	2913	0.04814459
113531	5811	0.04810765
113531	1829	0.0480177
113531	1831	0.048017688
113531	3478	0.04792143
113531	4153	0.04781881
113531	3754	0.047745824
113531	4799	0.047728825
113531	3335	0.04766921
113602	5146	0.033442564
113602	4310	0.03339101
113602	3904	0.033307746
113602	5670	0.03326282
113602	2962	0.033260807
113602	4011	0.033239685
113602	3031	0.033214077
113602	1322	0.03317562
113602	5600	0.03316237
113602	221	0.033137374
113624	5835	0.046649862
113624	1426	0.046642452
113624	4583	0.04664243
113624	2371	0.046165552
113624	1514	0.046120804
113624	120	0.04606696
113624	673	0.046011195
113624	3814	0.045968592
113624	2887	0.045968577
113624	1665	0.04596636
113657	2966	0.046248414
113657	373	0.046002705
113657	625	0.04580191
113657	5417	0.04563863
113657	774	0.045636553
113657	4055	0.04555565
113657	2532	0.045477077
113657	2809	0.04547706
113657	3669	0.045477018
113657	3992	0.045474343
113661	649	0.047887366
113661	4134	0.047313273
113661	1179	0.047305338
113661	1956	0.04713592
113661	5448	0.046859916
113661	1183	0.04681646
113661	1576	0.04678542
113661	3520	0.046742097
113661	5270	0.046707876
113661	5591	0.04661278
113663	2079	0.059777178
113663	3259	0.059777174
113663	5679	0.059641015
113663	2848	0.059528768
113663	2335	0.05943075
113663	2116	0.05933632
113663	1318	0.05933107
113663	2972	0.059331045
113663	3965	0.059155453
113663	4111	0.059117388
113752	4773	0.059499465
113752	2119	0.05938208
113752	5693	0.059299856
113752	6429	0.059277426
113752	3035	0.05919177
113752	1774	0.059058316
113752	4732	0.059031874
113752	1698	0.05902481
113752	1510	0.059009477
113752	4180	0.059009448
113804	4132	0.03637989
113804	320	0.036277603
113804	2327	0.036217075
113804	1387	0.03621703
113804	331	0.036206827
113804	2698	0.036202103
113804	1526	0.035927996
113804	5361	0.03577222
113804	3552	0.035772193
113804	4905	0.03559194
113817	68	0.06684515
113817	693	0.0668322
113817	809	0.06673492
113817	4227	0.06665258
113817	691	0.066645
113817	85	0.06663956
113817	882	0.0666372
113817	4782	0.066637166
113817	1971	0.06663192
113817	637	0.06644452
113904	3300	0.054918293
113904	2178	0.054662034
113904	4560	0.05389841
113904	6719	0.05380007
113904	6430	0.053520218
113904	526	0.053384274
113904	3775	0.053105652
113904	1961	0.053009372
113904	341	0.052981213
113904	338	0.052981198
113944	4549	0.048022404
113944	777	0.04795546
113944	176	0.047955424
113944	2950	0.047484472
113944	712	0.047251005
113944	1269	0.047250934
113944	3691	0.047159735
113944	1964	0.047064982
113944	2545	0.046815574
113944	1447	0.0468036
113955	2828	0.055475302
113955	2840	0.05545023
113955	2520	0.055418104
113955	6551	0.05540523
113955	2569	0.055184543
113955	5637	0.055184525
113955	3699	0.05518446
113955	510	0.05518072
113955	4418	0.055180676
113955	2013	0.055052325
113966	5246	0.03978008
113966	283	0.039687883
113966	3206	0.039575543
113966	1102	0.03956146
113966	1118	0.039561376
113966	2706	0.03923086
113966	1597	0.03921661
113966	6636	0.03915812
113966	2770	0.03910687
113966	1460	0.03909844
113983	3855	0.058454044
113983	3458	0.0583694
113983	1708	0.058223076
113983	626	0.05821761
113983	4913	0.05821243
113983	6430	0.05811906
113983	1602	0.05771423
113983	186	0.057657246
113983	3877	0.05761676
113983	1493	0.057496857
114007	526	0.05743207
114007	5288	0.057206832
114007	4560	0.057120353
114007	1961	0.056877665
114007	456	0.056871414
114007	2267	0.056446604
114007	4307	0.05633273
114007	365	0.055862136
114007	2950	0.05568923
114007	973	0.055643607
114075	2387	0.06374529
114075	448	0.06364851
114075	1817	0.063595176
114075	133	0.06359512
114075	6111	0.06325104
114075	1781	0.063029364
114075	3581	0.06280701
114075	85	0.06261341
114075	2503	0.06253279
114075	500	0.062457796
114085	3774	0.049270805
114085	1612	0.04915893
114085	2866	0.048841454
114085	6808	0.04877735
114085	3487	0.048589952
114085	4136	0.04811293
114085	5639	0.0480242
114085	3484	0.0478663
114085	4573	0.04769247
114085	2361	0.047373667
114089	6648	0.03927504
114089	1861	0.039094545
114089	3767	0.038834978
114089	4631	0.03878677
114089	1097	0.038702022
114089	3674	0.03861332
114089	5008	0.038613126
114089	506	0.03854374
114089	5457	0.03849495
114089	3399	0.038416337
114178	2821	0.05218552
114178	6099	0.051949568
114178	278	0.051929004
114178	2208	0.051928993
114178	5166	0.051928986
114178	1737	0.051928982
114178	4230	0.05192897
114178	3954	0.051928937
114178	356	0.0517852
114178	3209	0.05170785
114200	1051	0.05664707
114200	6155	0.056646988
114200	2769	0.05663029
114200	5344	0.056630284
114200	3867	0.05646363
114200	4945	0.056327373
114200	3405	0.056307405
114200	4808	0.056290656
114200	639	0.056127295
114200	4330	0.056127265
114216	5332	0.05782916
114216	63	0.05782912
114216	147	0.057651024
114216	4513	0.057650972
114216	6760	0.05758494
114216	1729	0.05757089
114216	5039	0.057566512
114216	1739	0.057566475
114216	2333	0.057406858
114216	159	0.057406824
114217	708	0.05241469
114217	434	0.052414637
114217	971	0.052309915
114217	2725	0.051997047
114217	5815	0.05174148
114217	20	0.051741466
114217	2867	0.051741436
114217	3064	0.051630393
114217	1709	0.051529445
114217	158	0.051512208
114258	637	0.042610675
114258	2366	0.042589687
114258	628	0.042585857
114258	824	0.04256488
114258	1428	0.04236719
114258	1397	0.041902725
114258	4227	0.041878004
114258	2197	0.041843183
114258	5559	0.041799627
114258	397	0.04162059
114265	800	0.035855368
114265	4549	0.03561451
114265	777	0.035537615
114265	176	0.035537586
114265	2516	0.035527173
114265	1964	0.035499334
114265	1264	0.035462487
114265	2692	0.035435364
114265	2710	0.03542205
114265	4982	0.035297006
114279	3121	0.05265002
114279	5858	0.05244039
114279	2932	0.05229628
114279	2851	0.052048944
114279	5164	0.05204884
114279	5396	0.052048136
114279	956	0.051983766
114279	2953	0.05198373
114279	5901	0.051924773
114279	4049	0.051916268
114306	600	0.054502685
114306	5730	0.05439387
114306	941	0.054326538
114306	1369	0.0542691
114306	643	0.054269075
114306	6709	0.054043766
114306	3426	0.054043744
114306	3022	0.053918973
114306	927	0.05372023
114306	3523	0.053694464
114378	140	0.059016135
114378	892	0.058968082
114378	1526	0.058835313
114378	5361	0.058792353
114378	3552	0.058792315
114378	1690	0.058638915
114378	4119	0.058584847
114378	2327	0.058247797
114378	1387	0.05824772
114378	1862	0.057896987
114414	6382	0.04970133
114414	4883	0.049132507
114414	1796	0.04895948
114414	5387	0.048856743
114414	2738	0.04871764
114414	6169	0.048359677
114414	526	0.04824871
114414	365	0.048244465
114414	3919	0.048170086
114414	2229	0.04808895
114444	2725	0.059204422
114444	1268	0.058836885
114444	971	0.05879554
114444	1527	0.058648236
114444	1709	0.058250472
114444	169	0.058241416
114444	2795	0.057703286
114444	4332	0.05763206
114444	1961	0.057523564
114444	611	0.057435494
114446	586	0.06257258
114446	1066	0.062434055
114446	1800	0.062240355
114446	3794	0.06195104
114446	1897	0.061344553
114446	934	0.0613445
114446	6756	0.06119907
114446	3517	0.061089143
114446	2915	0.061089102
114446	5222	0.061089087
114452	6406	0.04428784
114452	1402	0.044102818
114452	301	0.044040315
114452	2554	0.0440403
114452	6251	0.04389882
114452	3730	0.04374282
114452	1627	0.04361267
114452	5561	0.043611463
114452	741	0.04358257
114452	1367	0.04358256
114483	4990	0.040420868
114483	3060	0.040219985
114483	3181	0.04007026
114483	3752	0.03989126
114483	4810	0.039765142
114483	3842	0.039696362
114483	4969	0.039656766
114483	2831	0.039294027
114483	4615	0.03928671
114483	3293	0.039234415
114498	1817	0.080399305
114498	133	0.08039926
114498	1781	0.08031127
114498	3581	0.07992131
114498	6111	0.07972351
114498	448	0.07934762
114498	3796	0.07920686
114498	2387	0.07892913
114498	341	0.07873769
114498	1260	0.07873763
114544	4458	0.073671296
114544	5140	0.07299453
114544	879	0.071808204
114544	575	0.07165067
114544	3433	0.07154438
114544	2574	0.07108706
114544	2044	0.07070266
114544	3616	0.070585966
114544	1179	0.07046312
114544	645	0.070036456
114581	2951	0.047602616
114581	1884	0.047598034
114581	1627	0.04739071
114581	5114	0.04713597
114581	4401	0.047078595
114581	929	0.04705655
114581	6093	0.047056522
114581	925	0.047024302
114581	1376	0.046919767
114581	1660	0.04686651
114634	814	0.07440804
114634	1220	0.07397731
114634	2156	0.07394047
114634	503	0.073741645
114634	3083	0.07336352
114634	274	0.07330989
114634	1115	0.07313526
114634	991	0.072915435
114634	981	0.0720678
114634	6795	0.07167188
114643	3336	0.07272853
114643	6918	0.0725559
114643	1094	0.072405934
114643	1045	0.07240587
114643	1725	0.07240586
114643	6554	0.07238801
114643	4175	0.07238799
114643	3180	0.07235021
114643	2578	0.072350174
114643	3361	0.07232644
114662	4569	0.04769649
114662	1573	0.047277182
114662	6058	0.047093954
114662	4815	0.04703793
114662	3344	0.047010437
114662	488	0.04699294
114662	2364	0.046737306
114662	6654	0.046435654
114662	206	0.046406347
114662	4573	0.046366945
114742	5813	0.054209672
114742	4818	0.05417932
114742	3993	0.05404795
114742	5160	0.053907447
114742	2073	0.05359052
114742	2705	0.053486038
114742	2714	0.053349786
114742	822	0.05334927
114742	3976	0.053323224
114742	4386	0.053314783
114813	6674	0.06358713
114813	4269	0.063438766
114813	504	0.06306858
114813	2823	0.062923476
114813	3064	0.06262002
114813	708	0.061758168
114813	434	0.061758116
114813	2156	0.061407663
114813	1640	0.06108787
114813	2398	0.06108786
114868	1320	0.048185498
114868	744	0.04790524
114868	6736	0.047905173
114868	1796	0.047815695
114868	3799	0.04778496
114868	5401	0.047676846
114868	6169	0.047549732
114868	1219	0.046998642
114868	3919	0.04665955
114868	1203	0.046615355
114893	456	0.051239748
114893	4560	0.050997093
114893	5288	0.05097022
114893	365	0.050681762
114893	2267	0.050577015
114893	3532	0.050421156
114893	4066	0.05008711
114893	6249	0.04991402
114893	1891	0.049771797
114893	40	0.049710512
115002	3859	0.060080275
115002	5240	0.060034752
115002	771	0.060034744
115002	2305	0.05976899
115002	5924	0.059768103
115002	6131	0.059757784
115002	3023	0.059691947
115002	4801	0.059662633
115002	2616	0.059514794
115002	640	0.059415296
115003	610	0.046348806
115003	6251	0.046260506
115003	301	0.046216115
115003	2328	0.046089098
115003	3462	0.04608909
115003	6406	0.046062026
115003	6869	0.046011038
115003	1402	0.046008803
115003	5710	0.046007663
115003	1415	0.045984305
115097	5801	0.03521018
115097	369	0.03509316
115097	5073	0.035035904
115097	4446	0.034941524
115097	2111	0.034884248
115097	6698	0.034884244
115097	6831	0.034884237
115097	4723	0.034875035
115097	4469	0.03482322
115097	2754	0.034710042
115120	1329	0.047487713
115120	440	0.047262885
115120	1594	0.046982996
115120	3217	0.046623867
115120	5134	0.04643536
115120	1068	0.046361946
115120	170	0.046261087
115120	3144	0.046038926
115120	1401	0.046038885
115120	4332	0.046028923
115150	5570	0.062302493
115150	1212	0.062302485
115150	1947	0.062011294
115150	1492	0.061274953
115150	1286	0.061266057
115150	1971	0.061246943
115150	1289	0.061239846
115150	1177	0.061101425
115150	693	0.061065853
115150	691	0.060912386
115180	6211	0.049341824
115180	1453	0.04911924
115180	2704	0.048752453
115180	4729	0.048627436
115180	1589	0.04846177
115180	1044	0.048323184
115180	4442	0.048162535
115180	5762	0.048028164
115180	2697	0.0478938
115180	560	0.047871158
115224	1709	0.048328444
115224	715	0.04814187
115224	2744	0.047961988
115224	1251	0.047936056
115224	507	0.047894567
115224	5230	0.04787144
115224	1599	0.047325365
115224	4442	0.047258347
115224	5762	0.047235027
115224	589	0.04720513
115435	5730	0.03405724
115435	1369	0.034052648
115435	643	0.034052633
115435	3587	0.033994228
115435	4279	0.033994216
115435	1084	0.033866085
115435	5328	0.033866078
115435	1634	0.03385205
115435	5216	0.033852033
115435	1934	0.033685505
115490	1251	0.044849575
115490	715	0.04465534
115490	440	0.044035766
115490	1068	0.044026047
115490	1594	0.04400213
115490	1961	0.043627195
115490	1329	0.04361985
115490	526	0.043353852
115490	1709	0.04329642
115490	1783	0.04302731
115503	612	0.046189327
115503	3787	0.04600385
115503	2046	0.04585198
115503	5664	0.045657452
115503	2837	0.04553245
115503	5335	0.045489848
115503	335	0.04532176
115503	728	0.045169897
115503	2943	0.04516474
115503	5508	0.045050703
115537	1076	0.04973359
115537	613	0.049301177
115537	2387	0.049267672
115537	448	0.049225993
115537	2503	0.04903151
115537	3443	0.048978254
115537	2991	0.0488375
115537	1436	0.04871194
115537	6111	0.048341013
115537	1492	0.04811736
115552	267	0.04958426
115552	3359	0.04941243
115552	1328	0.04930748
115552	6250	0.04913199
115552	451	0.049056143
115552	5340	0.049052723
115552	2732	0.048977934
115552	997	0.04895149
115552	2870	0.04895148
115552	1626	0.048934124
115572	3209	0.046662107
115572	72	0.046662077
115572	5218	0.046634033
115572	5496	0.046633985
115572	5010	0.046452276
115572	571	0.046424225
115572	4668	0.045981035
115572	1258	0.04595291
115572	3928	0.045952894
115572	1962	0.045952875
115679	6489	0.038309097
115679	1873	0.038076736
115679	1794	0.038028095
115679	3221	0.0379408
115679	3219	0.037875142
115679	3008	0.037866607
115679	1664	0.037779123
115679	1551	0.037726037
115679	6273	0.03770765
115679	3327	0.03770759
115692	3361	0.056084607
115692	5410	0.05608459
115692	2173	0.056084584
115692	3331	0.056084573
115692	1296	0.05593867
115692	3452	0.055876926
115692	6918	0.05566942
115692	5676	0.055523545
115692	3696	0.0555214
115692	4666	0.055516362
115700	1430	0.06051219
115700	1897	0.06021116
115700	5568	0.06017019
115700	5596	0.060070165
115700	388	0.059882622
115700	4483	0.059720915
115700	3421	0.05972088
115700	5927	0.059720825
115700	4924	0.05972082
115700	6839	0.0597208
115759	4211	0.031910546
115759	6399	0.031876378
115759	797	0.03182318
115759	4445	0.03178203
115759	2896	0.03170862
115759	6681	0.031693205
115759	6235	0.03169316
115759	2597	0.031625096
115759	3500	0.031625077
115759	795	0.031625073
115833	6418	0.039728045
115833	4065	0.039708152
115833	3792	0.03969614
115833	1132	0.039696135
115833	228	0.039696127
115833	2682	0.039599054
115833	4545	0.039463907
115833	3037	0.039390538
115833	3346	0.039213866
115833	3513	0.039204706
115874	1477	0.047110654
115874	3902	0.047022
115874	563	0.0468702
115874	2998	0.046870146
115874	3826	0.04685416
115874	6372	0.046827726
115874	4482	0.04682769
115874	1481	0.04670255
115874	5655	0.04654377
115874	5861	0.046335805
115907	6161	0.058028817
115907	1034	0.058028795
115907	3959	0.058028787
115907	3041	0.05802875
115907	555	0.058028743
115907	1394	0.058028728
115907	3040	0.058028728
115907	1787	0.058028705
115907	3021	0.05796635
115907	6301	0.05796635
115929	769	0.04606186
115929	4311	0.045774475
115929	3202	0.045774467
115929	5333	0.045774467
115929	4934	0.04577444
115929	3488	0.045682162
115929	4911	0.04564269
115929	30	0.045525685
115929	4079	0.04545433
115929	5317	0.045413848
115953	3201	0.040267378
115953	5923	0.040091224
115953	4731	0.039678324
115953	6484	0.039583605
115953	3680	0.03941368
115953	6887	0.03940022
115953	2301	0.039399188
115953	482	0.039371185
115953	4246	0.03932157
115953	2996	0.039200343
115956	4895	0.031000856
115956	2850	0.031000815
115956	3567	0.030865371
115956	3548	0.030861806
115956	4903	0.030816367
115956	266	0.030816358
115956	2418	0.030813025
115956	3566	0.030813016
115956	3436	0.030767802
115956	344	0.0307579
115963	3690	0.034606695
115963	5423	0.03453147
115963	2010	0.034444623
115963	3071	0.03443369
115963	1662	0.034369454
115963	5696	0.034369454
115963	6417	0.03436941
115963	3588	0.03431028
115963	311	0.034300204
115963	3364	0.034249373
115971	707	0.0371952
115971	4768	0.036864173
115971	5054	0.036835104
115971	4336	0.036833197
115971	720	0.036708176
115971	2158	0.03634363
115971	3973	0.03625465
115971	3198	0.0361988
115971	831	0.03618456
115971	2541	0.0361342
115997	6376	0.043313347
115997	5463	0.043313306
115997	6232	0.043218836
115997	5312	0.04320012
115997	8	0.043200105
115997	4043	0.043200087
115997	2265	0.043199033
115997	2076	0.043199006
115997	5090	0.043181885
115997	854	0.043163244
115998	541	0.05342313
115998	1458	0.05342311
115998	168	0.05342309
115998	6544	0.05342309
115998	4034	0.053313155
115998	1593	0.053313144
115998	4703	0.05331313
115998	6918	0.05319216
115998	1451	0.053175546
115998	2173	0.05308225
116005	3678	0.045686077
116005	1396	0.04568606
116005	965	0.04568605
116005	1747	0.04568604
116005	5604	0.04542495
116005	646	0.045349024
116005	5414	0.045349017
116005	5953	0.045349017
116005	6160	0.04530118
116005	696	0.045265235
116090	329	0.06332657
116090	619	0.06332657
116090	59	0.063258305
116090	1854	0.06325363
116090	1851	0.063030995
116090	1636	0.06285235
116090	77	0.06258625
116090	15	0.06257129
116090	727	0.06253268
116090	999	0.062346853
116122	4939	0.048296392
116122	842	0.04820572
116122	4025	0.048164483
116122	4535	0.04816448
116122	2160	0.048164465
116122	4561	0.048110485
116122	921	0.048110474
116122	6000	0.048069105
116122	4572	0.047991097
116122	1275	0.0479827
116123	3367	0.041219532
116123	109	0.041123107
116123	1893	0.041123066
116123	3124	0.04112306
116123	588	0.041123033
116123	4890	0.04112301
116123	3410	0.041123006
116123	5688	0.041123006
116123	6146	0.04109779
116123	6427	0.040983662
116183	3678	0.04726047
116183	965	0.04726044
116183	1396	0.047260433
116183	1747	0.047260426
116183	1086	0.047197968
116183	6404	0.047197945
116183	1347	0.04719793
116183	1980	0.047197916
116183	4770	0.04719785
116183	4053	0.04703012
116249	779	0.046165615
116249	885	0.04540312
116249	1011	0.045361057
116249	5686	0.045221075
116249	2826	0.04521773
116249	471	0.04501363
116249	6803	0.044955995
116249	2868	0.04495596
116249	480	0.04455182
116249	3135	0.044536315
116301	1904	0.04884891
116301	5604	0.048838906
116301	3678	0.048822924
116301	1747	0.048822887
116301	1396	0.048822884
116301	965	0.04882288
116301	899	0.04878629
116301	278	0.048776194
116301	2208	0.04877618
116301	5166	0.048776165
116313	3177	0.048897333
116313	1743	0.048897274
116313	777	0.04888557
116313	176	0.04888553
116313	2545	0.04879374
116313	5340	0.04879241
116313	712	0.048759066
116313	1269	0.048759
116313	4549	0.048625454
116313	5675	0.048180655
116395	5570	0.06080884
116395	1947	0.06028644
116395	1971	0.060135648
116395	691	0.059707835
116395	809	0.05960596
116395	693	0.059384882
116395	1286	0.059337206
116395	1492	0.059323438
116395	3943	0.05917021
116395	1289	0.059151895
116428	2024	0.067259744
116428	415	0.06723063
116428	636	0.067191824
116428	2920	0.067191824
116428	2360	0.06719181
116428	3440	0.06719181
116428	604	0.06713766
116428	2480	0.066902846
116428	5114	0.06689316
116428	1033	0.06686404
116433	3970	0.04587149
116433	2903	0.04587148
116433	6672	0.04580896
116433	6324	0.045740493
116433	4420	0.045565583
116433	1482	0.045547076
116433	3163	0.045386
116433	4085	0.045366216
116433	3019	0.045354597
116433	6336	0.045337427
116521	5618	0.0600113
116521	2744	0.059974223
116521	5205	0.05964006
116521	4284	0.059518635
116521	95	0.059479214
116521	4437	0.059443884
116521	1789	0.059403367
116521	2981	0.05921291
116521	3400	0.059132233
116521	1271	0.05906771
116537	3626	0.04190742
116537	5260	0.041618746
116537	6337	0.041602634
116537	3175	0.041599516
116537	5682	0.04145033
116537	4154	0.04140863
116537	381	0.04139009
116537	6834	0.041329376
116537	3463	0.04131499
116537	4035	0.041287288
116549	1291	0.071389005
116549	2469	0.07123096
116549	2918	0.07104632
116549	240	0.070987724
116549	407	0.070934996
116549	85	0.07085189
116549	5936	0.070779465
116549	552	0.07077943
116549	809	0.07077615
116549	930	0.070772916
116582	6524	0.053263213
116582	3574	0.053263173
116582	3800	0.053263165
116582	1900	0.052838612
116582	4267	0.052838534
116582	3655	0.052803867
116582	1152	0.05280385
116582	5831	0.052803837
116582	6266	0.052773595
116582	109	0.052692465
116599	2164	0.044549897
116599	1995	0.04450588
116599	3277	0.044435
116599	3276	0.04427342
116599	2644	0.04424858
116599	6853	0.04424548
116599	2619	0.044245444
116599	1992	0.044233
116599	4445	0.044174492
116599	4503	0.044124812
116758	1952	0.060051672
116758	5001	0.059732735
116758	5833	0.05966276
116758	3482	0.059661403
116758	4433	0.05912426
116758	2354	0.059105434
116758	2201	0.05906808
116758	314	0.059046343
116758	415	0.0590254
116758	636	0.05895411
116816	1261	0.057722695
116816	2883	0.056886014
116816	3056	0.05641085
116816	459	0.05638155
116816	1444	0.056032047
116816	2961	0.056032
116816	1436	0.055906884
116816	414	0.05572699
116816	606	0.055655282
116816	127	0.055623185
116866	1462	0.036278516
116866	3104	0.03625164
116866	1284	0.03609363
116866	500	0.036077235
116866	397	0.03594936
116866	458	0.035889015
116866	1428	0.035763577
116866	85	0.035704914
116866	883	0.03570485
116866	4438	0.03570485
116897	3589	0.04751731
116897	1288	0.047402605
116897	2544	0.047402468
116897	3014	0.04739557
116897	6450	0.047242336
116897	5203	0.047177203
116897	4172	0.04709001
116897	5804	0.047029942
116897	2949	0.047014702
116897	1697	0.046969734
116904	6111	0.051688485
116904	1817	0.05156713
116904	133	0.051567122
116904	637	0.05138828
116904	4710	0.051386565
116904	4247	0.051365122
116904	85	0.05124661
116904	4227	0.05122509
116904	882	0.05104459
116904	4782	0.051044576
116931	4375	0.041505083
116931	6676	0.04139401
116931	4280	0.041359954
116931	2902	0.04126469
116931	4645	0.041207157
116931	4171	0.041096054
116931	4585	0.041006938
116931	5813	0.0409082
116931	6220	0.040839422
116931	1480	0.04082682
117092	194	0.05307724
117092	5602	0.053068757
117092	3674	0.05261939
117092	4834	0.052239906
117092	3399	0.052211307
117092	1422	0.052083667
117092	3337	0.05186919
117092	4798	0.051859513
117092	4236	0.05168271
117092	6637	0.051657405
117111	2710	0.057230733
117111	1264	0.057073668
117111	1708	0.057037394
117111	1617	0.056911357
117111	487	0.056839876
117111	620	0.05682934
117111	2692	0.056812864
117111	102	0.056667227
117111	474	0.056227915
117111	739	0.055586368
117115	4483	0.042309653
117115	3421	0.04230964
117115	5927	0.042309605
117115	4924	0.042309597
117115	6839	0.042309586
117115	3517	0.04225008
117115	2915	0.042250056
117115	5222	0.042250056
117115	3457	0.04225003
117115	4825	0.042112637
117132	4972	0.049616635
117132	4414	0.049565196
117132	3503	0.04947088
117132	2680	0.049350627
117132	5609	0.049198028
117132	1388	0.048996843
117132	219	0.04894606
117132	6085	0.04890302
117132	2728	0.048895538
117132	4400	0.04889258
117251	1376	0.069324136
117251	929	0.06908643
117251	6093	0.06908639
117251	2971	0.06890939
117251	5710	0.0688067
117251	301	0.06862223
117251	2554	0.06862222
117251	1907	0.068609186
117251	1259	0.06860918
117251	1965	0.06860918
117255	3497	0.048727483
117255	4349	0.048552684
117255	2652	0.048552677
117255	4567	0.048552655
117255	47	0.048552625
117255	5560	0.048390992
117255	6645	0.048385017
117255	1530	0.04830451
117255	4440	0.04830448
117255	4929	0.048304472
117256	2978	0.035350192
117256	531	0.03530457
117256	1388	0.03503862
117256	3526	0.035032436
117256	6115	0.03498113
117256	4933	0.0349356
117256	5761	0.03475477
117256	5252	0.034741677
117256	3752	0.034703836
117256	2035	0.034494225
117318	1076	0.066564985
117318	2883	0.06643137
117318	879	0.06622314
117318	606	0.066064
117318	1261	0.06594828
117318	3443	0.06586387
117318	1436	0.065039106
117318	3056	0.06501441
117318	1444	0.06469043
117318	2387	0.06459294
117384	5572	0.060838327
117384	4028	0.0608383
117384	3651	0.060838297
117384	4913	0.060573004
117384	5417	0.060318038
117384	2532	0.060290925
117384	2809	0.060290895
117384	3669	0.06029087
117384	206	0.060271747
117384	1510	0.06005333
117396	448	0.054141276
117396	1261	0.054027636
117396	581	0.053900525
117396	1436	0.053861093
117396	3443	0.053760156
117396	2883	0.053754795
117396	6111	0.05363062
117396	70	0.053413134
117396	5404	0.05341311
117396	2387	0.053364962
117489	1091	0.056673344
117489	6761	0.05659275
117489	2732	0.056550365
117489	1309	0.056472108
117489	259	0.05645501
117489	4178	0.056410313
117489	2080	0.056410253
117489	5586	0.056328434
117489	892	0.05623231
117489	6590	0.056157574
117539	1817	0.070709735
117539	133	0.07070971
117539	85	0.07067612
117539	693	0.07066773
117539	6111	0.070400834
117539	1781	0.06996022
117539	500	0.069952235
117539	448	0.06982089
117539	4710	0.06981355
117539	4227	0.0695964
117553	611	0.043095097
117553	1626	0.043009266
117553	1444	0.04268983
117553	2961	0.042689793
117553	1261	0.04255451
117553	2795	0.04251524
117553	160	0.04248109
117553	3056	0.042474322
117553	127	0.042443793
117553	451	0.04242035
117557	4763	0.063373566
117557	1589	0.06294629
117557	6176	0.062769674
117557	3986	0.06258218
117557	3255	0.062365253
117557	3010	0.062261164
117557	1460	0.061738603
117557	2706	0.061722834
117557	5246	0.06131841
117557	1102	0.061214454
117577	1185	0.063738555
117577	1058	0.06336114
117577	653	0.06322948
117577	1055	0.063045554
117577	665	0.06295196
117577	1773	0.06294694
117577	449	0.0629028
117577	4458	0.06277612
117577	2369	0.062665276
117577	781	0.06243647
117594	227	0.042886984
117594	4235	0.04273933
117594	978	0.042701732
117594	6158	0.042527676
117594	5864	0.04243195
117594	1430	0.04240883
117594	862	0.042400997
117594	5737	0.04215865
117594	5568	0.04214496
117594	2918	0.04213676
117683	6541	0.032362513
117683	2475	0.032362506
117683	4421	0.032251287
117683	1479	0.032185595
117683	132	0.03218559
117683	3034	0.03207435
117683	6616	0.032029744
117683	131	0.032021426
117683	5200	0.032021426
117683	4735	0.03196693
117700	5961	0.04497596
117700	4182	0.044975925
117700	4037	0.044975914
117700	1417	0.044746205
117700	1556	0.044746183
117700	201	0.04474618
117700	1029	0.044746164
117700	3716	0.044746146
117700	3111	0.044720374
117700	308	0.04468412
117738	6918	0.055705078
117738	5676	0.05562105
117738	541	0.055466074
117738	6544	0.055466045
117738	1458	0.05546604
117738	168	0.055466026
117738	2333	0.055439577
117738	159	0.05543955
117738	3361	0.055389747
117738	2173	0.055389725
117873	1627	0.054630265
117873	925	0.0546096
117873	604	0.054433092
117873	5114	0.05435326
117873	2024	0.05417673
117873	2480	0.053808086
117873	18	0.05377631
117873	1391	0.053678606
117873	1033	0.053666763
117873	938	0.05366675
117925	2386	0.057142187
117925	3055	0.057072643
117925	3112	0.05707261
117925	3494	0.056823246
117925	1898	0.056823194
117925	4207	0.056782432
117925	6737	0.056739092
117925	2169	0.056737345
117925	1141	0.056727797
117925	4244	0.056696873
117963	166	0.03722981
117963	6138	0.03707112
117963	2603	0.037017815
117963	362	0.036838897
117963	5159	0.03681776
117963	4819	0.036807597
117963	271	0.036807038
117963	5458	0.03674317
117963	4701	0.03673038
117963	6651	0.036730357
118101	406	0.0909933
118101	1193	0.09042132
118101	645	0.090225846
118101	3909	0.0902258
118101	1592	0.0894326
118101	5792	0.088854656
118101	692	0.0883226
118101	243	0.08808264
118101	1389	0.087954074
118101	5771	0.08782791
118135	3794	0.055696823
118135	1800	0.055154204
118135	586	0.054875813
118135	6709	0.054587506
118135	3426	0.054587476
118135	3022	0.054473594
118135	1066	0.05406315
118135	941	0.054022375
118135	3523	0.053814553
118135	5858	0.053629942
118228	1212	0.05831557
118228	5570	0.05831556
118228	3943	0.057308618
118228	1286	0.05722123
118228	1971	0.05699027
118228	1058	0.05698424
118228	691	0.056961633
118228	1947	0.05678593
118228	1185	0.056550317
118228	404	0.05651454
118275	6497	0.04747323
118275	5891	0.047102366
118275	2614	0.047099635
118275	2607	0.047051765
118275	6296	0.047026195
118275	6639	0.046997435
118275	3747	0.04674669
118275	6640	0.046721354
118275	2615	0.046652563
118275	4092	0.04647575
118320	340	0.046108894
118320	5390	0.0459207
118320	886	0.04591365
118320	3169	0.045808002
118320	2966	0.04570078
118320	339	0.04556172
118320	1463	0.045461487
118320	481	0.045423195
118320	2836	0.045365877
118320	2232	0.045362003
118344	367	0.03966102
118344	1852	0.039661
118344	6141	0.03966099
118344	3858	0.039616566
118344	2700	0.039595343
118344	327	0.039595332
118344	3951	0.039595332
118344	2332	0.03954114
118344	3321	0.039534137
118344	5285	0.039523914
118414	5892	0.043093625
118414	6638	0.04309359
118414	3863	0.043048233
118414	253	0.04304821
118414	3502	0.043048203
118414	601	0.04304817
118414	4022	0.043048166
118414	5938	0.043048166
118414	686	0.04304816
118414	3816	0.04304816
118422	1516	0.041948963
118422	6486	0.04194735
118422	941	0.041933443
118422	600	0.041920364
118422	627	0.041726403
118422	5730	0.041653067
118422	6709	0.041645307
118422	3426	0.041645292
118422	4842	0.04157791
118422	6143	0.041564636
118434	3380	0.04734667
118434	1428	0.047125503
118434	6317	0.04708437
118434	824	0.047042117
118434	628	0.04700579
118434	4286	0.04693339
118434	1751	0.046917163
118434	6887	0.046889227
118434	2366	0.046863217
118434	637	0.04682691
118484	5340	0.041573077
118484	5675	0.04134983
118484	2064	0.04132406
118484	1328	0.041262962
118484	2545	0.041144617
118484	712	0.04108078
118484	1269	0.04108072
118484	2022	0.04098887
118484	195	0.040936146
118484	675	0.040873647
118489	2918	0.065110065
118489	930	0.06504364
118489	465	0.06504357
118489	3142	0.06504357
118489	978	0.064935744
118489	4026	0.06425419
118489	2951	0.063552275
118489	435	0.063549995
118489	665	0.06352101
118489	3769	0.063425496
118528	2392	0.05268152
118528	425	0.052574493
118528	1178	0.052531086
118528	2404	0.05246116
118528	2315	0.052182566
118528	182	0.0520706
118528	3482	0.05184871
118528	1417	0.051831
118528	201	0.051830977
118528	1556	0.051830977
118533	573	0.064413935
118533	1066	0.064030394
118533	1070	0.06398696
118533	883	0.06379518
118533	4438	0.06379518
118533	4876	0.063795134
118533	1800	0.06321071
118533	6816	0.06304975
118533	3794	0.06299484
118533	4325	0.06262606
118628	66	0.047177494
118628	5307	0.04694104
118628	3802	0.046935443
118628	3094	0.04688041
118628	111	0.04687395
118628	1254	0.046824425
118628	2249	0.04676188
118628	2585	0.046737686
118628	2570	0.046713986
118628	3097	0.046692576
118654	2317	0.06069829
118654	537	0.06052886
118654	183	0.06040474
118654	339	0.06023522
118654	341	0.060022373
118654	338	0.060022365
118654	1260	0.060022343
118654	5601	0.06002231
118654	340	0.059849825
118654	774	0.059559226
118659	243	0.09235555
118659	406	0.09097479
118659	692	0.09041706
118659	1389	0.08984774
118659	1193	0.08958864
118659	1764	0.08891411
118659	5140	0.088440895
118659	645	0.08828622
118659	3909	0.08828617
118659	420	0.08808896
118677	3659	0.058478076
118677	3156	0.058331758
118677	1813	0.05822358
118677	2129	0.057993803
118677	5765	0.057959363
118677	1006	0.05792494
118677	1670	0.05784465
118677	4161	0.057575554
118677	3616	0.057525955
118677	320	0.057356447
118881	3796	0.075208336
118881	2179	0.07461645
118881	2009	0.074582115
118881	628	0.07443051
118881	482	0.07435186
118881	1428	0.07423404
118881	4868	0.074155346
118881	3992	0.074135065
118881	5662	0.074109346
118881	1781	0.074036695
118955	3973	0.03434396
118955	1242	0.03422569
118955	73	0.034089055
118955	4335	0.034058593
118955	3273	0.03393832
118955	2858	0.033739164
118955	5786	0.033487763
118955	5863	0.033473283
118955	4982	0.03342942
118955	707	0.03338969
119027	6426	0.042642295
119027	3744	0.042598456
119027	6784	0.042512633
119027	5329	0.042511333
119027	4602	0.042422578
119027	5648	0.042410053
119027	1808	0.0423354
119027	6008	0.04226185
119027	6759	0.042218037
119027	3287	0.042147957
119248	2185	0.039060555
119248	6643	0.03906053
119248	3390	0.03897257
119248	2265	0.038919955
119248	2076	0.038919933
119248	3387	0.038889952
119248	5309	0.038889933
119248	1012	0.038856566
119248	3131	0.038788095
119248	2630	0.03878809
119326	5423	0.052780304
119326	3180	0.052750368
119326	2578	0.05275034
119326	2333	0.05262125
119326	159	0.05262121
119326	3194	0.052557305
119326	4666	0.052540805
119326	4676	0.052540753
119326	3735	0.05254074
119326	5696	0.052476887
119418	1444	0.04724855
119418	2961	0.04724852
119418	3056	0.046674803
119418	451	0.04660736
119418	2870	0.04644608
119418	997	0.046446078
119418	1626	0.0464325
119418	414	0.046151493
119418	1261	0.046039302
119418	1690	0.04589303
119446	4175	0.06983621
119446	6554	0.06983621
119446	442	0.06971502
119446	3180	0.069525406
119446	2578	0.06952536
119446	2026	0.06940414
119446	5696	0.06936486
119446	1662	0.069364846
119446	6417	0.06936475
119446	648	0.06923103
119505	6845	0.037444286
119505	2155	0.037423715
119505	6682	0.037423667
119505	6790	0.0373569
119505	1126	0.03729967
119505	6313	0.037272394
119505	5824	0.03723912
119505	4386	0.03715177
119505	1014	0.036999427
119505	3700	0.036894985
119517	5600	0.0505018
119517	5146	0.05049584
119517	4310	0.050364878
119517	2962	0.05034269
119517	5670	0.0503163
119517	5063	0.050237216
119517	3472	0.050216712
119517	5437	0.050141923
119517	6464	0.050141916
119517	3904	0.050135925
119575	1370	0.048022933
119575	4432	0.0479692
119575	3213	0.047969144
119575	4882	0.047969125
119575	5254	0.04778575
119575	4015	0.047524374
119575	6678	0.047382116
119575	3645	0.04728726
119575	1586	0.047229152
119575	6865	0.047166783
119590	406	0.053033143
119590	1389	0.05252871
119590	3705	0.052054554
119590	420	0.051976684
119590	958	0.05174371
119590	2432	0.05161666
119590	2620	0.05152493
119590	5792	0.051483363
119590	2093	0.05093471
119590	614	0.050867785
119594	2932	0.05945251
119594	5917	0.05926215
119594	6302	0.059262134
119594	1414	0.05926213
119594	3121	0.059130464
119594	5901	0.05909391
119594	956	0.0590235
119594	2953	0.05902346
119594	2851	0.05900801
119594	4049	0.058882207
119631	6497	0.049482316
119631	2614	0.049069755
119631	6296	0.049047902
119631	2607	0.04891529
119631	2615	0.04863528
119631	6640	0.04860455
119631	6131	0.048321728
119631	6522	0.048282564
119631	5891	0.04827538
119631	2305	0.048237275
119654	5861	0.038774755
119654	5257	0.038660333
119654	1476	0.038660318
119654	869	0.038455702
119654	3096	0.038455654
119654	5635	0.03834142
119654	2564	0.03834141
119654	6372	0.03819917
119654	4482	0.03819915
119654	4478	0.038136747
119671	3880	0.052835643
119671	6136	0.052835643
119671	3467	0.05271005
119671	3945	0.052542295
119671	4102	0.052334376
119671	3628	0.05207017
119671	1206	0.051908538
119671	3533	0.051669315
119671	3615	0.051646903
119671	2787	0.051278062
119725	2893	0.055723015
119725	808	0.055723008
119725	3708	0.055723
119725	3038	0.05572297
119725	4291	0.055722967
119725	6256	0.055722952
119725	1122	0.05564826
119725	6842	0.055648215
119725	1165	0.055648208
119725	1705	0.05559852
119749	1267	0.034775473
119749	4172	0.034473274
119749	6450	0.034385365
119749	3589	0.03431744
119749	5606	0.034314275
119749	4542	0.034309782
119749	1697	0.03422098
119749	914	0.034179837
119749	1484	0.034131207
119749	2949	0.034130417
119806	1924	0.047546614
119806	2724	0.047490828
119806	261	0.04737766
119806	1374	0.04737758
119806	5019	0.04731364
119806	6198	0.047003567
119806	6658	0.046908952
119806	424	0.04685436
119806	2035	0.046826754
119806	3737	0.046713375
119858	153	0.051835157
119858	6023	0.051439926
119858	3512	0.051295407
119858	1472	0.051269237
119858	1358	0.051167164
119858	3197	0.05115509
119858	480	0.05112016
119858	471	0.050949562
119858	6598	0.05088792
119858	987	0.05080791
119963	1436	0.042197023
119963	1713	0.042014226
119963	448	0.041999694
119963	708	0.041926786
119963	434	0.04192675
119963	581	0.0418868
119963	1261	0.04188077
119963	3581	0.04187087
119963	41	0.04175051
119963	50	0.04168944
120030	1855	0.040393062
120030	2347	0.040393047
120030	1091	0.04038736
120030	5039	0.04037809
120030	1739	0.040378064
120030	2026	0.040214233
120030	6032	0.04020319
120030	5263	0.04020316
120030	1839	0.04019927
120030	1309	0.040197566
120080	4506	0.04642188
120080	811	0.046421856
120080	478	0.046421804
120080	3947	0.046197616
120080	6218	0.04619757
120080	4262	0.045818992
120080	4698	0.04580958
120080	3450	0.045809526
120080	2313	0.04580952
120080	3727	0.045809507
120082	1854	0.05983374
120082	4919	0.05928957
120082	77	0.059194878
120082	329	0.058912776
120082	619	0.05891277
120082	1636	0.05854677
120082	1639	0.058426935
120082	59	0.05829601
120082	432	0.05818586
120082	1458	0.058121547
120093	6886	0.056260336
120093	6865	0.056216415
120093	6548	0.056164697
120093	2210	0.056021973
120093	2950	0.055818137
120093	4432	0.05573238
120093	3213	0.055732332
120093	4882	0.055732295
120093	1797	0.05564588
120093	5749	0.055447504
120137	60	0.046328433
120137	2184	0.045495365
120137	726	0.045408357
120137	918	0.045204543
120137	3563	0.04512416
120137	844	0.045103095
120137	5880	0.044826288
120137	4960	0.044793576
120137	2439	0.04472991
120137	3715	0.04471316
120155	3064	0.058002956
120155	708	0.057468295
120155	6674	0.057305865
120155	1640	0.05698002
120155	2398	0.05698001
120155	504	0.056910507
120155	4269	0.056551028
120155	2823	0.05637373
120155	2317	0.056106277
120155	341	0.055571597
120178	913	0.050970256
120178	4096	0.050950896
120178	2271	0.050950885
120178	2428	0.05095087
120178	2460	0.050950866
120178	5083	0.050950862
120178	1333	0.050950848
120178	2993	0.050950848
120178	3231	0.050950848
120178	1226	0.050950833
120181	3121	0.0453749
120181	3524	0.04536159
120181	1244	0.04500797
120181	1159	0.044958927
120181	6362	0.044958867
120181	6143	0.044912606
120181	5164	0.044895105
120181	5858	0.044864632
120181	1548	0.044809174
120181	1736	0.044696767
120332	4034	0.050284848
120332	1593	0.050284836
120332	4703	0.050284825
120332	3361	0.050191335
120332	2173	0.050191313
120332	5410	0.050191313
120332	3331	0.0501913
120332	1451	0.049896695
120332	4212	0.04988839
120332	4666	0.049879
120333	1426	0.059055343
120333	4583	0.05905531
120333	5835	0.059033617
120333	6574	0.058767732
120333	2331	0.058753196
120333	3053	0.05848733
120333	644	0.058343314
120333	2371	0.05811449
120333	1665	0.057975747
120333	1035	0.05797574
120345	6721	0.04495064
120345	4014	0.044950612
120345	1692	0.04474688
120345	3296	0.044746835
120345	3745	0.04434976
120345	5015	0.044306263
120345	5020	0.044190235
120345	3543	0.044148408
120345	1846	0.044102482
120345	1837	0.04394382
120396	5736	0.046401046
120396	58	0.046242647
120396	2681	0.04622974
120396	2341	0.04620654
120396	3646	0.04589635
120396	2309	0.045792192
120396	6048	0.045736447
120396	3302	0.04568673
120396	1443	0.04561623
120396	5911	0.045582138
120548	571	0.043132514
120548	5906	0.043039404
120548	5243	0.043008678
120548	609	0.043008648
120548	5218	0.042959042
120548	5496	0.042959005
120548	2849	0.04283521
120548	1360	0.04283519
120548	3470	0.042747427
120548	2908	0.042714648
120565	1151	0.049335208
120565	4787	0.049247887
120565	655	0.04914372
120565	5998	0.04911366
120565	1699	0.049113642
120565	5748	0.049113613
120565	4665	0.04905649
120565	337	0.049056463
120565	3542	0.049056105
120565	5963	0.04903365
120598	5620	0.05482201
120598	1688	0.053824082
120598	2045	0.05381956
120598	6087	0.05350882
120598	4357	0.053407673
120598	1929	0.053400464
120598	4874	0.05340042
120598	4021	0.05337797
120598	4971	0.053328432
120598	1595	0.05312658
120610	3169	0.043570198
120610	481	0.043478616
120610	2923	0.043434918
120610	886	0.043412052
120610	4998	0.043346792
120610	1463	0.043287024
120610	340	0.043102764
120610	816	0.04289277
120610	714	0.042873643
120610	2281	0.042860314
120696	3585	0.046340518
120696	376	0.04634051
120696	5380	0.046240315
120696	151	0.04624027
120696	5225	0.046240244
120696	545	0.04608953
120696	6557	0.04604435
120696	6553	0.046007045
120696	248	0.046007007
120696	1093	0.04600699
120735	2128	0.040180326
120735	3461	0.039703667
120735	3643	0.03968496
120735	2586	0.039595254
120735	4453	0.039293543
120735	2323	0.039293535
120735	612	0.03929315
120735	1860	0.03928675
120735	1075	0.03928052
120735	5250	0.039228637
120807	206	0.046746686
120807	1493	0.046482578
120807	5417	0.04645189
120807	2051	0.04625469
120807	5237	0.04623628
120807	4028	0.046210784
120807	5572	0.04621078
120807	3651	0.046210766
120807	4913	0.04603724
120807	2364	0.04551578
120828	3459	0.04294873
120828	3657	0.04294873
120828	4169	0.04294873
120828	2994	0.042948697
120828	6677	0.04294868
120828	1412	0.042948514
120828	2983	0.04284356
120828	446	0.042728327
120828	3631	0.042728227
120828	1519	0.042698853
120829	6913	0.035579897
120829	4619	0.035517506
120829	5947	0.03551749
120829	4836	0.035507448
120829	4283	0.03549438
120829	812	0.03546588
120829	1754	0.035445057
120829	5162	0.03544499
120829	2911	0.035387523
120829	875	0.035360646
120860	2456	0.051090565
120860	1800	0.050771363
120860	1902	0.050651494
120860	3943	0.05005945
120860	1550	0.050012268
120860	3794	0.049911782
120860	1066	0.04981611
120860	61	0.049807593
120860	4235	0.049446985
120860	1430	0.04911501
120873	5568	0.047243528
120873	1897	0.04700485
120873	934	0.047004797
120873	5596	0.04668406
120873	1430	0.046620972
120873	4235	0.046499975
120873	6650	0.046391435
120873	5864	0.046360992
120873	4483	0.046345323
120873	3421	0.046345286
120908	3182	0.054272614
120908	3074	0.054272607
120908	202	0.05406028
120908	540	0.053856526
120908	3960	0.053745165
120908	165	0.053697497
120908	67	0.05353344
120908	4030	0.053474635
120908	1601	0.053212788
120908	5781	0.05313237
120985	5120	0.041604504
120985	3432	0.041588277
120985	2344	0.04130484
120985	5045	0.0412869
120985	3322	0.04119781
120985	6648	0.04100151
120985	1097	0.040965445
120985	1607	0.04093194
120985	173	0.040896427
120985	3434	0.04077258
121065	2168	0.04252903
121065	5424	0.042313706
121065	2755	0.04211406
121065	6437	0.042109467
121065	6022	0.042103164
121065	5818	0.04190451
121065	6538	0.04190446
121065	2420	0.041759185
121065	2426	0.041590247
121065	2488	0.041460052
121083	3247	0.044651523
121083	3028	0.044565096
121083	6837	0.04427719
121083	505	0.044267274
121083	6297	0.044246968
121083	1758	0.044160545
121083	3050	0.0441225
121083	6049	0.044035293
121083	1730	0.04388091
121083	4409	0.04380371
121093	1592	0.062140822
121093	1764	0.06213189
121093	645	0.061495572
121093	3909	0.061495543
121093	5771	0.06145078
121093	4458	0.061423868
121093	3062	0.06136287
121093	575	0.06115403
121093	5792	0.061101705
121093	2413	0.061078206
121135	1218	0.0352338
121135	6553	0.03508904
121135	248	0.035088994
121135	1093	0.035088994
121135	3287	0.035063203
121135	5487	0.035063185
121135	2269	0.03503827
121135	1300	0.035038263
121135	4441	0.035038255
121135	1876	0.035038248
121166	5569	0.04843896
121166	3776	0.048438933
121166	6822	0.048410475
121166	6368	0.048410468
121166	582	0.04831434
121166	6457	0.04828436
121166	1086	0.048274368
121166	6404	0.048274353
121166	1347	0.04827435
121166	1980	0.048274316
121167	5095	0.03961998
121167	1000	0.039463915
121167	5249	0.039430514
121167	2470	0.03918235
121167	4469	0.038450666
121167	1469	0.03832069
121167	369	0.03825409
121167	4937	0.038191292
121167	2300	0.03815544
121167	2602	0.038030475
121170	6406	0.062465485
121170	741	0.061790206
121170	1367	0.061790183
121170	6251	0.061660886
121170	301	0.061242048
121170	2554	0.06124203
121170	1415	0.060753733
121170	438	0.060753696
121170	6869	0.06059699
121170	3129	0.060588546
121251	885	0.05002209
121251	4850	0.049332917
121251	6770	0.048763998
121251	565	0.048763715
121251	1357	0.048762165
121251	1903	0.048762076
121251	784	0.048638143
121251	5884	0.048638083
121251	779	0.048615932
121251	471	0.048561312
121264	6025	0.044115335
121264	6799	0.04411532
121264	1705	0.044058
121264	5325	0.044057958
121264	2851	0.04402537
121264	1086	0.043968007
121264	1347	0.043968007
121264	6404	0.043968
121264	1980	0.04396797
121264	4770	0.04396791
121405	5224	0.048414838
121405	5952	0.048414834
121405	6850	0.048414826
121405	1292	0.04841482
121405	2047	0.048414808
121405	1419	0.048401386
121405	4756	0.04840137
121405	1421	0.048401363
121405	3822	0.048401363
121405	1049	0.04840134
121547	2404	0.058434792
121547	2392	0.058102112
121547	182	0.05787083
121547	5868	0.05786308
121547	4687	0.05777941
121547	431	0.05763774
121547	3482	0.057572708
121547	3141	0.057528615
121547	1178	0.057345044
121547	1554	0.057142835
121592	2	0.04167179
121592	6771	0.0414461
121592	972	0.041440323
121592	5049	0.041252136
121592	1	0.04125209
121592	4	0.041252088
121592	6615	0.041020628
121592	3841	0.040773645
121592	6602	0.040302034
121592	791	0.04013422
121594	6568	0.053786617
121594	4812	0.053783145
121594	1141	0.053769704
121594	2004	0.0535918
121594	6096	0.053588342
121594	4258	0.05358832
121594	3569	0.05358828
121594	1927	0.053554915
121594	966	0.05355486
121594	4023	0.053425357
121606	6382	0.05085192
121606	6169	0.050351094
121606	1796	0.050328325
121606	6385	0.050283674
121606	4029	0.050283648
121606	3799	0.050185695
121606	859	0.04963945
121606	1306	0.049404196
121606	4305	0.049387775
121606	6782	0.049283266
121620	5607	0.051217593
121620	1206	0.051167063
121620	3505	0.050942607
121620	1484	0.050940163
121620	6136	0.050665755
121620	3880	0.050665747
121620	5606	0.050484926
121620	3628	0.05031742
121620	4542	0.050193876
121620	3630	0.050144307
121817	3433	0.061186366
121817	6075	0.061050773
121817	5270	0.060723476
121817	1181	0.060603328
121817	4606	0.06059337
121817	5702	0.060590133
121817	1631	0.060526565
121817	1764	0.060483575
121817	2044	0.06033269
121817	575	0.059966754
121986	1808	0.057428457
121986	5304	0.05704341
121986	5329	0.057008244
121986	2550	0.05696854
121986	5079	0.05696853
121986	6104	0.056839656
121986	2729	0.05682962
121986	6774	0.056739997
121986	3736	0.056700327
121986	1512	0.056700256
122045	5226	0.045565058
122045	385	0.045508437
122045	1246	0.045232587
122045	6139	0.04522018
122045	4099	0.044977285
122045	4435	0.04475613
122045	5872	0.04473415
122045	3002	0.044734117
122045	3777	0.044480305
122045	4074	0.044448934
122096	867	0.03504437
122096	822	0.034904897
122096	2011	0.034771852
122096	1582	0.034685526
122096	4386	0.03466966
122096	1290	0.034558963
122096	5699	0.03455716
122096	2763	0.034520477
122096	5402	0.03452043
122096	6570	0.034517296
122321	1640	0.0661723
122321	2398	0.06617228
122321	6674	0.06577895
122321	3064	0.06565976
122321	504	0.06535953
122321	2823	0.065111004
122321	4269	0.06465897
122321	708	0.06451919
122321	434	0.06451912
122321	1709	0.06308258
122386	3280	0.051041897
122386	2541	0.050683863
122386	831	0.050673835
122386	474	0.05043284
122386	175	0.05030054
122386	3133	0.049812663
122386	487	0.049140375
122386	805	0.04909281
122386	2470	0.048874713
122386	3878	0.048873898
122418	712	0.043867122
122418	1269	0.043867067
122418	2064	0.043556087
122418	5340	0.04354557
122418	195	0.043383177
122418	2545	0.043361254
122418	5675	0.043179065
122418	3971	0.043161962
122418	974	0.04305093
122418	1328	0.04289978
122429	1203	0.055998433
122429	4700	0.05576254
122429	6434	0.055762514
122429	5351	0.05542175
122429	3922	0.05534915
122429	6028	0.055317275
122429	911	0.055317268
122429	484	0.055317245
122429	3444	0.0553172
122429	5590	0.05497648
122440	708	0.066230774
122440	434	0.06623073
122440	5815	0.06620369
122440	20	0.066203654
122440	2867	0.06620364
122440	739	0.065561175
122440	3064	0.06539388
122440	487	0.064712755
122440	3581	0.06434714
122440	341	0.064091645
122506	1463	0.05240968
122506	1642	0.052352197
122506	3169	0.052125216
122506	2859	0.052042406
122506	622	0.051585197
122506	5686	0.051573023
122506	779	0.05140084
122506	5154	0.05139203
122506	471	0.051283434
122506	5779	0.051051266
122542	85	0.05840415
122542	407	0.058280095
122542	2469	0.058026813
122542	6111	0.058025308
122542	1817	0.057968825
122542	133	0.057968795
122542	500	0.05790345
122542	693	0.057872813
122542	809	0.057740428
122542	70	0.05759146
122643	665	0.055669833
122643	1058	0.0556252
122643	930	0.05559428
122643	3142	0.05559422
122643	1185	0.05554607
122643	4401	0.055483352
122643	653	0.055282496
122643	1055	0.05520554
122643	4026	0.055192735
122643	2951	0.055115342
122671	6058	0.043746017
122671	488	0.043459
122671	4569	0.0431026
122671	2498	0.042887293
122671	6654	0.042802088
122671	280	0.04277505
122671	1573	0.042704616
122671	3344	0.04259784
122671	3464	0.042464677
122671	1350	0.042408362
122716	1160	0.06327123
122716	3601	0.063271224
122716	4392	0.06327119
122716	4992	0.06327117
122716	6329	0.06327117
122716	2282	0.06324501
122716	2050	0.06319481
122716	2204	0.06287747
122716	6133	0.06276545
122716	5094	0.062754676
122782	2469	0.053598586
122782	552	0.053591173
122782	5936	0.053591173
122782	5567	0.05316062
122782	235	0.053086575
122782	70	0.052914105
122782	5404	0.052914083
122782	3520	0.0528692
122782	486	0.052819915
122782	4120	0.052782565
122784	6558	0.038580712
122784	516	0.038580693
122784	2350	0.038533956
122784	3750	0.038533926
122784	5291	0.038533896
122784	422	0.03850159
122784	6701	0.03850157
122784	6205	0.038454767
122784	1905	0.038454756
122784	5597	0.038454752
122793	3846	0.047381673
122793	2579	0.04730185
122793	1432	0.047284514
122793	3534	0.047266997
122793	1494	0.047177687
122793	1200	0.046993773
122793	4161	0.04690613
122793	3330	0.0468782
122793	1766	0.04686635
122793	2174	0.04681418
122801	6158	0.046842977
122801	978	0.046788394
122801	227	0.04634267
122801	5864	0.046325184
122801	2918	0.046248555
122801	862	0.046240654
122801	5596	0.04606891
122801	3769	0.04604619
122801	3075	0.046045594
122801	388	0.045901217
122802	4715	0.054880675
122802	6524	0.054740544
122802	3800	0.054740496
122802	384	0.05446411
122802	3527	0.054464106
122802	1571	0.054464065
122802	3367	0.054457843
122802	3655	0.054319285
122802	1152	0.054319274
122802	5831	0.054319263
122867	938	0.052263774
122867	1033	0.052263774
122867	1027	0.052212376
122867	2407	0.052212372
122867	1777	0.052212365
122867	1655	0.052212335
122867	2194	0.052212328
122867	1559	0.052212283
122867	5114	0.051992655
122867	1259	0.05188272
122883	5983	0.05301456
122883	2500	0.052950412
122883	3095	0.05276119
122883	2853	0.052637964
122883	4470	0.05263026
122883	980	0.052609183
122883	828	0.052608386
122883	5471	0.05257801
122883	2075	0.05250641
122883	6357	0.052460115
122901	2119	0.0718808
122901	286	0.07185588
122901	4044	0.07159342
122901	4180	0.071479365
122901	5990	0.0713207
122901	485	0.07132067
122901	6687	0.07131685
122901	1698	0.07086849
122901	5791	0.07077426
122901	3836	0.07069798
122958	1389	0.08017088
122958	420	0.08010709
122958	1193	0.07961384
122958	2093	0.07945159
122958	4245	0.07943973
122958	406	0.079267874
122958	5205	0.07879804
122958	2432	0.07871001
122958	5389	0.078468695
122958	2620	0.078156956
123056	6133	0.05507162
123056	1632	0.055071525
123056	1410	0.05498056
123056	4184	0.054936808
123056	2511	0.054936796
123056	4271	0.05484535
123056	4381	0.054561533
123056	2050	0.054528173
123056	4769	0.054335304
123056	2204	0.054301992
123066	4611	0.041071188
123066	1375	0.04050115
123066	4969	0.04049176
123066	4810	0.0401924
123066	3254	0.039705444
123066	3181	0.039564658
123066	5767	0.039146047
123066	4083	0.039064318
123066	5356	0.038930148
123066	4831	0.038559146
123094	6570	0.06335986
123094	5813	0.06322762
123094	4375	0.06320075
123094	2763	0.06311913
123094	6676	0.06304222
123094	5621	0.06288847
123094	822	0.062857576
123094	5248	0.06281109
123094	867	0.06280078
123094	4646	0.06278622
123095	1261	0.08207367
123095	611	0.08163743
123095	127	0.08118461
123095	2883	0.08108343
123095	459	0.081045866
123095	1626	0.08092311
123095	1444	0.08076358
123095	2961	0.08076351
123095	20	0.08011493
123095	5815	0.08011492
123115	6032	0.047359228
123115	5263	0.047359176
123115	2077	0.047350753
123115	442	0.047350727
123115	648	0.047331233
123115	4163	0.04733122
123115	4175	0.047322746
123115	6554	0.047322735
123115	3942	0.04719353
123115	3789	0.047171347
123143	3517	0.049698368
123143	2915	0.04969833
123143	5222	0.049698327
123143	3457	0.0496983
123143	4698	0.04953376
123143	3450	0.049533702
123143	2313	0.04953368
123143	3727	0.049533673
123143	3092	0.04953367
123143	5243	0.049263958
123154	626	0.044778697
123154	2690	0.04469883
123154	1493	0.044214472
123154	3458	0.044180103
123154	5795	0.0441458
123154	968	0.04411143
123154	2804	0.043979675
123154	365	0.04391221
123154	469	0.04371586
123154	5237	0.043663383
123160	2813	0.0390331
123160	5517	0.03899482
123160	973	0.038932256
123160	2012	0.038926996
123160	5288	0.038706303
123160	3385	0.038509794
123160	4307	0.03842511
123160	2210	0.03828299
123160	3691	0.03811519
123160	703	0.038100336
123203	1542	0.055879503
123203	2049	0.05556695
123203	416	0.055395182
123203	1689	0.055395104
123203	6206	0.05521935
123203	4980	0.05521123
123203	1650	0.0551025
123203	1782	0.054838527
123203	4692	0.054763865
123203	1555	0.054570436
123215	6891	0.058059
123215	89	0.058058985
123215	1276	0.058058985
123215	6507	0.057989404
123215	3605	0.05797916
123215	6511	0.057669993
123215	3675	0.057568666
123215	3576	0.057561673
123215	5872	0.05741456
123215	3002	0.057414506
123228	2621	0.045267627
123228	3637	0.045183152
123228	2726	0.0451149
123228	392	0.04511489
123228	4889	0.045114845
123228	2674	0.04504665
123228	106	0.044922754
123228	3695	0.04477276
123228	6820	0.04477275
123228	2084	0.044755407
123257	1446	0.045369476
123257	3957	0.04531899
123257	4570	0.04529976
123257	2928	0.045063324
123257	5563	0.045012914
123257	6061	0.044960096
123257	2282	0.044893578
123257	1073	0.044878066
123257	572	0.044571843
123257	3601	0.044515245
123298	85	0.048465166
123298	3796	0.048313484
123298	133	0.048304006
123298	1817	0.048304003
123298	1781	0.048293676
123298	637	0.04808175
123298	628	0.048071448
123298	4227	0.048061952
123298	1462	0.048036948
123298	500	0.04802288
123430	140	0.06034483
123430	892	0.05997955
123430	4119	0.059916724
123430	5361	0.059838533
123430	3552	0.059838504
123430	1690	0.059807226
123430	279	0.059794597
123430	1526	0.05956427
123430	2870	0.059407912
123430	2327	0.059058286
123433	924	0.028291652
123433	4646	0.028202044
123433	6570	0.028025698
123433	3870	0.028012823
123433	1278	0.02791879
123433	3872	0.027798528
123433	6448	0.0277854
123433	1013	0.027785368
123433	2716	0.027779728
123433	4600	0.027764797
123460	471	0.045140192
123460	480	0.04507918
123460	4471	0.044878706
123460	3135	0.044667944
123460	885	0.04459931
123460	3512	0.044544704
123460	779	0.04446184
123460	565	0.044364687
123460	3197	0.04433774
123460	1472	0.044146374
123468	1212	0.057072014
123468	5570	0.057072006
123468	3943	0.057015095
123468	653	0.05656295
123468	590	0.056492902
123468	1490	0.05638411
123468	1058	0.0563178
123468	1185	0.056205466
123468	2369	0.05593968
123468	404	0.055716313
123510	487	0.061574176
123510	474	0.060820453
123510	739	0.0607635
123510	1708	0.06041587
123510	2541	0.060090102
123510	1602	0.060049333
123510	175	0.060015317
123510	1264	0.05999365
123510	5815	0.05984562
123510	2867	0.059845593
123515	160	0.04518509
123515	2337	0.04494992
123515	3207	0.044878
123515	451	0.044767506
123515	1851	0.044733085
123515	77	0.0446261
123515	727	0.04462307
123515	997	0.044513125
123515	2870	0.044513118
123515	4919	0.044444334
123543	1419	0.044549122
123543	4756	0.044549115
123543	3822	0.044549108
123543	1421	0.044549104
123543	1049	0.044549093
123543	5292	0.04454909
123543	3572	0.044549085
123543	6587	0.044549078
123543	1004	0.04454907
123543	6152	0.04454907
123544	2007	0.072912365
123544	2516	0.072420605
123544	6674	0.071682304
123544	720	0.071601905
123544	4768	0.07139918
123544	4269	0.071285814
123544	707	0.071218744
123544	2158	0.07096483
123544	158	0.07089895
123544	3770	0.0706792
123597	340	0.056652844
123597	886	0.05660086
123597	1600	0.0564643
123597	481	0.056398515
123597	3169	0.056255534
123597	339	0.056112267
123597	2281	0.056092024
123597	2966	0.05581425
123597	774	0.055813484
123597	5390	0.055786222
123608	2290	0.06776323
123608	2513	0.06740917
123608	4325	0.06682268
123608	1070	0.06656245
123608	338	0.066333674
123608	1260	0.06633367
123608	341	0.06633365
123608	5601	0.06633361
123608	2178	0.06627603
123608	473	0.0661463
123625	4096	0.052867442
123625	2271	0.052867427
123625	2428	0.052867427
123625	3231	0.05286742
123625	2460	0.052867413
123625	5083	0.052867413
123625	1226	0.052867405
123625	1333	0.052867398
123625	2993	0.052867386
123625	71	0.05286738
123649	536	0.053433266
123649	5223	0.053204127
123649	1577	0.05308711
123649	1293	0.05295813
123649	2193	0.052953437
123649	2995	0.052953407
123649	2702	0.05290804
123649	1830	0.05290167
123649	6456	0.052901655
123649	6354	0.052855663
123676	2349	0.049748294
123676	6028	0.049516372
123676	911	0.049516346
123676	484	0.049516313
123676	3444	0.04951629
123676	4865	0.049297847
123676	2293	0.049274456
123676	1934	0.04917573
123676	6160	0.04917132
123676	3495	0.04916743
123724	5119	0.040347166
123724	5348	0.0403152
123724	5977	0.040313773
123724	5088	0.040128782
123724	4940	0.0400021
123724	0	0.03987833
123724	3332	0.039833944
123724	4881	0.039804034
123724	1757	0.03974332
123724	2171	0.039695766
123732	6136	0.049785163
123732	3880	0.04978516
123732	1206	0.049301833
123732	3945	0.04880674
123732	5607	0.04853086
123732	3628	0.04852518
123732	5449	0.048406836
123732	3505	0.048105985
123732	2219	0.047927067
123732	1484	0.047699913
123744	3864	0.05289055
123744	5289	0.05289049
123744	2111	0.05283603
123744	6698	0.052836023
123744	6831	0.052836016
123744	717	0.052802548
123744	4680	0.052758
123744	6666	0.052757945
123744	5928	0.052703574
123744	2277	0.052674085
123790	7	0.053985577
123790	3775	0.053738914
123790	4560	0.05360227
123790	350	0.05354385
123790	6430	0.053414147
123790	456	0.053382844
123790	3198	0.053379323
123790	487	0.05333527
123790	620	0.053304784
123790	5288	0.052948747
123801	6427	0.06304378
123801	1114	0.062803954
123801	189	0.06261809
123801	3367	0.06242183
123801	5764	0.062322766
123801	3939	0.062155366
123801	1715	0.06213622
123801	109	0.0620423
123801	3124	0.062042244
123801	1893	0.06204224
123825	4666	0.056968443
123825	4676	0.05696838
123825	3735	0.056968376
123825	3180	0.056917474
123825	2578	0.05691744
123825	3361	0.05686153
123825	5410	0.056861497
123825	3331	0.05686149
123825	2173	0.056861483
123825	1839	0.05666799
123867	778	0.048437312
123867	712	0.048423428
123867	1269	0.04842336
123867	3177	0.048173986
123867	1743	0.048173927
123867	4549	0.048168637
123867	176	0.04806478
123867	5340	0.04790632
123867	675	0.047773447
123867	2064	0.04762446
123981	6865	0.056296535
123981	2950	0.05615019
123981	1594	0.05588939
123981	1068	0.05567706
123981	1961	0.055336095
123981	1329	0.05498077
123981	4432	0.05486647
123981	4882	0.05486641
123981	4332	0.05486084
123981	1447	0.054805912
123988	3730	0.059584714
123988	1109	0.059198957
123988	447	0.05910462
123988	597	0.05861694
123988	6650	0.058468394
123988	2244	0.05844018
123988	2974	0.058422953
123988	1427	0.058422837
123988	1110	0.05842283
123988	2370	0.058312513
124048	1839	0.03950482
124048	5039	0.039430995
124048	1739	0.03943097
124048	174	0.039353874
124048	1382	0.039353818
124048	1821	0.03935381
124048	3781	0.039304227
124048	1729	0.03928951
124048	2332	0.039244194
124048	5324	0.039235123
124066	3472	0.04267144
124066	5224	0.04262235
124066	5952	0.042622343
124066	6850	0.042622343
124066	1292	0.042622335
124066	2047	0.042622324
124066	3692	0.04261066
124066	1419	0.04256165
124066	4756	0.04256165
124066	1421	0.042561643
124078	5824	0.045940798
124078	4386	0.045852274
124078	3700	0.045696013
124078	6313	0.0456742
124078	5402	0.045589663
124078	822	0.045386143
124078	2440	0.04533659
124078	1127	0.045279935
124078	1480	0.04521725
124078	784	0.045191176
124079	4769	0.05976448
124079	4494	0.059718516
124079	2751	0.05971851
124079	5538	0.059718445
124079	5995	0.059718423
124079	408	0.05970675
124079	2437	0.05965918
124079	1361	0.05965917
124079	6298	0.059659168
124079	427	0.05965913
124175	2503	0.06462664
124175	448	0.06427966
124175	693	0.06412687
124175	1492	0.06410729
124175	6111	0.06408534
124175	2991	0.06406045
124175	1947	0.06391294
124175	1076	0.06363292
124175	70	0.06351446
124175	5404	0.063514434
124207	3696	0.048451334
124207	1296	0.04833286
124207	3029	0.048248056
124207	5324	0.04822932
124207	2311	0.048223138
124207	5676	0.04819676
124207	3781	0.048185006
124207	3361	0.048141815
124207	5410	0.048141804
124207	2173	0.048141792
124259	4981	0.038269386
124259	198	0.03806026
124259	1450	0.037991986
124259	5006	0.037891105
124259	1823	0.03783238
124259	4930	0.037753604
124259	90	0.03773963
124259	5968	0.03773963
124259	2346	0.037737466
124259	3819	0.037737437
124298	68	0.06365835
124298	5936	0.063573524
124298	552	0.06357352
124298	809	0.06347421
124298	693	0.063463524
124298	2469	0.06337866
124298	4227	0.063189164
124298	486	0.06316104
124298	3520	0.06309687
124298	1947	0.062997565
124310	1311	0.070067614
124310	2959	0.070067614
124310	554	0.06997818
124310	2143	0.06997814
124310	2833	0.0699781
124310	229	0.06997459
124310	325	0.0695741
124310	1307	0.06956901
124310	1314	0.06946683
124310	4936	0.0693644
124322	1385	0.039461117
124322	5739	0.03942607
124322	5347	0.03942605
124322	3997	0.039407514
124322	4084	0.039359495
124322	3447	0.03932448
124322	1255	0.039224103
124322	3914	0.03916301
124322	4916	0.039127663
124322	4297	0.039118238
124363	2210	0.047433134
124363	1447	0.047246736
124363	3691	0.047244914
124363	1797	0.047099568
124363	6865	0.046816513
124363	895	0.04669696
124363	258	0.046692528
124363	2950	0.04668052
124363	3290	0.04652971
124363	1882	0.04646063
124474	2216	0.054314077
124474	1459	0.054178856
124474	5441	0.053938396
124474	2300	0.053472243
124474	2420	0.053366356
124474	2583	0.053147264
124474	4060	0.053004213
124474	641	0.05294369
124474	4970	0.052626416
124474	5613	0.052335225
124487	4981	0.05795414
124487	258	0.05790232
124487	2992	0.057894275
124487	5758	0.057756007
124487	1447	0.057705514
124487	2628	0.057492092
124487	4930	0.057485566
124487	895	0.05712028
124487	90	0.05701989
124487	6649	0.05697386
124488	1581	0.04860229
124488	4408	0.048590496
124488	1295	0.04859042
124488	2793	0.0484333
124488	21	0.048421524
124488	5950	0.048421513
124488	1106	0.04833489
124488	6837	0.048324145
124488	4411	0.04815369
124488	3061	0.04807832
124597	2050	0.04947358
124597	4288	0.049062077
124597	3601	0.048989322
124597	1160	0.04898932
124597	4392	0.048989292
124597	4992	0.048989274
124597	6329	0.048989274
124597	2510	0.048975058
124597	6061	0.048910964
124597	2268	0.04868833
124688	5615	0.042330377
124688	4648	0.04232821
124688	2477	0.04214213
124688	6841	0.042133242
124688	368	0.042020105
124688	3067	0.042017993
124688	3778	0.041758917
124688	6157	0.041636787
124688	6407	0.041632578
124688	1252	0.041632526
124720	1444	0.055503555
124720	2961	0.055503517
124720	3056	0.05541443
124720	2883	0.055091374
124720	1626	0.0549914
124720	451	0.054826356
124720	1261	0.054685064
124720	127	0.05463388
124720	997	0.0544185
124720	2870	0.05441849
124732	1947	0.0625462
124732	1492	0.062036186
124732	1971	0.061966527
124732	693	0.061955806
124732	2503	0.061673563
124732	809	0.061532203
124732	1212	0.06149625
124732	5570	0.061496247
124732	2991	0.061349753
124732	691	0.061248064
124747	1389	0.07878479
124747	1490	0.07827734
124747	420	0.07775445
124747	406	0.077426374
124747	614	0.07740111
124747	2432	0.076033324
124747	1550	0.07586584
124747	1253	0.07575609
124747	410	0.075395286
124747	1867	0.07506968
124769	5815	0.03959032
124769	20	0.039590307
124769	2867	0.039590288
124769	739	0.038966216
124769	1602	0.038913414
124769	1261	0.038702752
124769	1071	0.038502328
124769	1436	0.038270257
124769	708	0.038210362
124769	434	0.038210325
124852	4401	0.041812744
124852	1884	0.041314177
124852	2912	0.04129564
124852	2919	0.0411818
124852	460	0.040911913
124852	98	0.04090091
124852	2951	0.040879693
124852	4026	0.04074016
124852	930	0.04070428
124852	465	0.04070423
124874	3943	0.056885697
124874	2456	0.056394186
124874	590	0.05609828
124874	61	0.056047007
124874	1902	0.055956148
124874	1212	0.055786915
124874	5570	0.05578691
124874	1550	0.055257887
124874	1800	0.055026703
124874	1971	0.05499592
124876	4570	0.051526066
124876	1596	0.051125012
124876	877	0.051078558
124876	2215	0.051055912
124876	3957	0.050986752
124876	5563	0.050926104
124876	1446	0.050601862
124876	2928	0.05054119
124876	984	0.050487295
124876	5638	0.050466232
124888	1643	0.05234848
124888	3191	0.052272104
124888	2713	0.052045308
124888	473	0.05169601
124888	480	0.051636394
124888	4471	0.05140944
124888	471	0.051361345
124888	1405	0.050604474
124888	1070	0.050563402
124888	816	0.050422926
124915	3943	0.064736165
124915	1212	0.064263985
124915	5570	0.06426398
124915	2991	0.063723475
124915	407	0.06313252
124915	2456	0.062891595
124915	2503	0.06261439
124915	500	0.06259265
124915	1492	0.062510595
124915	590	0.06249168
124942	3565	0.041699428
124942	4309	0.041663516
124942	5610	0.041663498
124942	5553	0.041663222
124942	3549	0.04163777
124942	1442	0.041606613
124942	687	0.04158092
124942	3321	0.041522138
124942	2844	0.041495264
124942	6914	0.041469753
124983	526	0.05178798
124983	1961	0.05122287
124983	715	0.05117491
124983	2178	0.05094091
124983	1783	0.050623912
124983	51	0.050482087
124983	169	0.050303396
124983	6782	0.050171383
124983	350	0.050159924
124983	2725	0.050045043
124989	4150	0.03771112
124989	4721	0.037711117
124989	4926	0.037711117
124989	2723	0.037711114
124989	4076	0.037711114
124989	1997	0.037711076
124989	2083	0.037687548
124989	5888	0.03768753
124989	475	0.03766738
124989	6068	0.03766734
124993	5427	0.035069857
124993	1211	0.035028417
124993	1348	0.0349772
124993	5895	0.03483535
124993	6077	0.034737103
124993	4565	0.034729294
124993	4092	0.034698486
124993	4394	0.034645673
124993	2588	0.03463046
124993	6505	0.034547396
125031	3585	0.06023307
125031	376	0.060233027
125031	1314	0.0601368
125031	4772	0.060032472
125031	5017	0.059941303
125031	545	0.059933398
125031	3740	0.059908748
125031	6557	0.05988196
125031	753	0.059866354
125031	437	0.059821628
125039	1203	0.06416199
125039	4700	0.06322712
125039	6434	0.06322708
125039	5351	0.0627943
125039	6160	0.06259385
125039	433	0.06256095
125039	4865	0.06255005
125039	6815	0.06236984
125039	6028	0.062325086
125039	911	0.062325068
125060	636	0.05418418
125060	2920	0.05418417
125060	2360	0.05418416
125060	3440	0.05418416
125060	1616	0.053984642
125060	5833	0.053874213
125060	1023	0.053716734
125060	1772	0.053716734
125060	2231	0.05371669
125060	1942	0.053529996
125063	381	0.050510928
125063	5682	0.05045467
125063	4302	0.05043184
125063	4844	0.05043184
125063	4088	0.050343573
125063	4846	0.050337672
125063	3944	0.05026476
125063	3463	0.050221786
125063	5260	0.050212625
125063	4154	0.050133534
125133	5675	0.048220545
125133	2820	0.048053175
125133	5340	0.048010446
125133	1328	0.047988065
125133	2064	0.047864046
125133	6250	0.047704153
125133	803	0.047626585
125133	3971	0.047543004
125133	1094	0.047536936
125133	1045	0.047536906
125171	1061	0.057298433
125171	347	0.05728326
125171	5250	0.057233624
125171	6074	0.0571685
125171	2022	0.057161517
125171	2545	0.056970052
125171	188	0.05675415
125171	4726	0.05662281
125171	6590	0.05649812
125171	5340	0.056489646
125203	4483	0.06295863
125203	3421	0.06295862
125203	4924	0.06295857
125203	5927	0.06295857
125203	6839	0.06295855
125203	646	0.06250761
125203	5953	0.06250759
125203	5414	0.06250758
125203	3517	0.06239174
125203	2915	0.0623917
125216	1186	0.055806864
125216	3949	0.055723853
125216	3422	0.055630542
125216	1336	0.055608228
125216	2324	0.055500053
125216	292	0.05549433
125216	5991	0.0554943
125216	247	0.05540795
125216	35	0.05533895
125216	3114	0.055338874
125217	1323	0.061112635
125217	5424	0.060415782
125217	5818	0.060108263
125217	6538	0.060108207
125217	1279	0.060078133
125217	2755	0.059995063
125217	1285	0.05937744
125217	3347	0.05905702
125217	3774	0.059011687
125217	6109	0.05887417
125287	1499	0.06523584
125287	1561	0.06502989
125287	1816	0.06475915
125287	5617	0.06475911
125287	1760	0.06468891
125287	3506	0.064641714
125287	4197	0.064641654
125287	4338	0.06462301
125287	4356	0.06461953
125287	423	0.06454934
125396	887	0.038210455
125396	1290	0.03820757
125396	2011	0.038165726
125396	5126	0.03815597
125396	5663	0.03815236
125396	1243	0.038051248
125396	5131	0.03799649
125396	1582	0.037916347
125396	867	0.03791065
125396	2052	0.037905052
125411	3445	0.060637303
125411	210	0.060531072
125411	68	0.06040185
125411	2555	0.060356688
125411	213	0.060356632
125411	4450	0.060354225
125411	552	0.06025832
125411	5936	0.06025832
125411	52	0.060225233
125411	3442	0.0602252
125514	1515	0.041850984
125514	1491	0.04185098
125514	308	0.04178235
125514	6390	0.041782316
125514	538	0.04178231
125514	207	0.041756894
125514	3373	0.04175148
125514	789	0.041751433
125514	1973	0.041751422
125514	4878	0.04175141
125519	141	0.064340025
125519	5254	0.06392164
125519	3681	0.06368937
125519	5586	0.06356348
125519	393	0.0635536
125519	540	0.06345331
125519	4030	0.06331784
125519	279	0.06323287
125519	5352	0.06317509
125519	2870	0.06317099
125538	507	0.07319805
125538	5205	0.07287571
125538	4245	0.072767906
125538	4442	0.07253366
125538	432	0.07073669
125538	4788	0.07044098
125538	2543	0.07017365
125538	2744	0.06954169
125538	1854	0.06947735
125538	5762	0.069412164
125692	504	0.067620516
125692	606	0.06737035
125692	2823	0.06729971
125692	1630	0.06713941
125692	879	0.0657563
125692	581	0.06546843
125692	192	0.065384224
125692	3207	0.065229565
125692	54	0.065161034
125692	432	0.065089576
125701	5095	0.03702667
125701	2470	0.036872428
125701	1000	0.036739796
125701	5249	0.03663186
125701	4469	0.036480166
125701	1469	0.036149986
125701	4446	0.03575699
125701	369	0.035739172
125701	4937	0.035670854
125701	2300	0.03563233
125736	4665	0.048059925
125736	337	0.048059903
125736	2319	0.048059285
125736	3811	0.048049096
125736	5467	0.048049036
125736	2370	0.04780409
125736	5917	0.0477939
125736	1414	0.047793888
125736	6302	0.047793888
125736	3911	0.047793552
125779	1615	0.057405967
125779	4124	0.055470183
125779	4831	0.054432485
125779	4075	0.054061715
125779	5893	0.05387863
125779	6739	0.053641528
125779	1455	0.053598017
125779	2945	0.05326929
125779	146	0.053166367
125779	3251	0.053154193
125808	613	0.062892385
125808	414	0.06261176
125808	937	0.062300723
125808	152	0.062300697
125808	459	0.062088788
125808	2327	0.06194428
125808	1387	0.061944187
125808	2362	0.061915558
125808	1436	0.06175627
125808	2176	0.061709657
125878	6099	0.047419053
125878	4825	0.04736317
125878	2806	0.047272533
125878	3508	0.047216643
125878	245	0.0472166
125878	3603	0.047216564
125878	2821	0.047096264
125878	3517	0.046985123
125878	5222	0.046985105
125878	2915	0.04698509
125892	1983	0.048061356
125892	6770	0.04783648
125892	622	0.047577925
125892	2845	0.047516916
125892	860	0.047499824
125892	4708	0.04738674
125892	477	0.047348678
125892	1463	0.04723317
125892	1641	0.047170334
125892	885	0.047142074
125928	2394	0.055684276
125928	672	0.055309437
125928	5093	0.055309422
125928	6806	0.055309415
125928	1881	0.055203613
125928	3230	0.05520359
125928	6410	0.055111486
125928	3108	0.055044852
125928	3424	0.054839622
125928	120	0.054765157
126053	1389	0.07725672
126053	420	0.07715064
126053	5205	0.076247945
126053	4245	0.075766146
126053	1253	0.07543087
126053	614	0.074994534
126053	406	0.074666075
126053	2823	0.07452511
126053	1630	0.074523896
126053	2432	0.07441449
126072	4215	0.043918453
126072	3498	0.043864347
126072	1649	0.04376105
126072	5223	0.04370106
126072	1672	0.04365042
126072	2553	0.04355508
126072	3538	0.04333379
126072	5337	0.04330586
126072	3839	0.043063466
126072	4242	0.04306346
126149	2050	0.038633928
126149	4288	0.038220342
126149	6061	0.037862726
126149	3601	0.037846163
126149	1160	0.03784616
126149	4392	0.03784614
126149	6329	0.037846126
126149	4992	0.037846122
126149	1410	0.037778534
126149	2268	0.03775888
126196	648	0.07163374
126196	4163	0.07163371
126196	2764	0.07148572
126196	4175	0.07146995
126196	6554	0.07146993
126196	6032	0.07143228
126196	5263	0.07143222
126196	3180	0.07132194
126196	2578	0.071321905
126196	1855	0.07128421
126232	1459	0.035017215
126232	2426	0.0347459
126232	6113	0.034705617
126232	6563	0.03439585
126232	5805	0.034298435
126232	118	0.03429842
126232	2898	0.03424894
126232	6836	0.03420514
126232	6480	0.034124203
126232	5613	0.03409838
126240	2004	0.03226033
126240	1505	0.03223938
126240	6574	0.032228924
126240	1880	0.03205612
126240	1426	0.032032054
126240	4583	0.03203204
126240	958	0.031995162
126240	6568	0.03196478
126240	4346	0.03196164
126240	1927	0.031890962
126296	3256	0.062192038
126296	533	0.06120731
126296	2806	0.060719386
126296	6161	0.060616735
126296	3959	0.0606167
126296	1034	0.060616694
126296	3040	0.060616694
126296	3041	0.06061668
126296	1394	0.06061665
126296	1787	0.060616642
126298	406	0.0956938
126298	1592	0.094631076
126298	243	0.09450178
126298	645	0.09431784
126298	3909	0.094317794
126298	5792	0.09402947
126298	1193	0.09393979
126298	1764	0.09371403
126298	1389	0.093409434
126298	5771	0.093183815
126388	800	0.04646676
126388	4165	0.046286713
126388	777	0.04623309
126388	176	0.04623305
126388	1527	0.045834623
126388	6211	0.045792572
126388	4549	0.04577353
126388	2516	0.04572393
126388	2857	0.04566555
126388	1056	0.045665532
126395	170	0.04526747
126395	67	0.044866156
126395	202	0.044814028
126395	169	0.044649772
126395	4332	0.044507463
126395	2795	0.044433393
126395	4201	0.044355933
126395	2063	0.044230144
126395	910	0.044087734
126395	1594	0.043975547
126487	6752	0.038678974
126487	4446	0.038639683
126487	4469	0.038411573
126487	4599	0.038363196
126487	5283	0.03831863
126487	4147	0.038145974
126487	3134	0.038140576
126487	4272	0.03812486
126487	4918	0.038019273
126487	5928	0.03790538
126492	526	0.05729493
126492	1961	0.057025954
126492	1068	0.056818828
126492	1251	0.056157984
126492	4307	0.055976946
126492	2950	0.055812243
126492	1594	0.05572635
126492	350	0.055507787
126492	5288	0.055482812
126492	4332	0.055145595
126585	2858	0.044237297
126585	2627	0.04385484
126585	6445	0.043830216
126585	3333	0.04360813
126585	873	0.04359678
126585	780	0.043528512
126585	5863	0.04342633
126585	1242	0.04318422
126585	359	0.043114133
126585	5271	0.04309842
126604	4235	0.045423243
126604	5864	0.045344986
126604	1430	0.045292415
126604	6158	0.044960354
126604	5568	0.044933323
126604	227	0.044833984
126604	5596	0.04454877
126604	978	0.0445436
126604	2918	0.04432345
126604	1897	0.0442316
126693	459	0.052279655
126693	2362	0.05158245
126693	3056	0.051527295
126693	1626	0.051477868
126693	5352	0.051049754
126693	611	0.05101066
126693	414	0.050979033
126693	127	0.05092538
126693	1444	0.050904136
126693	2961	0.050904095
126697	625	0.061572365
126697	1071	0.061532836
126697	2532	0.06147892
126697	2809	0.061478876
126697	3669	0.061478868
126697	1711	0.061184026
126697	1411	0.06105967
126697	1574	0.060674958
126697	1908	0.060670365
126697	1713	0.060558125
126726	2050	0.051663242
126726	6061	0.051662438
126726	1105	0.05131729
126726	6133	0.051114477
126726	1410	0.051081125
126726	2886	0.05105649
126726	1783	0.051016722
126726	1251	0.05083163
126726	715	0.050797433
126726	4288	0.05064059
126736	5675	0.06278009
126736	5340	0.06263498
126736	1328	0.062374346
126736	6250	0.062342197
126736	2820	0.062222697
126736	3359	0.06221982
126736	3177	0.0621508
126736	267	0.06187592
126736	803	0.061832614
126736	2064	0.061793465
126803	2866	0.042489752
126803	3487	0.041967448
126803	6808	0.041874573
126803	2863	0.041771524
126803	1612	0.041676123
126803	3484	0.041671246
126803	1844	0.04118188
126803	4136	0.04104393
126803	6109	0.040930018
126803	1257	0.040854953
126810	268	0.057485774
126810	187	0.057383284
126810	1432	0.05725349
126810	99	0.05725266
126810	5304	0.057248604
126810	5406	0.057226617
126810	5042	0.057226606
126810	5184	0.057107545
126810	2467	0.05697301
126810	2963	0.05683285
126812	5815	0.06672495
126812	20	0.06672493
126812	2867	0.06672491
126812	739	0.06642695
126812	1602	0.065883026
126812	487	0.065268256
126812	1708	0.06415878
126812	3133	0.064145975
126812	102	0.06375077
126812	459	0.06370136
126814	4599	0.049374685
126814	6752	0.049352825
126814	4680	0.049177125
126814	6666	0.04917708
126814	4918	0.049124636
126814	5928	0.049093526
126814	4446	0.048976712
126814	4709	0.04896168
126814	3864	0.04888463
126814	5289	0.048884574
126824	1411	0.044674236
126824	1603	0.044669256
126824	1711	0.044474587
126824	1750	0.044351585
126824	2532	0.044275954
126824	2809	0.044275917
126824	3669	0.044275917
126824	2176	0.04395596
126824	4538	0.04395592
126824	1071	0.043871783
126827	459	0.0474568
126827	2362	0.04728067
126827	1436	0.0469988
126827	1261	0.046693884
126827	3855	0.046608616
126827	937	0.046304382
126827	152	0.046304364
126827	188	0.046189837
126827	414	0.046128735
126827	2176	0.04604853
126860	6406	0.05951851
126860	301	0.05899228
126860	2554	0.05899226
126860	1958	0.058731318
126860	3129	0.058686674
126860	6251	0.058677305
126860	1415	0.05857748
126860	438	0.058577456
126860	741	0.05857663
126860	1367	0.058576614
126903	692	0.09118557
126903	3616	0.090751156
126903	1851	0.09031438
126903	727	0.08995089
126903	999	0.089021355
126903	3207	0.088969074
126903	451	0.08891366
126903	2337	0.08872442
126903	3659	0.08863078
126903	1854	0.088508606
126907	3281	0.027004598
126907	3073	0.026893882
126907	1538	0.026893876
126907	1378	0.026853405
126907	3046	0.026843637
126907	4086	0.02678709
126907	4673	0.026787084
126907	4550	0.02673294
126907	922	0.026732933
126907	4390	0.026692456
126985	637	0.045706358
126985	628	0.045532797
126985	2366	0.04549335
126985	824	0.045319803
126985	882	0.045175597
126985	4782	0.045175575
126985	2197	0.045115948
126985	4227	0.04509455
126985	1397	0.04494866
126985	4247	0.04490982
127024	1526	0.05594269
127024	2698	0.055650085
127024	84	0.05534284
127024	330	0.055342764
127024	1690	0.05529219
127024	2316	0.0551216
127024	2066	0.05499066
127024	2327	0.05493844
127024	1387	0.05493833
127024	4726	0.054829486
127036	2632	0.03238828
127036	514	0.031921834
127036	3214	0.031785518
127036	4970	0.031732265
127036	641	0.031696226
127036	2583	0.03154432
127036	1459	0.031511053
127036	2761	0.03141824
127036	2216	0.031378776
127036	3132	0.03126108
127049	3631	0.07386373
127049	3373	0.0734341
127049	789	0.07343399
127049	1973	0.07343398
127049	4878	0.073433965
127049	3657	0.07339737
127049	4169	0.073397346
127049	3459	0.07339732
127049	2994	0.073397264
127049	6677	0.07339724
127113	5449	0.03789676
127113	4893	0.037866004
127113	1815	0.037755407
127113	5185	0.03775538
127113	3945	0.0376475
127113	3628	0.037313297
127113	3232	0.037207715
127113	1206	0.03711752
127113	4374	0.037016533
127113	3340	0.036926776
127122	4038	0.04377983
127122	136	0.043618724
127122	4512	0.0435573
127122	3370	0.04350804
127122	4953	0.043391727
127122	3335	0.04338965
127122	3820	0.043377772
127122	291	0.04335545
127122	328	0.043355424
127122	55	0.043298397
127129	5696	0.046721257
127129	1662	0.046721242
127129	6417	0.046721205
127129	2070	0.046702676
127129	2010	0.046693865
127129	4175	0.046554133
127129	6554	0.04655412
127129	648	0.04626335
127129	4163	0.046263345
127129	2190	0.046235368
127131	4419	0.05038511
127131	6407	0.050380684
127131	1252	0.050380647
127131	3524	0.050374575
127131	5615	0.050227553
127131	6310	0.049993873
127131	2766	0.04994856
127131	5447	0.04994852
127131	4376	0.049845167
127131	368	0.049840696
127168	1955	0.05303807
127168	5315	0.05248228
127168	2699	0.052265108
127168	310	0.051915586
127168	1555	0.05188214
127168	5331	0.05175458
127168	1576	0.05168216
127168	2049	0.0514967
127168	4980	0.051408634
127168	1542	0.05115972
127171	5613	0.037253127
127171	2420	0.036965035
127171	641	0.036528885
127171	3149	0.036507294
127171	4725	0.035880707
127171	1459	0.035800517
127171	5076	0.035728816
127171	3088	0.035698295
127171	2216	0.035590872
127171	1074	0.035435785
127190	5946	0.047569565
127190	223	0.04756955
127190	399	0.04756955
127190	5385	0.047569543
127190	4371	0.04756954
127190	2122	0.047569532
127190	3734	0.047569524
127190	1734	0.047433533
127190	3695	0.04742699
127190	6820	0.047426984
127200	5300	0.045907438
127200	608	0.045799278
127200	5517	0.04575698
127200	5288	0.04555283
127200	973	0.04545882
127200	456	0.04536031
127200	1759	0.04523009
127200	1695	0.04499907
127200	4562	0.044930786
127200	4592	0.04493071
127203	4542	0.06559617
127203	4143	0.06534329
127203	2140	0.0646847
127203	5060	0.064204685
127203	6755	0.06388171
127203	6823	0.06345958
127203	5607	0.063247986
127203	3254	0.06317526
127203	4541	0.062346924
127203	1697	0.062288478
127233	435	0.04820834
127233	1219	0.048204042
127233	1601	0.048048668
127233	1320	0.04803428
127233	1796	0.04746695
127233	744	0.047257856
127233	6736	0.047257785
127233	5401	0.04721925
127233	4305	0.04718583
127233	930	0.047167093
127359	6169	0.052023303
127359	6382	0.051615775
127359	1796	0.051267188
127359	4949	0.05093589
127359	3799	0.05072953
127359	1601	0.05010066
127359	4305	0.05003358
127359	51	0.050025992
127359	4870	0.050024446
127359	6782	0.049937323
127384	3228	0.035108842
127384	701	0.035108827
127384	5678	0.03510882
127384	2739	0.035108797
127384	4748	0.035108797
127384	3962	0.034959733
127384	5661	0.034957677
127384	3627	0.034957673
127384	4341	0.034894325
127384	2306	0.034881216
127389	140	0.03530704
127389	4119	0.035240177
127389	5586	0.035214737
127389	141	0.035206094
127389	279	0.03517965
127389	892	0.035116293
127389	5254	0.03495168
127389	997	0.034946874
127389	2870	0.034946855
127389	3681	0.03487567
127404	6130	0.07425514
127404	2203	0.0741518
127404	2575	0.074004024
127404	4183	0.07372835
127404	6574	0.07356461
127404	1426	0.073101774
127404	4583	0.07310173
127404	1880	0.07278471
127404	3053	0.07270853
127404	549	0.072669685
127417	3655	0.06311394
127417	1152	0.06311393
127417	5831	0.06311393
127417	3574	0.06264752
127417	3800	0.06264751
127417	5566	0.06261991
127417	6320	0.062346227
127417	1417	0.062343597
127417	201	0.06234355
127417	1556	0.062343534
127432	1594	0.043245893
127432	440	0.043159258
127432	5134	0.04306859
127432	4332	0.0428465
127432	170	0.042808305
127432	3217	0.04278504
127432	4201	0.042742457
127432	1068	0.04267936
127432	2063	0.04260169
127432	169	0.042536967
127438	6497	0.03933917
127438	2614	0.039208326
127438	6296	0.03918144
127438	2615	0.03905055
127438	2607	0.03897779
127438	1841	0.038824476
127438	6640	0.038809724
127438	2305	0.03879054
127438	6131	0.03877628
127438	993	0.038695574
127481	1627	0.038777005
127481	435	0.0387659
127481	930	0.03875964
127481	465	0.038759597
127481	3142	0.03875959
127481	2951	0.03873127
127481	2918	0.038521655
127481	1219	0.03844183
127481	18	0.038115583
127481	4026	0.03808473
127564	4161	0.0596229
127564	2579	0.059257694
127564	2662	0.059247565
127564	2028	0.059226073
127564	144	0.059170768
127564	2070	0.05907812
127564	1494	0.059068337
127564	1766	0.05895961
127564	3330	0.05886525
127564	1200	0.058756225
127621	1179	0.06646381
127621	879	0.066293545
127621	1076	0.06625179
127621	613	0.06545851
127621	649	0.06521045
127621	2044	0.06508896
127621	1764	0.06489851
127621	2991	0.06465707
127621	3433	0.06437194
127621	320	0.06425121
127648	2962	0.034471188
127648	1322	0.03443566
127648	4168	0.034433257
127648	2345	0.034433253
127648	2730	0.034419637
127648	6888	0.034417268
127648	4266	0.03441725
127648	1048	0.034390666
127648	1308	0.034390666
127648	894	0.034390643
127782	2392	0.06722238
127782	304	0.06693846
127782	1540	0.06678301
127782	2686	0.06674928
127782	1178	0.06657233
127782	425	0.06653289
127782	2404	0.06639126
127782	5107	0.06628843
127782	4617	0.06616117
127782	2186	0.06610515
127826	6169	0.063831925
127826	6382	0.06379618
127826	365	0.06370455
127826	4560	0.0633703
127826	1796	0.06330429
127826	526	0.0632461
127826	1306	0.06279759
127826	859	0.06260921
127826	5795	0.06237062
127826	968	0.06226039
127893	2991	0.060365357
127893	879	0.060289785
127893	1076	0.060191043
127893	1631	0.0601133
127893	1212	0.05967538
127893	5570	0.05967538
127893	1764	0.05951965
127893	243	0.05948121
127893	5140	0.059347138
127893	581	0.05917441
127914	4058	0.058460332
127914	2359	0.058460295
127914	3494	0.05844859
127914	1898	0.05844851
127914	4244	0.058296666
127914	6657	0.05829665
127914	4767	0.058296643
127914	5468	0.058296625
127914	1872	0.05829662
127914	4795	0.058296617
127970	5330	0.05149274
127970	2041	0.051376786
127970	4229	0.051023267
127970	758	0.05099251
127970	5921	0.050980523
127970	6667	0.050528236
127970	5211	0.050459016
127970	1567	0.050412335
127970	3501	0.050396405
127970	4830	0.050245296
128014	6566	0.05320224
128014	2352	0.053158928
128014	737	0.052972093
128014	4051	0.05271554
128014	5064	0.052715503
128014	3290	0.052434318
128014	3258	0.05237521
128014	6646	0.052375175
128014	895	0.052289456
128014	662	0.05228514
128033	1301	0.053407826
128033	1354	0.053407826
128033	1745	0.053407826
128033	3469	0.053407818
128033	2455	0.0534078
128033	5133	0.05335872
128033	4253	0.053358708
128033	1228	0.053213507
128033	669	0.053213496
128033	2382	0.053213477
128040	1436	0.049767196
128040	1713	0.04963994
128040	613	0.04926969
128040	2387	0.04913243
128040	1071	0.04895957
128040	1411	0.048832715
128040	2176	0.048594207
128040	4538	0.0485942
128040	448	0.04846037
128040	1574	0.04844538
128045	406	0.0811002
128045	1592	0.08049586
128045	645	0.08007897
128045	3909	0.08007893
128045	1193	0.07997611
128045	5792	0.07952857
128045	5771	0.07950953
128045	1389	0.07945806
128045	3062	0.07914621
128045	247	0.079105705
128060	3315	0.04708326
128060	1248	0.04698714
128060	2215	0.046965294
128060	5867	0.046935003
128060	3285	0.04636032
128060	4570	0.046332564
128060	2493	0.04633222
128060	572	0.046304844
128060	2513	0.046264112
128060	6249	0.046143763
128085	3385	0.045671407
128085	1529	0.0456107
128085	1050	0.04520178
128085	5454	0.04517727
128085	5288	0.045050405
128085	5971	0.045039058
128085	2012	0.0450071
128085	973	0.0449875
128085	3812	0.044854064
128085	2086	0.044813395
128119	715	0.04401221
128119	1783	0.04377479
128119	6259	0.04367065
128119	1251	0.043635637
128119	1504	0.04348547
128119	5781	0.04331697
128119	978	0.04323004
128119	1601	0.043073498
128119	169	0.043025147
128119	170	0.04301671
128122	55	0.067622244
128122	2720	0.067512736
128122	1849	0.067287706
128122	145	0.067214504
128122	4526	0.067178525
128122	4957	0.06713198
128122	3335	0.067049265
128122	5214	0.06702227
128122	1842	0.067022234
128122	1794	0.06699452
128208	501	0.056814395
128208	2362	0.056806598
128208	459	0.056405947
128208	3300	0.056307912
128208	933	0.055917453
128208	3855	0.055702522
128208	1266	0.055694245
128208	5352	0.055636138
128208	1071	0.05556824
128208	41	0.055453163
128214	5567	0.027046986
128214	2469	0.026958093
128214	5936	0.026916673
128214	552	0.026916672
128214	235	0.026764829
128214	70	0.026645737
128214	4120	0.02664572
128214	5404	0.02664572
128214	457	0.026641652
128214	4450	0.026614077
128257	3659	0.05545733
128257	5361	0.055232618
128257	3552	0.055232592
128257	320	0.05500119
128257	2129	0.054769035
128257	3156	0.05472386
128257	140	0.05468478
128257	4132	0.054439675
128257	1229	0.054175973
128257	892	0.05415617
128276	636	0.053451687
128276	2920	0.05345168
128276	2360	0.053451676
128276	3440	0.053451672
128276	1023	0.0533209
128276	1772	0.053320892
128276	2231	0.053320862
128276	1033	0.053305477
128276	938	0.05330545
128276	2407	0.053174723
128325	5567	0.06479424
128325	457	0.06443858
128325	5936	0.06425992
128325	552	0.064259894
128325	4120	0.063858666
128325	2469	0.06368385
128325	4450	0.06348584
128325	3583	0.06337035
128325	240	0.06332646
128325	70	0.06295151
128331	408	0.062948324
128331	6326	0.06277028
128331	4494	0.062728114
128331	2751	0.06272811
128331	5538	0.06272804
128331	2437	0.062621176
128331	1361	0.062621154
128331	6298	0.06262115
128331	427	0.06262112
128331	2852	0.06262108
128332	1709	0.07136898
128332	715	0.07129254
128332	971	0.07073201
128332	1251	0.070674375
128332	2725	0.07048014
128332	1783	0.068613574
128332	5762	0.068442196
128332	589	0.06824109
128332	169	0.06820617
128332	504	0.06798406
128406	1076	0.06340967
128406	448	0.063325636
128406	2991	0.06331448
128406	2503	0.06309797
128406	2387	0.0629929
128406	581	0.06288991
128406	6111	0.06258534
128406	407	0.062229715
128406	1492	0.062214002
128406	693	0.06211977
128434	1983	0.06282673
128434	480	0.062160272
128434	622	0.062153153
128434	153	0.06214646
128434	1641	0.06205697
128434	6816	0.06204939
128434	4325	0.06196633
128434	1405	0.06194614
128434	816	0.061931096
128434	471	0.06174639
128622	581	0.056505583
128622	1817	0.056319594
128622	133	0.05631955
128622	448	0.056265537
128622	6111	0.055944055
128622	1781	0.055929326
128622	3581	0.055854827
128622	2387	0.055849373
128622	500	0.055765577
128622	50	0.05574751
128693	5639	0.036024403
128693	1844	0.035933904
128693	1083	0.035912067
128693	714	0.035819523
128693	2866	0.035796177
128693	5202	0.035741
128693	2236	0.035732903
128693	4558	0.03555781
128693	2232	0.035506845
128693	1287	0.035469864
128696	1430	0.044326037
128696	4235	0.044288397
128696	5864	0.044285737
128696	227	0.04391937
128696	5568	0.043912075
128696	6158	0.043832608
128696	978	0.043824058
128696	61	0.043609075
128696	2918	0.043556705
128696	862	0.043481663
128732	5340	0.051086
128732	5675	0.051018044
128732	2064	0.050727073
128732	1328	0.050692745
128732	3971	0.050458968
128732	3177	0.050402842
128732	1743	0.05040278
128732	2820	0.050377667
128732	3359	0.050164226
128732	6250	0.050154902
128790	980	0.043629415
128790	6050	0.042887025
128790	5474	0.042797804
128790	4085	0.04279611
128790	4470	0.042788893
128790	2096	0.042530514
128790	3389	0.042489525
128790	3830	0.042432472
128790	3828	0.042432413
128790	3166	0.042419832
128915	3218	0.050229862
128915	150	0.05022986
128915	1067	0.05022985
128915	687	0.05017501
128915	5885	0.050092354
128915	4664	0.050070852
128915	3549	0.05003753
128915	1442	0.050015945
128915	2667	0.049956486
128915	4309	0.049878515
128962	175	0.051696517
128962	2541	0.05146917
128962	3280	0.0512103
128962	474	0.051182378
128962	487	0.050750397
128962	3770	0.050643012
128962	831	0.050394643
128962	1264	0.050270744
128962	3133	0.049936473
128962	739	0.049376808
129008	6619	0.044858236
129008	3158	0.044520494
129008	6498	0.04421841
129008	963	0.04421172
129008	5629	0.043843154
129008	1082	0.0436715
129008	4499	0.043606076
129008	6814	0.04340323
129008	1740	0.04340319
129008	6858	0.043385252
129084	1586	0.06378896
129084	910	0.06335762
129084	1370	0.06306362
129084	1572	0.062894
129084	5352	0.062252827
129084	202	0.062144697
129084	4015	0.062119983
129084	5254	0.062024076
129084	4432	0.06198962
129084	3213	0.06198956
129338	621	0.053994887
129338	73	0.053108856
129338	707	0.053069524
129338	4937	0.052199114
129338	1242	0.05217333
129338	2470	0.052067794
129338	1031	0.051689975
129338	3973	0.05163444
129338	720	0.051402364
129338	3273	0.051355276
129358	6240	0.058857698
129358	4880	0.05885766
129358	2614	0.05798257
129358	4927	0.05785824
129358	2485	0.057750955
129358	2615	0.057610244
129358	6174	0.057605956
129358	1613	0.057483625
129358	2607	0.057067797
129358	4503	0.056956038
129368	6650	0.06725314
129368	1224	0.067083776
129368	4257	0.06664967
129368	1247	0.06660054
129368	5245	0.06660052
129368	6016	0.06660052
129368	3714	0.06656526
129368	5568	0.06631269
129368	1938	0.06595709
129368	1109	0.06582193
129373	879	0.07039854
129373	692	0.0696922
129373	5140	0.069615275
129373	1764	0.06850905
129373	3616	0.06843223
129373	606	0.06789301
129373	657	0.067557946
129373	3207	0.067520276
129373	1631	0.06747944
129373	999	0.06725201
129389	5567	0.037191067
129389	3631	0.037065513
129389	4450	0.036971435
129389	3373	0.036865205
129389	789	0.036865164
129389	1973	0.03686515
129389	4878	0.036865145
129389	457	0.03682531
129389	5936	0.036780097
129389	552	0.03678009
129393	6495	0.054438148
129393	205	0.054438144
129393	4699	0.054438137
129393	6562	0.05443812
129393	713	0.05443807
129393	5164	0.0544194
129393	6143	0.053961366
129393	5746	0.05395273
129393	1216	0.053952653
129393	3121	0.05394271
129399	693	0.061113723
129399	2503	0.0610539
129399	1947	0.060924012
129399	1492	0.060727756
129399	85	0.060714826
129399	6111	0.06069185
129399	809	0.0606741
129399	2469	0.060660034
129399	1177	0.060550984
129399	2991	0.060541265
129465	3271	0.04174167
129465	3910	0.04160401
129465	4723	0.04154492
129465	4455	0.041517846
129465	2111	0.041458152
129465	6698	0.041458115
129465	6831	0.041458115
129465	3864	0.0414454
129465	5289	0.04144537
129465	4682	0.041445248
129474	2823	0.09973764
129474	1630	0.09936834
129474	504	0.0983258
129474	352	0.098039135
129474	689	0.0971299
129474	2156	0.09593528
129474	1253	0.095819816
129474	4269	0.09545261
129474	6674	0.095383674
129474	5205	0.09514955
129489	4051	0.04714331
129489	5064	0.047143277
129489	895	0.047134086
129489	3290	0.04709953
129489	737	0.0470419
129489	1447	0.04679711
129489	6265	0.04665424
129489	5729	0.04664506
129489	1101	0.046511263
129489	6649	0.046494316
129494	4162	0.05513437
129494	4341	0.05485572
129494	6015	0.05482264
129494	3497	0.054781906
129494	5560	0.05468025
129494	6360	0.05463077
129494	3229	0.05460041
129494	6556	0.054579206
129494	6684	0.05454626
129494	6096	0.054536574
129503	4049	0.048487842
129503	3118	0.04848784
129503	2851	0.04848701
129503	5901	0.048476323
129503	2932	0.048426677
129503	635	0.048366368
129503	956	0.04827035
129503	2953	0.048270315
129503	668	0.048149645
129503	1168	0.048149616
129505	3287	0.04981657
129505	5487	0.04981655
129505	3585	0.04974623
129505	376	0.049746193
129505	6553	0.049664237
129505	248	0.049664166
129505	1093	0.04966415
129505	1218	0.04962445
129505	2550	0.049576543
129505	5079	0.049576536
129690	4560	0.04798487
129690	5288	0.047881052
129690	456	0.047827825
129690	2267	0.04730736
129690	365	0.047229126
129690	3385	0.04688754
129690	973	0.04658487
129690	4066	0.04649461
129690	3532	0.046314172
129690	3812	0.046313893
129725	1616	0.055235732
129725	1942	0.05494831
129725	636	0.054857656
129725	2920	0.054857656
129725	2360	0.054857638
129725	3440	0.054857638
129725	5702	0.054567978
129725	5833	0.054461833
129725	1772	0.054393888
129725	1023	0.05439388
129851	3794	0.05620087
129851	586	0.05595856
129851	1800	0.055827998
129851	3121	0.054890975
129851	5858	0.05488836
129851	5568	0.054877035
129851	2456	0.054836534
129851	2932	0.05465897
129851	1978	0.054648932
129851	4140	0.054594614
129883	1212	0.072138235
129883	5570	0.072138235
129883	3943	0.07100216
129883	653	0.07051132
129883	1058	0.06991742
129883	1185	0.06985709
129883	1490	0.0695872
129883	2369	0.06941517
129883	1055	0.06929433
129883	157	0.06918243
130166	2555	0.06252935
130166	213	0.062529296
130166	935	0.06239921
130166	1205	0.06232022
130166	210	0.06232018
130166	3445	0.06221163
130166	2465	0.06198794
130166	3520	0.061780997
130166	1183	0.061751645
130166	1816	0.06174633
130168	6837	0.045776956
130168	21	0.045643076
130168	5950	0.045643076
130168	3028	0.045549188
130168	1624	0.04550319
130168	1298	0.045503184
130168	3257	0.045503173
130168	3711	0.045503158
130168	936	0.045503147
130168	2310	0.045503143
130258	4957	0.037889462
130258	4526	0.03781942
130258	2720	0.037675366
130258	2764	0.03765539
130258	578	0.03763615
130258	2027	0.037636146
130258	3967	0.03756618
130258	377	0.037566155
130258	3318	0.03756615
130258	379	0.037566118
130438	5254	0.050153263
130438	1586	0.04986736
130438	4030	0.04981878
130438	202	0.04975051
130438	170	0.049686052
130438	910	0.04966959
130438	393	0.049482256
130438	67	0.04928334
130438	1370	0.049238652
130438	6081	0.049101956
130474	219	0.042188115
130474	5179	0.04218157
130474	6658	0.042128723
130474	2829	0.042054463
130474	261	0.042020943
130474	1374	0.042020865
130474	2034	0.041992202
130474	5030	0.041992128
130474	2035	0.04197726
130474	249	0.041877616
130482	1793	0.03771506
130482	6160	0.037631907
130482	5604	0.037619095
130482	2008	0.037488922
130482	3246	0.037488896
130482	1488	0.03748889
130482	2557	0.037488885
130482	5948	0.03748888
130482	2175	0.03747666
130482	939	0.03747659
130502	3967	0.055449784
130502	3318	0.05544976
130502	377	0.05544975
130502	379	0.055449698
130502	2027	0.055353396
130502	578	0.05535339
130502	2764	0.055201538
130502	4666	0.055057652
130502	4676	0.05505759
130502	3735	0.055057585
130543	981	0.04811369
130543	503	0.047884624
130543	274	0.047695864
130543	1115	0.04706166
130543	3083	0.046721384
130543	837	0.046423826
130543	3977	0.046244845
130543	2156	0.045975674
130543	814	0.045931187
130543	5155	0.04576111
130570	518	0.053555835
130570	1419	0.053528078
130570	4756	0.05352807
130570	1421	0.053528063
130570	3822	0.05352806
130570	1049	0.053528033
130570	6587	0.053528026
130570	3572	0.05352802
130570	995	0.05352801
130570	3634	0.05352801
130571	2010	0.048958577
130571	3690	0.04859056
130571	1662	0.048546888
130571	5696	0.04854688
130571	6417	0.04854683
130571	3093	0.048541464
130571	2070	0.048287183
130571	5423	0.048178785
130571	1064	0.04812978
130571	3286	0.048129737
130581	294	0.05733849
130581	4954	0.05726581
130581	4525	0.057244353
130581	3257	0.05714068
130581	1298	0.05714067
130581	1624	0.05714067
130581	3711	0.05714064
130581	936	0.057140637
130581	2310	0.05714063
130581	3323	0.05714059
130636	4938	0.05031139
130636	3270	0.05025071
130636	5346	0.05024872
130636	4112	0.05019432
130636	369	0.050176755
130636	4548	0.049996495
130636	979	0.049979728
130636	6112	0.04991666
130636	4640	0.049914
130636	4193	0.049890026
130658	4118	0.054717053
130658	290	0.05471705
130658	441	0.05471705
130658	3030	0.05471701
130658	4082	0.05471701
130658	3861	0.05471696
130658	226	0.054627243
130658	251	0.054627217
130658	1618	0.05462718
130658	1005	0.054565333
130705	930	0.046061914
130705	3142	0.046061862
130705	465	0.04606186
130705	4401	0.045826204
130705	2951	0.045762397
130705	4026	0.04574093
130705	2918	0.045603715
130705	1884	0.045583684
130705	460	0.045469053
130705	1627	0.045287527
130784	318	0.045414317
130784	763	0.045414317
130784	3015	0.045362413
130784	6005	0.04524637
130784	1683	0.045232944
130784	237	0.045219917
130784	249	0.045153826
130784	2034	0.0451282
130784	5030	0.045128126
130784	5012	0.045084186
130792	6837	0.04701288
130792	1758	0.046967447
130792	3028	0.046881817
130792	1624	0.046784177
130792	1298	0.046784163
130792	3257	0.046784155
130792	936	0.046784144
130792	3711	0.04678413
130792	2310	0.046784125
130792	3323	0.046784095
130837	1456	0.045661014
130837	6410	0.045524646
130837	1541	0.045485415
130837	2270	0.045432467
130837	672	0.045421604
130837	5093	0.045421593
130837	6806	0.04542159
130837	1025	0.04535897
130837	3108	0.045310088
130837	5985	0.04526019
130847	2387	0.06796996
130847	1817	0.06779945
130847	133	0.06779939
130847	448	0.06778933
130847	3581	0.06766031
130847	6111	0.06740208
130847	581	0.06718923
130847	1781	0.06715308
130847	341	0.06636936
130847	338	0.06636935
130866	5869	0.042193886
130866	6040	0.04216742
130866	6342	0.041774385
130866	4001	0.041664235
130866	2805	0.04161095
130866	5743	0.041501224
130866	2106	0.04149152
130866	521	0.0414915
130866	3136	0.04147203
130866	1483	0.04145228
130950	1709	0.0402938
130950	715	0.04022304
130950	1251	0.03964074
130950	4269	0.03955192
130950	971	0.039240234
130950	6674	0.03910841
130950	991	0.0390032
130950	1783	0.03866785
130950	503	0.038502373
130950	504	0.038330533
130961	1501	0.06250011
130961	319	0.062389538
130961	1523	0.062389534
130961	2189	0.0623895
130961	1398	0.062193647
130961	754	0.06219362
130961	2252	0.062100653
130961	1681	0.062100645
130961	3559	0.062100608
130961	1234	0.0621006
130978	3943	0.059849933
130978	61	0.059621386
130978	590	0.059598148
130978	2456	0.059279267
130978	1902	0.059276674
130978	157	0.059212804
130978	1550	0.05906723
130978	1212	0.059038687
130978	5570	0.05903868
130978	1490	0.05882754
131027	480	0.05759111
131027	816	0.05734818
131027	3169	0.05723337
131027	1472	0.05715263
131027	471	0.057126157
131027	983	0.057112627
131027	2281	0.056953527
131027	622	0.056948535
131027	1405	0.05687347
131027	1463	0.056768358
131032	2896	0.043010417
131032	3123	0.04299489
131032	4445	0.042976096
131032	6681	0.042891026
131032	6235	0.042890966
131032	2424	0.042852197
131032	5442	0.042810507
131032	1353	0.042800136
131032	6226	0.04274389
131032	1341	0.042690407
131046	2229	0.044552535
131046	5387	0.04416195
131046	4870	0.0434817
131046	5023	0.043267317
131046	2765	0.043171756
131046	2056	0.042758998
131046	1457	0.04272481
131046	2586	0.04260868
131046	2738	0.042564757
131046	3681	0.042514555
131099	980	0.06611289
131099	5474	0.065887466
131099	2501	0.06558506
131099	6204	0.06545718
131099	2096	0.065360114
131099	6135	0.065045096
131099	2255	0.06504509
131099	6289	0.065045044
131099	4601	0.06504503
131099	3970	0.06495291
131126	5054	0.04763537
131126	4336	0.047447518
131126	831	0.04731298
131126	4471	0.047067955
131126	3790	0.046792362
131126	707	0.046473954
131126	988	0.04633439
131126	2541	0.045807164
131126	472	0.04573925
131126	480	0.04552629
131154	472	0.06523271
131154	3198	0.06500169
131154	4471	0.06494011
131154	983	0.06484236
131154	988	0.0647701
131154	7	0.06454727
131154	6674	0.064397566
131154	3397	0.06426304
131154	5879	0.06421429
131154	3775	0.06409888
131182	3433	0.05767578
131182	1212	0.057473574
131182	5570	0.057473574
131182	1185	0.05691229
131182	1764	0.056685463
131182	1631	0.056492884
131182	653	0.056429368
131182	1680	0.05627448
131182	404	0.056145728
131182	2991	0.05601645
131202	1496	0.037181817
131202	5271	0.03684304
131202	3200	0.0366406
131202	3241	0.036592536
131202	2108	0.036522187
131202	5457	0.036457315
131202	2124	0.0363307
131202	1097	0.036243737
131202	6187	0.036087953
131202	4061	0.036045633
131238	3064	0.058655716
131238	2317	0.05819644
131238	537	0.05772227
131238	183	0.057682447
131238	1070	0.05765284
131238	5879	0.057504036
131238	339	0.057208195
131238	708	0.057153493
131238	472	0.0568334
131238	341	0.05669421
131317	1280	0.05080637
131317	6783	0.050747402
131317	876	0.05062345
131317	6398	0.05062344
131317	5577	0.05054976
131317	865	0.050046265
131317	923	0.050046235
131317	5751	0.04993176
131317	3206	0.049859967
131317	6089	0.04985118
131363	5861	0.046154324
131363	4470	0.04580587
131363	5257	0.045626592
131363	1476	0.04562658
131363	2853	0.045594744
131363	2501	0.04550605
131363	5752	0.04547315
131363	3830	0.045278184
131363	3828	0.045278117
131363	6204	0.045248568
131402	1151	0.04455413
131402	5998	0.044399887
131402	1699	0.04439987
131402	5748	0.044399843
131402	655	0.04424611
131402	2462	0.04421255
131402	6057	0.044091903
131402	1365	0.044091865
131402	4787	0.043960914
131402	5963	0.043951288
131437	1075	0.060377635
131437	2586	0.059888925
131437	3787	0.05979529
131437	335	0.05965416
131437	5335	0.059596546
131437	612	0.059381112
131437	2046	0.059314385
131437	3011	0.059285603
131437	1929	0.059252273
131437	4874	0.05925221
131510	1781	0.10825007
131510	1817	0.10809848
131510	133	0.10809843
131510	6111	0.10709285
131510	3581	0.10702506
131510	3796	0.10701188
131510	85	0.10653149
131510	3104	0.10619748
131510	338	0.10578478
131510	341	0.105784774
131594	1258	0.04404205
131594	3928	0.04404205
131594	3803	0.044042025
131594	42	0.04404202
131594	1962	0.04404202
131594	3957	0.04374884
131594	4668	0.043713666
131594	1331	0.04370814
131594	1446	0.043646462
131594	5563	0.0435663
131597	1889	0.040664613
131597	1827	0.04066461
131597	1775	0.040420193
131597	773	0.040386483
131597	5137	0.040241696
131597	3865	0.040240586
131597	6473	0.040031523
131597	4384	0.040031508
131597	4428	0.039963372
131597	547	0.039963353
131617	3280	0.081325024
131617	3133	0.08111672
131617	474	0.080475494
131617	805	0.07991982
131617	175	0.079089016
131617	2541	0.0780991
131617	3273	0.07785596
131617	3770	0.076926455
131617	487	0.07677276
131617	739	0.07649419
131622	503	0.06958215
131622	981	0.06945099
131622	991	0.06937386
131622	6674	0.068916574
131622	4269	0.06832967
131622	3977	0.06786465
131622	1115	0.0677243
131622	2156	0.067472324
131622	837	0.067290135
131622	1640	0.06691388
131655	730	0.050691597
131655	1897	0.05045461
131655	5010	0.05031368
131655	1066	0.05027508
131655	3517	0.05009103
131655	5222	0.050091002
131655	2915	0.050091
131655	3457	0.05009097
131655	2156	0.050084062
131655	3209	0.049793735
131657	1593	0.03671942
131657	4034	0.03671942
131657	4703	0.03671941
131657	3361	0.03666994
131657	2173	0.036669932
131657	5410	0.03666992
131657	3331	0.036669917
131657	1451	0.036555752
131657	1448	0.036551386
131657	3452	0.03652751
131686	2317	0.06699988
131686	341	0.06693403
131686	338	0.066934004
131686	1260	0.06693399
131686	5601	0.06693396
131686	183	0.06667481
131686	537	0.06628963
131686	3064	0.06604476
131686	708	0.06597891
131686	434	0.06597887
131837	3333	0.032844003
131837	5072	0.03253054
131837	164	0.032442175
131837	975	0.032175504
131837	5443	0.031897783
131837	2576	0.03189712
131837	3697	0.031845875
131837	5988	0.031777576
131837	5733	0.031745084
131837	1496	0.03167855
131855	790	0.042808615
131855	5872	0.04262957
131855	3677	0.042523887
131855	6891	0.042403024
131855	89	0.042403013
131855	1276	0.042403013
131855	1703	0.042381085
131855	4461	0.042306922
131855	3448	0.042061143
131855	387	0.04204954
131974	139	0.039915092
131974	216	0.03959927
131974	2001	0.039466497
131974	4921	0.03936314
131974	6086	0.03928437
131974	5842	0.03922122
131974	1998	0.039214864
131974	2727	0.03920853
131974	2718	0.03920021
131974	4355	0.03918349
132007	1375	0.05228497
132007	49	0.05165271
132007	4810	0.05123475
132007	4969	0.05118553
132007	2140	0.051159516
132007	3181	0.05063601
132007	2168	0.05059232
132007	4143	0.050580513
132007	4002	0.050079312
132007	5767	0.050010927
132083	977	0.06574757
132083	6444	0.06574753
132083	2684	0.06537959
132083	308	0.06529209
132083	6390	0.06529204
132083	538	0.06529203
132083	1026	0.06502609
132083	446	0.06488518
132083	1491	0.06479767
132083	1515	0.06479767
132171	4560	0.061627727
132171	365	0.06156519
132171	526	0.060853716
132171	456	0.06074865
132171	5288	0.060369745
132171	350	0.060324118
132171	2267	0.06017521
132171	3532	0.059628848
132171	1961	0.059507407
132171	40	0.059503317
132173	1585	0.047347732
132173	5080	0.047289193
132173	6186	0.047239855
132173	990	0.04722576
132173	3324	0.047225755
132173	191	0.047176424
132173	5342	0.04717642
132173	6612	0.047176395
132173	897	0.04715284
132173	4148	0.047114074
132188	793	0.040594354
132188	5598	0.040594354
132188	4679	0.04050113
132188	1728	0.04041545
132188	4255	0.04036676
132188	5069	0.040331937
132188	3436	0.040297337
132188	3567	0.04027354
132188	688	0.04025849
132188	4781	0.040255666
132199	1601	0.0441487
132199	1504	0.044097867
132199	5781	0.04375739
132199	202	0.04357008
132199	930	0.043300346
132199	3142	0.04330029
132199	4026	0.04329127
132199	3960	0.043080293
132199	67	0.04301396
132199	2918	0.042992488
132203	6101	0.03508608
132203	2400	0.035086066
132203	4420	0.03504365
132203	3163	0.03497799
132203	4462	0.034890056
132203	5585	0.034885682
132203	5366	0.03486315
132203	5087	0.03484179
132203	6915	0.03477389
132203	6134	0.034755107
132282	5815	0.06464525
132282	20	0.06464521
132282	2867	0.0646452
132282	487	0.064618714
132282	739	0.06426325
132282	158	0.063513786
132282	1602	0.06284137
132282	620	0.062346574
132282	175	0.0621588
132282	2007	0.061996832
132290	929	0.05117279
132290	6093	0.051172763
132290	4005	0.050798323
132290	1259	0.05068542
132290	3815	0.05068542
132290	6105	0.05068542
132290	1907	0.050685413
132290	1965	0.05068541
132290	1939	0.050685387
132290	2408	0.05068536
132375	5586	0.058736295
132375	5254	0.058504865
132375	141	0.05807186
132375	393	0.057942603
132375	1309	0.057746552
132375	3222	0.057457082
132375	2077	0.057381555
132375	442	0.05738155
132375	4030	0.05728221
132375	3681	0.05697834
132382	2469	0.053853642
132382	809	0.053853165
132382	407	0.053785928
132382	486	0.053600848
132382	5936	0.05358044
132382	552	0.053580426
132382	693	0.05353867
132382	85	0.053505175
132382	1947	0.053340778
132382	404	0.053335737
132392	925	0.055461045
132392	604	0.055429786
132392	5114	0.05542302
132392	2024	0.05539175
132392	1916	0.05524213
132392	37	0.05519358
132392	405	0.054860264
132392	938	0.05478453
132392	1033	0.05478452
132392	2480	0.054769088
132572	5862	0.056109473
132572	4555	0.05610656
132572	4556	0.056106556
132572	3100	0.056106545
132572	11	0.056106534
132572	2260	0.05610653
132572	6377	0.056106526
132572	848	0.05610652
132572	3372	0.055946432
132572	6604	0.05573132
132616	5356	0.035502147
132616	4611	0.035194375
132616	2033	0.035099998
132616	1610	0.035053276
132616	3132	0.0349714
132616	180	0.034940537
132616	5435	0.03486382
132616	2624	0.034849744
132616	2167	0.034760036
132616	2761	0.03472974
132624	1350	0.039702244
132624	6654	0.039203107
132624	2040	0.039009918
132624	5573	0.039009817
132624	2177	0.03866628
132624	354	0.038591165
132624	2514	0.038337115
132624	3464	0.038202047
132624	5327	0.03818641
132624	280	0.038166974
132663	5331	0.052221015
132663	5082	0.05132258
132663	1955	0.051245734
132663	1715	0.05106677
132663	5764	0.05100391
132663	542	0.050980642
132663	6843	0.05090562
132663	5315	0.050867222
132663	489	0.050691485
132663	6703	0.05068716
132684	4572	0.042967454
132684	2705	0.042879358
132684	4628	0.042799965
132684	75	0.042749457
132684	2546	0.042693093
132684	2714	0.04249973
132684	2212	0.042451583
132684	5273	0.042451568
132684	6338	0.042451568
132684	5914	0.04236068
132716	2966	0.0522485
132716	886	0.05219885
132716	340	0.05218868
132716	3992	0.051943686
132716	774	0.0518578
132716	373	0.051567815
132716	4868	0.051540818
132716	625	0.05153742
132716	2179	0.05151405
132716	339	0.05150796
132786	1417	0.03937369
132786	201	0.03937366
132786	1556	0.039373647
132786	1029	0.039373644
132786	3716	0.03937362
132786	3127	0.03929042
132786	5016	0.039227903
132786	5961	0.039165225
132786	4182	0.039165188
132786	4037	0.03916517
132836	1267	0.035124034
132836	3026	0.03510116
132836	4897	0.03510112
132836	1323	0.03495267
132836	1279	0.03471072
132836	4103	0.034430064
132836	4900	0.03443005
132836	6697	0.03437896
132836	6109	0.034269214
132836	972	0.034227062
132851	865	0.066323146
132851	923	0.06632312
132851	874	0.066286676
132851	5306	0.06623655
132851	6783	0.06620216
132851	3083	0.066201314
132851	2540	0.065986656
132851	3946	0.06592897
132851	834	0.065928966
132851	876	0.06586933
132901	6196	0.036597922
132901	6680	0.03649152
132901	5728	0.03649148
132901	4627	0.03646109
132901	6020	0.036321614
132901	5284	0.03632161
132901	6846	0.036321595
132901	5500	0.03628321
132901	3073	0.036184788
132901	1538	0.036184758
132909	6391	0.04467407
132909	6083	0.04466336
132909	5542	0.04409456
132909	551	0.04398057
132909	5247	0.04378336
132909	4473	0.04373347
132909	722	0.043733448
132909	6270	0.043603443
132909	6191	0.043595016
132909	3179	0.0435855
132930	446	0.046911657
132930	3631	0.046769023
132930	3657	0.046689026
132930	4169	0.046689026
132930	3459	0.04668902
132930	2994	0.04668898
132930	6677	0.046688963
132930	2983	0.046604164
132930	405	0.04659324
132930	2684	0.046588786
132981	120	0.05020702
132981	2669	0.049921814
132981	6574	0.049854375
132981	6568	0.049816437
132981	1426	0.049810033
132981	4583	0.049810007
132981	1505	0.049750447
132981	4346	0.04955808
132981	2919	0.049493432
132981	2004	0.049419526
133041	1946	0.04199878
133041	6878	0.04164007
133041	3915	0.041456237
133041	1207	0.041432828
133041	4683	0.041189283
133041	64	0.041189246
133041	3896	0.041189246
133041	2365	0.041189242
133041	4999	0.041129544
133041	1236	0.040993597
133166	1628	0.04342013
133166	1995	0.04335811
133166	3278	0.043328002
133166	2164	0.043295316
133166	4445	0.04325348
133166	6226	0.04305242
133166	2898	0.0429964
133166	5595	0.042898156
133166	6084	0.04245832
133166	1992	0.042405184
133192	6500	0.04246717
133192	5976	0.042391643
133192	3902	0.042328086
133192	563	0.042323876
133192	2998	0.042323828
133192	5939	0.042313486
133192	5904	0.042230234
133192	3001	0.042214274
133192	4849	0.042214192
133192	4424	0.04219681
133225	2577	0.03527062
133225	6161	0.035197474
133225	1034	0.035197467
133225	3959	0.03519745
133225	3041	0.035197444
133225	1394	0.035197426
133225	3040	0.035197426
133225	555	0.035197422
133225	1787	0.035197403
133225	2437	0.03518129
133258	1212	0.06621493
133258	5570	0.06621492
133258	1185	0.06617568
133258	3433	0.06547892
133258	653	0.06539774
133258	1490	0.065333575
133258	1055	0.0651229
133258	3943	0.06502494
133258	1764	0.065020844
133258	1631	0.064960614
133284	271	0.03944231
133284	1211	0.039400645
133284	6138	0.0393937
133284	5458	0.039364863
133284	5427	0.03934188
133284	362	0.039302304
133284	2071	0.039279416
133284	4565	0.039257452
133284	4819	0.039186254
133284	1162	0.039123885
133296	1608	0.05079582
133296	163	0.05079577
133296	1585	0.05064153
133296	3809	0.050596982
133296	2295	0.050596945
133296	1685	0.050587762
133296	6248	0.050466917
133296	1721	0.05044876
133296	6254	0.05044871
133296	4781	0.05040411
133416	602	0.03949353
133416	6233	0.039390065
133416	2276	0.039383925
133416	5413	0.039267074
133416	5115	0.039263397
133416	4130	0.039257202
133416	5253	0.03925717
133416	2758	0.03921116
133416	4115	0.039158866
133416	1629	0.03915885
133418	2516	0.05286315
133418	175	0.051832713
133418	1640	0.051283322
133418	2398	0.051283292
133418	2541	0.051042005
133418	2007	0.050808072
133418	707	0.050686415
133418	4729	0.050450668
133418	720	0.050410956
133418	4982	0.050347358
133557	1858	0.05406358
133557	662	0.053960696
133557	3971	0.053910665
133557	6649	0.053874932
133557	1525	0.053847726
133557	3290	0.05376081
133557	4051	0.05374815
133557	5064	0.053748116
133557	3130	0.05372893
133557	895	0.053658202
133571	4702	0.050394926
133571	6244	0.05021376
133571	4036	0.05021371
133571	3763	0.0502137
133571	3365	0.05002601
133571	3477	0.050025996
133571	2372	0.05002598
133571	4509	0.050025973
133571	6371	0.050025973
133571	5645	0.05002597
133682	3177	0.068314046
133682	1743	0.068313956
133682	777	0.067924455
133682	176	0.067924395
133682	4165	0.06739587
133682	6211	0.0673756
133682	5340	0.06727529
133682	800	0.06693901
133682	5675	0.066773824
133682	2545	0.06654642
133689	5352	0.06212596
133689	526	0.06170861
133689	365	0.061685733
133689	2765	0.061640743
133689	4560	0.061454557
133689	4949	0.061389115
133689	968	0.061268363
133689	4870	0.061175015
133689	1961	0.06069918
133689	933	0.06067025
133706	3194	0.050931748
133706	4919	0.05088581
133706	541	0.050751247
133706	1458	0.050751247
133706	168	0.05075122
133706	6544	0.050751217
133706	2333	0.05068159
133706	159	0.050681546
133706	5423	0.050610043
133706	2337	0.050481454
133738	3973	0.045200247
133738	720	0.04511839
133738	2158	0.044887867
133738	2516	0.04477008
133738	1242	0.044705734
133738	707	0.044626698
133738	2858	0.044397034
133738	4768	0.044396184
133738	4982	0.044393636
133738	5863	0.04422094
133747	6560	0.040961236
133747	2234	0.040713646
133747	909	0.040693715
133747	1089	0.040626716
133747	1040	0.04057059
133747	3128	0.04056298
133747	6826	0.040483683
133747	6402	0.040483672
133747	6561	0.040462777
133747	5397	0.040462762
133846	1800	0.06689155
133846	1066	0.06680521
133846	3794	0.06625353
133846	2456	0.06543794
133846	1902	0.065344974
133846	1430	0.065132044
133846	1897	0.06461038
133846	934	0.0646103
133846	883	0.064408034
133846	4438	0.064408034
133905	1947	0.04786986
133905	486	0.04763797
133905	3520	0.047558196
133905	809	0.047515698
133905	1205	0.047502767
133905	210	0.04750273
133905	1492	0.04745606
133905	693	0.04743837
133905	1177	0.047402576
133905	68	0.047338866
133935	3946	0.057529062
133935	834	0.057529055
133935	1377	0.05746088
133935	3078	0.057450783
133935	283	0.057414457
133935	5155	0.057379436
133935	1117	0.057379425
133935	2497	0.057379395
133935	2703	0.057223313
133935	1258	0.05712627
133957	3796	0.057408355
133957	1781	0.057165023
133957	3581	0.057055563
133957	2317	0.056736894
133957	5662	0.056648426
133957	1817	0.0566349
133957	133	0.056634888
133957	3104	0.056589536
133957	338	0.05645579
133957	341	0.056455787
134005	61	0.058808416
134005	3943	0.05832685
134005	1253	0.058129214
134005	1902	0.057998672
134005	2456	0.05794632
134005	1490	0.0578243
134005	157	0.057606325
134005	1550	0.057602577
134005	614	0.057488807
134005	689	0.056931734
134029	2723	0.038671628
134029	4150	0.038671628
134029	4926	0.038671628
134029	4076	0.03867162
134029	4721	0.03867162
134029	6711	0.038671613
134029	1997	0.038671575
134029	5317	0.03861123
134029	5714	0.03861121
134029	2083	0.03859985
134118	620	0.049713016
134118	3775	0.049419004
134118	1527	0.049232163
134118	1264	0.04911919
134118	1961	0.049036507
134118	4560	0.049031805
134118	158	0.04902898
134118	1708	0.048962504
134118	526	0.048910268
134118	5288	0.048839368
134120	2769	0.030629136
134120	5344	0.030629136
134120	5946	0.03056253
134120	223	0.030562516
134120	399	0.030562513
134120	5385	0.030562513
134120	2122	0.030562507
134120	4371	0.030562503
134120	3734	0.030562501
134120	1051	0.030534288
134225	604	0.04724881
134225	1627	0.04689861
134225	2024	0.046738263
134225	2684	0.046728075
134225	405	0.046672225
134225	446	0.046646655
134225	1731	0.046437085
134225	925	0.0462554
134225	2951	0.0461893
134225	977	0.046181563
134247	6049	0.056032613
134247	1758	0.055705808
134247	4921	0.055469636
134247	4031	0.05546961
134247	5951	0.055381555
134247	4954	0.055312682
134247	6543	0.055281512
134247	6590	0.055275925
134247	3028	0.055246696
134247	294	0.05517244
134264	2156	0.058559626
134264	1066	0.057390466
134264	573	0.057389546
134264	730	0.057385884
134264	352	0.057374466
134264	991	0.056988463
134264	2823	0.056671444
134264	3209	0.056397006
134264	72	0.05639697
134264	1897	0.056230098
134311	487	0.06327183
134311	158	0.063185126
134311	1708	0.06313254
134311	620	0.063048504
134311	5815	0.06283599
134311	20	0.06283595
134311	2867	0.06283594
134311	1527	0.06265409
134311	3775	0.062429655
134311	739	0.062251147
134347	1285	0.047957968
134347	5818	0.047831677
134347	6538	0.047831643
134347	6808	0.0476678
134347	3487	0.047594804
134347	1074	0.04756695
134347	2364	0.047497507
134347	3774	0.047482304
134347	2755	0.04738919
134347	6432	0.047332935
134403	3075	0.045171935
134403	388	0.045147095
134403	278	0.045098733
134403	5166	0.045098722
134403	2208	0.04509872
134403	1737	0.0450987
134403	4230	0.045098692
134403	3954	0.04509867
134403	5414	0.044828326
134403	5953	0.044828326
134434	5730	0.032308836
134434	5700	0.03228299
134434	458	0.03205876
134434	1369	0.031942956
134434	643	0.031942938
134434	600	0.031900957
134434	3587	0.031655207
134434	4279	0.031655185
134434	4140	0.03164259
134434	1337	0.03164257
134483	3517	0.0477262
134483	2915	0.047726166
134483	5222	0.047726166
134483	3457	0.047726136
134483	2349	0.04749716
134483	912	0.047417905
134483	4698	0.047292724
134483	3450	0.04729268
134483	3092	0.047292642
134483	3727	0.047292642
134508	662	0.05390016
134508	2064	0.0537599
134508	5675	0.053741843
134508	1328	0.053725906
134508	2022	0.05370176
134508	5951	0.053696565
134508	6250	0.053663965
134508	195	0.05363481
134508	6590	0.05355633
134508	4178	0.053488027
134556	3169	0.05076828
134556	1463	0.050580565
134556	816	0.05040655
134556	2281	0.050376594
134556	622	0.050133683
134556	1600	0.0500699
134556	4998	0.05005782
134556	988	0.04996077
134556	340	0.04977128
134556	886	0.049753394
134630	662	0.0483063
134630	2064	0.048033565
134630	195	0.048032373
134630	5675	0.04768
134630	5340	0.04759804
134630	155	0.047516063
134630	1328	0.047513824
134630	3971	0.047331907
134630	5951	0.0472865
134630	4178	0.04724216
134684	1851	0.06076315
134684	1813	0.060510762
134684	3616	0.060476456
134684	2337	0.060190596
134684	4161	0.05990303
134684	3659	0.0598905
134684	3194	0.05982943
134684	2662	0.05965572
134684	3885	0.059556536
134684	2028	0.05916051
134694	4730	0.046407495
134694	6107	0.046407495
134694	6277	0.046407484
134694	3390	0.046264015
134694	2185	0.046259083
134694	6643	0.04625905
134694	4860	0.046188742
134694	6920	0.04617227
134694	3761	0.04611984
134694	5450	0.046119772
134761	2116	0.04781855
134761	1441	0.0477372
134761	4155	0.04773719
134761	3862	0.047737174
134761	5848	0.047737174
134761	2790	0.047737166
134761	4176	0.04773713
134761	6863	0.047726776
134761	6247	0.047726758
134761	2079	0.047560424
134784	2399	0.031096075
134784	5996	0.030944984
134784	1899	0.030645821
134784	5025	0.03064032
134784	6697	0.030571282
134784	2184	0.030527208
134784	6733	0.030393874
134784	4717	0.030341096
134784	5660	0.030283287
134784	3702	0.03021009
134797	3295	0.050359197
134797	4512	0.05002124
134797	4564	0.049761083
134797	291	0.049686223
134797	328	0.049686186
134797	136	0.049581666
134797	5122	0.04933989
134797	4038	0.049312983
134797	3789	0.048949666
134797	1230	0.048928544
134837	1369	0.07746857
134837	643	0.07746855
134837	5730	0.07746425
134837	2133	0.07691811
134837	1084	0.0768653
134837	5328	0.07686527
134837	3587	0.076844975
134837	4279	0.07684496
134837	4734	0.07683585
134837	1330	0.07683581
134863	2327	0.043682117
134863	1387	0.043682054
134863	2316	0.04355652
134863	4726	0.043369524
134863	2698	0.043135196
134863	188	0.043017738
134863	347	0.043001242
134863	937	0.043000195
134863	152	0.04300017
134863	414	0.04295911
134900	1764	0.05987245
134900	5140	0.059272956
134900	614	0.059155148
134900	1631	0.05905702
134900	1490	0.05871561
134900	4458	0.058686964
134900	1185	0.058529206
134900	3433	0.058509342
134900	879	0.058398712
134900	1389	0.058255814
135043	3967	0.04616157
135043	3318	0.046161555
135043	377	0.04616155
135043	379	0.04616149
135043	2027	0.046008047
135043	578	0.046008043
135043	4666	0.045943476
135043	4676	0.045943424
135043	3735	0.045943417
135043	2764	0.045862027
135045	526	0.06281396
135045	1961	0.06274793
135045	1068	0.06261857
135045	4307	0.06241149
135045	2950	0.06213574
135045	2856	0.06131726
135045	1594	0.06130431
135045	5288	0.06129767
135045	1251	0.0607638
135045	456	0.060354248
135141	3361	0.049928706
135141	2173	0.049928688
135141	5410	0.049928688
135141	3331	0.04992868
135141	1296	0.049882688
135141	4666	0.049828567
135141	4676	0.049828514
135141	3735	0.049828492
135141	6918	0.049772255
135141	5676	0.049726292
135329	4581	0.060227484
135329	1949	0.060107417
135329	3473	0.060043894
135329	1675	0.06004385
135329	6890	0.059978656
135329	6179	0.059949003
135329	1940	0.059799567
135329	6163	0.05978144
135329	1990	0.059726603
135329	1210	0.059666783
135351	715	0.07212395
135351	1251	0.07162681
135351	1709	0.0701287
135351	350	0.06995204
135351	1961	0.06970254
135351	5230	0.069600314
135351	526	0.06954937
135351	2725	0.069509104
135351	1068	0.06878185
135351	3899	0.068522364
135360	2643	0.041913185
135360	3907	0.041913167
135360	3895	0.04191315
135360	1987	0.041913144
135360	594	0.041839916
135360	3116	0.041839913
135360	5920	0.041839905
135360	658	0.0418399
135360	5857	0.041839898
135360	5677	0.04183989
135367	6375	0.055047207
135367	4681	0.054973252
135367	2488	0.05479894
135367	2797	0.05464325
135367	5865	0.054643217
135367	372	0.054615162
135367	2524	0.05444579
135367	2426	0.054218493
135367	2261	0.0541975
135367	3757	0.054063123
135376	31	0.050289385
135376	4393	0.050209038
135376	3184	0.05017184
135376	517	0.05005099
135376	6533	0.050039217
135376	1057	0.050018527
135376	6702	0.05001851
135376	4523	0.049979553
135376	275	0.04995972
135376	6706	0.049959693
135398	6111	0.083448246
135398	1817	0.08344549
135398	133	0.08344548
135398	693	0.08295094
135398	4227	0.08274859
135398	1781	0.08264555
135398	68	0.08235623
135398	4710	0.08226288
135398	637	0.08195832
135398	5404	0.081920624
135411	664	0.04808469
135411	2625	0.04788795
135411	2391	0.04774785
135411	718	0.047641244
135411	550	0.04751969
135411	1033	0.04751513
135411	938	0.04751512
135411	35	0.0474935
135411	3114	0.047493428
135411	2407	0.047405966
135458	988	0.042896718
135458	472	0.042623825
135458	339	0.042487226
135458	5390	0.042329304
135458	3790	0.04232698
135458	5879	0.042239018
135458	3169	0.042142116
135458	2836	0.042124696
135458	2634	0.042115085
135458	340	0.042093888
135460	5097	0.037841924
135460	6257	0.037809428
135460	6044	0.037809394
135460	4713	0.037773367
135460	2906	0.037773352
135460	211	0.03777334
135460	6606	0.037739918
135460	1663	0.03772644
135460	4931	0.037719253
135460	5718	0.037622552
135609	5288	0.05728915
135609	973	0.057228338
135609	4560	0.057207916
135609	620	0.057196587
135609	1961	0.056872122
135609	3385	0.056799024
135609	2692	0.056706257
135609	4307	0.056690864
135609	5517	0.056653205
135609	526	0.056548208
135653	913	0.040022537
135653	4769	0.040007673
135653	3365	0.039971367
135653	2372	0.03997135
135653	3477	0.039971337
135653	6447	0.039971337
135653	2679	0.039971326
135653	4509	0.03997132
135653	5645	0.03997132
135653	928	0.039971318
135665	5306	0.06033038
135665	3946	0.06021466
135665	834	0.06021465
135665	3083	0.05999502
135665	2540	0.059988536
135665	874	0.059852652
135665	2014	0.05981894
135665	5740	0.05981892
135665	865	0.059668712
135665	923	0.059668697
135673	1283	0.049825713
135673	989	0.04956563
135673	4619	0.049417786
135673	5947	0.049417764
135673	559	0.049410693
135673	6308	0.049410693
135673	1598	0.049370408
135673	1435	0.049268045
135673	617	0.049245276
135673	1754	0.04917813
135681	2932	0.043085545
135681	3118	0.042819716
135681	4049	0.042819716
135681	4483	0.042686157
135681	3421	0.042686142
135681	4924	0.04268612
135681	5927	0.04268612
135681	6839	0.042686105
135681	635	0.04266786
135681	3121	0.04265965
135703	586	0.06650874
135703	3517	0.0663704
135703	2915	0.06637035
135703	5222	0.06637035
135703	3457	0.06637031
135703	1897	0.06632455
135703	934	0.06632449
135703	1066	0.06627208
135703	5568	0.06621462
135703	3421	0.066027686
135736	3280	0.03838972
135736	474	0.038052194
135736	3273	0.03800701
135736	2541	0.037858866
135736	175	0.03744173
135736	4335	0.037337776
135736	2890	0.03730538
135736	1264	0.03724027
135736	831	0.037118066
135736	2233	0.037075825
135753	997	0.05665605
135753	2870	0.056656033
135753	3659	0.056576826
135753	451	0.056560256
135753	3616	0.056368276
135753	140	0.056356683
135753	320	0.05630077
135753	892	0.056134045
135753	5361	0.056102708
135753	3552	0.05610268
135768	2362	0.05642306
135768	1261	0.05583397
135768	414	0.05554199
135768	3855	0.0554974
135768	188	0.055427168
135768	937	0.055023834
135768	152	0.05502382
135768	1436	0.054793313
135768	2883	0.054572172
135768	3056	0.054515023
135776	3508	0.0480273
135776	245	0.048027277
135776	3603	0.048027236
135776	4071	0.04798238
135776	3283	0.047982376
135776	861	0.04798237
135776	624	0.047878757
135776	6301	0.04785256
135776	3021	0.047852553
135776	4447	0.047852553
135799	84	0.050360236
135799	330	0.05036018
135799	2066	0.0501808
135799	2022	0.049782686
135799	2631	0.04956369
135799	6543	0.049445078
135799	5951	0.049437553
135799	6590	0.049433533
135799	2316	0.049227558
135799	3274	0.049211368
135831	435	0.05784834
135831	930	0.057687804
135831	3142	0.057687744
135831	1219	0.057573084
135831	1058	0.056797024
135831	665	0.056686208
135831	4026	0.05648332
135831	2951	0.0564498
135831	653	0.056265365
135831	18	0.05625397
135869	6123	0.047663257
135869	6107	0.047530785
135869	4730	0.047530778
135869	6277	0.047530755
135869	3761	0.04748003
135869	5450	0.047479987
135869	6036	0.04739796
135869	3757	0.04731035
135869	4321	0.047154605
135869	2524	0.04707746
135873	5591	0.05382333
135873	3525	0.053823307
135873	5504	0.053662296
135873	4980	0.05352837
135873	1194	0.053355023
135873	6129	0.053354964
135873	942	0.053308457
135873	2314	0.053308383
135873	1950	0.05328553
135873	53	0.053285506
135895	2886	0.055948436
135895	569	0.055703346
135895	5364	0.055211604
135895	960	0.055105362
135895	6591	0.055009536
135895	5043	0.054989867
135895	6133	0.054956302
135895	1632	0.054956205
135895	1239	0.05491052
135895	2511	0.05485388
135965	1003	0.041315377
135965	2553	0.041119028
135965	5504	0.041074418
135965	4215	0.041055858
135965	5591	0.040696602
135965	4692	0.040677384
135965	3498	0.040655278
135965	1650	0.040502522
135965	6080	0.04041165
135965	1498	0.040410202
135996	6609	0.053567085
135996	86	0.05356708
135996	1996	0.05353863
135996	1419	0.053324424
135996	1421	0.053324416
135996	4756	0.053324416
135996	3822	0.053324394
135996	3572	0.053324386
135996	5292	0.053324386
135996	6587	0.053324386
136010	3667	0.057144
136010	2111	0.05714029
136010	6698	0.057140253
136010	6831	0.057140253
136010	4723	0.057115808
136010	3864	0.05711487
136010	3271	0.05707009
136010	5928	0.056866188
136010	2754	0.056853287
136010	5925	0.0568522
136011	3278	0.047944665
136011	6836	0.047305107
136011	3276	0.047251962
136011	9	0.047094084
136011	5636	0.046958305
136011	1628	0.046835016
136011	5805	0.0468034
136011	118	0.046803355
136011	3757	0.046774644
136011	2426	0.04673697
136014	930	0.055169705
136014	3142	0.05516965
136014	665	0.05481214
136014	435	0.05454313
136014	1058	0.05451307
136014	4026	0.054422468
136014	2918	0.054224715
136014	1601	0.05417525
136014	1291	0.053919774
136014	1219	0.053744134
136071	4907	0.04528092
136071	1744	0.04528091
136071	4520	0.044945687
136071	2832	0.04494567
136071	1557	0.044855814
136071	4686	0.044843405
136071	2138	0.044711687
136071	5966	0.044439945
136071	2960	0.044244885
136071	1826	0.044244867
136104	1764	0.07473643
136104	243	0.07411887
136104	5140	0.07283546
136104	4458	0.07220994
136104	1631	0.07220647
136104	645	0.071758464
136104	3909	0.07175842
136104	879	0.07156983
136104	406	0.07148797
136104	1592	0.07115007
136136	1064	0.04764673
136136	3286	0.047646686
136136	1636	0.047541674
136136	4212	0.04751871
136136	619	0.047494207
136136	3093	0.047296774
136136	380	0.047251314
136136	4034	0.047243215
136136	4703	0.04724321
136136	1593	0.047243208
136139	999	0.04751697
136139	2579	0.047310222
136139	1851	0.047194354
136139	2324	0.047067713
136139	3616	0.04705406
136139	2467	0.04701014
136139	3846	0.0469549
136139	2963	0.046936166
136139	544	0.046918258
136139	3534	0.04683326
136193	2555	0.07647656
136193	213	0.07647649
136193	5617	0.07642147
136193	935	0.07605816
136193	2465	0.07584979
136193	4356	0.07583904
136193	3445	0.07559964
136193	1499	0.075544566
136193	977	0.07554375
136193	6444	0.0755437
136205	365	0.04656376
136205	968	0.046142362
136205	6382	0.046086945
136205	5795	0.045919813
136205	859	0.045737743
136205	4560	0.04548034
136205	526	0.045086704
136205	1306	0.044975057
136205	2267	0.044900935
136205	3532	0.04481382
136237	5613	0.052384615
136237	6437	0.052143026
136237	3088	0.05207646
136237	5818	0.052071586
136237	6538	0.05207152
136237	2755	0.051585604
136237	2420	0.051503446
136237	1074	0.051164716
136237	2429	0.051140234
136237	2488	0.050859775
136240	3811	0.04646474
136240	5467	0.04646468
136240	2319	0.046324193
136240	4665	0.046225376
136240	337	0.046225354
136240	2244	0.04611983
136240	5794	0.046080425
136240	1977	0.046080414
136240	4737	0.04608039
136240	5533	0.04608038
136252	3512	0.0451389
136252	1596	0.044511907
136252	473	0.044386983
136252	4471	0.0443407
136252	3197	0.044332817
136252	983	0.04421228
136252	877	0.044115596
136252	4052	0.044104643
136252	1358	0.044008125
136252	480	0.043847017
136255	2691	0.059849456
136255	552	0.05974786
136255	5936	0.059747845
136255	5693	0.05973755
136255	4247	0.059487127
136255	68	0.059473492
136255	4773	0.059403703
136255	4782	0.05936162
136255	882	0.059361596
136255	1760	0.05927101
136291	1263	0.041615885
136291	2514	0.041407403
136291	354	0.041361414
136291	3282	0.041359104
136291	5859	0.041300703
136291	5565	0.0413
136291	2040	0.041250408
136291	5573	0.04125031
136291	5434	0.041051902
136291	875	0.041004315
136313	4245	0.051653985
136313	5205	0.0516152
136313	507	0.05097904
136313	4442	0.050637256
136313	589	0.05060298
136313	2744	0.050535962
136313	1789	0.0504332
136313	5618	0.050226834
136313	4788	0.05020312
136313	285	0.04967007
136326	2063	0.042048275
136326	5254	0.04200674
136326	170	0.04179471
136326	4332	0.041733988
136326	1370	0.041644074
136326	1586	0.04164006
136326	4432	0.04159766
136326	3213	0.041597612
136326	4882	0.0415976
136326	202	0.0415967
136348	417	0.049135216
136348	684	0.049135186
136348	1866	0.04909047
136348	4871	0.04901541
136348	1684	0.049015384
136348	3582	0.048955873
136348	4237	0.048955865
136348	2390	0.04895586
136348	6774	0.04888708
136348	833	0.04885193
136382	4560	0.045171022
136382	5288	0.04511736
136382	456	0.044852406
136382	1961	0.044702142
136382	526	0.044666734
136382	973	0.044632465
136382	4307	0.044582848
136382	2267	0.044260025
136382	3385	0.044204906
136382	5517	0.0438395
136396	4768	0.057704207
136396	1264	0.057700798
136396	2541	0.0576335
136396	175	0.05739372
136396	707	0.057174362
136396	2007	0.057017453
136396	2516	0.056889743
136396	3770	0.056813028
136396	487	0.056593243
136396	831	0.056545634
136465	1978	0.049260154
136465	3121	0.04921018
136465	5164	0.049162157
136465	5700	0.049028993
136465	6143	0.048974354
136465	1429	0.048970327
136465	1948	0.04895716
136465	1166	0.04893131
136465	4140	0.0489313
136465	4285	0.048931286
136491	1203	0.07437352
136491	3075	0.07373079
136491	6160	0.07359624
136491	2293	0.073546626
136491	5604	0.07341796
136491	278	0.073368326
136491	5166	0.073368326
136491	1737	0.07336831
136491	2208	0.073368296
136491	4230	0.073368296
136561	388	0.06668412
136561	1897	0.066310994
136561	934	0.06631093
136561	278	0.06630233
136561	2208	0.066302314
136561	5166	0.06630231
136561	1737	0.066302285
136561	4230	0.06630228
136561	3954	0.06630223
136561	3517	0.0662594
136735	2696	0.04865516
136735	3756	0.048655137
136735	3838	0.04865509
136735	4167	0.04833704
136735	3748	0.048337005
136735	6763	0.048148423
136735	801	0.048074014
136735	1838	0.048074014
136735	2650	0.0480173
136735	5553	0.047968287
136747	3581	0.056991354
136747	341	0.056271758
136747	338	0.05627174
136747	5601	0.056271676
136747	2317	0.05605785
136747	3992	0.055993155
136747	183	0.055942193
136747	774	0.05585879
136747	1574	0.0558212
136747	708	0.055765375
136829	5454	0.053821728
136829	1529	0.053571463
136829	968	0.05346555
136829	1050	0.053298745
136829	365	0.052844405
136829	5795	0.05219374
136829	5971	0.05214013
136829	3812	0.05204831
136829	599	0.051973227
136829	1835	0.051827747
136916	237	0.047308918
136916	4310	0.04730532
136916	3099	0.04717087
136916	1683	0.04715796
136916	221	0.04713597
136916	3904	0.0470753
136916	5065	0.047054
136916	1047	0.04700649
136916	5437	0.046969302
136916	5146	0.046958327
136943	935	0.062157977
136943	2555	0.061997022
136943	213	0.061996967
136943	1183	0.061807398
136943	1816	0.061757028
136943	5617	0.061756976
136943	1205	0.061566144
136943	210	0.061566107
136943	1966	0.06149091
136943	4134	0.061460666
137118	451	0.056290776
137118	997	0.05621168
137118	2870	0.056211665
137118	140	0.055895716
137118	141	0.055742536
137118	393	0.055451997
137118	4910	0.05543542
137118	279	0.05537538
137118	5586	0.055371895
137118	3222	0.055282332
137134	5260	0.04087106
137134	4154	0.040555112
137134	3463	0.040468127
137134	6720	0.04042861
137134	1763	0.04042855
137134	6337	0.040424287
137134	381	0.04036821
137134	3626	0.040363315
137134	5075	0.040349104
137134	6620	0.040326204
137137	5054	0.046949193
137137	3135	0.04686681
137137	4336	0.04654765
137137	775	0.046343654
137137	621	0.0461708
137137	707	0.0460987
137137	1031	0.045833237
137137	831	0.045824148
137137	4471	0.045648925
137137	981	0.045266673
137143	2947	0.039692424
137143	6049	0.039636306
137143	3050	0.039599717
137143	3247	0.039529774
137143	4921	0.039415672
137143	4031	0.039415646
137143	3028	0.03940385
137143	6297	0.03918902
137143	5951	0.03914803
137143	2066	0.039108016
137190	631	0.04803413
137190	2768	0.04800071
137190	284	0.04768597
137190	5002	0.047685955
137190	4507	0.04768589
137190	4056	0.047552064
137190	840	0.047545563
137190	702	0.047408722
137190	6614	0.04740871
137190	5812	0.047372997
137211	620	0.06868714
137211	1708	0.0682956
137211	3775	0.06793693
137211	2710	0.067310564
137211	487	0.06716243
137211	6430	0.06714005
137211	2692	0.06708677
137211	1527	0.06705962
137211	1264	0.06695306
137211	4560	0.066782646
137222	4991	0.045006886
137222	551	0.044717807
137222	4473	0.04457081
137222	722	0.044570796
137222	3870	0.04448482
137222	524	0.044262946
137222	1125	0.04423108
137222	3383	0.044231042
137222	3245	0.044230998
137222	6270	0.044210494
137336	779	0.037488878
137336	2826	0.037380636
137336	3135	0.037316218
137336	5686	0.037200283
137336	6803	0.037163652
137336	2868	0.037163615
137336	3196	0.037131265
137336	1031	0.037068613
137336	1011	0.03687629
137336	4007	0.036524013
137397	6655	0.046095148
137397	4281	0.046021685
137397	5581	0.045930423
137397	6102	0.045924645
137397	5969	0.045924608
137397	680	0.04589871
137397	5087	0.045841526
137397	1014	0.045827877
137397	5585	0.045781866
137397	389	0.045753844
137434	3868	0.038658038
137434	2714	0.038492236
137434	865	0.03828387
137434	923	0.038283847
137434	2705	0.038146697
137434	924	0.0381376
137434	1278	0.038068302
137434	4354	0.038038716
137434	871	0.03801302
137434	2285	0.037935726
137437	3508	0.052011132
137437	245	0.052011106
137437	3603	0.052011054
137437	3021	0.051852852
137437	4447	0.051852852
137437	6301	0.051852852
137437	3491	0.05185283
137437	6161	0.05181978
137437	1034	0.05181976
137437	3959	0.05181974
137524	1273	0.06100801
137524	2432	0.060543906
137524	5389	0.060501512
137524	3714	0.060383473
137524	420	0.060241695
137524	1389	0.06011571
137524	2406	0.060007986
137524	4257	0.060005777
137524	1169	0.059943836
137524	6262	0.059605926
137587	6104	0.057427716
137587	268	0.057288446
137587	1864	0.057182856
137587	1808	0.057177484
137587	5304	0.05691226
137587	6275	0.05686763
137587	34	0.056839295
137587	5406	0.056777805
137587	5042	0.056777775
137587	5321	0.056749515
137588	3219	0.06540323
137588	218	0.06537738
137588	2348	0.065244704
137588	6489	0.06490797
137588	6285	0.06486052
137588	543	0.06467336
137588	3291	0.064668804
137588	4811	0.06456661
137588	6151	0.06443411
137588	1794	0.0643653
137589	3799	0.059711948
137589	1320	0.05850889
137589	457	0.058146372
137589	1796	0.058080807
137589	6169	0.057931088
137589	240	0.057886153
137589	744	0.057615694
137589	6736	0.0576156
137589	51	0.05759994
137589	1219	0.057509854
137620	5570	0.049799643
137620	1212	0.049799636
137620	809	0.049525052
137620	1947	0.04950704
137620	404	0.04930891
137620	486	0.049229153
137620	2120	0.04914743
137620	1058	0.049141444
137620	653	0.049133666
137620	1971	0.049020354
137627	3083	0.07581137
137627	814	0.07441969
137627	1220	0.07400301
137627	3946	0.073715866
137627	834	0.07371585
137627	1258	0.073062226
137627	1962	0.07306218
137627	3928	0.07306218
137627	42	0.07306215
137627	3803	0.07306212
137684	5224	0.048277114
137684	6850	0.04827711
137684	1292	0.048277106
137684	5952	0.048277106
137684	2047	0.048277088
137684	3472	0.048189674
137684	1308	0.04808864
137684	894	0.048088625
137684	4144	0.048088595
137684	1419	0.048055623
137688	5043	0.04895675
137688	6591	0.047886096
137688	1239	0.047684737
137688	569	0.047638148
137688	6825	0.047630645
137688	5629	0.047182962
137688	1327	0.047071047
137688	6013	0.046938404
137688	6691	0.04684095
137688	5365	0.046840925
137742	2086	0.040094845
137742	2128	0.039876778
137742	3643	0.039755948
137742	2586	0.03956984
137742	2368	0.03928922
137742	1050	0.039176486
137742	2323	0.039031077
137742	4453	0.03903105
137742	1075	0.038970143
137742	6704	0.038926102
137803	88	0.041926585
137803	845	0.04165028
137803	5654	0.041650258
137803	3989	0.041599043
137803	3927	0.04159903
137803	6610	0.04159902
137803	5874	0.04153985
137803	559	0.041488077
137803	6308	0.041488074
137803	1435	0.041305408
137816	199	0.05884654
137816	690	0.05884654
137816	2917	0.058806196
137816	413	0.05870752
137816	4885	0.058707472
137816	4047	0.058668397
137816	6671	0.058668375
137816	2015	0.058418274
137816	3536	0.058367614
137816	6363	0.058310278
137968	3254	0.0455989
137968	5894	0.044205286
137968	6115	0.0441863
137968	1850	0.04371118
137968	2140	0.043463618
137968	3235	0.043091625
137968	3554	0.04298425
137968	6821	0.042964436
137968	1464	0.04293163
137968	5435	0.04282404
137986	1289	0.058963776
137986	4205	0.058834966
137986	1305	0.058834963
137986	2555	0.058600213
137986	213	0.05860015
137986	384	0.058517933
137986	3527	0.058517925
137986	1571	0.05851791
137986	1816	0.058471307
137986	5617	0.058471274
138010	1026	0.055040892
138010	3111	0.05500087
138010	3613	0.054877482
138010	107	0.054711454
138010	4106	0.054678623
138010	1651	0.054671396
138010	497	0.05467139
138010	3686	0.05467134
138010	308	0.054633655
138010	6390	0.05463362
138018	308	0.05853302
138018	6390	0.05853298
138018	538	0.058532972
138018	1417	0.058509342
138018	1556	0.05850932
138018	201	0.058509313
138018	1029	0.058509286
138018	3716	0.05850928
138018	5961	0.058471497
138018	4182	0.058471445
138045	5424	0.051491015
138045	3347	0.050821863
138045	1323	0.050710175
138045	1267	0.050561566
138045	2755	0.050495885
138045	6707	0.05034074
138045	6755	0.050312735
138045	400	0.050278246
138045	5818	0.05026769
138045	6538	0.050267644
138073	2859	0.044402502
138073	779	0.04434119
138073	4471	0.044025637
138073	6803	0.04401619
138073	2868	0.044016145
138073	3465	0.043976426
138073	1642	0.043936346
138073	2826	0.043827772
138073	5686	0.043728165
138073	988	0.043690726
138097	3762	0.04697942
138097	2373	0.04687407
138097	1368	0.0467485
138097	1918	0.04661883
138097	1575	0.046427026
138097	2530	0.046314046
138097	6665	0.04629266
138097	241	0.046249922
138097	2170	0.04617598
138097	6900	0.04592846
138100	1534	0.060739107
138100	2534	0.060533423
138100	998	0.060383115
138100	2501	0.060272522
138100	6204	0.060200248
138100	6036	0.06017734
138100	4505	0.060072884
138100	3388	0.060015146
138100	5479	0.05996505
138100	5482	0.05996504
138124	3162	0.038742404
138124	4085	0.03864336
138124	3389	0.038531907
138124	6101	0.03849593
138124	2400	0.038495928
138124	5588	0.03845079
138124	4423	0.03842411
138124	5871	0.038417116
138124	3166	0.0384026
138124	6571	0.03838963
138138	482	0.047819175
138138	926	0.047561772
138138	1698	0.047492545
138138	4247	0.047290333
138138	3796	0.04727787
138138	637	0.047275074
138138	2301	0.047208384
138138	4055	0.047185577
138138	628	0.047116563
138138	6703	0.04708439
138176	6774	0.05261098
138176	2390	0.052550178
138176	4237	0.052550174
138176	3582	0.052550167
138176	1218	0.052491758
138176	4206	0.052431017
138176	2871	0.052418783
138176	5223	0.05238884
138176	3736	0.05232912
138176	1512	0.052329056
138189	4458	0.05016464
138189	575	0.049905308
138189	2574	0.049572546
138189	1764	0.04905674
138189	3846	0.048999783
138189	5771	0.048753355
138189	2467	0.048721146
138189	4606	0.048718307
138189	449	0.048709683
138189	411	0.04868772
138193	4742	0.029027028
138193	366	0.028887337
138193	3720	0.028855966
138193	3394	0.028775075
138193	5616	0.0287398
138193	5013	0.028733123
138193	1874	0.028732913
138193	2887	0.028689267
138193	3814	0.028689256
138193	6620	0.028665997
138198	4761	0.049521666
138198	4438	0.04912106
138198	883	0.049121052
138198	4876	0.04912101
138198	600	0.048733205
138198	730	0.048490375
138198	3104	0.048469834
138198	1066	0.048438437
138198	2349	0.04842791
138198	3799	0.048418343
138202	5766	0.041396633
138202	5910	0.04139658
138202	639	0.04129649
138202	4330	0.041296475
138202	5453	0.041296463
138202	4906	0.041296452
138202	2117	0.041296437
138202	3867	0.041277424
138202	4094	0.04121992
138202	1051	0.041177265
138239	2156	0.064447895
138239	573	0.06342657
138239	1066	0.062966086
138239	352	0.06237617
138239	1220	0.061478004
138239	2823	0.061353937
138239	3209	0.06133356
138239	72	0.061333515
138239	3227	0.061255615
138239	503	0.061207615
138307	6552	0.037359647
138307	6828	0.037359536
138307	1676	0.037342258
138307	1647	0.037169427
138307	1778	0.037153568
138307	5306	0.03711085
138307	4989	0.03708761
138307	5521	0.03706514
138307	3782	0.037059166
138307	984	0.037042893
138330	4284	0.049049146
138330	913	0.048949458
138330	3400	0.048936643
138330	4769	0.048903644
138330	184	0.048901476
138330	1528	0.048901476
138330	4501	0.048901472
138330	4437	0.048895717
138330	4271	0.048892763
138330	4096	0.048860617
138379	1492	0.08005704
138379	1947	0.07992077
138379	2503	0.07968857
138379	1177	0.07952089
138379	2044	0.07937625
138379	4968	0.07905355
138379	2991	0.078557
138379	384	0.078311466
138379	3527	0.07831146
138379	1571	0.07831143
138382	356	0.06757325
138382	2821	0.06729016
138382	278	0.06728062
138382	1737	0.067280605
138382	2208	0.067280605
138382	5166	0.06728059
138382	4230	0.067280576
138382	3954	0.06728054
138382	4989	0.06718024
138382	6061	0.06702973
138425	3200	0.043790072
138425	3269	0.043574706
138425	866	0.043515127
138425	1496	0.043456145
138425	6187	0.043373726
138425	2211	0.0433527
138425	2808	0.043352157
138425	2496	0.043189246
138425	6549	0.043075062
138425	3005	0.04306516
138441	4160	0.042684793
138441	1158	0.042660855
138441	4033	0.042314567
138441	4289	0.04231456
138441	5143	0.04231456
138441	6714	0.04231454
138441	1016	0.042314537
138441	4865	0.04226862
138441	6028	0.04226084
138441	911	0.04226081
138515	5230	0.05585897
138515	2744	0.05554372
138515	1789	0.054888047
138515	1251	0.054759614
138515	3144	0.054501213
138515	1401	0.054501172
138515	440	0.05449178
138515	2308	0.054447353
138515	6498	0.05441343
138515	715	0.05425744
138529	1516	0.03998276
138529	5858	0.039929688
138529	6495	0.039673425
138529	205	0.03967342
138529	4699	0.03967341
138529	6562	0.03967341
138529	713	0.03967337
138529	5164	0.039620336
138529	6143	0.039612066
138529	3121	0.039559036
138543	3899	0.04374045
138543	2290	0.043379676
138543	730	0.043312132
138543	5649	0.043255575
138543	1358	0.04286115
138543	4761	0.042499684
138543	5010	0.04249853
138543	473	0.042493924
138543	4269	0.04249227
138543	2349	0.042387173
138578	665	0.049479377
138578	1504	0.049292676
138578	1601	0.049234822
138578	930	0.049156398
138578	465	0.04915634
138578	3142	0.049156338
138578	4026	0.04909008
138578	2918	0.049058434
138578	5781	0.049010344
138578	978	0.04900757
138602	2016	0.043914277
138602	5407	0.04384085
138602	875	0.043781653
138602	4283	0.043623507
138602	5154	0.04352133
138602	6414	0.043514244
138602	1757	0.043497063
138602	5686	0.04347702
138602	2826	0.043445177
138602	870	0.043411925
138647	4625	0.051335998
138647	1808	0.05122762
138647	3582	0.0511418
138647	4237	0.051141784
138647	2390	0.05114178
138647	417	0.051097438
138647	684	0.051097423
138647	6104	0.051027313
138647	2729	0.051006295
138647	6774	0.050968572
138674	2	0.047280595
138674	3026	0.046922233
138674	4897	0.04692219
138674	1	0.04655712
138674	4	0.04655711
138674	3888	0.04652799
138674	6615	0.045826748
138674	5168	0.045800745
138674	2946	0.045593992
138674	791	0.045588627
138777	407	0.061151616
138777	809	0.061136253
138777	2469	0.06106528
138777	404	0.06101861
138777	486	0.061016176
138777	693	0.060850345
138777	1947	0.060837395
138777	5936	0.060709454
138777	552	0.060709447
138777	2120	0.060662873
138813	6622	0.043041997
138813	4463	0.04296626
138813	4472	0.04289296
138813	2087	0.04284325
138813	382	0.042577546
138813	5898	0.042501822
138813	5589	0.042501796
138813	6452	0.042501744
138813	3406	0.04237884
138813	6349	0.04237877
138826	1900	0.064065486
138826	4267	0.06406538
138826	6524	0.06397505
138826	3574	0.06397498
138826	3800	0.06397498
138826	5537	0.06395127
138826	4715	0.06393262
138826	384	0.06381856
138826	3527	0.06381855
138826	1571	0.06381848
138844	4227	0.05764375
138844	637	0.057533868
138844	628	0.05751336
138844	500	0.05735489
138844	85	0.057260692
138844	1428	0.057017878
138844	1817	0.056764595
138844	133	0.056764588
138844	1462	0.056744646
138844	1781	0.056744073
138849	5332	0.05194626
138849	63	0.051946238
138849	5039	0.05182308
138849	1739	0.05182305
138849	2700	0.051767513
138849	3951	0.05176747
138849	327	0.051767465
138849	6760	0.051744986
138849	3264	0.051713903
138849	1625	0.0517139
138867	835	0.025278015
138867	2245	0.025267735
138867	3000	0.025222447
138867	1274	0.025222424
138867	3429	0.025100328
138867	3094	0.02509069
138867	6571	0.025055584
138867	4475	0.025050495
138867	4476	0.025048412
138867	856	0.02504444
138906	2851	0.050869457
138906	2370	0.050800644
138906	3911	0.050709706
138906	591	0.050565094
138906	1414	0.050468285
138906	5917	0.05046828
138906	6302	0.050468273
138906	2244	0.050457444
138906	6025	0.050411984
138906	6799	0.050411973
138954	1952	0.07256538
138954	2315	0.07253605
138954	4433	0.07246008
138954	1178	0.07235757
138954	5001	0.07234719
138954	683	0.07220311
138954	3482	0.072039716
138954	412	0.07203536
138954	977	0.07187364
138954	6444	0.07187363
138955	2044	0.051310893
138955	2991	0.05117585
138955	1492	0.051103923
138955	2503	0.051067773
138955	1076	0.050829887
138955	1631	0.050738677
138955	3433	0.050692603
138955	1947	0.05028125
138955	1177	0.05000774
138955	4968	0.049707413
138995	831	0.05874885
138995	2541	0.05851155
138995	707	0.058507837
138995	3280	0.05816822
138995	175	0.05807365
138995	474	0.057297863
138995	3273	0.057092793
138995	621	0.05695232
138995	2233	0.056932136
138995	3770	0.056922108
139070	2224	0.049385536
139070	5139	0.04938546
139070	6794	0.04925692
139070	4313	0.049235024
139070	4318	0.049145184
139070	5703	0.049145147
139070	495	0.04914514
139070	6597	0.049124636
139070	943	0.049026385
139070	2381	0.049026374
139126	2501	0.06320667
139126	2256	0.06318931
139126	2853	0.06304072
139126	2297	0.06303417
139126	1478	0.063034125
139126	5941	0.063034125
139126	3829	0.06303412
139126	5311	0.06303412
139126	4860	0.06285438
139126	6204	0.062851645
139141	4880	0.049763408
139141	1613	0.049378127
139141	4927	0.04925163
139141	6174	0.049153127
139141	2614	0.048958234
139141	3275	0.048940152
139141	3747	0.04891966
139141	2485	0.048733838
139141	2615	0.04871712
139141	6497	0.04864671
139206	1670	0.048981603
139206	2574	0.04892867
139206	2129	0.048777197
139206	2662	0.04828629
139206	3616	0.04826057
139206	3659	0.048085712
139206	83	0.04794327
139206	320	0.047906693
139206	6075	0.04757517
139206	575	0.047565896
139243	85	0.061317712
139243	1817	0.061296646
139243	133	0.06129663
139243	4227	0.06115591
139243	500	0.06091295
139243	1781	0.060905553
139243	6111	0.060714062
139243	2469	0.0606604
139243	70	0.060639296
139243	5404	0.060639266
139287	836	0.06417538
139287	6326	0.06370117
139287	2437	0.06368548
139287	1361	0.063685454
139287	6298	0.063685454
139287	427	0.063685425
139287	2852	0.06368537
139287	2471	0.06365828
139287	4447	0.063473046
139287	6301	0.06347302
139359	37	0.06673436
139359	5114	0.06606442
139359	925	0.06602166
139359	6291	0.065995775
139359	2391	0.06595914
139359	2024	0.06577385
139359	604	0.06573109
139359	3342	0.06571086
139359	1286	0.06569967
139359	1433	0.06567331
139376	6170	0.052401014
139376	6729	0.052401006
139376	2165	0.052001484
139376	2713	0.05189713
139376	571	0.051796615
139376	5638	0.051792506
139376	1358	0.05148644
139376	5218	0.051397085
139376	5496	0.05139704
139376	5010	0.051347002
139387	2823	0.06450119
139387	1630	0.06377053
139387	352	0.06342754
139387	1253	0.06277254
139387	689	0.0625125
139387	61	0.061927162
139387	504	0.061924964
139387	2456	0.061849937
139387	1902	0.061628282
139387	1066	0.06143643
139421	3770	0.05895924
139421	175	0.05884375
139421	1640	0.05838341
139421	2398	0.058383375
139421	2541	0.05817979
139421	487	0.058056116
139421	5815	0.057762645
139421	2867	0.0577626
139421	20	0.057762593
139421	158	0.05753921
139462	4074	0.046758577
139462	5419	0.046200328
139462	4072	0.04618828
139462	3596	0.045696117
139462	1404	0.04569477
139462	5168	0.045623645
139462	4848	0.045615844
139462	6695	0.045448393
139462	2059	0.04542498
139462	3026	0.045333143
139467	6257	0.059251133
139467	6044	0.059251092
139467	5097	0.059223894
139467	4713	0.059216373
139467	2906	0.059216358
139467	211	0.059216335
139467	1663	0.059090666
139467	1412	0.05903539
139467	6056	0.058862407
139467	5053	0.058853984
139548	3207	0.07610712
139548	606	0.075805984
139548	2883	0.07577114
139548	160	0.07573651
139548	1261	0.0756764
139548	1444	0.075634204
139548	2961	0.075634144
139548	3056	0.07490033
139548	1779	0.074848086
139548	727	0.07473438
139575	6495	0.052037887
139575	205	0.05203788
139575	6562	0.05203788
139575	4699	0.052037865
139575	713	0.05203782
139575	5746	0.051900648
139575	1216	0.051900562
139575	5930	0.051708136
139575	6143	0.051670793
139575	787	0.051569723
139586	85	0.03821309
139586	6111	0.038070563
139586	1817	0.03805776
139586	133	0.038057752
139586	4227	0.038044028
139586	693	0.03794738
139586	68	0.037778273
139586	637	0.03776093
139586	809	0.037688058
139586	1781	0.037581176
139607	6589	0.03831713
139607	4057	0.038153786
139607	6055	0.03815378
139607	5913	0.038129322
139607	3147	0.03808158
139607	1909	0.038081553
139607	3054	0.038081553
139607	2529	0.038081545
139607	2968	0.037907552
139607	5698	0.037907552
139706	3064	0.068298034
139706	708	0.06816402
139706	434	0.06816396
139706	183	0.06810707
139706	2317	0.06780056
139706	341	0.06766656
139706	338	0.06766653
139706	1260	0.06766651
139706	5601	0.06766647
139706	5879	0.06763893
139742	6151	0.047820486
139742	543	0.047200367
139742	2348	0.047025546
139742	1564	0.0465711
139742	4811	0.046536755
139742	3219	0.046520136
139742	332	0.046164803
139742	3291	0.046159025
139742	6285	0.045998264
139742	4971	0.045902666
139827	2950	0.048366066
139827	1068	0.04832028
139827	2587	0.04821539
139827	1594	0.048115186
139827	6548	0.048023373
139827	6865	0.047962204
139827	6886	0.047879096
139827	5749	0.047714718
139827	4432	0.047686785
139827	3213	0.047686756
139828	5423	0.056994267
139828	4212	0.056926936
139828	3690	0.05692395
139828	4034	0.056836143
139828	1593	0.056836106
139828	4703	0.056836106
139828	3588	0.056833223
139828	5696	0.056795567
139828	1662	0.056795552
139828	6417	0.056795493
139913	3789	0.06224259
139913	136	0.062178075
139913	4512	0.062013432
139913	1230	0.06152774
139913	291	0.0614404
139913	328	0.061440364
139913	3295	0.061413378
139913	55	0.061373793
139913	3222	0.061301198
139913	4334	0.06122329
139934	941	0.04906325
139934	1369	0.049046483
139934	643	0.049046457
139934	2892	0.04877486
139934	5730	0.04874984
139934	1516	0.048681453
139934	627	0.048671838
139934	6143	0.048664663
139934	2057	0.048477326
139934	3523	0.048467267
140000	5393	0.07252236
140000	4231	0.0725223
140000	4602	0.072507106
140000	4625	0.0724994
140000	3439	0.072436884
140000	417	0.072430074
140000	1808	0.07242161
140000	6104	0.07240487
140000	5945	0.07231512
140000	4413	0.07223955
140005	2121	0.05678453
140005	4340	0.056697644
140005	1318	0.056674406
140005	2972	0.056674395
140005	3965	0.05666135
140005	5320	0.05663027
140005	2335	0.056520216
140005	6835	0.05644327
140005	4213	0.05638621
140005	2653	0.056363046
140036	3812	0.035233997
140036	1807	0.035204597
140036	2267	0.035185944
140036	3385	0.035076797
140036	5300	0.035039485
140036	5288	0.03502878
140036	1835	0.035009444
140036	2012	0.034753613
140036	4066	0.034752503
140036	973	0.03468325
140069	6630	0.040875018
140069	5366	0.040841036
140069	6134	0.040798787
140069	4740	0.040798746
140069	6185	0.04063396
140069	5465	0.040591598
140069	6101	0.040555343
140069	2400	0.040555324
140069	3163	0.040513024
140069	1133	0.040140044
140080	1757	0.047608823
140080	5407	0.047540963
140080	2171	0.047536574
140080	870	0.047381178
140080	2826	0.047203887
140080	4940	0.046974733
140080	5382	0.04696648
140080	6803	0.046816796
140080	2868	0.0468167
140080	2016	0.046812825
140087	3562	0.048472043
140087	2843	0.048470445
140087	4424	0.04844141
140087	4706	0.04839032
140087	2473	0.048342988
140087	1435	0.048308894
140087	2753	0.048239775
140087	5904	0.048170708
140087	1646	0.048153557
140087	6507	0.048141066
140167	3333	0.035795696
140167	5072	0.035652846
140167	1241	0.035440587
140167	5443	0.03537602
140167	164	0.035200726
140167	1497	0.035120375
140167	975	0.034985017
140167	5988	0.034945797
140167	1469	0.03494022
140167	5271	0.03488492
140196	1389	0.09313113
140196	420	0.092448056
140196	406	0.09168124
140196	2432	0.09115474
140196	1193	0.09065151
140196	2093	0.09046791
140196	614	0.09035099
140196	2620	0.0901084
140196	958	0.089416
140196	3705	0.08923294
140223	788	0.06294193
140223	1084	0.06282274
140223	5328	0.062822714
140223	6281	0.06237881
140223	4506	0.06206078
140223	478	0.06206068
140223	2520	0.06198407
140223	3587	0.0619552
140223	4279	0.06195519
140223	6551	0.061945133
140255	2513	0.03488606
140255	2290	0.034723192
140255	2178	0.034476295
140255	3899	0.034311987
140255	350	0.033939846
140255	5867	0.033807747
140255	473	0.033646286
140255	1248	0.033575516
140255	572	0.033574495
140255	5649	0.033569574
140294	6918	0.054719184
140294	1094	0.054658845
140294	1045	0.054658797
140294	1725	0.05465879
140294	541	0.054657884
140294	1458	0.054657876
140294	168	0.05465786
140294	6544	0.05465786
140294	4919	0.05429797
140294	3336	0.054177973
140340	459	0.061840773
140340	1436	0.061668456
140340	2362	0.061628927
140340	1261	0.061252765
140340	613	0.060585238
140340	414	0.06055197
140340	3855	0.0604012
140340	937	0.060319796
140340	152	0.060319774
140340	1713	0.060259297
140410	1690	0.058242433
140410	320	0.058160204
140410	1444	0.05767759
140410	2961	0.057677537
140410	1261	0.057676233
140410	879	0.05757975
140410	414	0.057506368
140410	2883	0.057486087
140410	997	0.05714395
140410	2870	0.05714395
140451	1851	0.067250624
140451	3616	0.06684552
140451	2337	0.06644927
140451	727	0.06622052
140451	3659	0.06613408
140451	451	0.06602944
140451	4161	0.06567956
140451	3194	0.06558578
140451	1813	0.06538988
140451	3885	0.06521994
140555	3205	0.059886206
140555	6301	0.059759114
140555	3021	0.059759103
140555	4447	0.05975909
140555	3491	0.05975907
140555	4071	0.059729543
140555	3283	0.059729524
140555	3508	0.059602514
140555	245	0.0596025
140555	3603	0.05960244
140662	451	0.063572355
140662	3659	0.06354701
140662	3182	0.06350173
140662	3074	0.063501716
140662	997	0.06330311
140662	2870	0.06330309
140662	141	0.06318144
140662	144	0.063018896
140662	2028	0.06301383
140662	2129	0.06298791
140763	6262	0.06348333
140763	5695	0.06348329
140763	4693	0.06348324
140763	3494	0.06320139
140763	1898	0.06320132
140763	6161	0.06319477
140763	3959	0.06319472
140763	1034	0.063194714
140763	3041	0.06319471
140763	3040	0.06319468
140863	6367	0.04419985
140863	5357	0.044078067
140863	4735	0.04401741
140863	132	0.04401566
140863	1479	0.04401566
140863	3034	0.04400873
140863	6541	0.043955002
140863	2475	0.04395498
140863	4421	0.04394808
140863	4848	0.04391984
140879	715	0.05067398
140879	1251	0.05054412
140879	1709	0.050152466
140879	1249	0.05002208
140879	1504	0.049910285
140879	6259	0.049895186
140879	5230	0.04968556
140879	440	0.04963743
140879	1783	0.04962708
140879	285	0.049503736
141010	692	0.07867377
141010	999	0.07614896
141010	15	0.07557762
141010	4245	0.074920684
141010	1193	0.07436524
141010	645	0.074364424
141010	3909	0.074364394
141010	4607	0.07404993
141010	4788	0.07367472
141010	1854	0.0735473
141047	5785	0.04878281
141047	2152	0.048665475
141047	5314	0.04864885
141047	5844	0.04864879
141047	3807	0.048449
141047	6409	0.048448995
141047	6857	0.048431426
141047	6172	0.04843138
141047	3823	0.048431356
141047	6622	0.048275366
141065	5063	0.04853572
141065	6763	0.048503086
141065	1883	0.048382312
141065	3472	0.048378684
141065	4167	0.048353184
141065	3748	0.048353165
141065	5146	0.048133112
141065	3843	0.048127457
141065	3692	0.04805791
141065	2573	0.048023403
141070	4471	0.05464351
141070	473	0.054555304
141070	742	0.054257773
141070	991	0.05423408
141070	983	0.0541068
141070	503	0.0540125
141070	3512	0.05394402
141070	274	0.053826094
141070	1596	0.053795516
141070	3977	0.053591773
141089	3095	0.057064004
141089	5782	0.05662285
141089	4991	0.056491185
141089	3994	0.056319956
141089	3382	0.0561478
141089	2075	0.056018386
141089	4837	0.055660233
141089	2715	0.05565186
141089	5619	0.05551231
141089	4473	0.05536243
141109	4842	0.06544655
141109	199	0.06501292
141109	690	0.06501292
141109	6486	0.06478788
141109	2917	0.06424606
141109	4047	0.06408927
141109	6671	0.06408925
141109	2796	0.06402866
141109	2015	0.06399109
141109	6818	0.06391265
141127	4167	0.03546988
141127	3748	0.035469867
141127	2332	0.035435013
141127	6763	0.03540527
141127	1852	0.035396427
141127	6141	0.03539642
141127	2700	0.03539472
141127	327	0.035394702
141127	3951	0.035394702
141127	2278	0.03538888
141201	4280	0.051221468
141201	1702	0.051078495
141201	2902	0.050838433
141201	4585	0.050657302
141201	1869	0.050639052
141201	630	0.050610382
141201	6323	0.050610334
141201	2826	0.05046318
141201	4644	0.05035828
141201	1011	0.05021832
141210	1599	0.03362201
141210	2744	0.03353779
141210	507	0.033382878
141210	5230	0.0333325
141210	4442	0.033307485
141210	1104	0.03291118
141210	1251	0.032893993
141210	981	0.032872252
141210	5155	0.032850035
141210	1117	0.032850027
141309	2004	0.033510637
141309	6096	0.03350879
141309	4258	0.03350877
141309	3569	0.033508748
141309	6568	0.033506848
141309	4812	0.033504985
141309	1141	0.03346843
141309	1927	0.033468336
141309	966	0.033468302
141309	3243	0.033426218
141310	878	0.03821722
141310	5983	0.03811384
141310	828	0.038064614
141310	566	0.038064595
141310	5943	0.038041346
141310	2500	0.037909806
141310	2265	0.037847146
141310	2076	0.03784713
141310	5037	0.03780873
141310	3824	0.037800997
141444	202	0.070887044
141444	170	0.0700877
141444	5352	0.06991159
141444	910	0.06979983
141444	67	0.06978111
141444	1572	0.06951665
141444	540	0.06950081
141444	4030	0.069154724
141444	1586	0.06898207
141444	4332	0.06854142
141491	1436	0.080731854
141491	448	0.08023429
141491	2387	0.08010415
141491	613	0.08001408
141491	1713	0.079684526
141491	710	0.07940353
141491	6111	0.07931402
141491	1076	0.07860859
141491	70	0.078325815
141491	5404	0.07832579
141493	1436	0.049732216
141493	1261	0.049557175
141493	448	0.04921804
141493	1713	0.04915075
141493	2883	0.04899466
141493	2362	0.04887321
141493	127	0.048871826
141493	459	0.048815645
141493	581	0.048697975
141493	2387	0.048655935
141511	1066	0.08826923
141511	352	0.087842524
141511	730	0.08699058
141511	2156	0.08643521
141511	1430	0.08642872
141511	1800	0.086379394
141511	1897	0.086312205
141511	934	0.0863121
141511	1902	0.08531752
141511	883	0.08527838
141600	6790	0.029419366
141600	1126	0.02934798
141600	6571	0.029274408
141600	3802	0.02923669
141600	4576	0.029222764
141600	6845	0.029178867
141600	3950	0.029126704
141600	4568	0.029090926
141600	2812	0.029090893
141600	1014	0.029082954
141704	408	0.06719593
141704	4271	0.067074865
141704	6244	0.06700893
141704	4036	0.067008875
141704	3763	0.06700884
141704	4769	0.06698056
141704	1228	0.06691463
141704	669	0.06691462
141704	2382	0.06691459
141704	3420	0.06691458
141710	3960	0.058045566
141710	3534	0.05735115
141710	2579	0.057145305
141710	544	0.0570519
141710	34	0.05691856
141710	67	0.056764327
141710	3182	0.056558967
141710	3074	0.05655895
141710	1249	0.056555316
141710	202	0.056450106
141719	2823	0.05196467
141719	6674	0.051623307
141719	3064	0.051385418
141719	504	0.05124791
141719	4269	0.05089138
141719	708	0.05079869
141719	434	0.050798647
141719	2317	0.050331857
141719	2156	0.05000005
141719	1630	0.049928844
141805	146	0.047661304
141805	5583	0.04743433
141805	2731	0.0474343
141805	2945	0.04740481
141805	1455	0.047396045
141805	288	0.04736483
141805	4117	0.047062024
141805	5999	0.04705592
141805	6485	0.04680755
141805	5944	0.046691526
141819	2966	0.059185043
141819	886	0.059113905
141819	774	0.058927782
141819	3992	0.058760613
141819	340	0.058723837
141819	373	0.058567405
141819	2179	0.058491178
141819	4868	0.0584017
141819	625	0.058243647
141819	339	0.05810616
141871	3692	0.04435809
141871	1099	0.04423015
141871	687	0.04412371
141871	3472	0.044121206
141871	150	0.04399576
141871	3218	0.04399576
141871	1067	0.043995753
141871	4807	0.043959513
141871	3549	0.043886777
141871	1730	0.043853704
141888	628	0.045352064
141888	637	0.0453447
141888	824	0.04534294
141888	2366	0.04533556
141888	1428	0.045330085
141888	2015	0.045060217
141888	4286	0.04498432
141888	6317	0.044936486
141888	3380	0.044931024
141888	4858	0.044892594
141901	5022	0.05424024
141901	1190	0.05399102
141901	314	0.053948782
141901	1500	0.05369337
141901	316	0.0536732
141901	435	0.053619206
141901	1746	0.053612947
141901	1219	0.053501893
141901	4003	0.053274445
141901	18	0.0532427
141902	451	0.06779511
141902	727	0.06777718
141902	1851	0.06774813
141902	3616	0.06772828
141902	1444	0.06754705
141902	2961	0.067547016
141902	3207	0.067125864
141902	160	0.06701374
141902	1779	0.06692833
141902	692	0.06679933
141958	503	0.052153125
141958	991	0.05207264
141958	274	0.051674318
141958	1115	0.05125757
141958	981	0.051216565
141958	6674	0.050932262
141958	2156	0.05078716
141958	4269	0.05061216
141958	742	0.050579105
141958	837	0.05056233
142005	831	0.039722804
142005	2541	0.039280597
142005	988	0.03882066
142005	5879	0.038801998
142005	3790	0.038792886
142005	472	0.03877372
142005	175	0.03872304
142005	2233	0.038636934
142005	2634	0.038597986
142005	487	0.038589023
142017	2773	0.039283846
142017	1591	0.03911692
142017	1994	0.039116874
142017	4801	0.039032035
142017	2772	0.03877776
142017	6476	0.038777713
142017	2098	0.038776275
142017	4092	0.038715485
142017	1993	0.038669437
142017	5452	0.03866943
142062	285	0.05711007
142062	1249	0.056987263
142062	2881	0.056936204
142062	4245	0.05691634
142062	4496	0.056590725
142062	420	0.056436643
142062	1880	0.056360073
142062	1426	0.05621904
142062	4583	0.056219008
142062	6574	0.05616796
142121	1783	0.051012702
142121	6259	0.050489813
142121	6169	0.04915595
142121	715	0.048927978
142121	5737	0.048845086
142121	1504	0.04881132
142121	3075	0.048807487
142121	2886	0.048720866
142121	1251	0.048580695
142121	5364	0.048460186
142134	706	0.038374662
142134	880	0.038374655
142134	5016	0.038289458
142134	903	0.038270522
142134	5506	0.038147904
142134	5105	0.038099594
142134	6716	0.038072377
142134	3506	0.03805469
142134	4197	0.038054653
142134	1362	0.038053427
142143	6061	0.049110055
142143	356	0.048700213
142143	2282	0.048686784
142143	4668	0.048542682
142143	3209	0.048493862
142143	72	0.04849384
142143	4989	0.048477307
142143	2821	0.0484137
142143	5010	0.0482935
142143	6133	0.048272375
142212	2344	0.039881475
142212	5378	0.03972707
142212	4383	0.039610613
142212	1057	0.0396099
142212	6702	0.039609894
142212	5045	0.03959527
142212	2090	0.03957273
142212	4624	0.039572716
142212	5711	0.039539576
142212	6458	0.03953899
142253	6650	0.04693019
142253	5568	0.04667777
142253	4235	0.04663801
142253	3508	0.046617355
142253	245	0.046617307
142253	3603	0.046617284
142253	1430	0.046527047
142253	6016	0.04652477
142253	1247	0.04652475
142253	5245	0.04652474
142256	3645	0.057614423
142256	5254	0.057497796
142256	1309	0.05723512
142256	5586	0.057230044
142256	3745	0.056999706
142256	4030	0.0568391
142256	393	0.056812115
142256	218	0.05676293
142256	3905	0.05662699
142256	296	0.056626953
142398	1929	0.05269985
142398	4874	0.05269982
142398	3877	0.052359316
142398	335	0.052279964
142398	2552	0.052238543
142398	3855	0.05207628
142398	2362	0.052035145
142398	188	0.051925965
142398	152	0.05181873
142398	937	0.05181873
142442	6565	0.047793664
142442	3568	0.04779366
142442	2687	0.04768221
142442	3392	0.047644872
142442	864	0.04764483
142442	2340	0.0474856
142442	4638	0.047239296
142442	5287	0.047239274
142442	557	0.047156442
142442	1343	0.047007646
142479	2386	0.068348125
142479	4951	0.06829865
142479	3256	0.068102226
142479	4207	0.06792682
142479	6472	0.06777069
142479	2733	0.067770675
142479	4058	0.06770551
142479	2359	0.06770545
142479	2169	0.06768718
142479	4244	0.06766438
142565	1526	0.048003197
142565	84	0.047570087
142565	330	0.047570027
142565	2698	0.04756891
142565	2066	0.047564268
142565	1690	0.04715145
142565	2022	0.04709023
142565	2316	0.046954203
142565	892	0.04690212
142565	2327	0.04669177
142579	578	0.048969336
142579	4596	0.04892335
142579	4622	0.048923325
142579	4343	0.048923284
142579	5571	0.048923276
142579	1840	0.048890293
142579	3571	0.04889024
142579	3967	0.048840303
142579	3318	0.048840288
142579	377	0.048840277
142584	1961	0.047429614
142584	4307	0.04731679
142584	5288	0.047316488
142584	973	0.047261972
142584	5517	0.047165442
142584	526	0.04713641
142584	4560	0.046961613
142584	456	0.04677312
142584	1527	0.046692833
142584	2692	0.046617076
142600	1261	0.06275374
142600	5815	0.061461035
142600	2867	0.061460983
142600	606	0.061075278
142600	613	0.060948372
142600	1436	0.06076522
142600	2883	0.06067059
142600	879	0.060404778
142600	459	0.060203627
142600	739	0.06018637
142623	3121	0.048236087
142623	6143	0.047924228
142623	5164	0.04791879
142623	1166	0.047869895
142623	4140	0.04786989
142623	4285	0.047869872
142623	1337	0.04786987
142623	5858	0.047869124
142623	2932	0.047636285
142623	6495	0.047606982
142661	6314	0.028696304
142661	5970	0.02832015
142661	1015	0.028274689
142661	4914	0.028257966
142661	1487	0.028229114
142661	5089	0.028167654
142661	6633	0.028035872
142661	2523	0.027884237
142661	123	0.02787482
142661	6847	0.027853806
142671	5791	0.054281436
142671	4044	0.05344581
142671	530	0.05316277
142671	286	0.053102765
142671	3836	0.053036317
142671	3195	0.052901637
142671	2243	0.052855205
142671	1510	0.052627675
142671	4180	0.05262764
142671	4732	0.05259434
142672	4055	0.059855208
142672	625	0.059748683
142672	1698	0.05943465
142672	3644	0.05933534
142672	4028	0.058973186
142672	5572	0.058973152
142672	3651	0.058973134
142672	2532	0.058866754
142672	2809	0.058866724
142672	3669	0.058866687
142680	1417	0.058682926
142680	201	0.05868288
142680	1556	0.058682878
142680	1029	0.058682863
142680	3716	0.058682837
142680	3666	0.058651023
142680	3719	0.05865102
142680	5440	0.058650985
142680	6899	0.058495533
142680	5961	0.05806727
142715	4458	0.059475265
142715	575	0.059041172
142715	1680	0.0589495
142715	5771	0.058848444
142715	1764	0.05873785
142715	247	0.05863934
142715	411	0.05857688
142715	2413	0.058484226
142715	723	0.058416806
142715	1867	0.05841651
142745	2006	0.05955508
142745	2983	0.05949405
142745	3373	0.05939185
142745	1973	0.059391785
142745	789	0.05939178
142745	4878	0.059391767
142745	3631	0.058830827
142745	1753	0.058826588
142745	5574	0.05882658
142745	2068	0.058826562
142801	473	0.057381302
142801	1358	0.057150524
142801	5010	0.056996047
142801	5649	0.056985397
142801	3209	0.05690805
142801	72	0.05690801
142801	2290	0.056863017
142801	742	0.05684174
142801	991	0.05659599
142801	2156	0.056565903
142817	5260	0.042499986
142817	4154	0.042386334
142817	6720	0.042241253
142817	1763	0.042241193
142817	3626	0.04220225
142817	4088	0.042066325
142817	3463	0.042056777
142817	6337	0.041935377
142817	381	0.04185041
142817	3944	0.041789673
142823	5604	0.0454804
142823	278	0.045400858
142823	2208	0.045400836
142823	5166	0.04540083
142823	1737	0.045400828
142823	4230	0.045400813
142823	3954	0.045400806
142823	3678	0.0453803
142823	1396	0.04538028
142823	1747	0.045380272
142861	3506	0.044254698
142861	4197	0.044254642
142861	5961	0.044242013
142861	4037	0.04424198
142861	4182	0.04424198
142861	903	0.04422226
142861	308	0.044221394
142861	6390	0.04422137
142861	538	0.04422136
142861	3111	0.044150475
143009	1200	0.049089972
143009	1813	0.048589807
143009	1670	0.048540935
143009	4161	0.048426248
143009	5380	0.048266575
143009	5225	0.048266463
143009	1006	0.04813291
143009	1766	0.04802995
143009	3297	0.048021086
143009	311	0.047897175
143011	312	0.033387735
143011	3725	0.03337064
143011	6892	0.03334828
143011	39	0.033348255
143011	2415	0.033268258
143011	6516	0.033206433
143011	4318	0.033184886
143011	5703	0.033184864
143011	495	0.033184852
143011	1953	0.033081226
143103	2	0.04098603
143103	5049	0.040225983
143103	6022	0.0398598
143103	372	0.03939975
143103	972	0.039140556
143103	6771	0.038753703
143103	3026	0.038556144
143103	4897	0.038556114
143103	6615	0.03838047
143103	6755	0.038167424
143134	5815	0.060196385
143134	20	0.060196355
143134	2867	0.060196344
143134	739	0.05989078
143134	1602	0.059201412
143134	487	0.05878854
143134	1711	0.057709992
143134	1071	0.05747038
143134	175	0.05725433
143134	3133	0.057175282
143163	4560	0.06158741
143163	526	0.061304703
143163	365	0.06103229
143163	456	0.06091234
143163	5288	0.060868837
143163	1961	0.060659647
143163	350	0.060013644
143163	2267	0.059897512
143163	5352	0.059563622
143163	2178	0.05953092
143211	1105	0.049992293
143211	572	0.04963652
143211	6061	0.04957744
143211	1446	0.049544096
143211	1073	0.04938135
143211	2928	0.04928083
143211	4570	0.049250208
143211	350	0.04913904
143211	2268	0.04892414
143211	2282	0.048866034
143253	1961	0.03532816
143253	526	0.03523566
143253	4307	0.035140216
143253	1068	0.03511825
143253	2950	0.03495299
143253	2856	0.034770157
143253	5288	0.034528635
143253	1594	0.03433513
143253	1251	0.03432504
143253	715	0.03422749
143294	6048	0.030751716
143294	5004	0.030667186
143294	3289	0.030563062
143294	2341	0.030546864
143294	3326	0.03043419
143294	5102	0.030434178
143294	3881	0.030434174
143294	5684	0.030376896
143294	3646	0.03036721
143294	5799	0.030345134
143302	4286	0.054203153
143302	3380	0.053921215
143302	1751	0.053286888
143302	397	0.053216964
143302	1428	0.053089365
143302	1332	0.053053755
143302	57	0.05266474
143302	5673	0.052577198
143302	3792	0.05255823
143302	1132	0.052558206
143388	1782	0.037499025
143388	1564	0.0372053
143388	1579	0.03716071
143388	1555	0.037125945
143388	4980	0.037107214
143388	4146	0.036970153
143388	2049	0.036857307
143388	1100	0.036855377
143388	2138	0.03668294
143388	5620	0.036582083
143400	3999	0.052936614
143400	421	0.05293659
143400	695	0.052936547
143400	957	0.052822255
143400	2413	0.052753247
143400	5771	0.052673377
143400	292	0.052670345
143400	5991	0.052670322
143400	411	0.05260119
143400	1186	0.0524665
143415	4181	0.054566517
143415	4639	0.054566484
143415	1320	0.05452461
143415	18	0.05446845
143415	3438	0.0544616
143415	1219	0.05442585
143415	3317	0.054373465
143415	744	0.05412569
143415	6736	0.054125614
143415	6560	0.054042
143427	4801	0.046729844
143427	1591	0.0465156
143427	1994	0.046515543
143427	3023	0.046472937
143427	6131	0.046404164
143427	2773	0.046297107
143427	3859	0.04618258
143427	2305	0.04617986
143427	6497	0.046170156
143427	5924	0.046169236
143497	5570	0.06590345
143497	1212	0.06590344
143497	3433	0.06460819
143497	2991	0.06432076
143497	1492	0.0640329
143497	1947	0.06374821
143497	1286	0.06366195
143497	2503	0.06326779
143497	404	0.063180104
143497	2044	0.063133955
143715	4747	0.03677216
143715	629	0.0365788
143715	4877	0.03646437
143715	309	0.036382977
143715	946	0.03638295
143715	6904	0.036374353
143715	6352	0.03635388
143715	3685	0.03635385
143715	4762	0.03635385
143715	5881	0.036353838
143743	3111	0.06601125
143743	1026	0.06597434
143743	5961	0.06566081
143743	4182	0.06566076
143743	4037	0.065660745
143743	308	0.065623865
143743	538	0.06562382
143743	6390	0.06562382
143743	497	0.06559245
143743	1651	0.065592445
143792	3032	0.043028742
143792	1166	0.042942062
143792	4140	0.042942055
143792	4285	0.042942043
143792	1337	0.042942032
143792	5700	0.042882666
143792	3504	0.04278035
143792	1222	0.042738877
143792	6143	0.04267481
143792	3190	0.042666443
143809	3730	0.052257635
143809	447	0.052017804
143809	1109	0.05187115
143809	597	0.05164493
143809	2393	0.051562857
143809	3654	0.05148761
143809	4415	0.051475335
143809	1402	0.05116778
143809	1788	0.051132225
143809	5579	0.051132184
143837	451	0.07260513
143837	6	0.07196425
143837	77	0.07189608
143837	170	0.071690455
143837	267	0.07168274
143837	67	0.07165072
143837	393	0.07162308
143837	1626	0.071491376
143837	5254	0.07142769
143837	997	0.07140139
143909	1472	0.053919464
143909	3197	0.053282313
143909	3169	0.05325959
143909	816	0.05324789
143909	622	0.053211987
143909	480	0.053152077
143909	4998	0.053005863
143909	3512	0.052897286
143909	1463	0.052867785
143909	1405	0.052844502
143939	692	0.05184707
143939	3616	0.051437166
143939	1851	0.051300816
143939	727	0.051272225
143939	999	0.05099672
143939	2337	0.050731547
143939	3207	0.05057212
143939	1854	0.050212346
143939	160	0.05001402
143939	451	0.049737353
143964	4055	0.060039777
143964	625	0.059871394
143964	3644	0.05985762
143964	4028	0.05931905
143964	5572	0.059319023
143964	3651	0.059319
143964	2809	0.05915072
143964	3669	0.059150703
143964	4136	0.059131064
143964	1908	0.05907333
143965	258	0.040310353
143965	2992	0.039996978
143965	996	0.039876282
143965	1447	0.039771024
143965	2628	0.039733756
143965	2542	0.03971804
143965	3766	0.039718013
143965	3337	0.03965543
143965	391	0.039482232
143965	5758	0.039361283
143968	2407	0.08420658
143968	1027	0.084206566
143968	1777	0.08420656
143968	1655	0.08420651
143968	2194	0.084206484
143968	1559	0.08420645
143968	1033	0.084132366
143968	938	0.08413234
143968	2252	0.08410066
143968	1681	0.08410065
144017	473	0.049263094
144017	1643	0.049112838
144017	1070	0.04899565
144017	2713	0.04853881
144017	480	0.048399188
144017	1405	0.04823737
144017	3191	0.04823405
144017	471	0.04790938
144017	4471	0.047905855
144017	573	0.04788164
144038	4257	0.07010523
144038	1109	0.06896536
144038	1224	0.06858893
144038	1890	0.06842801
144038	2735	0.06793903
144038	6650	0.067843065
144038	5561	0.06777507
144038	3578	0.067718185
144038	1941	0.06770209
144038	954	0.067423105
144062	645	0.04737447
144062	3909	0.04737444
144062	1592	0.047199003
144062	1764	0.046897747
144062	406	0.04681564
144062	5771	0.046551593
144062	4458	0.046538565
144062	5792	0.046396278
144062	3062	0.046163708
144062	5184	0.046153102
144151	1156	0.036803965
144151	3044	0.0367871
144151	1717	0.036698848
144151	1166	0.036691822
144151	4140	0.036691807
144151	4285	0.0366918
144151	1337	0.036691792
144151	6143	0.03662226
144151	3587	0.03644643
144151	4279	0.03644639
144194	6160	0.045975566
144194	5604	0.04585447
144194	2293	0.045574494
144194	1793	0.045574218
144194	278	0.045453396
144194	5166	0.045453385
144194	2208	0.045453377
144194	1737	0.04545337
144194	4230	0.04545336
144194	3954	0.04545334
144223	2277	0.047880992
144223	2111	0.04775259
144223	6698	0.047752563
144223	6831	0.04775256
144223	3864	0.047657587
144223	5289	0.047657553
144223	4723	0.04760378
144223	4191	0.04755784
144223	2275	0.04752537
144223	5925	0.047505684
144229	3555	0.05012758
144229	3757	0.049877923
144229	4321	0.049739126
144229	6686	0.049511958
144229	1012	0.049326014
144229	6036	0.049178317
144229	6741	0.04914002
144229	5977	0.04909816
144229	2642	0.049012713
144229	3131	0.049001206
144241	6375	0.07062732
144241	3	0.07059112
144241	2524	0.070029065
144241	2797	0.069943346
144241	5865	0.069943294
144241	2488	0.06966183
144241	2	0.06912819
144241	2261	0.06906355
144241	5049	0.06890536
144241	1	0.06890532
144255	971	0.052037906
144255	2725	0.051405683
144255	127	0.051292058
144255	611	0.051254727
144255	5781	0.051188182
144255	781	0.051120445
144255	715	0.051083647
144255	1709	0.051044993
144255	192	0.050969906
144255	169	0.050514914
144315	6493	0.058357064
144315	2691	0.058120362
144315	3583	0.058093235
144315	1691	0.057974663
144315	214	0.057828963
144315	6127	0.05752837
144315	4468	0.05739312
144315	933	0.05738031
144315	1576	0.057296805
144315	5693	0.057291668
144318	5675	0.04290123
144318	5340	0.04289842
144318	2820	0.04279529
144318	1447	0.042732097
144318	90	0.042684842
144318	5968	0.04268483
144318	3971	0.042672127
144318	2064	0.042650342
144318	4108	0.042616956
144318	2992	0.04258423
144455	5815	0.047259815
144455	20	0.047259793
144455	2867	0.047259785
144455	739	0.046914123
144455	708	0.046496514
144455	434	0.04649647
144455	1602	0.046421453
144455	1071	0.0461836
144455	487	0.046063624
144455	1711	0.045914367
144478	1269	0.05479936
144478	4549	0.054773122
144478	778	0.054764383
144478	777	0.05471346
144478	176	0.054713417
144478	3177	0.054592922
144478	1743	0.054592855
144478	3971	0.054436535
144478	5340	0.054416727
144478	1447	0.054202206
144516	5570	0.054266006
144516	1212	0.054266002
144516	5792	0.05425194
144516	1764	0.05401565
144516	3433	0.05393418
144516	1055	0.053796366
144516	1490	0.05370173
144516	664	0.053647384
144516	1389	0.053535
144516	2369	0.053244118
144531	2070	0.06030146
144531	6081	0.060221195
144531	6285	0.05958017
144531	5696	0.059367664
144531	1662	0.059367634
144531	6417	0.059367586
144531	619	0.05935543
144531	329	0.059355423
144531	94	0.05935037
144531	393	0.059293956
144555	4245	0.0772932
144555	4788	0.075780824
144555	5205	0.075603046
144555	692	0.07547943
144555	4607	0.074572995
144555	1193	0.07451127
144555	5633	0.07420828
144555	4496	0.074128136
144555	59	0.07412366
144555	2093	0.07400429
144619	451	0.054163814
144619	393	0.053808723
144619	3222	0.05373485
144619	144	0.053705186
144619	141	0.053704213
144619	5586	0.05364169
144619	997	0.05362959
144619	2870	0.05362957
144619	3182	0.05347336
144619	3074	0.053473353
144632	3011	0.042070396
144632	6631	0.04193759
144632	5586	0.04152077
144632	140	0.04150925
144632	1837	0.04129595
144632	6761	0.041290853
144632	892	0.04118912
144632	1309	0.04116311
144632	262	0.041052535
144632	3745	0.041039445
144667	6896	0.04786977
144667	3217	0.04778313
144667	82	0.047647774
144667	2542	0.04762034
144667	3766	0.04762032
144667	391	0.047431078
144667	5488	0.047369204
144667	3159	0.04735261
144667	5682	0.04732163
144667	6834	0.047262028
144707	2333	0.06165784
144707	159	0.06165778
144707	147	0.06158654
144707	4513	0.061586488
144707	6918	0.061510064
144707	1094	0.06143891
144707	1045	0.061438862
144707	1725	0.061438862
144707	3906	0.06143486
144707	541	0.061372004
144727	179	0.055361327
144727	3665	0.055361304
144727	5975	0.055361297
144727	2712	0.05535736
144727	764	0.055357296
144727	27	0.055357285
144727	4756	0.055311803
144727	1419	0.0553118
144727	1421	0.05531179
144727	3822	0.055311784
144828	589	0.058061928
144828	1709	0.057836577
144828	504	0.057811588
144828	507	0.057287965
144828	432	0.05704741
144828	971	0.05690041
144828	2543	0.056867182
144828	4245	0.05652692
144828	715	0.056472473
144828	5762	0.056406718
144899	2252	0.057833523
144899	1681	0.0578335
144899	1234	0.057833485
144899	1028	0.057833478
144899	3559	0.057833448
144899	2407	0.057709195
144899	1027	0.057709187
144899	1777	0.05770918
144899	1655	0.05770915
144899	2194	0.057709128
144910	5662	0.055174388
144910	1600	0.054783262
144910	1405	0.054686546
144910	816	0.05465559
144910	574	0.054548204
144910	2281	0.054536283
144910	883	0.05444107
144910	4438	0.054441065
144910	4876	0.054441005
144910	6709	0.05443778
144925	448	0.06973742
144925	581	0.06951253
144925	2387	0.06893428
144925	6111	0.068920776
144925	1436	0.06867546
144925	50	0.06866932
144925	1261	0.06843455
144925	1817	0.0684187
144925	133	0.06841864
144925	70	0.06835481
144953	4034	0.054938536
144953	1593	0.05493851
144953	4703	0.05493851
144953	4212	0.05487047
144953	541	0.05462759
144953	1458	0.054627564
144953	6544	0.05462756
144953	168	0.05462755
144953	5423	0.054604836
144953	4846	0.05440193
144997	3373	0.04245004
144997	789	0.042449996
144997	1973	0.042449985
144997	4878	0.042449974
144997	3631	0.042388663
144997	1753	0.042277656
144997	5574	0.042277656
144997	2068	0.042277638
144997	1515	0.042266924
144997	1491	0.04226692
145003	6506	0.05448639
145003	4373	0.054136027
145003	5853	0.05399993
145003	36	0.053868428
145003	6717	0.053647455
145003	2931	0.05364424
145003	677	0.053519182
145003	461	0.05347427
145003	3728	0.053339306
145003	4582	0.053300306
145109	835	0.047558386
145109	3000	0.047439385
145109	1274	0.047439344
145109	2245	0.047397424
145109	5235	0.04702595
145109	5756	0.046847746
145109	6571	0.04682567
145109	6531	0.046794217
145109	6195	0.046686724
145109	3094	0.04664538
145165	3256	0.06398535
145165	1430	0.06398302
145165	5568	0.063934915
145165	3508	0.06383611
145165	245	0.06383606
145165	3603	0.06383602
145165	6650	0.063716695
145165	4825	0.06370862
145165	4235	0.06354107
145165	1945	0.06351497
145218	4483	0.0605136
145218	3421	0.060513575
145218	5927	0.060513534
145218	4924	0.06051352
145218	6839	0.060513496
145218	5568	0.060358956
145218	3517	0.060254455
145218	2915	0.06025442
145218	5222	0.060254417
145218	3457	0.060254388
145369	1526	0.04923857
145369	84	0.049195107
145369	330	0.04919504
145369	892	0.04918664
145369	140	0.048981026
145369	2327	0.048892375
145369	6543	0.04888931
145369	5361	0.048882626
145369	3552	0.048882604
145369	2698	0.048875004
145449	569	0.040406562
145449	6825	0.04011388
145449	3919	0.03971563
145449	6013	0.039699532
145449	959	0.03961113
145449	6591	0.03939926
145449	1203	0.03930284
145449	960	0.039278015
145449	5043	0.03904833
145449	4883	0.03896862
145543	1616	0.05745989
145543	636	0.05743043
145543	3440	0.057430416
145543	2360	0.05743041
145543	664	0.05720494
145543	37	0.05691198
145543	938	0.05680868
145543	1033	0.05680868
145543	2625	0.056725338
145543	1023	0.056700915
145619	5254	0.0444077
145619	3681	0.044185232
145619	4030	0.044087283
145619	5586	0.043905415
145619	1586	0.043675445
145619	393	0.043596927
145619	1309	0.04353058
145619	141	0.04346057
145619	5352	0.043190755
145619	202	0.0431528
145641	2991	0.07387155
145641	1492	0.07341221
145641	2503	0.07333827
145641	2044	0.07312537
145641	1076	0.07301052
145641	1631	0.07253251
145641	1947	0.07199289
145641	3433	0.071955845
145641	1764	0.07170133
145641	1212	0.07138467
145644	786	0.034106202
145644	5872	0.034093913
145644	3002	0.03409388
145644	3677	0.03406632
145644	4735	0.033990316
145644	679	0.033982754
145644	60	0.0339446
145644	6537	0.0339446
145644	1171	0.033798017
145644	4960	0.03358403
145737	2625	0.05460293
145737	4553	0.05429492
145737	664	0.054218777
145737	2225	0.0542162
145737	1259	0.054187775
145737	3815	0.05418777
145737	1907	0.054187767
145737	6105	0.054187752
145737	1965	0.05418774
145737	2408	0.05418773
145861	2175	0.036916457
145861	939	0.03691639
145861	1977	0.03682705
145861	5794	0.03682703
145861	4737	0.03682701
145861	5533	0.036827
145861	6578	0.036826976
145861	1122	0.036742434
145861	1165	0.03674241
145861	6842	0.03674241
145887	1286	0.061668
145887	3342	0.0604996
145887	6291	0.060431585
145887	5570	0.06017649
145887	1212	0.06017648
145887	604	0.060156055
145887	37	0.060106583
145887	2024	0.06010163
145887	2684	0.06005938
145887	405	0.05999146
145959	5792	0.04996526
145959	3368	0.049475513
145959	3797	0.049401037
145959	3705	0.049347833
145959	951	0.049336355
145959	3062	0.04921311
145959	406	0.049203232
145959	1890	0.04911584
145959	2884	0.049075752
145959	1592	0.04907396
146057	2696	0.06094555
146057	3756	0.060945522
146057	3838	0.06094546
146057	801	0.060659412
146057	1838	0.06065941
146057	5553	0.06064292
146057	3549	0.06055164
146057	4167	0.060451943
146057	3748	0.060451895
146057	4309	0.060440853
146078	1423	0.056397196
146078	1440	0.056287315
146078	3031	0.05627859
146078	326	0.056223825
146078	6471	0.0561353
146078	3905	0.056122273
146078	296	0.0561222
146078	5670	0.05603659
146078	755	0.05603563
146078	3264	0.05598478
146083	1803	0.029656447
146083	2294	0.029549832
146083	1928	0.02953111
146083	92	0.029470082
146083	5144	0.02943714
146083	5276	0.029319793
146083	1735	0.029092671
146083	4385	0.029080745
146083	4623	0.028993301
146083	4040	0.02895959
146113	5020	0.05444082
146113	6721	0.05421241
146113	4014	0.05421238
146113	3745	0.053831268
146113	1692	0.05380709
146113	3296	0.05380703
146113	5015	0.053625938
146113	3645	0.053244762
146113	1846	0.05322058
146113	3543	0.053176843
146175	5205	0.07637939
146175	4245	0.0751187
146175	4442	0.07497254
146175	2744	0.07451668
146175	5618	0.074337795
146175	1789	0.07391375
146175	507	0.07382601
146175	5136	0.073521405
146175	1271	0.073271185
146175	95	0.07253979
146207	1099	0.049655985
146207	3692	0.04964076
146207	3218	0.049512357
146207	150	0.049512353
146207	1067	0.049512345
146207	687	0.049497146
146207	3472	0.049457237
146207	4807	0.049441352
146207	5885	0.04932874
146207	3549	0.049313556
146230	1594	0.038693473
146230	6865	0.038691454
146230	1068	0.038489006
146230	4432	0.03847117
146230	3213	0.038471144
146230	4882	0.038471118
146230	2950	0.038453862
146230	4332	0.038339287
146230	1329	0.038287096
146230	6548	0.038184546
146266	6620	0.057643555
146266	3398	0.057643533
146266	3053	0.05762936
146266	6130	0.057474367
146266	6574	0.057404608
146266	4967	0.05731795
146266	2331	0.057222217
146266	1426	0.057027407
146266	4583	0.057027377
146266	4183	0.057025608
146298	3344	0.03861956
146298	4569	0.037893116
146298	2814	0.037576076
146298	2429	0.037280962
146298	5639	0.037237037
146298	6058	0.03723637
146298	3196	0.037204128
146298	3878	0.03706722
146298	488	0.03692723
146298	2232	0.036884405
146345	5523	0.0440249
146345	6331	0.0433127
146345	5486	0.04314917
146345	2017	0.043149155
146345	2499	0.043149136
146345	508	0.0431147
146345	2151	0.043095708
146345	80	0.043052465
146345	6166	0.043039527
146345	4988	0.04303851
146348	6560	0.048374254
146348	909	0.04818878
146348	2230	0.04799737
146348	2380	0.047997326
146348	2234	0.047873005
146348	1040	0.047818374
146348	6561	0.04780551
146348	5397	0.047805507
146348	3128	0.047735717
146348	4661	0.047681067
146386	4118	0.04921424
146386	441	0.049214236
146386	3030	0.049214218
146386	4082	0.049214218
146386	290	0.049214214
146386	3861	0.049214143
146386	3154	0.04919736
146386	3216	0.049197294
146386	4612	0.04919728
146386	2486	0.049075916
146421	408	0.06911318
146421	6244	0.06904696
146421	4036	0.06904691
146421	3763	0.06904687
146421	2643	0.069034025
146421	3907	0.06903399
146421	3895	0.069033965
146421	1987	0.06903393
146421	4184	0.068972774
146421	2511	0.06897276
146530	645	0.07924593
146530	3909	0.07924591
146530	692	0.07867311
146530	1592	0.07825814
146530	999	0.07796423
146530	5184	0.077612035
146530	5771	0.07753964
146530	2467	0.07753661
146530	406	0.077095576
146530	243	0.07704659
146564	422	0.06259264
146564	6701	0.062592596
146564	5047	0.06252733
146564	6205	0.062436763
146564	1905	0.062436752
146564	5597	0.06243675
146564	6319	0.062436715
146564	4241	0.062436707
146564	6030	0.06241788
146564	5046	0.06237138
146573	286	0.05764983
146573	2119	0.05724076
146573	1698	0.056877434
146573	6703	0.056776356
146573	1750	0.05669676
146573	5791	0.05648429
146573	1510	0.056108583
146573	4180	0.056108538
146573	4044	0.05596733
146573	6687	0.05573214
146641	4341	0.034362257
146641	3228	0.03432247
146641	5678	0.034322448
146641	701	0.03432244
146641	4748	0.03432243
146641	2739	0.034322426
146641	6723	0.034182146
146641	6556	0.03413928
146641	6015	0.034130536
146641	5707	0.034090854
146699	739	0.066841245
146699	5815	0.06681873
146699	20	0.06681869
146699	2867	0.06681869
146699	487	0.066402614
146699	175	0.06573449
146699	1602	0.06564133
146699	3133	0.065497845
146699	474	0.06533555
146699	1264	0.06496514
146778	1490	0.06489209
146778	590	0.064690515
146778	61	0.06424332
146778	410	0.063827485
146778	3943	0.06354727
146778	978	0.06349341
146778	2369	0.06337496
146778	2912	0.06324203
146778	1902	0.063191615
146778	614	0.06310536
146803	170	0.05899351
146803	3960	0.058927655
146803	202	0.058911636
146803	4030	0.05855278
146803	1572	0.058454838
146803	6081	0.058312684
146803	94	0.05817453
146803	5760	0.05803965
146803	910	0.058026858
146803	1586	0.057724446
146855	406	0.059765194
146855	1764	0.0597139
146855	614	0.05964323
146855	1389	0.059587948
146855	243	0.059235595
146855	420	0.059072934
146855	157	0.058898486
146855	645	0.05883923
146855	3909	0.058839194
146855	1055	0.058761172
146874	188	0.03260674
146874	2552	0.032230772
146874	5250	0.032205597
146874	459	0.032188438
146874	3855	0.032021217
146874	3877	0.03200197
146874	1929	0.031931564
146874	4874	0.031931546
146874	2362	0.031881116
146874	335	0.031862885
146932	2015	0.04817347
146932	246	0.04776726
146932	199	0.047691084
146932	690	0.047691077
146932	3536	0.04758697
146932	5559	0.047450967
146932	502	0.04730483
146932	1154	0.04729151
146932	2917	0.047120772
146932	3090	0.04703413
147045	581	0.057042167
147045	3943	0.057008673
147045	1212	0.056618966
147045	5570	0.056618966
147045	407	0.056531884
147045	2991	0.05650055
147045	1076	0.055947915
147045	157	0.055779
147045	448	0.05571605
147045	500	0.05565265
147141	2317	0.059985857
147141	5662	0.0598637
147141	1260	0.059777778
147141	5601	0.059777737
147141	537	0.059606224
147141	3104	0.05958333
147141	183	0.059461147
147141	340	0.05918896
147141	3581	0.059113756
147141	1600	0.05909478
147224	1020	0.053235274
147224	1627	0.05315833
147224	1731	0.052976243
147224	3328	0.052760176
147224	405	0.052657276
147224	446	0.052633323
147224	1412	0.052632716
147224	240	0.052604035
147224	2302	0.052591123
147224	3438	0.052548
147307	6087	0.04393699
147307	4905	0.043496735
147307	3011	0.043228753
147307	332	0.0431361
147307	315	0.043002635
147307	2659	0.042956427
147307	2327	0.04293921
147307	1387	0.04293918
147307	4971	0.04290411
147307	6206	0.042897165
147385	6111	0.054841638
147385	407	0.054834716
147385	85	0.054669
147385	448	0.054579213
147385	693	0.054550953
147385	1817	0.054545395
147385	133	0.054545365
147385	2469	0.054542165
147385	70	0.05441853
147385	5404	0.05441851
147420	5399	0.042057544
147420	3380	0.0420053
147420	1751	0.04199753
147420	4292	0.0419594
147420	1892	0.041955113
147420	4545	0.04193357
147420	2195	0.041862592
147420	6594	0.04186254
147420	57	0.041489452
147420	4286	0.041447237
147451	1203	0.052237954
147451	6160	0.051938906
147451	2293	0.051847927
147451	6815	0.05172073
147451	3075	0.051679052
147451	433	0.051572207
147451	4700	0.051567256
147451	6434	0.05156724
147451	5604	0.051466025
147451	278	0.05137504
147528	1027	0.042134587
147528	2407	0.042134583
147528	1777	0.04213457
147528	1655	0.042134553
147528	2194	0.042134546
147528	1559	0.042134516
147528	1259	0.042088173
147528	3815	0.042088173
147528	1907	0.04208816
147528	6105	0.04208816
147678	6826	0.062209256
147678	6402	0.062209237
147678	6561	0.06218974
147678	5397	0.06218971
147678	4661	0.062140208
147678	5558	0.06189179
147678	1535	0.06189176
147678	5562	0.06189176
147678	6311	0.061842315
147678	580	0.061842233
147686	6092	0.05099862
147686	2367	0.050695095
147686	5797	0.050442703
147686	3960	0.05043579
147686	6315	0.050024204
147686	959	0.049980298
147686	5760	0.04980428
147686	6482	0.049471993
147686	3330	0.04939623
147686	343	0.04914325
147752	5575	0.05506786
147752	6855	0.05506786
147752	1287	0.054990992
147752	3208	0.054139704
147752	5407	0.05413308
147752	1083	0.054118156
147752	561	0.053837016
147752	5154	0.053563807
147752	5297	0.053502172
147752	5382	0.053084735
147803	3104	0.05777509
147803	338	0.05766245
147803	341	0.057662435
147803	1260	0.057662416
147803	5601	0.057662383
147803	1781	0.057579763
147803	3581	0.057553157
147803	3796	0.057350345
147803	2179	0.05702428
147803	2317	0.056897957
147839	1564	0.050477345
147839	1579	0.05000238
147839	6151	0.04983315
147839	1100	0.049804516
147839	4146	0.04947035
147839	332	0.049450606
147839	4971	0.04923664
147839	2348	0.048766233
147839	3480	0.048740305
147839	4811	0.04868213
147851	3749	0.046854507
147851	5350	0.046758417
147851	5279	0.046686687
147851	3435	0.04668177
147851	839	0.04666117
147851	6083	0.046539333
147851	6012	0.046413563
147851	5349	0.04635781
147851	1588	0.046264455
147851	6559	0.046239924
147900	626	0.032100745
147900	968	0.032084078
147900	5795	0.0318287
147900	2745	0.03175558
147900	2671	0.031651504
147900	2690	0.031608075
147900	599	0.031600967
147900	3458	0.03158479
147900	5454	0.031379323
147900	1529	0.031352893
147947	1851	0.057591252
147947	3616	0.0567308
147947	727	0.05670217
147947	1813	0.05669842
147947	2337	0.056545682
147947	4161	0.056383647
147947	2070	0.056354444
147947	3194	0.056254756
147947	451	0.056192752
147947	3885	0.056168735
147965	1268	0.05600731
147965	611	0.055297624
147965	5815	0.055255104
147965	2867	0.055255063
147965	1527	0.05514631
147965	459	0.055144157
147965	158	0.055015095
147965	1261	0.054907598
147965	739	0.054497078
147965	1626	0.05429237
148028	708	0.057627298
148028	434	0.05762724
148028	5815	0.05757719
148028	20	0.057577148
148028	2867	0.057577148
148028	739	0.05705873
148028	487	0.05614262
148028	1640	0.05611167
148028	2398	0.05611164
148028	1602	0.055713423
148030	459	0.06606944
148030	1602	0.06594169
148030	1261	0.06581061
148030	2362	0.065517955
148030	1436	0.065390766
148030	20	0.06526993
148030	5815	0.06526993
148030	2867	0.06526989
148030	3855	0.06507231
148030	739	0.06482424
148121	636	0.049064368
148121	2920	0.049064368
148121	2360	0.04906436
148121	3440	0.049064353
148121	5833	0.048987195
148121	415	0.04885985
148121	1772	0.04861608
148121	1023	0.048616074
148121	2231	0.048616044
148121	1033	0.04860114
148124	1020	0.03355749
148124	1627	0.03332574
148124	2918	0.033292625
148124	3328	0.03328851
148124	930	0.033271685
148124	465	0.033271655
148124	3142	0.033271655
148124	1219	0.03326194
148124	240	0.033242866
148124	435	0.033242326
148142	2974	0.05172964
148142	1427	0.051729567
148142	1110	0.05172955
148142	1153	0.051458925
148142	5439	0.051236987
148142	2370	0.051171996
148142	5849	0.05079107
148142	5628	0.050791033
148142	3969	0.05079099
148142	2405	0.05029838
148157	240	0.04572688
148157	1320	0.045369204
148157	457	0.045204084
148157	1219	0.04512913
148157	744	0.04506337
148157	6736	0.045063302
148157	3328	0.044963174
148157	3769	0.044778332
148157	5567	0.044746265
148157	2918	0.044725157
148191	3071	0.047259506
148191	4543	0.04697808
148191	3297	0.04677365
148191	3690	0.04672029
148191	345	0.046673704
148191	311	0.046634234
148191	1052	0.04662331
148191	2010	0.046506383
148191	1652	0.046483863
148191	5423	0.04647599
148199	1783	0.049464777
148199	730	0.04892678
148199	6061	0.048348635
148199	388	0.048062652
148199	2821	0.047859713
148199	356	0.047833964
148199	6259	0.047692597
148199	3209	0.04767778
148199	72	0.047677748
148199	4668	0.047672767
148239	1602	0.05215659
148239	739	0.05207304
148239	5815	0.051691987
148239	20	0.051691975
148239	2867	0.051691968
148239	3133	0.05072411
148239	102	0.05067598
148239	188	0.050555777
148239	459	0.050445415
148239	487	0.05027301
148258	4841	0.05363613
148258	3579	0.05338004
148258	4588	0.053342663
148258	2237	0.053234003
148258	4222	0.052634478
148258	3395	0.05249794
148258	3540	0.05212736
148258	4243	0.052121494
148258	3528	0.05209262
148258	5777	0.05208408
148263	1389	0.0733275
148263	420	0.072229564
148263	406	0.072182015
148263	614	0.07182722
148263	1490	0.07100959
148263	243	0.07058348
148263	1253	0.07046609
148263	1193	0.06971066
148263	2432	0.06957194
148263	1550	0.06932272
148314	243	0.058163907
148314	5140	0.057963494
148314	1764	0.057951044
148314	879	0.057605762
148314	1631	0.05759996
148314	4458	0.05679664
148314	1773	0.056172937
148314	1185	0.056115065
148314	3433	0.056078076
148314	614	0.05573324
148344	1839	0.04176568
148344	2026	0.0417257
148344	5039	0.041616865
148344	1739	0.041616835
148344	1855	0.041576907
148344	2347	0.0415769
148344	147	0.041563727
148344	4513	0.04156369
148344	2077	0.04144635
148344	442	0.041446343
148586	32	0.040265195
148586	4045	0.04017728
148586	5554	0.040121295
148586	1840	0.040118575
148586	3571	0.040118545
148586	4149	0.040116355
148586	4655	0.040109817
148586	126	0.040095806
148586	3334	0.0400853
148586	3866	0.040061437
148590	1870	0.04505917
148590	3330	0.04495515
148590	5945	0.04486762
148590	1664	0.044848002
148590	1766	0.04466206
148590	6489	0.044611305
148590	3219	0.044604406
148590	3364	0.04453197
148590	1873	0.044303857
148590	254	0.044284016
148632	4483	0.045025516
148632	3421	0.045025505
148632	5927	0.045025483
148632	4924	0.045025475
148632	6839	0.045025446
148632	3517	0.04471312
148632	2915	0.044713095
148632	5222	0.04471309
148632	3457	0.044713065
148632	3311	0.044565823
148662	3126	0.064413905
148662	232	0.06424583
148662	6843	0.06406894
148662	2673	0.0640282
148662	706	0.063975506
148662	880	0.0639755
148662	685	0.06395656
148662	1760	0.06386004
148662	1183	0.06379237
148662	496	0.06377059
148712	4202	0.04212869
148712	5075	0.041982137
148712	5488	0.04172538
148712	59	0.04159755
148712	6896	0.04159614
148712	6140	0.041565888
148712	1836	0.041465208
148712	380	0.041376762
148712	6337	0.04135427
148712	2336	0.04132779
148744	127	0.06857993
148744	1626	0.068132296
148744	611	0.06806778
148744	1261	0.06770635
148744	459	0.06756264
148744	2362	0.0667006
148744	202	0.06666299
148744	5352	0.066561446
148744	2883	0.06637214
148744	1444	0.06623052
148798	4247	0.06034168
148798	4710	0.060290195
148798	6111	0.05986307
148798	882	0.05976151
148798	4782	0.059761498
148798	68	0.059502393
148798	693	0.059451085
148798	710	0.05940689
148798	1817	0.05936555
148798	133	0.059365533
148804	1179	0.060159083
148804	1076	0.05999054
148804	2991	0.059807483
148804	2503	0.05966458
148804	2044	0.059534177
148804	1631	0.05936741
148804	449	0.0591076
148804	649	0.05909073
148804	1492	0.05905093
148804	3443	0.059013177
148863	953	0.05124899
148863	947	0.05124898
148863	1830	0.051155366
148863	6456	0.05115536
148863	2702	0.051151887
148863	4617	0.050608657
148863	6492	0.050605215
148863	1554	0.05049865
148863	1191	0.05049861
148863	1135	0.050496295
148898	5023	0.055824354
148898	1579	0.055231642
148898	1564	0.055183105
148898	4870	0.055081353
148898	214	0.055045757
148898	1100	0.054783784
148898	792	0.05464982
148898	2235	0.054557744
148898	2056	0.054548785
148898	2229	0.054433286
148929	902	0.04979154
148929	2404	0.04952737
148929	2392	0.049153507
148929	182	0.049080424
148929	6492	0.049068354
148929	5868	0.04898094
148929	1943	0.04883629
148929	953	0.048806623
148929	947	0.048806615
148929	4617	0.04869452
148934	1389	0.0842562
148934	420	0.083852425
148934	406	0.083334655
148934	1193	0.08251789
148934	614	0.0821259
148934	4245	0.081785396
148934	2432	0.08115181
148934	2093	0.08094607
148934	2620	0.080733076
148934	5205	0.08056228
148962	4947	0.04776021
148962	4963	0.04718022
148962	4518	0.04718019
148962	2762	0.04690689
148962	1042	0.04680083
148962	5228	0.046779834
148962	5208	0.04677185
148962	2769	0.04672671
148962	5344	0.046726704
148962	5732	0.046720896
148966	6497	0.03312904
148966	6296	0.032992434
148966	3747	0.03285913
148966	6271	0.032803312
148966	3275	0.032769278
148966	1613	0.032717276
148966	2305	0.032642405
148966	2614	0.03261667
148966	2607	0.032579727
148966	6131	0.03256375
149069	4560	0.054635607
149069	526	0.054360352
149069	5288	0.054005716
149069	3385	0.05392403
149069	1961	0.053918086
149069	794	0.05334433
149069	973	0.053205967
149069	456	0.053140976
149069	2267	0.05311456
149069	3812	0.053032916
149071	152	0.059585243
149071	937	0.059585243
149071	1690	0.059317946
149071	279	0.059242465
149071	414	0.059198715
149071	332	0.05906159
149071	1691	0.058853798
149071	2362	0.058793448
149071	649	0.05876718
149071	1444	0.058744892
149084	1436	0.070841685
149084	1261	0.07063238
149084	448	0.07005614
149084	1713	0.07003677
149084	2387	0.06994611
149084	581	0.06938134
149084	459	0.06932576
149084	2883	0.06925471
149084	2362	0.06914427
149084	6111	0.06889562
149120	393	0.0555934
149120	2070	0.055226054
149120	144	0.05506353
149120	3182	0.055016324
149120	3074	0.05501631
149120	6081	0.054793134
149120	67	0.054633703
149120	1636	0.05460739
149120	3222	0.054509964
149120	5696	0.054438893
149140	2275	0.04669883
149140	2335	0.04657627
149140	5320	0.046546515
149140	802	0.046443954
149140	4464	0.04644394
149140	3936	0.04644393
149140	2277	0.046397157
149140	2848	0.04639307
149140	3864	0.04630088
149140	5289	0.046300847
149204	1809	0.054672614
149204	3655	0.054595366
149204	1152	0.054595344
149204	6266	0.05444116
149204	6524	0.054363906
149204	3574	0.054363873
149204	3800	0.054363854
149204	6320	0.054343797
149204	1417	0.054113925
149204	201	0.054113887
149231	486	0.07570796
149231	3520	0.075570144
149231	5936	0.07555865
149231	552	0.07555863
149231	68	0.07551307
149231	2469	0.07545374
149231	693	0.07540822
149231	1947	0.07518445
149231	1205	0.07518144
149231	210	0.075181395
149259	800	0.04586
149259	176	0.045691542
149259	4165	0.0454804
149259	2516	0.045475356
149259	3049	0.04542995
149259	6190	0.04542987
149259	4549	0.045419242
149259	6211	0.045385383
149259	1527	0.045350444
149259	4729	0.045209043
149483	2826	0.044306017
149483	1011	0.04408818
149483	3196	0.04388407
149483	5686	0.04387721
149483	6803	0.04381589
149483	2868	0.043815836
149483	779	0.043693196
149483	5407	0.04313144
149483	870	0.042849056
149483	2065	0.042745937
149661	5114	0.05717996
149661	925	0.05688631
149661	2480	0.056837797
149661	1033	0.056813687
149661	938	0.056813665
149661	2951	0.056796383
149661	2024	0.056719676
149661	1627	0.0566499
149661	4005	0.056566305
149661	2407	0.05646563
149690	708	0.06274417
149690	434	0.06274412
149690	3064	0.062206477
149690	341	0.060798176
149690	338	0.060798142
149690	1260	0.060798135
149690	5601	0.0607981
149690	504	0.060315423
149690	2317	0.060260504
149690	5815	0.06008488
149843	488	0.03810204
149843	2859	0.03789273
149843	1263	0.03775898
149843	1642	0.03775317
149843	1413	0.037720673
149843	1350	0.037716538
149843	5573	0.037647136
149843	3464	0.03763026
149843	1573	0.037614867
149843	3282	0.03759989
149907	193	0.047280416
149907	1890	0.047164284
149907	3368	0.04705744
149907	2884	0.046998
149907	951	0.046977088
149907	1818	0.046644993
149907	5576	0.046644986
149907	3539	0.04664497
149907	6037	0.046576686
149907	6794	0.04653895
149934	1426	0.05682837
149934	4583	0.05682833
149934	5835	0.056543607
149934	6574	0.0560276
149934	2331	0.055992324
149934	4346	0.055906393
149934	120	0.055649396
149934	3053	0.05547633
149934	4793	0.055408206
149934	2371	0.055319622
150000	3855	0.057281666
150000	2362	0.05717215
150000	1929	0.05716549
150000	4874	0.057165466
150000	188	0.056910813
150000	2552	0.056824483
150000	459	0.056671664
150000	335	0.056578584
150000	152	0.056318972
150000	937	0.05631897
150124	206	0.05124656
150124	4028	0.05118108
150124	5572	0.05118108
150124	3651	0.051181056
150124	5417	0.05098673
150124	4136	0.050861873
150124	2364	0.05067005
150124	4055	0.050549842
150124	2051	0.05043434
150124	1908	0.05021168
150327	1722	0.032940038
150327	6840	0.032940034
150327	3689	0.03288945
150327	6791	0.03288944
150327	5078	0.03288208
150327	3326	0.03288166
150327	3881	0.032881655
150327	5102	0.032881647
150327	297	0.032837287
150327	5031	0.032837257
150498	2333	0.048674166
150498	159	0.048674136
150498	147	0.04848669
150498	4513	0.04848665
150498	3906	0.048461325
150498	78	0.04823588
150498	3194	0.048151843
150498	5765	0.04813189
150498	541	0.048067987
150498	1458	0.048067972
150554	865	0.05143728
150554	923	0.05143726
150554	3868	0.05130718
150554	1278	0.051240146
150554	3606	0.050867826
150554	276	0.050867822
150554	3521	0.05072385
150554	6570	0.050656274
150554	924	0.0506492
150554	5621	0.050605435
150561	5371	0.06119146
150561	3784	0.06119141
150561	6039	0.061106022
150561	1379	0.061006606
150561	3076	0.06094781
150561	4393	0.06084836
150561	5626	0.060767792
150561	3965	0.060644314
150561	2121	0.06063029
150561	5657	0.060611937
150587	3365	0.047155105
150587	2372	0.047155082
150587	3477	0.047155082
150587	6447	0.047155082
150587	1324	0.047155064
150587	5645	0.047155064
150587	4509	0.04715506
150587	2679	0.047155052
150587	6371	0.047155052
150587	928	0.047155038
150657	739	0.06465086
150657	1602	0.06402914
150657	1711	0.063746795
150657	5815	0.063595474
150657	2867	0.06359545
150657	3133	0.06296264
150657	1071	0.06276564
150657	487	0.062623255
150657	2634	0.062279318
150657	373	0.061819237
150661	169	0.06094127
150661	170	0.060717277
150661	1961	0.06039875
150661	4332	0.06030942
150661	202	0.060115404
150661	715	0.060103945
150661	1251	0.059805423
150661	526	0.059667587
150661	67	0.059649456
150661	1594	0.059634283
150663	1671	0.054423444
150663	5566	0.054416478
150663	1932	0.054156285
150663	3655	0.053824887
150663	5831	0.053824883
150663	1152	0.053824864
150663	3427	0.053589545
150663	5593	0.05356472
150663	199	0.053255785
150663	690	0.053255774
150762	5851	0.0575539
150762	6467	0.05740854
150762	3778	0.057067033
150762	5789	0.05696138
150762	3168	0.056663603
150762	4648	0.05661551
150762	5615	0.056607626
150762	5850	0.0563537
150762	2933	0.056236044
150762	2766	0.056216583
150767	1956	0.034137238
150767	5591	0.03406208
150767	3525	0.034062073
150767	4433	0.03396099
150767	412	0.033811487
150767	5504	0.03373081
150767	685	0.033708006
150767	5448	0.033702455
150767	4134	0.033684373
150767	5270	0.0336838
150890	4825	0.05916174
150890	3508	0.05896985
150890	245	0.058969833
150890	3603	0.058969777
150890	6099	0.058940582
150890	3421	0.058893815
150890	4483	0.058893815
150890	5927	0.058893774
150890	4924	0.058893755
150890	6839	0.05889373
150894	1650	0.038388453
150894	416	0.038234964
150894	1689	0.03823491
150894	5504	0.037953533
150894	4980	0.037856147
150894	1498	0.037845574
150894	1542	0.037783988
150894	2142	0.03770984
150894	5591	0.03770448
150894	3525	0.03770446
150896	4570	0.06824975
150896	1596	0.068063214
150896	4052	0.06742762
150896	2215	0.06730275
150896	877	0.06709564
150896	3315	0.06681386
150896	572	0.066758215
150896	1446	0.06663813
150896	1073	0.06651753
150896	3586	0.066472575
150932	2658	0.055217594
150932	2083	0.05499226
150932	5888	0.054992244
150932	5317	0.054791898
150932	5714	0.054791875
150932	4429	0.05461605
150932	2618	0.054611363
150932	4926	0.05455729
150932	4076	0.054557286
150932	4150	0.054557286
150966	268	0.048866853
150966	6213	0.048844643
150966	4443	0.04878136
150966	3456	0.048781358
150966	5406	0.048734415
150966	5042	0.048734397
150966	5304	0.048671074
150966	99	0.048517775
150966	5691	0.048467815
150966	5321	0.048419915
150968	2788	0.0638641
150968	5022	0.06363025
150968	1686	0.06319489
150968	1660	0.062234983
150968	1214	0.062118113
150968	6151	0.06182965
150968	4811	0.061742652
150968	833	0.061738275
150968	4157	0.061638087
150968	2348	0.0616134
150979	350	0.052368365
150979	4560	0.05174169
150979	2513	0.05156669
150979	456	0.05145922
150979	2178	0.051420946
150979	365	0.05128902
150979	40	0.050842978
150979	7	0.050609656
150979	5867	0.050426975
150979	5288	0.05037506
151002	6142	0.05725476
151002	1652	0.057229005
151002	6553	0.05707766
151002	248	0.05707761
151002	1093	0.057077594
151002	419	0.056787707
151002	659	0.05677909
151002	2550	0.056662798
151002	5079	0.056662798
151002	3529	0.05663766
151043	1499	0.052747503
151043	1491	0.052621618
151043	1515	0.052621618
151043	52	0.052563027
151043	3442	0.05256301
151043	3506	0.052493013
151043	4197	0.052492972
151043	3090	0.052456714
151043	207	0.052437134
151043	650	0.052386608
151098	1286	0.035419963
151098	3342	0.035195522
151098	1289	0.035178132
151098	5149	0.035170943
151098	2555	0.035108663
151098	213	0.035108626
151098	2315	0.035058495
151098	5702	0.035020486
151098	2684	0.034956984
151098	1205	0.034946643
151101	1636	0.048397884
151101	1064	0.04838677
151101	3286	0.048386734
151101	3093	0.048280522
151101	619	0.04806299
151101	329	0.048062976
151101	2070	0.048005007
151101	59	0.04795678
151101	4212	0.04790942
151101	5696	0.04788345
151104	2574	0.06991771
151104	2467	0.069834396
151104	268	0.06922792
151104	1432	0.069048114
151104	2662	0.06900802
151104	5184	0.06900415
151104	1670	0.068954915
151104	6275	0.068921186
151104	5771	0.06869756
151104	2963	0.06847128
151107	4625	0.054291833
151107	1192	0.054197222
151107	1523	0.054024108
151107	319	0.054024097
151107	2189	0.054024097
151107	6540	0.054014273
151107	6299	0.05401422
151107	833	0.053967383
151107	3998	0.053840995
151107	287	0.053840943
151122	6075	0.046964332
151122	2193	0.046929553
151122	2995	0.04692954
151122	1181	0.046712622
151122	1196	0.046668258
151122	2413	0.04662669
151122	575	0.046342198
151122	4606	0.046263877
151122	1942	0.04616783
151122	5702	0.04603807
151139	4684	0.060636498
151139	5627	0.0603099
151139	5023	0.059920087
151139	1085	0.05969293
151139	2056	0.059647124
151139	5316	0.059611388
151139	3879	0.059611373
151139	208	0.059610065
151139	316	0.05930074
151139	4305	0.059204884
151143	4674	0.042598307
151143	1710	0.04241073
151143	1318	0.042295694
151143	2972	0.042295676
151143	736	0.042188954
151143	2653	0.042167317
151143	6835	0.042060643
151143	802	0.042051967
151143	4464	0.042051956
151143	3936	0.042051937
151262	4708	0.053891283
151262	860	0.053524848
151262	632	0.05350179
151262	477	0.05333805
151262	3594	0.05331018
151262	1983	0.05277966
151262	1641	0.052593302
151262	5829	0.052434027
151262	941	0.052378863
151262	4589	0.05233976
151263	1817	0.05405539
151263	133	0.054055363
151263	1781	0.05405029
151263	3581	0.053971365
151263	3104	0.05357647
151263	500	0.053491667
151263	341	0.053480178
151263	1260	0.053480152
151263	5601	0.053480115
151263	85	0.05347441
151370	1600	0.045403965
151370	2317	0.04537806
151370	537	0.045303553
151370	1070	0.04524526
151370	340	0.04515646
151370	183	0.045149826
151370	339	0.04507525
151370	2281	0.0450582
151370	5662	0.044999905
151370	1405	0.044980712
151479	5929	0.04298231
151479	6303	0.042982265
151479	1340	0.042970113
151479	4803	0.042907957
151479	6885	0.04289577
151479	5446	0.04273036
151479	4399	0.042671215
151479	5847	0.04267121
151479	6304	0.04265604
151479	5659	0.04265603
151483	2276	0.03860887
151483	6233	0.038487982
151483	5253	0.038477417
151483	5215	0.038429208
151483	5745	0.03842918
151483	1441	0.038418688
151483	4155	0.038418673
151483	3862	0.038418666
151483	5848	0.038418666
151483	2790	0.03841866
151503	480	0.055945434
151503	4471	0.05589124
151503	471	0.055656873
151503	983	0.054830298
151503	988	0.05433
151503	3169	0.054248765
151503	622	0.054243002
151503	3197	0.054068934
151503	1463	0.053960152
151503	4336	0.053795807
151537	320	0.055114016
151537	3659	0.054757103
151537	5361	0.05450683
151537	3552	0.054506797
151537	3156	0.054323547
151537	4132	0.054218818
151537	140	0.053788126
151537	1690	0.053663753
151537	1229	0.053604797
151537	892	0.053459723
151589	5401	0.03994882
151589	3799	0.03976789
151589	51	0.03949933
151589	2494	0.03915815
151589	862	0.03876324
151589	6169	0.03851037
151589	3769	0.038439915
151589	978	0.038404543
151589	2178	0.038316347
151589	3104	0.038295664
151608	6160	0.053928338
151608	5604	0.053777985
151608	1203	0.053667594
151608	2293	0.053504195
151608	278	0.053353854
151608	5166	0.05335384
151608	2208	0.05335383
151608	1737	0.053353824
151608	4230	0.053353813
151608	3954	0.05335378
151643	1510	0.057083957
151643	4180	0.057083923
151643	530	0.057030432
151643	485	0.056603394
151643	5990	0.056603394
151643	3836	0.056458246
151643	2533	0.056447357
151643	1750	0.056403045
151643	5791	0.056382358
151643	4044	0.056360397
151653	881	0.053826343
151653	4276	0.05382631
151653	5556	0.053826284
151653	6468	0.053826284
151653	4159	0.053826276
151653	4093	0.053826272
151653	5776	0.053826258
151653	5887	0.053789455
151653	3013	0.05378943
151653	2021	0.053789414
151738	2823	0.09432037
151738	879	0.093566634
151738	1630	0.09341392
151738	243	0.09301916
151738	581	0.092690855
151738	3943	0.09222855
151738	504	0.09192186
151738	1076	0.09178825
151738	2991	0.091539316
151738	606	0.091360375
151780	6250	0.04866969
151780	2732	0.04855007
151780	1328	0.048434965
151780	1094	0.048214763
151780	1045	0.048214734
151780	1725	0.04821473
151780	3359	0.048193
151780	6	0.04819157
151780	892	0.048187755
151780	147	0.048095003
151790	387	0.025968492
151790	2101	0.025967026
151790	818	0.025950974
151790	3683	0.025900297
151790	4434	0.02580633
151790	5624	0.025787018
151790	6694	0.025786359
151790	4899	0.025732603
151790	6507	0.025698638
151790	6070	0.025687799
151800	875	0.03370308
151800	4283	0.033544198
151800	112	0.03341691
151800	3282	0.033221126
151800	4836	0.033173375
151800	6913	0.033141695
151800	2060	0.033125415
151800	463	0.03306804
151800	2514	0.03296217
151800	2055	0.032960147
151824	188	0.057739135
151824	2552	0.057245575
151824	347	0.057170495
151824	5250	0.056956843
151824	335	0.056898262
151824	1929	0.05676295
151824	4874	0.056762904
151824	2316	0.05676175
151824	459	0.05655746
151824	937	0.056553174
151846	1783	0.037783056
151846	6061	0.03763959
151846	1105	0.037033595
151846	4668	0.037011065
151846	2050	0.036998607
151846	715	0.03697528
151846	6133	0.036938094
151846	1632	0.036938038
151846	2821	0.036828443
151846	3209	0.036821503
151991	678	0.04294078
151991	6714	0.042900518
151991	4033	0.04290051
151991	5143	0.04290051
151991	4289	0.0429005
151991	1016	0.04290046
151991	3514	0.04279329
151991	357	0.042793266
151991	3378	0.042758554
151991	3925	0.042730458
152016	2823	0.07103218
152016	1630	0.06868676
152016	504	0.06816682
152016	3064	0.06758256
152016	2156	0.06692919
152016	352	0.066880085
152016	6674	0.06668865
152016	689	0.06668398
152016	1253	0.06605384
152016	573	0.06593427
152036	1555	0.054288432
152036	2049	0.05395729
152036	4980	0.05377023
152036	1542	0.05358863
152036	1782	0.053146336
152036	5620	0.053111248
152036	310	0.05287066
152036	2699	0.0528682
152036	6087	0.05276514
152036	5315	0.05265616
152082	645	0.074644946
152082	3909	0.074644916
152082	1592	0.07446359
152082	5184	0.07390391
152082	5771	0.07375342
152082	1193	0.07357831
152082	406	0.07342673
152082	3062	0.07340917
152082	5792	0.07290368
152082	2467	0.07279119
152099	1356	0.050915837
152099	2585	0.050498985
152099	5905	0.050490778
152099	4764	0.050351664
152099	2385	0.05022593
152099	3926	0.050164305
152099	3560	0.05012533
152099	3375	0.050044034
152099	4707	0.050002143
152099	3314	0.04997296
152136	913	0.034909587
152136	1528	0.034849808
152136	184	0.034849793
152136	4501	0.034849793
152136	3365	0.034770716
152136	2372	0.0347707
152136	6447	0.034770694
152136	3477	0.03477069
152136	4509	0.034770682
152136	1324	0.03477068
152186	1961	0.03965037
152186	526	0.039589502
152186	1068	0.0394213
152186	2950	0.039306976
152186	4307	0.038904205
152186	1594	0.038741104
152186	1251	0.03866737
152186	715	0.03845656
152186	4560	0.038352758
152186	5288	0.038331427
152309	604	0.05820348
152309	977	0.058178145
152309	6444	0.058178104
152309	2684	0.058002762
152309	3107	0.05797019
152309	2024	0.057943616
152309	2555	0.057722688
152309	213	0.057722628
152309	1746	0.057663076
152309	1205	0.057662122
152345	2897	0.044679098
152345	4881	0.044530585
152345	6686	0.04451867
152345	4321	0.044359628
152345	6375	0.04427965
152345	3332	0.04419741
152345	2524	0.04411921
152345	3757	0.043760985
152345	2488	0.04367069
152345	2261	0.043510213
152354	1564	0.055397034
152354	332	0.055308595
152354	4971	0.054734748
152354	5620	0.054376367
152354	1579	0.0537967
152354	1100	0.05375351
152354	4146	0.053493205
152354	6151	0.053104803
152354	4907	0.052722283
152354	1744	0.052722257
152409	5489	0.043990817
152409	6815	0.043571386
152409	3244	0.04354816
152409	696	0.04341627
152409	741	0.043305203
152409	1367	0.043305174
152409	744	0.043282077
152409	6736	0.04328202
152409	1089	0.04326201
152409	6826	0.043219797
152428	1582	0.048162863
152428	2011	0.04799902
152428	887	0.047896385
152428	5126	0.047655072
152428	3521	0.047512624
152428	867	0.04745236
152428	6448	0.047413774
152428	1013	0.047413737
152428	4646	0.04741003
152428	1290	0.04739488
152435	278	0.049874242
152435	2208	0.04987423
152435	5166	0.04987423
152435	1737	0.049874224
152435	4230	0.049874216
152435	3954	0.04987418
152435	2293	0.049705297
152435	5604	0.049588364
152435	3075	0.04943076
152435	356	0.049425155
152468	4471	0.055984955
152468	983	0.055226617
152468	4336	0.055030733
152468	3512	0.054677047
152468	5054	0.05460518
152468	3197	0.054281306
152468	988	0.053765245
152468	472	0.053504042
152468	3135	0.05349034
152468	3198	0.0532065
152483	956	0.056196153
152483	2953	0.056196112
152483	2766	0.05616218
152483	5447	0.056162156
152483	3524	0.05597423
152483	3778	0.055905785
152483	6189	0.05583837
152483	6718	0.055700377
152483	1244	0.05565034
152483	5789	0.055598177
152514	6137	0.03648896
152514	3402	0.036366403
152514	2472	0.036366396
152514	4008	0.03632044
152514	272	0.03620041
152514	6862	0.03616292
152514	6559	0.03614422
152514	1452	0.03611715
152514	4774	0.036048904
152514	5349	0.03588164
152579	5917	0.05188727
152579	6302	0.051887266
152579	1414	0.051887237
152579	2370	0.051837914
152579	2244	0.051571988
152579	4665	0.05151585
152579	337	0.05151583
152579	6438	0.05135726
152579	3811	0.051249977
152579	5467	0.051249914
152605	575	0.045957886
152605	6075	0.04587864
152605	1196	0.045599844
152605	2413	0.045580328
152605	4458	0.045413483
152605	4606	0.045376472
152605	1764	0.045349967
152605	2574	0.045319892
152605	2193	0.04524562
152605	2995	0.04524561
152617	3545	0.029164074
152617	6053	0.028783623
152617	3554	0.02858442
152617	2745	0.028442323
152617	6201	0.028421968
152617	255	0.028197883
152617	3016	0.028161101
152617	6496	0.027999163
152617	4574	0.027953763
152617	6113	0.027947482
152645	3997	0.051862508
152645	3447	0.051630907
152645	4084	0.05160842
152645	5739	0.051521495
152645	5347	0.05152145
152645	2651	0.051513232
152645	1385	0.05149904
152645	6772	0.051414873
152645	4377	0.051392473
152645	3531	0.051329724
152651	1592	0.056386296
152651	406	0.056377903
152651	247	0.05624712
152651	5792	0.05624488
152651	2324	0.05618597
152651	1186	0.056114204
152651	5771	0.056004398
152651	645	0.055899777
152651	3909	0.055899747
152651	1867	0.05589515
152696	1372	0.057032824
152696	2631	0.056985587
152696	6543	0.056922354
152696	3274	0.056890585
152696	5552	0.056839928
152696	4921	0.05678649
152696	4031	0.05678646
152696	216	0.056645513
152696	4954	0.05659944
152696	6049	0.056592897
152742	435	0.044889994
152742	1219	0.044841275
152742	18	0.044423293
152742	930	0.044195466
152742	465	0.044195432
152742	3142	0.04419542
152742	1627	0.044193618
152742	3328	0.044040732
152742	240	0.04398009
152742	1578	0.043881558
152770	554	0.052832574
152770	2143	0.052832544
152770	2833	0.05283253
152770	5689	0.052301
152770	3501	0.052017633
152770	5367	0.051861946
152770	2959	0.051711686
152770	1311	0.05171167
152770	6667	0.051668763
152770	5084	0.051558234
152942	2370	0.056672014
152942	6016	0.05656511
152942	1247	0.0565651
152942	5245	0.0565651
152942	5568	0.056502834
152942	2974	0.05648016
152942	1427	0.056480065
152942	1110	0.056480058
152942	2244	0.056258872
152942	5439	0.056254074
152946	3075	0.06309706
152946	6099	0.06303541
152946	2821	0.0629819
152946	3517	0.06295243
152946	2915	0.062952414
152946	5222	0.0629524
152946	3457	0.06295237
152946	278	0.062898934
152946	2208	0.06289893
152946	5166	0.06289892
153042	6317	0.062642395
153042	2983	0.06237493
153042	2006	0.062338505
153042	457	0.062316544
153042	240	0.062022287
153042	4286	0.061756346
153042	3373	0.061708387
153042	1973	0.061708316
153042	789	0.06170831
153042	4878	0.061708298
153054	5730	0.05221299
153054	1369	0.05212009
153054	643	0.05212006
153054	600	0.05166267
153054	3587	0.051442042
153054	4279	0.051442005
153054	1156	0.051340025
153054	1332	0.051275507
153054	4286	0.051209405
153054	941	0.051134784
153091	6794	0.052841865
153091	597	0.052316383
153091	2379	0.052204333
153091	4415	0.051925585
153091	2224	0.051636934
153091	5139	0.051636815
153091	1109	0.051599324
153091	6781	0.05141501
153091	4403	0.051389232
153091	2974	0.051362842
153174	2489	0.037579868
153174	4226	0.037579864
153174	6006	0.037579834
153174	6888	0.037466772
153174	4266	0.037466727
153174	5608	0.037424225
153174	1623	0.0374242
153174	178	0.037424184
153174	3401	0.037424177
153174	4459	0.03742416
153211	3064	0.06059309
153211	708	0.05942068
153211	434	0.05942062
153211	1640	0.05869814
153211	2398	0.05869811
153211	5879	0.057860136
153211	2317	0.05785907
153211	183	0.057416
153211	2634	0.057331927
153211	537	0.057216056
153283	179	0.03693632
153283	3665	0.036936305
153283	5975	0.036936305
153283	2712	0.036887955
153283	764	0.036887914
153283	27	0.036887906
153283	1693	0.036863487
153283	738	0.03686347
153283	3250	0.036863465
153283	1563	0.036848873
153322	2651	0.04635583
153322	4764	0.046292175
153322	3531	0.04625511
153322	5905	0.046254672
153322	4386	0.04624013
153322	3700	0.046202958
153322	6350	0.046076633
153322	2585	0.04605367
153322	3926	0.046003506
153322	3375	0.04594715
153342	1993	0.054285467
153342	5452	0.05428545
153342	5713	0.054044478
153342	3642	0.05396018
153342	6458	0.05375816
153342	3152	0.05365942
153342	5100	0.053640984
153342	2090	0.05362387
153342	4624	0.05362387
153342	4394	0.053539738
153361	347	0.06314358
153361	4726	0.06292303
153361	2316	0.06285609
153361	188	0.06273821
153361	2552	0.06258261
153361	335	0.06210046
153361	612	0.061989397
153361	2837	0.061912246
153361	5250	0.061719142
153361	1929	0.061430667
153513	2744	0.05234009
153513	5205	0.051977843
153513	507	0.051960733
153513	4442	0.051892098
153513	5618	0.05162545
153513	1789	0.051481493
153513	589	0.050898936
153513	1599	0.05088719
153513	5136	0.050846048
153513	5230	0.050779566
153653	707	0.05479951
153653	831	0.0538746
153653	720	0.053212658
153653	2516	0.053097434
153653	2158	0.05307724
153653	2541	0.053044993
153653	175	0.05299915
153653	5054	0.05294933
153653	3977	0.052714825
153653	2007	0.05267646
153718	4996	0.048420303
153718	5388	0.048296936
153718	6001	0.048296887
153718	5911	0.048091672
153718	799	0.04800316
153718	4309	0.047985516
153718	5610	0.04798548
153718	6860	0.047968317
153718	3130	0.047879837
153718	1920	0.047811426
153719	2848	0.045642406
153719	2335	0.045625813
153719	2275	0.045620248
153719	5679	0.04560276
153719	3259	0.045587793
153719	2079	0.045587786
153719	5320	0.04555686
153719	4111	0.04553387
153719	5800	0.04553384
153719	3965	0.04550224
153723	5725	0.043220416
153723	5240	0.043120824
153723	771	0.043120816
153723	756	0.04309109
153723	6712	0.043090977
153723	3859	0.043057702
153723	4410	0.04295902
153723	5924	0.04284975
153723	2305	0.042841524
153723	6713	0.042734884
153797	708	0.06461034
153797	434	0.0646103
153797	3064	0.064432606
153797	6674	0.06398126
153797	341	0.0636541
153797	338	0.06365407
153797	1260	0.063654065
153797	5601	0.063654035
153797	2317	0.06347638
153797	4269	0.06321158
153865	1263	0.048778623
153865	2826	0.048554406
153865	875	0.048540846
153865	5686	0.04849206
153865	1413	0.048458345
153865	6803	0.0483445
153865	2868	0.048344404
153865	5407	0.048252214
153865	5154	0.048148796
153865	870	0.04805207
153950	833	0.05054553
153950	417	0.0505165
153950	684	0.05051648
153950	4871	0.050367255
153950	1684	0.05036722
153950	1886	0.050248735
153950	4413	0.050197486
153950	4625	0.050115943
153950	492	0.050099403
153950	6540	0.05007779
154021	1715	0.05726099
154021	6703	0.05714869
154021	1774	0.056422465
154021	5764	0.056243654
154021	286	0.05617792
154021	3939	0.056167103
154021	926	0.056091897
154021	1698	0.05594314
154021	489	0.055589378
154021	5331	0.055462852
154070	2203	0.06423077
154070	1193	0.064131595
154070	2093	0.0633868
154070	406	0.06338617
154070	247	0.06296639
154070	2881	0.06269144
154070	4183	0.06263461
154070	15	0.06263122
154070	692	0.062620796
154070	4607	0.06258671
154126	1212	0.055944864
154126	5570	0.055944864
154126	3943	0.055884734
154126	590	0.05544627
154126	1058	0.055128463
154126	653	0.055057526
154126	1971	0.054792877
154126	1020	0.054661535
154126	61	0.054641917
154126	1291	0.05423005
154137	2917	0.04896854
154137	6363	0.048880294
154137	2796	0.048809454
154137	413	0.048634842
154137	4885	0.048634797
154137	6818	0.0484036
154137	4877	0.048346534
154137	3536	0.04828297
154137	1144	0.048281945
154137	154	0.048258353
154176	6290	0.04566802
154176	2840	0.045631565
154176	4589	0.045578618
154176	2828	0.045519914
154176	1245	0.04549893
154176	6511	0.045445047
154176	3675	0.045260347
154176	3211	0.045187965
154176	1645	0.045167044
154176	2149	0.045114852
154269	1602	0.053691868
154269	739	0.053514827
154269	102	0.053377546
154269	5815	0.05323469
154269	20	0.053234674
154269	2867	0.053234667
154269	188	0.053195756
154269	459	0.053143196
154269	347	0.05296335
154269	487	0.052555177
154345	4104	0.05867973
154345	6257	0.05859845
154345	6044	0.058598418
154345	4713	0.058578417
154345	2906	0.05857841
154345	211	0.05857838
154345	2302	0.058511373
154345	1958	0.058491357
154345	6491	0.058368273
154345	6560	0.05834671
154346	4461	0.05695566
154346	3677	0.05658481
154346	786	0.05658426
154346	679	0.056545906
154346	5872	0.056468606
154346	3002	0.056468558
154346	6537	0.056383844
154346	60	0.05638384
154346	4735	0.05609721
154346	4960	0.055233747
154354	3198	0.053310152
154354	4336	0.053272396
154354	5054	0.05250366
154354	4471	0.052458584
154354	3285	0.052179985
154354	2233	0.052166358
154354	7	0.052087724
154354	456	0.051658485
154354	983	0.05151617
154354	3397	0.051211484
154469	4309	0.044878114
154469	5610	0.04487809
154469	5388	0.044861533
154469	6001	0.044861495
154469	4996	0.044795536
154469	3549	0.044761315
154469	5885	0.04459794
154469	1442	0.044590343
154469	687	0.04447359
154469	3565	0.044445038
154487	5973	0.054495584
154487	1169	0.054483756
154487	2004	0.05448109
154487	4162	0.05433846
154487	6096	0.054296613
154487	4258	0.05429658
154487	3569	0.05429656
154487	1927	0.05429267
154487	966	0.05429262
154487	1530	0.05426148
154529	6865	0.042197246
154529	4432	0.042037703
154529	3213	0.042037666
154529	4882	0.042037643
154529	2950	0.04201408
154529	6548	0.04194445
154529	1068	0.041646186
154529	1594	0.041643932
154529	1370	0.041388303
154529	3961	0.041373365
154543	5936	0.06120144
154543	552	0.061201435
154543	68	0.061129227
154543	2469	0.06094285
154543	809	0.060914133
154543	6111	0.060879022
154543	693	0.06087068
154543	4227	0.060804315
154543	85	0.06054571
154543	70	0.06050455
154553	4483	0.03791545
154553	3421	0.037915446
154553	5927	0.037915427
154553	4924	0.037915416
154553	6839	0.037915416
154553	1408	0.037831634
154553	3109	0.037827663
154553	4071	0.03781241
154553	861	0.037812397
154553	3283	0.03781239
154627	4221	0.0509377
154627	449	0.05080644
154627	4606	0.05053727
154627	575	0.050259784
154627	2193	0.050225243
154627	2995	0.050225224
154627	1179	0.05005271
154627	5270	0.050036065
154627	428	0.049969897
154627	411	0.04994251
154675	3075	0.037644386
154675	388	0.037341595
154675	278	0.037170682
154675	5166	0.03717068
154675	2208	0.037170667
154675	1737	0.037170656
154675	4230	0.037170652
154675	3954	0.03717063
154675	646	0.036949806
154675	5414	0.036949806
154730	2503	0.057341613
154730	2991	0.05732074
154730	1492	0.057214722
154730	2044	0.057065926
154730	1076	0.056871805
154730	1947	0.056788586
154730	1177	0.056706734
154730	404	0.056574754
154730	3520	0.05636818
154730	1631	0.056269053
154781	1061	0.049048528
154781	6074	0.04818514
154781	1072	0.048058223
154781	5250	0.047897156
154781	712	0.047804542
154781	1269	0.047804482
154781	974	0.04775119
154781	605	0.047731455
154781	2545	0.047713324
154781	347	0.04753092
154791	6723	0.05606033
154791	4341	0.055653226
154791	5827	0.055503212
154791	3228	0.05539207
154791	5678	0.055392034
154791	701	0.05539202
154791	2739	0.055392012
154791	4748	0.055392005
154791	6015	0.055279136
154791	1528	0.055272304
154844	2602	0.04983549
154844	870	0.049019758
154844	4940	0.04886821
154844	3878	0.048167817
154844	2470	0.04811176
154844	1031	0.048068676
154844	3196	0.047806356
154844	5249	0.047601104
154844	5095	0.047596842
154844	1757	0.047306404
154944	3259	0.054588616
154944	2079	0.05458861
154944	1318	0.054555282
154944	2972	0.05455526
154944	3965	0.05438914
154944	5679	0.054351628
154944	2335	0.054320805
154944	4340	0.054236703
154944	2116	0.05419135
154944	4213	0.054151807
154975	4284	0.06092458
154975	913	0.06084712
154975	3400	0.060796663
154975	1528	0.060787067
154975	184	0.060787052
154975	4501	0.060787052
154975	4437	0.060673624
154975	4096	0.060664117
154975	2428	0.060664095
154975	2271	0.060664088
154981	1389	0.09617247
154981	420	0.09557068
154981	406	0.095321134
154981	1193	0.09471213
154981	4245	0.09444191
154981	614	0.09425439
154981	5205	0.09266093
154981	243	0.09227446
154981	2093	0.09198363
154981	2432	0.09180744
154992	3614	0.05514458
154992	744	0.055004213
154992	6736	0.05500414
154992	1320	0.054834414
154992	3244	0.054767817
154992	439	0.05454314
154992	6560	0.054203212
154992	6826	0.054202016
154992	6402	0.054201975
154992	1089	0.054090716
155000	2820	0.05150817
155000	4108	0.051483553
155000	90	0.05127599
155000	5968	0.05127598
155000	2992	0.05121642
155000	1094	0.05119206
155000	1045	0.051192015
155000	1725	0.05119201
155000	6918	0.051148426
155000	3452	0.05113771
155014	715	0.051997975
155014	1709	0.051645886
155014	1251	0.051533576
155014	6211	0.051055152
155014	2725	0.05104443
155014	1056	0.051040858
155014	2856	0.050891757
155014	1961	0.050399728
155014	3049	0.050358675
155014	6190	0.05035859
155141	1781	0.05746492
155141	1817	0.0573548
155141	133	0.05735478
155141	500	0.057284907
155141	3104	0.057197936
155141	85	0.057150386
155141	3581	0.056929
155141	1462	0.056858867
155141	2317	0.05658801
155141	883	0.056546763
155147	410	0.053366534
155147	2912	0.053274136
155147	98	0.05284974
155147	2669	0.052428663
155147	978	0.052334476
155147	6259	0.052235845
155147	862	0.05220614
155147	4867	0.052114613
155147	614	0.051976994
155147	2919	0.051917747
155219	378	0.050513394
155219	4413	0.050348658
155219	929	0.050341517
155219	6093	0.050341494
155219	1195	0.050299164
155219	6252	0.050299086
155219	833	0.050233297
155219	6540	0.05018378
155219	6299	0.05018373
155219	3815	0.050127245
155306	2156	0.06682575
155306	6795	0.066532224
155306	3209	0.06649006
155306	72	0.066490024
155306	5195	0.06645481
155306	1543	0.06645475
155306	991	0.06643458
155306	4668	0.06641264
155306	503	0.06640071
155306	3227	0.06631729
155343	2627	0.049031805
155343	6445	0.048383906
155343	780	0.04834531
155343	3236	0.048134755
155343	3238	0.047752574
155343	2858	0.047730174
155343	5	0.047724076
155343	2894	0.04766814
155343	5444	0.04754208
155343	5863	0.04741814
155376	3473	0.048168562
155376	1675	0.048168525
155376	6668	0.047895692
155376	2000	0.047895677
155376	553	0.047895674
155376	1172	0.047895655
155376	3955	0.047895625
155376	5041	0.04789562
155376	5052	0.047895607
155376	1210	0.047837935
155444	769	0.045321465
155444	4911	0.045320213
155444	3488	0.04525795
155444	4311	0.045242067
155444	3202	0.04524204
155444	4934	0.045242034
155444	5333	0.045242034
155444	6659	0.045140456
155444	2661	0.045076832
155444	3617	0.045071807
155495	3796	0.054159887
155495	482	0.05366394
155495	4710	0.0535685
155495	4247	0.053267486
155495	133	0.053205594
155495	1817	0.053205594
155495	1781	0.05317661
155495	625	0.05302705
155495	2179	0.052904174
155495	3992	0.052891366
155580	1064	0.05431603
155580	3286	0.054315977
155580	3093	0.05423178
155580	1636	0.053982615
155580	380	0.053916298
155580	4212	0.053903297
155580	5696	0.05380941
155580	1662	0.053809386
155580	6417	0.053809337
155580	2070	0.053791497
155680	3830	0.05506231
155680	3828	0.05506222
155680	6357	0.05502092
155680	3825	0.055020843
155680	4470	0.054943703
155680	2501	0.05482543
155680	2909	0.054766357
155680	2853	0.054647792
155680	2297	0.054571934
155680	3829	0.054571904
155743	1624	0.05357667
155743	1298	0.053576656
155743	3257	0.053576652
155743	936	0.05357664
155743	3711	0.053576626
155743	2310	0.05357661
155743	3323	0.05357658
155743	294	0.053520687
155743	6837	0.05342096
155743	21	0.05339407
155771	1800	0.05189634
155771	3794	0.051656023
155771	1066	0.051321294
155771	2456	0.050901487
155771	1902	0.050801776
155771	586	0.05056186
155771	1430	0.050493315
155771	61	0.049795777
155771	5568	0.049627963
155771	1897	0.049581133
155778	407	0.06651087
155778	2469	0.06638567
155778	85	0.066357724
155778	6111	0.065998316
155778	693	0.065938696
155778	70	0.065913804
155778	5404	0.06591378
155778	5936	0.06589063
155778	552	0.065890625
155778	1817	0.06588587
155807	2887	0.03228002
155807	3814	0.032280013
155807	3720	0.032249052
155807	234	0.03224319
155807	6620	0.032239594
155807	3398	0.032239575
155807	644	0.03222091
155807	3664	0.03220594
155807	6813	0.03215474
155807	5075	0.0321253
155810	1369	0.039389946
155810	643	0.039389934
155810	5730	0.039324116
155810	1634	0.03929151
155810	5216	0.039291486
155810	3022	0.03920687
155810	6709	0.039141044
155810	3426	0.03914103
155810	3587	0.03912206
155810	4279	0.039122045
155913	600	0.051671095
155913	941	0.051176444
155913	1167	0.051114358
155913	397	0.051102165
155913	927	0.0510969
155913	4955	0.051095784
155913	637	0.050999396
155913	6709	0.05099602
155913	3426	0.050995998
155913	6486	0.050892122
155989	1069	0.046422966
155989	2272	0.046253607
155989	897	0.046138283
155989	5657	0.046118565
155989	6479	0.04600594
155989	5532	0.0459818
155989	1669	0.045898594
155989	1721	0.045890708
155989	6254	0.045890674
155989	6699	0.045826092
156163	3367	0.05817393
156163	52	0.057846308
156163	3442	0.057846278
156163	5593	0.057822563
156163	109	0.057589218
156163	1893	0.057589155
156163	3124	0.057589132
156163	588	0.0575891
156163	3410	0.057589073
156163	5688	0.057589073
156214	769	0.05636104
156214	4311	0.05625759
156214	3202	0.056257572
156214	5333	0.056257565
156214	4934	0.056257553
156214	6659	0.055894423
156214	3617	0.055863187
156214	2483	0.05586315
156214	2722	0.055863127
156214	2818	0.055863116
156300	1617	0.052418016
156300	3507	0.052332193
156300	257	0.052073833
156300	162	0.051619932
156300	711	0.051189624
156300	1380	0.051170103
156300	3348	0.05116102
156300	474	0.05109296
156300	2710	0.05098968
156300	102	0.05094208
156342	3655	0.06135876
156342	5831	0.06135875
156342	1152	0.061358735
156342	5593	0.06127216
156342	5566	0.061181005
156342	1932	0.06109439
156342	3066	0.061061665
156342	3284	0.06094514
156342	3090	0.060654197
156342	199	0.060618147
156432	6486	0.056554105
156432	4842	0.056553513
156432	309	0.055620722
156432	946	0.05562069
156432	627	0.055244245
156432	1948	0.055162124
156432	2796	0.055154994
156432	2917	0.055116016
156432	199	0.055016354
156432	690	0.055016346
156483	4394	0.04862152
156483	4092	0.048177406
156483	3152	0.047949746
156483	6713	0.047939777
156483	5379	0.04760184
156483	4410	0.047436528
156483	5725	0.047429763
156483	6583	0.047289178
156483	5509	0.047155984
156483	1720	0.04711484
156510	5423	0.055453926
156510	3690	0.055394586
156510	3588	0.05535783
156510	311	0.055263177
156510	3180	0.055024
156510	2578	0.055023983
156510	4666	0.05498725
156510	4676	0.054987192
156510	3735	0.05498719
156510	4212	0.05484041
156534	887	0.040292583
156534	5663	0.040094063
156534	5126	0.040070068
156534	2011	0.04006101
156534	2054	0.039932236
156534	6514	0.039932173
156534	6157	0.039838195
156534	1290	0.039735816
156534	1582	0.039706513
156534	3345	0.03964787
156584	2543	0.056352045
156584	3207	0.056128643
156584	432	0.05593297
156584	1779	0.05592039
156584	127	0.05589136
156584	2795	0.05581159
156584	611	0.055526737
156584	1854	0.055510927
156584	727	0.055498023
156584	160	0.055487268
156706	5815	0.053294607
156706	20	0.053294573
156706	2867	0.05329457
156706	158	0.053263333
156706	708	0.053037636
156706	434	0.05303758
156706	487	0.05303251
156706	3064	0.052679855
156706	739	0.05254829
156706	2007	0.052273072
156837	981	0.045545492
156837	503	0.045332562
156837	274	0.045150325
156837	1115	0.044916976
156837	991	0.044728834
156837	3083	0.044508144
156837	837	0.044189975
156837	814	0.044005804
156837	1104	0.04396707
156837	5155	0.043582357
157083	4433	0.06938762
157083	1952	0.06921622
157083	412	0.06912128
157083	2465	0.06877299
157083	5001	0.06872167
157083	5833	0.06866947
157083	683	0.068616666
157083	977	0.0685675
157083	6444	0.06856747
157083	2315	0.06850158
157127	2300	0.054086365
157127	2216	0.05360809
157127	4020	0.053537916
157127	4599	0.05350399
157127	5441	0.053455688
157127	4147	0.053323142
157127	4709	0.05323439
157127	6752	0.05316563
157127	3134	0.053160086
157127	4446	0.053101934
157163	5882	0.04023727
157163	2737	0.040237267
157163	3964	0.040158976
157163	5034	0.040158957
157163	6828	0.040137794
157163	2849	0.040125296
157163	1360	0.04012528
157163	4989	0.040075097
157163	2921	0.040047035
157163	6060	0.040014833
157252	140	0.056273248
157252	4910	0.05602578
157252	5586	0.055782404
157252	892	0.055715773
157252	141	0.055656143
157252	5361	0.05564218
157252	3552	0.055642165
157252	997	0.055581562
157252	2870	0.05558154
157252	78	0.055468395
157273	54	0.040174216
157273	657	0.040018246
157273	1779	0.039741877
157273	577	0.039411873
157273	4696	0.03941185
157273	3534	0.039386585
157273	1773	0.039216198
157273	1249	0.039155167
157273	5781	0.039136305
157273	329	0.039125685
157281	4213	0.044345856
157281	1101	0.04428682
157281	3320	0.044256296
157281	2376	0.044073597
157281	1318	0.04400304
157281	2972	0.044003032
157281	6265	0.043958545
157281	6670	0.043918148
157281	5064	0.04386898
157281	1882	0.04375311
157380	779	0.05495861
157380	1011	0.054668777
157380	885	0.054569773
157380	5686	0.05430094
157380	2826	0.054124042
157380	630	0.053776868
157380	6323	0.05377684
157380	6803	0.053651884
157380	2868	0.053651832
157380	4850	0.05363617
157543	2437	0.038116224
157543	1361	0.038116217
157543	6298	0.038116198
157543	427	0.038116187
157543	2852	0.038116172
157543	1228	0.038033586
157543	669	0.038033575
157543	2382	0.03803356
157543	6906	0.03803356
157543	3420	0.038033552
157594	487	0.03581803
157594	2541	0.03557989
157594	474	0.035530433
157594	2233	0.035439048
157594	831	0.035401247
157594	175	0.035222523
157594	6430	0.035068467
157594	3280	0.035064273
157594	373	0.035021484
157594	1708	0.035017427
157625	1742	0.048729062
157625	3082	0.048587684
157625	3303	0.048587613
157625	4776	0.048518233
157625	2001	0.04835943
157625	3671	0.048347734
157625	2664	0.048347708
157625	5552	0.048315413
157625	216	0.048299007
157625	1372	0.04823188
157655	4903	0.051946785
157655	266	0.051946774
157655	1905	0.051750205
157655	5597	0.051750205
157655	6205	0.051750205
157655	6319	0.051750172
157655	4241	0.05175017
157655	2709	0.05173894
157655	4308	0.051723015
157655	181	0.05172299
157660	879	0.05239155
157660	1179	0.05196023
157660	320	0.05191822
157660	1631	0.05182664
157660	3616	0.051584214
157660	5140	0.051440507
157660	1076	0.051296048
157660	3659	0.05120365
157660	1444	0.0509934
157660	2961	0.050993375
157799	2744	0.042825304
157799	507	0.042662725
157799	4442	0.04234699
157799	5230	0.04233382
157799	589	0.04229748
157799	1251	0.042231075
157799	1789	0.042044517
157799	1709	0.042033374
157799	5205	0.042010523
157799	715	0.041990206
157811	3517	0.06543328
157811	2915	0.065433234
157811	5222	0.065433234
157811	3457	0.06543319
157811	6099	0.06527228
157811	5010	0.06515281
157811	3209	0.06499186
157811	72	0.06499183
157811	278	0.06497288
157811	2208	0.06497286
158033	4008	0.044837892
158033	1452	0.044720557
158033	4486	0.044616014
158033	3402	0.044571176
158033	2472	0.044571172
158033	4298	0.044411585
158033	4766	0.04434272
158033	1359	0.044294253
158033	3255	0.04423858
158033	1123	0.044166528
158034	4549	0.05650954
158034	712	0.05627966
158034	777	0.05612259
158034	176	0.05612254
158034	1964	0.05579204
158034	1270	0.055569306
158034	5163	0.055569265
158034	778	0.055502284
158034	1272	0.05535634
158034	2427	0.055243783
158043	5595	0.042513065
158043	4445	0.04248849
158043	1995	0.042387336
158043	2164	0.04232625
158043	2597	0.042164445
158043	795	0.04216443
158043	3500	0.04216443
158043	1992	0.042123146
158043	3272	0.0421225
158043	6399	0.042119868
158103	3751	0.05728589
158103	1693	0.057251595
158103	738	0.05725157
158103	3250	0.057251558
158103	1840	0.05724985
158103	3571	0.05724981
158103	4596	0.057247587
158103	4622	0.05724756
158103	4343	0.05724752
158103	5571	0.057247505
158104	406	0.08392714
158104	1389	0.08309824
158104	1193	0.08284381
158104	247	0.082656235
158104	420	0.082157396
158104	1592	0.0820742
158104	645	0.08202739
158104	3909	0.08202735
158104	3705	0.08202201
158104	614	0.082009874
158226	5558	0.06102544
158226	1535	0.061025407
158226	5562	0.061025403
158226	2441	0.060935684
158226	6623	0.06093564
158226	1222	0.060910773
158226	3032	0.060817968
158226	5582	0.060696427
158226	2505	0.060677715
158226	1215	0.06062923
158254	4235	0.069808364
158254	5568	0.069456026
158254	6650	0.0692048
158254	1430	0.06917927
158254	5864	0.069070205
158254	5596	0.068590716
158254	227	0.06846097
158254	6158	0.06820477
158254	1897	0.06813887
158254	934	0.06813879
158361	6772	0.046204258
158361	4377	0.046189863
158361	510	0.04613463
158361	4418	0.046134587
158361	1116	0.046080496
158361	2569	0.04592052
158361	5637	0.04592049
158361	3699	0.045920454
158361	3997	0.045844883
158361	4297	0.045814566
158385	882	0.06007147
158385	4782	0.06007147
158385	68	0.060010605
158385	4247	0.059970863
158385	552	0.05981739
158385	5936	0.059817385
158385	6111	0.059795693
158385	1397	0.059749357
158385	693	0.05970842
158385	4710	0.059668515
158433	2950	0.04631283
158433	1961	0.046261758
158433	1527	0.046151645
158433	169	0.045423996
158433	777	0.04539275
158433	176	0.045392722
158433	1068	0.04535782
158433	4549	0.04505856
158433	4307	0.045031432
158433	4332	0.044964116
158506	5403	0.042903006
158506	3345	0.042636786
158506	4306	0.042622384
158506	6396	0.0425961
158506	386	0.042470116
158506	2438	0.042470086
158506	3706	0.042454284
158506	4262	0.042422384
158506	4379	0.042329878
158506	668	0.042315513
158606	2890	0.042864013
158606	1617	0.042660292
158606	711	0.042477876
158606	19	0.0424212
158606	474	0.04229561
158606	2710	0.04228247
158606	3280	0.042115025
158606	2113	0.04211148
158606	3979	0.042053513
158606	3273	0.041775748
158714	418	0.031942625
158714	3891	0.031942587
158714	5690	0.03184709
158714	2107	0.031847082
158714	166	0.031704143
158714	4191	0.03169459
158714	5836	0.031646773
158714	2277	0.031624295
158714	5626	0.03158469
158714	3667	0.031547755
158774	1462	0.059538674
158774	500	0.05942714
158774	85	0.05932087
158774	1781	0.05924683
158774	3104	0.059225224
158774	1817	0.058901004
158774	133	0.05890099
158774	3796	0.058309086
158774	4227	0.058250476
158774	3581	0.05812288
158846	5567	0.04629658
158846	6493	0.046193063
158846	3583	0.04615324
158846	235	0.046097547
158846	6127	0.045877963
158846	457	0.045772165
158846	1700	0.045258038
158846	933	0.045158587
158846	5936	0.045024604
158846	552	0.0450246
158984	2726	0.06429303
158984	392	0.06429302
158984	4889	0.06429297
158984	1692	0.06420464
158984	3296	0.06420459
158984	1846	0.06419683
158984	5989	0.06416686
158984	445	0.06408739
158984	755	0.06401813
158984	3637	0.06400089
159004	6262	0.035822894
159004	5695	0.035822883
159004	4693	0.035822842
159004	4058	0.035777226
159004	2359	0.035777204
159004	5494	0.03571526
159004	2227	0.03569422
159004	3494	0.035649095
159004	1898	0.035649046
159004	4467	0.035563197
159033	526	0.053434294
159033	4560	0.05306577
159033	1961	0.05238926
159033	5288	0.052228503
159033	365	0.051849283
159033	456	0.05173275
159033	350	0.051221598
159033	2178	0.05105893
159033	2267	0.05103053
159033	1527	0.050991245
159044	4168	0.03284898
159044	2345	0.032848973
159044	4226	0.03282191
159044	2489	0.032821894
159044	2280	0.032800194
159044	5608	0.03279193
159044	1623	0.03279189
159044	3401	0.03279188
159044	4459	0.032791853
159044	224	0.03276396
159137	3527	0.057737645
159137	384	0.05773764
159137	1571	0.05773761
159137	52	0.057663895
159137	3442	0.05766386
159137	4715	0.057579186
159137	3367	0.057505496
159137	4205	0.057492316
159137	426	0.057492312
159137	1305	0.057492312
159283	5585	0.05738472
159283	3019	0.057366025
159283	389	0.057259202
159283	5958	0.057215206
159283	6102	0.05708411
159283	5969	0.057084084
159283	3562	0.057046223
159283	4424	0.05699738
159283	680	0.05694603
159283	6672	0.056830324
159455	70	0.04395364
159455	5404	0.04395362
159455	501	0.043726042
159455	448	0.043607946
159455	710	0.043550022
159455	2469	0.04347332
159455	6111	0.043470033
159455	1436	0.043464627
159455	50	0.043454293
159455	1691	0.043367837
159506	350	0.050094463
159506	456	0.04946488
159506	7	0.04928323
159506	4560	0.049244743
159506	5288	0.04900309
159506	3285	0.048858024
159506	2513	0.04839747
159506	526	0.048205595
159506	3198	0.047891136
159506	2178	0.04783006
159647	140	0.065393165
159647	267	0.06537998
159647	4910	0.0653354
159647	892	0.065194026
159647	78	0.065136366
159647	2732	0.06511747
159647	6	0.0650685
159647	3336	0.06490885
159647	997	0.06490395
159647	2870	0.06490393
159720	6709	0.056363225
159720	3426	0.05636321
159720	3022	0.05599238
159720	941	0.055777535
159720	574	0.05572309
159720	1641	0.055414584
159720	600	0.055340707
159720	883	0.055031747
159720	4438	0.055031743
159720	4876	0.055031657
159732	526	0.0523837
159732	4560	0.05236966
159732	5352	0.05236002
159732	1961	0.052019212
159732	3300	0.051899523
159732	365	0.0516455
159732	5288	0.051453035
159732	1527	0.051387303
159732	1268	0.051380258
159732	2362	0.05128891
159754	3099	0.03830114
159754	1047	0.03821136
159754	5065	0.038146425
159754	2769	0.038145695
159754	5344	0.038145695
159754	4808	0.038046703
159754	5437	0.038038567
159754	6464	0.038038563
159754	237	0.03803787
159754	1051	0.037990943
159817	1200	0.051802386
159817	1766	0.051471803
159817	5380	0.051278643
159817	151	0.051278584
159817	5225	0.051278524
159817	3297	0.051230416
159817	5683	0.0511614
159817	2662	0.05109133
159817	4161	0.051078476
159817	2550	0.05107173
159822	1670	0.05998397
159822	2574	0.059940495
159822	2129	0.059907187
159822	2662	0.059711684
159822	83	0.05963722
159822	6110	0.059423752
159822	3616	0.05936952
159822	3846	0.059128787
159822	3659	0.0591046
159822	233	0.05903156
159834	19	0.044376347
159834	2692	0.044157334
159834	1380	0.044142187
159834	1272	0.044075835
159834	711	0.044068858
159834	2710	0.043970525
159834	2113	0.043887176
159834	4335	0.0438814
159834	3273	0.043698333
159834	5517	0.04366867
159854	1816	0.059323505
159854	5617	0.059323467
159854	3506	0.059285834
159854	4197	0.05928578
159854	1499	0.059242804
159854	308	0.059159927
159854	6390	0.05915989
159854	538	0.05915987
159854	4356	0.059095543
159854	1491	0.059079275
159858	6886	0.03680975
159858	81	0.036715236
159858	5492	0.03656786
159858	5743	0.036560506
159858	2012	0.03650683
159858	2979	0.036296673
159858	4575	0.036210038
159858	2807	0.036192525
159858	5276	0.036136664
159858	5788	0.035786472
159860	388	0.036574297
159860	3075	0.036573056
159860	2293	0.036424726
159860	4761	0.03641638
159860	278	0.03633476
159860	5166	0.036334753
159860	2208	0.036334746
159860	1737	0.036334734
159860	4230	0.03633473
159860	3954	0.03633471
159863	5861	0.04656919
159863	5257	0.046396684
159863	1476	0.046396665
159863	6372	0.046291117
159863	4482	0.046291083
159863	5635	0.046024732
159863	2564	0.046024725
159863	5655	0.045787763
159863	869	0.045594346
159863	3096	0.04559429
159868	198	0.03297139
159868	4145	0.032962285
159868	1823	0.032928757
159868	344	0.032848492
159868	6215	0.03281007
159868	2681	0.032809995
159868	2309	0.0328059
159868	3321	0.03278943
159868	367	0.03275818
159868	1852	0.03275816
159946	3209	0.05983395
159946	72	0.05983392
159946	5010	0.059462115
159946	4668	0.0594399
159946	5218	0.05910663
159946	5496	0.059106566
159946	6061	0.059007145
159946	6099	0.058986545
159946	571	0.05873482
159946	2849	0.05871399
159977	3922	0.05612372
159977	5489	0.056010228
159977	4700	0.05585251
159977	6434	0.05585248
159977	6815	0.055738907
159977	3614	0.05551891
159977	439	0.05550441
159977	3799	0.05541619
159977	433	0.055360414
159977	2133	0.05530859
160154	5746	0.04318176
160154	1216	0.043181688
160154	6411	0.043163214
160154	6495	0.0430327
160154	6562	0.04303269
160154	205	0.043032687
160154	4699	0.04303268
160154	713	0.043032642
160154	1976	0.04296954
160154	6483	0.042916954
160180	1194	0.05550088
160180	6129	0.05550082
160180	1956	0.05544034
160180	5591	0.055344924
160180	3525	0.05534491
160180	942	0.055309676
160180	2314	0.0553096
160180	1950	0.055309564
160180	53	0.055309534
160180	4433	0.055199265
160200	3902	0.043192387
160200	1481	0.043113567
160200	6500	0.043078296
160200	5939	0.042744905
160200	563	0.042739514
160200	2998	0.04273946
160200	1477	0.0427014
160200	4424	0.04268112
160200	5904	0.042676747
160200	2753	0.042648733
160231	283	0.06559159
160231	1102	0.065549
160231	1118	0.06554888
160231	6636	0.06538718
160231	3083	0.06529701
160231	4763	0.06512197
160231	6116	0.06510862
160231	4185	0.06504433
160231	3010	0.06448506
160231	1377	0.06414447
160295	4286	0.050822042
160295	3380	0.050808087
160295	1751	0.050509818
160295	4545	0.050225876
160295	1428	0.04979186
160295	3792	0.049550124
160295	1132	0.049550094
160295	228	0.04955008
160295	6317	0.049533695
160295	57	0.049504943
160334	2357	0.053826354
160334	958	0.053715177
160334	3705	0.05367919
160334	1755	0.053532243
160334	5301	0.053532224
160334	6213	0.05349745
160334	292	0.053414643
160334	5991	0.053414635
160334	5792	0.053365916
160334	723	0.053364947
160344	2467	0.053932022
160344	645	0.05391683
160344	3909	0.05391681
160344	15	0.05373869
160344	999	0.053675238
160344	5184	0.053370103
160344	2963	0.05330953
160344	692	0.053219173
160344	577	0.05294566
160344	4696	0.052945644
160378	3012	0.035697944
160378	6253	0.03569176
160378	3234	0.035638288
160378	3035	0.035564944
160378	3014	0.035534408
160378	1288	0.03531204
160378	2544	0.03531193
160378	5804	0.03527518
160378	5203	0.03526196
160378	5721	0.03523863
160381	3579	0.05540187
160381	4588	0.05488038
160381	3540	0.054844864
160381	1371	0.054564275
160381	4243	0.054468874
160381	6669	0.05444546
160381	4841	0.054441288
160381	3427	0.054396216
160381	6606	0.054366305
160381	3713	0.05435922
160393	2317	0.06155154
160393	1070	0.061050005
160393	537	0.06082175
160393	341	0.060663708
160393	1260	0.06066368
160393	5601	0.060663644
160393	183	0.060554527
160393	5662	0.060467772
160393	3104	0.060056277
160393	1600	0.06004268
160401	2765	0.04454649
160401	4870	0.044481844
160401	4305	0.04420793
160401	933	0.044058874
160401	968	0.043966245
160401	5795	0.04387722
160401	6382	0.043792628
160401	5023	0.04360584
160401	859	0.043601785
160401	365	0.04351752
160434	2317	0.04362739
160434	3581	0.043565065
160434	183	0.04353094
160434	434	0.04347445
160434	341	0.0434404
160434	338	0.043440387
160434	1260	0.043440364
160434	5601	0.043440342
160434	339	0.043291554
160434	774	0.043104507
160548	2432	0.07227585
160548	1389	0.07132916
160548	406	0.071300685
160548	5389	0.071107686
160548	1193	0.07073653
160548	958	0.07068839
160548	951	0.070250764
160548	420	0.07022647
160548	676	0.0701395
160548	716	0.0701395
160558	5867	0.046332102
160558	1248	0.04612197
160558	6249	0.045982487
160558	456	0.04596349
160558	350	0.045656517
160558	40	0.045575615
160558	4560	0.045522586
160558	3532	0.045445397
160558	3315	0.04540795
160558	365	0.045394845
160571	636	0.062187433
160571	2360	0.062187422
160571	3440	0.062187422
160571	2920	0.06218742
160571	1033	0.061931405
160571	938	0.061931383
160571	1023	0.06176217
160571	1772	0.06176215
160571	2231	0.061762113
160571	2407	0.061506175
160574	5835	0.05252117
160574	34	0.052453153
160574	577	0.05239658
160574	4696	0.052396573
160574	1665	0.052346803
160574	1035	0.052346785
160574	1426	0.052281708
160574	4583	0.052281678
160574	2963	0.052103307
160574	4346	0.05205168
160681	2744	0.06563984
160681	4442	0.06521155
160681	5205	0.06510569
160681	1599	0.06452772
160681	507	0.06449567
160681	5618	0.06445296
160681	1789	0.064128
160681	5136	0.06390187
160681	3983	0.06378345
160681	2156	0.06356914
160735	4334	0.04386115
160735	1855	0.043692887
160735	2347	0.043692876
160735	145	0.04359875
160735	5039	0.043595735
160735	1739	0.0435957
160735	2026	0.043484032
160735	1839	0.043386906
160735	2764	0.04336232
160735	2700	0.043331258
160746	5946	0.040254176
160746	223	0.04025416
160746	399	0.040254153
160746	5385	0.040254153
160746	2122	0.040254142
160746	3734	0.04025414
160746	4371	0.04025414
160746	1734	0.04019179
160746	639	0.040189028
160746	4330	0.040189013
160803	4756	0.047657527
160803	1419	0.047657516
160803	3822	0.047657512
160803	1421	0.047657505
160803	1049	0.0476575
160803	6587	0.04765749
160803	3572	0.047657486
160803	5183	0.047657482
160803	5292	0.04765748
160803	995	0.04765747
160819	1867	0.033753715
160819	3705	0.033167947
160819	4867	0.033129193
160819	1490	0.03306044
160819	664	0.033040926
160819	406	0.032996923
160819	5792	0.03287734
160819	2369	0.032862414
160819	592	0.03284917
160819	460	0.032842524
160878	1526	0.06344231
160878	2327	0.06330165
160878	1387	0.06330155
160878	1690	0.063236475
160878	2698	0.06323089
160878	414	0.062412158
160878	2316	0.062241666
160878	84	0.062127188
160878	330	0.062127102
160878	4119	0.062012218
160881	3121	0.05092301
160881	5164	0.0507283
160881	2932	0.05027262
160881	5858	0.05017652
160881	5917	0.050008986
160881	6302	0.050008982
160881	1414	0.050008956
160881	1148	0.049795117
160881	5622	0.049795106
160881	2183	0.049795065
160994	613	0.047097903
160994	2387	0.046915635
160994	1436	0.04682601
160994	1713	0.046700522
160994	448	0.046374332
160994	2176	0.046256393
160994	4538	0.046256386
160994	1411	0.0460833
160994	710	0.045735896
160994	6111	0.04551042
161037	2583	0.04943466
161037	4060	0.049377643
161037	3134	0.049155015
161037	2216	0.048860617
161037	4272	0.04852178
161037	3214	0.04830674
161037	2565	0.048257973
161037	638	0.04792559
161037	2300	0.047893967
161037	2113	0.047577433
161039	2513	0.046515644
161039	2178	0.046510056
161039	350	0.04618584
161039	4560	0.046010494
161039	365	0.04593594
161039	456	0.045925476
161039	3300	0.045616664
161039	5867	0.045343287
161039	40	0.045226965
161039	5288	0.045145452
161041	4306	0.053302817
161041	668	0.053296767
161041	1168	0.053296737
161041	6328	0.05329673
161041	6339	0.05324227
161041	1077	0.05324226
161041	3947	0.053228334
161041	6218	0.053228278
161041	1894	0.053222228
161041	2008	0.052925587
161200	6240	0.057343524
161200	4880	0.05734349
161200	2485	0.056050092
161200	4927	0.05588551
161200	6174	0.05576511
161200	1613	0.05530718
161200	6640	0.055254098
161200	2615	0.055180173
161200	2161	0.055178553
161200	4804	0.05502678
161234	2677	0.041953884
161234	2949	0.041603066
161234	2676	0.04143908
161234	4143	0.041300982
161234	3801	0.04126501
161234	2421	0.04124079
161234	4537	0.041233353
161234	5363	0.041053597
161234	2140	0.040916957
161234	2827	0.040846873
161250	3247	0.05525098
161250	3028	0.055132776
161250	2947	0.05496804
161250	6049	0.05472363
161250	3050	0.054684855
161250	505	0.054264233
161250	6837	0.05424438
161250	6297	0.05421957
161250	1758	0.054101363
161250	4409	0.054029632
161252	710	0.07381497
161252	6111	0.073791325
161252	4247	0.07360728
161252	4710	0.07345392
161252	5404	0.07306656
161252	1817	0.07298449
161252	133	0.07298447
161252	68	0.07291493
161252	693	0.07276176
161252	4782	0.072728634
161265	2581	0.045718454
161265	1989	0.045653686
161265	6601	0.045653686
161265	6352	0.045645
161265	4762	0.04564497
161265	3685	0.045644954
161265	5881	0.04564494
161265	5040	0.045580193
161265	5722	0.04558018
161265	629	0.04539375
161299	1586	0.049500372
161299	910	0.049145654
161299	3681	0.049101166
161299	5352	0.049052663
161299	1370	0.04894874
161299	794	0.048545737
161299	4432	0.048455786
161299	3213	0.04845573
161299	4882	0.048455708
161299	2063	0.048428733
161326	1212	0.06471032
161326	5570	0.06471032
161326	3943	0.06469156
161326	407	0.064691186
161326	2991	0.064627156
161326	404	0.064332396
161326	581	0.064300895
161326	85	0.06396417
161326	1058	0.06394686
161326	1947	0.06390849
161348	6579	0.03284969
161348	2756	0.032716505
161348	3694	0.032642525
161348	2565	0.032640517
161348	802	0.032622956
161348	3936	0.03262294
161348	4464	0.032622933
161348	4272	0.03255458
161348	638	0.03251755
161348	167	0.032463767
161373	448	0.066634506
161373	6111	0.06656935
161373	581	0.06621959
161373	1817	0.06616392
161373	133	0.066163875
161373	407	0.06595335
161373	70	0.065734476
161373	5404	0.065734446
161373	85	0.06555736
161373	2387	0.06548494
161385	712	0.04118721
161385	1269	0.041187167
161385	6566	0.041102897
161385	3971	0.040988788
161385	895	0.04098314
161385	4051	0.04098007
161385	5064	0.040980034
161385	3290	0.04094387
161385	1101	0.040935017
161385	5340	0.040905774
161391	1530	0.0634986
161391	4440	0.063498564
161391	4929	0.06349856
161391	1095	0.06349852
161391	6096	0.06347129
161391	4258	0.06347126
161391	3569	0.06347124
161391	1927	0.06309669
161391	966	0.06309661
161391	46	0.06292575
161467	320	0.04659057
161467	1690	0.04653252
161467	2327	0.04626666
161467	3659	0.0462597
161467	279	0.04620179
161467	5361	0.046107702
161467	3552	0.046107672
161467	1555	0.046080932
161467	2129	0.046059802
161467	4905	0.046029788
161476	1709	0.05849438
161476	715	0.058079246
161476	6211	0.057913486
161476	1251	0.057712868
161476	981	0.057609137
161476	5762	0.05756262
161476	503	0.05743276
161476	1599	0.057248287
161476	991	0.057211086
161476	507	0.057055414
161533	1499	0.0610519
161533	1816	0.060835503
161533	5617	0.060835466
161533	4356	0.06070733
161533	3506	0.060657877
161533	4197	0.060657825
161533	52	0.06054804
161533	6320	0.06047061
161533	5105	0.06042114
161533	490	0.06039908
161662	5304	0.055771716
161662	268	0.055732522
161662	1808	0.055349357
161662	1432	0.055347748
161662	6104	0.05519992
161662	5406	0.055198178
161662	5042	0.05519816
161662	6275	0.05514936
161662	5079	0.054910906
161662	2550	0.0549109
161677	2437	0.054371335
161677	1361	0.05437132
161677	6298	0.054371305
161677	427	0.05437129
161677	2852	0.05437124
161677	3400	0.054071378
161677	4284	0.0539785
161677	44	0.05395121
161677	2985	0.05395119
161677	4494	0.053944297
161744	5423	0.056126878
161744	5696	0.05604018
161744	1662	0.05604017
161744	6417	0.05604011
161744	3180	0.055988986
161744	2578	0.055988967
161744	4212	0.055910252
161744	4175	0.05590224
161744	6554	0.05590224
161744	1064	0.05582354
161750	2898	0.045005787
161750	1628	0.044759512
161750	4020	0.04459866
161750	4445	0.044443876
161750	5595	0.044414483
161750	2299	0.04440487
161750	3278	0.04439959
161750	4147	0.044205215
161750	3277	0.044085205
161750	9	0.044077326
161752	6566	0.04658763
161752	305	0.045981757
161752	3238	0.04579252
161752	2427	0.04570131
161752	662	0.04565604
161752	2289	0.045519076
161752	4051	0.0455036
161752	5064	0.045503557
161752	2148	0.045459248
161752	2894	0.04539562
161755	4432	0.059390634
161755	3213	0.059390567
161755	4882	0.059390552
161755	1370	0.059268564
161755	6865	0.058970354
161755	2063	0.05847109
161755	1586	0.058358073
161755	2950	0.058118246
161755	5254	0.05807066
161755	1447	0.05806955
161831	737	0.049223885
161831	6265	0.04916948
161831	3130	0.04916336
161831	4051	0.049118508
161831	5064	0.049118467
161831	344	0.04906317
161831	2346	0.049047925
161831	3819	0.049047887
161831	4598	0.049047865
161831	5729	0.04896682
161870	6855	0.047038138
161870	5575	0.04703813
161870	1287	0.046437263
161870	3208	0.04635006
161870	1083	0.04612408
161870	5407	0.045851313
161870	561	0.04581588
161870	5297	0.04554306
161870	5154	0.045426846
161870	6414	0.045236588
161880	3655	0.046547294
161880	1152	0.046547282
161880	5831	0.046547275
161880	6524	0.04644994
161880	3574	0.046449907
161880	3800	0.046449903
161880	4715	0.04628495
161880	1809	0.046220496
161880	6266	0.046123147
161880	4205	0.045989223
161882	5815	0.059561476
161882	20	0.059561454
161882	2867	0.059561435
161882	739	0.05907602
161882	487	0.05887886
161882	1708	0.058775246
161882	158	0.058403883
161882	1602	0.05826681
161882	620	0.058230188
161882	1268	0.058186725
161903	711	0.043208774
161903	2113	0.043071248
161903	5283	0.042950395
161903	1380	0.04286488
161903	19	0.042838715
161903	3564	0.0422411
161903	162	0.0421475
161903	260	0.04206175
161903	6670	0.042005297
161903	1272	0.041980974
161936	2983	0.042370014
161936	2006	0.042274382
161936	4858	0.04214144
161936	3373	0.04205127
161936	1973	0.04205124
161936	789	0.042051226
161936	4878	0.04205121
161936	5828	0.041875012
161936	413	0.041800857
161936	4885	0.041800823
161974	34	0.04683059
161974	1432	0.04641489
161974	3534	0.04621021
161974	268	0.046124794
161974	1665	0.046071194
161974	1035	0.046071164
161974	3364	0.046035655
161974	577	0.04600126
161974	4696	0.046001256
161974	3846	0.045906078
162001	338	0.05231625
162001	341	0.05231625
162001	1260	0.052316234
162001	5601	0.052316204
162001	3104	0.052310817
162001	3581	0.052240815
162001	2317	0.051975057
162001	708	0.051651187
162001	434	0.051651165
162001	3064	0.051309977
162014	5218	0.03772511
162014	5496	0.03772508
162014	1258	0.037695456
162014	3928	0.03769545
162014	1962	0.03769543
162014	3803	0.03769543
162014	42	0.037695415
162014	3209	0.037675977
162014	72	0.03767597
162014	4668	0.037646372
162019	352	0.06171171
162019	1630	0.0616411
162019	1783	0.061526943
162019	6259	0.0612486
162019	730	0.061105795
162019	689	0.06100651
162019	2823	0.06082624
162019	504	0.060508996
162019	2156	0.060417715
162019	2222	0.06006208
162030	6275	0.053558785
162030	411	0.053552367
162030	1336	0.053498022
162030	575	0.05348917
162030	292	0.053439923
162030	5991	0.053439885
162030	2324	0.053417545
162030	5771	0.053305782
162030	1192	0.053220354
162030	4221	0.053032637
162121	4134	0.043998346
162121	1183	0.043676067
162121	3520	0.043560006
162121	649	0.04341135
162121	935	0.04331218
162121	1576	0.04331088
162121	1205	0.043253276
162121	210	0.043253243
162121	2503	0.043239165
162121	1956	0.04314141
162155	2331	0.056547735
162155	5835	0.056519274
162155	644	0.05619343
162155	1426	0.056168005
162155	4583	0.056167975
162155	3053	0.0556802
162155	6574	0.055651724
162155	2636	0.055525508
162155	234	0.055442043
162155	1665	0.05533743
162219	5869	0.033000633
162219	1483	0.032972675
162219	3225	0.032732807
162219	6040	0.032712527
162219	3935	0.032572567
162219	4018	0.03250059
162219	6647	0.032248545
162219	6342	0.03213595
162219	5125	0.032081682
162219	5743	0.03201945
162264	4483	0.06416628
162264	3421	0.064166255
162264	5927	0.06416622
162264	4924	0.0641662
162264	6839	0.0641662
162264	6016	0.06394375
162264	1247	0.06394374
162264	5245	0.063943736
162264	4071	0.063913524
162264	861	0.06391351
162311	3064	0.0708143
162311	708	0.06981976
162311	434	0.06981972
162311	2317	0.06970448
162311	3581	0.069261566
162311	341	0.068709955
162311	338	0.06870992
162311	1260	0.06870989
162311	5601	0.06870985
162311	3104	0.06775852
162376	5936	0.06137961
162376	552	0.061379585
162376	457	0.06136547
162376	5567	0.061274506
162376	4227	0.061250042
162376	637	0.061147742
162376	4450	0.06107121
162376	6317	0.06099951
162376	2366	0.060883995
162376	1397	0.06079301
162380	448	0.057371195
162380	2503	0.05736267
162380	2387	0.056928705
162380	6111	0.056893475
162380	2991	0.05683969
162380	1076	0.05680199
162380	693	0.056636944
162380	1492	0.056525283
162380	710	0.056373887
162380	1817	0.05613552
162538	406	0.076049395
162538	243	0.07518692
162538	1389	0.07491848
162538	1193	0.07445142
162538	645	0.07403356
162538	3909	0.07403353
162538	1764	0.073815435
162538	5792	0.07377827
162538	420	0.07373512
162538	1592	0.073625304
162562	581	0.042759195
162562	781	0.04272544
162562	50	0.042436816
162562	5781	0.042392302
162562	448	0.042253215
162562	41	0.042191576
162562	127	0.042099774
162562	70	0.04203795
162562	5404	0.04203793
162562	1817	0.041999705
162590	458	0.062137086
162590	883	0.061876915
162590	4438	0.061876908
162590	4876	0.061876826
162590	1284	0.061640233
162590	600	0.061597884
162590	3794	0.06154487
162590	397	0.061271496
162590	3104	0.061153725
162590	6709	0.06085798
162610	4345	0.035963763
162610	4652	0.03596375
162610	6582	0.03596375
162610	1002	0.035963736
162610	5605	0.0359394
162610	360	0.035939388
162610	4515	0.035939354
162610	5719	0.035920985
162610	5551	0.03592097
162610	1059	0.035920948
162626	3209	0.052619018
162626	72	0.05261899
162626	5010	0.052439727
162626	2156	0.05230262
162626	6099	0.052117676
162626	3517	0.05193843
162626	5222	0.051938407
162626	2915	0.051938392
162626	3457	0.05193837
162626	4668	0.05184733
162662	1219	0.041208886
162662	435	0.041196562
162662	5567	0.04115014
162662	240	0.040939115
162662	457	0.040784243
162662	930	0.040620796
162662	465	0.04062076
162662	3142	0.040620748
162662	3328	0.040531036
162662	665	0.04051999
162671	4105	0.05255006
162671	428	0.05235213
162671	536	0.052267764
162671	2788	0.05222941
162671	3455	0.052128926
162671	3480	0.05196839
162671	6080	0.051958468
162671	1214	0.05195453
162671	4811	0.05191606
162671	1577	0.051903162
162738	526	0.06264295
162738	1961	0.062373728
162738	715	0.06158659
162738	1068	0.061573863
162738	1251	0.06142986
162738	2725	0.060781296
162738	4332	0.060544744
162738	2950	0.060529783
162738	1594	0.060386702
162738	1527	0.06020382
162762	604	0.057736844
162762	925	0.05745092
162762	405	0.057356827
162762	1627	0.057323128
162762	2024	0.05730609
162762	37	0.057173904
162762	5114	0.057020172
162762	1731	0.05687577
162762	1286	0.056615464
162762	2951	0.056504548
162780	6075	0.057014167
162780	575	0.05686188
162780	2413	0.056651637
162780	1196	0.056599177
162780	2193	0.056279533
162780	2995	0.056279514
162780	209	0.056251496
162780	1181	0.055805057
162780	5702	0.055791218
162780	4606	0.05574567
162827	1579	0.053352844
162827	1100	0.053100146
162827	1761	0.053086802
162827	1564	0.05289893
162827	4146	0.05266395
162827	4845	0.052524492
162827	1577	0.052477002
162827	1782	0.05247375
162827	3480	0.05242791
162827	2235	0.05239121
162840	3264	0.036657713
162840	1625	0.0366577
162840	2278	0.036621284
162840	2700	0.03660829
162840	327	0.036608268
162840	3951	0.036608264
162840	2573	0.03660476
162840	1316	0.03660473
162840	3220	0.036604725
162840	3858	0.036591776
162849	825	0.04086899
162849	4475	0.040784076
162849	826	0.04078232
162849	3429	0.040768854
162849	3173	0.040765792
162849	856	0.040747218
162849	2909	0.040701147
162849	3387	0.04061457
162849	5309	0.040614545
162849	4707	0.04056841
162886	3517	0.06197951
162886	5222	0.061979476
162886	2915	0.061979473
162886	3457	0.061979435
162886	6099	0.061933704
162886	4483	0.061784726
162886	3421	0.061784692
162886	5927	0.061784655
162886	4924	0.06178464
162886	6839	0.06178461
163169	2516	0.059472866
163169	2007	0.059331294
163169	1709	0.05906129
163169	158	0.05892488
163169	800	0.058708146
163169	2725	0.058707066
163169	1640	0.058475614
163169	2398	0.058475588
163169	4165	0.05834444
163169	1527	0.057989027
163194	268	0.054548465
163194	5304	0.05452165
163194	5406	0.054477982
163194	5042	0.054477967
163194	409	0.054128855
163194	6275	0.0541154
163194	6104	0.05408656
163194	292	0.05404494
163194	5991	0.054044925
163194	1808	0.05397576
163202	1702	0.048297882
163202	4585	0.048236787
163202	1480	0.04817474
163202	4280	0.048111927
163202	5402	0.0481034
163202	2902	0.04795461
163202	4850	0.047913454
163202	885	0.047913067
163202	784	0.047841564
163202	5884	0.047841504
163302	3581	0.054283425
163302	341	0.05396647
163302	338	0.053966455
163302	1260	0.05396644
163302	5601	0.05396641
163302	1781	0.053654585
163302	3104	0.053441606
163302	1817	0.053404294
163302	133	0.05340425
163302	41	0.053356104
163307	4684	0.04235907
163307	5316	0.042172305
163307	3879	0.042172287
163307	5014	0.04204744
163307	1801	0.041839622
163307	5627	0.041825242
163307	6202	0.041231435
163307	5834	0.041121893
163307	336	0.041028164
163307	2218	0.04096359
163319	6196	0.03425273
163319	4627	0.0342414
163319	5106	0.034146957
163319	6397	0.033959933
163319	3561	0.0339124
163319	5742	0.033761397
163319	3832	0.033750042
163319	6680	0.033665385
163319	5728	0.033665337
163319	4142	0.033577144
163326	718	0.035128217
163326	4186	0.03510721
163326	3518	0.03498155
163326	1771	0.034954958
163326	3815	0.03493958
163326	1259	0.03493957
163326	1907	0.03493956
163326	6105	0.03493955
163326	1965	0.034939546
163326	1939	0.034939528
163329	1023	0.04973456
163329	2231	0.04973452
163329	636	0.04963002
163329	2920	0.049630016
163329	2360	0.04963001
163329	3440	0.04963
163329	2407	0.049615577
163329	1027	0.049615566
163329	1777	0.049615562
163329	1655	0.04961553
163335	5849	0.051096335
163335	3969	0.051096283
163335	3109	0.051006943
163335	2851	0.05059506
163335	5141	0.050530892
163335	1785	0.050517946
163335	4827	0.05042862
163335	593	0.050428607
163335	2974	0.0503744
163335	1427	0.05037432
163358	1527	0.043803208
163358	1961	0.04373523
163358	2725	0.04325267
163358	1268	0.043244526
163358	2950	0.04305195
163358	1068	0.04303515
163358	526	0.043026406
163358	169	0.043004595
163358	1594	0.042590916
163358	4165	0.04215566
163415	5917	0.0449254
163415	6302	0.044925384
163415	3027	0.0446171
163415	5623	0.044617087
163415	4665	0.044602003
163415	337	0.04460197
163415	655	0.044465467
163415	5901	0.04437989
163415	2370	0.044362683
163415	3610	0.044322036
163419	1428	0.036422294
163419	628	0.036319077
163419	397	0.03622061
163419	824	0.036182676
163419	2009	0.03602808
163419	804	0.03602673
163419	2996	0.03602672
163419	1355	0.035998322
163419	6887	0.03593117
163419	637	0.035894852
163430	5340	0.07056824
163430	3177	0.07045919
163430	1743	0.0704591
163430	2545	0.070290215
163430	176	0.069959745
163430	5675	0.06991834
163430	712	0.06962246
163430	1269	0.06962236
163430	1328	0.06959817
163430	3359	0.06936161
163433	3678	0.06275959
163433	965	0.062759556
163433	1396	0.062759556
163433	1747	0.06275953
163433	696	0.062295623
163433	646	0.06191713
163433	5414	0.061917126
163433	5953	0.06191711
163433	5604	0.061837725
163433	1086	0.06183109
163443	1557	0.036148697
163443	5966	0.03607078
163443	3737	0.036023445
163443	5179	0.035966575
163443	4907	0.035827864
163443	1744	0.035827853
163443	6625	0.03582118
163443	5019	0.035775058
163443	2035	0.03571812
163443	4520	0.03570759
163467	4134	0.0646542
163467	1183	0.06460759
163467	1956	0.064223215
163467	649	0.064104475
163467	1576	0.064006954
163467	4980	0.063533865
163467	3520	0.06349382
163467	935	0.063406095
163467	5448	0.06338565
163467	1555	0.06328933
163488	3678	0.051675476
163488	1396	0.051675446
163488	965	0.05167544
163488	1747	0.05167543
163488	696	0.051500432
163488	5604	0.051140983
163488	2175	0.051113356
163488	939	0.051113278
163488	646	0.051077798
163488	5414	0.051077783
163534	4281	0.048970804
163534	6841	0.04856304
163534	5615	0.048128422
163534	5851	0.047709048
163534	3980	0.047663305
163534	2895	0.047656912
163534	368	0.04763086
163534	3067	0.047578596
163534	6467	0.04735034
163534	6717	0.04727125
163570	4768	0.061803468
163570	720	0.06142214
163570	800	0.061399586
163570	4165	0.061260235
163570	2007	0.061237577
163570	4982	0.06116368
163570	3770	0.061097924
163570	158	0.061027724
163570	2858	0.06078565
163570	707	0.060564447
163579	641	0.052476525
163579	2420	0.052065074
163579	805	0.051001124
163579	2632	0.050998725
163579	2216	0.050652828
163579	4970	0.05045127
163579	3214	0.050428078
163579	514	0.050296154
163579	3883	0.05003369
163579	1569	0.049894385
163600	5458	0.043120813
163600	4819	0.043079782
163600	362	0.04296104
163600	6138	0.042953484
163600	2896	0.042943735
163600	271	0.042912357
163600	1353	0.042839136
163600	3123	0.04279804
163600	6681	0.042779833
163600	6235	0.042779777
163612	1527	0.049495805
163612	1268	0.049443483
163612	1961	0.04929988
163612	620	0.048630025
163612	2950	0.04842826
163612	526	0.048417844
163612	794	0.0483372
163612	5352	0.048325893
163612	1708	0.04826681
163612	169	0.04801827
163676	414	0.053870082
163676	1690	0.05380047
163676	1444	0.05353595
163676	2961	0.05353592
163676	3056	0.053259537
163676	997	0.0532049
163676	2870	0.053204894
163676	279	0.05316893
163676	2883	0.05314296
163676	459	0.05295393
163759	5734	0.044532876
163759	2099	0.044505835
163759	2624	0.044128805
163759	5323	0.0441063
163759	2166	0.044079382
163759	6344	0.043940455
163759	4078	0.04386132
163759	475	0.04383438
163759	6068	0.043834347
163759	2487	0.043755904
163761	6592	0.04763496
163761	1605	0.047634922
163761	1992	0.047478348
163761	4503	0.04735545
163761	6853	0.047009937
163761	2619	0.047009908
163761	2164	0.046941977
163761	2644	0.04673045
163761	2614	0.046595808
163761	3277	0.046479013
163796	5317	0.05550684
163796	5714	0.055506818
163796	3688	0.055323303
163796	5029	0.05528
163796	5967	0.05527996
163796	5251	0.055199258
163796	5445	0.055167206
163796	2083	0.055132397
163796	5888	0.055132367
163796	4150	0.055100404
163804	5586	0.04851612
163804	2732	0.048266783
163804	5254	0.048188005
163804	140	0.048111185
163804	4910	0.0480944
163804	892	0.048073817
163804	78	0.048057117
163804	442	0.048056975
163804	2077	0.048056975
163804	2026	0.048019618
163851	5815	0.052225687
163851	20	0.052225675
163851	2867	0.052225657
163851	739	0.051706385
163851	1708	0.05142556
163851	459	0.051393278
163851	1602	0.05135394
163851	487	0.051173653
163851	620	0.05061789
163851	158	0.050595626
163876	1185	0.068024695
163876	1055	0.06753932
163876	4458	0.06720241
163876	1773	0.06714994
163876	653	0.06711415
163876	157	0.06705311
163876	1764	0.06694474
163876	1212	0.066856466
163876	5570	0.06685645
163876	1058	0.06679622
163973	198	0.050823875
163973	344	0.05078718
163973	2709	0.05076184
163973	2423	0.050752874
163973	4903	0.050686438
163973	266	0.05068642
163973	3475	0.050678678
163973	6278	0.05060438
163973	5501	0.0504804
163973	86	0.05047407
164027	1764	0.06632123
164027	4458	0.06527364
164027	3433	0.06515683
164027	1592	0.06478059
164027	1631	0.064739645
164027	575	0.06459786
164027	1185	0.06411625
164027	645	0.06396203
164027	3909	0.063962
164027	5771	0.06392097
164096	153	0.050650585
164096	1358	0.050360885
164096	6281	0.05035787
164096	6023	0.050240602
164096	1084	0.050021883
164096	5328	0.050021872
164096	788	0.050017186
164096	1634	0.04988387
164096	5216	0.049883842
164096	4325	0.049840204
164105	37	0.05033035
164105	6291	0.050004058
164105	1286	0.04982313
164105	2391	0.04969923
164105	925	0.04951573
164105	604	0.049491316
164105	1212	0.049266003
164105	5570	0.049266003
164105	3342	0.04924553
164105	5114	0.04920972
164301	1054	0.04015676
164301	4675	0.040156752
164301	3953	0.04015671
164301	4255	0.0400785
164301	1728	0.04005165
164301	5598	0.039973434
164301	793	0.03997343
164301	2965	0.039928786
164301	3567	0.039894093
164301	4895	0.03988377
164323	2795	0.06358154
164323	2543	0.06319947
164323	611	0.06316643
164323	169	0.06303016
164323	67	0.062746786
164323	202	0.062561475
164323	2725	0.06253656
164323	1854	0.06239775
164323	1626	0.0623787
164323	1268	0.062336877
164425	407	0.048789658
164425	1058	0.048373688
164425	2469	0.04836501
164425	781	0.048268966
164425	70	0.048042655
164425	5404	0.04804263
164425	404	0.047949463
164425	809	0.04790225
164425	2991	0.04790009
164425	6111	0.047836907
164480	693	0.057994917
164480	68	0.05797476
164480	1947	0.057960488
164480	809	0.057860628
164480	85	0.057485454
164480	4227	0.05746535
164480	1971	0.057419024
164480	691	0.057398975
164480	1177	0.05734083
164480	882	0.057273626
164492	3264	0.045929283
164492	1625	0.045929275
164492	2700	0.04592488
164492	327	0.045924842
164492	3951	0.045924842
164492	5039	0.045901354
164492	1739	0.04590132
164492	2278	0.045858227
164492	3858	0.045845054
164492	2332	0.045830227
164518	5702	0.0627532
164518	550	0.06243647
164518	1616	0.062339414
164518	1942	0.062285487
164518	1286	0.06195533
164518	3342	0.061845634
164518	1680	0.0616303
164518	6291	0.061508603
164518	664	0.061490137
164518	3433	0.061267648
164533	6290	0.048356194
164533	4138	0.048341535
164533	1982	0.047922485
164533	2882	0.047881126
164533	4251	0.047845602
164533	1736	0.04781261
164533	2840	0.04771322
164533	3044	0.047709893
164533	5949	0.047669128
164533	1245	0.047623515
164549	1068	0.036154218
164549	1251	0.03614796
164549	440	0.036106836
164549	1594	0.036093876
164549	1329	0.036051527
164549	3144	0.035799548
164549	1401	0.035799526
164549	2857	0.03579311
164549	1056	0.035793096
164549	5230	0.03569075
164581	2156	0.073830485
164581	573	0.07227027
164581	991	0.07169308
164581	503	0.0711013
164581	1643	0.07107134
164581	1220	0.07083558
164581	730	0.070532694
164581	3209	0.07037626
164581	72	0.07037622
164581	814	0.07036751
164584	4433	0.065204814
164584	1830	0.06491758
164584	6456	0.064917564
164584	428	0.064908385
164584	536	0.06479099
164584	5833	0.06476374
164584	1577	0.06475211
164584	1181	0.06471559
164584	6080	0.06465606
164584	2193	0.06462285
164675	1251	0.04238956
164675	1961	0.0421932
164675	2725	0.042148888
164675	715	0.042100392
164675	1068	0.042051252
164675	1594	0.042019717
164675	2950	0.041827805
164675	1527	0.041780427
164675	1329	0.041729856
164675	1709	0.041687563
164728	4335	0.041159846
164728	3280	0.040794253
164728	19	0.04075861
164728	73	0.0407181
164728	474	0.040421948
164728	2710	0.04037872
164728	2692	0.04028052
164728	711	0.040256925
164728	1264	0.040236585
164728	3973	0.040210463
164775	613	0.047560345
164775	1690	0.04680842
164775	320	0.04662081
164775	879	0.04655895
164775	2327	0.04653137
164775	1387	0.0465313
164775	414	0.046512045
164775	2883	0.0464295
164775	1261	0.04638946
164775	1076	0.04604532
164828	1841	0.06084504
164828	2615	0.060720775
164828	6344	0.06070678
164828	6296	0.060651407
164828	3412	0.060597263
164828	2614	0.060564958
164828	6497	0.06049549
164828	4894	0.06044079
164828	993	0.060330577
164828	3831	0.060242593
164870	1027	0.055452958
164870	2407	0.05545294
164870	1777	0.055452928
164870	1655	0.055452902
164870	2194	0.0554529
164870	1559	0.055452846
164870	929	0.055270147
164870	6093	0.055270113
164870	1259	0.055226054
164870	3815	0.055226054
164906	1270	0.04590912
164906	5163	0.045909084
164906	1380	0.045696467
164906	2427	0.04555676
164906	6670	0.04532672
164906	358	0.04529918
164906	4448	0.04528843
164906	6177	0.04528843
164906	197	0.045287494
164906	3564	0.045255244
164926	1066	0.056244306
164926	2456	0.056236103
164926	1800	0.056141198
164926	1902	0.055572294
164926	883	0.055274427
164926	4438	0.05527442
164926	4876	0.05527438
164926	3794	0.055199035
164926	573	0.054779388
164926	3943	0.054587044
165073	6135	0.044213966
165073	2255	0.044213947
165073	6289	0.044213925
165073	4601	0.044213902
165073	6204	0.044131093
165073	4382	0.044050194
165073	2297	0.04399562
165073	5941	0.043995596
165073	3829	0.043995578
165073	5311	0.043995578
165183	604	0.06921618
165183	653	0.06909283
165183	925	0.06896627
165183	2024	0.068882145
165183	1286	0.068816006
165183	592	0.06881346
165183	1212	0.06878579
165183	5570	0.06878578
165183	37	0.06875938
165183	460	0.06873983
165232	1615	0.05412285
165232	4958	0.0540184
165232	5229	0.053983558
165232	1455	0.053557266
165232	146	0.053199552
165232	6739	0.052780665
165232	2945	0.052602835
165232	5583	0.05222431
165232	2731	0.052224237
165232	4831	0.05167044
165267	4452	0.045606937
165267	3224	0.04558151
165267	2289	0.045578003
165267	3069	0.045477957
165267	1106	0.04538088
165267	266	0.04531879
165267	4903	0.04531879
165267	3475	0.045266937
165267	4408	0.04525517
165267	1295	0.04525511
165268	6039	0.03858331
165268	5532	0.038431555
165268	6728	0.038407184
165268	1379	0.03837988
165268	4340	0.038344145
165268	5371	0.03833192
165268	3784	0.038331874
165268	4256	0.03830793
165268	519	0.038305357
165268	5843	0.03828129
165308	526	0.053228315
165308	910	0.053121082
165308	6382	0.05294995
165308	6782	0.05276493
165308	1961	0.052682914
165308	5352	0.05253747
165308	202	0.052511327
165308	4560	0.052321047
165308	169	0.052276183
165308	1586	0.052168153
165319	350	0.039828673
165319	3285	0.03944301
165319	1248	0.039214224
165319	4570	0.03919721
165319	456	0.039149895
165319	5867	0.039134026
165319	3315	0.03901609
165319	2215	0.039010264
165319	4560	0.038832918
165319	572	0.03872028
165345	460	0.056015693
165345	592	0.0559882
165345	1680	0.05596614
165345	3949	0.05578357
165345	35	0.055387445
165345	3114	0.05538735
165345	664	0.05519718
165345	1033	0.055121116
165345	938	0.055121094
165345	636	0.055093676
165425	5437	0.0398121
165425	6464	0.039812088
165425	5600	0.0398103
165425	3904	0.039734475
165425	5146	0.039732702
165425	4310	0.03967201
165425	3472	0.03942909
165425	5063	0.039416812
165425	3099	0.039416745
165425	5065	0.039415054
165512	1070	0.046568118
165512	1405	0.046383362
165512	816	0.04614217
165512	473	0.045644976
165512	2281	0.045519076
165512	480	0.0454829
165512	3169	0.045380555
165512	1600	0.04537846
165512	622	0.04526291
165512	471	0.045129884
165516	6845	0.040873416
165516	2155	0.0407976
165516	1014	0.040703833
165516	6790	0.040561557
165516	6676	0.04043732
165516	6157	0.040415954
165516	6313	0.040402077
165516	374	0.04022834
165516	4171	0.04017854
165516	1126	0.040169552
165576	1228	0.052680146
165576	669	0.052680127
165576	3420	0.05268012
165576	6906	0.052680116
165576	2382	0.05268011
165576	6909	0.052680094
165576	5028	0.05268009
165576	1762	0.052680083
165576	4430	0.052680083
165576	4909	0.052680083
165582	1261	0.056075167
165582	606	0.055849776
165582	504	0.05520707
165582	971	0.05492629
165582	2883	0.054835204
165582	127	0.054782394
165582	1640	0.054759398
165582	2398	0.05475939
165582	611	0.054701343
165582	5815	0.0545796
165669	1781	0.042407535
165669	338	0.042249493
165669	341	0.04224949
165669	1260	0.04224948
165669	5601	0.042249456
165669	3581	0.042224076
165669	2179	0.042197924
165669	3104	0.04217603
165669	3796	0.042126924
165669	1817	0.04200713
165758	816	0.03940026
165758	3197	0.039307628
165758	480	0.039286777
165758	1472	0.03927908
165758	3169	0.03917463
165758	2281	0.03906064
165758	983	0.039047725
165758	471	0.039044835
165758	3512	0.038995463
165758	988	0.03894945
165769	1436	0.062156737
165769	613	0.06185137
165769	1713	0.061477087
165769	2362	0.06146008
165769	1691	0.061389513
165769	2176	0.06083033
165769	4538	0.060830317
165769	1411	0.060820453
165769	710	0.060766544
165769	448	0.06040677
165806	5059	0.04124767
165806	6745	0.04114701
165806	748	0.04113291
165806	5234	0.04112267
165806	591	0.0410404
165806	3542	0.041021965
165806	4616	0.04099291
165806	1147	0.040974498
165806	1791	0.040974453
165806	3911	0.040814754
165866	2374	0.045234144
165866	2964	0.0451151
165866	2513	0.04503447
165866	469	0.04488221
165866	660	0.044866294
165866	2178	0.04444707
165866	2804	0.04426238
165866	3300	0.04397743
165866	6719	0.04387231
165866	40	0.043773703
165884	5960	0.05576308
165884	1853	0.055758107
165884	452	0.055758014
165884	6898	0.05570366
165884	3436	0.05562973
165884	149	0.055576123
165884	6384	0.055576116
165884	1859	0.05553264
165884	3805	0.055532634
165884	3696	0.055488538
165914	5602	0.043929864
165914	2352	0.04390077
165914	6566	0.04378868
165914	6637	0.04366909
165914	5733	0.04332282
165914	737	0.04326383
165914	3337	0.043207504
165914	194	0.043181002
165914	4798	0.043169964
165914	4051	0.043140803
165987	6759	0.039880216
165987	4602	0.039783455
165987	905	0.03969816
165987	5221	0.039682373
165987	2078	0.03968236
165987	6446	0.03968235
165987	1825	0.039682336
165987	2221	0.039672464
165987	4443	0.039580844
165987	3456	0.03958084
166017	3127	0.05167256
166017	3679	0.05154416
166017	3066	0.051463924
166017	5718	0.051442083
166017	413	0.051423833
166017	4885	0.0514238
166017	4170	0.051375
166017	650	0.051292013
166017	1674	0.051291995
166017	5828	0.05118986
166030	2712	0.038969144
166030	764	0.038969107
166030	27	0.038969096
166030	367	0.038963005
166030	1852	0.038962983
166030	6141	0.03896297
166030	2573	0.03895946
166030	5285	0.03895946
166030	1316	0.03895943
166030	3220	0.03895942
166123	1521	0.050061986
166123	3673	0.05005245
166123	2576	0.049483776
166123	3974	0.049474195
166123	5626	0.049308322
166123	164	0.049247928
166123	6728	0.049213804
166123	2121	0.049210228
166123	5371	0.049187545
166123	3784	0.049187478
166141	4281	0.046742875
166141	6841	0.046018653
166141	2895	0.045876026
166141	368	0.04570037
166141	5615	0.045616068
166141	6157	0.045565788
166141	677	0.045453858
166141	3067	0.04544966
166141	3020	0.04536879
166141	4648	0.045365296
166291	1166	0.0439768
166291	4140	0.043976784
166291	4285	0.043976773
166291	1337	0.04397677
166291	6143	0.04368774
166291	3504	0.043644864
166291	1222	0.043617167
166291	3032	0.043552443
166291	3587	0.04340922
166291	4279	0.043409176
166327	3433	0.07480847
166327	1680	0.07453297
166327	1185	0.07444437
166327	1942	0.07438862
166327	575	0.074176654
166327	2413	0.07395817
166327	1616	0.07386398
166327	5702	0.073796205
166327	550	0.07355641
166327	1631	0.07335701
166391	892	0.054019615
166391	140	0.053698875
166391	1229	0.053390756
166391	1862	0.053378332
166391	6590	0.053349346
166391	5361	0.05325389
166391	3552	0.053253867
166391	2066	0.05318657
166391	6543	0.052985717
166391	2732	0.05297846
166409	3583	0.061159912
166409	235	0.061059467
166409	5567	0.060658846
166409	6493	0.060561076
166409	4870	0.060257517
166409	4120	0.060215168
166409	214	0.060136817
166409	457	0.060019128
166409	933	0.059836097
166409	6127	0.059745587
166492	4479	0.042657714
166492	1732	0.042453155
166492	2030	0.042453155
166492	4328	0.042273216
166492	6838	0.042087328
166492	1975	0.042084664
166492	820	0.04205884
166492	5757	0.042047445
166492	5104	0.042036787
166492	6325	0.04200817
166596	1796	0.04393951
166596	1659	0.043527428
166596	3919	0.04342675
166596	6385	0.04338547
166596	4029	0.04338545
166596	5744	0.043324996
166596	1320	0.043300778
166596	1085	0.043239847
166596	4883	0.04313027
166596	909	0.04293592
166639	6524	0.050784938
166639	3574	0.050784893
166639	3800	0.05078489
166639	3655	0.050695386
166639	1152	0.05069537
166639	5831	0.050695367
166639	6320	0.050610512
166639	4715	0.05055715
166639	109	0.050490655
166639	1893	0.050490588
166646	5961	0.058363467
166646	4182	0.058363423
166646	4037	0.058363415
166646	308	0.05833645
166646	6390	0.05833641
166646	538	0.058336403
166646	3111	0.058225036
166646	1026	0.05819805
166646	1417	0.05791681
166646	1556	0.057916794
166753	6648	0.037765186
166753	1861	0.037764356
166753	982	0.03754382
166753	3767	0.037368186
166753	5008	0.03728658
166753	5120	0.037211183
166753	6637	0.03720763
166753	3548	0.037098005
166753	506	0.03707485
166753	5602	0.037045836
166758	6843	0.058546107
166758	1576	0.058495454
166758	5331	0.05842077
166758	1760	0.058370695
166758	1183	0.058212984
166758	5315	0.058027476
166758	4134	0.057912074
166758	5082	0.057879664
166758	5693	0.057680286
166758	4773	0.057638112
166824	4636	0.054784875
166824	2593	0.05459651
166824	6523	0.054596506
166824	5282	0.054596502
166824	5823	0.054466367
166824	1353	0.054214515
166824	3174	0.054188896
166824	3893	0.054142617
166824	5493	0.054142576
166824	2535	0.054037225
166825	1389	0.0790558
166825	406	0.07892277
166825	1193	0.07847653
166825	420	0.07825966
166825	614	0.07758716
166825	2093	0.07742345
166825	3705	0.07676217
166825	247	0.07661328
166825	2620	0.07641851
166825	2203	0.075755164
166828	1702	0.03116048
166828	4585	0.031133758
166828	565	0.031119607
166828	1357	0.031028055
166828	1903	0.031027991
166828	3077	0.030963093
166828	4280	0.030865652
166828	5402	0.030721802
166828	784	0.030708006
166828	5884	0.030707963
166830	1346	0.040184245
166830	3988	0.04013954
166830	2036	0.04007548
166830	2291	0.03996389
166830	6227	0.039890688
166830	5793	0.039863333
166830	2922	0.039859436
166830	872	0.039814416
166830	1465	0.03974889
166830	2860	0.039748862
166891	109	0.050983235
166891	1893	0.050983187
166891	3124	0.050983176
166891	588	0.050983146
166891	4890	0.050983116
166891	3410	0.050983105
166891	3367	0.050862093
166891	6146	0.050574005
166891	6066	0.05049118
166891	52	0.05039104
166922	787	0.05191319
166922	1976	0.05174964
166922	5746	0.051602997
166922	1216	0.051602904
166922	4872	0.05148211
166922	6483	0.05133169
166922	6495	0.05128567
166922	6562	0.05128566
166922	205	0.051285654
166922	4699	0.051285643
167038	3133	0.054881062
167038	739	0.05427792
167038	1602	0.054264545
167038	5815	0.0541336
167038	2867	0.05413357
167038	347	0.05291188
167038	459	0.052705444
167038	1261	0.05253659
167038	188	0.052487977
167038	4726	0.052481726
167052	431	0.057538714
167052	1417	0.05745804
167052	1556	0.05745802
167052	201	0.057458002
167052	1029	0.057457983
167052	3716	0.057457976
167052	3719	0.057433434
167052	3666	0.05743342
167052	5440	0.05743341
167052	6669	0.057323866
167176	3175	0.05056745
167176	3626	0.050259277
167176	896	0.04985026
167176	2351	0.049754493
167176	2707	0.04951094
167176	6337	0.049449526
167176	2308	0.049376503
167176	3963	0.049246505
167176	5298	0.04912573
167176	5260	0.049048614
167189	3531	0.03685696
167189	2651	0.03683845
167189	4764	0.03673428
167189	6350	0.03670671
167189	5905	0.03661076
167189	3375	0.03660977
167189	2585	0.03656783
167189	522	0.03647802
167189	3314	0.03640645
167189	6663	0.036406428
167272	147	0.051551104
167272	4513	0.05155106
167272	2333	0.051292505
167272	159	0.051292464
167272	2732	0.051266663
167272	78	0.05121296
167272	3906	0.051024444
167272	5332	0.050845023
167272	63	0.050844967
167272	4910	0.05068054
167327	1193	0.071980655
167327	406	0.07128837
167327	2203	0.07023306
167327	4183	0.07013128
167327	4607	0.069455385
167327	3705	0.06938833
167327	2093	0.06938206
167327	645	0.0693167
167327	3909	0.069316655
167327	1389	0.0692516
167349	3399	0.045809202
167349	1453	0.045513205
167349	2847	0.04543533
167349	258	0.04542089
167349	996	0.045360476
167349	2704	0.045358855
167349	2697	0.045131247
167349	4631	0.045031775
167349	3674	0.044849955
167349	1044	0.044813342
167389	2966	0.048671663
167389	373	0.048605517
167389	625	0.04859622
167389	774	0.04859607
167389	3992	0.048413232
167389	2179	0.048375946
167389	4055	0.048303034
167389	338	0.04821314
167389	341	0.04821313
167389	1260	0.048213113
167471	4096	0.051491365
167471	2271	0.05149135
167471	5083	0.051491342
167471	2460	0.05149134
167471	2428	0.051491335
167471	2993	0.05149133
167471	1333	0.051491328
167471	1226	0.051491313
167471	3231	0.051491313
167471	71	0.05149129
167478	6122	0.051116735
167478	3903	0.050955232
167478	3810	0.050939888
167478	1142	0.05093988
167478	5269	0.050939873
167478	2733	0.05092135
167478	6472	0.050921343
167478	4223	0.050817154
167478	1146	0.050817147
167478	594	0.050778486
167494	742	0.0676936
167494	503	0.06732542
167494	4269	0.066641524
167494	4668	0.06660267
167494	6061	0.066505924
167494	1105	0.06639801
167494	5195	0.06632537
167494	1543	0.06632534
167494	3209	0.065965354
167494	72	0.065965325
167507	3390	0.04196872
167507	2185	0.04194384
167507	6643	0.04194381
167507	5820	0.041732684
167507	2265	0.041698143
167507	2076	0.04169812
167507	2307	0.041512653
167507	3387	0.041501798
167507	5309	0.041501775
167507	5090	0.041462116
167517	1193	0.073808655
167517	406	0.07282397
167517	2093	0.0728234
167517	2203	0.072335064
167517	4183	0.07200971
167517	4496	0.0719854
167517	1389	0.07191638
167517	4607	0.0719099
167517	1880	0.07189419
167517	2432	0.0714773
167521	4281	0.0460454
167521	6841	0.0458571
167521	5615	0.045601953
167521	677	0.04553031
167521	5851	0.045503862
167521	4648	0.04542979
167521	368	0.045400597
167521	3980	0.045377664
167521	6717	0.045363657
167521	5853	0.045311958
167556	2176	0.049837567
167556	4538	0.049837545
167556	613	0.049772806
167556	1411	0.049166717
167556	1436	0.04916433
167556	1691	0.048922654
167556	2362	0.04890439
167556	937	0.04887231
167556	152	0.0488723
167556	1713	0.048601426
167562	52	0.04574674
167562	3442	0.04574672
167562	3367	0.04570546
167562	189	0.045649122
167562	6427	0.045607843
167562	3090	0.04532097
167562	1114	0.045297146
167562	5593	0.045279656
167562	1397	0.04525713
167562	109	0.04522252
167587	4625	0.05197434
167587	319	0.051931694
167587	1523	0.051931694
167587	2189	0.051931657
167587	3439	0.051903337
167587	3582	0.051825043
167587	4237	0.051825028
167587	2390	0.051825024
167587	2729	0.051796697
167587	1501	0.05178237
167611	1066	0.04539378
167611	1800	0.04511213
167611	352	0.0443766
167611	2156	0.044232428
167611	3794	0.043936186
167611	573	0.043873586
167611	1430	0.043822765
167611	2456	0.043756217
167611	1902	0.04369461
167611	1897	0.043622963
167614	1193	0.06322089
167614	420	0.06305896
167614	406	0.06288693
167614	1389	0.06287198
167614	2093	0.062493984
167614	4496	0.06227015
167614	2620	0.06223863
167614	1880	0.062177896
167614	124	0.061969906
167614	4183	0.061716095
167678	2229	0.08498042
167678	5023	0.08434622
167678	4870	0.084333695
167678	5387	0.083391115
167678	2765	0.082437515
167678	4949	0.08191109
167678	2056	0.08168614
167678	4305	0.08134283
167678	933	0.08103953
167678	214	0.080282986
167722	4033	0.03241445
167722	5143	0.03241445
167722	6714	0.03241445
167722	4289	0.032414444
167722	1016	0.03241442
167722	3925	0.032266494
167722	5358	0.032266468
167722	5739	0.03224942
167722	5347	0.032249402
167722	4160	0.03224354
167746	169	0.04869458
167746	1961	0.048095755
167746	170	0.04808513
167746	526	0.048082016
167746	4332	0.04802508
167746	202	0.04785508
167746	1068	0.047762707
167746	1251	0.047635607
167746	910	0.047612492
167746	1594	0.047600783
167761	877	0.04396092
167761	4052	0.043724105
167761	5638	0.043685697
167761	5218	0.0436545
167761	5496	0.04365447
167761	5649	0.043572538
167761	3209	0.043493167
167761	72	0.043493144
167761	571	0.043446936
167761	987	0.04342401
167782	2393	0.05189537
167782	3578	0.05155976
167782	2328	0.051401198
167782	3462	0.05140118
167782	1109	0.05115621
167782	610	0.051112484
167782	597	0.051094025
167782	3730	0.051054295
167782	3654	0.0510369
167782	5561	0.050711475
167800	4432	0.036061414
167800	3213	0.036061373
167800	4882	0.03606136
167800	1370	0.035953805
167800	2063	0.035820983
167800	6865	0.0356425
167800	5254	0.035603814
167800	4201	0.035349563
167800	803	0.03529933
167800	4332	0.035252377
167812	1942	0.06990571
167812	1616	0.06985259
167812	550	0.06979683
167812	1680	0.06977563
167812	2625	0.06957205
167812	5502	0.06955469
167812	3313	0.06955466
167812	1023	0.06950161
167812	1772	0.06950159
167812	2231	0.06950156
167844	1751	0.04626091
167844	4545	0.04612334
167844	3380	0.046077542
167844	4286	0.045928225
167844	5399	0.045742474
167844	6317	0.045675993
167844	3792	0.04558848
167844	1132	0.045588464
167844	228	0.04558844
167844	4027	0.045458697
168016	1441	0.03196073
168016	4155	0.031960715
168016	5848	0.03196071
168016	2790	0.031960707
168016	3862	0.031960707
168016	4176	0.031960674
168016	6247	0.031944327
168016	6863	0.031944327
168016	5388	0.031808812
168016	6001	0.031808786
168029	2164	0.037054297
168029	694	0.037007086
168029	2259	0.037007064
168029	1992	0.036950395
168029	5931	0.036903203
168029	2264	0.036708467
168029	3746	0.036699098
168029	2240	0.036653243
168029	1995	0.0366503
168029	4070	0.03660455
168034	3076	0.05182393
168034	4393	0.05179394
168034	1685	0.051754393
168034	5044	0.051727086
168034	5657	0.05170333
168034	4920	0.051620424
168034	5046	0.05160647
168034	5047	0.05158084
168034	6030	0.05155081
168034	849	0.05149979
168036	1509	0.041262023
168036	6547	0.041121244
168036	1121	0.04098715
168036	1584	0.040960483
168036	6588	0.04093463
168036	2547	0.04091689
168036	4779	0.0407919
168036	1108	0.04079189
168036	1130	0.04079185
168036	1175	0.040787943
168047	1203	0.06239034
168047	4700	0.06167763
168047	6434	0.061677597
168047	6160	0.06145504
168047	6028	0.06135744
168047	911	0.0613574
168047	484	0.06135737
168047	3444	0.061357327
168047	4865	0.061287273
168047	2293	0.061240554
168064	235	0.051070336
168064	5567	0.05105304
168064	3583	0.051027164
168064	4305	0.050886046
168064	457	0.05074411
168064	4120	0.050638054
168064	1219	0.050428253
168064	4870	0.050295264
168064	6493	0.050201476
168064	51	0.050083887
168144	3678	0.061533593
168144	1396	0.061533567
168144	965	0.06153355
168144	1747	0.06153353
168144	696	0.061295778
168144	4683	0.06119682
168144	2365	0.061196767
168144	3896	0.061196763
168144	64	0.06119676
168144	587	0.061147973
168216	1591	0.04318066
168216	1994	0.043180607
168216	4614	0.042892314
168216	2773	0.04289009
168216	2276	0.042838484
168216	602	0.042828888
168216	4801	0.04277438
168216	1696	0.042752836
168216	2596	0.042752765
168216	2098	0.04266536
168387	2555	0.057104588
168387	213	0.057104535
168387	3445	0.057093132
168387	977	0.056995727
168387	6444	0.056995682
168387	1289	0.056945466
168387	1816	0.056880556
168387	5617	0.05688051
168387	1499	0.05686906
168387	1205	0.05684538
168388	3217	0.047137283
168388	1329	0.047091417
168388	6865	0.047008567
168388	5134	0.046794727
168388	4432	0.046765286
168388	3213	0.046765245
168388	4882	0.046765227
168388	3961	0.046555154
168388	440	0.04643349
168388	2992	0.046381477
168464	563	0.048033606
168464	2998	0.048033558
168464	5939	0.047550112
168464	750	0.047461685
168464	5109	0.047461685
168464	3826	0.04734171
168464	3001	0.047178723
168464	4849	0.047178615
168464	2648	0.04712239
168464	3902	0.047044232
168500	384	0.05236479
168500	3527	0.05236478
168500	1571	0.05236475
168500	1176	0.052351978
168500	2555	0.052341342
168500	213	0.05234129
168500	1816	0.05214512
168500	5617	0.052145086
168500	4715	0.052110836
168500	1289	0.052101128
168642	1430	0.042882517
168642	4235	0.04277007
168642	862	0.04250343
168642	227	0.042366304
168642	5864	0.042340007
168642	1897	0.042289916
168642	934	0.04228986
168642	61	0.042252816
168642	1902	0.042169064
168642	978	0.042079
168763	1417	0.056967326
168763	1556	0.056967296
168763	201	0.056967292
168763	1029	0.056967285
168763	3716	0.056967244
168763	3111	0.056910887
168763	5961	0.056906305
168763	4182	0.05690626
168763	4037	0.056906246
168763	6899	0.05671584
168805	5315	0.06302341
168805	4820	0.06267075
168805	6843	0.062625326
168805	3137	0.06258863
168805	3185	0.0625319
168805	3223	0.06253189
168805	2834	0.062531844
168805	2699	0.06241728
168805	4695	0.062415995
168805	2673	0.06204469
168816	657	0.06357768
168816	614	0.06331824
168816	54	0.063168846
168816	692	0.06294261
168816	243	0.06285794
168816	5140	0.062337354
168816	4245	0.06233588
168816	420	0.06233064
168816	1389	0.062257655
168816	432	0.062047746
168954	2918	0.06363213
168954	978	0.06361756
168954	3943	0.06361361
168954	1020	0.06326465
168954	862	0.063256115
168954	1291	0.06317876
168954	590	0.06313494
168954	61	0.06309533
168954	1284	0.06300112
168954	1971	0.06299403
168971	4228	0.04997265
168971	226	0.049940925
168971	1618	0.049940865
168971	2486	0.04988993
168971	4118	0.049858183
168971	441	0.04985818
168971	290	0.04985816
168971	4082	0.04985816
168971	3030	0.049858153
168971	3861	0.049858086
168985	1414	0.041869983
168985	6302	0.041869983
168985	3610	0.041808553
168985	5164	0.041675054
168985	3027	0.041661255
168985	5623	0.04166124
168985	2370	0.041474916
168985	1148	0.041466396
168985	5622	0.041466393
168985	2183	0.04146636
168999	98	0.044897027
168999	2669	0.04441972
168999	410	0.04425111
168999	978	0.044162415
168999	4401	0.04406965
168999	4867	0.04405333
168999	2881	0.043997057
168999	1504	0.04381822
168999	4793	0.043738313
168999	4026	0.043610938
169006	996	0.04917889
169006	258	0.0487932
169006	560	0.048633724
169006	1447	0.04838516
169006	5134	0.048332147
169006	391	0.048315953
169006	2704	0.048298232
169006	3337	0.048038088
169006	4108	0.04792803
169006	2542	0.047908686
169043	4554	0.042508733
169043	5359	0.042259052
169043	4259	0.042157095
169043	857	0.042149547
169043	1349	0.04214953
169043	4557	0.04214953
169043	992	0.042149507
169043	568	0.042147536
169043	4938	0.042120036
169043	6035	0.04201808
169057	1862	0.051154107
169057	3156	0.05108224
169057	5361	0.050916657
169057	3552	0.050916635
169057	892	0.050868765
169057	453	0.050809056
169057	1229	0.050692435
169057	331	0.050558954
169057	140	0.050526932
169057	3821	0.050328113
169192	988	0.047723435
169192	339	0.047581717
169192	5879	0.04742837
169192	537	0.047390573
169192	183	0.047358863
169192	2317	0.047167644
169192	2836	0.04706312
169192	1070	0.046980295
169192	983	0.046869144
169192	340	0.046747148
169223	4800	0.04832159
169223	5312	0.048101045
169223	8	0.04810103
169223	4043	0.048101008
169223	4938	0.04807546
169223	2018	0.04793091
169223	3226	0.047927327
169223	6035	0.04785497
169223	5980	0.04783285
169223	5978	0.047832813
169233	54	0.053378306
169233	1779	0.052866265
169233	5781	0.052263938
169233	781	0.052042708
169233	3207	0.051899068
169233	657	0.051835712
169233	727	0.051813878
169233	127	0.05170933
169233	540	0.051668126
169233	1626	0.051532768
169249	448	0.06644429
169249	1817	0.06633157
169249	133	0.066331536
169249	6111	0.066329315
169249	2387	0.06626993
169249	1781	0.06555878
169249	581	0.065533355
169249	710	0.06517047
169249	85	0.06491601
169249	3581	0.06490231
169282	4796	0.051216166
169282	6454	0.05112634
169282	1927	0.050983217
169282	966	0.05098317
169282	6333	0.05097323
169282	1682	0.05096116
169282	28	0.05096112
169282	2743	0.050961114
169282	4218	0.050961107
169282	1030	0.0509611
169309	3361	0.041675534
169309	5410	0.041675515
169309	2173	0.041675508
169309	3331	0.041675508
169309	4666	0.041461222
169309	4676	0.041461173
169309	3735	0.041461162
169309	1296	0.041448675
169309	3318	0.041259497
169309	3967	0.041259497
169310	536	0.04390029
169310	1577	0.043673124
169310	6080	0.04360522
169310	4221	0.04358034
169310	4105	0.0432683
169310	1238	0.043138694
169310	2193	0.04313068
169310	2995	0.04313066
169310	5223	0.043087013
169310	3480	0.04299479
169400	5071	0.028267495
169400	1692	0.028208138
169400	3296	0.028208114
169400	342	0.028148718
169400	6721	0.028124629
169400	4014	0.028124614
169400	1611	0.028078938
169400	3543	0.028066477
169400	1846	0.028028313
169400	17	0.028012507
169403	903	0.055519078
169403	3506	0.055405065
169403	4197	0.055405006
169403	5961	0.055286966
169403	4182	0.05528691
169403	4037	0.055286907
169403	5016	0.05526297
169403	308	0.055233598
169403	6390	0.05523356
169403	538	0.055233546
169438	4070	0.047067594
169438	5823	0.046979528
169438	2593	0.04694103
169438	5282	0.046941027
169438	6523	0.04694102
169438	4636	0.046841852
169438	1353	0.04682053
169438	5931	0.046731688
169438	2258	0.046605986
169438	2264	0.046594888
169450	384	0.060141347
169450	3527	0.060141347
169450	1571	0.060141318
169450	4715	0.06007367
169450	1947	0.060066983
169450	1289	0.05985861
169450	52	0.059787873
169450	3442	0.05978783
169450	1177	0.05973886
169450	3367	0.05972024
169465	1261	0.056543462
169465	3056	0.05598806
169465	2883	0.055987485
169465	611	0.05591124
169465	459	0.055691067
169465	127	0.05556746
169465	1444	0.05539951
169465	2961	0.055399463
169465	1626	0.05522679
169465	20	0.055184066
169492	3536	0.033041824
169492	1932	0.033002622
169492	199	0.03299523
169492	690	0.03299523
169492	207	0.032947645
169492	3066	0.03293488
169492	2917	0.032927085
169492	5593	0.03290104
169492	4170	0.032873265
169492	6671	0.032813825
169600	1070	0.05870211
169600	2317	0.058036823
169600	537	0.05792503
169600	1405	0.057763293
169600	816	0.057651423
169600	183	0.05762589
169600	1600	0.057610445
169600	339	0.057514004
169600	2281	0.057504978
169600	3169	0.057240415
169663	3631	0.051732328
169663	240	0.051529445
169663	457	0.05151555
169663	5567	0.051439233
169663	2983	0.051228546
169663	789	0.051152237
169663	1973	0.05115222
169663	4878	0.051152214
169663	5936	0.051149443
169663	552	0.051149417
169682	877	0.052740626
169682	5906	0.052675147
169682	5218	0.052650318
169682	5496	0.052650277
169682	1778	0.052617274
169682	1331	0.052592296
169682	5638	0.05256678
169682	2165	0.052497126
169682	1258	0.052446857
169682	3928	0.052446842
169692	2155	0.03965544
169692	6682	0.039655402
169692	559	0.03964659
169692	6308	0.03964659
169692	6845	0.03953839
169692	617	0.03950056
169692	5499	0.039347928
169692	1435	0.039300904
169692	6313	0.039255783
169692	1127	0.039090708
169699	2070	0.06518237
169699	1662	0.06507166
169699	5696	0.06507166
169699	6417	0.06507158
169699	4175	0.064685345
169699	6554	0.06468532
169699	144	0.064519465
169699	2010	0.06443848
169699	2077	0.06438722
169699	442	0.06438718
169727	6111	0.07909257
169727	448	0.07879962
169727	1817	0.078556016
169727	133	0.07855597
169727	5404	0.07848541
169727	710	0.07791054
169727	581	0.077701576
169727	50	0.077655904
169727	85	0.07756291
169727	407	0.07753806
169735	1796	0.03937743
169735	6169	0.03905074
169735	6382	0.038713474
169735	3799	0.03862906
169735	1320	0.03854199
169735	4305	0.03818865
169735	5401	0.03804339
169735	6385	0.03797581
169735	4029	0.03797579
169735	3919	0.037967596
169779	6752	0.046312325
169779	4446	0.046165053
169779	4599	0.046086032
169779	3864	0.045945093
169779	5289	0.045945033
169779	4147	0.04594359
169779	4680	0.045922488
169779	6666	0.045922443
169779	6835	0.045906942
169779	717	0.045847908
169781	459	0.042529702
169781	1261	0.042350426
169781	2362	0.042007096
169781	414	0.041929886
169781	1436	0.041564647
169781	188	0.04147478
169781	937	0.04145538
169781	152	0.041455366
169781	2883	0.041454263
169781	3855	0.04141263
169824	6099	0.06430023
169824	4825	0.06420741
169824	2821	0.063993275
169824	2921	0.0639717
169824	2806	0.063948
169824	702	0.06387879
169824	6614	0.06387879
169824	3508	0.06385517
169824	245	0.06385516
169824	3603	0.06385508
170012	5521	0.036015693
170012	4354	0.035901185
170012	865	0.035747275
170012	923	0.03574724
170012	871	0.035733275
170012	3868	0.035632737
170012	2285	0.035632707
170012	876	0.035622
170012	6398	0.035621986
170012	1647	0.035586346
170054	6717	0.042847566
170054	5851	0.042596668
170054	3728	0.042561933
170054	4373	0.042457156
170054	2401	0.04228812
170054	6467	0.042273887
170054	6506	0.042230032
170054	2933	0.042071152
170054	4582	0.042065777
170054	2931	0.041957967
170073	6193	0.048875794
170073	1466	0.048671804
170073	2815	0.04860584
170073	6910	0.04840509
170073	3667	0.048341207
170073	4204	0.048322424
170073	3974	0.04832014
170073	10	0.048195913
170073	5928	0.04817595
170073	4680	0.048137747
170077	140	0.05154004
170077	141	0.051327404
170077	5586	0.051221278
170077	4119	0.05114623
170077	279	0.05102469
170077	5361	0.050823297
170077	3552	0.05082327
170077	892	0.050812624
170077	6631	0.050637025
170077	997	0.05052242
170154	2808	0.043615233
170154	871	0.0435483
170154	6187	0.043262813
170154	4354	0.043225788
170154	6833	0.04321988
170154	2285	0.04315212
170154	3269	0.043097496
170154	3435	0.043042917
170154	1277	0.042934105
170154	838	0.042934097
170155	4349	0.056352776
170155	2652	0.05635277
170155	4567	0.056352742
170155	47	0.056352712
170155	6684	0.056127727
170155	46	0.055836394
170155	1533	0.055720754
170155	5640	0.055720754
170155	832	0.05572073
170155	3722	0.055720724
170184	1596	0.038082473
170184	3512	0.038066525
170184	4471	0.037856832
170184	4052	0.037752345
170184	877	0.03757233
170184	2215	0.037292887
170184	6023	0.037208613
170184	3197	0.03720808
170184	983	0.037202273
170184	915	0.03709101
170227	4558	0.03871299
170227	4099	0.038608853
170227	385	0.038382165
170227	3208	0.03812831
170227	3048	0.037916686
170227	4265	0.03785882
170227	1083	0.037841447
170227	5575	0.037802566
170227	6855	0.037802562
170227	2058	0.03757211
170255	5570	0.06165134
170255	1212	0.061651334
170255	3943	0.06110352
170255	2456	0.0603427
170255	653	0.060162034
170255	1058	0.060047857
170255	590	0.059859596
170255	1902	0.05977656
170255	61	0.059512045
170255	1550	0.059422165
170256	4245	0.06480532
170256	692	0.06456242
170256	432	0.064499855
170256	1854	0.06433579
170256	3207	0.06380255
170256	4788	0.06343489
170256	2543	0.06339979
170256	5205	0.063290894
170256	589	0.063094914
170256	507	0.06295795
170264	4245	0.082683116
170264	5205	0.082551226
170264	1389	0.082155675
170264	420	0.08210756
170264	614	0.08062343
170264	406	0.08008011
170264	4442	0.08000782
170264	507	0.080006465
170264	1193	0.07977757
170264	1253	0.07970464
170372	4205	0.0689244
170372	1305	0.06892438
170372	426	0.068924375
170372	384	0.06875582
170372	3527	0.06875582
170372	1571	0.06875579
170372	4715	0.06874936
170372	3090	0.068586454
170372	5593	0.06858001
170372	52	0.06841783
170401	777	0.052847046
170401	176	0.052847005
170401	3177	0.05270692
170401	1743	0.052706853
170401	4165	0.052562352
170401	4549	0.05227609
170401	1527	0.051904522
170401	800	0.0518651
170401	1268	0.051785506
170401	5340	0.05178473
170415	352	0.05647722
170415	3256	0.05601579
170415	1430	0.055966564
170415	1897	0.055286862
170415	934	0.055286795
170415	730	0.055275224
170415	410	0.05505847
170415	533	0.05494395
170415	1253	0.054723658
170415	6259	0.05466935
170493	1389	0.09372613
170493	1490	0.09270178
170493	420	0.09245387
170493	406	0.09237178
170493	614	0.092129186
170493	2432	0.09048597
170493	410	0.08965191
170493	1193	0.08955687
170493	1867	0.08948485
170493	2620	0.08921598
170499	5567	0.066245236
170499	552	0.066021785
170499	5936	0.066021785
170499	235	0.06597583
170499	4120	0.06567755
170499	457	0.0655521
170499	3583	0.06524147
170499	2469	0.065080315
170499	1700	0.06450254
170499	4450	0.06446861
170509	3052	0.03505885
170509	3910	0.035050597
170509	802	0.035010986
170509	4464	0.03501097
170509	3936	0.035010964
170509	5319	0.03481113
170509	1710	0.03479832
170509	2112	0.034795605
170509	3279	0.034765765
170509	6046	0.034742653
170513	1070	0.061620355
170513	537	0.061539516
170513	339	0.061495177
170513	988	0.06122854
170513	1600	0.061074253
170513	5879	0.06098732
170513	2281	0.06095178
170513	816	0.060822014
170513	340	0.060800508
170513	3169	0.060777683
170518	3175	0.037948288
170518	3626	0.0376553
170518	2351	0.037624177
170518	2707	0.037377916
170518	896	0.037289873
170518	1422	0.037270445
170518	2929	0.03714569
170518	3963	0.037012074
170518	2704	0.03695176
170518	2605	0.03690342
170522	5265	0.02952842
170522	5869	0.029452862
170522	3673	0.029321816
170522	222	0.029269928
170522	6040	0.029261705
170522	3136	0.029186469
170522	5546	0.029117465
170522	5371	0.0290841
170522	3784	0.02908407
170522	5720	0.0290649
170527	4414	0.04773026
170527	4124	0.047695864
170527	5889	0.047374442
170527	2945	0.04729292
170527	4075	0.047225475
170527	5609	0.04720168
170527	4972	0.047184862
170527	1388	0.04712364
170527	6321	0.047074538
170527	4019	0.046993583
170575	1094	0.047848735
170575	1045	0.04784871
170575	1725	0.047848694
170575	2820	0.0478173
170575	6918	0.047757283
170575	6250	0.04767973
170575	5675	0.04764844
170575	1328	0.04747772
170575	5676	0.0474447
170575	5340	0.047251742
170595	2764	0.0530245
170595	3180	0.05291071
170595	2578	0.052910697
170595	3967	0.052861214
170595	377	0.052861173
170595	3318	0.05286117
170595	379	0.052861113
170595	4526	0.052846845
170595	4666	0.05274744
170595	4676	0.052747387
170634	365	0.062442508
170634	968	0.062280953
170634	626	0.061992183
170634	5795	0.061949726
170634	3458	0.06180097
170634	2690	0.06147877
170634	1493	0.061469723
170634	3532	0.06111871
170634	6719	0.061010763
170634	3300	0.060867246
170693	220	0.04885078
170693	1734	0.048802312
170693	5946	0.04878073
170693	223	0.04878072
170693	399	0.048780717
170693	4371	0.04878071
170693	5385	0.04878071
170693	2122	0.048780702
170693	3734	0.048780687
170693	6236	0.04869726
170724	5179	0.056148686
170724	1557	0.05599635
170724	4520	0.05590981
170724	2832	0.05590978
170724	2829	0.05578679
170724	4907	0.055496126
170724	1744	0.055496104
170724	1388	0.055464245
170724	5966	0.055189937
170724	3737	0.055188075
170742	5215	0.058722813
170742	5745	0.05872277
170742	1441	0.058585875
170742	4155	0.058585856
170742	3862	0.058585852
170742	5848	0.058585845
170742	2790	0.058585837
170742	4176	0.058585785
170742	2276	0.058459714
170742	2116	0.05826334
170762	1905	0.047445595
170762	5597	0.047445595
170762	6205	0.047445595
170762	6319	0.047445565
170762	4241	0.04744556
170762	6278	0.047408227
170762	422	0.047401134
170762	6701	0.047401108
170762	4903	0.047387164
170762	266	0.04738716
170792	384	0.044948258
170792	3527	0.044948258
170792	1571	0.044948213
170792	1816	0.044917073
170792	5617	0.04491704
170792	2555	0.044668287
170792	213	0.044668254
170792	52	0.044636488
170792	3442	0.044636484
170792	4715	0.044626467
170810	6111	0.057410695
170810	710	0.057298705
170810	1817	0.057221126
170810	133	0.057221096
170810	448	0.05699221
170810	1574	0.056813553
170810	1713	0.056584686
170810	70	0.056532748
170810	5404	0.056532726
170810	1781	0.056463722
170845	1727	0.047177114
170845	4411	0.04716823
170845	256	0.04701585
170845	2695	0.047015797
170845	250	0.046878405
170845	1619	0.046878397
170845	4664	0.046794157
170845	2667	0.046635978
170845	3599	0.04661704
170845	1373	0.046613388
170850	2362	0.053030375
170850	501	0.052734442
170850	1691	0.05269786
170850	1266	0.052555904
170850	1436	0.052261773
170850	459	0.052074753
170850	3855	0.051931612
170850	152	0.05190228
170850	937	0.051902276
170850	6493	0.05183678
170861	1760	0.060694043
170861	423	0.060519096
170861	6843	0.06025514
170861	3035	0.059898674
170861	4773	0.05981353
170861	6589	0.059775278
170861	232	0.05971854
170861	5077	0.059618875
170861	2673	0.05958727
170861	5913	0.059538856
170866	2503	0.07595009
170866	1947	0.075758256
170866	1492	0.0755841
170866	1177	0.07534154
170866	68	0.074956685
170866	4710	0.07487017
170866	2991	0.07442068
170866	882	0.07425013
170866	4782	0.07425013
170866	4247	0.074164316
170869	1179	0.038571984
170869	449	0.038474195
170869	2044	0.038149774
170869	404	0.03807003
170869	3443	0.037893444
170869	2991	0.037889067
170869	1492	0.03786408
170869	5270	0.0378583
170869	2503	0.037801906
170869	2120	0.037801325
170947	1064	0.04653407
170947	3286	0.046534024
170947	1636	0.04627224
170947	3093	0.046058543
170947	4212	0.046055324
170947	5696	0.04592254
170947	1662	0.04592251
170947	6417	0.04592247
170947	2070	0.045910746
170947	4519	0.045841377
170966	3549	0.038194537
170966	1373	0.0381161
170966	5885	0.03807488
170966	579	0.037964754
170966	342	0.037924364
170966	4309	0.037909403
170966	5610	0.03790937
170966	5553	0.03790699
170966	687	0.03787786
170966	6530	0.037862144
171007	3482	0.050033625
171007	5001	0.05000908
171007	5868	0.049881868
171007	1178	0.049729258
171007	2392	0.049692355
171007	6147	0.049608678
171007	2798	0.049567364
171007	3111	0.049559448
171007	2404	0.04955908
171007	431	0.04945077
171011	471	0.06378228
171011	480	0.06351422
171011	779	0.06350722
171011	3135	0.063174434
171011	4471	0.06281278
171011	885	0.06227523
171011	1463	0.061962638
171011	2826	0.061779592
171011	5686	0.061779216
171011	983	0.061776653
171045	541	0.05129335
171045	1458	0.051293336
171045	168	0.05129333
171045	6544	0.05129332
171045	6918	0.05098626
171045	1639	0.050748117
171045	5676	0.05070994
171045	4034	0.050571986
171045	1593	0.05057197
171045	4703	0.050571963
171050	4756	0.04458616
171050	1419	0.04458615
171050	3822	0.044586144
171050	1421	0.044586137
171050	1049	0.044586133
171050	6587	0.04458612
171050	5183	0.044586115
171050	5292	0.044586115
171050	3572	0.04458611
171050	6152	0.044586107
171055	606	0.068809964
171055	1261	0.068335384
171055	2883	0.06735556
171055	1444	0.06561028
171055	2961	0.06561022
171055	3056	0.06549093
171055	3207	0.06512798
171055	1076	0.06504211
171055	613	0.06501067
171055	160	0.06479281
171078	1685	0.0314001
171078	5657	0.031394728
171078	5046	0.03135256
171078	5047	0.03134109
171078	3076	0.031332456
171078	6047	0.03129396
171078	5044	0.03129033
171078	517	0.031281903
171078	2116	0.03125807
171078	6030	0.031255797
171082	5317	0.06004738
171082	5714	0.060047343
171082	2083	0.05991896
171082	5888	0.05991894
171082	3488	0.05991538
171082	4911	0.059551325
171082	769	0.059218645
171082	2661	0.058963083
171082	5251	0.058926597
171082	2658	0.058912113
171096	1076	0.05889272
171096	2991	0.05821802
171096	3443	0.05806885
171096	2503	0.057352774
171096	879	0.057268977
171096	448	0.057214983
171096	1631	0.057185225
171096	606	0.057168778
171096	407	0.05688349
171096	2387	0.056803763
171295	622	0.061186723
171295	3169	0.060888
171295	816	0.06088342
171295	1463	0.06068709
171295	1983	0.06051407
171295	4998	0.060425755
171295	1405	0.06032793
171295	1472	0.05999816
171295	1407	0.059991494
171295	2281	0.059949867
171359	2913	0.053011373
171359	2720	0.052957248
171359	135	0.052707613
171359	5214	0.052542422
171359	1842	0.052542396
171359	3335	0.05252389
171359	5302	0.052486323
171359	1794	0.05248355
171359	55	0.05248002
171359	6353	0.05234027
171389	4570	0.038734175
171389	1073	0.038592614
171389	3285	0.03853666
171389	3586	0.038230892
171389	1446	0.03791328
171389	1596	0.037870497
171389	564	0.037734702
171389	4444	0.037585836
171389	572	0.037556365
171389	5430	0.03750077
171444	1853	0.040994395
171444	452	0.040994324
171444	2628	0.040994037
171444	4930	0.040720575
171444	3337	0.040713787
171444	1728	0.040680744
171444	1054	0.04067558
171444	4675	0.04067558
171444	3953	0.04067553
171444	2992	0.0406546
171445	4120	0.055994682
171445	5567	0.055870667
171445	3631	0.055613074
171445	1746	0.05558555
171445	235	0.05554999
171445	5936	0.05504206
171445	552	0.055042055
171445	3583	0.055029154
171445	316	0.055025715
171445	2465	0.05501184
171475	406	0.082729906
171475	1389	0.08184923
171475	2432	0.08132996
171475	1193	0.08057235
171475	5792	0.080141865
171475	3705	0.079970986
171475	420	0.07995651
171475	958	0.07937725
171475	2620	0.07763611
171475	614	0.077449
171602	5517	0.049584456
171602	5300	0.049381915
171602	608	0.04928907
171602	2813	0.049088426
171602	973	0.04893724
171602	1695	0.048783477
171602	5288	0.048683137
171602	3385	0.04850302
171602	703	0.04830344
171602	1759	0.0482759
171638	1440	0.054681662
171638	55	0.05461013
171638	1423	0.05455399
171638	3335	0.05444876
171638	3905	0.05444072
171638	296	0.054440662
171638	326	0.05443135
171638	5214	0.05432099
171638	1842	0.054320976
171638	6471	0.054299865
171818	2892	0.05187923
171818	1369	0.05185
171818	643	0.051849976
171818	927	0.051783375
171818	5730	0.051724024
171818	941	0.051718593
171818	1948	0.05166246
171818	600	0.051496685
171818	1166	0.05135469
171818	4140	0.051354676
171846	4420	0.05386252
171846	5585	0.05382803
171846	6672	0.053675026
171846	3019	0.05364048
171846	6102	0.053428307
171846	5969	0.05342827
171846	389	0.05339408
171846	5087	0.053278573
171846	6324	0.05325015
171846	131	0.053241067
171904	3280	0.040082853
171904	175	0.03914562
171904	2541	0.039111912
171904	487	0.038955204
171904	3133	0.038923956
171904	3273	0.038789462
171904	805	0.038649943
171904	1617	0.038638152
171904	1264	0.038465213
171904	2890	0.038152456
171967	1711	0.0562166
171967	1411	0.055611663
171967	1071	0.055494767
171967	1602	0.05548006
171967	1603	0.05542591
171967	3855	0.05537276
171967	2532	0.055109203
171967	2809	0.05510918
171967	3669	0.05510916
171967	4913	0.05496852
171968	2744	0.06876227
171968	715	0.06869133
171968	5230	0.06866364
171968	1251	0.06851649
171968	1709	0.068131074
171968	507	0.068053275
171968	1599	0.06772435
171968	4442	0.06743421
171968	5762	0.067252904
171968	589	0.06701577
171970	4553	0.053704593
171970	3815	0.05359994
171970	1259	0.05359993
171970	1907	0.053599928
171970	6105	0.053599916
171970	1965	0.05359991
171970	1939	0.053599887
171970	2408	0.05359987
171970	3956	0.053599864
171970	1202	0.053515155
171986	5340	0.058061413
171986	5675	0.05786697
171986	2064	0.0577671
171986	1743	0.057747804
171986	1328	0.05754654
171986	712	0.05747655
171986	1269	0.05747647
171986	675	0.05717844
171986	3971	0.057158437
171986	778	0.057101864
171999	1192	0.059647482
171999	6275	0.059487026
171999	3999	0.05947628
171999	421	0.059476238
171999	695	0.059476197
171999	292	0.05946754
171999	5991	0.059467502
171999	4625	0.059398606
171999	1523	0.0593791
171999	319	0.059379086
172010	3083	0.06892704
172010	981	0.06820017
172010	1104	0.0673802
172010	1117	0.06730403
172010	5155	0.06730403
172010	2497	0.067303985
172010	814	0.06718192
172010	5195	0.06691414
172010	1543	0.06691407
172010	837	0.066608995
172030	4445	0.04346229
172030	1628	0.043444645
172030	5595	0.043296725
172030	1995	0.043134876
172030	4020	0.043086007
172030	6226	0.043004125
172030	3276	0.042970993
172030	2164	0.042783387
172030	4709	0.042777147
172030	4599	0.0426433
172048	4968	0.055765674
172048	6564	0.055517334
172048	5702	0.055036873
172048	2044	0.05473923
172048	5149	0.054729745
172048	3433	0.054567397
172048	2315	0.054517433
172048	1176	0.054475665
172048	1956	0.0543464
172048	1289	0.054154456
172061	365	0.04332963
172061	968	0.043177385
172061	4560	0.04312457
172061	5454	0.042839855
172061	5795	0.04277333
172061	5288	0.042475212
172061	2267	0.04243696
172061	3385	0.04236249
172061	3812	0.042324275
172061	859	0.04230334
172091	5352	0.061503705
172091	3681	0.05987598
172091	910	0.059844233
172091	1961	0.059640564
172091	526	0.05938828
172091	794	0.059236553
172091	1586	0.059234075
172091	202	0.059173428
172091	1268	0.05880618
172091	2765	0.058663633
172119	210	0.056539096
172119	2120	0.05644512
172119	2555	0.056252584
172119	213	0.056252524
172119	404	0.05615092
172119	3520	0.056089997
172119	935	0.055858545
172119	1947	0.05579451
172119	3445	0.055712722
172119	486	0.055677716
172180	1481	0.043920986
172180	3902	0.04370367
172180	1482	0.04369568
172180	5861	0.043651566
172180	5257	0.0435534
172180	6324	0.04354588
172180	3901	0.0434409
172180	3826	0.043369025
172180	2501	0.043328676
172180	3391	0.043290593
172192	6589	0.040891383
172192	3147	0.04077197
172192	3054	0.040771943
172192	1909	0.04077194
172192	2529	0.04077194
172192	4057	0.040699676
172192	6055	0.040699676
172192	5913	0.040528037
172192	1362	0.040437985
172192	2968	0.040394835
172203	2252	0.038416475
172203	1681	0.03841646
172203	1028	0.038416445
172203	1234	0.038416445
172203	3559	0.03841643
172203	2407	0.038302414
172203	1027	0.038302407
172203	1777	0.038302407
172203	1655	0.038302384
172203	2194	0.038302373
172215	592	0.054459624
172215	460	0.054430224
172215	2391	0.05439621
172215	653	0.05437932
172215	2369	0.054352645
172215	1680	0.054127347
172215	1058	0.05407738
172215	2951	0.054044127
172215	5114	0.054040063
172215	1185	0.05400831
172216	5923	0.049713183
172216	3201	0.049457252
172216	6887	0.049321838
172216	3513	0.04929124
172216	2996	0.049160928
172216	804	0.04916091
172216	4731	0.04901807
172216	2301	0.048971616
172216	819	0.04891354
172216	5061	0.048891436
172331	1079	0.043290734
172331	3019	0.04324649
172331	4278	0.043232054
172331	5873	0.043224268
172331	5871	0.043210667
172331	4254	0.04320968
172331	6672	0.04319814
172331	1112	0.04316553
172331	680	0.04316046
172331	2400	0.043143965
172374	730	0.050915007
172374	2156	0.050101493
172374	1897	0.050047446
172374	5010	0.049884066
172374	3209	0.049844727
172374	72	0.049844697
172374	1783	0.04984452
172374	352	0.049734846
172374	3899	0.049707614
172374	1066	0.049535774
172512	971	0.055496477
172512	1709	0.054938987
172512	504	0.054834317
172512	715	0.054732196
172512	2725	0.054556224
172512	4269	0.054074787
172512	127	0.053550243
172512	1251	0.053531475
172512	611	0.053528134
172512	6674	0.053475127
172539	2541	0.059397895
172539	487	0.05938886
172539	2007	0.059359018
172539	175	0.059313033
172539	1264	0.058995612
172539	158	0.05886064
172539	2516	0.058784883
172539	1640	0.05877801
172539	2398	0.058777973
172539	831	0.058528807
172613	774	0.042143792
172613	373	0.04212631
172613	2966	0.04194905
172613	339	0.041897997
172613	472	0.041886274
172613	2836	0.04188057
172613	5879	0.041733548
172613	340	0.04172077
172613	6430	0.041653782
172613	3397	0.04164883
172676	5241	0.060010895
172676	3746	0.0597306
172676	4070	0.059689514
172676	2161	0.05959832
172676	2594	0.05958957
172676	3755	0.059318885
172676	5931	0.059268203
172676	2264	0.05889491
172676	1992	0.058512993
172676	694	0.05847352
172700	1961	0.045954023
172700	1527	0.045669995
172700	2950	0.045381725
172700	1068	0.04518214
172700	526	0.04511042
172700	2725	0.045093007
172700	1268	0.044881273
172700	169	0.044682488
172700	4307	0.04467401
172700	2857	0.044553716
172760	5649	0.05524687
172760	2349	0.054958142
172760	356	0.054898873
172760	2293	0.05486714
172760	5010	0.05482309
172760	4203	0.054646026
172760	1358	0.05464215
172760	278	0.05462656
172760	5166	0.054626547
172760	2208	0.05462654
173111	5591	0.063328415
173111	3525	0.06332839
173111	1956	0.06316222
173111	4980	0.063008435
173111	5448	0.062861495
173111	5504	0.06268473
173111	1194	0.0624139
173111	6129	0.062413834
173111	1782	0.062320117
173111	4134	0.062319703
173131	3581	0.051886216
173131	1781	0.051795825
173131	1817	0.051728625
173131	133	0.051728606
173131	3104	0.051693752
173131	338	0.051618822
173131	341	0.051618807
173131	1260	0.0516188
173131	5601	0.051618762
173131	500	0.05139123
173190	1713	0.05800411
173190	2387	0.05763307
173190	1411	0.057259854
173190	1574	0.05715198
173190	448	0.057082046
173190	710	0.056959357
173190	1436	0.05676946
173190	6111	0.056758374
173190	1750	0.056419954
173190	1071	0.056382805
173225	1450	0.031516537
173225	4981	0.0313841
173225	5006	0.031248655
173225	5968	0.031224852
173225	90	0.03122485
173225	3781	0.031171208
173225	174	0.031165361
173225	1382	0.031165317
173225	1821	0.031165317
173225	2992	0.031092789
173291	365	0.0489029
173291	40	0.048726857
173291	3532	0.048475686
173291	4560	0.048314873
173291	5795	0.04795742
173291	456	0.04795564
173291	968	0.04770623
173291	1891	0.047522128
173291	350	0.047380187
173291	1306	0.04733786
173343	1817	0.07725238
173343	133	0.077252336
173343	6111	0.076983735
173343	1781	0.0767086
173343	448	0.076523356
173343	85	0.07647247
173343	581	0.07615873
173343	70	0.07587583
173343	5404	0.075875804
173343	500	0.075775236
173415	6482	0.060117096
173415	1659	0.06009606
173415	4190	0.060009286
173415	6419	0.05952143
173415	959	0.058525003
173415	2782	0.05851409
173415	607	0.058355484
173415	3919	0.05831676
173415	6747	0.058007244
173415	435	0.057679124
173481	1268	0.067070425
173481	4165	0.06652406
173481	158	0.0664774
173481	1527	0.06647286
173481	800	0.06641939
173481	3177	0.06634672
173481	1743	0.066346645
173481	611	0.06585779
173481	777	0.065547526
173481	176	0.06554747
173486	5807	0.04538743
173486	2257	0.045387402
173486	4640	0.04536381
173486	4193	0.04523659
173486	5359	0.045200087
173486	3414	0.04504456
173486	5543	0.045024626
173486	5742	0.044989422
173486	2925	0.04498
173486	642	0.044979993
173511	1713	0.04474615
173511	2176	0.044547386
173511	4538	0.04454737
173511	1411	0.044541225
173511	1436	0.044378467
173511	613	0.044278204
173511	2387	0.044185176
173511	1071	0.0440512
173511	1711	0.04366224
173511	1603	0.043390077
173517	2456	0.052348986
173517	1902	0.05215551
173517	4235	0.052023627
173517	1800	0.05186464
173517	3794	0.051808275
173517	1430	0.05165007
173517	227	0.051595233
173517	61	0.051581196
173517	1020	0.051563613
173517	3943	0.051441588
173650	5904	0.049704194
173650	5200	0.04939788
173650	131	0.049397856
173650	3001	0.049383245
173650	4849	0.04938315
173650	4424	0.049335025
173650	6500	0.049329117
173650	5976	0.049326234
173650	5939	0.049323242
173650	2753	0.049234692
173679	3121	0.068216026
173679	2932	0.06795903
173679	6143	0.06790374
173679	4140	0.06774838
173679	1337	0.067748345
173679	4285	0.06774834
173679	3587	0.06754869
173679	4279	0.06754866
173679	5858	0.06721051
173679	5164	0.06719509
173684	2463	0.047969528
173684	3186	0.0479695
173684	2767	0.047916465
173684	1547	0.04791644
173684	598	0.047760215
173684	4731	0.047620602
173684	6536	0.047403816
173684	889	0.047178067
173684	5201	0.047178064
173684	5398	0.04716008
173728	415	0.04402991
173728	5833	0.04401257
173728	2920	0.043979544
173728	636	0.04397954
173728	2360	0.043979526
173728	3440	0.043979526
173728	1772	0.043824006
173728	1023	0.043823987
173728	2231	0.04382397
173728	1952	0.043811362
173773	606	0.042782705
173773	581	0.04251716
173773	879	0.042389505
173773	1076	0.04193739
173773	448	0.041810326
173773	54	0.04158769
173773	2387	0.041481055
173773	2991	0.041387185
173773	1630	0.041374717
173773	781	0.04134432
173835	2327	0.051930014
173835	1387	0.051929947
173835	1526	0.051545624
173835	1690	0.051536143
173835	2316	0.051418953
173835	2698	0.051341355
173835	84	0.051270213
173835	330	0.051270135
173835	4726	0.050832115
173835	4119	0.050797533
173860	5702	0.07360518
173860	550	0.07298724
173860	1942	0.07237427
173860	2413	0.07228158
173860	6075	0.07226369
173860	1196	0.071686685
173860	209	0.07159086
173860	3433	0.07137263
173860	575	0.07131755
173860	1616	0.07121712
173951	6524	0.05808914
173951	3574	0.058089085
173951	3800	0.05808908
173951	1900	0.057700366
173951	4267	0.05770028
173951	4715	0.057693113
173951	6320	0.057571195
173951	6266	0.0575121
173951	109	0.057372715
173951	3124	0.05737265
174034	3224	0.048943758
174034	4452	0.048791565
174034	3069	0.04871524
174034	1106	0.048687536
174034	2289	0.04859188
174034	4408	0.048537664
174034	1295	0.04853759
174034	16	0.04835625
174034	3266	0.048356198
174034	3258	0.048343997
174062	2303	0.0313287
174062	6502	0.0313287
174062	1664	0.031213373
174062	6573	0.0312129
174062	1551	0.031202639
174062	4314	0.031079505
174062	6171	0.031055614
174062	1138	0.031007538
174062	4691	0.030995402
174062	659	0.030925076
174072	6213	0.057744354
174072	292	0.057532445
174072	5991	0.057532422
174072	5406	0.0575306
174072	5042	0.05753059
174072	723	0.057522148
174072	4346	0.05751191
174072	2324	0.057426456
174072	2963	0.057424556
174072	1426	0.05733987
174092	1783	0.06254274
174092	6259	0.061532352
174092	730	0.06115172
174092	352	0.059799653
174092	388	0.05936137
174092	1430	0.058650427
174092	1897	0.05820335
174092	934	0.058203295
174092	533	0.058075923
174092	3899	0.05807463
174151	3801	0.048707243
174151	6340	0.04857691
174151	4044	0.048547767
174151	2243	0.048474725
174151	3836	0.048437934
174151	3195	0.048364356
174151	6687	0.048144702
174151	6642	0.048106253
174151	485	0.047895893
174151	5990	0.047895886
174179	6903	0.05096623
174179	4562	0.0506182
174179	4592	0.050618097
174179	5300	0.050577477
174179	872	0.04980647
174179	608	0.04975468
174179	782	0.04956057
174179	4918	0.049489796
174179	1759	0.04924675
174179	4204	0.049155563
174195	4697	0.048374027
174195	3499	0.048374023
174195	6025	0.048321966
174195	6799	0.048321962
174195	6339	0.04825648
174195	1077	0.048256457
174195	4056	0.048227333
174195	840	0.047923565
174195	5812	0.04785955
174195	2851	0.047819953
174216	3960	0.04435925
174216	2229	0.044333067
174216	5387	0.044264443
174216	5760	0.044154637
174216	1601	0.043754064
174216	6382	0.043628443
174216	6169	0.043566503
174216	4305	0.04336847
174216	1796	0.043367326
174216	4949	0.04334856
174322	1432	0.059351746
174322	2838	0.059104204
174322	1813	0.05893091
174322	2467	0.058893457
174322	4161	0.058790945
174322	3846	0.058713727
174322	268	0.058701992
174322	34	0.058455598
174322	187	0.05837612
174322	3297	0.058371656
174326	2991	0.06487792
174326	1631	0.06461757
174326	1076	0.06446866
174326	449	0.064272866
174326	2503	0.063992254
174326	1492	0.06395644
174326	404	0.063877925
174326	1179	0.06380749
174326	2044	0.06379536
174326	3433	0.0636153
174334	2216	0.034880858
174334	5441	0.03435884
174334	2583	0.034332223
174334	4060	0.03420968
174334	2300	0.033994168
174334	4970	0.033713616
174334	3214	0.033703648
174334	2890	0.033624485
174334	805	0.03354997
174334	641	0.033362694
174367	226	0.032346796
174367	251	0.032346778
174367	1618	0.032346748
174367	3863	0.032326534
174367	253	0.032326527
174367	3551	0.03232651
174367	601	0.032326493
174367	4022	0.032326493
174367	5938	0.03232649
174367	729	0.032326482
174375	3581	0.062883936
174375	1781	0.062816314
174375	1817	0.062455676
174375	133	0.062455643
174375	3104	0.06238932
174375	338	0.062291108
174375	341	0.062291108
174375	1260	0.062291067
174375	5601	0.062291034
174375	3796	0.06203991
174428	1205	0.056578867
174428	210	0.056578808
174428	1947	0.056532137
174428	404	0.056428865
174428	2555	0.056382775
174428	213	0.05638271
174428	2120	0.05636168
174428	1492	0.05630615
174428	1289	0.056250356
174428	5149	0.056223232
174501	3209	0.052890018
174501	72	0.052889988
174501	6099	0.052738205
174501	5010	0.05249945
174501	6795	0.052411966
174501	3517	0.052347682
174501	5222	0.05234766
174501	2915	0.052347645
174501	3457	0.052347615
174501	4668	0.052295893
174503	1389	0.048887588
174503	420	0.04877302
174503	614	0.04852739
174503	1490	0.0483053
174503	410	0.04801459
174503	1253	0.047986463
174503	2432	0.047645107
174503	406	0.047421962
174503	2620	0.047293007
174503	4867	0.04704737
174534	4483	0.045916498
174534	3421	0.045916475
174534	4924	0.04591643
174534	5927	0.04591643
174534	6839	0.045916423
174534	3517	0.045890924
174534	2915	0.04589091
174534	5222	0.045890898
174534	3457	0.045890875
174534	646	0.04581378
174590	2503	0.057605635
174590	2991	0.05716998
174590	448	0.057157308
174590	1492	0.057091765
174590	6111	0.056812406
174590	1947	0.056746833
174590	1076	0.056705233
174590	2387	0.056560993
174590	1177	0.05621032
174590	1817	0.056208543
174596	350	0.050880827
174596	526	0.050067045
174596	715	0.05002966
174596	1783	0.049923196
174596	1961	0.049794473
174596	4560	0.049438298
174596	2178	0.049420986
174596	2725	0.049364604
174596	3899	0.04920485
174596	1251	0.048978873
174615	6320	0.06332043
174615	4356	0.06306751
174615	5016	0.06288299
174615	490	0.06277998
174615	1999	0.06273663
174615	6524	0.06257123
174615	3574	0.06257118
174615	3800	0.06257117
174615	496	0.062483676
174615	203	0.062419813
174625	385	0.055468265
174625	4099	0.055232383
174625	1246	0.054898906
174625	4558	0.05489645
174625	632	0.05411909
174625	3594	0.054019064
174625	6139	0.053365648
174625	889	0.053206865
174625	5201	0.053206842
174625	4265	0.052912615
174633	3586	0.03585033
174633	1596	0.035658598
174633	4471	0.035543814
174633	4336	0.03552384
174633	4570	0.03540387
174633	5054	0.035254393
174633	3977	0.035168592
174633	3285	0.03507455
174633	5430	0.035029925
174633	3976	0.034985773
174692	3293	0.048117362
174692	2831	0.047919262
174692	2139	0.047667205
174692	3842	0.047559045
174692	5421	0.047108203
174692	5944	0.047093302
174692	4990	0.04707302
174692	6584	0.04696274
174692	4414	0.04691769
174692	5841	0.046871148
174700	4442	0.060633734
174700	507	0.060538497
174700	5205	0.060322814
174700	4245	0.05991973
174700	1639	0.059751216
174700	589	0.059143085
174700	896	0.05886469
174700	6004	0.058728322
174700	1854	0.058639593
174700	5762	0.058515787
174726	5280	0.058299046
174726	5332	0.058075972
174726	63	0.058075935
174726	294	0.05803159
174726	4525	0.05794158
174726	147	0.057781108
174726	4513	0.057781048
174726	1624	0.05776283
174726	3257	0.057762824
174726	1298	0.057762817
174738	3435	0.044359557
174738	1277	0.043977626
174738	838	0.04397761
174738	5547	0.043977596
174738	868	0.04397759
174738	6833	0.04380849
174738	1588	0.043609187
174738	5542	0.043452583
174738	3749	0.04331603
174738	5279	0.04329502
174827	4611	0.04443063
174827	5356	0.044348475
174827	4083	0.04399165
174827	2033	0.043698497
174827	1375	0.042865656
174827	4969	0.042820536
174827	2658	0.04267527
174827	4810	0.042342387
174827	1455	0.042101357
174827	3254	0.04208943
174830	703	0.044655547
174830	1882	0.044307478
174830	1101	0.044233374
174830	3320	0.044005718
174830	6670	0.043962248
174830	1475	0.043825436
174830	3290	0.043807693
174830	895	0.043711886
174830	2813	0.04360439
174830	3691	0.043591622
174834	1526	0.055570893
174834	140	0.05540126
174834	892	0.055363826
174834	1690	0.055260442
174834	4119	0.055168744
174834	5361	0.055111207
174834	3552	0.055111177
174834	2327	0.05495
174834	1387	0.05494992
174834	279	0.054821037
174848	308	0.06622401
174848	6390	0.066223964
174848	538	0.06622395
174848	977	0.06593243
174848	6444	0.06593241
174848	5961	0.065876335
174848	4182	0.06587627
174848	4037	0.06587626
174848	1491	0.065591484
174848	1515	0.06559148
174851	2276	0.057794467
174851	4148	0.05762625
174851	4225	0.05762624
174851	6558	0.057594255
174851	516	0.057594243
174851	2350	0.0574665
174851	3750	0.057466455
174851	5291	0.057466425
174851	5215	0.057398606
174851	5745	0.057398565
174892	6660	0.05499056
174892	5295	0.054834202
174892	5837	0.054806616
174892	5600	0.0547949
174892	5065	0.054778665
174892	2730	0.054728154
174892	2962	0.054722592
174892	6888	0.054706365
174892	4266	0.054706305
174892	3863	0.0547022
174914	6161	0.046454273
174914	1034	0.04645425
174914	3959	0.04645425
174914	3041	0.04645424
174914	3040	0.046454225
174914	1394	0.046454214
174914	1787	0.046454206
174914	555	0.0464542
174914	3256	0.046441633
174914	6262	0.046295807
174918	5423	0.03936098
174918	1662	0.039269466
174918	5696	0.039269462
174918	6417	0.039269414
174918	3690	0.039251253
174918	2010	0.03915967
174918	2070	0.038929947
174918	3180	0.038905438
174918	2578	0.038905427
174918	4175	0.03881389
175003	473	0.057426237
175003	1070	0.05737239
175003	983	0.056566186
175003	2290	0.05655649
175003	2317	0.056314375
175003	4325	0.056096964
175003	1405	0.055858057
175003	537	0.055781826
175003	472	0.05577486
175003	183	0.055764336
175052	170	0.06524101
175052	67	0.06506698
175052	202	0.0650664
175052	169	0.06458838
175052	540	0.06409684
175052	2795	0.06398359
175052	4332	0.063889645
175052	910	0.063683316
175052	3074	0.06357202
175052	3182	0.06357202
175070	1510	0.053524457
175070	4180	0.053524427
175070	1750	0.053405825
175070	1411	0.05321925
175070	501	0.05305124
175070	2119	0.052910693
175070	5990	0.052776717
175070	485	0.0527767
175070	1713	0.052543167
175070	1698	0.05244228
175100	5988	0.047676224
175100	3333	0.047651343
175100	975	0.047534965
175100	2334	0.04750081
175100	5443	0.047411762
175100	164	0.04736489
175100	5072	0.047289208
175100	1241	0.047123797
175100	1466	0.04706461
175100	1497	0.04704339
175101	541	0.040799424
175101	1458	0.040799413
175101	168	0.0407994
175101	6544	0.0407994
175101	1667	0.04064147
175101	4919	0.040567253
175101	4034	0.040260293
175101	4703	0.040260278
175101	1593	0.04026027
175101	4212	0.040249616
175117	3104	0.050414857
175117	1781	0.050246324
175117	3796	0.050201222
175117	338	0.050145905
175117	341	0.05014589
175117	1260	0.050145872
175117	5601	0.050145842
175117	3581	0.050140098
175117	2317	0.05005762
175117	5662	0.049900264
175205	1993	0.05272533
175205	5452	0.052725304
175205	5100	0.052698627
175205	3642	0.05256127
175205	6458	0.05237545
175205	4741	0.05234867
175205	1057	0.052266434
175205	6702	0.052266415
175205	517	0.052265994
175205	4946	0.052239325
175254	5815	0.06306477
175254	2867	0.063064724
175254	739	0.06255625
175254	1602	0.0619568
175254	3133	0.061400697
175254	1261	0.06121415
175254	487	0.0604552
175254	459	0.05983223
175254	175	0.05957889
175254	474	0.059416242
175271	3943	0.070692725
175271	1550	0.07027768
175271	1212	0.06998279
175271	5570	0.06998278
175271	1490	0.06980006
175271	2456	0.06886366
175271	1389	0.06870501
175271	590	0.068391316
175271	1253	0.06799556
175271	157	0.06781383
175278	473	0.03852741
175278	1070	0.038515434
175278	2317	0.038054336
175278	2290	0.037944153
175278	983	0.037917264
175278	4325	0.03765584
175278	1405	0.037614703
175278	537	0.0376112
175278	472	0.03755957
175278	1643	0.037521567
175287	978	0.047695912
175287	2918	0.047196995
175287	227	0.047007456
175287	862	0.046954427
175287	930	0.04676432
175287	3142	0.046764277
175287	465	0.04676427
175287	2912	0.046378978
175287	1291	0.04633981
175287	665	0.04625064
175463	2809	0.05277192
175463	3669	0.05277192
175463	1711	0.052643906
175463	1908	0.052481443
175463	625	0.052245885
175463	1411	0.05200637
175463	1071	0.05197561
175463	5572	0.051939912
175463	4028	0.0519399
175463	3651	0.051939894
175529	2368	0.03942293
175529	3543	0.039355323
175529	2323	0.0393219
175529	4453	0.03932189
175529	2086	0.039146885
175529	2128	0.039081864
175529	6721	0.03899862
175529	4014	0.038998596
175529	6704	0.038923204
175529	1692	0.03891461
175536	1444	0.061904427
175536	2961	0.06190438
175536	1690	0.061642006
175536	320	0.061623532
175536	2883	0.061464354
175536	414	0.06131221
175536	997	0.061248332
175536	2870	0.06124833
175536	1261	0.060904168
175536	3056	0.06082862
175636	3064	0.062171787
175636	5879	0.062080625
175636	183	0.0619239
175636	339	0.06187504
175636	708	0.06167988
175636	2317	0.061657455
175636	537	0.06160867
175636	2836	0.06145484
175636	2634	0.06117014
175636	341	0.06116555
175794	279	0.05175443
175794	1690	0.05168444
175794	997	0.051470093
175794	2870	0.051470086
175794	414	0.05132407
175794	1444	0.051274955
175794	2961	0.051274933
175794	3056	0.051084474
175794	937	0.050964974
175794	152	0.050964966
175978	5300	0.046355948
175978	456	0.04625058
175978	4066	0.046226233
175978	5288	0.04619895
175978	1759	0.04595504
175978	3385	0.045917757
175978	4560	0.045891143
175978	608	0.04553523
175978	3047	0.04542926
175978	2267	0.045306385
176094	6908	0.03635586
176094	1275	0.036355857
176094	2640	0.036349237
176094	616	0.036335796
176094	4129	0.036335796
176094	842	0.03614761
176094	5701	0.03611476
176094	5979	0.036096662
176094	4647	0.036079016
176094	5845	0.036038823
176102	1238	0.0450294
176102	233	0.04478751
176102	5223	0.044770297
176102	536	0.04473333
176102	3455	0.044662897
176102	5017	0.04454848
176102	4772	0.044440463
176102	4105	0.044366762
176102	2550	0.04429437
176102	5079	0.044294365
176214	4674	0.0672253
176214	1710	0.06711695
176214	802	0.06667133
176214	4464	0.0666713
176214	3936	0.06667129
176214	736	0.06659007
176214	358	0.06653175
176214	2653	0.06638613
176214	1318	0.06631535
176214	2972	0.06631532
176256	1238	0.0483667
176256	536	0.048305333
176256	6080	0.04827894
176256	5337	0.048142023
176256	4936	0.048095614
176256	3480	0.048007492
176256	3455	0.04772213
176256	2279	0.047688436
176256	5817	0.047688432
176256	4105	0.04766068
176348	2823	0.06751101
176348	3064	0.06599056
176348	504	0.065902
176348	1630	0.065481536
176348	708	0.06536791
176348	434	0.06536787
176348	6674	0.064678006
176348	2317	0.06434381
176348	3581	0.06377668
176348	341	0.063721135
176459	4967	0.0528857
176459	1927	0.052469607
176459	966	0.05246954
176459	3053	0.05232403
176459	3299	0.05226617
176459	6574	0.052180223
176459	6454	0.052098047
176459	6620	0.05207277
176459	3398	0.05207274
176459	3394	0.052068435
176481	3187	0.05429012
176481	5226	0.054014266
176481	4436	0.053962052
176481	4900	0.053651936
176481	4103	0.053651918
176481	1899	0.053522673
176481	889	0.053506833
176481	5201	0.053506806
176481	6695	0.05346603
176481	6520	0.053431656
176526	4665	0.03304168
176526	337	0.03304166
176526	3811	0.032972835
176526	5467	0.032972794
176526	2441	0.03295724
176526	6623	0.032957226
176526	4787	0.032883704
176526	4492	0.032868154
176526	5917	0.032686323
176526	6302	0.032686315
176576	581	0.06392265
176576	2991	0.063846245
176576	1076	0.06361487
176576	2503	0.06307578
176576	879	0.06303175
176576	3943	0.06291482
176576	500	0.06270358
176576	448	0.06259873
176576	1492	0.062499497
176576	2387	0.062494967
176597	3083	0.05296208
176597	5195	0.05279693
176597	1543	0.052796863
176597	4668	0.05275762
176597	814	0.052746147
176597	3946	0.052719966
176597	834	0.052719943
176597	1220	0.0527068
176597	1258	0.052691855
176597	3928	0.05269183
176656	1389	0.07976599
176656	406	0.07970017
176656	1193	0.07898741
176656	420	0.07886955
176656	2432	0.07698284
176656	614	0.07694652
176656	2093	0.07664342
176656	4245	0.07637451
176656	2620	0.07633624
176656	3705	0.07602968
176667	6497	0.0399417
176667	6296	0.0398537
176667	3412	0.039697815
176667	2305	0.039641377
176667	6131	0.039503153
176667	2614	0.039423034
176667	5924	0.039388057
176667	6661	0.039382298
176667	6271	0.03937182
176667	2166	0.039341588
176785	4980	0.052015886
176785	5591	0.05190391
176785	3525	0.05190388
176785	5448	0.051860124
176785	1555	0.051832452
176785	649	0.051721424
176785	1782	0.051495112
176785	1956	0.051407497
176785	5270	0.05117823
176785	5504	0.051032968
176853	693	0.072117075
176853	6111	0.07208224
176853	1817	0.07206926
176853	133	0.07206923
176853	85	0.07184598
176853	448	0.071556196
176853	4710	0.07153475
176853	2503	0.07120702
176853	809	0.07118309
176853	1947	0.071057186
176875	681	0.051460586
176875	632	0.051434223
176875	4251	0.051311
176875	3448	0.05119326
176875	1982	0.051093977
176875	2882	0.051085055
176875	4138	0.050982017
176875	790	0.05087256
176875	4961	0.050709367
176875	1976	0.050669596
176879	3967	0.04236339
176879	3318	0.042363383
176879	377	0.042363368
176879	379	0.04236333
176879	2027	0.042305097
176879	578	0.042305086
176879	4596	0.042218454
176879	4622	0.04221844
176879	4343	0.04221841
176879	5571	0.042218395
176887	5936	0.06445193
176887	70	0.06419532
176887	5404	0.0641953
176887	2469	0.06405264
176887	6111	0.06387843
176887	710	0.06384355
176887	2691	0.06368158
176887	5567	0.06356965
176887	235	0.0634547
176887	68	0.06344873
176902	202	0.04203734
176902	170	0.04189121
176902	67	0.04166365
176902	169	0.04165248
176902	910	0.041273385
176902	1251	0.04107084
176902	715	0.04090782
176902	526	0.040875614
176902	3960	0.040853716
176902	4332	0.040793374
176903	4433	0.05983016
176903	2315	0.05964066
176903	1966	0.059312746
176903	1178	0.05924681
176903	1952	0.059209842
176903	5001	0.059157155
176903	425	0.05912079
176903	3482	0.059119303
176903	5833	0.05909005
176903	1540	0.05894797
177040	1447	0.044029646
177040	3290	0.04387735
177040	895	0.04385756
177040	4051	0.043596417
177040	5064	0.043596372
177040	1101	0.04341196
177040	6865	0.043337546
177040	4339	0.04329571
177040	4432	0.043189015
177040	3213	0.043188956
177072	451	0.052571107
177072	3182	0.052559648
177072	3074	0.052559644
177072	540	0.05253055
177072	144	0.052412704
177072	141	0.052373126
177072	5586	0.052181788
177072	3222	0.052141964
177072	67	0.051775057
177072	6081	0.05176943
177073	6648	0.04282918
177073	2847	0.042733163
177073	1861	0.04269329
177073	3399	0.04267421
177073	4631	0.042526547
177073	3697	0.042439073
177073	5733	0.042427834
177073	3674	0.042411465
177073	996	0.04239191
177073	5008	0.04229901
177090	1855	0.053672776
177090	2347	0.053672753
177090	2700	0.053659536
177090	327	0.053659502
177090	3951	0.053659502
177090	5039	0.053638153
177090	1739	0.053638116
177090	1625	0.053523563
177090	6032	0.053484477
177090	5263	0.053484436
177091	2628	0.039594755
177091	258	0.039472394
177091	3399	0.03935299
177091	2992	0.039270796
177091	5758	0.039247528
177091	3337	0.039174188
177091	4930	0.039064102
177091	506	0.039058834
177091	2542	0.03899969
177091	3766	0.038999658
177157	2070	0.050209977
177157	5696	0.050140806
177157	1662	0.05014079
177157	6417	0.050140742
177157	2010	0.049923085
177157	1064	0.049844243
177157	3286	0.049844194
177157	4175	0.0498252
177157	6554	0.04982519
177157	3093	0.04962652
177186	5283	0.039408945
177186	2113	0.03926736
177186	2216	0.039227612
177186	2583	0.03922647
177186	711	0.039175272
177186	2890	0.039154515
177186	19	0.039065957
177186	4060	0.03903688
177186	3280	0.038970813
177186	805	0.0388904
177195	1897	0.03959371
177195	934	0.039593667
177195	388	0.03948334
177195	1430	0.03921018
177195	278	0.039188266
177195	2208	0.03918826
177195	5166	0.03918825
177195	4230	0.03918824
177195	1737	0.039188236
177195	3954	0.039188214
177233	3119	0.053950183
177233	610	0.053900354
177233	4662	0.053798243
177233	906	0.053711347
177233	4736	0.053685173
177233	1503	0.053685136
177233	2504	0.053672083
177233	2328	0.053578623
177233	3462	0.053578608
177233	1895	0.05356571
177237	1766	0.04953244
177237	2550	0.049445923
177237	5079	0.049445923
177237	5380	0.04918557
177237	151	0.049185514
177237	5225	0.049185477
177237	254	0.04916029
177237	1494	0.04914076
177237	1870	0.04913584
177237	2174	0.04913325
177262	2317	0.05951956
177262	883	0.05951003
177262	4438	0.059510004
177262	4876	0.059509963
177262	3581	0.058710486
177262	5662	0.05866238
177262	3104	0.058510847
177262	338	0.058379088
177262	341	0.05837908
177262	1260	0.058379047
177277	6342	0.057648223
177277	4001	0.05751114
177277	6040	0.057405107
177277	4204	0.057292946
177277	2805	0.057195313
177277	5300	0.057155274
177277	3136	0.057045326
177277	3900	0.057044845
177277	2132	0.056986183
177277	80	0.05692019
177284	4868	0.057095915
177284	482	0.056993753
177284	3106	0.05696866
177284	2009	0.0568121
177284	3718	0.056738235
177284	2051	0.056723006
177284	57	0.056637704
177284	4055	0.056592554
177284	2608	0.056510407
177284	1198	0.0565104
177295	1023	0.048841737
177295	1772	0.048841737
177295	2231	0.048841704
177295	636	0.048839588
177295	2920	0.04883958
177295	2360	0.048839573
177295	3440	0.04883957
177295	1554	0.04872601
177295	1191	0.048725985
177295	5833	0.048569296
177349	2762	0.042999245
177349	5228	0.042988516
177349	3412	0.04289207
177349	475	0.042887338
177349	6068	0.0428873
177349	2166	0.042882785
177349	6497	0.04282546
177349	2305	0.042794604
177349	6296	0.042700894
177349	6271	0.042693347
177374	1611	0.047587335
177374	969	0.047487423
177374	3558	0.047477577
177374	6530	0.047222614
177374	6688	0.047111653
177374	3183	0.047085732
177374	2323	0.046807192
177374	4453	0.046807177
177374	342	0.04678095
177374	5207	0.04674816
177375	1691	0.06391442
177375	3583	0.063588366
177375	6493	0.06340558
177375	649	0.06333482
177375	1576	0.063235685
177375	2691	0.063211896
177375	235	0.0630081
177375	1266	0.06285659
177375	214	0.06267087
177375	3520	0.062430695
177451	1094	0.053507946
177451	1045	0.0535079
177451	1725	0.053507898
177451	6250	0.05330565
177451	147	0.053119738
177451	4513	0.053119693
177451	2732	0.052917585
177451	1328	0.05284022
177451	6918	0.052805312
177451	3336	0.052635692
177492	5682	0.06301343
177492	3626	0.06278549
177492	381	0.06265177
177492	6834	0.06259831
177492	5260	0.062426593
177492	4844	0.06231092
177492	4302	0.062310908
177492	3463	0.062234916
177492	3175	0.06221969
177492	1836	0.06218264
177569	639	0.044312075
177569	4330	0.044312067
177569	5453	0.044312052
177569	4906	0.044312038
177569	2117	0.044312026
177569	1051	0.04424517
177569	6155	0.044245116
177569	3863	0.04420229
177569	253	0.04420227
177569	3502	0.04420226
177590	1510	0.07060197
177590	4180	0.07060193
177590	530	0.07041965
177590	5791	0.06993449
177590	5990	0.06976567
177590	485	0.06976566
177590	1750	0.069625035
177590	2119	0.069546595
177590	3836	0.069474116
177590	1411	0.069468476
177683	5685	0.042850725
177683	6628	0.042850696
177683	3938	0.042850673
177683	2638	0.04285065
177683	3202	0.04266683
177683	4311	0.04266683
177683	5333	0.04266682
177683	4934	0.042666808
177683	3937	0.04265459
177683	769	0.042643286
177690	5063	0.052626174
177690	6763	0.052620985
177690	4167	0.0525503
177690	3748	0.052550286
177690	17	0.05250018
177690	2696	0.052473716
177690	3756	0.052473675
177690	3838	0.05247363
177690	3549	0.052431628
177690	3472	0.052416027
177862	90	0.04250326
177862	5968	0.042503245
177862	2992	0.042456705
177862	803	0.042444304
177862	1450	0.04239572
177862	4981	0.042318787
177862	1858	0.042266496
177862	3781	0.04222466
177862	174	0.042181477
177862	1382	0.042181417
177876	3031	0.032362577
177876	5670	0.032326788
177876	2962	0.03232599
177876	2730	0.03221108
177876	2278	0.03217295
177876	5285	0.032172132
177876	2573	0.032172117
177876	1316	0.032172102
177876	3220	0.03217209
177876	1308	0.032136403
178035	1839	0.0561811
178035	147	0.056055803
178035	4513	0.056055754
178035	2026	0.05593549
178035	2732	0.055918373
178035	5039	0.05587614
178035	1739	0.0558761
178035	5332	0.055750843
178035	63	0.055750802
178035	1855	0.05563054
178058	4334	0.04114617
178058	1855	0.04097171
178058	2347	0.040971708
178058	3789	0.040948085
178058	145	0.04092321
178058	6761	0.040900044
178058	136	0.040899508
178058	326	0.040894624
178058	291	0.04085768
178058	328	0.04085765
178079	4903	0.04162769
178079	266	0.041627683
178079	6205	0.041504465
178079	5597	0.041504458
178079	1905	0.041504454
178079	4241	0.04150444
178079	6319	0.041504428
178079	2709	0.04149237
178079	2350	0.041316025
178079	3750	0.041316
178093	4094	0.046797283
178093	4192	0.046713665
178093	5181	0.046713583
178093	5189	0.04663878
178093	766	0.046607047
178093	2762	0.046566166
178093	30	0.04655506
178093	3363	0.046541266
178093	3867	0.04649816
178093	4079	0.04648931
178130	4069	0.053118285
178130	2639	0.05286167
178130	579	0.05276677
178130	3301	0.052747957
178130	4884	0.05272013
178130	3695	0.052642215
178130	6820	0.05264219
178130	1611	0.052613597
178130	969	0.052500755
178130	342	0.05247038
178151	1971	0.07963918
178151	691	0.079462744
178151	85	0.07921138
178151	4227	0.07903488
178151	1167	0.07890873
178151	637	0.078556135
178151	628	0.078372404
178151	809	0.07829133
178151	693	0.078208216
178151	1462	0.07811364
178199	365	0.06244607
178199	968	0.0614376
178199	4560	0.061390236
178199	2267	0.061272033
178199	5795	0.06103967
178199	3532	0.060980752
178199	456	0.060589965
178199	40	0.0605828
178199	5288	0.060500998
178199	859	0.060345672
178201	5114	0.045107864
178201	1771	0.045067675
178201	1033	0.04504671
178201	2391	0.045044757
178201	2225	0.045042224
178201	35	0.045036122
178201	3114	0.045036063
178201	954	0.045022197
178201	1259	0.04498882
178201	3815	0.04498882
178223	4732	0.05759273
178223	3137	0.057506196
178223	5721	0.057326853
178223	3836	0.05710677
178223	1510	0.057095945
178223	4180	0.05709592
178223	2243	0.056837022
178223	530	0.05678718
178223	2699	0.05667489
178223	5990	0.056629438
178240	2542	0.046185896
178240	3766	0.046185866
178240	2704	0.046165213
178240	1044	0.046086427
178240	391	0.046082973
178240	3175	0.0458808
178240	6834	0.045837633
178240	258	0.04566554
178240	5682	0.04562492
178240	5134	0.04561185
178322	4221	0.04185131
178322	165	0.041633584
178322	449	0.041626286
178322	3846	0.04157345
178322	3534	0.041491598
178322	575	0.041379053
178322	2574	0.041379035
178322	1179	0.041360617
178322	4606	0.041320596
178322	2579	0.04128512
178458	4846	0.042991027
178458	4212	0.04293272
178458	4034	0.042919576
178458	1593	0.04291957
178458	4703	0.04291956
178458	3690	0.042862974
178458	3588	0.042849872
178458	5423	0.042791497
178458	3354	0.042763017
178458	3093	0.042678375
178522	1837	0.05470542
178522	3905	0.05470279
178522	296	0.05470273
178522	755	0.054623254
178522	445	0.054292034
178522	1440	0.054191783
178522	1846	0.054186404
178522	55	0.0541337
178522	6381	0.054127373
178522	1692	0.054088227
178587	565	0.038416747
178587	3077	0.03835816
178587	2440	0.038320363
178587	1357	0.0382439
178587	1903	0.038243823
178587	1263	0.0380209
178587	3125	0.038001023
178587	5565	0.037984595
178587	558	0.03793699
178587	4122	0.03786988
178597	2918	0.03838689
178597	978	0.038365293
178597	930	0.038356766
178597	3142	0.038356725
178597	465	0.03835672
178597	227	0.038253203
178597	1433	0.038177334
178597	4235	0.03801714
178597	2951	0.037955884
178597	2735	0.037947983
178667	41	0.06974334
178667	50	0.069276646
178667	2494	0.068978645
178667	1817	0.068972185
178667	133	0.06897214
178667	3581	0.068904005
178667	70	0.06865474
178667	5404	0.0686547
178667	1781	0.06864527
178667	51	0.06857806
178733	1158	0.03471025
178733	3957	0.034610018
178733	5674	0.034602605
178733	4570	0.03448902
178733	5563	0.03448143
178733	2215	0.03445955
178733	1446	0.034377053
178733	4052	0.034349136
178733	984	0.034328118
178733	2928	0.034248427
178797	4747	0.05644384
178797	4842	0.056260355
178797	4877	0.055698156
178797	6486	0.055687048
178797	2015	0.055500552
178797	4858	0.055272307
178797	199	0.055214677
178797	690	0.055214673
178797	5559	0.05520946
178797	2983	0.055189315
178914	5288	0.04907337
178914	4560	0.0489336
178914	3385	0.04889483
178914	456	0.0486012
178914	973	0.048563387
178914	2267	0.048121516
178914	5517	0.04809869
178914	3812	0.047943026
178914	3047	0.04770766
178914	2217	0.04769861
178920	6406	0.05495084
178920	741	0.05495066
178920	1367	0.054950636
178920	6869	0.054640234
178920	6560	0.05453378
178920	1958	0.054527037
178920	2302	0.054500375
178920	3129	0.05449468
178920	3128	0.054494463
178920	4104	0.054371294
178961	4469	0.049603187
178961	1497	0.049516022
178961	6752	0.049447805
178961	4446	0.049259074
178961	1241	0.049224645
178961	4680	0.049118273
178961	6666	0.04911823
178961	3864	0.04911387
178961	5289	0.049113814
178961	3806	0.049012482
179019	67	0.05488927
179019	2070	0.054439306
179019	393	0.054174583
179019	6081	0.053994946
179019	1636	0.05393696
179019	94	0.053729214
179019	3074	0.053685226
179019	3182	0.053685218
179019	2579	0.053578816
179019	144	0.053548522
179075	2823	0.061949246
179075	504	0.061624944
179075	3064	0.060902335
179075	581	0.060680624
179075	708	0.06053893
179075	434	0.060538866
179075	1630	0.060304813
179075	879	0.060269974
179075	1640	0.060225435
179075	2398	0.060225423
179118	6498	0.05148743
179118	3144	0.051422812
179118	1401	0.051422782
179118	4096	0.05123915
179118	2271	0.05123914
179118	5083	0.05123914
179118	2428	0.051239137
179118	2460	0.051239125
179118	2993	0.051239125
179118	1226	0.051239118
179147	958	0.056235112
179147	2432	0.055986486
179147	951	0.055909365
179147	3705	0.05577163
179147	1273	0.055623595
179147	1169	0.055521086
179147	193	0.055520996
179147	3368	0.055390447
179147	406	0.055389695
179147	2620	0.055363156
179288	614	0.04661633
179288	420	0.04656521
179288	1389	0.04616271
179288	1253	0.04604695
179288	4867	0.04599382
179288	2620	0.0459427
179288	410	0.04591988
179288	1490	0.045861103
179288	1055	0.045731757
179288	2369	0.045479193
179321	406	0.055381775
179321	247	0.055214293
179321	6130	0.05515082
179321	2203	0.05513852
179321	2620	0.055129737
179321	3705	0.055044778
179321	1193	0.055030532
179321	1880	0.054994278
179321	6574	0.054874294
179321	4346	0.054816436
179327	1983	0.050844666
179327	816	0.050811138
179327	4998	0.050671484
179327	3169	0.05057621
179327	622	0.050572716
179327	1405	0.050487697
179327	2923	0.050379187
179327	1463	0.05036713
179327	2824	0.050353665
179327	1103	0.050338402
179433	703	0.04322934
179433	4549	0.043053452
179433	3691	0.043006666
179433	1882	0.042945415
179433	712	0.042900264
179433	1269	0.042900205
179433	777	0.04274765
179433	176	0.04274762
179433	1447	0.042697273
179433	2950	0.042623907
179532	1167	0.062056627
179532	600	0.06189462
179532	458	0.06165821
179532	4955	0.06143483
179532	3794	0.061362073
179532	927	0.061258495
179532	6486	0.06121641
179532	397	0.06104716
179532	6709	0.060988788
179532	3426	0.060988758
179534	2366	0.056656785
179534	2015	0.056592315
179534	246	0.05653236
179534	2197	0.05643282
179534	637	0.056391146
179534	5559	0.056349397
179534	1397	0.05627028
179534	824	0.056270182
179534	3090	0.056145884
179534	4858	0.05602792
179688	3221	0.042178974
179688	6489	0.042176317
179688	6273	0.042129174
179688	3327	0.04212913
179688	3291	0.042073518
179688	1794	0.04205591
179688	55	0.042025924
179688	3740	0.04193154
179688	136	0.041923087
179688	4512	0.04177847
179718	2070	0.05430579
179718	6081	0.05405029
179718	393	0.05396354
179718	4175	0.053947028
179718	6554	0.05394702
179718	442	0.05387245
179718	2077	0.05387245
179718	5696	0.053857453
179718	1662	0.053857416
179718	6417	0.05385737
179730	2804	0.036236733
179730	469	0.03614451
179730	2374	0.03610713
179730	660	0.036100786
179730	2177	0.036084764
179730	1350	0.035838023
179730	40	0.035803124
179730	2040	0.035702065
179730	5573	0.035701983
179730	2964	0.035689615
179733	435	0.05248797
179733	604	0.052280094
179733	2951	0.052223474
179733	1746	0.052177846
179733	930	0.052157972
179733	465	0.052157935
179733	3142	0.052157916
179733	1058	0.05211962
179733	2120	0.052101932
179733	1770	0.05209887
179734	2964	0.061218023
179734	660	0.06115068
179734	2374	0.06104122
179734	469	0.06073224
179734	2804	0.060173053
179734	2177	0.05949247
179734	363	0.059317872
179734	2513	0.05881477
179734	40	0.058716103
179734	2040	0.058693655
179739	123	0.050483957
179739	5479	0.050446548
179739	5482	0.050446525
179739	2247	0.050446488
179739	6027	0.050278798
179739	2558	0.050236568
179739	6067	0.050103873
179739	5236	0.049948655
179739	4505	0.04991973
179739	6255	0.049844034
179741	188	0.06750188
179741	347	0.06681284
179741	2552	0.066719055
179741	3855	0.06662303
179741	102	0.066604696
179741	2837	0.06656239
179741	459	0.06647289
179741	1602	0.06597149
179741	5250	0.06576847
179741	2362	0.0657288
179744	1161	0.046474066
179744	2109	0.046203516
179744	5636	0.046185717
179744	6226	0.045939304
179744	5805	0.04587552
179744	118	0.045875482
179744	1995	0.04580824
179744	2164	0.04575519
179744	796	0.045644276
179744	4321	0.045567885
179772	52	0.07492547
179772	3442	0.07492543
179772	2197	0.07473177
179772	882	0.07464
179772	4782	0.074639976
179772	189	0.074579746
179772	3367	0.07441674
179772	384	0.0743358
179772	3527	0.0743358
179772	1571	0.07433575
179791	1643	0.062439255
179791	2713	0.061832458
179791	473	0.061679095
179791	1070	0.06153394
179791	1405	0.06125975
179791	3191	0.061125815
179791	6756	0.061115794
179791	573	0.060980357
179791	816	0.06050369
179791	6729	0.06044032
179826	388	0.07175682
179826	3517	0.071626544
179826	2915	0.0716265
179826	5222	0.0716265
179826	3457	0.07162646
179826	4483	0.07149179
179826	3421	0.07149177
179826	4924	0.07149171
179826	5927	0.0714917
179826	6839	0.07149167
179843	5063	0.050001606
179843	3472	0.049901668
179843	265	0.04988011
179843	1883	0.0498801
179843	6763	0.04985743
179843	1758	0.049820498
179843	3692	0.04964752
179843	4167	0.049639564
179843	3748	0.049639553
179843	6297	0.049410593
179857	2560	0.056051366
179857	1549	0.056011762
179857	4484	0.055995323
179857	4382	0.055986416
179857	6433	0.055835884
179857	4649	0.05561713
179857	6003	0.055609107
179857	817	0.055609066
179857	2561	0.055599727
179857	6182	0.05551278
179885	637	0.0434364
179885	4227	0.04334579
179885	85	0.043246724
179885	628	0.043108042
179885	2366	0.04309847
179885	824	0.04277012
179885	500	0.042709276
179885	1428	0.042704068
179885	809	0.042633995
179885	1397	0.04263348
179906	68	0.056969665
179906	691	0.056865662
179906	693	0.05684168
179906	4227	0.05681262
179906	1971	0.056737576
179906	809	0.05671232
179906	85	0.056684583
179906	882	0.056604847
179906	4782	0.056604818
179906	637	0.056447722
180032	6367	0.053098593
180032	5411	0.052591667
180032	2322	0.052536502
180032	2810	0.05241786
180032	3557	0.052330017
180032	6287	0.052313764
180032	3707	0.052277703
180032	853	0.05226859
180032	6261	0.05221514
180032	4917	0.05218982
180042	54	0.060762867
180042	657	0.06069578
180042	692	0.06029127
180042	5140	0.060001943
180042	432	0.059991837
180042	879	0.05998341
180042	243	0.059818935
180042	3207	0.059631385
180042	1779	0.059503805
180042	606	0.058777288
180348	3361	0.050253294
180348	5410	0.05025327
180348	2173	0.050253265
180348	3331	0.050253265
180348	3452	0.0499769
180348	1296	0.04985005
180348	1094	0.04980099
180348	1045	0.049800947
180348	1725	0.049800932
180348	6918	0.049765516
180378	3095	0.04541617
180378	4837	0.045093723
180378	5782	0.044854995
180378	4991	0.044801973
180378	3994	0.04472708
180378	4473	0.04445362
180378	722	0.044453617
180378	524	0.04433775
180378	6270	0.044314142
180378	355	0.044308428
180495	6914	0.0378076
180495	5224	0.03776206
180495	5952	0.037762057
180495	6850	0.037762053
180495	1292	0.037762046
180495	2047	0.037762042
180495	1308	0.037744425
180495	894	0.037744418
180495	1048	0.037744418
180495	4144	0.03774439
180580	1597	0.031604387
180580	1359	0.03160096
180580	2770	0.03156361
180580	1452	0.03153548
180580	4486	0.03149472
180580	2519	0.03145539
180580	1098	0.031455375
180580	4298	0.031451948
180580	4008	0.031386454
180580	2287	0.03133719
180586	459	0.05688442
180586	1261	0.056786038
180586	3056	0.056733526
180586	1444	0.05640751
180586	2961	0.056407467
180586	414	0.05626911
180586	1626	0.05620704
180586	2883	0.05616194
180586	611	0.055848613
180586	2362	0.055810887
180591	1463	0.06012359
180591	3169	0.05990097
180591	816	0.059611417
180591	2281	0.059542343
180591	1600	0.05887341
180591	622	0.05882423
180591	1405	0.058728475
180591	5390	0.05857874
180591	988	0.05849105
180591	537	0.058265164
180651	4207	0.053286627
180651	5414	0.05320222
180651	646	0.05320221
180651	624	0.053159162
180651	2643	0.053074554
180651	3907	0.053074516
180651	1987	0.053074483
180651	388	0.053054404
180651	2821	0.053034134
180651	6244	0.053029194
180801	1855	0.043148316
180801	2347	0.04314831
180801	1091	0.043135613
180801	6032	0.043120213
180801	5263	0.04312018
180801	1309	0.043107584
180801	5039	0.043008074
180801	1739	0.043008037
180801	2332	0.042924725
180801	2026	0.042920135
180840	3315	0.051249824
180840	1248	0.051030964
180840	2215	0.050862346
180840	572	0.050557643
180840	1596	0.050324555
180840	5867	0.050199527
180840	4052	0.050074443
180840	4570	0.050062213
180840	5649	0.05003871
180840	1158	0.04995349
180860	3125	0.033040166
180860	4280	0.03303892
180860	1702	0.03295841
180860	1869	0.032926776
180860	4585	0.03284061
180860	4644	0.03264836
180860	2069	0.032573067
180860	1356	0.03254222
180860	2902	0.03252297
180860	2440	0.032519586
180925	3508	0.043994263
180925	245	0.04399422
180925	3603	0.04399419
180925	2806	0.043981172
180925	4447	0.04393766
180925	6301	0.04393765
180925	3021	0.043937646
180925	3491	0.043937635
180925	6326	0.043822445
180925	6161	0.043817636
180957	2513	0.04664963
180957	2178	0.04644662
180957	2290	0.04616826
180957	3799	0.04579981
180957	350	0.04576771
180957	3899	0.045643575
180957	1783	0.045620777
180957	4761	0.045602962
180957	1248	0.04544209
180957	1203	0.04535242
181076	4636	0.04302127
181076	5823	0.04297887
181076	827	0.042949937
181076	1733	0.042766266
181076	6523	0.04276498
181076	2593	0.042764977
181076	5282	0.042764977
181076	1353	0.042723916
181076	4070	0.042678792
181076	1162	0.042483784
181077	472	0.056884795
181077	988	0.056544114
181077	5879	0.056510083
181077	3397	0.05606542
181077	339	0.05602516
181077	183	0.0558709
181077	774	0.055798776
181077	3790	0.05577913
181077	2836	0.055772927
181077	373	0.055546477
181103	4281	0.042406023
181103	3162	0.042062625
181103	4282	0.041447453
181103	4085	0.041410133
181103	3389	0.0413867
181103	5087	0.04134751
181103	4423	0.041322015
181103	6841	0.041239053
181103	2895	0.041231923
181103	5588	0.041169696
181165	5764	0.06331084
181165	1760	0.062794544
181165	5331	0.06258783
181165	5082	0.06255342
181165	6843	0.062488146
181165	423	0.062424056
181165	189	0.062384743
181165	1715	0.062366292
181165	3939	0.062362596
181165	542	0.062333588
181176	169	0.08602478
181176	4332	0.08498499
181176	1961	0.08493746
181176	170	0.084707126
181176	202	0.08469537
181176	1268	0.08465554
181176	2725	0.08433072
181176	1527	0.084106326
181176	971	0.08380009
181176	1068	0.083756
181212	3254	0.038463794
181212	1375	0.0377607
181212	49	0.03768844
181212	2140	0.03761347
181212	5894	0.037435092
181212	1464	0.03736431
181212	5435	0.037162594
181212	4611	0.037136603
181212	4143	0.03704189
181212	6821	0.036984175
181223	1854	0.04417354
181223	329	0.04365923
181223	619	0.043659225
181223	1851	0.043400966
181223	77	0.043387055
181223	1636	0.043342903
181223	59	0.043212894
181223	3207	0.043073863
181223	432	0.04304587
181223	692	0.043012872
181436	3581	0.049731247
181436	2317	0.04957027
181436	341	0.04954797
181436	338	0.049547955
181436	1260	0.049547933
181436	5601	0.049547903
181436	3064	0.04949612
181436	708	0.04947381
181436	434	0.049473777
181436	183	0.0491592
181452	831	0.053143524
181452	2541	0.05223777
181452	175	0.051859964
181452	3770	0.05116044
181452	5054	0.05102145
181452	3790	0.051018395
181452	621	0.050441362
181452	4336	0.050292082
181452	2007	0.050225466
181452	3280	0.050184973
181473	278	0.05544481
181473	5166	0.055444796
181473	2208	0.055444792
181473	1737	0.055444777
181473	4230	0.05544477
181473	3954	0.055444732
181473	3517	0.05519071
181473	2915	0.055190682
181473	5222	0.055190682
181473	3457	0.05519065
181687	411	0.049766712
181687	575	0.049589105
181687	3998	0.049380705
181687	3612	0.04938065
181687	287	0.049380645
181687	4050	0.049380623
181687	2413	0.049358383
181687	1336	0.04933565
181687	1942	0.049274925
181687	1680	0.049258903
181691	5288	0.039205056
181691	456	0.039035555
181691	2267	0.038491774
181691	6249	0.038432926
181691	4560	0.038366146
181691	2012	0.03816565
181691	3791	0.03814356
181691	973	0.03811322
181691	3385	0.03809128
181691	1928	0.038054496
181714	4442	0.03820052
181714	1589	0.03797756
181714	507	0.03788779
181714	2744	0.037858002
181714	5230	0.037689265
181714	3175	0.037573084
181714	3144	0.037469596
181714	1401	0.037469584
181714	2704	0.037448395
181714	5205	0.037404947
181736	1499	0.0593594
181736	1491	0.059208415
181736	1515	0.05920841
181736	3090	0.059111565
181736	52	0.05908023
181736	3442	0.059080206
181736	1816	0.05905237
181736	5617	0.05905234
181736	207	0.058929227
181736	308	0.058901347
181796	188	0.048558183
181796	5250	0.048403725
181796	459	0.04835709
181796	347	0.04803931
181796	2552	0.047544427
181796	4726	0.047487628
181796	2362	0.04733625
181796	6074	0.047200046
181796	414	0.04719608
181796	3855	0.047183804
181896	3363	0.045756783
181896	4079	0.045578502
181896	766	0.045541544
181896	4192	0.04546378
181896	5181	0.045463692
181896	769	0.045419384
181896	3488	0.045398995
181896	30	0.04536322
181896	4911	0.045247726
181896	756	0.045235515
181948	6250	0.053516284
181948	1094	0.053361453
181948	1045	0.053361416
181948	1725	0.053361405
181948	1328	0.05332834
181948	2732	0.053228837
181948	5675	0.053199016
181948	147	0.053073846
181948	4513	0.0530738
181948	2820	0.053044006
181956	1645	0.04100766
181956	2473	0.040915214
181956	3675	0.040856384
181956	3605	0.04081688
181956	6507	0.040764287
181956	3562	0.04072594
181956	6511	0.040643282
181956	863	0.040608384
181956	719	0.04043472
181956	3777	0.040428467
181995	2524	0.044422608
181995	3757	0.044263303
181995	4321	0.04424901
181995	4681	0.044173736
181995	2797	0.044159506
181995	5865	0.044159483
181995	2261	0.04401301
181995	6686	0.043720055
181995	372	0.043672364
181995	3	0.04367236
182053	1220	0.07292579
182053	5906	0.07218909
182053	5218	0.07188053
182053	5496	0.071880445
182053	2014	0.07185927
182053	5740	0.071859255
182053	814	0.07161023
182053	2713	0.0715163
182053	2165	0.07128541
182053	3191	0.07109022
182086	4807	0.042722758
182086	1099	0.042711094
182086	3692	0.042683862
182086	4945	0.042545654
182086	3472	0.042525936
182086	2667	0.042439066
182086	1051	0.042430602
182086	6155	0.042430542
182086	3218	0.04242745
182086	150	0.042427447
182088	4555	0.039848253
182088	3100	0.039848246
182088	4556	0.03984823
182088	2260	0.039848227
182088	11	0.039848223
182088	6377	0.039848223
182088	848	0.039848216
182088	2265	0.039703116
182088	2076	0.039703086
182088	3390	0.03951854
182117	3413	0.044267513
182117	3322	0.044185884
182117	3600	0.044148166
182117	2846	0.044145472
182117	5128	0.044137996
182117	3432	0.044094954
182117	3887	0.044071514
182117	2090	0.044002764
182117	4624	0.04400275
182117	762	0.04399257
182180	3480	0.047367044
182180	4146	0.04729373
182180	2279	0.047202557
182180	5817	0.047202557
182180	1238	0.04710578
182180	6110	0.0469939
182180	536	0.046868317
182180	4811	0.04681511
182180	1564	0.046705462
182180	3455	0.04664838
182202	5730	0.049414236
182202	1369	0.049176093
182202	643	0.049176075
182202	458	0.049175873
182202	4286	0.048964217
182202	927	0.0489588
182202	600	0.048863575
182202	2892	0.048632145
182202	3587	0.048585333
182202	4279	0.048585296
182275	5801	0.05433464
182275	2111	0.05419645
182275	6698	0.054196432
182275	6831	0.054196425
182275	4191	0.054184332
182275	3864	0.054160696
182275	5289	0.054160655
182275	5836	0.054148495
182275	2277	0.054046117
182275	5925	0.05397039
182334	6495	0.05492329
182334	205	0.054923274
182334	6562	0.054923266
182334	4699	0.05492326
182334	713	0.054923207
182334	5746	0.054921146
182334	1216	0.054921057
182334	6483	0.054847874
182334	6143	0.054564744
182334	787	0.0543452
182393	5175	0.05172755
182393	3004	0.051698197
182393	3179	0.051677108
182393	5081	0.051677093
182393	371	0.051677074
182393	6196	0.05142646
182393	3990	0.051344886
182393	6154	0.051294155
182393	2687	0.05112547
182393	5480	0.05111474
182403	4611	0.04531406
182403	5356	0.044649605
182403	1610	0.044640414
182403	2033	0.044465907
182403	5435	0.04431518
182403	4002	0.0441093
182403	4083	0.043921225
182403	2167	0.043849695
182403	6125	0.04380065
182403	2658	0.042508632
182414	981	0.04208845
182414	503	0.041704517
182414	274	0.0416215
182414	991	0.041476082
182414	1115	0.041305594
182414	3083	0.041153893
182414	5155	0.04084184
182414	1117	0.04084183
182414	2497	0.040841807
182414	837	0.040834736
182442	696	0.05428823
182442	3678	0.05426331
182442	1396	0.05426327
182442	965	0.054263264
182442	1747	0.054263256
182442	4223	0.053897962
182442	1146	0.053897955
182442	646	0.05388858
182442	5953	0.053888567
182442	5414	0.053888563
182459	3064	0.07007306
182459	708	0.0699984
182459	1640	0.06900072
182459	2398	0.069000706
182459	606	0.06846771
182459	3581	0.067933
182459	2823	0.06768268
182459	504	0.0676409
182459	2317	0.0670252
182459	5815	0.06699854
182506	4401	0.05650395
182506	3949	0.05620519
182506	3422	0.05613476
182506	2919	0.056004114
182506	6264	0.055955358
182506	1884	0.05592851
182506	1336	0.055928178
182506	1186	0.055866733
182506	2324	0.05586376
182506	247	0.055841107
182527	1662	0.06382395
182527	5696	0.063823946
182527	6417	0.06382387
182527	2070	0.06374564
182527	2010	0.063601606
182527	4175	0.06340521
182527	6554	0.0634052
182527	144	0.06326191
182527	4161	0.06322833
182527	5423	0.06294632
182599	1064	0.054033972
182599	3286	0.05403391
182599	5696	0.053858705
182599	1662	0.053858668
182599	6417	0.053858608
182599	4175	0.05384785
182599	6554	0.05384785
182599	2077	0.053797107
182599	442	0.0537971
182599	394	0.053779565
182746	2732	0.049557284
182746	892	0.049422048
182746	147	0.04940601
182746	4513	0.049405962
182746	5332	0.04937326
182746	63	0.049373228
182746	6590	0.049337313
182746	4178	0.04929735
182746	2080	0.049297303
182746	1229	0.049270835
182838	0	0.05458878
182838	5119	0.054242946
182838	4995	0.054209244
182838	1757	0.053570535
182838	6414	0.0534876
182838	2016	0.0532445
182838	2648	0.053122267
182838	3332	0.0529123
182838	6372	0.052722782
182838	4482	0.052722737
182847	274	0.044351853
182847	503	0.04412996
182847	3977	0.04410828
182847	1115	0.043926306
182847	991	0.043876193
182847	837	0.043842454
182847	4471	0.04347731
182847	3083	0.04307267
182847	742	0.04303598
182847	4336	0.042943932
182931	2966	0.056827452
182931	373	0.056526203
182931	2836	0.055830978
182931	2532	0.055508047
182931	2809	0.055508006
182931	3669	0.05550799
182931	774	0.05550617
182931	625	0.055391163
182931	2478	0.055371217
182931	2236	0.055223085
182969	5489	0.07229416
182969	3244	0.072280645
182969	3922	0.07211894
182969	2133	0.072077245
182969	927	0.071943484
182969	4734	0.07182521
182969	1330	0.07182519
182969	744	0.07180601
182969	6736	0.07180591
182969	439	0.07180533
182993	2235	0.052687064
182993	6151	0.052515864
182993	543	0.052501447
182993	6750	0.05211394
182993	1565	0.052058138
182993	5213	0.052008174
182993	4743	0.052008145
182993	1826	0.051985443
182993	2960	0.05198544
182993	4845	0.05188486
183046	6430	0.043639883
183046	1708	0.04325626
183046	2217	0.043232683
183046	186	0.043184176
183046	3775	0.042888764
183046	620	0.042824775
183046	4560	0.042700816
183046	487	0.042262908
183046	2710	0.042138793
183046	3047	0.042005315
183061	5639	0.06386688
183061	4573	0.06356161
183061	2232	0.06351421
183061	2236	0.06351213
183061	2966	0.06347389
183061	2866	0.06307478
183061	1612	0.063066274
183061	3774	0.06292759
183061	5417	0.062704384
183061	6808	0.0627028
183088	2713	0.056907926
183088	2165	0.05645168
183088	3191	0.056440376
183088	1220	0.05636029
183088	6170	0.056066528
183088	6729	0.056066528
183088	5906	0.055656336
183088	814	0.05564044
183088	5218	0.055518884
183088	5496	0.05551883
183101	1510	0.03645093
183101	4180	0.036450908
183101	1750	0.03618396
183101	485	0.03612622
183101	5990	0.036126215
183101	5572	0.03599595
183101	4028	0.035995934
183101	3651	0.03599593
183101	3836	0.0359682
183101	4913	0.035917215
183134	4452	0.045400172
183134	177	0.045390464
183134	662	0.045353193
183134	2273	0.0452495
183134	155	0.045161422
183134	4113	0.045156687
183134	3050	0.04515484
183134	961	0.045064483
183134	3068	0.045061097
183134	195	0.044929184
183142	3083	0.058673
183142	1104	0.058351852
183142	283	0.057918675
183142	5195	0.057713978
183142	1543	0.05771391
183142	6116	0.05756274
183142	1102	0.057460748
183142	1118	0.05746066
183142	4763	0.057372533
183142	1115	0.057342023
183178	405	0.033148408
183178	6291	0.03306043
183178	1020	0.033017345
183178	37	0.033008173
183178	4235	0.032997105
183178	2456	0.03293906
183178	1286	0.032936286
183178	2735	0.03278012
183178	1550	0.032751855
183178	604	0.03275175
183187	2819	0.055923693
183187	5863	0.05506913
183187	4982	0.05482337
183187	778	0.054509256
183187	4729	0.054111764
183187	3770	0.05400096
183187	4798	0.053865142
183187	3280	0.053688686
183187	675	0.05353143
183187	2516	0.05347125
183196	3993	0.042520277
183196	3872	0.042440243
183196	2073	0.042404447
183196	6917	0.042397615
183196	6463	0.042181537
183196	4387	0.042168148
183196	2214	0.042147614
183196	2716	0.042146638
183196	1580	0.042122114
183196	5521	0.04205248
183277	4715	0.06846921
183277	384	0.06825042
183277	3527	0.06825042
183277	1571	0.068250366
183277	3367	0.068242066
183277	52	0.068023235
183277	3442	0.06802319
183277	6427	0.06759444
183277	6524	0.06751034
183277	3800	0.067510284
183284	3022	0.060198784
183284	6709	0.059733447
183284	3426	0.059733424
183284	1641	0.059464056
183284	941	0.059243716
183284	6816	0.059209246
183284	574	0.059036598
183284	1634	0.05861897
183284	5216	0.058618926
183284	3523	0.058463715
183347	414	0.057311524
183347	459	0.056917496
183347	1444	0.056670263
183347	2961	0.05667022
183347	1690	0.056611948
183347	3056	0.056306947
183347	1261	0.056281745
183347	997	0.056179028
183347	2870	0.056179024
183347	279	0.05609057
183436	3075	0.049814917
183436	388	0.04958629
183436	5596	0.049522184
183436	278	0.04950237
183436	2208	0.04950235
183436	5166	0.04950235
183436	1737	0.049502328
183436	4230	0.049502328
183436	3954	0.0495023
183436	646	0.049449876
183537	4070	0.058543406
183537	3746	0.058518846
183537	1992	0.058498137
183537	2594	0.05804041
183537	6592	0.057824865
183537	5241	0.057800513
183537	5212	0.057753287
183537	694	0.057739392
183537	2259	0.057739366
183537	6853	0.05770798
183540	1261	0.068198696
183540	459	0.06814239
183540	2362	0.06718342
183540	1436	0.067093104
183540	414	0.06675446
183540	1602	0.06666299
183540	20	0.066635996
183540	5815	0.06663598
183540	2867	0.06663594
183540	613	0.06656435
183572	1631	0.045151263
183572	2991	0.0450378
183572	3433	0.04502572
183572	1212	0.044996403
183572	5570	0.044996403
183572	1185	0.044952653
183572	2044	0.044673383
183572	1764	0.044516195
183572	1492	0.04447146
183572	1055	0.044460118
183740	3135	0.033976182
183740	4007	0.033336543
183740	4336	0.033186138
183740	1031	0.033145916
183740	775	0.03296026
183740	5054	0.03295638
183740	2714	0.03293559
183740	4471	0.03259676
183740	2546	0.03251247
183740	75	0.03251072
183753	407	0.08661267
183753	693	0.08609173
183753	809	0.08602997
183753	2469	0.086026885
183753	85	0.085864045
183753	486	0.085581884
183753	6111	0.08543041
183753	404	0.08531412
183753	1947	0.085241266
183753	5404	0.08517386
183832	2503	0.056661054
183832	1492	0.05659777
183832	2044	0.056387775
183832	1947	0.05597793
183832	2991	0.055885177
183832	1177	0.055879533
183832	4968	0.055613644
183832	6564	0.054923467
183832	1076	0.05489136
183832	693	0.05486992
183883	2823	0.07361238
183883	504	0.07279132
183883	1630	0.071990356
183883	6674	0.07164304
183883	2156	0.07129155
183883	4269	0.071100965
183883	3064	0.07050507
183883	573	0.07045435
183883	352	0.07013938
183883	689	0.06990346
183931	1530	0.041584924
183931	4929	0.0415849
183931	4440	0.041584898
183931	1095	0.04158488
183931	6096	0.041581586
183931	4258	0.041581567
183931	3569	0.041581552
183931	4162	0.04148903
183931	1927	0.041454874
183931	966	0.041454837
183952	415	0.06111391
183952	2920	0.060752507
183952	636	0.060752504
183952	2360	0.06075248
183952	3440	0.060752474
183952	1772	0.060598735
183952	1023	0.060598716
183952	2231	0.06059868
183952	5833	0.06053447
183952	2024	0.060418203
183958	5609	0.05655041
183958	2728	0.056420133
183958	4972	0.056334935
183958	3503	0.056193132
183958	6849	0.056188665
183958	1388	0.055641618
183958	219	0.055540785
183958	2680	0.055509973
183958	4414	0.05550658
183958	6321	0.0553231
183963	892	0.06536642
183963	140	0.065327674
183963	84	0.06505616
183963	330	0.065056086
183963	4119	0.064798445
183963	6590	0.06471403
183963	1526	0.06450319
183963	5361	0.064243704
183963	3552	0.06424367
183963	2316	0.064163215
184121	2120	0.053249985
184121	404	0.05317873
184121	3520	0.053133197
184121	486	0.053053133
184121	552	0.053032048
184121	5936	0.05303204
184121	1205	0.052968275
184121	210	0.052968226
184121	2469	0.052960873
184121	5567	0.052674618
184196	5842	0.055010498
184196	735	0.05476779
184196	139	0.054674573
184196	1569	0.054646973
184196	3882	0.054646954
184196	1043	0.05426291
184196	2727	0.054019876
184196	2947	0.05387883
184196	3274	0.053554103
184196	2001	0.053303324
184202	1606	0.039488167
184202	4240	0.03946046
184202	4193	0.03932395
184202	4640	0.039303586
184202	5359	0.039284956
184202	5807	0.039246865
184202	2257	0.039246842
184202	4112	0.03924544
184202	3123	0.03912407
184202	2535	0.039102808
184223	2362	0.052431494
184223	3855	0.05214155
184223	459	0.051701084
184223	501	0.051522337
184223	1411	0.05150058
184223	1436	0.051274177
184223	152	0.051112104
184223	937	0.051112104
184223	2176	0.051029366
184223	4538	0.051029336
184270	3841	0.037959747
184270	2137	0.037183017
184270	6823	0.03681855
184270	6771	0.036648378
184270	6776	0.03657062
184270	4457	0.036375824
184270	5024	0.036151893
184270	3530	0.036077917
184270	6602	0.03604436
184270	6615	0.0359228
184279	6061	0.04923553
184279	4668	0.049040735
184279	3209	0.048657984
184279	72	0.04865796
184279	2282	0.048653953
184279	5094	0.04848697
184279	1258	0.04845909
184279	3928	0.048459075
184279	3803	0.04845906
184279	42	0.048459042
184299	4570	0.04834763
184299	3285	0.04828626
184299	2215	0.048175074
184299	1596	0.04751894
184299	2493	0.047403507
184299	1804	0.047323767
184299	3315	0.047257133
184299	3512	0.04699224
184299	2214	0.04689187
184299	915	0.046844624
184310	1813	0.049396932
184310	2838	0.04923369
184310	4161	0.049025774
184310	2662	0.04889193
184310	311	0.04886453
184310	5765	0.048685737
184310	1432	0.04856868
184310	3194	0.048381902
184310	2337	0.048335366
184310	3885	0.048324905
184354	2966	0.041936792
184354	373	0.041901648
184354	625	0.041384414
184354	774	0.04133907
184354	2532	0.04127445
184354	2809	0.041274432
184354	3669	0.0412744
184354	6719	0.041270893
184354	5417	0.041239683
184354	2051	0.041121393
184365	1369	0.04532419
184365	643	0.045324184
184365	3587	0.045134436
184365	4279	0.045134433
184365	1084	0.045084976
184365	5328	0.045084964
184365	1634	0.045045592
184365	5216	0.045045562
184365	4734	0.044945862
184365	1330	0.04494583
184401	2070	0.049362116
184401	5696	0.049149573
184401	1662	0.049149543
184401	6417	0.049149506
184401	1064	0.04897477
184401	3286	0.048974723
184401	2010	0.048955902
184401	1636	0.048853606
184401	3093	0.0487811
184401	4175	0.04875458
184424	3433	0.06944758
184424	1185	0.06828511
184424	1631	0.06820716
184424	2044	0.0681192
184424	5570	0.0679791
184424	1212	0.06797908
184424	5702	0.0677887
184424	404	0.06773245
184424	1680	0.067530185
184424	1764	0.06743179
184465	1754	0.04349784
184465	5162	0.043497752
184465	4619	0.043409478
184465	5947	0.04340945
184465	2879	0.04338073
184465	2060	0.043192226
184465	561	0.04311373
184465	5499	0.043109067
184465	559	0.043096326
184465	6308	0.04309631
184479	1192	0.03742194
184479	4625	0.03738919
184479	455	0.03725878
184479	2174	0.03717647
184479	3736	0.037162073
184479	1512	0.03716201
184479	4221	0.037108853
184479	6104	0.03704566
184479	4105	0.037041683
184479	3455	0.036953337
184513	2336	0.050928466
184513	2190	0.05077143
184513	4678	0.05064247
184513	3690	0.050629392
184513	5557	0.050494313
184513	4844	0.050442018
184513	4302	0.050442014
184513	2010	0.05042332
184513	6140	0.05039894
184513	3093	0.050374337
184532	703	0.052465476
184532	5517	0.052115083
184532	973	0.052079335
184532	5288	0.05166629
184532	794	0.05166049
184532	2813	0.051440075
184532	2012	0.05108425
184532	1961	0.05102444
184532	3047	0.05098386
184532	4307	0.050966807
184562	639	0.053307004
184562	4330	0.05330698
184562	5453	0.05330697
184562	4906	0.053306956
184562	2117	0.053306933
184562	5946	0.053231195
184562	223	0.053231165
184562	399	0.053231165
184562	5385	0.053231165
184562	2122	0.05323115
184629	1851	0.054989487
184629	3616	0.054546215
184629	727	0.054289818
184629	451	0.054245114
184629	2337	0.054050513
184629	3659	0.05403555
184629	3194	0.05342009
184629	77	0.053371932
184629	144	0.05333861
184629	997	0.053320885
184684	2317	0.07617987
184684	3581	0.07549112
184684	183	0.07524997
184684	341	0.07524867
184684	338	0.07524865
184684	1260	0.075248614
184684	5601	0.07524857
184684	708	0.07510379
184684	434	0.075103745
184684	339	0.07417372
184789	2823	0.06093644
184789	504	0.060389765
184789	1630	0.0598958
184789	4245	0.059703704
184789	243	0.059557
184789	5205	0.05921022
184789	507	0.058922052
184789	879	0.0586581
184789	614	0.05853439
184789	420	0.058305293
184890	2764	0.051092777
184890	3180	0.051025726
184890	2578	0.05102572
184890	5423	0.051000662
184890	4526	0.050948124
184890	3967	0.050824463
184890	3318	0.05082443
184890	377	0.050824426
184890	379	0.050824385
184890	648	0.050797306
184904	2156	0.060001846
184904	814	0.05985973
184904	991	0.05979887
184904	1220	0.059785508
184904	3083	0.059265934
184904	5195	0.059158415
184904	1543	0.059158355
184904	6795	0.059125915
184904	4668	0.05908423
184904	3209	0.059051745
184918	3770	0.041654162
184918	2516	0.0415153
184918	175	0.04145457
184918	3973	0.041449122
184918	2541	0.04115762
184918	1242	0.04115609
184918	2158	0.040897585
184918	3280	0.040828645
184918	2858	0.04060901
184918	4982	0.040559754
184985	956	0.035412803
184985	2953	0.035412785
184985	5059	0.035382003
184985	591	0.035365067
184985	3027	0.035358086
184985	5623	0.03535808
184985	1151	0.035352908
184985	1414	0.035341226
184985	5917	0.035341218
184985	6302	0.035341207
184990	2648	0.048170693
184990	6374	0.04791586
184990	3485	0.047894474
184990	5419	0.047435988
184990	3332	0.047183663
184990	2946	0.046987012
184990	0	0.046977438
184990	563	0.04691835
184990	2998	0.0469183
184990	4098	0.046848204
185011	4901	0.03675973
185011	2506	0.03667953
185011	5479	0.03659915
185011	5482	0.036599137
185011	2247	0.036599115
185011	3391	0.0365949
185011	6911	0.03656034
185011	853	0.036545917
185011	4491	0.036502182
185011	2474	0.03648436
185071	1200	0.051818587
185071	3297	0.051258754
185071	311	0.05118075
185071	4161	0.051127397
185071	2662	0.05101109
185071	5380	0.050989293
185071	151	0.050989233
185071	5225	0.05098918
185071	5683	0.050878912
185071	1766	0.05083614
185087	6096	0.04325041
185087	4258	0.043250386
185087	3569	0.043250367
185087	4812	0.043159477
185087	6333	0.043025687
185087	1927	0.04299724
185087	966	0.04299718
185087	1530	0.042746525
185087	4440	0.042746495
185087	4929	0.042746484
185140	4763	0.0593102
185140	1102	0.05885275
185140	1118	0.058852665
185140	3010	0.0587279
185140	283	0.058460712
185140	6116	0.058413986
185140	6586	0.058289275
185140	3083	0.058023654
185140	4437	0.057827264
185140	4185	0.057802398
185147	3678	0.05409032
185147	1396	0.05409029
185147	965	0.054090288
185147	1747	0.054090273
185147	5604	0.05352164
185147	646	0.053515855
185147	5414	0.05351585
185147	5953	0.053515844
185147	1146	0.053448826
185147	4223	0.053448826
185154	2132	0.041505292
185154	6014	0.04147795
185154	608	0.041382
185154	1695	0.041370045
185154	2291	0.041141145
185154	5300	0.041082464
185154	4562	0.041055206
185154	4592	0.041055113
185154	6227	0.040988922
185154	6000	0.040987443
185176	6719	0.052023456
185176	1493	0.051937938
185176	2051	0.051676154
185176	4913	0.05166056
185176	5237	0.051281556
185176	206	0.051065512
185176	2608	0.050882805
185176	1198	0.0508828
185176	3458	0.050880216
185176	1510	0.050739054
185254	1051	0.052783437
185254	6155	0.052783366
185254	3867	0.05267834
185254	3405	0.05265826
185254	5344	0.052632343
185254	2769	0.05263234
185254	639	0.052526265
185254	4330	0.05252625
185254	5453	0.05252625
185254	4906	0.052526228
185275	1854	0.058261216
185275	77	0.057499334
185275	329	0.057324946
185275	619	0.05732494
185275	1458	0.057045184
185275	541	0.05704517
185275	168	0.05704516
185275	6544	0.057045132
185275	1636	0.057033986
185275	2543	0.056937184
185288	5568	0.051242195
185288	6650	0.05068672
185288	6016	0.05050572
185288	1247	0.0505057
185288	5245	0.050505698
185288	1430	0.050455533
185288	586	0.050408505
185288	1945	0.05037907
185288	1224	0.05032958
185288	4235	0.050291613
185296	6885	0.041600086
185296	1315	0.041539595
185296	5775	0.041539565
185296	6505	0.04147242
185296	1340	0.041436277
185296	1342	0.04139851
185296	2613	0.04133805
185296	5724	0.041338027
185296	2588	0.041270792
185296	6788	0.041124906
185308	3365	0.059078872
185308	2372	0.059078842
185308	3477	0.059078842
185308	6447	0.059078842
185308	4509	0.05907882
185308	6371	0.05907882
185308	1324	0.059078816
185308	5645	0.059078816
185308	2679	0.059078794
185308	928	0.05907879
185384	5136	0.062425673
185384	4437	0.061895378
185384	5618	0.06178506
185384	95	0.06174186
185384	1589	0.061714195
185384	3010	0.061528422
185384	4763	0.06149211
185384	4442	0.061462324
185384	2308	0.06139312
185384	6586	0.061353102
185450	77	0.069353834
185450	1851	0.06901678
185450	4919	0.06890184
185450	1636	0.06880313
185450	1854	0.068462394
185450	2337	0.06843987
185450	1064	0.0683306
185450	3286	0.06833053
185450	3885	0.06828814
185450	3336	0.06819697
185468	1389	0.083129734
185468	406	0.08243807
185468	420	0.08214581
185468	614	0.08161521
185468	1193	0.08063826
185468	1490	0.08043493
185468	243	0.080326125
185468	1253	0.07915699
185468	2432	0.07898543
185468	2620	0.07892584
185497	503	0.057140436
185497	991	0.056944072
185497	5195	0.056933638
185497	1543	0.0569336
185497	1104	0.05657854
185497	6795	0.056570455
185497	4668	0.056555383
185497	2156	0.056291312
185497	742	0.056260712
185497	3209	0.056192193
185514	978	0.0543914
185514	227	0.05412826
185514	2918	0.054070715
185514	930	0.053822327
185514	3142	0.05382227
185514	465	0.053822264
185514	862	0.053783707
185514	6158	0.05347685
185514	3769	0.053409375
185514	4235	0.053368486
185538	3728	0.031334944
185538	6717	0.031183915
185538	6185	0.03097214
185538	3980	0.030959476
185538	4281	0.030759789
185538	5465	0.030703768
185538	5087	0.030689968
185538	5853	0.03061544
185538	4373	0.030605324
185538	3122	0.030562915
185634	3183	0.043970425
185634	6530	0.043922603
185634	3558	0.043843977
185634	6704	0.04381068
185634	6688	0.043805644
185634	3547	0.043655023
185634	2086	0.043624908
185634	1475	0.04360056
185634	2368	0.043595448
185634	2103	0.043591447
185671	4247	0.054733004
185671	4782	0.05453356
185671	882	0.05453355
185671	1397	0.054346025
185671	68	0.054259457
185671	637	0.054100998
185671	4710	0.054081645
185671	6111	0.053914007
185671	710	0.053863846
185671	4227	0.053826995
185677	4300	0.040614195
185677	2069	0.040427558
185677	4122	0.04033287
185677	1748	0.040332854
185677	3314	0.04028075
185677	6663	0.040280733
185677	2514	0.04023897
185677	4856	0.04014849
185677	5099	0.0401434
185677	5859	0.03992153
185722	5352	0.044128273
185722	910	0.04362371
185722	1586	0.043560505
185722	3681	0.04350262
185722	202	0.042884156
185722	1961	0.042629927
185722	794	0.042565554
185722	1370	0.04245702
185722	526	0.04240621
185722	2950	0.042068105
185771	5588	0.049223084
185771	1079	0.04918943
185771	3389	0.049133014
185771	2283	0.04909063
185771	4278	0.049058303
185771	3995	0.049040206
185771	6149	0.048934564
185771	6332	0.04880341
185771	6571	0.04879774
185771	3162	0.048741788
186032	384	0.063024886
186032	3527	0.063024886
186032	1571	0.06302484
186032	1947	0.06269366
186032	4715	0.062623166
186032	1492	0.06250633
186032	1177	0.062495053
186032	4968	0.062427904
186032	52	0.06220387
186032	3442	0.06220385
186039	6036	0.04025344
186039	998	0.04023639
186039	3555	0.0401586
186039	1012	0.04011873
186039	2642	0.039799236
186039	2630	0.039647967
186039	3131	0.039647967
186039	6741	0.039616805
186039	4839	0.03961676
186039	5959	0.039572448
186312	1585	0.042141993
186312	1721	0.042060275
186312	6254	0.042060237
186312	191	0.042006444
186312	5342	0.042006437
186312	6612	0.042006414
186312	990	0.041972764
186312	3324	0.041972764
186312	2350	0.041932523
186312	3750	0.04193249
186527	158	0.05779918
186527	487	0.057624705
186527	1264	0.05753736
186527	800	0.056848075
186527	2516	0.056734968
186527	620	0.05665008
186527	1708	0.05660568
186527	3770	0.056548487
186527	5815	0.056455653
186527	2867	0.05645562
186533	2516	0.054093674
186533	3770	0.053747896
186533	2007	0.05343101
186533	158	0.053416234
186533	1640	0.053346455
186533	2398	0.05334643
186533	175	0.05315094
186533	2541	0.052683875
186533	800	0.05264072
186533	1264	0.05253132
186547	3005	0.037387222
186547	1242	0.037343357
186547	780	0.037316896
186547	73	0.03715655
186547	6445	0.037124228
186547	5072	0.037076138
186547	3333	0.037017975
186547	1707	0.036950056
186547	776	0.0369095
186547	4937	0.036900356
186570	2437	0.08489932
186570	6298	0.084899314
186570	1361	0.08489931
186570	427	0.08489926
186570	2852	0.08489921
186570	5759	0.08488944
186570	652	0.08473694
186570	2577	0.08473688
186570	4494	0.08436276
186570	2751	0.08436273
186762	4747	0.052285016
186762	5067	0.052154016
186762	4877	0.05205483
186762	413	0.051911443
186762	154	0.051905878
186762	1173	0.051904608
186762	2747	0.051801838
186762	6904	0.05161953
186762	2482	0.051559694
186762	6352	0.05148191
186784	5702	0.05767698
186784	550	0.057520084
186784	1942	0.057368375
186784	1616	0.0568691
186784	2413	0.05667154
186784	6075	0.056304894
186784	1196	0.05615864
186784	3313	0.056093395
186784	5502	0.056093395
186784	2193	0.056021478
186807	2156	0.06420614
186807	1070	0.06409025
186807	573	0.064062834
186807	6674	0.06372501
186807	3064	0.063661836
186807	473	0.063618496
186807	2317	0.063613415
186807	883	0.063161775
186807	4438	0.06316177
186807	4876	0.063161746
186837	285	0.03474205
186837	2881	0.034576178
186837	1789	0.034499623
186837	1249	0.034408446
186837	2744	0.0342451
186837	1504	0.0341704
186837	5230	0.033815756
186837	4793	0.033703733
186837	4688	0.033693932
186837	6259	0.033638254
186848	2555	0.054284357
186848	213	0.054284297
186848	1289	0.05410018
186848	1205	0.054065123
186848	210	0.054065093
186848	384	0.054030053
186848	3527	0.054030053
186848	1571	0.05403003
186848	1816	0.054013986
186848	5617	0.05401394
186899	2964	0.03609373
186899	660	0.03585655
186899	2374	0.035775334
186899	469	0.035548773
186899	5673	0.035530455
186899	481	0.03529992
186899	1103	0.03529881
186899	886	0.035116367
186899	57	0.03509694
186899	3516	0.034959998
187029	5675	0.05571023
187029	1328	0.0556949
187029	2820	0.05556276
187029	5340	0.055415526
187029	174	0.055377997
187029	1821	0.055377916
187029	1382	0.05537791
187029	6250	0.055375032
187029	90	0.055245806
187029	5968	0.055245787
187065	170	0.049169727
187065	67	0.049144424
187065	619	0.04903829
187065	329	0.049038284
187065	440	0.048826613
187065	1329	0.048680652
187065	94	0.04831478
187065	4201	0.047929823
187065	394	0.047847133
187065	1594	0.047804732
187145	5351	0.055784397
187145	6900	0.055524733
187145	1351	0.05551111
187145	6401	0.055511065
187145	6852	0.055511057
187145	3968	0.05551105
187145	3597	0.055511042
187145	2378	0.055468466
187145	4700	0.055411898
187145	6434	0.05541187
187170	3337	0.03384583
187170	5602	0.033779707
187170	194	0.03363087
187170	3674	0.033413462
187170	3399	0.033317756
187170	996	0.033197396
187170	506	0.033126265
187170	2965	0.03312285
187170	2352	0.033055298
187170	1853	0.03304093
187256	202	0.063860126
187256	910	0.063506976
187256	5352	0.06345591
187256	1572	0.06343563
187256	170	0.063046426
187256	1586	0.062981166
187256	67	0.062798694
187256	540	0.062357325
187256	169	0.06231902
187256	1961	0.06231781
187410	5568	0.05120593
187410	6650	0.050899155
187410	1430	0.050601386
187410	6016	0.05051833
187410	5245	0.05051831
187410	1247	0.050518308
187410	1224	0.05027868
187410	4235	0.05027709
187410	4483	0.05014167
187410	3421	0.050141633
187425	4669	0.044061333
187425	386	0.044046767
187425	2438	0.04404673
187425	510	0.04402991
187425	4418	0.044029865
187425	3345	0.043879896
187425	2054	0.043838225
187425	6514	0.04383818
187425	5663	0.04374965
187425	374	0.04372865
187463	5815	0.05926296
187463	20	0.059262946
187463	2867	0.05926291
187463	1261	0.059236534
187463	708	0.058846537
187463	434	0.058846466
187463	3064	0.058260374
187463	1640	0.058250464
187463	2398	0.058250442
187463	606	0.057958268
187517	381	0.037606224
187517	513	0.037384875
187517	4844	0.037327766
187517	4302	0.03732776
187517	4948	0.037087448
187517	5682	0.03705031
187517	1836	0.036997415
187517	4088	0.03696371
187517	3944	0.036942437
187517	3463	0.036905743
187520	4254	0.036697425
187520	5360	0.03638493
187520	6571	0.03634455
187520	4476	0.036328465
187520	4568	0.036282353
187520	2812	0.03628231
187520	111	0.03623067
187520	6469	0.036208447
187520	4063	0.036187798
187520	5170	0.03613394
187574	6721	0.04272987
187574	5015	0.042723164
187574	1692	0.042499736
187574	3296	0.042499695
187574	1846	0.042493016
187574	3543	0.042447664
187574	3745	0.042402547
187574	3645	0.042395815
187574	5254	0.042134378
187574	5020	0.042046964
187613	1167	0.06647426
187613	691	0.06618411
187613	1971	0.0660768
187613	600	0.06566773
187613	2015	0.06560658
187613	628	0.06548211
187613	637	0.06539867
187613	6486	0.06530918
187613	397	0.06524849
187613	246	0.06520923
187624	73	0.042947
187624	3973	0.042506553
187624	1242	0.042342175
187624	5786	0.04231619
187624	2858	0.0419744
187624	4768	0.041929852
187624	707	0.041898064
187624	4335	0.04188969
187624	3273	0.04179813
187624	1241	0.041581754
187747	2156	0.06084746
187747	991	0.05906515
187747	573	0.058934793
187747	3227	0.058712874
187747	3209	0.05865322
187747	72	0.05865318
187747	1220	0.058558423
187747	730	0.05837796
187747	1066	0.058298197
187747	503	0.058242925
187761	2317	0.04524732
187761	5879	0.04507418
187761	339	0.04503648
187761	2634	0.04458983
187761	708	0.044571407
187761	434	0.044571377
187761	340	0.04432828
187761	3790	0.0442619
187761	2836	0.044261485
187761	341	0.044238582
187762	4052	0.045950618
187762	1596	0.045845293
187762	1331	0.045766626
187762	5430	0.045731172
187762	877	0.04558704
187762	3976	0.045572467
187762	1778	0.045539327
187762	3586	0.045514096
187762	5218	0.045455575
187762	5496	0.045455553
187763	6672	0.06499052
187763	3019	0.06484088
187763	1112	0.06475037
187763	5873	0.0645925
187763	6324	0.06451654
187763	2657	0.064422786
187763	4420	0.064393625
187763	5958	0.06436694
187763	2903	0.06431105
187763	3970	0.06431105
187801	2732	0.068291366
187801	267	0.068132855
187801	6250	0.068028435
187801	147	0.06794474
187801	4513	0.06794468
187801	3336	0.06778626
187801	1094	0.06768198
187801	1045	0.06768194
187801	1725	0.06768194
187801	6	0.067673974
187822	5558	0.045845043
187822	5562	0.04584502
187822	1535	0.045845017
187822	6311	0.04548935
187822	580	0.045489274
187822	1977	0.04548179
187822	5794	0.045481756
187822	4737	0.045481727
187822	5533	0.045481723
187822	6578	0.0454817
187835	937	0.062545896
187835	152	0.06254589
187835	1690	0.062349416
187835	2327	0.06229698
187835	1387	0.06229692
187835	414	0.06206481
187835	279	0.06174913
187835	4905	0.06157639
187835	2362	0.061359067
187835	4119	0.06121589
187863	3104	0.06757559
187863	3581	0.067503065
187863	338	0.06749686
187863	341	0.06749685
187863	1260	0.06749685
187863	5601	0.06749681
187863	1781	0.06641151
187863	2317	0.06630625
187863	708	0.06629164
187863	434	0.066291615
187904	3581	0.05997702
187904	500	0.059815377
187904	3104	0.059701137
187904	1781	0.05955628
187904	1817	0.059503023
187904	133	0.05950299
187904	338	0.059259534
187904	341	0.059259526
187904	1260	0.059259497
187904	5601	0.059259467
187981	4349	0.05094897
187981	2652	0.050948966
187981	4567	0.050948933
187981	47	0.050948914
187981	46	0.05070289
187981	6684	0.05061559
187981	1530	0.05053299
187981	4929	0.050532956
187981	4440	0.05053295
187981	1095	0.05053292
187990	147	0.05483141
187990	4513	0.054831363
187990	2333	0.054597832
187990	159	0.054597788
187990	1094	0.054526083
187990	1045	0.054526035
187990	1725	0.05452603
187990	2732	0.05431377
187990	6918	0.054292373
187990	5332	0.054164324
188010	6169	0.056875464
188010	1796	0.05614872
188010	3799	0.056084126
188010	6382	0.056003783
188010	526	0.05514025
188010	365	0.055057503
188010	2178	0.054902762
188010	5401	0.0547029
188010	4560	0.05441778
188010	350	0.05398279
188022	4340	0.05221664
188022	2653	0.052211627
188022	3965	0.052184656
188022	4674	0.052174136
188022	6835	0.052168474
188022	1318	0.052134454
188022	2972	0.052134443
188022	2121	0.05212879
188022	3564	0.051980883
188022	717	0.05196802
188027	487	0.04260331
188027	1708	0.04239299
188027	1264	0.042224415
188027	620	0.042120084
188027	739	0.041773893
188027	2710	0.04175996
188027	474	0.04168267
188027	175	0.041398596
188027	3775	0.041364606
188027	5815	0.041360356
188038	3247	0.04300835
188038	505	0.042974398
188038	2947	0.042874753
188038	6199	0.042719077
188038	6049	0.042556316
188038	3028	0.04255075
188038	2718	0.042488396
188038	4947	0.042219725
188038	3050	0.042217374
188038	6297	0.042008508
188106	3274	0.046648666
188106	2631	0.046584077
188106	2001	0.04595133
188106	1742	0.045891374
188106	2947	0.045854166
188106	1372	0.045546718
188106	4921	0.04545001
188106	4031	0.04544996
188106	84	0.045277692
188106	330	0.04527764
188171	3631	0.049497005
188171	4450	0.049492255
188171	5567	0.049490474
188171	3445	0.049488805
188171	5936	0.049333148
188171	552	0.04933314
188171	1205	0.04931827
188171	210	0.04931824
188171	4120	0.049291454
188171	2555	0.0492453
188273	1662	0.04385119
188273	5696	0.043851186
188273	6417	0.043851133
188273	2070	0.04376579
188273	4175	0.043625597
188273	6554	0.043625586
188273	3330	0.043488473
188273	1766	0.043409772
188273	2077	0.043309875
188273	442	0.043309852
188280	541	0.061822996
188280	1458	0.061822988
188280	6544	0.06182297
188280	168	0.06182296
188280	3194	0.061342694
188280	3885	0.061335206
188280	5765	0.061278176
188280	1667	0.06126305
188280	2337	0.061117537
188280	5381	0.06100769
188369	5168	0.051785674
188369	6695	0.0512752
188369	5226	0.05112008
188369	1899	0.050479777
188369	4848	0.050431825
188369	3026	0.05028793
188369	4897	0.050287873
188369	6697	0.04993793
188369	2184	0.04977824
188369	6693	0.049574167
188379	6000	0.04318332
188379	4939	0.04317135
188379	2291	0.043040507
188379	2546	0.042986736
188379	4481	0.042944975
188379	6227	0.042915136
188379	4572	0.042896494
188379	2509	0.042880185
188379	4025	0.04287514
188379	4535	0.042875137
188483	2327	0.05089872
188483	1387	0.050898653
188483	937	0.050643295
188483	152	0.050643273
188483	1690	0.050620668
188483	414	0.050361782
188483	613	0.05001492
188483	649	0.04987354
188483	1555	0.049863987
188483	459	0.04965733
188484	2401	0.03754788
188484	5789	0.03748583
188484	6467	0.03747539
188484	5851	0.03746576
188484	2766	0.03712749
188484	5447	0.03712746
188484	3168	0.03708891
188484	5850	0.03701683
188484	2933	0.0369106
188484	6593	0.036879525
188490	4005	0.062454082
188490	1627	0.062310375
188490	5114	0.06216955
188490	2951	0.062148526
188490	1886	0.062122203
188490	1884	0.062077034
188490	2480	0.0620275
188490	925	0.061962865
188490	2407	0.06195601
188490	1027	0.061956007
188513	530	0.040968653
188513	2045	0.040590733
188513	1929	0.04056858
188513	4874	0.040568553
188513	310	0.040390983
188513	3195	0.040373027
188513	1688	0.04034157
188513	4732	0.04033548
188513	728	0.040316246
188513	2699	0.040202677
188518	4070	0.058967885
188518	2593	0.058928944
188518	5282	0.058928944
188518	6523	0.05892892
188518	857	0.05887246
188518	1349	0.05887245
188518	4557	0.058872446
188518	992	0.05887241
188518	5823	0.058839954
188518	4636	0.058712717
188583	1493	0.034830973
188583	5237	0.034673072
188583	2804	0.034552895
188583	2177	0.034394972
188583	626	0.034314528
188583	3458	0.034268282
188583	2690	0.034167834
188583	1198	0.034039423
188583	2608	0.034039415
188583	660	0.03380327
188589	2437	0.06896237
188589	1361	0.068962365
188589	6298	0.06896235
188589	427	0.068962306
188589	2852	0.06896228
188589	2577	0.06894302
188589	2751	0.06889686
188589	4494	0.06889686
188589	5538	0.068896785
188589	5995	0.06889676
188659	906	0.053362977
188659	929	0.05322866
188659	6093	0.05322865
188659	3815	0.053160813
188659	1259	0.053160794
188659	1907	0.053160794
188659	6105	0.053160787
188659	1965	0.053160783
188659	1939	0.05316075
188659	2408	0.05316073
188676	526	0.038491458
188676	910	0.038067944
188676	1961	0.037909344
188676	202	0.037898786
188676	169	0.037879206
188676	6382	0.037745528
188676	6169	0.03757757
188676	5387	0.037494652
188676	1586	0.037485823
188676	5760	0.037447087
188696	59	0.057741545
188696	619	0.057122514
188696	329	0.0571225
188696	1667	0.05703724
188696	15	0.056927025
188696	4788	0.056908846
188696	4035	0.05683765
188696	2329	0.056688398
188696	3059	0.056539137
188696	4245	0.056524124
188796	6486	0.05823779
188796	4842	0.058218025
188796	199	0.05732791
188796	690	0.05732791
188796	627	0.057000548
188796	6484	0.056941964
188796	2057	0.056787558
188796	2015	0.056684114
188796	5559	0.056451373
188796	824	0.05618439
188799	1071	0.07050649
188799	1713	0.07029115
188799	1574	0.070195615
188799	3581	0.069384076
188799	1711	0.069328375
188799	1411	0.069288895
188799	2387	0.069203295
188799	625	0.06896456
188799	1436	0.06888201
188799	1603	0.068572015
188878	5065	0.04160658
188878	3099	0.041471235
188878	5600	0.041445266
188878	4310	0.041377444
188878	1047	0.04131106
188878	5437	0.041310016
188878	6464	0.041310005
188878	3416	0.04128519
188878	1051	0.041244004
188878	6155	0.04124394
188951	4028	0.045750447
188951	5572	0.045750447
188951	3651	0.04575044
188951	4055	0.045533337
188951	5417	0.045476228
188951	2532	0.045433514
188951	2809	0.045433506
188951	3669	0.045433458
188951	4913	0.045262493
188951	625	0.0452163
189005	294	0.03521148
189005	2573	0.035190962
189005	5285	0.035190955
189005	3220	0.03519094
189005	1316	0.035190932
189005	2712	0.035146914
189005	764	0.03514687
189005	27	0.035146862
189005	5768	0.035105105
189005	6901	0.035105083
189080	4288	0.0603172
189080	1251	0.059082627
189080	2050	0.05882307
189080	2856	0.058811817
189080	2428	0.058700297
189080	3231	0.058700293
189080	2271	0.058700286
189080	5083	0.058700286
189080	4096	0.05870028
189080	1226	0.058700256
189104	2077	0.047863744
189104	442	0.047863737
189104	5254	0.04785861
189104	393	0.04765302
189104	4175	0.04750483
189104	6554	0.047504824
189104	6081	0.047481284
189104	2026	0.047364663
189104	5696	0.04732179
189104	1662	0.04732175
189115	981	0.06329326
189115	837	0.0631486
189115	3083	0.063118994
189115	3977	0.06245578
189115	814	0.06206107
189115	991	0.061932717
189115	1220	0.06182547
189115	775	0.06176526
189115	5155	0.061401192
189115	1117	0.06140118
189139	4937	0.053584397
189139	5249	0.053365044
189139	5095	0.053356417
189139	2470	0.053130534
189139	73	0.052705787
189139	1031	0.05189974
189139	1000	0.051481538
189139	1242	0.051344417
189139	780	0.051337354
189139	6045	0.050813314
189151	5462	0.045993775
189151	2600	0.045993753
189151	6156	0.04599373
189151	5284	0.045987535
189151	6020	0.04598753
189151	6846	0.045987517
189151	3073	0.04597865
189151	1538	0.04597864
189151	2248	0.045940485
189151	4638	0.04593391
189235	3481	0.050598968
189235	4954	0.05049477
189235	770	0.050468326
189235	3687	0.050342444
189235	1566	0.050256446
189235	5436	0.050195526
189235	1923	0.05015219
189235	294	0.05005525
189235	3260	0.05003786
189235	3821	0.049993835
189320	2770	0.04578732
189320	1597	0.0457822
189320	1359	0.045578074
189320	4486	0.045413397
189320	1452	0.045408256
189320	2287	0.045334052
189320	2472	0.045328
189320	3402	0.04532799
189320	1723	0.04510248
189320	2135	0.045102455
189392	3676	0.059112273
189392	4829	0.05911222
189392	6392	0.058451675
189392	6753	0.05838244
189392	6442	0.05823347
189392	2220	0.0582317
189392	436	0.058231693
189392	2402	0.05823165
189392	1637	0.058189303
189392	3817	0.058175992
189474	3207	0.06514889
189474	432	0.06504477
189474	2543	0.06498352
189474	589	0.06346507
189474	1854	0.06342761
189474	77	0.06331256
189474	692	0.0632534
189474	2795	0.06260165
189474	727	0.0625833
189474	4245	0.06243049
189516	4308	0.050285064
189516	181	0.05028504
189516	5046	0.050132897
189516	5047	0.04995037
189516	4903	0.04989375
189516	266	0.04989374
189516	3548	0.04977684
189516	6205	0.04974165
189516	5597	0.049741633
189516	1905	0.04974163
189541	3549	0.046227187
189541	6914	0.046197977
189541	687	0.046057634
189541	4323	0.0460285
189541	3418	0.046028428
189541	3472	0.04602155
189541	5224	0.045992352
189541	5952	0.045992352
189541	6850	0.045992337
189541	2047	0.04599233
189558	1419	0.04785465
189558	1421	0.047854647
189558	4756	0.047854647
189558	3822	0.047854632
189558	1049	0.047854614
189558	6587	0.04785461
189558	3572	0.047854602
189558	3634	0.047854602
189558	5292	0.047854602
189558	5183	0.0478546
189655	3133	0.04391952
189655	474	0.04389605
189655	487	0.04335998
189655	1617	0.04331363
189655	3280	0.043281533
189655	739	0.043279026
189655	102	0.042955384
189655	1708	0.042845894
189655	175	0.042746454
189655	5815	0.042708658
189678	1846	0.044043846
189678	1837	0.04393894
189678	3905	0.04393086
189678	296	0.043930806
189678	5015	0.043928888
189678	755	0.04387322
189678	3645	0.043805815
189678	1440	0.043744255
189678	4004	0.043734264
189678	5989	0.043583374
189747	3177	0.05107649
189747	1743	0.051076423
189747	2545	0.050952658
189747	1268	0.050757296
189747	5340	0.050744765
189747	777	0.050684206
189747	176	0.050684165
189747	712	0.050318927
189747	1269	0.050318852
189747	5675	0.05026283
189789	1145	0.042982437
189789	3371	0.042982437
189789	4416	0.042982437
189789	1437	0.042982407
189789	5173	0.042982392
189789	1906	0.042956814
189789	4759	0.042907666
189789	6378	0.04290766
189789	6292	0.04290763
189789	3210	0.042907625
189855	2456	0.049451895
189855	3943	0.04912675
189855	1902	0.049052857
189855	1020	0.04889074
189855	1550	0.048858136
189855	4235	0.0487795
189855	5570	0.048768293
189855	1286	0.048548914
189855	61	0.048429284
189855	1154	0.048373625
189891	84	0.033905026
189891	330	0.03390498
189891	4921	0.033585858
189891	4031	0.033585828
189891	2066	0.0333965
189891	2316	0.03330704
189891	2001	0.03329256
189891	6590	0.033285752
189891	262	0.033222854
189891	2022	0.033219803
189973	67	0.03623239
189973	170	0.036150906
189973	5781	0.035916444
189973	3960	0.035785742
189973	540	0.035783004
189973	329	0.035568163
189973	619	0.03556816
189973	202	0.035498813
189973	1249	0.035497665
189973	1601	0.03549102
190080	140	0.05632667
190080	4119	0.056178804
190080	279	0.055945724
190080	892	0.055935152
190080	1690	0.055685624
190080	1526	0.055527374
190080	141	0.055289447
190080	5361	0.055285536
190080	3552	0.055285506
190080	997	0.055243254
190185	3691	0.05707095
190185	1101	0.056952126
190185	895	0.05671121
190185	3290	0.056648456
190185	1882	0.05659967
190185	4051	0.056553222
190185	5064	0.056553148
190185	3320	0.05649048
190185	2210	0.056404795
190185	732	0.05629839
190350	4070	0.044436008
190350	5931	0.044339217
190350	2264	0.0441807
190350	2258	0.044083953
190350	694	0.04408391
190350	2259	0.044083893
190350	5282	0.04406701
190350	2593	0.044067007
190350	6523	0.044066984
190350	1992	0.044040777
190374	708	0.06357144
190374	434	0.0635714
190374	581	0.06341651
190374	3581	0.063335665
190374	1781	0.0624084
190374	341	0.062405325
190374	338	0.062405303
190374	1260	0.062405284
190374	5601	0.06240526
190374	3104	0.06239313
190409	1042	0.04958923
190409	5228	0.04954771
190409	2616	0.04937536
190409	5732	0.049335703
190409	6236	0.04931417
190409	4368	0.049314164
190409	2762	0.049253047
190409	5924	0.04911437
190409	2166	0.049112063
190409	2305	0.04907281
190422	6524	0.055576406
190422	3574	0.055576365
190422	3800	0.05557635
190422	6320	0.055379994
190422	6266	0.055345103
190422	3655	0.055315584
190422	1152	0.05531556
190422	5831	0.055315547
190422	4102	0.05493585
190422	1900	0.054827802
190448	816	0.0590771
190448	983	0.059035093
190448	622	0.059033334
190448	3169	0.059031583
190448	1070	0.05901317
190448	4471	0.058869425
190448	1405	0.058717087
190448	3197	0.058640033
190448	988	0.058359183
190448	2281	0.058328528
190459	879	0.07888602
190459	606	0.07719864
190459	1076	0.07716864
190459	5140	0.07639238
190459	581	0.0763355
190459	2387	0.076215535
190459	243	0.0760103
190459	448	0.07546103
190459	2991	0.07541594
190459	1631	0.07493226
190479	1389	0.07881818
190479	420	0.07791102
190479	406	0.077649124
190479	614	0.07693118
190479	1490	0.07603569
190479	2432	0.075671725
190479	1253	0.07536922
190479	2620	0.07483883
190479	3705	0.074052095
190479	243	0.074018285
190480	3878	0.044598408
190480	2890	0.043473512
190480	2470	0.04286834
190480	4569	0.042841174
190480	3196	0.042464145
190480	3344	0.042192306
190480	3280	0.042098172
190480	5441	0.042088926
190480	5625	0.04196284
190480	3273	0.04191809
190533	800	0.034189515
190533	4982	0.034178346
190533	2516	0.0339955
190533	777	0.03398055
190533	176	0.03398052
190533	5863	0.03395376
190533	4729	0.033934083
190533	4165	0.033854753
190533	4549	0.03383673
190533	778	0.03354577
190708	1529	0.038403653
190708	5971	0.038339294
190708	5454	0.038313244
190708	1835	0.038079157
190708	1050	0.03794939
190708	5431	0.037669342
190708	1795	0.037568815
190708	365	0.037561186
190708	3917	0.037556764
190708	2267	0.037554763
190741	1426	0.044199057
190741	4583	0.04419903
190741	5835	0.043872565
190741	4346	0.043564696
190741	6574	0.043464795
190741	1514	0.04343852
190741	120	0.0434125
190741	2371	0.043381274
190741	1294	0.043269977
190741	1665	0.042951908
190789	2821	0.031621516
190789	1007	0.03150156
190789	278	0.03148408
190789	2208	0.031484075
190789	1737	0.03148407
190789	5166	0.031484067
190789	4230	0.031484056
190789	3954	0.031484045
190789	4989	0.031482767
190789	356	0.031465273
190831	1430	0.060594313
190831	1066	0.06022511
190831	1800	0.06007637
190831	352	0.05964224
190831	1897	0.05962909
190831	934	0.059629023
190831	4235	0.059585266
190831	1902	0.059457757
190831	61	0.059445664
190831	5568	0.059396204
190844	5285	0.04138793
190844	2573	0.041387916
190844	1316	0.0413879
190844	3220	0.041387886
190844	367	0.041367263
190844	1852	0.041367233
190844	6141	0.041367225
190844	1308	0.041325513
190844	894	0.041325506
190844	1048	0.041325495
190885	5417	0.053941373
190885	1493	0.053698786
190885	4028	0.053647872
190885	5572	0.05364787
190885	3651	0.053647846
190885	5237	0.053403724
190885	2051	0.0531941
190885	3458	0.05306359
190885	2532	0.053035475
190885	2809	0.05303545
190923	5300	0.041596457
190923	6903	0.041287713
190923	5517	0.041221153
190923	1241	0.041107975
190923	1497	0.040886663
190923	1759	0.040785618
190923	2813	0.040621106
190923	4562	0.040524364
190923	4592	0.04052429
190923	5443	0.040507883
191014	4235	0.04651858
191014	4257	0.046032753
191014	6650	0.045853965
191014	2735	0.045822732
191014	3714	0.045763247
191014	1224	0.04559332
191014	5864	0.04556226
191014	1902	0.045561567
191014	227	0.045514084
191014	61	0.04539597
191093	4833	0.04103499
191093	2350	0.0409887
191093	3750	0.04098867
191093	5291	0.04098864
191093	191	0.040967274
191093	5342	0.040967267
191093	6612	0.040967245
191093	3809	0.040896133
191093	2295	0.04089612
191093	6558	0.04087942
191165	448	0.05481014
191165	6111	0.054662675
191165	1817	0.054445434
191165	133	0.05444539
191165	710	0.054315247
191165	70	0.05431395
191165	5404	0.054313928
191165	50	0.054244135
191165	41	0.05417894
191165	581	0.054053523
191166	34	0.0644083
191166	1432	0.064101264
191166	15	0.064000055
191166	2467	0.06399124
191166	2963	0.06387989
191166	59	0.06385796
191166	577	0.06375215
191166	4696	0.063752145
191166	268	0.0637388
191166	5835	0.06368752
191188	1711	0.055333942
191188	1071	0.05511713
191188	1603	0.0549872
191188	1411	0.054788575
191188	2532	0.05473154
191188	2809	0.054731503
191188	3669	0.0547315
191188	1602	0.054391734
191188	625	0.054337252
191188	739	0.05392491
191523	3863	0.052168638
191523	253	0.052168608
191523	3502	0.052168593
191523	3551	0.052168585
191523	601	0.052168548
191523	686	0.05216854
191523	4022	0.05216854
191523	5938	0.05216854
191523	729	0.052168533
191523	1005	0.05205646
191560	4968	0.048933156
191560	5702	0.048153978
191560	6564	0.048147008
191560	1176	0.048095886
191560	5580	0.048001282
191560	2044	0.047989823
191560	5149	0.04791513
191560	384	0.047804456
191560	3527	0.04780445
191560	1571	0.047804434
191575	2362	0.055712864
191575	3855	0.055435665
191575	459	0.055023506
191575	501	0.05501046
191575	3877	0.054977663
191575	1929	0.05452147
191575	4874	0.054521453
191575	933	0.05446081
191575	188	0.054146223
191575	6493	0.05376682
191638	1947	0.06742288
191638	5570	0.06701564
191638	1212	0.06701563
191638	1492	0.06674464
191638	1177	0.06668704
191638	693	0.066627085
191638	404	0.06636707
191638	2503	0.0663654
191638	2991	0.06635271
191638	68	0.06626166
191716	4030	0.059635326
191716	1572	0.059344497
191716	5254	0.059321284
191716	3645	0.05921588
191716	5760	0.059097953
191716	3745	0.05905788
191716	3681	0.05898118
191716	393	0.058693744
191716	543	0.058661666
191716	218	0.058525182
191761	1193	0.07671192
191761	406	0.07664299
191761	1389	0.07556848
191761	420	0.07430762
191761	2432	0.07398738
191761	4607	0.073918104
191761	2093	0.07359822
191761	3705	0.073349
191761	4496	0.073198244
191761	4183	0.073085874
191775	86	0.04759886
191775	6609	0.04759886
191775	360	0.047512162
191775	5605	0.047512162
191775	4515	0.047512107
191775	6278	0.04747268
191775	6582	0.047469325
191775	4345	0.047469318
191775	4652	0.04746931
191775	1002	0.047469296
191803	2702	0.07508118
191803	953	0.074894086
191803	947	0.07489407
191803	417	0.07479839
191803	684	0.074798375
191803	4871	0.074785344
191803	1684	0.07478533
191803	1772	0.074726366
191803	1023	0.07472634
191803	2231	0.07472631
191841	1033	0.035546653
191841	938	0.035546638
191841	2407	0.03549409
191841	1027	0.03549408
191841	1777	0.03549408
191841	1655	0.035494052
191841	2194	0.035494044
191841	1559	0.035494022
191841	2480	0.035473317
191841	5114	0.035398968
191875	2662	0.056526303
191875	1813	0.05616779
191875	4161	0.055899158
191875	1670	0.055894498
191875	1200	0.055710368
191875	2838	0.055240713
191875	1432	0.05517014
191875	3297	0.05512151
191875	2028	0.05496773
191875	2129	0.05491586
191883	693	0.08523321
191883	1817	0.08489463
191883	133	0.0848946
191883	85	0.08473921
191883	6111	0.08464357
191883	2503	0.084326565
191883	4710	0.08431935
191883	448	0.08414362
191883	1947	0.08411537
191883	1781	0.0838522
192093	410	0.058256388
192093	2912	0.058147542
192093	1430	0.05727276
192093	98	0.05726169
192093	1490	0.05719479
192093	227	0.05712188
192093	614	0.057048764
192093	61	0.057013765
192093	352	0.057012163
192093	1253	0.05696626
192119	2725	0.056497447
192119	971	0.05645702
192119	715	0.05621326
192119	1709	0.05615446
192119	1961	0.05559402
192119	1527	0.05553528
192119	1251	0.05546456
192119	1268	0.055445623
192119	169	0.055411845
192119	526	0.05498323
192121	3095	0.04374905
192121	3382	0.043501966
192121	4470	0.043242514
192121	2245	0.043086402
192121	5752	0.043053463
192121	6357	0.043038704
192121	3825	0.043038655
192121	823	0.04303865
192121	3830	0.043019626
192121	3828	0.043019556
192158	5781	0.044430114
192158	2494	0.044339966
192158	51	0.044337798
192158	781	0.044289485
192158	1601	0.043721907
192158	70	0.04361709
192158	5404	0.043617066
192158	41	0.043495506
192158	1266	0.0434604
192158	581	0.043405496
192176	3271	0.042175964
192176	2666	0.042174
192176	2597	0.04210945
192176	3500	0.04210942
192176	795	0.042109415
192176	4211	0.04209719
192176	3889	0.04208737
192176	797	0.041960794
192176	4682	0.041953016
192176	2754	0.04194576
192185	1866	0.03319197
192185	2973	0.033168346
192185	108	0.03299572
192185	6097	0.032847583
192185	4871	0.0328264
192185	1684	0.032826383
192185	833	0.032718416
192185	1214	0.03270669
192185	417	0.03269342
192185	684	0.032693397
192191	1837	0.030590244
192191	3905	0.030526828
192191	296	0.030526796
192191	55	0.030388385
192191	1440	0.030379267
192191	755	0.030343536
192191	1309	0.030324094
192191	3789	0.030285276
192191	6471	0.030255288
192191	136	0.030244315
192211	457	0.057576306
192211	5567	0.05757503
192211	5936	0.057388835
192211	552	0.057388827
192211	6317	0.057109002
192211	637	0.05704788
192211	1700	0.05694928
192211	4227	0.05694799
192211	235	0.05684804
192211	4450	0.05668795
192244	1817	0.05980491
192244	133	0.059804864
192244	581	0.059789218
192244	448	0.059729375
192244	1781	0.059705153
192244	3581	0.059481144
192244	6111	0.05938725
192244	2387	0.058935896
192244	3104	0.058839135
192244	85	0.05878239
192245	78	0.056737304
192245	4910	0.0566319
192245	1229	0.05641635
192245	147	0.056238327
192245	4513	0.05623828
192245	3156	0.056073885
192245	892	0.05600734
192245	3906	0.055997685
192245	3194	0.055911224
192245	2333	0.05590213
192353	5568	0.063562766
192353	4483	0.063010104
192353	3421	0.06301006
192353	5927	0.06301002
192353	4924	0.063010015
192353	6839	0.06301001
192353	6016	0.062929854
192353	1247	0.06292983
192353	5245	0.062929824
192353	5596	0.06259169
192428	578	0.07439649
192428	2027	0.07439649
192428	3967	0.07434243
192428	3318	0.07434241
192428	377	0.0743424
192428	4596	0.0742671
192428	4622	0.07426706
192428	4343	0.074267
192428	5571	0.074266985
192428	1840	0.074174754
192460	2100	0.03862537
192460	5847	0.038556397
192460	4399	0.038556375
192460	3618	0.038528856
192460	3772	0.0384825
192460	5115	0.038454995
192460	4095	0.03842979
192460	2274	0.038362823
192460	3641	0.03836084
192460	5240	0.038350344
192462	766	0.050772503
192462	4079	0.050763372
192462	3488	0.050754104
192462	30	0.050732385
192462	769	0.050713453
192462	2877	0.050668646
192462	4911	0.050649654
192462	6812	0.05040111
192462	5189	0.05032951
192462	6581	0.05029667
192479	6918	0.050507106
192479	6250	0.05023332
192479	3361	0.050231352
192479	2173	0.05023133
192479	5410	0.05023133
192479	3331	0.050231315
192479	5676	0.050210744
192479	1328	0.050140887
192479	1094	0.050138727
192479	1045	0.050138686
192492	3914	0.051826358
192492	5739	0.05166572
192492	5347	0.05166569
192492	1584	0.051663935
192492	1175	0.051632058
192492	4297	0.051629487
192492	1385	0.05160135
192492	4504	0.051534258
192492	1021	0.05140885
192492	1255	0.051356625
192696	1662	0.033395845
192696	5696	0.033395845
192696	6417	0.033395804
192696	2070	0.033332147
192696	2010	0.033272307
192696	5423	0.033096936
192696	3364	0.033086263
192696	3690	0.032973453
192696	4175	0.03295929
192696	6554	0.03295929
192710	292	0.051908966
192710	5991	0.051908944
192710	2324	0.051857587
192710	1186	0.051854786
192710	247	0.051835798
192710	1755	0.051684204
192710	5301	0.051684186
192710	6213	0.051665224
192710	3518	0.051662415
192710	409	0.05154546
192727	1680	0.037108414
192727	1055	0.036976963
192727	1185	0.036931157
192727	664	0.03690025
192727	1942	0.036835987
192727	550	0.036765024
192727	2369	0.036750786
192727	460	0.03661549
192727	1616	0.036609825
192727	2413	0.036546655
192733	5833	0.04219147
192733	1952	0.04211309
192733	3482	0.042072102
192733	2920	0.042021543
192733	636	0.04202154
192733	2360	0.04202152
192733	3440	0.04202152
192733	5001	0.042007852
192733	415	0.04195725
192733	4433	0.041822776
192914	2700	0.03947389
192914	327	0.03947386
192914	3951	0.039473858
192914	3264	0.0394316
192914	1625	0.03943159
192914	5039	0.039413653
192914	1739	0.03941363
192914	3858	0.039386414
192914	1729	0.039326236
192914	1855	0.03924857
193106	1205	0.065545395
193106	210	0.06554535
193106	3445	0.065415286
193106	3520	0.06535967
193106	2555	0.065338165
193106	213	0.065338105
193106	552	0.065227255
193106	5936	0.06522725
193106	935	0.06498618
193106	1499	0.06485863
193131	2014	0.052789137
193131	5740	0.05278912
193131	5306	0.052764345
193131	3946	0.052430645
193131	834	0.052430607
193131	6783	0.05242894
193131	2540	0.05232872
193131	5751	0.052292176
193131	5314	0.052229647
193131	5844	0.052229628
193156	2098	0.04422777
193156	1591	0.044223756
193156	1994	0.04422371
193156	1265	0.044194967
193156	4455	0.044158757
193156	2773	0.04404955
193156	2848	0.04397041
193156	4614	0.043859154
193156	6033	0.04384745
193156	4111	0.04381506
193350	2164	0.048962723
193350	1161	0.04893504
193350	694	0.04889834
193350	2259	0.048898313
193350	2264	0.048657298
193350	5274	0.04856495
193350	3276	0.048559517
193350	2240	0.048526138
193350	3746	0.048522107
193350	2161	0.04842402
193412	978	0.042046934
193412	2918	0.041943416
193412	930	0.041711114
193412	465	0.04171107
193412	3142	0.04171107
193412	3769	0.04162753
193412	862	0.04127333
193412	5401	0.041272208
193412	665	0.041182403
193412	1291	0.04103379
193428	2390	0.06367924
193428	3582	0.06367922
193428	4237	0.06367922
193428	4871	0.06359975
193428	1684	0.063599735
193428	2702	0.063374475
193428	4206	0.063122004
193428	317	0.06304248
193428	1501	0.06297675
193428	6774	0.06294967
193448	3497	0.041321233
193448	6645	0.04103488
193448	5000	0.040772267
193448	4751	0.04077224
193448	4349	0.04072827
193448	2652	0.040728264
193448	4567	0.04072825
193448	47	0.04072822
193448	652	0.040674366
193448	43	0.040564433
193458	365	0.04921771
193458	5795	0.0488931
193458	4560	0.048798375
193458	968	0.048656307
193458	2178	0.048637614
193458	40	0.048393093
193458	456	0.04828804
193458	859	0.048212565
193458	3300	0.048164513
193458	3532	0.04815633
193469	339	0.067450635
193469	2317	0.06734586
193469	5879	0.067135364
193469	340	0.06670712
193469	2634	0.066684075
193469	2836	0.06644739
193469	774	0.06632498
193469	338	0.06622028
193469	1260	0.066220246
193469	5601	0.066220224
193470	2390	0.04906486
193470	3582	0.049064852
193470	4237	0.049064852
193470	4871	0.04878552
193470	1684	0.048785508
193470	1501	0.048560727
193470	6774	0.04853206
193470	2702	0.04844662
193470	4206	0.048387412
193470	2871	0.04834009
193482	3728	0.040041212
193482	3162	0.039676525
193482	6717	0.039641682
193482	6185	0.039565854
193482	3980	0.03952358
193482	6630	0.039426018
193482	5465	0.039357446
193482	3122	0.039041214
193482	5366	0.039031282
193482	6101	0.03887324
193499	4793	0.06117204
193499	1249	0.06100293
193499	5835	0.060966454
193499	1426	0.06083676
193499	4583	0.060836732
193499	2669	0.060144786
193499	2331	0.060134396
193499	4346	0.05988711
193499	2919	0.059848294
193499	59	0.05965072
193529	2148	0.063506186
193529	2627	0.06309808
193529	873	0.06308291
193529	3236	0.063034125
193529	4448	0.06302959
193529	6177	0.06302957
193529	5863	0.06299989
193529	2427	0.06296647
193529	2819	0.06272896
193529	2858	0.06263004
193610	602	0.033214908
193610	6233	0.033155445
193610	2276	0.03315338
193610	2758	0.033066344
193610	5253	0.033046115
193610	5215	0.03303103
193610	5745	0.033031
193610	5413	0.032958418
193610	1313	0.032957077
193610	4614	0.032922164
193612	1550	0.048349626
193612	4257	0.048136465
193612	2456	0.048088677
193612	6291	0.04797375
193612	4235	0.04780949
193612	1902	0.04779452
193612	2735	0.04778313
193612	1286	0.047520146
193612	5570	0.04743807
193612	1212	0.04743806
193676	1961	0.060495473
193676	526	0.060341857
193676	1527	0.060296796
193676	4560	0.060138408
193676	2725	0.06003301
193676	350	0.059948675
193676	3775	0.05959169
193676	1268	0.059420437
193676	620	0.05940383
193676	2178	0.059274174
193738	805	0.06323164
193738	3280	0.062259883
193738	2583	0.061609846
193738	3273	0.06159565
193738	2113	0.06146071
193738	5283	0.06135162
193738	2216	0.061201103
193738	711	0.06118587
193738	2470	0.061153665
193738	474	0.061121892
193740	3631	0.04985641
193740	3373	0.049670406
193740	789	0.049670346
193740	1973	0.049670324
193740	4878	0.04967032
193740	977	0.049651537
193740	6444	0.0496515
193740	3445	0.049629364
193740	1491	0.049623672
193740	1515	0.049623672
193750	3177	0.06788893
193750	1743	0.06788885
193750	5340	0.06755471
193750	5675	0.06698571
193750	777	0.066939235
193750	176	0.06693917
193750	778	0.066714495
193750	2545	0.066710874
193750	4165	0.066464245
193750	712	0.06625479
193769	1179	0.0663007
193769	6564	0.066082016
193769	3433	0.0660165
193769	1956	0.066014394
193769	1492	0.065778054
193769	5270	0.065731555
193769	649	0.065726966
193769	4968	0.06568936
193769	1631	0.06566583
193769	2503	0.06565826
193778	258	0.049446262
193778	2992	0.048652112
193778	5758	0.048484623
193778	2628	0.04825601
193778	2542	0.04823186
193778	3766	0.048231825
193778	3691	0.048221886
193778	1447	0.048221186
193778	996	0.047998417
193778	4981	0.047990754
193798	4261	0.055400625
193798	483	0.055400558
193798	2287	0.05537082
193798	2770	0.055366985
193798	498	0.05534381
193798	1102	0.055303827
193798	1118	0.055303704
193798	1359	0.05525635
193798	1723	0.055255115
193798	2135	0.05525507
193819	4577	0.031910334
193819	4452	0.03190034
193819	305	0.03180835
193819	2273	0.031688824
193819	5215	0.031605277
193819	5745	0.031605255
193819	1441	0.031600483
193819	4155	0.03160048
193819	3862	0.031600468
193819	5848	0.031600468
193898	289	0.054758936
193898	4317	0.0547589
193898	5422	0.0547589
193898	6596	0.054758854
193898	137	0.054758836
193898	1065	0.05473999
193898	5267	0.054739974
193898	1005	0.054714393
193898	4511	0.054714356
193898	2105	0.054714352
193966	1006	0.053593546
193966	532	0.053162683
193966	1849	0.053073566
193966	4754	0.053051498
193966	4526	0.052937575
193966	3760	0.05287715
193966	6280	0.052796587
193966	3063	0.05279653
193966	2987	0.052738227
193966	291	0.05273422
194027	1109	0.048831433
194027	4257	0.048225127
194027	1224	0.048192486
194027	3730	0.048135504
194027	597	0.048110742
194027	6650	0.047938876
194027	447	0.047796898
194027	5561	0.047715187
194027	3714	0.047634933
194027	1402	0.047395732
194172	2004	0.04166802
194172	6568	0.04150617
194172	3117	0.041486435
194172	951	0.041384816
194172	958	0.041370116
194172	307	0.04133924
194172	2318	0.041339237
194172	3729	0.04132458
194172	4048	0.041242957
194172	3368	0.041133933
194205	147	0.044821326
194205	4513	0.044821285
194205	2732	0.04480581
194205	4178	0.04444281
194205	2080	0.04444277
194205	6590	0.044408087
194205	63	0.044405706
194205	78	0.04433601
194205	1229	0.044301294
194205	892	0.044285726
194273	1094	0.061566368
194273	1045	0.06156632
194273	1725	0.061566316
194273	6250	0.06146811
194273	147	0.061367903
194273	4513	0.061367854
194273	2732	0.061269827
194273	1328	0.06103436
194273	3336	0.060934983
194273	6918	0.06086681
194287	1628	0.037789226
194287	6563	0.03756583
194287	9	0.037396226
194287	2898	0.037245736
194287	1459	0.0372441
194287	2426	0.03715321
194287	3276	0.036769137
194287	5636	0.03666184
194287	2300	0.03663093
194287	6836	0.036536675
194425	3666	0.05123099
194425	3719	0.05123099
194425	5440	0.051230967
194425	1417	0.051191512
194425	201	0.05119148
194425	1556	0.051191475
194425	1029	0.05119146
194425	3716	0.05119144
194425	3679	0.05085543
194425	3127	0.050815985
194514	373	0.047302347
194514	774	0.04717192
194514	2836	0.046975326
194514	183	0.04684629
194514	339	0.046844844
194514	5879	0.04673053
194514	341	0.046682984
194514	338	0.04668297
194514	1260	0.04668296
194514	5601	0.04668294
194556	3050	0.036854457
194556	177	0.036818027
194556	155	0.03678862
194556	4113	0.036744505
194556	994	0.03667335
194556	961	0.03667306
194556	662	0.03665903
194556	4452	0.036651775
194556	3068	0.03658554
194556	2273	0.036519367
194600	3111	0.07274866
194600	1026	0.07268049
194600	431	0.07259208
194600	497	0.072204076
194600	1651	0.072204076
194600	3686	0.07220401
194600	1916	0.0722
194600	604	0.07215923
194600	107	0.072135985
194600	3613	0.07206263
194605	4034	0.041923393
194605	1593	0.04192338
194605	4703	0.041923374
194605	1451	0.04186624
194605	2173	0.041698013
194605	3361	0.041698013
194605	5410	0.041697994
194605	3331	0.04169799
194605	5908	0.04166821
194605	1296	0.041640833
194606	613	0.053673875
194606	1076	0.05325944
194606	1179	0.052821767
194606	879	0.052321002
194606	649	0.05227455
194606	3443	0.051954962
194606	1631	0.051915
194606	2991	0.05167743
194606	2503	0.05155537
194606	2044	0.051476996
194614	739	0.067726225
194614	1602	0.06733563
194614	5815	0.067160934
194614	2867	0.06716092
194614	20	0.067160904
194614	487	0.066808306
194614	1708	0.06663075
194614	102	0.065706655
194614	1711	0.06567219
194614	1617	0.06470646
194636	474	0.060087845
194636	2541	0.06007575
194636	487	0.059863888
194636	831	0.059651468
194636	3280	0.059305817
194636	175	0.059192322
194636	2233	0.058758833
194636	739	0.058442708
194636	1264	0.057947747
194636	1708	0.057925638
194639	405	0.04111029
194639	2302	0.041031037
194639	604	0.04100831
194639	1958	0.04091037
194639	2684	0.040895917
194639	6669	0.04085253
194639	446	0.040846843
194639	1916	0.04077226
194639	3129	0.040741794
194639	3427	0.040682226
194646	3095	0.04596078
194646	5782	0.04592624
194646	4991	0.04580203
194646	3382	0.045191906
194646	4837	0.04515966
194646	4473	0.045078292
194646	722	0.045078285
194646	5471	0.045040123
194646	2075	0.04490431
194646	355	0.044771798
194669	1505	0.045363702
194669	1426	0.045233786
194669	4583	0.045233764
194669	6574	0.04521856
194669	6130	0.045190036
194669	2004	0.045189142
194669	2575	0.045158308
194669	4346	0.045130588
194669	3518	0.044934765
194669	3299	0.044927403
194676	6240	0.050136574
194676	4880	0.050136536
194676	2614	0.049933348
194676	6497	0.049689833
194676	1613	0.049484815
194676	2607	0.049434
194676	6640	0.049423777
194676	4927	0.049359523
194676	6296	0.049310863
194676	3747	0.049268946
194699	1947	0.050008804
194699	1492	0.049911313
194699	1177	0.049640622
194699	2503	0.049539216
194699	2991	0.04930382
194699	1289	0.04926867
194699	4968	0.04911415
194699	1205	0.049078964
194699	210	0.04907892
194699	5570	0.049067248
194877	1237	0.06546099
194877	1499	0.065429196
194877	3506	0.06538828
194877	4197	0.0653882
194877	1561	0.065119065
194877	1816	0.06500864
194877	5617	0.06500858
194877	1491	0.064986244
194877	1515	0.064986244
194877	3373	0.06488541
194974	6602	0.039419796
194974	6367	0.03941451
194974	972	0.039401058
194974	3856	0.039010365
194974	4717	0.038791597
194974	6615	0.03878503
194974	2	0.03847886
194974	2322	0.03836199
194974	6697	0.038284995
194974	4848	0.03793905
195041	1356	0.036006004
195041	2069	0.0359963
195041	3314	0.035989307
195041	6663	0.03598929
195041	4300	0.03597637
195041	4122	0.03581006
195041	1748	0.03581005
195041	6780	0.03558819
195041	2440	0.035470493
195041	1804	0.03546405
195049	6631	0.042718887
195049	3011	0.042668216
195049	140	0.042195186
195049	315	0.04216142
195049	332	0.042092584
195049	4564	0.042071875
195049	141	0.04206124
195049	4905	0.04203024
195049	5361	0.041983575
195049	3552	0.041983556
195079	6463	0.047444448
195079	5131	0.047184534
195079	1243	0.047116417
195079	1290	0.047031507
195079	4387	0.046974864
195079	1778	0.046961956
195079	3782	0.04693854
195079	5521	0.046931554
195079	867	0.046926577
195079	3521	0.046906725
195100	2407	0.064912304
195100	1027	0.06491229
195100	1777	0.06491228
195100	2194	0.064912245
195100	1655	0.06491224
195100	1559	0.06491219
195100	6540	0.06462993
195100	6299	0.06462987
195100	319	0.06460686
195100	1523	0.06460686
195116	6003	0.053836443
195116	6134	0.053372227
195116	4740	0.053372204
195116	3161	0.052960645
195116	1549	0.052947566
195116	4382	0.052805275
195116	5704	0.05274518
195116	3163	0.05274059
195116	2560	0.05269011
195116	919	0.052568577
195182	5254	0.042696908
195182	2063	0.04261961
195182	1370	0.04250413
195182	1586	0.042380415
195182	4432	0.04232552
195182	3213	0.04232547
195182	4882	0.042325456
195182	2545	0.042118635
195182	202	0.042003207
195182	4332	0.04196012
195247	6367	0.033028964
195247	919	0.032758996
195247	2322	0.032578357
195247	4848	0.032561045
195247	3707	0.03223542
195247	2998	0.032198317
195247	5411	0.032197714
195247	2810	0.03203535
195247	3901	0.03203222
195247	6287	0.03201833
195374	5638	0.051937982
195374	571	0.05185108
195374	2282	0.05182865
195374	5218	0.051696047
195374	5496	0.051696006
195374	5563	0.051652044
195374	5649	0.05159813
195374	2928	0.051590897
195374	1258	0.05157627
195374	3928	0.051576264
195386	4921	0.042199686
195386	4031	0.042199668
195386	1758	0.04214751
195386	6049	0.042143762
195386	6297	0.042124167
195386	3050	0.041950505
195386	3028	0.04185522
195386	3247	0.04183189
195386	3472	0.041688703
195386	5063	0.041675992
195469	4842	0.051775806
195469	6486	0.051743858
195469	1948	0.051470883
195469	2917	0.05134868
195469	2796	0.051344402
195469	2015	0.051338986
195469	6363	0.051069535
195469	309	0.05098122
195469	946	0.050981183
195469	927	0.050882645
195694	4560	0.053581305
195694	456	0.05340294
195694	365	0.05336891
195694	5288	0.05279029
195694	40	0.052700117
195694	350	0.052649282
195694	3532	0.05253791
195694	2267	0.052495204
195694	6249	0.051977195
195694	4066	0.051860444
195770	407	0.054149218
195770	581	0.053953238
195770	2991	0.05375243
195770	5570	0.053640082
195770	1212	0.053640075
195770	3943	0.053519882
195770	6111	0.053400487
195770	448	0.053398438
195770	85	0.05335812
195770	1817	0.053282335
195904	1291	0.071389824
195904	192	0.07136588
195904	54	0.07077657
195904	930	0.07072817
195904	3142	0.07072811
195904	1773	0.07070026
195904	2912	0.07067123
195904	978	0.07065176
195904	1058	0.07061735
195904	2918	0.07061629
195943	2283	0.05041048
195943	3389	0.05021496
195943	3995	0.050113704
195943	980	0.050081592
195943	5588	0.049763106
195943	3162	0.04964504
195943	2570	0.049405187
195943	1489	0.04936317
195943	5235	0.049267292
195943	4282	0.04925424
195965	3361	0.03696527
195965	2173	0.03696526
195965	5410	0.03696526
195965	3331	0.03696525
195965	4666	0.03694868
195965	3735	0.036948636
195965	4676	0.036948636
195965	1296	0.036834635
195965	3318	0.036779527
195965	3967	0.03677951
196018	831	0.051418047
196018	2541	0.050719507
196018	175	0.05001639
196018	707	0.0500147
196018	3790	0.04948114
196018	5054	0.04912939
196018	2233	0.04908371
196018	3770	0.04899883
196018	2634	0.048827626
196018	988	0.048827164
196031	482	0.061793298
196031	4868	0.061573103
196031	3992	0.06138356
196031	4055	0.061212458
196031	2009	0.06104943
196031	3106	0.061030522
196031	625	0.060898494
196031	2179	0.060735513
196031	2966	0.06062086
196031	3644	0.060599864
196047	997	0.06391676
196047	2870	0.06391674
196047	1444	0.06374526
196047	2961	0.06374523
196047	279	0.06324206
196047	3056	0.06292175
196047	3659	0.06291036
196047	1690	0.062882885
196047	320	0.062551364
196047	1626	0.062396735
196050	2437	0.042831764
196050	1361	0.042831756
196050	427	0.042831726
196050	6298	0.042831723
196050	2852	0.042831697
196050	2577	0.042755816
196050	652	0.04265159
196050	4494	0.042615432
196050	2751	0.042615425
196050	5995	0.042615354
196052	188	0.055233456
196052	459	0.055004478
196052	1602	0.054881856
196052	3855	0.05474044
196052	347	0.054677848
196052	2552	0.054175176
196052	2362	0.054167252
196052	739	0.054074556
196052	2837	0.053877972
196052	4726	0.053697854
196053	1596	0.05256524
196053	4570	0.052447386
196053	4052	0.05222322
196053	877	0.05187354
196053	2215	0.05170255
196053	3315	0.05148552
196053	3586	0.051356018
196053	1446	0.051332675
196053	572	0.051291667
196053	3512	0.05120289
196077	2912	0.052524284
196077	6259	0.052385926
196077	98	0.0523266
196077	2919	0.052208446
196077	1249	0.052149188
196077	4793	0.051803246
196077	410	0.051602285
196077	2669	0.05148851
196077	978	0.051457133
196077	1504	0.05143847
196085	2550	0.043981995
196085	5079	0.043981995
196085	1808	0.04397172
196085	5304	0.043965034
196085	268	0.0434742
196085	1432	0.043468088
196085	6104	0.0434535
196085	3287	0.04337115
196085	5487	0.043371126
196085	5329	0.043360952
196099	1764	0.045987945
196099	5140	0.045287855
196099	4458	0.04526739
196099	1631	0.045240376
196099	243	0.045180373
196099	3433	0.044724304
196099	1055	0.044711195
196099	1185	0.044529222
196099	645	0.044471487
196099	3909	0.044471465
196108	6036	0.04427559
196108	5479	0.044090368
196108	5482	0.044090346
196108	2247	0.04409032
196108	2558	0.043983415
196108	998	0.04365302
196108	4505	0.043622747
196108	2810	0.04340955
196108	2534	0.043240868
196108	3555	0.04323093
196113	4506	0.045413006
196113	811	0.045412995
196113	478	0.045412924
196113	4056	0.04514595
196113	4262	0.045093372
196113	4378	0.045079753
196113	618	0.045074433
196113	1894	0.045049004
196113	3947	0.044977497
196113	6218	0.044977453
196137	6240	0.05363132
196137	4880	0.053631257
196137	3747	0.053382173
196137	1613	0.053356886
196137	2485	0.05292023
196137	2614	0.052829184
196137	4927	0.05277539
196137	3275	0.05272703
196137	2615	0.05239562
196137	6271	0.052382104
196146	1220	0.05749791
196146	814	0.057212673
196146	3209	0.05649881
196146	72	0.05649878
196146	2156	0.05629987
196146	6795	0.05621352
196146	5218	0.05618737
196146	5496	0.056187302
196146	4668	0.05604341
196146	3083	0.05598311
196148	6134	0.054694816
196148	4740	0.05469478
196148	5704	0.05455251
196148	3163	0.054533064
196148	4462	0.05452465
196148	5366	0.054508593
196148	6101	0.05434692
196148	2400	0.05434688
196148	3161	0.05420016
196148	6630	0.054131597
196149	988	0.04993044
196149	472	0.04952684
196149	480	0.0494198
196149	471	0.049382955
196149	816	0.049329013
196149	3169	0.04928272
196149	4471	0.049282417
196149	1463	0.049245823
196149	2281	0.049194492
196149	3790	0.049126472
196160	3868	0.04222807
196160	865	0.041958593
196160	923	0.041958563
196160	1278	0.041823998
196160	4354	0.04169958
196160	1280	0.04167059
196160	871	0.041650355
196160	2285	0.041508235
196160	5521	0.04143006
196160	876	0.04141488
196187	347	0.06511283
196187	4726	0.0647095
196187	2552	0.064496174
196187	2316	0.064495146
196187	188	0.06435817
196187	5250	0.06353562
196187	335	0.063460425
196187	612	0.06338938
196187	735	0.0629484
196187	2837	0.06292788
196191	5939	0.03916564
196191	563	0.039124966
196191	2998	0.03912492
196191	5109	0.038948018
196191	750	0.03894801
196191	3902	0.038908012
196191	3826	0.038831614
196191	2753	0.0387799
196191	5655	0.03877087
196191	6500	0.038667724
196228	435	0.062220037
196228	1219	0.06221351
196228	5567	0.062143974
196228	5936	0.06200999
196228	552	0.062009968
196228	240	0.062001757
196228	4120	0.06175308
196228	2469	0.061700575
196228	4450	0.06169318
196228	486	0.06155341
196253	448	0.06187824
196253	6111	0.061525
196253	2387	0.06141108
196253	710	0.06136497
196253	1817	0.0612975
196253	133	0.061297446
196253	1436	0.061228283
196253	1713	0.061216246
196253	70	0.061017863
196253	5404	0.06101784
196282	3200	0.061644077
196282	1496	0.061337102
196282	3269	0.061307214
196282	3005	0.0612249
196282	866	0.061091177
196282	6187	0.060917325
196282	2518	0.060212966
196282	5072	0.0600613
196282	3281	0.059880033
196282	3046	0.059788644
196317	1764	0.06384151
196317	243	0.0628467
196317	4458	0.06255478
196317	645	0.062506825
196317	3909	0.06250678
196317	406	0.062387757
196317	5140	0.062310617
196317	1592	0.062288236
196317	1631	0.06210822
196317	1055	0.061965875
196457	2513	0.033007447
196457	7	0.032836758
196457	2374	0.032629978
196457	472	0.032542143
196457	983	0.03242906
196457	350	0.03240706
196457	3198	0.032384984
196457	456	0.03235257
196457	2178	0.032327138
196457	3397	0.032287143
196466	3705	0.067296594
196466	35	0.06698932
196466	3114	0.06698923
196466	718	0.06680147
196466	3949	0.06669983
196466	1186	0.066652104
196466	1027	0.06657314
196466	1777	0.06657313
196466	2407	0.06657313
196466	2194	0.0665731
196492	2896	0.042279676
196492	6681	0.04223662
196492	6235	0.042236574
196492	5932	0.042192504
196492	362	0.042080447
196492	6138	0.041980065
196492	6399	0.04194232
196492	1353	0.04194091
196492	1733	0.041896854
196492	797	0.041875843
196502	1783	0.040702872
196502	3899	0.040226728
196502	730	0.040153235
196502	6259	0.039719112
196502	4269	0.03969626
196502	715	0.039203975
196502	6674	0.0391269
196502	2290	0.038950607
196502	5401	0.038892835
196502	352	0.03880194
196621	6683	0.034521744
196621	1536	0.034348242
196621	4781	0.034344226
196621	4594	0.034334965
196621	1608	0.03432403
196621	163	0.034323983
196621	6248	0.034296334
196621	688	0.034255147
196621	1721	0.03423349
196621	6254	0.03423347
196738	703	0.05160477
196738	2692	0.050760582
196738	1272	0.050757375
196738	1101	0.050721984
196738	1380	0.05068921
196738	6670	0.05063354
196738	1270	0.05057522
196738	5163	0.05057518
196738	5517	0.050555065
196738	3320	0.050511867
196775	2229	0.057111833
196775	4030	0.057103
196775	6151	0.05659768
196775	543	0.05655499
196775	202	0.056181632
196775	3681	0.056120705
196775	5760	0.056021586
196775	218	0.056019194
196775	5387	0.05594457
196775	3182	0.055798113
196886	4321	0.04519541
196886	5636	0.045039043
196886	6686	0.044871952
196886	3757	0.044817857
196886	2262	0.044515233
196886	1161	0.044046454
196886	2524	0.04388816
196886	1495	0.043868147
196886	6106	0.043817118
196886	2118	0.04381705
196891	5586	0.062984824
196891	141	0.062688425
196891	140	0.062520355
196891	1230	0.06219447
196891	3222	0.062177755
196891	4910	0.06200959
196891	1309	0.061893202
196891	3789	0.061824225
196891	5361	0.06177805
196891	3552	0.06177802
197000	1561	0.060077175
197000	189	0.060012355
197000	5764	0.05993761
197000	6427	0.05986994
197000	1499	0.059645258
197000	3442	0.059580438
197000	52	0.05958043
197000	4338	0.05952351
197000	1760	0.059485905
197000	3367	0.059438027
197206	5270	0.05565404
197206	2120	0.055500604
197206	1770	0.055288963
197206	404	0.055196792
197206	4606	0.055180438
197206	210	0.055127766
197206	4433	0.05506228
197206	415	0.05502042
197206	1956	0.054943167
197206	449	0.054903284
197364	526	0.042373173
197364	1961	0.041551746
197364	2950	0.04149463
197364	2267	0.041432977
197364	5288	0.04130441
197364	4560	0.04126599
197364	1068	0.041102216
197364	2012	0.04109661
197364	6865	0.041048907
197364	365	0.040934432
197410	4305	0.059178524
197410	6782	0.058607385
197410	3583	0.05844701
197410	6493	0.058384508
197410	51	0.058315806
197410	457	0.05831289
197410	6385	0.05830185
197410	4029	0.05830183
197410	235	0.058277503
197410	933	0.0582502
197424	3883	0.044694953
197424	2837	0.044320397
197424	735	0.043918196
197424	2552	0.043705292
197424	347	0.043658223
197424	2869	0.04360074
197424	3133	0.043576457
197424	1711	0.04343745
197424	728	0.043334432
197424	5842	0.04333286
197425	153	0.038951717
197425	6281	0.038818404
197425	1472	0.038803034
197425	6023	0.038796965
197425	2520	0.038618185
197425	6551	0.038564652
197425	565	0.038416777
197425	788	0.038415015
197425	6598	0.038342893
197425	2824	0.03830321
197502	600	0.053667065
197502	397	0.05311968
197502	5730	0.052875333
197502	6486	0.05260405
197502	458	0.05240199
197502	941	0.052317955
197502	2057	0.052305534
197502	627	0.052302673
197502	1355	0.052287966
197502	5700	0.052216176
197664	4092	0.05900708
197664	4394	0.05825959
197664	6522	0.058035493
197664	6639	0.05802948
197664	5895	0.057481352
197664	4801	0.057411104
197664	2773	0.05737277
197664	1993	0.057343416
197664	5452	0.0573434
197664	6870	0.057326835
197687	5327	0.04951271
197687	242	0.048822667
197687	5643	0.0485807
197687	280	0.048237164
197687	112	0.0479587
197687	1350	0.047931667
197687	2476	0.047907837
197687	3557	0.047742367
197687	5129	0.0477259
197687	6686	0.047715597
197727	3581	0.069799215
197727	3104	0.069759056
197727	500	0.06965126
197727	1781	0.06957242
197727	1817	0.06926319
197727	133	0.06926316
197727	338	0.06926232
197727	341	0.06926231
197727	1260	0.06926228
197727	5601	0.06926224
197775	388	0.049256764
197775	3075	0.04898664
197775	278	0.04869587
197775	5166	0.048695862
197775	2208	0.048695847
197775	1737	0.048695832
197775	4230	0.048695832
197775	3954	0.048695795
197775	2293	0.048667178
197775	5596	0.04855216
197866	831	0.062621355
197866	3196	0.062019795
197866	2541	0.061572094
197866	3878	0.061562087
197866	3280	0.06091649
197866	2233	0.06087926
197866	2470	0.060723834
197866	707	0.06055858
197866	621	0.060548365
197866	175	0.060239553
197913	6694	0.04652206
197913	2322	0.046087597
197913	6145	0.046040248
197913	520	0.04600262
197913	818	0.045996726
197913	4460	0.045810007
197913	6243	0.04574751
197913	5326	0.045739055
197913	2801	0.04573901
197913	6656	0.045551773
197939	4870	0.051735185
197939	214	0.05115729
197939	933	0.05095584
197939	4949	0.05093653
197939	1266	0.05075293
197939	5781	0.05062537
197939	1601	0.050587066
197939	165	0.05055756
197939	5023	0.050540455
197939	6782	0.050503112
197942	2577	0.047698036
197942	6161	0.04731533
197942	1034	0.0473153
197942	3959	0.047315292
197942	3041	0.047315285
197942	3040	0.047315266
197942	1394	0.04731525
197942	555	0.047315244
197942	1787	0.047315232
197942	2437	0.047176287
197997	2164	0.042829014
197997	1995	0.04263467
197997	3276	0.042465042
197997	1992	0.042454664
197997	694	0.042386662
197997	2259	0.042386644
197997	3272	0.042192318
197997	4445	0.042144127
197997	3277	0.042123687
197997	5931	0.042012315
198011	1094	0.057711203
198011	1045	0.057711158
198011	6250	0.057507843
198011	147	0.057361826
198011	4513	0.057361778
198011	1328	0.057314612
198011	2820	0.05727546
198011	2732	0.057158634
198011	5675	0.057072297
198011	6918	0.05698711
198012	774	0.05218777
198012	341	0.05198446
198012	338	0.051984448
198012	1260	0.051984433
198012	5601	0.051984407
198012	373	0.051876932
198012	2966	0.051744804
198012	339	0.05164519
198012	183	0.051611982
198012	340	0.051513102
198046	4401	0.06015723
198046	577	0.060107004
198046	4696	0.060106967
198046	4026	0.060041375
198046	3534	0.060009252
198046	665	0.059736226
198046	930	0.059658077
198046	465	0.059658017
198046	3142	0.059658
198046	1884	0.059544437
198114	2230	0.048803665
198114	2380	0.04880362
198114	2778	0.04873661
198114	2612	0.048736595
198114	3310	0.048736587
198114	5541	0.04868997
198114	6216	0.048689958
198114	5726	0.04868995
198114	4749	0.048689917
198114	6561	0.048679955
198213	3581	0.061822467
198213	341	0.061266907
198213	338	0.0612669
198213	1260	0.06126687
198213	5601	0.061266836
198213	1781	0.060784604
198213	3104	0.060500838
198213	2317	0.060392506
198213	1574	0.060356565
198213	774	0.06034413
198216	998	0.040283054
198216	6036	0.040111348
198216	3391	0.03990953
198216	3901	0.039699584
198216	6653	0.039662246
198216	1012	0.039612267
198216	5959	0.039576624
198216	1534	0.039408833
198216	2501	0.039405555
198216	5479	0.039389
198355	3156	0.046208546
198355	1229	0.04606895
198355	78	0.045818828
198355	4910	0.045636915
198355	892	0.045473598
198355	3659	0.045469135
198355	5361	0.045431305
198355	3552	0.04543129
198355	140	0.045291755
198355	453	0.045159496
198483	3217	0.06102912
198483	1329	0.06102208
198483	5134	0.06073451
198483	4108	0.060624473
198483	1594	0.06046873
198483	440	0.060348317
198483	1639	0.060336612
198483	391	0.0603209
198483	4332	0.060085922
198483	651	0.0600657
198507	53	0.059583325
198507	942	0.059571788
198507	2314	0.059571702
198507	5107	0.059522316
198507	1966	0.05951611
198507	3366	0.05936654
198507	1194	0.059269227
198507	6129	0.05926914
198507	496	0.05912888
198507	1956	0.059068326
198557	4910	0.06282658
198557	78	0.06264759
198557	1229	0.06263395
198557	3156	0.06260482
198557	5361	0.062305555
198557	3552	0.062305536
198557	892	0.06215566
198557	1862	0.061681494
198557	453	0.06161611
198557	3659	0.061533824
198726	1616	0.06522695
198726	636	0.064873785
198726	2920	0.064873785
198726	2360	0.06487377
198726	3440	0.06487377
198726	1942	0.064575106
198726	1023	0.06435153
198726	1772	0.06435153
198726	2231	0.06435148
198726	182	0.064280845
198767	6461	0.04966973
198767	5644	0.049496848
198767	1359	0.049361207
198767	2287	0.049326226
198767	4766	0.04924628
198767	4298	0.049188346
198767	3963	0.04912909
198767	4486	0.049075734
198767	2770	0.049067996
198767	3625	0.048879027
198781	3141	0.05711633
198781	4581	0.057018466
198781	2404	0.05694492
198781	6890	0.05690503
198781	4687	0.05686784
198781	636	0.056820057
198781	2920	0.05682004
198781	3440	0.05682004
198781	2360	0.056820035
198781	1554	0.05676577
198840	6099	0.06675645
198840	2806	0.0665456
198840	4825	0.06649357
198840	3508	0.066282734
198840	245	0.0662827
198840	3603	0.06628263
198840	2921	0.06607999
198840	3517	0.06600573
198840	5222	0.0660057
198840	2915	0.066005684
198930	2293	0.083532065
198930	3517	0.083092235
198930	2915	0.08309218
198930	5222	0.08309215
198930	3457	0.08309212
198930	2349	0.0830549
198930	278	0.08299872
198930	2208	0.08299869
198930	5166	0.082998686
198930	1737	0.08299866
198982	2626	0.036558904
198982	6025	0.036510386
198982	6799	0.036510386
198982	4493	0.036467373
198982	1979	0.03645461
198982	2568	0.036397703
198982	6188	0.03634189
198982	2266	0.03632649
198982	6745	0.036311008
198982	591	0.036276042
198983	6834	0.043843206
198983	5682	0.043826733
198983	381	0.043631792
198983	2542	0.043568097
198983	3766	0.04356806
198983	2628	0.04355892
198983	3176	0.04350854
198983	1853	0.043458603
198983	452	0.043458536
198983	2992	0.043333367
198996	2991	0.07080996
198996	1492	0.07034312
198996	2503	0.07026363
198996	1947	0.069983065
198996	1212	0.06996594
198996	5570	0.06996594
198996	2044	0.069658965
198996	1076	0.06952822
198996	3433	0.06934795
198996	1177	0.069113635
199016	2732	0.056557387
199016	6250	0.056551777
199016	1328	0.05646773
199016	147	0.05630982
199016	4513	0.056309767
199016	1094	0.056304377
199016	1045	0.05630433
199016	1725	0.05630433
199016	174	0.056256883
199016	1382	0.0562568
199025	577	0.051369607
199025	4696	0.051369593
199025	5406	0.05112136
199025	5042	0.051121347
199025	2963	0.051090024
199025	268	0.050966505
199025	1426	0.05080066
199025	4583	0.05080062
199025	34	0.050774287
199025	6213	0.050716206
199041	338	0.06352501
199041	1260	0.063525006
199041	341	0.063525
199041	5601	0.06352497
199041	3104	0.06346108
199041	774	0.062711924
199041	2317	0.06269766
199041	183	0.0625273
199041	886	0.06246405
199041	5662	0.062385894
199092	5570	0.053280085
199092	1212	0.053280078
199092	3943	0.052862935
199092	590	0.05252029
199092	653	0.052385487
199092	1058	0.05235444
199092	61	0.052071303
199092	2456	0.051952984
199092	2369	0.051830236
199092	1490	0.051686786
199095	3133	0.05100719
199095	739	0.050821826
199095	5815	0.050570395
199095	20	0.05057038
199095	2867	0.05057037
199095	102	0.050392702
199095	1602	0.05032839
199095	474	0.050226364
199095	487	0.050021008
199095	1617	0.049842782
199178	3992	0.055811714
199178	625	0.055455565
199178	3581	0.05531842
199178	3796	0.055254333
199178	340	0.05501162
199178	774	0.054984804
199178	1781	0.054937273
199178	2179	0.054865338
199178	341	0.05480848
199178	338	0.054808475
199209	3581	0.08481905
199209	1781	0.08443575
199209	1260	0.08442876
199209	5601	0.0844287
199209	3104	0.0841959
199209	2317	0.08411482
199209	1817	0.08390168
199209	133	0.083901644
199209	3796	0.0830649
199209	6111	0.082676314
199416	3093	0.042560607
199416	2010	0.042306967
199416	2190	0.042081818
199416	1064	0.04200054
199416	3286	0.042000502
199416	5075	0.04185314
199416	380	0.041847978
199416	2336	0.04176446
199416	1836	0.041750006
199416	5696	0.041746877
199515	3005	0.053657964
199515	776	0.053284936
199515	2546	0.053150743
199515	2518	0.053000793
199515	621	0.052888244
199515	2611	0.0528787
199515	5430	0.052815884
199515	4007	0.052747503
199515	2714	0.05274731
199515	3269	0.0527139
199772	4747	0.058022723
199772	4877	0.057496026
199772	5067	0.057485595
199772	2842	0.057457425
199772	154	0.057446804
199772	5233	0.056750983
199772	1716	0.056734763
199772	1751	0.056646347
199772	3190	0.056601003
199772	2539	0.056505214
199795	3392	0.051325675
199795	864	0.05132563
199795	3004	0.051242776
199795	3990	0.05086364
199795	1802	0.05080756
199795	4638	0.05057085
199795	5287	0.05057083
199795	2248	0.05048793
199795	3568	0.050160993
199795	3179	0.050122887
199871	278	0.050965954
199871	2208	0.050965946
199871	5166	0.050965935
199871	1737	0.050965924
199871	4230	0.050965905
199871	3954	0.05096589
199871	3517	0.050892353
199871	2915	0.05089232
199871	5222	0.050892316
199871	3457	0.050892293
199981	507	0.05667472
199981	4442	0.05650848
199981	589	0.055870038
199981	5762	0.05577028
199981	6211	0.055549994
199981	1589	0.054956302
199981	5205	0.054752618
199981	5136	0.054750837
199981	2744	0.05447766
199981	5230	0.054321118
200009	3947	0.0479947
200009	6218	0.04799466
200009	4506	0.04798099
200009	811	0.04798096
200009	478	0.047980905
200009	4262	0.047829367
200009	4306	0.047713052
200009	1894	0.047454074
200009	901	0.047336977
200009	618	0.047228582
200196	1557	0.04889137
200196	3737	0.048851766
200196	5179	0.04867348
200196	2829	0.048384562
200196	4907	0.048364766
200196	1744	0.048364747
200196	4520	0.04827168
200196	2832	0.048271656
200196	5966	0.048241995
200196	5019	0.04810325
200206	140	0.06112901
200206	5361	0.060958594
200206	3552	0.060958564
200206	3659	0.060774405
200206	4910	0.060628068
200206	997	0.060551308
200206	2870	0.060551282
200206	141	0.06042915
200206	892	0.06040902
200206	451	0.06030305
200213	407	0.05893442
200213	3943	0.058777742
200213	581	0.05867797
200213	2991	0.058607273
200213	1212	0.058571063
200213	5570	0.058571056
200213	500	0.05854989
200213	85	0.05854319
200213	1817	0.05826629
200213	133	0.058266252
200245	6654	0.050958775
200245	1350	0.050717782
200245	2177	0.050671227
200245	2804	0.050241716
200245	2690	0.05020171
200245	1573	0.049929764
200245	4875	0.049510326
200245	626	0.04930444
200245	2671	0.049287885
200245	469	0.04925102
200248	3132	0.034055054
200248	2761	0.033990264
200248	4574	0.033758096
200248	6128	0.033736616
200248	4933	0.033685535
200248	970	0.03366498
200248	2948	0.033638597
200248	1464	0.033633612
200248	3149	0.03359428
200248	2727	0.03352759
200252	5600	0.042464368
200252	4310	0.042388514
200252	5063	0.042349882
200252	3252	0.042339176
200252	3472	0.042304367
200252	5146	0.04226245
200252	2962	0.042228125
200252	5065	0.042216863
200252	3692	0.04215563
200252	3325	0.042145
200323	3064	0.08007505
200323	2317	0.079535075
200323	3581	0.07929602
200323	708	0.07903629
200323	341	0.07849631
200323	338	0.07849628
200323	1260	0.07849625
200323	5601	0.078496195
200323	581	0.077781044
200323	183	0.07742289
200402	4108	0.050841346
200402	391	0.05058544
200402	1639	0.0505412
200402	3177	0.050511986
200402	1743	0.050511923
200402	5134	0.05040363
200402	2992	0.050283276
200402	2820	0.05011288
200402	5340	0.05009249
200402	996	0.05006755
200422	453	0.05834519
200422	3821	0.058048137
200422	4954	0.05797832
200422	5332	0.057903394
200422	63	0.057903387
200422	5039	0.05766445
200422	1739	0.057664413
200422	1862	0.05761359
200422	4334	0.057507187
200422	2700	0.05747719
200493	1261	0.07500756
200493	2883	0.074625336
200493	606	0.073569804
200493	3056	0.07350592
200493	1444	0.072955
200493	2961	0.07295494
200493	459	0.07275399
200493	414	0.07243621
200493	1436	0.07215999
200493	613	0.071917444
200508	2574	0.05665865
200508	4458	0.05610716
200508	2467	0.05605013
200508	3616	0.0555853
200508	575	0.055544138
200508	1670	0.05541633
200508	3846	0.055229664
200508	5184	0.0550962
200508	5771	0.05505199
200508	1764	0.055043466
200568	2744	0.045814518
200568	2308	0.045231193
200568	5230	0.04521064
200568	4442	0.04513907
200568	1789	0.045050126
200568	3144	0.044792853
200568	1401	0.044792835
200568	5205	0.044741057
200568	5618	0.04444042
200568	507	0.044374585
200585	3524	0.040288366
200585	1244	0.039828524
200585	2766	0.03978178
200585	5447	0.039781764
200585	956	0.039570592
200585	2953	0.039570563
200585	3121	0.03942058
200585	1159	0.03932216
200585	6362	0.03932211
200585	6189	0.039321996
200607	448	0.054240786
200607	2387	0.05415882
200607	6111	0.05376502
200607	1817	0.053691752
200607	133	0.053691708
200607	2503	0.05309116
200607	710	0.053038903
200607	1781	0.05289214
200607	50	0.05287742
200607	693	0.0528672
200643	240	0.054357775
200643	5567	0.05409053
200643	1219	0.054068424
200643	435	0.05401758
200643	457	0.054014266
200643	930	0.05384849
200643	465	0.053848445
200643	3142	0.053848434
200643	2918	0.05377216
200643	1020	0.053769004
200674	1447	0.05210356
200674	6865	0.05167904
200674	3290	0.051380925
200674	895	0.051313292
200674	4432	0.051050626
200674	3213	0.051050574
200674	4882	0.051050566
200674	4051	0.050920207
200674	5064	0.050920166
200674	3177	0.05072971
200772	1991	0.049078763
200772	2458	0.04900045
200772	5561	0.04896532
200772	301	0.048764665
200772	2554	0.048764657
200772	610	0.04869748
200772	4497	0.048688084
200772	954	0.04856891
200772	5994	0.04853497
200772	1415	0.04852465
200978	459	0.051556747
200978	414	0.051168308
200978	2362	0.051018402
200978	1261	0.05091585
200978	3056	0.0505194
200978	937	0.050306864
200978	152	0.050306857
200978	1444	0.050248157
200978	2961	0.05024812
200978	3855	0.050179727
200993	3435	0.041848358
200993	6083	0.041614376
200993	5279	0.04140763
200993	1277	0.041395374
200993	838	0.04139536
200993	5547	0.041395344
200993	868	0.04139534
200993	5350	0.041368835
200993	3749	0.04134365
200993	1125	0.041299567
201017	4549	0.04828054
201017	777	0.04821539
201017	176	0.048215345
201017	778	0.047635347
201017	3177	0.04752803
201017	1743	0.047527973
201017	712	0.04750886
201017	1269	0.047508795
201017	1964	0.047204386
201017	4982	0.047111146
201036	4625	0.044693682
201036	1523	0.044642814
201036	319	0.04464281
201036	2189	0.0446428
201036	1192	0.044372432
201036	6299	0.044304
201036	3998	0.044209115
201036	3612	0.04420908
201036	4050	0.04420907
201036	287	0.044209067
201042	3610	0.04576859
201042	3027	0.04548568
201042	5623	0.045485664
201042	5622	0.04547114
201042	2183	0.045471102
201042	5917	0.0454176
201042	1414	0.045417596
201042	6302	0.04541759
201042	5164	0.045402978
201042	6879	0.045369457
201058	6345	0.044458464
201058	4948	0.04416878
201058	4214	0.044092804
201058	4302	0.044079274
201058	4844	0.044079255
201058	381	0.044024173
201058	3944	0.043887764
201058	4088	0.04385773
201058	2609	0.043739974
201058	4451	0.043710362
201141	227	0.046955008
201141	6158	0.046920195
201141	4235	0.046798613
201141	2918	0.046678554
201141	6406	0.04667083
201141	5864	0.046669208
201141	978	0.046651527
201141	1402	0.04658764
201141	930	0.046456665
201141	465	0.046456605
201290	526	0.05313106
201290	1961	0.0522372
201290	169	0.051880658
201290	1068	0.051208537
201290	715	0.050998144
201290	4332	0.05099678
201290	2950	0.050942168
201290	1783	0.05073437
201290	170	0.050676987
201290	1251	0.050623655
201323	397	0.061396614
201323	5662	0.061156068
201323	2009	0.06079658
201323	886	0.060772754
201323	1428	0.060641967
201323	2179	0.060620382
201323	3104	0.060492672
201323	4868	0.060476433
201323	600	0.06027992
201323	481	0.06026677
201447	59	0.06828767
201447	4793	0.06819673
201447	2331	0.06804533
201447	5835	0.06799598
201447	644	0.067705005
201447	380	0.06729382
201447	619	0.06728885
201447	329	0.067288846
201447	1426	0.0671963
201447	4583	0.067196265
201475	482	0.051694162
201475	6484	0.051513426
201475	3796	0.051335886
201475	3201	0.051311366
201475	4868	0.051063247
201475	628	0.050942052
201475	2009	0.050791584
201475	637	0.05061187
201475	824	0.050596196
201475	2179	0.050539225
201521	373	0.06201585
201521	2634	0.061961967
201521	1711	0.06179838
201521	739	0.061794177
201521	2966	0.06168515
201521	2478	0.06163126
201521	2836	0.061497997
201521	2532	0.061277486
201521	3669	0.061277434
201521	2809	0.061277412
201526	2713	0.05380126
201526	6729	0.05367137
201526	6170	0.05367136
201526	2165	0.053517796
201526	571	0.05327476
201526	1220	0.053251088
201526	5010	0.053192556
201526	5218	0.05312121
201526	5496	0.05312115
201526	3209	0.053039033
201557	175	0.060755465
201557	3770	0.06059277
201557	1264	0.060282536
201557	2516	0.06005489
201557	2541	0.05994797
201557	474	0.059887163
201557	487	0.0598692
201557	158	0.05916857
201557	3280	0.059132244
201557	2710	0.059015572
201568	2077	0.045274176
201568	442	0.045274172
201568	2026	0.045165733
201568	5586	0.045064252
201568	4910	0.04496739
201568	6032	0.044894878
201568	5263	0.044894844
201568	1309	0.044869415
201568	78	0.044859007
201568	1839	0.0448227
201593	6406	0.053629577
201593	741	0.053178065
201593	1367	0.053178057
201593	6251	0.05299026
201593	301	0.05291131
201593	2554	0.052911296
201593	3129	0.052884024
201593	6869	0.052860547
201593	1958	0.052744597
201593	1415	0.05272794
201641	51	0.064319715
201641	1601	0.063828066
201641	6782	0.06330556
201641	3799	0.06308689
201641	2494	0.06305681
201641	5401	0.06301023
201641	5781	0.06293456
201641	6169	0.06285961
201641	4949	0.06233403
201641	4305	0.06180217
201674	5254	0.05009989
201674	393	0.049605154
201674	5586	0.04935606
201674	6081	0.049172632
201674	2077	0.049070586
201674	1309	0.04889378
201674	4030	0.048887905
201674	3222	0.048739884
201674	170	0.048723303
201674	67	0.048612647
201677	2252	0.064347655
201677	1681	0.06434764
201677	1028	0.06434761
201677	1234	0.06434761
201677	3559	0.064347595
201677	3454	0.06422007
201677	2407	0.06406112
201677	1027	0.06406109
201677	1655	0.064061046
201677	2194	0.06406103
201684	3507	0.048981067
201684	1708	0.048944272
201684	2217	0.04865442
201684	599	0.04857607
201684	1617	0.04841892
201684	620	0.048395276
201684	102	0.048376806
201684	487	0.048168667
201684	2552	0.047953688
201684	3855	0.047917858
201697	4222	0.051181477
201697	3924	0.051139005
201697	1991	0.051040377
201697	4497	0.051039554
201697	2458	0.051033624
201697	1990	0.05099327
201697	6179	0.050927784
201697	4158	0.050914675
201697	2412	0.050854355
201697	212	0.050854348
201725	581	0.086366974
201725	1817	0.086208954
201725	133	0.086208895
201725	6111	0.08599145
201725	448	0.08593179
201725	1781	0.085359424
201725	407	0.085314065
201725	85	0.08531384
201725	500	0.084877886
201725	5404	0.08476542
201751	2766	0.036818095
201751	5447	0.03681807
201751	3524	0.03673928
201751	956	0.036581244
201751	2953	0.036581207
201751	6396	0.036540806
201751	3706	0.036431514
201751	4379	0.036377534
201751	6407	0.036341302
201751	1252	0.036341272
201760	153	0.032811273
201760	6023	0.032570705
201760	987	0.032482907
201760	6170	0.032359917
201760	6729	0.032359917
201760	3512	0.032314226
201760	1358	0.03228671
201760	6598	0.032215264
201760	5638	0.032110736
201760	858	0.03208735
201768	4339	0.049087025
201768	3691	0.048898578
201768	1447	0.04884074
201768	1882	0.04878267
201768	1858	0.04854662
201768	4432	0.048542105
201768	3213	0.04854204
201768	4882	0.04854203
201768	895	0.04853077
201768	803	0.048396215
201776	3770	0.05192051
201776	2516	0.05177468
201776	175	0.05163089
201776	1264	0.05116511
201776	474	0.051076517
201776	158	0.05097477
201776	487	0.05083102
201776	3280	0.050818868
201776	2541	0.050685227
201776	3133	0.05016496
201783	6674	0.061012134
201783	3064	0.060974162
201783	2317	0.0606621
201783	4269	0.060083356
201783	708	0.060003154
201783	434	0.060003113
201783	1070	0.059817806
201783	183	0.059793126
201783	338	0.05969105
201783	1260	0.05969105
201792	3000	0.044104367
201792	1274	0.044104323
201792	5235	0.043951657
201792	2245	0.043925464
201792	835	0.043807305
201792	3382	0.043679334
201792	88	0.04359027
201792	5874	0.04351131
201792	3989	0.04344561
201792	3927	0.043445602
201829	1709	0.04511305
201829	507	0.044940412
201829	589	0.044683278
201829	715	0.044623163
201829	1251	0.04453382
201829	5762	0.04450673
201829	6211	0.044253662
201829	981	0.04417041
201829	4442	0.044115223
201829	2725	0.044030264
201923	1202	0.058499068
201923	2412	0.058496848
201923	212	0.058496825
201923	6675	0.0584968
201923	5709	0.058496755
201923	4553	0.058287777
201923	6179	0.058244295
201923	1180	0.058217864
201923	6487	0.058217816
201923	4350	0.058217797
201969	6813	0.044818785
201969	3664	0.04473058
201969	5075	0.04468078
201969	647	0.044453338
201969	1820	0.044437073
201969	644	0.044396777
201969	1836	0.044366
201969	4202	0.044108443
201969	2887	0.043934822
201969	3814	0.043934815
202000	1995	0.041021924
202000	3276	0.041012235
202000	6084	0.040979438
202000	2164	0.040967077
202000	4445	0.04089918
202000	1495	0.040840067
202000	5274	0.04079216
202000	3272	0.040759593
202000	2259	0.040704742
202000	6226	0.04067354
202036	769	0.046237223
202036	3202	0.046038337
202036	4311	0.046038333
202036	5333	0.04603833
202036	4934	0.046038307
202036	30	0.045962874
202036	5685	0.045916304
202036	6628	0.045916293
202036	3938	0.045916267
202036	2638	0.04591624
202063	6301	0.059165355
202063	3021	0.05916535
202063	4447	0.05916535
202063	3491	0.05916533
202063	6161	0.059016865
202063	1034	0.05901684
202063	3959	0.05901683
202063	3041	0.05901681
202063	3040	0.059016794
202063	555	0.059016783
202127	1817	0.048891053
202127	133	0.048891027
202127	1781	0.048835963
202127	1574	0.04879214
202127	41	0.04864116
202127	3796	0.048497908
202127	6111	0.04844188
202127	710	0.048360944
202127	3581	0.048322883
202127	70	0.048115507
202147	3361	0.048949387
202147	5410	0.04894937
202147	2173	0.048949365
202147	3331	0.04894936
202147	6918	0.04879921
202147	1296	0.0487703
202147	5676	0.048620183
202147	4666	0.048498135
202147	4676	0.048498087
202147	3735	0.048498064
202173	2714	0.061458003
202173	2705	0.061456807
202173	75	0.0609571
202173	5813	0.06090342
202173	2763	0.060851067
202173	2546	0.060830235
202173	3135	0.0606936
202173	4644	0.06062454
202173	4572	0.06040694
202173	5621	0.06031951
202182	4483	0.04653771
202182	3421	0.046537694
202182	5927	0.04653766
202182	4924	0.04653765
202182	6839	0.04653763
202182	861	0.04643961
202182	4071	0.04643961
202182	3283	0.0464396
202182	4825	0.046403352
202182	3508	0.046305276
202195	769	0.042997353
202195	30	0.042849686
202195	5189	0.042843796
202195	3488	0.042817906
202195	4079	0.042807806
202195	4911	0.042786777
202195	4311	0.04277899
202195	5333	0.042778984
202195	3202	0.042778976
202195	4934	0.04277896
202212	846	0.030989965
202212	5548	0.030989965
202212	6847	0.03083583
202212	6911	0.030803282
202212	4707	0.030728139
202212	4866	0.030692384
202212	1799	0.030611526
202212	5970	0.030518137
202212	916	0.030503554
202212	4901	0.030484624
202277	202	0.052299853
202277	127	0.052269932
202277	5781	0.05222043
202277	169	0.052009225
202277	971	0.051846623
202277	1601	0.05183816
202277	781	0.051674902
202277	611	0.051643472
202277	2725	0.051567033
202277	170	0.051566556
202324	5771	0.055144265
202324	1592	0.05510828
202324	2413	0.05501344
202324	957	0.05476404
202324	1680	0.054743335
202324	3062	0.054728143
202324	411	0.05461902
202324	1336	0.05447542
202324	575	0.054395247
202324	292	0.054369785
202346	5435	0.030316439
202346	4611	0.030185714
202346	3254	0.029888384
202346	1375	0.029220363
202346	4969	0.02918879
202346	4083	0.029076815
202346	4810	0.029030833
202346	2140	0.02837274
202346	5356	0.028357662
202346	5767	0.028054737
202353	410	0.055668082
202353	2912	0.05557496
202353	3714	0.055281278
202353	227	0.05523882
202353	4235	0.055209596
202353	978	0.05488239
202353	4257	0.054796252
202353	1490	0.054708883
202353	98	0.054648362
202353	6650	0.05460424
202358	5400	0.04257155
202358	1978	0.042368997
202358	4584	0.04193517
202358	6513	0.041935116
202358	3427	0.04186265
202358	3540	0.041826762
202358	6438	0.041701443
202358	1429	0.041593626
202358	6286	0.041573763
202358	5164	0.04139568
202381	6837	0.043057796
202381	177	0.042833265
202381	2793	0.04269381
202381	21	0.042674974
202381	5950	0.042674974
202381	1624	0.042650215
202381	1298	0.042650208
202381	3257	0.042650197
202381	936	0.042650186
202381	3711	0.04265018
202462	2427	0.068008855
202462	1270	0.06797473
202462	5163	0.06797468
202462	358	0.06774423
202462	197	0.06769214
202462	2604	0.06767211
202462	4448	0.067515686
202462	6177	0.06751568
202462	1380	0.06746331
202462	2148	0.06740816
202532	33	0.04493451
202532	443	0.04493449
202532	6503	0.04490071
202532	2786	0.04490067
202532	1780	0.044900663
202532	6209	0.044857487
202532	5838	0.04485748
202532	3404	0.044706713
202532	6797	0.044615988
202532	4226	0.044595245
202553	1417	0.05579389
202553	201	0.05579386
202553	1556	0.05579385
202553	1029	0.055793837
202553	3716	0.055793807
202553	5961	0.05546967
202553	4182	0.05546963
202553	4037	0.055469602
202553	6899	0.05533279
202553	5016	0.055323493
202564	4506	0.058080204
202564	811	0.058080193
202564	478	0.058080114
202564	1225	0.05800312
202564	5396	0.057969276
202564	1894	0.057783287
202564	3343	0.057523504
202564	3524	0.057348557
202564	3947	0.05734334
202564	6218	0.05734328
202706	3017	0.039262805
202706	1010	0.039262764
202706	96	0.03925693
202706	6021	0.0392569
202706	850	0.03917691
202706	5822	0.03917688
202706	2072	0.039176863
202706	828	0.039094456
202706	566	0.039094448
202706	6197	0.039081153
202711	3258	0.05960988
202711	6646	0.059609838
202711	2352	0.059147615
202711	662	0.059110954
202711	2820	0.058769558
202711	3029	0.058697525
202711	3948	0.058667235
202711	737	0.05849576
202711	2289	0.05849299
202711	6898	0.058432374
202885	2644	0.04132444
202885	5386	0.041155875
202885	4503	0.04106985
202885	4806	0.04094718
202885	797	0.040942747
202885	6853	0.040936016
202885	2619	0.040935982
202885	4211	0.04089033
202885	2597	0.040845957
202885	3500	0.040845934
202942	2362	0.082707584
202942	1436	0.08236888
202942	459	0.08212231
202942	1266	0.0817994
202942	501	0.08168696
202942	3443	0.0816604
202942	2883	0.08115653
202942	1261	0.08102074
202942	613	0.08096742
202942	5404	0.080916874
202963	6536	0.049471304
202963	5226	0.049198017
202963	598	0.048912343
202963	3580	0.048842836
202963	932	0.04874462
202963	4900	0.048702553
202963	4103	0.048702516
202963	1786	0.048677854
202963	4789	0.048565358
202963	6526	0.0485228
203017	1800	0.07794895
203017	1066	0.07770533
203017	3794	0.07713896
203017	2456	0.07605527
203017	1902	0.07579844
203017	1430	0.07505621
203017	352	0.074662015
203017	586	0.074202135
203017	1897	0.0741809
203017	934	0.07418081
203044	1890	0.06824814
203044	4403	0.06816636
203044	664	0.06804767
203044	2625	0.067793325
203044	954	0.06745558
203044	2225	0.06736578
203044	938	0.06729776
203044	1033	0.067297734
203044	2391	0.06718671
203044	1941	0.06715381
203058	44	0.05403062
203058	2985	0.054030612
203058	2437	0.053970933
203058	1361	0.053970918
203058	427	0.05397089
203058	6298	0.05397088
203058	2852	0.05397085
203058	4494	0.05389961
203058	2751	0.053899586
203058	5538	0.053899508
203075	4700	0.053943925
203075	6434	0.053943906
203075	3922	0.053793207
203075	911	0.05375263
203075	6028	0.05375263
203075	484	0.0537526
203075	3444	0.053752564
203075	1203	0.053607307
203075	2133	0.053443536
203075	1934	0.05340294
203161	831	0.06304864
203161	2541	0.06299948
203161	3770	0.0622573
203161	1640	0.061538357
203161	2398	0.061538316
203161	2007	0.06128244
203161	3064	0.061031897
203161	2516	0.06099808
203161	487	0.060900528
203161	1264	0.06031508
203213	958	0.061553925
203213	2432	0.061546184
203213	406	0.06145161
203213	1389	0.061207186
203213	2620	0.061111882
203213	420	0.060964745
203213	951	0.060738996
203213	3705	0.060618427
203213	1505	0.060408995
203213	1193	0.060270503
203240	5489	0.05907718
203240	6028	0.059018105
203240	911	0.05901809
203240	484	0.05901806
203240	3444	0.059018023
203240	3922	0.058948632
203240	6815	0.058929373
203240	2175	0.05880919
203240	939	0.058809105
203240	4700	0.058800936
203280	4292	0.039544675
203280	1892	0.03949256
203280	2195	0.039290514
203280	6594	0.03929045
203280	3451	0.039197356
203280	6501	0.03902207
203280	5399	0.03898351
203280	2608	0.038971573
203280	1198	0.03897155
203280	101	0.03896998
203380	52	0.056014996
203380	3442	0.05601497
203380	3367	0.055800952
203380	3527	0.055689022
203380	384	0.055689014
203380	1571	0.055688977
203380	189	0.055680014
203380	4715	0.055474915
203380	6427	0.055465944
203380	1499	0.055391956
203392	613	0.06445263
203392	649	0.06432092
203392	1179	0.064254135
203392	3443	0.06419989
203392	1076	0.063758865
203392	1691	0.06303629
203392	2883	0.062975034
203392	1436	0.06254957
203392	449	0.062468722
203392	1555	0.06232214
203401	1342	0.049205918
203401	6885	0.049157523
203401	2038	0.049121127
203401	1340	0.04902014
203401	4148	0.048999302
203401	4225	0.048999302
203401	2617	0.048998956
203401	4803	0.048981927
203401	990	0.048953623
203401	3324	0.048953623
203422	294	0.04579153
203422	1758	0.04570484
203422	4525	0.045643933
203422	5951	0.045625903
203422	5280	0.045568828
203422	1624	0.045563832
203422	1298	0.045563817
203422	3257	0.045563817
203422	936	0.045563806
203422	3711	0.045563795
203441	73	0.06411426
203441	3273	0.06371303
203441	2470	0.06298495
203441	19	0.06292313
203441	1242	0.062812984
203441	2113	0.062481217
203441	711	0.062452033
203441	3280	0.062401854
203441	3973	0.0622146
203441	4335	0.06221343
203506	3655	0.06482701
203506	1152	0.064826995
203506	5831	0.064826995
203506	4715	0.06478957
203506	6524	0.064738296
203506	3574	0.064738244
203506	3800	0.064738244
203506	1305	0.06462394
203506	4205	0.06462394
203506	426	0.06462392
203598	3616	0.06763321
203598	1851	0.06745883
203598	3659	0.06693402
203598	1813	0.06664344
203598	727	0.066362776
203598	4161	0.066331744
203598	2337	0.06631757
203598	2028	0.065812975
203598	320	0.06576897
203598	144	0.06552792
203603	5256	0.038522154
203603	3143	0.03852214
203603	845	0.03851878
203603	5654	0.038518764
203603	3927	0.038515754
203603	3989	0.038515754
203603	6610	0.03851573
203603	851	0.03839287
203603	2145	0.03834461
203603	4847	0.038315997
203621	692	0.06831531
203621	3207	0.068255946
203621	432	0.0681827
203621	589	0.06795012
203621	4245	0.06739445
203621	160	0.067392655
203621	2543	0.06725492
203621	507	0.06723831
203621	5205	0.06645711
203621	504	0.06634307
203742	716	0.06744066
203742	676	0.06744065
203742	1304	0.06731543
203742	4162	0.06720717
203742	1880	0.06694972
203742	4183	0.066768155
203742	6454	0.066722095
203742	1927	0.06661386
203742	966	0.06661381
203742	3299	0.066612124
203764	3452	0.041761205
203764	90	0.04175999
203764	5968	0.04175999
203764	3361	0.041593563
203764	5410	0.04159354
203764	3331	0.041593537
203764	2173	0.04159353
203764	1839	0.0413332
203764	2992	0.041282617
203764	4666	0.041281346
203799	3695	0.05449689
203799	6820	0.05449688
203799	399	0.05404506
203799	5946	0.05404505
203799	223	0.054045044
203799	4371	0.054045044
203799	5385	0.05404503
203799	2122	0.05404501
203799	3734	0.054045
203799	969	0.05398126
203805	3565	0.04119873
203805	4309	0.041102756
203805	5610	0.041102737
203805	3549	0.041048795
203805	1442	0.04098457
203805	5388	0.04092545
203805	6001	0.04092542
203805	6863	0.040903293
203805	6247	0.040903278
203805	5885	0.040886186
203844	3373	0.03813842
203844	789	0.038138382
203844	1973	0.038138382
203844	4878	0.038138367
203844	5178	0.037947766
203844	1237	0.037939362
203844	2006	0.03789465
203844	5828	0.03779075
203844	1515	0.03775828
203844	1491	0.037758272
203877	5164	0.048331343
203877	1978	0.04803341
203877	1148	0.047960438
203877	5622	0.04796043
203877	2183	0.047960386
203877	6438	0.04783375
203877	4584	0.04771387
203877	6513	0.047713805
203877	6286	0.04767555
203877	3121	0.04762702
203900	2132	0.051945843
203900	5300	0.051676936
203900	1695	0.051372226
203900	3136	0.05122857
203900	731	0.051135406
203900	608	0.051032197
203900	6342	0.050931472
203900	6040	0.05084909
203900	3974	0.050767697
203900	2198	0.05074694
203910	4524	0.050754268
203910	1326	0.050674267
203910	2562	0.05067425
203910	5604	0.050595418
203910	1632	0.050509557
203910	2511	0.05047383
203910	4184	0.05047383
203910	6061	0.050449293
203910	356	0.050435748
203910	278	0.050400052
203918	1228	0.04155986
203918	669	0.04155985
203918	2382	0.041559823
203918	3420	0.041559823
203918	5028	0.041559823
203918	6906	0.041559823
203918	1762	0.041559815
203918	4430	0.041559815
203918	4909	0.041559808
203918	6909	0.041559804
203973	1020	0.053920496
203973	2456	0.05360616
203973	4235	0.053493828
203973	1902	0.053339142
203973	3943	0.053296566
203973	1731	0.053260963
203973	2918	0.053134784
203973	227	0.053090133
203973	978	0.052979413
203973	4955	0.05292999
204040	3305	0.03474844
204040	1498	0.034675714
204040	3525	0.034673974
204040	5591	0.034673974
204040	5504	0.034660786
204040	1577	0.03465893
204040	1761	0.03463061
204040	2186	0.03457436
204040	4689	0.034574352
204040	2785	0.034574337
204167	5241	0.060212053
204167	3174	0.059827257
204167	4070	0.059820324
204167	2593	0.05979866
204167	5282	0.05979866
204167	6523	0.059798647
204167	4370	0.05979711
204167	6123	0.0597971
204167	2264	0.059768498
204167	2645	0.059746817
204179	563	0.048591584
204179	2998	0.048591536
204179	3901	0.04855167
204179	3826	0.04849477
204179	2648	0.048360467
204179	5109	0.048232563
204179	750	0.048232555
204179	5959	0.048192672
204179	6372	0.04808777
204179	4482	0.048087724
204255	482	0.046757072
204255	3796	0.04645209
204255	4055	0.046236396
204255	1698	0.04623254
204255	926	0.046213754
204255	625	0.046160042
204255	637	0.04597141
204255	4868	0.045959663
204255	2009	0.0459488
204255	4247	0.045915063
204333	482	0.0575809
204333	4868	0.05752024
204333	2009	0.057178766
204333	2179	0.05694478
204333	3106	0.05694265
204333	3796	0.056676082
204333	3992	0.056519084
204333	628	0.05649124
204333	6887	0.05645279
204333	4055	0.056433633
204359	2317	0.06445995
204359	338	0.06441849
204359	341	0.06441849
204359	1260	0.06441847
204359	5601	0.064418435
204359	183	0.06413235
204359	537	0.0641042
204359	339	0.06377651
204359	3104	0.06376609
204359	774	0.06373498
204393	2051	0.04894416
204393	2236	0.048485745
204393	3106	0.048436057
204393	206	0.04834081
204393	5417	0.048333913
204393	2608	0.047926173
204393	1198	0.047926154
204393	5639	0.047915068
204393	2364	0.047845922
204393	1493	0.04782403
204448	391	0.048258252
204448	996	0.048221316
204448	2992	0.047784276
204448	4108	0.04777504
204448	3337	0.04764539
204448	5134	0.04763057
204448	2704	0.04748083
204448	560	0.04741413
204448	258	0.047375098
204448	2542	0.047372185
204452	706	0.032662723
204452	880	0.032662716
204452	5016	0.032565765
204452	5506	0.032555964
204452	903	0.03254933
204452	2655	0.032500535
204452	1999	0.032500267
204452	496	0.032477066
204452	6716	0.032402202
204452	5021	0.032401122
204455	166	0.04552946
204455	2603	0.045476235
204455	4701	0.045336764
204455	6033	0.045185246
204455	2292	0.045164384
204455	5123	0.045071483
204455	3271	0.045008674
204455	5159	0.0449966
204455	2277	0.044973187
204455	2773	0.044878766
204457	4811	0.049953748
204457	1870	0.049795836
204457	3330	0.049773004
204457	5945	0.04959461
204457	3219	0.049525
204457	1766	0.04948777
204457	2348	0.04948362
204457	1494	0.049063854
204457	218	0.04888159
204457	2579	0.04887192
204470	308	0.040098157
204470	6390	0.040098123
204470	538	0.040098116
204470	5961	0.03993825
204470	4037	0.039938208
204470	1491	0.039918557
204470	1515	0.039918557
204470	977	0.039832722
204470	6444	0.03983271
204470	1417	0.039808646
204474	1594	0.03637308
204474	1068	0.03605075
204474	6865	0.03593609
204474	6548	0.035731137
204474	2950	0.035713743
204474	1329	0.035661615
204474	5629	0.03560533
204474	82	0.035555363
204474	4432	0.035540394
204474	3213	0.035540372
204571	6099	0.049156323
204571	2806	0.048897833
204571	4825	0.048662648
204571	3517	0.048619695
204571	5222	0.048619673
204571	2915	0.048619665
204571	3457	0.048619643
204571	2821	0.04861193
204571	3209	0.048568144
204571	72	0.048568115
204591	2653	0.030837243
204591	5265	0.030737445
204591	5869	0.030712742
204591	4674	0.030692091
204591	6835	0.030616269
204591	3136	0.030615954
204591	5720	0.030601392
204591	5784	0.030601373
204591	1710	0.030598318
204591	5546	0.03048271
204619	637	0.0647835
204619	133	0.064721115
204619	1817	0.064721115
204619	4227	0.064653225
204619	85	0.06458446
204619	6111	0.06454058
204619	4247	0.06451289
204619	4710	0.064444035
204619	882	0.06437622
204619	4782	0.064376205
204622	448	0.08209025
204622	1436	0.08201975
204622	1713	0.08168333
204622	6111	0.08151573
204622	2387	0.08140946
204622	710	0.08105315
204622	1817	0.08082467
204622	133	0.080824606
204622	581	0.08068548
204622	41	0.0806438
204660	406	0.100089625
204660	1389	0.09887134
204660	1193	0.09823465
204660	243	0.097445324
204660	5792	0.097241715
204660	645	0.097151354
204660	3909	0.09715129
204660	420	0.097124904
204660	1592	0.09700291
204660	614	0.096775904
204676	3169	0.04932131
204676	1463	0.049236786
204676	816	0.048979238
204676	481	0.04895708
204676	2281	0.048858188
204676	622	0.04879819
204676	4998	0.048774872
204676	1600	0.048770472
204676	2923	0.048619445
204676	1405	0.0481863
204696	5064	0.04665067
204696	3290	0.04651785
204696	1101	0.04647252
204696	895	0.04642219
204696	737	0.046212066
204696	6566	0.046064645
204696	1447	0.045941744
204696	4571	0.04591967
204696	3320	0.045879424
204696	6265	0.04583434
204698	3947	0.04861786
204698	6218	0.04861781
204698	4262	0.048429795
204698	4506	0.048358463
204698	811	0.04835844
204698	478	0.04835838
204698	4306	0.04827987
204698	4203	0.04794748
204698	5403	0.047888167
204698	5638	0.04787398
204790	4666	0.0505243
204790	4676	0.050524253
204790	3735	0.05052424
204790	2333	0.050426453
204790	159	0.050426424
204790	3361	0.050347667
204790	5410	0.050347645
204790	2173	0.050347634
204790	3331	0.050347634
204790	3180	0.050250433
204804	3904	0.042233586
204804	5146	0.042186692
204804	5206	0.04214914
204804	4310	0.04214242
204804	424	0.04213213
204804	1924	0.04211732
204804	5437	0.042025983
204804	6464	0.042025972
204804	5600	0.041979074
204804	3355	0.04191661
204813	3534	0.057158597
204813	3846	0.056873504
204813	2579	0.056460366
204813	268	0.05608076
204813	577	0.05604168
204813	4696	0.05604165
204813	544	0.05598721
204813	6275	0.055974334
204813	1432	0.055916104
204813	2963	0.05575659
204822	2966	0.064309746
204822	625	0.06378916
204822	373	0.063592374
204822	3992	0.063464925
204822	4055	0.06324795
204822	774	0.06321418
204822	340	0.06317262
204822	2809	0.063113205
204822	3669	0.06311316
204822	886	0.063062
204844	4910	0.04884117
204844	3336	0.048775554
204844	3194	0.048707385
204844	267	0.048605256
204844	78	0.048579115
204844	6	0.048451938
204844	1851	0.048429012
204844	140	0.048405606
204844	147	0.048324265
204844	4513	0.04832423
204909	1389	0.053411856
204909	420	0.053105626
204909	406	0.053078286
204909	614	0.052944727
204909	1490	0.05222597
204909	157	0.051857185
204909	2432	0.05184287
204909	1055	0.051824838
204909	1193	0.051491864
204909	2620	0.05144814
204929	3385	0.03958869
204929	3812	0.039174594
204929	2012	0.03902686
204929	5288	0.03893411
204929	5517	0.038911443
204929	973	0.0389064
204929	703	0.038874082
204929	3047	0.038750682
204929	4560	0.038726844
204929	2267	0.03851998
204936	833	0.05531679
204936	4625	0.054989673
204936	6540	0.05494061
204936	6299	0.05494055
204936	1886	0.054855786
204936	417	0.05482431
204936	684	0.054824308
204936	1523	0.054698497
204936	319	0.05469849
204936	2189	0.05469847
204946	6161	0.05219088
204946	1034	0.052190863
204946	3959	0.052190848
204946	3041	0.052190825
204946	555	0.05219081
204946	1394	0.052190803
204946	3040	0.052190803
204946	1787	0.052190773
204946	6349	0.052092776
204946	5634	0.0520927
204964	4265	0.05186767
204964	4103	0.051810615
204964	4900	0.051810615
204964	6520	0.051430978
204964	889	0.05142823
204964	5201	0.0514282
204964	2058	0.051351074
204964	4559	0.051336914
204964	6695	0.051018484
204964	5226	0.050744012
205085	879	0.073462605
205085	606	0.072667494
205085	1076	0.07167763
205085	243	0.07099378
205085	5140	0.07073334
205085	1261	0.07029989
205085	2991	0.07025973
205085	2387	0.07021877
205085	708	0.070174575
205085	434	0.0701745
205145	6815	0.03648641
205145	5489	0.036441624
205145	5558	0.036316596
205145	5562	0.03631659
205145	1535	0.036316577
205145	6311	0.03627678
205145	580	0.03627673
205145	491	0.03619992
205145	1203	0.03606125
205145	6826	0.03604828
205197	5164	0.04158072
205197	3610	0.041511625
205197	205	0.041488934
205197	6495	0.041488934
205197	4699	0.04148893
205197	6562	0.041488927
205197	713	0.04148888
205197	1148	0.041488335
205197	5622	0.041488327
205197	2183	0.041488297
205281	1555	0.056249127
205281	2129	0.055876948
205281	83	0.055793755
205281	6300	0.055762604
205281	320	0.055613272
205281	546	0.05560735
205281	649	0.055599116
205281	1179	0.055331968
205281	3659	0.055267528
205281	3306	0.055247188
205285	5961	0.05903901
205285	4182	0.059038967
205285	4037	0.05903895
205285	1417	0.059029344
205285	201	0.05902932
205285	1556	0.05902932
205285	1029	0.05902929
205285	3716	0.059029277
205285	308	0.058890484
205285	6390	0.05889044
205383	278	0.04785008
205383	2208	0.04785007
205383	5166	0.04785006
205383	1737	0.047850057
205383	4230	0.047850035
205383	3954	0.047850028
205383	3517	0.047794044
205383	2915	0.04779401
205383	5222	0.047794007
205383	3457	0.04779398
205426	5923	0.053025372
205426	3201	0.052928217
205426	5061	0.052870702
205426	6887	0.052788354
205426	4731	0.05265053
205426	2996	0.052426405
205426	804	0.052426383
205426	4667	0.052408352
205426	2463	0.052405592
205426	6539	0.052405585
205473	1203	0.049710903
205473	5351	0.04947843
205473	4700	0.049192756
205473	6434	0.04919274
205473	1351	0.049172238
205473	6852	0.049172193
205473	6401	0.04917219
205473	3597	0.049172185
205473	3968	0.049172185
205473	6900	0.04901229
205487	3211	0.04772547
205487	3595	0.047662273
205487	2149	0.047527492
205487	4620	0.04740174
205487	5058	0.047381863
205487	6511	0.047374792
205487	6010	0.04735078
205487	2828	0.04727858
205487	2569	0.047133613
205487	5637	0.04713358
205520	3133	0.056775644
205520	739	0.056307346
205520	5815	0.0562444
205520	20	0.056244373
205520	2867	0.05624437
205520	175	0.05617298
205520	474	0.056062564
205520	487	0.05591976
205520	3770	0.055838227
205520	1264	0.05537221
205538	4175	0.041767202
205538	6554	0.041767195
205538	1064	0.04174308
205538	3286	0.041743036
205538	4519	0.04174197
205538	648	0.041689534
205538	4163	0.041689508
205538	5696	0.04166282
205538	1662	0.041662797
205538	6417	0.041662775
205554	3992	0.051264614
205554	340	0.051237695
205554	2179	0.051095247
205554	886	0.05094821
205554	3796	0.050924186
205554	625	0.050819874
205554	4868	0.050665617
205554	2966	0.05066134
205554	482	0.050628744
205554	774	0.050485544
205608	4070	0.050617382
205608	1733	0.050331146
205608	5931	0.050311826
205608	1353	0.050241485
205608	5823	0.050199743
205608	5932	0.050025485
205608	5212	0.050001238
205608	6681	0.049935907
205608	6235	0.049935855
205608	3746	0.04982589
205735	708	0.058758214
205735	3064	0.058572464
205735	341	0.058265284
205735	1260	0.05826525
205735	5601	0.05826522
205735	2317	0.05807955
205735	183	0.057756454
205735	3581	0.0576837
205735	6674	0.057659283
205735	5879	0.057349026
205765	5834	0.06481312
205765	5077	0.06448757
205765	5316	0.06428885
205765	3879	0.06428883
205765	185	0.064220265
205765	6202	0.06406239
205765	1801	0.063975215
205765	5014	0.06395778
205765	2466	0.063885786
205765	4873	0.06387257
205843	5618	0.04876421
205843	5759	0.04861777
205843	95	0.04848364
205843	836	0.047965504
205843	5136	0.047927365
205843	4284	0.047840238
205843	4437	0.047771804
205843	1271	0.047770776
205843	3400	0.04772804
205843	3983	0.04759338
205878	1817	0.07614799
205878	133	0.07614796
205878	1781	0.07612221
205878	3796	0.076086804
205878	3581	0.07520506
205878	6111	0.07513313
205878	85	0.07502203
205878	4710	0.07498475
205878	1574	0.07448282
205878	500	0.07447025
205919	61	0.055293355
205919	1430	0.055239633
205919	1902	0.05512256
205919	4235	0.05511087
205919	1066	0.055008166
205919	862	0.055004925
205919	352	0.054715313
205919	1800	0.054649033
205919	2456	0.054641165
205919	1897	0.054541998
205943	5200	0.048483215
205943	131	0.048483204
205943	6541	0.048350062
205943	2475	0.048350055
205943	6616	0.048144203
205943	917	0.04793044
205943	4421	0.047913957
205943	4424	0.047848508
205943	3562	0.047843818
205943	1479	0.04779731
205963	1436	0.07717189
205963	613	0.077054955
205963	2387	0.07657704
205963	1713	0.07623491
205963	448	0.07592602
205963	4538	0.07501959
205963	2176	0.07501958
205963	1076	0.07498459
205963	1261	0.07496494
205963	710	0.07495603
205967	1662	0.034390412
205967	5696	0.034390405
205967	6417	0.034390364
205967	5423	0.034388427
205967	3071	0.034268253
205967	311	0.034241103
205967	2010	0.03421026
205967	3690	0.034208342
205967	4526	0.034167726
205967	4175	0.034106113
205979	2477	0.060540263
205979	5615	0.06041037
205979	3524	0.060384013
205979	374	0.060254768
205979	2766	0.060111452
205979	5447	0.060111426
205979	4379	0.06003862
205979	368	0.059685897
205979	6157	0.05962706
205979	6407	0.059601776
205980	3799	0.057038493
205980	458	0.056585416
205980	744	0.056397505
205980	6736	0.056397423
205980	5401	0.056353055
205980	1320	0.056231014
205980	1284	0.05580005
205980	4286	0.055709638
205980	4761	0.055553418
205980	3380	0.055543236
205992	5254	0.03698779
205992	1370	0.03640579
205992	6678	0.036401175
205992	6081	0.03639032
205992	442	0.036337353
205992	2077	0.036337353
205992	4030	0.03621598
205992	3645	0.036194198
205992	1309	0.036167417
205992	4175	0.036140222
206016	2500	0.048558917
206016	3824	0.04834457
206016	5983	0.04830549
206016	5943	0.048113342
206016	2075	0.04802913
206016	828	0.047741532
206016	566	0.047741503
206016	2256	0.04770871
206016	5981	0.047622316
206016	2853	0.047599144
206058	1377	0.05370954
206058	3946	0.05353475
206058	834	0.053534746
206058	3078	0.05344209
206058	283	0.053440727
206058	468	0.053336255
206058	2703	0.053225584
206058	5094	0.053195857
206058	1258	0.053161472
206058	3928	0.05316145
206074	973	0.05366489
206074	2692	0.053440467
206074	620	0.053368077
206074	794	0.05330162
206074	1961	0.05323478
206074	1527	0.053157143
206074	5517	0.053014256
206074	4307	0.05299059
206074	5288	0.052686986
206074	2710	0.052661918
206107	930	0.054508317
206107	3142	0.054508265
206107	2918	0.05444719
206107	978	0.05422769
206107	1058	0.05395098
206107	590	0.05389487
206107	2951	0.053841025
206107	2369	0.053759452
206107	4026	0.053666696
206107	1020	0.053659245
206109	5306	0.05634211
206109	3946	0.05618167
206109	834	0.05618166
206109	2540	0.056156352
206109	6783	0.055983957
206109	865	0.055963986
206109	923	0.055963963
206109	874	0.055935808
206109	5751	0.055775493
206109	6089	0.055651575
206202	3901	0.05758068
206202	5959	0.057054807
206202	998	0.056534875
206202	3391	0.05633139
206202	6036	0.056316577
206202	3826	0.05608952
206202	3555	0.05590686
206202	6653	0.055906348
206202	563	0.055861745
206202	2998	0.055861693
206219	1803	0.04639167
206219	92	0.045862887
206219	1928	0.045372292
206219	5271	0.045196474
206219	2210	0.045181684
206219	5144	0.044991065
206219	3049	0.04496496
206219	6190	0.044964917
206219	4623	0.04496126
206219	1695	0.04474254
206249	5171	0.035897195
206249	1120	0.03586068
206249	4259	0.035860326
206249	2536	0.035732478
206249	2556	0.035732456
206249	4941	0.035732456
206249	4480	0.035718154
206249	5539	0.035702236
206249	3102	0.03570222
206249	6907	0.035695653
206305	2324	0.05364634
206305	292	0.053552076
206305	5991	0.053552017
206305	247	0.053532258
206305	1186	0.053512502
206305	723	0.05347757
206305	1336	0.05338088
206305	6275	0.053287014
206305	5771	0.053247083
206305	409	0.05292239
206393	5619	0.05401381
206393	3382	0.053612597
206393	6757	0.053268574
206393	5235	0.05320754
206393	2245	0.05306474
206393	3000	0.053038724
206393	1274	0.053038675
206393	4847	0.05294767
206393	4171	0.05265611
206393	845	0.05265589
206423	2870	0.077571616
206423	1690	0.07756997
206423	279	0.07717601
206423	1444	0.076992765
206423	2961	0.07699272
206423	140	0.076595575
206423	320	0.07654407
206423	5361	0.07649004
206423	3552	0.076489985
206423	4119	0.0764485
206438	4336	0.047962032
206438	3977	0.047807295
206438	3586	0.04768966
206438	5054	0.047682494
206438	5430	0.047456555
206438	1471	0.04735361
206438	837	0.047205493
206438	4471	0.046991803
206438	1596	0.046952106
206438	981	0.046824396
206534	6560	0.051116355
206534	1089	0.05095938
206534	2234	0.050739437
206534	6561	0.050697885
206534	5397	0.05069787
206534	6826	0.050662927
206534	6402	0.050662898
206534	5541	0.05057642
206534	5726	0.05057642
206534	6216	0.05057642
206563	5352	0.062399946
206563	3681	0.061663598
206563	202	0.06122432
206563	910	0.061207112
206563	1586	0.061160386
206563	1268	0.06096748
206563	4332	0.06083481
206563	2063	0.060701273
206563	794	0.06056707
206563	170	0.06052498
206567	319	0.053698603
206567	1523	0.0536986
206567	2189	0.053698562
206567	1195	0.05368478
206567	6252	0.05368469
206567	6540	0.05367986
206567	6299	0.053679798
206567	5393	0.053515017
206567	4231	0.053515002
206567	3439	0.05351006
206675	6346	0.04333964
206675	852	0.043124773
206675	2450	0.043114953
206675	2454	0.04311143
206675	817	0.042938054
206675	4987	0.04288768
206675	6433	0.04277214
206675	4477	0.04275926
206675	4851	0.04272383
206675	4465	0.042723827
206691	780	0.045543447
206691	6445	0.04520663
206691	2858	0.04508385
206691	1242	0.044699345
206691	73	0.044148896
206691	3236	0.043966934
206691	5863	0.043814916
206691	873	0.043792434
206691	5	0.04372703
206691	3570	0.04359086
206764	5051	0.063225165
206764	1650	0.06280777
206764	2358	0.06274553
206764	4820	0.06257364
206764	4324	0.06250133
206764	4695	0.062448375
206764	4357	0.062334124
206764	891	0.062249724
206764	3880	0.062195215
206764	6136	0.062195215
206775	4283	0.03326159
206775	875	0.033041157
206775	6913	0.032938328
206775	2396	0.032892406
206775	5564	0.03288751
206775	5830	0.032887455
206775	812	0.03288003
206775	4836	0.032838453
206775	2911	0.03280069
206775	5256	0.032775275
206877	1100	0.04075914
206877	2138	0.04073628
206877	4907	0.040687628
206877	1744	0.040687613
206877	2960	0.040629275
206877	1826	0.04062926
206877	4686	0.040509384
206877	5213	0.040426705
206877	4743	0.040426664
206877	4936	0.040364094
206891	487	0.052574586
206891	5879	0.052084886
206891	2541	0.051984377
206891	831	0.0517347
206891	3064	0.05165883
206891	2634	0.05158181
206891	708	0.05142711
206891	434	0.051427066
206891	2836	0.05137988
206891	175	0.051353164
206944	1212	0.05306346
206944	5570	0.053063456
206944	407	0.053044386
206944	1947	0.05303794
206944	1971	0.05285506
206944	1492	0.052827105
206944	85	0.05277269
206944	3943	0.052626915
206944	2991	0.052523687
206944	404	0.052475452
206959	2828	0.038121577
206959	510	0.038000032
206959	4418	0.03800001
206959	2569	0.037982866
206959	5637	0.037982844
206959	3699	0.0379828
206959	3211	0.037972383
206959	3595	0.03793337
206959	6010	0.037797943
206959	2840	0.037793264
207134	4782	0.06752637
207134	882	0.06752636
207134	68	0.06719062
207134	4710	0.06688353
207134	1397	0.066799685
207134	637	0.06667158
207134	189	0.06645366
207134	693	0.06641863
207134	4227	0.06633595
207134	6111	0.066318244
207148	6142	0.07075868
207148	6553	0.070483595
207148	248	0.07048353
207148	1093	0.07048352
207148	2550	0.07038077
207148	5079	0.07038077
207148	5380	0.07019963
207148	151	0.07019955
207148	5225	0.070199504
207148	1652	0.070168525
207246	356	0.049039833
207246	278	0.04898877
207246	5166	0.048988767
207246	1737	0.048988756
207246	2208	0.048988752
207246	4230	0.048988745
207246	3954	0.048988707
207246	2293	0.04898127
207246	3075	0.048636757
207246	388	0.04849997
207259	5340	0.050522268
207259	3177	0.050457153
207259	1743	0.05045709
207259	2545	0.050216157
207259	5675	0.05018783
207259	176	0.0499228
207259	712	0.04988859
207259	1269	0.04988852
207259	1328	0.049811285
207259	2064	0.049729243
207275	2932	0.046946213
207275	5917	0.0468065
207275	6302	0.046806484
207275	1414	0.04680647
207275	3811	0.04673235
207275	5467	0.04673229
207275	4665	0.046668828
207275	337	0.0466688
207275	5901	0.04662716
207275	2244	0.046508048
207291	4096	0.049466275
207291	2271	0.04946626
207291	1226	0.049466256
207291	2428	0.049466252
207291	3231	0.04946625
207291	2460	0.049466245
207291	5083	0.049466245
207291	1333	0.049466237
207291	2993	0.049466223
207291	71	0.049466215
207339	3581	0.08682291
207339	341	0.08633677
207339	338	0.08633675
207339	1260	0.08633672
207339	5601	0.08633667
207339	3104	0.08624486
207339	2317	0.08615289
207339	434	0.08580512
207339	3064	0.08562127
207339	1781	0.084929116
207341	1101	0.055004362
207341	732	0.054971054
207341	3691	0.054839786
207341	3320	0.054787062
207341	733	0.05475373
207341	1882	0.054674424
207341	4213	0.05458843
207341	4051	0.054482333
207341	5064	0.054482263
207341	895	0.054456912
207349	2305	0.052756466
207349	1841	0.052754514
207349	993	0.05272405
207349	6296	0.0526723
207349	6497	0.05264162
207349	5924	0.052545372
207349	2615	0.052539214
207349	2614	0.052508637
207349	6131	0.052435875
207349	3831	0.05240272
207350	1781	0.058725882
207350	1574	0.058634154
207350	1817	0.058630973
207350	133	0.058630936
207350	3581	0.05846878
207350	3796	0.058358833
207350	41	0.058165886
207350	1071	0.057932176
207350	6111	0.05790648
207350	710	0.0577781
207385	5257	0.051452428
207385	1476	0.05145241
207385	5861	0.05131925
207385	869	0.05130413
207385	3391	0.05103858
207385	5635	0.05092971
207385	2564	0.050929695
207385	3387	0.05083127
207385	5309	0.050831243
207385	6372	0.050796933
207450	769	0.051707134
207450	3488	0.05170365
207450	4911	0.05167089
207450	4311	0.051403403
207450	5333	0.051403377
207450	3202	0.051403373
207450	4934	0.05140336
207450	3617	0.05124782
207450	2483	0.05124779
207450	2722	0.05124778
207494	2210	0.0409306
207494	3691	0.04063616
207494	732	0.0402186
207494	733	0.0400418
207494	1882	0.040030546
207494	3673	0.039884616
207494	2813	0.039859883
207494	5546	0.039853975
207494	6728	0.039819635
207494	1101	0.03980136
207499	2712	0.049059913
207499	764	0.04905986
207499	27	0.049059838
207499	179	0.049039867
207499	3665	0.049039852
207499	5975	0.049039837
207499	3321	0.0489671
207499	367	0.048934147
207499	1852	0.048934124
207499	2844	0.04891201
207563	4190	0.048334748
207563	607	0.048284978
207563	6419	0.04808352
207563	6482	0.04781521
207563	3170	0.047574833
207563	2457	0.047574766
207563	3764	0.047488943
207563	1376	0.047478855
207563	906	0.04745443
207563	4659	0.047173426
207616	6553	0.05677305
207616	248	0.056772992
207616	1093	0.056772977
207616	3287	0.05643382
207616	5487	0.05643378
207616	2550	0.05641617
207616	5079	0.05641617
207616	419	0.05638606
207616	3585	0.056256384
207616	376	0.056256372
207686	1640	0.05482625
207686	2398	0.05482622
207686	2007	0.053864077
207686	3770	0.053816684
207686	175	0.05373931
207686	2516	0.05373434
207686	2541	0.0535108
207686	3064	0.053491026
207686	831	0.053018373
207686	487	0.052693408
207782	456	0.046191446
207782	4560	0.04605461
207782	4066	0.04601148
207782	5288	0.045787003
207782	7	0.04527278
207782	3385	0.044992976
207782	2267	0.044803783
207782	3532	0.044714436
207782	365	0.044554375
207782	1891	0.044511266
207825	2204	0.05765852
207825	4271	0.057413317
207825	1410	0.057411008
207825	2050	0.057350226
207825	913	0.057346337
207825	6133	0.057105098
207825	1632	0.057105005
207825	5118	0.057089657
207825	4765	0.057089612
207825	4769	0.057040468
207835	4175	0.044625115
207835	6554	0.0446251
207835	1662	0.044505503
207835	5696	0.0445055
207835	6417	0.04450544
207835	648	0.044496797
207835	4163	0.044496786
207835	2077	0.044422314
207835	442	0.04442229
207835	3180	0.044370662
207860	5600	0.040648494
207860	5437	0.040568456
207860	6464	0.040568452
207860	4310	0.040551595
207860	5065	0.040508665
207860	3099	0.040428538
207860	5146	0.040398758
207860	3252	0.04035358
207860	3904	0.0403187
207860	342	0.040273562
207924	283	0.0508968
207924	3078	0.050253145
207924	1102	0.04997272
207924	1118	0.049972594
207924	5155	0.049956493
207924	1117	0.04995647
207924	2497	0.049956456
207924	2770	0.049724396
207924	1597	0.049656212
207924	6116	0.04964625
207965	1417	0.05432719
207965	1556	0.054327175
207965	201	0.054327164
207965	1029	0.054327138
207965	3716	0.054327134
207965	5961	0.054142404
207965	4182	0.05414236
207965	4037	0.05414234
207965	2404	0.05413287
207965	2392	0.05404772
207971	1249	0.042373627
207971	59	0.0418787
207971	619	0.041427877
207971	329	0.04142787
207971	34	0.04120706
207971	67	0.04111915
207971	4793	0.04110171
207971	5835	0.04109131
207971	1504	0.041077875
207971	1636	0.04097241
208019	2234	0.04703535
208019	1040	0.046999454
208019	6561	0.046897367
208019	5397	0.04689736
208019	3496	0.04688237
208019	5541	0.046816148
208019	5726	0.04681614
208019	6216	0.046816137
208019	4749	0.046816103
208019	2778	0.046780266
208058	1933	0.059298173
208058	6066	0.059144445
208058	5705	0.059068773
208058	5398	0.05905695
208058	3658	0.058945924
208058	1786	0.058790747
208058	6146	0.05874377
208058	2656	0.05869799
208058	6536	0.05858686
208058	109	0.058528297
208077	2839	0.050913334
208077	6173	0.05091333
208077	2665	0.050913308
208077	6380	0.0509133
208077	1693	0.050845936
208077	738	0.050845906
208077	3250	0.050845895
208077	5719	0.050659142
208077	5551	0.050659113
208077	1059	0.05065909
208095	5352	0.04409935
208095	202	0.043968074
208095	910	0.043822467
208095	1586	0.04366211
208095	3681	0.04353624
208095	5254	0.043508217
208095	2063	0.04349578
208095	170	0.043407947
208095	1626	0.043406066
208095	1268	0.04333163
208112	2609	0.04057183
208112	3349	0.04050298
208112	3944	0.04038293
208112	3431	0.04027167
208112	3743	0.040078405
208112	1451	0.039966114
208112	4214	0.03994923
208112	1859	0.039892882
208112	3805	0.03989287
208112	4948	0.039891653
208141	5218	0.045578703
208141	5496	0.045578662
208141	571	0.045346253
208141	5906	0.045317575
208141	3209	0.04522544
208141	72	0.04522542
208141	1258	0.045190383
208141	3928	0.04519037
208141	1962	0.045190364
208141	3803	0.045190345
208147	4161	0.05885829
208147	2028	0.05844026
208147	1662	0.058241192
208147	5696	0.05824117
208147	6417	0.058241084
208147	3194	0.058171153
208147	1813	0.058125857
208147	5423	0.05805732
208147	311	0.057973277
208147	5765	0.057969578
208236	1591	0.0340586
208236	1994	0.034058563
208236	4455	0.03398344
208236	3910	0.03393843
208236	2098	0.033913806
208236	2773	0.033839926
208236	4614	0.033794813
208236	802	0.033767007
208236	4464	0.033767
208236	3936	0.033766992
208251	1426	0.050334997
208251	4583	0.050334968
208251	3053	0.050151385
208251	6574	0.05010294
208251	4793	0.050050627
208251	1249	0.05000053
208251	2331	0.04994814
208251	5835	0.049899705
208251	2881	0.049768493
208251	59	0.04971413
208302	1715	0.053601895
208302	1114	0.05335708
208302	6427	0.053275965
208302	6703	0.053271808
208302	4247	0.052913338
208302	3201	0.052912854
208302	2301	0.05291197
208302	3939	0.052739095
208302	189	0.05273798
208302	5923	0.05270493
208367	4245	0.05721343
208367	5205	0.05708918
208367	285	0.056938104
208367	420	0.056760106
208367	2744	0.05645682
208367	1253	0.05624432
208367	5618	0.05619997
208367	507	0.055861954
208367	2093	0.055801533
208367	1389	0.055772834
208376	4229	0.036322076
208376	6667	0.036306202
208376	125	0.03628319
208376	5689	0.03623868
208376	1827	0.03622097
208376	1889	0.036220968
208376	2835	0.036191333
208376	5921	0.03616
208376	3490	0.036154803
208376	3865	0.036123637
208378	5553	0.033928744
208378	265	0.033914626
208378	1883	0.033914626
208378	2844	0.033904325
208378	2712	0.033890218
208378	764	0.03389018
208378	27	0.033890173
208378	3549	0.033870697
208378	3472	0.0338566
208378	6914	0.03384623
208382	3175	0.041779876
208382	3626	0.041699674
208382	2542	0.04165457
208382	5682	0.041583076
208382	6834	0.0415743
208382	2704	0.041469663
208382	3176	0.04112439
208382	5260	0.041121975
208382	1422	0.04111605
208382	381	0.0410813
208406	5954	0.041333012
208406	6263	0.041151103
208406	6014	0.04112269
208406	2957	0.041045733
208406	3285	0.040698793
208406	2509	0.040569574
208406	2563	0.040494088
208406	2530	0.040458627
208406	2132	0.040402275
208406	6780	0.040392444
208410	5200	0.047108013
208410	131	0.047108
208410	2475	0.047031812
208410	6541	0.047031812
208410	919	0.04687256
208410	5741	0.046824843
208410	6336	0.046789978
208410	1481	0.046770312
208410	6500	0.04676382
208410	2903	0.04673366
208415	1490	0.099904776
208415	1550	0.09869495
208415	1389	0.097438425
208415	3943	0.09664889
208415	664	0.09656721
208415	1212	0.096280694
208415	5570	0.096280694
208415	406	0.096095905
208415	614	0.0955607
208415	6291	0.09512931
208451	5135	0.034635544
208451	4143	0.0346293
208451	2421	0.034503244
208451	6755	0.034346577
208451	6515	0.034322
208451	2140	0.034168944
208451	2864	0.034145333
208451	4537	0.03409204
208451	2677	0.03401784
208451	48	0.03401071
208468	5312	0.05498661
208468	8	0.054986596
208468	4043	0.054986574
208468	4800	0.054958478
208468	4938	0.05475568
208468	854	0.054590702
208468	4555	0.054501534
208468	4556	0.05450151
208468	3100	0.054501504
208468	2260	0.054501496
208555	4484	0.041952346
208555	4382	0.04193957
208555	6135	0.04183224
208555	2255	0.041832224
208555	6289	0.041832197
208555	4601	0.041832186
208555	4278	0.041754544
208555	2096	0.04174836
208555	2297	0.04169614
208555	5941	0.04169611
208568	3052	0.043185223
208568	3547	0.042898614
208568	5319	0.04281918
208568	6530	0.04277622
208568	4674	0.042765364
208568	3620	0.042699676
208568	5826	0.042580254
208568	3279	0.042561274
208568	1710	0.04256029
208568	2172	0.04253924
208591	6759	0.03285257
208591	6008	0.032590743
208591	3744	0.032579266
208591	4602	0.032573678
208591	6734	0.032480635
208591	1833	0.032469288
208591	5221	0.03234286
208591	2078	0.03234285
208591	6446	0.032342836
208591	1825	0.03234283
208600	2156	0.057180583
208600	473	0.056736615
208600	1643	0.056599718
208600	2713	0.05638018
208600	1358	0.056334086
208600	2165	0.05628397
208600	3209	0.05627154
208600	72	0.05627151
208600	573	0.05626546
208600	991	0.056237742
208605	341	0.055537492
208605	338	0.05553748
208605	1260	0.05553747
208605	5601	0.055537432
208605	3104	0.055186383
208605	2317	0.05509276
208605	3581	0.054919712
208605	708	0.054316603
208605	434	0.05431658
208605	183	0.053942572
208620	2066	0.05717217
208620	84	0.056905888
208620	330	0.056905817
208620	2022	0.056479357
208620	6543	0.055953622
208620	2698	0.055916045
208620	6590	0.055774026
208620	5951	0.05541151
208620	1526	0.055282444
208620	331	0.055112794
208645	406	0.07567467
208645	1389	0.07448301
208645	1193	0.074030735
208645	1592	0.07390167
208645	5792	0.073891014
208645	243	0.07344773
208645	645	0.07319844
208645	3909	0.07319839
208645	3705	0.07304332
208645	420	0.0728627
208668	4161	0.06645153
208668	1851	0.06632145
208668	2028	0.0662583
208668	144	0.06623459
208668	2070	0.06588967
208668	3659	0.06586784
208668	451	0.065866366
208668	3616	0.06560655
208668	2337	0.06560543
208668	3194	0.06555955
208671	365	0.070099406
208671	4560	0.069444366
208671	2267	0.0690943
208671	968	0.06877421
208671	5288	0.06871185
208671	456	0.06864509
208671	3532	0.06817277
208671	5795	0.06800334
208671	3812	0.06790181
208671	526	0.067887574
208683	4919	0.048937175
208683	541	0.04873676
208683	1458	0.048736744
208683	168	0.04873673
208683	6544	0.04873672
208683	6918	0.048720345
208683	3194	0.04869172
208683	4212	0.048639536
208683	2333	0.04860907
208683	159	0.048609026
208700	2912	0.03911426
208700	98	0.03880925
208700	2919	0.03876157
208700	978	0.038704436
208700	4401	0.038534906
208700	410	0.038501523
208700	4867	0.03831209
208700	2918	0.038310394
208700	930	0.03821619
208700	465	0.038216144
208788	6028	0.048491187
208788	911	0.04849117
208788	484	0.048491143
208788	3444	0.04849111
208788	4700	0.048274223
208788	6434	0.048274208
208788	1203	0.048090085
208788	5590	0.047973353
208788	4865	0.047866166
208788	5351	0.04775641
208815	2387	0.06217985
208815	1713	0.06205062
208815	1574	0.061570458
208815	448	0.061535284
208815	6111	0.06137665
208815	710	0.06126056
208815	1817	0.0610552
208815	133	0.061055154
208815	1436	0.06044153
208815	4710	0.060419504
208829	5567	0.05672454
208829	5936	0.056659646
208829	552	0.05665963
208829	2469	0.056151755
208829	457	0.056148402
208829	4450	0.055968653
208829	235	0.055825982
208829	4120	0.055607453
208829	4227	0.055546157
208829	240	0.055456508
208877	4302	0.052716978
208877	4844	0.052716978
208877	4846	0.052573014
208877	381	0.05243206
208877	6079	0.05242848
208877	2336	0.052310046
208877	4034	0.052284494
208877	1593	0.05228448
208877	4703	0.05228447
208877	3354	0.05216945
208897	3863	0.054872777
208897	253	0.05487274
208897	3502	0.05487273
208897	3551	0.054872714
208897	601	0.05487269
208897	4022	0.054872688
208897	5938	0.054872684
208897	686	0.05487267
208897	3816	0.05487267
208897	729	0.054872666
208907	4483	0.05971611
208907	3421	0.059716098
208907	5927	0.05971607
208907	4924	0.059716057
208907	6839	0.05971603
208907	3517	0.059277795
208907	2915	0.05927776
208907	5222	0.05927775
208907	3457	0.05927772
208907	2206	0.059210226
208936	3147	0.032039955
208936	1909	0.03203994
208936	3054	0.03203994
208936	2529	0.032039937
208936	6429	0.032003917
208936	5913	0.031995878
208936	6589	0.03175032
208936	336	0.031667084
208936	4653	0.03156925
208936	3035	0.03144681
208960	406	0.07579077
208960	1389	0.07552624
208960	420	0.074824944
208960	1193	0.07453701
208960	614	0.07388659
208960	3705	0.07381931
208960	2620	0.073561534
208960	247	0.07339893
208960	5792	0.07309216
208960	2093	0.07303291
209059	2158	0.0416355
209059	720	0.041480813
209059	776	0.04110665
209059	3973	0.04095461
209059	3417	0.040741973
209059	1242	0.040595554
209059	981	0.040569376
209059	3570	0.04041589
209059	2516	0.040395476
209059	2858	0.040117424
209147	6486	0.037242677
209147	2057	0.037166722
209147	600	0.037066087
209147	627	0.037007406
209147	4842	0.03681225
209147	941	0.036724508
209147	397	0.036672838
209147	6709	0.03663227
209147	3426	0.03663226
209147	5730	0.036530927
209156	1523	0.05734858
209156	319	0.057348564
209156	2189	0.05734855
209156	3999	0.057302535
209156	421	0.057302512
209156	695	0.05730246
209156	4625	0.05716006
209156	6540	0.057026222
209156	6299	0.05702617
209156	3439	0.056887027
209160	3587	0.04300703
209160	4279	0.043007
209160	1369	0.042998865
209160	643	0.042998843
209160	3044	0.042855583
209160	5730	0.04283374
209160	2013	0.042803656
209160	788	0.042735614
209160	1548	0.04272742
209160	1156	0.042677343
209163	6649	0.021517128
209163	799	0.021514853
209163	1920	0.021492768
209163	198	0.02136977
209163	1823	0.021361824
209163	3130	0.02135997
209163	1525	0.021317713
209163	4339	0.021289833
209163	4432	0.021286095
209163	3213	0.021286067
209174	581	0.064644426
209174	3943	0.06450133
209174	1817	0.06401402
209174	133	0.06401397
209174	3581	0.0640068
209174	2456	0.06378734
209174	1781	0.063714154
209174	3104	0.06368978
209174	85	0.06361172
209174	2317	0.06347882
209229	2050	0.043068904
209229	2204	0.04299388
209229	1410	0.042943165
209229	6133	0.04274205
209229	1632	0.042741988
209229	913	0.042738833
209229	1783	0.042715658
209229	6061	0.042687062
209229	1251	0.042683028
209229	4271	0.042666964
209238	554	0.047739718
209238	2143	0.047739707
209238	2833	0.047739677
209238	4953	0.047642842
209238	5213	0.0475174
209238	4743	0.047517337
209238	1314	0.047465764
209238	4038	0.047462452
209238	3740	0.047460612
209238	1381	0.047454834
209265	2501	0.048752565
209265	2297	0.04865876
209265	1478	0.048658717
209265	5941	0.048658717
209265	3829	0.048658714
209265	5311	0.048658714
209265	2853	0.04863524
209265	2256	0.048531197
209265	6204	0.048490345
209265	2909	0.0483926
209373	1268	0.058539767
209373	1527	0.058502056
209373	1961	0.057870895
209373	620	0.05713509
209373	169	0.05683829
209373	2725	0.05681134
209373	158	0.05680658
209373	2950	0.056770466
209373	526	0.056760557
209373	1708	0.05658539
209458	6143	0.053455725
209458	1166	0.053147938
209458	4140	0.053147927
209458	4285	0.05314791
209458	1337	0.053147905
209458	3587	0.053122036
209458	4279	0.053122
209458	3121	0.053062893
209458	1548	0.053014595
209458	3044	0.052883804
209464	4669	0.03347972
209464	510	0.033477895
209464	4418	0.033477865
209464	386	0.033393417
209464	2438	0.033393383
209464	4506	0.033375498
209464	811	0.033375487
209464	478	0.033375442
209464	887	0.03329731
209464	4262	0.033285547
209486	5815	0.053108446
209486	2867	0.0531084
209486	487	0.052856423
209486	158	0.05271672
209486	739	0.052583754
209486	1640	0.05234892
209486	2398	0.052348893
209486	175	0.052245773
209486	3770	0.05220117
209486	2516	0.05210613
209536	4668	0.05869001
209536	2849	0.058673963
209536	1360	0.05867395
209536	1258	0.05862395
209536	3928	0.058623925
209536	1962	0.058623906
209536	3803	0.058623906
209536	42	0.058623895
209536	3209	0.05861982
209536	72	0.05861979
209563	435	0.055710286
209563	1219	0.05550193
209563	1320	0.05478053
209563	930	0.054389715
209563	465	0.054389663
209563	3142	0.05438964
209563	1601	0.05434446
209563	18	0.054315843
209563	1627	0.054032393
209563	240	0.054030947
209625	4937	0.050534226
209625	73	0.049915314
209625	5095	0.049839955
209625	621	0.049811862
209625	2470	0.049798243
209625	1031	0.04977368
209625	5249	0.049608007
209625	1241	0.048888087
209625	782	0.04884296
209625	1469	0.048817754
209631	3373	0.04999361
209631	1973	0.049993552
209631	789	0.04999355
209631	4878	0.049993537
209631	1515	0.049659118
209631	1491	0.04965911
209631	3657	0.049643915
209631	4169	0.04964391
209631	3459	0.049643904
209631	2994	0.04964385
209684	5931	0.046765886
209684	4070	0.04657855
209684	6681	0.04656626
209684	6235	0.04656619
209684	5212	0.046489723
209684	1992	0.046421856
209684	1353	0.046378907
209684	6853	0.046333
209684	2619	0.046332967
209684	6399	0.04622224
209756	170	0.04735125
209756	169	0.04726221
209756	526	0.04725291
209756	202	0.047232933
209756	1961	0.046980202
209756	67	0.046825297
209756	4332	0.046633713
209756	910	0.046599742
209756	5352	0.046599314
209756	715	0.0465519
209765	860	0.039395146
209765	3044	0.039394055
209765	4708	0.039349116
209765	1156	0.03934539
209765	477	0.03923694
209765	6121	0.039179668
209765	5949	0.03896441
209765	1369	0.038949747
209765	643	0.038949717
209765	6551	0.038934305
209817	574	0.06513034
209817	6709	0.06495075
209817	3426	0.06495073
209817	3022	0.06472096
209817	941	0.064666666
209817	4998	0.06460342
209817	1983	0.064560294
209817	2923	0.06454914
209817	5662	0.06453007
209817	860	0.064466685
209833	140	0.05723483
209833	5361	0.057123847
209833	3552	0.057123818
209833	892	0.05707428
209833	997	0.056745876
209833	2870	0.056745853
209833	1229	0.05661548
209833	3659	0.05659403
209833	3156	0.056504548
209833	279	0.056497693
209875	1807	0.043962687
209875	5300	0.043952305
209875	1759	0.04335054
209875	2805	0.04330193
209875	3385	0.0432266
209875	4066	0.043174297
209875	3812	0.043066017
209875	6073	0.04288561
209875	5288	0.04287754
209875	3047	0.042828925
209974	4401	0.04316344
209974	2369	0.04305834
209974	2951	0.042784188
209974	1055	0.042728994
209974	930	0.042727277
209974	465	0.042727236
209974	3142	0.04272723
209974	1884	0.042633057
209974	1058	0.042627286
209974	460	0.042581502
209985	2503	0.06251514
209985	613	0.062306933
209985	1492	0.061917447
209985	2387	0.0618036
209985	1177	0.061761588
209985	4710	0.06166248
209985	4247	0.06149578
209985	5331	0.061468966
209985	1576	0.061454713
209985	1947	0.061346315
210035	6566	0.05471512
210035	4051	0.054599475
210035	5064	0.054599404
210035	4571	0.054479394
210035	1101	0.054467842
210035	3238	0.054227043
210035	6265	0.0542197
210035	2148	0.054202914
210035	2427	0.054194346
210035	3320	0.054186717
210077	3586	0.05272551
210077	3976	0.052109614
210077	1596	0.05209747
210077	4570	0.052046962
210077	2214	0.051708028
210077	2714	0.051462393
210077	4007	0.051343508
210077	4052	0.05119791
210077	4818	0.05114743
210077	3512	0.050976917
210097	1027	0.044901412
210097	1777	0.0449014
210097	1655	0.04490138
210097	2194	0.04490138
210097	1559	0.044901337
210097	1259	0.044688944
210097	3815	0.04468894
210097	1907	0.04468892
210097	6105	0.044688918
210097	1965	0.04468891
210168	586	0.044233024
210168	1800	0.04365512
210168	3794	0.04361064
210168	1066	0.042671643
210168	5858	0.0423268
210168	1945	0.042254403
210168	5568	0.042108312
210168	3022	0.042049557
210168	6709	0.04187949
210168	3426	0.041879464
210174	637	0.036292017
210174	628	0.036259398
210174	4227	0.036008745
210174	85	0.035958894
210174	2366	0.035905175
210174	3796	0.035902236
210174	824	0.03587258
210174	1462	0.03568176
210174	133	0.035651587
210174	1817	0.035651587
210261	6793	0.05592055
210261	4295	0.055622116
210261	3701	0.055622082
210261	3921	0.05551395
210261	2830	0.055483345
210261	5466	0.055462517
210261	5092	0.05545779
210261	1814	0.05545777
210261	4152	0.055317998
210261	3309	0.05529464
210315	233	0.05701728
210315	2553	0.05665091
210315	546	0.05640398
210315	6300	0.05636421
210315	1670	0.056098215
210315	3306	0.05602903
210315	6075	0.0559997
210315	83	0.05596333
210315	2995	0.055917107
210315	1181	0.055883355
210317	268	0.059485078
210317	5304	0.059414215
210317	6275	0.059409514
210317	5406	0.059078217
210317	5042	0.0590782
210317	292	0.05900269
210317	5991	0.05900266
210317	409	0.058981333
210317	6104	0.058732454
210317	1808	0.05868289
210481	6333	0.041981746
210481	6096	0.041866343
210481	4258	0.041866317
210481	3569	0.04186631
210481	3814	0.041755535
210481	2887	0.041755527
210481	2371	0.04168844
210481	1927	0.041657247
210481	966	0.041657187
210481	4670	0.041577607
210485	6169	0.03976691
210485	6382	0.039427415
210485	1796	0.039075255
210485	526	0.038665786
210485	3799	0.03846596
210485	4949	0.038355462
210485	365	0.037877627
210485	1961	0.037788406
210485	6782	0.037720576
210485	5401	0.037706226
210493	1839	0.047756083
210493	5039	0.047652725
210493	1739	0.0476527
210493	4666	0.04763095
210493	4676	0.0476309
210493	3735	0.047630884
210493	3361	0.047618996
210493	5410	0.047618978
210493	3331	0.047618967
210493	2173	0.047618963
210573	2662	0.050561994
210573	3846	0.05041609
210573	1432	0.05037756
210573	2579	0.050365847
210573	4161	0.050208334
210573	268	0.050134107
210573	3534	0.05008092
210573	2467	0.050023515
210573	1670	0.04991188
210573	1813	0.04983773
210587	247	0.06244179
210587	723	0.062092364
210587	2203	0.06177386
210587	2919	0.06153941
210587	2324	0.06152567
210587	2093	0.06143067
210587	3705	0.061289594
210587	1193	0.061201178
210587	292	0.061123185
210587	5991	0.061123133
210597	3129	0.051946454
210597	6406	0.051794603
210597	1958	0.051641315
210597	1415	0.05157151
210597	438	0.0515715
210597	6491	0.051410772
210597	2302	0.05136816
210597	4187	0.051335298
210597	4588	0.05126469
210597	3105	0.05115041
210599	174	0.040650196
210599	1821	0.040650137
210599	1382	0.04065013
210599	5254	0.04062968
210599	803	0.04057125
210599	801	0.040379502
210599	1838	0.040379494
210599	90	0.04034634
210599	5968	0.04034634
210599	1858	0.040311243
210627	4483	0.045828957
210627	3421	0.04582894
210627	5927	0.04582891
210627	4924	0.045828898
210627	6839	0.045828886
210627	4071	0.045827385
210627	861	0.04582738
210627	3283	0.045827374
210627	6016	0.045484662
210627	5245	0.045484647
210685	4432	0.0412537
210685	3213	0.041253656
210685	4882	0.041253638
210685	6865	0.041152194
210685	2950	0.040992305
210685	1370	0.040896185
210685	6548	0.04085651
210685	1447	0.040711798
210685	3691	0.040502027
210685	2210	0.040408473
210717	4340	0.03827575
210717	3965	0.03825236
210717	2121	0.03821733
210717	1318	0.03816604
210717	2972	0.038166016
210717	4213	0.038061544
210717	3673	0.038050573
210717	2653	0.03803497
210717	6835	0.037928138
210717	4674	0.037876837
210738	2463	0.052691247
210738	3186	0.052691225
210738	6539	0.052691214
210738	2767	0.052599
210738	1547	0.05259897
210738	889	0.052245084
210738	5201	0.052245073
210738	334	0.052156784
210738	4731	0.05198646
210738	6520	0.05171063
210791	613	0.05100181
210791	649	0.05066238
210791	1076	0.050431177
210791	3443	0.05025004
210791	1179	0.050100323
210791	2503	0.04981786
210791	1436	0.049780563
210791	1691	0.049763963
210791	2991	0.04945022
210791	1576	0.04935121
210822	2428	0.04801868
210822	5083	0.04801867
210822	3231	0.048018668
210822	2460	0.048018664
210822	2993	0.048018664
210822	4096	0.048018664
210822	2271	0.048018657
210822	1226	0.04801865
210822	1333	0.04801865
210822	5057	0.04801862
210874	653	0.051609367
210874	930	0.051534444
210874	3142	0.051534392
210874	2951	0.051292703
210874	1212	0.05092989
210874	5570	0.050929885
210874	2369	0.05090516
210874	1185	0.050867807
210874	2918	0.050864115
210874	592	0.05081635
210921	1289	0.051889136
210921	1286	0.051710855
210921	5570	0.051519938
210921	1212	0.051519927
210921	4205	0.051498167
210921	426	0.051498156
210921	1947	0.05140167
210921	3090	0.051301003
210921	384	0.051201686
210921	3527	0.051201686
210923	2327	0.04894258
210923	1387	0.0489425
210923	2698	0.0488069
210923	2316	0.04844845
210923	4726	0.04794984
210923	1526	0.04786556
210923	1690	0.047751453
210923	937	0.047555916
210923	152	0.04755588
210923	414	0.04755463
210959	3556	0.04636523
210959	6225	0.04619731
210959	4033	0.046186715
210959	6714	0.046186715
210959	5143	0.04618671
210959	4289	0.0461867
210959	1016	0.04618667
210959	1255	0.046057586
210959	1409	0.04603086
210959	5739	0.045915775
211041	5951	0.050749
211041	6590	0.050550587
211041	2022	0.05027503
211041	4178	0.050238706
211041	2080	0.050238643
211041	2066	0.0498666
211041	2732	0.04979252
211041	195	0.049734127
211041	662	0.049409803
211041	605	0.04935751
211098	1251	0.049097605
211098	440	0.049080677
211098	1068	0.049033277
211098	1594	0.048979044
211098	715	0.048503444
211098	169	0.04831449
211098	5762	0.048132814
211098	1709	0.04799924
211098	1961	0.04783383
211098	2725	0.04783057
211137	467	0.041689795
211137	1418	0.041662905
211137	4063	0.041546676
211137	1021	0.041357428
211137	4434	0.041352093
211137	4899	0.041233707
211137	5624	0.04120896
211137	5497	0.04120196
211137	986	0.04120194
211137	6518	0.041201916
211152	1947	0.05535122
211152	1492	0.054890573
211152	1289	0.054841597
211152	1177	0.054608826
211152	384	0.0545903
211152	3527	0.0545903
211152	1571	0.054590285
211152	1305	0.05440078
211152	4205	0.054400776
211152	426	0.054400764
211176	1070	0.0478217
211176	5662	0.047429018
211176	883	0.04722765
211176	4438	0.04722765
211176	4876	0.0472276
211176	1405	0.047227427
211176	574	0.047199003
211176	2317	0.0469829
211176	6709	0.046903014
211176	3426	0.046903
211231	1640	0.06460333
211231	2398	0.064603314
211231	708	0.06380896
211231	434	0.06380889
211231	5815	0.06354623
211231	20	0.0635462
211231	2867	0.06354618
211231	3064	0.06345018
211231	158	0.06344076
211231	504	0.06303596
211288	2063	0.05021698
211288	2545	0.05017265
211288	4432	0.05012701
211288	3213	0.050126955
211288	4882	0.050126944
211288	5340	0.050108597
211288	6865	0.049988974
211288	3177	0.04995027
211288	1743	0.04995021
211288	2950	0.049897645
211303	2620	0.05574865
211303	420	0.055391308
211303	958	0.055374153
211303	2093	0.055347294
211303	1273	0.055207945
211303	1389	0.05514564
211303	4724	0.055045396
211303	1880	0.05503423
211303	406	0.055000067
211303	2432	0.054956295
211344	1203	0.052445203
211344	572	0.052417874
211344	1105	0.052342348
211344	356	0.05223806
211344	3075	0.052145287
211344	1248	0.052062046
211344	2293	0.052021015
211344	5166	0.051938973
211344	1737	0.05193896
211344	4230	0.051938947
211351	507	0.05533173
211351	4442	0.05465931
211351	5205	0.054421805
211351	589	0.054263167
211351	2744	0.053652987
211351	5762	0.053603
211351	5230	0.05313091
211351	5618	0.053041577
211351	1709	0.052695714
211351	4245	0.052631192
211360	5838	0.045926623
211360	6209	0.045926623
211360	33	0.045840174
211360	443	0.045840148
211360	1922	0.045802675
211360	6503	0.04557925
211360	2786	0.04557921
211360	1780	0.045579202
211360	1312	0.045434415
211360	6705	0.04516859
211426	5649	0.06595957
211426	3209	0.065448955
211426	72	0.065448925
211426	1358	0.06539202
211426	5010	0.06532765
211426	473	0.06516564
211426	2290	0.06500496
211426	6795	0.064765014
211426	5218	0.06460345
211426	5496	0.06460339
211430	3943	0.070129365
211430	1212	0.06964099
211430	5570	0.06964097
211430	590	0.06881573
211430	1971	0.06779474
211430	1058	0.06773494
211430	61	0.0674617
211430	1490	0.06713773
211430	404	0.06709896
211430	157	0.06709166
211500	614	0.041693937
211500	5140	0.041526563
211500	1055	0.041459147
211500	1631	0.04121612
211500	1185	0.04117163
211500	657	0.04112839
211500	1773	0.04108902
211500	54	0.0410819
211500	1764	0.041051768
211500	1490	0.0410447
211770	3949	0.051627994
211770	460	0.051547565
211770	3114	0.05154008
211770	1027	0.051163573
211770	2407	0.051163565
211770	1777	0.051163554
211770	2194	0.051163528
211770	1655	0.05116352
211770	1559	0.051163472
211770	1033	0.05111442
211919	500	0.040184923
211919	1462	0.040039152
211919	85	0.0400263
211919	3104	0.03973421
211919	1781	0.039652895
211919	4227	0.03964996
211919	1817	0.039562646
211919	133	0.039562635
211919	1284	0.039478295
211919	628	0.039166242
211937	5195	0.048653558
211937	1543	0.04865352
211937	4668	0.048430197
211937	5094	0.04809945
211937	6795	0.04807125
211937	3209	0.047847874
211937	72	0.047847852
211937	6061	0.047693126
211937	1258	0.047662947
211937	3928	0.047662925
211944	2333	0.063189425
211944	159	0.06318939
211944	3194	0.06296533
211944	3906	0.06273292
211944	5765	0.062484797
211944	147	0.062473837
211944	4513	0.062473785
211944	541	0.062467072
211944	6544	0.062467046
211944	1458	0.06246704
211961	3799	0.048270304
211961	1320	0.04821296
211961	744	0.047885716
211961	6736	0.04788565
211961	240	0.047368445
211961	5401	0.04709723
211961	3380	0.04702912
211961	1219	0.046853803
211961	4286	0.04670182
211961	3438	0.046573002
212088	3581	0.052045852
212088	1260	0.051698726
212088	5601	0.0516987
212088	2317	0.051566325
212088	1781	0.05135888
212088	183	0.051194876
212088	537	0.051066443
212088	1817	0.051024567
212088	133	0.051024538
212088	3104	0.050952327
212109	3368	0.046112284
212109	2884	0.04603012
212109	951	0.04584269
212109	1890	0.045705035
212109	193	0.04560568
212109	307	0.045558736
212109	2318	0.045558725
212109	5576	0.045433443
212109	1818	0.045433424
212109	3539	0.04543342
212130	167	0.060386308
212130	2335	0.060190536
212130	2894	0.060155578
212130	2972	0.060070165
212130	1318	0.060070157
212130	2079	0.060027175
212130	3259	0.060027175
212130	5679	0.059941154
212130	2848	0.059853423
212130	4213	0.05978202
212142	2983	0.05000407
212142	3380	0.049746364
212142	2015	0.049718842
212142	4747	0.049681745
212142	4286	0.049679514
212142	824	0.049571715
212142	2006	0.049560577
212142	1428	0.049527977
212142	4858	0.04951506
212142	458	0.04945951
212252	1273	0.057700578
212252	1169	0.057477437
212252	4162	0.057088815
212252	1304	0.056997634
212252	5389	0.056837466
212252	716	0.0568076
212252	676	0.056807596
212252	4724	0.056766696
212252	2004	0.05672404
212252	5973	0.056346264
212260	397	0.064533204
212260	1428	0.06363578
212260	1355	0.06324391
212260	941	0.062681645
212260	628	0.0626217
212260	6709	0.06258388
212260	3426	0.062583864
212260	5730	0.06250109
212260	5662	0.062215943
212260	804	0.062173612
212328	4476	0.045827165
212328	1079	0.0457293
212328	3094	0.04571241
212328	111	0.04570786
212328	4254	0.045706965
212328	6164	0.045660906
212328	2561	0.04565653
212328	6571	0.045590363
212328	4278	0.045579776
212328	1017	0.04552928
212385	3434	0.039272316
212385	3432	0.039247125
212385	4487	0.03911256
212385	6785	0.039110545
212385	4551	0.03906952
212385	1097	0.03906198
212385	5120	0.039006278
212385	1343	0.038875066
212385	3322	0.038874373
212385	709	0.038867123
212411	2139	0.04428877
212411	1388	0.04398501
212411	5944	0.04384748
212411	3293	0.043814532
212411	5179	0.043807197
212411	4990	0.043796524
212411	1557	0.04379438
212411	3842	0.043776695
212411	3737	0.043696787
212411	2035	0.043558404
212427	611	0.058718786
212427	1626	0.05871705
212427	1268	0.058551688
212427	459	0.05841559
212427	202	0.058021493
212427	3056	0.057976015
212427	5352	0.05789265
212427	997	0.057868645
212427	2870	0.057868637
212427	1444	0.057811998
212439	6424	0.049059473
212439	893	0.04886458
212439	180	0.04877068
212439	5614	0.04873959
212439	5210	0.048614174
212439	4947	0.048609447
212439	2678	0.04840803
212439	3247	0.048178017
212439	505	0.04798499
212439	1614	0.04796602
212467	2045	0.059737936
212467	122	0.0594832
212467	1688	0.058391772
212467	2251	0.05816154
212467	2243	0.057940282
212467	3836	0.057917066
212467	2046	0.057699524
212467	3195	0.057533044
212467	5335	0.057438366
212467	728	0.057415202
212568	4115	0.037125565
212568	1629	0.03712555
212568	1344	0.037081793
212568	5955	0.037068125
212568	5253	0.03702964
212568	6662	0.036927763
212568	4975	0.036920913
212568	3772	0.03692018
212568	5847	0.036876436
212568	4399	0.036876425
212628	842	0.030973744
212628	3172	0.030917928
212628	4939	0.030845277
212628	4535	0.030837364
212628	4025	0.030837357
212628	2160	0.03083735
212628	6908	0.030806456
212628	1275	0.030806452
212628	4641	0.030757967
212628	3607	0.03073629
212631	406	0.046416372
212631	1389	0.04601299
212631	1055	0.04586346
212631	614	0.045659095
212631	420	0.04561892
212631	5792	0.04557563
212631	2369	0.045258656
212631	1490	0.045220368
212631	645	0.04519347
212631	3909	0.045193434
212697	6237	0.039851993
212697	5982	0.039851956
212697	1124	0.039790463
212697	2130	0.03976524
212697	3912	0.039730813
212697	3871	0.0397004
212697	5524	0.039669298
212697	1157	0.03954042
212697	3662	0.03931931
212697	4579	0.039312996
212719	514	0.04355828
212719	5210	0.04333938
212719	1714	0.042881336
212719	1569	0.042610936
212719	3882	0.042610936
212719	955	0.04259415
212719	4113	0.042490907
212719	761	0.042437263
212719	1043	0.04242455
212719	5842	0.04236255
212797	3977	0.053424392
212797	2158	0.053415347
212797	776	0.053356446
212797	720	0.053306974
212797	1471	0.053137407
212797	2611	0.053051397
212797	775	0.05291704
212797	5430	0.052719392
212797	3417	0.05264531
212797	837	0.05262997
212849	1203	0.05377317
212849	4700	0.05337478
212849	6434	0.053374752
212849	433	0.05275554
212849	5351	0.052633647
212849	3922	0.05256793
212849	5489	0.052327108
212849	5558	0.052274324
212849	5562	0.0522743
212849	1535	0.052274294
212859	261	0.040424883
212859	1374	0.040424816
212859	2035	0.040323667
212859	5019	0.040173203
212859	1388	0.040129095
212859	6658	0.04005363
212859	219	0.040043145
212859	5944	0.03994961
212859	763	0.039919708
212859	318	0.039919697
212923	2543	0.06324287
212923	3207	0.063186616
212923	611	0.06287323
212923	160	0.06267377
212923	1626	0.062500596
212923	2795	0.062254597
212923	432	0.06215178
212923	1444	0.061935242
212923	2961	0.061935194
212923	1261	0.061929658
213064	459	0.05614458
213064	5250	0.0558392
213064	188	0.05579696
213064	1061	0.055460446
213064	6074	0.055262547
213064	1268	0.055234313
213064	347	0.055101156
213064	5352	0.055082258
213064	2545	0.055017587
213064	102	0.05489569
213066	5288	0.033864897
213066	4560	0.033734206
213066	973	0.033695176
213066	456	0.033643574
213066	5517	0.03352148
213066	4307	0.033440217
213066	3385	0.033167556
213066	1961	0.03316371
213066	526	0.033092692
213066	620	0.032973073
213119	3594	0.054631695
213119	4708	0.054284386
213119	632	0.054191183
213119	4589	0.05416172
213119	860	0.0540696
213119	477	0.054044552
213119	1407	0.053855956
213119	2845	0.053825002
213119	1246	0.053614616
213119	4138	0.053401716
213126	2373	0.052098446
213126	1203	0.052008033
213126	5351	0.05175989
213126	6691	0.05163406
213126	5365	0.05163405
213126	241	0.051520426
213126	2378	0.05145009
213126	4700	0.05140124
213126	6434	0.05140122
213126	1351	0.05136832
213150	4928	0.051633596
213150	2484	0.05153113
213150	5368	0.051477868
213150	1041	0.05105683
213150	1850	0.05100116
213150	4080	0.05078493
213150	2487	0.050175935
213150	4454	0.050039552
213150	2723	0.04991981
213150	4076	0.04991981
213191	3010	0.050950952
213191	4437	0.050922282
213191	6586	0.050763898
213191	4284	0.050440773
213191	4096	0.050296426
213191	3231	0.050296407
213191	1226	0.050296403
213191	2271	0.050296403
213191	2428	0.050296403
213191	5083	0.050296396
213197	2050	0.047206417
213197	6061	0.047147017
213197	1105	0.046890806
213197	6133	0.046439722
213197	1632	0.046439648
213197	3601	0.046261486
213197	1160	0.046261482
213197	4392	0.046261456
213197	4992	0.046261445
213197	6329	0.046261445
213255	2456	0.06611716
213255	1167	0.06568473
213255	3943	0.065169156
213255	1902	0.065121576
213255	3794	0.0650635
213255	1800	0.06492782
213255	1971	0.06487371
213255	4955	0.064454585
213255	691	0.064441904
213255	1284	0.06424129
213312	4779	0.03965898
213312	1108	0.039658964
213312	1130	0.039658926
213312	5850	0.039614387
213312	1509	0.039589807
213312	6064	0.03948556
213312	6282	0.039484065
213312	3493	0.039459612
213312	5852	0.039450087
213312	6547	0.03938088
213316	1817	0.06530301
213316	133	0.06530298
213316	1781	0.064931795
213316	6111	0.0649216
213316	85	0.064585015
213316	3796	0.064502224
213316	448	0.06427057
213316	710	0.06413031
213316	4710	0.06395828
213316	3581	0.06379709
213369	1061	0.05719348
213369	6074	0.05671697
213369	605	0.056557007
213369	17	0.056288213
213369	1072	0.056220695
213369	3643	0.05612974
213369	1838	0.056029126
213369	801	0.056029104
213369	195	0.05599615
213369	974	0.055945367
213410	910	0.05354911
213410	4332	0.053503565
213410	169	0.05348608
213410	1961	0.05345115
213410	170	0.05337533
213410	202	0.05333952
213410	526	0.053280137
213410	1586	0.05288451
213410	5352	0.05278217
213410	2950	0.052629378
213523	6558	0.058216207
213523	3660	0.058202453
213523	422	0.058193207
213523	2276	0.058162946
213523	256	0.0581598
213523	2695	0.058159746
213523	6233	0.0581492
213523	5215	0.058139894
213523	5745	0.05813984
213523	4148	0.058035515
213531	3617	0.052489705
213531	2483	0.052489683
213531	2722	0.05248966
213531	2818	0.052489653
213531	4009	0.052479435
213531	4637	0.05247941
213531	760	0.05247938
213531	5680	0.052463543
213531	6659	0.052441865
213531	4311	0.05242599
213625	347	0.039260805
213625	4726	0.039199106
213625	2316	0.03914982
213625	1526	0.03912224
213625	84	0.038968146
213625	330	0.038968094
213625	2698	0.03885679
213625	188	0.038833074
213625	459	0.03874259
213625	414	0.03873072
213628	5430	0.05841045
213628	3586	0.058229163
213628	2714	0.05795297
213628	3868	0.057806626
213628	2611	0.05768595
213628	1471	0.057548475
213628	874	0.05710574
213628	775	0.057028912
213628	564	0.056962706
213628	865	0.056951102
213638	2317	0.060939223
213638	537	0.060475532
213638	183	0.060326926
213638	1070	0.060016315
213638	341	0.059937056
213638	1260	0.059937023
213638	5601	0.059936985
213638	339	0.05986315
213638	5662	0.059660688
213638	1600	0.059617374
213641	2203	0.06666216
213641	1193	0.06653866
213641	2093	0.06594984
213641	6130	0.06580627
213641	4183	0.065794
213641	1880	0.06561178
213641	406	0.065379456
213641	6574	0.065292224
213641	884	0.06514396
213641	4496	0.0651317
213664	347	0.05388712
213664	3883	0.053776402
213664	2837	0.05366358
213664	735	0.053503685
213664	4726	0.05331461
213664	2552	0.0531092
213664	188	0.053036965
213664	2316	0.052757137
213664	5842	0.05253689
213664	612	0.05223542
213708	1816	0.0771071
213708	5617	0.07710705
213708	4356	0.07697115
213708	6320	0.076801986
213708	1499	0.076623164
213708	490	0.076362185
213708	5016	0.07633665
213708	2555	0.07626353
213708	213	0.07626347
213708	203	0.07621437
213760	606	0.060783386
213760	879	0.059876323
213760	504	0.059541546
213760	581	0.05928547
213760	2823	0.05913941
213760	708	0.058936372
213760	434	0.058936313
213760	1261	0.058854498
213760	3064	0.058537707
213760	1076	0.058440916
213839	6863	0.049084503
213839	6247	0.049084477
213839	1441	0.04886494
213839	4155	0.048864916
213839	5848	0.048864912
213839	2790	0.0488649
213839	3862	0.048864894
213839	4176	0.04886486
213839	4903	0.04879584
213839	266	0.048795827
213851	4596	0.05152413
213851	4622	0.05152411
213851	4343	0.051524077
213851	5571	0.051524058
213851	2027	0.051379338
213851	578	0.051379327
213851	1840	0.051377647
213851	3571	0.051377594
213851	4333	0.051373586
213851	3318	0.051371038
213972	1758	0.049290065
213972	155	0.049010217
213972	4525	0.04898302
213972	294	0.048942924
213972	1624	0.04882109
213972	1298	0.048821073
213972	3257	0.048821073
213972	936	0.048821066
213972	2310	0.048821047
213972	3711	0.048821047
214042	3874	0.02921258
214042	1344	0.029209211
214042	3641	0.029169455
214042	5847	0.029138349
214042	4399	0.029138343
214042	2350	0.029128093
214042	3750	0.029128075
214042	5291	0.029128056
214042	4975	0.029080348
214042	3356	0.029047854
214102	918	0.054373484
214102	6367	0.0540857
214102	2184	0.054019757
214102	4848	0.05377029
214102	4960	0.05376762
214102	6537	0.053701315
214102	60	0.053701304
214102	4735	0.05353354
214102	5357	0.053114407
214102	6697	0.052854624
214138	5332	0.061637618
214138	63	0.061637595
214138	5280	0.061596535
214138	2573	0.061594058
214138	5285	0.06159404
214138	3220	0.061594013
214138	1316	0.06159401
214138	3264	0.06158714
214138	1625	0.061587133
214138	3858	0.061574813
214212	982	0.037003815
214212	1861	0.036979645
214212	2344	0.03696557
214212	3767	0.036761157
214212	5120	0.036722295
214212	6637	0.03670546
214212	1536	0.036697045
214212	3548	0.03667091
214212	6648	0.03666728
214212	1608	0.03665705
214244	6671	0.041595608
214244	4047	0.041595604
214244	199	0.041407526
214244	690	0.041407518
214244	4842	0.04133573
214244	6818	0.04131538
214244	615	0.04110679
214244	5672	0.041106787
214244	2917	0.04086233
214244	2796	0.040828317
214272	4160	0.04247722
214272	1158	0.04237949
214272	2115	0.04229609
214272	2215	0.042021483
214272	3315	0.041928355
214272	2955	0.04153917
214272	5674	0.0415364
214272	4570	0.04148543
214272	1248	0.04134088
214272	572	0.041245442
214315	1465	0.040499512
214315	2860	0.040499486
214315	4626	0.040499482
214315	842	0.040304936
214315	2862	0.04028131
214315	921	0.040270742
214315	4561	0.04027074
214315	782	0.04009637
214315	1275	0.040080454
214315	6908	0.040080443
214348	5187	0.042235482
214348	5336	0.042235464
214348	6810	0.042182818
214348	5769	0.04215552
214348	6198	0.04210341
214348	4808	0.042089723
214348	5999	0.0420686
214348	3648	0.042035654
214348	5251	0.041951533
214348	5012	0.04185102
214436	4345	0.03832762
214436	6582	0.03832762
214436	4652	0.038327616
214436	1002	0.038327597
214436	4224	0.03827245
214436	1863	0.03827244
214436	5605	0.03816573
214436	360	0.038165715
214436	4515	0.03816568
214436	4277	0.03812418
214686	4132	0.053894777
214686	320	0.053400896
214686	2129	0.053015392
214686	3659	0.052900396
214686	3156	0.052826192
214686	5361	0.052433044
214686	3552	0.052433014
214686	546	0.052319862
214686	83	0.052283578
214686	1670	0.05178673
214786	7	0.055390116
214786	456	0.055197082
214786	5288	0.05507364
214786	350	0.055067368
214786	4560	0.054901503
214786	3198	0.054545954
214786	526	0.0543681
214786	3775	0.053966023
214786	620	0.05384253
214786	4307	0.053726565
214879	2823	0.07688953
214879	1630	0.075292885
214879	352	0.075289294
214879	2156	0.07481849
214879	504	0.074143946
214879	689	0.07394632
214879	1253	0.07388869
214879	1066	0.073267326
214879	5205	0.072809935
214879	6674	0.07264123
214920	563	0.03644752
214920	2998	0.03644748
214920	5939	0.036338143
214920	3902	0.036274165
214920	1477	0.036244236
214920	6500	0.036236703
214920	1481	0.036208466
214920	5109	0.036174424
214920	750	0.036174413
214920	3001	0.036109455
215006	1627	0.054138362
215006	1578	0.054097347
215006	435	0.05386602
215006	18	0.053805254
215006	3438	0.05375566
215006	1219	0.053573646
215006	1140	0.05352135
215006	1320	0.053439558
215006	744	0.053181715
215006	6736	0.053181633
215071	1816	0.06839633
215071	5617	0.06839628
215071	1499	0.06817688
215071	4356	0.06810631
215071	2555	0.06791055
215071	213	0.06791049
215071	490	0.06778242
215071	1561	0.06774062
215071	384	0.06773543
215071	3527	0.06773543
215139	1373	0.04764851
215139	579	0.047622062
215139	3952	0.047586158
215139	5946	0.047374032
215139	399	0.047374025
215139	223	0.04737401
215139	4371	0.04737401
215139	5385	0.04737401
215139	2122	0.047373995
215139	3734	0.047373988
215148	3209	0.03772951
215148	72	0.037729494
215148	6099	0.03771942
215148	4668	0.03768548
215148	821	0.037583843
215148	5094	0.037525754
215148	2821	0.037486143
215148	6061	0.037452176
215148	2806	0.037351392
215148	6133	0.03735058
215180	1076	0.04921549
215180	613	0.049164414
215180	2503	0.04883045
215180	2991	0.04867885
215180	2387	0.048650846
215180	3443	0.048559636
215180	1179	0.048551343
215180	448	0.04834205
215180	649	0.048329365
215180	2044	0.048264943
215256	5361	0.057319954
215256	3552	0.05731992
215256	1862	0.05719409
215256	140	0.05704159
215256	892	0.056789756
215256	4905	0.056778103
215256	6631	0.056287237
215256	3156	0.056279514
215256	4564	0.056241374
215256	4132	0.05610841
215278	3741	0.043337043
215278	6801	0.04310217
215278	2876	0.042909823
215278	3584	0.04289612
215278	4835	0.042771176
215278	4658	0.042765964
215278	4656	0.04274692
215278	5907	0.04274536
215278	6465	0.042654954
215278	6608	0.042523086
215359	448	0.066655084
215359	1076	0.06664446
215359	2387	0.066475496
215359	2503	0.066323176
215359	2991	0.06620638
215359	6111	0.0660061
215359	710	0.065341145
215359	1492	0.06528294
215359	613	0.06523254
215359	407	0.06514461
215388	507	0.0517008
215388	5230	0.05165744
215388	589	0.05150418
215388	5205	0.051469892
215388	1789	0.051369686
215388	5762	0.051313218
215388	440	0.051266313
215388	4442	0.05119631
215388	4245	0.05115848
215388	6004	0.051104087
215421	1055	0.056479063
215421	1490	0.056382008
215421	2369	0.056188576
215421	406	0.05610769
215421	1389	0.05584898
215421	1867	0.055807956
215421	5792	0.055721305
215421	1212	0.05562675
215421	614	0.055537947
215421	664	0.05534132
215498	2399	0.026228167
215498	5996	0.026191875
215498	5177	0.026168033
215498	5660	0.025991876
215498	1899	0.02599113
215498	3187	0.025970168
215498	1163	0.025893422
215498	1936	0.02581263
215498	5025	0.025734978
215498	2749	0.025668874
215609	6698	0.049873456
215609	6831	0.049873456
215609	4723	0.049788505
215609	5801	0.04973712
215609	3864	0.049695022
215609	5289	0.049694978
215609	2277	0.049639605
215609	2754	0.049612917
215609	5925	0.0495193
215609	3667	0.049512032
215627	951	0.061162412
215627	3368	0.060794927
215627	2884	0.060403407
215627	2432	0.060129467
215627	958	0.060091354
215627	1890	0.060086522
215627	193	0.05994094
215627	307	0.05993486
215627	2318	0.059934847
215627	5576	0.05978594
215693	6609	0.046476513
215693	86	0.04647651
215693	6278	0.046433307
215693	179	0.046358634
215693	3665	0.046358615
215693	5975	0.046358604
215693	2712	0.04631509
215693	764	0.046315037
215693	27	0.04631502
215693	3475	0.04631038
215709	5337	0.044680677
215709	5026	0.04446575
215709	437	0.044442885
215709	4936	0.044429965
215709	5223	0.04419788
215709	3498	0.04419736
215709	1311	0.044192202
215709	2959	0.044192187
215709	5017	0.044152215
215709	4772	0.04399418
215753	1817	0.08054076
215753	133	0.08054073
215753	6111	0.08052954
215753	85	0.080444545
215753	693	0.079927504
215753	1781	0.07967835
215753	4227	0.079622634
215753	5404	0.07958879
215753	2469	0.07949267
215753	448	0.0792467
215829	3578	0.07515045
215829	2393	0.07495907
215829	5561	0.074846365
215829	2458	0.074648276
215829	2328	0.074596
215829	3462	0.07459595
215829	610	0.074386686
215829	3730	0.07426817
215829	4497	0.074195765
215829	3119	0.07417358
215942	5399	0.03449645
215942	1892	0.034471385
215942	4292	0.034359246
215942	2608	0.034330845
215942	1198	0.03433083
215942	3451	0.03425844
215942	4545	0.033995442
215942	57	0.033989936
215942	101	0.0339581
215942	2195	0.033912208
215986	6709	0.05417852
215986	3426	0.054178506
215986	574	0.053863864
215986	3022	0.05349877
215986	5662	0.053158782
215986	883	0.053157125
215986	4438	0.05315712
215986	4876	0.053157046
215986	941	0.05288811
215986	600	0.052775506
215988	1490	0.081626505
215988	1389	0.080400795
215988	406	0.079795435
215988	1867	0.07948078
215988	420	0.07897276
215988	550	0.07854508
215988	410	0.07852323
215988	664	0.078375295
215988	2625	0.07831693
215988	3705	0.07824833
216027	6157	0.045830227
216027	3827	0.045557447
216027	2895	0.045248788
216027	368	0.044971146
216027	5663	0.044814758
216027	4282	0.044749904
216027	374	0.044695992
216027	2054	0.044628017
216027	6514	0.044627946
216027	5472	0.044620708
216057	4715	0.061010405
216057	5593	0.060948543
216057	3367	0.060762748
216057	4205	0.06075915
216057	1305	0.060759142
216057	426	0.060759127
216057	384	0.060573377
216057	3527	0.060573377
216057	1571	0.060573347
216057	3090	0.060511485
216099	3799	0.05592948
216099	4286	0.05583319
216099	3380	0.055775166
216099	397	0.055121858
216099	458	0.055018686
216099	1462	0.054658186
216099	600	0.05463028
216099	3104	0.05462368
216099	1428	0.054591596
216099	457	0.05421438
216100	6574	0.047185898
216100	1426	0.04706285
216100	4583	0.04706283
216100	3053	0.047009528
216100	5259	0.046910744
216100	1776	0.046738334
216100	2636	0.046558306
216100	4793	0.046544503
216100	5835	0.04653468
216100	6096	0.046490837
216151	5567	0.030156553
216151	4120	0.029955272
216151	235	0.029941823
216151	1237	0.029903233
216151	3631	0.029871244
216151	3373	0.02979892
216151	789	0.029798886
216151	1973	0.029798875
216151	4878	0.029798875
216151	1746	0.029709015
216260	541	0.048183184
216260	1458	0.04818318
216260	168	0.048183165
216260	6544	0.048183158
216260	4919	0.048172407
216260	1639	0.04763873
216260	4034	0.04753192
216260	4703	0.047531914
216260	1593	0.04753191
216260	1667	0.047529295
216386	3027	0.046384223
216386	5623	0.0463842
216386	4787	0.046306722
216386	3610	0.046273626
216386	6879	0.04616624
216386	5917	0.04610321
216386	1414	0.0461032
216386	6302	0.0461032
216386	5963	0.046088737
216386	1148	0.046061058
216435	4257	0.053740863
216435	3714	0.05369893
216435	1253	0.053181447
216435	1490	0.053173296
216435	1389	0.052949283
216435	4235	0.052895457
216435	420	0.052869227
216435	1224	0.052804705
216435	6650	0.052724607
216435	61	0.052717343
216444	696	0.055615492
216444	2319	0.05554734
216444	3811	0.055436373
216444	5467	0.0554363
216444	1086	0.05538834
216444	1347	0.055388317
216444	6404	0.055388317
216444	1980	0.055388287
216444	4770	0.055388205
216444	5794	0.05527735
216466	5352	0.07167898
216466	202	0.07119604
216466	3681	0.070902735
216466	1626	0.07083339
216466	910	0.07054294
216466	611	0.070441335
216466	540	0.07000368
216466	1586	0.0699508
216466	170	0.069908544
216466	127	0.06990129
216495	3472	0.04252688
216495	3549	0.042430896
216495	5063	0.042382956
216495	265	0.042355157
216495	1883	0.042355157
216495	3692	0.042345967
216495	5553	0.042259205
216495	687	0.042250022
216495	1730	0.04217783
216495	5885	0.04212666
216501	259	0.052543048
216501	2732	0.052519977
216501	1091	0.052441325
216501	5039	0.0524019
216501	1739	0.052401863
216501	1839	0.05238483
216501	4178	0.052380543
216501	2080	0.05238048
216501	2332	0.052262455
216501	5332	0.05223936
216557	5849	0.038159445
216557	5628	0.03815941
216557	3969	0.0381594
216557	3109	0.038129896
216557	2974	0.038034968
216557	1427	0.03803491
216557	1110	0.0380349
216557	1785	0.03801787
216557	4827	0.03798838
216557	593	0.037988365
216602	1750	0.05694566
216602	1411	0.056858376
216602	2119	0.05675827
216602	286	0.056651812
216602	1713	0.05663895
216602	501	0.056478128
216602	1510	0.056392685
216602	4180	0.056392647
216602	1698	0.05637052
216602	2176	0.056100197
216670	692	0.07116084
216670	4245	0.06816454
216670	15	0.06809494
216670	999	0.06803657
216670	432	0.06708942
216670	329	0.06697486
216670	619	0.06697485
216670	4919	0.066889465
216670	3207	0.06682406
216670	1851	0.066555455
216724	2261	0.034947388
216724	4321	0.034648806
216724	2797	0.03452922
216724	5865	0.03452921
216724	3757	0.034469135
216724	6686	0.034439936
216724	5636	0.034392715
216724	4681	0.0343495
216724	6836	0.034270734
216724	5805	0.03425577
216781	1616	0.0630057
216781	683	0.06289074
216781	636	0.06285432
216781	2360	0.062854305
216781	2920	0.062854305
216781	3440	0.0628543
216781	5833	0.06275208
216781	2315	0.062681265
216781	415	0.062336534
216781	1942	0.06232056
216829	3943	0.06693232
216829	1971	0.06578483
216829	1167	0.06548409
216829	500	0.06544062
216829	1902	0.065416425
216829	1284	0.06519485
216829	1550	0.06505794
216829	691	0.06502393
216829	1800	0.06499855
216829	85	0.06493665
216877	1291	0.05675587
216877	930	0.056603678
216877	3142	0.056603618
216877	1058	0.056569796
216877	2918	0.056500908
216877	978	0.056410275
216877	665	0.056395058
216877	4026	0.05599348
216877	192	0.055956885
216877	653	0.055908717
216882	4419	0.045075048
216882	4376	0.044950224
216882	3524	0.044942357
216882	6290	0.044908285
216882	374	0.04485086
216882	633	0.04481465
216882	1245	0.04471471
216882	698	0.04465576
216882	3020	0.044641297
216882	6407	0.044466656
216955	6262	0.04389047
216955	5695	0.043890446
216955	4693	0.04389041
216955	6161	0.043657262
216955	1034	0.04365723
216955	3959	0.04365723
216955	3041	0.043657217
216955	3040	0.043657195
216955	1394	0.04365719
216955	555	0.043657184
216962	2732	0.057377946
216962	4178	0.05718633
216962	2080	0.05718627
216962	6590	0.057068955
216962	147	0.056664113
216962	4513	0.056664065
216962	892	0.056511555
216962	259	0.05645406
216962	6250	0.05630494
216962	5332	0.05624538
217012	3946	0.0643969
217012	834	0.06439689
217012	3083	0.06431167
217012	1258	0.06415501
217012	3928	0.06415499
217012	1962	0.06415497
217012	42	0.06415495
217012	3803	0.06415495
217012	5195	0.063819095
217012	1543	0.06381902
217056	4870	0.048699483
217056	1601	0.04811705
217056	5023	0.048071858
217056	214	0.04769094
217056	3583	0.047568798
217056	933	0.04746019
217056	6782	0.047396224
217056	4949	0.047374457
217056	6493	0.047363445
217056	235	0.047319937
217106	904	0.047985166
217106	6547	0.047963828
217106	5852	0.047856793
217106	1509	0.047786597
217106	4779	0.047679514
217106	1108	0.0476795
217106	1130	0.047679454
217106	2547	0.047630884
217106	5870	0.047471777
217106	6223	0.0474225
217107	5065	0.044506617
217107	5600	0.04443536
217107	226	0.044355914
217107	251	0.044355888
217107	1618	0.044355854
217107	4310	0.044354904
217107	6888	0.04431306
217107	4266	0.04431303
217107	2730	0.04427225
217107	2962	0.044241812
217121	1203	0.0669204
217121	4700	0.06668612
217121	6434	0.0666861
217121	6815	0.06658642
217121	3922	0.06648977
217121	5489	0.06639019
217121	3799	0.06598027
217121	2133	0.06589146
217121	5558	0.06584863
217121	1535	0.06584859
217270	3967	0.051243123
217270	3318	0.05124311
217270	377	0.051243097
217270	379	0.051243052
217270	532	0.051176578
217270	578	0.05116064
217270	2027	0.05116064
217270	6280	0.051094197
217270	3063	0.051094167
217270	3760	0.051067907
217318	6205	0.054536726
217318	1905	0.05453672
217318	5597	0.05453672
217318	4241	0.054536685
217318	6319	0.054536685
217318	422	0.054390226
217318	6701	0.0543902
217318	2709	0.0543761
217318	6863	0.054222442
217318	6247	0.054222427
217375	34	0.06060713
217375	577	0.060462102
217375	4696	0.06046208
217375	1249	0.060291544
217375	3534	0.060263064
217375	5835	0.059928726
217375	2579	0.059887547
217375	59	0.059769146
217375	544	0.05962833
217375	1665	0.05956558
217444	3281	0.050738644
217444	3046	0.0506639
217444	4086	0.05057975
217444	4673	0.050579734
217444	1378	0.050430134
217444	4390	0.050355405
217444	5716	0.05028992
217444	3241	0.0501836
217444	1538	0.050063364
217444	3073	0.050063364
217468	504	0.07416573
217468	708	0.0735721
217468	434	0.07357204
217468	3064	0.07320148
217468	1640	0.072940215
217468	2398	0.072940215
217468	2823	0.072924286
217468	6674	0.07243094
217468	1709	0.07238983
217468	589	0.0717985
217496	6709	0.04571504
217496	3426	0.045715027
217496	3022	0.045520492
217496	1070	0.045432135
217496	1641	0.04541857
217496	574	0.04540152
217496	883	0.04511093
217496	4438	0.045110915
217496	4876	0.045110866
217496	6816	0.044942148
217512	662	0.045856524
217512	6566	0.045503546
217512	2064	0.0454707
217512	3971	0.045435004
217512	4051	0.045318455
217512	5064	0.04531842
217512	1858	0.04518792
217512	195	0.04518486
217512	895	0.045138616
217512	1525	0.045125544
217513	3797	0.065985724
217513	3062	0.06578617
217513	5792	0.06549595
217513	1592	0.065386
217513	3705	0.06520988
217513	3518	0.065087356
217513	957	0.06508695
217513	2357	0.065008245
217513	1755	0.06481053
217513	5301	0.06481052
217516	739	0.049180932
217516	102	0.0491046
217516	5815	0.049047053
217516	20	0.04904704
217516	2867	0.049047034
217516	1602	0.048890464
217516	1708	0.04872869
217516	487	0.048723932
217516	1617	0.0486247
217516	3133	0.04809662
217673	692	0.05009611
217673	999	0.049817465
217673	645	0.04972645
217673	3909	0.04972642
217673	2467	0.04869601
217673	15	0.048512056
217673	1193	0.04845669
217673	4245	0.048287343
217673	124	0.04823666
217673	3207	0.048120514
217811	3714	0.050222833
217811	1273	0.050137132
217811	4257	0.04966334
217811	2432	0.049474172
217811	1169	0.049371563
217811	2620	0.049139008
217811	951	0.049134955
217811	5389	0.0491125
217811	420	0.049077343
217811	958	0.049076542
217818	3243	0.053564575
217818	6568	0.053442813
217818	2004	0.053212307
217818	4812	0.053034376
217818	1169	0.05285597
217818	1927	0.052825738
217818	966	0.05282569
217818	6096	0.052803893
217818	4258	0.052803867
217818	3569	0.05280384
217958	5240	0.039779656
217958	771	0.03977965
217958	2305	0.039754234
217958	3859	0.039741606
217958	5924	0.039714903
217958	6131	0.039659016
217958	5509	0.039638147
217958	6296	0.039461296
217958	6497	0.039423235
217958	3023	0.03939709
217986	1220	0.05490742
217986	814	0.05485887
217986	1258	0.054798596
217986	3928	0.054798566
217986	1962	0.05479856
217986	42	0.054798543
217986	3803	0.054798536
217986	5218	0.054723516
217986	5496	0.054723457
217986	4668	0.054516487
218068	6900	0.056225646
218068	2378	0.056024753
218068	1351	0.055992927
218068	6401	0.05599288
218068	3968	0.055992864
218068	6852	0.055992857
218068	3597	0.05599285
218068	241	0.055582434
218068	6387	0.055377897
218068	5351	0.055356808
218121	3581	0.0542479
218121	341	0.05423808
218121	338	0.054238074
218121	1260	0.05423805
218121	5601	0.05423803
218121	3104	0.053923912
218121	2317	0.05348116
218121	708	0.053154863
218121	434	0.05315485
218121	1781	0.052967697
218221	803	0.054968234
218221	1858	0.05483736
218221	174	0.05465467
218221	1382	0.054654583
218221	1821	0.054654583
218221	1447	0.05456183
218221	90	0.05454161
218221	5968	0.05454159
218221	1450	0.054300528
218221	895	0.05425489
218240	4808	0.03790339
218240	2769	0.037849247
218240	5344	0.037849247
218240	5769	0.037815325
218240	1047	0.037724704
218240	5946	0.037721664
218240	399	0.037721656
218240	223	0.03772165
218240	4371	0.03772165
218240	5385	0.037721645
218241	2000	0.052540116
218241	6668	0.052540116
218241	553	0.05254011
218241	1172	0.05254009
218241	3955	0.052540053
218241	5041	0.05254005
218241	5052	0.05254004
218241	2252	0.05248558
218241	1681	0.05248557
218241	1234	0.052485555
218286	4219	0.061960176
218286	3918	0.061916668
218286	3361	0.061855927
218286	2173	0.061855905
218286	5410	0.061855905
218286	3331	0.061855897
218286	1296	0.061767425
218286	2311	0.06157914
218286	5896	0.061521612
218286	5630	0.061482318
218379	4245	0.05020805
218379	1789	0.050207
218379	5205	0.050170615
218379	2744	0.05001168
218379	1221	0.049955428
218379	5298	0.049684454
218379	4788	0.049643062
218379	5633	0.049490094
218379	5618	0.049217463
218379	4442	0.04917025
218411	1150	0.04154316
218411	3540	0.04139745
218411	4123	0.041248024
218411	5672	0.041059192
218411	615	0.041059185
218411	6671	0.040930677
218411	4047	0.04093066
218411	5566	0.040766567
218411	2461	0.0407378
218411	745	0.04070723
218514	3300	0.04991538
218514	933	0.049861886
218514	1493	0.049823616
218514	3458	0.049790934
218514	626	0.049677104
218514	5795	0.04960767
218514	968	0.049574956
218514	6493	0.049560092
218514	365	0.04943652
218514	859	0.04936932
218552	1436	0.06699193
218552	2362	0.066853344
218552	613	0.06609257
218552	501	0.06600964
218552	1713	0.06580725
218552	1266	0.06564186
218552	152	0.06559427
218552	937	0.06559427
218552	3443	0.065371364
218552	1261	0.065345354
218568	2823	0.07180175
218568	352	0.071110055
218568	1630	0.07105832
218568	504	0.070863605
218568	3581	0.07052673
218568	862	0.07046464
218568	338	0.07031491
218568	341	0.0703149
218568	1260	0.070314884
218568	5601	0.07031485
218608	5737	0.056443118
218608	1207	0.056347832
218608	1320	0.056118242
218608	6737	0.0561106
218608	6169	0.056087926
218608	98	0.056010827
218608	744	0.05571156
218608	6736	0.055711467
218608	1946	0.055619016
218608	5401	0.055374693
218615	6582	0.04631777
218615	4345	0.046317764
218615	4652	0.046317756
218615	1002	0.046317738
218615	6609	0.046274953
218615	86	0.04627495
218615	4277	0.046253517
218615	6278	0.046210706
218615	5605	0.046157345
218615	360	0.04615734
218636	407	0.07136341
218636	581	0.07110572
218636	6111	0.07100745
218636	448	0.07084649
218636	1817	0.070797026
218636	133	0.07079698
218636	85	0.0706833
218636	693	0.07066674
218636	2991	0.07060001
218636	809	0.0703188
218640	4759	0.047351304
218640	6378	0.047351297
218640	6292	0.047351263
218640	3210	0.04735126
218640	6065	0.047351256
218640	6094	0.04735125
218640	6072	0.047351226
218640	1988	0.04735122
218640	3371	0.047270864
218640	4416	0.047270864
218689	3273	0.055073973
218689	73	0.054883316
218689	4335	0.054802798
218689	19	0.05434448
218689	3280	0.054140814
218689	3973	0.05410633
218689	2710	0.054038458
218689	1242	0.054002948
218689	4768	0.053786095
218689	5786	0.05378194
218714	1764	0.03830696
218714	4458	0.03813055
218714	3433	0.03790743
218714	1631	0.037881278
218714	575	0.037863653
218714	1185	0.03730578
218714	6075	0.037204742
218714	4606	0.037080333
218714	5140	0.03706738
218714	2044	0.03705717
218721	3794	0.047964916
218721	2456	0.047528654
218721	1800	0.047486708
218721	1167	0.047427423
218721	1284	0.047316737
218721	458	0.047194395
218721	1902	0.046854764
218721	4955	0.04684733
218721	600	0.046755612
218721	1066	0.046498507
218760	1192	0.050006293
218760	3999	0.049972802
218760	421	0.049972773
218760	695	0.049972735
218760	6275	0.049947813
218760	4625	0.049861036
218760	292	0.04980851
218760	5991	0.049808487
218760	1336	0.04979304
218760	1523	0.049721718
218836	4448	0.04152656
218836	6177	0.04152655
218836	2148	0.041521065
218836	3238	0.041497692
218836	2427	0.041497324
218836	2037	0.04140563
218836	2894	0.041379295
218836	5	0.041366167
218836	1270	0.04136184
218836	5163	0.0413618
218844	3295	0.05392673
218844	4512	0.053593345
218844	291	0.053446762
218844	328	0.053446725
218844	4038	0.05342488
218844	5122	0.053272966
218844	3710	0.053215228
218844	4564	0.05312005
218844	136	0.052959967
218844	2987	0.052343205
218875	338	0.06599219
218875	341	0.06599219
218875	1260	0.06599216
218875	5601	0.06599212
218875	3581	0.06596934
218875	3104	0.06584811
218875	1781	0.06511023
218875	183	0.06442639
218875	708	0.064391136
218875	434	0.0643911
218976	5624	0.039376147
218976	4434	0.039212838
218976	4899	0.039191853
218976	2061	0.039123334
218976	3065	0.03912333
218976	128	0.03910926
218976	527	0.03910926
218976	5258	0.039037447
218976	5581	0.038865853
218976	4063	0.03885928
219008	2575	0.04561329
219008	5108	0.045478635
219008	3423	0.04539839
219008	4796	0.045325205
219008	6130	0.045265693
219008	3299	0.045132644
219008	1682	0.04510881
219008	2743	0.045108777
219008	1511	0.04510877
219008	28	0.04510876
219035	978	0.039409194
219035	98	0.03877843
219035	862	0.038641416
219035	930	0.038488388
219035	465	0.038488343
219035	3142	0.038488343
219035	6259	0.038485155
219035	227	0.038448326
219035	2912	0.03841029
219035	4026	0.038264763
219065	1176	0.06022404
219065	4968	0.06022019
219065	384	0.060048018
219065	3527	0.06004801
219065	1571	0.060047977
219065	5580	0.05990223
219065	4715	0.05972617
219065	2555	0.0595397
219065	213	0.059539642
219065	6564	0.05944844
219149	459	0.05426984
219149	414	0.0536862
219149	188	0.053643897
219149	2362	0.05348714
219149	937	0.05345147
219149	152	0.05345145
219149	1690	0.053071633
219149	1261	0.05302956
219149	3855	0.05288628
219149	347	0.052643377
219208	88	0.0614484
219208	845	0.061298035
219208	5654	0.061298013
219208	3989	0.06122875
219208	3927	0.061228737
219208	6610	0.061228726
219208	4847	0.06113297
219208	812	0.060809895
219208	2145	0.060782753
219208	6894	0.060728982
219209	6262	0.05764998
219209	5695	0.057649963
219209	6161	0.057263777
219209	1034	0.05726374
219209	3959	0.05726374
219209	3041	0.057263725
219209	3040	0.05726369
219209	1394	0.057263687
219209	555	0.05726368
219209	1787	0.05726366
219278	3943	0.06462854
219278	1550	0.0640658
219278	1212	0.0637752
219278	5570	0.06377519
219278	2456	0.06351673
219278	1971	0.0630475
219278	1167	0.0617792
219278	691	0.061717443
219278	1902	0.061591458
219278	1947	0.061473522
219301	2788	0.06476136
219301	4811	0.06426484
219301	2348	0.06396712
219301	1686	0.063963056
219301	544	0.06379373
219301	6151	0.063781604
219301	5022	0.06375791
219301	2579	0.063626476
219301	3534	0.06343377
219301	3182	0.063303426
219321	3799	0.034853294
219321	2411	0.034349844
219321	1306	0.034246527
219321	1796	0.034009814
219321	6385	0.033997077
219321	4029	0.033997066
219321	6169	0.033843324
219321	859	0.033686243
219321	3380	0.03345724
219321	5744	0.03344417
219353	2439	0.056739572
219353	844	0.05669618
219353	3804	0.056615047
219353	6481	0.05660219
219353	726	0.056555185
219353	5912	0.05616526
219353	1622	0.056090403
219353	5660	0.055835538
219353	60	0.05567867
219353	6537	0.05567867
219387	5767	0.054954387
219387	3752	0.054919183
219387	4990	0.05467598
219387	3060	0.054667667
219387	4615	0.054663982
219387	3181	0.054560795
219387	3842	0.054315597
219387	4969	0.054087628
219387	4810	0.05407027
219387	531	0.0540021
219420	4071	0.058793545
219420	861	0.058793526
219420	3283	0.058793522
219420	624	0.058573946
219420	3205	0.058468662
219420	1247	0.058395803
219420	6016	0.058395796
219420	5245	0.058395788
219420	4483	0.0583134
219420	3421	0.058313377
219530	1070	0.043996062
219530	1405	0.04383358
219530	6709	0.043220203
219530	3426	0.043220192
219530	574	0.04322002
219530	816	0.04315623
219530	883	0.04305183
219530	4438	0.043051824
219530	4876	0.043051787
219530	5662	0.04296307
219546	338	0.04901052
219546	341	0.04901051
219546	1260	0.049010508
219546	5601	0.04901047
219546	3104	0.048496604
219546	3581	0.048466116
219546	774	0.048243843
219546	2317	0.048153423
219546	183	0.047954973
219546	373	0.04783249
219593	1490	0.080140054
219593	1389	0.07977855
219593	406	0.07936786
219593	243	0.07911599
219593	614	0.07905792
219593	420	0.07822926
219593	1764	0.07811262
219593	1212	0.07805499
219593	5570	0.07805498
219593	3943	0.07763428
219597	925	0.04680177
219597	5114	0.046780802
219597	1033	0.046622016
219597	2480	0.046423085
219597	1027	0.04625526
219597	2407	0.046255253
219597	1777	0.046255246
219597	1655	0.04625522
219597	2194	0.046255212
219597	1559	0.04625518
219671	2060	0.04291945
219671	1754	0.042567115
219671	5162	0.042567026
219671	2879	0.04245916
219671	4619	0.04245398
219671	5947	0.04245396
219671	558	0.042405985
219671	875	0.042319678
219671	561	0.042300954
219671	3048	0.04206705
219683	3285	0.051177002
219683	4336	0.050889745
219683	5054	0.050784163
219683	4471	0.0504941
219683	3198	0.05048354
219683	3586	0.049799982
219683	1596	0.049580798
219683	4007	0.04919329
219683	1073	0.049013015
219683	3976	0.048830453
219921	226	0.060349733
219921	251	0.0603497
219921	1618	0.06034966
219921	253	0.060191512
219921	3863	0.060191512
219921	3502	0.060191475
219921	3551	0.06019146
219921	601	0.06019143
219921	4022	0.060191423
219921	5938	0.060191423
219924	774	0.07314335
219924	373	0.07312648
219924	341	0.07287358
219924	1260	0.072873555
219924	338	0.07287355
219924	5601	0.072873525
219924	6430	0.072402254
219924	3300	0.07209906
219924	708	0.07205957
219924	434	0.07205954
219949	192	0.04476857
219949	862	0.04475802
219949	51	0.04453651
219949	1291	0.044355303
219949	781	0.04428887
219949	2494	0.044287577
219949	581	0.04416412
219949	978	0.0441057
219949	500	0.044072345
219949	3581	0.044036645
219951	1929	0.058249842
219951	4874	0.058249813
219951	530	0.057663567
219951	335	0.0576424
219951	2045	0.057634808
219951	728	0.057400145
219951	3855	0.057377413
219951	3877	0.057189383
219951	2533	0.057075158
219951	2552	0.05705407
219955	2076	0.04202793
219955	4555	0.04202342
219955	3100	0.042023417
219955	4556	0.0420234
219955	6377	0.042023383
219955	848	0.042023376
219955	11	0.042023372
219955	5981	0.041821994
219955	854	0.04171277
219955	5090	0.041553248
219974	2190	0.039158642
219974	2010	0.03887498
219974	2336	0.03883998
219974	3093	0.03880527
219974	5696	0.038761653
219974	1662	0.03876163
219974	6417	0.038761616
219974	4678	0.038709357
219974	1836	0.03870903
219974	1064	0.038691953
220091	4308	0.04151395
220091	181	0.04151393
220091	4903	0.041503355
220091	266	0.04150334
220091	2709	0.041498788
220091	6863	0.041401915
220091	6247	0.0414019
220091	5046	0.041371386
220091	5597	0.041360836
220091	6205	0.041360833
220095	4245	0.07932761
220095	692	0.07930818
220095	1193	0.07719348
220095	5205	0.07704708
220095	4788	0.076828256
220095	406	0.07676703
220095	432	0.07666476
220095	1389	0.07646196
220095	999	0.07635048
220095	243	0.07630117
220122	5771	0.067834005
220122	645	0.06775482
220122	3909	0.06775478
220122	1592	0.067634344
220122	5184	0.06756203
220122	2467	0.067471944
220122	2324	0.066996366
220122	723	0.066946656
220122	2963	0.06672441
220122	957	0.066650726
220240	440	0.055468917
220240	715	0.055351634
220240	1251	0.05529985
220240	1709	0.054941338
220240	971	0.054938566
220240	1329	0.054929145
220240	2725	0.05461385
220240	169	0.054588813
220240	5230	0.054514654
220240	170	0.054200403
220278	4437	0.07500963
220278	95	0.07473801
220278	4096	0.074559264
220278	2271	0.07455924
220278	2428	0.07455924
220278	3231	0.07455923
220278	1226	0.07455921
220278	2460	0.07455921
220278	5083	0.07455921
220278	1333	0.07455918
220314	3447	0.044626065
220314	4084	0.044595055
220314	5739	0.04450933
220314	5347	0.044509303
220314	1385	0.044478327
220314	1255	0.04446956
220314	4033	0.044257008
220314	5143	0.044257008
220314	6714	0.044257
220314	4289	0.044256993
220399	5280	0.064175494
220399	3029	0.064041324
220399	5676	0.06390835
220399	2333	0.06384965
220399	159	0.063849606
220399	5960	0.06384301
220399	6760	0.06382656
220399	147	0.06379194
220399	4513	0.063791886
220399	5332	0.063768946
220484	887	0.06262165
220484	5403	0.062411044
220484	618	0.062361337
220484	386	0.062342335
220484	2438	0.06234227
220484	4262	0.062328063
220484	5126	0.06230224
220484	3345	0.062157393
220484	1290	0.062149137
220484	4378	0.061985128
220586	3062	0.06711894
220586	1592	0.06685497
220586	957	0.06681806
220586	5771	0.066554174
220586	5792	0.06638767
220586	1186	0.06635852
220586	1755	0.06632836
220586	5301	0.06632835
220586	292	0.0663041
220586	5991	0.06630409
220597	4323	0.051161062
220597	3418	0.051160976
220597	6914	0.05106429
220597	1419	0.05104217
220597	4756	0.051042162
220597	1421	0.051042154
220597	3822	0.051042147
220597	1049	0.051042132
220597	3572	0.05104212
220597	5292	0.05104212
220608	52	0.051111445
220608	3442	0.05111143
220608	3527	0.05108966
220608	384	0.051089652
220608	1571	0.051089622
220608	189	0.050907485
220608	1499	0.05068544
220608	3367	0.05066612
220608	1816	0.05066368
220608	5617	0.050663643
220635	158	0.05048598
220635	5815	0.050317243
220635	20	0.050317228
220635	2867	0.050317198
220635	1261	0.05017131
220635	1268	0.049904536
220635	4165	0.04978584
220635	800	0.049746737
220635	611	0.04956605
220635	1640	0.049534757
220664	40	0.06324501
220664	3532	0.06263273
220664	365	0.06260737
220664	5795	0.062355876
220664	469	0.062157143
220664	2804	0.062073775
220664	660	0.062005825
220664	968	0.061743576
220664	2513	0.061633877
220664	2964	0.061572865
220688	2317	0.06761901
220688	1070	0.06707842
220688	883	0.06653012
220688	4438	0.06653012
220688	4876	0.06653008
220688	1260	0.065996796
220688	5601	0.06599675
220688	537	0.06597777
220688	3104	0.06563991
220688	183	0.06539239
220759	59	0.04575809
220759	619	0.04572776
220759	329	0.045727752
220759	1636	0.045723602
220759	67	0.04565804
220759	34	0.04553266
220759	94	0.045526184
220759	1249	0.0455046
220759	3960	0.045445234
220759	5835	0.045347508
220867	2155	0.03802715
220867	6682	0.03802712
220867	4619	0.037992153
220867	5947	0.03799214
220867	617	0.037932374
220867	1754	0.037877467
220867	5162	0.037877385
220867	845	0.037845675
220867	5654	0.037845653
220867	3989	0.0378235
220892	1220	0.053327754
220892	1115	0.053321727
220892	814	0.053285092
220892	1643	0.053265035
220892	503	0.05313248
220892	3191	0.053131998
220892	981	0.053103015
220892	3083	0.053069748
220892	2713	0.053040244
220892	2165	0.052841753
220911	1286	0.040244963
220911	5570	0.040234834
220911	1212	0.04023483
220911	6291	0.04010643
220911	37	0.040002726
220911	653	0.039482377
220911	3342	0.03945158
220911	604	0.03938639
220911	405	0.039383963
220911	1058	0.039263044
220931	3970	0.054960106
220931	2903	0.0549601
220931	6324	0.054779004
220931	6672	0.05451922
220931	5958	0.054448545
220931	4085	0.054361828
220931	1482	0.054200098
220931	3019	0.05418875
220931	1481	0.05407598
220931	3166	0.0537036
220945	4128	0.049756907
220945	3414	0.049704906
220945	5543	0.04966057
220945	5500	0.04949184
220945	4550	0.049271468
220945	922	0.049271457
220945	6020	0.049252003
220945	5284	0.049252
220945	6846	0.04925198
220945	3073	0.04917225
221008	1854	0.047779694
221008	727	0.04769458
221008	1851	0.047694076
221008	329	0.047329426
221008	619	0.04732942
221008	77	0.047294024
221008	2337	0.04703152
221008	3207	0.04696139
221008	59	0.046807006
221008	692	0.04665962
221040	1417	0.05166684
221040	201	0.05166681
221040	1556	0.05166681
221040	1029	0.051666796
221040	3716	0.05166678
221040	5961	0.051419005
221040	4182	0.051418956
221040	4037	0.05141893
221040	3719	0.05127945
221040	3666	0.05127944
221050	693	0.06503258
221050	1817	0.064764306
221050	133	0.064764276
221050	85	0.064739555
221050	6111	0.064672545
221050	2503	0.06422216
221050	448	0.06420517
221050	1947	0.06417058
221050	4710	0.06415858
221050	809	0.06412883
221186	4666	0.0560822
221186	4676	0.056082137
221186	3735	0.056082122
221186	1839	0.05606062
221186	3180	0.056052826
221186	2578	0.056052804
221186	3967	0.05585078
221186	3318	0.05585075
221186	377	0.055850744
221186	379	0.05585069
221232	2456	0.05261459
221232	1167	0.052502345
221232	1902	0.05201787
221232	3794	0.05191861
221232	1800	0.05190295
221232	85	0.051697634
221232	4955	0.051579498
221232	500	0.05154498
221232	1284	0.0515135
221232	3943	0.05151217
221309	3083	0.06812319
221309	1102	0.0678708
221309	1118	0.06787069
221309	6116	0.06785767
221309	283	0.06782448
221309	1104	0.067576185
221309	4763	0.067532115
221309	4139	0.06748072
221309	4185	0.06738359
221309	1377	0.06731232
221327	5769	0.043141134
221327	4808	0.043067962
221327	5187	0.042958885
221327	5336	0.04295888
221327	2769	0.042924486
221327	5344	0.042924486
221327	3405	0.042858176
221327	5189	0.04284373
221327	4963	0.042815454
221327	4518	0.04281543
221368	2849	0.057131626
221368	1360	0.0571316
221368	5218	0.056947466
221368	5496	0.056947414
221368	5906	0.056943633
221368	2921	0.05694201
221368	1583	0.056702003
221368	1258	0.05656252
221368	1962	0.056562483
221368	3928	0.05656248
221445	2543	0.048419125
221445	1854	0.048263934
221445	432	0.048237517
221445	3207	0.048018903
221445	2795	0.04794321
221445	329	0.047606707
221445	619	0.04760669
221445	971	0.047556236
221445	1779	0.047535308
221445	160	0.04744064
221510	6579	0.043771155
221510	2565	0.043497667
221510	638	0.043457363
221510	167	0.04341252
221510	4198	0.04340183
221510	3806	0.043400995
221510	4320	0.043400932
221510	2756	0.043318443
221510	3288	0.04327566
221510	3694	0.04313215
221543	1261	0.06328379
221543	606	0.06251846
221543	2883	0.062186718
221543	611	0.06148726
221543	3056	0.061306186
221543	5815	0.061024178
221543	20	0.061024174
221543	2867	0.061024126
221543	1444	0.060830414
221543	2961	0.060830362
221557	2823	0.047705892
221557	3064	0.046774715
221557	504	0.046745807
221557	1630	0.046556324
221557	708	0.046497624
221557	434	0.046497587
221557	2317	0.04634454
221557	3581	0.04628726
221557	6674	0.046280466
221557	341	0.046067424
221655	1426	0.059535205
221655	4583	0.05953517
221655	2575	0.059392206
221655	1514	0.059272848
221655	2371	0.05908221
221655	6213	0.059070695
221655	5108	0.05899995
221655	5835	0.05891394
221655	549	0.05890381
221655	99	0.058874607
221672	6269	0.038123466
221672	5813	0.03812188
221672	3703	0.03804493
221672	4375	0.03792989
221672	2763	0.03791999
221672	129	0.037886657
221672	6570	0.03781362
221672	4645	0.037796136
221672	5248	0.0377366
221672	6676	0.03768052
221681	6201	0.038414888
221681	5894	0.038066998
221681	2988	0.037657723
221681	5805	0.037604067
221681	118	0.03760404
221681	1464	0.03747007
221681	5937	0.03731981
221681	3379	0.0373198
221681	4574	0.03729423
221681	3554	0.037135735
221687	5517	0.03605275
221687	2692	0.03585215
221687	703	0.035797697
221687	1272	0.035734788
221687	2813	0.035733983
221687	4549	0.035508394
221687	1270	0.035482787
221687	5163	0.035482757
221687	5786	0.035479724
221687	1380	0.03547716
221705	3353	0.053133607
221705	395	0.0530964
221705	4966	0.053081907
221705	1322	0.053074438
221705	4979	0.05306415
221705	4168	0.053044382
221705	2345	0.05304438
221705	770	0.05301758
221705	6334	0.052960407
221705	3192	0.052925423
221732	6342	0.041691847
221732	6040	0.04146493
221732	2805	0.041424952
221732	2106	0.041210394
221732	521	0.041210376
221732	5869	0.04108426
221732	4001	0.041082427
221732	1807	0.040987648
221732	3136	0.040979266
221732	3492	0.040572613
221753	6534	0.056790315
221753	2660	0.056724742
221753	4872	0.056605868
221753	787	0.05657124
221753	5056	0.05656076
221753	6483	0.05653599
221753	1976	0.056505546
221753	2482	0.056486666
221753	3025	0.056465216
221753	1717	0.05638228
221777	1064	0.05017411
221777	3286	0.05017406
221777	4212	0.050008565
221777	5696	0.050003715
221777	1662	0.050003704
221777	6417	0.050003644
221777	3093	0.049927622
221777	5423	0.049838144
221777	2010	0.049757227
221777	2070	0.049663432
221870	4108	0.053709015
221870	2992	0.05355704
221870	3337	0.053427957
221870	996	0.05301431
221870	1853	0.05293721
221870	452	0.052937135
221870	258	0.052919492
221870	2628	0.052848533
221870	2352	0.0527758
221870	4930	0.05262391
221948	4235	0.051424697
221948	1430	0.05087876
221948	1897	0.050728347
221948	934	0.05072829
221948	227	0.050646134
221948	862	0.050564274
221948	1902	0.050515477
221948	2456	0.05046565
221948	5864	0.050285496
221948	61	0.05010929
221967	1592	0.06714313
221967	5771	0.066827595
221967	645	0.06665745
221967	3909	0.0666574
221967	2413	0.06662189
221967	575	0.06639571
221967	1185	0.06639531
221967	1680	0.066374704
221967	4458	0.06634524
221967	3062	0.066300176
222034	140	0.067582406
222034	892	0.06757024
222034	5361	0.06749992
222034	3552	0.06749988
222034	1526	0.066784896
222034	4119	0.066718936
222034	1229	0.06646081
222034	1862	0.06642695
222034	3156	0.0663784
222034	997	0.06619815
222035	1636	0.058698535
222035	329	0.058623165
222035	619	0.05862316
222035	1851	0.05844779
222035	1854	0.05802717
222035	2070	0.057868473
222035	59	0.057828434
222035	77	0.057732865
222035	4161	0.057413913
222035	1064	0.057395734
222050	4860	0.05193802
222050	6082	0.051614065
222050	2256	0.051506147
222050	6920	0.05124649
222050	3390	0.051176343
222050	2528	0.051059015
222050	1534	0.05100914
222050	5943	0.05089685
222050	2265	0.05085583
222050	2076	0.05085579
222152	416	0.035570167
222152	1650	0.035496317
222152	6206	0.035330493
222152	2916	0.03533035
222152	1885	0.035221394
222152	2049	0.035095327
222152	4692	0.035073847
222152	1668	0.03501078
222152	1498	0.03490905
222152	4357	0.034834936
222204	4628	0.04508031
222204	4572	0.04498338
222204	2212	0.044471577
222204	5273	0.044471577
222204	6338	0.04447157
222204	616	0.044291876
222204	4129	0.044291876
222204	3988	0.044262804
222204	4481	0.04425783
222204	2036	0.044197917
222210	448	0.056490175
222210	6111	0.056205824
222210	2503	0.05595454
222210	710	0.055864073
222210	70	0.055738986
222210	5404	0.055738963
222210	2387	0.05572717
222210	1076	0.05567889
222210	2991	0.055584826
222210	407	0.055492755
222220	1432	0.060338516
222220	268	0.060332146
222220	3846	0.06004338
222220	5304	0.05992674
222220	6275	0.059810363
222220	2467	0.059751205
222220	5406	0.059566744
222220	5042	0.059566732
222220	3534	0.059423886
222220	2963	0.059399538
222296	4747	0.06868399
222296	4877	0.067715175
222296	5700	0.06732786
222296	1412	0.066958696
222296	458	0.0669523
222296	2842	0.06678718
222296	154	0.066756114
222296	1716	0.06649479
222296	1663	0.06647544
222296	413	0.06639582
222353	2579	0.04307996
222353	3534	0.04290025
222353	2070	0.042852685
222353	34	0.042561106
222353	619	0.042523175
222353	329	0.04252316
222353	1636	0.04248765
222353	3846	0.042467095
222353	4161	0.042458355
222353	144	0.04244207
222372	981	0.056352153
222372	503	0.055939987
222372	991	0.055471204
222372	2156	0.05543465
222372	1643	0.055206373
222372	1115	0.05506482
222372	573	0.054737516
222372	3083	0.054604717
222372	837	0.05442437
222372	814	0.054372795
222488	5879	0.052908253
222488	339	0.052815147
222488	2634	0.052792296
222488	183	0.05258468
222488	2317	0.052464142
222488	340	0.05226133
222488	3790	0.052131675
222488	2836	0.052096542
222488	708	0.051856253
222488	434	0.05185622
222492	1094	0.04454446
222492	1045	0.044544432
222492	1725	0.04454442
222492	6918	0.044497833
222492	5676	0.04442145
222492	6250	0.04430787
222492	2820	0.044246368
222492	3029	0.044136394
222492	5675	0.044009913
222492	1328	0.04396736
222501	440	0.039433785
222501	1329	0.039250538
222501	3144	0.038789015
222501	1401	0.038788985
222501	5230	0.038719878
222501	6004	0.038513605
222501	1594	0.03833509
222501	3217	0.03828361
222501	1251	0.03827411
222501	5488	0.038222935
222506	662	0.048306845
222506	155	0.04824078
222506	195	0.047964692
222506	4452	0.04788574
222506	177	0.047822513
222506	3258	0.04775747
222506	6646	0.047757432
222506	1758	0.047693588
222506	2064	0.047669716
222506	5553	0.04758825
222563	4055	0.06315398
222563	1698	0.06293864
222563	4028	0.06274904
222563	5572	0.06274903
222563	3651	0.06274902
222563	482	0.062638804
222563	625	0.062602386
222563	2119	0.06253378
222563	926	0.062399082
222563	2532	0.062197555
222614	1617	0.04078994
222614	102	0.040524688
222614	474	0.040520966
222614	3507	0.040483225
222614	3133	0.040127747
222614	1708	0.039941765
222614	487	0.039923985
222614	739	0.039801132
222614	257	0.03975916
222614	1602	0.03966967
222677	739	0.06298612
222677	1602	0.06289092
222677	5815	0.06288949
222677	20	0.06288948
222677	2867	0.06288946
222677	459	0.061737474
222677	3133	0.06141623
222677	188	0.061253082
222677	102	0.06122436
222677	487	0.060872704
222688	2943	0.040827088
222688	5664	0.040560868
222688	5761	0.04054784
222688	4355	0.040441357
222688	4933	0.040440366
222688	1075	0.04042788
222688	3526	0.040424615
222688	5508	0.04040512
222688	3787	0.04033103
222688	2046	0.040330358
222716	85	0.07439509
222716	1817	0.07438745
222716	133	0.07438742
222716	693	0.07415545
222716	500	0.07406585
222716	6111	0.07390223
222716	1781	0.07370494
222716	448	0.073418885
222716	809	0.07330001
222716	407	0.07329686
222743	6049	0.043937884
222743	1758	0.04363753
222743	5951	0.043595552
222743	3028	0.043586977
222743	294	0.04352797
222743	1624	0.043458603
222743	1298	0.04345859
222743	3257	0.04345859
222743	936	0.043458574
222743	3711	0.043458562
222788	741	0.04080283
222788	1367	0.040802814
222788	6560	0.04070857
222788	3128	0.04064918
222788	4661	0.04046675
222788	5489	0.04043591
222788	1089	0.040387988
222788	3244	0.040382855
222788	744	0.040240914
222788	6736	0.040240854
222941	422	0.055742413
222941	6701	0.055742383
222941	5047	0.055537686
222941	1905	0.055502653
222941	5597	0.055502646
222941	6205	0.05550264
222941	6319	0.055502616
222941	4241	0.055502594
222941	5215	0.05546612
222941	5745	0.05546608
223066	6520	0.04945905
223066	4900	0.049423594
223066	4103	0.049423587
223066	889	0.04930576
223066	5201	0.049305737
223066	3187	0.04929443
223066	6743	0.048710488
223066	4436	0.048476815
223066	4073	0.048463527
223066	5177	0.0484322
223078	153	0.0327782
223078	6598	0.032704506
223078	885	0.032697562
223078	784	0.032639857
223078	5884	0.032639824
223078	6281	0.032509886
223078	1983	0.032501686
223078	6770	0.03249384
223078	6023	0.032450415
223078	1472	0.032432593
223087	577	0.059390347
223087	4696	0.05939032
223087	1426	0.059374724
223087	4583	0.059374683
223087	4346	0.05935609
223087	2963	0.059098866
223087	2324	0.058958173
223087	5835	0.058860984
223087	120	0.05869552
223087	723	0.058673933
223132	3534	0.037450276
223132	544	0.03744869
223132	1686	0.037346393
223132	2579	0.037178546
223132	577	0.037031785
223132	4696	0.03703177
223132	2788	0.036955804
223132	3846	0.036895476
223132	1192	0.03688787
223132	833	0.036806308
223154	3581	0.060759168
223154	581	0.06068869
223154	1781	0.06031423
223154	192	0.060255338
223154	50	0.060232975
223154	341	0.06018819
223154	338	0.06018818
223154	1260	0.06018816
223154	5601	0.060188126
223154	41	0.060184672
223156	391	0.053940933
223156	5134	0.053523574
223156	2992	0.053410422
223156	3217	0.053146645
223156	1593	0.05311738
223156	4703	0.053117372
223156	4034	0.05311737
223156	1639	0.052959323
223156	3452	0.052952416
223156	2542	0.05287479
223190	4015	0.0455695
223190	1370	0.045346532
223190	1586	0.044917986
223190	4432	0.044913515
223190	3213	0.044913467
223190	4882	0.04491344
223190	2086	0.044599436
223190	6865	0.044520985
223190	5015	0.044508908
223190	3645	0.04447926
223201	578	0.040463556
223201	2027	0.040463556
223201	2764	0.040369492
223201	2700	0.04035014
223201	3951	0.04035012
223201	327	0.040350117
223201	3967	0.04033601
223201	377	0.040335983
223201	3318	0.040335983
223201	379	0.040335942
223210	1942	0.058570273
223210	2315	0.058545034
223210	1616	0.0585239
223210	5702	0.058511592
223210	425	0.057767447
223210	550	0.05756116
223210	2920	0.057538953
223210	636	0.05753895
223210	2360	0.05753893
223210	3440	0.057538927
223231	1073	0.045428574
223231	4570	0.045246337
223231	3285	0.045186996
223231	3791	0.044775475
223231	456	0.04471275
223231	6249	0.044636294
223231	1248	0.044434227
223231	1446	0.044394076
223231	572	0.04438903
223231	5867	0.044330303
223238	61	0.0424062
223238	4235	0.04234564
223238	1902	0.042324048
223238	590	0.042269766
223238	5570	0.042201847
223238	1212	0.042201843
223238	1550	0.04215813
223238	2456	0.04212966
223238	2735	0.042063452
223238	1490	0.041944463
223253	3452	0.04744617
223253	3361	0.047444947
223253	2173	0.04744494
223253	5410	0.047444936
223253	3331	0.04744493
223253	2992	0.047409296
223253	1448	0.04740332
223253	1593	0.04715106
223253	4034	0.047151055
223253	4703	0.047151044
223325	3083	0.06607737
223325	981	0.06533489
223325	1115	0.065118484
223325	814	0.06423119
223325	1104	0.06417701
223325	5155	0.06380897
223325	1117	0.06380896
223325	2497	0.06380893
223325	283	0.06328974
223325	837	0.063284576
223402	1772	0.05159187
223402	1023	0.051591866
223402	2231	0.05159183
223402	636	0.05153051
223402	2920	0.051530506
223402	2360	0.051530495
223402	3440	0.051530488
223402	2407	0.051505275
223402	1027	0.05150526
223402	1777	0.051505256
223431	3287	0.054943353
223431	5487	0.054943323
223431	2550	0.054919384
223431	5079	0.054919373
223431	233	0.054912
223431	5329	0.054642074
223431	1808	0.05461802
223431	3585	0.0545551
223431	376	0.054555055
223431	5380	0.054531123
223438	2070	0.052780617
223438	619	0.052623175
223438	329	0.052623164
223438	1636	0.052566193
223438	59	0.052407127
223438	5696	0.052114837
223438	1662	0.052114822
223438	6417	0.052114762
223438	2579	0.052106462
223438	2010	0.05189872
223454	4086	0.048728086
223454	4673	0.04872807
223454	3281	0.048611537
223454	3046	0.048519004
223454	2125	0.048464287
223454	1378	0.04839001
223454	5716	0.048364125
223454	2334	0.048319533
223454	4390	0.048297487
223454	418	0.048205864
223455	3878	0.028887916
223455	2602	0.028719585
223455	4020	0.028579975
223455	4940	0.028576694
223455	782	0.028512225
223455	6535	0.028403535
223455	2470	0.02833194
223455	872	0.028302547
223455	870	0.028300447
223455	5625	0.028224902
223461	4846	0.03339278
223461	2336	0.03337715
223461	2329	0.033373713
223461	4844	0.03336689
223461	4302	0.033366885
223461	4035	0.033363417
223461	6140	0.03334776
223461	3463	0.03333749
223461	4212	0.033231456
223461	4034	0.033221155
223501	6489	0.037879024
223501	3221	0.037855946
223501	2670	0.03780902
223501	6273	0.03765865
223501	3327	0.037658602
223501	1794	0.03744212
223501	3219	0.03733283
223501	1873	0.03729657
223501	3920	0.037292577
223501	6097	0.037261855
223530	693	0.055564236
223530	85	0.055352658
223530	2469	0.05530294
223530	68	0.055290774
223530	407	0.0551796
223530	6111	0.055097718
223530	4227	0.05507923
223530	5936	0.055029497
223530	552	0.05502949
223530	2503	0.05495722
223554	6111	0.07497314
223554	448	0.074869916
223554	693	0.0743835
223554	1817	0.07436897
223554	133	0.074368924
223554	710	0.07417613
223554	2387	0.073973246
223554	2503	0.073903546
223554	85	0.073844925
223554	70	0.07362171
223566	41	0.057348557
223566	5404	0.057117607
223566	133	0.0570928
223566	6111	0.057029564
223566	1781	0.056990866
223566	50	0.056784462
223566	448	0.056633174
223566	3581	0.05646326
223566	710	0.05639914
223566	581	0.0560127
223587	256	0.045645867
223587	2695	0.045645818
223587	2667	0.045632966
223587	3952	0.045483224
223587	1373	0.04547971
223587	3218	0.045476567
223587	150	0.045476556
223587	1067	0.045476556
223587	4807	0.045475494
223587	5946	0.045453828
223608	347	0.053963747
223608	4726	0.05392702
223608	2316	0.053840056
223608	3883	0.053543687
223608	735	0.053281642
223608	2837	0.053252183
223608	188	0.052852675
223608	84	0.052798122
223608	330	0.052798048
223608	2698	0.05263053
223644	526	0.05345647
223644	2950	0.053093433
223644	2012	0.052687142
223644	1961	0.0525209
223644	1068	0.05244102
223644	6886	0.05239616
223644	2267	0.052344676
223644	6865	0.052288193
223644	5288	0.05219049
223644	4560	0.05183451
223714	2329	0.043811575
223714	4846	0.04368812
223714	4035	0.043652248
223714	3690	0.04361301
223714	3093	0.043552563
223714	4212	0.043466814
223714	2336	0.043455377
223714	3588	0.043453734
223714	6140	0.043419488
223714	2010	0.043318134
223721	489	0.051074065
223721	3338	0.051053993
223721	3733	0.051005267
223721	3939	0.050788246
223721	1718	0.050719526
223721	4141	0.05059231
223721	3628	0.050334174
223721	5156	0.050304323
223721	423	0.050286118
223721	908	0.05021303
223768	141	0.026278302
223768	5586	0.026110265
223768	3222	0.026034031
223768	144	0.025995126
223768	140	0.025821658
223768	1230	0.025695128
223768	2028	0.025674969
223768	279	0.025629535
223768	393	0.025613964
223768	4910	0.025577351
223787	417	0.06088908
223787	684	0.06088906
223787	833	0.060785525
223787	4871	0.06052181
223787	1684	0.060521778
223787	1886	0.060414262
223787	4625	0.06028902
223787	6540	0.060212508
223787	6299	0.06021244
223787	1866	0.060168184
223814	2651	0.041586988
223814	3531	0.041480966
223814	4764	0.041459642
223814	3997	0.041457497
223814	2073	0.041457072
223814	5905	0.04140334
223814	6350	0.04134024
223814	5674	0.04128785
223814	3447	0.041210756
223814	4084	0.041197665
223816	1125	0.04645503
223816	3987	0.046455014
223816	3383	0.046455
223816	3245	0.046454955
223816	3435	0.04636345
223816	1277	0.046279714
223816	838	0.0462797
223816	5547	0.046279684
223816	868	0.04627967
223816	1588	0.04618977
223872	6783	0.04887505
223872	5314	0.04862898
223872	5844	0.04862894
223872	876	0.048522484
223872	6398	0.048522476
223872	865	0.048488088
223872	923	0.04848806
223872	1278	0.04847715
223872	5306	0.048180934
223872	874	0.04817808
223879	6296	0.0591389
223879	6271	0.05912005
223879	1841	0.059109934
223879	2934	0.05893912
223879	2305	0.058932602
223879	6497	0.058923744
223879	4894	0.058918316
223879	3275	0.058779214
223879	6661	0.058770172
223879	2615	0.05875242
223892	687	0.052260704
223892	4323	0.052227225
223892	3418	0.052227132
223892	3692	0.052137416
223892	1419	0.052103966
223892	4756	0.05210396
223892	1421	0.05210395
223892	3822	0.052103944
223892	1049	0.05210392
223892	3572	0.05210392
223927	3570	0.04186527
223927	4729	0.041742332
223927	359	0.041426312
223927	1453	0.041279897
223927	2858	0.0411935
223927	2847	0.041178405
223927	5863	0.041075923
223927	4982	0.041070484
223927	6211	0.0410521
223927	873	0.040953673
223953	563	0.052817337
223953	2998	0.05281729
223953	853	0.052630324
223953	3901	0.05249908
223953	3707	0.052357707
223953	3557	0.05233351
223953	4917	0.052266218
223953	1113	0.052266195
223953	5939	0.05224725
223953	750	0.05217841
223954	1212	0.054099057
223954	5570	0.054099053
223954	2369	0.054020464
223954	653	0.053931728
223954	664	0.05383044
223954	1680	0.053773116
223954	592	0.0536202
223954	460	0.053545233
223954	2391	0.053517297
223954	1055	0.05349984
223977	530	0.03858356
223977	1510	0.038305596
223977	4180	0.038305573
223977	5791	0.038145896
223977	3836	0.0381233
223977	5990	0.03800393
223977	485	0.03800392
223977	2533	0.038003787
223977	4732	0.03800308
223977	3195	0.03789626
224122	1171	0.042310327
224122	681	0.042300493
224122	3677	0.042296715
224122	4461	0.04219341
224122	3448	0.042147286
224122	4961	0.04213912
224122	5872	0.042034373
224122	3002	0.04203434
224122	790	0.041903444
224122	679	0.041822433
224138	3898	0.047281552
224138	5646	0.047281504
224138	97	0.047256935
224138	4683	0.04704868
224138	3896	0.047048658
224138	64	0.04704865
224138	2365	0.04704864
224138	3915	0.04694577
224138	569	0.04684397
224138	960	0.04680807
224146	487	0.05319614
224146	739	0.052375313
224146	5815	0.052259393
224146	2867	0.05225936
224146	20	0.05225934
224146	2541	0.052191924
224146	175	0.051834695
224146	1264	0.051672757
224146	1708	0.051367387
224146	831	0.051308773
224159	5205	0.0645732
224159	4442	0.06351565
224159	4245	0.06295237
224159	2744	0.06293519
224159	507	0.06262648
224159	5618	0.062288128
224159	1789	0.062147528
224159	5136	0.061743055
224159	95	0.060619645
224159	1271	0.06056372
224209	3442	0.07206364
224209	384	0.07197714
224209	3527	0.07197714
224209	1571	0.0719771
224209	3090	0.07196986
224209	4205	0.071883254
224209	426	0.07188325
224209	1305	0.07188325
224209	1499	0.07183184
224209	1816	0.07174535
224236	406	0.081404656
224236	1193	0.08089735
224236	1389	0.08057523
224236	420	0.07928407
224236	645	0.07815622
224236	3909	0.07815617
224236	692	0.077833295
224236	3705	0.07774886
224236	614	0.07774562
224236	5792	0.077720605
224249	1627	0.061980028
224249	2951	0.061805762
224249	1884	0.061803162
224249	4005	0.061652787
224249	1660	0.06145315
224249	435	0.061445795
224249	5114	0.061133742
224249	925	0.061120473
224249	1886	0.06110199
224249	4026	0.061001595
224289	3348	0.050832763
224289	162	0.050706543
224289	257	0.050134838
224289	1714	0.049721085
224289	955	0.049539108
224289	1270	0.049531545
224289	5163	0.049531497
224289	1380	0.04944208
224289	711	0.049295727
224289	1072	0.04921493
224303	2725	0.060089648
224303	1527	0.059592437
224303	971	0.0594024
224303	1709	0.059289686
224303	1268	0.059089758
224303	1961	0.058997408
224303	715	0.058694735
224303	526	0.058322676
224303	1251	0.058058523
224303	1068	0.057745896
224308	507	0.06578155
224308	5205	0.0656306
224308	4442	0.065574646
224308	589	0.06484843
224308	4245	0.06392536
224308	2744	0.06352659
224308	5762	0.06312825
224308	1789	0.062457804
224308	5230	0.062278666
224308	1709	0.061739743
224340	6918	0.0573218
224340	5676	0.057251625
224340	3361	0.057060443
224340	2173	0.057060428
224340	5410	0.057060428
224340	3331	0.057060413
224340	1296	0.0569902
224340	541	0.056816828
224340	1458	0.056816787
224340	6544	0.05681678
224342	1179	0.06359552
224342	649	0.06316173
224342	449	0.06235552
224342	3443	0.062336467
224342	1444	0.061929047
224342	2961	0.061929032
224342	1555	0.06156872
224342	1690	0.06155732
224342	3056	0.061387982
224342	2883	0.061377577
224349	5710	0.048981227
224349	3317	0.048915952
224349	5018	0.04887625
224349	301	0.048849322
224349	2554	0.048849303
224349	4713	0.04883283
224349	2906	0.04883282
224349	211	0.04883278
224349	6257	0.048778087
224349	6044	0.048778024
224430	2951	0.06781313
224430	930	0.06733665
224430	465	0.067336574
224430	3142	0.067336574
224430	460	0.06724118
224430	925	0.06722315
224430	2918	0.06702604
224430	5114	0.06694558
224430	1627	0.06679167
224430	1731	0.066773966
224435	4589	0.03527119
224435	4099	0.03513715
224435	1246	0.03506095
224435	3594	0.035057984
224435	385	0.035045896
224435	4558	0.034914616
224435	3048	0.034855723
224435	719	0.034784626
224435	3089	0.034671947
224435	6511	0.034612104
224479	3443	0.04596266
224479	1444	0.045831848
224479	2961	0.04583183
224479	449	0.04582609
224479	1179	0.04565908
224479	2883	0.045639087
224479	3056	0.045538843
224479	1076	0.045349725
224479	879	0.045021527
224479	451	0.044748068
224525	1463	0.057651896
224525	3169	0.057506874
224525	622	0.05711674
224525	816	0.05689221
224525	471	0.05653558
224525	480	0.05639052
224525	2281	0.056318164
224525	1642	0.05601543
224525	4998	0.055823695
224525	779	0.055707186
224626	896	0.05074785
224626	3626	0.05074673
224626	4166	0.050520405
224626	5260	0.050295494
224626	1422	0.0501836
224626	3175	0.050168544
224626	4154	0.04995436
224626	2351	0.049872994
224626	1044	0.04963529
224626	4088	0.049621925
224646	5596	0.06505094
224646	5568	0.06494671
224646	1897	0.06470434
224646	934	0.06470428
224646	1430	0.06463377
224646	388	0.06452561
224646	646	0.06442058
224646	5953	0.06442058
224646	5414	0.06442057
224646	3075	0.06437157
224764	526	0.056330204
224764	1961	0.056270804
224764	5288	0.055766568
224764	4307	0.055753596
224764	4560	0.055359013
224764	456	0.05524552
224764	2267	0.055198602
224764	2950	0.0549418
224764	973	0.054708153
224764	1068	0.054490507
224768	1031	0.055348128
224768	3135	0.05529994
224768	4007	0.055135675
224768	1702	0.054743256
224768	75	0.054635838
224768	4644	0.054580666
224768	4280	0.054533
224768	2705	0.054344393
224768	4585	0.05402688
224768	2546	0.05399876
224809	3616	0.059809014
224809	1851	0.05920887
224809	1813	0.05897129
224809	3659	0.058841467
224809	4161	0.058520764
224809	2662	0.058199592
224809	2337	0.05816596
224809	2838	0.0581105
224809	999	0.0580312
224809	320	0.057968505
224904	4041	0.0402549
224904	2151	0.040243447
224904	2537	0.04003045
224904	6692	0.040030397
224904	5037	0.0400253
224904	2525	0.039984107
224904	3138	0.03990127
224904	5486	0.039877973
224904	2017	0.03987796
224904	2499	0.039877955
224923	625	0.061282784
224923	1574	0.061259516
224923	2532	0.061128486
224923	2809	0.061128475
224923	3669	0.061128415
224923	4055	0.06088849
224923	4028	0.06073406
224923	3651	0.060734056
224923	5572	0.060734056
224923	1071	0.060597483
224927	2324	0.05263076
224927	577	0.05252875
224927	4696	0.052528724
224927	2963	0.052496266
224927	247	0.05243909
224927	4346	0.05232675
224927	723	0.052215904
224927	1426	0.052195385
224927	4583	0.052195355
224927	292	0.052134283
224944	637	0.0486921
224944	2366	0.04858562
224944	628	0.048566747
224944	824	0.048460282
224944	4227	0.048221122
224944	2197	0.048191562
224944	882	0.048004307
224944	4782	0.048004285
224944	1428	0.047960095
224944	1397	0.04793716
224997	1961	0.031111691
224997	910	0.031024188
224997	526	0.03074192
224997	2950	0.0306873
224997	4332	0.030552652
224997	1594	0.03052608
224997	1068	0.030517524
224997	169	0.030485231
224997	1586	0.030462027
224997	202	0.03045194
225002	3587	0.039461095
225002	4279	0.039461065
225002	1166	0.03941328
225002	4140	0.039413273
225002	1337	0.03941326
225002	4285	0.03941326
225002	6143	0.03936279
225002	1084	0.039332934
225002	5328	0.039332934
225002	4734	0.039296653
225066	1027	0.04427629
225066	2407	0.044276286
225066	1777	0.04427628
225066	1655	0.044276252
225066	2194	0.04427625
225066	1259	0.04410001
225066	3815	0.04410001
225066	1907	0.044099994
225066	6105	0.044099994
225066	1965	0.04409998
225078	4055	0.05186249
225078	3106	0.05178034
225078	5417	0.051482785
225078	3644	0.051435158
225078	4028	0.051392395
225078	3651	0.051392376
225078	5572	0.051392373
225078	4868	0.05137625
225078	482	0.051285937
225078	625	0.051215686
225187	2691	0.03516899
225187	5693	0.035075136
225187	6493	0.034948766
225187	4773	0.034856513
225187	6127	0.03485491
225187	3583	0.034765277
225187	4468	0.034588844
225187	1760	0.03446435
225187	235	0.034281366
225187	4732	0.03420659
225191	474	0.05193203
225191	3280	0.051695243
225191	1617	0.05127397
225191	2890	0.051166654
225191	2710	0.051051363
225191	1708	0.05089567
225191	487	0.05080293
225191	19	0.05071164
225191	3273	0.050683558
225191	1264	0.05067548
225199	3957	0.03911736
225199	4570	0.038868673
225199	5563	0.038722426
225199	1446	0.038472522
225199	1073	0.038376763
225199	4032	0.03837471
225199	984	0.038360782
225199	2442	0.038348384
225199	4444	0.038241655
225199	2282	0.038217593
225378	5596	0.046808716
225378	5568	0.046604928
225378	646	0.046487384
225378	5414	0.046487384
225378	5953	0.046487384
225378	6158	0.046320323
225378	4483	0.04628366
225378	3421	0.046283625
225378	4924	0.046283584
225378	5927	0.046283584
225379	2856	0.048450865
225379	3049	0.04829409
225379	6190	0.04829403
225379	350	0.048082314
225379	715	0.048059076
225379	4307	0.047776386
225379	526	0.047658138
225379	1961	0.04756782
225379	1251	0.04734765
225379	2857	0.047340024
225411	3586	0.042716347
225411	1471	0.04268229
225411	3977	0.042482145
225411	3285	0.04244653
225411	4570	0.042315256
225411	1073	0.042301618
225411	5430	0.042212002
225411	4336	0.04212158
225411	4768	0.04205457
225411	564	0.04203645
225435	3939	0.059773408
225435	489	0.059342083
225435	3658	0.058902215
225435	1715	0.058894683
225435	3680	0.058891125
225435	1718	0.058835335
225435	5764	0.05883393
225435	1933	0.058736388
225435	1786	0.058440596
225435	3733	0.05840394
225449	1840	0.043585673
225449	3571	0.043585643
225449	2027	0.043567464
225449	578	0.043567456
225449	4596	0.043541443
225449	4622	0.043541417
225449	4343	0.043541387
225449	5571	0.04354138
225449	3264	0.043510634
225449	1625	0.043510627
225542	5981	0.041232355
225542	3387	0.041221656
225542	5309	0.041221626
225542	2265	0.04120022
225542	2076	0.0412002
225542	2185	0.041130148
225542	6643	0.041130126
225542	3390	0.041088097
225542	2307	0.04106558
225542	5090	0.04104221
225595	440	0.054087907
225595	1329	0.05387181
225595	1251	0.05260521
225595	6498	0.052591085
225595	1594	0.05246434
225595	5488	0.052401297
225595	329	0.052217957
225595	619	0.052217953
225595	170	0.052166365
225595	5230	0.052114032
225617	2725	0.03969621
225617	1527	0.0395621
225617	971	0.03936072
225617	1961	0.039303437
225617	158	0.03880489
225617	1709	0.038771506
225617	526	0.03870312
225617	715	0.03851289
225617	620	0.038103327
225617	611	0.038084283
225683	140	0.04843942
225683	892	0.04810467
225683	5586	0.048050568
225683	141	0.0480471
225683	5361	0.047809638
225683	3552	0.04780961
225683	4119	0.04761149
225683	997	0.04757006
225683	2870	0.047570035
225683	4910	0.047503248
225686	1601	0.040953882
225686	51	0.040882736
225686	1219	0.040477127
225686	5567	0.040385764
225686	2494	0.04037081
225686	457	0.040282555
225686	435	0.040232465
225686	235	0.040198676
225686	1320	0.03996017
225686	930	0.039947063
225810	59	0.06362362
225810	619	0.06216538
225810	329	0.062165357
225810	2331	0.062075093
225810	1249	0.06197263
225810	3053	0.06195014
225810	4793	0.061806723
225810	1426	0.06176009
225810	4583	0.061760053
225810	2881	0.06163663
225886	2210	0.05647283
225886	1797	0.056398056
225886	4603	0.055868268
225886	5271	0.055485148
225886	3697	0.05539879
225886	4631	0.05532539
225886	92	0.05528432
225886	560	0.055274513
225886	258	0.055099167
225886	3691	0.05502409
225887	1600	0.054806385
225887	2281	0.05463524
225887	340	0.0545037
225887	816	0.054436915
225887	537	0.054321796
225887	1405	0.05429555
225887	5662	0.05424435
225887	2317	0.05418037
225887	3169	0.054171592
225887	886	0.0540086
225912	2082	0.05489958
225912	3086	0.05489955
225912	3061	0.05476027
225912	4192	0.054731406
225912	5181	0.05473131
225912	5070	0.054683965
225912	2043	0.05468395
225912	3650	0.05461698
225912	3771	0.054613903
225912	6897	0.054613896
225938	2503	0.0537938
225938	2991	0.05377065
225938	407	0.053649977
225938	693	0.053588986
225938	448	0.05355016
225938	6111	0.053417318
225938	2469	0.053404972
225938	70	0.053149167
225938	5404	0.053149145
225938	1492	0.05307872
225986	3046	0.044932924
225986	2036	0.044915028
225986	1346	0.04487832
225986	2496	0.0448722
225986	4550	0.044681817
225986	922	0.044681795
225986	4390	0.044645064
225986	3281	0.044488378
225986	2815	0.044479072
225986	1345	0.044434577
225989	1104	0.065329246
225989	95	0.064988375
225989	4763	0.0649146
225989	5136	0.06477561
225989	5618	0.06441055
225989	4437	0.06401712
225989	1102	0.06398862
225989	1118	0.06398852
225989	6116	0.06392564
225989	283	0.06382902
225996	2524	0.04450064
225996	6375	0.04353937
225996	6686	0.04351323
225996	5643	0.043511108
225996	372	0.0432951
225996	3	0.043295093
225996	4321	0.04313725
225996	1170	0.043023646
225996	2797	0.042751648
225996	5865	0.042751625
226006	5931	0.055552524
226006	4070	0.05549457
226006	694	0.055226065
226006	2259	0.055226043
226006	2264	0.055168126
226006	1992	0.055055365
226006	3746	0.05497933
226006	2258	0.054947782
226006	2593	0.054843165
226006	5282	0.054843165
226205	459	0.0572534
226205	5815	0.056872204
226205	20	0.056872193
226205	2867	0.05687216
226205	2362	0.05648636
226205	1268	0.056343608
226205	611	0.05626008
226205	1261	0.05616855
226205	739	0.0561321
226205	1602	0.056060955
226267	144	0.0564759
226267	2579	0.05626958
226267	4161	0.05624751
226267	2028	0.05619034
226267	2070	0.05593553
226267	1851	0.05579145
226267	3222	0.05576641
226267	3182	0.055723637
226267	3074	0.055723622
226267	2662	0.055460945
226349	274	0.06515465
226349	503	0.06513118
226349	1115	0.06490052
226349	991	0.064269274
226349	837	0.064258166
226349	5155	0.06360125
226349	1117	0.063601226
226349	2497	0.063601196
226349	3977	0.063484706
226349	814	0.06278733
226393	397	0.044087764
226393	1428	0.04385198
226393	600	0.043560904
226393	628	0.043494884
226393	824	0.043118227
226393	1355	0.043063607
226393	637	0.0429265
226393	5662	0.042822503
226393	2009	0.04277988
226393	1462	0.042777494
226394	3169	0.04229952
226394	1463	0.04227858
226394	481	0.041941743
226394	2281	0.041918606
226394	340	0.041904755
226394	5390	0.04179181
226394	816	0.04175128
226394	1600	0.041750275
226394	886	0.04172609
226394	4998	0.041681714
226462	6333	0.04064627
226462	6096	0.040539633
226462	3569	0.040539607
226462	4258	0.040539607
226462	2371	0.040484544
226462	2887	0.04045356
226462	3814	0.04045356
226462	1927	0.040430743
226462	966	0.04043068
226462	4670	0.04035922
226482	526	0.041210797
226482	1961	0.04105054
226482	1068	0.040894046
226482	2950	0.040857766
226482	1594	0.04057131
226482	4332	0.0404514
226482	169	0.040446002
226482	6865	0.0400088
226482	4307	0.039864365
226482	910	0.039844137
226545	1328	0.05378461
226545	5675	0.053759098
226545	5340	0.053736866
226545	2064	0.053634807
226545	195	0.053408943
226545	3971	0.053101473
226545	174	0.05304063
226545	1821	0.053040553
226545	1382	0.05304054
226545	803	0.053014964
226553	4919	0.04039534
226553	619	0.04025215
226553	329	0.04025214
226553	4212	0.04005303
226553	1064	0.04000789
226553	3286	0.04000785
226553	1854	0.039878145
226553	77	0.039868686
226553	1639	0.039840445
226553	541	0.03976649
226554	6262	0.059097182
226554	5695	0.059097163
226554	4693	0.05909709
226554	5000	0.0588853
226554	4751	0.058885276
226554	43	0.05865941
226554	1169	0.058658753
226554	652	0.05834534
226554	5494	0.058327712
226554	2577	0.058253624
226616	3207	0.07020004
226616	160	0.0699626
226616	432	0.069908455
226616	2543	0.0698406
226616	1854	0.06975844
226616	4919	0.06955548
226616	77	0.06952253
226616	1639	0.06913744
226616	692	0.06911079
226616	2337	0.068602264
226702	5380	0.04727862
226702	151	0.04727858
226702	5225	0.047278542
226702	3585	0.047161814
226702	376	0.047161788
226702	3740	0.047113955
226702	3455	0.047072902
226702	4772	0.04698894
226702	1494	0.046961375
226702	5840	0.04686283
226713	3095	0.031084087
226713	6197	0.03079961
226713	828	0.030779483
226713	566	0.030779462
226713	96	0.030761115
226713	6021	0.030761095
226713	3003	0.03070869
226713	4837	0.030687181
226713	5782	0.030675068
226713	5983	0.030598575
226739	6622	0.05315629
226739	2087	0.053063862
226739	382	0.053034086
226739	4463	0.05300393
226739	3406	0.05294171
226739	6349	0.05294163
226739	5634	0.05294158
226739	5898	0.052881733
226739	5589	0.052881703
226739	6452	0.052881643
226745	504	0.067194685
226745	971	0.06635714
226745	1709	0.06619205
226745	2823	0.06589261
226745	1630	0.065149605
226745	708	0.06497293
226745	434	0.06497287
226745	2725	0.06491049
226745	192	0.0647989
226745	4269	0.06467346
226772	977	0.06114307
226772	6444	0.061143026
226772	2555	0.06085792
226772	213	0.060857862
226772	1205	0.060829483
226772	210	0.06082945
226772	3631	0.060774118
226772	1746	0.060723238
226772	3445	0.06067842
226772	308	0.06052786
226874	1076	0.061888292
226874	2503	0.06180649
226874	2991	0.061709084
226874	1492	0.061306976
226874	2044	0.060905077
226874	3443	0.060752004
226874	1179	0.06075057
226874	1947	0.060604393
226874	613	0.06050589
226874	1177	0.060470838
226879	3285	0.041939765
226879	2956	0.041526552
226879	5954	0.041471228
226879	2957	0.041257657
226879	4562	0.041183002
226879	4592	0.04118292
226879	456	0.041139234
226879	4066	0.041125715
226879	4570	0.04112393
226879	6014	0.04105876
226926	268	0.05261923
226926	6275	0.052608624
226926	5304	0.05249745
226926	1808	0.052350476
226926	1192	0.052343644
226926	6104	0.0523015
226926	2174	0.052275173
226926	3846	0.05226209
226926	4625	0.052172907
226926	1432	0.05214052
226965	2886	0.046239704
226965	5364	0.045456063
226965	6133	0.045446176
226965	1632	0.045446105
226965	569	0.045356844
226965	2050	0.045273848
226965	1410	0.04524274
226965	6061	0.045158107
226965	2511	0.045151383
226965	4184	0.045151383
226976	6609	0.057727553
226976	86	0.057727534
226976	4345	0.057723895
226976	6582	0.057723887
226976	4652	0.05772388
226976	1002	0.057723857
226976	5605	0.057677384
226976	360	0.05767738
226976	4515	0.05767732
226976	4756	0.057510085
226987	459	0.068100184
226987	1602	0.06710702
226987	1261	0.06705898
226987	2362	0.066894114
226987	20	0.06684704
226987	5815	0.06684703
226987	2867	0.066847
226987	188	0.066804804
226987	3855	0.06634643
226987	739	0.066299304
227025	581	0.04526017
227025	606	0.044634543
227025	448	0.044584095
227025	1076	0.04431566
227025	407	0.044167366
227025	879	0.043982893
227025	6111	0.043970928
227025	781	0.04390648
227025	1817	0.04389842
227025	133	0.043898374
227054	3452	0.053013586
227054	6918	0.052919574
227054	5676	0.0527478
227054	3361	0.052733496
227054	2173	0.05273349
227054	5410	0.05273349
227054	3331	0.05273347
227054	1296	0.052561678
227054	1853	0.05255031
227054	452	0.05255022
227072	2858	0.039642103
227072	5786	0.039637946
227072	1242	0.039585266
227072	73	0.03956524
227072	3973	0.039419383
227072	873	0.03921925
227072	3333	0.039106354
227072	2627	0.03906625
227072	780	0.0389006
227072	1241	0.038886204
227097	406	0.086732835
227097	1389	0.086070746
227097	1193	0.08586238
227097	420	0.08502239
227097	2432	0.08418642
227097	3705	0.08288251
227097	958	0.0828368
227097	2093	0.08280859
227097	2620	0.08271271
227097	5792	0.082606934
227146	3022	0.047354393
227146	6709	0.04734341
227146	3426	0.047343392
227146	941	0.047069285
227146	3794	0.0469433
227146	1641	0.046700466
227146	3523	0.04666165
227146	1369	0.0464283
227146	643	0.046428274
227146	5730	0.04641729
227192	4245	0.07285462
227192	5205	0.07113255
227192	692	0.07089144
227192	1193	0.070538975
227192	4788	0.07034458
227192	4607	0.07028459
227192	406	0.06962716
227192	1389	0.06950247
227192	420	0.068958536
227192	4496	0.06870759
227250	6713	0.06378133
227250	4192	0.0633131
227250	5181	0.06331297
227250	3363	0.06316488
227250	3859	0.06312931
227250	4394	0.06305311
227250	756	0.063008495
227250	6712	0.06300832
227250	5725	0.06295091
227250	5240	0.06262481
227282	1515	0.05494784
227282	1491	0.05494783
227282	1674	0.054776967
227282	308	0.054694258
227282	6390	0.054694217
227282	538	0.054694198
227282	3373	0.05467777
227282	789	0.054677714
227282	1973	0.054677714
227282	4878	0.054677688
227292	5618	0.047245383
227292	2926	0.047127128
227292	1271	0.047113083
227292	6360	0.046874262
227292	5205	0.046656936
227292	4437	0.046626158
227292	45	0.04649377
227292	4284	0.04628685
227292	4788	0.046277255
227292	4245	0.04624835
227295	6693	0.044193454
227295	6616	0.044070337
227295	5200	0.044059947
227295	131	0.044059936
227295	6541	0.044017345
227295	2475	0.04401733
227295	3562	0.043996096
227295	4435	0.043940097
227295	4735	0.043811448
227295	5872	0.04374765
227327	1389	0.08445443
227327	406	0.08434038
227327	420	0.08395684
227327	614	0.08393346
227327	1193	0.08322315
227327	243	0.08284056
227327	645	0.08202766
227327	3909	0.082027614
227327	657	0.081927225
227327	692	0.08186305
227397	4204	0.04640976
227397	4918	0.04621871
227397	6193	0.046140835
227397	4599	0.046048928
227397	4709	0.045867994
227397	10	0.045831215
227397	6910	0.04568443
227397	2815	0.045485117
227397	2123	0.045475543
227397	6358	0.045475505
227413	1265	0.044370025
227413	2116	0.044358436
227413	5215	0.044234663
227413	5745	0.044234637
227413	5679	0.04420176
227413	5047	0.044147465
227413	1441	0.044133604
227413	4155	0.044133596
227413	3862	0.04413359
227413	5848	0.04413358
227422	1273	0.051682115
227422	4951	0.051245626
227422	1169	0.05120399
227422	3243	0.05117089
227422	3494	0.051108707
227422	1898	0.051108662
227422	3714	0.050991993
227422	6568	0.050902247
227422	3055	0.050847426
227422	3112	0.050847396
227447	1594	0.039553642
227447	1329	0.039399058
227447	1068	0.039277896
227447	440	0.03913383
227447	4332	0.03903224
227447	2950	0.038900137
227447	6865	0.038844816
227447	169	0.038799476
227447	1961	0.03872998
227447	4432	0.03850658
227467	614	0.057921328
227467	157	0.057649888
227467	1055	0.05726549
227467	1490	0.05723209
227467	2369	0.056766752
227467	590	0.056762423
227467	1212	0.056711458
227467	5570	0.05671145
227467	1185	0.056710232
227467	1764	0.05670956
227520	6853	0.07197471
227520	2619	0.07197464
227520	6870	0.071938604
227520	6639	0.071872935
227520	6522	0.07140681
227520	2644	0.07124839
227520	5212	0.07116956
227520	6592	0.07115269
227520	1605	0.07115264
227520	797	0.07106981
227544	1389	0.08544929
227544	406	0.08473728
227544	420	0.08472648
227544	1193	0.083997004
227544	614	0.0830406
227544	2432	0.08227084
227544	2093	0.08195253
227544	4245	0.08190486
227544	2620	0.08146904
227544	3705	0.080423035
227591	1176	0.057563424
227591	2555	0.0574335
227591	213	0.05743345
227591	5580	0.057348505
227591	384	0.05732076
227591	3527	0.057320748
227591	1571	0.05732072
227591	4968	0.057306733
227591	1816	0.057275813
227591	5617	0.05727578
227654	3673	0.056770965
227654	5626	0.05634531
227654	4340	0.05633037
227654	2121	0.056233026
227654	1521	0.056115273
227654	2576	0.056062594
227654	164	0.0560439
227654	733	0.056012034
227654	3965	0.056009598
227654	975	0.055892892
227681	243	0.059374936
227681	879	0.05838899
227681	2823	0.058226123
227681	1630	0.05773539
227681	5140	0.05732599
227681	504	0.05700861
227681	614	0.056923646
227681	1389	0.056756318
227681	420	0.056524128
227681	606	0.056409776
227702	428	0.07576053
227702	1577	0.07554543
227702	1761	0.07504542
227702	4003	0.07492488
227702	1500	0.07464069
227702	4433	0.0745544
227702	3480	0.074425235
227702	412	0.07395916
227702	5270	0.07390112
227702	2788	0.073528185
227705	1068	0.04722379
227705	2950	0.047022037
227705	1961	0.0469666
227705	1594	0.046870224
227705	169	0.04684969
227705	1527	0.046796836
227705	4332	0.046672948
227705	777	0.04644461
227705	176	0.046444587
227705	2857	0.04630889
227771	3332	0.03688348
227771	4881	0.036720082
227771	5119	0.036635615
227771	0	0.036282018
227771	4098	0.036156498
227771	2897	0.03614736
227771	5348	0.036044188
227771	6374	0.036038034
227771	4940	0.035961322
227771	5977	0.035882913
227836	715	0.053924896
227836	1251	0.053831305
227836	1961	0.053732477
227836	2725	0.053706672
227836	1709	0.053390034
227836	1068	0.05332633
227836	1527	0.05319768
227836	1594	0.05315584
227836	169	0.053093612
227836	971	0.052903865
227859	1258	0.03654986
227859	3928	0.036549844
227859	42	0.03654983
227859	1962	0.03654983
227859	3803	0.036549825
227859	3946	0.03650227
227859	834	0.03650226
227859	5195	0.03644992
227859	1543	0.03644988
227859	4668	0.036439974
227884	2413	0.051713176
227884	1196	0.051631536
227884	575	0.051370874
227884	957	0.05128783
227884	5771	0.051182166
227884	411	0.051135924
227884	2193	0.050940495
227884	2995	0.050940484
227884	3999	0.050841555
227884	421	0.05084153
227925	778	0.06679113
227925	4549	0.06675623
227925	176	0.0665431
227925	6566	0.06641404
227925	5863	0.06639076
227925	4982	0.06638843
227925	2427	0.066227384
227925	712	0.06605977
227925	1269	0.06605969
227925	2819	0.0659285
228021	1983	0.06467597
228021	1641	0.06454949
228021	3022	0.064064205
228021	860	0.06396075
228021	477	0.06389495
228021	4708	0.0634256
228021	6281	0.06341535
228021	6709	0.063320436
228021	3426	0.06332042
228021	941	0.06327167
228108	4921	0.03247005
228108	4031	0.032470025
228108	216	0.032257736
228108	3050	0.03225758
228108	2001	0.032193508
228108	961	0.0321458
228108	2947	0.03201762
228108	139	0.031934366
228108	3274	0.031903587
228108	1998	0.031847917
228154	3372	0.041716132
228154	4555	0.041699417
228154	4556	0.041699413
228154	3100	0.041699402
228154	6377	0.04169938
228154	11	0.041699376
228154	848	0.04169937
228154	6035	0.04168866
228154	5312	0.041671906
228154	8	0.041671887
228181	988	0.044405736
228181	472	0.04419759
228181	5390	0.044139113
228181	339	0.04397819
228181	2836	0.043957166
228181	340	0.04385999
228181	3790	0.043848485
228181	5879	0.043736175
228181	3397	0.043676395
228181	2634	0.043567106
228206	4506	0.051876854
228206	811	0.051876836
228206	478	0.05187677
228206	788	0.05122979
228206	6281	0.05105612
228206	3947	0.050926257
228206	6218	0.05092621
228206	5396	0.050850026
228206	1084	0.050822794
228206	5328	0.050822787
228245	6061	0.052349437
228245	2050	0.05229468
228245	2282	0.05222369
228245	2510	0.05221986
228245	3601	0.05219335
228245	1160	0.05219334
228245	4392	0.052193314
228245	4992	0.052193288
228245	6329	0.052193277
228245	3957	0.05214888
228311	1616	0.054813728
228311	550	0.05476812
228311	1942	0.05461362
228311	664	0.05448701
228311	5702	0.054448556
228311	1680	0.054332487
228311	2625	0.053888734
228311	636	0.05387248
228311	2920	0.053872477
228311	3440	0.05387247
228313	5177	0.033689234
228313	3187	0.03361874
228313	2749	0.03360895
228313	4436	0.033510145
228313	4137	0.03339144
228313	6743	0.033300817
228313	5996	0.033286333
228313	4718	0.03324566
228313	3596	0.033183657
228313	1936	0.03307893
228321	696	0.052937962
228321	5596	0.052585777
228321	5489	0.052279912
228321	3678	0.05227439
228321	1396	0.05227437
228321	965	0.052274354
228321	1747	0.052274343
228321	6158	0.05219404
228321	646	0.05195946
228321	5414	0.051959455
228351	696	0.046745256
228351	5568	0.04668132
228351	2244	0.046627894
228351	2370	0.046610445
228351	1408	0.04634361
228351	5917	0.046235718
228351	6302	0.046235718
228351	5596	0.04620295
228351	635	0.046194922
228351	1749	0.046188466
228445	4563	0.047204435
228445	5635	0.04717652
228445	2564	0.047176506
228445	5656	0.04713525
228445	6893	0.04712704
228445	851	0.04669133
228445	6894	0.046555873
228445	5861	0.046489496
228445	5256	0.046459865
228445	3143	0.046459854
228455	3156	0.05018874
228455	1229	0.049425267
228455	4132	0.04936958
228455	453	0.049360447
228455	3821	0.049279775
228455	5361	0.049262196
228455	3552	0.04926218
228455	1862	0.04918509
228455	3659	0.04906207
228455	78	0.04889995
228477	5223	0.039768264
228477	5337	0.039607428
228477	536	0.039588325
228477	1238	0.039386537
228477	3498	0.03935643
228477	6080	0.03923631
228477	2553	0.039134547
228477	4215	0.039044853
228477	1293	0.039039873
228477	4936	0.038989335
228579	4245	0.06992714
228579	5205	0.069120795
228579	507	0.068885684
228579	589	0.068875045
228579	432	0.0681749
228579	692	0.06792402
228579	4442	0.06730889
228579	504	0.06702255
228579	3207	0.06635071
228579	1789	0.06630562
228652	1602	0.050052498
228652	1711	0.04961675
228652	739	0.0493242
228652	3855	0.0489897
228652	1411	0.04897619
228652	5815	0.048691653
228652	20	0.048691638
228652	2867	0.048691638
228652	1071	0.048650455
228652	1603	0.04863131
228681	34	0.043158635
228681	59	0.042887606
228681	3534	0.04275937
228681	2579	0.04253214
228681	619	0.042523153
228681	329	0.042523134
228681	577	0.042518765
228681	4696	0.04251876
228681	5835	0.042477544
228681	1665	0.042414278
228727	4900	0.042508192
228727	4103	0.042508185
228727	932	0.042145614
228727	334	0.041955154
228727	2463	0.041874617
228727	3186	0.041874595
228727	6539	0.04187459
228727	6520	0.041860253
228727	889	0.041779734
228727	5201	0.04177972
228738	1205	0.0584972
228738	210	0.05849716
228738	2555	0.058360912
228738	213	0.05836086
228738	3520	0.0582441
228738	935	0.05807542
228738	3445	0.05791934
228738	2120	0.05788195
228738	2465	0.057856336
228738	552	0.057602853
228764	1419	0.043718733
228764	4756	0.043718733
228764	1421	0.043718725
228764	3822	0.04371872
228764	1049	0.043718703
228764	6587	0.0437187
228764	3572	0.04371869
228764	3634	0.04371869
228764	5183	0.043718684
228764	5292	0.043718684
228789	4245	0.07334333
228789	5205	0.0719591
228789	4788	0.07121302
228789	692	0.07052994
228789	507	0.07041751
228789	124	0.07036993
228789	589	0.07016357
228789	4442	0.07000691
228789	432	0.06998917
228789	4607	0.06929395
228868	1076	0.06591445
228868	3443	0.06572914
228868	448	0.06501554
228868	2883	0.064830676
228868	606	0.06480597
228868	581	0.06462674
228868	2991	0.06458424
228868	2387	0.0643056
228868	6111	0.064169325
228868	1261	0.06408195
228998	1961	0.051722452
228998	4307	0.05153635
228998	1527	0.051476806
228998	2950	0.05142251
228998	973	0.051075872
228998	2813	0.050921075
228998	2692	0.05087431
228998	5517	0.050832257
228998	526	0.050767913
228998	3049	0.050674103
229011	1690	0.047385674
229011	1444	0.047004577
229011	2961	0.04700456
229011	279	0.046958752
229011	3056	0.04679554
229011	414	0.046756644
229011	2870	0.046636388
229011	4119	0.04652469
229011	1526	0.046442278
229011	1261	0.046400815
229055	32	0.04395833
229055	4655	0.043932423
229055	126	0.04384523
229055	3334	0.043662526
229055	224	0.043638624
229055	1840	0.043595
229055	3571	0.043594975
229055	3264	0.04349902
229055	1625	0.043498997
229055	3751	0.043464474
229177	6112	0.039285846
229177	5346	0.039210916
229177	2126	0.039137483
229177	2036	0.03909585
229177	2815	0.039087873
229177	1346	0.03904961
229177	5807	0.03887047
229177	2257	0.038870454
229177	4548	0.038852032
229177	2496	0.038845886
229243	5882	0.04911866
229243	2737	0.04911865
229243	2282	0.048942134
229243	1160	0.048923537
229243	3601	0.04892353
229243	4392	0.0489235
229243	4992	0.048923478
229243	6329	0.04892346
229243	4989	0.04864057
229243	3964	0.04859478
229313	3581	0.07192657
229313	338	0.07191958
229313	341	0.07191958
229313	1260	0.07191956
229313	5601	0.071919516
229313	3104	0.07158108
229313	2317	0.07138319
229313	708	0.07129426
229313	434	0.07129422
229313	3064	0.07075786
229331	981	0.06034343
229331	503	0.060306363
229331	991	0.060001
229331	2156	0.058694616
229331	6674	0.058675766
229331	1115	0.058520727
229331	4269	0.05833377
229331	504	0.058286782
229331	1640	0.05827558
229331	2398	0.058275558
229334	2216	0.046380132
229334	5441	0.04611577
229334	2300	0.04582066
229334	4020	0.045528833
229334	2898	0.045501355
229334	2583	0.045337364
229334	4060	0.04530277
229334	3134	0.044798594
229334	1459	0.044680953
229334	1628	0.044556938
229409	4030	0.071844354
229409	1572	0.07140185
229409	5254	0.07127643
229409	1586	0.07094921
229409	202	0.070918076
229409	6081	0.070840575
229409	5760	0.07076213
229409	393	0.07070717
229409	910	0.07048845
229409	170	0.070437774
229448	5483	0.04158472
229448	3493	0.04155019
229448	5850	0.04150121
229448	6064	0.04149249
229448	6042	0.04146456
229448	6593	0.04134707
229448	2933	0.041343637
229448	6223	0.041337684
229448	6282	0.041324474
229448	3110	0.041301005
229454	4161	0.05003822
229454	2070	0.049781673
229454	2579	0.0495693
229454	1662	0.04953926
229454	5696	0.049539242
229454	6417	0.04953918
229454	3364	0.049453616
229454	1432	0.049426757
229454	3297	0.04941637
229454	2010	0.049346924
229496	6372	0.036874916
229496	4482	0.0368749
229496	5655	0.03682185
229496	5257	0.036752094
229496	1476	0.036752075
229496	3826	0.03674465
229496	3902	0.03666385
229496	5861	0.03657201
229496	563	0.03644269
229496	2998	0.036442645
229502	980	0.050887328
229502	2284	0.04984004
229502	6050	0.04932102
229502	5782	0.049144484
229502	6204	0.04888634
229502	2075	0.048859987
229502	6082	0.04883282
229502	2256	0.04837627
229502	2500	0.04824471
229502	4991	0.048188094
229551	6406	0.042663552
229551	1957	0.042335458
229551	2735	0.042163946
229551	301	0.041784573
229551	2554	0.041784562
229551	2458	0.04176653
229551	930	0.04174331
229551	465	0.04174327
229551	3142	0.041743264
229551	6251	0.04170488
229632	2627	0.04991077
229632	3236	0.04971689
229632	780	0.049420893
229632	2894	0.049248047
229632	1000	0.04917668
229632	4528	0.049164522
229632	5	0.049119532
229632	2037	0.049063765
229632	3288	0.049026392
229632	5095	0.04898861
229656	6541	0.04317933
229656	2475	0.043179315
229656	5200	0.042928368
229656	131	0.04292836
229656	4421	0.042860873
229656	6616	0.042801008
229656	5741	0.042751122
229656	132	0.04273416
229656	1479	0.04273416
229656	6693	0.042575307
229681	5512	0.042894863
229681	3262	0.042717353
229681	5220	0.04263868
229681	2338	0.042612195
229681	3140	0.042451967
229681	6373	0.04244112
229681	6880	0.0424257
229681	6710	0.042354636
229681	1687	0.042101152
229681	6183	0.042079657
229703	1851	0.059693724
229703	4161	0.059559733
229703	1813	0.05951439
229703	3616	0.059475325
229703	2662	0.05942271
229703	3659	0.05923922
229703	2028	0.05911716
229703	144	0.058905352
229703	727	0.05856537
229703	2337	0.05856136
229741	600	0.0648251
229741	397	0.06433905
229741	458	0.06428923
229741	6709	0.06416842
229741	3426	0.06416839
229741	1462	0.06407598
229741	3022	0.063822925
229741	941	0.06357068
229741	1428	0.06354653
229741	5730	0.06350376
229742	189	0.06030108
229742	1561	0.06026759
229742	5082	0.060148343
229742	4782	0.059992585
229742	882	0.05999256
229742	3527	0.05993939
229742	384	0.05993938
229742	1571	0.059939332
229742	5764	0.059928846
229742	1816	0.05990594
229767	1389	0.092427336
229767	420	0.0912838
229767	1550	0.09111734
229767	614	0.091017134
229767	1490	0.09085189
229767	1253	0.090748966
229767	406	0.09038211
229767	243	0.08954271
229767	3943	0.08941707
229767	1630	0.0893774
229768	3198	0.04491149
229768	4336	0.044883676
229768	3285	0.044533473
229768	4471	0.04452263
229768	983	0.04386427
229768	7	0.043863337
229768	5054	0.043858863
229768	456	0.0435087
229768	3512	0.043461874
229768	4768	0.04345551
229899	36	0.033052403
229899	3677	0.03295639
229899	6506	0.03289969
229899	4461	0.03280106
229899	4582	0.032675717
229899	4961	0.032664828
229899	3515	0.03264687
229899	5853	0.032643043
229899	2931	0.032584947
229899	681	0.032581706
229922	4528	0.0622911
229922	167	0.06217025
229922	2037	0.062076528
229922	2894	0.06205625
229922	197	0.0620437
229922	2604	0.06186189
229922	4272	0.061793543
229922	358	0.061597668
229922	2565	0.061364766
229922	3134	0.061336435
230013	3217	0.036094412
230013	1329	0.03601549
230013	391	0.0358959
230013	5134	0.035850026
230013	440	0.03582494
230013	6004	0.03520289
230013	1594	0.035147667
230013	651	0.035095457
230013	2992	0.03500572
230013	2542	0.03496255
230030	6317	0.04882774
230030	2006	0.0487004
230030	5178	0.04862559
230030	962	0.048424765
230030	4858	0.048256084
230030	5698	0.04819502
230030	2968	0.048195012
230030	2983	0.048115082
230030	3373	0.04809723
230030	1973	0.04809719
230105	1760	0.04758269
230105	4732	0.047499202
230105	4773	0.047483172
230105	423	0.047337115
230105	5693	0.04730677
230105	6843	0.04705304
230105	6429	0.047046192
230105	3137	0.04699985
230105	6253	0.046888188
230105	204	0.046822604
230115	158	0.048228305
230115	2516	0.0481965
230115	3770	0.048191145
230115	487	0.048017718
230115	175	0.047985867
230115	1264	0.04779829
230115	2007	0.047633484
230115	2541	0.047591016
230115	800	0.04731153
230115	474	0.047032863
230180	1961	0.050162636
230180	526	0.049812585
230180	1527	0.049298584
230180	794	0.049276486
230180	4560	0.049250312
230180	5288	0.049107358
230180	5352	0.048997782
230180	4307	0.04895459
230180	1268	0.04887663
230180	620	0.04880195
230293	3587	0.0438352
230293	4279	0.043835178
230293	6143	0.043705318
230293	1369	0.043698862
230293	643	0.04369884
230293	1634	0.043672893
230293	5216	0.04367286
230293	1166	0.04361409
230293	4140	0.04361409
230293	1337	0.043614075
230400	139	0.02782159
230400	735	0.027690668
230400	5842	0.027644359
230400	4355	0.02763915
230400	5664	0.027591998
230400	612	0.027574437
230400	2727	0.027572045
230400	3731	0.027527822
230400	3787	0.027448824
230400	2046	0.027410362
230428	6530	0.037206355
230428	4884	0.037002973
230428	3183	0.036950298
230428	4113	0.036940932
230428	969	0.036935627
230428	3547	0.03669216
230428	6688	0.036594495
230428	4962	0.036498345
230428	514	0.036438905
230428	961	0.036423743
230496	1642	0.04039141
230496	2859	0.04019453
230496	5154	0.040040053
230496	1217	0.039875
230496	2232	0.039854936
230496	3282	0.039842345
230496	488	0.039806508
230496	3464	0.039729938
230496	5686	0.039727174
230496	1263	0.03965679
230626	262	0.049724698
230626	3011	0.049430512
230626	6631	0.04916732
230626	315	0.04900979
230626	892	0.04898458
230626	216	0.048841238
230626	3355	0.048827544
230626	1862	0.04881551
230626	4921	0.04878834
230626	4031	0.048788313
230627	1426	0.052285403
230627	4583	0.052285373
230627	5835	0.052178763
230627	6574	0.05209744
230627	2331	0.05187825
230627	3053	0.051796935
230627	6130	0.05163935
230627	644	0.051530633
230627	549	0.051479734
230627	2371	0.051313777
230629	2943	0.034904815
230629	6824	0.034695216
230629	3526	0.03466583
230629	5508	0.034618713
230629	2978	0.03459946
230629	2046	0.034173936
230629	231	0.03405613
230629	4725	0.034044795
230629	5664	0.03404008
230629	1464	0.033986017
230687	1432	0.044247948
230687	34	0.0442079
230687	268	0.044183157
230687	577	0.043955423
230687	4696	0.043955423
230687	2963	0.043933116
230687	5406	0.043802287
230687	5042	0.04380228
230687	3534	0.04372428
230687	3846	0.04370198
230699	1958	0.052783296
230699	2302	0.05276334
230699	1627	0.05258237
230699	18	0.05247181
230699	3129	0.052458942
230699	4181	0.05245443
230699	4639	0.052454382
230699	3438	0.052390978
230699	6406	0.052318662
230699	1140	0.052308355
230708	2077	0.055218756
230708	442	0.055218726
230708	3222	0.054998472
230708	144	0.054921452
230708	4175	0.05480378
230708	6554	0.054803774
230708	2070	0.054792438
230708	5696	0.054726765
230708	1662	0.054726757
230708	6417	0.054726686
230878	440	0.04187412
230878	170	0.041834556
230878	67	0.04176243
230878	1329	0.041702826
230878	1251	0.04132894
230878	169	0.04127171
230878	329	0.041255154
230878	619	0.04125515
230878	2795	0.041167267
230878	1854	0.04112757
230985	4434	0.03882785
230985	1644	0.03881523
230985	677	0.038686275
230985	4899	0.03866035
230985	1418	0.03858257
230985	2061	0.03857077
230985	3065	0.038570765
230985	3020	0.03856536
230985	5581	0.03853315
230985	467	0.038504682
231081	1070	0.07645807
231081	816	0.07597302
231081	1405	0.07590811
231081	2281	0.075688615
231081	3169	0.07556183
231081	537	0.07553107
231081	1600	0.07551952
231081	2317	0.075466074
231081	339	0.07511988
231081	183	0.075054996
231132	6140	0.043141536
231132	3463	0.04311337
231132	2336	0.04292749
231132	4844	0.04289934
231132	4302	0.042899337
231132	2329	0.0428124
231132	4154	0.042785816
231132	4035	0.042784207
231132	6720	0.042728275
231132	1763	0.042728215
231149	5300	0.044472903
231149	6903	0.044257827
231149	4562	0.04423521
231149	4592	0.044235118
231149	1759	0.044177964
231149	608	0.043805085
231149	4066	0.043313004
231149	3047	0.04326803
231149	1240	0.04322436
231149	456	0.04318998
231210	2229	0.07018727
231210	2788	0.07009524
231210	6097	0.07006195
231210	108	0.06977011
231210	543	0.06959669
231210	3330	0.06953461
231210	6092	0.06944746
231210	2367	0.06937273
231210	2670	0.06934962
231210	4777	0.06921144
231225	2164	0.043341257
231225	1161	0.04321541
231225	3276	0.043141864
231225	694	0.043135263
231225	2259	0.04313524
231225	1995	0.04310488
231225	2240	0.043044962
231225	5274	0.042943545
231225	3272	0.042898882
231225	2264	0.042787123
231237	1783	0.054707006
231237	6259	0.05417075
231237	730	0.05304607
231237	5230	0.052799847
231237	2744	0.05258937
231237	1789	0.052401505
231237	98	0.052323014
231237	715	0.05203659
231237	2912	0.05146955
231237	1251	0.051447086
231251	4178	0.04513666
231251	2080	0.0451366
231251	155	0.045075275
231251	6590	0.045033816
231251	5951	0.045032896
231251	2732	0.04475116
231251	2064	0.044738013
231251	662	0.044737104
231251	1328	0.04469403
231251	605	0.0446413
231252	577	0.04797784
231252	4696	0.047977816
231252	2919	0.0478288
231252	1249	0.04780311
231252	2324	0.04765704
231252	2963	0.047619145
231252	247	0.047514018
231252	1336	0.047120683
231252	4346	0.047113217
231252	2881	0.046955325
231255	5205	0.04840153
231255	2744	0.048305787
231255	5618	0.048279382
231255	4442	0.04772084
231255	95	0.047684163
231255	1789	0.047630467
231255	5136	0.04757551
231255	1271	0.047437653
231255	4245	0.047320306
231255	507	0.047170453
231263	3508	0.05397775
231263	245	0.05397772
231263	3603	0.053977683
231263	6301	0.053923804
231263	4447	0.0539238
231263	3021	0.053923797
231263	3491	0.05392376
231263	6161	0.053839087
231263	1034	0.05383905
231263	3959	0.05383905
231264	5020	0.045213282
231264	3745	0.045056023
231264	6721	0.044972315
231264	4014	0.0449723
231264	3645	0.044682153
231264	5015	0.044598464
231264	1692	0.044588648
231264	3296	0.04458861
231264	1846	0.044214763
231264	3543	0.044200875
231337	5591	0.06955707
231337	3525	0.06955706
231337	5504	0.06915816
231337	5270	0.06899813
231337	1956	0.06897515
231337	5448	0.06872162
231337	1003	0.06866028
231337	1194	0.06857559
231337	6129	0.06857554
231337	1577	0.068494126
231340	5312	0.042787768
231340	8	0.042787753
231340	4043	0.042787727
231340	3824	0.04278362
231340	3017	0.042737745
231340	1010	0.0427377
231340	4555	0.042723797
231340	3100	0.042723775
231340	4556	0.042723764
231340	2260	0.04272376
231351	6566	0.058490362
231351	2427	0.058169417
231351	2148	0.057792146
231351	3238	0.057766795
231351	4051	0.05774074
231351	4448	0.05772754
231351	6177	0.05772753
231351	1101	0.057522018
231351	3320	0.057457376
231351	2894	0.057455264
231354	1934	0.06188508
231354	4734	0.061830863
231354	1330	0.061830837
231354	6028	0.061764147
231354	911	0.061764125
231354	484	0.061764095
231354	3444	0.061764054
231354	1084	0.061735313
231354	5328	0.061735295
231354	1203	0.06161516
231357	5815	0.056993462
231357	20	0.05699345
231357	2867	0.05699341
231357	1261	0.05616755
231357	739	0.0557943
231357	1602	0.055078097
231357	708	0.054997258
231357	434	0.054997187
231357	606	0.054610595
231357	1640	0.0542861
231374	1463	0.04263661
231374	3169	0.04250212
231374	622	0.042311244
231374	816	0.041835785
231374	5779	0.041821443
231374	1472	0.041819975
231374	4998	0.0417559
231374	2923	0.04171967
231374	1407	0.04166334
231374	481	0.0416494
231393	617	0.048008732
231393	2155	0.047931217
231393	6682	0.04793118
231393	5499	0.047888428
231393	559	0.047881287
231393	6308	0.047881283
231393	6845	0.04784164
231393	2521	0.047692478
231393	1435	0.047690004
231393	4902	0.047610313
231395	1554	0.039270222
231395	1191	0.0392702
231395	2252	0.039007433
231395	1681	0.039007418
231395	1028	0.039007407
231395	1234	0.039007403
231395	3559	0.039007388
231395	1772	0.03894897
231395	1023	0.038948968
231395	2231	0.038948942
231560	857	0.045563243
231560	1349	0.045563232
231560	4557	0.04556322
231560	992	0.0455632
231560	2263	0.04550598
231560	6245	0.045505956
231560	2593	0.045462057
231560	5282	0.045462046
231560	6523	0.045462042
231560	4636	0.045404755
231613	4424	0.05504191
231613	5976	0.05502563
231613	6500	0.05498579
231613	4706	0.05476624
231613	2843	0.0546883
231613	5904	0.05466859
231613	131	0.054659646
231613	2753	0.054657582
231613	1481	0.054484174
231613	563	0.054389566
231694	5319	0.039613605
231694	4962	0.03961101
231694	5550	0.039309125
231694	3052	0.03909884
231694	6007	0.038998432
231694	5681	0.03891869
231694	4674	0.038781453
231694	4854	0.038772445
231694	1710	0.038680367
231694	4018	0.038671926
231823	1419	0.045407016
231823	4756	0.045407016
231823	3822	0.045407005
231823	1421	0.045406997
231823	1049	0.04540699
231823	3572	0.045406982
231823	6587	0.045406982
231823	5292	0.045406975
231823	5183	0.045406967
231823	995	0.04540696
231827	1640	0.063576184
231827	2398	0.06357615
231827	158	0.06339032
231827	2007	0.06271496
231827	2516	0.06247703
231827	6674	0.06187193
231827	3064	0.061846454
231827	487	0.06166496
231827	708	0.06161609
231827	434	0.06161602
231857	473	0.048252355
231857	1070	0.047698475
231857	983	0.047531303
231857	2290	0.047130436
231857	4471	0.047097363
231857	480	0.046752192
231857	991	0.04663517
231857	6674	0.046468675
231857	503	0.046440035
231857	472	0.046367425
231897	5925	0.042671636
231897	3864	0.042618092
231897	5289	0.042618062
231897	2111	0.042611785
231897	6698	0.04261176
231897	6831	0.042611755
231897	2754	0.04259468
231897	2277	0.042588554
231897	4723	0.042541027
231897	802	0.042531617
231993	356	0.057863727
231993	4989	0.057861634
231993	2849	0.05773791
231993	1360	0.057737898
231993	5243	0.057725854
231993	609	0.057725802
231993	2821	0.05758702
231993	278	0.057575025
231993	2208	0.057575025
231993	1737	0.057575002
232030	85	0.053199783
232030	693	0.05314995
232030	1817	0.05308544
232030	133	0.053085428
232030	4710	0.0529299
232030	500	0.052818686
232030	1781	0.052783083
232030	3796	0.052677423
232030	1971	0.052656822
232030	6111	0.052475806
232052	981	0.04970007
232052	503	0.04924374
232052	991	0.048889406
232052	274	0.048807155
232052	1115	0.04801862
232052	5155	0.04766227
232052	1117	0.047662254
232052	2497	0.047662236
232052	3083	0.04752758
232052	837	0.047355548
232067	1005	0.035841923
232067	4511	0.0358419
232067	2105	0.035841897
232067	3261	0.035841893
232067	4634	0.035841893
232067	6241	0.035841893
232067	3045	0.035841886
232067	5839	0.035841856
232067	3863	0.035820387
232067	253	0.035820365
232103	2966	0.04701606
232103	625	0.04669256
232103	3992	0.04634845
232103	373	0.046324436
232103	340	0.04622398
232103	2236	0.046206355
232103	2532	0.046205677
232103	2809	0.046205647
232103	3669	0.046205617
232103	4055	0.046118617
232106	5815	0.07848185
232106	20	0.07848184
232106	2867	0.07848179
232106	1071	0.07721616
232106	1261	0.077057056
232106	459	0.07702925
232106	1602	0.07693732
232106	739	0.07690348
232106	708	0.07678327
232106	434	0.07678321
232107	1220	0.05187195
232107	3209	0.051729176
232107	72	0.051729154
232107	5218	0.051714662
232107	5496	0.05171461
232107	4668	0.051647097
232107	1258	0.051632524
232107	1962	0.051632494
232107	3928	0.051632494
232107	42	0.05163247
232131	526	0.06926835
232131	1961	0.06919354
232131	169	0.068903856
232131	2725	0.06802776
232131	1268	0.067974426
232131	5352	0.06792246
232131	1527	0.067721784
232131	202	0.06766769
232131	4332	0.06766607
232131	971	0.0676043
232211	708	0.048539978
232211	434	0.04853995
232211	3064	0.048383925
232211	341	0.048308127
232211	338	0.048308115
232211	1260	0.04830811
232211	5601	0.048308082
232211	2317	0.048152093
232211	3581	0.047709264
232211	6674	0.0475695
232271	6524	0.053178668
232271	3574	0.053178623
232271	3800	0.053178616
232271	4715	0.052764446
232271	6266	0.05262898
232271	3655	0.052621394
232271	1152	0.05262138
232271	5831	0.052621365
232271	109	0.05258485
232271	1893	0.052584782
232292	800	0.02801735
232292	777	0.027923824
232292	176	0.027923794
232292	4165	0.027674854
232292	4549	0.027656775
232292	3177	0.027628882
232292	1964	0.027611725
232292	2516	0.027444853
232292	1527	0.02736324
232292	4982	0.027325556
232343	2859	0.052303225
232343	3196	0.052089754
232343	6803	0.05179143
232343	2868	0.05179137
232343	1642	0.051714566
232343	5686	0.05164901
232343	2826	0.05160837
232343	5390	0.05148743
232343	2232	0.051270336
232343	779	0.05093111
232492	1459	0.0426092
232492	2216	0.04169543
232492	4133	0.041690595
232492	6563	0.041639574
232492	2632	0.04136218
232492	2420	0.04121746
232492	641	0.041191213
232492	2300	0.041184895
232492	5441	0.041184455
232492	4060	0.040913723
232583	2284	0.04426444
232583	2075	0.04381396
232583	5943	0.043773964
232583	3824	0.04374446
232583	2500	0.043743033
232583	878	0.04365149
232583	940	0.043587495
232583	5983	0.043529645
232583	828	0.04331687
232583	566	0.04331684
232708	1343	0.04722116
232708	4372	0.047159556
232708	4638	0.04684837
232708	5287	0.046848346
232708	557	0.04683723
232708	173	0.04681494
232708	3432	0.04676982
232708	2340	0.046766244
232708	5045	0.04671234
232708	5711	0.046591483
232736	4446	0.031931847
232736	4147	0.031884857
232736	4599	0.03185448
232736	4709	0.031804815
232736	6752	0.031720564
232736	2111	0.03171287
232736	6698	0.031712864
232736	6831	0.03171286
232736	4723	0.03166321
232736	3864	0.031612296
232756	1076	0.0788292
232756	879	0.078548014
232756	2387	0.078158975
232756	2991	0.07755021
232756	448	0.077488676
232756	606	0.0773554
232756	2503	0.07689563
232756	708	0.075821176
232756	434	0.075821094
232756	1817	0.07580853
232838	2327	0.060083516
232838	1387	0.060083445
232838	2698	0.0599097
232838	4905	0.059722368
232838	2631	0.059644595
232838	6543	0.059346944
232838	84	0.059278097
232838	330	0.059278015
232838	1526	0.059106413
232838	3274	0.059014387
232929	606	0.058986053
232929	504	0.058416255
232929	879	0.058260374
232929	2823	0.05789952
232929	1630	0.057316966
232929	5140	0.056685656
232929	432	0.056601744
232929	243	0.05646415
232929	3207	0.05637607
232929	589	0.056132436
232945	6250	0.067536265
232945	5675	0.06748925
232945	1328	0.0674204
232945	2732	0.06699672
232945	4178	0.066964164
232945	2080	0.06696409
232945	1094	0.06695869
232945	1045	0.06695865
232945	1725	0.066958636
232945	2820	0.06691146
232959	18	0.054430783
232959	3328	0.054420814
232959	4181	0.054247927
232959	4639	0.05424787
232959	1412	0.054199062
232959	1219	0.05415394
232959	1753	0.05415329
232959	5574	0.054153286
232959	2068	0.05415326
232959	3438	0.054115064
232964	350	0.060964763
232964	2513	0.060173273
232964	2290	0.05930201
232964	1248	0.059211165
232964	5867	0.059186604
232964	456	0.059172757
232964	7	0.059060268
232964	572	0.05901473
232964	2178	0.058871724
232964	3899	0.058724783
232990	6650	0.062431935
232990	3714	0.06211751
232990	1224	0.06189326
232990	1247	0.06186167
232990	6016	0.061861664
232990	5245	0.061861653
232990	4257	0.06168046
232990	2406	0.061629854
232990	5568	0.061565757
232990	861	0.061312556
233117	5259	0.046579503
233117	1271	0.046334017
233117	2981	0.046132956
233117	1776	0.04612132
233117	5205	0.046064552
233117	884	0.046025515
233117	2744	0.046014473
233117	1789	0.045880113
233117	3053	0.045878634
233117	1880	0.045843158
233143	6010	0.045223765
233143	1480	0.04517515
233143	784	0.045144793
233143	5884	0.045144744
233143	4850	0.04495991
233143	4620	0.04490345
233143	6598	0.044856194
233143	5402	0.044776496
233143	5499	0.044713806
233143	5824	0.04470861
233312	384	0.061413392
233312	3527	0.061413392
233312	1571	0.061413355
233312	1816	0.061361678
233312	5617	0.061361633
233312	2555	0.061162166
233312	213	0.061162107
233312	52	0.060971804
233312	3442	0.06097178
233312	1499	0.06092004
233427	3064	0.08130714
233427	708	0.080215424
233427	434	0.080215365
233427	2317	0.07988919
233427	2823	0.07924196
233427	3581	0.07891544
233427	341	0.078797445
233427	338	0.07879742
233427	1260	0.0787974
233427	5601	0.07879735
233430	2926	0.057858042
233430	674	0.05783976
233430	6015	0.0577643
233430	6360	0.05773385
233430	4341	0.05772554
233430	2707	0.057717703
233430	244	0.05753646
233430	5707	0.05748736
233430	3228	0.057448518
233430	701	0.057448488
233431	1948	0.04733508
233431	1369	0.04732212
233431	643	0.047322094
233431	927	0.04718472
233431	1332	0.04716844
233431	5730	0.047157947
233431	1156	0.047141388
233431	390	0.047046974
233431	2892	0.04693053
233431	3587	0.046886828
233436	4584	0.04626885
233436	6513	0.046268787
233436	1978	0.046244398
233436	5164	0.046076655
233436	6286	0.04605197
233436	1148	0.045770835
233436	5622	0.04577083
233436	2183	0.045770787
233436	5400	0.045761354
233436	6438	0.045752436
233445	3005	0.038014043
233445	5072	0.037776917
233445	5271	0.037500132
233445	1496	0.03737005
233445	6187	0.037366927
233445	2211	0.037263323
233445	2518	0.0372109
233445	1707	0.03718955
233445	3333	0.037177276
233445	4623	0.037166506
233480	1432	0.06126106
233480	2467	0.061177623
233480	268	0.06105551
233480	3846	0.06092306
233480	5304	0.060849868
233480	2574	0.06079799
233480	2662	0.060723126
233480	1670	0.0606139
233480	2838	0.060487676
233480	1813	0.060432285
233526	2317	0.06052588
233526	341	0.060211275
233526	338	0.060211256
233526	1260	0.060211234
233526	5601	0.060211197
233526	3581	0.060199484
233526	183	0.059718758
233526	537	0.059584316
233526	708	0.059501894
233526	434	0.059501857
233529	2678	0.037301768
233529	4069	0.03719107
233529	2639	0.037174977
233529	3247	0.037156157
233529	3952	0.037079625
233529	4963	0.03707459
233529	4518	0.037074566
233529	1373	0.0370588
233529	579	0.037050523
233529	505	0.037050255
233543	5774	0.043044828
233543	5345	0.04302381
233543	3249	0.043023784
233543	3649	0.043013852
233543	3844	0.04299773
233543	1912	0.042953767
233543	4832	0.042923294
233543	263	0.042923287
233543	6272	0.04292328
233543	6423	0.042923257
233578	1261	0.06566383
233578	606	0.06505116
233578	2883	0.06384912
233578	20	0.06291051
233578	5815	0.0629105
233578	2867	0.06291045
233578	414	0.062270563
233578	1444	0.061980154
233578	2961	0.06198009
233578	3056	0.06196338
233711	3207	0.056109995
233711	160	0.056041446
233711	1854	0.055457253
233711	2543	0.055409733
233711	432	0.05531502
233711	77	0.055311013
233711	727	0.055161305
233711	1851	0.05502417
233711	451	0.054911025
233711	2337	0.054432347
233719	1686	0.05429097
233719	1192	0.054220308
233719	4625	0.05393201
233719	4221	0.053869333
233719	1660	0.053572312
233719	1523	0.053547297
233719	2189	0.053547285
233719	319	0.05354727
233719	833	0.053542465
233719	455	0.053442813
233856	1389	0.07297282
233856	406	0.07272798
233856	1490	0.07263662
233856	2432	0.07216512
233856	420	0.07143209
233856	5792	0.07129494
233856	1867	0.07091083
233856	958	0.07086712
233856	664	0.07062417
233856	614	0.07050415
233867	1713	0.063420266
233867	2387	0.06338844
233867	1436	0.06331643
233867	1071	0.06303419
233867	3581	0.06301941
233867	708	0.06290513
233867	434	0.06290506
233867	1574	0.062609226
233867	1261	0.062510744
233867	5815	0.062462162
233889	4401	0.059531584
233889	665	0.059280943
233889	2919	0.059027046
233889	930	0.058979027
233889	465	0.058978982
233889	3142	0.05897897
233889	4026	0.058876723
233889	1055	0.05883027
233889	1773	0.05879624
233889	1336	0.05877633
233903	5355	0.039147567
233903	6304	0.03914078
233903	3155	0.03914076
233903	5659	0.03914076
233903	6460	0.03914074
233903	4095	0.03911995
233903	5515	0.039105076
233903	4803	0.03908261
233903	2100	0.039061807
233903	5446	0.039017826
233911	2513	0.05125933
233911	2374	0.050976325
233911	2178	0.050499603
233911	7	0.050146747
233911	350	0.04981331
233911	5867	0.049789503
233911	2290	0.04966616
233911	2964	0.049579583
233911	472	0.049435586
233911	469	0.049389854
233976	2211	0.046027943
233976	4623	0.045992218
233976	1496	0.045884058
233976	2125	0.04555592
233976	3200	0.04553414
233976	3046	0.045524336
233976	2576	0.04548565
233976	4597	0.0454806
233976	2108	0.045451626
233976	3241	0.04540792
234023	5127	0.03262724
234023	2223	0.032332253
234023	466	0.0321785
234023	4296	0.03177449
234023	100	0.03170501
234023	2205	0.031430796
234023	4632	0.031350076
234023	1454	0.030606978
234023	5665	0.030605113
234023	6532	0.030483585
234165	3549	0.055092573
234165	3472	0.055064015
234165	5553	0.054968644
234165	1883	0.054940045
234165	265	0.054940037
234165	687	0.054920845
234165	3692	0.054892223
234165	5063	0.05475747
234165	5885	0.054736815
234165	6914	0.05462184
234359	2788	0.054040097
234359	1568	0.054009654
234359	3985	0.05390575
234359	4845	0.05358919
234359	2235	0.053181786
234359	6750	0.05309937
234359	1214	0.053002156
234359	4651	0.052927334
234359	6097	0.05288226
234359	5652	0.052837953
234399	41	0.056631535
234399	6493	0.056551382
234399	933	0.05623241
234399	70	0.056169555
234399	5404	0.056169517
234399	2494	0.05608719
234399	6719	0.055920273
234399	1574	0.05591046
234399	3300	0.0558083
234399	6127	0.055794723
234565	338	0.062374003
234565	341	0.062373992
234565	1260	0.06237399
234565	5601	0.06237395
234565	2178	0.062313605
234565	3104	0.062291145
234565	3300	0.062123355
234565	2494	0.062057395
234565	3581	0.062028497
234565	41	0.061926216
234597	6169	0.054913677
234597	1783	0.05399264
234597	3799	0.053890795
234597	1796	0.0534587
234597	5401	0.053445496
234597	350	0.053325884
234597	526	0.053173818
234597	2178	0.052981593
234597	6259	0.05289445
234597	6382	0.0526167
234614	4903	0.025686378
234614	266	0.025686372
234614	6863	0.02562067
234614	6247	0.025620662
234614	2709	0.025587816
234614	5597	0.02558085
234614	1905	0.025580848
234614	6205	0.025580848
234614	4241	0.02558083
234614	6319	0.02558083
234623	1248	0.046192147
234623	3315	0.045976765
234623	4160	0.045873772
234623	2215	0.045743406
234623	2115	0.045739546
234623	572	0.045685958
234623	1158	0.04563875
234623	2373	0.045479096
234623	2955	0.045308866
234623	4570	0.045302738
234647	2352	0.050766297
234647	4108	0.050528463
234647	6566	0.050478425
234647	5602	0.05023911
234647	778	0.049933683
234647	3971	0.0498575
234647	3258	0.04976172
234647	6646	0.049761683
234647	662	0.049726017
234647	3177	0.049635615
234672	459	0.04206104
234672	2362	0.04185254
234672	414	0.041341234
234672	3855	0.04114806
234672	152	0.040995996
234672	937	0.040995996
234672	3056	0.040969715
234672	188	0.040913325
234672	5352	0.040684476
234672	1444	0.040663224
234675	3073	0.04646607
234675	1538	0.046466053
234675	1378	0.046262585
234675	5462	0.04623165
234675	2600	0.046231627
234675	6156	0.046231605
234675	6020	0.046149626
234675	5284	0.04614962
234675	6846	0.046149597
234675	3281	0.046130367
234721	2501	0.06067024
234721	4860	0.060571834
234721	998	0.060488433
234721	6204	0.060437404
234721	5861	0.06040276
234721	3391	0.060191818
234721	2853	0.06014755
234721	2297	0.06013958
234721	1478	0.060139537
234721	5941	0.060139533
234743	1602	0.059715014
234743	739	0.05961108
234743	487	0.05906073
234743	5815	0.058897365
234743	2867	0.05889734
234743	20	0.058897335
234743	1708	0.05876143
234743	102	0.058395807
234743	1711	0.057537463
234743	474	0.057299726
234765	1977	0.051497936
234765	5794	0.051497914
234765	4737	0.051497873
234765	5533	0.05149786
234765	6578	0.051497836
234765	2175	0.05149457
234765	939	0.05149448
234765	5901	0.05146259
234765	3118	0.051459145
234765	4049	0.05145914
234893	6670	0.043872744
234893	1270	0.043736394
234893	5163	0.04373637
234893	3320	0.04371717
234893	1101	0.043714985
234893	3564	0.04367394
234893	4213	0.043610774
234893	2427	0.043547932
234893	4674	0.043391973
234893	736	0.043384086
234901	5223	0.057487503
234901	2390	0.057459243
234901	4237	0.057459235
234901	3582	0.057459228
234901	536	0.0572844
234901	4105	0.057114184
234901	2702	0.057110984
234901	3736	0.05704891
234901	1512	0.05704882
234901	6774	0.057018176
234925	6674	0.051634844
234925	708	0.05143832
234925	434	0.051438287
234925	4269	0.051182743
234925	3064	0.051173568
234925	341	0.050997004
234925	1260	0.050996985
234925	338	0.05099698
234925	5601	0.05099696
234925	2317	0.050732262
234948	4787	0.027518021
234948	4665	0.027469005
234948	337	0.027468989
234948	5963	0.027376674
234948	3027	0.027312957
234948	5623	0.027312944
234948	1151	0.027281288
234948	2800	0.027270542
234948	3811	0.02726772
234948	5467	0.027267689
234954	2932	0.05297982
234954	3121	0.05271227
234954	5164	0.052594934
234954	5917	0.052497156
234954	6302	0.05249715
234954	1414	0.05249711
234954	1978	0.052429616
234954	3811	0.052375738
234954	5467	0.052375667
234954	6286	0.052321132
235059	3581	0.07956098
235059	708	0.07926726
235059	434	0.0792672
235059	341	0.07898294
235059	338	0.07898292
235059	1260	0.0789829
235059	5601	0.07898286
235059	581	0.07862511
235059	1781	0.07859966
235059	3104	0.078356616
235099	5766	0.04878001
235099	5910	0.048779916
235099	4965	0.048742257
235099	5890	0.048742257
235099	6829	0.04868243
235099	639	0.048660427
235099	4330	0.048660427
235099	5453	0.04866042
235099	2117	0.048660383
235099	4906	0.048660375
235146	6151	0.046417728
235146	543	0.046176925
235146	3182	0.046083875
235146	4030	0.046058163
235146	218	0.04593389
235146	2348	0.045907423
235146	393	0.0455363
235146	540	0.04546178
235146	202	0.045311984
235146	165	0.045253932
235173	2406	0.046819232
235173	6650	0.04666455
235173	6262	0.046628606
235173	5695	0.04662858
235173	4693	0.046628546
235173	3714	0.04662133
235173	6161	0.04660386
235173	3959	0.04660383
235173	1034	0.04660382
235173	3041	0.046603817
235206	1541	0.03377992
235206	2221	0.033737503
235206	1456	0.033723056
235206	1025	0.033643663
235206	3230	0.033627447
235206	6410	0.033550404
235206	672	0.033535503
235206	5093	0.0335355
235206	6806	0.033535495
235206	2270	0.03351756
235282	2413	0.06727265
235282	1196	0.06717215
235282	2193	0.06700499
235282	2995	0.067004964
235282	3313	0.066907465
235282	5502	0.06690745
235282	3998	0.06688806
235282	3612	0.06688802
235282	287	0.066887975
235282	4050	0.066887975
235384	2488	0.047105346
235384	6375	0.046696246
235384	2426	0.04665672
235384	2897	0.046499133
235384	3757	0.046478815
235384	2261	0.04638464
235384	4881	0.046367303
235384	4321	0.046317425
235384	4681	0.04620493
235384	2797	0.04604361
235392	2048	0.056320406
235392	2012	0.055700473
235392	6886	0.055618323
235392	2623	0.05546226
235392	5431	0.05545678
235392	81	0.055023544
235392	6895	0.05501512
235392	5492	0.054978948
235392	5454	0.0549415
235392	4177	0.054836996
235498	2917	0.0617659
235498	2796	0.061642937
235498	2015	0.061591335
235498	6363	0.061493788
235498	1948	0.061460912
235498	3536	0.061405756
235498	4842	0.06140378
235498	6486	0.061391655
235498	4955	0.061164416
235498	927	0.061095722
235506	3064	0.070148155
235506	2317	0.06941558
235506	708	0.06930831
235506	434	0.06930825
235506	3581	0.069053456
235506	341	0.068575725
235506	338	0.0685757
235506	1260	0.06857567
235506	5601	0.06857562
235506	2823	0.06851285
235543	614	0.06306236
235543	1389	0.06283131
235543	243	0.062725976
235543	420	0.062472455
235543	1490	0.06210474
235543	406	0.062023006
235543	1253	0.061177175
235543	5140	0.06117134
235543	157	0.061043292
235543	1055	0.060978018
235671	777	0.044813026
235671	176	0.044812992
235671	3177	0.04470703
235671	1743	0.04470698
235671	4549	0.044335775
235671	5340	0.0439709
235671	712	0.043901138
235671	1269	0.043901075
235671	1447	0.04383905
235671	4165	0.04382503
235684	2470	0.043829165
235684	5095	0.043072186
235684	5249	0.042317107
235684	1000	0.042170886
235684	73	0.041327663
235684	621	0.04130662
235684	3273	0.041278422
235684	5283	0.04121993
235684	4060	0.04106921
235684	2113	0.04083109
235842	85	0.049861588
235842	2469	0.049767338
235842	4227	0.049620558
235842	500	0.04955464
235842	5936	0.04952631
235842	552	0.049526293
235842	1817	0.04945274
235842	133	0.049452722
235842	70	0.04935848
235842	5404	0.04935845
235884	608	0.032980673
235884	3285	0.032829184
235884	4562	0.032757003
235884	4592	0.03275695
235884	4007	0.032693736
235884	1240	0.032648563
235884	3198	0.03260541
235884	1695	0.03259522
235884	4336	0.032558594
235884	2509	0.0324786
235888	590	0.049080923
235888	61	0.04900156
235888	4235	0.04900154
235888	978	0.048993878
235888	227	0.048881747
235888	2918	0.048537895
235888	1490	0.048408594
235888	1902	0.04834806
235888	862	0.048316915
235888	1020	0.04813183
235895	4801	0.044732746
235895	5924	0.044727165
235895	6131	0.04469956
235895	2305	0.044677045
235895	3023	0.044650614
235895	6522	0.044641927
235895	3859	0.044595473
235895	5240	0.044538837
235895	771	0.044538826
235895	6497	0.04453498
235935	833	0.058316935
235935	1214	0.058181446
235935	2973	0.057850055
235935	1866	0.057826683
235935	1886	0.057787374
235935	455	0.057640955
235935	684	0.057576768
235935	417	0.057576764
235935	4105	0.057505533
235935	1192	0.057358596
235952	2514	0.042806745
235952	5859	0.042700574
235952	463	0.04259314
235952	6267	0.042529315
235952	2803	0.042432506
235952	2040	0.042422727
235952	5573	0.042422626
235952	3282	0.04227071
235952	2060	0.042197235
235952	2055	0.0421971
236017	5400	0.06748307
236017	6818	0.06727369
236017	6363	0.06715978
236017	2917	0.06710249
236017	2796	0.06709601
236017	4047	0.06691826
236017	6671	0.066918254
236017	1978	0.066793814
236017	3427	0.06644358
236017	4584	0.06635228
236025	5246	0.041116744
236025	1102	0.04105573
236025	1118	0.041055635
236025	3986	0.04103826
236025	1597	0.040916815
236025	3255	0.040903065
236025	3206	0.04088956
236025	2770	0.04087282
236025	3010	0.04084196
236025	1460	0.040831342
236030	2335	0.04528541
236030	3259	0.045222856
236030	2079	0.04522285
236030	5679	0.045169283
236030	3965	0.04514447
236030	1318	0.045098472
236030	2972	0.045098446
236030	2275	0.045090623
236030	6046	0.04505805
236030	2848	0.04505286
236044	1639	0.050649337
236044	4108	0.050609272
236044	541	0.05048033
236044	1458	0.050480317
236044	168	0.050480314
236044	6544	0.0504803
236044	6918	0.050436545
236044	3452	0.05010736
236044	5676	0.050096363
236044	1593	0.049744427
236058	2293	0.060173262
236058	2349	0.060054492
236058	6160	0.059881773
236058	278	0.05967872
236058	5166	0.0596787
236058	2208	0.05967869
236058	1737	0.059678685
236058	4230	0.05967866
236058	3954	0.059678636
236058	6028	0.059617236
236097	1596	0.037190348
236097	4570	0.036909528
236097	3586	0.036899783
236097	4052	0.03667836
236097	3976	0.03648083
236097	3512	0.03634541
236097	2215	0.03633631
236097	3285	0.0362801
236097	877	0.036237985
236097	915	0.03616608
236164	5946	0.04626914
236164	223	0.046269126
236164	399	0.046269126
236164	5385	0.04626912
236164	2122	0.04626911
236164	4371	0.046269104
236164	3734	0.0462691
236164	639	0.04618666
236164	4330	0.04618665
236164	5453	0.04618665
236172	1594	0.044913888
236172	1329	0.04486803
236172	440	0.044626154
236172	1068	0.04432399
236172	6865	0.0440316
236172	3217	0.043986425
236172	5134	0.04390374
236172	2950	0.043862693
236172	4432	0.043831598
236172	3213	0.04383156
236235	6558	0.041416377
236235	516	0.041416354
236235	422	0.041384056
236235	6701	0.041384034
236235	5047	0.041309934
236235	4148	0.041304428
236235	4225	0.041304417
236235	3324	0.041241325
236235	990	0.041241318
236235	1536	0.041201655
236255	2427	0.030798571
236255	1270	0.030780798
236255	5163	0.030780781
236255	1101	0.030623836
236255	4213	0.030623177
236255	3320	0.030590713
236255	6670	0.030555252
236255	6566	0.03055396
236255	6265	0.030510517
236255	4051	0.030478079
236267	2094	0.042254653
236267	3807	0.04221227
236267	6409	0.04221227
236267	1562	0.042083114
236267	4769	0.04208064
236267	5118	0.042052064
236267	4765	0.04205203
236267	4271	0.042038284
236267	4823	0.041989535
236267	913	0.04192044
236269	977	0.044930868
236269	6444	0.04493085
236269	1952	0.044918798
236269	415	0.044750623
236269	604	0.04474183
236269	2684	0.044730306
236269	2024	0.044689164
236269	1770	0.04459074
236269	4433	0.044574864
236269	2465	0.044566065
236322	2413	0.054161277
236322	5771	0.053789675
236322	957	0.053653732
236322	411	0.053584196
236322	1196	0.053569164
236322	575	0.053524755
236322	1592	0.05346235
236322	3062	0.053326488
236322	3999	0.053196438
236322	421	0.053196415
236340	5758	0.049407955
236340	2628	0.049110383
236340	2542	0.04907845
236340	3766	0.04907842
236340	4981	0.04904399
236340	1447	0.048977856
236340	651	0.04881294
236340	90	0.048766308
236340	5968	0.0487663
236340	6548	0.048650384
236349	5847	0.03992754
236349	2350	0.039860085
236349	3750	0.039860055
236349	5291	0.03986003
236349	2100	0.0398115
236349	4833	0.03979837
236349	1344	0.039742593
236349	3356	0.039701883
236349	1340	0.03966482
236349	3641	0.03963771
236399	3581	0.057360508
236399	2823	0.05735432
236399	708	0.057250895
236399	434	0.057250857
236399	341	0.057119813
236399	338	0.05711981
236399	1260	0.057119787
236399	5601	0.057119757
236399	3104	0.057108194
236399	3064	0.05707726
236480	1576	0.07014798
236480	5331	0.06993006
236480	5315	0.06988103
236480	6843	0.069517195
236480	1955	0.06938361
236480	4134	0.06889665
236480	1183	0.06887375
236480	5082	0.068800084
236480	1760	0.068768255
236480	2673	0.068518296
236587	6291	0.0635107
236587	664	0.0630712
236587	2625	0.06263333
236587	1616	0.062470473
236587	1286	0.062323008
236587	2391	0.06229446
236587	550	0.06202138
236587	1680	0.061832532
236587	636	0.06173183
236587	2920	0.06173182
236595	1267	0.034151483
236595	4208	0.033336177
236595	6823	0.033323865
236595	4172	0.03322711
236595	4542	0.03318214
236595	1697	0.03314039
236595	1285	0.03304465
236595	3347	0.03302989
236595	6515	0.032961983
236595	6905	0.032941155
236618	4782	0.06927733
236618	882	0.06927732
236618	68	0.06922893
236618	4247	0.06915631
236618	189	0.06881705
236618	693	0.0684357
236618	4710	0.06836286
236618	3520	0.068349265
236618	1397	0.06825653
236618	1177	0.06820327
236621	6561	0.059088174
236621	5397	0.059088156
236621	4661	0.059079334
236621	5558	0.058740065
236621	5562	0.05874005
236621	1535	0.05874004
236621	6311	0.058731284
236621	580	0.058731206
236621	1040	0.05872881
236621	6826	0.058710683
236700	153	0.046573743
236700	6023	0.046123635
236700	987	0.046034954
236700	2520	0.0460229
236700	6281	0.045922566
236700	788	0.045872904
236700	6598	0.04576391
236700	3377	0.045736387
236700	2296	0.045690853
236700	4506	0.045528688
236754	3044	0.04558473
236754	1548	0.045428805
236754	477	0.045221165
236754	4708	0.045208044
236754	1736	0.04507467
236754	3587	0.04502838
236754	4279	0.04502835
236754	4312	0.044971682
236754	5829	0.04490858
236754	3523	0.04486231
236757	526	0.060341194
236757	6169	0.059709046
236757	1961	0.05946283
236757	1068	0.058976628
236757	350	0.058718234
236757	169	0.058697827
236757	4560	0.05861694
236757	1783	0.058609657
236757	1251	0.058521032
236757	715	0.05816502
236840	1761	0.043311067
236840	792	0.043143064
236840	1100	0.04305715
236840	2031	0.043025665
236840	3639	0.04300519
236840	944	0.04288297
236840	2986	0.042882957
236840	3930	0.04288295
236840	1579	0.04279963
236840	2235	0.0427633
236943	3534	0.064163014
236943	3846	0.064045236
236943	2467	0.06390237
236943	2579	0.06372698
236943	544	0.06328043
236943	577	0.06321396
236943	4696	0.06321393
236943	268	0.06321114
236943	2963	0.063096195
236943	1432	0.06308585
236948	4700	0.046990514
236948	6434	0.04699049
236948	1351	0.04694385
236948	3968	0.046943814
236948	3597	0.046943802
236948	6401	0.046943802
236948	6852	0.046943773
236948	5351	0.046938024
236948	6028	0.046758145
236948	911	0.046758138
236955	739	0.058148634
236955	1602	0.05800924
236955	5815	0.05764912
236955	2867	0.0576491
236955	1711	0.05707205
236955	3133	0.05658467
236955	1071	0.056133736
236955	487	0.055787772
236955	1411	0.05540715
236955	1603	0.054980956
236959	5340	0.058817387
236959	5675	0.058621477
236959	2064	0.058567815
236959	3971	0.05840926
236959	712	0.05829178
236959	1269	0.058291726
236959	2545	0.05816271
236959	1447	0.05813174
236959	3177	0.058121197
236959	1743	0.058121134
236979	3270	0.038188737
236979	4938	0.03813667
236979	4548	0.038129613
236979	4800	0.037965156
236979	5346	0.037941225
236979	2536	0.037912827
236979	4941	0.037912805
236979	2556	0.037912797
236979	5359	0.037905205
236979	6035	0.037860736
236994	3690	0.05553973
236994	2329	0.055391736
236994	2010	0.055263624
236994	3588	0.055164192
236994	3093	0.05502578
236994	4035	0.055016138
236994	6140	0.054931704
236994	4846	0.054926306
236994	2336	0.054841895
236994	2190	0.054803677
237064	414	0.054731093
237064	1261	0.054255355
237064	1690	0.054195896
237064	2327	0.054106507
237064	1387	0.0541064
237064	5815	0.053904876
237064	2867	0.053904846
237064	1526	0.05389023
237064	459	0.05385667
237064	2698	0.053809367
237264	708	0.06928529
237264	434	0.069285214
237264	5815	0.06922148
237264	2867	0.06922142
237264	3064	0.06896609
237264	739	0.068118304
237264	1640	0.06801404
237264	2398	0.06801402
237264	1602	0.06689575
237264	3581	0.0668311
237271	1268	0.05304686
237271	2725	0.052852564
237271	971	0.0527002
237271	1527	0.05262617
237271	611	0.052581064
237271	1961	0.052369677
237271	127	0.05222903
237271	202	0.051930606
237271	526	0.051662683
237271	2795	0.051650338
237275	1555	0.06556377
237275	83	0.06537281
237275	4146	0.065306015
237275	6300	0.06510797
237275	2129	0.0650256
237275	546	0.06479332
237275	1564	0.0647275
237275	4905	0.06441766
237275	5361	0.06440977
237275	3552	0.06440973
237397	95	0.050763067
237397	5618	0.050709885
237397	4437	0.05069579
237397	1104	0.0506819
237397	1599	0.05060952
237397	2744	0.05044517
237397	5136	0.05020771
237397	2471	0.050178308
237397	4096	0.050148416
237397	2271	0.050148405
237407	2011	0.0414272
237407	867	0.04133974
237407	1582	0.041212138
237407	4646	0.041163325
237407	6570	0.041075878
237407	5248	0.04088074
237407	2763	0.040859047
237407	5813	0.040827747
237407	887	0.040827453
237407	6269	0.04073804
237411	1851	0.05563077
237411	727	0.054985255
237411	451	0.054945238
237411	3616	0.05444917
237411	2337	0.054216437
237411	2579	0.05416257
237411	144	0.05408416
237411	3074	0.054032378
237411	3182	0.054032374
237411	4161	0.05392398
237429	4437	0.049168512
237429	4096	0.048906725
237429	2271	0.048906706
237429	2428	0.048906703
237429	3231	0.0489067
237429	1226	0.04890669
237429	5083	0.04890669
237429	2460	0.048906688
237429	1333	0.048906676
237429	71	0.04890667
237433	1179	0.057495754
237433	649	0.0568873
237433	449	0.05681123
237433	5270	0.056453746
237433	5448	0.056218524
237433	1956	0.055840738
237433	5591	0.05560111
237433	3525	0.055601083
237433	4606	0.055558544
237433	3443	0.055427134
237434	2282	0.044962883
237434	6061	0.044590425
237434	1160	0.044572037
237434	3601	0.044572033
237434	4392	0.044572003
237434	4992	0.04457198
237434	6329	0.044571966
237434	4989	0.044543996
237434	6552	0.044496156
237434	5882	0.044495564
237474	1389	0.07456154
237474	420	0.07418621
237474	2432	0.074070826
237474	406	0.07361568
237474	5389	0.07341997
237474	2620	0.073009014
237474	2093	0.072944514
237474	958	0.07294266
237474	1193	0.07263717
237474	1169	0.072366685
237486	3943	0.060136423
237486	590	0.059899114
237486	614	0.059812557
237486	1550	0.05969359
237486	61	0.059255153
237486	1253	0.05919437
237486	2456	0.059025943
237486	1389	0.059008203
237486	1212	0.058999497
237486	5570	0.058999483
237534	981	0.052862637
237534	1115	0.0523137
237534	837	0.05193556
237534	991	0.051755745
237534	3977	0.051640227
237534	5155	0.051402256
237534	2497	0.05140221
237534	742	0.050903626
237534	814	0.05060354
237534	5195	0.050459612
237715	4060	0.04038584
237715	2583	0.040329583
237715	3214	0.040145144
237715	3134	0.039444137
237715	2216	0.039354064
237715	638	0.039203316
237715	2300	0.03916493
237715	2565	0.039146878
237715	805	0.038868293
237715	1000	0.03883401
237748	435	0.056291945
237748	1219	0.05625173
237748	240	0.055778436
237748	930	0.05562149
237748	465	0.055621438
237748	3142	0.055621423
237748	1320	0.055504438
237748	3438	0.05496701
237748	978	0.054942697
237748	18	0.05489546
237856	636	0.06863287
237856	2920	0.068632856
237856	2360	0.06863285
237856	3440	0.06863285
237856	1616	0.068623416
237856	1023	0.06856712
237856	1772	0.0685671
237856	2231	0.06856707
237856	1942	0.06845881
237856	1033	0.06841309
237898	1751	0.04816081
237898	4286	0.0479898
237898	4545	0.047869418
237898	4747	0.047726642
237898	3380	0.04769375
237898	3792	0.047624715
237898	1132	0.047624692
237898	228	0.04762469
237898	2842	0.047584288
237898	1948	0.04751099
237990	332	0.052977927
237990	3681	0.052816086
237990	6631	0.05274868
237990	5020	0.05273595
237990	3745	0.052617203
237990	3011	0.05244287
237990	6721	0.052365698
237990	4014	0.05236565
237990	2586	0.05231081
237990	5254	0.052114055
238008	1051	0.03688872
238008	6155	0.036888674
238008	3867	0.03687052
238008	639	0.036847744
238008	4330	0.03684773
238008	5453	0.03684773
238008	4906	0.036847714
238008	2117	0.036847703
238008	5766	0.03682955
238008	5910	0.036829494
238010	5815	0.049062077
238010	20	0.049062055
238010	2867	0.049062043
238010	739	0.04893718
238010	1602	0.048492193
238010	1708	0.04779753
238010	1264	0.047414567
238010	158	0.047210574
238010	102	0.047162484
238010	474	0.04711795
238057	2379	0.046177115
238057	6276	0.045971464
238057	5055	0.045949176
238057	4694	0.045931816
238057	2975	0.045902655
238057	1164	0.04590264
238057	4892	0.04590261
238057	1199	0.045902602
238057	4797	0.045902584
238057	596	0.045902558
238065	2362	0.054514647
238065	459	0.054290075
238065	1266	0.05360443
238065	5352	0.05354189
238065	1626	0.05349349
238065	3056	0.053347055
238065	501	0.053236023
238065	3855	0.053187408
238065	1444	0.053187214
238065	2961	0.053187177
238120	202	0.04584176
238120	67	0.045485318
238120	170	0.04531665
238120	3960	0.045120467
238120	1601	0.044907518
238120	5781	0.044858333
238120	1504	0.0447681
238120	540	0.044632286
238120	910	0.0446081
238120	3182	0.044355255
238179	2690	0.042331003
238179	626	0.042234033
238179	599	0.04194468
238179	2217	0.041802905
238179	365	0.041561432
238179	968	0.04155585
238179	2745	0.041555285
238179	186	0.04151655
238179	6430	0.041446947
238179	3458	0.04135839
238222	5317	0.03743293
238222	5714	0.037432916
238222	2723	0.03734811
238222	4150	0.037348107
238222	4926	0.037348103
238222	4076	0.0373481
238222	6711	0.0373481
238222	4721	0.037348095
238222	1997	0.037348058
238222	2083	0.037316173
238246	6761	0.053886987
238246	2732	0.053773984
238246	892	0.053755194
238246	1091	0.05371631
238246	4178	0.05367808
238246	2080	0.053678025
238246	6590	0.053596973
238246	259	0.0534784
238246	140	0.05342047
238246	1309	0.05338165
238319	3337	0.04013513
238319	3948	0.039960727
238319	4930	0.039903052
238319	2992	0.039799355
238319	4675	0.03969729
238319	1054	0.039697282
238319	3953	0.039697222
238319	506	0.03966922
238319	2965	0.03965599
238319	4895	0.03965038
238350	3177	0.057268582
238350	1743	0.057268515
238350	4108	0.057231363
238350	778	0.056977637
238350	777	0.056895502
238350	176	0.056895457
238350	4549	0.05649327
238350	2820	0.056211486
238350	5340	0.05614115
238350	3971	0.056084223
238400	1441	0.02851276
238400	4155	0.028512744
238400	5848	0.02851274
238400	2790	0.028512739
238400	3862	0.028512735
238400	4176	0.028512707
238400	5388	0.028490871
238400	6001	0.028490841
238400	6247	0.028470006
238400	6863	0.028470006
238419	1242	0.03626182
238419	780	0.0359999
238419	73	0.035937313
238419	2858	0.035718292
238419	3973	0.035626877
238419	2627	0.03561486
238419	6445	0.035566784
238419	5863	0.035437513
238419	2819	0.035382263
238419	3273	0.035118442
238540	2575	0.04215861
238540	6574	0.04213786
238540	6130	0.042084616
238540	1426	0.042078774
238540	4583	0.042078752
238540	1514	0.042040817
238540	4796	0.041968822
238540	3299	0.041949652
238540	1927	0.041948076
238540	966	0.041948035
238541	3064	0.05372202
238541	2317	0.05370401
238541	1070	0.052772745
238541	537	0.052715164
238541	183	0.05255242
238541	708	0.052418653
238541	434	0.052418623
238541	341	0.052400634
238541	338	0.05240062
238541	1260	0.052400604
238557	2012	0.039826464
238557	3385	0.039756685
238557	3812	0.039730225
238557	5288	0.039675064
238557	2267	0.039648574
238557	973	0.039198373
238557	1807	0.03912924
238557	5971	0.039084468
238557	456	0.03901629
238557	5517	0.0389812
238568	1816	0.052006967
238568	5617	0.05200693
238568	2555	0.051829748
238568	213	0.051829703
238568	1499	0.051713027
238568	308	0.05169802
238568	6390	0.05169798
238568	538	0.051697973
238568	3445	0.051535837
238568	977	0.051520806
238607	2767	0.05326847
238607	1547	0.053268425
238607	4731	0.053199887
238607	2996	0.053042557
238607	804	0.053042546
238607	6418	0.052956093
238607	2682	0.052731015
238607	2463	0.052665018
238607	6539	0.052665003
238607	6484	0.052635808
238613	3075	0.052857008
238613	5364	0.05281519
238613	960	0.052755024
238613	388	0.0523253
238613	5737	0.05231382
238613	2886	0.05229846
238613	1203	0.052223787
238613	278	0.052218974
238613	5166	0.052218974
238613	1737	0.05221896
238630	1167	0.07046031
238630	691	0.070126176
238630	1971	0.06984685
238630	4955	0.06970455
238630	1020	0.06969253
238630	3943	0.06957206
238630	2456	0.069157556
238630	240	0.06910733
238630	458	0.06904626
238630	1731	0.06849478
238639	886	0.055499338
238639	340	0.055226915
238639	1600	0.05503261
238639	5662	0.054854594
238639	481	0.05469828
238639	2281	0.05457893
238639	774	0.0545581
238639	339	0.054485157
238639	3992	0.05445559
238639	2966	0.054410025
238699	1329	0.043760803
238699	440	0.04358432
238699	5134	0.043399505
238699	1594	0.043234922
238699	3217	0.042967204
238699	1068	0.04279801
238699	391	0.042451262
238699	3144	0.04239222
238699	1401	0.04239219
238699	1251	0.04213898
238735	2461	0.03238592
238735	6526	0.032178834
238735	1786	0.03159289
238735	6536	0.03142813
238735	3232	0.03139431
238735	6436	0.031347618
238735	3467	0.031325873
238735	3658	0.03130599
238735	5398	0.031276144
238735	598	0.031169783
238739	5218	0.044225555
238739	5496	0.04422551
238739	571	0.04418727
238739	2849	0.04418303
238739	1360	0.04418301
238739	5906	0.04415799
238739	5243	0.044144742
238739	609	0.044144716
238739	1220	0.044024967
238739	2921	0.043963734
238757	5146	0.043710154
238757	5063	0.043666538
238757	2962	0.043576602
238757	6763	0.043540344
238757	4310	0.04352915
238757	3252	0.04351014
238757	5670	0.043494985
238757	5600	0.043489963
238757	1308	0.04345136
238757	1048	0.043451354
238779	5406	0.041314796
238779	5042	0.04131478
238779	6213	0.04122241
238779	2963	0.041103274
238779	268	0.04100839
238779	577	0.04094312
238779	4696	0.040943116
238779	292	0.04081524
238779	5991	0.040815227
238779	5691	0.040633075
238781	335	0.048024084
238781	5250	0.047854573
238781	1929	0.047767747
238781	4874	0.047767702
238781	2552	0.047723196
238781	3877	0.047704753
238781	188	0.04765894
238781	2586	0.047368217
238781	728	0.047358003
238781	612	0.04718314
238836	6265	0.041942038
238836	5074	0.04188729
238836	3548	0.041863076
238836	737	0.04185286
238836	5729	0.04182057
238836	4051	0.041805997
238836	5064	0.041805953
238836	3337	0.041785184
238836	895	0.04168451
238836	519	0.041648597
238849	3361	0.051311083
238849	5410	0.051311065
238849	2173	0.051311053
238849	3331	0.051311053
238849	1296	0.051266745
238849	4666	0.05121511
238849	4676	0.051215053
238849	3735	0.051215038
238849	4219	0.05120206
238849	3318	0.05115039
238864	6571	0.047957413
238864	3000	0.04785418
238864	1274	0.047854133
238864	835	0.047830783
238864	1079	0.04753325
238864	2245	0.04752499
238864	2283	0.047486372
238864	5588	0.047449447
238864	3094	0.04742853
238864	5235	0.04741984
238889	526	0.05548055
238889	4560	0.055265233
238889	1527	0.055104643
238889	350	0.054957584
238889	456	0.05492486
238889	1961	0.05488261
238889	5288	0.05488137
238889	2725	0.054585025
238889	7	0.054575413
238889	3775	0.05453849
239000	4938	0.046396483
239000	6035	0.046111144
239000	3270	0.045991383
239000	3372	0.04577605
239000	1128	0.04576633
239000	2861	0.04572742
239000	5312	0.045721084
239000	8	0.04572108
239000	4043	0.04572106
239000	2536	0.045706064
239020	6096	0.07445772
239020	4258	0.074457675
239020	3569	0.07445766
239020	1927	0.07421952
239020	966	0.074219435
239020	6333	0.07420418
239020	1530	0.074195944
239020	4440	0.07419589
239020	4929	0.07419589
239020	1095	0.07419583
239067	435	0.054886743
239067	930	0.054806333
239067	465	0.054806285
239067	3142	0.054806277
239067	2918	0.05458437
239067	1731	0.054404676
239067	1219	0.054232933
239067	2951	0.054166533
239067	1020	0.05408404
239067	240	0.053890146
239070	1838	0.06361938
239070	801	0.063619375
239070	2696	0.06351687
239070	3756	0.06351684
239070	3838	0.06351677
239070	259	0.06313585
239070	17	0.062760815
239070	4178	0.06275484
239070	2080	0.06275475
239070	5254	0.06260905
239161	1249	0.038667478
239161	2881	0.038485
239161	59	0.03800638
239161	4793	0.037863642
239161	1426	0.037793227
239161	4583	0.037793204
239161	5298	0.037710775
239161	3053	0.03769398
239161	285	0.03768697
239161	1221	0.03763745
239374	5815	0.05856
239374	20	0.058559958
239374	2867	0.058559954
239374	739	0.05802463
239374	1640	0.057901606
239374	2398	0.057901572
239374	487	0.057465
239374	3770	0.05743684
239374	175	0.057406146
239374	2541	0.056908976
239407	425	0.04893669
239407	2315	0.048837483
239407	1966	0.04879585
239407	1178	0.048703596
239407	2392	0.048569314
239407	5107	0.04845761
239407	4433	0.048449643
239407	304	0.048323326
239407	239	0.048145413
239407	3668	0.04804701
239423	5218	0.04730448
239423	5496	0.047304433
239423	2849	0.047023423
239423	1360	0.047023404
239423	5906	0.047017086
239423	571	0.046909116
239423	3209	0.046877064
239423	72	0.046877038
239423	1258	0.04676534
239423	3928	0.046765327
239460	3949	0.056694273
239460	4401	0.056487583
239460	1884	0.056436837
239460	3422	0.05638186
239460	35	0.056316383
239460	3114	0.056316298
239460	1027	0.05626566
239460	2407	0.05626566
239460	1777	0.056265637
239460	1655	0.056265607
239468	913	0.04977586
239468	4769	0.049636018
239468	4271	0.049497582
239468	2204	0.049391292
239468	4096	0.04927493
239468	2428	0.049274914
239468	2460	0.049274914
239468	5083	0.049274914
239468	2271	0.049274907
239468	2993	0.0492749
239481	862	0.07242556
239481	1066	0.07170263
239481	1902	0.07161795
239481	978	0.07154742
239481	1430	0.07146751
239481	61	0.071430996
239481	1897	0.07132633
239481	934	0.071326256
239481	1284	0.07129679
239481	4235	0.07129321
239486	2751	0.05887793
239486	5538	0.05887785
239486	5995	0.058877826
239486	6161	0.058652338
239486	1034	0.058652326
239486	3959	0.058652308
239486	3041	0.05865229
239486	3040	0.058652274
239486	1394	0.058652267
239486	555	0.05865226
239488	5049	0.063420966
239488	4	0.0634209
239488	372	0.063409835
239488	6375	0.062234133
239488	3026	0.06170751
239488	4897	0.061707456
239488	2524	0.061630283
239488	972	0.06161781
239488	1170	0.06150638
239488	5168	0.06062317
239535	5673	0.061481763
239535	6121	0.06139688
239535	5974	0.061292894
239535	2824	0.061094765
239535	2964	0.06103026
239535	2449	0.060600474
239535	3346	0.060532987
239535	1103	0.060490187
239535	660	0.06012747
239535	6800	0.05993224
239554	406	0.04716655
239554	1389	0.046953864
239554	1490	0.046407454
239554	614	0.04631467
239554	420	0.046168856
239554	5792	0.04608228
239554	1055	0.045949772
239554	1867	0.045859236
239554	1764	0.04549247
239554	2369	0.04532486
239584	906	0.044981744
239584	1946	0.044832543
239584	607	0.044694815
239584	4999	0.04458405
239584	3537	0.04455251
239584	1207	0.044503767
239584	1433	0.044445
239584	4659	0.044442005
239584	3764	0.04444033
239584	1884	0.04428808
239594	6498	0.042730585
239594	4288	0.042639025
239594	440	0.04230106
239594	2271	0.04225588
239594	2428	0.04225588
239594	4096	0.04225588
239594	5083	0.04225588
239594	2993	0.042255867
239594	2460	0.042255864
239594	1333	0.042255856
239609	3196	0.043969497
239609	3878	0.043595143
239609	6803	0.04302191
239609	2868	0.04302184
239609	2826	0.04300256
239609	4569	0.042905044
239609	2859	0.04282455
239609	5686	0.0425786
239609	3344	0.042498767
239609	488	0.042428847
239626	3209	0.051058773
239626	72	0.051058747
239626	5010	0.051028267
239626	6099	0.050844632
239626	3517	0.050814174
239626	5222	0.05081415
239626	2915	0.050814144
239626	3457	0.05081412
239626	2821	0.050573595
239626	356	0.05056224
239670	2684	0.0537194
239670	977	0.053605564
239670	6444	0.05360554
239670	308	0.053559974
239670	538	0.05355992
239670	6390	0.05355992
239670	1289	0.053540565
239670	1305	0.053495023
239670	4205	0.053495023
239670	426	0.05349501
239688	2712	0.04359245
239688	27	0.043592393
239688	5285	0.04358441
239688	2573	0.043584406
239688	1316	0.043584377
239688	3220	0.04358437
239688	5224	0.043558728
239688	1292	0.043558724
239688	6850	0.043558724
239688	5952	0.043558713
239692	3480	0.036464475
239692	1238	0.036443904
239692	1577	0.036238022
239692	2279	0.036146887
239692	5817	0.036146887
239692	6080	0.03614424
239692	5337	0.035749294
239692	2553	0.035723623
239692	4105	0.035699487
239692	5223	0.035692837
239736	2569	0.0560219
239736	5637	0.05602186
239736	3699	0.056021802
239736	3378	0.055883113
239736	5161	0.055861883
239736	3595	0.05571752
239736	6511	0.05570481
239736	3211	0.055616308
239736	510	0.055607487
239736	4418	0.05560743
239748	6212	0.031000257
239748	6197	0.030991917
239748	5860	0.030908447
239748	828	0.030876936
239748	566	0.030876935
239748	2567	0.03084729
239748	96	0.030837432
239748	6021	0.030837411
239748	5981	0.030804085
239748	5983	0.03079573
239788	88	0.051492818
239788	1283	0.051390227
239788	845	0.05125297
239788	5654	0.051252954
239788	3989	0.051145047
239788	3927	0.05114504
239788	6610	0.05114503
239788	4847	0.051043987
239788	559	0.051035658
239788	6308	0.05103565
239801	779	0.055449143
239801	1463	0.055310905
239801	885	0.05526114
239801	6770	0.05524274
239801	816	0.055035993
239801	3169	0.054869555
239801	622	0.054798
239801	1011	0.05456235
239801	471	0.054544836
239801	1405	0.0543672
239834	3941	0.036083497
239834	3417	0.035778046
239834	2706	0.035418138
239834	359	0.03541243
239834	4061	0.035200205
239834	5246	0.03512799
239834	3570	0.035074722
239834	776	0.035038568
239834	6176	0.03488344
239834	2611	0.03487729
240035	350	0.046714857
240035	3285	0.046689965
240035	4570	0.046641346
240035	2856	0.046368554
240035	1073	0.046225302
240035	742	0.045888253
240035	5288	0.045840338
240035	456	0.045809448
240035	3977	0.04579392
240035	1596	0.045765825
240051	2045	0.050429016
240051	4327	0.04950705
240051	122	0.04947764
240051	1688	0.049317293
240051	728	0.04919461
240051	5335	0.049166173
240051	1075	0.04916607
240051	1929	0.049136005
240051	4874	0.049135968
240051	335	0.049038753
240107	1640	0.05664674
240107	2398	0.056646727
240107	504	0.056052525
240107	708	0.05537728
240107	434	0.055377208
240107	2823	0.055004425
240107	5815	0.054024868
240107	20	0.05402484
240107	2867	0.054024808
240107	158	0.05385612
240111	579	0.030245172
240111	3952	0.03017941
240111	3695	0.030147357
240111	6820	0.030147348
240111	3301	0.03014106
240111	5946	0.030116538
240111	399	0.030116528
240111	223	0.030116525
240111	5385	0.030116525
240111	4371	0.030116519
240113	3361	0.039584152
240113	5410	0.039584137
240113	2173	0.03958413
240113	3331	0.03958413
240113	1296	0.039527692
240113	3696	0.03939779
240113	4666	0.039270964
240113	4676	0.03927092
240113	3735	0.039270904
240113	4219	0.03926359
240131	2744	0.0639029
240131	1789	0.06337851
240131	6498	0.06333849
240131	5230	0.063233174
240131	5205	0.06316103
240131	5259	0.06297073
240131	5298	0.06286527
240131	4793	0.062377527
240131	2881	0.06227784
240131	6004	0.062274385
240219	937	0.059451967
240219	152	0.05945196
240219	2362	0.05943151
240219	459	0.059212007
240219	414	0.05913578
240219	613	0.058450885
240219	3056	0.058430266
240219	1436	0.058259107
240219	1690	0.05823537
240219	1691	0.058116652
240224	4910	0.062216427
240224	78	0.06219122
240224	3336	0.06193138
240224	147	0.06192768
240224	4513	0.061927624
240224	1229	0.061901607
240224	267	0.06185677
240224	2732	0.06185309
240224	140	0.06185225
240224	892	0.06182695
240225	3169	0.050815165
240225	622	0.050779022
240225	4998	0.050724998
240225	2923	0.05067033
240225	1463	0.05059834
240225	816	0.05043411
240225	1407	0.050417434
240225	1472	0.050339166
240225	2824	0.0502422
240225	481	0.05004713
240235	3082	0.050581343
240235	3303	0.05058127
240235	3671	0.050550304
240235	2664	0.050550275
240235	1742	0.050297473
240235	4990	0.05006346
240235	3842	0.050041787
240235	3739	0.04999739
240235	5841	0.049438458
240235	4355	0.049397435
240267	692	0.07734494
240267	1193	0.07577808
240267	4607	0.07502193
240267	999	0.074900374
240267	406	0.07480201
240267	645	0.07477238
240267	3909	0.07477234
240267	4245	0.074239366
240267	15	0.07405469
240267	4788	0.07391474
240272	1561	0.0651795
240272	1499	0.06498106
240272	189	0.06483166
240272	52	0.064633206
240272	3442	0.064633206
240272	1397	0.06444107
240272	1816	0.06440015
240272	5617	0.0644001
240272	4338	0.06437191
240272	4782	0.06433472
240318	1070	0.059481286
240318	573	0.059409104
240318	1643	0.058859836
240318	6816	0.05856507
240318	1405	0.05840313
240318	6756	0.058049202
240318	883	0.0576939
240318	4438	0.057693884
240318	4876	0.05769386
240318	3191	0.057404123
240333	2317	0.07689963
240333	341	0.07646836
240333	338	0.076468356
240333	1260	0.07646833
240333	5601	0.076468304
240333	537	0.07594143
240333	183	0.07583579
240333	3104	0.07574241
240333	339	0.07487746
240333	3581	0.07486889
240370	5568	0.05660309
240370	5596	0.05630691
240370	696	0.0560944
240370	4483	0.05598269
240370	3421	0.055982657
240370	4924	0.05598262
240370	5927	0.05598262
240370	6839	0.055982616
240370	1430	0.055823192
240370	1408	0.055751707
240401	1369	0.061485842
240401	643	0.06148582
240401	3587	0.061231837
240401	4279	0.061231807
240401	1634	0.06111986
240401	5216	0.061119817
240401	5730	0.06111843
240401	941	0.06093579
240401	3022	0.060823802
240401	3523	0.060681727
240403	5828	0.07511604
240403	4169	0.07504433
240403	3459	0.075044304
240403	2994	0.075044245
240403	6677	0.075044215
240403	5718	0.07502193
240403	3373	0.07497735
240403	1973	0.07497729
240403	789	0.074977264
240403	413	0.07460551
240484	1419	0.044313237
240484	4756	0.04431323
240484	3822	0.044313222
240484	1421	0.044313215
240484	1049	0.044313204
240484	3572	0.044313196
240484	6587	0.044313196
240484	5292	0.044313192
240484	6152	0.044313185
240484	5183	0.04431318
240495	1305	0.043801237
240495	4205	0.043801237
240495	426	0.043801222
240495	1289	0.043692548
240495	5593	0.043523684
240495	1286	0.043492783
240495	1932	0.04345584
240495	3090	0.043442853
240495	502	0.043375023
240495	3342	0.043316886
240541	4055	0.060309693
240541	482	0.06016461
240541	625	0.06006868
240541	4868	0.059811726
240541	3106	0.05977072
240541	3644	0.059638087
240541	3992	0.05945946
240541	4028	0.05933792
240541	3651	0.059337884
240541	5572	0.059337884
240567	526	0.07321608
240567	1961	0.072584525
240567	5352	0.07205786
240567	910	0.071896166
240567	202	0.07097134
240567	1572	0.070877194
240567	4560	0.0707893
240567	169	0.07063557
240567	1586	0.07058607
240567	4332	0.07032089
240568	5304	0.05948109
240568	268	0.058862407
240568	1432	0.058744535
240568	1808	0.058635205
240568	187	0.058591686
240568	5079	0.058286406
240568	2550	0.0582864
240568	3297	0.058242798
240568	1200	0.058168985
240568	6104	0.05801796
240609	4907	0.04837897
240609	1744	0.048378963
240609	2138	0.048134346
240609	5966	0.04792215
240609	6206	0.047705814
240609	4520	0.04762215
240609	2832	0.047622122
240609	1885	0.04753381
240609	1557	0.047503293
240609	2139	0.04744391
240643	170	0.057235442
240643	1329	0.05710406
240643	1594	0.05702155
240643	440	0.056945216
240643	4332	0.056687184
240643	169	0.056413233
240643	67	0.056272194
240643	1068	0.05607283
240643	1251	0.055946402
240643	1961	0.055856317
240663	646	0.046110444
240663	5953	0.046110444
240663	5414	0.046110436
240663	278	0.046047255
240663	2208	0.04604724
240663	5166	0.046047226
240663	1737	0.046047214
240663	4230	0.04604721
240663	3954	0.046047196
240663	3421	0.045708485
240670	2889	0.045658424
240670	1937	0.045658413
240670	704	0.04565841
240670	4689	0.04547915
240670	2186	0.045479137
240670	2785	0.04547912
240670	3693	0.045479093
240670	5506	0.04547197
240670	2655	0.04546874
240670	3437	0.045365065
240677	1808	0.06172761
240677	5304	0.061361182
240677	6104	0.06129363
240677	5329	0.06125342
240677	2550	0.060980037
240677	5079	0.060980033
240677	4602	0.060933426
240677	2729	0.060826063
240677	6774	0.060766127
240677	3456	0.060566936
240700	1156	0.041863576
240700	1369	0.041742634
240700	643	0.041742604
240700	5730	0.041695036
240700	390	0.04153062
240700	3346	0.041406922
240700	1332	0.041353095
240700	3587	0.041284148
240700	4279	0.041284107
240700	5673	0.041278157
240756	139	0.03511937
240756	612	0.03497397
240756	5842	0.034945797
240756	735	0.03493882
240756	1998	0.034878
240756	2001	0.034850188
240756	5664	0.03484048
240756	2727	0.0348353
240756	1860	0.034687895
240756	1569	0.034662344
240789	1844	0.047798757
240789	1083	0.047673136
240789	1287	0.047621287
240789	5202	0.047439598
240789	2866	0.047226813
240789	3484	0.0471164
240789	5639	0.046928905
240789	4912	0.046840586
240789	3199	0.046713684
240789	1217	0.046699278
240829	3347	0.048648782
240829	6905	0.048280045
240829	400	0.047867384
240829	888	0.04773265
240829	6707	0.047602035
240829	5024	0.0475459
240829	6771	0.047545016
240829	6823	0.047488354
240829	3841	0.04747968
240829	2137	0.047459986
240906	4051	0.04774762
240906	5064	0.047747575
240906	895	0.047665037
240906	3290	0.047636867
240906	1101	0.047625802
240906	6566	0.047594976
240906	1447	0.047318965
240906	2427	0.04720645
240906	3320	0.047098905
240906	4549	0.047036428
240932	1897	0.03931486
240932	934	0.03931482
240932	1430	0.039235726
240932	912	0.039058864
240932	3495	0.0389373
240932	5568	0.03886891
240932	2349	0.038713075
240932	4761	0.038635977
240932	3517	0.03863075
240932	2915	0.03863073
241042	1229	0.04702712
241042	3156	0.047010418
241042	147	0.04690942
241042	4513	0.046909377
241042	78	0.046903364
241042	4910	0.04666129
241042	3906	0.04652848
241042	2333	0.04645507
241042	159	0.046455037
241042	1094	0.046431772
241080	147	0.06462362
241080	4513	0.06462356
241080	1094	0.064478785
241080	1045	0.064478725
241080	1725	0.06447872
241080	5332	0.06438837
241080	63	0.064388305
241080	2732	0.06418565
241080	2333	0.06412975
241080	159	0.064129695
241086	5164	0.049037546
241086	3121	0.04893782
241086	1244	0.0487251
241086	1148	0.04865915
241086	5622	0.04865914
241086	2183	0.0486591
241086	3610	0.048554394
241086	5917	0.04827133
241086	6302	0.048271313
241086	1414	0.048271306
241100	2825	0.033798367
241100	6613	0.033754118
241100	2071	0.033607274
241100	5212	0.033594996
241100	4640	0.033569477
241100	4193	0.03352991
241100	1162	0.033527933
241100	6168	0.033524536
241100	375	0.033482447
241100	3414	0.033479463
241204	1320	0.045195334
241204	744	0.045124337
241204	6736	0.04512427
241204	1219	0.044806354
241204	435	0.0446688
241204	240	0.044336602
241204	3438	0.04429131
241204	2918	0.044200126
241204	18	0.044002734
241204	3328	0.043977004
241214	4247	0.059313364
241214	4782	0.059042577
241214	882	0.059042573
241214	4710	0.05897303
241214	68	0.05878357
241214	693	0.058443427
241214	6111	0.058323756
241214	1397	0.05823266
241214	189	0.058090582
241214	710	0.058084477
241239	2476	0.035879947
241239	3485	0.0353714
241239	2059	0.035346337
241239	1404	0.03534352
241239	2967	0.03527704
241239	5419	0.03510538
241239	2946	0.035093993
241239	2003	0.034873072
241239	5796	0.034684505
241239	6374	0.034666203
241265	1436	0.07268805
241265	1713	0.07200989
241265	1261	0.071709186
241265	459	0.07145004
241265	1411	0.07140361
241265	2362	0.071320154
241265	613	0.07123257
241265	2176	0.07122196
241265	4538	0.07122195
241265	1071	0.07094949
241357	59	0.051416215
241357	329	0.05111508
241357	619	0.05111508
241357	1854	0.050565474
241357	15	0.050433204
241357	1636	0.050332382
241357	692	0.05015019
241357	999	0.050103385
241357	380	0.04986323
241357	2329	0.049345404
241367	1947	0.06797664
241367	693	0.06795579
241367	68	0.06771202
241367	2503	0.067522466
241367	1492	0.06744252
241367	809	0.067384385
241367	1177	0.06737196
241367	3520	0.06717333
241367	882	0.06701954
241367	4782	0.06701953
241495	3380	0.0657354
241495	4286	0.06571661
241495	3799	0.06555993
241495	6385	0.06554779
241495	4029	0.06554777
241495	1751	0.0654965
241495	3614	0.06513214
241495	4545	0.064948164
241495	2411	0.0649025
241495	5399	0.06469311
241513	1640	0.06608421
241513	2398	0.06608419
241513	158	0.064823225
241513	971	0.06426333
241513	504	0.06410717
241513	1709	0.063900165
241513	2725	0.063851446
241513	589	0.06383413
241513	2516	0.0636944
241513	2007	0.063503996
241527	3802	0.04412017
241527	2585	0.04399436
241527	4764	0.043992624
241527	3531	0.043892305
241527	2651	0.04373323
241527	4576	0.043716073
241527	111	0.043657772
241527	6571	0.043637507
241527	66	0.043569762
241527	4916	0.04354526
241537	4555	0.057238623
241537	3100	0.05723861
241537	4556	0.05723858
241537	2260	0.05723857
241537	11	0.057238564
241537	6377	0.057238564
241537	848	0.05723856
241537	2265	0.056843802
241537	2076	0.05684376
241537	2500	0.056657284
241548	4030	0.059382804
241548	202	0.05894017
241548	3960	0.058887966
241548	1572	0.058815993
241548	170	0.058804266
241548	5760	0.05862075
241548	67	0.0585787
241548	393	0.05840826
241548	910	0.058351986
241548	6081	0.058255345
241565	4921	0.045045353
241565	4031	0.045045327
241565	6049	0.044897694
241565	216	0.04487502
241565	1758	0.044833884
241565	6763	0.044804774
241565	265	0.0447952
241565	1883	0.044795193
241565	5063	0.044754982
241565	3472	0.044737615
241597	2543	0.05414256
241597	2795	0.05390208
241597	77	0.053858995
241597	160	0.05383808
241597	1854	0.053821314
241597	1268	0.053571768
241597	3207	0.05329474
241597	6	0.053255104
241597	4332	0.05312068
241597	4165	0.053120445
241666	777	0.06913322
241666	176	0.069133185
241666	4549	0.06891878
241666	4165	0.06807993
241666	778	0.06764951
241666	2950	0.06758586
241666	1447	0.067432985
241666	3691	0.067408934
241666	3177	0.067182824
241666	1743	0.067182735
241749	2350	0.044183612
241749	3750	0.044183575
241749	5291	0.044183552
241749	6558	0.04415466
241749	516	0.044154633
241749	4833	0.044145323
241749	3660	0.044119276
241749	4148	0.04409924
241749	4225	0.044099234
241749	1905	0.043880958
241791	1166	0.056004263
241791	4140	0.056004263
241791	1337	0.056004234
241791	4285	0.056004234
241791	6143	0.055888813
241791	3587	0.055704143
241791	4279	0.055704102
241791	1369	0.05539462
241791	643	0.055394597
241791	3504	0.055323772
241799	3949	0.044390216
241799	35	0.044374537
241799	3114	0.04437446
241799	3999	0.044361375
241799	421	0.044361353
241799	695	0.044361338
241799	1186	0.044190936
241799	411	0.044155188
241799	2407	0.044050913
241799	1027	0.044050906
241861	2304	0.032757215
241861	3783	0.032707606
241861	897	0.032643847
241861	4347	0.032619677
241861	3623	0.03261962
241861	6186	0.03259423
241861	1585	0.03259357
241861	6699	0.032565013
241861	1069	0.03251613
241861	5080	0.032506313
241885	5094	0.0496186
241885	5195	0.049604617
241885	1543	0.049604565
241885	468	0.049476035
241885	4668	0.04946085
241885	2471	0.04940646
241885	1258	0.04931821
241885	3928	0.049318183
241885	3803	0.04931817
241885	42	0.049318165
241980	1447	0.05263403
241980	777	0.05232841
241980	176	0.052328374
241980	3177	0.052115656
241980	1743	0.052115593
241980	6865	0.052068472
241980	4549	0.051805876
241980	778	0.051607564
241980	2950	0.051356822
241980	4108	0.05123579
242007	356	0.060647156
242007	6061	0.060409985
242007	278	0.06034588
242007	2208	0.060345873
242007	1737	0.060345847
242007	5166	0.060345836
242007	4230	0.06034583
242007	3954	0.060345814
242007	4989	0.060289457
242007	5010	0.060226087
242037	1070	0.055733163
242037	2317	0.054855242
242037	1405	0.054421883
242037	537	0.05411771
242037	3064	0.054025017
242037	883	0.05379835
242037	4438	0.053798344
242037	4876	0.05379832
242037	816	0.053684294
242037	183	0.05368384
242073	5288	0.050044023
242073	526	0.049542096
242073	4307	0.049486972
242073	456	0.049441554
242073	973	0.049361177
242073	4560	0.049311817
242073	1961	0.04925132
242073	2267	0.049022216
242073	2012	0.0487805
242073	3385	0.04877087
242083	456	0.05182401
242083	350	0.051667847
242083	4560	0.05165771
242083	7	0.051594857
242083	5288	0.051326953
242083	3285	0.050403878
242083	2513	0.050108105
242083	3775	0.049997654
242083	3198	0.04996692
242083	526	0.04989477
242097	4401	0.06681937
242097	2919	0.066550374
242097	2912	0.06630512
242097	1884	0.06584606
242097	98	0.06565636
242097	2369	0.0655188
242097	4026	0.06551554
242097	410	0.065441415
242097	247	0.06543803
242097	6264	0.06538254
242106	459	0.07593979
242106	5815	0.07559685
242106	20	0.075596824
242106	2867	0.075596794
242106	2362	0.075379446
242106	1268	0.074884966
242106	1602	0.074582994
242106	739	0.07442222
242106	1708	0.07435574
242106	3855	0.07420492
242118	3883	0.0632541
242118	2837	0.063090235
242118	347	0.06274099
242118	955	0.06253153
242118	735	0.062364258
242118	1072	0.061421126
242118	5842	0.061398916
242118	188	0.061335612
242118	2552	0.061203342
242118	4726	0.06115428
242143	5352	0.059489064
242143	910	0.05929605
242143	202	0.059229463
242143	1586	0.05914916
242143	3681	0.058866665
242143	4332	0.058107764
242143	2063	0.05808664
242143	170	0.058073945
242143	5254	0.058066443
242143	1370	0.057862073
242247	247	0.047470212
242247	2324	0.04730487
242247	2919	0.047068402
242247	2963	0.047000445
242247	723	0.04696678
242247	577	0.04690843
242247	4696	0.046908405
242247	645	0.046831124
242247	3909	0.046831097
242247	406	0.046830267
242269	1515	0.046094827
242269	1491	0.046094824
242269	3506	0.046016216
242269	4197	0.046016175
242269	308	0.045994975
242269	6390	0.045994937
242269	538	0.045994923
242269	650	0.045889385
242269	1674	0.04588937
242269	3373	0.04587055
242299	1947	0.06942299
242299	809	0.06931518
242299	693	0.069200754
242299	1492	0.0691404
242299	407	0.069009244
242299	2503	0.06893046
242299	2991	0.06883438
242299	85	0.068675295
242299	1971	0.068474844
242299	486	0.068401605
242309	5205	0.07718193
242309	4442	0.07664009
242309	507	0.07643333
242309	4245	0.07642906
242309	589	0.075123236
242309	2744	0.07507599
242309	5230	0.07454625
242309	1789	0.07446713
242309	6004	0.074085996
242309	5762	0.07381662
242310	140	0.06526371
242310	892	0.065174244
242310	5361	0.0648372
242310	3552	0.06483718
242310	1229	0.06462534
242310	3156	0.064198904
242310	4119	0.06417765
242310	4910	0.06416094
242310	78	0.064071596
242310	997	0.06401114
242317	2553	0.039695743
242317	536	0.039533824
242317	5270	0.039320573
242317	5591	0.039317515
242317	3525	0.039317496
242317	1181	0.039274644
242317	1238	0.03926445
242317	1577	0.039225385
242317	6080	0.039192677
242317	1003	0.039189067
242361	692	0.06384979
242361	999	0.06352836
242361	54	0.063450485
242361	5140	0.06340277
242361	727	0.06338419
242361	3207	0.06337599
242361	1773	0.06321295
242361	1779	0.06321248
242361	2467	0.06318545
242361	1854	0.06316508
242409	4160	0.051845986
242409	6777	0.051445305
242409	4033	0.05140858
242409	5143	0.05140858
242409	6714	0.051408574
242409	4289	0.05140857
242409	1016	0.05140853
242409	1158	0.051249698
242409	3925	0.05117777
242409	5358	0.051177718
242458	1328	0.043785915
242458	6250	0.04374614
242458	3359	0.043723747
242458	5675	0.04365075
242458	5340	0.043586016
242458	267	0.04357308
242458	6	0.043483675
242458	2732	0.043377846
242458	1094	0.043361746
242458	1045	0.043361723
242465	5200	0.038502797
242465	131	0.038502783
242465	3001	0.038429085
242465	5939	0.038373172
242465	563	0.03833179
242465	2998	0.038331755
242465	6500	0.038283188
242465	4424	0.038278308
242465	6541	0.038193025
242465	2475	0.038193017
242499	5823	0.045313843
242499	4636	0.045293048
242499	1353	0.04519214
242499	2535	0.045191366
242499	6792	0.045191333
242499	2593	0.045163956
242499	6523	0.045163948
242499	5282	0.045163944
242499	375	0.045160055
242499	2263	0.045141105
242528	451	0.05479963
242528	1444	0.05477579
242528	2961	0.054775752
242528	1626	0.054726437
242528	3056	0.05467163
242528	997	0.05455812
242528	2870	0.054558106
242528	1261	0.054268107
242528	611	0.054146178
242528	160	0.05400479
242544	2478	0.07081722
242544	373	0.07059599
242544	2232	0.07048372
242544	625	0.070468634
242544	2836	0.07035375
242544	340	0.07033038
242544	3992	0.07017202
242544	4573	0.07010533
242544	5390	0.070096046
242544	2236	0.06992036
242637	6111	0.08487744
242637	1817	0.08479379
242637	133	0.08479377
242637	85	0.08474897
242637	693	0.08457482
242637	407	0.0844235
242637	448	0.0839416
242637	1781	0.083773404
242637	500	0.08365978
242637	809	0.083613336
242639	885	0.047806945
242639	779	0.0474684
242639	471	0.047261767
242639	565	0.047233995
242639	1472	0.047224715
242639	5686	0.047083758
242639	1642	0.047029756
242639	1011	0.046943255
242639	1463	0.046891995
242639	480	0.046835262
242646	5254	0.052527886
242646	1838	0.05217846
242646	801	0.05217844
242646	2696	0.051807135
242646	3756	0.051807098
242646	3838	0.051807046
242646	17	0.05164059
242646	1370	0.05164054
242646	1586	0.051501617
242646	259	0.051371083
242763	1109	0.06058102
242763	3578	0.060083352
242763	4403	0.060057495
242763	1890	0.05984076
242763	4257	0.059688456
242763	2458	0.059589542
242763	3714	0.059471834
242763	5561	0.05945763
242763	1941	0.059414983
242763	6794	0.059358634
242843	1336	0.047865137
242843	411	0.04778813
242843	3949	0.04777436
242843	3422	0.04775652
242843	592	0.047660284
242843	4401	0.047642477
242843	460	0.047631934
242843	1185	0.047524728
242843	6264	0.047522444
242843	1680	0.04747861
242849	3405	0.046502717
242849	1005	0.046387233
242849	6241	0.046387196
242849	2105	0.046387188
242849	3261	0.046387188
242849	4511	0.046387188
242849	3045	0.046387184
242849	4634	0.04638718
242849	5839	0.046387136
242849	1051	0.046350535
242878	5700	0.036633372
242878	5730	0.036580216
242878	458	0.036497004
242878	4140	0.03647565
242878	1166	0.036475647
242878	1337	0.03647563
242878	4285	0.03647563
242878	1369	0.036473908
242878	643	0.0364739
242878	927	0.036335878
242891	981	0.05150066
242891	503	0.050988786
242891	507	0.050883077
242891	274	0.050524976
242891	4442	0.050441764
242891	1709	0.050439686
242891	5762	0.050152063
242891	991	0.050127074
242891	1104	0.05009409
242891	6211	0.05005145
242914	536	0.053883478
242914	6080	0.053714305
242914	5223	0.053344626
242914	4105	0.05328004
242914	1577	0.053074673
242914	1238	0.053035803
242914	1830	0.052795857
242914	6456	0.052795827
242914	428	0.052765884
242914	3480	0.05265686
242962	2678	0.05061498
242962	761	0.050177336
242962	961	0.050126202
242962	3247	0.050054077
242962	3050	0.050043404
242962	1373	0.049922537
242962	5210	0.049905457
242962	1727	0.04983474
242962	3028	0.04962968
242962	250	0.0495436
243004	812	0.04296989
243004	3989	0.042886607
243004	3927	0.0428866
243004	6610	0.042886585
243004	5654	0.04287479
243004	88	0.042862326
243004	5256	0.04278186
243004	3143	0.042781837
243004	2396	0.042730585
243004	5564	0.04272468
243058	3106	0.060907222
243058	4868	0.06089424
243058	482	0.060358703
243058	4055	0.060174745
243058	2009	0.05993428
243058	5417	0.059826225
243058	2236	0.05971733
243058	3644	0.05965252
243058	6887	0.05956463
243058	2051	0.059553675
243065	590	0.059545007
243065	1490	0.059422366
243065	3943	0.059381746
243065	61	0.05864107
243065	1212	0.05853213
243065	5570	0.05853212
243065	978	0.058255114
243065	862	0.058116145
243065	1020	0.058109857
243065	2369	0.05807866
243075	5635	0.040806614
243075	2564	0.040806595
243075	851	0.040731683
243075	6894	0.040689625
243075	812	0.04056021
243075	5257	0.040408753
243075	1476	0.04040873
243075	4478	0.04038172
243075	570	0.04038168
243075	2855	0.040368903
243077	4720	0.03651273
243077	6832	0.036424555
243077	2074	0.036254354
243077	3957	0.036228985
243077	4032	0.036144163
243077	113	0.03601283
243077	6724	0.035882194
243077	2181	0.035861015
243077	2115	0.035841122
243077	4489	0.035824202
243142	1554	0.053436313
243142	1191	0.05343627
243142	953	0.05331044
243142	947	0.05331043
243142	2702	0.05319404
243142	1772	0.053173877
243142	1023	0.05317387
243142	2231	0.053173847
243142	3313	0.053104226
243142	5502	0.0531042
243236	6276	0.057717115
243236	4222	0.057216834
243236	3924	0.057202302
243236	5091	0.057153076
243236	1990	0.05709689
243236	6179	0.05704765
243236	4403	0.05695363
243236	2412	0.056910355
243236	212	0.056910336
243236	6675	0.05691029
243294	1709	0.05982357
243294	715	0.05936274
243294	1251	0.058998615
243294	2725	0.05851839
243294	589	0.058456965
243294	504	0.057994865
243294	5762	0.057799235
243294	507	0.057699103
243294	440	0.05739182
243294	5230	0.05728577
243312	2471	0.056098662
243312	5094	0.055748276
243312	821	0.055740908
243312	3983	0.055694908
243312	5195	0.055661842
243312	1543	0.0556618
243312	836	0.055656
243312	408	0.055518776
243312	4668	0.055391453
243312	4437	0.055385478
243328	3244	0.030360647
243328	6826	0.030243516
243328	6402	0.030243501
243328	5558	0.030214053
243328	5562	0.030214034
243328	1535	0.03021403
243328	3614	0.030171335
243328	439	0.030115694
243328	1040	0.030089788
243328	4700	0.030086242
243360	356	0.053383194
243360	278	0.053275622
243360	5166	0.053275604
243360	1737	0.0532756
243360	2208	0.0532756
243360	4230	0.05327558
243360	3954	0.053275548
243360	2293	0.0531563
243360	2821	0.05312402
243360	5604	0.05302494
243429	4324	0.039616495
243429	891	0.03922433
243429	6386	0.038937263
243429	5239	0.038733333
243429	4539	0.038733326
243429	1338	0.038699023
243429	2781	0.038540684
243429	4101	0.038540673
243429	1137	0.038454153
243429	3340	0.038306355
243448	126	0.051232617
243448	5436	0.05112336
243448	6280	0.051011063
243448	3063	0.051011033
243448	4299	0.05094166
243448	2872	0.050857097
243448	1840	0.05083607
243448	3571	0.050836004
243448	3260	0.05082231
243448	1566	0.050765596
243491	879	0.098912045
243491	1076	0.0986803
243491	2991	0.09863279
243491	1631	0.09786013
243491	581	0.097563855
243491	243	0.097446695
243491	2503	0.097224906
243491	1212	0.09625606
243491	5570	0.09625605
243491	3943	0.09619449
243584	896	0.043141667
243584	3626	0.04238005
243584	2351	0.042297944
243584	1422	0.042296555
243584	4114	0.042213954
243584	4166	0.042202223
243584	3175	0.041975796
243584	5260	0.041830536
243584	4238	0.041796707
243584	4834	0.0415173
243607	2503	0.05822014
243607	448	0.058124453
243607	693	0.05803757
243607	6111	0.057911396
243607	2387	0.05767157
243607	2991	0.057604108
243607	1817	0.057592887
243607	133	0.057592846
243607	1492	0.057509854
243607	85	0.05736198
243700	473	0.042985693
243700	4471	0.042784803
243700	3512	0.042730577
243700	983	0.04243588
243700	1358	0.042363405
243700	1596	0.042347908
243700	2290	0.042290427
243700	2165	0.042245634
243700	877	0.042222656
243700	5649	0.042160787
243720	2046	0.058524415
243720	5335	0.05835194
243720	231	0.058212753
243720	3195	0.05804984
243720	2943	0.058034517
243720	728	0.057914194
243720	3787	0.057842504
243720	530	0.057439506
243720	4327	0.057314053
243720	1929	0.05725386
243745	1521	0.03334679
243745	5048	0.033077057
243745	3974	0.032962322
243745	4110	0.032864474
243745	5626	0.032855347
243745	3673	0.032852557
243745	4580	0.032728214
243745	1319	0.032709338
243745	2576	0.0326727
243745	6194	0.032532476
243759	3194	0.0514706
243759	2333	0.051186107
243759	159	0.05118607
243759	3180	0.051122673
243759	2578	0.05112265
243759	4175	0.0511105
243759	6554	0.0511105
243759	5423	0.05109255
243759	5696	0.051080443
243759	1662	0.051080428
243785	5682	0.03746755
243785	6896	0.037393704
243785	6834	0.037217192
243785	381	0.037216146
243785	513	0.037185445
243785	1836	0.037184294
243785	3176	0.03701687
243785	3159	0.036962725
243785	5075	0.03683546
243785	2542	0.036816142
243814	34	0.033906877
243814	644	0.033652954
243814	1665	0.03359291
243814	1035	0.03359289
243814	3364	0.03353423
243814	59	0.03351435
243814	2331	0.03349594
243814	5835	0.03347137
243814	3093	0.033298757
243814	2010	0.03326323
243863	4570	0.030560277
243863	6263	0.030414794
243863	1073	0.030333498
243863	5954	0.030322067
243863	1741	0.030154247
243863	2115	0.030151503
243863	4720	0.030076277
243863	3957	0.030055523
243863	5167	0.030046161
243863	6780	0.029999427
243879	3438	0.06616529
243879	240	0.06615786
243879	2983	0.065907106
243879	1320	0.065648206
243879	1412	0.06564318
243879	18	0.06547479
243879	1753	0.06542741
243879	5574	0.06542739
243879	2068	0.06542736
243879	3631	0.06538396
243891	1884	0.05001434
243891	5114	0.04988496
243891	4005	0.049823355
243891	2951	0.04976853
243891	1027	0.04975278
243891	2407	0.04975278
243891	1777	0.049752764
243891	1655	0.04975273
243891	2194	0.049752727
243891	1559	0.049752682
243929	5710	0.050601315
243929	301	0.05055751
243929	1376	0.050492223
243929	610	0.050404612
243929	1805	0.05021284
243929	6406	0.050089978
243929	4659	0.05007188
243929	6251	0.050053127
243929	607	0.049856886
243929	3764	0.04973815
243930	440	0.04916925
243930	329	0.048999764
243930	619	0.04899976
243930	1329	0.04851502
243930	1854	0.048390187
243930	1636	0.048345476
243930	6498	0.048205398
243930	6004	0.047954604
243930	5230	0.047879048
243930	1249	0.047754984
243942	4796	0.05591562
243942	2575	0.05567891
243942	5108	0.055664774
243942	6454	0.05559086
243942	3299	0.0555547
243942	4048	0.055479515
243942	6130	0.055354133
243942	1927	0.055347573
243942	966	0.055347517
243942	1682	0.05516302
243951	235	0.046525925
243951	5567	0.046476558
243951	457	0.04626239
243951	3583	0.04625389
243951	214	0.046093266
243951	4120	0.04574625
243951	552	0.045690335
243951	5936	0.04569032
243951	1700	0.045541026
243951	2494	0.045383014
243966	5751	0.05542257
243966	5306	0.05538191
243966	6239	0.055368237
243966	6783	0.05534109
243966	4943	0.05526919
243966	5314	0.055235494
243966	5844	0.055235445
243966	1377	0.055221513
243966	5882	0.055206742
243966	2737	0.055206727
243984	4689	0.047017768
243984	2186	0.047017753
243984	2785	0.047017734
243984	3693	0.0470177
243984	704	0.046939902
243984	1937	0.046939902
243984	5506	0.046799712
243984	5021	0.046784546
243984	2655	0.046669595
243984	4233	0.046656948
244039	1550	0.054927144
244039	1389	0.054843187
244039	420	0.054245833
244039	1490	0.05413593
244039	614	0.054078646
244039	1253	0.05404067
244039	406	0.05395481
244039	2456	0.053838134
244039	3943	0.053740382
244039	1212	0.053367324
244056	1771	0.049758594
244056	35	0.049685456
244056	3114	0.049685396
244056	2625	0.049679298
244056	718	0.049566373
244056	3815	0.04954121
244056	1259	0.049541205
244056	1907	0.04954119
244056	1965	0.049541175
244056	6105	0.049541175
244070	5114	0.046948217
244070	636	0.04667408
244070	2360	0.04667407
244070	2920	0.046674065
244070	3440	0.046674065
244070	2024	0.046658266
244070	1033	0.046648808
244070	938	0.0466488
244070	925	0.046604402
244070	1916	0.04656533
244092	3616	0.046824016
244092	3659	0.04646118
244092	320	0.046000827
244092	1813	0.045764744
244092	727	0.04571313
244092	451	0.045703094
244092	2337	0.045536388
244092	2129	0.0452473
244092	2662	0.04518731
244092	997	0.04512267
244171	5567	0.061829112
244171	3631	0.061731618
244171	3373	0.061667718
244171	789	0.061667643
244171	1973	0.06166763
244171	4878	0.06166762
244171	5936	0.061249807
244171	552	0.0612498
244171	1515	0.0612496
244171	1491	0.06124959
244189	1574	0.06505806
244189	1817	0.06500651
244189	133	0.065006495
244189	6111	0.064925164
244189	710	0.06490855
244189	3796	0.06483438
244189	1781	0.064710975
244189	1698	0.06459776
244189	625	0.06457874
244189	4710	0.064459786
244277	5097	0.04987268
244277	2906	0.04984782
244277	4713	0.04984782
244277	211	0.0498478
244277	1753	0.049840093
244277	5574	0.049840093
244277	2068	0.04984007
244277	1958	0.0498233
244277	4181	0.049815234
244277	4639	0.04981518
244286	586	0.062410258
244286	1800	0.062307224
244286	3794	0.061402515
244286	5568	0.061369177
244286	1066	0.061272617
244286	1430	0.06095249
244286	2456	0.060810924
244286	1902	0.06076239
244286	1945	0.060569175
244286	4235	0.060498882
244349	2853	0.04373064
244349	2909	0.04351472
244349	2297	0.043385636
244349	3829	0.04338561
244349	5941	0.04338561
244349	1478	0.043385603
244349	5311	0.0433856
244349	2256	0.04330703
244349	6204	0.043296345
244349	6357	0.04322181
244359	1185	0.052445695
244359	1680	0.05240825
244359	653	0.052039452
244359	5570	0.05197154
244359	1212	0.051971532
244359	592	0.051878512
244359	1616	0.051823463
244359	1942	0.051673546
244359	664	0.051606644
244359	2024	0.05144976
244420	1601	0.049765892
244420	5781	0.049120937
244420	665	0.048503924
244420	930	0.04838509
244420	465	0.048385046
244420	3142	0.048385028
244420	435	0.048339088
244420	51	0.048335053
244420	214	0.04816468
244420	165	0.04814691
244452	6336	0.049450412
244452	1009	0.04941889
244452	4901	0.049240984
244452	6653	0.049074758
244452	4484	0.049053125
244452	2657	0.04902603
244452	4382	0.049010396
244452	3161	0.048997987
244452	919	0.048966423
244452	2474	0.048939586
244456	2991	0.07013868
244456	1076	0.06979299
244456	407	0.06937452
244456	2503	0.069123685
244456	448	0.06909855
244456	6111	0.06858795
244456	693	0.06853323
244456	1492	0.06842991
244456	1817	0.0684252
244456	133	0.06842515
244471	1377	0.048379287
244471	468	0.048238944
244471	3946	0.048107468
244471	834	0.04810746
244471	1258	0.047967136
244471	3928	0.047967114
244471	42	0.04796709
244471	3803	0.047967087
244471	1962	0.047967084
244471	3146	0.0478997
244484	675	0.062026672
244484	3177	0.061096355
244484	1743	0.06109628
244484	5340	0.060521685
244484	5675	0.06038505
244484	6250	0.060206607
244484	5815	0.06019208
244484	2867	0.060192037
244484	800	0.06015596
244484	1328	0.060151756
244494	879	0.05790112
244494	1076	0.057491474
244494	2991	0.057094082
244494	1631	0.056601558
244494	2387	0.05654995
244494	2503	0.056493558
244494	448	0.05582652
244494	2044	0.055739515
244494	1492	0.055736348
244494	5140	0.05551607
244517	6111	0.06590422
244517	1817	0.06565813
244517	133	0.06565811
244517	70	0.0656344
244517	5404	0.06563437
244517	85	0.06549833
244517	2469	0.06547465
244517	693	0.06535007
244517	710	0.06526828
244517	448	0.06525671
244593	692	0.058901504
244593	4245	0.05876176
244593	657	0.058144152
244593	432	0.05772362
244593	999	0.05747603
244593	54	0.057395924
244593	1249	0.057240564
244593	1854	0.057239033
244593	59	0.05708978
244593	2881	0.057005078
244622	1630	0.07226282
244622	689	0.071872756
244622	2823	0.0714895
244622	61	0.071374364
244622	352	0.0710721
244622	1902	0.071023144
244622	2456	0.070937306
244622	3943	0.07016018
244622	157	0.07013422
244622	504	0.06956868
244627	1419	0.054047983
244627	4756	0.05404798
244627	3822	0.054047972
244627	1421	0.05404797
244627	1049	0.054047935
244627	6587	0.054047935
244627	5183	0.054047924
244627	995	0.05404792
244627	3572	0.05404792
244627	3634	0.05404792
244657	636	0.06246172
244657	2920	0.062461715
244657	2360	0.0624617
244657	3440	0.0624617
244657	1023	0.062269695
244657	1772	0.06226968
244657	2231	0.062269643
244657	1616	0.062150955
244657	1033	0.062141582
244657	938	0.06214156
244662	2717	0.050116394
244662	4213	0.05007551
244662	6265	0.05000505
244662	2376	0.04996966
244662	1318	0.049928393
244662	2972	0.049928375
244662	2079	0.049889777
244662	3259	0.049889773
244662	5729	0.049697377
244662	4340	0.049516253
244676	268	0.053716063
244676	6275	0.053430084
244676	5304	0.053410694
244676	6104	0.05332686
244676	1432	0.05331327
244676	1808	0.053276792
244676	5406	0.05314815
244676	5042	0.053148136
244676	1192	0.052878782
244676	292	0.052862197
244685	6205	0.04883492
244685	1905	0.048834912
244685	5597	0.048834912
244685	6319	0.048834894
244685	4241	0.04883489
244685	1441	0.04880753
244685	4155	0.048807506
244685	5848	0.0488075
244685	2790	0.048807498
244685	3862	0.048807494
244708	879	0.06792046
244708	606	0.0677413
244708	2883	0.066819385
244708	3207	0.06674882
244708	3616	0.066462085
244708	727	0.06645206
244708	1444	0.0664196
244708	2961	0.06641956
244708	5140	0.066264115
244708	1261	0.0662054
244710	692	0.08693373
244710	999	0.08382032
244710	1854	0.0830596
244710	3616	0.08286157
244710	3207	0.082844086
244710	1851	0.082639426
244710	243	0.08246283
244710	15	0.08243346
244710	432	0.08232087
244710	657	0.08222582
244736	5205	0.0626881
244736	4245	0.06266539
244736	1789	0.061232068
244736	2744	0.061181627
244736	2093	0.060481854
244736	4442	0.060295895
244736	507	0.06020694
244736	285	0.060183547
244736	420	0.059897285
244736	4788	0.059863206
244742	3799	0.05014561
244742	5401	0.05013503
244742	3899	0.049997836
244742	730	0.049944162
244742	3104	0.049811102
244742	4438	0.049649328
244742	883	0.04964932
244742	4876	0.049649283
244742	1783	0.049588703
244742	338	0.04953754
244761	6526	0.053795174
244761	6536	0.052157857
244761	6071	0.051809013
244761	1786	0.05171942
244761	3467	0.051692724
244761	2242	0.051630296
244761	1150	0.05159828
244761	5398	0.05155167
244761	598	0.051345933
244761	4047	0.05113239
244779	3648	0.045887887
244779	6198	0.045837454
244779	3759	0.045744367
244779	2724	0.04566495
244779	424	0.04561344
244779	5187	0.045541972
244779	5336	0.04554195
244779	288	0.045467343
244779	6810	0.045318898
244779	4963	0.04526586
244814	3373	0.04289536
244814	1973	0.042895325
244814	789	0.042895317
244814	4878	0.042895302
244814	5828	0.042615633
244814	1515	0.04260026
244814	1491	0.04260025
244814	3657	0.042599402
244814	4169	0.042599402
244814	3459	0.042599395
244873	1261	0.044492744
244873	1436	0.04396897
244873	459	0.043754768
244873	2883	0.043501258
244873	2362	0.043374352
244873	1713	0.04324905
244873	20	0.042983923
244873	5815	0.04298392
244873	2867	0.042983882
244873	3056	0.042798527
244874	774	0.06706205
244874	183	0.06682733
244874	341	0.06680275
244874	338	0.066802725
244874	1260	0.06680271
244874	5601	0.066802666
244874	373	0.066743344
244874	339	0.066717714
244874	2317	0.06645834
244874	2836	0.066399075
244915	2696	0.05200855
244915	3756	0.052008532
244915	3838	0.052008476
244915	1920	0.051957715
244915	17	0.051813327
244915	5015	0.051552407
244915	1838	0.051534586
244915	801	0.051534582
244915	1846	0.051497985
244915	6721	0.051357236
244925	4108	0.042612858
244925	1044	0.04237225
244925	1639	0.042282213
244925	391	0.042190075
244925	194	0.042037882
244925	2542	0.04202406
244925	3766	0.04202403
244925	2992	0.042018697
244925	6834	0.04198061
244925	1853	0.04197403
244995	980	0.050603107
244995	4085	0.05049274
244995	3163	0.050404843
244995	2096	0.050224356
244995	6101	0.05021204
244995	2400	0.050212026
244995	5474	0.050157025
244995	6050	0.050151374
244995	3162	0.05012148
244995	3389	0.049985133
245088	1068	0.04919355
245088	1594	0.04844343
245088	2950	0.0484351
245088	1251	0.048373193
245088	2857	0.04815789
245088	1056	0.048157867
245088	1961	0.048140902
245088	169	0.04769589
245088	1329	0.047695756
245088	440	0.047519505
245102	504	0.05098147
245102	2823	0.05003941
245102	589	0.05000238
245102	1630	0.049896225
245102	1709	0.049792394
245102	432	0.04975674
245102	606	0.049447972
245102	2543	0.04925942
245102	971	0.04911752
245102	3207	0.049020186
245128	782	0.03607682
245128	1263	0.035758022
245128	5565	0.03567981
245128	1413	0.035620127
245128	3125	0.03546678
245128	2826	0.0353097
245128	4644	0.035306048
245128	5625	0.035303473
245128	1702	0.03528162
245128	6803	0.035269056
245157	4375	0.049073406
245157	822	0.04882236
245157	1480	0.04877648
245157	5402	0.04870303
245157	4280	0.04867422
245157	4585	0.048621505
245157	867	0.048607945
245157	6676	0.048526134
245157	784	0.048392728
245157	5884	0.048392672
245188	3119	0.055078905
245188	2393	0.055028297
245188	4318	0.0547764
245188	5703	0.054776356
245188	495	0.05477635
245188	3371	0.054628022
245188	1145	0.054628007
245188	4416	0.054628007
245188	1437	0.054627985
245188	5173	0.054627955
245194	1278	0.04406689
245194	865	0.043948814
245194	923	0.04394877
245194	3868	0.04375357
245194	5521	0.043574736
245194	876	0.043471575
245194	6398	0.04347156
245194	6448	0.043421414
245194	1013	0.04342136
245194	4354	0.043379527
245203	1764	0.06466328
245203	243	0.064007916
245203	614	0.063924156
245203	1185	0.063734315
245203	1055	0.06373061
245203	4458	0.063549906
245203	5140	0.063424096
245203	1631	0.06341766
245203	1490	0.06341472
245203	1212	0.06321873
245215	84	0.03756223
245215	330	0.037562177
245215	2066	0.03725993
245215	2316	0.037205376
245215	4726	0.037018716
245215	2698	0.03699461
245215	347	0.03687316
245215	1526	0.036689866
245215	2022	0.036511593
245215	3883	0.036471497
245281	2851	0.034152433
245281	3911	0.034081288
245281	2370	0.034036897
245281	655	0.034004398
245281	5917	0.03396003
245281	1414	0.033960022
245281	6302	0.033960022
245281	4053	0.033911005
245281	6690	0.03391093
245281	5901	0.03390532
245295	3343	0.07074042
245295	1225	0.07027332
245295	586	0.0698251
245295	4506	0.06961879
245295	811	0.06961877
245295	2206	0.06902029
245295	3311	0.06902029
245295	6765	0.069020286
245295	1019	0.06902027
245295	2601	0.06902027
245311	3740	0.064577766
245311	6273	0.064170584
245311	3327	0.064170524
245311	6557	0.06408434
245311	3585	0.06407043
245311	376	0.06407042
245311	3221	0.06403899
245311	5380	0.06393899
245311	151	0.06393892
245311	5225	0.0639389
245328	1205	0.060559984
245328	210	0.060559943
245328	2555	0.06054754
245328	213	0.060547482
245328	3520	0.060314912
245328	1177	0.059984915
245328	935	0.059935812
245328	384	0.0599271
245328	3527	0.059927095
245328	1571	0.059927065
245346	3207	0.059769846
245346	1854	0.059754632
245346	692	0.059734724
245346	432	0.059597336
245346	160	0.059222594
245346	2543	0.059075832
245346	4245	0.058776103
245346	77	0.058715746
245346	589	0.058279328
245346	4919	0.05826468
245371	338	0.0629166
245371	341	0.06291659
245371	1260	0.06291659
245371	5601	0.06291655
245371	3104	0.06271054
245371	3581	0.062443733
245371	2317	0.062369257
245371	6674	0.06154128
245371	4269	0.061502382
245371	708	0.06142672
245410	350	0.04578726
245410	456	0.045717288
245410	4560	0.045382597
245410	7	0.045247756
245410	5288	0.045102168
245410	3285	0.045051374
245410	4066	0.044126667
245410	5867	0.043954343
245410	2513	0.043908212
245410	3198	0.043831296
245446	406	0.054340817
245446	2620	0.054275535
245446	1389	0.05421076
245446	420	0.054173358
245446	2919	0.054024015
245446	4867	0.053912796
245446	247	0.05389784
245446	614	0.053810626
245446	958	0.053588428
245446	1867	0.05349488
245534	59	0.057387095
245534	329	0.057355892
245534	1636	0.05699157
245534	380	0.05664698
245534	4919	0.0563792
245534	1854	0.05636671
245534	2329	0.05635813
245534	3093	0.056286402
245534	1064	0.056255233
245534	3286	0.056255188
245568	216	0.07123725
245568	1372	0.071163
245568	2001	0.07109058
245568	262	0.07101425
245568	5552	0.070978075
245568	3082	0.07063395
245568	3303	0.07063385
245568	1742	0.07063044
245568	4776	0.070624
245568	4921	0.07047941
245604	1411	0.03949832
245604	1713	0.039326847
245604	1750	0.03903256
245604	1603	0.038806155
245604	1574	0.038730215
245604	1071	0.038654566
245604	1436	0.038525563
245604	501	0.038342524
245604	1711	0.03831703
245604	2176	0.03829675
245616	3177	0.052521482
245616	5340	0.052390747
245616	5675	0.052337736
245616	1328	0.052035354
245616	675	0.051984802
245616	2064	0.051919475
245616	6250	0.051876053
245616	778	0.0518406
245616	2820	0.0516209
245616	712	0.051589373
245645	1320	0.049963288
245645	1219	0.049776115
245645	744	0.04971508
245645	6736	0.049714997
245645	435	0.04966084
245645	3799	0.048948567
245645	3769	0.04875412
245645	5401	0.048737925
245645	240	0.048270904
245645	1601	0.048260737
245649	1817	0.06249556
245649	133	0.06249554
245649	85	0.062379092
245649	6111	0.06226495
245649	1781	0.061828807
245649	4227	0.06182183
245649	500	0.0617595
245649	693	0.06167367
245649	448	0.061649155
245649	3796	0.061293744
245650	3918	0.05085747
245650	3352	0.05080988
245650	5896	0.05073932
245650	4219	0.05072912
245650	3805	0.05067174
245650	1859	0.05067172
245650	2311	0.05066154
245650	1865	0.050628662
245650	1863	0.050569903
245650	4224	0.0505699
245655	1066	0.052498884
245655	1800	0.05230201
245655	1902	0.051859923
245655	2456	0.051752
245655	3794	0.051122125
245655	586	0.050901663
245655	1430	0.050829753
245655	61	0.0507026
245655	1897	0.050530896
245655	934	0.050530836
245660	1555	0.048497695
245660	2049	0.048236344
245660	4980	0.048201434
245660	1542	0.04792033
245660	5591	0.047158457
245660	3525	0.047158428
245660	1782	0.047106706
245660	416	0.047077294
245660	1689	0.04707722
245660	5448	0.04706732
245814	1053	0.037392106
245814	1231	0.03709589
245814	26	0.037095882
245814	6700	0.037095163
245814	1775	0.037013505
245814	125	0.03696482
245814	2085	0.036944363
245814	1827	0.036940433
245814	1889	0.036940433
245814	148	0.036803752
245963	625	0.054576352
245963	4055	0.0542468
245963	2966	0.05389584
245963	3992	0.053845435
245963	2532	0.053819116
245963	2809	0.053819098
245963	3669	0.053819053
245963	3106	0.053515196
245963	4028	0.053489454
245963	5572	0.053489435
246000	3512	0.038300324
246000	3197	0.038264446
246000	1472	0.03809555
246000	480	0.03800443
246000	471	0.03774706
246000	983	0.037655793
246000	473	0.037630465
246000	153	0.037423614
246000	565	0.037419535
246000	4471	0.037382714
246156	3633	0.038230535
246156	5522	0.038230523
246156	5529	0.03820962
246156	5735	0.038209572
246156	3662	0.03819239
246156	5987	0.03811893
246156	5176	0.038096827
246156	6576	0.03807713
246156	5770	0.038077097
246156	3608	0.038000397
246175	428	0.054169104
246175	4625	0.05408781
246175	4221	0.05406505
246175	536	0.054035537
246175	684	0.053882465
246175	417	0.053882457
246175	3998	0.053854942
246175	287	0.053854886
246175	3612	0.05385488
246175	4050	0.05385487
246216	1286	0.045676433
246216	1289	0.045363948
246216	5570	0.04530678
246216	1212	0.045306772
246216	3342	0.045163263
246216	1305	0.04495475
246216	4205	0.044954747
246216	426	0.044954732
246216	6291	0.04492717
246216	5149	0.044615187
246230	1261	0.055992678
246230	5815	0.05529413
246230	2867	0.05529409
246230	739	0.054632828
246230	1602	0.05461672
246230	3133	0.054239724
246230	459	0.05363687
246230	414	0.053380717
246230	613	0.053358566
246230	606	0.05316975
246246	5606	0.049973235
246246	914	0.049818482
246246	6450	0.04980848
246246	1484	0.049637888
246246	4956	0.049211368
246246	2949	0.048997194
246246	3580	0.048913784
246246	4141	0.048576593
246246	4542	0.048473
246246	3630	0.048385464
246247	2964	0.047746394
246247	660	0.047516324
246247	2374	0.047128364
246247	469	0.046763405
246247	2804	0.04620304
246247	6800	0.046014436
246247	363	0.04594877
246247	1103	0.045804035
246247	2040	0.045785937
246247	5573	0.045785837
246311	1215	0.07210969
246311	890	0.07210964
246311	2384	0.072109595
246311	5558	0.07114024
246311	5562	0.07114023
246311	1535	0.0711402
246311	3341	0.07091242
246311	5998	0.07073027
246311	1699	0.070730254
246311	5748	0.07073021
246388	5570	0.053776354
246388	1212	0.053776346
246388	404	0.053463437
246388	653	0.053320386
246388	1058	0.05327414
246388	407	0.053192638
246388	1947	0.0530525
246388	2120	0.05302684
246388	486	0.052894935
246388	809	0.0528597
246470	140	0.048420884
246470	5361	0.048298754
246470	3552	0.04829873
246470	4119	0.047926847
246470	892	0.047885593
246470	141	0.047863
246470	279	0.04779908
246470	1229	0.047520287
246470	4910	0.04747572
246470	1690	0.047413386
246507	2093	0.06309615
246507	4793	0.06264074
246507	2669	0.06257853
246507	420	0.06225144
246507	2620	0.06220565
246507	2881	0.062194075
246507	2919	0.062155142
246507	2912	0.061951507
246507	285	0.061875872
246507	1249	0.06180249
246512	2300	0.042073485
246512	4020	0.04202282
246512	5441	0.042013995
246512	1628	0.041679617
246512	2898	0.04165734
246512	2216	0.04163941
246512	1459	0.04127752
246512	4060	0.04102905
246512	2583	0.040782757
246512	3278	0.040733233
246513	393	0.0412489
246513	6081	0.041042328
246513	2070	0.041035317
246513	5254	0.040938538
246513	67	0.040821053
246513	5696	0.04079847
246513	6417	0.040798407
246513	2077	0.040764246
246513	442	0.040764235
246513	4175	0.0407411
246528	2725	0.07100968
246528	1709	0.06984933
246528	1268	0.069607176
246528	1527	0.06957574
246528	715	0.06907438
246528	611	0.06890248
246528	127	0.06887443
246528	1961	0.06880072
246528	526	0.06860292
246528	169	0.06860201
246617	3678	0.06755447
246617	1396	0.06755443
246617	965	0.06755442
246617	1747	0.0675544
246617	491	0.06749387
246617	1086	0.06726545
246617	6404	0.06726542
246617	1347	0.06726541
246617	1980	0.06726538
246617	4770	0.06726529
246634	1185	0.077579066
246634	3433	0.07726763
246634	1680	0.07681161
246634	653	0.07679886
246634	1212	0.07674864
246634	5570	0.07674864
246634	404	0.07641451
246634	1631	0.07597785
246634	2120	0.075912625
246634	2044	0.07590976
246655	55	0.051430166
246655	136	0.05140739
246655	3942	0.051104035
246655	1794	0.051092908
246655	648	0.051084578
246655	4163	0.05108457
246655	6032	0.05107576
246655	5263	0.051075704
246655	3789	0.051072463
246655	4512	0.05105086
246759	5917	0.04772519
246759	6302	0.04772518
246759	2370	0.047476064
246759	4665	0.04737378
246759	337	0.047373753
246759	2244	0.047316574
246759	3811	0.047214344
246759	5467	0.047214285
246759	3027	0.047143698
246759	5623	0.04714366
246766	5867	0.04240423
246766	1248	0.042261876
246766	572	0.04215166
246766	3315	0.04211101
246766	350	0.042080842
246766	6249	0.04200709
246766	456	0.04179286
246766	3285	0.04179164
246766	2215	0.04170594
246766	4570	0.041649364
246776	3794	0.05883814
246776	1800	0.05845715
246776	1066	0.05823974
246776	883	0.05818721
246776	4438	0.0581872
246776	4876	0.058187142
246776	458	0.057739917
246776	1430	0.057144348
246776	600	0.05694127
246776	6709	0.056890823
246798	3678	0.06056413
246798	1396	0.060564075
246798	1747	0.060564075
246798	965	0.06056407
246798	1408	0.060446694
246798	646	0.06041079
246798	5953	0.060410786
246798	5414	0.060410768
246798	4483	0.06029339
246798	3421	0.060293384
246820	902	0.047327638
246820	6890	0.046869457
246820	1554	0.046496477
246820	1191	0.04649645
246820	2202	0.04645261
246820	3473	0.046166778
246820	1675	0.04616672
246820	2404	0.046105154
246820	953	0.046050165
246820	947	0.046050154
246959	4401	0.050387032
246959	1884	0.05030397
246959	2951	0.05010113
246959	2912	0.04966338
246959	930	0.049638283
246959	3142	0.04963822
246959	465	0.049638215
246959	460	0.049603075
246959	98	0.049579903
246959	4026	0.049579706
247010	708	0.08070598
247010	434	0.080705896
247010	3581	0.080011904
247010	3064	0.07957049
247010	341	0.07922204
247010	338	0.07922201
247010	1260	0.07922198
247010	5601	0.079221934
247010	5815	0.07882576
247010	20	0.07882574
247055	2857	0.051549908
247055	1056	0.051549874
247055	2704	0.051438447
247055	5230	0.051313043
247055	560	0.051247
247055	3144	0.050989103
247055	1401	0.050989076
247055	2308	0.050931428
247055	1251	0.050705824
247055	3963	0.05061114
247060	487	0.060793724
247060	175	0.060549647
247060	1264	0.06053083
247060	3770	0.06049907
247060	474	0.060414795
247060	2541	0.06005038
247060	158	0.05999805
247060	2516	0.059754025
247060	3280	0.05958881
247060	1708	0.0592732
247129	3775	0.053978734
247129	620	0.05364596
247129	7	0.053586684
247129	6430	0.05337051
247129	456	0.053333133
247129	1708	0.053298675
247129	4560	0.053284876
247129	487	0.05320032
247129	350	0.05315129
247129	5288	0.053000394
247166	3523	0.045645155
247166	941	0.04558035
247166	477	0.045399755
247166	3587	0.045395657
247166	4279	0.045395628
247166	860	0.045334935
247166	4708	0.04533171
247166	1369	0.045330804
247166	643	0.04533077
247166	4312	0.04532861
247201	5951	0.047725663
247201	6590	0.04743767
247201	4178	0.047135465
247201	1758	0.047116533
247201	155	0.047035202
247201	6049	0.046852686
247201	2066	0.046815105
247201	3028	0.046676733
247201	2022	0.046658345
247201	6297	0.046634138
247240	448	0.053464286
247240	6111	0.05310761
247240	1817	0.05290329
247240	133	0.052903246
247240	2991	0.05282357
247240	2503	0.052767575
247240	693	0.052674577
247240	85	0.0526216
247240	2387	0.052620333
247240	1076	0.05249261
247241	3370	0.048149914
247241	5214	0.048101857
247241	1842	0.048101828
247241	5122	0.047928028
247241	291	0.04789926
247241	328	0.04789923
247241	3335	0.04785476
247241	136	0.047850512
247241	55	0.047802415
247241	1423	0.047785256
247278	4339	0.041488312
247278	2696	0.04133837
247278	3756	0.041338347
247278	3838	0.041338302
247278	3183	0.041276246
247278	1858	0.041275643
247278	1525	0.04124809
247278	1838	0.041244645
247278	801	0.04124464
247278	17	0.041236505
247423	649	0.050130334
247423	1179	0.04957828
247423	1555	0.049540155
247423	1691	0.049232207
247423	152	0.048717335
247423	937	0.048717335
247423	3443	0.04855445
247423	1690	0.04845223
247423	414	0.048399903
247423	5448	0.048399456
247429	5870	0.04243233
247429	2904	0.04241836
247429	682	0.042317733
247429	2477	0.042234495
247429	4648	0.042206965
247429	5615	0.042003855
247429	3067	0.041961692
247429	3778	0.041908205
247429	6841	0.04187139
247429	368	0.041758537
247444	4051	0.043534577
247444	5064	0.043534532
247444	5733	0.043473467
247444	3290	0.043423276
247444	895	0.04339026
247444	6566	0.043225005
247444	2352	0.043155387
247444	1447	0.0431426
247444	737	0.043106176
247444	996	0.042989913
247447	3150	0.05052094
247447	3645	0.049883734
247447	4004	0.049736124
247447	4015	0.049733773
247447	5015	0.049648874
247447	6200	0.04956741
247447	6678	0.049486663
247447	1846	0.049392074
247447	5254	0.04936835
247447	6228	0.049348153
247518	3434	0.039333574
247518	1097	0.0392865
247518	4551	0.039152853
247518	6785	0.03908891
247518	5433	0.0390354
247518	4487	0.03903245
247518	5120	0.038939737
247518	2711	0.038786
247518	1607	0.03873886
247518	2344	0.038613703
247537	5917	0.058732614
247537	6302	0.058732595
247537	1414	0.058732588
247537	3610	0.05848469
247537	3027	0.058382623
247537	5623	0.058382593
247537	5164	0.05836859
247537	4665	0.058242314
247537	337	0.058242273
247537	3121	0.05811193
247626	3805	0.049010247
247626	1859	0.04901024
247626	4224	0.048975803
247626	1863	0.048975796
247626	5896	0.04891189
247626	1693	0.048715565
247626	738	0.04871554
247626	3250	0.048715524
247626	3751	0.048617266
247626	4219	0.048614234
247664	614	0.06848928
247664	2919	0.06825136
247664	1773	0.068233326
247664	247	0.06821547
247664	1055	0.06811057
247664	1490	0.068034194
247664	4867	0.067973524
247664	406	0.06787385
247664	1389	0.067779124
247664	420	0.067609325
247752	1099	0.05416593
247752	3692	0.05413589
247752	1419	0.05409988
247752	4756	0.054099865
247752	1421	0.054099854
247752	3822	0.054099854
247752	1049	0.054099835
247752	3572	0.05409983
247752	5292	0.054099824
247752	6587	0.054099824
247829	316	0.048583318
247829	1237	0.048447877
247829	4057	0.047989506
247829	6055	0.04798948
247829	5178	0.047977056
247829	1753	0.047938563
247829	5574	0.047938544
247829	2068	0.04793854
247829	6589	0.047930583
247829	4468	0.04791837
247840	6291	0.05266086
247840	1286	0.052519694
247840	1212	0.05250314
247840	5570	0.05250314
247840	37	0.05178409
247840	3943	0.051762328
247840	3342	0.05175384
247840	1550	0.051516406
247840	405	0.051238663
247840	653	0.051109187
247852	5433	0.03885725
247852	4534	0.038691916
247852	6533	0.038655918
247852	3434	0.038640067
247852	2711	0.038536564
247852	4551	0.03852699
247852	5513	0.038506374
247852	5370	0.038479522
247852	3184	0.038463093
247852	2422	0.03842275
247855	406	0.08746354
247855	1389	0.086530596
247855	1193	0.08633734
247855	420	0.08488073
247855	5792	0.084108695
247855	3705	0.0840123
247855	2432	0.083934814
247855	645	0.08314829
247855	3909	0.08314823
247855	958	0.08298829
247897	3072	0.043561026
247897	1022	0.043341435
247897	2652	0.04319407
247897	4349	0.04319407
247897	4567	0.043194056
247897	47	0.043194026
247897	2227	0.0430971
247897	5429	0.043086223
247897	5992	0.043081466
247897	6684	0.043019414
247918	274	0.038437363
247918	4471	0.0382915
247918	503	0.038248174
247918	742	0.03817562
247918	1115	0.038101047
247918	981	0.037992533
247918	2165	0.037837327
247918	1220	0.037798982
247918	837	0.037798323
247918	3977	0.03775575
247966	3070	0.038937233
247966	403	0.03893722
247966	5011	0.038930688
247966	1313	0.03875403
247966	3952	0.038745843
247966	1629	0.038706526
247966	4595	0.03869592
247966	515	0.038695917
247966	5946	0.038688973
247966	399	0.038688954
247998	2950	0.054077696
247998	4432	0.053877182
247998	3213	0.05387713
247998	4882	0.053877108
247998	1370	0.053803645
247998	6865	0.053733334
247998	910	0.053604614
247998	2063	0.053431846
247998	4332	0.053236753
247998	1068	0.05302254
248003	918	0.059712972
248003	726	0.059356317
248003	6481	0.059140403
248003	844	0.05878847
248003	5025	0.058583986
248003	6537	0.058418393
248003	60	0.058418386
248003	4717	0.058280945
248003	2399	0.058233727
248003	2439	0.058222182
248064	4549	0.05144114
248064	2427	0.05135399
248064	1270	0.05132697
248064	5163	0.051326938
248064	1101	0.05122275
248064	6566	0.050963897
248064	4051	0.050923534
248064	5064	0.05092347
248064	777	0.050867133
248064	176	0.05086709
248098	2407	0.044415265
248098	1027	0.04441525
248098	1777	0.04441525
248098	1655	0.044415217
248098	2194	0.04441521
248098	1559	0.04441519
248098	2252	0.044353183
248098	1681	0.04435318
248098	1234	0.044353176
248098	1028	0.04435317
248131	1361	0.048432223
248131	6298	0.0484322
248131	427	0.048432194
248131	2852	0.048432164
248131	652	0.048275393
248131	4494	0.04826778
248131	2751	0.048267778
248131	5538	0.048267715
248131	5995	0.0482677
248131	2577	0.04815019
248138	6337	0.04694576
248138	3626	0.04686887
248138	4202	0.046471864
248138	5260	0.04645329
248138	5298	0.046316613
248138	4154	0.0462917
248138	3175	0.046235792
248138	59	0.04613822
248138	3463	0.045976013
248138	6789	0.045953188
248221	3631	0.06505594
248221	446	0.064859286
248221	977	0.06457831
248221	6444	0.06457826
248221	2684	0.0645469
248221	3373	0.06426631
248221	789	0.06426622
248221	1973	0.064266205
248221	4878	0.06426619
248221	3328	0.06420942
248259	2848	0.041317582
248259	2275	0.041220978
248259	1265	0.041171946
248259	5679	0.04111454
248259	2335	0.041072883
248259	4111	0.041011572
248259	5800	0.041011546
248259	5320	0.04096987
248259	2079	0.040939532
248259	3259	0.040939532
248280	1251	0.049392354
248280	5230	0.049162924
248280	507	0.04904425
248280	1709	0.049042102
248280	440	0.048989814
248280	715	0.048978105
248280	2744	0.04894283
248280	5762	0.048905194
248280	589	0.048341013
248280	3144	0.048303723
248464	6382	0.053043168
248464	4949	0.05299198
248464	4870	0.05291677
248464	2229	0.05241242
248464	5387	0.05229307
248464	4305	0.052194387
248464	5352	0.05187735
248464	2765	0.05183518
248464	6782	0.051815134
248464	5023	0.051797926
248468	3616	0.0628387
248468	320	0.062540084
248468	3659	0.06203617
248468	727	0.06155555
248468	1444	0.061388075
248468	2961	0.061388053
248468	879	0.061327666
248468	451	0.061184786
248468	1851	0.061169
248468	2129	0.060857072
248477	600	0.058379605
248477	397	0.05808066
248477	1355	0.057715468
248477	6486	0.05728568
248477	1428	0.057238176
248477	5730	0.057073817
248477	2057	0.05693435
248477	804	0.056889325
248477	2996	0.056889303
248477	927	0.056773484
248479	6099	0.050619185
248479	4825	0.050482437
248479	2806	0.05040351
248479	3517	0.050296128
248479	5222	0.050296113
248479	2915	0.050296105
248479	3457	0.050296083
248479	3508	0.05026675
248479	245	0.050266698
248479	3603	0.05026667
248492	2290	0.047362547
248492	1358	0.047303274
248492	4325	0.04687544
248492	5649	0.046737783
248492	153	0.046653472
248492	3512	0.04662374
248492	473	0.04646275
248492	3197	0.04638557
248492	1472	0.04635642
248492	6023	0.046279803
248496	4833	0.04787551
248496	4903	0.047848437
248496	266	0.04784843
248496	2350	0.047833633
248496	3750	0.0478336
248496	5291	0.047833566
248496	6205	0.047796436
248496	1905	0.047796432
248496	5597	0.04779643
248496	4241	0.04779641
248531	1799	0.03631995
248531	846	0.03631389
248531	5548	0.03631389
248531	5873	0.036263395
248531	5258	0.036217608
248531	2521	0.0361778
248531	6847	0.036084108
248531	4460	0.03605428
248531	916	0.036034226
248531	1017	0.036029283
248540	687	0.04119997
248540	3549	0.041132696
248540	150	0.041116394
248540	3218	0.041116394
248540	1067	0.04111639
248540	3325	0.041075144
248540	4323	0.04105668
248540	3418	0.04105661
248540	5885	0.041049093
248540	3692	0.041004166
248547	1460	0.05001575
248547	6176	0.049960934
248547	2706	0.049863897
248547	3206	0.0498473
248547	3255	0.04958608
248547	5246	0.04948904
248547	3402	0.049158506
248547	2472	0.049158502
248547	3986	0.048912197
248547	1452	0.048369933
248615	1298	0.040251166
248615	1624	0.040251162
248615	3257	0.04025115
248615	3711	0.040251132
248615	2310	0.04025112
248615	936	0.040251113
248615	3323	0.040251095
248615	5138	0.040251084
248615	4409	0.040233143
248615	3028	0.04017395
248656	5114	0.050503753
248656	1033	0.05028555
248656	938	0.05028554
248656	460	0.05024813
248656	636	0.05012665
248656	2920	0.050126646
248656	2360	0.050126642
248656	3440	0.050126635
248656	592	0.050089173
248656	925	0.050083496
248749	645	0.052355208
248749	3909	0.052355185
248749	2467	0.052186742
248749	5771	0.051960275
248749	4458	0.05192709
248749	1592	0.051857494
248749	2324	0.05177301
248749	5184	0.051747322
248749	2963	0.051560096
248749	577	0.051337324
248805	6259	0.04466975
248805	1783	0.04455564
248805	1504	0.04439643
248805	2886	0.04409602
248805	4184	0.04392275
248805	2511	0.043922734
248805	4688	0.043920565
248805	5737	0.043830212
248805	6133	0.04360825
248805	1632	0.043608177
248850	4549	0.046503037
248850	1882	0.04640895
248850	3691	0.04637839
248850	1101	0.046335585
248850	2950	0.046309687
248850	1447	0.046290793
248850	895	0.04627822
248850	777	0.0461903
248850	176	0.04619027
248850	712	0.04617074
248901	5304	0.054622933
248901	2550	0.05419504
248901	5079	0.05419503
248901	1200	0.054188978
248901	1808	0.05413023
248901	3287	0.05359167
248901	5487	0.053591646
248901	3297	0.053542655
248901	5329	0.053526934
248901	1432	0.053518835
248965	1783	0.059692048
248965	715	0.059246913
248965	526	0.058880165
248965	1251	0.05876667
248965	1961	0.058072478
248965	1709	0.057984643
248965	2725	0.057958905
248965	350	0.05792976
248965	6259	0.057571076
248965	1068	0.057296805
249058	3281	0.048094153
249058	3200	0.04790494
249058	1378	0.047591317
249058	3073	0.047422357
249058	1538	0.047422342
249058	5290	0.04729763
249058	1496	0.047186296
249058	3046	0.04717339
249058	5462	0.047104377
249058	2600	0.047104355
249096	5387	0.053802326
249096	2229	0.053767316
249096	4305	0.053682815
249096	6382	0.053353515
249096	5023	0.053257845
249096	4870	0.05294723
249096	2738	0.05287064
249096	6385	0.052403446
249096	4029	0.052403428
249096	2056	0.05203732
249111	3011	0.03643718
249111	6631	0.03630669
249111	1837	0.036292233
249111	6761	0.03624096
249111	6721	0.03618376
249111	4014	0.03618373
249111	3645	0.036166944
249111	1309	0.036161713
249111	3905	0.036141604
249111	296	0.036141567
249128	1011	0.03655962
249128	2826	0.036229204
249128	779	0.03622485
249128	5686	0.036117412
249128	561	0.03595618
249128	630	0.03589438
249128	5297	0.035894185
249128	5407	0.03588514
249128	6803	0.03583093
249128	2868	0.035830878
249140	6406	0.050589934
249140	741	0.050330374
249140	1367	0.050330367
249140	6251	0.050138295
249140	3730	0.04994814
249140	6869	0.049876586
249140	1415	0.049836606
249140	438	0.049836587
249140	447	0.049648583
249140	5561	0.049643308
249150	6886	0.038750313
249150	2210	0.038750112
249150	2012	0.038732782
249150	3691	0.03841903
249150	3136	0.03830542
249150	1882	0.03826312
249150	1475	0.038217366
249150	2813	0.038188145
249150	5492	0.03805903
249150	81	0.038044445
249220	2016	0.03482396
249220	6414	0.034495138
249220	1757	0.03442674
249220	5407	0.03439773
249220	0	0.034255832
249220	4283	0.03421312
249220	2911	0.034067355
249220	875	0.034060225
249220	812	0.034057245
249220	5119	0.034047082
249223	5254	0.07750939
249223	442	0.077166095
249223	2077	0.07716608
249223	174	0.07715831
249223	1382	0.0771582
249223	1821	0.07715819
249223	803	0.07710744
249223	346	0.07704175
249223	5968	0.07701708
249223	90	0.07701707
249361	1696	0.04529899
249361	2596	0.04529891
249361	6459	0.045219705
249361	2772	0.045210693
249361	6476	0.045210652
249361	4148	0.04516112
249361	4225	0.045161113
249361	1993	0.045135126
249361	5452	0.045135114
249361	3642	0.045083664
249407	4047	0.05083734
249407	6671	0.05083733
249407	1150	0.05073624
249407	6527	0.0507359
249407	6071	0.05070629
249407	745	0.050556786
249407	5672	0.050501186
249407	615	0.050501175
249407	629	0.05010281
249407	2242	0.050050277
249496	4219	0.039936267
249496	3361	0.039934024
249496	2173	0.03993401
249496	5410	0.039934006
249496	3331	0.039934002
249496	1296	0.039910667
249496	3918	0.039890148
249496	1448	0.039732825
249496	2311	0.03972789
249496	3696	0.039702248
249628	526	0.068419665
249628	1961	0.067536004
249628	4560	0.06722936
249628	2950	0.06676954
249628	5288	0.06675574
249628	2267	0.06621896
249628	456	0.066109166
249628	1068	0.06598796
249628	4307	0.065852076
249628	365	0.06574114
249634	2026	0.03629396
249634	1839	0.036251787
249634	1855	0.03621497
249634	2347	0.036214955
249634	5039	0.036172792
249634	1739	0.036172766
249634	2077	0.036134206
249634	442	0.036134202
249634	3180	0.03611973
249634	2578	0.036119714
249650	4963	0.035869382
249650	4518	0.035869367
249650	2769	0.035723045
249650	5344	0.03572304
249650	5336	0.035570383
249650	5187	0.035570376
249650	4947	0.035485253
249650	5946	0.035454486
249650	399	0.035454467
249650	2122	0.035454467
249688	613	0.046174668
249688	2176	0.04503841
249688	4538	0.0450384
249688	1436	0.04491976
249688	937	0.04468316
249688	152	0.044683136
249688	414	0.044277884
249688	2362	0.044276066
249688	459	0.044089746
249688	1691	0.043934986
249695	692	0.067927286
249695	1851	0.06753935
249695	1854	0.06711669
249695	15	0.06697923
249695	2337	0.06694686
249695	3616	0.06691368
249695	999	0.06655115
249695	4919	0.066412345
249695	3885	0.066346616
249695	1813	0.06628329
249732	6430	0.059205346
249732	4560	0.058907907
249732	3775	0.058603257
249732	2178	0.05811301
249732	7	0.058049727
249732	373	0.05793938
249732	620	0.057877317
249732	3300	0.057807263
249732	1708	0.057774227
249732	456	0.057767384
249746	5331	0.05334744
249746	542	0.053073857
249746	5082	0.053006742
249746	5764	0.052875713
249746	4338	0.05252088
249746	1715	0.05246263
249746	5537	0.052447744
249746	384	0.052396692
249746	3527	0.052396692
249746	1571	0.052396625
249848	1058	0.042090338
249848	930	0.042043217
249848	465	0.042043187
249848	3142	0.042043187
249848	653	0.041734114
249848	978	0.04168269
249848	1291	0.04161805
249848	590	0.041617654
249848	5570	0.041533414
249848	1212	0.04153341
249862	4471	0.052564874
249862	473	0.05184877
249862	3977	0.051568717
249862	503	0.05134006
249862	983	0.051328402
249862	4336	0.051137976
249862	480	0.051076643
249862	981	0.051071953
249862	837	0.050960086
249862	5054	0.0508576
249924	2077	0.05819062
249924	442	0.05819061
249924	2026	0.057949778
249924	4175	0.05768557
249924	6554	0.05768556
249924	6032	0.057572894
249924	5263	0.057572853
249924	3180	0.057444796
249924	2578	0.05744476
249924	1309	0.057345003
249939	2703	0.042743433
249939	1377	0.042620555
249939	3601	0.042568773
249939	4392	0.042568758
249939	4992	0.04256872
249939	6329	0.042568713
249939	468	0.042445853
249939	3078	0.042436987
249939	4823	0.042390563
249939	6239	0.042389736
249953	4697	0.049849767
249953	3499	0.049849764
249953	6339	0.049792506
249953	1077	0.04979248
249953	584	0.04952001
249953	4056	0.049503364
249953	6453	0.049462743
249953	1364	0.049462732
249953	1986	0.049462732
249953	841	0.049462724
249958	2133	0.03926251
249958	3032	0.039184853
249958	390	0.0391698
249958	4734	0.03911925
249958	1330	0.039119225
249958	1222	0.03904167
249958	3190	0.03899352
249958	1156	0.038993385
249958	1369	0.038909238
249958	3587	0.03883446
249989	140	0.06891076
249989	997	0.06889066
249989	2870	0.06889064
249989	267	0.06840429
249989	451	0.06838631
249989	6	0.06837285
249989	892	0.06833079
249989	279	0.06829706
249989	4119	0.0682856
249989	2732	0.06817828
250006	6111	0.07366367
250006	693	0.073460065
250006	448	0.07344926
250006	710	0.07310488
250006	2503	0.07308578
250006	1817	0.07300429
250006	133	0.07300425
250006	70	0.07294574
250006	5404	0.072945714
250006	4710	0.0729442
250101	1639	0.064046614
250101	5381	0.063477814
250101	4919	0.06334646
250101	1458	0.06295864
250101	168	0.062958635
250101	541	0.06295863
250101	6544	0.062958606
250101	160	0.062814996
250101	3207	0.06268663
250101	692	0.062527806
250184	6275	0.05677311
250184	268	0.056638137
250184	1192	0.056571566
250184	292	0.056457087
250184	5991	0.05645705
250184	1336	0.056431733
250184	3846	0.056409243
250184	2324	0.056381
250184	3534	0.056327686
250184	5406	0.056322083
250219	3586	0.046684146
250219	2714	0.046575874
250219	2214	0.046407245
250219	564	0.046151303
250219	5430	0.046128415
250219	2546	0.046107892
250219	75	0.04608981
250219	2509	0.045988277
250219	3976	0.04595021
250219	4570	0.04586599
250223	1966	0.05487469
250223	4433	0.054767337
250223	5107	0.054520085
250223	412	0.054310728
250223	2315	0.0542276
250223	1194	0.054205716
250223	6129	0.05420566
250223	1950	0.054200217
250223	53	0.054200172
250223	239	0.054172024
250300	5567	0.065567724
250300	457	0.06532323
250300	240	0.06446879
250300	3583	0.06445403
250300	4120	0.0644363
250300	1700	0.06437501
250300	1219	0.06425812
250300	6317	0.06423114
250300	5936	0.06406233
250300	552	0.06406231
250301	458	0.045954213
250301	1284	0.04573232
250301	600	0.045650385
250301	1462	0.04552046
250301	4438	0.04543131
250301	883	0.045431305
250301	4876	0.045431238
250301	397	0.045365043
250301	1167	0.04529559
250301	500	0.045263216
250330	2616	0.046718057
250330	2112	0.046684325
250330	3831	0.046618015
250330	5747	0.04659606
250330	5413	0.046554975
250330	2758	0.046537057
250330	4816	0.04649762
250330	1313	0.04647272
250330	3193	0.04643318
250330	3279	0.04643155
250368	34	0.055600423
250368	59	0.055528052
250368	5835	0.055291384
250368	619	0.055095524
250368	329	0.055095512
250368	2331	0.054966852
250368	3534	0.05491665
250368	1249	0.05477334
250368	1665	0.05473541
250368	1035	0.054735377
250398	6085	0.048368454
250398	5084	0.04817144
250398	6849	0.04811763
250398	3503	0.048117325
250398	5934	0.048055958
250398	5367	0.04784137
250398	3636	0.047712337
250398	539	0.047681548
250398	3294	0.047659002
250398	5461	0.047658987
250405	6130	0.044343337
250405	2575	0.044290923
250405	6574	0.044262752
250405	1426	0.044150602
250405	4583	0.044150576
250405	2203	0.04396349
250405	4346	0.043870695
250405	3299	0.04372111
250405	1880	0.043603227
250405	3423	0.043578267
250456	2700	0.05386196
250456	3951	0.053861924
250456	327	0.053861916
250456	3264	0.053817965
250456	5039	0.053771943
250456	1739	0.053771913
250456	2027	0.05366178
250456	578	0.05366177
250456	3967	0.053571872
250456	377	0.053571843
250461	631	0.036107823
250461	2908	0.03594165
250461	6828	0.035908356
250461	3470	0.035899088
250461	840	0.035808668
250461	2768	0.035806146
250461	2921	0.03567326
250461	2849	0.03567237
250461	1360	0.035672355
250461	284	0.03562601
250494	6709	0.045843408
250494	3426	0.0458434
250494	1641	0.04584007
250494	3022	0.045821913
250494	574	0.045628455
250494	1983	0.04554642
250494	1405	0.045360245
250494	941	0.045041148
250494	816	0.044949185
250494	4708	0.044827662
250506	6888	0.047488414
250506	4266	0.047488384
250506	4168	0.04744333
250506	2345	0.047443323
250506	2962	0.04743425
250506	4226	0.047430046
250506	2489	0.04743004
250506	6006	0.047430012
250506	2730	0.047421023
250506	1322	0.04737597
250543	1563	0.05191229
250543	5768	0.051797107
250543	6901	0.051797073
250543	5369	0.051797062
250543	179	0.05179405
250543	5975	0.05179403
250543	3665	0.051794022
250543	1693	0.05171644
250543	738	0.051716402
250543	3250	0.05171639
250683	1043	0.051009875
250683	1569	0.050139986
250683	3882	0.05013998
250683	2632	0.049815916
250683	5842	0.049745824
250683	5210	0.04954844
250683	514	0.049403712
250683	2727	0.04936409
250683	3132	0.049240455
250683	2948	0.049217578
250709	5733	0.044038236
250709	4046	0.044019774
250709	4571	0.04398509
250709	732	0.043981574
250709	1101	0.04396753
250709	3697	0.04394711
250709	4051	0.04392424
250709	5064	0.043924175
250709	519	0.04385194
250709	895	0.043736503
250733	2284	0.040526077
250733	6082	0.03987436
250733	5782	0.039786085
250733	6229	0.039727524
250733	2075	0.03968049
250733	4991	0.039264735
250733	2500	0.038844645
250733	5983	0.03882023
250733	2256	0.038709953
250733	3095	0.038658433
250764	4825	0.055677608
250764	3508	0.055654734
250764	245	0.055654682
250764	3603	0.05565465
250764	6099	0.05560372
250764	2806	0.055580847
250764	1945	0.055371433
250764	4483	0.055367365
250764	3421	0.055367336
250764	5927	0.0553673
250832	1800	0.075224414
250832	1066	0.07491151
250832	3794	0.073025346
250832	1902	0.072965294
250832	1550	0.07295487
250832	2456	0.07285698
250832	352	0.07250008
250832	1430	0.072484754
250832	586	0.071768045
250832	2156	0.07167862
250851	3626	0.053617008
250851	6337	0.05334255
250851	4166	0.053234197
250851	4154	0.052992083
250851	5260	0.052988537
250851	4202	0.052779112
250851	896	0.052770443
250851	3463	0.05272838
250851	59	0.052670665
250851	3175	0.052665893
250925	3144	0.042948596
250925	1401	0.042948578
250925	5230	0.042661175
250925	440	0.042632084
250925	1329	0.042114515
250925	2308	0.041906834
250925	6004	0.04183411
250925	1251	0.04183002
250925	5814	0.04177951
250925	5555	0.04172339
250936	5437	0.04424715
250936	6464	0.044247143
250936	579	0.044214137
250936	1730	0.0441192
250936	1373	0.04408618
250936	3050	0.044007026
250936	342	0.043958515
250936	6297	0.043927856
250936	3301	0.04391528
250936	3247	0.043828793
250939	2302	0.042267554
250939	1958	0.04216843
250939	4104	0.042147584
250939	6560	0.042106196
250939	6257	0.04208926
250939	6044	0.04208923
250939	1412	0.042082503
250939	4181	0.041993227
250939	4639	0.041993186
250939	2906	0.041990124
250962	2513	0.046178963
250962	1248	0.04617861
250962	350	0.045997992
250962	5867	0.04577908
250962	2290	0.04573825
250962	3315	0.045733206
250962	572	0.045677815
250962	2215	0.045037765
250962	2178	0.044906583
250962	5649	0.044731673
250989	2951	0.060001135
250989	930	0.05964148
250989	465	0.05964142
250989	3142	0.059641406
250989	4026	0.059205975
250989	4401	0.05890231
250989	2918	0.058796003
250989	460	0.058794193
250989	1884	0.058758333
250989	1627	0.05855055
251003	5815	0.055866137
251003	20	0.05586613
251003	2867	0.0558661
251003	739	0.0547905
251003	1261	0.05470409
251003	1602	0.054549694
251003	1436	0.05416099
251003	708	0.05411446
251003	434	0.054114405
251003	1711	0.053790297
251019	3258	0.058423847
251019	6646	0.058423802
251019	90	0.058272287
251019	5968	0.058272272
251019	2820	0.05824826
251019	662	0.058146723
251019	3781	0.05813674
251019	2346	0.058112435
251019	3819	0.05811242
251019	4598	0.058112383
251093	2912	0.039612815
251093	410	0.039546445
251093	978	0.039447557
251093	4401	0.039411295
251093	98	0.03920883
251093	2918	0.03919091
251093	3142	0.039103556
251093	465	0.039103545
251093	4867	0.039087676
251093	2919	0.03906634
251122	1458	0.05066638
251122	541	0.050666377
251122	168	0.05066637
251122	6544	0.05066637
251122	4919	0.050577946
251122	5381	0.050486967
251122	6918	0.050454162
251122	1094	0.050449263
251122	1725	0.05044922
251122	1639	0.05041167
251140	708	0.053188138
251140	434	0.053188108
251140	971	0.053013816
251140	1709	0.052493133
251140	504	0.05219216
251140	2725	0.05219093
251140	54	0.052058764
251140	3581	0.05202624
251140	581	0.051819984
251140	192	0.05179259
251146	1875	0.040333338
251146	3449	0.04026494
251146	5383	0.04018471
251146	6576	0.040166236
251146	5770	0.040166214
251146	1465	0.03983714
251146	2860	0.039837115
251146	4626	0.03983711
251146	5217	0.039826393
251146	3996	0.0397752
251149	1817	0.07663114
251149	133	0.07663113
251149	1781	0.07642852
251149	85	0.0763494
251149	6111	0.07589738
251149	3796	0.075729735
251149	500	0.075612545
251149	4227	0.07529423
251149	1462	0.07525564
251149	693	0.074881405
251164	2174	0.04612826
251164	1494	0.046036243
251164	5079	0.045962043
251164	2550	0.045962036
251164	3455	0.045930848
251164	3736	0.0459307
251164	1512	0.045930617
251164	1808	0.045911327
251164	455	0.04589259
251164	4105	0.045840587
251242	6566	0.049360264
251242	3238	0.049088065
251242	2427	0.048959456
251242	2148	0.048917525
251242	1101	0.048513617
251242	873	0.048495248
251242	1270	0.048483692
251242	5163	0.04848366
251242	4448	0.0483646
251242	6177	0.04836458
251362	6770	0.052053757
251362	885	0.051681668
251362	5779	0.051302172
251362	561	0.051110644
251362	1463	0.051104665
251362	4850	0.051024854
251362	622	0.05097665
251362	3208	0.050874483
251362	779	0.05084151
251362	1011	0.050638393
251391	703	0.04555662
251391	2692	0.045062054
251391	1272	0.044719882
251391	5517	0.044529937
251391	2710	0.044330746
251391	2813	0.04416444
251391	973	0.04415728
251391	3385	0.044120602
251391	1270	0.044102687
251391	5163	0.044102658
251394	586	0.050935715
251394	1066	0.049932845
251394	6816	0.049899545
251394	6756	0.049826644
251394	912	0.0498254
251394	3517	0.04970938
251394	2915	0.049709346
251394	5222	0.049709342
251394	3457	0.049709313
251394	1897	0.049298093
251398	2156	0.03969814
251398	3227	0.03965348
251398	6795	0.039403677
251398	3209	0.039305426
251398	72	0.039305396
251398	5195	0.039146673
251398	1543	0.039146636
251398	814	0.03906388
251398	4668	0.039048407
251398	2927	0.03900768
251422	3799	0.07805994
251422	6169	0.07793987
251422	1796	0.07612939
251422	2178	0.0760303
251422	5401	0.07587707
251422	51	0.0752314
251422	6382	0.07506662
251422	6385	0.07463
251422	4029	0.07462996
251422	1306	0.074479386
251423	3943	0.05742657
251423	1971	0.056645
251423	1212	0.056162536
251423	5570	0.05616253
251423	2456	0.056093957
251423	1167	0.056038436
251423	500	0.055755656
251423	85	0.055647142
251423	691	0.055584133
251423	809	0.055408433
251483	4165	0.05384904
251483	1527	0.053800523
251483	1268	0.053656552
251483	2725	0.053470664
251483	5762	0.05326704
251483	777	0.05305352
251483	176	0.053053483
251483	6211	0.053025395
251483	800	0.0530241
251483	3177	0.053007986
251495	1627	0.062241938
251495	1578	0.061647974
251495	435	0.061488688
251495	18	0.06148572
251495	3438	0.061157525
251495	2951	0.061114885
251495	1219	0.060913026
251495	4005	0.060798984
251495	4181	0.06068441
251495	4639	0.060684346
251518	2992	0.06264514
251518	3452	0.06263025
251518	1853	0.06239964
251518	452	0.062399536
251518	6918	0.062095605
251518	4108	0.062044114
251518	3361	0.062042914
251518	5410	0.062042903
251518	2173	0.0620429
251518	3331	0.062042885
251527	243	0.08621922
251527	692	0.085058264
251527	879	0.083638445
251527	5140	0.08314967
251527	4245	0.08290281
251527	657	0.08169254
251527	1764	0.08157891
251527	1389	0.08139376
251527	406	0.08113748
251527	432	0.08106335
251560	1564	0.03868646
251560	165	0.038657375
251560	2348	0.038632117
251560	3480	0.038584482
251560	1579	0.03857388
251560	4811	0.038552053
251560	4146	0.038550276
251560	6110	0.038544998
251560	6151	0.03850557
251560	1577	0.03849899
251606	1490	0.057222433
251606	1389	0.056768484
251606	406	0.056723874
251606	1055	0.05668589
251606	2369	0.056214064
251606	1867	0.05607766
251606	1592	0.056032807
251606	5792	0.055994004
251606	420	0.05594141
251606	1680	0.0557137
251613	5795	0.056514993
251613	2690	0.056466185
251613	2804	0.056413516
251613	40	0.056316175
251613	626	0.056296494
251613	968	0.056199133
251613	365	0.056144886
251613	3532	0.056000344
251613	1493	0.05598732
251613	469	0.055938892
251642	857	0.047418363
251642	1349	0.047418352
251642	4557	0.04741834
251642	992	0.04741832
251642	3372	0.047152355
251642	568	0.04712131
251642	2263	0.04700496
251642	6245	0.04700493
251642	940	0.046911914
251642	2593	0.046718966
251721	5586	0.048682988
251721	3222	0.04864422
251721	141	0.048536174
251721	1230	0.048066936
251721	393	0.048001844
251721	2028	0.047978558
251721	4910	0.04788759
251721	3789	0.047884587
251721	2077	0.047794778
251721	442	0.04779476
251739	561	0.04783778
251739	5297	0.047649045
251739	630	0.04731646
251739	6323	0.047316436
251739	1598	0.0471345
251739	1283	0.047101915
251739	1754	0.04706998
251739	5162	0.047069892
251739	4619	0.0470033
251739	5947	0.04700327
251744	2407	0.0490782
251744	1027	0.049078196
251744	1777	0.049078193
251744	1655	0.049078163
251744	2194	0.04907815
251744	1559	0.04907812
251744	1033	0.049034834
251744	938	0.04903482
251744	1023	0.048819892
251744	1772	0.048819877
251843	5352	0.050980173
251843	2765	0.050576527
251843	4870	0.049657606
251843	3681	0.049411893
251843	3877	0.049391724
251843	933	0.04851514
251843	2045	0.04848399
251843	2586	0.04771069
251843	4949	0.04754614
251843	2229	0.04743525
251844	6825	0.04483006
251844	2373	0.044713475
251844	365	0.044687133
251844	3791	0.0445963
251844	5043	0.044579074
251844	2267	0.044444826
251844	6013	0.0444362
251844	526	0.044251457
251844	6249	0.04422966
251844	6691	0.044072166
251890	2826	0.056862816
251890	1011	0.056771845
251890	779	0.056518063
251890	6803	0.056283176
251890	2868	0.05628311
251890	5686	0.056124084
251890	3196	0.055737317
251890	630	0.055213653
251890	6323	0.055213623
251890	5407	0.054907367
252071	440	0.055498898
252071	1329	0.055462234
252071	4332	0.054424815
252071	1594	0.054404654
252071	170	0.054266594
252071	329	0.053939402
252071	619	0.053939402
252071	1636	0.053902697
252071	3217	0.053877912
252071	6004	0.053429544
252222	2349	0.051374007
252222	5649	0.05116468
252222	1358	0.05105836
252222	2293	0.05099527
252222	2290	0.05096989
252222	3203	0.05094263
252222	3495	0.050901055
252222	3517	0.050776176
252222	2915	0.05077615
252222	5222	0.050776143
252233	621	0.052875884
252233	4937	0.052707955
252233	73	0.052455496
252233	1242	0.052258775
252233	780	0.0518862
252233	3973	0.051338762
252233	6445	0.05128643
252233	2858	0.051138386
252233	2158	0.050805096
252233	3417	0.05077178
252282	3185	0.06363939
252282	3223	0.06363936
252282	2834	0.06363931
252282	942	0.06330229
252282	2314	0.063302204
252282	3366	0.063283846
252282	2459	0.06309392
252282	2142	0.06277287
252282	496	0.06265652
252282	1999	0.062638134
252287	639	0.051901817
252287	4330	0.0519018
252287	5453	0.051901788
252287	4906	0.051901765
252287	2117	0.05190175
252287	5766	0.05174247
252287	5910	0.0517424
252287	1051	0.051711418
252287	6155	0.051711366
252287	2274	0.051653177
252292	4083	0.05553501
252292	5356	0.055032223
252292	2658	0.054918244
252292	1610	0.054835953
252292	4080	0.054340698
252292	1455	0.054138333
252292	2618	0.05398264
252292	2487	0.053854696
252292	2083	0.05379601
252292	5888	0.053795993
252347	6837	0.046843745
252347	21	0.046707846
252347	5950	0.04670784
252347	1624	0.046664048
252347	1298	0.046664044
252347	3257	0.046664033
252347	936	0.04666402
252347	3711	0.04666402
252347	2310	0.046664007
252347	3323	0.046663973
252627	834	0.03751153
252627	3946	0.037511528
252627	1258	0.037431993
252627	3928	0.037431985
252627	1962	0.03743197
252627	42	0.037431963
252627	3803	0.03743196
252627	2540	0.037248246
252627	1331	0.037170112
252627	5306	0.03710729
252654	6248	0.037982658
252654	3809	0.037941404
252654	2295	0.037941385
252654	6029	0.037940603
252654	1585	0.03771064
252654	6840	0.03769017
252654	1722	0.037690166
252654	6683	0.037689753
252654	2617	0.037663903
252654	5806	0.037659097
252698	575	0.059324875
252698	2413	0.059277214
252698	3433	0.05896744
252698	6075	0.058956392
252698	5702	0.0586484
252698	550	0.05847588
252698	2193	0.058328606
252698	2995	0.058328588
252698	1764	0.058307122
252698	4458	0.058172684
252775	6339	0.04114169
252775	1077	0.041141666
252775	1364	0.04097725
252775	1986	0.04097725
252775	6453	0.04097725
252775	841	0.04097724
252775	4590	0.04097722
252775	668	0.04097686
252775	1168	0.040976837
252775	6328	0.040976826
252785	5782	0.05621328
252785	3095	0.056194533
252785	2075	0.056068838
252785	2500	0.056053277
252785	980	0.056011036
252785	5471	0.055921223
252785	2284	0.055918816
252785	5983	0.055679623
252785	4470	0.05556548
252785	4991	0.055470604
252806	292	0.0725694
252806	5991	0.07256936
252806	6275	0.07255995
252806	409	0.07255182
252806	3439	0.07252882
252806	3999	0.07248621
252806	421	0.07248616
252806	695	0.072486095
252806	1192	0.07247126
252806	1523	0.072463155
252820	2964	0.044160042
252820	2133	0.044038817
252820	4700	0.043965824
252820	6434	0.043965813
252820	1351	0.043924488
252820	3968	0.04392445
252820	6401	0.04392445
252820	3597	0.043924443
252820	6852	0.043924414
252820	3312	0.04392235
252827	6709	0.054451555
252827	3426	0.054451548
252827	941	0.05432464
252827	574	0.054201256
252827	3022	0.05419837
252827	860	0.054101907
252827	5730	0.053940255
252827	1641	0.053831805
252827	4708	0.053829927
252827	600	0.053699236
252829	2317	0.07167408
252829	537	0.07125568
252829	183	0.07106217
252829	339	0.07064368
252829	1070	0.07032588
252829	3064	0.07032457
252829	1260	0.07028144
252829	5601	0.070281394
252829	5879	0.06987337
252829	1600	0.06947306
252843	4516	0.04896546
252843	2661	0.048699133
252843	2339	0.04862071
252843	3649	0.048554245
252843	3617	0.048530277
252843	2483	0.048530273
252843	2722	0.04853025
252843	6659	0.048355296
252843	4311	0.048292823
252843	3202	0.04829281
252846	2155	0.046068255
252846	6682	0.046068206
252846	6313	0.04598867
252846	5824	0.045984853
252846	1127	0.04596501
252846	5564	0.045920998
252846	5830	0.045920935
252846	5256	0.045897324
252846	3143	0.045897305
252846	4386	0.045819573
252848	5271	0.041804202
252848	2857	0.0417846
252848	1056	0.041784573
252848	560	0.041362293
252848	2210	0.04128087
252848	3691	0.04107791
252848	92	0.04106557
252848	3049	0.040872324
252848	6190	0.040872272
252848	3697	0.040846378
252865	1961	0.042680226
252865	2950	0.042608567
252865	526	0.042176526
252865	4307	0.04199561
252865	1068	0.041879278
252865	6865	0.041513458
252865	973	0.04149845
252865	2813	0.04125354
252865	5517	0.041192412
252865	1594	0.041165113
252903	3562	0.04036846
252903	4424	0.040343635
252903	2843	0.040304773
252903	5976	0.04024777
252903	4706	0.040237095
252903	1435	0.040224835
252903	389	0.040166654
252903	3019	0.040113673
252903	680	0.040106744
252903	5585	0.040104467
253005	2327	0.051300235
253005	1387	0.051300187
253005	937	0.05117835
253005	152	0.051178344
253005	1690	0.05090493
253005	2316	0.050795343
253005	4119	0.050746262
253005	2552	0.050741903
253005	188	0.050566792
253005	279	0.050557487
253106	2991	0.060655713
253106	1492	0.060645573
253106	2503	0.06028179
253106	2044	0.060213085
253106	1947	0.060053326
253106	3433	0.05982872
253106	1076	0.05964943
253106	1631	0.059509747
253106	1177	0.05928296
253106	5570	0.05926782
253226	2338	0.031085938
253226	793	0.03092086
253226	5598	0.030920852
253226	3262	0.030913284
253226	5220	0.030812055
253226	4532	0.030799925
253226	1728	0.03078089
253226	6373	0.030774608
253226	6555	0.03076655
253226	6038	0.030751368
253310	3846	0.0642131
253310	3534	0.06415492
253310	2467	0.06382996
253310	2579	0.06374839
253310	2963	0.063336775
253310	577	0.06327858
253310	4696	0.063278556
253310	2324	0.06321378
253310	727	0.06307043
253310	2574	0.06305698
253311	2678	0.05253259
253311	5210	0.052394204
253311	761	0.052308753
253311	961	0.05213369
253311	514	0.051776297
253311	4113	0.05169872
253311	3050	0.051661532
253311	5614	0.051410727
253311	3247	0.05136738
253311	893	0.05132536
253322	649	0.057756696
253322	1444	0.057688247
253322	2961	0.05768823
253322	1179	0.05768058
253322	165	0.057342727
253322	449	0.05720456
253322	997	0.05719496
253322	2870	0.057194952
253322	3182	0.057137646
253322	3074	0.057137635
253386	1219	0.04874209
253386	435	0.048624616
253386	240	0.048589
253386	5567	0.048573308
253386	457	0.048270598
253386	930	0.048123293
253386	465	0.048123255
253386	3142	0.04812324
253386	4120	0.047962204
253386	5936	0.047957785
253403	3162	0.042424902
253403	4085	0.04217958
253403	980	0.041929334
253403	3167	0.0418391
253403	3389	0.04179781
253403	6101	0.041738555
253403	2400	0.041738544
253403	5087	0.041686524
253403	3163	0.041672215
253403	3166	0.041652374
253482	1261	0.053784937
253482	1436	0.052614577
253482	459	0.052561063
253482	20	0.052213762
253482	5815	0.05221376
253482	2867	0.052213717
253482	2883	0.052028015
253482	2362	0.051881235
253482	1602	0.051544167
253482	606	0.051354006
253556	3104	0.047161322
253556	1462	0.046893794
253556	397	0.04686865
253556	1428	0.046852827
253556	5662	0.04643764
253556	628	0.046353117
253556	3796	0.046337508
253556	1781	0.046218008
253556	338	0.046149578
253556	341	0.046149563
253563	1817	0.035241492
253563	133	0.035241477
253563	1781	0.035096876
253563	6111	0.0349722
253563	85	0.034969077
253563	70	0.034910902
253563	5404	0.034910887
253563	41	0.03482288
253563	50	0.034777135
253563	500	0.034726687
253580	170	0.044545338
253580	4201	0.044447925
253580	1636	0.044117484
253580	67	0.0440721
253580	2063	0.044034265
253580	1594	0.044017814
253580	1329	0.04401383
253580	4332	0.044008866
253580	394	0.04389003
253580	3217	0.043582644
253602	5243	0.053117048
253602	609	0.053117026
253602	2713	0.053105094
253602	4698	0.053016156
253602	3450	0.053016085
253602	2313	0.053016067
253602	3727	0.053016063
253602	3092	0.053016044
253602	571	0.052990317
253602	6729	0.05296363
253626	1389	0.08348379
253626	406	0.082747206
253626	1490	0.08229571
253626	420	0.08203596
253626	2432	0.0815102
253626	3705	0.08118213
253626	614	0.08097337
253626	1867	0.08029233
253626	958	0.08008985
253626	5792	0.08006318
253629	144	0.065171435
253629	2070	0.06489459
253629	4161	0.064843975
253629	1851	0.06477441
253629	2028	0.06463386
253629	3222	0.06444724
253629	1662	0.06423637
253629	5696	0.06423637
253629	6417	0.064236276
253629	393	0.064128235
253668	2370	0.03612432
253668	2319	0.036122084
253668	2244	0.036108617
253668	3911	0.03610035
253668	4053	0.036084708
253668	6690	0.036084637
253668	2851	0.036046743
253668	1086	0.036044568
253668	1347	0.036044557
253668	6404	0.036044557
253771	4235	0.052806277
253771	227	0.052729495
253771	978	0.05233339
253771	2918	0.052083783
253771	61	0.051896177
253771	930	0.051818788
253771	3142	0.05181874
253771	465	0.051818732
253771	2735	0.051776372
253771	590	0.051666263
253797	230	0.0462047
253797	3513	0.04619903
253797	4545	0.045890935
253797	3792	0.045890756
253797	228	0.04589075
253797	1132	0.04589075
253797	2195	0.045759566
253797	6594	0.045759507
253797	3189	0.04569802
253797	4292	0.045622554
253821	973	0.06171558
253821	3385	0.061708722
253821	5517	0.0613473
253821	2012	0.061206043
253821	2813	0.061185613
253821	5288	0.06112595
253821	4307	0.060818706
253821	2950	0.06068418
253821	1961	0.06055291
253821	4560	0.06045084
253867	692	0.08134299
253867	4245	0.080745526
253867	15	0.07978131
253867	1854	0.07918325
253867	5205	0.07902962
253867	999	0.07881108
253867	1193	0.07846916
253867	432	0.07835204
253867	59	0.07793558
253867	4788	0.077703506
253871	5352	0.06472025
253871	910	0.06469065
253871	1961	0.064620845
253871	1586	0.06446791
253871	526	0.06418009
253871	3681	0.06394668
253871	1527	0.06378435
253871	2950	0.06375681
253871	1268	0.063603185
253871	4332	0.06359959
253949	1220	0.050533045
253949	814	0.050061483
253949	5218	0.04985202
253949	5496	0.04985196
253949	5906	0.049628183
253949	2713	0.049621202
253949	2165	0.04961227
253949	3209	0.049580723
253949	72	0.0495807
253949	1258	0.049202237
253964	406	0.080884606
253964	1592	0.08060816
253964	243	0.08049357
253964	645	0.08034747
253964	3909	0.08034744
253964	1764	0.08029402
253964	5792	0.07993977
253964	3062	0.079309
253964	5771	0.07913259
253964	1193	0.079044536
254038	2541	0.055715274
254038	2007	0.055707328
254038	831	0.05555351
254038	1264	0.054998986
254038	175	0.05488035
254038	4768	0.054879487
254038	3770	0.054615244
254038	707	0.054605555
254038	487	0.054480616
254038	158	0.054319166
254053	4666	0.049551483
254053	4676	0.049551427
254053	3735	0.049551412
254053	3361	0.04941739
254053	5410	0.049417373
254053	3331	0.04941736
254053	2173	0.049417354
254053	1839	0.049386557
254053	3318	0.049347963
254053	3967	0.04934796
254064	3373	0.043536723
254064	789	0.043536678
254064	1973	0.043536678
254064	1237	0.04341048
254064	5828	0.043345198
254064	5178	0.043265566
254064	1515	0.04303058
254064	1491	0.043030567
254064	1753	0.043028884
254064	5574	0.043028884
254144	6489	0.062728636
254144	1794	0.062410448
254144	3221	0.06236361
254144	3291	0.062183995
254144	55	0.06209661
254144	5683	0.061934132
254144	6273	0.06186209
254144	3327	0.06186201
254144	1664	0.061687812
254144	3942	0.06164943
254160	3581	0.057080515
254160	2317	0.056825936
254160	341	0.056788906
254160	338	0.056788895
254160	1260	0.05678887
254160	5601	0.05678884
254160	3064	0.056200977
254160	708	0.056163944
254160	434	0.0561639
254160	183	0.056116685
254196	422	0.03442567
254196	6701	0.034425654
254196	6558	0.03441646
254196	516	0.034416445
254196	5047	0.034313552
254196	6205	0.034312945
254196	1905	0.03431294
254196	5597	0.034312934
254196	4241	0.034312915
254196	6319	0.034312915
254201	51	0.0570995
254201	6782	0.056638725
254201	5781	0.056543533
254201	2494	0.056328487
254201	5352	0.05614516
254201	1601	0.056101546
254201	4949	0.056080535
254201	4870	0.055817273
254201	202	0.055376843
254201	933	0.055272087
254278	237	0.045358434
254278	3081	0.04525857
254278	6521	0.045258544
254278	3099	0.045222133
254278	1683	0.045113422
254278	106	0.045111492
254278	4808	0.045103606
254278	3695	0.04506542
254278	6820	0.045065414
254278	5065	0.04504622
254289	3487	0.046911083
254289	1612	0.046804603
254289	3774	0.046753734
254289	4136	0.046734743
254289	2361	0.046692654
254289	6808	0.046617903
254289	4573	0.04626852
254289	1908	0.046233907
254289	6432	0.046035275
254289	5572	0.045827065
254299	1025	0.05026269
254299	929	0.050188195
254299	6093	0.05018818
254299	378	0.05013246
254299	4659	0.050129373
254299	2504	0.05012492
254299	1541	0.05004803
254299	1376	0.04999482
254299	607	0.049697906
254299	1456	0.049649313
254355	5766	0.046225145
254355	5910	0.046225086
254355	639	0.046217658
254355	4330	0.04621765
254355	5453	0.04621763
254355	4906	0.04621762
254355	2117	0.0462176
254355	6829	0.04618923
254355	2274	0.0461489
254355	2490	0.046086613
254376	6783	0.034665547
254376	5751	0.03440453
254376	6636	0.034375668
254376	5314	0.034251288
254376	5844	0.034251273
254376	6089	0.034185074
254376	5306	0.034078605
254376	4185	0.034062076
254376	876	0.03403923
254376	6398	0.034039218
254377	6382	0.06192534
254377	4949	0.061596237
254377	2229	0.06103354
254377	5387	0.061006457
254377	4870	0.06090095
254377	526	0.060607463
254377	4305	0.060242794
254377	6169	0.06022115
254377	1796	0.060204376
254377	6782	0.060043924
254405	6359	0.046602108
254405	3639	0.0465101
254405	2138	0.04641193
254405	1307	0.04633414
254405	4907	0.0462477
254405	1744	0.046247683
254405	1657	0.046192467
254405	1658	0.046192374
254405	4692	0.046172336
254405	2986	0.045925632
254417	6010	0.041166317
254417	4620	0.040971413
254417	784	0.040755033
254417	5884	0.040754993
254417	6598	0.04060922
254417	5058	0.040576875
254417	558	0.040518306
254417	2149	0.04051293
254417	2440	0.04045345
254417	2828	0.040439487
254465	4108	0.05034405
254465	4798	0.050199073
254465	507	0.049964145
254465	4442	0.049449123
254465	391	0.049306862
254465	1639	0.049000587
254465	2352	0.048958898
254465	194	0.048918203
254465	5205	0.048846565
254465	778	0.048655413
254467	2991	0.04370024
254467	1212	0.043475684
254467	5570	0.043475676
254467	1631	0.043451883
254467	1185	0.04310941
254467	2503	0.04303562
254467	1492	0.043000966
254467	3433	0.04298806
254467	1764	0.042987432
254467	1076	0.042950906
254486	6142	0.042097174
254486	6553	0.041962303
254486	248	0.041962266
254486	1093	0.04196225
254486	1652	0.04193484
254486	5549	0.041660964
254486	444	0.041660957
254486	659	0.04164678
254486	5380	0.041638087
254486	151	0.041638035
254690	1407	0.04045122
254690	2845	0.040417675
254690	4708	0.040172823
254690	3594	0.040105134
254690	860	0.04007164
254690	2824	0.040049165
254690	2923	0.04001461
254690	632	0.039808985
254690	5779	0.03973135
254690	3486	0.039724305
254751	5406	0.075564
254751	5042	0.075563975
254751	268	0.07537086
254751	292	0.07513335
254751	5991	0.07513331
254751	6213	0.075103104
254751	2963	0.07500287
254751	6104	0.07496715
254751	6275	0.074940145
254751	409	0.074853264
254754	1497	0.038304545
254754	1241	0.038200423
254754	5443	0.03799673
254754	6752	0.037881352
254754	6903	0.037867907
254754	4469	0.037813403
254754	6835	0.03772361
254754	4680	0.03767769
254754	6666	0.037677653
254754	5928	0.037439596
254777	3999	0.050039575
254777	421	0.050039545
254777	695	0.05003952
254777	411	0.050000686
254777	3949	0.049973253
254777	1523	0.049937535
254777	319	0.049937524
254777	2189	0.049937516
254777	35	0.04987162
254777	3114	0.049871534
254822	1756	0.04894763
254822	2008	0.048936762
254822	3246	0.04893674
254822	1488	0.048936736
254822	2557	0.048936732
254822	5948	0.048936732
254822	1904	0.048922732
254822	1793	0.04879745
254822	5604	0.04877266
254822	6160	0.04876174
254859	2713	0.06517635
254859	6729	0.064455666
254859	6170	0.06445564
254859	6756	0.06417273
254859	2165	0.063649304
254859	3191	0.0635517
254859	1358	0.06334874
254859	571	0.062943004
254859	1220	0.06285736
254859	6816	0.06272092
254863	4833	0.040939298
254863	3809	0.040927645
254863	2295	0.040927634
254863	3351	0.040926803
254863	6248	0.040863514
254863	6840	0.040838204
254863	1722	0.04083819
254863	196	0.040764924
254863	6029	0.04076491
254863	297	0.040712457
254971	6263	0.045127522
254971	6780	0.04487376
254971	2530	0.04450629
254971	4843	0.044479713
254971	4498	0.04446814
254971	1741	0.044462748
254971	3449	0.044325646
254971	1919	0.044167653
254971	3975	0.044167645
254971	2899	0.044167634
254995	3794	0.039470892
254995	1800	0.03917046
254995	458	0.038986824
254995	2456	0.038951807
254995	4955	0.038945865
254995	927	0.038693186
254995	2892	0.038598344
254995	5730	0.038562488
254995	1167	0.03856232
254995	1429	0.03852295
255078	5621	0.057896663
255078	2763	0.057481587
255078	867	0.057446375
255078	6570	0.057439253
255078	1582	0.05740293
255078	5813	0.057191458
255078	4375	0.056988887
255078	5131	0.056903914
255078	2011	0.056865677
255078	4646	0.05685854
255092	3791	0.034652326
255092	4570	0.034536578
255092	1073	0.034516856
255092	5954	0.034412898
255092	6263	0.03415652
255092	3285	0.03403508
255092	6249	0.033932444
255092	3762	0.0338064
255092	2807	0.033601552
255092	1928	0.033463143
255218	4761	0.04766016
255218	3495	0.04746426
255218	3799	0.047402088
255218	5730	0.04728013
255218	458	0.047213696
255218	1369	0.047060136
255218	643	0.04706013
255218	1897	0.046994947
255218	934	0.046994902
255218	5401	0.046861373
255289	407	0.045362096
255289	5781	0.04519065
255289	1058	0.045017473
255289	2469	0.044973142
255289	1291	0.04489824
255289	1601	0.044883803
255289	665	0.04481515
255289	70	0.044805046
255289	5404	0.04480502
255289	3443	0.04479315
255489	526	0.05044182
255489	4560	0.049529247
255489	1961	0.049352154
255489	365	0.049036108
255489	6382	0.04886917
255489	5288	0.048319906
255489	968	0.048027806
255489	456	0.047971796
255489	169	0.047951315
255489	2267	0.0478935
255493	4674	0.047883224
255493	5319	0.047871575
255493	6007	0.047699746
255493	3052	0.047682855
255493	1475	0.047618195
255493	4962	0.04745844
255493	736	0.047417946
255493	2103	0.047351703
255493	5207	0.04735152
255493	1710	0.047351383
255544	5350	0.043975685
255544	6083	0.04384912
255544	6391	0.043786235
255544	6011	0.04356654
255544	3749	0.04333692
255544	5542	0.043327123
255544	3435	0.04326094
255544	1277	0.043198038
255544	838	0.043198016
255544	868	0.043198
255546	233	0.06642352
255546	1238	0.06623231
255546	6300	0.06589587
255546	536	0.06568061
255546	3480	0.06566222
255546	546	0.065630525
255546	5817	0.06562583
255546	5337	0.06542974
255546	83	0.065401435
255546	2553	0.06534843
255618	486	0.058000617
255618	552	0.05796856
255618	5936	0.05796856
255618	2469	0.05792618
255618	3520	0.05785757
255618	2120	0.05784073
255618	404	0.057798266
255618	5567	0.057645746
255618	809	0.057637744
255618	1205	0.057609003
255648	342	0.030307217
255648	3549	0.030274257
255648	3252	0.030158147
255648	5553	0.03012688
255648	5437	0.030108463
255648	6464	0.030108456
255648	3472	0.030060492
255648	3904	0.030054048
255648	5063	0.030045502
255648	579	0.03003855
255661	6566	0.04203771
255661	4051	0.04151441
255661	5064	0.041514374
255661	2427	0.041503176
255661	662	0.041479237
255661	3971	0.041389566
255661	3290	0.04130252
255661	895	0.041295923
255661	1101	0.04108412
255661	712	0.0410606
255786	978	0.04217705
255786	2918	0.04197944
255786	930	0.041609608
255786	465	0.041609555
255786	3142	0.041609555
255786	98	0.041417748
255786	3769	0.041329592
255786	4026	0.041254133
255786	2951	0.041031286
255786	2912	0.040977687
255814	2233	0.04913611
255814	3397	0.048968337
255814	2836	0.048909966
255814	373	0.04886554
255814	831	0.04885646
255814	487	0.04879157
255814	5879	0.048701067
255814	2541	0.048695542
255814	472	0.048608996
255814	2634	0.04858355
255858	4247	0.060139604
255858	882	0.06011462
255858	4782	0.060114607
255858	637	0.06005212
255858	4710	0.05975619
255858	68	0.0597488
255858	4227	0.059686407
255858	1397	0.05960147
255858	2366	0.05953886
255858	6111	0.05939067
256023	780	0.05480673
256023	4937	0.05478555
256023	6445	0.054782614
256023	621	0.054466657
256023	776	0.05446111
256023	1242	0.05445123
256023	73	0.054381985
256023	3269	0.05430509
256023	3417	0.054245345
256023	3005	0.05410912
256133	45	0.05292464
256133	1528	0.052894145
256133	184	0.05289411
256133	4501	0.052894108
256133	3400	0.052813593
256133	4994	0.052808255
256133	4349	0.052795917
256133	2652	0.05279591
256133	4567	0.052795887
256133	47	0.05279586
256167	4560	0.047906373
256167	456	0.047560245
256167	5288	0.04742559
256167	365	0.04651797
256167	3385	0.046246752
256167	526	0.046223644
256167	2267	0.046134867
256167	4066	0.04598151
256167	973	0.045937203
256167	7	0.045848344
256247	646	0.058471672
256247	5414	0.058471665
256247	5953	0.058471665
256247	3678	0.058283344
256247	1396	0.05828331
256247	965	0.058283303
256247	1747	0.0582833
256247	624	0.058047503
256247	4200	0.058045313
256247	4223	0.057859175
256270	710	0.08351456
256270	4247	0.08331942
256270	4710	0.08322252
256270	6111	0.083199926
256270	448	0.08261704
256270	286	0.0825375
256270	68	0.082342945
256270	5404	0.08233248
256270	2119	0.08226153
256270	693	0.08224628
256298	3901	0.04778806
256298	1477	0.047649994
256298	3391	0.04739236
256298	3902	0.047391057
256298	5959	0.047366373
256298	3826	0.047263373
256298	5861	0.047195412
256298	1482	0.0471741
256298	563	0.047136158
256298	2998	0.047136102
256402	2692	0.04441144
256402	5517	0.04385487
256402	2710	0.04385367
256402	1527	0.043824926
256402	620	0.0437747
256402	973	0.043742754
256402	4768	0.043700226
256402	4307	0.043571025
256402	2813	0.04355789
256402	1264	0.0435277
256407	1436	0.062622584
256407	459	0.06261129
256407	2362	0.062286895
256407	2883	0.061813924
256407	613	0.061362535
256407	3056	0.06128509
256407	1713	0.061060555
256407	3855	0.06085266
256407	20	0.0607813
256407	5815	0.060781285
256507	6061	0.05806508
256507	6133	0.05805793
256507	1632	0.058057837
256507	4184	0.05801106
256507	2511	0.058011036
256507	1410	0.057623863
256507	2050	0.057598576
256507	2821	0.057500698
256507	1520	0.057468273
256507	4381	0.057370737
256603	693	0.06626773
256603	6111	0.06611285
256603	407	0.0658999
256603	1817	0.065886855
256603	133	0.065886825
256603	2503	0.06584665
256603	448	0.06580429
256603	2991	0.0657707
256603	85	0.06574984
256603	581	0.06550235
256843	144	0.06729011
256843	2070	0.067055985
256843	4161	0.06659722
256843	3222	0.06654351
256843	2028	0.06647887
256843	1851	0.06635162
256843	5696	0.06622408
256843	1662	0.06622407
256843	6417	0.06622399
256843	1636	0.0660353
256844	2327	0.04689109
256844	1387	0.046891026
256844	2316	0.04678004
256844	937	0.04662229
256844	152	0.046622276
256844	1690	0.046495654
256844	4726	0.046489164
256844	188	0.046470746
256844	2552	0.04625891
256844	1526	0.046225477
256874	1778	0.05017969
256874	5906	0.050160207
256874	2908	0.05012391
256874	571	0.05001656
256874	1290	0.05000745
256874	5638	0.04998447
256874	2582	0.049973574
256874	5218	0.049950503
256874	5496	0.049950466
256874	5131	0.049941406
256889	308	0.034320433
256889	6390	0.034320403
256889	538	0.0343204
256889	1816	0.034276687
256889	5617	0.034276664
256889	239	0.03421242
256889	977	0.034165885
256889	6444	0.034165874
256889	5961	0.03415995
256889	4182	0.034159917
256925	2297	0.037519503
256925	3829	0.037519477
256925	1478	0.03751947
256925	5311	0.03751947
256925	5941	0.03751947
256925	2501	0.037440028
256925	6135	0.037304007
256925	2255	0.037303988
256925	6289	0.03730396
256925	4601	0.037303954
257024	2541	0.052274853
257024	175	0.05205881
257024	3770	0.051647227
257024	3280	0.051543407
257024	474	0.051503327
257024	1264	0.05118935
257024	831	0.051163595
257024	707	0.051099878
257024	2516	0.050808147
257024	487	0.050517328
257028	67	0.0455375
257028	329	0.044963367
257028	619	0.044963367
257028	170	0.04488484
257028	1636	0.044792525
257028	59	0.04473194
257028	3074	0.044352043
257028	3182	0.04435204
257028	2070	0.044261806
257028	202	0.044239126
257145	1682	0.036355555
257145	2743	0.036355525
257145	1511	0.03635552
257145	28	0.036355518
257145	4218	0.03635551
257145	1030	0.036355503
257145	3795	0.03635549
257145	4048	0.036342792
257145	4796	0.036293544
257145	5108	0.036227684
257198	6135	0.06414684
257198	2255	0.06414682
257198	4601	0.06414676
257198	1534	0.06409462
257198	6050	0.06365511
257198	2501	0.06361683
257198	2096	0.06345562
257198	2297	0.06339735
257198	5941	0.06339732
257198	5311	0.06339729
257212	243	0.049837906
257212	5140	0.049217597
257212	614	0.049091868
257212	1764	0.048850045
257212	1389	0.048821986
257212	406	0.04876281
257212	879	0.048645355
257212	420	0.048635826
257212	657	0.048458405
257212	157	0.048340335
257362	2250	0.043859024
257362	4216	0.043600123
257362	1941	0.04359889
257362	5576	0.04359741
257362	1818	0.043597408
257362	3539	0.043597393
257362	595	0.04357944
257362	4403	0.043474562
257362	6150	0.043432377
257362	1890	0.043360095
257454	147	0.060154654
257454	4513	0.06015459
257454	2732	0.059896
257454	453	0.059876367
257454	1229	0.059741527
257454	5332	0.059691593
257454	63	0.05969154
257454	3906	0.059599664
257454	78	0.059545897
257454	3156	0.05951193
257492	4968	0.05681398
257492	2315	0.05674283
257492	2555	0.05660808
257492	213	0.05660802
257492	935	0.056237016
257492	1205	0.056222178
257492	210	0.056222126
257492	4433	0.056134857
257492	1956	0.05609655
257492	6564	0.05608514
257534	5894	0.03485562
257534	4611	0.034572527
257534	1850	0.034513064
257534	5435	0.034509055
257534	3254	0.034396503
257534	1464	0.03421569
257534	5356	0.03420304
257534	3235	0.0340307
257534	6128	0.0339291
257534	2033	0.03388938
257548	4161	0.052225273
257548	2028	0.052099027
257548	144	0.052090913
257548	1494	0.051849917
257548	1766	0.051738568
257548	3222	0.051723897
257548	2070	0.051694132
257548	3330	0.051526736
257548	2579	0.051515438
257548	2662	0.05148279
257625	610	0.041586358
257625	1376	0.041563194
257625	5710	0.04154879
257625	301	0.04150416
257625	2554	0.041504145
257625	3145	0.041410305
257625	4659	0.0413825
257625	1393	0.041215077
257625	1991	0.041211553
257625	607	0.041192397
257699	2583	0.058982313
257699	4060	0.05871908
257699	3214	0.05868202
257699	2216	0.058490187
257699	3134	0.05808668
257699	4970	0.057903104
257699	2300	0.057166018
257699	4272	0.057091273
257699	2565	0.05691541
257699	2632	0.056844264
257700	2437	0.059394013
257700	1361	0.059394002
257700	6298	0.05939399
257700	427	0.059393954
257700	2852	0.059393924
257700	2751	0.05933339
257700	4494	0.05933339
257700	5538	0.05933333
257700	5995	0.059333302
257700	652	0.059254594
257703	4689	0.07200114
257703	2186	0.072001114
257703	2785	0.07200109
257703	3693	0.07200104
257703	2889	0.071742594
257703	704	0.07174257
257703	1937	0.07174257
257703	5021	0.07156623
257703	3437	0.071367525
257703	3818	0.07136749
257777	460	0.053142637
257777	2391	0.052952625
257777	592	0.052950874
257777	5114	0.05294183
257777	1033	0.052746147
257777	938	0.05274614
257777	1680	0.052738167
257777	3949	0.05271717
257777	636	0.05255444
257777	2920	0.05255444
258011	4222	0.037442006
258011	1990	0.037350908
258011	3924	0.037333053
258011	2975	0.037282396
258011	1164	0.037282385
258011	4892	0.03728237
258011	1199	0.037282355
258011	4797	0.037282348
258011	596	0.037282333
258011	2002	0.037282325
258084	3655	0.043974463
258084	5831	0.043974448
258084	1152	0.043974444
258084	1417	0.043710105
258084	201	0.043710068
258084	1556	0.043710064
258084	1029	0.043710057
258084	3716	0.04371004
258084	3066	0.043667644
258084	5593	0.043586813
258107	6505	0.031480998
258107	5145	0.0314501
258107	1315	0.031380225
258107	5775	0.031380195
258107	2588	0.031372465
258107	6885	0.031274162
258107	2613	0.031271733
258107	5724	0.031271726
258107	1342	0.031165656
258107	1340	0.031151759
258109	6111	0.0690192
258109	693	0.06881927
258109	1817	0.06871169
258109	133	0.06871166
258109	448	0.068694726
258109	4710	0.068473786
258109	85	0.06834428
258109	710	0.0681826
258109	2387	0.0679322
258109	2503	0.06787603
258151	3133	0.055902608
258151	347	0.05505497
258151	4726	0.0550438
258151	2316	0.054884885
258151	3883	0.0547382
258151	2698	0.054314096
258151	1602	0.0543043
258151	2837	0.054112177
258151	84	0.053997487
258151	330	0.053997412
258152	2073	0.048435602
258152	3926	0.048415765
258152	5905	0.04834768
258152	2651	0.04834611
258152	4764	0.04825685
258152	4386	0.0482331
258152	3997	0.048172988
258152	3531	0.04807068
258152	6350	0.048052177
258152	3700	0.048046827
258160	3714	0.055870056
258160	4257	0.05529783
258160	4951	0.054398313
258160	1224	0.054389194
258160	6650	0.054362047
258160	1890	0.054097574
258160	193	0.054011375
258160	1273	0.05392871
258160	2406	0.05375271
258160	1941	0.053627893
258240	6061	0.06817883
258240	2282	0.06734696
258240	2821	0.06732948
258240	6133	0.0673289
258240	1632	0.06732879
258240	4668	0.067107454
258240	2511	0.06700967
258240	4184	0.06700967
258240	4524	0.06700751
258240	356	0.06692322
258270	4034	0.058051467
258270	1593	0.058051463
258270	4703	0.058051445
258270	3361	0.058042493
258270	5410	0.058042463
258270	2173	0.05804246
258270	3331	0.058042455
258270	4212	0.05777587
258270	1448	0.0576007
258270	1064	0.05759055
258275	18	0.049538814
258275	604	0.04952837
258275	1627	0.04945744
258275	1753	0.04943011
258275	5574	0.049430102
258275	2068	0.049430083
258275	1391	0.049427513
258275	1026	0.049342472
258275	107	0.049318805
258275	3631	0.04930719
258329	1499	0.052763313
258329	1561	0.0524761
258329	3506	0.05244442
258329	4197	0.052444376
258329	5178	0.05236012
258329	1237	0.0523515
258329	52	0.052256376
258329	3442	0.052256368
258329	2006	0.05223509
258329	3373	0.05207578
258460	5494	0.04851575
258460	652	0.048461422
258460	5000	0.048392303
258460	4751	0.04839229
258460	5695	0.048377834
258460	6262	0.048377827
258460	4693	0.048377756
258460	3497	0.04806707
258460	2751	0.048040565
258460	4494	0.048040558
258482	6406	0.05139219
258482	301	0.051381912
258482	2554	0.0513819
258482	2458	0.051129512
258482	1991	0.051120378
258482	5710	0.05094253
258482	6251	0.0508835
258482	5561	0.050830685
258482	610	0.050826296
258482	1627	0.050716385
258520	3677	0.03165319
258520	4461	0.031572364
258520	5872	0.031483777
258520	3002	0.031483743
258520	1171	0.031470723
258520	679	0.03135866
258520	786	0.03117698
258520	4735	0.031088382
258520	3777	0.031063452
258520	6507	0.031034105
258534	5043	0.042404816
258534	6591	0.042286884
258534	526	0.041935936
258534	277	0.041888356
258534	1239	0.041640274
258534	5629	0.04155706
258534	1735	0.0415479
258534	1068	0.041320223
258534	2886	0.04108993
258534	2050	0.041081447
258550	6339	0.042565957
258550	1077	0.04256593
258550	635	0.042558078
258550	3499	0.04232212
258550	4697	0.04232212
258550	1408	0.042317457
258550	6025	0.042314664
258550	6799	0.042314656
258550	2851	0.042306803
258550	2206	0.04211708
258690	3487	0.04885512
258690	4136	0.048737045
258690	6808	0.04844415
258690	2863	0.04823281
258690	4028	0.048048586
258690	5572	0.048048574
258690	3651	0.048048552
258690	6687	0.04802474
258690	2827	0.04773006
258690	2364	0.047713757
258777	5074	0.024012748
258777	4256	0.023994561
258777	5843	0.023983387
258777	3767	0.02396435
258777	5433	0.023955444
258777	5120	0.023936938
258777	1861	0.023932897
258777	6699	0.023924835
258777	6019	0.02390219
258777	6018	0.02388081
258884	16	0.06167317
258884	3266	0.061673112
258884	294	0.061614618
258884	3224	0.061396834
258884	1624	0.061352648
258884	936	0.061352633
258884	1298	0.061352633
258884	3257	0.061352633
258884	3711	0.061352607
258884	2310	0.061352596
258938	710	0.058720816
258938	6111	0.058624126
258938	70	0.05824162
258938	5404	0.05824159
258938	1817	0.05798781
258938	448	0.057902172
258938	2469	0.057843998
258938	693	0.057777487
258938	5936	0.057662234
258938	68	0.057595693
259004	3980	0.0464097
259004	3728	0.046302475
259004	6717	0.046293803
259004	6282	0.046249565
259004	5850	0.046228357
259004	2933	0.046162337
259004	830	0.04598806
259004	3168	0.045970216
259004	6120	0.04589674
259004	3493	0.04588385
259006	5401	0.046062697
259006	3799	0.046003774
259006	3104	0.045996714
259006	3899	0.045721255
259006	4761	0.045542285
259006	338	0.04548297
259006	1260	0.045482963
259006	341	0.045482956
259006	5601	0.045482934
259006	4438	0.045381255
259035	4245	0.06601176
259035	5205	0.06578773
259035	507	0.06546113
259035	4442	0.06434808
259035	432	0.06384625
259035	1789	0.06362004
259035	2744	0.06360887
259035	504	0.06328257
259035	692	0.063214034
259035	5230	0.06258524
259057	1167	0.050035104
259057	600	0.0498989
259057	883	0.0498539
259057	4438	0.04985389
259057	4876	0.049853817
259057	500	0.04971852
259057	3794	0.049587205
259057	6709	0.049574107
259057	3426	0.049574092
259057	397	0.049552217
259066	1764	0.06704288
259066	1631	0.06681789
259066	3433	0.06668711
259066	1179	0.06664851
259066	6075	0.066623844
259066	4606	0.066310756
259066	2044	0.0663061
259066	575	0.06606004
259066	4458	0.06599206
259066	5702	0.065707065
259078	3133	0.056919526
259078	474	0.056366432
259078	3280	0.056209914
259078	805	0.055130787
259078	739	0.055052377
259078	1617	0.05473289
259078	487	0.054653432
259078	1602	0.0543022
259078	175	0.05418184
259078	102	0.05417506
259118	3256	0.0749757
259118	2386	0.07447072
259118	1430	0.07390998
259118	1938	0.073838964
259118	4207	0.07382112
259118	533	0.073445275
259118	4951	0.07340201
259118	388	0.07338348
259118	1897	0.0733231
259118	934	0.07332301
259223	3196	0.034778364
259223	2233	0.034527075
259223	3878	0.03449867
259223	831	0.034422796
259223	4569	0.03409913
259223	6803	0.034006167
259223	2868	0.034006122
259223	1240	0.03387572
259223	3397	0.03383617
259223	2826	0.033810437
259259	4442	0.07542269
259259	507	0.07490635
259259	5205	0.07486694
259259	589	0.07427639
259259	2823	0.07399917
259259	504	0.07368785
259259	2156	0.07320036
259259	5136	0.07295393
259259	5618	0.0729202
259259	981	0.072771564
259260	6081	0.04843139
259260	5254	0.048276596
259260	170	0.04811702
259260	393	0.04808469
259260	67	0.048067465
259260	2077	0.04797782
259260	442	0.047977816
259260	2070	0.047932275
259260	394	0.0479196
259260	4201	0.047809914
259264	4055	0.062254325
259264	625	0.061907705
259264	3106	0.061800968
259264	3644	0.06175712
259264	482	0.061638832
259264	4868	0.06151031
259264	4028	0.0613915
259264	5572	0.061391465
259264	5417	0.061263066
259264	2532	0.061044984
259320	1101	0.039779983
259320	895	0.0396405
259320	1447	0.03960596
259320	4051	0.03960457
259320	5064	0.039604526
259320	3290	0.039590806
259320	4549	0.039467737
259320	777	0.039446928
259320	176	0.039446898
259320	712	0.039436623
259378	4607	0.06060797
259378	4788	0.060303323
259378	4245	0.05999085
259378	4496	0.059667908
259378	5205	0.059052963
259378	5633	0.058960162
259378	1193	0.058537565
259378	884	0.058182813
259378	4183	0.05812218
259378	6789	0.057910204
259380	2516	0.049365852
259380	800	0.04911225
259380	3770	0.04897209
259380	4982	0.048941724
259380	5863	0.048633866
259380	4165	0.048375312
259380	2819	0.04836249
259380	4729	0.04833404
259380	175	0.04822031
259380	777	0.048164956
259388	5423	0.04873156
259388	4212	0.048497275
259388	4034	0.048418038
259388	4703	0.048418008
259388	1593	0.048418004
259388	541	0.048345838
259388	1458	0.04834581
259388	6544	0.04834581
259388	168	0.048345793
259388	3690	0.04829029
259430	1064	0.050165247
259430	3286	0.050165195
259430	3093	0.05001629
259430	394	0.04997599
259430	4212	0.049911402
259430	1593	0.04972221
259430	4034	0.049722202
259430	4703	0.049722202
259430	380	0.049646474
259430	4846	0.049573317
259542	6061	0.042661775
259542	1105	0.042455874
259542	2282	0.04224294
259542	4668	0.042156585
259542	3209	0.042150132
259542	72	0.04215012
259542	356	0.042083077
259542	2928	0.042036984
259542	4989	0.041973945
259542	2821	0.041924868
259626	3578	0.04850644
259626	6276	0.048239086
259626	5091	0.04809592
259626	610	0.048048012
259626	4222	0.04793759
259626	2393	0.047919247
259626	5561	0.047912687
259626	2458	0.047909435
259626	2412	0.047893893
259626	212	0.04789387
259629	2858	0.048676148
259629	3049	0.048658207
259629	6190	0.04865814
259629	3691	0.048453726
259629	2210	0.048445947
259629	3973	0.048370283
259629	4982	0.04830675
259629	1707	0.04827505
259629	5271	0.048225455
259629	2813	0.048193697
259660	1357	0.041305993
259660	1903	0.041305907
259660	915	0.041184295
259660	784	0.041107796
259660	5884	0.041107744
259660	858	0.04107275
259660	3077	0.04103762
259660	6598	0.041034326
259660	565	0.04099386
259660	6023	0.040982738
259734	6137	0.047731467
259734	272	0.04715249
259734	4008	0.047030754
259734	3402	0.04690115
259734	2472	0.046901137
259734	6862	0.04675004
259734	4774	0.04657992
259734	1452	0.04641042
259734	6356	0.04623942
259734	5457	0.046203136
259829	1783	0.05432497
259829	4269	0.054021172
259829	1709	0.0537797
259829	715	0.053602766
259829	730	0.05339332
259829	6674	0.053365506
259829	6259	0.05309169
259829	3899	0.053042695
259829	352	0.052978195
259829	504	0.05276548
259901	4570	0.04184653
259901	1596	0.04134412
259901	5430	0.041131847
259901	2214	0.041030392
259901	3285	0.04098846
259901	564	0.040963523
259901	1073	0.04086663
259901	4444	0.0407739
259901	3957	0.040680792
259901	3976	0.04067225
259930	6865	0.05232436
259930	4432	0.052163944
259930	3213	0.05216388
259930	4882	0.05216386
259930	2950	0.052062456
259930	1370	0.05194172
259930	2086	0.051753096
259930	703	0.051678583
259930	1882	0.051541068
259930	794	0.05140313
260067	2634	0.05007463
260067	2836	0.049578518
260067	5879	0.049511276
260067	3064	0.049496464
260067	339	0.04949125
260067	183	0.04930908
260067	2478	0.049305663
260067	373	0.04930137
260067	708	0.049219407
260067	774	0.04921415
260108	1592	0.058868177
260108	645	0.05879396
260108	3909	0.058793925
260108	5792	0.0584952
260108	5771	0.058462568
260108	1193	0.05827128
260108	5184	0.058187213
260108	3062	0.058076754
260108	2324	0.058035888
260108	3705	0.05791136
260183	3517	0.054817043
260183	2915	0.054817
260183	5222	0.05481699
260183	3457	0.054816965
260183	4698	0.054195724
260183	3450	0.05419566
260183	2313	0.05419563
260183	3092	0.054195628
260183	3727	0.054195628
260183	5010	0.05412066
260316	2216	0.039486133
260316	5441	0.038935855
260316	2583	0.03878779
260316	4060	0.038676634
260316	2890	0.038522027
260316	2300	0.03806662
260316	805	0.037982356
260316	3214	0.037815217
260316	3134	0.037655015
260316	2113	0.03760629
260363	2732	0.037816636
260363	4178	0.037760146
260363	2080	0.0377601
260363	6250	0.037475977
260363	6590	0.03742522
260363	147	0.037299372
260363	4513	0.03729934
260363	195	0.037257515
260363	5675	0.037108727
260363	5951	0.037082817
260388	5558	0.050673384
260388	5562	0.05067336
260388	1535	0.050673343
260388	1215	0.050550915
260388	890	0.050550856
260388	2384	0.050550826
260388	4700	0.05037655
260388	6434	0.050376527
260388	909	0.050281446
260388	1040	0.050276756
260419	1369	0.04042134
260419	643	0.040421322
260419	5730	0.04014267
260419	3587	0.04013703
260419	4279	0.040137015
260419	1634	0.04002697
260419	5216	0.04002694
260419	941	0.03989722
260419	3022	0.03978715
260419	1641	0.03968596
260473	6593	0.054245763
260473	956	0.054119527
260473	2953	0.054119486
260473	6042	0.054099396
260473	3778	0.054067787
260473	3024	0.054050483
260473	4586	0.054050457
260473	2779	0.054050453
260473	5789	0.05399079
260473	3168	0.053925946
260520	6191	0.04287399
260520	4263	0.04285472
260520	6224	0.042837195
260520	551	0.042777114
260520	4991	0.0427092
260520	4473	0.042684175
260520	722	0.042684168
260520	2075	0.042669278
260520	3994	0.042649046
260520	6270	0.042594876
260655	109	0.03354673
260655	1893	0.033546697
260655	3124	0.033546686
260655	588	0.03354667
260655	3410	0.03354665
260655	4890	0.03354665
260655	5688	0.03354665
260655	3655	0.033495173
260655	1152	0.033495158
260655	5831	0.033495158
260678	481	0.046951417
260678	1463	0.046951342
260678	3169	0.046763625
260678	2923	0.046646886
260678	4998	0.04636597
260678	714	0.046358347
260678	2232	0.046301
260678	886	0.04625165
260678	5390	0.046199687
260678	1407	0.046165273
260699	1709	0.065220125
260699	971	0.06480114
260699	2725	0.06471759
260699	589	0.06462071
260699	504	0.0640863
260699	507	0.06399921
260699	5762	0.06374671
260699	158	0.06372438
260699	1640	0.06365885
260699	2398	0.06365883
260897	5570	0.065029085
260897	1212	0.06502908
260897	3943	0.06490179
260897	1971	0.06469688
260897	407	0.064362586
260897	809	0.06426838
260897	1167	0.064232856
260897	693	0.06390234
260897	1947	0.06387584
260897	85	0.06383616
260944	1075	0.05478562
260944	3681	0.05475937
260944	2586	0.054666806
260944	5020	0.054345407
260944	3877	0.0541998
260944	332	0.05409275
260944	3745	0.053754617
260944	2128	0.0537202
260944	6721	0.053593103
260944	4014	0.053593054
260967	805	0.04752267
260967	514	0.047484696
260967	955	0.047465146
260967	3883	0.047445104
260967	1714	0.047244065
260967	641	0.047155004
260967	4970	0.047056064
260967	1569	0.046749957
260967	3882	0.04674994
260967	3214	0.04670041
261037	3515	0.04864915
261037	1171	0.04839844
261037	1245	0.048256315
261037	6506	0.048184425
261037	681	0.048177045
261037	6507	0.048159525
261037	677	0.048146244
261037	5853	0.04808575
261037	3605	0.048045173
261037	3677	0.04801072
261105	4483	0.053760357
261105	3421	0.053760335
261105	5927	0.053760305
261105	4924	0.05376029
261105	6839	0.053760268
261105	4825	0.053560853
261105	3517	0.05331404
261105	2915	0.053314015
261105	5222	0.053314015
261105	3457	0.05331398
261185	139	0.05317665
261185	4355	0.052885298
261185	3739	0.052770086
261185	3731	0.052650258
261185	2727	0.052604362
261185	5664	0.052444655
261185	5842	0.052428517
261185	2659	0.05223635
261185	612	0.05222219
261185	1569	0.0521215
261314	3967	0.047765445
261314	3318	0.04776544
261314	377	0.047765423
261314	379	0.04776538
261314	2027	0.047591638
261314	578	0.047591634
261314	4666	0.047575183
261314	4676	0.047575135
261314	3735	0.047575124
261314	2764	0.047414243
261327	2315	0.049421415
261327	2555	0.04932008
261327	213	0.049320024
261327	5149	0.049023673
261327	1289	0.048976988
261327	4968	0.048879422
261327	1205	0.0488621
261327	210	0.048862062
261327	1286	0.048718706
261327	1816	0.048679676
261567	5010	0.06603299
261567	3209	0.06591238
261567	72	0.065912336
261567	6061	0.065487556
261567	356	0.06537111
261567	571	0.065358266
261567	4668	0.06529677
261567	5218	0.0652376
261567	5496	0.06523754
261567	2282	0.06481278
261578	2284	0.04351353
261578	2075	0.043051455
261578	5943	0.042696677
261578	3824	0.04264003
261578	940	0.042476706
261578	2500	0.042474367
261578	6229	0.042422738
261578	4991	0.042220607
261578	5782	0.042207677
261578	857	0.04216317
261590	2019	0.030736871
261590	2605	0.030588247
261590	6439	0.030588157
261590	5112	0.030226346
261590	1422	0.03020027
261590	4397	0.030187622
261590	6294	0.030186318
261590	2929	0.030134797
261590	3393	0.030113872
261590	4303	0.030048661
261603	4280	0.046878025
261603	2705	0.046496876
261603	4585	0.046450686
261603	4818	0.046436086
261603	4270	0.046330333
261603	5160	0.046221726
261603	4641	0.046207666
261603	5813	0.046157442
261603	75	0.04612883
261603	1869	0.046106815
261611	2324	0.04964352
261611	247	0.049614985
261611	1336	0.04960449
261611	1186	0.04952409
261611	4401	0.049276464
261611	2919	0.049270913
261611	1867	0.049264982
261611	292	0.049259156
261611	5991	0.049259134
261611	3949	0.04923614
261998	866	0.058621127
261998	3005	0.057033043
261998	3200	0.05681832
261998	4061	0.056528434
261998	3941	0.056447938
261998	1496	0.05629285
261998	6187	0.056226794
261998	2611	0.055884294
261998	3281	0.055679496
261998	1588	0.055570114
262040	5586	0.049755324
262040	141	0.049551666
262040	5254	0.04925579
262040	1309	0.048923932
262040	393	0.048905462
262040	332	0.048739187
262040	3645	0.04872429
262040	4030	0.04871499
262040	3681	0.048667263
262040	3222	0.048662625
262118	4483	0.041450575
262118	3421	0.04145056
262118	4924	0.041450523
262118	5927	0.041450523
262118	6839	0.041450508
262118	3517	0.041240033
262118	2915	0.041240014
262118	5222	0.04124001
262118	3457	0.041239988
262118	646	0.041068006
262151	406	0.074838236
262151	1389	0.07469288
262151	243	0.074688904
262151	1193	0.073478535
262151	420	0.0734526
262151	614	0.073164076
262151	1764	0.072174095
262151	692	0.07160864
262151	5792	0.07158437
262151	645	0.07154945
262169	1705	0.036980294
262169	5325	0.036980264
262169	1364	0.036871225
262169	6453	0.036871225
262169	1986	0.036871217
262169	841	0.03687121
262169	4590	0.03687119
262169	2893	0.036834974
262169	808	0.036834955
262169	3708	0.036834955
262186	3777	0.043578632
262186	6891	0.04357268
262186	89	0.043572664
262186	1276	0.043572664
262186	863	0.043526266
262186	5872	0.04341259
262186	3002	0.04341255
262186	3605	0.04326991
262186	6507	0.043261033
262186	719	0.043253757
262271	1064	0.043040186
262271	3286	0.04304014
262271	394	0.04286781
262271	1636	0.042858474
262271	3093	0.042845856
262271	380	0.04273568
262271	4212	0.04268846
262271	329	0.042615734
262271	4519	0.042495467
262271	59	0.042421464
262311	735	0.06541011
262311	5842	0.06528316
262311	3882	0.06513759
262311	3883	0.064914286
262311	955	0.06457115
262311	2837	0.06453636
262311	514	0.06430206
262311	347	0.063720316
262311	612	0.063577116
262311	5664	0.06326336
262317	1419	0.04503113
262317	4756	0.045031123
262317	3822	0.04503111
262317	1421	0.0450311
262317	1049	0.045031097
262317	3572	0.045031082
262317	5292	0.045031082
262317	6587	0.045031082
262317	6152	0.04503108
262317	5183	0.04503107
262391	1166	0.045129456
262391	4140	0.04512944
262391	4285	0.045129426
262391	1337	0.045129422
262391	1222	0.045116108
262391	3587	0.04501344
262391	4279	0.045013398
262391	2133	0.04500805
262391	4734	0.044999987
262391	1330	0.044999953
262399	1841	0.046145566
262399	2305	0.04599862
262399	3831	0.04592721
262399	6296	0.045926403
262399	4894	0.045885567
262399	6344	0.045872413
262399	3412	0.045846276
262399	6661	0.045844667
262399	5924	0.04584322
262399	993	0.04580269
262407	3348	0.05294858
262407	162	0.05267328
262407	257	0.052316338
262407	1714	0.05197018
262407	805	0.05193035
262407	974	0.05179132
262407	955	0.051789865
262407	1380	0.051752236
262407	1270	0.051684145
262407	5163	0.0516841
262459	4245	0.053543188
262459	1221	0.0534821
262459	1789	0.053446792
262459	5205	0.053418525
262459	5633	0.05315101
262459	5298	0.0531397
262459	4788	0.053133994
262459	59	0.05290531
262459	2881	0.052706793
262459	5230	0.05246882
262469	692	0.07470189
262469	406	0.074664466
262469	1193	0.074187025
262469	243	0.07395834
262469	645	0.07391506
262469	3909	0.07391502
262469	1389	0.07351175
262469	999	0.073249504
262469	657	0.07318193
262469	1592	0.07287112
262525	4348	0.040578607
262525	3396	0.04040441
262525	1544	0.040404387
262525	1941	0.040336326
262525	4662	0.04022701
262525	4736	0.04022394
262525	2412	0.040193744
262525	212	0.040193725
262525	6675	0.0401937
262525	5709	0.040193677
262541	4345	0.048717584
262541	6582	0.04871758
262541	4652	0.048717573
262541	1002	0.04871755
262541	5605	0.048621476
262541	360	0.04862147
262541	4515	0.048621416
262541	6609	0.048563767
262541	86	0.048563763
262541	1726	0.04851834
262634	857	0.053546585
262634	1349	0.053546578
262634	4557	0.053546567
262634	992	0.053546537
262634	2593	0.053541403
262634	5282	0.053541392
262634	6523	0.05354139
262634	2263	0.05337575
262634	6245	0.05337573
262634	4636	0.05337052
262666	3373	0.05325354
262666	789	0.053253476
262666	1973	0.053253464
262666	4878	0.053253453
262666	3631	0.053168416
262666	2006	0.053035147
262666	2983	0.052949976
262666	5567	0.052887045
262666	4450	0.052874815
262666	1515	0.052838042
262902	4775	0.052647464
262902	3813	0.052593373
262902	3931	0.052187964
262902	1351	0.05216179
262902	6401	0.052161746
262902	3968	0.05216174
262902	3597	0.052161716
262902	6852	0.05216169
262902	3556	0.052119136
262902	6900	0.051558733
262940	4788	0.041911647
262940	5633	0.0413803
262940	6789	0.041377123
262940	59	0.041220244
262940	4496	0.041186467
262940	884	0.041185677
262940	3053	0.041139375
262940	6337	0.041137576
262940	4607	0.04111824
262940	4245	0.041080173
262974	2713	0.058372892
262974	2165	0.05826679
262974	5218	0.05811754
262974	5496	0.058117483
262974	5906	0.058048844
262974	6170	0.05791852
262974	6729	0.05791852
262974	571	0.05776926
262974	2014	0.057733167
262974	5740	0.057733156
263078	613	0.06520964
263078	1436	0.06486964
263078	2387	0.06436671
263078	1713	0.06422051
263078	2176	0.0634951
263078	4538	0.0634951
263078	1261	0.063490674
263078	448	0.06334672
263078	1076	0.063148275
263078	1411	0.06306533
263107	6622	0.04954446
263107	4463	0.049514197
263107	1037	0.04943683
263107	284	0.04939831
263107	5002	0.04939828
263107	4507	0.04939822
263107	1583	0.04929073
263107	2849	0.049271107
263107	1360	0.04927109
263107	382	0.049265787
263163	1369	0.05708035
263163	643	0.05708033
263163	5730	0.057037264
263163	3587	0.056780316
263163	4279	0.05678028
263163	458	0.05648517
263163	1634	0.056349926
263163	5216	0.056349896
263163	4140	0.056161247
263163	1166	0.05616124
263219	341	0.046133235
263219	338	0.046133228
263219	1260	0.046133205
263219	5601	0.046133183
263219	2317	0.046108358
263219	3581	0.04588809
263219	3104	0.045704
263219	183	0.045455337
263219	537	0.0453273
263219	708	0.04495492
263321	1441	0.048459582
263321	4155	0.048459556
263321	3862	0.048459552
263321	5848	0.048459552
263321	2790	0.048459545
263321	4176	0.048459504
263321	6863	0.048419368
263321	6247	0.048419356
263321	4664	0.04838776
263321	1442	0.04834748
263325	5596	0.04787249
263325	696	0.047626078
263325	646	0.047152683
263325	5414	0.047152676
263325	5953	0.047152676
263325	3678	0.047126003
263325	1396	0.047125973
263325	965	0.04712596
263325	1747	0.047125958
263325	6158	0.047104195
263326	2991	0.077524036
263326	1492	0.07698874
263326	2503	0.07678231
263326	1947	0.07663726
263326	5570	0.07650911
263326	1212	0.0765091
263326	1076	0.07598374
263326	693	0.07566642
263326	404	0.07559289
263326	2044	0.07534081
263344	420	0.06415187
263344	2093	0.06406401
263344	410	0.063892946
263344	2912	0.06370025
263344	2669	0.063611716
263344	2620	0.06358534
263344	1389	0.06357874
263344	5389	0.06303467
263344	98	0.0630196
263344	614	0.062913686
263383	2316	0.038085565
263383	4726	0.037790462
263383	84	0.037695102
263383	330	0.03769505
263383	347	0.037649386
263383	2698	0.037308402
263383	2327	0.037201606
263383	1387	0.037201554
263383	1526	0.037120424
263383	1998	0.037071005
263413	4554	0.042178407
263413	5359	0.041955147
263413	5500	0.041824937
263413	4193	0.04177218
263413	4640	0.04170979
263413	6680	0.04161787
263413	5728	0.041617848
263413	4259	0.04160098
263413	857	0.04151109
263413	1349	0.041511074
263460	5913	0.050750967
263460	3147	0.05055833
263460	1909	0.050558314
263460	3054	0.050558303
263460	2529	0.05055829
263460	6589	0.05035824
263460	6429	0.050190214
263460	3035	0.050099216
263460	4773	0.050059408
263460	1892	0.049609058
263560	1592	0.055023164
263560	645	0.054558165
263560	3909	0.054558136
263560	5771	0.054488912
263560	3062	0.054215297
263560	1764	0.054179974
263560	5792	0.054049198
263560	4458	0.05390535
263560	406	0.0538783
263560	2413	0.05373869
263645	692	0.059721205
263645	4245	0.05877406
263645	879	0.058770202
263645	243	0.058432598
263645	432	0.058227804
263645	589	0.05781112
263645	3207	0.05777796
263645	606	0.05748781
263645	5205	0.05740641
263645	507	0.05735837
263663	2883	0.06092481
263663	1444	0.060909726
263663	2961	0.060909692
263663	3056	0.060586173
263663	1261	0.06046375
263663	414	0.060456846
263663	1690	0.05986178
263663	459	0.05978091
263663	1626	0.059487615
263663	2362	0.059389774
263842	1278	0.04044006
263842	3606	0.040382966
263842	276	0.04038295
263842	6448	0.040318843
263842	1013	0.0403188
263842	865	0.040311355
263842	923	0.040311314
263842	3521	0.04013612
263842	874	0.040120225
263842	876	0.03996895
263877	611	0.05602694
263877	1268	0.055409502
263877	1626	0.05522889
263877	202	0.055189464
263877	170	0.054998253
263877	169	0.054907635
263877	2795	0.054815494
263877	1527	0.054696355
263877	5352	0.054686487
263877	2725	0.05453981
264031	1444	0.05920524
264031	2961	0.05920521
264031	414	0.058119435
264031	279	0.057823777
264031	1626	0.057790745
264031	997	0.05778432
264031	2870	0.05778432
264031	1690	0.057693142
264031	540	0.057651088
264031	451	0.057430215
264082	2848	0.0456438
264082	5679	0.0456388
264082	2079	0.045467947
264082	3259	0.045467943
264082	6046	0.045283407
264082	1265	0.04518812
264082	2335	0.045161
264082	2275	0.045138568
264082	4111	0.04505434
264082	5800	0.04505431
264085	5389	0.07598537
264085	1389	0.07559502
264085	2432	0.07544246
264085	420	0.07518363
264085	1169	0.07436755
264085	1273	0.074040905
264085	406	0.073838085
264085	2093	0.07382338
264085	1271	0.07363337
264085	1193	0.073477946
264152	2893	0.053618655
264152	3708	0.053618636
264152	808	0.053618632
264152	3038	0.053618625
264152	4291	0.053618617
264152	6256	0.053618602
264152	1977	0.05351482
264152	5794	0.053514764
264152	4737	0.053514726
264152	5533	0.05351472
264204	2733	0.03558355
264204	6472	0.03558354
264204	5920	0.03553368
264204	594	0.035533678
264204	5857	0.035533674
264204	3116	0.03553367
264204	658	0.035533663
264204	5677	0.03553366
264204	2386	0.03552269
264204	4207	0.03547286
264284	1185	0.053402916
264284	3433	0.05326109
264284	575	0.052980617
264284	1680	0.05284029
264284	4458	0.052654605
264284	1631	0.052576195
264284	2044	0.052546807
264284	1942	0.05242382
264284	1764	0.052401066
264284	2413	0.052333884
264300	292	0.056360565
264300	5991	0.056360528
264300	5406	0.056267466
264300	5042	0.056267455
264300	6275	0.05626735
264300	2324	0.056184996
264300	268	0.056174308
264300	2963	0.056091856
264300	409	0.055924665
264300	577	0.05582306
264311	2328	0.05787497
264311	3462	0.057874955
264311	2393	0.057747174
264311	610	0.05763496
264311	3730	0.057630554
264311	1402	0.057619844
264311	6251	0.057504542
264311	3119	0.05742717
264311	5903	0.057290602
264311	4999	0.05727317
264317	3678	0.057694305
264317	1396	0.05769428
264317	965	0.057694275
264317	1747	0.057694264
264317	2175	0.057590976
264317	939	0.057590872
264317	1086	0.057509013
264317	1347	0.057508998
264317	6404	0.05750899
264317	1980	0.05750896
264349	997	0.049280323
264349	2870	0.049280312
264349	1444	0.049101397
264349	2961	0.049101356
264349	451	0.049049824
264349	1626	0.048891515
264349	6	0.048813984
264349	3056	0.04873704
264349	279	0.04871267
264349	140	0.048667137
264355	2503	0.068266585
264355	1492	0.0673866
264355	1177	0.067022085
264355	1947	0.066823
264355	693	0.0667637
264355	2991	0.06673942
264355	2387	0.066738054
264355	448	0.066429056
264355	68	0.066085234
264355	4247	0.06597233
264464	4165	0.041973345
264464	777	0.04166601
264464	176	0.041665968
264464	2516	0.04134828
264464	4549	0.0411959
264464	1527	0.04118454
264464	158	0.041094013
264464	3177	0.04098762
264464	1743	0.040987566
264464	6211	0.04095663
264525	862	0.053529248
264525	3769	0.05342956
264525	978	0.053173117
264525	2918	0.05203466
264525	227	0.05183637
264525	590	0.05182503
264525	61	0.051790684
264525	2912	0.05167088
264525	6259	0.051613595
264525	410	0.05161137
264543	2918	0.051625423
264543	435	0.05153036
264543	930	0.051401578
264543	3142	0.05140152
264543	978	0.05118911
264543	1320	0.050995298
264543	744	0.050711755
264543	6736	0.050711676
264543	3769	0.05071048
264543	1627	0.050690353
264600	2946	0.03402762
264600	1323	0.033738274
264600	1279	0.033460125
264600	1404	0.033261295
264600	2059	0.03315886
264600	3026	0.03303779
264600	4897	0.03303774
264600	5419	0.03297644
264600	3332	0.03283427
264600	6374	0.032819696
264627	243	0.08711472
264627	1389	0.085950345
264627	1764	0.08510028
264627	1193	0.08499016
264627	5792	0.08428133
264627	420	0.083991826
264627	645	0.083864376
264627	3909	0.08386433
264627	1592	0.08342084
264627	614	0.08323538
264628	5572	0.038999494
264628	4028	0.03899949
264628	3651	0.03899947
264628	4136	0.038988143
264628	3487	0.038613774
264628	6687	0.03861303
264628	1908	0.0385869
264628	4044	0.038449287
264628	2809	0.0384359
264628	3669	0.03843589
264634	517	0.042539313
264634	2272	0.042439908
264634	2588	0.042380653
264634	6505	0.042377904
264634	5209	0.04230082
264634	990	0.042269804
264634	3324	0.042269804
264634	191	0.04226697
264634	5342	0.042266957
264634	6612	0.04226695
264637	6020	0.041282054
264637	5284	0.04128205
264637	6846	0.041282035
264637	3073	0.041264817
264637	1538	0.041264795
264637	5462	0.04115595
264637	2600	0.041155927
264637	6156	0.04115591
264637	5500	0.04111006
264637	2248	0.041001208
264655	3433	0.047938704
264655	5702	0.047549002
264655	2044	0.047297217
264655	1631	0.04696487
264655	1764	0.046688423
264655	4968	0.04656454
264655	1492	0.04639099
264655	2991	0.046237327
264655	6564	0.04611605
264655	1942	0.046056166
264657	696	0.062284376
264657	5596	0.06208747
264657	3678	0.062053695
264657	1396	0.062053666
264657	965	0.062053658
264657	1747	0.062053643
264657	6158	0.061844338
264657	6878	0.061642393
264657	1402	0.06137445
264657	646	0.061336726
264862	494	0.040030293
264862	3625	0.039835654
264862	1633	0.03977342
264862	952	0.0397598
264862	6126	0.039683133
264862	5644	0.039610274
264862	6461	0.039551422
264862	3242	0.039533526
264862	5272	0.039525524
264862	6348	0.039525498
264947	5989	0.052743044
264947	1846	0.052458316
264947	3252	0.05220424
264947	5015	0.05217362
264947	1692	0.052085653
264947	3296	0.05208561
264947	5071	0.052072138
264947	3543	0.051973864
264947	2696	0.051892865
264947	3756	0.051892847
264985	227	0.04738551
264985	978	0.047340456
264985	862	0.047096744
264985	6158	0.04703453
264985	1430	0.04686729
264985	2918	0.046788275
264985	4235	0.046720643
264985	1897	0.046679016
264985	3769	0.046573527
264985	5864	0.04655318
264996	4951	0.052396834
264996	2393	0.05184118
264996	3243	0.051733688
264996	2386	0.051661875
264996	943	0.051404364
264996	2381	0.05140435
264996	3119	0.051343255
264996	3714	0.051227964
264996	1790	0.051186617
264996	6516	0.05117859
265083	4433	0.06323805
265083	2315	0.063159645
265083	1966	0.06302744
265083	412	0.06278139
265083	2555	0.062766396
265083	213	0.062766336
265083	935	0.062701896
265083	1952	0.06255342
265083	2465	0.06254262
265083	239	0.062475942
265194	2602	0.03505662
265194	6535	0.034963448
265194	117	0.03482558
265194	5656	0.034793265
265194	4563	0.034470737
265194	3039	0.03441994
265194	2018	0.03441894
265194	6577	0.034413014
265194	5464	0.034412984
265194	1485	0.034386598
265205	1576	0.05576525
265205	2503	0.055278722
265205	613	0.055152893
265205	1691	0.055104557
265205	3520	0.05503593
265205	4247	0.055005323
265205	4710	0.054936953
265205	4134	0.054908518
265205	710	0.054858647
265205	5331	0.054758444
265276	1667	0.04516501
265276	4035	0.045028746
265276	2329	0.044929937
265276	59	0.04477647
265276	619	0.044610776
265276	329	0.04461076
265276	4919	0.04459948
265276	4846	0.04439287
265276	541	0.04436346
265276	1458	0.04436346
265313	831	0.065769956
265313	2541	0.06506209
265313	2007	0.06456981
265313	707	0.06454851
265313	3790	0.06440836
265313	5054	0.06437674
265313	175	0.06412221
265313	3064	0.06408694
265313	4336	0.06384258
265313	4471	0.06376493
265383	4913	0.043310307
265383	2532	0.04325319
265383	2809	0.04325316
265383	3669	0.043253154
265383	1711	0.043191098
265383	1908	0.042995512
265383	1603	0.042891942
265383	5572	0.042634342
265383	3651	0.04263432
265383	4028	0.04263432
265487	1572	0.041978374
265487	5760	0.04129634
265487	67	0.041211814
265487	170	0.04116447
265487	94	0.041005984
265487	4030	0.040938083
265487	910	0.04080975
265487	3960	0.040752754
265487	202	0.040740605
265487	6081	0.040611595
265504	460	0.057977512
265504	4401	0.057734244
265504	3949	0.05738704
265504	1884	0.057241306
265504	5114	0.057172805
265504	2951	0.05713854
265504	2391	0.057125986
265504	35	0.057075344
265504	3114	0.057075277
265504	2369	0.056913592
265546	1071	0.04955503
265546	1711	0.04926993
265546	5815	0.049033783
265546	20	0.04903376
265546	2867	0.04903376
265546	739	0.048992924
265546	1602	0.048811495
265546	373	0.04857791
265546	1574	0.048343636
265546	2532	0.048187092
265553	1897	0.05110693
265553	934	0.051106878
265553	1430	0.05093865
265553	5568	0.05051217
265553	388	0.05043255
265553	5596	0.050322633
265553	3517	0.050241645
265553	2915	0.050241627
265553	5222	0.050241612
265553	3457	0.05024159
265591	2437	0.061857097
265591	1361	0.061857082
265591	427	0.061857045
265591	6298	0.06185704
265591	2852	0.061857007
265591	4494	0.061584063
265591	2751	0.06158405
265591	5538	0.061583985
265591	5995	0.06158396
265591	2577	0.06154762
265607	774	0.052904382
265607	339	0.052872803
265607	340	0.052666053
265607	373	0.052651893
265607	2836	0.052620366
265607	2966	0.052445106
265607	5879	0.05240594
265607	183	0.052368548
265607	537	0.05228114
265607	2634	0.05198531
265620	5332	0.060948126
265620	63	0.060948096
265620	2732	0.060880225
265620	147	0.060772784
265620	4513	0.060772717
265620	4178	0.06073944
265620	2080	0.06073937
265620	5039	0.060586736
265620	1739	0.06058669
265620	2332	0.060445927
265656	6250	0.05393186
265656	1328	0.05386072
265656	2732	0.053615447
265656	1094	0.05338648
265656	1045	0.053386446
265656	1725	0.053386442
265656	5675	0.053281806
265656	3359	0.05326116
265656	4178	0.053103656
265656	2080	0.053103603
265751	448	0.061632503
265751	581	0.06158393
265751	70	0.06132929
265751	5404	0.061329264
265751	50	0.0612942
265751	6111	0.06122045
265751	3443	0.0611131
265751	781	0.060876463
265751	407	0.060859516
265751	1817	0.060773335
265784	5572	0.04564125
265784	4028	0.045641243
265784	3651	0.04564123
265784	2532	0.045327235
265784	2809	0.0453272
265784	3669	0.045327194
265784	1908	0.04519377
265784	5417	0.044911686
265784	4136	0.04479243
265784	4055	0.0446319
265827	1555	0.053379618
265827	2327	0.052898962
265827	1387	0.052898906
265827	937	0.052736096
265827	152	0.052736074
265827	649	0.05241242
265827	6087	0.051925704
265827	1690	0.051792085
265827	1691	0.051789694
265827	2049	0.05174176
265918	1961	0.058093153
265918	526	0.05771898
265918	2950	0.05732555
265918	794	0.056961466
265918	4307	0.056915022
265918	5288	0.0568242
265918	973	0.056726776
265918	4560	0.056564823
265918	1268	0.056351982
265918	3385	0.056041963
265932	3104	0.046736397
265932	500	0.046568386
265932	1462	0.04639251
265932	1781	0.046371534
265932	883	0.046317715
265932	4438	0.04631771
265932	4876	0.046317652
265932	85	0.04614622
265932	1817	0.046067834
265932	133	0.046067826
265972	4437	0.05345684
265972	3010	0.053300455
265972	4763	0.053117514
265972	2926	0.05307157
265972	6586	0.05305937
265972	6461	0.053025853
265972	4096	0.05297525
265972	1226	0.052975234
265972	2271	0.05297523
265972	2428	0.05297523
266054	3258	0.037649907
266054	6646	0.037649877
266054	2289	0.037573576
266054	3475	0.037528638
266054	2346	0.037506483
266054	3819	0.037506476
266054	4598	0.03750644
266054	344	0.037505593
266054	16	0.037474193
266054	3266	0.037474148
266056	5567	0.045621306
266056	3583	0.045584783
266056	2494	0.045254406
266056	4120	0.045252502
266056	70	0.044998594
266056	5404	0.044998575
266056	6493	0.04496967
266056	1601	0.044948936
266056	457	0.044944823
266056	2469	0.044874653
266109	1422	0.03904288
266109	5682	0.038815185
266109	4236	0.038603134
266109	1728	0.03860158
266109	3349	0.03854337
266109	6834	0.038527757
266109	1299	0.038484104
266109	4252	0.038435314
266109	381	0.03840534
266109	3176	0.038362768
266164	4034	0.06343183
266164	1593	0.063431814
266164	4703	0.0634318
266164	3361	0.06340522
266164	2173	0.063405216
266164	5410	0.0634052
266164	3331	0.063405186
266164	6079	0.06329021
266164	1448	0.063259855
266164	1451	0.06314765
266226	491	0.043046273
266226	1032	0.042945884
266226	3678	0.042876855
266226	965	0.04287684
266226	1396	0.04287684
266226	1747	0.042876817
266226	4683	0.04282851
266226	64	0.042828508
266226	3896	0.04282849
266226	2365	0.042828485
266229	3064	0.066989616
266229	708	0.06676887
266229	434	0.066768825
266229	2317	0.06585637
266229	341	0.06563562
266229	338	0.06563558
266229	1260	0.06563558
266229	5601	0.06563554
266229	183	0.065524444
266229	5879	0.06525741
266268	5960	0.0575136
266268	3029	0.057433244
266268	5676	0.057385884
266268	5280	0.05716238
266268	6918	0.056980483
266268	2311	0.056953974
266268	3805	0.056927733
266268	1859	0.056927707
266268	3696	0.05692182
266268	6760	0.05686654
266283	449	0.078024484
266283	4458	0.07732354
266283	1179	0.07713321
266283	575	0.07648955
266283	4606	0.07613379
266283	1185	0.07602184
266283	649	0.075893894
266283	4221	0.07587021
266283	1773	0.0757667
266283	165	0.07561767
266299	3090	0.059966378
266299	52	0.059825905
266299	3442	0.059825853
266299	691	0.05978214
266299	68	0.05977363
266299	882	0.059665143
266299	4782	0.05966513
266299	1289	0.05959005
266299	246	0.05949825
266299	189	0.05948981
266331	1929	0.04417159
266331	4874	0.044171568
266331	728	0.044168614
266331	530	0.044159655
266331	335	0.044071637
266331	5335	0.043919716
266331	2533	0.04377786
266331	2552	0.04368989
266331	2869	0.043556143
266331	2046	0.043527476
266355	2060	0.061606247
266355	558	0.061230846
266355	5832	0.061152518
266355	2879	0.060988076
266355	5162	0.06091294
266355	3048	0.06090103
266355	6864	0.060730875
266355	875	0.06067598
266355	4836	0.060493417
266355	4620	0.06047444
266419	1436	0.05675561
266419	1713	0.056431644
266419	613	0.0563261
266419	710	0.056265008
266419	448	0.056048043
266419	2387	0.055753734
266419	6111	0.05567413
266419	1691	0.055627387
266419	2362	0.055549122
266419	1411	0.055548046
266457	5448	0.043291956
266457	5591	0.04325924
266457	3525	0.043259226
266457	5270	0.04318183
266457	1577	0.0428802
266457	1956	0.04273481
266457	4980	0.042651232
266457	5504	0.042601548
266457	1782	0.042425975
266457	6080	0.042414844
266466	831	0.05282473
266466	5054	0.05235738
266466	2007	0.052178167
266466	2541	0.052135482
266466	4336	0.051938
266466	4471	0.051888168
266466	707	0.051877018
266466	988	0.051639274
266466	472	0.051549405
266466	3790	0.051512558
266478	1377	0.040500246
266478	5751	0.040444452
266478	6089	0.04031577
266478	3946	0.04011662
266478	834	0.04011661
266478	468	0.040050708
266478	283	0.04001618
266478	2703	0.039968487
266478	4185	0.039963894
266478	6239	0.03995996
266522	4667	0.042705335
266522	3012	0.04260536
266522	6529	0.042476844
266522	3014	0.04244601
266522	3680	0.04242146
266522	6309	0.042347737
266522	5804	0.042332605
266522	4246	0.042323183
266522	926	0.04214593
266522	5061	0.042128928
266650	784	0.03819684
266650	5884	0.038196787
266650	1480	0.03809782
266650	4585	0.038042
266650	5402	0.03801447
266650	4850	0.038014337
266650	885	0.037993737
266650	6598	0.037938662
266650	4375	0.03765886
266650	1357	0.03765012
266678	147	0.057143964
266678	4513	0.05714391
266678	5332	0.057052597
266678	63	0.05705255
266678	1094	0.05689736
266678	1045	0.056897312
266678	1725	0.0568973
266678	1839	0.056832723
266678	5280	0.056820475
266678	2333	0.056800388
266697	448	0.032851234
266697	6111	0.03278817
266697	693	0.032590095
266697	1817	0.03252556
266697	133	0.03252554
266697	2503	0.03245853
266697	85	0.032429215
266697	710	0.032327652
266697	809	0.032325894
266697	2387	0.0322272
266753	3753	0.037833948
266753	5334	0.03771653
266753	2106	0.037586898
266753	521	0.037586875
266753	2805	0.037438795
266753	2109	0.037240393
266753	5594	0.037169322
266753	3935	0.03694298
266753	6817	0.03691831
266753	5125	0.036889337
266807	1884	0.05974204
266807	4005	0.05949501
266807	1886	0.059335653
266807	1660	0.059312634
266807	929	0.05905727
266807	6093	0.059057236
266807	2951	0.059009757
266807	1027	0.058861524
266807	2407	0.058861516
266807	1777	0.058861498
266840	5621	0.04810799
266840	1480	0.04759234
266840	1582	0.04740436
266840	784	0.04739236
266840	5884	0.047392294
266840	867	0.04723785
266840	5131	0.047138758
266840	4585	0.047121316
266840	4850	0.04707635
266840	2011	0.047074206
266842	2588	0.06043936
266842	6505	0.060373407
266842	6077	0.060018815
266842	517	0.059981752
266842	3624	0.059893623
266842	1348	0.05967705
266842	4946	0.05962718
266842	4347	0.059579715
266842	3623	0.059579626
266842	5536	0.059540465
266865	3105	0.059631184
266865	3128	0.05930123
266865	3129	0.059138317
266865	1784	0.059100892
266865	4104	0.059099823
266865	4187	0.058955714
266865	6560	0.05891805
266865	1716	0.05890041
266865	5400	0.05885094
266865	741	0.05884728
266866	1477	0.051096693
266866	3902	0.05090803
266866	3970	0.050879493
266866	2903	0.05087948
266866	6324	0.050641134
266866	3826	0.050477896
266866	5958	0.050362483
266866	6500	0.05033512
266866	6372	0.05027048
266866	4482	0.050270464
266872	1070	0.04841233
266872	2317	0.04813447
266872	537	0.04752128
266872	473	0.047370076
266872	183	0.047334842
266872	338	0.04729137
266872	341	0.04729137
266872	1260	0.047291353
266872	5601	0.047291324
266872	1405	0.047240205
266940	681	0.040382978
266940	6891	0.04032447
266940	89	0.040324457
266940	1276	0.04032445
266940	3448	0.040236473
266940	4961	0.040226623
266940	790	0.040196653
266940	1171	0.04015004
266940	3677	0.040136844
266940	632	0.040117018
267033	2669	0.06388205
267033	6737	0.063566774
267033	98	0.06333031
267033	1207	0.062912144
267033	2169	0.06286527
267033	4793	0.06273975
267033	2912	0.0625382
267033	963	0.062461376
267033	2919	0.062282976
267033	2386	0.0620019
267061	3280	0.046310008
267061	3133	0.04617583
267061	175	0.04552564
267061	474	0.045502633
267061	805	0.04532786
267061	2541	0.04460417
267061	3273	0.044559818
267061	487	0.043429278
267061	739	0.04323802
267061	1264	0.04315058
267180	3967	0.044379063
267180	3318	0.044379056
267180	377	0.044379037
267180	379	0.044379
267180	578	0.044263475
267180	2027	0.044263475
267180	4666	0.04424247
267180	4676	0.04424242
267180	3735	0.044242416
267180	4596	0.044098463
267184	3146	0.04850678
267184	898	0.04850673
267184	1037	0.048487023
267184	4139	0.04840671
267184	468	0.048406657
267184	1258	0.04834057
267184	3928	0.048340537
267184	42	0.04834053
267184	1962	0.04834053
267184	3803	0.048340518
267249	4732	0.055802673
267249	4653	0.055524815
267249	6429	0.055420384
267249	6253	0.0553962
267249	1510	0.055365082
267249	4180	0.055365063
267249	3035	0.05516489
267249	5990	0.05508255
267249	485	0.05508254
267249	2119	0.054936707
267256	2333	0.057509337
267256	159	0.057509307
267256	6760	0.05740829
267256	5676	0.057376612
267256	6918	0.057372954
267256	147	0.0570271
267256	4513	0.05702705
267256	5332	0.05692612
267256	63	0.056926068
267256	1094	0.056890853
267282	4382	0.04083518
267282	6135	0.04080027
267282	2255	0.040800262
267282	6289	0.04080023
267282	4601	0.040800225
267282	2501	0.040757775
267282	3388	0.040719237
267282	2297	0.040678777
267282	5941	0.040678743
267282	1478	0.040678736
267326	354	0.060128015
267326	1642	0.059889704
267326	2040	0.05976142
267326	5573	0.059761275
267326	6803	0.05972159
267326	2868	0.059721466
267326	2514	0.05971038
267326	1350	0.0596079
267326	5154	0.059593588
267326	488	0.059522867
267334	5835	0.042666145
267334	1426	0.042596325
267334	4583	0.0425963
267334	2331	0.042431634
267334	6574	0.04238458
267334	644	0.042337634
267334	549	0.042254932
267334	3053	0.04215008
267334	6130	0.042137153
267334	1665	0.042121522
267354	6265	0.2217686
267354	2717	0.22097525
267354	2079	0.22091058
267354	3259	0.22091058
267354	4213	0.22079998
267354	5729	0.2205886
267354	2116	0.22020283
267354	1318	0.2198692
267354	2972	0.2198692
267354	6863	0.2197427
267356	1447	0.18607059
267356	2950	0.18573919
267356	6865	0.1856167
267356	3290	0.18296397
267356	1594	0.18294375
267356	895	0.18273339
267356	176	0.18258095
267356	777	0.18258093
267356	1068	0.18248963
267356	4882	0.18187484
267442	6143	0.23217136
267442	713	0.2317904
267442	4699	0.2317904
267442	205	0.23179033
267442	6495	0.23179033
267442	6562	0.23179033
267442	3121	0.23099345
267442	5164	0.23061246
267442	5930	0.23060511
267442	1216	0.23059839
267444	4440	0.2769449
267444	1095	0.27694488
267444	1530	0.27694488
267444	4929	0.27694488
267444	46	0.27579436
267444	6096	0.27566677
267444	3569	0.2756667
267444	4258	0.2756667
267444	3876	0.27550906
267444	366	0.27519143
267453	624	0.16915867
267453	3116	0.16900897
267453	5677	0.16900897
267453	5857	0.16900897
267453	658	0.16900896
267453	594	0.16900894
267453	5920	0.16900894
267453	3283	0.16888133
267453	861	0.16888131
267453	4071	0.16888131
267510	3104	0.29675052
267510	133	0.29505956
267510	1817	0.2950595
267510	1781	0.29482388
267510	338	0.2943629
267510	1260	0.2943629
267510	5601	0.2943629
267510	341	0.29436287
267510	500	0.2942018
267510	3581	0.2938583
267529	4060	0.13421564
267529	2583	0.13400269
267529	2216	0.13375074
267529	3134	0.13211806
267529	2300	0.13211611
267529	3214	0.1316962
267529	5441	0.12991598
267529	4272	0.12972465
267529	2565	0.12964055
267529	5283	0.1293482
267538	5254	0.29236442
267538	5586	0.2918296
267538	1309	0.29069352
267538	442	0.29008943
267538	2077	0.29008943
267538	1091	0.28922915
267538	2026	0.28862512
267538	2732	0.288275
267538	6761	0.28697217
267538	267	0.28675073
267596	1632	0.23088992
267596	6133	0.23088992
267596	6061	0.23083198
267596	4184	0.23043314
267596	2511	0.23043306
267596	2821	0.22961092
267596	1520	0.22864893
267596	1410	0.22843882
267596	4524	0.22836362
267596	2737	0.2282801
267621	133	0.27026948
267621	1817	0.27026945
267621	1781	0.2694683
267621	85	0.26729763
267621	6111	0.26713917
267621	3581	0.26640075
267621	3796	0.26621836
267621	500	0.26514807
267621	41	0.26474935
267621	3104	0.2646898
267635	4219	0.2463451
267635	3918	0.24623924
267635	3352	0.24565102
267635	5410	0.24559775
267635	3361	0.24559774
267635	2173	0.24559769
267635	3331	0.24559769
267635	1296	0.24553132
267635	379	0.24551031
267635	3967	0.24551024
267642	2316	0.23469716
267642	1387	0.23434499
267642	2327	0.23434493
267642	2698	0.23401044
267642	4726	0.23274419
267642	84	0.2319587
267642	330	0.23195869
267642	347	0.2305672
267642	1526	0.22988997
267642	188	0.22840062
267644	443	0.2430054
267644	33	0.24300537
267644	1780	0.24289364
267644	2786	0.24289364
267644	6503	0.2428936
267644	768	0.24281555
267644	5838	0.24264424
267644	6209	0.2426442
267644	3490	0.24229988
267644	1312	0.24201062
267648	5321	0.16888463
267648	1864	0.16877028
267648	34	0.16868982
267648	268	0.16814697
267648	1035	0.16781542
267648	1665	0.16781539
267648	4696	0.16760318
267648	577	0.16760316
267648	6104	0.16738003
267648	5304	0.16736975
267680	2632	0.17469165
267680	1459	0.17329237
267680	2389	0.17328374
267680	180	0.17288592
267680	3132	0.17231995
267680	6125	0.17225724
267680	5384	0.17192191
267680	6128	0.17185768
267680	6563	0.17128018
267680	970	0.17067981
267802	4943	0.13050416
267802	6408	0.12966943
267802	6214	0.12959588
267802	2152	0.12953626
267802	5313	0.12949839
267802	2154	0.1293515
267802	1508	0.12935147
267802	6239	0.12932305
267802	5101	0.12928964
267802	5130	0.1292125
267830	3022	0.25974026
267830	3426	0.25901377
267830	6709	0.25901374
267830	6816	0.25724515
267830	574	0.25628933
267830	1641	0.25610587
267830	4438	0.25497028
267830	883	0.25497025
267830	4876	0.25497025
267830	4325	0.2544613
267895	6143	0.19516373
267895	1166	0.1943793
267895	1337	0.1943793
267895	4285	0.1943793
267895	4140	0.19437927
267895	713	0.19382304
267895	4699	0.19382304
267895	205	0.19382301
267895	6495	0.19382301
267895	6562	0.19382301
268025	1286	0.2706762
268025	3342	0.2696483
268025	5149	0.26943812
268025	1289	0.26932275
268025	5570	0.2665605
268025	1212	0.26656044
268025	426	0.26532698
268025	4205	0.26532698
268025	1305	0.2653269
268025	6291	0.26446825
268030	691	0.29320806
268030	246	0.29297844
268030	1971	0.29260588
268030	1154	0.2921303
268030	2015	0.29187328
268030	199	0.29161984
268030	690	0.29161984
268030	1167	0.2915007
268030	3090	0.2893356
268030	502	0.28909448
268032	487	0.32810923
268032	175	0.32575235
268032	2541	0.32430273
268032	474	0.32402354
268032	1264	0.32393897
268032	3770	0.32126373
268032	739	0.3178999
268032	3280	0.31748083
268032	1708	0.31712317
268032	20	0.3167517
268110	6815	0.33483732
268110	5489	0.32990286
268110	3033	0.32914877
268110	6878	0.3287318
268110	5562	0.32838243
268110	5558	0.3283824
268110	1535	0.32838234
268110	4700	0.32795763
268110	6434	0.32795757
268110	4683	0.32715374
268156	3951	0.22922438
268156	2700	0.22922437
268156	327	0.22922435
268156	3264	0.22895497
268156	1625	0.22895493
268156	3858	0.22882275
268156	2278	0.22875541
268156	1739	0.22863051
268156	5039	0.22863045
268156	367	0.22862323
268239	3074	0.25731912
268239	3182	0.25731912
268239	451	0.25616688
268239	2129	0.25537485
268239	144	0.25509965
268239	2028	0.2544613
268239	2579	0.25443238
268239	1851	0.2539913
268239	3616	0.25328255
268239	83	0.25287437
268262	5662	0.2210492
268262	1070	0.21952388
268262	574	0.21915847
268262	883	0.21831405
268262	4438	0.21831404
268262	4876	0.21831404
268262	1600	0.21738273
268262	1405	0.21728641
268262	3426	0.2172552
268262	6709	0.2172552
268282	77	0.29031104
268282	2795	0.28925502
268282	6	0.28662807
268282	1854	0.2864483
268282	170	0.2864144
268282	4332	0.28601652
268282	3177	0.28595302
268282	1743	0.285953
268282	267	0.28480592
268282	4919	0.2846617
268300	4668	0.33361846
268300	6061	0.33358982
268300	3928	0.3334767
268300	42	0.33347666
268300	1962	0.33347666
268300	3803	0.33347666
268300	1258	0.3334766
268300	2282	0.33344793
268300	5094	0.33152586
268300	468	0.331384
268540	5966	0.24245
268540	5944	0.24050972
268540	3503	0.24011755
268540	5179	0.2400536
268540	4414	0.23959891
268540	2035	0.23950648
268540	3737	0.23934978
268540	1557	0.2393241
268540	4830	0.23930287
268540	1388	0.23919532
268544	692	0.28651565
268544	3207	0.28454718
268544	243	0.2838696
268544	879	0.28378433
268544	5140	0.28356463
268544	432	0.28270683
268544	606	0.28247118
268544	657	0.28075805
268544	54	0.2802376
268544	160	0.27851975
268618	3655	0.33001405
268618	1152	0.330014
268618	5831	0.330014
268618	5566	0.32895404
268618	1809	0.32746974
268618	6524	0.325741
268618	3574	0.32574093
268618	3800	0.32574093
268618	6266	0.32319665
268618	1556	0.32296622
268622	435	0.2891717
268622	1219	0.28612804
268622	1627	0.28553987
268622	18	0.28484717
268622	1601	0.28348497
268622	1578	0.2824614
268622	3142	0.28187367
268622	465	0.28187364
268622	930	0.28187364
268622	5022	0.2815578
268639	2583	0.24288915
268639	805	0.24272461
268639	3236	0.24153167
268639	4060	0.24132359
268639	3134	0.2410885
268639	2565	0.24032912
268639	2113	0.24009907
268639	5283	0.23984225
268639	3214	0.2394009
268639	4528	0.23890926
268657	5662	0.3952027
268657	3796	0.3949006
268657	2179	0.390974
268657	2317	0.3907588
268657	1781	0.39063174
268657	3104	0.3899934
268657	3581	0.3897363
268657	340	0.38970408
268657	338	0.38905805
268657	1260	0.38905805
268691	6326	0.26377344
268691	3021	0.2633884
268691	3491	0.26338837
268691	4447	0.26338834
268691	6301	0.26338834
268691	2751	0.26268286
268691	5995	0.26268286
268691	5538	0.26268283
268691	4494	0.2626828
268691	3040	0.26229778
268704	923	0.2149289
268704	865	0.21492888
268704	1278	0.21407297
268704	874	0.21314749
268704	876	0.21285546
268704	6398	0.21285543
268704	5521	0.21276145
268704	3606	0.2118209
268704	276	0.21182084
268704	3868	0.21159458
268751	5188	0.19397283
268751	4716	0.19311243
268751	4361	0.19173086
268751	2900	0.19063722
268751	6361	0.1895136
268751	2791	0.18942969
268751	4988	0.18940243
268751	6647	0.18842803
268751	6166	0.18777649
268751	5523	0.18776312
268761	2698	0.23996972
268761	1387	0.23962389
268761	2327	0.23962383
268761	2316	0.23835166
268761	4726	0.23528826
268761	84	0.23381847
268761	330	0.23381847
268761	2631	0.23302127
268761	347	0.23049347
268761	1526	0.23033878
268786	2317	0.26771426
268786	537	0.26579523
268786	1600	0.26432174
268786	183	0.26431262
268786	338	0.26397115
268786	5601	0.26397115
268786	341	0.26397112
268786	1260	0.26397112
268786	340	0.263457
268786	1070	0.2627451
268833	624	0.35221618
268833	5953	0.35168135
268833	5414	0.35168132
268833	646	0.3516813
268833	5677	0.35134485
268833	5857	0.35134485
268833	658	0.35134482
268833	3116	0.35134482
268833	594	0.3513448
268833	5920	0.3513448
268932	1203	0.19840243
268932	569	0.1967986
268932	960	0.19621849
268932	3075	0.19584554
268932	5604	0.19453156
268932	4700	0.19438168
268932	6434	0.19438167
268932	5364	0.19418375
268932	6815	0.19358943
268932	2562	0.1932659
269011	628	0.18891141
269011	637	0.18875773
269011	824	0.1883101
269011	2366	0.18815643
269011	2197	0.18794103
269011	1428	0.1874462
269011	397	0.18732506
269011	690	0.18655263
269011	199	0.18655261
269011	1167	0.18652944
269114	6589	0.27696782
269114	4773	0.27688265
269114	5913	0.2766586
269114	6429	0.2762273
269114	1760	0.27596813
269114	6127	0.27555963
269114	5693	0.27532864
269114	3147	0.27511904
269114	1909	0.275119
269114	2529	0.275119
269140	5835	0.3004537
269140	2331	0.29981244
269140	15	0.29917914
269140	59	0.2985604
269140	34	0.2985103
269140	1426	0.29850706
269140	4583	0.29850698
269140	644	0.29753962
269140	2467	0.29631737
269140	577	0.29586762
269157	6329	0.29714227
269157	1160	0.2971422
269157	4392	0.2971422
269157	4992	0.2971422
269157	3601	0.29714218
269157	2703	0.29613876
269157	2050	0.29555535
269157	2282	0.2936989
269157	6239	0.2928211
269157	3078	0.29279196
269244	4798	0.20512624
269244	778	0.20439163
269244	4729	0.20375466
269244	4108	0.20327187
269244	5602	0.20324185
269244	5863	0.20267907
269244	4982	0.20243925
269244	6566	0.20217001
269244	1453	0.20188764
269244	777	0.20067176
269273	1839	0.25709277
269273	3735	0.2568183
269273	4676	0.2568183
269273	4666	0.25681826
269273	4513	0.25676167
269273	1739	0.25667125
269273	5039	0.2566712
269273	159	0.25648713
269273	2333	0.25648713
269273	379	0.25639677
269308	1411	0.28560853
269308	1713	0.28516513
269308	1436	0.28358036
269308	2176	0.28318578
269308	4538	0.28318572
269308	1071	0.2816584
269308	1711	0.27908376
269308	613	0.27881402
269308	1603	0.27748883
269308	1574	0.2773775
269313	706	0.20142984
269313	880	0.20142983
269313	5021	0.20128697
269313	3126	0.20083341
269313	5506	0.20082851
269313	2889	0.20068565
269313	704	0.20068562
269313	1937	0.20068562
269313	903	0.20067829
269313	496	0.20054632
269321	3351	0.18889943
269321	6840	0.18868586
269321	1722	0.18868583
269321	5031	0.1878635
269321	297	0.18786347
269321	3326	0.1876303
269321	5102	0.18763027
269321	3881	0.18763024
269321	5078	0.18704721
269321	2295	0.18685575
269344	2870	0.22594413
269344	997	0.22594412
269344	140	0.22528413
269344	451	0.22374679
269344	279	0.2237283
269344	892	0.2235522
269344	6	0.22285819
269344	267	0.22283047
269344	1444	0.22215995
269344	2961	0.2221599
269353	1294	0.1918847
269353	1514	0.19136333
269353	2221	0.19101712
269353	905	0.19033226
269353	1755	0.18992057
269353	5301	0.18992056
269353	1881	0.18959987
269353	3230	0.18959987
269353	6213	0.18952772
269353	5108	0.18911603
269378	431	0.21823435
269378	2404	0.21763732
269378	4687	0.21738452
269378	3141	0.2172701
269378	182	0.21619748
269378	5868	0.21598399
269378	2392	0.21573982
269378	1916	0.21568912
269378	3111	0.2153366
269378	2798	0.21519643
269386	2387	0.39275396
269386	1436	0.39146334
269386	1261	0.3905274
269386	1713	0.38790214
269386	448	0.38687184
269386	613	0.385032
269386	581	0.38466686
269386	2867	0.38410622
269386	434	0.38344443
269386	708	0.38344443
269439	3838	0.20324644
269439	2696	0.20324641
269439	3756	0.20324641
269439	801	0.20302887
269439	1838	0.20302883
269439	259	0.20180726
269439	2332	0.20122617
269439	4167	0.20087232
269439	3748	0.2008723
269439	1858	0.20081303
269557	965	0.18973345
269557	1396	0.18973345
269557	1747	0.18973345
269557	3678	0.18973345
269557	5604	0.1897011
269557	5953	0.18948892
269557	5414	0.1894889
269557	646	0.18948889
269557	1737	0.18945655
269557	3954	0.18945655
269702	2193	0.3252803
269702	2995	0.3252803
269702	1293	0.324812
269702	6354	0.32437128
269702	1181	0.3229636
269702	2553	0.32192633
269702	536	0.32101643
269702	5223	0.3204227
269702	3998	0.31960326
269702	287	0.3196032
269719	6493	0.26536185
269719	6127	0.26389933
269719	2691	0.2625048
269719	3583	0.26111156
269719	5693	0.26104224
269719	1691	0.25849402
269719	4773	0.25826487
269719	501	0.2582153
269719	933	0.25820383
269719	4468	0.25777376
269728	6050	0.21628064
269728	2096	0.2161054
269728	823	0.21533269
269728	3825	0.21533269
269728	6357	0.21533267
269728	2501	0.21525219
269728	6204	0.21497834
269728	6289	0.21480308
269728	4601	0.21480307
269728	2255	0.21480304
269738	6639	0.1307863
269738	6870	0.13046135
269738	5891	0.12993559
269738	5706	0.12902848
269738	4092	0.12896961
269738	1334	0.12882835
269738	5886	0.12862588
269738	5212	0.128539
269738	2907	0.12826313
269738	5932	0.12823004
269759	133	0.35115546
269759	1817	0.35115546
269759	500	0.35089636
269759	1781	0.35028112
269759	85	0.3501556
269759	3581	0.34596568
269759	3104	0.3458888
269759	3796	0.34566668
269759	6111	0.34495705
269759	693	0.34488666
269799	774	0.30227736
269799	338	0.29989085
269799	341	0.29989085
269799	5601	0.29989085
269799	1260	0.29989082
269799	373	0.29976052
269799	183	0.2981767
269799	339	0.2981295
269799	886	0.29771087
269799	2966	0.29764378
269808	1601	0.26228604
269808	3142	0.26197287
269808	930	0.26197284
269808	2918	0.25961372
269808	4026	0.25932142
269808	435	0.2590652
269808	5781	0.2576868
269808	1291	0.2572912
269808	978	0.25664788
269808	51	0.2548566
269835	6111	0.3268829
269835	448	0.32540238
269835	133	0.32508034
269835	1817	0.32508028
269835	407	0.322219
269835	710	0.32164922
269835	1781	0.32138157
269835	693	0.3209219
269835	581	0.3209067
269835	70	0.31868345
269890	5729	0.21671009
269890	6265	0.21666186
269890	895	0.21482587
269890	5064	0.21477759
269890	799	0.21435626
269890	3130	0.21430795
269890	3290	0.2136828
269890	6649	0.21365944
269890	4213	0.21357805
269890	2717	0.21323653
270069	3064	0.2945456
270069	434	0.2928549
270069	708	0.2928549
270069	487	0.29208273
270069	175	0.29092777
270069	2541	0.29085505
270069	2398	0.29004362
270069	1640	0.2900436
270069	831	0.28935942
270069	3770	0.28809345
270121	5126	0.15969408
270121	887	0.1596871
270121	2011	0.15968612
270121	5131	0.15961343
270121	5663	0.15949002
270121	1290	0.15943834
270121	4822	0.1594091
270121	5310	0.15936498
270121	1243	0.15928325
270121	3521	0.1586959
270156	5671	0.19890088
270156	2154	0.19718531
270156	1508	0.19718528
270156	5545	0.19673055
270156	4643	0.1959261
270156	4385	0.19557501
270156	6833	0.1949208
270156	1250	0.19449827
270156	6528	0.19448254
270156	5101	0.1944777
270211	1261	0.29445583
270211	3056	0.2927916
270211	611	0.29165262
270211	2883	0.29163283
270211	459	0.29125148
270211	1626	0.29032028
270211	1444	0.2892234
270211	2961	0.28922334
270211	2362	0.28554246
270211	414	0.28511408
270226	140	0.16378292
270226	279	0.162878
270226	1690	0.16284737
270226	4119	0.16270848
270226	5361	0.162607
270226	3552	0.16260697
270226	892	0.16232479
270226	141	0.16152379
270226	997	0.16149966
270226	2870	0.16149965
270326	1817	0.2465644
270326	133	0.24656437
270326	85	0.24645764
270326	1781	0.24446408
270326	6111	0.2442457
270326	500	0.24370067
270326	3796	0.24355462
270326	693	0.24290279
270326	4227	0.24279103
270326	4710	0.24210006
270339	1432	0.26360977
270339	34	0.26301444
270339	268	0.2621621
270339	187	0.26174992
270339	2963	0.26014012
270339	5042	0.2594456
270339	5406	0.25944558
270339	3846	0.25920767
270339	1035	0.25907436
270339	1665	0.2590743
270352	3507	0.22333041
270352	1617	0.22324073
270352	102	0.22269168
270352	257	0.22078112
270352	2837	0.2203982
270352	3883	0.21800874
270352	955	0.21627307
270352	1072	0.21528372
270352	1708	0.21509227
270352	3348	0.21450204
270401	2360	0.19217014
270401	2920	0.19217014
270401	3440	0.19217013
270401	636	0.19217011
270401	1023	0.19158103
270401	1772	0.19158101
270401	2231	0.19158101
270401	1033	0.19138378
270401	938	0.19138372
270401	1191	0.19111256
270554	246	0.22569114
270554	3536	0.22399062
270554	4205	0.22395024
270554	426	0.22395022
270554	1305	0.22395018
270554	207	0.22385871
270554	3090	0.22365895
270554	690	0.2230165
270554	199	0.22301647
270554	5593	0.22288457
270605	3433	0.24855939
270605	5570	0.24814391
270605	1212	0.24814385
270605	1764	0.24685645
270605	1055	0.2461599
270605	1490	0.24612081
270605	614	0.24328879
270605	1185	0.24328233
270605	2369	0.2429654
270605	1389	0.24275884
270629	1286	0.2406616
270629	5570	0.2388783
270629	1212	0.23887822
270629	604	0.23686996
270629	405	0.23623401
270629	2684	0.23616669
270629	6291	0.23599704
270629	653	0.23596767
270629	3342	0.23592968
270629	37	0.23575191
270666	2632	0.19371651
270666	641	0.19274904
270666	1569	0.19108531
270666	3882	0.19108528
270666	514	0.19029868
270666	2727	0.19021022
270666	1043	0.19007114
270666	5842	0.18930095
270666	2948	0.18896198
270666	5076	0.18873861
270715	59	0.20764771
270715	2331	0.20624118
270715	15	0.20529473
270715	644	0.20522553
270715	5835	0.2052148
270715	329	0.20480004
270715	2329	0.20435025
270715	34	0.20410213
270715	1426	0.20399687
270715	4583	0.20399684
270723	4947	0.27367318
270723	505	0.27207908
270723	3247	0.27155584
270723	4518	0.27046877
270723	4963	0.27046877
270723	3028	0.27023748
270723	4407	0.27021235
270723	2769	0.26910993
270723	5344	0.26910987
270723	6837	0.2688787
270737	1946	0.22786063
270737	5193	0.22765979
270737	1931	0.22765975
270737	4508	0.22765973
270737	1145	0.22631368
270737	1437	0.22631365
270737	3371	0.22631362
270737	4416	0.22631362
270737	525	0.22591822
270737	4758	0.22579032
270754	2687	0.2599637
270754	864	0.25927356
270754	3392	0.25927353
270754	2340	0.25750905
270754	6565	0.25725192
270754	3568	0.25725186
270754	5287	0.25656807
270754	4638	0.25656804
270754	1343	0.2547911
270754	3004	0.25454372
270801	6406	0.27463132
270801	5561	0.27440566
270801	6869	0.27428526
270801	301	0.2741735
270801	2554	0.27417344
270801	438	0.27347285
270801	1415	0.27347282
270801	6251	0.273269
270801	2458	0.27235433
270801	1402	0.2722214
270820	1268	0.24244417
270820	1527	0.2398576
270820	1961	0.23771426
270820	5352	0.23681527
270820	169	0.23609418
270820	611	0.23555797
270820	4332	0.23522548
270820	910	0.23451193
270820	2950	0.23431519
270820	202	0.23413213
270828	5217	0.2034281
270828	2531	0.20217492
270828	1919	0.20217489
270828	3975	0.20217487
270828	2899	0.20217486
270828	2110	0.20165622
270828	6230	0.20158991
270828	5770	0.20142412
270828	6576	0.2014241
270828	3633	0.20094505
270829	3281	0.1342071
270829	5290	0.13392262
270829	3073	0.1335553
270829	1538	0.13355528
270829	1378	0.1333183
270829	3200	0.13237938
270829	5284	0.13233456
270829	6020	0.13233455
270829	6846	0.13233455
270829	2029	0.13220122
270838	3402	0.20298147
270838	2472	0.2029814
270838	1452	0.20106483
270838	1597	0.20087457
270838	3206	0.20027614
270838	1460	0.20007485
270838	4008	0.19982663
270838	2519	0.19963633
270838	1098	0.19963631
270838	4486	0.19901314
270863	6093	0.20289075
270863	929	0.20289074
270863	1259	0.20278263
270863	1939	0.20278263
270863	3815	0.20278262
270863	3956	0.20278262
270863	1907	0.2027826
270863	1965	0.2027826
270863	2408	0.2027826
270863	6105	0.20278257
270897	1220	0.26170278
270897	814	0.2613002
270897	3083	0.25928733
270897	5496	0.2592745
270897	5218	0.25927448
270897	3928	0.25920233
270897	42	0.2592023
270897	1962	0.2592023
270897	1258	0.25920224
270897	3803	0.25920224
270906	1064	0.2687917
270906	3286	0.26879168
270906	394	0.26827902
270906	4212	0.2680581
270906	346	0.26749235
270906	5410	0.26727137
270906	2173	0.26727134
270906	3331	0.26727134
270906	3361	0.26727134
270906	4703	0.26699868
271000	301	0.16093156
271000	2554	0.16093153
271000	5710	0.16037594
271000	610	0.16021447
271000	1376	0.16011113
271000	6251	0.15994789
271000	3145	0.15925503
271000	438	0.15903491
271000	1415	0.15903491
271000	6869	0.1589345
271144	1516	0.23282182
271144	4312	0.23115751
271144	941	0.23105943
271144	4708	0.23069255
271144	627	0.23051356
271144	2057	0.22990653
271144	632	0.22932105
271144	3523	0.22923481
271144	5829	0.22886297
271144	860	0.22784719
271156	2360	0.21723768
271156	3440	0.21723767
271156	636	0.21723765
271156	2920	0.21723765
271156	5833	0.2165569
271156	1023	0.21646583
271156	1772	0.21646577
271156	2231	0.21646577
271156	3313	0.21541129
271156	5502	0.21541128
271176	1070	0.25688308
271176	1405	0.25317848
271176	2317	0.25226504
271176	816	0.25190723
271176	537	0.25099376
271176	2281	0.25044373
271176	1600	0.24998602
271176	988	0.24934295
271176	1643	0.24893606
271176	983	0.24892597
271195	2290	0.23628254
271195	338	0.23501891
271195	5601	0.2350189
271195	341	0.23501888
271195	1260	0.23501888
271195	2513	0.23491463
271195	3899	0.23399559
271195	4325	0.2338543
271195	3104	0.23346445
271195	2317	0.23342955
271284	841	0.21647975
271284	1986	0.21647975
271284	6453	0.21647972
271284	4590	0.2164797
271284	1364	0.21647969
271284	584	0.21621025
271284	5325	0.21591707
271284	1705	0.21591705
271284	2266	0.21577151
271284	6404	0.21519363
271306	5054	0.21487775
271306	2007	0.2142134
271306	4336	0.2138224
271306	3198	0.21301815
271306	4471	0.21219002
271306	707	0.21188563
271306	6674	0.211838
271306	831	0.21134019
271306	4768	0.21076365
271306	4269	0.20958233
271375	2866	0.18955892
271375	5639	0.18807936
271375	6808	0.18745711
271375	3774	0.18714586
271375	1612	0.18670677
271375	2863	0.18619475
271375	2236	0.18598689
271375	3487	0.18561864
271375	4136	0.18497026
271375	5417	0.1846871
271448	4269	0.21926095
271448	6674	0.2179186
271448	708	0.21685815
271448	434	0.21685812
271448	3064	0.21522497
271448	3104	0.21337691
271448	504	0.21331936
271448	1630	0.21321103
271448	338	0.21217364
271448	5601	0.21217364
271460	6278	0.2524436
271460	266	0.2522099
271460	4903	0.2522099
271460	3475	0.25220087
271460	2709	0.2517298
271460	6609	0.25111887
271460	86	0.25111884
271460	344	0.25081164
271460	1905	0.2506758
271460	4241	0.2506758
271503	2983	0.26596856
271503	2366	0.2659597
271503	6317	0.26586625
271503	2015	0.26499525
271503	4858	0.2649939
271503	824	0.26495016
271503	2006	0.2648751
271503	637	0.26459002
271503	5559	0.26390174
271503	628	0.26358047
271531	2809	0.30853993
271531	2532	0.30853987
271531	3669	0.30853987
271531	4913	0.30797547
271531	373	0.30797085
271531	2966	0.30696112
271531	5417	0.30695295
271531	6719	0.30650187
271531	1908	0.30565298
271531	625	0.30556357
271538	2387	0.26518327
271538	606	0.26493126
271538	879	0.26435667
271538	448	0.26422006
271538	1076	0.2642083
271538	708	0.2614762
271538	434	0.26147616
271538	3581	0.2603678
271538	133	0.2599712
271538	1817	0.25997117
271557	586	0.16668415
271557	5568	0.16641156
271557	5927	0.16584179
271557	6839	0.16584179
271557	3421	0.16584176
271557	4924	0.16584176
271557	4483	0.16584174
271557	6016	0.16569051
271557	1247	0.1656905
271557	5245	0.16569048
271558	3049	0.23257685
271558	4307	0.2322471
271558	1961	0.23131949
271558	5517	0.23007059
271558	973	0.22966346
271558	5288	0.22900334
271558	526	0.22896597
271558	1527	0.22874543
271558	2692	0.22700071
271558	2813	0.22699271
271587	5128	0.23938435
271587	642	0.23886628
271587	2925	0.23886624
271587	5543	0.23845637
271587	2825	0.23818329
271587	3887	0.23817408
271587	3414	0.23813319
271587	5427	0.23787685
271587	166	0.2375707
271587	2067	0.23754445
271588	5046	0.22903492
271588	181	0.22872859
271588	4308	0.22872856
271588	4241	0.22868027
271588	5597	0.22868025
271588	6205	0.22868025
271588	1905	0.22868024
271588	6319	0.22868022
271588	4903	0.22837389
271588	266	0.22837387
271622	6560	0.2563293
271622	2380	0.25548196
271622	2230	0.2554819
271622	3129	0.2554068
271622	1958	0.25527745
271622	6491	0.25443012
271622	3128	0.25423375
271622	4104	0.25410017
271622	2302	0.25399476
271622	6869	0.25355494
271659	1102	0.22016549
271659	2770	0.22000076
271659	6116	0.2196577
271659	498	0.21951368
271659	2287	0.21927008
271659	3078	0.21916856
271659	283	0.2191436
271659	2135	0.21876222
271659	1723	0.2187622
271659	483	0.21861246
271705	1737	0.23896077
271705	3954	0.23896077
271705	4230	0.23896076
271705	5166	0.23896074
271705	278	0.23896073
271705	2208	0.23896071
271705	5953	0.23774979
271705	646	0.23774974
271705	5414	0.23774973
271705	2293	0.23695919
271833	4502	0.16219723
271833	2610	0.16219719
271833	5701	0.16201924
271833	3607	0.16189775
271833	1275	0.16188502
271833	6908	0.16188498
271833	842	0.16176358
271833	6305	0.16171953
271833	2212	0.1615853
271833	5273	0.16158529
272120	6439	0.24115813
272120	4236	0.24016353
272120	6063	0.23932345
272120	2019	0.23880818
272120	5754	0.23880152
272120	3723	0.23735
272120	4303	0.23712334
272120	1422	0.2369332
272120	2605	0.23596032
272120	5112	0.23587838
272202	6839	0.24831408
272202	5927	0.24831407
272202	3421	0.24831402
272202	4924	0.24831402
272202	4483	0.248314
272202	4825	0.2470085
272202	5222	0.24667099
272202	2915	0.24667098
272202	3457	0.24667098
272202	3517	0.24667096
272225	434	0.4378255
272225	708	0.43782547
272225	3064	0.4343536
272225	341	0.43014544
272225	338	0.43014538
272225	1260	0.43014538
272225	5601	0.43014538
272225	487	0.42730355
272225	5879	0.42677814
272225	2317	0.42667353
272233	3714	0.22776234
272233	4257	0.22727397
272233	1224	0.22589584
272233	6650	0.22586218
272233	2406	0.22171089
272233	6016	0.22170699
272233	1247	0.22170693
272233	5245	0.2217069
272233	1945	0.22108674
272233	5568	0.22103357
272385	3878	0.2520635
272385	3196	0.24659851
272385	3280	0.24648999
272385	3344	0.24572958
272385	4569	0.24504247
272385	831	0.24430099
272385	2890	0.24309655
272385	2470	0.24298161
272385	2541	0.24287704
272385	2233	0.24225566
272395	1858	0.21870106
272395	1821	0.21862876
272395	1382	0.21862873
272395	90	0.21844333
272395	5968	0.21844333
272395	803	0.21836534
272395	3781	0.21796641
272395	1525	0.21790355
272395	801	0.2177039
272395	1838	0.21770382
272407	3659	0.32417893
272407	2129	0.3233521
272407	2028	0.3207606
272407	320	0.31946966
272407	2662	0.31932813
272407	3616	0.31897256
272407	144	0.31881797
272407	83	0.31851357
272407	4161	0.3184091
272407	1670	0.3171867
272423	1432	0.31813768
272423	187	0.31762832
272423	268	0.31728923
272423	34	0.31586498
272423	5304	0.31550163
272423	3297	0.3143484
272423	2467	0.3128273
272423	5042	0.31276366
272423	5406	0.3127636
272423	5321	0.31238526
272573	715	0.26278985
272573	1709	0.26023299
272573	1251	0.25887296
272573	1783	0.25861079
272573	2725	0.25803638
272573	971	0.25482607
272573	526	0.25357613
272573	1961	0.2532489
272573	1527	0.25069204
272573	4269	0.25058138
272671	4266	0.17551096
272671	6888	0.17551093
272671	5065	0.17527662
272671	6006	0.1751527
272671	4226	0.17515269
272671	2489	0.17515267
272671	3401	0.17510296
272671	178	0.17510295
272671	1623	0.17510293
272671	4459	0.17510292
272705	1436	0.3759849
272705	1713	0.37316358
272705	448	0.3725504
272705	710	0.37234393
272705	501	0.37134194
272705	6111	0.3708086
272705	2387	0.3703853
272705	613	0.3691011
272705	5404	0.3688059
272705	2362	0.36849785
272715	5906	0.33899248
272715	1220	0.33859918
272715	2014	0.3378119
272715	5740	0.33781186
272715	571	0.33774775
272715	5496	0.33749592
272715	5218	0.33749586
272715	5243	0.33730036
272715	609	0.3373003
272715	2849	0.33704847
272786	3581	0.3672694
272786	1781	0.36330318
272786	133	0.36236328
272786	1817	0.36236325
272786	5601	0.3623091
272786	341	0.36230904
272786	1260	0.36230904
272786	434	0.36129645
272786	708	0.36129645
272786	581	0.361067
272810	988	0.2264115
272810	339	0.22484104
272810	1070	0.22453159
272810	537	0.22418773
272810	3169	0.22388414
272810	480	0.22388256
272810	5879	0.22329487
272810	183	0.22328362
272810	816	0.22323082
272810	2281	0.22323036
272890	6837	0.15690097
272890	1758	0.15677595
272890	2310	0.15677015
272890	936	0.15677014
272890	1298	0.15677014
272890	3711	0.15677013
272890	1624	0.15677011
272890	3323	0.15677011
272890	5138	0.15677011
272890	3257	0.1567701
272961	4108	0.2193489
272961	1453	0.2170223
272961	2352	0.21625635
272961	5602	0.21605632
272961	996	0.21576676
272961	1743	0.21527386
272961	3177	0.21527386
272961	777	0.21415964
272961	4798	0.2140178
272961	3337	0.21396184
273063	5082	0.25344738
273063	1176	0.25344473
273063	384	0.25332695
273063	1571	0.25332695
273063	3527	0.25332695
273063	4968	0.25331932
273063	5580	0.2523627
273063	4715	0.252245
273063	1769	0.25162473
273063	6564	0.25161722
273071	2456	0.24220331
273071	3943	0.2405622
273071	1550	0.24018916
273071	5570	0.23867328
273071	1212	0.23867324
273071	1902	0.23685557
273071	1800	0.23475891
273071	1971	0.23349002
273071	1167	0.23299189
273071	3794	0.23232028
273086	3064	0.36486804
273086	708	0.3640851
273086	434	0.36408508
273086	3581	0.36124957
273086	2317	0.35937637
273086	5601	0.35859343
273086	338	0.3585934
273086	341	0.3585934
273086	1260	0.3585934
273086	3104	0.3547995
273089	338	0.19217308
273089	5601	0.19217308
273089	341	0.19217306
273089	1260	0.19217306
273089	774	0.19183694
273089	2179	0.19148603
273089	3992	0.19101444
273089	886	0.1909666
273089	340	0.19084445
273089	3104	0.19082935
273110	1617	0.25319907
273110	2710	0.24887377
273110	3507	0.24822417
273110	474	0.24762493
273110	1708	0.24546908
273110	2692	0.24512929
273110	711	0.24468969
273110	257	0.24454427
273110	162	0.24445897
273110	3280	0.24442524
273113	2047	0.1817397
273113	5224	0.1817397
273113	1292	0.18173969
273113	5952	0.18173966
273113	6850	0.18173966
273113	3822	0.18170711
273113	5292	0.18170711
273113	6152	0.18170711
273113	995	0.1817071
273113	1004	0.1817071
273167	1742	0.20016725
273167	6199	0.19777146
273167	3773	0.1975355
273167	3739	0.19721782
273167	3303	0.19700077
273167	3082	0.19700074
273167	2664	0.19661954
273167	3671	0.19661947
273167	6242	0.19632223
273167	3759	0.19595785
273190	1268	0.24468406
273190	611	0.24456632
273190	1626	0.24456446
273190	2870	0.24399579
273190	6	0.24293447
273190	1444	0.24282978
273190	2961	0.24282971
273190	3056	0.24226561
273190	451	0.24173999
273190	279	0.24144807
273197	3154	0.20706956
273197	3216	0.20706955
273197	4612	0.20706953
273197	3649	0.20682536
273197	4149	0.2066488
273197	4891	0.20594689
273197	1914	0.20576635
273197	3404	0.20552617
273197	290	0.20529267
273197	3861	0.20529266
273307	3520	0.35151762
273307	5936	0.34835333
273307	552	0.34835315
273307	2120	0.34807104
273307	2469	0.3478828
273307	404	0.3476007
273307	2503	0.3475933
273307	68	0.34714895
273307	486	0.34690097
273307	70	0.34681535
273318	703	0.2432854
273318	2692	0.2411311
273318	2813	0.24041434
273318	5517	0.24028674
273318	1101	0.23959966
273318	4549	0.23934811
273318	3691	0.23917972
273318	1272	0.23880541
273318	1882	0.23850644
273318	973	0.23770685
273336	841	0.18520041
273336	1986	0.1852004
273336	1364	0.18520036
273336	4590	0.18520036
273336	6453	0.18520036
273336	383	0.1848652
273336	907	0.1848652
273336	2750	0.18486519
273336	1396	0.18486
273336	3678	0.18485999
273344	958	0.18765862
273344	406	0.18634391
273344	951	0.1858954
273344	5792	0.18481557
273344	2432	0.18438935
273344	3368	0.18415247
273344	2620	0.18324932
273344	1193	0.18281817
273344	2318	0.18245606
273344	307	0.18245605
273440	1444	0.26459053
273440	2961	0.26459047
273440	1626	0.26412457
273440	3056	0.26381445
273440	997	0.2623422
273440	2870	0.2623422
273440	451	0.26192093
273440	540	0.2603738
273440	279	0.2603723
273440	127	0.25986308
273465	2853	0.20173143
273465	2909	0.20157471
273465	823	0.20154324
273465	3825	0.20154324
273465	6357	0.20154324
273465	4470	0.201362
273465	3830	0.20120525
273465	3828	0.20120522
273465	825	0.20087352
273465	5752	0.2007932
273507	3658	0.2270105
273507	1786	0.2256593
273507	1933	0.22529341
273507	6066	0.22449574
273507	3680	0.22436595
273507	1893	0.22425938
273507	3410	0.22425938
273507	5688	0.22425938
273507	109	0.22425935
273507	588	0.22425935
273535	3180	0.26129618
273535	2578	0.2612961
273535	4175	0.26072684
273535	6554	0.2607268
273535	4676	0.26026797
273535	4666	0.26026794
273535	3735	0.2602679
273535	5423	0.26020604
273535	5410	0.2596709
273535	2173	0.25967088
273635	1947	0.23628047
273635	693	0.23586097
273635	809	0.23553109
273635	1492	0.23417285
273635	407	0.23406424
273635	2503	0.23398887
273635	1177	0.23339607
273635	486	0.233185
273635	2991	0.23270607
273635	85	0.23252705
273718	3256	0.29656854
273718	3283	0.29641542
273718	861	0.2964154
273718	4071	0.29641536
273718	6016	0.29633936
273718	1247	0.29633927
273718	5245	0.29633927
273718	6650	0.2944783
273718	3508	0.29400614
273718	3603	0.2940061
273805	5894	0.1879373
273805	3235	0.18682995
273805	4611	0.18459699
273805	3254	0.18375441
273805	1464	0.1824033
273805	1375	0.18190098
273805	5435	0.18169047
273805	118	0.18161231
273805	5805	0.18161228
273805	2988	0.18152203
273813	1851	0.31057656
273813	160	0.31042364
273813	3616	0.31035674
273813	77	0.3097484
273813	3207	0.30937004
273813	451	0.30914527
273813	727	0.3085255
273813	692	0.30754185
273813	1854	0.30734134
273813	2337	0.30695602
273869	1592	0.28473884
273869	3062	0.28203362
273869	5792	0.28181273
273869	3909	0.281811
273869	645	0.28181094
273869	5771	0.28121752
273869	406	0.27907944
273869	957	0.2785123
273869	5184	0.27819926
273869	2413	0.2762537
273906	786	0.18666005
273906	4461	0.18503055
273906	4735	0.18489152
273906	679	0.18461752
273906	5357	0.18418807
273906	4421	0.18410589
273906	3677	0.183712
273906	3034	0.18340237
273906	1171	0.1833897
273906	5872	0.18326207
273976	478	0.28147852
273976	4506	0.28147852
273976	811	0.28147846
273976	1084	0.2806961
273976	5328	0.28069603
273976	912	0.27966398
273976	788	0.2794748
273976	1634	0.27927673
273976	5216	0.27927673
273976	2349	0.2789827
273979	6169	0.24858251
273979	526	0.24373025
273979	1796	0.24332392
273979	6382	0.24126504
273979	1961	0.2401124
273979	169	0.2399372
273979	3919	0.23978406
273979	1783	0.23973972
273979	1504	0.23926547
273979	1251	0.23882675
274004	1203	0.33241224
274004	2293	0.3316248
274004	6160	0.33161676
274004	3954	0.33070228
274004	1737	0.33070225
274004	4230	0.33070225
274004	5166	0.33070225
274004	278	0.3307022
274004	2208	0.3307022
274004	5604	0.3306942
274056	1709	0.18768902
274056	715	0.1859386
274056	2725	0.1848386
274056	1251	0.18475917
274056	589	0.18403009
274056	971	0.18313903
274056	507	0.18263659
274056	5762	0.18216133
274056	158	0.18175642
274056	4165	0.18090355
274111	1641	0.24788934
274111	1983	0.24680302
274111	3426	0.24612606
274111	6709	0.24612606
274111	1405	0.2437314
274111	574	0.24369957
274111	941	0.24240226
274111	816	0.24227019
274111	6816	0.2421698
274111	4708	0.24160261
274199	812	0.25175714
274199	4619	0.25076234
274199	5947	0.25076225
274199	6913	0.25039804
274199	2396	0.249776
274199	2911	0.24966049
274199	3143	0.24959642
274199	5256	0.24959642
274199	5830	0.24954742
274199	5564	0.24954739
274301	803	0.23476315
274301	4882	0.23455268
274301	3213	0.23455265
274301	4432	0.2345526
274301	5254	0.23399915
274301	5968	0.23383114
274301	1821	0.2335216
274301	174	0.23352158
274301	1370	0.23350982
274301	2063	0.23302314
274308	459	0.2957403
274308	20	0.29193425
274308	2867	0.29193425
274308	5815	0.29193425
274308	1708	0.29062223
274308	2362	0.28971487
274308	1602	0.28959617
274308	620	0.28941047
274308	1527	0.2887152
274308	188	0.28845096
274325	1709	0.3432984
274325	507	0.34157577
274325	589	0.34018636
274325	5762	0.33825904
274325	5205	0.3374417
274325	715	0.3369295
274325	971	0.33643174
274325	5230	0.33588865
274325	1251	0.33513564
274325	504	0.33452854
274380	133	0.2577566
274380	1817	0.2577566
274380	581	0.25749063
274380	3104	0.25725746
274380	500	0.25706878
274380	3581	0.25692123
274380	4438	0.25659943
274380	883	0.2565994
274380	4876	0.2565994
274380	1781	0.25658667
274393	458	0.24328384
274393	4286	0.24134597
274393	600	0.24077097
274393	3799	0.24068734
274393	3380	0.2403185
274393	397	0.23991275
274393	1462	0.23954977
274393	1284	0.23879409
274393	3104	0.23802453
274393	883	0.23778884
274423	2216	0.23990157
274423	3134	0.23959473
274423	2583	0.23914917
274423	4060	0.23905005
274423	2300	0.23849165
274423	4272	0.23844846
274423	5441	0.23651332
274423	2565	0.23595476
274423	638	0.23586607
274423	4147	0.23491862
274466	3943	0.28325984
274466	590	0.27812856
274466	61	0.27715087
274466	2456	0.27687985
274466	5570	0.27574533
274466	1212	0.27574527
274466	1902	0.27507538
274466	407	0.27440166
274466	500	0.27380675
274466	1291	0.2726533
274549	169	0.2543347
274549	1068	0.2542796
274549	1961	0.25374058
274549	4332	0.2528141
274549	1594	0.25276423
274549	2950	0.25242615
274549	910	0.25178373
274549	526	0.2513544
274549	170	0.24929452
274549	202	0.2491716
274618	2923	0.30086035
274618	4998	0.30066025
274618	3169	0.3006096
274618	481	0.3003886
274618	816	0.3003847
274618	1600	0.2999638
274618	2281	0.29948613
274618	1463	0.29921997
274618	622	0.29800427
274618	1405	0.29738048
274634	3774	0.25402954
274634	1612	0.25175467
274634	2866	0.24912974
274634	3484	0.24909967
274634	5382	0.24853265
274634	6808	0.2485165
274634	4912	0.24671614
274634	2863	0.24533415
274634	5639	0.24441014
274634	280	0.2440567
274656	68	0.30225828
274656	693	0.30188268
274656	6111	0.301052
274656	3520	0.30040017
274656	4247	0.30025113
274656	4710	0.29987553
274656	70	0.29986978
274656	5404	0.29986972
274656	2503	0.29963532
274656	448	0.2994804
274808	3075	0.22610565
274808	1737	0.2254039
274808	3954	0.2254039
274808	4230	0.2254039
274808	5166	0.22540388
274808	278	0.22540386
274808	2208	0.22540385
274808	1203	0.22476266
274808	356	0.22425961
274808	5604	0.22295979
274881	2310	0.22642982
274881	936	0.22642979
274881	1298	0.22642979
274881	3323	0.22642976
274881	1624	0.22642975
274881	3711	0.22642975
274881	5138	0.22642975
274881	3257	0.22642973
274881	1758	0.22634292
274881	294	0.22627795
274925	1677	0.23966375
274925	6470	0.23709035
274925	6899	0.23667112
274925	4220	0.23509741
274925	3666	0.23486602
274925	5440	0.23486602
274925	3719	0.23486598
274925	6436	0.23482037
274925	4374	0.23434076
274925	1556	0.23375745
274979	923	0.1540448
274979	865	0.15404478
274979	3868	0.15352863
274979	1278	0.15307385
274979	876	0.15292124
274979	6398	0.15292121
274979	874	0.1525056
274979	5577	0.15234856
274979	1280	0.15228343
274979	6783	0.15128782
275020	965	0.24451798
275020	1396	0.24451798
275020	3678	0.24451798
275020	1747	0.24451797
275020	5604	0.24437973
275020	5953	0.24280903
275020	5414	0.242809
275020	646	0.24280898
275020	6160	0.24269904
275020	1737	0.24267074
275075	3064	0.30187798
275075	708	0.30024996
275075	434	0.30024993
275075	2398	0.29638857
275075	1640	0.29638854
275075	5815	0.29377306
275075	20	0.29377303
275075	2867	0.29377297
275075	2317	0.2889756
275075	3581	0.2883761
275111	4991	0.2298744
275111	4473	0.22668158
275111	722	0.22668153
275111	2075	0.22497691
275111	2284	0.2243953
275111	5782	0.22349562
275111	551	0.22333172
275111	6270	0.22293712
275111	6191	0.22158712
275111	5175	0.22143003
275154	4968	0.36691248
275154	1492	0.36579308
275154	2503	0.36464116
275154	210	0.3643016
275154	1205	0.3643016
275154	1947	0.36335498
275154	1177	0.36294478
275154	2555	0.3628756
275154	213	0.36287558
275154	2044	0.36266622
275210	501	0.31276405
275210	3855	0.3090217
275210	1510	0.30794853
275210	4180	0.30794844
275210	2362	0.3075786
275210	1750	0.30690467
275210	1411	0.3063206
275210	4913	0.30419105
275210	2533	0.30402234
275210	459	0.30133268
275220	1110	0.2159235
275220	2974	0.21592347
275220	1427	0.21592344
275220	5628	0.21542794
275220	5849	0.2154279
275220	3969	0.21542785
275220	447	0.21506533
275220	2370	0.21454024
275220	3730	0.21445918
275220	1785	0.21427192
275228	6899	0.17006135
275228	1556	0.16953118
275228	3716	0.16953118
275228	1417	0.16953115
275228	201	0.16953114
275228	1029	0.16953114
275228	6811	0.16943401
275228	2668	0.16943398
275228	3666	0.16916811
275228	3719	0.16916808
275264	5161	0.16136122
275264	2569	0.16129683
275264	3699	0.16129681
275264	5637	0.16129681
275264	3378	0.16085748
275264	4418	0.16075885
275264	510	0.16075882
275264	3211	0.16072187
275264	633	0.16050224
275264	3595	0.16048779
275306	4235	0.22373226
275306	5864	0.22286206
275306	227	0.22282457
275306	6158	0.22219332
275306	6650	0.22162738
275306	978	0.22150478
275306	61	0.22121571
275306	1430	0.2204892
275306	862	0.22030473
275306	590	0.2197315
275318	5248	0.14222658
275318	4600	0.14203465
275318	3171	0.14183356
275318	5756	0.14180751
275318	6195	0.14161322
275318	2716	0.14142032
275318	924	0.1414111
275318	3872	0.14121921
275318	1489	0.1411755
275318	6531	0.14101185
275383	157	0.22000387
275383	54	0.21991637
275383	1779	0.2184521
275383	1055	0.21835881
275383	1773	0.21779776
275383	5140	0.2173457
275383	657	0.21606778
275383	606	0.21600898
275383	4867	0.21587804
275383	2369	0.2154762
275401	774	0.302681
275401	3581	0.30256173
275401	373	0.3024315
275401	625	0.3023721
275401	3992	0.3019631
275401	5601	0.30111873
275401	1260	0.3011187
275401	338	0.30111867
275401	1574	0.30110377
275401	2966	0.3002706
275439	2732	0.41128245
275439	6250	0.41032544
275439	267	0.4098649
275439	147	0.40964782
275439	4513	0.40964776
275439	1725	0.40869072
275439	1094	0.4086907
275439	1045	0.40869066
275439	3336	0.40823025
275439	159	0.40775284
275476	2503	0.19480276
275476	1492	0.19447622
275476	1947	0.19347937
275476	2991	0.19306865
275476	1177	0.19246742
275476	693	0.19205257
275476	3520	0.19170175
275476	68	0.19106546
275476	2044	0.19077799
275476	404	0.19062826
275481	5210	0.24128233
275481	2678	0.23981428
275481	5614	0.23900798
275481	761	0.2387087
275481	514	0.23740357
275481	893	0.23694414
275481	1043	0.23632377
275481	6424	0.23557755
275481	961	0.23525482
275481	1727	0.23509586
275520	1783	0.23630579
275520	6259	0.23491669
275520	1630	0.23396108
275520	352	0.23364097
275520	715	0.23271799
275520	1709	0.23237811
275520	730	0.232377
275520	504	0.23164904
275520	2823	0.23087606
275520	689	0.23082677
275611	1528	0.18186566
275611	4501	0.18186566
275611	184	0.1818656
275611	71	0.1816676
275611	1226	0.1816676
275611	5057	0.1816676
275611	1333	0.18166758
275611	2428	0.18166757
275611	2460	0.18166757
275611	4096	0.18166757
275638	6799	0.28431484
275638	6025	0.2843148
275638	1077	0.28345972
275638	6339	0.2834597
275638	3499	0.2829306
275638	4697	0.28293055
275638	2851	0.28266066
275638	4056	0.28189224
275638	635	0.28180555
275638	2199	0.28130856
275673	776	0.21649717
275673	621	0.21555465
275673	3417	0.21501519
275673	775	0.21404833
275673	2611	0.21317734
275673	3941	0.21266134
275673	4937	0.21157244
275673	3005	0.21144038
275673	3269	0.21108565
275673	2158	0.21063317
275732	6017	0.20524931
275732	2939	0.20431565
275732	5305	0.2037378
275732	4898	0.2036819
275732	4472	0.20252617
275732	6622	0.20237346
275732	4463	0.20229474
275732	2087	0.20193271
275732	743	0.20192742
275732	2089	0.2014008
275758	4987	0.1820792
275758	470	0.18160008
275758	4851	0.18133068
275758	4465	0.18133065
275758	5116	0.18123874
275758	1021	0.18085164
275758	6696	0.180762
275758	3869	0.1802431
275758	4973	0.17973378
275758	986	0.17944789
275761	6212	0.18683857
275761	2715	0.1863917
275761	783	0.18619916
275761	5846	0.186042
275761	5984	0.18604198
275761	6197	0.18598244
275761	1010	0.18584943
275761	3017	0.18584938
275761	5978	0.18583846
275761	5980	0.18583846
275922	68	0.3162605
275922	1947	0.3141467
275922	809	0.31398538
275922	693	0.31359237
275922	882	0.31344396
275922	4782	0.3134439
275922	3520	0.31327248
275922	5936	0.31311113
275922	552	0.313111
275922	210	0.31268573
275970	3448	0.27134472
275970	4961	0.2711134
275970	5854	0.2710883
275970	6854	0.27020606
275970	4425	0.26980454
275970	1976	0.26975885
275970	787	0.26947585
275970	1216	0.26931572
275970	5746	0.26931566
275970	4813	0.2686873
275994	3643	0.24679802
275994	1061	0.24666157
275994	605	0.24476662
275994	3183	0.24443133
275994	3838	0.2428721
275994	3756	0.24287207
275994	2696	0.24287206
275994	6074	0.24253282
275994	994	0.24237394
275994	1072	0.24234317
276017	4221	0.28826043
276017	536	0.2872768
276017	455	0.28722307
276017	4105	0.28721267
276017	4625	0.28649682
276017	1192	0.28641838
276017	1238	0.2861182
276017	3455	0.28605402
276017	2279	0.2860398
276017	5817	0.28603968
276038	2216	0.29438537
276038	5441	0.29050797
276038	2300	0.28938466
276038	2583	0.28872818
276038	4060	0.28839594
276038	2890	0.2861596
276038	1459	0.28333643
276038	3878	0.2824598
276038	3214	0.28240448
276038	805	0.28202525
276050	1601	0.30753624
276050	51	0.30529305
276050	5781	0.30528247
276050	2494	0.3033178
276050	781	0.30311424
276050	6782	0.30156597
276050	4949	0.29925534
276050	1266	0.2989161
276050	214	0.29820856
276050	235	0.2980349
276071	3336	0.27068853
276071	6918	0.269777
276071	3194	0.2693739
276071	1064	0.26935816
276071	3286	0.2693581
276071	168	0.2692725
276071	1458	0.26927245
276071	6544	0.26927245
276071	541	0.26927236
276071	1094	0.26910204
276165	4332	0.2787878
276165	2063	0.27842024
276165	170	0.2784202
276165	1961	0.27841246
276165	910	0.27719676
276165	1268	0.27705318
276165	1527	0.27617243
276165	5352	0.2755698
276165	169	0.27556363
276165	202	0.2752999
276167	6157	0.19445395
276167	5663	0.19384885
276167	6514	0.19377066
276167	2054	0.19377065
276167	3345	0.19300617
276167	2895	0.19281259
276167	368	0.192757
276167	3067	0.19266373
276167	386	0.19244498
276167	2438	0.19244497
276231	1229	0.28378057
276231	6250	0.28358632
276231	140	0.2833827
276231	2732	0.2829879
276231	1045	0.28283834
276231	1094	0.28283834
276231	1725	0.28283834
276231	147	0.28224003
276231	4513	0.28223997
276231	267	0.28126916
276291	4258	0.20147312
276291	6096	0.20147312
276291	3569	0.20147309
276291	4440	0.20146054
276291	4929	0.20146054
276291	1095	0.20146053
276291	2652	0.20061326
276291	4567	0.20061326
276291	47	0.20061323
276291	4349	0.2006132
276307	3121	0.29565537
276307	2932	0.2951175
276307	5164	0.29343164
276307	1414	0.29309648
276307	5917	0.29309645
276307	6302	0.29309645
276307	956	0.2930147
276307	2953	0.2930147
276307	2851	0.29289448
276307	5901	0.29187688
276313	487	0.3257522
276313	1264	0.3216859
276313	20	0.32092047
276313	5815	0.32092047
276313	2867	0.32092044
276313	158	0.32055473
276313	739	0.31968075
276313	2541	0.31849647
276313	2007	0.3183482
276313	175	0.31824476
276328	1286	0.278938
276328	1289	0.27788305
276328	3342	0.27733457
276328	426	0.27679604
276328	4205	0.27679604
276328	1305	0.27679598
276328	6291	0.27577814
276328	5593	0.27427763
276328	3090	0.2739044
276328	1932	0.27360314
276463	397	0.23869698
276463	2009	0.23839658
276463	4868	0.23828164
276463	1428	0.23814817
276463	482	0.23677121
276463	628	0.23663771
276463	2179	0.23630202
276463	5662	0.23507878
276463	1355	0.23475727
276463	886	0.23406108
276521	2714	0.20446762
276521	3586	0.20399609
276521	3976	0.20258185
276521	2214	0.2021143
276521	3135	0.20179293
276521	4007	0.20108372
276521	2546	0.20088421
276521	5430	0.20074016
276521	75	0.20068437
276521	564	0.19922203
276563	4093	0.24979493
276563	4276	0.24979487
276563	881	0.24979484
276563	5556	0.24979484
276563	6468	0.24979484
276563	4159	0.24979483
276563	5776	0.24979483
276563	1001	0.24946085
276563	4151	0.24946082
276563	5603	0.24946082
276641	5387	0.24553478
276641	5454	0.2452429
276641	2229	0.24472183
276641	968	0.24259897
276641	2765	0.2425519
276641	1050	0.24205896
276641	4870	0.24118257
276641	1529	0.24074796
276641	6382	0.24056855
276641	5023	0.23956048
276670	406	0.4120402
276670	1389	0.41194886
276670	2432	0.41077298
276670	3705	0.4038288
276670	420	0.40205595
276670	1490	0.4015034
276670	5792	0.4012835
276670	958	0.40078124
276670	1193	0.3978052
276670	951	0.39611393
276680	1952	0.4042208
276680	5833	0.40168393
276680	5001	0.401584
276680	415	0.39992273
276680	3482	0.39988932
276680	2024	0.39962608
276680	314	0.39922708
276680	4433	0.3991813
276680	412	0.39888465
276680	2360	0.398228
276681	637	0.25879008
276681	2366	0.2583885
276681	6317	0.25819072
276681	4858	0.2576924
276681	2983	0.2567082
276681	1397	0.25657147
276681	2006	0.25624043
276681	628	0.2562083
276681	4227	0.25580862
276681	824	0.2558067
276688	3277	0.24520695
276688	3837	0.24388534
276688	795	0.24343148
276688	3500	0.24343148
276688	2597	0.24343143
276688	2619	0.24201135
276688	6853	0.24201135
276688	3276	0.24121039
276688	2164	0.24103236
276688	5595	0.24073434
